"Age","Benefit","NetSinglePremium","Die","SurviveYears"
45,1233,310.607765965092,77,32
89,8672,7079.4053948015,89,0
30,7787,1091.01881973766,87,57
88,3514,2830.27900086819,92,4
46,8943,2339.07803965156,89,43
20,4280,403.117896433346,67,47
0,5548,358.579296693092,71,71
39,1723,344.676954833116,72,33
93,7270,6253.32100049054,98,5
26,5603,669.269406722788,73,47
52,9682,3151.61994867755,82,30
94,6742,5881.97182173454,94,0
84,1049,796.489433388966,86,2
79,5572,3874.05243012218,81,2
78,6114,4168.00688533209,81,3
66,5830,2972.49170979168,85,19
68,1218,656.202849395288,70,2
2,7040,349.049484181403,81,79
29,5077,683.524419181223,69,40
15,1782,138.1975418774,52,37
78,2037,1388.65391321908,79,1
75,9119,5835.16296473905,80,5
8,7951,475.145799569336,78,70
26,3586,428.341976174892,76,50
90,9046,7482.25622012188,90,0
20,5971,562.387140094278,75,55
18,6042,526.207878083751,83,65
0,2249,145.357757437412,72,72
87,5419,4304.28536721983,92,5
43,9210,2150.44914856693,47,4
55,7443,2689.04622234277,81,26
32,2433,369.160989549285,72,40
71,8877,5169.51469755313,84,13
18,7881,686.369461631585,40,22
35,9680,1654.53515768053,81,46
14,7257,541.66847785646,78,64
42,2884,648.058249421957,95,53
68,6371,3432.40423111443,78,10
65,6707,3323.54898264032,88,23
38,4901,942.8055434029,86,48
18,8010,697.604287231189,27,9
32,4159,631.048317112813,76,44
48,6444,1815.3995350373,91,43
4,4711,246.789596086578,74,70
67,6366,3337.53310943584,85,18
21,3259,319.273445973978,47,26
12,3543,245.146700556204,90,78
50,3229,978.531520125216,76,26
51,8425,2646.60148666911,78,27
88,4498,3622.82155546532,91,3
80,1054,746.863967927906,93,13
75,6629,4241.83521145467,86,11
9,4642,287.48434254807,74,65
15,2071,160.610050071883,82,67
19,2355,213.278406755073,33,14
35,8946,1529.07763642666,86,51
56,5715,2135.91378347473,64,8
26,1560,186.339509992424,74,48
12,3794,262.513853206389,80,68
29,5295,712.874098791526,71,42
61,7083,3113.12553016512,74,13
76,7040,4604.16332454146,86,10
25,2116,242.88183104528,95,70
25,2214,254.130611500118,71,46
69,8391,4642.55335567611,79,10
51,6895,2165.9723739565,68,17
46,2548,666.439767978552,90,44
19,6700,606.779331320165,84,65
21,6562,642.857426352023,87,66
36,4542,807.643245317719,80,44
54,5431,1895.92740834774,84,30
90,6178,5110.03525623624,93,3
31,6598,962.029309508779,87,56
84,9871,7494.89723258578,94,10
94,9199,8025.55010206705,98,4
24,1684,185.76608978508,75,51
70,2654,1506.98408482995,76,6
80,9337,6616.19437243155,80,0
37,6129,1133.63989961132,75,38
50,5333,1616.13768870479,78,28
76,1675,1095.4507909953,85,9
99,1394,1327.61904761905,99,0
21,4113,402.937000089282,63,42
89,3680,3004.17572104123,96,7
12,6284,434.801542843687,88,76
66,5802,2958.21559180297,87,21
94,9498,8286.40883459429,99,5
76,9151,5984.75832143166,95,19
40,5981,1243.97437259123,83,43
57,8777,3391.80958477665,82,25
76,6684,4371.33915642544,89,13
29,2908,391.508570214496,57,28
77,2998,2002.51282946961,98,21
64,9117,4388.15566848096,81,17
28,3356,434.152784582528,53,25
98,9567,8970.41732734245,98,0
23,7967,844.703883048861,74,51
53,8657,2918.87244220852,70,17
60,8194,3490.12093625862,84,24
84,2613,1984.01038078681,91,7
69,4031,2230.26249275776,77,8
85,8814,6797.71885987369,87,2
45,5193,1308.18015300626,61,16
60,7332,3122.96396200247,72,12
43,2165,505.507318854224,57,14
19,9027,817.521943854795,66,47
57,1743,673.570024640049,83,26
2,2457,121.820253215015,56,54
68,3474,1871.63275763484,78,10
7,4777,275.683405588461,72,65
42,2104,472.785907345283,85,43
81,4029,2907.65084946044,83,2
34,2516,413.338733181297,63,29
6,3694,206.114204190817,84,78
47,6847,1858.90514239643,89,42
34,1314,215.869274801361,82,48
36,7100,1262.49824785465,66,30
56,5697,2129.18649596772,88,32
76,4908,3209.8343177343,93,17
12,5979,413.698030659199,80,68
47,9012,2446.68513849519,79,32
17,6794,569.136355050148,47,30
40,1024,212.979394337639,68,28
47,5673,1540.17363411931,64,17
96,1679,1517.14649442337,96,0
5,6395,345.466281963609,82,77
83,3332,2489.11913244802,91,8
57,7401,2860.06411495181,82,25
0,7213,466.191865004916,77,77
32,8422,1277.87663542297,81,49
24,5204,574.065754894035,92,68
82,4006,2942.39014008979,85,3
6,6324,352.860375555691,77,71
46,5611,1467.57988152577,73,27
88,4253,3425.49134624144,91,3
8,5980,357.360317120441,80,72
93,5119,4403.1293262051,94,1
28,5135,664.295157577854,80,52
35,2715,464.056090196554,70,35
69,4829,2671.77811399832,82,13
68,1936,1043.0285028155,81,13
40,5556,1155.57960443352,49,9
71,5411,3151.09203880365,71,0
52,4497,1463.83339281171,78,26
88,3369,2713.49173418467,97,9
64,2587,1245.16383836352,81,17
9,3429,212.361872166595,74,65
81,6063,4375.54904449706,82,1
80,8128,5759.49746804366,87,7
32,7482,1135.24970152394,62,30
42,4653,1045.56693292662,73,31
12,4100,283.686557234105,31,19
67,7131,3738.60329930678,68,1
31,6381,930.389364046001,83,52
29,1925,259.165748852443,79,50
60,6128,2610.13681930593,83,23
14,8587,640.940777091556,91,77
30,3436,481.410127728083,69,39
19,8371,758.111907833,96,77
72,6859,4093.78360292112,82,10
72,8306,4957.42332787036,87,15
78,3366,2294.65344717498,98,20
96,8925,8064.64113325107,96,0
3,5230,266.217587893562,72,69
85,5909,4557.26352881707,94,9
91,8971,7516.70513661022,91,0
87,9202,7309.10388432495,89,2
72,7803,4657.20855133306,84,12
10,5341,343.064583335994,83,73
2,2114,104.8140070397,88,86
24,7839,864.738941701449,79,55
80,8572,6074.11568603227,89,9
12,4410,305.136028634733,75,63
2,1405,69.6611541583623,68,66
71,7193,4188.83848366561,75,4
60,5085,2165.88539917929,71,11
39,9846,1969.63975466446,74,35
14,2330,173.91312572765,79,65
81,4747,3425.81746894731,88,7
81,1885,1360.36779628516,84,3
64,6466,3112.1876222878,96,32
5,4961,267.999722411488,81,76
37,5696,1053.55080244511,72,35
4,2240,117.344235880691,86,82
94,5083,4434.59845296302,94,0
9,5094,315.477216919403,66,57
61,4848,2130.79663564034,82,21
33,7409,1169.77512158997,74,41
74,7604,4757.40580918361,87,13
26,1638,195.656485492045,79,53
85,2782,2145.59267848521,89,4
16,3578,288.361299855833,72,56
82,9379,6888.83602693513,83,1
47,5920,1607.23213713843,89,42
51,7807,2452.46502153421,84,33
75,8492,5433.95151843009,90,15
34,4438,729.092725698966,68,34
28,1850,239.327369331846,98,70
46,5493,1436.71650137605,99,53
90,1258,1040.53485793868,93,3
53,1236,416.740942424596,79,26
63,5360,2504.34410332401,91,28
11,9281,618.583508895703,70,59
92,6272,5323.66018965938,96,4
6,6359,354.813271372334,88,82
62,8179,3707.46438008125,79,17
42,5430,1220.16515061069,92,50
13,5982,429.825833493383,75,62
57,7537,2912.62035324845,85,28
31,7185,1047.6175490786,69,38
62,6214,2816.74821589741,88,26
79,7455,5183.24854030166,85,6
32,3162,479.772728711401,81,49
64,4223,2032.59640100857,68,4
15,3585,278.023674315646,75,60
44,2031,492.638586151456,96,52
86,2389,1870.36617610353,93,7
47,6505,1766.05490744688,88,41
15,5936,460.348265198793,89,74
93,9316,8013.19648425996,94,1
14,4847,361.784086009407,90,76
72,9834,5869.40777826597,88,16
48,9032,2544.48923036265,95,47
61,7763,3411.99964572524,64,3
98,5413,5075.45406009247,99,1
22,4850,494.278518229232,71,49
50,8627,2614.36711803042,65,15
27,9996,1242.58948934687,99,72
75,9925,6350.91483989857,81,6
95,6690,5930.37971560972,96,1
95,8210,7277.79035353599,99,4
78,1429,974.171056450696,94,16
45,8792,2214.81222900656,65,20
41,9499,2053.76068840671,71,30
56,1173,438.394902539957,72,16
82,9358,6873.41161531709,88,6
9,5892,364.898265035164,83,74
42,3313,744.458037564127,71,29
45,1327,334.287514546372,80,35
11,7640,509.209999780538,62,51
36,4595,817.067528012972,84,48
94,4652,4058.57800574148,95,1
56,9209,3441.75503622376,74,18
72,7984,4765.23812300951,74,2
5,9391,507.314128838195,70,65
15,4161,322.693586841674,81,66
22,5950,606.382924425553,93,71
78,2091,1425.46653536627,80,2
77,8588,5736.35096046864,89,12
25,7744,888.883222880268,74,49
43,1283,299.568540457261,87,44
78,8356,5696.41241966551,95,17
21,9271,908.249192275161,63,42
97,7375,6793.8636076605,98,1
54,7509,2621.34393468665,98,44
50,4428,1341.88218368364,91,41
81,8012,5782.10439460835,82,1
92,1061,900.574531445887,94,2
76,1157,756.678546377055,77,1
84,7944,6031.75601414866,91,7
59,1461,602.740214555363,72,13
97,2868,2642.00689176547,98,1
52,3184,1036.43440576217,84,32
76,6279,4106.46896516986,88,12
67,6363,3335.96028516184,78,11
13,2096,150.60430407926,47,34
29,3873,521.428023535331,84,55
19,7152,647.71429516445,75,56
90,1545,1277.92238117271,91,1
76,4848,3170.59428940014,80,4
84,8101,6150.96367958438,85,1
96,5583,5044.80576436311,96,0
93,2928,2518.53148410403,99,6
9,3667,227.101483008137,84,75
42,1251,281.10987171528,85,43
32,4005,607.681776878292,58,26
51,4666,1465.76172543597,82,31
23,8415,892.203235327747,80,57
93,5980,5143.72208843651,93,0
57,5280,2040.41866328139,78,21
62,8840,4007.08951215531,77,15
32,1351,204.988284784662,62,30
48,8840,2490.39911386247,80,32
88,1396,1124.3794778634,89,1
22,8540,870.337844469617,75,53
79,2766,1923.12078638154,88,9
5,9229,498.562676503855,88,83
82,8780,6448.8730479252,82,0
16,1803,145.308950150941,63,47
71,3556,2070.83409535867,76,5
17,1879,157.404652802359,80,63
8,3502,209.27689474177,85,77
3,6130,312.029409902014,81,78
59,1876,773.949789531733,64,5
41,2300,497.27861704763,81,40
63,8456,3950.88316002011,67,4
99,1915,1823.80952380952,99,0
5,8936,482.734432467054,75,70
43,9396,2193.87841475949,83,40
27,6674,829.636079621952,85,58
87,4458,3540.96773704853,89,2
3,7760,394.999709761767,79,76
87,5778,4589.43732271566,96,9
89,1599,1305.34700487634,93,4
16,6036,486.458581869706,46,30
31,3029,441.646980676279,73,42
13,6527,468.985826681931,75,62
84,9928,7538.17644869939,95,11
68,4548,2450.2549745893,92,24
93,1654,1422.69503917625,95,2
68,7710,4153.79636193569,91,23
19,2594,234.923221708135,81,62
14,4733,353.275031789255,57,43
68,1880,1012.85825686629,84,16
54,1653,577.051741115599,78,24
70,1264,717.719624425416,73,3
56,3889,1453.46783970835,79,23
99,1101,1048.57142857143,99,0
6,6221,347.113282152428,55,49
42,8939,2008.66598182485,76,34
19,8508,770.519186697308,78,59
54,5335,1862.41442156789,65,11
49,9295,2716.3544476015,64,15
35,2454,419.445173238432,71,36
72,9947,5936.85165450595,78,6
2,3390,168.079226047579,87,85
78,9620,6558.10046399979,95,17
87,4310,3423.41205623131,89,2
31,4297,626.529242643107,90,59
54,1505,525.385886496659,86,32
22,8527,869.012974214569,87,65
67,7252,3802.04054502493,91,24
42,1939,435.709065752141,84,42
54,5700,1989.83359005379,93,39
78,9990,6810.33509723055,82,4
32,7761,1177.58258935142,53,21
43,7108,1659.65174245535,94,51
62,3468,1572.01203938401,76,14
91,7983,6688.87048328607,98,7
46,5293,1384.40568756298,99,53
82,7449,5471.25914965772,90,8
23,1473,156.175325684821,80,57
5,2654,143.372558613201,83,78
62,4446,2015.33031346635,75,13
70,2966,1684.14272630204,85,15
1,4814,233.155398919066,73,72
95,7294,6465.798153312,97,2
61,4604,2023.55357064524,96,35
69,5652,3127.1256782602,74,5
49,3384,988.934206636199,74,25
92,1534,1302.05592011121,92,0
14,8066,602.052906488936,92,78
81,6052,4367.61055868319,90,9
8,2798,167.20638249214,75,67
22,3576,364.441233234584,93,71
41,5447,1177.68549002541,67,26
54,3752,1309.7992333126,73,19
16,2063,166.263097149967,76,60
92,5320,4515.60462515751,92,0
86,3135,2454.4152206298,97,11
56,2576,962.749589891671,84,28
3,1494,76.0476245340309,85,82
17,7866,658.938264472249,72,55
90,3912,3235.74909718293,95,5
79,8382,5827.76515959872,80,1
72,7968,4755.68854761269,92,20
31,1239,180.653882158438,73,42
12,2363,163.500325547364,90,78
97,1899,1749.36230385726,97,0
83,1846,1379.02578586406,87,4
21,7170,702.421174480952,50,29
11,8924,594.789271994964,85,74
87,6907,5486.19653651732,90,3
74,9686,6059.9990357381,75,1
76,6676,4366.10715264756,86,10
53,9829,3314.03456560789,59,6
60,8328,3547.19638237269,88,28
20,4739,446.349465233091,73,53
34,2968,487.595135167762,87,53
55,1477,533.618335402428,81,26
60,9668,4117.95084351334,83,23
53,5523,1862.18464806719,86,33
45,9457,2382.33385460817,77,32
52,4083,1329.07087899715,71,19
43,4781,1116.31893369148,69,26
47,1880,510.404800307475,87,40
87,3142,2495.67533194403,97,10
55,8786,3174.25233232615,85,30
49,7452,2177.75936993291,91,42
2,7107,352.371403988243,48,46
89,4108,3353.57441903189,93,4
53,8029,2707.13028052353,64,11
22,5612,571.936297794319,84,62
71,7802,4543.48920472113,80,9
52,7902,2572.20624193865,80,28
9,9281,574.782891682171,69,60
86,2046,1601.82888083208,92,6
63,8792,4107.87189485535,87,24
5,2865,154.771055172125,69,64
33,1544,243.775514608572,74,41
48,8606,2424.47678437787,93,45
9,7961,493.033789535801,84,75
28,5116,661.837200811744,66,38
94,6987,6095.71894370502,94,0
38,6755,1299.45958899951,66,28
18,9480,825.629044063879,73,55
60,6424,2736.21392415492,83,23
25,5993,687.897359855559,88,63
12,5016,347.066285630798,82,70
89,1904,1554.33439479959,89,0
59,6030,2487.69575206628,64,5
63,6101,2850.560331041,65,2
91,8200,6870.6924668603,96,5
75,7197,4605.29310858942,94,19
31,2677,390.323198174447,73,42
66,8103,4131.40657366072,73,7
37,5429,1004.1656085805,59,22
87,6736,5350.37206746499,89,2
4,2664,139.555823386679,55,51
13,3550,255.078854714395,97,84
14,5068,378.279708664261,21,7
22,4955,504.979393366153,84,62
52,1337,435.211306690961,67,15
32,1961,297.544061038285,53,21
93,2625,2257.90476290064,94,1
79,8535,5934.14168899727,80,1
72,7833,4675.11400520209,94,22
77,3986,2662.44701076246,92,15
39,4084,816.982404839492,94,55
47,2874,780.2677638743,73,26
14,9228,688.785546873283,73,59
97,1432,1319.16104219252,97,0
19,1937,175.422621607039,79,60
98,7618,7142.95382039247,99,1
65,5584,2767.06389131707,84,19
47,7113,1931.12199180163,92,45
66,5375,2740.50479247518,79,13
2,2181,108.13592684654,85,83
84,2017,1531.47682282702,85,1
90,2092,1730.36480350376,90,0
18,2813,244.988871408406,67,49
69,8830,4885.4422751305,69,0
47,3137,851.670137534335,74,27
46,5429,1419.97704095587,84,38
54,7434,2595.16191376489,72,18
42,7882,1771.14948749787,78,36
42,8585,1929.11930349775,63,21
94,4795,4183.33652999364,97,3
38,6284,1208.853302335,85,47
93,1655,1423.55519337164,94,1
70,7020,3986.06943312217,83,13
2,5446,270.017541314193,49,47
18,4839,421.4365974921,64,46
42,8945,2010.01423061006,60,18
75,1632,1044.30156359844,94,19
2,4392,217.759280472261,83,81
13,2449,175.968483153677,53,40
40,8725,1814.69259335537,72,32
60,8597,3661.77321076585,79,19
15,6084,471.825951056175,84,69
22,5136,523.425663840275,72,50
63,2567,1199.3752450061,78,15
49,1500,438.357361097606,77,28
59,7672,3165.10809450291,71,12
14,2177,162.493079274289,58,44
96,3339,3017.1245651457,97,1
78,3215,2191.71444820783,93,15
7,6430,371.078982192549,94,87
30,3675,514.895872933849,76,46
28,6092,788.09855890249,91,63
19,8804,797.326154170557,75,56
19,6094,551.897499263445,62,43
20,8743,823.47190853195,63,43
43,5488,1281.39684335888,79,36
51,1400,439.791344965786,87,36
1,6738,326.340066040023,95,94
16,9815,791.019049213247,83,67
41,3897,842.562943754179,90,49
55,5899,2131.22177423082,70,15
48,4593,1293.93700565275,80,32
59,9243,3813.22916025683,62,3
44,2827,685.716042860742,79,35
6,6955,388.068297278595,68,62
56,5902,2205.80282590863,85,29
13,6199,445.417977570291,96,83
32,7989,1212.17720736097,81,49
32,6419,973.959881593448,88,56
88,7092,5712.10548496221,95,7
86,7363,5764.54841132287,95,9
13,8490,610.033655359215,94,81
22,2758,281.076320263138,82,60
98,3844,3604.29436670893,98,0
65,6806,3372.60688472492,76,11
90,7094,5867.6902084396,91,1
56,1115,416.718087239601,72,16
16,8499,684.958828248944,83,67
20,9152,861.994156111679,83,63
43,7711,1800.44662156348,81,38
88,8183,6590.82898807752,92,4
97,6297,5800.80801863569,97,0
15,5956,461.899303828169,91,76
42,9306,2091.13386585324,98,56
73,7420,4535.77326321045,86,13
51,9437,2964.50780174438,75,24
77,2053,1371.30047995367,79,2
93,4697,4040.14425575022,97,4
84,7673,5825.98991648574,91,7
75,7718,4938.6761445176,95,20
97,7246,6675.02856964176,98,1
45,7603,1915.28860067526,79,34
74,8603,5382.42532567157,75,1
80,9876,6998.12955147628,81,1
15,7167,555.814692836885,74,59
21,4817,471.905550554358,38,17
50,8189,2481.63351449532,64,14
91,9803,8213.82905519897,95,4
74,2167,1355.7730652947,76,2
68,8312,4478.12650588968,84,16
15,1320,102.368549538815,80,65
58,1858,742.06017725598,89,31
12,2423,167.651836141033,16,4
68,6473,3487.35717909335,80,12
65,6410,3176.37527638653,80,15
93,1744,1500.10891676142,94,1
89,1487,1213.91556988813,94,5
23,8872,940.656815665808,74,51
62,7327,3321.26073026719,65,3
44,5187,1258.15674365712,94,50
81,7608,5490.54546108092,92,11
29,9948,1339.31473744629,53,24
40,4918,1022.88345835206,65,25
4,5285,276.859056531005,83,79
43,5072,1184.26472112177,79,36
29,2559,344.522156526443,76,47
64,3464,1667.27774877899,92,28
58,2649,1057.97492440855,84,26
22,9414,959.40989084742,63,41
23,7984,846.506313827301,40,17
22,2785,283.827973869775,62,40
49,8406,2456.55465159098,77,28
4,1249,65.429888667403,72,68
67,9732,5102.24194486798,97,30
22,2516,256.413350899948,88,66
53,5897,1988.28587174583,77,24
81,2114,1525.63263731928,83,2
76,8348,5459.59594222615,90,14
55,5313,1919.50860933859,92,37
58,3625,1447.77618006078,81,23
60,1098,467.677909203315,93,33
64,8833,4251.46199623696,87,23
67,6640,3481.18439312818,71,4
45,2555,643.635719416715,67,22
25,9062,1040.16784165044,94,69
92,8960,7605.22884237054,94,2
98,4136,3878.0857181863,98,0
80,5678,4023.42847238582,83,3
50,4388,1329.76039340646,75,25
85,9104,7021.37877244044,85,0
29,9785,1317.36979351748,88,59
70,5457,3098.57277728599,88,18
98,4351,4079.67866533574,98,0
59,5673,2340.41426226733,80,21
78,8029,5473.49154110752,80,2
67,3718,1949.25355024858,71,4
54,2091,729.95474329868,60,6
61,5866,2578.22876746415,76,15
40,6092,1267.06100615713,84,44
72,3730,2226.24476438195,86,14
5,5906,319.049861028472,69,64
39,9025,1805.40308611078,89,50
92,7371,6256.48903985639,92,0
87,1652,1312.17557236523,88,1
88,6438,5185.35464074827,89,1
27,7632,948.723787784648,82,55
9,5719,354.18417816295,76,67
91,9528,7983.40949076158,93,2
97,6220,5729.87547656249,98,1
41,7676,1659.61333237287,76,35
12,1526,105.586752765669,79,67
38,4437,853.545846986057,77,39
99,2584,2460.95238095238,99,0
11,6523,434.76136499587,82,71
64,1059,509.713376430991,84,20
73,4096,2503.84464772372,81,8
99,9149,8713.33333333333,99,0
87,3860,3065.9792429357,92,5
81,1751,1263.66260546171,93,12
17,9890,828.489630769202,83,66
21,6689,655.299196109217,63,42
99,4432,4220.95238095238,99,0
60,6280,2674.87911639055,90,30
5,6207,335.310275550918,88,83
35,3315,566.60992228419,90,55
93,4770,4102.93551201374,95,2
52,9389,3056.24454638851,89,37
96,9157,8274.27662265323,97,1
43,9911,2314.12611416361,89,46
76,7141,4670.2173722373,76,0
5,9964,538.26833987262,69,64
40,1108,230.450360279399,56,16
13,4730,339.86562895749,65,52
35,6117,1045.53631813345,86,51
13,6030,433.274787021916,82,69
23,6751,715.777069720454,70,47
10,1925,123.647130298032,47,37
91,5572,4668.7193201641,97,6
3,8109,412.764516296156,88,85
53,6603,2226.32721911781,81,28
46,8482,2218.50161381243,80,34
48,8503,2395.45969063038,84,36
99,3011,2867.61904761905,99,0
39,4928,985.820100648633,71,32
73,2510,1534.33839496742,86,13
13,6520,468.482854292354,87,74
59,2409,993.840641248371,70,11
11,1714,114.238997332964,91,80
27,1856,230.716895981172,73,46
62,5244,2377.05626716544,74,12
71,4368,2543.7017234327,81,10
91,3337,2796.03667828205,91,0
8,3882,231.985409876514,70,62
20,3389,319.197792292666,70,50
87,9437,7495.76324237932,99,12
80,8769,6213.70980527496,90,10
62,2459,1114.64175456899,84,22
39,6939,1388.10991850667,50,11
18,7588,660.851601936362,73,55
48,1296,365.108286376217,84,36
71,5605,3264.06780216123,75,4
13,5332,383.12125446117,85,72
24,5987,660.440367899805,91,67
77,1379,921.102465589922,79,2
25,9792,1123.95977769158,90,65
59,7971,3288.46149912443,91,32
10,9441,606.416912801932,74,64
77,3040,2030.56671167031,95,18
91,2692,2255.59806351072,93,2
83,8187,6115.97188996156,84,1
50,6081,1842.81516688803,73,23
75,7021,4492.67235173077,76,1
32,5014,760.778134648629,74,42
49,4549,1329.39175708867,77,28
40,7651,1591.31381452859,61,21
46,2588,676.901930741166,90,44
42,9043,2032.03562743508,78,36
7,4832,278.857487084665,76,69
6,4248,237.025755117106,71,65
82,4753,3491.05849621737,89,7
52,8566,2788.34708535136,85,33
42,8745,1965.07260443655,67,25
55,4751,1716.46629079007,92,37
29,4362,587.262855321744,72,43
54,1658,578.79720917705,82,28
89,2566,2094.75948374777,95,6
33,2847,449.500576483553,76,43
97,5305,4886.97578829003,98,1
95,6149,5450.80790303201,96,1
8,1757,104.997002873013,85,77
22,7885,803.584766234535,83,61
26,6103,728.993608643437,77,51
25,6058,695.358285667441,85,60
54,7841,2737.24301396698,75,21
67,4808,2520.71303646992,83,16
12,7465,516.517109695755,74,62
33,4475,706.538489555286,63,30
77,5860,3914.18451657501,88,11
36,3527,627.159340870893,89,53
19,4789,433.711375774965,67,48
34,4452,731.392702751644,76,42
22,7542,768.628574120591,94,72
57,7882,3045.94316363331,85,28
83,5416,4045.93914205836,87,4
20,7566,712.61448701278,66,46
47,5931,1610.21854820406,76,29
44,2209,535.814198330166,72,28
46,1279,334.527654334603,66,20
93,8322,7158.20321404158,94,1
15,8823,684.240691349217,95,80
65,1680,832.497732344676,88,23
17,5031,421.449073043464,86,69
64,3571,1718.77853374416,85,21
61,5039,2214.74510045208,80,19
70,9107,5171.10175604609,76,6
51,6455,2027.75223696725,87,36
80,4444,3149.01657824631,82,2
14,1377,102.780418080246,61,47
9,5677,351.583070367384,81,72
38,3416,657.136040861927,86,48
22,1230,125.353108746795,78,56
41,6662,1440.37832468318,73,32
31,2653,386.823849367504,84,53
79,8184,5690.1014156712,86,7
18,7169,624.36019165548,64,46
93,3959,3405.35045955187,94,1
80,4016,2845.73595369874,88,8
28,1639,212.031112613457,63,35
57,5397,2085.63248593365,69,12
12,9630,666.317450284008,82,70
32,9822,1490.29972846407,69,37
89,7788,6357.75014007312,92,3
36,6556,1165.76598773733,76,40
54,8838,3085.28934542025,83,29
28,3992,516.429653174449,60,32
68,9563,5152.10825021933,79,11
21,3405,333.576582860201,86,65
33,1808,285.457338349935,56,23
24,9467,1044.32753681434,68,44
67,2089,1095.20996946457,79,12
8,7013,419.091622736732,59,51
42,8320,1869.57164881785,66,24
23,8646,916.695088846548,55,32
74,3890,2433.75967881697,83,9
63,4179,1952.54738951325,79,16
85,5249,4048.24441745825,93,8
87,5409,4296.34241581326,91,4
21,2362,231.397324145608,74,53
1,9180,444.612912770467,83,82
94,9448,8242.78697296766,94,0
17,1434,120.12680793964,80,63
65,1665,825.064716877313,71,6
59,5907,2436.95170936244,98,39
94,9164,7995.01479892841,96,2
31,9844,1435.31623564784,66,35
9,4886,302.595540217551,90,81
86,3395,2657.97118789096,86,0
50,8841,2679.21869601333,69,19
92,7224,6131.71575416125,95,3
36,8245,1466.09831740304,60,24
21,7471,731.909148472412,90,69
75,4296,2748.97029241353,75,0
78,3893,2653.91737072258,79,1
0,2093,135.275138424413,53,53
35,8668,1481.56102755938,93,58
93,5456,4693.00129005177,98,5
16,5340,430.365942210773,74,58
16,3238,260.959723010952,73,57
88,7686,6190.53056365194,90,2
92,9545,8101.7755915655,95,3
70,7023,3987.77288159786,78,8
80,1949,1381.06060103557,80,0
2,5486,272.000777019769,52,50
38,4652,894.905404593,84,46
78,2236,1524.31524298373,79,1
84,8589,6521.49451227629,85,1
44,4075,988.430447349672,81,37
12,3081,213.180068984946,70,58
10,8517,547.066290258876,75,65
1,2875,139.244240110577,75,74
73,3202,1957.35121142855,76,3
68,3840,2068.81686508859,70,2
65,1654,819.613838867913,80,15
26,5283,631.045917493573,87,61
7,3495,201.698451440584,66,59
46,8620,2254.59607534345,79,33
4,3922,205.457184430388,77,73
25,9152,1050.49835431304,78,53
62,5177,2346.68579235611,75,13
81,5601,4042.1326403147,94,13
8,2074,123.940685235417,71,63
92,4549,3861.18147365442,96,4
8,1833,109.538705899961,85,77
82,8113,5958.96435510446,86,4
82,9945,7304.56064483099,85,3
14,9183,685.426709681118,56,42
40,4776,993.349206402895,79,39
4,4606,241.28908502967,69,65
59,8899,3671.31086196316,84,25
23,9143,969.389682780938,68,45
14,9406,702.071613988958,37,23
99,4284,4080,99,0
95,3044,2698.36709332077,95,0
94,6978,6087.86700861223,96,2
14,5660,422.467077947852,84,70
90,9366,7746.93917285668,91,1
79,3413,2372.96140416493,83,4
32,5113,775.799481942249,70,38
71,5658,3294.93231483109,83,12
18,7956,692.901336980192,93,75
15,2099,162.78150415301,64,49
49,7815,2283.84185131853,82,33
3,2055,104.603660252633,49,46
46,8628,2256.68850789597,72,26
17,9735,815.505212895671,70,53
89,3521,2874.37573744189,89,0
83,5956,4449.33780097851,83,0
69,1521,841.535413417157,86,17
92,7043,5978.08334116247,92,0
21,8371,820.079170373786,66,45
27,9126,1134.4409443557,83,56
73,5764,3523.47669665027,80,7
94,6728,5869.75770047909,96,2
13,3472,249.474305230529,87,74
66,1787,911.122244493607,78,12
76,8207,5367.38187564088,85,9
20,7020,661.188699290208,81,61
16,2724,219.534986251338,43,27
72,8636,5154.38332042962,94,22
57,2312,893.45605104291,78,21
7,6133,353.938942113048,82,75
59,8306,3426.66681868367,82,23
64,7627,3670.99520494728,86,22
73,1031,630.240193311317,89,16
40,8462,1759.99183094248,71,31
64,8046,3872.66650308192,88,24
92,9748,8274.08155752545,94,2
20,6421,604.77103107442,85,65
27,6009,746.970812473526,76,49
63,9077,4241.03198243881,64,1
0,1015,65.6016557576583,81,81
69,8242,4560.11497526904,96,27
41,7572,1637.12769055854,68,27
76,5877,3843.56077533099,78,2
23,3830,406.077051848517,70,47
26,6825,815.235356216853,76,50
13,3148,226.193868912934,79,66
87,8270,6568.8208132327,99,12
64,9413,4530.62512969302,81,17
71,5947,3463.23126127616,82,11
88,2732,2200.43319020259,89,1
10,5645,362.591195081761,67,57
35,9519,1627.01654607035,76,41
55,1303,470.754699410537,82,27
22,4226,430.684745986955,78,56
97,2316,2133.50347326667,98,1
33,5798,915.421265350067,88,55
38,4201,808.146518636112,96,58
19,5764,522.011353093945,82,63
6,5382,300.299579576333,80,74
77,2054,1371.96842952988,80,3
67,9393,4924.51280190557,74,7
54,8503,2968.34298530305,77,23
18,6767,589.349339786948,91,73
0,5995,387.469878095726,84,84
18,9579,834.25111952404,87,69
3,3350,170.52178192035,44,41
16,9731,784.2492478751,70,54
4,3454,180.940620862458,91,87
89,3268,2667.83865662031,92,3
11,2481,165.359948881612,73,62
29,5605,754.609881723607,57,28
47,2429,659.45386167386,59,12
70,6707,3808.34297549151,81,11
76,5443,3559.72457038056,86,10
67,3021,1583.83404392172,86,19
83,4681,3496.86874519483,90,7
0,6911,446.672948710519,59,59
56,5091,1902.70114989849,84,28
64,8364,4025.72491073542,77,13
4,2747,143.903846412615,91,87
55,3325,1201.27350386802,87,32
94,8733,7618.99435170688,97,3
10,9633,618.749509693995,73,63
37,5345,988.628693656797,94,57
73,3312,2024.59313312035,86,13
63,8959,4185.89903389548,77,14
40,7036,1463.40138531214,59,19
18,4369,380.503511974165,75,57
55,6737,2433.97882573199,67,12
97,3079,2836.38048108294,97,0
35,3654,624.552837413704,72,37
55,9246,3340.44355391391,83,28
58,9905,3955.9236037247,87,29
18,9300,809.952543227223,57,39
44,9410,2282.48601461605,65,21
63,3792,1771.73000742624,73,10
45,8959,2256.88156957118,69,24
36,3402,604.932259042466,88,52
42,7566,1700.14171814373,85,43
24,7499,827.232724048879,91,67
52,1454,473.2963649429,54,2
27,5668,704.581555183882,87,60
16,8364,674.078790384065,70,54
31,8024,1169.94895112132,73,42
27,8222,1022.0659045028,69,42
48,8735,2460.81858140143,87,39
38,3235,622.317064457944,71,33
37,6574,1215.94855605234,81,44
13,4313,309.902845178362,87,74
9,8231,509.755196793013,85,76
4,5830,305.409328207334,78,74
46,7898,2065.75403747826,76,30
38,2484,477.847167886718,85,47
49,6297,1840.22420188775,88,39
28,9371,1212.29015027499,85,57
45,1472,370.814786294092,82,37
76,7290,4767.66344260046,81,5
97,7391,6808.60283718221,97,0
31,8839,1288.78100435709,66,35
14,8310,620.265268153119,88,74
12,8095,560.107970929288,93,81
49,5141,1502.39679560186,55,6
56,2053,767.284513993634,62,6
8,3262,194.934674656669,77,69
14,7582,565.92674646654,65,51
95,7309,6479.09496881785,99,4
99,6355,6052.38095238095,99,0
59,3578,1476.1153235312,74,15
16,8990,724.529928927875,80,64
69,1947,1077.23172250046,70,1
17,4222,353.678788787419,44,27
4,7795,408.347463700886,80,76
5,5237,282.90960416629,73,68
31,6935,1011.16599900627,90,59
42,8573,1926.42280592734,69,27
64,5465,2630.39055920242,70,6
21,8153,798.722431735453,83,62
11,7623,508.076940880503,56,45
70,8769,4979.17989445132,84,14
62,1606,727.984814086135,95,33
57,8468,3272.39871982325,91,34
89,7296,5956.10490780347,90,1
26,4750,567.379918246162,53,27
58,1149,458.895125762713,75,17
38,7822,1504.71841675117,82,44
20,7755,730.415721224439,83,63
54,2334,814.784491085184,81,27
34,1247,204.862241763544,58,24
63,3830,1789.4846857707,63,0
34,8478,1392.8003894718,66,32
61,5903,2594.49103551669,80,19
82,2297,1687.13683269752,84,2
50,7021,2127.67723840172,86,36
84,7437,5646.79877608555,88,4
0,7335,474.076990130467,75,75
92,6968,5914.42350152209,92,0
54,5789,2020.90292154761,89,35
4,2816,147.518467964297,94,90
40,1176,244.593523184632,88,48
83,2383,1780.18334112354,86,3
45,2512,632.803494001874,77,32
51,4069,1278.22213047556,88,37
54,6396,2232.80274420773,80,26
34,9581,1574.00572440779,91,57
19,1964,177.86785174818,77,58
6,4395,245.227917547006,65,59
8,4378,261.62599805239,89,81
33,3948,623.332727768552,79,46
41,5334,1153.25397536176,86,45
64,2147,1033.38490953478,71,7
36,9229,1641.06990555641,72,36
22,7316,745.596214302074,69,47
51,7704,2420.10894401173,85,34
15,8746,678.269192626119,88,73
0,6105,394.579417143354,68,68
33,3769,595.07118818634,86,53
47,7024,1906.95921136155,87,40
19,8704,788.269746240405,65,46
2,5124,254.052493884305,60,58
88,8913,7178.79246862214,92,4
68,2967,1598.48428091611,76,8
33,1828,288.615052269735,80,47
24,9197,1014.54318750201,70,46
83,4692,3505.08612528394,97,14
6,9678,540.003591813406,78,72
32,2235,339.118294962043,73,41
63,1704,796.15715523584,80,17
31,5050,736.321311460948,77,46
19,8269,748.874371744245,72,53
34,2091,343.518001224997,84,50
56,5008,1871.68087972729,56,0
44,7472,1812.40547302988,73,29
16,6938,559.153353381713,71,55
80,6851,4854.61579153139,86,6
90,6752,5584.81030270428,90,0
61,7396,3250.69552747441,83,22
97,6351,5850.55291827144,99,2
25,8302,952.932401388428,61,36
26,7097,847.725322061686,59,33
48,3106,875.020322133126,77,29
77,3983,2660.44316203384,79,2
48,8528,2402.50267454968,89,41
60,1067,454.473888087375,80,20
21,5891,577.121776689998,77,56
69,8500,4702.86062724907,75,6
57,2553,986.588796847989,68,11
90,9011,7453.30652216651,92,2
74,3690,2308.63064648705,81,7
92,9015,7651.91272477349,94,2
42,2995,673.000851948253,94,52
27,6659,827.771449535898,65,38
11,6953,463.421090114409,53,42
31,6296,917.995837021411,88,57
89,4105,3351.12536273756,89,0
2,6679,331.150781938578,86,84
79,8341,5799.25903080565,80,1
67,5913,3100.03664406128,71,4
37,3262,603.350196203643,85,48
43,5416,1264.58551451015,77,34
22,2281,232.463773212552,73,51
49,3259,952.404426544732,69,20
45,2506,631.292020688176,63,18
99,1367,1301.90476190476,99,0
95,7318,6487.07305812136,95,0
56,2811,1050.5780656776,77,21
2,8430,417.966924950174,81,79
31,6855,999.501502983128,60,29
5,4530,244.716537497287,94,89
64,5589,2690.07371187234,79,15
53,7603,2563.4962663869,57,4
79,3250,2259.63216042661,79,0
57,4244,1640.06378919815,58,1
4,5059,265.019861303757,83,79
6,2838,158.351952218066,71,65
39,8512,1702.78017384764,78,39
12,9357,647.428077082811,72,60
30,7995,1120.16122560711,85,55
14,7455,556.447361501986,78,64
66,6833,3483.88265060147,82,16
92,1106,938.770435230114,94,2
15,9406,729.453467395527,93,78
84,6762,5134.28174316129,85,1
88,3781,3045.32865745095,88,0
98,1679,1574.30027099488,98,0
71,6504,3787.59981895748,85,14
86,6683,5232.17126617829,86,0
74,3614,2261.08161420168,76,2
11,2077,138.433137374892,77,66
92,9482,8048.30132626758,92,0
76,7358,4812.13547471251,90,14
40,2536,527.45678128931,62,22
48,6750,1901.60565820947,74,26
36,1728,307.267179196173,90,54
62,9537,4323.03310830602,75,13
23,1635,173.351430749954,51,28
9,3016,186.784312176859,91,82
31,5548,808.932799205017,78,47
4,9187,481.268524569601,53,49
27,6589,819.069842467642,80,53
3,4456,226.819420966293,72,69
37,4409,815.503070221294,84,47
77,1946,1299.82987529948,77,0
86,4533,3548.91999844174,89,3
74,9491,5937.99822921642,83,9
53,5787,1951.19727654623,61,8
24,8605,949.238243824591,95,71
4,9400,492.426704142185,57,53
78,9569,6523.33298752744,93,15
94,9874,8614.44523402653,95,1
10,1941,124.674846705704,57,47
37,4730,874.876280822572,80,43
30,5402,756.861906282627,70,40
91,8809,7380.96706592346,92,1
21,8208,804.110599740537,72,51
76,5028,3288.31437440262,94,18
17,4889,409.553670862551,87,70
29,3066,412.780356354073,74,45
17,5299,443.899550398989,81,64
31,5332,777.438659942529,87,56
35,3211,548.833924722333,54,19
60,1498,638.052375215452,74,14
26,2506,299.337700026291,66,40
18,3440,299.595349322758,72,54
88,9997,8051.87796575962,92,4
72,3061,1826.95314310272,73,1
30,2846,398.746572617615,88,58
27,9917,1232.76910422699,74,47
7,3705,213.817671698817,93,86
76,6957,4549.88128534587,88,12
28,2030,262.613275537107,64,36
26,7792,930.741962731388,82,56
98,5585,5236.72841781202,98,0
25,3791,435.144150043788,95,70
22,1666,169.787218839155,91,69
45,2984,751.706061346176,84,39
89,7014,5725.89361613673,98,9
55,4655,1681.78290541523,68,13
57,3547,1370.71306792786,69,12
32,1988,301.640792118363,80,48
9,5710,353.626797921043,35,26
35,2007,343.042568333143,78,43
35,5030,859.74295900135,88,53
89,3408,2782.12795035557,90,1
60,7089,3019.46147390009,92,32
77,4547,3037.16672301478,84,7
89,8198,6692.45450029782,93,4
70,5505,3125.82795289708,75,5
47,2228,604.883986747369,81,34
47,8419,2285.69043286629,91,44
33,3987,629.490269912162,46,13
71,6574,3828.36426965352,80,9
25,6768,776.854552228003,84,59
33,9425,1488.07268470583,85,52
16,9352,753.704548980366,80,64
44,2717,659.034484772775,91,47
47,2653,720.268050646666,68,21
18,4697,409.069580165405,76,58
58,9033,3607.65854744525,74,16
44,9523,2309.89525156096,72,28
82,4309,3164.94236486443,83,1
2,9669,479.397650930395,60,58
63,5676,2651.98827060952,89,26
32,9667,1466.7814574488,32,0
91,5509,4615.93229267481,96,5
80,2563,1816.14074933513,93,13
70,8309,4717.98446151169,84,14
18,2463,214.506786448242,81,63
92,4347,3689.72430555633,94,2
9,1759,108.936871723838,97,88
97,2420,2229.30846515775,97,0
89,9156,7474.51981028627,97,8
51,4874,1531.10215383089,58,7
50,7004,2122.52547753392,95,45
57,4200,1623.06030033747,67,10
78,9078,6188.61081207797,79,1
82,1225,899.757344385919,87,5
59,8693,3586.32490426405,89,30
54,2497,871.686749888476,78,24
80,4761,3373.64264829674,82,2
94,9713,8473.98283958879,98,4
43,5768,1346.77423332617,77,34
36,7621,1355.14072491553,54,18
71,3196,1861.18834892191,83,12
67,7742,4058.93517644553,83,16
41,1655,357.824396179925,57,16
32,6777,1028.27950109967,87,55
9,9117,564.626185051865,90,81
94,6015,5247.70995368337,97,3
96,9405,8498.36973201416,99,3
99,2577,2454.28571428571,99,0
40,2602,541.183968814978,58,18
3,4784,243.515284987151,74,71
50,6605,2001.61061951906,69,19
45,8122,2046.0310423102,79,34
72,5032,3003.34146229757,95,23
92,1162,986.30311549493,99,7
3,9866,502.199373261546,80,77
16,9885,796.66055032837,83,67
59,8580,3539.70639348735,73,14
95,9324,8265.30051843722,95,0
39,4956,991.421351220501,75,36
45,1875,472.335410530858,87,42
46,4676,1223.02682694965,72,26
11,8413,560.730854470375,46,35
69,4980,2755.3230498471,84,15
58,7720,3083.26403036392,72,14
69,7779,4303.94739051418,81,12
9,8116,502.6331159242,11,2
96,8519,7697.7790267973,97,1
4,1318,69.044510219085,75,71
38,1110,213.53073927305,79,41
99,6563,6250.47619047619,99,0
93,1748,1503.54953354298,93,0
21,5261,515.402761359036,84,63
34,8737,1435.34996494634,72,38
67,8696,4559.09329557871,70,3
73,1714,1047.75139799767,83,10
47,9423,2558.26831558369,96,49
75,7516,4809.41823039574,81,6
27,2218,275.716635391293,85,58
63,5089,2377.72521302535,96,33
32,8088,1227.19855465459,92,60
89,4393,3586.23476699296,93,4
85,6138,4733.87773563702,86,1
10,3454,221.858279506183,79,69
15,9342,724.490143781524,40,25
56,5090,1902.32741170365,69,13
20,2159,203.348490280279,60,40
57,3854,1489.35104702395,68,11
64,2830,1362.12356496667,79,15
23,1331,141.119727417853,68,45
24,4838,533.691414715092,86,62
61,6555,2881.05856984786,88,27
65,7000,3468.74055143615,85,20
89,9736,7948.0040271895,92,3
2,3216,159.452150728323,86,84
7,5111,294.958736856317,89,82
86,9230,7226.2368377713,95,9
20,3803,358.190971994396,41,21
52,1507,490.54857081771,94,42
70,8223,4669.15227187515,93,23
27,1724,214.308151223891,77,50
39,6094,1219.07217803425,99,60
44,5879,1426.00799999232,71,27
49,9710,2837.63331750517,92,43
98,4834,4532.55956521098,98,0
98,6531,6123.73738526952,98,0
29,4485,603.822536936731,68,39
71,1305,759.965830833258,72,1
28,8406,1087.45181978568,86,58
12,7468,516.724685225439,81,69
99,9167,8730.47619047619,99,0
55,8109,2929.66220838069,96,41
15,8142,631.427826018964,73,58
91,1457,1220.80474685554,91,0
29,5127,690.255997073494,85,56
81,8010,5780.66103355128,85,4
31,4572,666.625947722664,82,51
63,8732,4079.8381922062,70,7
27,9920,1233.1420302442,48,21
1,7500,363.245843766722,62,61
45,2980,750.698412470377,68,23
6,2031,113.323754388616,67,61
31,8910,1299.13324457763,86,55
57,1685,651.156334778246,76,19
17,1139,95.4145287609829,72,55
96,8382,7573.98565590034,99,3
19,8337,755.032729136748,48,29
38,2662,512.089034184558,74,36
20,8604,810.379995540306,87,67
97,1685,1552.22510900447,98,1
60,2771,1180.26911329908,72,12
39,9630,1926.43010739577,90,51
1,3204,155.178624457143,78,77
43,7703,1798.57869613584,59,16
31,4162,606.845405604052,60,29
87,7021,5576.74618255221,87,0
34,7502,1232.45913208509,81,47
79,9633,6697.54972350447,80,1
84,7529,5716.65294946189,87,3
5,3962,214.032433016391,67,62
7,7169,413.727095386996,71,64
96,4113,3716.51193065117,96,0
65,1012,501.480776864769,76,11
77,9134,6101.05142907785,82,5
0,9599,620.404230165283,33,33
91,3810,3192.35832911436,92,1
49,8351,2440.48154835074,87,38
3,5733,291.821306193842,50,47
23,6464,685.347797166793,92,69
55,6182,2233.46550403372,75,20
13,3873,278.287437833479,61,48
46,1338,349.959344409459,76,30
10,7234,464.656280818682,87,77
34,8251,1355.50790440337,66,32
46,7712,2017.1049806321,70,24
19,7196,651.699114653717,70,51
63,3062,1430.65329186159,79,16
84,9703,7367.33743772463,95,11
42,7537,1693.62518234857,90,48
31,3165,461.476623915624,77,46
32,2827,428.94291716228,85,53
14,9942,742.079096988966,32,18
62,2001,907.034628260495,82,20
68,8376,4512.60678697449,78,10
76,7558,4942.93556915971,87,11
95,3254,2884.52251040269,98,3
13,1294,92.9780388733597,83,70
44,4743,1150.46027282932,66,22
51,5106,1603.98186242522,64,13
9,2491,154.27046473228,69,60
16,7996,644.420613093136,70,54
12,8636,597.540758115545,81,69
17,6490,543.670141930447,93,76
86,3117,2440.32288443479,88,2
37,8664,1602.52179641581,89,52
48,9216,2596.32559200866,59,11
50,4867,1474.91883197567,84,34
66,8349,4256.83246741865,86,20
15,8608,667.567026083425,59,44
1,9916,480.259438238775,68,67
89,5557,4536.46860919187,90,1
76,2923,1911.64338034584,88,12
17,1163,97.425019270433,77,60
41,4842,1046.87959293244,83,42
46,8601,2249.62654803121,98,52
71,3994,2325.90308685673,85,14
91,6489,5437.06383139713,93,2
40,8160,1697.17954862806,40,0
90,9605,7944.62425318049,91,1
62,6968,3158.52938016948,69,7
70,6549,3718.62802243833,80,10
15,4370,338.901940518653,51,36
68,2813,1515.51610455578,86,18
63,8576,4006.95056531841,86,23
71,4828,2811.58239943523,77,6
17,2956,247.625414413929,71,54
4,7453,390.431513401245,88,84
65,5012,2483.61823482828,77,12
14,4111,306.848437710887,92,78
58,4358,1740.52650833238,59,1
20,9806,923.592077669485,82,62
40,9752,2028.29595076236,80,40
8,1795,107.267854386487,75,67
32,5814,882.162759243544,92,60
27,1662,206.601013534864,63,36
65,2792,1383.53194565853,87,22
21,9245,905.702058309121,55,34
57,9163,3540.97655523624,76,19
57,6973,2694.66654148885,77,20
29,8698,1171.02529013951,74,45
56,3948,1475.51839320354,72,16
19,9753,883.271465427696,93,74
19,3572,323.494891265019,95,76
98,3452,3236.73885376671,98,0
18,9239,804.639951277023,51,33
49,4187,1223.60151394378,63,14
53,7030,2370.29840230171,56,3
0,2791,180.38839529027,65,65
86,6334,4958.93652550849,86,0
28,2239,289.650799964326,81,53
68,2074,1117.37660890462,87,19
10,4815,309.278406433778,85,75
70,4294,2438.20258487558,92,22
72,6546,3906.97003422097,82,10
57,7463,2884.02357652822,80,23
83,1689,1261.74136095579,83,0
61,7816,3435.2942459086,67,6
73,5666,3463.57025732485,81,8
26,4068,485.916106826397,78,52
63,5441,2542.18960190036,74,11
23,3418,362.394611806327,64,41
62,9830,4455.8472742632,64,2
32,5998,910.081222900374,66,34
73,2168,1325.27714752564,88,15
28,2220,287.192843198216,57,29
78,5914,4031.66384034249,85,7
50,6061,1836.75427174944,83,33
54,8344,2912.83710094892,84,30
78,8340,5685.50497606635,82,4
2,4692,232.633548264083,86,84
73,1667,1019.02075872936,78,5
32,9014,1367.7012576232,95,63
65,3841,1903.34749400946,84,19
66,9982,5089.43606297436,71,5
39,3604,720.960966464626,75,36
86,2462,1927.51842844994,89,3
57,7761,2999.18356926645,85,28
98,8162,7653.03085876127,98,0
1,1192,57.7318727693243,88,87
26,3990,476.599131326776,73,47
78,4375,2982.50410914751,97,19
62,1369,620.554925581518,74,12
70,3899,2213.91520224264,78,8
95,8337,7390.3700581522,97,2
99,2730,2600,99,0
17,6821,571.398156873279,69,52
74,9572,5988.67548731004,80,6
82,1472,1081.17780484577,86,4
72,1563,932.874146576134,92,20
12,7488,518.108522089995,74,62
19,3021,273.594083569883,69,50
18,3050,265.629597510003,66,48
32,3853,584.618698205259,86,54
15,8877,688.428495648532,77,62
77,9306,6215.93875618551,82,5
82,9301,6831.54535521097,86,4
21,5137,503.254891674846,74,53
16,2474,199.386767983044,74,58
71,3051,1776.74770105155,92,21
48,2619,737.822995385273,54,6
20,2661,250.630075329237,83,63
89,5525,4510.34534205238,98,9
25,9545,1095.60825960643,79,54
70,6879,3906.00735476459,84,14
37,3144,581.524530001304,90,53
51,6134,1926.9143643001,81,30
97,1914,1763.18033153386,97,0
53,1928,650.061923134807,74,21
1,4504,218.141237376709,74,73
66,7520,3834.15740268155,98,32
28,2196,284.088055704181,93,65
64,7987,3844.26887398897,75,11
2,2509,124.398459632264,87,85
39,5953,1190.86588051163,90,51
78,1986,1353.88643674673,82,4
16,1459,117.585001813767,88,72
60,6140,2615.2480532863,87,27
98,5921,5551.77600033392,99,1
59,2626,1083.36468406734,92,33
97,1075,990.291983489497,98,1
58,8314,3320.49963062767,87,29
73,5806,3549.1508849326,81,8
24,6904,761.596843156883,56,32
68,9681,5215.68126846944,86,18
68,4924,2652.82662596256,76,8
44,4961,1203.33826976729,87,43
0,2089,135.016609731772,95,95
66,3833,1954.29858038276,88,22
64,2873,1382.82014210221,71,7
12,5498,380.416754066612,64,52
33,1255,198.14654846746,52,19
17,6977,584.466345184704,81,64
41,5290,1143.74081920955,71,30
80,4536,3214.20774053224,92,12
18,8381,729.915297288963,50,32
87,3486,2768.91286033001,87,0
11,2981,198.685210647354,73,62
79,6927,4816.14522316158,89,10
61,4857,2134.75232246393,82,21
55,9080,3280.47020003659,80,25
49,5631,1645.59353356041,59,10
31,1872,272.949206941563,89,58
44,6542,1586.82502737707,56,12
93,4325,3720.16689506487,97,4
29,9783,1317.10053040179,77,48
29,2726,367.005626686629,94,65
87,3991,3170.03190636175,92,5
32,6634,1006.58199945333,78,46
42,3524,791.871453177176,76,34
10,3582,230.080010767558,86,76
66,8522,4345.0384821346,89,23
15,9425,730.926954093434,54,39
82,4555,3345.62832953295,97,15
33,1025,161.832838389758,67,34
79,7925,5510.02611427104,99,20
96,4436,4008.37513356882,97,1
73,2958,1808.1964033122,80,7
95,5513,4887.02292558391,97,2
93,9155,7874.71165880205,95,2
7,4704,271.470533784409,69,62
94,6497,5668.22469976406,94,0
4,9802,513.485803617201,79,75
6,6332,353.306751742353,97,91
29,7808,1051.20320365708,75,46
30,9942,1392.95095747165,32,2
2,7105,352.272242202964,86,84
5,4849,261.949335612438,75,70
19,8312,752.76862715421,89,70
33,1161,183.305293044399,72,39
48,1850,521.180810027779,81,33
65,7953,3940.98480079596,82,17
93,3196,2749.05280846875,94,1
70,5089,2889.61643093429,70,0
83,5559,4152.76508321684,84,1
69,4329,2395.13925357191,92,23
98,4987,4676.0187322522,98,0
34,8389,1378.17910677977,61,27
68,2881,1552.15140320839,75,7
59,2707,1116.78149267719,65,6
12,7833,541.979708003597,68,56
86,2858,2237.54982474002,86,0
95,8296,7354.02542910287,96,1
33,1905,300.772250860965,78,45
39,7316,1463.5267565636,61,22
88,3298,2656.30624498102,89,1
75,1012,647.569351937265,77,2
83,2673,1996.82336165473,93,10
53,7564,2550.3466735434,71,18
0,8226,531.664256416253,50,50
80,8457,5992.62673317486,83,3
88,8964,7219.86936931772,96,8
20,9923,934.611889324321,81,61
3,4460,227.023029064108,75,72
82,8651,6354.12309084293,86,4
12,9698,671.022495623501,94,82
18,4071,354.550193922368,91,73
86,7931,6209.23990903187,86,0
46,5778,1511.25941105968,67,21
71,4765,2774.89439380879,84,13
24,5280,582.449497663433,62,38
64,8489,4085.88937915267,94,30
51,2445,768.064170315248,75,24
4,8466,443.498348645504,81,77
7,7158,413.092279087755,80,73
70,7208,4092.81887093228,94,24
35,7566,1293.20382262509,83,48
26,9364,1118.51485356991,84,58
47,5024,1363.97538124721,94,47
15,9647,748.143482879507,71,56
39,8237,1647.76789144537,98,59
28,2525,326.649517601574,82,54
90,7138,5904.08411444064,97,7
69,8926,4938.55693633237,83,14
92,3374,2863.84398595516,92,0
71,1160,675.525182962896,80,9
9,4319,267.480584977405,78,69
76,8410,5500.14397150478,90,14
32,2910,441.536571964003,81,49
28,3662,473.738825131471,83,55
82,2806,2060.99519048726,97,15
78,6110,4165.2800244323,83,5
26,3122,372.91791679253,57,31
98,1792,1680.25377345016,98,0
83,8375,6256.41438603005,91,8
75,3615,2313.20475025021,97,22
58,8069,3222.64993018219,88,30
96,4417,3991.20670986779,96,0
48,7637,2151.49072766603,86,38
91,4110,3443.72512668242,91,0
59,3182,1312.7442592164,84,25
24,4752,524.20454789709,70,46
1,4789,231.944579439844,85,84
75,5852,3744.64016555027,88,13
56,5296,1979.3174798394,60,4
44,6350,1540.25358053262,75,31
54,6437,2247.11558231162,74,20
98,9924,9305.15538377197,99,1
84,6918,5252.73012410378,91,7
10,2483,159.488740015591,89,79
70,8404,4771.92699657531,74,4
74,3376,2112.17806572907,87,13
8,3252,194.337082153123,95,87
82,9933,7295.74669533497,88,6
3,1027,52.2763791140895,43,40
77,5205,3476.67754415921,86,9
76,2347,1534.9391083379,82,6
45,7054,1776.98879247182,73,28
22,3677,374.734455985337,56,34
21,3478,340.728151303312,61,40
51,2934,921.677004378298,80,29
68,5040,2715.32213542878,93,25
98,6569,6159.36776662617,98,0
68,2690,1449.24931434592,77,9
28,1224,158.344162195773,45,17
93,4496,3867.25326247668,95,2
93,5230,4498.60644189347,95,2
11,4126,275.000060090903,89,78
96,7978,7208.93075194141,96,0
63,7579,3541.12387296504,98,35
35,9484,1621.03423919857,94,59
86,2023,1583.82200680513,91,5
24,7107,783.990261343564,86,62
69,1842,1019.13756181092,80,11
37,2694,498.291057195774,72,35
95,9694,8593.28863424822,97,2
79,6695,4654.84225047882,83,4
43,3539,826.323511050855,78,35
53,4447,1499.39075320565,62,9
6,9778,545.583294146671,88,82
49,9838,2875.03981231883,81,32
97,6768,6234.69408768085,97,0
23,7408,785.435718040161,89,66
26,8648,1032.98979641954,86,60
61,9513,4181.16097253435,73,12
65,5065,2509.8815561463,87,22
82,3310,2431.18106932032,82,0
40,5209,1083.40787607887,55,15
64,6377,3069.35052077472,94,30
67,7401,3880.15748396711,84,17
39,2097,419.4936589002,76,37
72,8303,4955.63278248346,80,8
53,3284,1107.26315123169,80,27
90,4765,3941.29459306663,92,2
26,2064,246.541505528437,69,43
34,7514,1234.43054098739,79,45
98,1032,967.646146317279,99,1
65,6562,3251.69649978915,74,9
86,7077,5540.63684733559,88,2
7,5710,329.527369878609,71,64
20,6438,606.372200289225,73,53
66,6576,3352.8482819194,69,3
42,9987,2244.16010297402,78,36
0,3812,246.37784408689,67,67
29,3476,467.979295070697,79,50
80,9697,6871.29022485475,82,2
31,3346,487.867546167986,90,59
60,8798,3747.38637993695,80,20
60,2105,896.595627388869,71,11
4,8266,433.021184727585,85,81
41,2597,561.492421075084,76,35
72,1565,934.067843500736,76,4
63,9137,4269.06568508795,93,30
59,9078,3745.15788345899,70,11
30,8991,1259.70851525122,71,41
37,2870,530.844593226381,91,54
36,5202,925.002237371813,62,26
78,6932,4725.64993933956,89,11
49,4725,1380.82568745746,61,12
42,5932,1332.96863230619,76,34
78,2766,1885.62431220618,85,7
15,4683,363.175695068387,70,55
51,3503,1100.42077243939,76,25
38,7595,1461.05041871965,72,34
97,9059,8345.16751481986,97,0
72,7393,4412.50068178974,73,1
51,4585,1440.31665476295,96,45
37,3691,682.699440278248,99,62
70,2138,1213.99094701071,85,15
75,3510,2246.0162305334,82,7
84,4024,3055.36080072183,98,14
48,9017,2540.26344001107,82,34
55,3689,1332.78134008094,69,14
9,2676,165.72772526037,77,68
89,5116,4176.45733392579,95,6
82,9995,7341.28543439776,93,11
19,6251,566.116059713783,83,64
64,9123,4391.04356296499,79,15
70,5886,3342.16590931013,76,6
24,8589,947.473245346823,76,52
6,1352,75.4375755457455,67,61
48,4259,1199.84274049098,81,33
62,4538,2057.03305499557,65,3
25,7837,899.558085964962,92,67
97,1499,1380.88156581466,97,0
5,8582,463.6108884772,65,60
4,1697,88.8987358435412,51,47
85,6877,5303.82489214333,98,13
6,4915,274.242369679985,74,68
32,2096,318.027716438677,61,29
4,8424,441.298144222741,74,70
25,1031,118.341761723858,36,11
11,9304,620.116470936927,67,56
52,1784,580.715760012471,85,33
42,6681,1501.27502232597,76,34
94,5913,5158.72135596505,95,1
75,1599,1023.18517168744,80,5
58,3283,1311.18598596953,99,41
86,4001,3132.41317312275,86,0
73,6423,3926.31693660387,88,15
9,5859,362.854537481504,72,63
26,2095,250.244406047518,85,59
34,5731,941.512034921309,95,61
39,2026,405.290487807251,66,27
12,1946,134.647326921358,66,54
91,8690,7281.25823622147,99,8
87,2882,2289.15859537323,89,2
6,4456,248.631535970297,92,86
60,2828,1204.54747470581,86,26
72,8583,5122.75035192768,94,22
76,3762,2460.34977655184,87,11
4,4272,223.792221286746,70,66
33,3160,498.918799328425,89,56
16,1628,131.205197363135,94,78
96,5093,4602.04115312579,96,0
63,2279,1064.81347229019,82,19
69,9543,5279.92929009857,71,2
7,4425,255.369284012757,79,72
44,8185,1985.3504813637,82,38
48,5394,1519.59421042694,85,37
43,1797,419.582749182929,93,50
23,9197,975.115051135983,55,32
4,9218,482.892484976878,75,71
74,1952,1221.25935554003,86,12
54,9742,3400.86997093053,85,31
47,7884,2140.44225831071,61,14
94,4263,3719.19992228632,94,0
82,1919,1409.49742357272,96,14
43,8698,2030.90192119817,82,39
68,8956,4825.08433430558,93,25
29,7879,1060.7620442641,82,53
92,8967,7611.17042740365,94,2
99,8040,7657.14285714286,99,0
13,5873,421.993834855674,74,61
90,3794,3138.14725836197,91,1
23,8885,942.035145084615,44,21
94,9134,7968.84168195243,95,1
28,5205,673.350787768789,69,41
63,3533,1650.71785765741,85,22
31,2803,408.694779410898,52,21
86,3659,2864.65878541768,96,10
42,4750,1067.36362162077,63,21
53,6747,2274.87956192456,88,35
42,7827,1758.79054030016,74,32
32,3658,555.031195960248,73,41
54,2736,955.120123225819,92,38
86,6365,4983.20666006655,87,1
46,7486,1957.99376102333,65,19
65,2485,1231.40289575983,71,6
68,6437,3467.96202098314,87,19
88,2421,1949.94463890207,90,2
94,5253,4582.91278249355,95,1
8,5214,311.584731348826,77,69
19,3943,357.094164685882,49,30
82,6296,4624.38550224796,89,7
14,5069,378.354349490753,77,63
60,2254,960.06011597839,67,7
93,5939,5108.45576642549,93,0
49,6187,1808.07799540726,85,36
90,7375,6100.11492630985,90,0
26,6546,781.909251545131,82,56
91,3957,3315.52805992271,96,5
27,8187,1017.71510096867,67,40
74,5572,3486.09484071161,96,22
61,3710,1630.62201283532,71,10
89,3667,2993.56314376581,90,1
90,2829,2339.96272902109,90,0
61,9725,4274.3393732678,79,18
73,8365,5113.44249956273,81,8
10,6423,412.56390540481,88,78
50,2944,892.163764400321,92,42
16,3186,256.768893611147,82,66
3,3217,163.75181266799,61,58
93,1353,1163.78862636365,94,1
21,2680,262.550731884094,60,39
67,1486,779.07229038983,76,9
72,1206,719.799245534752,82,10
1,3399,164.623016395078,97,96
77,5837,3898.82167632225,89,12
21,7148,700.265907278918,73,52
83,5339,3988.41748143456,95,12
26,8471,1011.84742893963,89,63
35,5066,865.896188926608,66,31
1,2659,128.782759810095,77,76
16,9211,742.340953877047,88,72
11,6882,458.688902943673,84,73
15,8529,661.44042349739,80,65
37,1708,315.917270115212,76,39
43,8069,1884.03628445022,47,4
2,6989,346.520858656793,67,65
44,7789,1889.29687224702,80,36
25,2878,330.346838255348,83,58
84,7587,5760.69145006872,86,2
42,4996,1122.64182181418,82,40
6,1998,111.482452618639,95,89
37,5794,1071.67720318943,67,30
60,5890,2508.76401202871,61,1
64,8054,3876.51702906062,80,16
4,7750,405.990101819354,76,72
77,2961,1977.79869514993,84,7
72,4995,2981.25806919244,90,18
16,5539,446.403923952336,52,36
38,7625,1466.82151978109,94,56
75,6462,4134.97347057175,95,20
12,7088,490.431784798863,83,71
59,8493,3503.81426572122,78,19
62,9162,4153.04910750757,86,24
17,7560,633.304510476761,87,70
72,4671,2787.87916740699,75,3
9,5971,369.790824936348,80,71
82,8000,5875.96633068355,86,4
39,5930,1186.26485325617,77,38
50,6865,2080.40225632072,66,16
60,7418,3159.59447219507,63,3
91,3953,3312.1765026218,92,1
10,3345,214.856961478918,77,67
8,1764,105.415317625495,73,65
64,8441,4062.78622328045,90,26
75,3504,2242.17688654958,83,8
19,3204,290.167310082061,68,49
52,7236,2355.41437188915,66,14
70,4853,2755.61181751309,85,15
60,4591,1955.4729336543,79,19
59,1739,717.430002129895,85,26
27,2443,303.686086682114,76,49
14,3692,275.573931410507,65,51
23,7700,816.395117293364,68,45
20,6073,571.99415538311,64,44
83,9011,6731.52836209156,86,3
92,3337,2832.4384650659,92,0
90,3203,2649.31093002989,94,4
62,2792,1265.58754727801,86,24
61,9798,4306.42438861469,93,32
50,1119,339.107083004062,77,27
9,6688,414.195450874945,24,15
86,9504,7440.75351096191,86,0
83,7865,5875.42676371658,91,8
55,7518,2716.14261716686,83,28
7,5136,296.401501172773,60,53
91,3512,2942.66731019675,95,4
66,2323,1184.40793170602,81,15
63,2080,971.83502517051,75,12
41,5963,1289.24886671957,81,40
90,4117,3405.31161377866,94,4
74,7697,4815.59080921703,77,3
4,9405,492.688633240132,71,67
59,9051,3734.01894725571,78,19
87,1385,1100.09876980983,98,11
24,6921,763.472154039511,67,43
79,4425,3076.57609535008,88,9
2,5980,296.493737983635,75,73
28,5229,676.455575262824,62,34
75,6305,4034.51063632851,76,1
40,6571,1366.68710956311,76,36
55,2132,770.26018353282,93,38
53,7166,2416.1533927303,68,15
99,1969,1875.2380952381,99,0
52,2593,844.056034592118,52,0
56,2721,1016.94162814256,83,27
74,4407,2757.21822738982,82,8
50,4801,1454.91787801832,69,19
39,2827,565.52626309531,88,49
56,9515,3556.11892384288,69,13
50,3935,1192.48111851741,91,41
50,7246,2195.86230871084,92,42
34,9339,1534.2489782115,68,34
53,9268,3124.88273008993,72,19
49,7839,2290.85556909609,89,40
50,9866,2989.83957186602,76,26
72,2292,1367.97667559341,89,17
62,2624,1189.43471492031,93,31
84,6342,4815.38225600841,84,0
42,6099,1370.49489016107,70,28
65,4268,2114.94066764707,84,19
59,4575,1887.4308566672,77,18
16,5328,429.398827733895,73,57
3,6507,331.219473121111,91,88
70,5108,2900.40493794701,92,22
62,1585,718.465710041422,89,27
41,7644,1652.69467335308,76,35
68,5803,3126.39173648675,90,22
60,3624,1543.59266206996,89,29
8,7896,471.859040799834,56,48
32,5827,884.135259393211,69,37
70,3140,1782.94273789225,72,2
90,8986,7432.62816648411,94,4
36,2619,465.7018184692,69,33
71,2967,1727.8303602163,74,3
22,7375,751.609086998059,83,61
90,6543,5411.93924919937,93,3
76,6801,4447.85721167706,83,7
97,7645,7042.58810583926,99,2
11,5439,362.512197487742,65,54
1,3605,174.600168903871,66,65
99,7041,6705.71428571429,99,0
64,5516,2654.93766231666,90,26
51,1555,488.482529586999,58,7
46,4598,1202.62560956255,96,50
12,5560,384.706648346738,86,74
5,9328,503.910786263729,75,70
49,6449,1884.64441447897,81,32
47,6094,1654.47173035838,82,35
55,7538,2723.36832245328,62,7
11,8358,557.065075676144,72,61
73,6051,3698.91698324615,78,5
15,2244,174.026534215986,78,63
9,2524,156.314192285939,71,62
80,3750,2657.2484627416,89,9
60,7722,3289.0790663643,86,26
73,6647,4063.24594077626,82,9
19,4851,439.32634869166,85,66
76,3227,2110.45952390558,81,5
7,6063,349.899202026971,90,83
99,2103,2002.85714285714,99,0
32,4811,729.976786157669,90,58
71,7582,4415.37235967645,73,2
39,2613,522.716705153182,57,18
13,6375,458.064140508244,84,71
11,2304,153.562806216539,56,45
85,5190,4002.74119386708,93,8
35,8322,1422.42165105551,81,46
71,7461,4344.90809490187,77,6
59,9551,3940.29554361278,83,24
8,2405,143.720997102786,71,63
43,9473,2211.85719700049,56,13
82,8446,6203.55145361916,82,0
89,4422,3609.90897783813,97,8
18,2890,251.694930099642,78,60
79,4552,3164.87556746521,86,7
3,5420,275.888972539791,79,76
61,1594,700.59608853356,85,24
92,9173,7786.02278694922,93,1
5,6254,337.849277154091,58,53
64,4423,2128.85955047618,76,12
21,3786,370.901892131783,80,59
48,4728,1331.96911881694,77,29
51,7058,2217.17665197751,86,35
42,8789,1974.95976219472,67,25
60,4941,2104.55059141492,84,24
3,7255,369.29418741258,80,77
6,9897,552.223139923257,77,71
12,3978,275.24515236031,55,43
89,1696,1384.53315839291,94,5
63,3771,1761.91821149903,75,12
98,2019,1893.09841997537,99,1
87,5170,4106.50587719626,92,5
35,8361,1429.08765014121,50,15
42,5319,1195.22254808439,52,10
34,1553,255.133168772081,64,30
29,8227,1107.61382639431,85,56
8,4829,288.57741996231,74,66
75,2031,1299.61793852232,75,0
98,6641,6226.87796288086,99,1
95,3649,3234.67198539011,95,0
9,7342,454.698415120192,71,62
22,6686,681.390963480545,86,64
9,2642,163.622066568721,87,78
98,2088,1957.79569138612,98,0
44,1410,342.009062763936,93,49
47,4700,1276.01200076869,87,40
60,9876,4206.54556583965,84,24
5,3446,186.157436692197,73,68
63,1528,713.924960798336,66,3
40,4628,962.567028315033,62,22
95,4282,3795.79759973704,98,3
11,6886,458.955505037799,76,65
91,1923,1611.26117241126,93,2
93,1510,1298.83283503999,94,1
37,9902,1831.50632826747,83,46
0,4831,312.238028537189,81,81
23,4068,431.311082746676,67,44
18,6859,597.361773547906,63,45
61,9453,4154.78972704375,98,37
49,7952,2323.87849029877,62,13
9,5745,355.794387750681,73,64
57,3750,1449.16098244417,88,31
70,9267,5261.9523414164,89,19
19,3462,313.532842541852,37,18
77,6491,4335.66069916185,99,22
83,1858,1387.99020050673,83,0
35,2598,444.058092939465,84,49
32,3516,533.485425094651,95,63
96,1524,1377.08830107279,96,0
91,6709,5621.39948294704,93,2
79,2818,1959.27490094837,81,2
70,1973,1120.30128084758,84,14
9,7932,491.2377865341,70,61
11,4718,314.457170021542,75,64
71,7135,4155.06222451747,73,2
31,9656,1407.90466999345,57,26
98,4992,4680.70694032544,99,1
74,1468,918.447097301623,81,7
54,5385,1879.8691021824,83,29
13,7037,505.630957922591,87,74
26,5718,683.005973164537,85,59
82,7692,5649.74162695224,87,5
67,6192,3246.30930154362,74,7
70,3359,1907.29447661786,86,16
92,2087,1771.44113772626,93,1
65,6018,2982.12580550611,69,4
88,8330,6709.22711361185,97,9
67,3091,1620.53327698181,88,21
59,8259,3407.27681862611,88,29
31,2943,429.1076474514,82,51
39,1084,216.848414996574,43,4
61,8525,3746.91446345583,86,25
16,3488,281.107941279247,86,70
13,9695,696.616759565087,93,80
12,4351,301.053709884291,82,70
4,3334,174.654322511707,26,22
58,7452,2976.22843967253,77,19
49,7810,2282.38066011487,56,7
3,2099,106.843349328602,89,86
2,5807,287.916243557018,83,81
50,5042,1527.95166443832,87,37
2,1977,98.0214247481013,88,86
33,1329,209.830089970721,65,32
76,4416,2888.06608539419,97,21
54,3929,1371.58880268795,86,32
39,6755,1351.30170046297,61,22
55,3455,1248.24058822978,60,5
37,1002,185.33319944698,53,16
23,9041,958.575098110299,67,44
35,8830,1509.25056222305,71,36
25,3561,408.743951017128,83,58
34,5613,922.126514048737,79,45
88,6344,5109.64427476033,96,8
24,8039,886.801422673549,86,62
36,8390,1491.88173232401,76,40
20,3984,375.238714810853,74,54
70,7747,4398.87178039849,82,12
62,3381,1532.57575119877,84,22
3,2313,117.736382561723,87,84
73,9082,5551.73757095382,77,4
99,6012,5725.71428571429,99,0
80,6671,4727.06786531979,83,3
42,1530,343.803440227321,74,32
42,1314,295.266483959935,99,57
9,8698,538.677038234191,89,80
34,9024,1482.49949452624,63,29
54,9161,3198.04658218996,88,34
27,2213,275.095092029275,87,60
41,8754,1892.68565810215,84,43
6,8195,457.256606211083,8,2
25,6937,796.252959338897,93,68
30,7509,1052.06887343137,82,52
24,2544,280.634757965109,53,29
44,7043,1708.34739648681,61,17
87,1800,1429.73125318245,90,3
58,1615,645.009249875354,81,23
68,3273,1763.34312485285,83,15
35,4280,731.550668891805,57,22
83,7772,5805.95255023589,84,1
99,5092,4849.52380952381,99,0
6,8068,450.170384247836,77,71
17,3573,299.311774594374,83,66
86,2308,1806.95066322602,90,4
8,8356,499.348295962944,87,79
20,6727,633.592076940916,74,54
41,4313,932.50551101149,77,36
37,8311,1537.22976108169,59,22
9,2293,142.008099410324,85,76
47,3072,834.023163055619,74,27
37,1195,221.031111116908,85,48
22,8616,878.083239806817,67,45
74,7118,4453.3422606219,86,12
17,1062,88.9642050431641,56,39
40,3780,786.193467379176,69,29
87,5751,4567.99135391793,91,4
17,7140,598.120926561386,80,63
82,7379,5419.84444426424,87,5
57,1717,663.522508495103,69,12
87,3249,2580.66491199432,94,7
50,9793,2967.71730461017,81,31
65,1481,733.886393810991,85,20
74,9161,5731.53532587205,86,12
61,2571,1130.00786927213,78,17
4,6607,346.113110028448,93,89
83,6800,5079.83496417962,85,2
77,7091,4736.43044488625,82,5
55,4634,1674.19591486449,77,22
74,5352,3348.4529051487,84,10
54,9985,3485.69971871704,83,29
21,2656,260.199531300057,65,44
92,7795,6616.37933329,92,0
92,4138,3512.32555242515,98,6
16,8028,646.999585031477,85,69
1,2200,106.552114171572,84,83
42,7517,1689.13101973122,81,39
6,9887,551.665169689931,78,72
58,6269,2503.75417180718,61,3
42,3817,857.710935521363,67,25
58,1282,512.013534575978,86,28
13,5686,408.557286734099,57,44
3,6428,327.198213189258,85,82
29,1129,151.999028807485,69,40
51,9404,2954.14129147018,85,34
63,5225,2441.26827236342,86,23
35,4944,845.043576402122,73,38
17,1007,84.3568309590078,83,66
74,6090,3810.17903444611,92,18
72,1413,843.346877231016,81,9
49,9957,2909.81616296591,50,1
48,4179,1177.30519194924,61,13
17,2242,187.813321757791,76,59
80,2875,2037.22382143523,85,5
33,7627,1204.19420331579,79,46
62,4590,2080.60416977295,93,31
52,2865,932.595657194916,67,15
37,3456,639.233071146472,91,54
28,5034,651.229176873791,70,42
78,9705,6616.04625812037,92,14
95,5826,5164.48314247268,97,2
8,5903,352.758854843138,77,69
7,1634,94.2990757235808,86,79
90,8583,7099.29307288372,90,0
56,7964,2976.45098365577,89,33
97,8525,7853.24572953299,97,0
73,1264,772.670809258492,87,14
30,8917,1249.34054393228,54,24
83,1575,1176.57942185043,93,10
22,4163,424.264220904803,58,36
2,5859,290.494449974267,84,82
77,4004,2674.47010313419,96,19
27,2200,273.479079288027,60,33
64,2466,1186.92463293562,76,12
9,3911,242.212680677618,83,74
46,7456,1950.14713895137,87,41
78,9068,6181.79365982849,80,2
24,7812,861.760506770215,91,67
86,1391,1089.02442484722,86,0
5,9084,490.729586451513,82,77
12,2213,153.121549063189,83,71
29,8483,1142.07950520274,85,56
9,3987,246.919447164833,90,81
14,2691,200.858464091461,75,61
17,5630,471.627565341821,59,42
46,1024,267.831366722934,71,25
61,6531,2870.51007165162,68,7
34,9123,1498.76361797018,45,11
41,6721,1453.13460225092,72,31
59,7434,3066.92043463694,82,23
38,2100,403.977074300365,92,54
73,2301,1406.578743753,79,6
6,7051,393.424811518529,59,53
0,5608,362.457227082707,97,97
83,5964,4455.31407740695,88,5
90,2811,2325.07431292976,92,2
86,4589,3592.76282215953,88,2
67,6048,3170.81373639145,96,29
6,6080,339.245901862524,75,69
19,2516,227.859223522617,87,68
41,7373,1594.10227977921,76,35
0,4621,298.665272173536,86,86
43,1167,272.483621756527,73,30
42,1032,231.898791055291,73,31
57,6339,2449.66172472362,85,28
67,6937,3636.89399625454,72,5
60,8660,3688.60718916276,74,14
80,1120,793.631540872158,97,17
57,2221,858.289744535599,57,0
92,5037,4275.39483024782,92,0
98,6209,5821.8167853527,98,0
0,3451,223.045629576038,97,97
48,5051,1422.96447105422,73,25
65,6716,3328.00879192074,70,5
15,9752,756.286435683731,87,72
72,3655,2181.48112970939,72,0
62,8094,3668.93467323361,99,37
7,1078,62.2119973255937,89,82
9,1814,112.34308431327,73,64
38,3182,612.121452582744,90,52
69,5232,2894.74903550201,80,11
31,4324,630.466010050918,71,40
10,2770,177.923403078207,77,67
23,6227,660.219791608542,75,52
18,1725,150.233133017953,82,64
39,9604,1921.22894615046,57,18
57,1255,484.985875457981,85,28
2,8955,443.996893585861,77,75
72,7269,4338.49147246444,83,11
29,3167,426.378143696461,64,35
52,5371,1748.33203308687,59,7
42,6439,1446.89565465603,73,31
82,2804,2059.52619890459,93,11
71,6213,3618.1361739211,91,20
95,4737,4199.13433674787,96,1
25,1987,228.074762895544,78,53
60,1591,677.664438563274,77,17
34,5534,909.148072108624,85,51
55,4307,1556.05563343145,87,32
47,7247,1967.50190841929,71,24
19,9707,879.105517779827,81,62
26,7071,844.619663561812,85,59
85,8595,6628.8170638319,87,2
3,6344,322.922443135135,55,52
14,4985,372.084520065379,69,55
52,2410,784.487097326265,91,39
52,5379,1750.93613963402,70,18
69,5861,3242.76072191845,79,10
66,2583,1316.9718844583,88,22
60,1549,659.775119631999,82,22
6,9692,540.784750140063,83,77
30,5209,729.821116221067,43,13
67,8508,4460.52964107448,81,14
95,2622,2324.28335042282,96,1
30,5659,792.869590457865,48,18
10,5135,329.832734587217,86,76
40,2164,450.085360690089,63,23
34,1133,186.133857191737,87,53
32,2177,330.317909678912,69,37
90,4127,3413.58295605163,94,4
61,6374,2801.50531261789,63,2
87,5685,4515.56787463457,88,1
82,1424,1045.92200686167,83,1
65,6666,3303.2320736962,75,10
50,3374,1022.47300987999,58,8
41,9969,2155.37849275992,85,44
79,1021,709.872134090945,88,9
82,7265,5336.111924052,97,15
93,5793,4982.87325389845,97,4
53,8477,2858.18201370008,68,15
65,9466,4690.72829427066,68,3
68,6154,3315.49452806125,75,7
98,5912,5543.33722580209,99,1
82,8875,6518.65014810207,86,4
85,1309,1009.55457086166,90,5
31,7580,1105.21099819287,79,48
70,1457,827.308143028347,87,17
98,3098,2904.81372218113,98,0
83,7181,5364.45512908439,86,3
54,5013,1750.00627841047,80,26
6,1530,85.3694456989576,60,54
56,9364,3499.68445642299,84,28
34,9870,1621.48382213808,77,43
14,4807,358.798452949704,72,58
33,2498,394.39846858304,68,35
11,3218,214.481384724316,83,72
56,1904,711.597522963409,68,12
0,5225,337.70310476233,67,67
85,7764,5987.91572816647,93,8
10,1479,94.9995354341762,67,57
74,9045,5658.9604871207,78,4
82,3516,2582.48720233542,85,3
16,4165,335.669316349789,82,66
24,3999,441.139307037134,72,48
31,6601,962.466728109647,89,58
67,2946,1544.51343707163,93,26
97,1164,1072.27894770398,97,0
96,3261,2946.64366784669,98,2
31,4263,621.571831833271,80,49
77,4153,2773.99458998908,87,10
10,4462,286.604413189516,44,34
82,3439,2525.93102640259,89,7
6,6963,388.514673465256,82,76
69,2457,1359.40336013541,78,9
92,9232,7836.10186079965,98,6
64,5788,2785.85554559261,76,12
78,7622,5196.03344455368,93,15
96,5840,5277.03128495084,96,0
37,2150,397.671036737533,55,18
50,3934,1192.17807376048,77,27
95,3297,2922.64004818613,99,4
73,4077,2492.23013397696,83,10
11,3897,259.737090202193,91,80
99,4841,4610.47619047619,99,0
7,8212,473.919222669551,66,59
1,3853,186.611498137757,86,85
0,4436,286.708320138889,73,73
60,7702,3280.56034306369,87,27
8,6564,392.259719327521,71,63
70,9971,5661.69491704575,79,9
19,4462,404.096921843369,77,58
28,7411,958.732504928818,83,55
45,3052,768.836092234761,55,10
54,3697,1290.59908463664,80,26
84,8649,6567.05158186956,84,0
41,4257,920.397857726852,97,56
16,4231,340.988445972618,47,31
75,1512,967.51468392208,90,15
6,3632,202.654788744192,68,62
25,2911,334.134692898303,38,13
93,7324,6299.76932704164,93,0
23,7328,776.953690847502,78,55
2,7820,387.722580440138,44,42
82,1906,1399.94897828536,89,7
15,7026,544.879870499784,74,59
52,5464,1778.60477169739,60,8
41,5453,1178.98273859162,70,29
3,7801,397.086692764374,58,55
78,7797,5315.33360891958,79,1
74,7167,4483.99887354274,92,18
51,6478,2034.97738049169,72,21
43,4958,1157.64678377794,87,44
61,6528,2869.19150937709,85,24
79,8445,5871.5672599393,79,0
16,3149,253.786957307439,79,63
55,2968,1072.29466450535,74,19
43,9782,2284.00581664297,88,45
90,3711,3069.49511749639,99,9
46,3385,885.360523786263,65,19
86,6469,5064.62904697102,87,1
17,9722,814.416197203052,65,48
4,6683,350.094432317257,85,81
47,9651,2620.16847221672,81,34
99,8319,7922.85714285714,99,0
87,5659,4494.91620097749,92,5
9,2223,137.672919751047,46,37
66,5231,2667.08475710468,89,23
70,5580,3168.41416478942,83,13
63,2564,1197.97355987365,66,3
28,7085,916.559141468179,57,29
41,7153,1546.53649901813,76,35
85,2686,2071.55353501483,97,12
26,4369,521.870076382627,67,41
54,5907,2062.09596779785,54,0
60,7427,3163.42789768035,60,0
30,3262,457.031384356521,76,46
42,7004,1573.85574859618,49,7
77,5130,3426.58132594366,90,13
49,9856,2880.300100652,72,23
59,8117,3348.6942652607,85,26
84,9236,7012.75157939036,90,6
76,3659,2392.98772791153,78,2
68,1077,580.238480130316,84,16
29,7621,1026.02710233998,82,53
55,4233,1529.32052387168,82,27
71,6215,3619.30087251241,75,4
47,1319,358.097835960404,87,40
81,7358,5310.12532894761,85,4
86,2444,1913.42609225493,89,3
59,6427,2651.4793695738,78,19
12,7561,523.159526645627,75,63
19,2518,228.04035168122,55,36
4,9740,510.237882802646,35,31
97,5013,4617.98484951893,97,0
35,9789,1673.16577050978,58,23
38,4923,947.037684181285,73,35
59,6781,2797.5231997946,82,23
68,6930,3733.56793621457,89,21
46,7046,1842.90997063457,70,24
97,8097,7458.9713398274,98,1
98,4202,3939.97006475311,99,1
42,3522,791.422036915441,87,45
77,9355,6248.66828541967,84,7
82,4166,3059.90946670346,97,15
45,6359,1601.90980030172,89,44
27,7694,956.430925473674,87,60
32,9892,1500.92088311612,73,41
84,6410,4867.01360154745,85,1
46,1911,499.829825983914,75,29
32,5456,827.843139737319,83,51
84,4985,3785.03319870734,90,6
69,8604,4760.40151021776,76,7
37,9580,1771.94815439329,64,27
0,3343,216.065354874731,63,63
5,2216,119.711224524059,55,50
62,1221,553.467906599732,88,26
25,1372,157.482926367733,91,66
21,8323,815.376769205713,82,61
23,4287,454.530632186578,81,58
58,2371,946.945468392857,61,3
47,6607,1793.74708278271,64,17
1,4243,205.500282013627,83,82
48,1556,438.355319136878,80,32
81,4256,3071.47232943749,86,5
68,1371,738.632271363662,72,4
91,5626,4713.96534372635,94,3
81,3786,2732.28248102686,91,10
62,5544,2513.04346780419,78,16
92,2766,2347.77488593716,92,0
9,5418,335.542905628058,36,27
28,1331,172.186339773345,69,41
44,9390,2277.63482223642,83,39
31,6081,886.647503959212,86,55
6,3055,170.459906281252,82,76
95,4293,3805.54859777467,96,1
64,2749,1323.13698943229,75,11
52,8123,2644.14468530342,67,15
69,9049,5006.61009599727,72,3
27,1382,171.794585261843,74,47
1,2286,110.717333180097,52,51
98,9028,8465.02849704689,98,0
79,5504,3826.77397261171,80,1
37,4822,891.892901929481,76,39
77,9540,6372.23895701803,79,2
66,8413,4289.46359424998,73,7
26,4300,513.628136517578,79,53
25,4499,516.410849656292,85,60
98,1202,1127.04522080753,98,0
44,9127,2213.84164244428,80,36
86,3497,2737.82775966265,88,2
50,7410,2245.56164884728,69,19
39,4246,849.38964029101,55,16
8,1838,109.837502151734,64,56
39,7639,1528.14118280335,81,42
74,9696,6066.25548735459,74,0
27,4621,574.430375177261,80,53
81,9807,7077.52094332552,91,10
57,4702,1817.05465052066,90,33
69,3346,1851.26725397357,72,3
48,8175,2303.05574160924,84,36
1,1371,66.4013402405567,80,79
98,1809,1696.19368089918,98,0
79,7149,4970.49548150457,80,1
51,2078,652.776010599217,66,15
26,7317,874.003970906771,81,55
41,9144,1977.00681490588,87,46
70,2547,1446.22775586356,72,2
29,4380,589.686223362962,83,54
77,8626,5761.73304436452,83,6
22,6888,701.977408982051,74,52
39,5355,1071.23917186961,97,58
55,9992,3609.96236109753,76,21
40,2265,471.092117358157,69,29
95,7013,6216.70447616905,96,1
82,5071,3724.62815786204,83,1
94,1053,918.676405856789,94,0
88,3715,2992.17031537431,88,0
52,6521,2122.67234923841,58,6
98,3871,3629.61069030444,98,0
10,1597,102.578943940757,68,58
69,4873,2696.12233371585,73,4
90,1248,1032.26351566572,95,5
15,5617,435.609199060246,34,19
45,2558,644.391456073565,81,36
98,7308,6852.28491985143,99,1
36,3008,534.872497119264,60,24
37,7570,1400.17197586192,74,37
44,4995,1211.58529681267,81,37
79,5124,3562.57082770029,86,7
12,3459,239.334585725066,77,65
82,6532,4797.72650900312,83,1
99,4583,4364.7619047619,99,0
7,2573,148.489303449678,60,53
18,6743,587.259139675394,93,75
12,9428,652.340697951986,74,62
19,5722,518.207661763281,87,68
58,8639,3450.30025366761,80,22
51,9107,2860.84269900244,71,20
52,2234,727.19675328916,94,42
25,3925,450.525135563669,78,53
51,2685,843.456972309383,75,24
42,9462,2126.18833426857,92,50
42,3290,739.289750554174,90,48
77,4781,3193.46692384729,82,5
85,6684,5154.97536412477,96,11
66,7888,4021.78638196171,80,14
62,9196,4168.46099024663,74,12
0,9815,634.364779567898,84,84
35,4845,828.122194107662,58,23
40,9092,1891.02407550568,80,40
94,5203,4539.29092086693,99,5
41,6356,1374.21864780641,61,20
83,2282,1704.7328512144,86,3
7,1294,74.6774810197758,58,51
42,9223,2072.48309099123,68,26
68,1536,827.526746035437,79,11
54,5062,1767.11186541268,54,0
65,7520,3726.41842097141,87,22
5,6426,347.140942595489,92,87
96,5925,5353.8373909818,97,1
31,2609,380.408376554775,67,36
43,4201,980.894340187805,77,34
77,1240,828.257474497102,87,10
7,9662,557.599553024013,97,90
68,9773,5265.24667252886,86,18
8,6813,407.139772665814,55,47
93,1144,984.016399526985,98,5
28,7639,988.227986122148,93,65
87,5723,4545.75108997953,91,4
59,9430,3890.37660729437,90,31
56,1570,586.768965888946,72,16
85,4961,3826.12698704713,88,3
66,5479,2793.53037357609,76,10
80,1722,1220.20849409094,80,0
1,9161,443.692689966258,81,80
61,9914,4357.40879656318,88,27
36,4983,886.060390008409,87,51
99,1252,1192.38095238095,99,0
18,9040,787.308708685387,66,48
30,9001,1261.10959245648,82,52
12,5108,353.431935207758,42,30
2,5136,254.647464595978,62,60
75,7719,4939.31603518157,75,0
81,1301,938.90636762175,88,7
60,9815,4180.5634597728,61,1
16,4185,337.281173811252,80,64
23,5418,574.445291622785,40,17
10,1864,119.728961493783,60,50
86,4438,3474.54377963478,87,1
53,8841,2980.91154690603,70,17
11,4631,308.658574474303,72,61
50,5130,1554.61960304811,76,26
72,8991,5366.2645245464,80,8
85,3838,2960.02325665932,88,3
9,6834,423.237397021437,76,67
22,8815,898.363946018697,67,45
28,4165,538.809996360616,88,60
92,4499,3818.74158056083,92,0
94,2750,2399.20238946455,95,1
35,5838,997.8487862127,60,25
4,3558,186.388746099776,78,74
74,2647,1656.08274288651,74,0
98,6671,6255.00721132032,98,0
92,9064,7693.5038200052,98,6
59,1734,715.367236166324,84,25
70,6202,3521.59581541648,71,1
28,5452,705.30422572823,78,50
61,3513,1544.03642347453,85,24
20,9398,885.164016514156,80,60
83,2981,2226.91000414992,84,1
88,2859,2302.72272722884,93,5
27,9489,1179.56499243822,39,12
90,5737,4745.26906199859,96,6
36,8833,1570.65451032396,95,59
5,5292,285.880776255109,78,73
68,5196,2799.367820573,69,1
35,9993,1708.03407341958,78,43
19,5942,538.131759209615,52,33
80,5687,4029.8058686964,91,11
48,2540,715.567166200302,90,42
77,7077,4727.07915081935,92,15
15,6441,499.511990590537,59,44
16,6348,511.603558268537,87,71
30,8494,1190.07497814969,67,37
45,1159,291.966261762808,65,20
46,4621,1208.64135315105,88,42
64,2711,1304.84699103344,86,22
64,7102,3418.3044375948,90,26
79,7490,5207.58304049087,81,2
44,7044,1708.58995610579,68,24
97,8384,7723.35626937297,97,0
23,4868,516.131354673259,78,55
29,5933,798.769032696907,94,65
24,5511,607.931663186208,72,48
50,8343,2528.30240706246,64,14
17,5235,438.538242373789,76,59
64,6561,3157.91261828492,82,18
10,9155,588.046482014796,77,67
32,6438,976.842766427577,93,61
88,2191,1764.69587105925,91,3
34,9727,1597.99119938572,55,21
65,8669,4295.78740577143,65,0
74,3878,2426.25193687718,77,3
25,2372,272.266400396694,91,66
6,5288,295.054659383064,70,64
5,8965,484.301050477523,70,65
82,6402,4702.24205612951,91,9
63,8939,4176.55446634576,68,5
39,5065,1013.22621951813,95,56
48,8705,2452.36700069828,74,26
28,4022,520.310637541992,84,56
62,8012,3631.76483839235,86,24
86,7168,5611.88143587699,98,12
66,8996,4586.71276522915,82,16
78,7242,4936.98165907344,80,2
28,9509,1230.14267836569,88,60
52,8735,2843.35883615972,69,17
82,3555,2611.1325381975,83,1
93,1687,1451.08012762415,96,3
75,7282,4659.68381502684,93,18
95,6679,5920.62871757209,95,0
74,3006,1880.68935591872,74,0
99,8984,8556.19047619048,99,0
61,8988,3950.41257449162,65,4
6,5337,297.788713526364,73,67
66,3730,1901.78286063859,91,25
30,6997,980.333720521944,47,17
26,7735,923.933403712434,71,45
95,9929,8801.60541050656,95,0
92,7096,6023.06962784167,95,3
5,3515,189.884907130897,83,78
93,5250,4515.80952580129,94,1
34,8539,1402.82171805846,67,33
97,2925,2694.51539693654,98,1
98,7387,6926.35860740866,99,1
68,5646,3041.80729695057,85,17
11,3490,232.610327124879,37,26
64,1340,644.963101432981,87,23
40,4175,868.348604843402,96,56
83,9940,7425.52346234492,88,5
39,6711,1342.49973527861,82,43
96,9321,8422.46722723062,97,1
72,8877,5298.22379984411,82,10
86,3221,2521.74527133926,91,5
50,2250,681.850703091278,55,5
99,7144,6803.80952380952,99,0
73,4862,2972.09293877752,74,1
21,2677,262.256831811089,90,69
23,2831,300.157737280196,86,63
0,8819,569.991135100284,77,77
76,1551,1014.35473243804,95,19
28,5625,727.684568914397,86,58
63,9944,4646.11898571901,89,26
65,2975,1474.21473436036,65,0
25,8724,1001.37102742865,90,65
50,8096,2453.45035210088,54,4
50,6760,2048.58255684313,96,46
55,6174,2230.57522191915,79,24
85,6846,5279.91641873103,90,5
62,7928,3593.6884222135,81,19
0,2910,188.079623896341,84,84
29,7654,1030.46994374888,87,58
22,5133,523.119924550649,74,52
0,3271,211.411838407192,70,70
65,2622,1299.29110369508,87,22
70,3906,2217.88991535259,76,6
55,9379,3388.49449406863,82,27
82,9428,6924.82632071057,88,6
10,5783,371.455249097931,79,69
49,4654,1360.0767723655,86,37
12,5668,392.179367415344,71,59
39,2403,480.707325864177,73,34
44,3825,927.790542604293,64,20
48,4264,1201.25133727484,73,25
99,7585,7223.80952380952,99,0
2,1858,92.1212985240122,74,72
40,8197,1704.87509315003,71,31
14,7978,595.484513757591,36,22
17,2211,185.216438183085,86,69
11,9452,629.980748419587,52,41
72,9595,5726.76099577608,74,2
46,6857,1793.47625158121,88,42
19,3473,314.529047414169,69,50
45,9601,2418.60921413694,59,14
34,9105,1495.80650461674,69,35
90,9311,7701.44679035539,95,5
68,9185,4948.45909006217,84,16
68,3711,1999.31754852702,78,10
60,8678,3696.27404013331,65,5
34,5302,871.034166664244,74,40
46,2793,730.520514899566,74,28
62,7288,3303.58239418415,77,15
59,3453,1424.54617444194,86,27
35,4804,821.114348915007,40,5
52,4020,1308.56353993842,82,30
50,3204,970.95540120198,86,36
0,3879,250.708199688627,80,80
76,3763,2461.00377702408,84,8
31,1562,227.749284851881,66,35
7,9368,540.632644662488,87,80
66,7727,3939.69870352664,68,2
27,1688,209.833039017359,95,68
77,9047,6042.93981594781,85,8
15,7733,599.709086048225,89,74
75,8640,5528.6553366976,83,8
40,1325,275.583688962277,73,33
55,5967,2155.78917220466,87,32
95,1945,1724.1537439254,98,3
95,6999,6204.29411503025,98,3
52,4515,1469.69263254277,82,30
79,7244,5036.54626773242,93,14
64,1235,594.424947962487,69,5
38,3567,686.183916204477,63,25
97,9510,8760.6295469629,98,1
69,7234,4002.41103264938,74,5
57,4870,1881.97706253416,63,6
54,1965,685.968948150123,63,9
54,7710,2691.51175075697,66,12
35,2753,470.551166228771,86,51
15,4582,355.342949990039,81,66
95,7502,6650.18066165981,95,0
39,3430,686.153195053736,91,52
2,9803,486.041490544075,8,6
12,5507,381.039480655663,72,60
83,8089,6042.76250371309,97,14
22,7587,773.214663464986,81,59
88,5682,4576.44999514316,91,3
67,7343,3849.74954800304,79,12
53,5398,1820.03851715855,89,36
8,4504,269.155663597068,78,70
25,8795,1009.52065408471,59,34
3,1217,61.9477637603184,77,74
88,7919,6378.19561977098,94,6
59,8844,3648.62043636388,69,10
64,4768,2294.9134833078,81,17
59,9783,4036.00788432246,70,11
69,9846,5447.57243951698,73,4
38,3323,639.245627571483,86,48
48,4189,1180.12238551696,61,13
74,6183,3868.36403447952,80,6
58,5975,2386.3345312726,88,30
53,4976,1677.753179211,76,23
95,1121,993.715345470627,98,3
10,4292,275.684926358001,91,81
82,4934,3624.00223444908,95,13
49,6997,2044.79097039997,81,32
62,2369,1073.84559437737,79,17
93,5722,4921.80230602571,95,2
40,9642,2005.41730488625,73,33
24,8525,940.413251435751,42,18
84,7798,5920.90047813838,86,2
29,3912,526.678654291303,93,64
11,6607,440.360008972515,71,60
70,6244,3545.44409407618,85,15
87,3510,2787.97594370578,89,2
46,6618,1730.96482907459,71,25
14,1589,118.604273296667,60,46
27,1463,181.863587726538,84,57
94,6438,5616.75090304464,94,0
73,4033,2465.33336530024,98,25
26,5083,607.156236725314,71,45
69,6802,3763.39505724096,74,5
42,7084,1591.83239906558,89,47
28,4902,634.1528456566,89,61
36,7889,1402.79558835568,79,43
44,9787,2373.93099097208,78,34
2,1873,92.8650119136033,96,94
84,2137,1622.59096201356,93,9
14,9655,720.657179785603,66,52
47,6594,1790.21768788696,85,38
41,6000,1297.24856621121,79,38
62,6994,3170.31493755817,79,17
73,9389,5739.40366149365,82,9
73,3857,2357.74629059336,85,12
82,9342,6861.65968265572,84,2
23,9176,972.88851899791,61,38
33,3523,556.231306972798,75,42
50,8053,2440.41942755292,90,40
28,6305,815.653547912049,92,64
13,2236,160.663751870813,81,68
45,3700,932.075210114226,94,49
38,1966,378.199489559294,86,48
55,2540,917.664571375874,92,37
65,5743,2845.85385527112,83,18
39,6927,1385.7093825473,72,33
95,1049,929.89063104254,96,1
70,9582,5440.81443136419,75,5
65,7851,3890.44029561789,75,10
7,5558,320.755362834555,53,46
67,7658,4014.89609677343,87,20
70,4080,2316.6899269428,80,10
60,5190,2210.60869650747,81,21
70,8534,4845.74309718869,75,5
51,7600,2387.43872981427,61,10
79,5073,3527.11198456745,83,4
74,7090,4435.82419609572,77,3
39,8654,1731.18651603354,95,56
96,6058,5474.01635688908,99,3
32,7062,1071.52277361161,63,31
90,5471,4525.25135753779,92,2
97,3012,2774.6599574608,97,0
92,7260,6162.27247718863,95,3
26,7493,895.02688998284,88,62
66,7370,3757.67819917061,89,23
33,7070,1116.25187064936,95,62
75,3332,2132.11569234681,79,4
97,2055,1893.06979169388,98,1
20,7895,743.601820640483,85,65
5,2812,151.907925704718,71,66
3,4852,246.976622650012,88,85
86,1862,1457.77388861648,89,3
27,1908,237.180946946162,80,53
97,5526,5090.56139605857,98,1
23,4632,491.109374454917,84,61
13,1214,87.229782992472,55,42
18,2130,185.505259900428,55,37
98,8013,7513.32225817864,99,1
33,6227,983.15422892978,76,43
5,9407,508.178469809487,81,76
72,9096,5428.93361308798,84,12
8,8744,522.534885100525,77,69
60,8925,3801.4802728958,60,0
15,9173,711.383867363296,67,52
25,1416,162.533399225008,83,58
66,7077,3608.28882164592,85,19
98,8473,7944.63740091696,98,0
26,8082,965.381999845364,80,54
19,9038,818.518148727112,63,44
71,9612,5597.54142986151,79,8
65,9936,4923.62944558137,77,12
39,9712,1942.83376978481,83,44
51,5074,1593.929488826,92,41
4,4451,233.169282993283,85,81
24,5457,601.974793323741,81,57
10,4530,290.972207922122,77,67
62,9450,4283.59682012078,67,5
70,1146,650.717317714815,87,17
68,9534,5136.48437285277,92,24
51,3167,994.870849647604,74,23
34,4180,686.707434299611,80,46
14,6949,518.679103296754,74,60
94,9497,8285.53639736175,94,0
23,6270,664.778881224596,81,58
80,8113,5748.8684741927,86,6
32,3389,514.215615940208,86,54
33,4967,784.21825198237,75,42
13,3883,279.00596981859,58,45
23,7271,770.910246472733,82,59
25,9858,1131.53548697749,63,38
52,6578,2141.22660838679,96,44
50,8398,2544.96986869358,67,17
26,4262,509.089097171609,89,63
47,5587,1516.8253294244,78,31
21,1715,168.01287506762,79,58
84,1951,1481.36404627443,98,14
13,2228,160.088926282724,87,74
99,8602,8192.38095238095,99,0
75,7152,4576.49802871079,87,12
30,2264,317.203879271356,82,52
78,3503,2388.04843299285,82,4
1,2567,124.326944126557,75,74
70,7127,4046.82576208856,75,5
63,3014,1408.22632974227,87,24
50,3584,1086.11240883517,59,9
36,4559,810.666128446385,78,42
62,6394,2898.34053628066,66,4
2,2917,144.627463829141,68,66
60,5291,2253.62824917554,86,26
32,9934,1507.29357590736,83,51
94,6148,5363.7441056102,94,0
78,1749,1192.31992843406,80,2
93,9224,7934.06229828401,94,1
52,9071,2952.73131113965,68,16
29,9934,1337.42989563645,74,45
7,5675,327.50749983557,73,66
26,7703,920.111054789512,78,52
31,7852,1144.87028467156,69,38
31,3647,531.755212455065,84,53
63,6553,3061.74755766459,94,31
63,7471,3490.66320819658,66,3
40,9577,1991.89810505036,79,39
81,3371,2432.78506168556,88,7
4,6837,358.161848534055,69,65
8,4705,281.167272918341,91,83
56,9717,3631.61403919929,82,26
13,3602,258.815221036972,76,63
0,9274,599.3987738882,85,85
16,4121,332.123229934569,60,44
79,8095,5628.2222580472,82,3
24,4404,485.815831005636,52,28
8,3976,237.602779409845,76,68
72,2367,1412.74031026597,89,17
7,9078,523.896578591595,56,49
71,9570,5573.08275944389,76,5
17,3808,318.997827499406,75,58
83,4026,3007.56111261576,85,2
33,7287,1150.51306667919,56,23
46,7725,2020.50518352995,86,40
89,2859,2333.95064849371,89,0
77,9776,6529.87505700296,87,10
35,6238,1066.21800760446,86,51
32,2556,387.823875580753,87,55
8,7549,451.122580926791,69,61
63,4001,1869.38073832077,83,20
13,6335,455.190012567801,69,56
40,3207,667.016521133602,88,48
29,5986,805.904505262714,80,51
58,4562,1822.00136094821,67,9
1,2192,106.164651938221,63,62
22,9213,938.925358442456,81,59
25,1313,150.710701400025,55,30
58,7484,2989.00880871031,96,38
54,3565,1244.51872781434,61,7
48,6417,1807.79311240446,88,40
73,6238,3813.22825012221,79,6
38,8394,1614.75407698917,63,25
63,8365,3908.3653776689,86,23
73,9905,6054.82940324791,82,9
60,5115,2178.6634841302,71,11
85,3300,2545.0955567941,86,1
6,2422,135.140390511683,87,81
78,2897,1974.92900667436,79,1
87,2041,1621.15638208077,90,3
97,4074,3752.97631696392,97,0
8,5071,303.03915854812,71,63
89,1907,1556.78345109392,89,0
42,8655,1944.84887265847,84,42
88,7477,6022.19581374259,89,1
16,4618,372.177887851938,81,65
72,7008,4182.71402380393,94,22
33,1630,257.353684463713,86,53
19,5034,455.899575203837,77,58
62,3127,1417.43992132462,99,37
58,3051,1218.52831044564,80,22
56,4359,1629.1247912802,74,18
70,6013,3414.27856144781,89,19
80,6943,4919.80695381732,92,12
93,5740,4937.28508154274,97,4
3,2587,131.683537262074,53,50
22,9873,1006.18800216025,65,43
6,1454,81.128871925676,70,64
31,2417,352.41358609923,64,33
0,2305,148.977159134387,83,83
70,7349,4172.88094928986,86,16
25,3855,442.490292381642,88,63
67,1780,933.209069242192,78,11
98,8345,7824.61927424195,98,0
97,6594,6074.40496663232,99,2
69,9493,5252.26540405593,88,19
86,1970,1542.32790578651,99,13
32,1923,291.778291370027,62,30
77,7279,4862.00496521323,81,4
59,6002,2476.14426267029,95,36
51,5038,1582.62056852688,89,38
39,7987,1597.75672562513,85,46
14,7400,552.342116044895,15,1
36,1218,216.580685336191,75,39
78,2368,1614.30165267687,88,10
23,4078,432.371336145758,80,57
71,8870,5165.43825248352,72,1
36,8074,1435.69166946175,62,26
31,6076,885.918472957766,88,57
73,9287,5677.05206137944,73,0
29,8004,1077.59098899478,75,46
28,2601,336.481344666017,60,32
5,7304,394.571653395184,86,81
2,9577,474.83620880757,81,79
67,4316,2262.76985553331,75,8
39,4510,902.201431397187,80,41
16,3823,308.106553758761,70,54
19,7578,686.294592946897,63,44
5,4293,231.913486860012,74,69
49,3089,902.723925620336,98,49
2,9550,473.497524706306,76,74
46,2907,760.337678773018,61,15
59,5837,2408.07298587245,79,20
99,9311,8867.61904761905,99,0
54,5323,1858.22529822041,81,27
99,8628,8217.14285714286,99,0
95,2401,2128.37693530328,97,2
33,3233,510.444455135696,72,39
44,7722,1873.04537777526,88,44
47,5672,1539.90214220425,90,43
37,1138,210.488204561541,42,5
16,6390,514.988458937611,85,69
64,8665,4170.60095068417,67,3
76,5731,3748.07670638453,79,3
53,7299,2460.99687601709,93,40
6,2115,118.010704348559,84,78
39,8632,1726.78553344136,95,56
1,5891,285.317502083968,76,75
2,3883,192.522606118805,43,41
69,1415,782.887975006757,73,4
92,9228,7832.70666935216,98,6
95,6725,5961.4056184567,97,2
77,8703,5813.16516173248,82,5
65,1331,659.556239137359,84,19
67,4519,2369.19763140756,75,8
47,3931,1067.23471808973,82,35
48,8483,2389.82530349495,90,42
66,5924,3020.4186773252,70,4
5,7069,381.87664537932,90,85
30,8879,1244.01645055228,90,60
89,5406,4413.19944237741,90,1
4,6373,333.854828244483,80,76
3,2884,146.801438524863,89,86
74,8694,5439.35903538169,85,11
24,4621,509.753622860364,93,69
9,5079,314.548249849558,75,66
84,4159,3157.86420730668,86,2
92,2846,2415.67871488689,94,2
81,7059,5094.34285091617,82,1
92,9465,8033.87176261576,92,0
25,2758,316.572821371872,89,64
0,6029,389.667371983174,0,0
30,5673,794.831098545232,91,61
7,7933,457.817972897899,83,76
38,9586,1844.05915916348,93,55
3,5759,293.144758829641,87,84
77,2485,1659.85469687524,83,6
76,2475,1618.65116878411,85,9
32,3823,580.066774782949,49,17
94,1578,1376.70595293638,95,1
75,1915,1225.39062150184,87,12
79,9200,6396.49719259225,87,8
8,9971,595.859485285605,77,69
42,8673,1948.89361901409,81,39
9,2438,150.988114418827,86,77
3,7811,397.595713008913,91,88
36,6415,1140.69383943487,48,12
84,2115,1605.88670316269,88,4
15,2675,207.451416679038,78,63
13,7677,551.617004969693,87,74
63,6117,2858.03598508077,98,35
40,1661,345.467552729315,62,22
36,8636,1535.62462936236,88,52
47,6261,1699.81088017293,79,32
34,6275,1030.88257182537,50,16
5,4711,254.494394735037,69,64
70,3803,2159.40485102046,84,14
6,5672,316.480716342802,82,76
28,1993,257.82672815047,89,61
90,2781,2300.26028611087,93,3
77,8281,5531.29044057299,98,21
14,9635,719.164363255752,74,60
2,7506,372.154180151365,62,60
90,4058,3356.51069436818,92,2
76,2955,1932.57139545739,85,9
27,9728,1209.2747651427,87,60
39,9364,1873.21822696303,76,37
83,6698,5003.63743971693,84,1
27,5463,679.098277341134,88,61
81,3172,2289.17063650745,81,0
26,9874,1179.43353952897,54,28
22,6694,682.206268252882,76,54
80,1654,1172.02372196656,85,5
73,8551,5227.14247624159,88,15
32,4115,624.372162760093,73,41
94,9949,8679.87802646647,95,1
92,3555,3017.47639895394,92,0
70,7402,4202.97520569377,90,20
13,1606,115.396236808822,73,60
20,4029,379.477103908867,80,60
95,4783,4239.91123763248,95,0
8,8343,498.571425708335,97,89
72,8664,5171.09507737404,92,20
39,3627,725.561993720088,94,55
73,3071,1877.27219559559,86,13
52,1184,385.407768976887,87,35
32,1394,211.512708356639,67,35
19,8652,783.560414116726,92,73
19,7481,677.509877254649,83,64
94,6673,5821.7736526898,96,2
22,9568,975.104507714905,79,57
7,2569,148.258461159045,87,80
98,1128,1057.65974132354,98,0
14,6711,500.914586591526,68,54
90,5925,4900.77029673028,90,0
50,1615,489.417282441073,89,39
89,6970,5689.97412381993,97,8
40,6999,1455.70584079017,60,20
15,2809,217.843375495857,64,49
99,8580,8171.42857142857,99,0
34,5002,821.748944106856,90,56
18,3368,293.324748988095,82,64
49,8650,2527.86078232953,82,33
27,7118,884.829130169172,71,44
33,6576,1038.25633683029,72,39
37,7448,1377.60645656797,68,31
63,5223,2440.33381560845,88,25
15,5774,447.784852300847,88,73
95,3356,2974.94085584248,95,0
34,3848,632.165121336102,69,35
79,6476,4502.57780643776,86,7
94,2457,2143.57828033251,94,0
25,5796,665.285015471854,37,12
70,5804,3295.60498430784,90,20
3,9871,502.453883383815,76,73
51,2383,748.587696466764,74,23
92,5364,4552.95173107987,94,2
89,8586,7009.19911436412,92,3
2,3483,172.690249063043,40,38
46,9830,2571.07649891254,77,31
98,6498,6092.79521198612,98,0
47,1726,468.595045388671,64,17
94,5460,4763.5072896278,95,1
56,2470,923.133341239297,92,36
56,4465,1668.74103993257,71,15
2,3265,161.881614467653,91,89
20,6087,573.312765324715,74,54
66,8620,4395.00489509507,82,16
18,3501,304.907941272958,90,72
57,9851,3806.84929014866,69,12
93,6476,5570.35856935031,95,2
76,1089,712.206514265007,77,1
42,7507,1686.88393842255,85,43
41,1125,243.234106164601,71,30
71,8897,5181.16168346628,87,16
11,7008,467.08686890864,68,57
73,2538,1551.45452048897,76,3
33,4087,645.278839511163,61,28
90,6857,5671.65939657039,95,5
59,8431,3478.23596777294,73,14
41,8061,1742.85344870476,61,20
78,1502,1023.9362678719,85,7
19,7674,694.988744559842,74,55
99,1202,1144.7619047619,99,0
33,3773,595.7027309703,97,64
93,4877,4194.97201092055,95,2
59,2299,948.459790049815,80,21
19,3655,331.011709847045,86,67
90,7325,6058.75821494504,92,2
96,3090,2792.12785453735,99,3
27,3536,439.555465619302,76,49
62,4474,2028.02245219263,66,4
12,2632,182.11293137565,65,53
21,9986,978.295376341253,57,36
39,1262,252.456365060588,82,43
29,5504,741.012094381219,70,41
5,5808,313.755772579303,58,53
24,2415,266.404457738104,75,51
87,1218,967.451481320125,94,7
16,1029,82.9300663923007,65,49
56,3701,1383.20505907961,57,1
20,2896,272.763885063311,86,66
8,6413,383.236072523978,83,75
53,7006,2362.20634516725,74,21
78,2171,1480.00375336211,80,2
91,3727,3122.81351512053,91,0
4,3137,164.334316052557,68,64
20,4224,397.843456666929,95,75
3,6035,307.1937175789,84,81
61,3291,1446.46281515931,79,18
93,2659,2287.15000554393,98,5
95,4817,4270.05068611241,98,3
23,7717,818.197548071804,84,61
31,9415,1372.76537572373,57,26
26,4422,528.200841786216,95,69
31,1751,255.306656706558,65,34
17,3603,301.824887731187,72,55
23,8184,867.711381808946,72,49
84,7151,5429.64341102431,89,5
1,5190,251.366123886571,87,86
13,7776,558.730471622292,84,71
63,8999,4204.58816899491,83,20
72,9713,5797.18911432757,83,11
8,6844,408.992309426806,81,73
66,9161,4670.83988909118,80,14
42,2688,604.015455771921,83,41
51,3382,1062.41023476735,54,3
7,1047,60.4229695731879,87,80
7,6608,381.351464125717,94,87
48,1796,505.967964762104,86,38
52,5266,1714.15313465565,86,34
79,5873,4083.32913174938,89,10
57,4428,1711.16928807007,77,20
0,6891,445.380305247314,38,38
76,8229,5381.76988603007,86,10
34,5701,936.583512665571,75,41
66,1500,764.792035109351,84,18
52,2063,671.533975844018,52,0
15,9989,774.666243441837,58,43
12,1472,101.850393231367,31,19
60,3660,1558.92636401105,70,10
77,9340,6238.64904177656,84,7
33,8244,1301.60967774163,75,42
82,9062,6656.00086108179,94,12
77,7188,4801.22155377836,78,1
21,6771,663.332464771342,87,66
20,8832,831.854500303578,68,48
80,2260,1601.4350735456,80,0
17,9073,760.049183010007,82,65
42,6912,1553.18260055637,80,38
35,4975,850.342191059983,78,43
50,5389,1633.10819509284,87,37
55,1204,434.987458242737,67,12
29,9682,1303.50274305941,65,36
51,6317,1984.40137582062,71,20
74,2613,1634.81080739042,85,11
15,8074,626.154294679086,79,64
21,9436,924.413696290413,71,50
43,8792,2052.85004497291,84,41
39,6108,1221.87280332018,69,30
20,6882,648.190972722965,69,49
90,6707,5547.58926247595,90,0
30,7443,1042.82176387664,77,47
89,7405,6045.08728649736,92,3
80,4418,3130.59298890464,91,11
70,1152,654.124214666202,82,12
78,2028,1382.51847619455,79,1
27,2174,270.247053805533,79,52
61,4635,2037.17871414871,86,25
46,4734,1238.19696295544,73,27
93,9041,7776.65408052751,94,1
41,9318,2014.62702332601,86,45
89,8382,6842.66328634988,94,5
1,4678,226.568540952096,69,68
97,5754,5300.59541674285,98,1
93,5556,4779.01670959085,95,2
27,4159,516.999768526776,93,66
95,9465,8390.29058419222,98,3
28,9365,1211.51395340148,95,67
81,2548,1838.84198670271,93,12
15,9114,706.808303406637,43,28
28,2422,313.324804606341,79,51
57,7722,2984.11229504903,88,31
44,1938,470.080541586175,74,30
1,3676,178.038896224862,74,73
82,3919,2878.48900624361,90,8
98,2449,2296.28431427424,98,0
37,5398,998.431747120559,94,57
23,5326,564.690960351228,58,35
84,9430,7160.05277107526,88,4
87,5282,4195.46693294983,97,10
1,6578,318.590821372999,88,87
47,7534,2045.4200880407,80,33
9,5954,368.737995590523,59,50
6,5430,302.9778366963,80,74
93,2429,2089.31454060406,95,2
21,3709,363.358456924665,70,49
24,4628,510.525809694388,85,61
27,1994,247.871492772876,81,54
89,7553,6165.90739701749,89,0
26,2311,276.045261277238,79,53
23,2700,286.268417752218,78,55
45,4830,1216.73601752749,80,35
90,6583,5445.02461829122,92,2
57,1094,422.768563945045,85,28
80,3090,2189.57273329908,88,8
23,5411,573.703114243427,76,53
7,7060,407.436642967246,84,77
89,9297,7589.62545611964,91,2
12,3555,245.977002674938,27,15
14,2589,193.245099789221,88,74
88,3907,3146.8127650518,91,3
8,8700,519.905478084923,87,79
42,8387,1884.62709358598,71,29
88,1926,1551.2570733273,96,8
0,1537,99.3396501473111,92,92
96,8317,7515.25157481783,97,1
71,5006,2915.24057406229,81,10
35,7215,1233.20983085382,89,54
72,1622,968.088205851881,78,6
45,2330,586.955470153012,79,34
87,6646,5278.88550480587,92,5
56,9601,3588.26040859858,82,26
12,2991,206.952803094441,96,84
67,8819,4623.57909081286,96,29
82,1492,1095.86772067248,87,5
61,4792,2106.18347318245,72,11
41,4608,996.286898850208,66,25
11,2576,171.691748617103,77,66
69,9815,5430.42083017054,85,16
47,5592,1518.18278899968,85,38
25,9151,1050.38357083902,96,71
51,7924,2489.21901250635,87,36
95,4921,4362.24194028631,97,2
14,6664,497.406467746376,56,42
52,6736,2192.65771269283,82,30
59,6568,2709.64936974649,80,21
71,7234,4212.71480478758,76,5
91,5350,4482.70788996373,91,0
11,3065,204.283854623999,90,79
67,4170,2186.22574086513,86,19
84,6841,5194.26521812576,85,1
3,3877,197.347148807522,45,42
17,2497,209.174783420697,79,62
95,1078,955.597807687186,97,2
54,9659,3371.89520111045,77,23
60,2162,920.873988795599,71,11
85,1249,963.280106192675,90,5
57,7034,2718.23956013661,61,4
31,6049,881.981705549955,91,60
9,9526,589.956020489642,52,43
29,3119,419.915828919881,84,55
6,5013,279.710477966585,53,47
99,9587,9130.47619047619,99,0
94,1120,977.129700436471,97,3
55,8326,3008.0611107384,82,27
59,9057,3736.49426641199,96,37
54,4692,1637.94722886533,68,14
50,7735,2344.05119484935,75,25
38,4042,777.559683010512,80,42
3,2154,109.642960673563,68,65
13,3337,239.774123431531,67,54
60,6831,2909.56994332226,91,31
30,5868,822.152104047844,62,32
82,5158,3788.52929170822,85,3
89,5666,4625.45098788576,90,1
79,4080,2836.70745062787,88,9
37,4716,872.286795001956,74,37
44,9886,2397.94439325125,75,31
49,7840,2291.14780733682,82,33
96,2807,2536.40870151661,97,1
50,9539,2890.74393635009,89,39
12,3006,207.990680742859,32,20
23,2824,299.415559900839,45,22
93,5833,5017.27942171408,97,4
60,2252,959.208243648329,69,9
15,4899,379.926912265648,51,36
14,4798,358.126685511271,35,21
96,5001,4518.90983836287,99,3
31,3101,452.145027097109,60,29
67,5840,3061.76458672719,81,14
70,1720,976.643792730788,81,11
84,8008,6080.35022171482,90,6
21,1377,134.900133509103,87,66
62,2359,1069.31268768941,80,18
82,6154,4520.08709987832,84,2
79,5887,4093.06293182506,83,4
97,5632,5188.20879163986,98,1
13,9322,669.815516520448,75,62
89,6244,5097.30250059278,89,0
58,7971,3183.51005000399,82,24
64,7163,3447.66469818242,79,15
93,6465,5560.89687320101,93,0
48,8921,2513.21838176098,81,33
89,4660,3804.20077718807,95,6
2,3116,154.494061464382,96,94
43,6318,1475.19410647621,75,32
60,5870,2500.24528872811,88,28
48,1347,379.475973571578,88,40
83,1117,834.437596321859,87,4
21,5529,541.657834547445,80,59
93,8420,7242.49832518987,98,5
98,1743,1634.30933433238,99,1
18,8067,702.56851249613,74,56
18,4455,387.993395707234,89,71
96,1542,1393.3531235264,98,2
61,9972,4382.90100053743,62,1
53,3914,1319.67965101122,61,8
95,3324,2946.57431609667,95,0
11,6700,446.558507660943,94,83
69,9575,5297.63417716586,80,11
52,9304,3028.57591432513,80,28
32,2713,411.645608157505,66,34
42,8352,1876.76230900561,85,43
50,4797,1453.7056989906,88,38
53,2662,897.54400383032,94,41
80,8225,5828.23162827991,82,2
49,3559,1040.07589876425,67,18
14,8040,600.11224500013,72,58
17,3259,273.007857095736,75,58
27,1099,136.61523097161,73,46
37,4942,914.088494677622,65,28
64,2668,1284.15041389791,79,15
15,9981,774.045827990086,92,77
37,8450,1562.93965601495,74,37
67,6391,3350.63997838587,84,17
0,8502,549.502736208484,77,77
29,2445,329.174158932064,76,47
17,6450,540.319324414697,83,66
63,8942,4177.95615147822,83,20
85,2781,2144.82143740739,90,5
33,2445,386.03052669557,90,57
59,5135,2118.46064458712,91,32
4,5771,302.318564851548,87,83
91,6980,5848.46749008353,93,2
39,7654,1531.14185275257,52,13
72,2876,1716.53617757707,86,14
17,7481,626.686645883155,53,36
93,2392,2057.48883537461,97,4
65,4100,2031.6908944126,76,11
38,4224,812.571029449877,57,19
86,5803,4543.21260775589,92,6
68,8639,4654.29919205738,82,14
0,3058,197.645185524058,55,55
9,3158,195.578533771393,79,70
33,9124,1440.54909021283,85,52
3,7601,386.906287873607,98,95
5,1554,83.9491168368176,55,50
43,2755,643.266819142443,81,38
89,8536,6968.38150945867,91,2
68,5818,3134.473052366,81,13
81,2189,1579.75867695927,84,3
14,1105,82.4781132742715,72,58
25,9659,1108.69357564573,75,50
32,3018,457.923496284316,82,50
15,8019,621.888938448302,68,53
1,8891,430.615839590656,80,79
89,8251,6735.7211614976,93,4
74,8093,5063.34629323027,90,16
52,1830,595.689372658533,53,1
78,2547,1736.32867794256,96,18
69,5306,2935.69158684512,88,19
0,1215,78.5280903897092,86,86
94,7514,6555.49336524968,94,0
59,8552,3528.15490409135,64,5
20,4132,389.1783056221,94,74
72,5089,3037.36182464872,72,0
34,8291,1362.07926741102,80,46
78,9624,6560.82732489958,78,0
85,2971,2291.3572421925,88,3
27,9966,1238.86022917476,76,49
61,7101,3121.0369038123,96,35
13,3167,227.559079684645,92,79
40,1166,242.513646286804,60,20
86,1928,1509.44578799816,90,4
28,6258,809.573339069564,73,45
85,9115,7029.86242429642,88,3
99,1794,1708.57142857143,99,0
64,4644,2235.23033063788,74,10
15,7942,615.917439725204,78,63
58,1758,702.121524012924,72,14
67,3932,2061.44834846084,81,14
38,6647,1278.68362517835,76,38
41,4545,982.66578890499,83,42
94,6660,5810.43196866687,97,3
94,9412,8211.37923259649,94,0
13,1797,129.120197724442,61,48
63,5346,2497.8029060392,87,24
38,5725,1101.31845255695,89,51
74,4623,2892.35758230613,80,6
79,6006,4175.80023246838,80,1
17,9470,793.306046853827,76,59
79,4226,2938.21707998857,81,2
33,9432,1489.17788457776,62,29
39,1292,258.457704959017,62,23
38,5640,1084.96699954955,48,10
35,9900,1692.138229446,83,48
34,2401,394.446064534298,80,46
28,1708,220.957376658807,75,47
73,9297,5683.16496335142,86,13
46,3692,965.65762298933,74,28
1,3503,169.660025428643,64,63
99,9379,8932.38095238095,99,0
52,5200,1692.66925564173,84,32
54,1599,558.200686051932,59,5
27,7423,922.743275252285,75,48
41,1738,375.769668012513,77,36
63,4323,2019.82827587121,84,21
74,2572,1609.15935576279,90,16
57,6209,2399.42414399889,73,16
99,5762,5487.61904761905,99,0
28,2639,341.397258198239,40,12
59,5266,2172.50511283268,69,10
87,3802,3019.9101247776,87,0
60,8360,3560.82633965366,85,25
55,4927,1780.0524973106,78,23
46,9053,2367.84898724875,79,33
46,1619,423.456037816827,77,31
60,2745,1169.19477300829,83,23
19,6981,632.227837603891,36,17
75,4324,2766.88723100468,77,2
5,5329,287.879564751223,79,74
88,3608,2905.98936685613,89,1
60,4753,2024.47459238921,76,16
0,7307,472.26728928198,90,90
94,4749,4143.20441729714,98,4
39,1165,233.052032722333,94,55
35,1885,322.189955808657,67,32
20,8605,810.474181964707,65,45
74,7074,4425.81387350932,87,13
94,5024,4383.1246562436,95,1
63,1469,686.358486526672,80,17
75,6539,4184.24505169741,98,23
60,6703,2855.05011419838,69,9
16,4917,396.275156900819,76,60
58,3746,1496.10195048488,87,29
44,8233,1996.99334307481,73,29
79,1481,1029.69699372056,86,7
45,3396,855.493895553489,76,31
15,4714,365.57980494392,84,69
43,9851,2300.11667345633,81,38
64,7317,3521.78732327248,85,21
85,1732,1335.78954677799,86,1
72,7516,4485.91304265274,77,5
23,4438,470.54045851272,90,67
48,5512,1552.83709452601,79,31
23,1062,112.598910982539,77,54
1,8329,403.396617697737,71,70
32,1125,170.697128336599,74,42
86,5424,4246.49064009442,89,3
45,3070,773.370512175858,82,37
81,5404,3899.96157619365,81,0
14,9886,737.899210705383,62,48
62,4701,2130.91943400929,64,2
58,2106,841.108037298759,96,38
64,2656,1278.37462492985,64,0
89,3363,2745.39210594066,92,3
44,6520,1581.48871575948,62,18
33,4303,679.382149845005,83,50
35,6412,1095.95861890987,86,51
68,2439,1314.02196196643,82,14
52,4793,1560.18533505593,77,25
22,1929,196.59036322973,88,66
52,4757,1548.46685559379,74,22
64,7395,3559.32995156485,84,20
75,9148,5853.71979399417,86,11
82,8012,5884.78028017958,87,5
54,7003,2444.70256686784,70,16
15,7277,564.345405298453,79,64
28,7640,988.357352267733,78,50
99,7989,7608.57142857143,99,0
47,1674,454.477465805699,51,4
45,3609,909.151198189795,59,14
14,3298,246.165445772441,70,56
66,3304,1684.58192266753,83,17
86,3598,2816.90142386794,88,2
61,9340,4105.12388136979,71,10
9,7298,451.973445048646,64,55
55,3329,1202.71864492531,88,33
28,8233,1065.07147659951,83,55
95,1665,1475.9465211495,98,3
58,3852,1538.43692292252,75,17
73,8567,5236.92311939676,80,7
20,4804,452.471582819111,85,65
32,2536,384.78925996588,68,36
35,4447,760.094818822863,78,43
22,8812,898.05820672907,83,61
10,9137,586.890301056165,75,65
94,5581,4869.07219476424,97,3
82,4173,3065.05093724281,89,7
68,7668,4131.16867747378,70,2
69,7952,4399.66443622172,81,12
7,2559,147.681355432462,72,65
28,3565,461.190309009747,60,32
97,8509,7838.50650001128,98,1
15,1118,86.7030593821177,97,82
48,3791,1067.99808152179,84,36
12,2541,175.816473641917,78,66
30,8064,1129.82865832342,73,43
80,8550,6058.52649505085,94,14
74,1014,634.404193912702,79,5
70,5116,2904.94746721553,85,15
28,3789,490.168325620738,88,60
64,3365,1619.62748979252,85,21
65,8807,4364.17114807117,83,18
80,2025,1434.91416988046,86,6
25,5229,600.202785697433,50,25
21,7967,780.500627209169,80,59
17,9882,827.819467266052,78,61
2,9497,470.869737396418,79,77
57,1874,724.194048293432,81,24
98,2275,2133.1346733254,99,1
17,1939,162.430879075984,65,48
90,4988,4125.7455257537,90,0
12,5233,362.080915611237,75,63
20,8507,801.243912373476,87,67
89,8794,7179.0003507708,89,0
41,1789,386.796280825308,82,41
53,3400,1146.37476071491,63,10
62,1834,831.335086571588,80,18
8,4369,261.088164799199,91,83
27,2217,275.592326718889,97,70
16,9100,733.395144965925,66,50
4,8881,465.238463775185,85,81
47,2880,781.896715364643,69,22
70,7923,4498.80742430583,78,8
21,8258,809.008934290614,91,70
50,5438,1647.95738818239,77,27
13,4273,307.028717237918,84,71
78,9447,6440.16373008378,89,11
24,2469,272.361327600571,62,38
74,4526,2831.67000162612,79,5
11,4335,288.930019508983,54,43
73,9758,5964.96974425978,90,17
55,8169,2951.33932423997,88,33
57,5587,2159.05664237748,72,15
22,8199,835.585478548757,93,71
68,4547,2449.71622019735,86,18
87,7802,6197.09068740526,96,9
61,7727,3396.17689843088,84,23
3,1775,90.3510934055588,79,76
77,8768,5856.58188418596,87,10
65,7834,3882.01621142154,71,6
13,6095,437.945244925137,84,71
21,3115,305.166242469758,73,52
63,1944,908.291965832438,76,13
77,7847,5241.400324499,80,3
22,4182,426.200569739103,91,69
49,9906,2894.91201268859,95,46
91,8973,7518.38091526067,91,0
16,3924,316.246433939153,65,49
22,7265,740.398646378427,77,55
54,6613,2308.55605807469,92,38
34,7644,1255.78747076226,70,36
42,1708,383.801487521742,70,28
18,7782,677.747386171425,44,26
34,5643,927.055036304475,85,51
97,1594,1468.39574109978,97,0
90,2590,2142.27764869729,94,4
60,6652,2833.32736978183,76,16
64,2548,1226.39252421734,70,6
89,7071,5772.42568572894,93,4
60,9651,4110.70992870783,85,25
8,6279,375.228332976463,43,35
4,3209,168.106095063007,93,89
33,9235,1458.07440246772,72,39
80,3418,2421.99339884021,80,0
19,6331,573.361186057905,67,48
92,8751,7427.83008923936,93,1
98,2128,1995.30135597206,98,0
72,1707,1018.82032514745,79,7
10,9291,596.782071480007,58,48
53,3984,1343.28148432006,64,11
22,8139,829.470692756231,71,49
27,8526,1059.85574091351,81,54
49,9387,2743.24036574882,52,3
99,2081,1981.90476190476,99,0
93,1624,1396.89041331453,93,0
54,5992,2091.76892484251,64,10
4,5026,263.2911292573,91,87
33,7238,1142.77666757568,61,28
31,5322,775.980597939636,98,67
47,9353,2539.26388152969,90,43
88,7187,5788.62128037555,95,7
21,5206,510.014593353952,76,55
21,9813,961.347138797989,28,7
54,7745,2703.73002718712,78,24
29,8954,1205.49096894794,78,49
33,8178,1291.18922180629,70,37
13,2777,199.536332265317,82,69
27,2237,278.078500166962,82,55
19,2958,267.888546573888,62,43
73,9232,5643.43110053354,87,14
66,1256,640.385864064897,91,25
83,6712,5014.09592346671,85,2
16,6945,559.717503493225,81,65
95,4553,4036.02673320942,96,1
50,7596,2301.92797363615,77,27
95,2411,2137.24147897385,95,0
52,3837,1248.99460267256,81,29
30,4651,651.641008167437,65,35
40,1595,331.740365203647,81,41
70,8827,5012.11323164806,78,8
28,2285,295.601642661226,87,59
50,2347,711.246044513435,61,11
9,7840,485.54012183905,91,82
61,7723,3394.41881539817,80,19
50,9048,2741.94896069773,61,11
70,2565,1456.44844671772,94,24
45,5689,1433.12861360536,78,33
70,9036,5130.78680878802,84,14
8,6673,398.773477616171,82,74
77,8658,5783.10743080315,88,11
79,5749,3997.11547393618,80,1
31,5820,848.592085683706,72,41
98,2472,2317.85007141116,99,1
48,7682,2164.16809872076,76,28
23,3214,340.765442465048,94,71
96,8826,7975.18460975619,97,1
42,7699,1730.02789954911,85,43
62,5614,2544.7738146199,69,7
93,3143,2703.46463611304,93,0
64,5434,2615.46977103494,80,16
95,6199,5495.13062138485,97,2
77,2840,1896.97679642885,90,13
73,3887,2376.0849965093,89,16
60,6153,2620.78522343169,62,2
34,8054,1323.14394159069,65,31
36,2686,477.615534329237,88,52
88,1487,1197.67355557513,94,6
56,7033,2628.50072426558,96,40
58,8439,3370.42294718149,60,2
92,5460,4634.43632581955,95,3
0,5247,339.125012571855,88,88
57,4632,1790.00364551504,83,26
77,3611,2411.96591968471,82,5
86,7595,5946.18296672513,92,6
83,6250,4668.96595972392,84,1
37,5158,954.040561624277,63,26
45,8013,2018.57261044467,82,37
45,3943,993.289879319025,93,48
68,6549,3528.30251288156,71,3
80,3582,2538.20373161078,94,14
91,9813,8222.20794845124,91,0
88,4041,3254.74030805588,98,10
83,2461,1838.45203630089,91,8
17,5670,474.978382857571,60,43
40,1041,216.515185063948,79,39
50,4463,1352.48875017617,80,30
12,1827,126.413497577246,86,74
60,8743,3723.95989086028,78,18
5,5157,278.587899309825,76,71
18,5486,477.784908832747,58,40
10,2757,177.088383496973,65,55
88,2592,2087.67307064609,93,5
91,1778,1489.76722025337,91,0
85,4902,3780.62376345596,89,4
37,2197,406.364310563888,84,47
15,4950,383.882060770557,81,66
26,1350,161.255345185751,62,36
73,1831,1119.27235106986,83,10
31,3926,572.435142335778,69,38
57,6182,2388.99018492529,84,27
55,8167,2950.61675371132,60,5
40,6783,1410.78049979708,69,29
59,4976,2052.86468694558,74,15
51,8642,2714.7691451388,76,25
52,3071,999.6514007838,53,1
92,5443,4620.00676216773,92,0
35,3097,529.348696625682,61,26
1,8657,419.282569265134,91,90
56,2754,1029.27498857207,63,7
31,5533,806.745706200678,84,53
53,3764,1269.10429392086,91,38
8,9134,545.840992738815,73,65
97,3298,3038.12368516127,98,1
57,5315,2053.9441657842,94,37
99,5257,5006.66666666667,99,0
2,1549,76.8008026984365,91,89
37,9191,1699.99744123473,82,45
11,4614,307.525515574267,63,52
25,1840,211.201592213287,51,26
11,5615,374.242689629283,75,64
39,7495,1499.33475129089,85,46
48,8895,2505.89367848492,65,17
99,1711,1629.52380952381,99,0
27,4176,519.113015957638,75,48
9,8132,503.624014132035,79,70
90,7039,5822.19782593831,92,2
1,5020,243.132551427859,84,83
3,2583,131.479929164258,92,89
53,4070,1372.2780223852,89,36
46,8361,2186.85357145552,84,38
12,2353,162.808407115085,94,82
60,1641,698.961246814791,88,28
74,8074,5051.45903515893,80,6
82,5295,3889.15521512118,90,8
91,7242,6067.99449329296,95,4
54,1344,469.181814917946,74,20
53,9307,3138.03232293343,94,41
3,8907,453.384331810317,73,70
28,7573,979.689820513552,64,36
58,8207,3277.7652716576,68,10
77,1435,958.507641857533,93,16
62,6364,2884.74181621679,84,22
54,1969,687.365322599283,75,21
69,2162,1196.18643248382,69,0
73,2671,1632.75611671632,87,14
94,3839,3349.28653569251,97,3
95,1876,1662.98839259848,98,3
87,9261,7355.96729762371,90,3
24,3958,436.616498437854,67,43
80,2204,1561.753496502,82,2
8,1040,62.1496203687724,67,59
74,9724,6083.77355188078,79,5
30,2221,311.179247288729,75,45
34,8796,1445.04272538263,64,30
24,7640,842.78677313421,43,19
73,9327,5701.50366926737,87,14
49,4989,1457.97658301064,79,30
48,3549,999.821997183021,76,28
40,9767,2031.4157661091,63,23
96,1884,1702.3847501451,98,2
91,4741,3972.43329090057,94,3
99,3887,3701.90476190476,99,0
50,8917,2702.25009753997,68,18
65,4809,2383.02475883664,69,4
55,5172,1868.5673870693,85,30
30,2535,355.173071533961,40,10
79,8210,5708.17847295461,91,12
0,7896,510.335639273369,81,81
89,1103,900.436364214259,93,4
29,8942,1203.87539025379,79,50
96,5785,5227.33321634257,97,1
16,4373,352.43263394901,63,47
19,9102,824.314249802409,79,60
92,5164,4383.19215870552,95,3
0,3481,224.984594770846,79,79
76,2127,1391.05900444598,85,9
6,4027,224.69461296059,65,59
81,8475,6116.24247931924,84,3
19,9236,836.449836428812,91,72
30,9022,1264.05185458753,54,24
5,8570,462.96263274873,72,67
49,3665,1071.05315228182,97,48
52,5788,1884.07108685661,79,27
21,5159,505.41015887688,93,72
84,9193,6980.10234618185,94,10
24,8025,885.257049005502,48,24
31,9484,1382.82600354369,87,56
67,5849,3066.4830595492,83,16
94,6937,6052.09708207839,97,3
27,5943,738.766440094885,85,58
91,9138,7656.6326539231,93,2
5,7453,402.620828690349,81,76
93,7536,6482.12201646448,96,3
51,2834,890.263336880742,78,27
43,2703,631.125303862803,61,18
40,6169,1283.07605827041,56,16
28,6374,824.579811957399,77,49
55,1915,691.861281175118,81,26
15,9294,720.767651071021,84,69
69,4534,2508.56118634674,82,13
46,8117,2123.03437860357,72,26
52,3847,1252.24973585649,84,32
44,3860,936.280129268646,45,1
31,4886,712.409094613503,93,62
30,8703,1219.35749173967,92,62
13,3801,273.11400754068,72,59
4,3801,199.118500260047,81,77
33,2256,356.190130153458,67,34
28,4043,523.027326599273,57,29
98,4846,4543.81126458676,99,1
34,7604,1249.2161077546,85,51
68,9820,5290.56812895052,97,29
11,1263,84.1796112202643,80,69
99,7517,7159.04761904762,99,0
37,2059,380.839378903526,84,47
81,9601,6928.85475444767,91,10
62,5923,2684.84063127782,68,6
29,4951,666.560842892699,83,54
20,5750,541.571940301809,78,58
75,4676,2992.12874472199,85,10
21,8080,791.570863292342,87,66
73,7271,4444.69102382792,89,16
38,3745,720.425782502318,75,37
50,9540,2891.04698110702,78,28
7,8205,473.515248660943,58,51
88,4849,3905.52728378197,88,0
83,1924,1437.29448104141,87,4
58,6315,2522.12595229899,81,23
75,3709,2373.35447266336,77,2
20,2332,219.642741701534,75,55
59,9330,3849.12128802296,76,17
23,3318,351.792077815504,90,67
97,4622,4257.79492808228,97,0
1,6484,314.038140131123,85,84
35,6743,1152.53414961155,79,44
64,3845,1850.65904851479,92,28
59,9051,3734.01894725571,69,10
90,1824,1508.69283058836,94,4
95,4091,3626.4848156292,97,2
6,9599,535.595626970127,23,17
49,9819,2869.48728574493,90,41
26,5039,601.900506956296,66,40
89,8011,6539.79665795143,93,4
89,2768,2259.66260756579,93,4
32,4519,685.671398180525,65,33
73,1663,1016.57559794056,87,14
36,4561,811.02176175564,66,30
66,9302,4742.73034039146,78,12
74,9985,6247.06693907133,78,4
92,5376,4563.13730542233,92,0
88,9852,7935.0906990761,89,1
29,7316,984.964477197129,85,56
92,5452,4627.64594292458,93,1
65,3591,1779.46390288675,69,4
34,4962,815.177581099204,78,44
37,9965,1843.15901446024,73,36
91,6066,5082.63664682617,91,0
30,9105,1275.68079539121,80,50
97,8565,7890.09380333725,99,2
72,4599,2744.90607812133,89,17
81,8759,6321.19974942268,91,10
74,1974,1235.02354909632,90,16
85,9149,7056.08462094218,97,12
26,4455,532.142639112979,59,33
59,8971,3701.01469183858,69,10
66,9114,4646.87640532442,77,11
50,2908,881.254153150861,69,19
18,5188,451.83159078095,66,48
10,8890,571.024929012729,98,88
55,1710,617.79780198927,79,24
34,4800,788.563560918214,80,46
26,5874,701.63992416378,79,53
46,4642,1214.13398860143,81,35
87,1974,1567.93860765675,94,7
21,1117,109.428793848706,68,47
55,6567,2372.56033079739,58,3
57,5299,2047.76107892577,75,18
89,1405,1146.97469784319,89,0
46,5933,1551.80029176481,79,33
42,5634,1266.00560930767,90,48
96,5307,4795.41182007434,96,0
68,3050,1643.20089544797,78,10
63,1298,606.462433976597,80,17
22,6108,622.485193679206,82,60
73,9493,5802.97784200226,83,10
59,3392,1399.38042968637,65,6
27,6408,796.569972762582,81,54
70,6180,3509.10385992806,90,20
98,8591,8055.27911144549,98,0
80,9168,6496.44104171067,97,17
31,4405,642.276312274351,41,10
34,6990,1148.34568558715,81,47
21,4567,447.413877803976,76,55
7,7576,437.215298458903,73,66
75,9562,6118.6345288776,83,8
17,5791,485.114605842715,69,52
59,9700,4001.76596932719,99,40
15,4020,311.758764504573,77,62
28,6632,857.956277518273,76,48
54,3709,1294.78820798412,61,7
71,6519,3796.33505839234,73,2
23,7254,769.107815694293,65,42
58,1933,772.014167188272,68,10
34,2187,359.289272443361,94,60
79,1312,912.196121378373,88,9
26,7281,869.703828368485,91,65
20,8914,839.577787104404,92,72
65,2971,1472.2325969024,83,18
13,4754,341.590105721756,74,61
83,8387,6265.37880067272,86,3
13,2527,181.573032637543,59,46
95,9631,8537.44200912364,98,3
53,4349,1466.34818657328,83,30
76,6344,4148.9789958652,93,17
4,1544,80.8837054463333,62,58
5,6126,330.934549383748,87,82
97,9522,8771.68396910418,97,0
97,1079,993.976790869923,97,0
28,5514,713.324926754487,69,41
30,9618,1347.55605602116,87,57
2,1498,74.2721771738269,66,64
52,1931,628.56621781619,70,18
15,4711,365.347149149514,87,72
65,2482,1229.91629266636,81,16
75,5377,3440.6921001647,75,0
64,5438,2617.39503402429,76,12
24,9099,1003.73257182568,81,57
36,9791,1741.00286545702,81,45
70,5590,3174.09232637506,73,3
51,5859,1840.52677868182,71,20
18,2089,181.934501376524,39,21
72,6160,3676.58652777286,81,9
87,6391,5076.34024393836,92,5
68,2351,1266.61157547481,86,18
62,5430,2461.36833156146,87,25
49,8633,2522.89273223709,74,25
64,1047,503.937587462934,82,18
52,4261,1387.01224967104,55,3
83,4305,3215.98375305784,85,2
17,6786,568.466191546998,69,52
48,5236,1475.082552057,57,9
69,8480,4691.79507283201,89,20
99,1393,1326.66666666667,99,0
26,4107,490.574594576208,77,51
36,2059,366.124491877848,74,38
97,5892,5427.72127136755,97,0
26,8278,988.793886998258,84,58
10,4596,295.211538103768,76,66
9,4773,295.597321624718,63,54
45,5276,1329.0888671791,65,20
71,7648,4453.80741318985,95,24
51,8909,2798.64363735728,69,18
32,9866,1496.97588281679,87,55
23,9617,1019.64569389744,57,34
17,5377,450.433644554702,87,70
50,6068,1838.87558504794,72,22
50,2188,663.061928161652,81,31
35,3759,642.499758029041,38,3
30,5455,764.287615470516,57,27
36,3302,587.150593579724,78,42
64,9727,4681.75827435717,94,30
68,8441,4547.62582245125,78,10
58,7518,3002.58795081295,92,34
46,4429,1158.4229718905,71,25
16,9201,741.535025146316,83,67
83,4388,3277.98762100297,85,2
59,8090,3337.55532905742,83,24
63,3604,1683.8910724589,79,16
8,7374,440.664712114738,89,81
88,6456,5199.85237040553,91,3
17,3088,258.683112215905,70,53
77,7414,4952.17815800122,84,7
37,6164,1140.11361416286,72,35
20,8924,840.519651348407,83,63
98,8428,7902.44352825778,98,0
2,2020,100.153403131596,82,80
9,8744,541.525870581716,86,77
28,8251,1067.40006722003,80,52
21,8804,862.498747577448,85,64
11,5196,346.316120269591,63,52
94,4892,4267.9629415493,97,3
26,8764,1046.84581126513,87,61
40,5032,1046.59405498731,69,29
69,7685,4251.93928475401,73,4
30,7124,998.127401028773,78,48
89,8324,6795.31486465956,89,0
51,7258,2280.00398697263,71,20
60,2971,1265.45634630515,84,24
60,8374,3566.78944596408,62,2
38,3466,666.754542630984,86,48
9,9377,580.72828092918,90,81
68,6480,3491.128459837,74,6
4,7396,387.445521684638,75,71
3,6919,352.191107196091,77,74
9,1050,65.0276948891585,59,50
11,9377,624.981959154726,78,67
39,9486,1897.62367588331,57,18
82,1683,1236.15641681755,95,13
5,7643,412.884877724451,73,68
5,9638,520.657392582528,86,81
70,8811,5003.02817311103,71,1
67,1512,792.703434097862,84,17
3,2630,133.872324313589,81,78
58,2708,1081.53872982196,79,21
13,3935,282.742336141167,90,77
64,1083,521.264954367104,76,12
34,7352,1207.8165208064,82,48
57,7089,2739.49392121245,88,31
74,8270,5174.08548684225,81,7
51,5954,1870.36976280449,74,23
32,2204,334.41464075899,73,41
57,7246,2800.16546101078,78,21
72,4713,2812.94680282362,78,6
30,3047,426.908224443385,70,40
36,2863,509.089082198289,59,23
29,3530,475.24939919435,65,36
54,9046,3157.90081677659,80,26
22,8980,915.179606948145,48,26
38,7027,1351.78423862317,80,42
13,8738,627.853248589967,31,18
19,5115,463.23526562726,62,43
93,8760,7534.95075162272,93,0
54,9161,3198.04658218996,61,7
83,8554,6390.13357111655,85,2
9,1427,88.3757339112659,69,60
80,7548,5348.50970580629,92,12
70,8600,4883.21896365394,84,14
90,6378,5275.46210169549,90,0
93,9092,7820.52194449244,97,4
49,2203,643.800844332017,80,31
4,3473,181.93595143466,77,73
61,5663,2489.0060535543,63,2
76,2500,1635.00118059001,87,11
85,1017,784.352176139272,85,0
69,7544,4173.92712611376,91,22
88,8871,7144.96443275519,96,8
15,8513,660.199592593889,61,46
22,1132,115.365625285668,61,39
77,9654,6448.38520870566,80,3
17,5542,464.255766807171,67,50
28,7549,976.585033019518,84,56
54,4761,1662.03468811335,82,28
85,8795,6783.06527939518,91,6
43,1653,385.960091485466,65,22
28,7685,994.178828819048,92,64
23,1469,155.751224325188,95,72
35,1711,292.449344503243,76,41
75,5315,3401.01887899858,88,13
38,6042,1162.29975377277,88,50
25,1702,195.36147279729,51,26
77,2831,1890.96525024298,84,7
17,3057,256.086228641198,69,52
19,5335,483.159363073594,67,48
21,8706,852.898011859298,76,55
87,5553,4410.72091606786,95,8
50,7858,2381.32569995167,81,31
63,1994,931.653384706729,70,7
60,2136,909.79964850481,77,17
51,4829,1516.96600345699,69,18
95,9497,8418.65712393804,98,3
59,9311,3841.28277736139,70,11
37,8226,1521.50788288509,52,15
68,9451,5091.76775832091,88,20
25,7206,827.129713852688,93,68
92,7309,6203.86357242035,93,1
26,2324,277.598090527175,58,32
8,7036,420.466085494887,46,38
84,2615,1985.52894977326,86,2
32,8874,1346.45894831909,73,41
43,8438,1970.19434479997,76,33
21,2433,238.352959206716,67,46
87,8017,6367.8641426465,96,9
55,4373,1579.90046087665,82,27
90,4926,4074.46320366133,99,9
17,4197,351.584527840075,76,59
30,6120,857.459249620451,82,52
67,8855,4642.4529821009,93,26
28,3501,452.910875692321,81,53
89,4986,4070.33156117162,91,2
4,2915,152.704664103667,81,77
90,7049,5830.46916821127,92,2
70,7472,4242.72233679328,76,6
60,1804,768.388841714736,73,13
86,2911,2279.04392575864,90,4
42,1186,266.503843208891,87,45
82,8187,6013.31704366328,85,3
17,8732,731.483463688238,91,74
19,5904,534.690324196157,73,54
43,8133,1898.97968787132,82,39
30,9131,1279.32359612489,65,35
21,7134,698.894373604897,86,65
37,3037,561.733459800878,75,38
57,3264,1261.3497191194,84,27
55,8720,3150.40750488095,70,15
7,5808,335.183005999117,59,52
44,8852,2147.13774722437,56,12
60,5346,2277.05473825221,70,10
63,8492,3967.7033816096,90,27
7,3079,177.690853214752,83,76
5,9433,509.583023887838,77,72
24,9890,1090.98968407033,89,65
93,1759,1513.01122969228,94,1
9,6873,425.652711403035,75,66
77,5922,3955.59739029987,80,3
17,6930,580.529134603698,70,53
20,1024,96.4468985859221,67,47
88,6753,5439.0649097504,92,4
17,2615,219.05969509216,74,57
1,9001,435.943445299235,72,71
73,5606,3426.89284549296,93,20
5,8994,485.867668487991,83,78
52,2918,949.847863069726,67,15
11,7755,516.874809986659,92,81
77,9289,6204.58361338998,87,10
50,8704,2637.70156431399,82,32
28,4159,538.033799487107,84,56
79,5505,3827.46924404569,83,4
77,7555,5046.35904824646,92,15
79,6157,4280.78621899897,80,1
16,9576,771.757352548758,83,67
31,2450,357.225190708777,71,40
83,4874,3641.0464140311,84,1
35,3311,565.926230070272,72,37
60,1370,583.532546091568,63,3
42,8292,1863.27982115356,60,18
1,2990,144.814009715,76,75
64,5737,2761.30844247837,81,17
53,4397,1482.53230084219,89,36
58,1802,719.694531439869,62,4
2,1166,57.8113208175448,82,80
45,1349,339.829583363268,69,24
60,4061,1729.72676618822,80,20
21,7662,750.620786453703,51,30
45,6226,1568.4054751814,94,49
3,7021,357.383113690382,53,50
95,4279,3793.13823663587,98,3
50,1151,348.804515225805,85,35
20,7427,699.522574021136,68,48
63,8264,3861.17531154283,76,13
24,9537,1052.04940515458,91,67
21,2944,288.413938308497,83,62
32,4275,648.649087679076,71,39
30,3730,522.601797562791,78,48
99,1175,1119.04761904762,99,0
44,4329,1050.04059057098,83,39
67,1500,786.412137001847,79,12
47,2589,702.892568083007,65,18
91,3993,3345.69207563088,95,4
48,6512,1834.55645129778,72,24
84,4524,3435.0030473324,88,4
61,1967,864.537331333446,87,26
63,1509,705.047621626105,75,12
17,5911,495.167058389965,80,63
7,5001,288.610573863909,54,47
28,6513,842.561706193684,69,41
26,2498,298.38211279556,70,44
37,9374,1733.84572017564,69,32
23,3716,393.990163098979,38,15
29,2384,320.961633903493,70,41
22,5619,572.649689470114,70,48
47,5372,1458.4545676871,90,43
30,9247,1295.57609170593,78,48
73,5247,3207.43966469882,78,5
65,8974,4446.92538694115,82,17
51,9316,2926.49726407233,62,11
81,6182,4461.42902739251,89,8
82,1830,1344.12729814386,88,6
74,4847,3032.50209851565,92,18
42,4816,1082.19435825803,92,50
96,7071,6389.36442052867,98,2
61,5690,2500.87311402507,89,28
70,9628,5466.93397465815,93,23
74,4472,2797.88516289704,86,12
43,1408,328.754875264087,81,38
29,9949,1339.44936900413,57,28
34,4728,776.735107504441,64,30
63,7399,3457.0227650176,68,5
25,2728,313.129317151004,61,36
14,2850,212.726355503777,60,46
3,5579,283.982394427951,73,70
95,4925,4365.78775775454,97,2
39,3967,793.577179235619,71,32
89,3618,2953.56189095847,96,7
10,9561,614.124785859471,91,81
93,5293,4552.79615620309,95,2
38,2574,495.160471071019,66,28
9,3490,216.139671583965,84,75
38,3989,767.364071135313,45,7
10,6275,403.057528633844,71,61
1,2725,131.979323235242,71,70
92,2619,2223.00160024201,93,1
19,1468,132.948068414627,86,67
3,4268,217.249840368972,78,75
63,5718,2671.61186246393,98,35
80,7526,5332.92051482488,86,6
47,6997,1899.628929655,91,44
5,6472,349.625922887956,67,62
97,4497,4142.64469744397,98,1
8,5944,355.208984107676,86,78
23,2541,269.41038870681,70,47
13,5899,423.862018016962,90,77
6,6665,371.887160512126,53,47
43,5962,1392.07142494637,83,40
15,4400,341.228498462717,73,58
7,2341,135.100450592964,37,30
96,4256,3845.72690903267,98,2
11,1084,72.2491675081287,70,59
42,6447,1448.69331970297,79,37
88,1717,1382.92232341795,91,3
13,1075,77.2421883994295,81,68
78,7194,4904.25932827593,96,18
9,1819,112.652740003218,75,66
31,9718,1416.94465441138,59,28
95,4246,3763.885242523,95,0
35,4796,819.746964487172,79,44
95,6526,5785.00119941241,97,2
88,8335,6713.25426073887,88,0
28,6589,852.393533258127,87,59
14,4983,371.935238412394,87,73
67,5048,2646.53897839022,86,19
72,9466,5649.76754413927,77,5
84,2985,2266.46421226508,87,3
40,6911,1437.40292408928,79,39
14,1284,95.8388212164386,81,67
36,9213,1638.22483908237,81,45
27,3243,403.133024605033,68,41
76,1074,702.396507181467,78,2
88,4911,3955.463908157,98,10
9,9935,615.285855927419,83,74
89,6857,5597.72633673361,94,5
3,3664,186.505017598855,68,65
5,7524,406.456341750461,80,75
24,5385,594.032300173785,46,22
97,9472,8725.62387684885,97,0
70,2424,1376.38636836013,80,10
66,7756,3954.48468287209,95,29
52,5279,1718.38480779475,75,23
71,4804,2797.60601633944,73,2
5,4670,252.279520996099,82,77
79,3534,2457.0892476762,97,18
29,7112,957.499639396663,34,5
88,7772,6259.79749423665,93,5
15,8317,644.999414026004,70,55
55,1367,493.876956327095,88,33
30,8428,1180.82786859496,59,29
61,4215,1852.57999571453,78,17
12,5901,408.301066887428,84,72
30,6525,914.202876433569,52,22
26,4930,588.880630937595,47,21
48,1199,337.781508769355,83,35
12,2594,179.483641332992,25,13
81,1277,921.586034936952,81,0
23,2061,218.51822555086,75,52
8,4788,286.127290697771,73,65
85,3670,2830.45475558616,93,8
88,4609,3712.22422168512,90,2
53,7514,2533.48822117995,82,29
30,8553,1198.34133366074,77,47
65,4321,2141.20398896509,85,20
75,9510,6085.36021435118,89,14
77,8929,5964.12176595534,82,5
18,8127,707.794012775015,85,67
45,5352,1348.23419581928,71,26
96,5006,4523.42784459999,96,0
5,7903,426.93041850796,80,75
79,5952,4138.2555750336,92,13
28,5734,741.785478783139,58,30
14,1540,114.946872798532,75,61
18,9949,866.475037910499,81,63
46,8499,2222.94803298654,90,44
17,8181,685.325952408781,93,76
88,7423,5978.7026247708,96,8
33,9370,1479.38897142638,79,46
41,9181,1985.00651439752,87,46
52,3465,1127.9036482305,93,41
15,7000,542.863520281595,73,58
36,2409,428.360320997443,55,19
24,8088,892.206730511713,85,61
50,9772,2961.35336471465,74,24
75,1436,918.882993460388,83,8
49,2622,766.248667198615,89,40
33,6351,1002.73205523254,71,38
28,3630,469.599108472758,67,39
81,1976,1426.04072438169,85,4
94,2986,2605.09757634223,94,0
47,3498,949.678718869972,91,44
88,8434,6792.99177385382,88,0
30,9029,1265.03260863122,69,39
57,3710,1433.7032652981,85,28
24,3241,357.522504152876,50,26
12,8547,591.382684068268,90,78
41,4248,918.451984877535,82,41
98,5606,5256.41889171964,99,1
77,5747,3838.70621446358,91,14
43,8506,1986.07171093489,89,46
90,6242,5162.9718467832,97,7
4,1915,100.318844514073,73,69
30,7665,1073.92567783346,89,59
64,7525,3621.90099871879,76,12
90,1590,1315.14342140104,92,2
95,7799,6913.45760867566,97,2
79,2182,1517.08226893873,81,2
82,2320,1704.03023589823,85,3
61,4899,2153.21219430735,86,25
39,2297,459.502591556394,77,38
35,6036,1031.69155080162,82,47
27,7914,983.778833402477,83,56
75,8813,5639.35642156435,87,12
97,6209,5719.74225626631,97,0
49,3385,989.22644487693,81,32
86,8895,6963.96280303095,89,3
1,3610,174.842332799715,87,86
52,2452,798.158656698756,62,10
26,3328,397.524287983837,93,67
92,2040,1731.54763821829,93,1
91,7810,6543.91563002182,94,3
65,3193,1582.24122581938,71,6
61,9485,4168.85439130541,74,13
28,8820,1141.00940405778,82,54
57,6071,2346.09501984494,86,29
79,1299,903.157592736667,89,10
15,2232,173.09591103836,70,55
83,5022,3751.60752795736,96,13
30,3291,461.094508251782,78,48
17,6684,559.921606881835,71,54
89,7431,6066.31244104819,91,2
76,3846,2515.28581621967,98,22
7,8996,519.164311633619,48,41
59,5058,2086.69404874814,82,23
44,3784,917.845598226051,75,31
83,7154,5344.28519613839,99,16
21,9395,920.39706195935,76,55
50,9509,2881.65259364221,92,42
99,5355,5100,99,0
3,6303,320.835460132528,32,29
73,8881,5428.86824131698,79,6
82,4763,3498.40345413072,86,4
2,4081,202.339622861407,73,71
9,9120,564.811978465834,82,73
2,9302,461.201463331734,89,87
83,9880,7380.70138913157,95,12
98,3110,2916.06542155692,98,0
25,7054,809.682625800286,71,46
87,2438,1936.49155292156,88,1
16,5884,474.208465162582,99,83
87,4727,3754.63312988525,95,8
83,9312,6956.38576271186,85,2
2,6870,340.620732432704,46,44
7,2298,132.618895968659,86,79
85,8036,6197.69330133253,88,3
25,6999,803.369534728693,78,53
33,7673,1211.45694533133,74,41
77,7491,5003.61027536919,86,9
33,3918,618.596156888851,52,19
25,4997,573.573019722715,68,43
44,5068,1229.29214899832,72,28
75,6595,4220.07892887971,91,16
21,8761,858.286179864382,84,63
62,1549,702.147245964771,86,24
3,3213,163.548204570175,71,68
75,6229,3985.87894586682,83,8
6,4605,256.945292446863,81,75
27,8262,1027.03825139895,79,52
53,5678,1914.4458503939,87,34
75,6153,3937.24725540513,81,6
69,5192,2872.6179266679,73,4
3,5953,303.019751573685,95,92
21,5761,564.3861068598,87,66
49,8559,2501.26710242294,74,25
6,2213,123.478812635159,89,83
63,1538,718.597244573194,78,15
92,2146,1821.52021157669,93,1
85,2465,1901.10925681741,87,2
28,5762,745.407730859513,84,56
27,1009,125.427450455282,59,32
70,5004,2841.35205745631,86,16
51,8712,2736.75871238709,85,34
14,9545,712.446688871423,78,64
62,3547,1607.82200221888,79,17
53,2907,980.150420411247,83,30
52,1687,549.140968128385,64,12
6,2029,113.212160341951,85,79
76,3272,2139.8895451562,81,5
27,2302,286.1585638732,66,39
99,2465,2347.61904761905,99,0
57,6640,2565.9810462478,80,23
78,9542,6504.92667645384,80,2
72,2140,1277.25570932369,81,9
31,3313,483.05594155844,72,41
31,7218,1052.42915368814,71,40
83,2393,1787.65368665909,92,9
68,4525,2437.86362357445,85,17
95,3932,3485.53857126718,96,1
85,5312,4096.83260536068,87,2
18,8301,722.947963583782,80,62
6,7127,397.665385291811,65,59
95,9776,8665.97789234687,96,1
68,4095,2206.19923503588,78,10
68,6170,3324.11459833245,68,0
17,4261,356.945835865275,68,51
70,5698,3235.41647150002,83,13
84,5090,3864.75807049556,87,3
2,2395,118.746237871372,3,1
70,5785,3284.81647729512,79,9
48,3247,914.742751437946,88,40
9,1620,100.328443543273,84,75
86,4351,3406.43082135893,93,7
82,7730,5677.65246702298,84,2
55,8055,2910.15280410735,77,22
74,6800,4254.38709921733,91,17
59,8990,3708.85320250015,70,11
56,8146,3044.47133511551,84,28
50,4240,1284.9097693809,86,36
83,7756,5793.999997379,84,1
37,5406,999.911453303769,89,52
99,1653,1574.28571428571,99,0
81,6591,4756.59636356261,85,4
46,2488,650.74652383463,77,31
84,2337,1774.44786065778,84,0
76,7914,5175.75973727573,94,18
41,1847,399.336350298683,77,36
84,4675,3549.65500580879,89,5
27,3402,422.898103517213,50,23
47,6429,1745.42152190253,80,33
90,6555,5421.86485992692,91,1
25,2911,334.134692898303,77,52
45,7522,1894.88371094033,74,29
56,1209,451.849477553971,86,30
41,1749,378.147957050567,95,54
93,3603,3099.13556599277,93,0
41,2549,551.114432545395,84,43
86,7248,5674.51404118812,86,0
78,4053,2762.99180671426,88,10
24,5523,609.255412044534,86,62
83,6949,5191.14311265944,91,8
40,5941,1235.65486499992,88,48
48,4976,1401.83551929634,86,38
47,4367,1185.60519305465,82,35
8,5579,333.396857728251,80,72
18,6034,525.511144713233,84,66
84,7401,5619.46453432959,86,2
61,6060,2663.49579455042,73,12
56,1418,529.96076027422,79,23
96,2090,1888.52660711426,98,2
5,3432,185.401138342315,41,36
42,8459,1900.80607900844,82,40
54,3061,1068.57554722011,79,25
29,9192,1237.53327971515,52,23
19,3327,301.306691836147,64,45
41,9650,2086.40811065636,84,43
26,8313,992.974581132703,54,28
78,5039,3435.16301851299,95,17
25,8421,966.591634797874,84,59
31,3391,494.428825181005,55,24
94,4041,3525.51885666409,97,3
49,6204,1813.0460454997,68,19
11,6750,449.891033837517,44,33
52,2379,774.396184456093,83,31
17,3063,256.588851268561,98,81
94,8136,7098.14932388494,95,1
40,3213,668.264447272299,78,38
78,9757,6651.49544981766,84,6
41,1430,309.177574947004,70,29
30,3796,531.848907117521,87,57
90,3226,2668.3350172577,90,0
51,7667,2408.48588703763,60,9
65,8762,4341.87210166908,87,22
68,7805,4204.97802917095,69,1
11,4803,320.122464521718,90,79
39,2093,418.693480247076,69,30
89,3481,2841.72165351753,90,1
71,7271,4234.26172872691,77,6
84,6834,5188.95022667321,99,15
83,1151,859.836771142757,85,2
8,6499,388.375368054473,89,81
89,9140,7461.45817671652,92,3
31,2930,427.212166847639,78,47
35,2992,511.401776010346,63,28
38,6133,1179.80542699245,93,55
50,8475,2568.30431497715,76,26
39,2577,515.515097275067,84,45
75,8444,5403.23676655955,94,19
25,7735,887.850171614008,80,55
69,2021,1118.17427384357,85,16
38,2673,514.205104573751,90,52
44,9835,2385.5738526832,78,34
19,2482,224.780044826365,69,50
89,5889,4807.49750576407,91,2
21,7709,755.225220930775,79,58
34,1614,265.154497358749,68,34
37,3844,710.998821032129,59,22
27,6415,797.440133469407,80,53
21,7652,749.641119543688,33,12
92,2864,2430.95707640058,92,0
7,2740,158.126969083606,86,79
49,6728,1966.17888364313,85,36
87,8837,7019.18615798517,88,1
34,1635,268.604462937767,79,45
12,2316,160.248308915656,71,59
43,5967,1393.23887833864,87,44
45,8268,2082.81022627687,56,11
69,8801,4869.39722122577,95,26
71,8533,4969.18653984689,74,3
38,1404,270.087529675101,66,28
69,6245,3455.21936672593,74,5
50,2022,612.756498511362,93,43
86,7070,5535.15649437086,94,8
27,6383,793.462255952491,77,50
80,6052,4288.44471906991,92,12
69,1579,873.625521226621,90,21
21,2160,211.608052563299,55,34
25,8326,955.687204765123,86,61
42,1630,366.274253314074,79,37
71,6375,3712.47675981764,74,3
57,5314,2053.55772285555,94,37
78,5024,3424.93729013877,88,10
23,8922,945.95808266122,23,0
21,4969,486.79648758659,56,35
18,1698,147.881657892454,41,23
19,5211,471.929417240206,72,53
22,3136,319.599470756056,90,68
97,2783,2563.70473493141,97,0
57,6089,2353.05099256068,83,26
1,7628,369.44523950034,29,28
85,7265,5603.06643033609,92,7
83,5353,3998.87596518434,85,2
30,5227,732.343055190539,61,31
64,1998,961.668863181416,67,3
21,2408,235.903791931678,80,59
36,8325,1480.32364977323,84,48
7,6177,356.478207310011,86,79
54,8166,2850.69843796127,74,20
43,3558,830.759833941492,91,48
11,9684,645.443669878891,63,52
6,8029,447.994300337863,81,75
13,7440,534.587796922563,86,73
50,5802,1758.26567970471,78,28
68,1759,947.668975440321,78,10
93,5872,5050.82543533432,94,1
77,9268,6190.55667228963,82,5
16,8861,714.133448301435,81,65
16,1518,122.339981325085,70,54
60,4521,1925.65740210217,93,33
28,1573,203.492947004862,84,56
4,7713,404.051826494539,77,73
0,8127,525.265671273388,87,87
39,4443,888.798438957362,84,45
58,1520,607.067529294451,63,5
79,1289,896.204878396893,79,0
82,4595,3375.00816118637,92,10
99,2372,2259.04761904762,99,0
86,2881,2255.55669876697,86,0
5,6389,345.142154099374,85,80
94,4585,4000.1247111618,94,0
34,8562,1406.60025178786,71,37
22,2782,283.522234580149,79,57
50,4168,1263.09054688198,98,48
0,5515,356.446434978803,90,90
39,1571,314.270166014408,69,30
51,6144,1930.05573104985,56,5
77,8665,5787.7830778366,91,14
50,1879,569.421098270449,87,37
71,3492,2033.56374043658,92,21
17,7324,613.534687133836,86,69
9,1474,91.2864973967806,58,49
10,4925,316.343956736523,79,69
3,6283,319.817419643451,90,87
46,9054,2368.11054131782,81,35
13,7438,534.444090525541,68,55
61,4333,1904.44344517937,85,24
90,7219,5971.08198685163,92,2
5,6648,359.133673572177,64,59
16,9663,778.768932506124,52,36
48,8815,2483.35612994318,53,5
84,5985,4544.31769192847,89,5
91,5642,4727.37157292998,95,4
55,9103,3288.77976111598,67,12
60,6296,2681.69409503103,83,23
37,9461,1749.93752491805,66,29
94,6686,5833.11533671272,96,2
74,9448,5911.09548726549,86,12
29,2794,376.160572620118,95,66
53,6340,2137.65175968604,68,15
30,3508,491.497883605971,73,43
58,6107,2439.05355355343,72,14
42,4403,989.389900209735,45,3
82,5981,4393.01932797729,87,5
13,5684,408.413580337076,83,70
57,2007,775.590957804118,91,34
92,2488,2111.80908033682,92,0
67,7258,3805.18619357294,77,10
61,7637,3356.62003019498,86,25
64,7567,3642.11626010699,67,3
23,7893,836.858007895652,69,46
94,3360,2931.38910130941,94,0
26,9389,1121.50106366594,77,51
70,5631,3197.3727888762,79,9
13,3962,284.682372500967,81,68
29,8816,1186.91181396527,79,50
3,7884,401.311560794043,66,63
51,8442,2651.94181014369,90,39
9,1196,74.069641035651,82,73
59,8912,3676.67405346844,90,31
76,3671,2400.83573357837,79,3
62,2956,1339.92721696053,81,19
3,9707,494.105951373386,80,77
15,3737,289.811567898903,73,58
85,9937,7663.8225902615,88,3
96,6039,5456.84793318804,97,1
53,9948,3354.15768223292,75,22
92,4210,3573.43899847991,98,6
80,7641,5414.40946768229,85,5
83,4755,3552.14930215796,91,8
5,4061,219.380542776265,80,75
79,4012,2789.4289931174,86,7
82,3883,2852.04715775553,95,13
17,2423,202.97577101656,58,41
29,2466,332.001421646818,62,33
10,9514,611.105868911935,81,71
22,4620,470.838506024547,87,65
70,2127,1207.7449692665,85,15
94,6500,5670.84201146166,96,2
78,8726,5948.64705289627,85,7
94,8196,7150.49555783689,95,1
57,2756,1065.0367113643,92,35
82,5836,4286.51743823365,87,5
72,5162,3080.93176239668,86,14
60,3454,1471.1835140148,60,0
64,6931,3335.9994448,89,25
95,2545,2256.02636415945,98,3
34,1700,279.282927825201,93,59
70,1281,727.372499121011,79,9
78,9194,6267.68977817194,81,3
6,1193,66.5658488358539,69,63
1,2603,126.070524176637,80,79
70,5506,3126.39576905565,91,21
87,4598,3652.1690567405,94,7
83,1670,1247.54770443823,93,10
6,5931,330.932145385959,83,77
40,5620,1168.89081657962,78,38
62,5619,2547.04026796388,66,4
68,6415,3456.10942436024,81,13
92,6791,5764.1862799708,93,1
93,2185,1879.43691692873,94,1
51,5575,1751.31196298876,80,29
61,9433,4145.99931188022,81,20
11,7280,485.215811309204,84,73
0,4046,261.50177260639,86,86
38,1302,250.465786066226,74,36
37,9066,1676.87703212208,58,21
45,7067,1780.26365131817,76,31
13,5358,384.989437622459,66,53
29,4927,663.329685504409,97,68
29,6742,907.685962993855,81,52
12,9092,629.092238627435,96,84
45,2640,665.048258027448,81,36
64,7443,3582.43310743708,73,9
69,3248,1797.04603733,73,4
41,8395,1815.06695222385,72,31
40,1254,260.816562987695,76,36
56,9411,3517.25015158017,87,31
60,8891,3786.99844328477,81,21
6,1880,104.898403865386,85,79
77,2604,1739.34069644391,80,3
35,8232,1407.03857624237,48,13
21,6293,616.504386472612,68,47
28,2449,316.817690537131,56,28
33,9742,1538.12245033466,91,58
70,5406,3069.61415319921,88,18
22,9498,967.970590956958,63,41
66,3150,1606.06327372964,80,14
85,7800,6015.68040696786,86,1
24,5246,578.698875898176,97,73
51,3169,995.499122997555,93,42
28,1181,152.781417935627,79,51
91,4023,3370.82875538768,91,0
9,7589,469.995406203642,73,64
84,2067,1569.44104748808,84,0
30,7743,1084.8540800345,83,53
32,7377,1119.31796954586,82,50
26,4904,585.774972437721,93,67
28,6130,793.014472434712,79,51
66,1380,703.608672300603,87,21
93,3769,3241.92116242763,94,1
51,9606,3017.59689981525,93,42
17,5375,450.266103678914,93,76
7,6725,388.103601126733,76,69
50,7996,2423.14587640794,94,44
38,4315,830.07670266956,74,36
89,4181,3413.16812219385,94,5
49,6758,1974.94603086508,68,19
7,4177,241.057061993511,78,71
58,2833,1131.46204637578,68,10
87,2838,2254.20960918433,89,2
39,2946,589.331578025746,61,22
60,8220,3501.19527654941,78,18
14,5740,428.438344067257,71,57
53,7782,2623.84952584806,75,22
88,2935,2363.93536355952,94,6
16,6766,545.291379213126,80,64
17,2517,210.850192178573,85,68
65,2794,1384.52301438751,74,9
23,1359,144.088436935283,87,64
53,2737,922.831682375501,80,27
50,2927,887.01200353252,85,35
93,5820,5006.097417174,93,0
71,9870,5747.78754814119,97,26
28,4969,642.820377410781,91,63
73,1541,941.998193882386,87,14
51,5722,1797.49005421016,71,20
52,7294,2374.29414435592,93,41
79,2907,2021.15405857236,89,10
58,8674,3464.27878230268,80,22
91,4951,4148.39004919821,96,5
14,9342,697.294601093434,68,54
15,8489,658.338346238638,40,25
0,1396,90.2265137317153,80,80
11,3417,227.744838907081,74,63
75,2529,1618.28348917919,93,18
38,8794,1691.70209114162,62,24
60,1192,507.715908716167,85,25
31,1138,165.92745592922,83,52
87,7511,5965.9508014741,87,0
13,6392,459.285644882933,93,80
13,4973,357.325956195686,75,62
63,5171,2416.03793997919,83,20
53,5097,1718.55063393056,71,18
17,9154,766.834588479401,19,2
63,3085,1441.39954454376,67,4
43,7993,1866.29099288767,93,50
37,8167,1510.59504978392,70,33
25,9109,1045.5626649298,84,59
7,2462,142.083429884612,82,75
91,6191,5187.37281247953,92,1
80,4920,3486.30998311698,93,13
31,5900,860.25658170685,68,37
30,4160,582.848117389065,72,42
44,1486,360.443593806531,78,34
25,7214,828.047981644919,85,60
55,5073,1832.8001459015,71,16
93,1169,1005.52025441175,95,2
48,5214,1468.88472620802,70,22
51,7173,2253.3023695997,70,19
83,1124,839.66683819675,83,0
27,3756,466.903373548105,61,34
6,2472,137.930241678316,77,71
17,6672,558.91636162711,66,49
27,5100,633.974229258609,76,49
9,2801,173.469117509079,77,68
58,1670,666.975509159035,79,21
48,6055,1705.81070525308,91,43
12,8987,621.827095088513,27,15
98,7758,7274.22364644326,99,1
25,8001,918.382575705711,82,57
50,7804,2364.96128307748,73,23
71,2473,1440.14980816142,91,20
86,3913,3063.51730728051,86,0
51,6827,2144.61108005816,78,27
31,2993,436.397957465865,92,61
59,9002,3713.80384081272,80,21
30,9044,1267.13422443911,92,62
18,7965,693.685162022025,80,62
54,1990,694.696288457376,84,30
56,5114,1911.29712837966,79,23
61,1084,476.440501863475,82,21
3,1419,72.2299726999932,86,83
69,1122,620.777602796877,92,23
59,6847,2824.75171051374,72,13
37,7506,1388.33432639624,49,12
34,2254,370.296305481178,94,60
1,7315,354.285779620476,90,89
12,4094,283.271406174738,91,79
72,8621,5145.43059349511,86,14
45,7559,1904.20446304147,75,30
31,7127,1039.16078946182,80,49
26,5447,650.635455723546,82,56
64,7805,3756.66940797345,68,4
91,5697,4773.45548581746,91,0
48,4568,1286.89402173346,73,25
52,4078,1327.44331240519,69,17
25,4412,506.424687415773,30,5
88,8990,7240.81053437821,88,0
66,1535,782.637182595236,82,16
58,3674,1467.34612014988,69,11
82,8830,6485.59783749197,85,3
92,9932,8430.26036410985,97,5
85,3108,2397.01726985335,85,0
66,3469,1768.70904652956,76,10
6,6903,385.166852065297,61,55
69,6904,3819.82938476795,72,3
3,5186,263.977898817593,36,33
30,4183,586.070594961168,83,53
79,1687,1172.92290911991,81,2
30,4250,595.457812236424,79,49
16,4362,351.546112345205,63,47
68,6956,3747.57555040527,89,21
15,3323,257.70506827082,79,64
63,2294,1071.82189795248,86,23
0,7883,509.495421022286,53,53
99,1522,1449.52380952381,99,0
10,9266,595.17626459302,55,45
99,5327,5073.33333333333,99,0
36,9261,1646.76003850449,60,24
15,1439,111.597229383602,98,83
60,8100,3450.08293674577,77,17
58,7696,3073.67875358559,89,31
14,4823,359.992706173585,57,43
3,8964,456.285747204186,61,58
41,9147,1977.65543918899,71,30
22,3188,324.898951776246,82,60
19,2823,255.662395868183,81,62
93,2793,2402.41066772628,93,0
35,6638,1134.58722899621,83,48
99,9769,9303.80952380952,99,0
2,4236,210.024661220514,69,67
35,1682,287.49257595234,82,47
55,3051,1102.28134144401,85,30
98,9429,8841.02278452095,99,1
48,9503,2677.17904740216,80,32
72,3642,2173.72209969948,93,21
40,7101,1476.92058514802,69,29
55,8429,3045.27349296348,73,18
2,4927,244.285058034343,83,81
65,2825,1399.88457968673,85,20
12,5477,378.963725358828,89,77
73,4549,2780.75910705449,81,8
64,1179,567.471266111556,98,34
99,3339,3180,99,0
2,4149,205.711123560886,82,80
20,4940,465.280936537554,65,45
51,8405,2640.3187531696,77,26
81,1562,1127.26498556893,83,2
28,7120,921.086956563646,71,43
23,2427,257.323499957272,80,57
31,6695,976.172510936841,91,60
58,1634,652.597593991535,73,15
96,3608,3260.19330070251,96,0
31,4504,656.711126102992,72,41
95,8105,7184.71264499503,97,2
46,8994,2352.4172971739,82,36
35,4233,723.517285378273,67,32
22,2658,270.885010608928,71,49
40,1194,248.337301600724,72,32
8,5530,330.468654460876,62,54
0,7305,472.138024935659,92,92
32,9594,1455.70511045452,52,20
55,5414,1955.99842103503,89,34
52,2383,775.698237729663,89,37
86,2210,1730.22572171989,86,0
39,1892,378.4845029276,75,36
74,4507,2819.78274355478,80,6
39,5022,1004.62429899704,68,29
97,6672,6146.25871055063,97,0
97,5333,4912.76943995301,97,0
13,5570,400.222315706811,72,59
19,9938,900.025820098477,84,65
64,1619,779.250194940296,89,25
84,4591,3485.87510837821,85,1
9,3565,220.78450693319,75,66
91,8164,6840.52845115213,91,0
67,6503,3409.35875128201,78,11
26,2722,325.138555256011,75,49
21,2474,242.369593537779,48,27
14,2186,163.164846712722,64,50
32,3102,470.668881866782,69,37
18,3292,286.705781968174,64,46
12,2945,203.769978305961,46,34
94,6825,5954.38411203475,97,3
98,3038,2848.55522530222,98,0
47,6576,1785.33083341593,54,7
14,2973,221.907177162361,73,59
84,8505,6457.71461484572,87,3
6,7469,416.747967271578,87,81
27,5034,625.769856879968,64,37
14,5565,415.37619943106,87,73
7,1876,108.265034306877,76,69
37,7465,1380.75083220729,74,37
73,4594,2808.26716592841,76,3
97,6237,5745.5359079293,98,1
2,3357,166.443056590479,69,67
69,5892,3259.91233126488,77,8
53,5924,1997.38943602209,93,40
12,3142,217.400771421844,75,63
33,9105,1437.54926198902,76,43
7,5729,330.623870759115,76,69
7,3968,228.995552307937,83,76
57,5441,2102.63597479432,72,15
98,3399,3187.04384819034,99,1
3,4351,221.47470839864,77,74
95,8399,7445.33022890972,95,0
23,4282,454.000505487037,87,64
23,6557,695.208153778258,80,57
54,6544,2284.46859882667,85,31
69,3942,2181.02077560186,84,15
84,6409,4866.25431705423,89,5
92,5728,4861.91415280117,93,1
59,4441,1832.14872884351,69,10
84,8031,6097.8137650589,84,0
81,8319,6003.66031686805,92,11
48,5139,1447.75577445014,89,41
75,1334,853.614145735486,92,17
91,3681,3084.27060616009,94,3
93,8000,6881.23356312577,97,4
76,8775,5738.85414387093,89,13
62,8653,3922.32415709049,70,8
81,9439,6811.94250882529,85,4
40,3370,700.918514568207,59,19
95,8567,7594.25456257525,95,0
83,8259,6169.75837781758,92,9
59,8451,3486.48703162722,84,25
45,7627,1921.33449393005,88,43
6,5872,327.640121009333,66,60
43,4669,1090.16797770456,57,14
70,7567,4296.6648718569,86,16
84,7698,5844.97202881626,96,12
69,9626,5325.85134092936,77,8
61,7033,3091.14949225629,81,20
35,1231,210.406278833134,85,50
21,2299,225.225422612512,86,65
66,2997,1528.05448614848,80,14
65,4794,2375.59174336927,77,12
92,3751,3183.84077988079,99,7
99,7967,7587.61904761905,99,0
46,1906,498.522055638587,74,28
11,6354,423.49742651905,89,78
68,9373,5049.7449157488,68,0
42,2682,602.667206986716,83,41
57,4141,1600.26016754701,78,21
11,3536,235.676251207328,67,56
31,4585,668.521428326425,78,47
57,1949,753.177267942315,72,15
38,9630,1852.52344072025,68,30
93,1687,1451.08012762415,94,1
77,3559,2377.23254172192,81,4
58,1566,625.439309786257,77,19
20,4174,393.134135446913,61,41
14,1069,79.7910435205396,81,67
42,7734,1737.89268412948,78,36
93,5524,4751.49177533834,97,4
80,3830,2713.93642994675,85,5
58,3185,1272.04610579133,73,15
2,3800,188.407392029734,74,72
71,7120,4146.3269850826,92,21
9,4025,249.272830408441,75,66
62,5018,2274.61257601757,88,26
81,7763,5602.40594300357,82,1
60,3600,1533.37019410923,74,14
8,1722,102.905429110602,97,89
57,6739,2604.23889618433,80,23
4,9563,500.965592735288,85,81
10,1243,79.8407184210148,69,59
29,1470,197.908390032775,79,50
52,4793,1560.18533505593,66,14
78,7765,5293.51872172124,82,4
61,7581,3332.00686773709,87,26
17,8247,690.854801309769,74,57
25,4883,560.487703683413,66,41
5,6983,377.230812658621,65,60
87,1761,1398.75374269683,88,1
38,2499,480.732718417435,72,34
63,3324,1553.06712676287,89,26
35,3707,633.611759248112,67,32
94,8528,7440.1447190377,98,4
94,9325,8135.47719336615,95,1
22,9536,971.843288625558,49,27
75,9530,6098.15802763057,76,1
48,9486,2672.38981833704,66,18
48,2048,576.96124266859,68,20
79,4620,3212.15402497567,82,3
65,1252,620.40902434258,82,17
78,2020,1377.06475439497,89,11
58,4532,1810.0197649753,60,2
75,2231,1427.59607131624,97,22
50,6661,2018.58112590711,95,45
80,3419,2422.70199843028,81,1
42,2081,467.61762033533,65,23
10,8974,576.420440153007,79,69
24,9318,1027.89098849013,43,19
48,5259,1481.56209726275,70,22
17,4132,346.139449376981,62,45
86,9682,7580.11105777917,86,0
37,9786,1810.05058861093,82,45
33,8351,1318.50344721256,69,36
65,4121,2042.09711606691,97,32
43,7567,1766.82396386601,82,39
69,5954,3294.21554995776,83,14
82,7571,5560.86763620065,93,11
9,6750,418.035181430305,86,77
47,3622,983.343716337061,68,21
33,2222,350.822016489798,87,54
81,9078,6551.41583802479,91,10
97,2354,2168.50914338072,97,0
66,4554,2321.90861859199,83,17
92,4821,4092.05449208353,94,2
30,5506,771.433109217353,76,46
95,4786,4242.57060073365,99,4
61,8910,3916.12995535384,71,10
75,5799,3710.72596035988,83,8
84,3043,2310.5027128719,86,2
23,7861,833.465197018588,84,61
5,6930,374.367683191214,95,90
27,2534,314.998175870846,78,51
87,6021,4782.4510418953,92,5
49,6702,1958.5806893841,87,38
38,3706,712.923351122454,63,25
76,1194,780.876563849787,83,7
55,4835,1746.81425299305,91,36
44,4737,1149.00491511543,84,40
36,7775,1382.52448972815,81,45
8,2064,123.343092731871,56,48
90,4238,3505.39485528151,98,8
51,6309,1981.88828242082,56,5
37,9057,1675.21236266597,50,13
60,6716,2860.58728434378,97,37
34,3505,575.815683545488,68,34
62,4248,1925.57876104477,80,18
68,1211,652.431568651637,73,5
3,1079,54.923284385689,32,29
2,9341,463.135118144671,97,95
26,4845,578.727516611085,95,69
21,1857,181.924145189836,68,47
26,3523,420.81672673289,76,50
35,3872,661.814063072212,80,45
47,7495,2034.83190335347,90,43
23,4272,452.940252087954,81,58
42,4649,1044.66810040315,69,27
42,3364,755.918152238371,90,48
63,2465,1151.71795050255,81,18
38,8069,1552.23381549031,65,27
16,5809,468.163999682094,79,63
74,9808,6136.32774545935,84,10
12,6778,468.982313398236,79,67
83,8256,6167.51727415691,88,5
59,1986,819.330640730288,71,12
32,3868,586.894659916413,91,59
65,7749,3839.89579043982,83,18
63,5518,2578.16618696677,95,32
87,4839,3843.59418563882,96,9
47,9808,2662.7927028807,73,26
64,5056,2433.53241854116,71,7
52,7438,2421.16806220446,86,34
14,1047,78.1489453377035,70,56
49,1959,572.494713593473,87,38
44,5122,1242.39036842332,76,32
9,1217,75.3701949334342,82,73
24,8139,897.832663159598,72,48
49,8509,2486.65519038635,90,41
21,3369,330.049781984146,69,48
12,9393,649.918983439012,94,82
86,8023,6281.26740513967,89,3
91,2307,1933.01067329838,95,4
31,5478,798.726365184767,81,50
9,2837,175.698638476707,86,77
44,4604,1116.74448579089,67,23
5,4875,263.353889690789,99,94
88,4053,3264.40546116072,89,1
82,5623,4130.0698346792,89,7
84,8937,6785.72551591725,93,9
26,8077,964.784757826157,63,37
9,3154,195.330809219434,77,68
31,2545,371.07677973626,69,38
13,2373,170.507640066834,59,46
40,3520,732.116668035635,79,39
26,4092,488.782868518588,82,56
51,1623,509.843823485337,84,33
69,3158,1747.25104245324,73,4
63,3712,1734.35173722737,64,1
9,7762,480.709493075855,80,71
32,2450,371.740412821927,97,65
62,1812,821.36269185808,73,11
21,3770,369.334425075758,83,62
62,5682,2575.59758009802,71,9
33,9216,1455.07457424391,92,59
55,2128,768.815042475536,76,21
42,4020,903.326686087471,51,9
90,6559,5425.17339683611,97,7
85,7959,6138.30773834067,97,12
34,3498,574.665695019149,88,54
84,7032,5339.28855633099,94,10
29,7768,1045.81794134326,35,6
50,6525,1977.36703896471,76,26
38,1151,221.417910723676,43,5
85,1347,1038.86173181868,90,5
52,5614,1827.43176945629,72,20
94,1871,1632.33006206843,94,0
76,9026,5903.00826240216,86,10
38,7271,1398.72252725617,42,4
15,6304,488.887375979311,83,68
64,8613,4145.57253182259,75,11
46,7496,1960.60930171398,88,42
17,9627,806.458005603146,72,55
95,9654,8557.83045956595,96,1
40,4325,899.54675831083,63,23
43,4711,1099.97458619965,75,32
5,6193,334.553977201037,69,64
27,9399,1168.3772119219,70,43
40,9120,1896.8477308196,93,53
80,1480,1048.72739329535,80,0
68,2290,1233.74755756585,73,5
61,9560,4201.81844816865,90,29
99,6601,6286.66666666667,99,0
48,9009,2538.0096851569,71,23
35,1214,207.500586923984,51,16
3,3156,160.646789176306,65,62
8,8568,512.017257038117,89,81
61,7941,3490.23434068068,85,24
87,3474,2759.38131864213,91,4
65,1263,625.85990235198,85,20
29,4482,603.418642263195,76,47
63,5877,2745.90117448418,70,7
73,7264,4440.41199244754,90,17
56,7264,2714.83424727217,68,12
89,3657,2985.39962278472,94,5
7,1077,62.1542867529355,73,66
24,7855,866.503940179217,58,34
70,1450,823.333429918397,82,12
26,7134,852.144913003814,85,59
53,9780,3297.51328229171,79,26
59,7475,3083.83511553822,90,31
50,3719,1127.02345102065,65,15
39,6545,1309.29232117397,77,38
75,2588,1656.0370383534,81,6
99,5717,5444.7619047619,99,0
44,1526,370.145978565791,85,41
65,9124,4521.25554161478,81,16
78,7938,5411.45545563725,81,3
17,8235,689.849556055044,54,37
32,6138,931.323532204484,61,29
78,8438,5752.31306811125,87,9
48,3983,1122.08819802197,57,9
90,4324,3576.52839882899,90,0
78,3910,2665.50652954669,83,5
84,9566,7263.31546215334,86,2
45,5883,1481.99958408162,73,28
35,8838,1510.61794665088,71,36
24,3554,392.050286874212,73,49
91,3025,2534.61520881127,98,7
80,3081,2183.1953369885,84,4
98,1389,1302.3842027468,99,1
18,8815,767.713082639567,74,56
61,9688,4258.07710521526,91,30
8,3838,229.356002860912,62,54
2,7414,367.59273802854,84,82
95,9939,8810.46995417713,95,0
89,4964,4052.37181501322,91,2
86,1824,1428.0234010937,90,4
96,6236,5634.85737893039,96,0
20,5419,510.396233825305,25,5
38,5496,1057.26571445467,90,52
18,5189,451.918682452264,84,66
92,1505,1277.44078211693,92,0
94,4481,3909.39123897842,98,4
73,9448,5775.46978312835,98,25
42,4387,985.794570115855,89,47
81,6492,4685.14999123782,88,7
88,4165,3354.61355680592,90,2
99,2965,2823.80952380952,99,0
28,2890,373.868160740019,91,63
60,7069,3010.94275059949,86,26
52,6999,2278.26771543009,89,37
63,5501,2570.22330454951,75,12
2,1044,51.7624519155376,64,62
72,9773,5833.00002206562,84,12
42,5211,1170.9540699507,75,33
87,8499,6750.71440044314,94,7
97,3674,3384.49557892131,98,1
56,3071,1147.74999633436,68,12
42,9434,2119.89650660428,84,42
16,9281,747.98245499217,28,12
54,5074,1771.30098876016,67,13
91,2214,1855.08696605228,92,1
29,9802,1319.65853000086,64,35
85,9814,7568.95993769008,94,9
39,4399,879.996473772999,76,37
77,7160,4782.51896564456,77,0
66,8087,4123.24879195288,72,6
10,5151,330.860450994889,49,39
43,3111,726.389500672283,83,40
31,3571,520.673941233078,72,41
93,9845,8468.21805362165,98,5
44,3171,769.156551790383,79,35
90,3911,3234.92196295564,93,3
16,2867,231.059767100803,78,62
1,4077,197.46044067159,92,91
57,4270,1650.11130534309,93,36
90,3275,2708.86459439522,98,8
48,2985,840.932279963741,84,36
30,3050,427.328547604963,83,53
8,9228,551.458362272146,82,74
82,4117,3023.91917292802,90,8
75,8511,5446.10944104552,80,5
60,4919,2095.17999578425,83,23
17,4035,338.013716901287,77,60
53,3790,1277.87068914985,91,38
28,4078,527.55514169474,45,17
57,3972,1534.95131260486,79,22
14,8246,615.488255257596,58,44
16,2354,189.715623214262,62,46
65,7499,3716.0121993171,94,29
91,1926,1613.77484038694,92,1
3,4123,209.869046823166,73,70
96,6578,5943.88900554908,98,2
49,1075,314.156108786617,59,10
7,3211,185.308648805641,69,62
69,6589,3645.54690269931,75,6
44,9327,2262.35356624059,92,48
10,3000,192.696826438491,74,64
27,3923,487.662921839514,33,6
59,4329,1785.94277125953,74,15
33,5479,865.055728329254,69,36
15,1968,152.622201130597,85,70
59,5026,2073.49234658128,90,31
70,7734,4391.49017033716,95,25
71,9473,5516.5948777651,85,14
10,5769,370.555997241219,97,87
86,3691,2889.71182754213,89,3
26,9995,1193.88679639377,34,8
19,1772,160.479548522288,86,67
28,6480,838.292623389386,69,41
69,6610,3657.16573483722,98,29
95,1010,895.318910727326,95,0
84,6165,4680.98890070827,97,13
35,3240,553.790693273235,50,15
21,3358,328.972148383129,64,43
28,6182,799.741512005121,40,12
51,9013,2831.31385155474,72,21
63,3110,1453.08025398091,78,15
63,4397,2054.40317580516,67,4
26,8462,1010.77239330506,48,22
42,9893,2223.03753867248,71,29
82,7395,5431.59637692561,87,5
51,7835,2461.26084843353,86,35
23,8006,848.838871305282,86,63
95,4230,3749.70197265009,96,1
0,3630,234.614788571724,65,65
87,4024,3196.24364600343,92,5
74,9548,5973.66000343045,85,11
5,4278,231.103167199425,86,81
68,9390,5058.90374041195,70,2
97,4799,4420.84765466614,98,1
21,9517,932.348998261537,67,46
80,4421,3132.71878767483,93,13
7,1925,111.092852367132,64,57
38,9815,1888.11189726575,90,52
40,4906,1020.38760607467,71,31
13,4486,322.333448520782,91,78
95,7899,7002.10304538134,95,0
82,2257,1657.7570010441,91,9
72,6938,4140.93463144288,88,16
15,9433,731.547369545184,66,51
23,4252,450.81974528979,81,58
78,5087,3467.88534931049,84,6
42,2905,652.777120170175,51,9
70,8108,4603.85341364025,77,7
78,7757,5288.06499992166,83,5
77,7344,4905.42168766671,78,1
98,8256,7741.16917053823,98,0
17,2938,246.117546531842,85,68
42,7527,1691.3781010399,86,44
32,2542,385.699644650342,65,33
18,6675,581.336906025991,39,21
94,7738,6750.91930533698,96,2
38,5866,1128.44262754569,64,26
39,2980,596.133096577299,80,41
99,2345,2233.33333333333,99,0
37,8942,1653.94158628233,79,42
80,4700,3330.41807330281,95,15
96,6449,5827.3244446315,96,0
9,1326,82.1206889743087,57,48
38,4536,872.590480488789,87,49
87,6395,5079.51742450098,97,10
36,3252,578.259760848354,55,19
43,2242,523.486101095229,90,47
35,8672,1482.2447197733,81,46
93,9094,7822.24225288322,94,1
66,2272,1158.4050025123,84,18
99,4409,4199.04761904762,99,0
50,3854,1167.93449320613,58,8
67,1130,592.430476541391,90,23
40,8093,1683.24437341261,90,50
89,9867,8054.94615204179,96,7
67,6978,3658.38926133259,83,16
24,6613,729.495933342478,83,59
97,6709,6180.34317881957,97,0
11,5953,396.770566582925,97,86
7,6422,370.617297611283,30,23
98,4929,4621.63551860258,98,0
64,3873,1864.13588944025,76,12
21,7582,742.783451173581,92,71
83,7562,5649.07529398916,91,8
45,6268,1578.98578837729,58,13
82,3463,2543.55892539464,90,8
62,7121,3227.88285249525,73,11
85,6449,4973.73371083792,99,14
32,4032,611.778507958371,88,56
34,1838,301.9541302016,57,23
13,4514,324.345338079093,78,65
28,2336,302.19931608605,62,34
73,5303,3241.67191574192,78,5
79,8162,5674.80544412369,91,12
72,7281,4345.65365401205,86,14
91,3869,3241.79379930274,93,2
7,3828,220.916072135782,85,78
54,4035,1408.59272559071,88,34
72,2202,1314.26031398634,80,8
56,6186,2311.94447324141,86,30
48,6601,1859.62947405047,51,3
71,8187,4767.69368354934,84,13
35,6567,1122.45169219918,39,4
66,1174,598.577232812252,84,18
93,6564,5646.05213854469,95,2
78,7160,4881.0810106277,82,4
99,1376,1310.47619047619,99,0
6,4666,260.348910870154,68,62
64,2902,1396.77829877501,87,23
71,5552,3233.20328949138,73,2
25,1480,169.879541562861,86,61
70,3512,1994.17034887821,81,11
22,2163,220.438027820583,67,45
95,9695,8594.17508861528,96,1
50,3986,1207.93640112082,91,41
95,6415,5686.60476466911,97,2
38,2517,484.195379054295,84,46
7,2321,133.946239139799,79,72
83,7606,5681.94481434562,88,5
9,8288,513.285271658424,53,44
88,9808,7899.65180435834,93,5
84,5930,4502.55704480131,86,2
40,2818,586.109309808073,75,35
75,4839,3096.43092294904,82,7
58,5643,2253.73820250565,93,35
11,3078,205.150311429908,80,69
53,4379,1476.46325799135,72,19
90,7158,5920.62679898656,90,0
64,6336,3049.61657513386,93,29
96,3040,2746.94779216619,97,1
61,9804,4309.06151316375,76,15
15,9045,701.45722013529,64,49
29,3339,449.534771645874,65,36
43,6085,1420.79077839628,56,13
51,1993,626.074393226295,83,32
83,7890,5894.10262755548,83,0
40,2742,570.302245384577,61,21
75,7795,4987.94772564326,77,2
49,3178,928.733129045461,89,40
5,1409,76.1160267844762,86,81
41,8872,1918.19821323764,84,43
34,1729,284.047166005748,90,56
33,2394,377.978356200079,90,57
87,7002,5561.65457487973,87,0
97,5272,4856.57612740151,98,1
19,5722,518.207661763281,44,25
5,9457,510.879535344778,15,10
3,1433,72.9426010423469,69,66
41,2038,440.632096323074,81,40
97,7398,6815.05125009795,98,1
34,9473,1556.26304428713,60,26
10,2254,144.779548930786,86,76
82,9701,7125.34367174514,83,1
94,6010,5243.34776752071,94,0
71,4208,2450.52583612747,89,18
40,1809,376.249730817177,73,33
86,4405,3448.70782994394,86,0
72,7512,4483.52564880353,77,5
2,9108,451.58277015969,80,78
58,3264,1303.59764185335,59,1
13,1623,116.617741183511,72,59
87,9091,7220.93712371203,93,6
9,9166,567.660810813359,84,75
56,3817,1426.55868968032,70,14
65,8905,4412.73351579127,92,27
88,7158,5765.26382703885,93,5
23,9061,960.695604908463,60,37
77,9330,6231.96954601448,89,12
30,1529,214.224704684586,69,39
77,3935,2628.38158237588,78,1
82,9082,6670.6907769085,85,3
9,2814,174.274222302945,89,80
19,7225,654.325472953461,78,59
59,7656,3158.50724341948,96,37
18,1981,172.52860087453,70,52
72,2357,1406.77182564296,94,22
84,4428,3362.11173598317,85,1
17,5283,442.559223392689,79,62
86,5685,4450.82951492197,88,2
88,9218,7424.44844337023,89,1
7,3297,190.271758054251,81,74
4,8098,424.220367036533,91,87
45,6507,1639.19280870629,76,31
29,2243,301.978584247288,64,35
72,8898,5310.75761755243,81,9
51,1326,416.545231017595,67,16
99,2231,2124.7619047619,99,0
42,9924,2230.00349072937,66,24
95,8759,7764.45380105015,95,0
97,8305,7650.58132360956,99,2
3,3097,157.64356973353,53,50
51,9296,2920.21453057282,82,31
79,2816,1957.88435808041,81,2
84,1344,1020.4783588892,85,1
54,3084,1076.60470030279,69,15
93,9195,7909.11782661768,97,4
22,3650,371.9828023787,81,59
36,3462,615.601258320111,66,30
1,3594,174.067408333013,87,86
96,8779,7932.7153511273,96,0
49,8534,2493.96114640465,50,1
81,4450,3211.47835197293,81,0
34,5624,923.933638875841,82,48
64,5216,2510.54293811525,74,10
50,3668,1111.56816841725,59,9
24,2299,253.608218774286,51,27
52,1055,343.416550904236,83,31
82,5890,4326.18021096577,85,3
49,9007,2632.18983427076,73,24
20,1668,157.102955899725,88,68
89,1176,960.030067376218,98,9
98,2113,1981.23673175234,99,1
85,9281,7157.88844321394,89,4
43,1967,459.276164520212,68,25
33,1305,206.04083326696,73,40
64,6800,3272.94708189871,92,28
45,2286,575.871332519222,74,29
42,1612,362.229506958459,78,36
10,4215,270.73904114608,85,75
88,2791,2247.9535263014,88,0
16,6857,552.625330662785,73,57
17,6429,538.560145218928,87,70
37,6375,1179.14086474501,85,48
67,7399,3879.10893445111,77,10
88,7148,5757.20953278481,92,4
87,8199,6512.42585824606,94,7
21,8631,845.550510034183,69,48
32,1361,206.505592592099,75,43
44,6511,1579.30567918864,91,47
25,2255,258.836733935305,72,47
68,2667,1436.85796333106,71,3
30,7632,1069.30212305609,91,61
5,8156,440.597810116528,65,60
15,6016,466.552419716297,62,47
74,3507,2194.13758190517,86,12
28,7709,997.283616313083,91,63
55,7588,2741.43258566934,86,31
81,6780,4892.99398345539,89,8
29,1149,154.691659964393,85,56
57,4880,1885.84149182068,71,14
78,6788,4627.48294694704,80,2
94,8735,7620.73922617194,97,3
81,4119,2972.60209702843,91,10
62,8959,4061.03110174202,84,22
6,7164,399.729875155119,33,27
74,6780,4241.87419598434,77,3
44,8409,2039.68383601556,64,20
84,5721,4343.86658571809,95,11
66,5870,2992.88616406126,72,6
82,7485,5497.7009981458,90,8
2,6529,323.713648042667,90,88
47,8697,2361.16518525219,62,15
14,3246,242.284122794828,71,57
11,5016,334.319026033924,77,66
71,7027,4092.16850058644,88,17
99,9307,8863.80952380952,99,0
84,6000,4555.70695932678,88,4
43,5567,1299.8426069568,83,40
4,5209,272.877734242196,74,70
33,9495,1499.12468342513,38,5
99,7405,7052.38095238095,99,0
49,2738,800.148303123496,82,33
95,2727,2417.36105896378,97,2
61,8300,3648.02229286609,78,17
80,3767,2669.2946557727,85,5
68,6878,3705.55270783316,85,17
36,8558,1521.75493030142,79,43
43,4525,1056.5453200071,58,15
78,7617,5192.62486842894,91,13
83,9126,6817.43733575048,84,1
76,5000,3270.00236118001,91,15
85,5078,3916.36219315164,91,6
21,9062,887.774153855842,64,43
48,5383,1516.49529750245,74,26
86,6373,4989.46992059767,91,5
36,7033,1250.58453199461,84,48
14,5874,438.440214817259,89,75
6,9523,531.355053196845,75,69
96,9525,8606.80188170493,97,1
21,5600,548.613469608554,77,56
5,3855,208.25215277087,84,79
67,8639,4529.20963437264,77,10
64,5946,2861.90343367202,89,25
14,7224,539.205330582206,88,74
24,8693,958.945735452315,63,39
80,2252,1595.76627682509,89,9
0,9932,641.926743827648,64,64
78,7231,4929.48279159901,88,10
8,2224,132.904572788606,89,81
90,7017,5804.00087293779,90,0
33,5155,813.900762828491,87,54
54,6757,2358.82553824447,90,36
1,1785,86.4525108164797,51,50
84,9014,6844.19042189527,98,14
87,7901,6275.7259063303,94,7
11,7732,515.341847945435,73,62
87,3544,2814.98197848811,90,3
73,1173,717.043401313458,87,14
97,3505,3228.81246709831,97,0
71,7518,4378.10200475436,92,21
10,2472,158.782184985317,74,64
83,6692,4999.1552323956,94,11
41,2058,444.956258210444,88,47
80,8157,5780.04685615553,86,6
74,8422,5269.18355141299,85,11
57,5323,2057.03570921341,90,33
47,2487,675.200392747176,69,22
53,1001,337.50621631636,71,18
87,1599,1270.07792991041,87,0
88,1759,1416.7503592849,97,9
14,9587,715.58160358411,61,47
87,5249,4169.25519330816,92,5
4,6698,350.880219611101,26,22
64,2244,1080.07253702657,93,29
79,1260,876.042006811548,94,15
40,5234,1088.60756832344,84,44
29,7507,1010.67910474561,73,44
44,3840,931.428936889016,80,36
35,8392,1434.38626479907,54,19
4,8959,469.324557703174,79,75
58,5562,2221.38789337877,64,6
30,9918,1389.58837217902,31,1
45,2052,516.923873284971,78,33
5,6636,358.485417843708,70,65
59,5710,2355.67873039776,70,11
9,5068,313.867007331672,76,67
4,5283,276.754284891826,80,76
12,1782,123.299864631994,66,54
37,1075,198.835518368766,85,48
44,6700,1625.14944717615,72,28
91,3116,2610.86313740691,98,7
60,2506,1067.39602956604,84,24
65,7725,3828.00296569204,76,11
11,3523,234.809794401418,85,74
44,8650,2098.1407041901,93,49
84,4490,3409.18737456288,91,7
58,1734,692.536247234591,77,19
62,7162,3246.46776991588,62,0
83,7437,5555.69597479469,85,2
26,8921,1065.59921066821,83,57
1,5870,284.300413721421,58,57
53,5991,2019.97976218912,77,24
5,3762,203.22817087523,67,62
34,6226,1022.832652141,74,40
82,9045,6643.51443262909,88,6
21,6985,684.297336645669,62,41
15,9194,713.012457924141,59,44
70,1218,691.600081131453,88,18
65,2417,1197.70655897445,83,18
80,5735,4063.81864901949,88,8
31,2499,364.369694522952,71,40
7,1651,95.2801554587711,88,81
43,8366,1953.38301595124,73,30
70,4591,2606.84398396921,76,6
91,8213,6881.58502808825,91,0
24,6794,749.462478622228,84,60
0,5000,323.160865801272,74,74
34,6436,1057.33230793117,52,18
1,5656,273.935798979277,74,73
61,1314,577.530276244102,84,23
71,7839,4565.03612866047,83,12
43,6661,1555.28140918614,87,44
79,7705,5357.06639879601,79,0
28,6948,898.835979523064,70,42
39,6351,1270.48365649746,92,53
34,2395,393.460360083151,89,55
31,2866,417.880570029124,64,33
92,7313,6207.25876386783,96,4
10,8756,562.417804098476,84,74
22,1212,123.518673009037,71,49
28,6277,812.031295835675,75,47
46,4739,1239.50473330077,79,33
16,4032,324.950464231056,85,69
13,9842,707.179179746218,35,22
73,4744,2899.96069550814,85,12
9,7354,455.441588776068,89,80
52,7318,2382.10646399735,73,21
11,1650,109.973363826949,63,52
99,5996,5710.47619047619,99,0
72,4111,2453.64402851855,74,2
84,7405,5622.50167230247,87,3
86,8275,6478.56011186972,88,2
67,2378,1246.72537452693,90,23
96,5772,5215.58640012607,97,1
75,3015,1929.27035186843,96,21
43,9179,2143.21093753484,43,0
8,2274,135.892535306335,75,67
1,3258,157.793994532264,78,77
22,8249,840.681133375863,65,43
98,5115,4796.03685892721,98,0
84,8367,6352.9333547812,87,3
16,8177,659.007923119381,97,81
84,9455,7179.03488340579,85,1
17,4412,369.595171987232,71,54
15,8141,631.350274087496,69,54
70,2991,1698.33813026615,76,6
1,7810,378.260005309079,99,98
24,9731,1073.45001169751,85,61
10,2731,175.418344334506,84,74
5,3592,194.044548055244,50,45
93,8820,7586.56000334616,95,2
70,9367,5318.73395727284,91,21
51,8459,2657.28213361828,52,1
78,1364,929.859566829076,82,4
19,8447,764.994777859915,76,57
76,3527,2306.65966557638,83,7
29,8510,1145.71455726457,44,15
62,8935,4050.15212569092,72,10
37,5987,1107.37511485935,82,45
86,1369,1071.80045838666,86,0
45,5739,1445.72422455285,94,49
28,2634,340.750427470315,88,60
63,2308,1078.36309523728,80,17
62,6338,2872.9562588281,74,12
16,2465,198.661432125385,95,79
68,2470,1330.72334811688,68,0
13,1229,88.3075809701384,92,79
31,3314,483.201747758729,66,35
94,7228,6305.97631674537,98,4
46,4512,1180.13195962293,84,38
98,8777,8229.68045177011,98,0
19,5428,491.581822448635,68,49
2,5188,257.225671013227,87,85
66,8705,4438.34311041794,78,12
20,8785,827.427738356763,82,62
0,3592,232.158765991634,83,83
8,1067,63.7631201283463,74,66
62,5804,2630.89904169111,87,25
30,2810,393.702694678671,85,55
47,8212,2229.49160644946,56,9
37,6012,1111.99919668188,72,35
36,9849,1751.31623142541,90,54
39,7367,1473.72903439093,97,58
59,7769,3205.12575419618,60,1
83,7905,5905.30814585881,89,6
15,2987,231.647619297304,80,65
94,2499,2180.22064409888,96,2
25,9172,1052.79402379362,85,60
95,7066,6263.68655762306,98,3
83,8744,6532.07013629215,83,0
4,9171,480.430351456167,85,81
23,7370,781.406755123648,76,53
28,7609,984.347001754604,89,61
74,9492,5938.62387437807,86,12
63,1728,807.3706362955,81,18
60,7857,3346.58044864339,83,23
97,1198,1103.5998104376,98,1
33,4449,702.433461459546,74,41
37,4694,868.21760299813,71,34
14,1214,90.6139633619599,64,50
23,7713,817.773446712171,79,56
13,6680,479.979366054129,70,57
22,9737,992.327821030522,94,72
27,1100,136.739539644014,85,58
36,1895,336.962560518951,62,26
38,8344,1605.13557522012,77,39
98,9224,8648.806253518,99,1
9,8384,519.230660905433,81,72
98,2206,2068.43740191465,98,0
11,7688,512.409224910049,69,58
70,6496,3688.53376603442,87,17
63,3501,1635.76654957786,87,24
99,4952,4716.19047619048,99,0
26,3527,421.294520348255,96,70
75,8295,5307.89305762808,89,14
80,5688,4030.51446828646,87,7
60,9851,4195.8971617139,73,13
20,4491,422.991231981813,72,52
59,8424,3475.34809542394,60,1
20,2726,256.752192915257,78,58
16,2283,183.993529226067,91,75
65,8959,4439.49237147378,80,15
37,9740,1801.54227805747,76,39
53,6113,2061.11438595595,60,7
7,1951,112.593327256246,77,70
4,9857,516.367023694629,77,73
28,8376,1083.57083541813,88,60
4,8337,436.740577918446,80,76
43,6628,1547.57621679714,66,23
72,3490,2083.00113342976,87,15
60,5832,2484.05971445695,73,13
66,2545,1297.5971529022,73,7
8,8735,521.997051847334,85,77
5,6748,364.535804642758,74,69
13,7988,573.963349706644,97,84
86,7316,5727.75175570258,95,9
41,6998,1513.02424439101,81,40
41,8918,1928.14378557859,87,46
14,9939,741.855174509489,51,37
11,7216,480.950177803189,69,58
7,3384,195.292577875519,75,68
0,9931,641.862111654487,68,68
59,4251,1753.76362222782,71,12
4,5229,273.925450633988,88,84
79,4892,3401.26785501753,81,2
83,4713,3520.77385090861,88,5
52,3378,1099.58398953034,59,7
81,7788,5620.4479562169,92,11
66,1599,815.268309426569,87,21
37,7718,1427.54654025129,91,54
33,7829,1236.08711390577,72,39
45,4080,1027.80185331515,93,48
62,9463,4289.48959881513,92,30
54,1685,588.222736708884,77,23
27,3299,410.094310259638,74,47
78,8159,5562.11452035076,84,6
20,3093,291.318610670173,96,76
32,2301,349.132526491124,74,42
80,1466,1038.80699903445,92,12
30,9705,1359.74542770694,85,55
85,9452,7289.77066752055,86,1
38,9053,1741.52593030534,86,48
93,2735,2352.52172439362,95,2
86,7867,6159.13382478297,94,8
50,9043,2740.43373691308,54,4
35,6946,1187.23152946787,77,42
18,2433,211.894036308799,83,65
34,1162,190.898095372284,64,30
66,6444,3285.54658282977,77,11
4,8751,458.428307228538,25,21
86,4409,3451.8394602095,86,0
81,9211,6647.39934831971,89,8
85,5517,4254.93702631304,95,10
67,4027,2111.25445047096,75,8
90,2330,1927.22274960026,93,3
59,7947,3278.5602224993,73,14
67,4242,2223.97352344122,99,32
9,1890,117.049850800485,81,72
36,5892,1047.69572906473,79,43
83,6880,5139.59772846409,87,4
78,5393,3676.49020814458,79,1
47,9433,2560.98323473426,85,38
18,9511,828.328885874636,64,46
90,3335,2758.492648033,91,1
6,2253,125.710693568465,54,48
62,8151,3694.77224135497,76,14
31,1642,239.413780875025,76,45
48,3413,961.50816466206,74,26
78,8222,5605.06257952248,85,7
73,2735,1671.87868933701,86,13
51,5915,1858.11843248045,58,7
31,3579,521.840390835392,84,53
35,9874,1687.69423005553,67,32
28,2919,377.619778961978,77,49
86,2467,1931.43296628188,86,0
11,7849,523.139959198618,79,68
71,9826,5722.16417913226,83,12
60,9658,4113.69148186304,70,10
46,9396,2457.56203293817,85,39
24,5269,581.236061209967,83,59
72,7478,4463.23280108531,96,24
17,6391,535.376868578966,74,57
89,1584,1293.1017234047,92,3
58,5975,2386.3345312726,89,31
2,5467,271.058740059621,77,75
17,9146,766.164424976251,81,64
48,9353,2634.92114388639,51,3
38,8248,1586.66805182353,70,32
34,1972,323.968196277233,57,23
46,3500,915.43924172878,50,4
24,5750,634.296327947867,84,60
55,6072,2193.72412495839,69,14
98,7135,6690.07292051723,98,0
40,1536,319.469091506459,84,44
19,9448,855.649421240734,92,73
24,5577,615.212281907001,93,69
30,8958,1255.08496047386,86,56
49,1318,385.17000128443,80,31
73,7565,4624.41034180419,89,16
63,3507,1638.56991984278,89,26
88,1855,1494.07158412365,98,10
16,3983,321.00141345047,68,52
9,1640,101.567066303067,76,67
27,4998,621.294744673437,70,43
14,8242,615.189691951625,47,33
81,9125,6585.33482286585,83,2
63,9556,4464.83437525451,69,6
95,4857,4305.50886079468,98,3
73,2987,1825.92381903095,92,19
88,6783,5463.2277925125,89,1
35,6298,1076.47339081322,43,8
93,4805,4133.04090885242,93,0
37,8115,1500.97695959306,85,48
21,9479,928.626264003479,88,67
89,4010,3273.57191341721,97,8
88,9683,7798.9731261829,88,0
19,1975,178.864056620496,85,66
37,6649,1229.82080151993,79,42
99,4768,4540.95238095238,99,0
93,2953,2540.0353389888,94,1
40,5356,1113.98206647695,75,35
16,4221,340.182517241887,90,74
86,1651,1292.58039210839,96,10
28,5119,662.225299248498,68,40
78,9630,6564.91761624927,82,4
38,5275,1014.75193663544,72,34
13,7503,539.114548428762,65,52
52,6209,2021.11219389991,84,32
42,6516,1464.19818073283,94,52
63,6683,3122.48724673775,81,18
33,1715,270.773968622864,82,49
85,9366,7223.44393482834,86,1
92,1618,1373.35494050843,93,1
99,2021,1924.7619047619,99,0
35,9641,1647.86915859483,62,27
22,6611,673.747481239887,80,58
88,7402,5961.78860683732,90,2
38,1806,347.420283898314,96,58
46,5599,1464.44123269698,72,26
14,7664,572.04729423893,80,66
57,7289,2816.78250694281,65,8
84,8018,6087.94306664703,87,3
13,3579,257.162597471217,81,68
94,4955,4322.92648719885,98,4
65,2562,1269.55904182563,75,10
84,4656,3535.22860043759,87,3
5,4528,244.608494875875,91,86
73,6710,4101.75722319975,81,8
82,9501,6978.44451347806,88,6
28,9292,1202.07022477379,60,32
78,5608,3823.0589815084,80,2
54,5688,1985.64446670631,79,25
94,9797,8547.26756712152,94,0
77,5864,3916.85631487984,98,21
51,3296,1035.39448071945,87,36
96,2819,2547.25191648569,97,1
68,6611,3561.70528518247,93,25
71,6284,3659.48297391279,78,7
44,6849,1661.29083040439,59,15
1,3545,171.694202153737,50,49
98,2687,2519.44301856059,99,1
65,8848,4384.48805701529,86,21
48,6911,1946.96247464972,68,20
51,5655,1776.4428969868,58,7
19,7771,703.773460252089,74,55
18,5362,466.985541589717,94,76
91,2695,2258.1117314864,91,0
48,9614,2708.44989600382,89,41
21,4986,488.461921333616,92,71
39,8160,1632.36445237274,83,44
60,8047,3427.50831999916,68,8
20,4182,393.887626842115,58,38
50,3550,1075.80888709957,65,15
95,2510,2225.00046131246,97,2
47,5075,1377.82146891513,87,40
23,5820,617.067478265893,47,24
89,8781,7168.38777349538,92,3
6,1031,57.5267310559642,50,44
64,4985,2399.35900048016,78,14
12,3229,223.420461782665,75,63
49,4887,1428.168282456,89,40
56,5692,2127.31780499355,72,16
48,5661,1594.813278685,81,33
15,9197,713.245113718548,55,40
90,1339,1107.53273034968,96,6
53,8726,2942.13710647009,88,35
41,4722,1020.93462160822,52,11
83,7923,5918.75476782282,86,3
31,5167,753.380636894795,93,62
73,8967,5481.43919827603,84,11
49,6929,2024.91877003021,94,45
51,3518,1105.13282256403,78,27
24,7284,803.515557003872,30,6
29,4401,592.513486077715,73,44
73,2950,1803.30608173461,81,8
31,2776,404.758012003087,93,62
7,5756,332.182056220888,91,84
52,2467,803.041356474645,85,33
64,3486,1677.86669522043,87,23
48,6494,1829.48550287589,86,38
62,5241,2375.69639515905,88,26
91,4293,3597.05887319894,99,8
80,4622,3275.14730527778,98,18
29,3934,529.640548563902,91,62
74,5920,3703.81935696568,75,1
96,4474,4042.7119809709,96,0
41,6080,1314.54521376069,67,26
10,2094,134.502384854067,83,73
87,1758,1396.37085727486,87,0
74,8186,5121.53129326369,79,5
17,4770,399.584988753195,55,38
92,7085,6013.73285136108,95,3
54,9490,3312.89838063342,78,24
36,1700,302.288312866606,69,33
6,3595,200.590298880884,77,71
44,7373,1788.39207075071,68,24
89,5675,4632.79815676874,89,0
97,9166,8443.73611224626,97,0
14,4183,312.222577218351,51,37
56,7265,2715.207985467,98,42
14,7038,525.322136854591,83,69
5,7881,425.741949672432,87,82
18,6375,555.209404631564,57,39
21,8245,807.735367307594,81,60
96,8819,7968.85940102423,98,2
93,6720,5780.23619302565,97,4
66,6268,3195.81098404361,75,9
52,3319,1080.37870374518,73,21
51,8072,2535.71124040273,90,39
76,2159,1411.98701955753,87,11
95,2603,2307.44071744874,96,1
76,6716,4392.267171537,87,11
49,5802,1695.56627272554,65,16
51,8033,2523.45991007869,68,17
52,4636,1509.07974406828,80,28
7,2880,166.206449255761,65,58
1,3805,184.28672473765,75,74
5,4146,223.972354186259,78,73
49,9034,2640.08026677051,51,2
94,9260,8078.76877325154,94,0
65,6714,3327.01772319176,90,25
77,6021,4021.7243983444,95,18
69,5708,3158.10923062796,78,9
26,8619,1029.52579270814,83,57
60,5629,2397.59467295579,60,0
48,5432,1530.29954598427,85,37
1,1432,69.3557397698594,88,87
24,8895,981.228841234135,85,61
55,3844,1388.78055605073,84,29
97,5209,4798.54041115981,97,0
98,6360,5963.40066916463,98,0
46,7133,1865.66517464325,90,44
13,4913,353.01476428502,75,62
8,7582,453.094636188493,92,84
73,3040,1858.32219948245,78,5
59,7459,3077.23426445479,69,10
88,8030,6467.59828599077,90,2
9,5166,319.93625885466,68,59
76,4091,2675.51593191749,95,19
44,6268,1520.36369177613,64,20
58,2895,1156.22401138647,75,17
46,2037,532.78563868615,88,42
78,1063,724.663284119727,80,2
31,9490,1383.70084074542,52,21
89,8029,6554.49099571739,90,1
66,8348,4256.32260606191,81,15
81,6916,4991.14253533591,82,1
97,1598,1472.0805484802,97,0
91,8284,6941.07517017936,93,2
45,6517,1641.71193089579,96,51
3,7275,370.312227901657,41,38
96,3874,3500.55123251705,98,2
40,6427,1336.73688223438,77,37
26,7462,891.32398946376,90,64
61,8975,3944.69880463532,80,19
77,6658,4447.20827838847,91,14
49,2279,666.010950627629,82,33
44,7390,1792.51558427339,73,29
14,5139,383.579207345232,73,59
55,4116,1487.0501479461,93,38
49,8810,2574.6189008466,73,24
97,2742,2525.93545928205,98,1
92,3569,3029.35956902014,92,0
15,2406,186.589947113931,65,50
79,2114,1469.80381142826,98,19
70,7744,4397.1683319228,84,14
33,4731,746.957227728728,74,41
91,4283,3588.67997994667,91,0
94,2296,2003.11588589477,95,1
73,7133,4360.33297661457,77,4
39,1177,235.452568681705,89,50
10,7705,494.909682569525,95,85
27,4748,590.217576572525,61,34
28,8520,1102.19956038234,84,56
90,9883,8174.56756836884,93,3
25,9530,1093.88650749599,81,56
43,4958,1157.64678377794,64,21
69,3099,1714.60765692292,70,1
17,1718,143.917612301465,71,54
98,9404,8817.58174415474,99,1
53,6551,2208.79442865981,78,25
84,3263,2477.54530138055,86,2
43,5409,1262.95107976097,83,40
93,3998,3438.8964731721,93,0
30,3526,494.019822575443,65,35
40,1425,296.382457940562,67,27
19,7447,674.430698558398,63,44
43,1531,357.474228714004,51,8
72,3644,2174.91579662408,81,9
53,4760,1604.92466500087,76,23
58,7811,3119.6082048151,93,35
7,9989,576.470910283261,80,73
63,1339,625.618797453516,65,2
27,2939,365.343188194324,55,28
22,8998,917.014042685903,80,58
14,5487,409.554214964641,76,62
48,8187,2306.4363738905,67,19
32,5535,839.829871416067,79,47
18,2768,241.069746199242,65,47
11,8426,561.597311276284,34,23
95,3421,3032.56038970117,97,2
42,7843,1762.38587039404,84,42
81,4410,3182.6111308316,90,9
36,4247,755.187332202632,66,30
68,6038,3252.99901859503,93,25
81,4260,3074.35905155162,86,5
4,3019,158.152789340985,82,78
86,8431,6600.69369222641,87,1
43,5822,1359.38272996272,64,21
85,5440,4195.55146332118,94,9
9,2006,124.233862807288,87,78
9,5803,359.386393754083,40,31
31,8464,1234.10367924861,69,38
87,2374,1885.65666391952,95,8
71,1892,1101.80486738431,92,21
87,6135,4873.00068793018,87,0
48,8267,2328.97392243224,90,42
2,5208,258.217288866015,72,70
79,5293,3680.07170004248,85,6
23,2050,217.35194681187,73,50
90,2741,2267.17491701902,96,6
96,9490,8575.17583804512,98,2
47,8651,2348.67655715956,76,29
86,9513,7447.79967905941,88,2
73,3063,1872.38187401801,89,16
90,4378,3621.19364710298,91,1
46,7093,1855.20301188064,52,6
34,1832,300.968425750452,71,37
0,2553,165.00593807813,62,62
90,1425,1178.66627389716,97,7
79,1776,1234.8020667439,89,10
75,8376,5359.72420140962,78,3
59,5130,2116.39787862355,71,12
27,8230,1023.06037388203,72,45
66,9356,4770.26285365539,90,24
8,8535,510.045201776416,73,65
98,2010,1884.65964544354,99,1
29,5261,708.296625824781,74,45
93,2740,2356.82249537058,93,0
69,6901,3818.16955160539,72,3
5,3551,191.829674316306,55,50
42,5708,1282.63401099186,73,31
84,9197,6983.13948415474,84,0
56,7617,2846.76383004847,94,38
27,3844,477.842536719626,48,21
4,1389,72.7639034099462,70,66
24,3082,339.982831780057,73,49
93,4148,3567.91960248071,94,1
37,4618,854.16039425764,70,33
11,7340,489.214842721093,63,52
86,5420,4243.35900982887,89,3
65,3288,1629.31699044601,82,17
35,6005,1026.39293614376,69,34
68,6943,3740.57174330992,79,11
46,3967,1037.58499198231,73,27
62,9030,4093.21473922652,67,5
61,3088,1357.24010124946,75,14
45,7117,1792.85926226566,53,8
23,4730,501.499857765923,81,58
63,4431,2070.28894063968,85,22
32,7688,1166.50624235713,78,46
45,1748,440.342558724234,78,33
57,3417,1320.47548720312,69,12
77,2920,1950.41276252543,84,7
68,7157,3855.86518318725,77,9
4,5128,268.634482855439,51,47
76,1774,1160.19683774667,76,0
3,6294,320.377341912444,87,84
29,9300,1252.07348796245,70,41
80,9531,6753.66269290405,80,0
64,5608,2699.21871107176,85,21
62,4530,2053.4067296452,82,20
55,9239,3337.91455706366,74,19
23,3323,352.322204515045,66,43
73,7867,4809.01998135803,84,11
36,8777,1560.69677766482,69,33
99,3345,3185.71428571429,99,0
78,4948,3373.12693304272,97,19
89,8083,6598.57400901528,94,5
14,9185,685.575991334103,70,56
78,6165,4202.77436180444,81,3
41,3919,847.319521830287,77,36
14,2627,196.081451195938,59,45
61,2269,997.27260030279,76,15
78,8025,5470.76468020772,85,7
49,1726,504.403203502978,80,31
37,3887,718.952241766879,88,51
31,2134,311.150431417359,69,38
29,4607,620.247586993873,79,50
57,6144,2374.30535363652,67,10
82,3861,2835.88825034615,90,8
62,1843,835.414702590751,75,13
26,1266,151.221679263082,91,65
49,3138,917.043599416191,61,12
17,3272,274.096872788355,84,67
79,4627,3217.02092501352,89,10
54,3310,1155.49985668036,79,25
70,5511,3129.23484984847,75,5
48,8282,2333.19971278382,84,36
84,5271,4002.18856376858,88,4
72,2255,1345.89328248828,81,9
76,3915,2560.41184880395,78,2
40,9814,2041.1911875289,75,35
63,1245,581.699329969848,76,13
89,7030,5738.95524970647,89,0
28,8208,1061.83732295989,52,24
83,6033,4506.85946160231,86,3
25,1778,204.085016823491,80,55
10,9861,633.39446850332,75,65
88,8786,7076.50293159588,92,4
78,3410,2324.64891707269,88,10
63,2268,1059.67396013784,91,28
97,1436,1322.84584957295,98,1
3,9398,478.37722581715,65,62
7,3781,218.203675220844,41,34
53,2779,936.992782360803,80,27
69,5808,3213.43700271324,80,11
19,6332,573.451750137206,46,27
90,7971,6593.08692577841,90,0
30,9508,1332.14420676328,89,59
3,4105,208.952810382997,64,61
64,9814,4723.63274437558,64,0
73,9426,5762.02139878999,84,11
79,7980,5548.2660431398,95,16
4,1092,57.2053149918368,81,77
99,7408,7055.23809523809,99,0
31,3296,480.577236153522,71,40
10,2719,174.647557028753,59,49
44,3039,737.138682084823,66,22
84,9423,7154.73777962272,92,8
39,1552,310.46931741207,69,30
5,4083,220.569011611793,85,80
44,3051,740.049397512601,79,35
72,4339,2589.72547792313,79,7
15,6842,530.610315109525,87,72
50,8237,2496.17966282794,62,12
83,3797,2836.49019985148,92,9
34,9499,1560.53443024211,71,37
73,8524,5210.63764091723,75,2
50,8300,2515.27148251449,70,20
62,1051,476.408492904438,95,33
41,9794,2117.54207624543,75,34
75,6122,3917.41064482207,86,11
75,3640,2329.20201684945,75,0
50,7797,2362.83996977898,79,29
29,4940,665.0798957564,78,49
60,4722,2011.27057127327,86,26
77,5671,3787.94204667183,83,6
75,9753,6240.8536456958,81,6
0,1625,105.027281385414,80,80
27,9125,1134.3166356833,73,46
5,3063,165.467274691874,74,69
93,5606,4822.02441936038,93,0
16,8820,710.829140505435,91,75
2,8239,408.496974456048,89,87
91,7070,5923.87752935394,95,4
72,4437,2648.2166272286,80,8
75,6811,4358.29531229715,81,6
44,6070,1472.33688721779,58,14
30,6073,850.874186755719,73,43
28,3977,514.489160990677,52,24
4,7394,387.340750045459,67,63
14,3955,295.204468778049,18,4
99,2802,2668.57142857143,99,0
91,3716,3113.59673254303,94,3
97,6744,6212.5852433983,97,0
9,8787,544.188909515272,83,74
6,4042,225.531568310579,84,78
44,5557,1347.90380268028,48,4
96,4062,3670.42826703259,98,2
5,8651,467.3383589159,60,55
29,1126,151.595134133949,80,51
21,2715,265.979566069147,55,34
79,8510,5916.75990314783,82,3
63,2211,1033.04194262115,76,13
38,7707,1482.59586268234,78,40
45,7015,1767.16421593278,80,35
25,8545,980.824785577466,69,44
82,6887,5058.4725149272,88,6
1,7518,364.117633791762,57,56
78,2071,1411.83223086731,88,10
21,4347,425.86120578364,66,45
28,1614,208.796958973838,66,38
47,5587,1516.8253294244,81,34
54,7557,2638.10042807658,88,34
17,4662,390.537781460669,72,55
40,2591,538.896104227366,86,46
50,1842,558.20844226406,60,10
60,7659,3262.24508796739,74,14
68,7304,3935.06207880393,89,21
40,4590,954.663496103285,81,41
41,5132,1109.57994029932,89,48
76,8585,5614.59405414608,91,15
51,4563,1433.40564791349,86,35
9,5719,354.18417816295,64,55
93,8229,7078.20887387025,95,2
70,5943,3374.5314303483,80,10
79,4103,2852.69869360935,84,5
20,5394,508.041573215297,95,75
50,2318,702.457746562481,65,15
44,5495,1332.86510630342,95,51
68,1105,595.32360310492,84,16
65,4412,2186.29761613376,67,2
80,5110,3620.94390522922,82,2
70,9971,5661.69491704575,82,12
51,6196,1946.39083814858,54,3
16,4354,350.901369360619,43,27
72,8515,5082.16465649122,79,7
58,5572,2225.38175870308,65,7
98,8716,8172.48431327655,99,1
99,3649,3475.23809523809,99,0
83,5078,3793.44146295649,83,0
65,9820,4866.14745930043,76,11
0,4551,294.141020052318,74,74
79,3416,2375.04721846686,97,18
51,6368,2000.42234624438,91,40
81,1037,748.382708088974,84,3
30,2775,388.798924460253,82,52
68,2822,1520.36489408334,90,22
28,6062,784.217574534947,59,31
59,5030,2075.14255935214,65,6
20,2224,209.4706078663,59,39
81,4754,3430.86923264704,81,0
43,2173,507.375244281861,71,28
52,8066,2625.59042615504,63,11
56,9900,3700.00812885386,71,15
8,9074,542.255437717539,85,77
56,6263,2340.72231424361,68,12
11,7336,488.948240626967,77,66
58,6466,2582.433318696,92,34
28,3003,388.4865351911,71,43
10,7487,480.907046514994,94,84
50,6026,1826.14770525691,64,14
61,5676,2494.71982341059,65,4
70,6279,3565.31765962594,89,19
74,3698,2313.63580778025,86,12
46,4415,1154.76121492359,68,22
67,4414,2314.14878181744,83,16
23,6453,684.181518427802,58,35
68,7416,3995.40257070234,80,12
89,5178,4227.07116400855,92,3
27,6913,859.345852326425,54,27
16,5006,403.447922604332,69,53
96,4455,4025.54355726986,96,0
30,7574,1061.17587526557,68,38
28,9898,1280.46610899817,72,44
83,8240,6155.56472130002,95,12
51,5455,1713.61556199169,68,17
7,8769,506.064011640196,67,60
91,3678,3081.75693818441,91,0
71,8250,4804.38168917577,89,18
59,3508,1447.23660004121,67,8
51,8064,2533.19814700293,64,13
86,3191,2498.25804434758,93,7
85,8124,6265.56251618038,91,6
75,7545,4827.97505965085,85,10
25,9884,1134.51985730224,66,41
95,8650,7667.83027504096,97,2
66,8648,4409.28101308378,78,12
74,2114,1322.61387172727,81,7
24,1207,133.147072666622,83,59
30,1978,277.133071200858,79,49
44,7940,1925.92337471323,74,30
18,8368,728.783105561871,70,52
22,3433,349.867660429062,22,0
25,2401,275.595121143534,47,22
91,2655,2224.59615847733,91,0
81,3736,2696.1984546002,87,6
81,1929,1392.12173954063,91,10
62,9944,4507.52241050593,68,6
93,1427,1227.44003682256,93,0
65,6646,3293.32138640638,79,14
21,5918,579.766877347039,80,59
51,2915,915.708407553763,87,36
14,3401,253.853450901174,89,75
22,2600,264.974051009485,85,63
53,5833,1966.70705272061,95,42
90,9628,7963.6483404083,91,1
93,6018,5176.40794786136,93,0
6,6938,387.11974788194,47,41
82,3091,2270.32649101786,82,0
21,9106,892.084688259909,63,42
61,1006,442.157882725697,77,16
84,2942,2233.81497905657,91,7
30,4264,597.419320323791,65,35
62,8920,4043.35276565898,81,19
67,5610,2941.18139238691,67,0
62,8637,3915.07150638975,79,17
97,1330,1225.19845399166,97,0
13,2878,206.793505314938,58,45
71,2673,1556.61966729295,94,23
88,2737,2204.46033732961,92,4
8,8323,497.376240701243,87,79
55,8348,3016.00938655346,84,29
70,5952,3379.64177577538,82,12
78,1195,814.649693812864,80,2
88,2550,2053.84503477914,90,2
22,4944,503.85834930419,81,59
99,1816,1729.52380952381,99,0
73,8850,5409.91824520384,91,18
24,5247,578.809188303036,81,57
57,4871,1882.36350546281,60,3
81,5311,3832.84528704006,87,6
88,8210,6612.57558256342,95,7
74,7631,4774.29822854815,87,13
15,7125,552.557511715195,99,84
10,1408,90.4390438751319,86,76
84,8252,6265.61563806077,84,0
59,9531,3932.0444797585,93,34
0,6056,391.412440658501,74,74
27,2193,272.608918581202,76,49
91,6693,5607.99325374342,95,4
82,7813,5738.61561770383,88,6
56,3393,1268.09369507082,79,23
67,3112,1631.54304689983,75,8
58,2729,1089.925847003,70,12
90,3284,2716.30880244089,93,3
56,4970,1857.4788283236,92,36
63,8384,3917.24271684113,80,17
2,8503,421.58633011285,47,45
55,8122,2934.35891681687,70,15
19,2191,198.425897749624,40,21
98,1295,1214.24589096984,99,1
24,4820,531.705791427603,62,38
15,2607,202.17788533916,57,42
74,6450,4035.41129263997,85,11
18,8431,734.269880854701,83,65
24,5254,579.58137513706,91,67
83,6773,5059.66503123362,91,8
17,3883,325.280610341437,74,57
42,5714,1283.98225977707,90,48
27,1683,209.211495655341,74,47
87,6943,5514.79116158097,89,2
5,3823,206.523470828284,81,76
70,2739,1555.24845830792,76,6
35,6347,1084.84862043371,97,62
6,1562,87.1549504456025,84,78
57,9415,3638.36017325649,96,39
10,9145,587.404159260001,91,81
45,7202,1814.27180087639,73,28
54,8059,2813.34542144623,73,19
69,4228,2339.25820376577,77,8
25,2778,318.868490852452,82,57
64,1864,897.172553038117,68,4
40,6985,1452.79401313321,74,34
4,4359,228.349787591041,56,52
88,8564,6897.69759915629,88,0
45,6886,1734.66753968826,58,13
24,2692,296.960993884462,77,53
94,4246,3704.36848933326,97,3
31,5099,743.465815275123,84,53
27,9606,1194.10910710945,78,51
36,8827,1569.58761039619,72,36
33,9325,1472.28411510682,95,62
1,5768,279.360270246193,69,68
70,4604,2614.22559403055,89,19
7,8719,503.178483007283,73,66
0,9821,634.752572606859,84,84
44,1336,324.059650959303,80,36
54,8989,3138.00248087606,86,32
89,6565,5359.35152408577,95,6
77,6111,4081.83986020306,90,13
3,3387,172.405156825142,85,82
78,8428,5745.49591586177,88,10
76,1966,1285.76492841598,83,7
65,9928,4919.66517066544,86,21
12,6955,481.229269649562,79,67
38,9660,1858.29454178168,55,17
73,2065,1262.31425721423,73,0
41,9360,2023.70776328948,72,31
45,1093,275.340055312121,91,46
87,4715,3745.10158819736,89,2
93,1942,1670.41944744878,99,6
21,5522,540.972067710435,70,49
37,5531,1023.03186241642,78,41
25,6433,738.402088428301,60,35
25,5361,615.354204269256,80,55
8,6504,388.674164306246,69,61
54,6516,2274.69397768254,67,13
16,9022,727.108900866217,85,69
85,2178,1679.7630674841,85,0
99,9286,8843.80952380952,99,0
75,4780,3058.67737377483,88,13
12,7404,512.296407258857,78,66
23,3084,326.982148276978,62,39
98,8357,7835.87097361773,98,0
78,8722,5945.92019199648,79,1
5,6160,332.771273947746,77,72
21,7903,774.230758985071,91,70
6,4328,241.489516983718,40,34
19,6134,555.520062435506,84,65
29,3999,538.391599823855,85,56
3,4851,246.925720625558,68,65
40,9389,1952.79641937119,68,28
13,7734,555.712637284826,84,71
41,9825,2124.24452717085,81,40
16,8174,658.766144500161,76,60
48,1238,348.768563683454,75,27
2,2540,125.935467304086,88,86
73,4405,2692.73331865796,90,17
83,7937,5929.2132515726,83,0
58,5449,2176.25721521412,64,6
24,1760,194.149832554478,57,33
76,5680,3714.7226823005,90,14
0,7034,454.62270600923,86,86
29,7477,1006.64015801024,32,3
52,6267,2039.99196636668,74,22
42,8444,1897.43545704542,68,26
20,4873,458.970446102733,86,66
90,2527,2090.16819237763,91,1
99,6138,5845.71428571429,99,0
22,4211,429.156049538824,43,21
42,9581,2152.92860184181,93,51
7,1497,86.3927272694005,71,64
38,1810,348.189764039839,56,18
14,3609,269.378742811625,70,56
23,7714,817.879472052079,77,54
19,1813,164.192675773651,79,60
11,2971,198.018705412039,64,53
58,2689,1073.95038570578,76,18
18,2353,204.926702603619,80,62
67,3726,1953.44774831259,77,10
91,3263,2734.03286821526,94,3
23,9637,1021.7662006956,77,54
20,6003,565.401105675088,80,60
14,9228,688.785546873283,94,80
66,4455,2271.43234427477,76,10
74,3089,1932.61790433564,93,19
51,2217,696.44100842082,86,35
18,5145,448.086648914415,64,46
83,4952,3699.31510920846,83,0
15,4443,344.563231515876,75,60
60,1389,591.625333227145,62,2
51,2314,726.91226589345,94,43
10,3761,241.577588078388,64,54
72,6506,3883.09609572894,80,8
18,9430,821.274460498141,90,72
48,8489,2391.51561963558,74,26
12,4359,301.607244630113,71,59
30,1571,220.109228946688,60,30
59,6566,2708.82426336106,82,23
1,3667,177.603001212342,77,76
53,1997,673.326587396374,77,24
37,5719,1057.80495772184,68,31
45,7247,1825.60785072913,88,43
38,9943,1912.73526179454,83,45
70,2116,1201.49899152229,80,10
63,7381,3448.61265422285,72,9
66,9065,4621.89319884418,69,3
44,1280,310.476312296339,93,49
23,3398,360.274105008162,62,39
46,4587,1199.74851480283,73,27
21,9477,928.430330621475,63,42
97,3677,3387.25918445663,98,1
86,9438,7389.08161158023,88,2
52,6172,2009.06820111938,61,9
89,9819,8015.76125133255,93,4
40,4502,936.360579402394,76,36
84,7050,5352.95567720897,92,8
28,6911,894.049432136427,61,33
97,7805,7189.9804010563,97,0
2,2276,112.846111647283,83,81
11,3931,262.003208002264,30,19
3,8245,419.687191621878,78,75
11,4187,279.065742026324,81,70
1,7478,362.180322625006,73,72
17,4394,368.087304105144,65,48
51,6553,2058.53763111486,81,30
25,7173,823.341859209732,89,64
10,1308,84.0158163271822,86,76
14,7019,523.903961151233,79,65
96,9742,8802.88335239574,96,0
89,6639,5419.76157934584,90,1
70,3921,2226.40715773106,81,11
47,8193,2224.33326006337,55,8
12,7426,513.81862780987,70,58
94,1607,1402.00663267983,96,2
86,2605,2039.47421044358,94,8
56,6715,2509.65197830845,79,23
17,8675,726.708548728294,42,25
12,1355,93.7549475737104,35,23
21,4215,412.929602571438,39,18
66,1188,605.715291806606,82,16
45,5685,1432.12096472956,75,30
89,9622,7854.93988800507,94,5
59,9922,4093.35277810973,97,38
47,4781,1298.00284588832,74,27
60,3494,1488.22096061601,77,17
95,6274,5561.61469891411,96,1
56,6520,2436.77303031588,79,23
21,5910,578.983143819027,81,60
16,1414,113.958322525474,85,69
84,4379,3324.90679581533,91,7
4,8342,437.002507016394,86,82
62,9407,4264.10532136256,83,21
42,7637,1716.09599543533,78,36
45,2194,552.695408375841,52,7
57,9935,3839.31049615541,89,32
25,7708,884.751017815226,75,50
44,1804,437.577552642652,72,28
32,7955,1207.01836081568,74,42
99,7499,7141.90476190476,99,0
7,6085,351.168834625452,84,77
62,5601,2538.88103592555,83,21
57,9794,3784.82204321551,98,41
79,1422,988.67597911589,85,6
75,1881,1203.63433892687,86,11
46,8732,2283.89013107877,54,8
40,4909,1021.01156914401,76,36
96,8775,7929.10094613761,96,0
27,6393,794.705342676527,98,71
59,6866,2832.59022117531,88,29
3,3816,194.242125315838,82,79
63,6130,2864.10995398809,82,19
59,4415,1821.42234583294,81,22
94,5080,4431.98114126542,94,0
14,7089,529.128819005711,80,66
13,6984,501.822738401503,66,53
44,9825,2383.14825649338,95,51
3,9334,475.119496252105,68,65
45,7455,1878.00559227069,80,35
43,2821,658.677203920447,82,39
62,5208,2360.73780308879,80,18
92,8661,7351.4382816709,96,4
62,9599,4351.13712977136,89,27
73,6132,3748.4314892192,82,9
42,4932,1108.26050143866,62,20
89,5753,4696.47362042124,89,0
33,6844,1080.56970335561,62,29
23,7298,773.772930650256,52,29
89,6124,4999.34024881969,94,5
19,7523,681.313568585313,58,39
33,9295,1467.54754422712,90,57
88,2045,1647.10317495033,92,4
35,5619,960.416637500713,85,50
40,4675,972.342449734827,81,41
68,2715,1462.71817414467,84,16
14,5120,382.161031641874,88,74
25,9645,1107.08660700932,67,42
40,5450,1133.53290931654,68,28
51,6952,2183.87816443011,64,13
49,5739,1677.15526355944,73,24
53,5520,1861.17314092538,61,8
53,5000,1685.84523634545,99,46
36,5977,1062.81014470806,92,56
49,5246,1533.08181087869,80,31
87,3239,2572.72196058775,94,7
4,7194,376.86358612754,69,65
92,1554,1319.03187734864,96,4
11,9219,614.451176436751,85,74
27,3348,416.185435207416,82,55
90,5227,4323.4306060775,98,8
79,1277,887.861621189164,81,2
73,6198,3788.77664223428,79,6
16,4148,334.299237507545,77,61
61,8140,3577.69897155783,85,24
95,9517,8436.38621127917,97,2
26,7737,924.172300520116,71,45
50,6473,1961.60871160437,99,49
12,7717,533.953454189168,75,63
1,6101,295.488385709436,80,79
83,8695,6495.46544316792,87,4
41,5792,1252.27728258255,93,52
87,1770,1405.90239896274,92,5
79,4595,3194.77223912624,85,6
57,2845,1099.43013201431,83,26
74,9672,6051.240003475,83,9
23,2147,227.636404782968,74,51
16,3248,261.765651741684,18,2
92,8031,6816.69562869172,94,2
39,9899,1980.24212181835,82,43
80,8166,5786.42425246611,90,10
68,3732,2010.63139075798,83,15
83,4727,3531.23233465839,85,2
29,2123,285.822797305837,88,59
68,7295,3930.21328927638,90,22
23,8363,886.68991765252,86,63
74,4012,2510.08838853822,92,18
12,5939,410.930356930086,78,66
76,4894,3200.678311123,87,11
48,3909,1101.24096562086,77,29
31,9723,1417.67368541283,78,47
24,4315,475.998026973052,79,55
81,9411,6791.73545402636,94,13
11,2960,197.285549653193,75,64
8,4981,297.660826016207,79,71
37,8729,1614.54440915438,69,32
3,6774,344.810313650285,96,93
67,4811,2522.28586074392,76,9
35,5935,1014.4283224002,54,19
37,8849,1636.74000190252,71,34
95,2598,2303.00844561346,95,0
45,2758,694.773899863523,58,13
95,4468,3960.6781120096,99,4
70,8178,4643.60054473976,84,14
44,6603,1601.62116413494,86,42
64,5024,2418.13031462634,76,12
27,3501,435.204662085175,65,38
63,8923,4169.07881230599,80,17
51,1015,318.848725100195,76,25
92,1487,1262.16242060324,95,3
5,9401,507.854341945253,78,73
37,1295,239.527438407026,99,62
92,9603,8151.00586755405,93,1
18,6821,594.052290037945,78,60
8,5456,326.046469934637,66,58
55,5479,1979.48196321591,65,10
9,1177,72.8929494138472,90,81
19,5846,529.437607596669,81,62
38,5223,1004.74869479562,74,36
69,8818,4878.80294248027,87,18
2,9111,451.731512837608,82,80
16,1168,94.1324757494725,40,24
25,5783,663.792830309477,85,60
39,6922,1384.70915923089,75,36
35,3203,547.466540294498,79,44
56,3669,1371.24543684493,87,31
80,8664,6139.30684831819,90,10
51,1263,396.754620494134,86,35
23,2639,279.800872017816,53,30
41,5581,1206.65737467079,84,43
68,8221,4429.09985622222,72,4
90,9977,8252.31818573469,98,8
76,4779,3125.46825681586,78,2
98,4089,3834.01656229782,99,1
18,9866,859.246429191374,25,7
50,1210,366.684155884643,66,16
18,4511,392.87052930086,59,41
57,1994,770.567199731645,70,13
89,2613,2133.12803235889,98,9
96,2054,1855.99696220703,96,0
30,7011,982.295228609311,75,45
79,3750,2607.26787741532,87,8
71,6419,3738.10012882658,77,6
75,7079,4529.78601024101,90,15
85,5275,4068.29668548147,89,4
83,6665,4978.98529944959,92,9
80,5431,3848.4043736399,81,1
81,5359,3867.48595240965,81,0
8,6429,384.192220529652,47,39
53,8285,2793.44555662442,74,21
8,4847,289.653086468692,82,74
7,3339,192.695602105897,15,8
3,2240,114.020534776593,80,77
58,3833,1530.84857880634,76,18
55,8433,3046.71863402077,85,30
87,2164,1718.85468438157,94,7
83,4410,3294.4223811812,86,3
27,9938,1235.37958634746,85,58
19,5288,478.902851346422,78,59
65,4888,2422.17197363141,83,18
36,8585,1526.55597997636,64,28
50,2534,767.915414059244,67,17
37,3917,724.501139953915,89,52
36,9157,1628.26710642324,79,43
63,4802,2243.63066868692,71,8
78,2352,1603.3942090777,80,2
8,3863,230.849984119777,92,84
0,6214,401.624324017821,84,84
80,4269,3025.01164998504,84,4
2,6938,343.992233132184,15,13
31,8715,1270.70103552122,83,52
89,6716,5482.62069090024,89,0
46,8843,2312.92263274503,65,19
64,7160,3446.22075094041,76,12
96,8850,7996.87103969434,96,0
52,7209,2346.62551229255,89,37
35,8580,1466.5197988532,77,42
93,7933,6823.60323203459,93,0
29,3958,532.871705952192,50,21
44,3197,775.463101883902,67,23
58,4829,1928.63756510717,82,24
1,1184,57.3444105359731,75,74
56,1460,545.657764457236,81,25
13,2826,203.057138992361,78,65
67,5140,2694.77225612633,68,1
74,8739,5467.51306765592,75,1
57,4432,1712.71505978468,83,26
56,5761,2153.10574043708,88,32
40,6890,1433.03518260384,82,42
98,1952,1830.27643179392,99,1
14,1952,145.698893313464,85,71
25,4722,542.00756436475,92,67
18,3682,320.671533780928,65,47
75,1329,850.414692415638,84,9
87,9857,7829.36720145523,93,6
74,7122,4455.8448412685,86,12
60,4162,1772.74631885628,79,19
62,2252,1020.81058612825,92,30
70,9583,5441.38224752275,77,7
47,2745,745.245306831925,87,40
84,2458,1866.32128433754,98,14
87,5874,4665.68965621873,88,1
10,2343,150.496221448462,83,73
37,1491,275.780239895657,65,28
31,2712,395.426415184572,91,60
30,4493,629.503988324295,67,37
71,8098,4715.8645962358,97,26
27,9699,1205.66981364299,82,55
23,1460,154.796996266014,65,42
65,3082,1527.23691136089,83,18
41,8459,1828.90427026343,67,26
34,1691,277.804371148479,77,43
68,6440,3469.57828415899,83,15
33,5058,798.585850317461,52,19
66,7065,3602.17048536504,80,14
32,2590,392.982722126037,75,43
14,4781,356.857791460898,86,72
47,3622,983.343716337061,68,21
44,6327,1534.67470929604,93,49
9,1904,117.916886732341,90,81
34,9371,1539.50606861762,52,18
33,5409,854.003729609953,99,66
77,6381,4262.18624577904,89,12
93,6146,5286.50768487137,95,2
0,7651,494.500756849107,48,48
9,7687,476.06465772663,78,69
32,1221,185.263283287989,63,31
22,2980,303.701027695487,75,53
26,5162,616.592660628776,76,50
42,9416,2115.85176024866,79,37
79,1818,1264.00346697095,99,20
90,1624,1343.26598512911,91,1
46,2074,542.463139241568,72,26
41,8327,1800.36480180679,75,34
32,1668,253.086942280397,84,52
97,7534,6940.33470103244,97,0
13,7782,559.161590813358,89,76
42,1381,310.321928728059,72,30
91,3340,2798.55034625773,94,3
21,4094,401.075632960253,88,67
91,9397,7873.64598915686,95,4
83,3118,2329.25373798707,85,2
75,3769,2411.74791250153,81,6
59,7070,2916.75107248899,63,4
11,1085,72.3158180316602,90,79
41,4712,1018.77254066454,78,37
37,8324,1539.63428362941,87,50
6,6522,363.908186175556,61,55
38,6859,1319.46607267915,77,39
4,2581,135.207800360742,90,86
86,6068,4750.683112849,98,12
70,6742,3828.21654104126,84,14
25,9127,1047.62876746232,46,21
8,2868,171.389530016961,58,50
5,4799,259.248270077148,83,78
4,2782,145.737350098251,92,88
97,5401,4975.41116542025,97,0
47,5544,1505.15117707694,54,7
84,5674,4308.1802145367,95,11
8,5708,341.105801023993,78,70
8,7868,470.185781789905,59,51
46,3461,905.23863303523,84,38
4,9907,518.986314674109,84,80
47,3598,976.827910375689,83,36
63,9270,4331.20705929357,64,1
11,9502,633.313274596161,93,82
52,3524,1147.10893401567,84,32
24,4875,537.772973694931,51,27
31,6959,1014.66534781321,92,61
14,2040,152.267286044809,80,66
24,1139,125.645829136108,76,52
60,5362,2283.86971689269,76,16
63,7674,3585.5105688262,79,16
65,1143,566.395778613074,76,11
58,7613,3040.52967139385,93,35
36,4936,877.703007240921,70,34
62,5787,2623.19310032158,86,24
43,8846,2065.45854160945,84,41
17,2663,223.08067611106,70,53
90,6201,5129.05934346405,96,6
77,2150,1436.09158884578,82,5
31,6496,947.157077079271,62,31
55,2214,799.88557520716,84,29
5,4187,226.187227925197,69,64
40,9495,1974.84311448817,70,30
75,7435,4757.5870866142,81,6
20,4126,388.613187075698,68,48
41,8914,1927.27895320112,84,43
16,5857,472.032457589607,86,70
19,6099,552.350319659953,81,62
77,2458,1641.82005831764,77,0
68,2158,1162.63197782843,82,14
34,6478,1064.23223908921,68,34
96,4612,4167.40895311529,98,2
74,4259,2664.62274346568,88,14
81,8138,5873.03614120354,96,15
56,7733,2890.11746064918,78,22
37,6883,1273.10220737881,79,42
24,8909,982.773214902182,68,44
79,8155,5669.93854408585,95,16
20,4113,387.388763558494,94,74
46,5018,1312.47831857,74,28
29,2377,320.019212998575,72,43
59,5207,2148.16447446254,92,33
60,7561,3220.50334379441,89,29
20,2969,279.639494044534,89,69
9,1671,103.486931580747,83,74
9,6898,427.200989852776,66,57
12,1292,89.3958614503571,73,61
38,7417,1426.80855242181,84,46
69,8356,4623.18863544626,88,19
26,6703,800.662650948215,79,53
0,6199,400.654841420418,34,34
94,1611,1405.49638160996,95,1
43,8190,1912.28865654323,73,30
14,6537,487.927082781822,92,78
50,9256,2804.98227013905,67,17
66,3939,2008.34388419716,89,23
47,7483,2031.57400037279,50,3
92,7823,6640.14567342241,94,2
67,8139,4267.07225537202,70,3
7,7212,416.2086500113,73,66
86,5968,4672.39235621009,88,2
56,1335,498.940490103021,77,21
26,8855,1057.71561601469,90,64
48,2750,774.728231122375,50,2
89,4853,3961.75673212312,91,2
24,5147,567.777947816987,85,61
71,6988,4069.45687805579,75,4
17,7166,600.298957946623,92,75
36,7673,1364.38719095616,69,33
59,3433,1416.29511058765,70,11
35,6826,1166.72076305034,66,31
25,4230,485.534095142502,71,46
85,4006,3089.59175773247,93,8
74,7580,4742.39032530402,88,14
25,1748,200.641512602623,80,55
31,8456,1232.93722964629,81,50
72,7745,4622.59134051962,87,15
77,2094,1398.68641257817,79,2
2,1758,87.1632092600719,84,82
48,5675,1598.75734967981,77,29
91,4925,4126.60492674232,91,0
83,9358,6990.74935217543,85,2
36,7535,1339.84849261757,84,48
58,9466,3780.59291598768,92,34
47,3376,916.556705232998,66,19
10,6994,449.240534703602,84,74
57,2372,916.642626762017,69,12
14,9451,705.430451181123,51,37
81,2792,2014.93203566482,86,5
76,3570,2334.78168588253,79,3
33,2037,321.613162731646,89,56
47,4527,1229.0438994638,63,16
62,5906,2677.13468990829,90,28
85,7285,5618.49125189242,94,9
57,2801,1082.42664315363,97,40
12,1381,95.553935497634,61,49
11,5299,353.181124193334,76,65
53,7992,2694.65502577457,65,12
3,6555,333.662770294895,87,84
74,5248,3283.38580833714,85,11
75,1906,1219.63160552611,87,12
60,8179,3483.73189378316,95,35
8,8530,509.746405524643,62,54
4,9919,519.614944509184,57,53
22,8245,840.273480989694,89,67
44,6977,1692.33846163403,50,6
89,8139,6644.28972650939,96,7
65,2478,1227.9341552084,80,15
36,5266,936.382503267968,63,27
21,4423,433.306674299756,76,55
11,8605,573.52775498842,74,63
73,2519,1539.8400067422,95,22
44,4175,1012.68640924782,57,13
55,5725,2068.35813823893,76,21
93,4378,3765.75506742058,98,5
67,3911,2050.43857854282,85,18
82,8399,6169.0301514264,89,7
26,7899,943.522941942406,68,42
18,5503,479.265467245098,64,46
35,5924,1012.54816881193,85,50
94,4707,4106.56205353078,95,1
18,9229,803.769034563875,74,56
20,4377,412.253979600177,60,40
73,1258,769.003068075303,78,5
60,2706,1152.5832625721,88,28
13,8970,644.523190644542,62,49
69,1419,785.101085890168,70,1
25,3771,432.848480563209,64,39
89,7861,6417.34384323507,93,4
2,1460,72.3881032535295,83,81
45,8175,2059.38238991454,78,33
67,3808,1996.43827846869,73,6
46,2248,587.973547258942,75,29
53,8325,2806.93231851518,90,37
7,3948,227.841340854772,86,79
27,1122,139.474330436894,77,50
93,6604,5680.45830636032,94,1
30,7966,1116.09810171185,83,53
22,8168,832.426172555952,55,33
41,2972,642.570456463285,79,38
23,8697,922.102381181868,79,56
69,7621,4216.52951061943,84,15
84,6955,5280.82365035296,87,3
18,7710,671.476785836762,75,57
35,6783,1159.37107175073,90,55
70,7501,4259.18900539165,74,4
67,1375,720.877792251693,91,24
32,8642,1311.25740718657,74,42
10,6898,443.074236257571,78,68
23,3706,392.929909699897,82,59
3,4290,218.369684906956,79,76
12,4827,333.989027260738,94,82
71,9248,5385.56628624212,73,2
4,5261,275.601796860855,39,35
73,1998,1221.35781400195,80,7
86,1128,883.119734886893,93,7
86,4953,3877.74117632516,87,1
73,4535,2772.20104429372,80,7
13,2629,188.902058885674,76,63
29,4271,575.01138355781,77,48
28,8864,1146.70151446351,82,54
88,5632,4536.17852387298,94,6
59,1960,808.604257719721,73,14
5,4224,228.186016421311,88,83
84,5006,3800.97817306498,92,8
88,8944,7203.76078080965,88,0
87,1062,843.541439377646,94,7
70,8615,4891.7362060324,77,7
63,2010,939.129038746502,73,10
25,2583,296.485713416804,67,42
36,3248,577.548494229844,79,43
89,7559,6170.80550960615,95,6
9,1140,70.6014973082292,84,75
73,1793,1096.04332357633,80,7
45,4031,1015.45815458661,45,0
9,7276,450.610960012874,54,45
15,4370,338.901940518653,77,62
61,7820,3437.0523289413,81,20
92,4490,3811.10239980399,99,7
85,8555,6597.96742071924,97,12
11,8421,561.264058658627,56,45
58,1834,732.474900477647,86,28
53,9106,3070.26134443234,87,34
71,1219,709.883791406698,77,6
69,8792,4864.41772173809,89,20
34,1328,218.169251854039,59,25
34,7321,1202.72371447547,91,57
75,7595,4859.96959284934,82,7
4,6270,328.459088826755,65,61
16,3948,318.180662892909,55,39
88,2762,2224.5960729647,89,1
93,6693,5757.0120297501,97,4
54,9187,3207.1230161095,75,21
96,9786,8842.64180728235,99,3
39,1512,302.467530880831,82,43
37,7122,1317.30842960219,89,52
97,8595,7917.72985869044,97,0
47,8122,2205.05733409432,80,33
34,2347,385.574724473969,90,56
97,1361,1253.75571118996,99,2
38,4312,829.499592563417,65,27
59,6278,2590.00894385939,98,39
12,7397,511.812064356263,46,34
3,6166,313.861882782352,66,63
3,5004,254.713730366995,83,80
17,4663,390.621551898563,70,53
68,7886,4248.61713491892,72,4
12,5806,401.727841780784,85,73
25,2978,341.825185658244,62,37
56,4702,1757.31699210817,77,21
20,3216,302.903540871412,41,21
92,2877,2441.99144860492,92,0
64,8528,4104.66069329886,81,17
33,9693,1530.38605123115,69,36
32,9389,1424.60030040207,91,59
94,5683,4958.06079248256,94,0
5,9988,539.564851329559,65,60
40,9160,1905.16723841091,62,22
55,9577,3460.02897640423,90,35
22,6378,650.001729745576,68,46
52,9864,3210.86337262501,70,18
32,6671,1012.19603834085,87,55
10,7345,471.786063396906,53,43
0,7229,467.22597977548,90,90
99,5921,5639.04761904762,99,0
23,8436,894.42976746582,61,38
38,4937,949.730864676621,45,7
59,6000,2475.31915628486,68,9
92,7936,6736.05983181391,92,0
93,9235,7943.52399443331,96,3
74,7622,4768.66742209331,82,8
33,4250,671.014207957534,65,32
12,7987,552.635251860683,81,69
66,6287,3205.49834982166,69,3
55,9687,3499.77035547956,96,41
13,7859,564.694287098713,72,59
35,2502,427.649479805443,61,26
25,3724,427.453657283848,86,61
96,1561,1410.52154722744,98,2
56,8833,3301.22947496628,79,23
67,9439,4948.62944077362,73,6
95,2855,2530.82721794705,95,0
83,8413,6284.80169906517,91,8
79,6605,4592.26782142085,95,16
25,9325,1070.35589532005,88,63
95,2075,1839.39281164277,95,0
79,2896,2013.5060727986,96,17
43,4123,962.682067268345,89,46
15,8146,631.73803374484,91,76
50,3315,1004.59336922115,67,17
41,7345,1588.04845313689,85,44
39,2764,552.923449308608,79,40
34,3788,622.308076824624,76,42
31,9784,1426.56786363048,74,43
57,7726,2985.65806676364,77,20
70,2782,1579.66455312619,90,20
49,8326,2433.17559233244,68,19
8,2556,152.744643906329,81,73
31,5270,768.398675524593,56,25
9,6134,379.885600428665,16,7
43,5164,1205.74586353959,69,26
60,2477,1055.04388078016,84,24
77,8866,5922.04094265428,79,2
17,3033,254.075738131748,69,52
42,9869,2217.64454353166,82,40
59,8395,3463.38405283523,82,23
22,4515,460.137630887625,64,42
60,7317,3116.57491952701,93,33
51,8288,2603.56476219746,80,29
61,2954,1298.34431965379,66,5
3,8070,410.779337342456,83,80
97,5699,5249.92931526199,97,0
13,2998,215.415889136269,72,59
82,8260,6066.93523643077,82,0
32,6106,926.468147220687,75,43
28,7347,950.453071611392,58,30
83,1701,1270.70577559846,85,2
76,6636,4339.94713375812,87,11
17,8564,717.410030122088,80,63
27,1220,151.656580332452,63,36
33,1345,212.356261106561,73,40
44,2916,707.303848950096,85,41
90,1348,1114.97693839535,99,9
4,4008,209.962364915093,73,69
6,3500,195.289581664282,78,72
16,3056,246.291820111634,79,63
66,3483,1775.84710552391,84,18
79,8147,5664.37637261403,87,8
62,4018,1821.32190722172,74,12
38,1492,287.01609278864,86,48
78,6783,4624.0743708223,85,7
85,1481,1142.20803624608,87,2
91,7268,6089.77961574886,95,4
62,6711,3042.03367828895,90,28
11,5890,392.571583600441,80,69
78,1676,1142.55471701285,92,14
77,3376,2254.99776927598,78,1
28,4230,547.218795823627,89,61
6,2109,117.675922208563,77,71
80,8896,6303.70195321314,87,7
61,4449,1955.42785312786,75,14
97,9268,8537.69870044712,97,0
0,9773,631.650228295167,65,65
52,3391,1103.81566266945,88,36
50,6387,1935.54686250844,88,38
88,7976,6424.10509701898,88,0
79,2588,1799.36247113356,79,0
34,9707,1594.7055178819,74,40
61,2539,1115.94320501048,87,26
21,6854,671.463700124469,77,56
75,3491,2233.85830791798,76,1
18,8943,778.860816567855,71,53
85,9934,7661.50886702805,94,9
2,6788,336.555099236273,70,68
56,1963,733.648076458599,94,38
83,6236,4658.50747597414,85,2
83,1358,1014.47292372881,89,6
86,1520,1190.01950091142,89,3
68,1210,651.892814259687,83,15
53,1376,463.944609042269,92,39
26,3411,407.438505502665,60,34
55,8904,3216.88399351606,71,16
95,1248,1106.29505008684,97,2
66,6782,3457.87972140775,78,12
70,5320,3020.78196356267,89,19
77,4235,2828.76645523809,81,4
58,1310,523.196357484033,74,16
63,3368,1573.62517537225,94,31
64,2193,1055.52543391233,83,19
52,7997,2603.13000718595,88,36
60,4917,2094.32812345419,60,0
2,7404,367.096929102146,81,79
65,1763,873.627084597419,79,14
89,2279,1860.46643159048,90,1
30,8638,1210.25048990547,83,53
91,6129,5135.42367431546,93,2
97,2240,2063.49213303858,99,2
85,5846,4508.67534091463,85,0
16,7426,598.482675441424,79,63
86,6079,4759.29509607928,86,0
54,1047,365.501012067775,64,10
6,1445,80.6266987156822,59,53
18,8311,723.81888029693,82,64
82,8806,6467.96993849992,87,5
80,5305,3759.12082529178,87,7
93,1089,936.707918780495,97,4
17,3634,304.421771305893,79,62
63,4558,2129.62694458038,76,13
46,1533,400.962387877205,81,35
72,9293,5546.51276016124,94,22
86,6960,5449.03666206806,90,4
60,1076,458.307313572648,86,26
45,2462,620.207883054385,74,29
39,6943,1388.91009715979,58,19
67,1035,542.624374531274,74,7
85,4905,3782.93748668941,90,5
46,9546,2496.79514329798,89,43
29,9149,1231.74412272779,85,56
8,6431,384.311739030361,73,65
34,5414,889.433983085669,87,53
45,6485,1633.65073988939,71,26
11,7006,466.953567861577,76,65
67,4949,2594.63577734809,74,7
36,6896,1226.22365031065,94,58
65,1879,931.109070878361,66,1
19,6568,594.824872852364,60,41
93,9112,7837.72502840025,96,3
84,4072,3091.80645639644,91,7
48,7942,2237.41513148142,67,19
38,5756,1107.28192365376,87,49
68,3087,1663.13480795013,76,8
29,3821,514.427182527369,87,58
63,2439,1139.57001268792,96,33
4,6728,352.451794198789,46,42
40,3198,665.144631925557,66,26
86,5345,4184.64094234968,89,3
7,5687,328.200026707469,63,56
17,3265,273.510479723099,79,62
62,9874,4475.79206369022,83,21
69,4601,2545.63079364388,75,6
14,3321,247.88218478177,94,80
59,4410,1819.35957986937,87,28
17,2372,198.703478683979,88,71
79,8904,6190.69684813494,89,10
13,5494,394.761472619968,54,41
96,8651,7817.05439145715,97,1
91,8612,7215.90286885377,95,4
26,5103,609.54520480214,58,32
44,4741,1149.97515359136,78,34
8,4404,263.179738561609,55,47
23,2665,282.55753085543,82,59
93,4252,3657.37563880135,98,5
51,4282,1345.13324224536,56,5
0,6493,419.656700329532,79,79
93,7613,6548.35388950956,95,2
4,7533,394.622378968412,82,78
15,7079,548.990122867631,70,55
79,3001,2086.50957336623,84,5
39,8240,1648.36802543522,75,36
20,2137,201.276388943472,49,29
80,2512,1780.00217024184,82,2
54,3689,1287.80633573832,88,34
18,8132,708.229471131589,70,52
94,2495,2176.73089516875,94,0
72,5052,3015.27843154359,83,11
44,1246,302.229285250967,72,28
23,6671,707.295042527796,67,44
35,6490,1109.29061708126,89,54
10,4858,312.040394279397,89,79
8,9353,558.928268566469,82,74
25,9772,1121.664108211,67,42
39,3918,783.774990734851,85,46
1,8178,396.083268043233,94,93
68,4400,2370.51932458068,73,5
63,6115,2857.1015283258,91,28
7,7806,450.488730170301,63,56
57,9886,3820.37479265148,69,12
18,6047,526.643336440324,82,64
75,5699,3646.73689396292,82,7
34,2808,461.309683137155,93,59
90,9020,7460.75073021218,90,0
81,1787,1289.64310448891,85,4
74,9607,6010.57306796778,83,9
66,4969,2533.50108163891,79,13
65,2375,1176.89411566584,75,10
63,8487,3965.36723972217,91,28
89,2162,1764.95323611172,89,0
94,3359,2930.51666407688,94,0
49,6653,1944.26101558825,84,35
43,4186,977.391980010985,73,30
15,3053,236.766046774244,76,61
41,7754,1676.47756373362,53,12
76,1067,697.818503875815,89,13
41,4676,1010.98904926727,88,47
14,7292,544.2809067837,86,72
52,4232,1377.57236343766,76,24
52,2100,683.577968624546,88,36
25,3575,410.350919653533,89,64
93,4812,4139.06198822015,95,2
40,5013,1042.64228888143,70,30
64,4960,2387.32610679671,68,4
32,6896,1046.33546400817,94,62
34,1988,326.596741480294,67,33
47,5630,1528.49948177185,80,33
44,6308,1530.06607653539,91,47
37,4862,899.291432845528,92,55
86,5936,4647.33931408564,92,6
46,3946,1032.09235653193,97,51
41,1962,424.200281151065,95,54
86,6420,5026.26657621795,96,10
27,3418,424.887042275672,60,33
10,5938,381.411251797254,85,75
36,9105,1619.02064038261,82,46
53,2284,770.094103962603,86,33
41,1901,411.011587394584,73,32
73,4474,2734.91234226463,79,6
74,2296,1436.4812911475,89,15
48,5874,1654.81950167739,92,44
84,7364,5591.37100808041,96,12
3,7277,370.414031950564,70,67
14,8034,599.664400041174,85,71
1,7131,345.374148253399,87,86
37,6308,1166.74832546063,78,41
90,4999,4134.84400225396,97,7
79,5681,3949.83701642572,79,0
54,1776,619.990255427286,75,21
72,4670,2787.28231894469,88,16
56,1991,744.112745913943,78,22
83,6002,4483.70139044207,87,4
6,9437,526.556509190237,83,77
92,7799,6619.77452473749,97,5
73,1946,1189.57072374765,80,7
98,1115,1045.47040033311,99,1
90,1919,1587.2705821815,95,5
38,8881,1708.43828421978,82,44
34,1033,169.705449672607,88,54
47,9634,2615.55310966075,67,20
74,2248,1406.45032338832,94,20
13,8183,587.974723416308,94,81
98,1821,1707.44538027497,98,0
83,9502,7098.32232788747,89,6
96,4919,4444.81453607418,97,1
35,5470,934.949102532283,81,46
18,3193,278.083706508013,30,12
54,2145,748.805798362347,78,24
36,4095,728.159200699264,72,36
61,1936,850.91218782997,74,13
29,2675,360.139417236512,67,38
76,8016,5242.4677854438,79,3
75,4662,2983.17027542641,83,8
35,6757,1154.92707236026,52,17
83,4838,3614.15317010309,84,1
34,8669,1424.17864783333,62,28
21,4336,424.783572182623,77,56
12,3207,221.898241231653,81,69
58,1670,666.975509159035,95,37
98,7355,6896.35407573991,98,0
81,4071,2937.96143165883,84,3
65,1932,957.372392196378,84,19
68,9841,5301.88197118147,71,3
61,1855,815.311006417662,67,6
43,1702,397.401134729741,73,30
78,8946,6098.62440238483,95,17
3,7505,382.019693526039,6,3
75,6739,4312.22318449133,83,8
16,4510,363.473857560035,97,81
10,5650,362.912356459158,72,62
92,2648,2247.61673823629,97,5
92,2603,2209.42083445207,93,1
44,3304,801.416981114924,54,10
23,5229,554.40650238013,92,69
77,6098,4073.15651571236,92,15
33,1248,197.04134859553,96,63
23,7611,806.958862041531,69,46
11,9898,659.706881914629,88,77
43,6387,1491.30496328958,86,43
57,7705,2977.54276526195,83,26
61,3094,1359.87722579852,76,15
97,3061,2819.79884787102,97,0
41,9244,1998.62762434273,60,19
56,3302,1234.08351934095,82,26
88,2757,2220.56892583768,89,1
0,1539,99.4689144936317,68,68
24,9055,998.878826011815,94,70
63,6418,2998.671726704,80,17
89,2515,2053.12552674421,90,1
47,5677,1541.25960177954,84,37
53,1308,441.017113827971,62,9
7,8085,466.589979941953,13,6
69,5929,3280.38360693644,85,16
53,4344,1464.66234133693,83,30
49,2332,681.499577386411,77,28
77,2837,1894.97294770022,80,3
99,2518,2398.09523809524,99,0
12,9336,645.975048375026,94,82
67,2943,1542.94061279762,81,14
35,2425,414.48840468753,97,62
26,7743,924.888990943164,62,36
39,8458,1691.97776203047,59,20
17,5694,476.988873367021,67,50
4,1740,91.1513260858937,82,78
41,2620,566.465207245561,58,17
84,7714,5857.1205807078,84,0
61,4729,2078.49366541732,89,28
78,7947,5417.59089266178,82,4
78,7174,4890.62502377697,90,12
1,5999,290.548242234208,89,88
78,6385,4352.751711293,80,2
50,7393,2240.40988797947,73,23
67,2433,1275.560486217,84,17
95,7660,6790.24045165477,95,0
31,2994,436.543763666154,66,35
50,8505,2577.39565768503,81,31
74,9161,5731.53532587205,93,19
54,5407,1887.54916165278,80,26
62,5563,2521.65599051131,78,16
45,4476,1127.55909201926,61,16
56,2979,1113.36608240966,82,26
75,7057,4515.70841563368,95,20
15,8472,657.019963403668,57,42
42,7217,1621.71858047097,90,48
18,6826,594.487748394519,99,81
46,1292,337.927857232452,95,49
86,3906,3058.03695431578,97,11
23,4386,465.027140837493,71,48
1,6626,320.915594773106,74,73
38,9656,1857.52506164016,93,55
49,4207,1229.44627875842,81,32
6,5419,302.364069439641,76,70
86,1782,1395.14128330536,92,6
94,3317,2893.87430031051,94,0
7,4971,286.879256684162,81,74
51,3489,1096.02285898973,61,10
55,4276,1544.8557902375,62,7
90,3964,3278.76007700234,94,4
64,6641,3196.41787807196,88,24
24,2530,279.090384297062,59,35
59,2555,1054.07340738464,73,14
35,9874,1687.69423005553,73,38
10,8823,566.721366555603,63,53
71,6770,3942.50473160242,96,25
38,2390,459.764384560892,76,38
29,2411,324.59668596532,30,1
41,6432,1390.65046297841,86,45
16,8123,654.655907973429,93,77
46,7259,1898.62098734549,81,35
16,9080,731.783287504461,63,47
56,7422,2773.88488205589,87,31
13,4749,341.2308397292,71,58
59,9628,3972.06213945177,99,40
25,6278,720.610649953813,58,33
50,4834,1464.91835499699,86,36
45,1066,268.538425400477,82,37
5,6740,364.103634157111,75,70
56,6587,2461.81348936974,82,26
70,7223,4101.33611331074,82,12
3,6573,334.579006735064,82,79
25,8371,960.852461096427,26,1
98,2227,2088.12787582227,98,0
86,2925,2290.00463168809,92,6
95,7701,6826.5850807041,96,1
8,3491,208.61954298787,75,67
79,6338,4406.63034854888,85,6
95,5927,5254.01503354541,97,2
3,5755,292.941150731826,70,67
16,2334,188.103765752799,67,51
52,3726,1212.86262433098,87,35
68,8771,4725.4147717948,88,20
86,6961,5449.81956963445,94,8
74,4841,3028.74822754575,86,12
9,4980,308.41706718858,95,86
5,1967,106.259918158314,76,71
99,9220,8780.95238095238,99,0
94,8789,7667.8508367287,98,4
89,9342,7626.36130053455,89,0
86,2712,2123.24532004721,89,3
30,9928,1390.98944938429,92,62
86,9862,7721.0344197292,86,0
30,3432,480.849696845978,82,52
28,4301,556.403792160146,56,28
46,1309,342.374276406564,85,39
14,3625,270.572996035506,70,56
48,9134,2573.22460475337,85,37
18,8172,711.713137984179,64,46
29,2661,358.254575426676,91,62
31,4627,674.645288738575,70,39
49,6015,1757.8130180014,90,41
67,5636,2954.81253609494,81,14
59,1828,754.147236281454,90,31
42,3586,805.803357290963,98,56
22,1836,187.112445251313,96,74
33,7955,1255.98071160051,74,41
99,6691,6372.38095238095,99,0
37,2817,521.041539762619,37,0
51,9938,3121.89027590713,81,30
58,5023,2006.1185523987,72,14
66,3602,1836.52060697592,91,25
39,3131,626.339840732726,83,44
18,5491,478.220367189321,83,65
1,1267,61.3643312069915,80,79
18,2483,216.248619874537,52,34
34,1965,322.818207750894,68,34
63,9673,4519.50009542036,71,8
29,4587,617.554955836965,93,64
1,8604,416.715631969183,71,70
49,1449,423.453210820287,92,43
83,6270,4683.90665079504,93,10
36,7994,1421.46633709156,78,42
6,2194,122.418669191839,58,52
75,4503,2881.42765985524,86,11
15,8350,647.558627764475,93,78
81,3590,2590.83309743434,91,10
16,9631,776.189960567782,80,64
36,7635,1357.63015808031,92,56
40,1551,322.588906853202,63,23
8,3977,237.6625386602,75,67
25,3533,405.530013744317,66,41
89,4594,3750.32153871288,92,3
96,5762,5206.55038765184,96,0
95,7687,6814.17471956531,95,0
13,9731,699.203474711487,93,80
13,6322,454.255920987156,78,65
32,1224,185.71847563022,78,46
40,2340,486.691194091871,70,30
27,3420,425.135659620479,93,66
91,7395,6196.19156005267,91,0
15,5486,425.449896037833,78,63
56,7082,2646.81389581243,70,14
80,6008,4257.26633710708,80,0
18,8625,751.165665089763,34,16
33,5698,899.632695751066,80,47
98,2492,2336.60290370413,98,0
14,6220,464.265940783682,75,61
13,6817,489.823254250149,68,55
52,5355,1743.12381999259,81,29
5,8621,465.717719594726,59,54
37,9508,1758.6307987444,77,40
32,8510,1291.22894412841,34,2
9,3494,216.387396135924,61,52
10,4980,319.876731887895,38,28
16,2785,224.451151508802,86,70
97,6311,5813.70484446718,98,1
27,8598,1068.80596532657,66,39
99,1173,1117.14285714286,99,0
62,9262,4198.37817438716,80,18
5,4170,225.268865643198,72,67
81,4254,3070.02896838042,90,9
43,1739,406.040289832562,77,34
34,6278,1031.37542405095,65,31
90,6780,5607.97006106858,91,1
56,2781,1039.36591983258,57,1
45,2110,531.534781984059,73,28
50,6897,2090.09968854246,84,34
31,2311,336.958128868564,73,42
18,2067,180.018484607599,81,63
79,8677,6032.87023262206,94,15
78,6677,4551.81255697782,83,5
66,8802,4487.79966202167,72,6
50,2633,797.91684499526,81,31
14,2157,161.000262744438,85,71
3,6242,317.730436640844,51,48
23,1213,128.608737308682,61,38
28,3235,418.499480966769,82,54
60,2129,906.818095349597,83,23
19,9425,853.566447416799,84,65
70,4453,2528.48535408732,70,0
55,2039,736.660653950948,68,13
70,2666,1513.79787873272,75,5
46,1934,505.845569572417,56,10
73,4126,2522.18335363967,83,10
36,1047,186.174037394904,43,7
43,6709,1566.48896175196,82,39
8,6106,364.889982665119,87,79
43,6634,1548.97716086786,83,40
74,6711,4198.70467983051,81,7
62,6498,2945.48276583543,86,24
49,7598,2220.42615307974,75,26
80,8421,5967.11714793254,89,9
8,8864,529.705995143075,60,52
96,5350,4834.26667371353,98,2
63,7503,3505.61451627612,99,36
44,4541,1101.46322979506,86,42
71,6320,3680.44754855647,83,12
78,5094,3472.65735588513,89,11
67,9824,5150.4752226041,80,13
31,9671,1410.09176299779,70,39
70,6314,3585.19122517569,88,18
34,7108,1167.73120645972,85,51
88,3312,2667.58225693667,96,8
0,1936,125.127887238253,70,70
40,1754,364.81040787912,92,52
42,9402,2112.70584641652,76,34
32,3476,527.416193864905,62,30
87,4319,3430.56071249722,90,3
40,5606,1165.97898892266,57,17
10,3806,244.468040474966,78,68
83,4105,3066.57684234667,91,8
39,2859,571.927692320301,69,30
20,6212,585.086068374754,82,62
95,6832,6056.25623573178,99,4
39,9681,1936.6323852231,41,2
77,7035,4699.02526861864,77,0
33,4385,692.328776916185,82,49
82,8603,6318.86729285883,84,2
29,8593,1156.88897656574,96,67
20,2025,190.727509410637,74,54
22,5397,550.024982037766,38,16
41,6159,1331.6256532158,82,41
58,8232,3287.74993496837,90,32
31,6956,1014.22792921235,69,38
47,8193,2224.33326006337,93,46
75,4875,3119.46698685194,92,17
11,7385,492.21411628001,88,77
96,1646,1487.32765325841,96,0
22,4762,485.310165733526,92,70
76,8015,5241.81378497156,90,14
26,3274,391.074074176407,86,60
59,2659,1096.97893942691,73,14
26,1436,171.527907916103,65,39
32,5016,761.081596210116,74,42
48,2369,667.393156192329,75,27
92,9599,8147.61067610657,93,1
37,7460,1379.82601584279,88,51
97,4438,4088.29378858269,97,0
15,1304,101.127718635314,88,73
72,1694,1011.06129513754,80,8
25,3859,442.949426277758,42,17
5,6401,345.790409827844,89,84
38,4012,771.788581949079,73,35
79,8477,5893.81594582658,82,3
79,5979,4157.02790375099,83,4
95,7222,6401.97343888391,96,1
64,5654,2721.35923544931,85,21
63,8014,3744.36821717138,72,9
79,7677,5337.59879864464,91,12
88,9632,7757.89622548731,96,8
69,8156,4512.53309127569,77,8
64,6511,3133.84683091802,73,9
69,8772,4853.35216732104,75,6
64,8338,4013.21070130463,92,28
37,6191,1145.10762253119,71,34
54,5696,1988.43721560463,75,21
83,5555,4149.77694500262,84,1
60,9390,3999.54058963491,91,31
24,1908,210.476068473831,81,57
60,7888,3359.78446975934,75,15
90,4731,3913.17202933856,91,1
62,5751,2606.87463624493,71,9
61,8372,3679.66778745481,75,14
63,3077,1437.66171752387,69,6
84,5197,3946.00151127022,90,6
41,6475,1399.94741103626,80,39
58,1364,544.763230235284,66,8
33,8978,1417.49777859829,87,54
30,6975,977.251350670367,87,57
5,7669,414.289431802802,73,68
79,8603,5981.42014650773,90,11
3,6112,311.113173461845,58,55
77,1385,925.110163047166,87,10
20,2668,251.289380300039,62,42
18,3142,273.642031270961,75,57
40,7405,1540.14884284201,91,51
82,5891,4326.9147067571,84,2
89,3687,3009.89018572799,95,6
69,7668,4242.53356349951,78,9
55,4791,1730.91770136292,70,15
17,2717,227.604279757323,67,50
33,1825,288.141395181765,75,42
30,2685,376.189229612894,53,23
84,4984,3784.27391421412,84,0
85,1159,893.868409189199,92,7
22,2967,302.376157440439,75,53
35,5090,869.998342210114,80,45
56,7592,2837.42037517763,77,21
59,3271,1349.46149336796,85,26
40,8449,1757.28799097531,95,55
32,8395,1273.77990434289,95,63
92,7116,6040.04558507911,98,6
13,4085,293.520315917832,74,61
74,8993,5626.42693871492,78,4
71,8966,5221.34378486666,93,22
33,5701,900.106352839036,88,55
32,1519,230.479055949595,85,53
49,9226,2696.19000899101,94,45
41,4031,871.534828399563,94,53
52,6489,2112.25592304985,79,27
84,5404,4103.17340136699,84,0
82,1748,1283.89864325436,88,6
97,8488,7819.16126126405,98,1
76,6234,4077.03894391924,81,5
17,3885,325.448151217225,86,69
82,4536,3331.67290949757,85,3
6,7501,418.533472018223,50,44
10,2278,146.321123542294,71,61
60,3093,1317.42055843885,81,21
90,9995,8267.20660182602,91,1
75,7790,4984.74827232341,85,10
81,3781,2728.67407838419,94,13
54,6674,2329.85076842439,70,16
19,9362,847.860910420803,88,69
79,2698,1875.84232887108,83,4
66,7379,3762.26695138127,89,23
72,3171,1892.6064739558,77,5
45,9142,2302.98150563899,79,34
69,1527,844.855079742274,87,18
67,4687,2457.27579075177,69,2
44,9037,2192.01127673595,71,27
11,7410,493.880379368297,79,68
40,9612,1999.17767419276,73,33
20,6912,651.016565454974,69,49
49,9213,2692.39091186149,92,43
55,1025,370.317395929241,85,30
5,5844,315.700539764712,90,85
62,9582,4343.43118840183,67,5
49,5088,1486.90816884308,87,38
7,8129,469.129245138916,88,81
57,2705,1045.32812200306,75,18
3,7515,382.528713770577,98,95
1,2743,132.851113260282,11,10
14,8734,651.912978585962,70,56
49,1819,531.58135989103,86,37
32,2466,374.168105313825,84,52
14,1711,127.710454128759,76,62
16,6847,551.819401932053,78,62
13,8381,602.201656721505,81,68
86,9471,7414.91756127107,87,1
84,7653,5810.80422662131,92,8
34,2695,442.745582640539,59,25
27,3619,449.873085428805,67,40
97,7559,6963.3647471601,98,1
19,8861,802.488306690743,71,52
52,9133,2972.91313687999,86,34
16,1798,144.905985785575,82,66
26,4272,510.283581210022,65,39
6,8475,472.879772744226,45,39
51,4872,1530.47388048094,71,20
16,1149,92.6012111610821,88,72
90,2423,2004.14623273882,97,7
73,8491,5190.46506440969,77,4
46,8997,2353.20195938109,49,3
44,2750,667.038952199165,76,32
86,5541,4338.09082536195,86,0
32,6632,1006.27853789184,64,32
93,9938,8548.21239379299,97,4
81,8785,6339.96344316455,85,4
69,7226,3997.98481088256,84,15
73,8311,5080.43282891402,89,16
49,3101,906.230784509117,56,7
23,4311,457.075240344375,87,64
67,4817,2525.43150929193,85,18
27,2256,280.440364942632,85,58
37,7064,1306.58055977392,69,32
28,9525,1232.21253669505,75,47
43,2299,536.795069767142,74,31
30,7703,1079.24977121345,84,54
37,7706,1425.32698097648,79,42
10,6444,413.912783189879,88,78
28,1014,131.177271622969,53,25
74,1449,906.559839230281,99,25
87,9446,7502.91189864524,92,5
24,3627,400.103092429029,85,61
73,7473,4568.17164366195,85,12
78,7788,5309.19817189505,80,2
94,4772,4163.27047364539,95,1
96,1376,1243.35531645417,97,1
82,2068,1518.9372964817,88,6
50,7245,2195.55926395391,71,21
38,9442,1816.35787406859,49,11
45,5735,1444.71657567705,62,17
23,4070,431.523133426492,78,55
0,3075,198.743932467783,87,87
8,3090,184.65608359568,89,81
2,2379,117.952943589142,73,71
73,5338,3263.06707264385,89,16
36,2868,509.978165471426,81,45
60,6245,2659.97135061448,92,32
62,3920,1776.89942167973,82,20
89,9236,7539.82797813499,91,2
18,1379,120.099414743047,86,68
25,7468,857.202984048275,88,63
45,5016,1263.59169025215,84,39
8,6706,400.745532877873,86,78
75,9628,6160.86731269959,82,7
83,9731,7269.39324065175,90,7
15,7636,592.186548695752,74,59
97,6665,6139.81029763488,97,0
5,9315,503.208509224554,38,33
84,9781,7426.56162819588,90,6
8,1686,100.754096097837,41,33
15,5707,442.588872892438,76,61
91,3637,3047.40347585011,93,2
66,6462,3294.72408725109,75,9
60,4857,2068.77195355237,76,16
77,5644,3769.90740811423,85,8
40,1459,303.454039393179,54,14
90,3610,2985.95456053946,91,1
70,6972,3958.81425751108,86,16
82,6379,4685.3486529288,83,1
79,4503,3130.80726720032,79,0
75,4284,2741.29160444589,78,3
51,7908,2484.19282570674,68,17
44,6180,1499.01844530576,96,52
2,5365,266.001489010401,73,71
19,3147,285.005157561874,95,76
39,7699,1540.14386260021,74,35
72,5749,3431.28180976724,75,3
88,8256,6649.62533613198,88,0
33,7619,1202.93111774787,84,51
27,3141,390.453540019861,74,47
49,1589,464.36656452273,85,36
9,6283,389.113339989126,90,81
45,8031,2023.10703038577,98,53
14,5124,382.459594947844,53,39
17,4792,401.427938386857,66,49
26,3065,366.109357773576,56,30
24,1866,205.84294746969,86,62
70,6725,3818.56366634567,83,13
18,7926,690.288586840749,81,63
79,9569,6653.05235172992,82,3
11,5702,380.041285176522,68,57
68,1232,663.74541088259,70,2
76,3257,2130.07953807266,87,11
37,8652,1600.30223714099,60,23
29,7776,1046.89499380603,86,57
35,7339,1254.40428948527,75,40
49,2867,837.847036177891,66,17
76,5815,3803.01274605236,91,15
58,6288,2511.34251592336,73,15
0,4917,317.796395428971,96,96
3,6367,324.093189697574,77,74
69,5044,2790.73282398168,73,4
12,1412,97.6988826376968,76,64
2,4903,243.095116610997,73,71
95,6765,5996.86379313897,96,1
74,3570,2233.5532270891,86,12
31,7897,1151.43156368458,84,53
85,2614,2016.02417741205,97,12
48,2966,835.579612185078,85,37
19,8045,728.588017980705,78,59
5,7419,400.784104126351,86,81
36,1600,284.506647403864,39,3
77,4135,2761.97149761735,78,1
38,4582,881.439502116321,90,52
31,6897,1005.62536339528,88,57
6,6322,352.748781509026,77,71
99,8628,8217.14285714286,99,0
23,2225,235.90638129581,95,72
11,4664,310.858041750842,89,78
32,6785,1029.49334734562,68,36
4,5787,303.156737964981,70,66
28,3412,441.397288735275,73,45
67,3297,1728.53387713006,86,19
55,6459,2333.5415222507,64,9
17,7488,627.273038948411,84,67
6,1213,67.6817893025069,76,70
10,4281,274.978371327727,74,64
7,5080,293.169709103911,90,83
19,2214,200.508871573559,95,76
77,7489,5002.27437621677,93,16
8,4941,295.270456002023,52,44
60,5521,2351.59356713252,88,28
37,5207,963.103761996434,81,44
40,9280,1930.12576118486,97,57
83,5295,3955.5479610781,87,4
50,7659,2321.01979332271,68,18
82,8924,6554.6404418775,82,0
62,1606,727.984814086135,69,7
69,2018,1116.51444068101,79,10
13,7230,519.498625235233,89,76
60,7812,3327.41332121703,69,9
34,4536,745.192565067712,52,18
69,6911,3823.70232881392,91,22
58,8229,3286.55177537108,74,16
37,7032,1300.66173504108,82,45
96,4821,4356.26161382671,98,2
4,9361,490.38365717819,80,76
48,4351,1225.76092131398,62,14
4,1462,76.5880682399866,80,76
4,9091,476.239485889,71,67
48,3698,1041.79818134202,78,30
21,2327,227.968489960554,73,52
78,4529,3087.48825378951,78,0
19,9026,817.431379775493,94,75
94,9208,8033.40203715984,96,2
77,8845,5908.01400155392,82,5
14,7107,530.472353882577,74,60
91,4861,4072.9800099278,96,5
53,2077,700.300111177902,78,25
9,3339,206.788069747524,86,77
96,4223,3815.90806786771,97,1
24,2041,225.147618320278,82,58
91,1932,1618.80217633831,91,0
5,4644,250.874966917748,88,83
14,9732,726.40452342553,86,72
21,7531,737.787149932503,75,54
93,7081,6090.7518575617,97,4
80,6777,4802.17942186662,87,7
8,7641,456.620431959413,87,79
53,8783,2961.35574216442,83,30
21,3270,320.351079574995,66,45
48,6931,1952.59686178516,85,37
46,5765,1507.85920816183,84,38
34,6378,1047.80383157008,79,45
52,4829,1571.90381451806,76,24
17,5397,452.109053312577,63,46
5,9478,512.013982869599,76,71
73,7398,4522.32487887209,83,10
7,8968,517.548415599188,81,74
82,3466,2545.76241276865,91,9
34,8679,1425.82148858525,76,42
59,8299,3423.77894633467,81,22
37,9175,1697.03802886831,79,42
96,6633,5993.58707415735,96,0
4,9426,493.788735451514,86,82
19,9781,885.807259648139,82,63
46,7969,2084.3243763819,84,38
54,1600,558.549779664222,97,43
1,3750,181.622921883361,14,13
75,9675,6190.94217390617,84,9
2,1166,57.8113208175448,72,70
37,7236,1338.39424271292,69,32
31,3178,463.372104519385,85,54
52,8721,2838.80164970222,72,20
19,5202,471.114340526492,63,44
21,3081,301.835374975706,83,62
36,4906,872.368507602098,75,39
46,9454,2472.73216894397,74,28
78,7126,4857.90269297947,82,4
90,3043,2516.96945366249,95,5
32,3383,513.305231255746,88,56
45,8006,2016.80922491202,53,8
38,8834,1699.39689255687,77,39
17,6923,579.942741538442,94,77
16,1562,125.886067740305,70,54
96,2761,2494.84304413515,96,0
65,7528,3730.38269588733,83,18
43,1341,313.110999807628,79,36
56,1325,495.203108154683,82,26
69,7620,4215.97623289858,87,18
58,3157,1260.86328288328,92,34
95,7334,6501.25632799427,97,2
80,4536,3214.20774053224,87,7
46,7410,1938.11565177436,93,47
13,8521,612.261104513059,75,62
27,8451,1050.53259048324,70,43
95,6793,6021.68451541656,96,1
29,9097,1224.74328171983,73,44
87,5520,4384.50917642618,89,2
16,2582,208.090798274947,74,58
31,1078,157.179083911862,67,36
63,5418,2531.44334921818,83,20
76,6971,4559.03729195718,98,22
99,3127,2978.09523809524,99,0
35,3526,602.674686568342,72,37
26,6093,727.799124605024,80,54
0,5928,383.139522493989,59,59
19,1321,119.635148757304,82,63
89,1479,1207.38475310325,96,7
95,5668,5024.42335247771,98,3
91,6329,5303.00153936084,92,1
60,7782,3314.63523626612,89,29
55,7685,2776.4772563085,63,8
66,5275,2689.51865680122,87,21
54,8037,2805.66536197584,67,13
72,1647,983.009417409401,86,14
55,7685,2776.4772563085,61,6
43,3173,740.865922736468,71,28
28,5639,729.495694952584,66,38
70,1444,819.92653296701,73,3
47,6454,1752.20881977896,57,10
58,2300,918.589024590288,90,32
32,7764,1178.03778169365,74,42
64,9078,4369.38435433478,80,16
2,3064,151.915855047133,75,73
92,2625,2228.09438741325,95,3
44,6667,1617.14497974976,64,20
24,6640,732.474368273711,51,27
45,4297,1082.46680482725,81,36
40,6149,1278.91630447475,82,42
37,2806,519.006943760706,64,27
87,2054,1631.48221890931,93,6
50,5036,1526.13339589674,96,46
32,7500,1137.98085557733,94,62
4,9245,484.306902105797,48,44
89,4708,3843.38567789731,89,0
12,7650,529.317600692904,77,65
78,9637,6569.6896228239,97,19
97,2664,2454.08171536374,98,1
78,7754,5286.01985424682,85,7
18,8784,765.013240828809,88,70
71,8340,4856.79312578496,76,5
60,1511,643.589545360846,71,11
5,7036,380.093942126029,72,67
63,2796,1306.37054345036,79,16
88,8991,7241.61596380362,91,3
14,2989,223.101430386242,80,66
12,3484,241.064381805762,65,53
82,5330,3914.86256781792,82,0
73,9856,6024.8761835852,90,17
30,1968,275.731993995596,80,50
42,7383,1659.02013019498,79,37
51,9094,2856.75892222776,70,19
80,5753,4076.57344164065,85,5
62,1292,585.651544084238,80,18
94,8209,7161.83724185981,94,0
91,1584,1327.21669115936,95,4
48,6260,1763.5631733913,69,21
5,5405,291.985184364864,91,86
10,7531,483.733266636092,97,87
53,4828,1627.85216021517,56,3
66,3942,2009.87346826738,79,13
91,9655,8089.82143506539,94,3
24,6488,715.706882734915,34,10
80,3294,2334.12704967222,89,9
64,8984,4324.140674085,75,11
24,4622,509.863935265225,32,8
84,3657,2776.70339170968,87,3
88,8483,6832.4578156986,92,4
53,4704,1586.0431983538,53,0
23,1041,110.372378844466,77,54
10,6752,433.696324037564,74,64
80,6721,4762.49784482301,90,10
93,8444,7263.14202587925,96,3
88,7511,6049.58041420631,99,11
86,8238,6449.59253191332,92,6
6,7554,421.490714254853,98,92
32,6588,999.602383539124,70,38
9,4389,271.815764636683,79,70
59,1742,718.667661708037,86,27
91,2776,2325.98076682978,91,0
1,4294,207.97035375124,80,79
28,6725,869.987329057657,60,32
45,3472,874.639224193673,83,38
7,3685,212.663460245652,86,79
29,5529,744.377883327355,71,42
13,3431,246.528324091574,71,58
76,9337,6106.40240926756,86,10
42,5626,1264.20794426072,55,13
62,8346,3783.16392177016,70,8
83,4459,3331.02707430543,87,4
1,1889,91.4895198500449,64,63
80,5498,3895.88054617422,83,3
60,5365,2285.14752538778,82,22
47,2470,670.585030191204,89,42
39,1924,384.885932152591,52,13
66,4923,2510.04745922889,90,24
14,9604,716.850497634483,67,53
47,5656,1535.55827156334,79,32
8,1914,114.379205178683,83,75
57,5927,2290.44723811909,66,9
29,7404,996.812054287527,93,64
72,7062,4214.94384076818,87,15
29,1561,210.159861796708,59,30
43,9926,2317.62847434043,78,35
1,3627,175.665690045587,83,82
34,7833,1286.83716097341,61,27
14,8666,646.837402384468,42,28
46,9173,2399.2354755366,89,43
85,1815,1399.80255623675,99,14
74,9520,5956.14193890426,74,0
0,2099,135.662931463374,55,55
41,8431,1822.85044362112,82,41
51,9030,2836.65417502932,82,31
53,6978,2352.76561184372,95,42
93,1891,1626.55158348385,95,2
9,8859,548.647951450529,79,70
25,5574,639.803084237425,64,39
85,8857,6830.88222621979,85,0
80,1616,1145.09693754411,88,8
35,5791,989.815402699169,47,12
43,2110,492.665331539221,87,44
86,8148,6379.1308509383,88,2
60,6000,2555.61699018205,81,21
83,1865,1393.21944238162,83,0
60,6718,2861.43915667384,63,3
52,1174,382.15263579296,72,20
51,6521,2048.48525751564,73,22
48,3912,1102.08612369117,77,29
71,2221,1293.39778565568,76,5
94,7794,6799.7757903588,94,0
98,8024,7523.63631593977,98,0
99,9152,8716.19047619048,99,0
85,5950,4588.88441300754,88,3
90,4905,4057.09338488811,91,1
19,3828,346.679295566207,85,66
91,4889,4096.44091103415,93,2
79,2265,1574.78979795885,80,1
72,4673,2789.07286433159,95,23
4,2967,155.428726722326,75,71
48,6806,1917.38194218868,62,14
35,8227,1406.18396097497,73,38
81,2022,1459.23802869422,84,3
42,7940,1784.18255908819,56,14
52,3056,994.768701007911,88,36
13,2884,207.224624506004,83,70
85,4328,3337.93138478935,91,6
77,9064,6054.29495874333,86,9
67,7224,3787.3608518009,73,6
43,5250,1225.82606188669,67,24
30,9869,1382.72309387324,60,30
54,5671,1979.70987529738,72,18
90,9025,7464.88640134866,97,7
71,5951,3465.56065845879,82,11
80,3401,2409.94720580912,82,2
71,3670,2137.22191506365,93,22
33,5482,865.529385417224,82,49
54,3960,1382.41070466895,69,15
40,1490,309.901657776448,73,33
95,9971,8838.83649392294,96,1
73,4204,2569.86398902112,85,12
99,2055,1957.14285714286,99,0
90,7189,5946.26796003274,94,4
62,4452,2018.05005747912,86,24
82,8508,6249.09019268196,84,2
25,8069,926.187851939681,83,58
63,3989,1863.77399779094,76,13
14,7827,584.213748957216,82,68
86,4022,3148.85423201692,95,9
43,9880,2306.88790313152,80,37
36,6565,1167.36633762898,85,49
6,9641,537.939101950098,77,71
79,1002,696.661976845374,79,0
73,2305,1409.02390454179,78,5
85,7267,5604.60891249173,87,2
43,7339,1713.58808917836,55,12
9,5193,321.608399580381,70,61
55,7090,2561.51252403738,75,20
14,4495,335.510515084028,75,61
77,1111,742.091979166355,83,6
70,2925,1660.8622638009,72,2
85,5309,4094.51888212723,96,11
62,6333,2870.68980548412,89,27
44,8078,1959.39660213267,84,40
59,1159,478.149150355692,84,25
96,9262,8369.15475363265,96,0
73,1452,887.593366331748,78,5
32,3958,600.550430183341,81,49
49,8860,2589.23081288319,79,30
56,9360,3498.18950364365,86,30
7,6677,385.333493639137,78,71
85,2394,1846.35114029244,92,7
44,4127,1001.04354753671,75,31
29,2134,287.303744442137,72,43
54,6020,2101.54354598663,78,24
10,8735,561.068926313407,99,89
63,7356,3436.93194478571,81,18
60,4857,2068.77195355237,88,28
21,7430,727.892514141349,72,51
85,2557,1972.06343597652,86,1
58,5822,2325.22839181072,93,35
59,1019,420.391703375712,83,24
94,1347,1175.17295222136,94,0
56,8427,3149.49176786379,83,27
43,2999,700.238544685367,77,34
53,4401,1483.88097703127,72,19
33,9314,1470.54737245093,41,8
61,1975,868.053497398859,81,20
8,5265,314.63245311691,70,62
94,4036,3521.15667050143,94,0
81,9365,6758.53814971383,82,1
8,4012,239.75411242261,90,82
54,6321,2206.62072328597,94,40
10,2877,184.796256554513,98,88
92,6820,5788.80141796508,96,4
2,9776,484.702806442811,65,63
12,1544,106.83220594377,83,71
96,9112,8233.61456651919,98,2
3,8981,457.151081619901,75,72
11,3753,250.13941481366,84,73
86,7200,5636.93447800144,97,11
49,9696,2833.54198213492,84,35
51,5070,1592.6729421261,85,34
40,8954,1862.32177431565,88,48
97,8061,7425.80807340357,97,0
82,8136,5975.85775830517,88,6
78,8930,6087.71695878567,90,12
77,2815,1880.27805702366,91,14
28,9773,1264.29534080007,90,62
93,3445,2963.23120312103,98,5
21,7303,715.450744384155,88,67
0,4453,287.807067082613,57,57
68,7395,3984.08872847139,79,11
46,6437,1683.62354257376,70,24
29,3801,511.734551370461,85,56
49,4931,1441.0267650482,76,27
63,2759,1289.08309348338,64,1
61,8651,3802.29407898609,71,10
98,5369,5034.19782904794,98,0
21,2563,251.088629036915,49,28
58,8671,3463.08062270538,75,17
20,8373,788.622931503834,63,43
60,8298,3534.41829742178,83,23
4,2989,156.581214753297,52,48
52,4776,1554.65160864325,77,25
19,8503,770.0663663008,78,59
82,5531,4062.49622187634,93,11
3,1519,77.3201751453768,79,76
95,5954,5277.94930145594,95,0
63,8430,3938.73522220548,73,10
53,8724,2941.46276837555,68,15
80,8644,6125.13485651691,90,10
47,7942,2156.18878938403,75,28
76,5332,3487.13051796237,83,7
59,7045,2906.43724267114,82,23
35,5455,932.385256730092,75,40
81,1801,1299.74663188837,83,2
34,1448,237.883340876995,86,52
27,8119,1009.26211124523,78,51
29,2446,329.30879048991,71,42
37,4928,911.499008857006,89,52
77,6847,4573.45074829166,97,20
50,6360,1927.36465407135,70,20
63,8200,3831.27269538374,85,22
66,8456,4311.38763258978,77,11
53,5517,1860.16163378357,66,13
31,3450,503.031390998073,62,31
29,6288,846.563235732033,71,42
1,8429,408.239895614626,83,82
64,5774,2779.11712512988,75,11
87,7553,5999.31119738169,88,1
0,8265,534.184911169503,77,77
15,6405,496.72012105766,83,68
97,7900,7277.49457634142,99,2
92,7886,6693.61993872032,94,2
44,5406,1311.27730021407,77,33
75,5017,3210.33146113563,91,16
9,2414,149.501767107075,89,80
43,1051,245.398703055792,83,40
94,4335,3782.01540302866,96,2
47,9742,2644.87423648693,49,2
3,9571,487.183276047664,55,52
51,9900,3109.95308225806,72,21
35,9736,1664.10684867538,56,21
95,3264,2893.38705407326,98,3
70,6384,3624.9383562752,74,4
91,8217,6884.93658538916,93,2
10,8311,533.8344415101,85,75
22,5117,521.489315005975,84,62
75,7448,4765.9056652458,76,1
28,7303,944.760961205661,83,55
20,9550,899.480353023004,85,65
31,1014,147.847487093347,66,35
22,2200,224.208812392641,75,53
74,7961,4980.76113189252,79,5
20,6691,630.201365662505,75,55
6,5899,329.146640639314,58,52
68,7473,4026.1115710435,82,14
7,7741,446.737542947515,28,21
25,5932,680.895567939792,68,43
42,1375,308.973679942854,76,34
29,6505,875.77828378449,77,48
29,5413,728.760622617286,85,56
7,3848,222.070283588947,39,32
8,1349,80.6152287283404,77,69
10,2667,171.307478703819,94,84
40,4716,980.869945015924,68,28
91,8243,6906.72170784506,92,1
43,7921,1849.47966403894,84,41
56,9059,3385.6943069987,75,19
36,3646,648.319522771555,86,50
72,5075,3029.00594617651,93,21
12,6367,440.544465831597,13,1
99,6610,6295.23809523809,99,0
1,3195,154.742729444623,81,80
67,2198,1152.35591808671,82,15
7,1160,66.9442642835702,34,27
75,9924,6350.2749492346,88,13
68,4260,2295.09370970766,94,26
65,8297,4111.44862218082,71,6
23,5576,591.197295328285,84,61
82,9510,6985.05497560007,86,4
96,6974,6301.71509952863,97,1
49,9528,2784.44595769199,91,42
17,4898,410.307604803595,79,62
86,4838,3787.70680619042,92,6
38,8642,1662.46184576369,82,44
17,4724,395.731548610082,83,66
8,5062,302.501325294929,88,80
87,7511,5965.9508014741,89,2
67,1015,532.13887937125,75,8
37,6814,1260.33974154863,59,22
99,2363,2250.47619047619,99,0
20,4055,381.925950943275,54,34
55,4556,1646.01566424743,70,15
38,6558,1261.56269202943,84,46
82,5884,4321.77323621775,84,2
31,1893,276.011137147638,88,57
22,7048,718.283504428789,79,57
98,3394,3182.3556401171,99,1
43,4300,1004.00991735481,68,25
90,7918,6549.24881173171,91,1
73,2577,1575.29483817969,80,7
20,9295,875.462814800924,87,67
31,3342,487.284321366829,90,59
24,3425,377.819986647208,54,30
17,8908,746.227060757538,63,46
12,1934,133.817024802624,76,64
86,1424,1114.86037453806,86,0
63,6176,2885.60245935244,73,10
94,7655,6678.50701503677,94,0
71,2926,1703.95403909434,72,1
20,8488,799.45437030987,35,15
77,4638,3097.95013444964,83,6
3,1119,56.9593653638424,81,78
21,2006,196.521182149064,80,59
1,8930,432.504717978243,96,95
92,6818,5787.10382224134,93,1
45,6191,1559.58854751815,68,23
14,9642,719.6868490412,92,78
66,2603,1327.16911159309,86,20
75,6099,3902.69315955077,82,7
9,3885,240.602471089886,74,65
25,2374,272.495967344752,83,58
52,3751,1221.0004572908,65,13
51,5255,1650.78822699658,79,28
57,3064,1184.06113338905,80,23
55,9346,3376.57208034603,96,41
7,3809,219.819571255275,63,56
37,5799,1072.60201955393,72,35
18,3570,310.917266593676,73,55
57,9802,3787.91358664473,92,35
49,1487,434.558263968093,69,20
95,8773,7776.86416218895,97,2
58,1231,491.644821422019,82,24
57,3039,1174.40006017275,83,26
18,2690,234.276595836691,38,20
9,1847,114.386811866929,77,68
96,2791,2521.95108155784,97,1
93,2781,2392.0888173816,97,4
98,1452,1361.45562446966,98,0
5,6717,362.861144010878,58,53
69,6897,3815.95644072198,90,21
84,8222,6242.83710326414,84,0
65,7365,3649.61059447532,86,21
36,2859,508.37781557978,82,46
39,7989,1598.15681495169,93,54
83,1154,862.077874803424,98,15
87,1494,1186.67694014143,90,3
97,3031,2792.16279251783,99,2
89,1497,1222.07909086922,93,4
37,4723,873.581537912264,85,48
9,8746,541.649732857695,87,78
91,6653,5574.47768073434,91,0
67,8872,4651.36565298692,78,11
39,9240,1848.41268871619,59,20
58,1247,498.035005940908,79,21
2,6280,311.368005775456,73,71
34,9143,1502.04929947401,85,51
39,7893,1578.95252727672,60,21
69,5555,3073.45773933748,88,19
39,4976,995.42224448612,54,15
71,9534,5552.11818480022,85,14
92,2271,1927.61994431066,95,3
82,8893,6531.87107234611,86,4
60,4257,1813.21025453416,69,9
31,8351,1217.62757861592,80,49
88,4502,3626.04327316693,94,6
77,5153,3441.94416619642,82,5
86,4905,3840.16161313848,95,9
97,1310,1206.77441708953,97,0
12,1618,111.95240234263,82,70
4,4255,222.901662353723,73,69
56,8972,3353.17908404817,76,20
68,8604,4635.44278833913,83,15
85,8588,6623.41837628718,89,4
50,1142,346.07711241344,69,19
56,2340,874.547375910912,89,33
89,8878,7247.57392701196,90,1
94,9778,8530.6912597034,98,4
10,7636,490.47765556144,30,20
3,8797,447.785109120395,88,85
94,1093,953.573895158092,97,3
97,2977,2742.41789288208,98,1
77,9864,6588.6546197092,78,1
16,5360,431.977799672237,75,59
15,7825,606.843863743355,75,60
78,7818,5329.64962864349,89,11
14,7478,558.164100511315,73,59
87,7067,5613.28375902243,88,1
83,8945,6682.22408155687,90,7
66,7850,4002.41165040561,82,16
41,6517,1409.02815099974,85,44
54,3319,1158.64169919097,95,41
45,6342,1597.62729257957,55,10
29,1332,179.329235050106,68,39
87,1695,1346.33026341347,89,2
29,2896,389.892991520351,81,52
61,3463,1522.0603855657,74,13
77,9750,6512.50836802157,90,13
10,4336,278.511146479099,84,74
12,3428,237.189638585003,61,49
86,1482,1160.26901338863,96,10
6,5046,281.551779736562,55,49
64,5493,2643.86740012789,79,15
44,6102,1480.0987950252,82,38
80,7208,5107.58584518439,86,6
5,1440,77.7906874163561,85,80
39,5652,1130.65243686406,74,35
95,7767,6885.09106892985,95,0
81,1879,1356.03771311396,81,0
70,3105,1763.0691723425,92,22
99,9159,8722.85714285714,99,0
37,8952,1655.79121901135,97,60
64,9651,4645.17827755948,90,26
36,2978,529.537997480442,70,34
76,4189,2739.60797819662,76,0
41,5779,1249.46657735576,84,43
75,4456,2851.35279864867,90,15
96,6927,6259.24584089974,96,0
29,1934,260.377432873052,77,48
3,9839,500.825018601292,75,72
11,6003,400.103092759499,69,58
60,8047,3427.50831999916,83,23
18,7976,694.643170406487,60,42
39,8476,1695.57856596952,93,54
74,7343,4594.11242199307,75,1
33,1708,269.668768750934,37,4
80,7119,5044.52048166865,85,5
51,2196,689.844138246334,93,42
88,7964,6414.43994391414,98,10
60,3838,1634.74300138645,67,7
11,1469,97.9096190677501,70,59
82,9527,6997.54140405278,92,10
47,5055,1372.39163061398,87,40
69,2255,1247.64126052313,84,15
10,3229,207.406017523296,68,58
59,3269,1348.63638698253,60,1
86,4366,3418.17443485476,89,3
83,4091,3056.11835859689,88,5
59,2032,838.308087595139,69,10
5,3341,180.485199068087,62,57
87,3085,2450.40050892659,90,3
56,5367,2005.85289167259,82,26
25,6852,786.496364046436,93,68
35,4393,750.864973934976,71,36
69,3280,1814.75092439729,72,3
23,5659,599.997398540668,63,40
35,9755,1667.35438669148,75,40
59,7389,3048.3555409648,80,21
44,5355,1298.90675964601,64,20
33,8250,1302.55699191757,68,35
66,9201,4691.23434336076,81,15
88,6798,5475.30923389356,98,10
33,7540,1190.45814776466,71,38
39,5231,1046.43363362277,98,59
62,5059,2293.1974934382,67,5
85,3833,2956.16705127023,90,5
50,3336,1010.95730911667,63,13
12,4578,316.760258297008,62,50
24,5642,622.382588222933,52,28
3,6705,341.29807396297,91,88
95,4781,4238.13832889836,95,0
50,3431,1039.74656102497,80,30
59,2939,1212.49383338687,63,4
31,3171,462.351461117359,71,40
54,3199,1116.75046571615,84,30
20,8805,829.31146684477,90,70
26,6190,739.38561977763,73,47
83,1728,1290.87570854447,90,7
23,1008,106.873542627495,64,41
76,4719,3086.2282284817,78,2
51,1616,507.644866760508,90,39
20,2741,258.164989281262,62,42
84,8469,6430.38037308976,88,4
29,5152,693.62178601963,75,46
21,1671,163.702340663552,86,65
73,2492,1523.33517141785,80,7
66,2910,1483.69654811214,87,21
31,8901,1297.82098877503,83,52
25,8507,976.463013564365,88,63
76,1006,657.924475069419,86,10
24,9972,1100.03530126889,56,32
89,9120,7445.13113475434,97,8
32,2514,381.45118278952,76,44
91,9978,8360.45968711367,91,0
51,5845,1836.12886523216,76,25
35,3839,656.173602307392,74,39
81,3939,2842.69960189245,88,7
79,3548,2466.82304775188,82,3
57,7028,2715.9209025647,80,23
60,2149,915.336818650204,73,13
95,9553,8468.29856849322,97,2
41,8855,1914.52267563337,72,31
67,1678,879.733043926066,83,16
93,8974,7719.02374943633,93,0
67,4789,2510.7518160679,91,24
62,1507,683.109037875346,81,19
38,7449,1432.96439355401,74,36
28,1533,198.31830118147,70,42
87,1857,1475.00607619989,87,0
44,8538,2070.97402686417,63,19
97,3999,3683.88617858093,99,2
46,1144,299.217855010778,78,32
57,5006,1934.5333008308,80,23
17,6425,538.225063467353,90,73
11,4605,306.925660862484,67,56
78,2558,1743.82754541699,83,5
38,9983,1920.43006320978,92,54
18,7825,681.492328037959,29,11
24,9612,1060.32283551911,93,69
48,4613,1299.57139278819,90,42
36,9560,1699.92721823809,83,47
5,6605,356.810757211828,98,93
79,4227,2938.91235142255,92,13
23,8300,880.010321238301,75,52
54,5178,1807.60672443834,76,22
80,5133,3637.2416958007,83,3
14,9802,731.629381280009,90,76
11,2267,151.096736845874,78,67
43,4639,1083.16325735092,60,17
14,2823,210.711053188478,59,45
25,7906,907.47814567296,83,58
89,3739,3052.34049482966,91,2
53,8649,2916.17508983037,69,16
8,1476,88.2046535233731,84,76
56,2249,840.537200181044,88,32
85,8883,6850.93449424302,93,8
58,9583,3827.32114028206,63,5
0,5106,330.011876156259,89,89
4,2336,122.373274561292,10,6
93,3733,3210.95561139356,96,3
90,8545,7067.86197224646,90,0
73,2420,1479.32227721958,78,5
67,3131,1641.50426730186,89,22
14,7094,529.502023138174,84,70
27,2068,257.070334530746,91,64
88,3550,2859.27446018272,90,2
99,8395,7995.23809523809,99,0
37,4320,799.041338933089,63,26
33,3032,478.709430241704,81,48
72,5631,3360.85369121575,83,11
49,6323,1847.82239614677,85,36
5,7841,423.5810972442,84,79
37,1490,275.595276622755,80,43
96,9079,8203.79572535423,97,1
14,9417,702.892663080376,73,59
75,6371,4076.74342015051,79,4
33,5196,820.374076364082,88,55
96,4167,3765.30639801201,97,1
79,3688,2564.16104850872,84,5
67,9872,5175.64041098816,87,20
89,1630,1330.65391991772,95,6
9,4879,302.162022251623,89,80
99,1561,1486.66666666667,99,0
98,8922,8365.63848589415,99,1
5,8601,464.63729338061,79,74
87,7876,6255.86852781388,96,9
53,6667,2247.90603814303,89,36
88,2989,2407.42855253131,95,7
79,1258,874.651463943593,82,3
35,3781,646.260065205587,97,62
82,8323,6113.2084712849,86,4
73,3879,2371.19467493172,82,9
94,9527,8311.70951433773,94,0
22,9427,960.734761102468,88,66
73,3203,1957.96250162575,81,8
0,8339,538.967691983362,73,73
63,7598,3550.00121213727,67,4
36,9305,1654.5839713081,74,38
73,5986,3659.18312042827,74,1
50,4361,1321.57818496936,89,39
90,4368,3612.92230483002,94,4
20,7315,688.973694488301,78,58
49,7029,2054.14259410338,84,35
85,4163,3210.67660694964,85,0
78,6505,4434.55753828676,89,11
37,7102,1313.60916414417,87,50
38,7662,1473.93921109019,89,51
93,6868,5907.53901394347,93,0
51,3247,1020.00178364565,85,34
91,2254,1888.60253906136,99,8
88,8104,6527.20006347064,95,7
55,4248,1534.7398028365,90,35
20,6824,642.728160107746,48,28
12,5122,354.400621012948,26,14
38,2474,475.923467532906,45,7
75,6369,4075.46363882257,84,9
33,2894,456.921204195083,65,32
98,3920,3675.55512942222,98,0
18,8674,755.433156984186,88,70
47,2758,748.774701727668,97,50
81,4075,2940.84815377297,86,5
48,8531,2403.34783261999,87,39
33,7736,1221.4037441787,92,59
71,1473,857.800512503747,87,16
11,9838,655.70785050274,73,62
42,1087,244.257738253005,63,21
25,3619,415.401392510807,95,70
48,9033,2544.77094971942,67,19
97,9209,8483.34779158584,98,1
34,3616,594.051215891721,78,44
46,1496,391.284887321787,79,33
25,8338,957.064606453471,27,2
77,4944,3302.34270476909,86,9
41,7724,1669.99132090256,84,43
5,6696,361.726696486056,82,77
15,9264,718.441093126957,88,73
93,6598,5675.29738118798,94,1
19,9858,892.780693754356,88,69
78,7228,4927.43764592417,91,13
87,2010,1596.5332327204,88,1
48,1336,376.377060647088,79,31
48,1433,403.70383825395,93,45
16,4777,384.992154670574,78,62
58,2915,1164.21174203508,72,14
60,5861,2496.41186324283,87,27
28,1200,155.239374701738,75,47
2,6901,342.157740104526,89,87
75,8104,5185.67394080988,80,5
73,4845,2961.70100542515,82,9
40,9061,1884.57645712241,87,47
28,3045,393.91991330566,74,46
13,7637,548.742877029249,87,74
18,5820,506.873527051875,70,52
94,4544,3964.35478462797,99,5
32,9583,1454.03607186634,79,47
66,6285,3204.47862710818,87,21
37,4767,881.719921919916,76,39
32,3757,570.052543253869,73,41
70,2089,1186.16795524106,81,11
43,8035,1876.09760138277,49,6
26,6887,822.641157255014,73,47
96,7352,6643.27637105455,96,0
52,5593,1820.59598977004,74,22
30,3700,518.398565947005,72,42
51,4452,1398.5364769912,93,42
84,1049,796.489433388966,88,4
68,8418,4535.2344714364,93,25
67,2824,1480.55191659548,67,0
14,9076,677.440141246415,43,29
77,6649,4441.19673220261,84,7
2,7037,348.900741503484,79,77
6,1713,95.5803009688329,79,73
87,6231,4949.25302143325,87,0
23,1636,173.457456089863,60,37
33,1151,181.726436084499,82,49
95,4131,3661.94299031147,99,4
94,4661,4066.42994083428,94,0
84,8234,6251.94851718279,87,3
0,5520,356.769595844605,95,95
30,5361,751.117489741052,65,35
40,5330,1108.57438654259,97,57
30,7235,1013.67935800718,85,55
90,6024,4982.65658523261,97,7
1,6588,319.075149164688,56,55
42,5712,1283.53284351533,86,44
58,8349,3334.47815926274,71,13
34,1853,304.418391329469,78,44
46,5311,1389.11366080616,64,18
78,4538,3093.62369081404,86,8
76,8543,5587.12603431217,85,9
59,2488,1026.43234347279,71,12
95,2556,2265.77736219708,97,2
85,1910,1473.07045862931,94,9
94,5712,4983.361472226,96,2
39,8624,1725.18517613511,66,27
26,2659,317.613305814009,85,59
63,7534,3520.09859597818,68,5
43,2909,679.224383624452,94,51
25,2800,321.393727281089,93,68
46,5907,1544.99988596911,63,17
22,5266,536.67436639075,59,37
64,2455,1181.6301597149,75,11
69,3501,1937.02530070576,72,3
46,6423,1679.96178560684,84,38
6,4880,272.289473863342,82,76
35,7855,1342.60058508064,79,44
20,3915,368.739851527231,69,49
82,3938,2892.44442627898,94,12
16,3287,264.908773791538,77,61
72,7520,4488.30043650194,75,3
56,7225,2700.25845767365,84,28
28,7557,977.619962184196,59,31
48,7159,2016.82887512912,79,31
13,9367,673.048910453447,62,49
61,6538,2873.58671695886,91,30
6,9419,525.552162770249,80,74
83,4620,3451.29963742792,85,2
85,7821,6031.87646960201,88,3
16,1029,82.9300663923007,73,57
20,4409,415.267945180987,63,43
25,2686,308.308411241787,83,58
87,1392,1105.65883579443,92,5
13,2322,166.843126942768,83,70
49,7212,2107.62219215729,75,26
33,6657,1051.04507820548,54,21
38,8652,1664.3855461175,71,33
35,8343,1426.01103517858,70,35
92,6047,5132.68067073825,93,1
27,1610,200.136962569875,49,22
63,3806,1778.27120471104,94,31
68,6692,3605.34439093043,85,17
22,5069,516.597486371954,63,41
58,2431,970.908660338691,83,25
38,2208,424.753038121527,79,41
89,4551,3715.21839849419,89,0
47,4290,1164.70031559525,71,24
7,8318,480.036543371325,85,78
66,7789,3971.31010764449,74,8
95,1890,1675.39875373727,96,1
7,3576,206.373007825903,77,70
99,1010,961.904761904762,99,0
67,7950,4167.98432610979,87,20
49,8898,2600.335866031,76,27
40,6662,1385.61398933335,88,48
97,7023,6469.60055818301,97,0
18,1018,88.6593213984207,84,66
54,5247,1831.69418368636,74,20
35,6442,1101.08631051425,86,51
35,7623,1302.94643667342,37,2
42,2566,576.601063806082,66,24
98,6421,6020.59680765819,99,1
22,3243,330.504172086062,77,55
12,3626,250.889623544114,60,48
81,1084,782.301692930036,81,0
75,7763,4967.47122439623,87,12
7,1901,109.707798623334,84,77
77,3419,2283.7196010529,80,3
73,3952,2415.81885932718,76,3
4,3284,172.035031532227,4,0
83,6978,5212.80711471256,85,2
69,4199,2323.21314986104,88,19
1,3056,148.010573140147,79,78
65,6677,3308.6829517056,67,2
4,5078,266.015191875959,62,58
76,1982,1296.22893597176,78,2
2,2833,140.462668847431,87,85
5,4110,222.02758700085,91,86
10,1942,124.739078981183,66,56
33,9888,1561.1737619492,70,37
18,3177,276.690239766977,65,47
84,2859,2170.79436611921,85,1
33,4919,776.639738574849,73,40
93,4540,3905.10004707387,95,2
57,3063,1183.6746904604,87,30
10,7849,504.159130238572,70,60
60,6829,2908.7180709922,77,17
56,3514,1313.3160166457,91,35
9,3735,231.312800391435,75,66
98,3525,3305.18669163605,99,1
4,5348,280.159363165149,91,87
98,8266,7750.54558668472,98,0
32,8168,1239.33701711408,62,30
88,9110,7337.46206542664,91,3
82,6885,5057.00352334453,90,8
15,9429,731.237161819309,65,50
1,1836,88.9225825540934,86,85
92,1116,947.258413848831,93,1
42,9145,2054.95585678356,68,26
78,6137,4183.68633550589,81,3
3,4259,216.791722148887,91,88
18,9804,853.846745569859,77,59
28,9798,1267.52949443969,83,55
88,6814,5488.19610470002,97,9
79,8537,5935.53223186522,84,5
22,1548,157.761473447186,81,59
4,4081,213.786529745133,87,83
1,2376,115.076283305297,93,92
56,6102,2280.55046487538,95,39
19,4134,374.391903832472,89,70
2,3270,162.12951893085,51,49
17,8534,714.896916985275,61,44
97,7817,7201.03482319758,99,2
52,3170,1031.87721930467,93,41
10,8044,516.684423957074,64,54
49,7001,2045.95992336289,87,38
36,2901,515.846115074131,59,23
80,8680,6150.64444175922,87,7
71,4335,2524.484196676,75,4
42,3144,706.482363447515,68,26
40,2729,567.5984054174,87,47
9,8129,503.438220718066,68,59
67,4023,2109.15735143895,71,4
73,3638,2223.87373740696,84,11
74,4331,2709.66919510445,81,7
44,7346,1781.84296103821,61,17
5,3994,215.761114958977,87,82
62,9895,4485.31116773493,77,15
57,2442,943.693631767642,78,21
53,8021,2704.43292814538,90,37
12,3529,244.178014751014,75,63
44,9377,2274.48154718966,91,47
80,3230,2288.7766759081,87,7
89,2470,2016.3896823293,93,4
57,4727,1826.71572373695,80,23
10,7836,503.324110657339,81,71
53,8652,2917.18659697217,81,28
10,4482,287.889058699106,91,81
6,5324,297.063352223039,96,90
36,2932,521.358431367581,78,42
35,8941,1528.22302115926,71,36
24,4844,534.353289144255,79,55
40,6092,1267.06100615713,83,43
55,4119,1488.13400373907,62,7
0,9071,586.278442736668,74,74
93,2228,1916.42354733053,98,5
78,1601,1091.42607514175,79,1
19,6145,556.516267307823,95,76
81,1878,1355.31603258543,91,10
67,5998,3144.59999849139,75,8
93,5490,4722.24653269506,98,5
7,5574,321.678731997087,87,80
40,2402,499.586430858408,67,27
7,5208,300.556662404167,67,60
91,7390,6192.00211342654,91,0
66,6928,3532.31947949172,69,3
76,6512,4258.85107520085,81,5
10,8947,574.68616871506,61,51
92,5964,5062.23044820289,93,1
85,4432,3418.14045688225,95,10
76,5294,3462.2785000174,77,1
2,4246,210.520470146909,92,90
54,7646,2669.1697595704,61,7
35,2819,481.832087758411,81,46
27,6307,784.014796849813,76,49
49,8499,2483.73280797903,61,12
5,6802,367.452955420871,90,85
90,8194,6777.53785846548,90,0
16,3584,288.844857094272,75,59
16,3051,245.888855746268,92,76
63,6543,3057.07527388973,91,28
72,6801,4059.16639210767,75,3
34,9056,1487.75658493236,90,56
49,7184,2099.4395214168,60,11
15,4514,350.06941865016,72,57
64,2766,1331.31935713703,81,17
27,6241,775.810424471172,70,43
15,7249,562.173951217326,39,24
6,9296,518.689128900333,76,70
11,9160,610.518795548394,58,47
84,6750,5125.17032924263,86,2
85,4948,3816.10085303551,89,4
82,6614,4857.95516389263,88,6
52,4458,1451.13837339439,74,22
84,9349,7098.55072712435,85,1
25,3602,413.450073452315,41,16
71,5161,3005.50471488923,73,2
89,8991,7339.82171409828,92,3
42,3118,700.639952044959,73,31
87,2469,1961.11470228193,87,0
90,6962,5758.5084904365,95,5
85,3295,2541.23935140501,93,8
81,1685,1216.03169057852,84,3
96,9362,8459.51487837496,96,0
73,2007,1226.85942577673,82,9
17,5109,427.983167199176,62,45
54,9476,3308.01107006135,74,20
55,3664,1323.74920847291,83,28
38,9275,1784.23207815995,64,26
2,7207,357.329493252183,81,79
0,3728,240.948741541429,54,54
23,4001,424.207384972824,60,37
88,5180,4172.12442359056,98,10
99,9676,9215.2380952381,99,0
25,5432,623.503830925312,84,59
78,1751,1193.68335888395,85,7
94,8321,7259.55021190346,95,1
55,2393,864.555637520656,74,19
0,9688,626.156493576545,65,65
60,8649,3683.92189134743,81,21
32,3758,570.204274034612,90,58
37,1552,287.062999542628,54,17
80,5660,4010.67367976466,82,2
96,9529,8610.41628669462,97,1
31,5885,858.06948870251,49,18
14,3883,289.830329270585,74,60
98,3156,2959.19693583075,98,0
58,4748,1896.2872559803,58,0
34,5552,912.105185462068,77,43
13,1015,72.9309964887636,74,61
65,1936,959.354529654341,74,9
44,4012,973.149191353836,82,38
51,8048,2528.17196020332,76,25
88,1412,1137.26634866986,94,6
61,6065,2665.69339834131,91,30
58,4703,1878.31486202092,75,17
52,3332,1084.61037688428,91,39
9,6098,377.656079461037,88,79
11,9392,625.981717007698,82,71
4,9916,519.457787050415,71,67
6,6287,350.795885692383,87,81
59,6599,2722.43851872063,73,14
30,7981,1118.19971751974,75,45
11,3263,217.480658283232,81,70
86,2779,2175.70012699528,89,3
66,9723,4957.38197157881,70,4
7,5499,317.350439047718,80,73
8,1352,80.7945064794041,81,73
52,6555,2133.73980206376,82,30
91,8596,7202.49663965014,91,0
20,1653,155.69015953372,87,67
34,5366,881.548347476487,78,44
58,2599,1038.00559778703,69,11
28,1324,171.280776754251,96,68
12,3158,218.507840913489,82,70
61,7029,3089.39140922358,77,16
28,5832,754.463361050447,66,38
13,9407,675.923038393891,90,77
20,9633,907.29782624823,95,75
43,5442,1270.65627214997,88,45
67,8237,4318.45118165614,75,8
60,5790,2466.17039552568,92,32
7,8747,504.794379041714,52,45
76,7299,4773.54944685058,82,6
96,8734,7892.05329499326,97,1
38,6806,1309.27046080395,83,45
24,6094,672.243795219879,78,54
71,8169,4757.2113962275,79,8
85,7368,5682.50426135118,87,2
9,5830,361.058534479804,87,78
51,4810,1510.99740663245,74,23
53,4872,1642.68759829501,75,22
45,3515,885.471449608514,87,42
25,9409,1079.99770713849,42,17
20,5988,563.988309309084,65,45
60,8939,3807.44337920622,67,7
26,2240,267.564424604506,76,50
61,9035,3971.07005012592,79,18
18,7021,611.470624300896,79,61
31,4793,698.849117986599,77,46
91,4011,3360.77408348496,91,0
24,6192,683.054410896208,78,54
43,7994,1866.52448356613,68,25
20,8319,783.536864586217,80,60
13,7538,541.629410376651,81,68
51,2371,744.818056367057,89,38
5,8813,476.089811250241,79,74
95,5946,5270.85766651949,98,3
99,6941,6610.47619047619,99,0
50,6350,1924.33420650205,91,41
54,7419,2589.92550958054,83,29
12,3754,259.746179477276,96,84
39,1708,341.676284883901,57,18
34,2501,410.874472053428,87,53
91,3498,2930.93685964358,91,0
41,6981,1509.34870678674,68,27
76,6496,4248.38706764508,76,0
91,6931,5807.41091314741,93,2
11,9756,650.242507573158,74,63
32,6385,968.801035048164,94,62
69,3607,1995.67273911616,88,19
44,6229,1510.90386663585,70,26
90,4802,3971.89855947659,93,3
12,8053,557.20191351372,93,81
82,1223,898.288352803248,87,5
39,9728,1946.0344843973,80,41
64,5811,2796.92580778138,88,24
17,6917,579.440118911079,77,60
4,5667,296.87043961423,91,87
48,4460,1256.46833120211,69,21
83,2621,1957.97756486982,83,0
11,4577,305.059446203602,75,64
13,7496,538.611576039184,95,82
85,8632,6657.3529837111,89,4
89,4757,3883.38693070465,93,4
56,6074,2270.08579542004,71,15
87,7298,5796.76593651418,97,10
91,2525,2115.67054619784,92,1
28,9395,1215.39493776902,89,61
71,3170,1846.04726723481,83,12
3,2041,103.891031910279,43,40
37,6978,1290.67371830442,56,19
45,1514,381.395099489983,79,34
19,2989,270.696033032235,61,42
76,4163,2722.60396591848,97,21
65,3473,1720.99084787682,78,13
28,2374,307.115229618272,53,25
6,5416,302.196678369643,64,58
11,4281,285.330891238283,97,86
61,9531,4189.07234618153,89,28
40,8521,1772.26310463967,55,15
61,9311,4092.37777938267,85,24
17,4917,411.899243123576,86,69
89,4242,3462.9656001785,90,1
16,6347,511.522965395464,77,61
93,5738,4935.56477315196,96,3
44,9083,2203.1690192091,80,36
42,8537,1918.33331321611,78,36
9,2401,148.696662313209,69,60
18,3317,288.883073751043,88,70
12,1976,136.723082218193,83,71
60,8154,3473.08348965741,64,4
79,1663,1156.23639470445,89,10
1,1140,55.2133682525417,85,84
13,1315,94.4869560420928,70,57
8,5255,314.034860613364,69,61
47,6713,1822.52522577877,86,39
10,2853,183.254681943005,79,69
46,7978,2086.67836300349,94,48
6,5610,313.021300896178,57,51
41,1853,400.633598864895,86,45
25,1174,134.755798509999,80,55
60,8412,3582.97502023523,85,25
10,8898,571.538787216565,85,75
75,7671,4908.60128331103,91,16
88,4131,3327.2289563422,95,7
6,5625,313.858256246168,77,71
80,8292,5875.70780081423,89,9
94,3498,3051.78543939891,95,1
33,3321,524.338396382817,73,40
39,1786,357.279768619817,66,27
17,3671,307.521277507962,29,12
24,9547,1053.15252920318,87,63
46,9546,2496.79514329798,60,14
90,5955,4925.58432354917,90,0
76,3873,2532.94382897004,89,13
99,8812,8392.38095238095,99,0
1,9784,473.866311388481,67,66
90,6303,5213.42703464827,94,4
21,7242,709.474776233062,81,60
2,2831,140.363507062152,64,62
12,4337,300.085024079101,85,73
76,7090,4636.86334815326,98,22
86,5713,4472.75092678087,93,7
74,1495,935.339516666163,87,13
67,2809,1472.68779522546,73,6
9,1815,112.40501545126,80,71
28,8985,1162.35481807926,72,44
62,5162,2339.88643232418,71,9
58,3955,1579.57373576286,75,17
21,4984,488.265987951613,56,35
20,3232,304.410523661817,81,61
33,2468,389.66189770334,41,8
25,9242,1060.82886697565,71,46
5,9943,537.133892347798,76,71
23,5416,574.233240942968,82,59
14,3060,228.400929067214,80,66
56,3940,1472.52848764487,74,18
66,6652,3391.5977450316,75,9
54,9838,3434.38295771038,70,16
63,2005,936.792896859073,73,10
24,3550,391.60903725477,83,59
6,1805,100.713627115437,81,75
93,2799,2407.57159289863,97,4
35,2992,511.401776010346,83,48
72,2320,1384.68843253783,97,25
34,2779,456.545444956608,73,39
53,1524,513.845628038094,71,18
56,4105,1534.19528979243,90,34
89,9595,7832.89838135613,95,6
8,9721,580.919672696958,50,42
34,3633,596.844045169973,56,22
72,2914,1739.2164191445,83,11
53,3523,1187.84655352901,70,17
43,2696,629.490869113621,54,11
61,5320,2338.25043349971,77,16
0,2056,132.883748017483,20,20
68,4755,2561.77713372298,82,14
75,7668,4906.68161131912,97,22
26,9387,1121.26216685826,59,33
42,2267,509.413332676691,80,38
60,5428,2311.98150378469,75,15
40,4336,901.834622898441,88,48
8,3430,204.97422871624,63,55
60,4996,2127.97708049159,66,6
29,9144,1231.07096493857,83,54
74,5916,3701.31677631908,86,12
1,4359,211.118484397219,90,89
99,2615,2490.47619047619,99,0
77,4749,3172.09253740866,77,0
99,5006,4767.61904761905,99,0
96,3783,3418.32351900155,99,3
45,3036,764.805496731565,87,42
6,3195,178.271489547823,52,46
80,9586,6792.6356703576,91,11
66,7134,3637.35091898007,88,22
62,3129,1418.34650266221,87,25
17,3090,258.850653091692,84,67
90,3382,2797.36795671592,93,3
63,5673,2650.58658547707,77,14
80,2389,1692.84442066392,80,0
12,3736,258.500726299175,56,44
5,2235,120.737629427469,84,79
92,2695,2287.51023774426,95,3
83,7052,5268.08767167569,86,3
91,3355,2811.11868613614,93,2
23,5459,578.792330559022,90,67
92,2805,2380.87800255015,98,6
80,3918,2776.29319387242,81,1
81,9002,6496.56811785626,87,6
84,8779,6665.75856598831,90,6
50,6192,1876.4531349072,80,30
11,5148,343.11689514008,71,60
47,4719,1281.17034715477,67,20
8,4652,278.000032649547,80,72
43,3310,772.85414568475,49,6
37,9119,1686.68008558584,89,52
71,7919,4611.62407231308,79,8
45,7677,1933.93010487754,81,36
73,8202,5013.80219741942,96,23
95,9004,7981.63512097906,95,0
99,6222,5925.71428571429,99,0
84,3287,2495.76812921786,84,0
96,8263,7466.45710745699,97,1
49,8253,2411.84220075903,67,18
71,8104,4719.35869200975,80,9
78,6934,4727.01336978945,86,8
85,7051,5438.02083968339,87,2
11,4054,270.201222396636,73,62
10,9315,598.323646091515,78,68
29,8668,1166.98634340414,80,51
13,2077,149.239093307549,77,64
71,3261,1899.04105313966,84,13
94,1387,1210.07044152267,96,2
68,7663,4128.47490551403,83,15
79,3359,2335.41674673015,79,0
21,5372,526.277064060205,95,74
12,4221,292.058770264673,81,69
90,8945,7398.71566316496,94,4
91,3586,3004.67112026354,92,1
72,3727,2224.45421899504,74,2
61,5046,2217.82174575931,84,23
77,3606,2408.62617180367,78,1
69,7357,4070.46419231428,77,8
92,9318,7909.09847692062,94,2
12,4227,292.47392132404,81,69
60,4633,1973.36225258557,74,14
91,6902,5783.11212271583,92,1
58,5610,2240.55844693544,58,0
53,3817,1286.97425342612,64,11
15,5729,444.295015384751,75,60
23,6512,690.437013482388,82,59
64,2851,1372.23119566077,87,23
70,3049,1731.27146746289,71,1
73,8715,5327.39406858209,89,16
47,7239,1965.32997309884,87,40
62,8558,3879.26154355488,78,16
98,8160,7651.15557553197,98,0
98,3982,3733.68890953043,99,1
40,9115,1895.80779237068,44,4
57,7927,3063.33309542264,77,20
1,6730,325.952603806672,94,93
33,7685,1213.35157368321,68,35
40,9062,1884.78444481219,79,39
72,7204,4299.69632241489,83,11
23,4997,529.80862352142,79,56
23,8973,951.365374996539,90,67
74,8111,5074.60790613996,82,8
15,4098,317.80781515914,87,72
73,9945,6079.28101113584,91,18
29,7481,1007.17868424162,73,44
20,7368,693.965574981518,45,25
19,9063,820.78225070965,90,71
82,4858,3568.18055430759,92,10
94,1178,1027.73105992336,96,2
16,6665,537.151499032735,63,47
49,3673,1073.39105820767,84,35
5,7334,396.192292716358,77,72
12,3679,254.556791235189,81,69
75,1970,1260.58460802017,96,21
81,4111,2966.82865280016,89,8
70,7579,4303.47866575967,92,22
88,7595,6117.23648594021,89,1
37,5196,961.069165994521,82,45
89,3953,3227.03984382499,98,9
79,5687,3954.00864502958,92,13
84,9102,6911.00745729873,86,2
42,6601,1483.29837185657,78,36
69,2959,1637.14877600353,71,2
56,6646,2483.86404286493,82,26
95,4060,3599.00473025044,97,2
8,9306,556.119583799804,62,54
63,7661,3579.43659991888,84,21
27,9357,1163.15624768094,63,36
51,4142,1301.15410774878,75,24
38,9051,1741.14119023457,57,19
14,2184,163.015565059737,92,78
87,2813,2234.35223066791,89,2
18,1530,133.250257111575,93,75
85,2125,1638.88729035984,86,1
76,7177,4693.76138923779,84,8
37,7988,1477.48662393461,54,17
32,6941,1053.16334914163,82,50
32,1790,271.598097531122,36,4
28,9859,1275.42082932036,74,46
84,4770,3621.78703266479,85,1
44,1200,291.071542777817,77,33
54,3219,1123.73233796196,97,43
11,7193,479.417215761965,81,70
78,2349,1601.34906340286,94,16
23,9297,985.717585126805,96,73
16,8932,719.855542289631,66,50
90,5239,4333.35621680506,96,6
70,8610,4888.89712523958,89,19
4,6068,317.877153269657,74,70
28,2980,385.51111384265,71,43
43,7415,1731.33338074091,72,29
34,1825,299.818437224113,50,16
58,5077,2027.68542514995,68,10
86,7724,6047.17804278933,89,3
62,5118,2319.94164289716,76,14
85,8619,6647.32684969949,88,3
54,4119,1437.91658902308,85,31
92,3676,3120.18094024042,92,0
22,1772,180.590007072618,67,45
69,7974,4411.83654608048,85,16
93,9786,8417.4689560936,94,1
69,8284,4583.35263954486,71,2
31,6617,964.799627314276,66,35
91,3434,2877.31194282906,94,3
80,3456,2448.92018326266,83,3
98,6024,5648.35308664272,99,1
58,4080,1629.49705231668,75,17
2,3889,192.820091474641,79,77
68,5916,3187.27098277711,85,17
83,1518,1133.99845229775,86,3
6,3651,203.714932187513,80,74
45,7589,1911.76182960996,65,20
86,2324,1819.47718428824,93,7
82,4329,3179.63228069114,88,6
26,3031,362.048112042972,64,38
36,9586,1704.5504512584,72,36
2,1944,96.385255291001,66,64
49,6836,1997.74061364216,71,22
46,3870,1012.21424728296,61,15
17,5341,447.417908790527,88,71
33,4279,675.592893141244,76,43
23,8430,893.793615426371,93,70
55,3366,1216.08619970519,57,2
56,1003,374.859409418224,59,3
80,9510,6738.7821015127,80,0
94,1961,1710.84941299636,97,3
34,5958,978.804519989733,86,52
19,3893,352.565960720806,55,36
59,9327,3847.88362844481,59,0
64,6510,3133.36551517068,88,24
48,8136,2292.06868669514,58,10
67,6913,3624.31140206251,86,19
28,3988,515.91218859211,51,23
95,2899,2569.83121009754,96,1
79,4641,3226.7547250892,95,16
40,6122,1273.30063685061,68,28
21,9434,924.21776290841,72,51
16,3821,307.945368012615,78,62
36,6703,1191.90503596756,75,39
0,8522,550.795379671689,74,74
76,1634,1068.63677163363,86,10
55,5278,1906.86362508735,80,25
87,3068,2436.89749153542,89,2
54,2266,791.046125449454,66,12
19,1510,136.751759745291,74,55
11,5211,347.315878122563,77,66
60,1791,762.851671569342,63,3
45,7874,1983.55681201065,72,27
32,2520,382.361567473982,87,55
37,2233,413.022988388331,85,48
30,7364,1031.75325395507,68,38
53,3545,1195.26427256893,69,16
52,3988,1298.14711374985,78,26
10,1789,114.91154083282,86,76
28,6246,808.020945322547,88,60
24,5091,561.600453144799,78,54
1,7788,377.194484167364,96,95
89,1435,1171.46526078646,97,8
22,8052,820.604253357067,92,70
33,8079,1275.55853790327,83,50
11,4496,299.660753797552,85,74
56,8879,3318.42143192863,82,26
22,1701,173.354177218129,88,66
53,9521,3210.18649904901,68,15
23,2917,309.275916512304,77,54
82,6940,5097.40079186798,85,3
12,1273,88.0812164290283,83,71
1,8484,410.903698468915,78,77
98,7531,7061.37899991805,98,0
63,4784,2235.22055789217,91,28
61,4461,1960.70210222598,69,8
31,6588,960.571247505886,86,55
50,1488,450.930598311032,90,40
30,7583,1062.43684475031,67,37
42,1532,344.252856489056,66,24
97,4745,4371.10275503039,98,1
14,6354,474.267811533685,86,72
34,1856,304.911243555043,90,56
55,7129,2575.60264934591,91,36
97,7562,6966.12835269542,98,1
14,4074,304.086727130663,92,78
39,2419,483.908040476673,79,40
45,5179,1304.65338194097,96,51
13,4472,321.327503741627,29,16
0,2736,176.833625766456,94,94
57,4909,1897.04833675158,78,21
3,1323,67.343378352425,14,11
82,8439,6198.40998307981,83,1
65,5315,2633.76514726902,79,14
57,8935,3452.86756750364,74,17
45,7146,1800.1647166152,60,15
29,3967,534.083389972801,84,55
34,5901,969.44032770383,78,44
11,3819,254.538349366738,59,48
49,1897,554.375942668105,86,37
66,2282,1163.50361607969,81,15
39,3318,663.748192766267,94,55
85,2461,1898.02429250614,92,7
0,4556,294.464180918119,95,95
32,4827,732.404478649567,96,64
63,5837,2727.21203938474,73,10
33,2767,436.869720804352,79,46
92,2995,2542.14959630578,97,5
72,8078,4821.34187846578,76,4
97,1323,1218.75004107591,97,0
91,3656,3063.32337302942,91,0
90,6596,5455.77736324607,93,3
14,7549,563.463599192286,47,33
60,8244,3511.41774451014,82,22
17,6567,550.120465648266,49,32
8,1195,71.4123041737337,85,77
68,6826,3677.53747945175,72,4
62,1064,482.301271598784,74,12
46,6500,1700.10144892488,74,28
49,1663,485.992194336879,78,29
39,6143,1228.87436653502,89,50
50,3659,1108.84076560488,79,29
77,8406,5614.7841375989,90,13
8,8037,480.285095099831,74,66
70,5592,3175.22795869219,89,19
53,1775,598.475058902636,69,16
15,8174,633.909487825966,92,77
13,8132,584.310210292242,84,71
8,6701,400.4467366261,68,60
74,5281,3304.03209867158,85,11
96,4917,4443.00733357933,96,0
65,9445,4680.32207261635,74,9
26,3062,365.751012562052,73,47
24,6374,703.131268580818,83,59
98,5543,5197.34746999678,98,0
83,9010,6730.781327538,84,1
13,2455,176.399602344744,79,66
67,9843,5160.43644300612,81,14
10,6159,395.606584678222,59,49
87,6483,5149.41539687879,93,6
85,5240,4041.3032477579,96,11
5,5273,284.854371351698,76,71
96,2902,2622.25082002181,96,0
90,8221,6799.87048260248,96,6
95,3712,3290.51861051469,95,0
96,2778,2510.20426534134,96,0
24,4021,443.566179944065,81,57
34,4858,798.092037279309,60,26
93,1566,1347.00146998187,93,0
92,8469,7188.46909219153,94,2
89,6926,5654.05463150313,94,5
0,8738,564.755929074304,73,73
73,2785,1702.44319919691,85,12
69,5264,2912.4539225693,96,27
78,8042,5482.35383903184,79,1
51,1540,483.770479462365,86,35
13,2445,175.681070359633,72,59
10,7119,457.26956913854,80,70
21,3495,342.393585050338,72,51
50,3139,951.257492001565,74,24
54,4631,1616.65251851563,70,16
97,9523,8772.60517094928,97,0
19,8860,802.397742611442,36,17
92,2939,2494.61691604096,92,0
25,7893,905.985960510583,80,55
70,2754,1563.76570068639,95,25
98,1763,1653.06216662535,98,0
22,5840,595.17248380592,87,65
46,8231,2152.85154247702,73,27
4,6295,329.768734316495,94,90
96,9473,8559.81461683893,97,1
65,4776,2366.67212480844,73,8
26,6586,786.687187698783,85,59
32,7075,1073.49527376128,92,60
66,7140,3640.41008712051,72,6
70,4477,2542.11294189287,76,6
83,2930,2188.81124191857,83,0
80,9462,6704.76932118961,80,0
95,4380,3882.6701277086,97,2
49,1904,556.421610353228,78,29
84,7525,5713.61581148901,93,9
81,6731,4857.63163755726,96,15
82,3817,2803.57043552739,85,3
28,1417,183.311828293636,91,63
14,7146,533.383346115787,90,76
39,8371,1674.57387632502,72,33
62,3121,1414.72017731185,88,26
63,4564,2132.43031484529,80,17
70,5489,3116.74289436005,70,0
55,7440,2687.9623665498,93,38
5,6138,331.582805112218,87,82
17,5376,450.349874116808,68,51
89,2478,2022.92049911417,90,1
12,3817,264.105265600629,76,64
29,4796,645.692951426658,79,50
68,3481,1875.40403837849,92,24
17,1702,142.577285295165,90,73
7,3060,176.594352334246,88,81
84,7471,5672.61444885507,95,11
8,1002,59.878768855298,67,59
76,6501,4251.65707000625,78,2
18,4612,401.666788103651,91,73
81,6398,4617.31202155569,90,9
99,1473,1402.85714285714,99,0
75,6465,4136.89314256366,85,10
61,6766,2973.79744982313,82,21
5,1453,78.4929644555315,73,68
57,2314,894.228936900214,92,35
56,9584,3581.9068592864,92,36
14,7253,541.36991455049,76,62
53,1083,365.154078192425,76,23
4,9375,491.117058652445,80,76
19,8537,773.145544997052,72,53
62,9934,4502.98950381797,73,11
76,8493,5554.42601070037,81,5
96,2539,2294.24356720722,96,0
18,2071,180.366851292858,59,41
10,4943,317.500137695154,69,59
67,9825,5150.9994973621,90,23
69,3343,1849.60742081102,85,16
69,1386,766.842921102024,86,17
21,6627,649.225261267122,89,68
95,3123,2768.39698831826,96,1
52,9681,3151.29443535916,82,30
71,9431,5492.13620734748,83,12
92,4291,3642.19162529152,93,1
74,7612,4762.41097047681,96,22
11,6081,405.301833594954,72,61
86,7764,6078.49434544489,88,2
33,3099,489.287771873035,87,54
76,3871,2531.63582802557,81,5
35,9754,1667.18346363801,72,37
44,2076,503.553769005624,78,34
50,5345,1619.77422578795,64,14
15,9139,708.747101693357,65,50
20,5603,527.726535914962,86,66
41,2944,636.516629820966,80,39
76,8872,5802.29218967782,79,3
32,2055,311.806754428188,75,43
85,4600,3547.70895795541,88,3
35,5066,865.896188926608,60,25
93,5224,4493.44551672113,94,1
70,1597,906.802405227365,70,0
93,1720,1479.46521607204,97,4
63,8092,3780.81203061527,75,12
35,2262,386.627946970388,90,55
40,4383,911.610044318235,62,22
36,4608,819.379144523128,85,49
43,2957,690.431936190273,70,27
44,1831,444.126662355153,87,43
77,1185,791.520247805698,82,5
7,6456,372.579457081663,76,69
71,5709,3324.63212890963,84,13
56,7431,2777.2485258094,74,18
54,6377,2226.16996557421,72,18
35,5334,911.703567259086,83,48
6,3666,204.551887537502,63,57
88,6945,5593.70735942789,90,2
75,4933,3156.58064536218,78,3
9,8826,546.604223896869,54,45
10,4626,297.138506368153,82,72
29,7712,1038.27857410392,70,41
13,4866,349.637663954999,70,57
45,9483,2388.88357230087,69,24
11,8480,565.196439546985,92,81
7,4138,238.806349659839,88,81
8,3471,207.424357980778,71,63
53,5454,1838.91998380562,82,29
16,5559,448.015781413799,91,75
99,6409,6103.80952380952,99,0
33,9416,1486.65171344192,66,33
13,3095,222.385649391846,88,75
74,4404,2755.34129190487,74,0
35,3867,660.959447804815,79,44
8,7243,432.836250318287,70,62
6,9730,542.905037026704,88,82
57,3688,1425.20152086776,79,22
5,3364,181.727689214321,69,64
34,5074,833.577397520629,63,29
44,6409,1554.56459805253,86,42
44,9993,2423.89827248227,72,28
96,3577,3232.18166203239,98,2
42,1299,291.895861996922,82,40
20,9090,856.154597798859,69,49
2,9875,489.611314814112,71,69
21,5576,546.262269024517,74,53
20,3052,287.45696726976,78,58
70,8853,5026.87645177073,91,21
65,5477,2714.04171431654,85,20
56,7468,2791.07683901825,63,7
38,5232,1006.48002511405,70,32
56,8874,3316.55274095446,87,31
49,4462,1303.96703014501,81,32
56,1217,454.839383112641,85,29
39,8376,1675.57409964143,81,42
83,2420,1807.8236196051,83,0
26,6566,784.298219621957,74,48
13,6461,464.243515580199,81,68
18,7070,615.738116195319,61,43
84,1919,1457.06694249135,91,7
13,2107,151.394689262882,65,52
55,4309,1556.7782039601,80,25
44,5106,1238.50941451961,93,49
8,3193,190.811286382202,82,74
76,1914,1251.75690385971,80,4
58,6390,2552.07994223128,80,22
47,5307,1440.80759320839,68,21
75,2917,1866.56106679941,84,9
8,5295,316.425230627548,88,80
44,2714,658.306805915831,65,21
43,1754,409.542650009381,82,39
6,9588,534.981859713468,93,87
82,7411,5443.34830958698,89,7
48,2627,740.076750239447,79,31
54,5789,2020.90292154761,73,19
73,2496,1525.78033220664,81,8
78,4848,3304.95541054792,78,0
45,5437,1369.64673443001,86,41
27,5826,724.222325423658,81,54
55,8576,3098.3824268187,74,19
4,5583,292.470030768704,84,80
48,3020,850.792457450753,84,36
9,7410,458.90973250349,84,75
67,8182,4289.61606996607,84,17
31,5864,855.007558496435,75,44
40,5247,1091.31140829062,70,30
15,3701,287.019698366026,89,74
51,4771,1498.74607630841,69,18
84,5147,3908.03728660916,91,7
80,8690,6157.73043765987,82,2
8,2032,121.430796720525,89,81
5,8152,440.381724873705,89,84
54,7225,2522.20134879625,58,4
27,1006,125.054524438071,63,36
26,5831,696.503642798604,58,32
57,8468,3272.39871982325,87,30
86,7989,6254.64854788244,89,3
91,1020,854.647111731403,97,6
82,2622,1925.84796488153,90,8
89,8759,7150.42802733698,90,1
93,6866,5905.81870555269,98,5
15,3620,280.737991917054,45,30
32,6158,934.358147819357,33,1
10,2222,142.724116115442,12,2
16,4323,348.402990295351,61,45
65,7668,3799.75750691606,82,17
28,6745,872.574651969353,71,43
75,8418,5386.59960929634,76,1
48,7751,2183.60673433801,84,36
93,7958,6845.10708691936,97,4
72,6959,4153.4684491512,75,3
3,2062,104.95997442381,87,84
34,7719,1268.1087764016,88,54
7,4680,270.085480040611,96,89
45,6077,1530.87055455788,95,50
77,7659,5115.82580417202,86,9
85,6596,5087.10614927693,94,9
52,1204,391.91803534474,62,10
51,1736,545.341267757575,90,39
60,6084,2591.3956280446,73,13
90,4209,3481.40796268992,92,2
48,2882,811.915186216249,69,21
12,7078,489.739866366585,70,58
35,8276,1414.55919059546,76,41
71,3277,1908.35864187018,87,16
22,3656,372.594280957953,94,72
36,9318,1656.89558781825,77,41
85,4291,3309.39546491014,86,1
86,5583,4370.97294315029,87,1
19,6312,571.640468551176,71,52
81,5560,4012.54373864484,83,2
17,5692,476.821332491233,70,53
50,6210,1881.90794053193,82,32
65,7511,3721.95861169099,81,16
64,6013,2894.15158874367,76,12
43,6437,1502.97949721231,55,12
23,8808,933.871193911681,88,65
35,9780,1671.62746302847,67,32
57,3701,1430.22527894023,80,23
54,8852,3090.17665599231,93,39
86,2837,2221.10876584585,88,2
0,7964,514.730627048267,80,80
56,2031,759.062273707292,83,27
15,9002,698.122487082132,70,55
11,3097,206.416671377006,72,61
73,4600,2811.9349071116,80,7
99,6674,6356.19047619048,99,0
51,9138,2870.58093592668,90,39
61,7379,3243.22367458541,81,20
32,9436,1431.73164709702,45,13
77,3180,2124.07965233934,77,0
71,4747,2764.41210648696,72,1
37,2186,404.329714561975,82,45
55,7870,2843.31503020793,82,27
34,7912,1299.81560291352,78,44
76,2970,1942.38140254093,83,7
2,9121,452.227321764002,66,64
45,3592,904.868690467648,61,16
18,4685,408.024480109628,74,56
40,1014,210.899517439811,67,27
89,7867,6422.24195582373,91,2
29,1939,261.050590662279,90,61
27,2192,272.484609908798,44,17
43,4062,948.439135882614,57,14
36,2450,435.650803837167,79,43
84,7359,5587.5745856143,92,8
80,6048,4285.61032070965,89,9
26,8640,1032.03420918881,84,58
34,9957,1635.77653667972,90,56
53,9636,3248.96093948496,76,23
96,9123,8243.55418024084,99,3
89,6321,5160.16161214717,94,5
52,7438,2421.16806220446,92,40
54,4573,1596.4050890028,97,43
80,8977,6361.09852000836,91,11
38,2815,541.52164959787,73,35
3,1932,98.3427112448111,53,50
88,2182,1757.44700623062,90,2
54,7743,2703.03183996254,69,15
15,1647,127.728031129113,59,44
42,4851,1090.05914283839,81,39
21,9137,895.121655680956,58,37
60,4344,1850.2667008918,89,29
19,2365,214.184047548088,74,55
79,7648,5317.4359270593,96,17
38,9926,1909.46497119306,67,29
40,2466,512.89764300451,86,46
22,4205,428.544570959571,55,33
66,8214,4188.00118425881,75,9
81,4373,3155.90895127587,81,0
19,8572,776.315287772605,97,78
64,4352,2094.68613241518,88,24
68,4621,2489.58404520166,88,20
12,9633,666.525025813692,62,50
43,5981,1396.50774783701,50,7
31,4671,681.060761551304,86,55
38,5073,975.893189488454,81,43
90,3407,2818.04631239833,98,8
96,2299,2077.37926782568,98,2
46,4668,1220.93439439713,74,28
43,4458,1040.90144455064,75,32
79,4804,3340.08396882752,79,0
88,2925,2355.88106930548,89,1
68,7851,4229.76073120066,79,11
66,3777,1925.74634440535,84,18
6,6111,340.975609585836,86,80
96,2727,2464.12060172277,96,0
64,6470,3114.11288527716,70,6
9,8252,511.055750690796,81,72
74,8160,5105.2645190608,77,3
10,4258,273.501028991698,79,69
74,1095,685.08145200632,89,15
55,7528,2719.75546981007,74,19
11,3194,212.88177215956,92,81
1,3354,162.443541332478,78,77
72,5354,3195.52666715843,98,26
63,7369,3443.00591369302,66,3
98,6321,5926.83264619333,98,0
49,2197,642.047414887627,88,39
73,9779,5977.80683840094,85,12
43,4035,942.13488756434,84,41
77,2580,1723.30990661494,89,12
5,8727,471.443978529541,86,81
17,6211,520.298189758091,80,63
58,5358,2139.91304076294,77,19
81,1135,819.107399885232,93,12
67,3218,1687.11617124796,87,20
71,9786,5698.87020730595,76,5
11,8735,582.192323047513,35,24
66,5485,2796.58954171653,81,15
17,6116,512.339998158184,81,64
27,4205,522.717967457343,59,32
69,5874,3249.95333228953,82,13
67,4887,2562.13074235202,94,27
50,9392,2846.19635708146,81,31
31,7322,1067.59299851823,89,58
73,8009,4895.82318936018,82,9
76,6744,4410.5791847596,83,7
39,1878,375.683877641667,73,34
19,1490,134.94047815926,69,50
49,6822,1993.64927827191,81,32
46,3864,1010.64492286857,81,35
6,1356,75.6607636390761,91,85
30,2509,351.53027080028,75,45
89,5568,4545.44848227107,94,5
72,6909,4123.62602603616,86,14
34,1976,324.625332577998,82,48
25,7582,870.288300087577,97,72
21,4608,451.430512135038,70,49
67,5636,2954.81253609494,69,2
30,5418,759.103629811046,77,47
55,4856,1754.4012435438,89,34
93,7728,6647.27162197949,93,0
96,4585,4143.01171943486,97,1
43,4648,1085.26467345701,88,45
85,1988,1533.22726269899,94,9
80,9153,6485.8120478597,90,10
27,6391,794.45672533172,95,68
82,8395,6166.09216826105,88,6
36,2125,377.860391083257,69,33
97,7362,6781.88798367412,97,0
81,2398,1730.58990742272,83,2
65,2285,1132.29602286166,90,25
20,7782,732.958754683248,85,65
8,5600,334.651801985698,76,68
51,3924,1232.6723126041,79,28
21,1405,137.643200857146,75,54
19,2882,261.005676546972,99,80
87,5401,4289.98805468801,90,3
57,6014,2324.06777291179,70,13
19,7481,677.509877254649,74,55
33,4648,733.852714961557,80,47
39,5480,1096.24475477973,88,49
31,7639,1113.81356400994,35,4
3,6133,312.182115975376,79,76
92,1635,1387.78450416025,93,1
3,2535,129.036631990474,84,81
15,3761,291.672814254154,51,36
18,9264,806.817243059892,52,34
49,8291,2422.94725390683,66,17
62,3799,1722.05125075543,98,36
47,8156,2214.28805920626,72,25
26,2868,342.57802221684,72,46
31,3125,455.644375904052,62,31
91,3993,3345.69207563088,96,5
24,9185,1013.21943864368,83,59
28,2668,345.148876420198,60,32
85,5363,4136.16590032932,91,6
32,4688,711.313900126201,93,61
94,5491,4790.55284383631,97,3
27,6684,830.879166345989,65,38
75,4508,2884.62711317509,82,7
16,5822,469.211707032045,80,64
45,6467,1629.1163199483,80,35
86,5677,4444.56625439086,91,5
66,2394,1220.60808803452,82,16
22,1721,175.392439148971,58,36
8,7445,444.907618889914,84,76
99,6439,6132.38095238095,99,0
17,6907,578.602414532142,32,15
82,5243,3850.96143397173,82,0
0,6596,426.313814165039,0,0
67,2677,1403.4835271693,77,10
97,9043,8330.42828529816,97,0
69,2961,1638.25533144523,77,8
93,1252,1076.91305262918,98,5
41,4664,1008.39455213485,85,44
36,1382,245.742616695088,78,42
85,2973,2292.89972434814,90,5
81,6238,4501.84313699037,92,11
83,2808,2097.67302638476,86,3
60,8424,3588.0862542156,76,16
28,5331,689.650922112472,66,38
44,4610,1118.19984350478,98,54
29,8112,1092.13119724209,80,51
36,8871,1577.4115431998,48,12
95,2178,1930.69761144962,98,3
68,6756,3639.82467201524,83,15
33,8107,1279.97933739099,83,50
12,4678,323.679442619791,80,68
27,4151,516.005299147546,83,56
75,2865,1833.28675227299,88,13
85,9592,7397.74441841484,89,4
22,5888,600.064312439942,84,62
45,4542,1144.18529846995,92,47
45,4222,1063.57338840602,80,35
26,4256,508.372406748561,70,44
62,4477,2029.38232419902,89,27
21,9838,963.796306073027,40,19
71,4172,2429.5612614838,81,10
8,8118,485.125594378552,56,48
93,7821,6727.26596215083,96,3
48,8234,2319.67718365878,67,19
14,4068,303.638882171707,84,70
21,6283,615.524719562597,56,35
33,1470,232.091973105312,65,32
36,2816,500.731699430801,69,33
74,1868,1168.70516196147,86,12
37,5448,1007.67991076562,81,44
23,1875,198.797512327929,78,55
53,7078,2386.48251657062,74,21
31,9657,1408.05047619374,64,33
89,7123,5814.87599483061,89,0
44,2710,657.336567439904,80,36
21,6289,616.112519708606,34,13
60,4218,1796.59874409798,78,18
37,8293,1533.90042216947,81,44
4,5640,295.456022485311,87,83
2,4144,205.463219097689,93,91
83,4427,3307.12196859165,88,5
61,1478,649.61168058507,86,25
91,6084,5097.71865468025,91,0
86,2483,1943.95948734411,94,8
50,1597,483.962476816343,74,24
13,5094,366.020193215529,85,72
52,6267,2039.99196636668,78,26
44,2307,559.585040990354,81,37
70,3429,1947.04160771737,83,13
66,1530,780.087875811538,83,17
72,1720,1026.57935515736,87,15
1,1751,84.8057963247373,82,81
50,9521,2885.28913072536,79,29
39,9310,1862.41581514586,83,44
5,3370,182.051817078556,91,86
88,2310,1860.54197268228,89,1
12,9602,664.380078673629,56,44
12,4441,307.280975774796,74,62
75,2183,1396.8813194457,84,9
26,7250,866.000927849405,93,67
32,1144,173.580013170728,68,36
59,4112,1696.41872844056,83,24
46,6880,1799.49199516972,58,12
85,5077,3915.59095207383,96,11
32,7697,1167.87181938382,70,38
32,7193,1091.39950588903,57,25
16,1918,154.577130554356,71,55
21,2131,208.767018524255,78,57
38,6275,1207.12197201657,74,36
32,7897,1198.21797553255,73,41
68,9195,4953.84663398167,74,6
84,3355,2547.39947475689,89,5
94,9452,8246.27672189779,98,4
10,3514,225.712216034953,78,68
20,4381,412.630725297778,80,60
70,4829,2741.98422970754,83,13
86,9401,7360.11403162383,88,2
77,5465,3650.34443397311,86,9
38,8733,1679.96751898338,48,10
97,9327,8592.04960930841,97,0
5,4282,231.319252442248,47,42
97,3333,3070.36574973999,97,0
40,7147,1486.48801887803,54,14
70,4361,2476.2462674994,78,8
80,9323,6606.27397817065,94,14
78,1026,699.439820796651,94,16
4,4285,224.473236941411,76,72
71,1905,1109.37540822786,92,21
15,8288,642.750408013409,69,54
95,3860,3421.71385683909,96,1
46,9961,2605.34008196011,76,30
13,9441,678.366047143268,77,64
41,2601,562.357253452559,71,30
97,1511,1391.93598795593,97,0
80,6554,4644.16171328225,94,14
68,4232,2280.00858673305,70,2
66,3280,1672.34525010578,70,4
59,6977,2878.38362556658,86,27
96,7981,7211.64155568368,96,0
83,7394,5523.57348899179,91,8
98,4386,4112.49612184843,98,0
15,4257,330.138572262679,67,52
73,4755,2906.68488767732,80,7
35,1103,188.528127987771,70,35
88,4192,3376.36015129182,92,4
6,6429,358.71906300562,91,85
15,3433,266.235780732388,57,42
86,4028,3153.55167741525,92,6
81,8653,6244.70161339816,81,0
76,2566,1678.16521175758,88,12
96,7981,7211.64155568368,96,0
50,8189,2481.63351449532,74,24
98,3489,3271.43159350871,98,0
58,5990,2392.32532925905,66,8
84,9849,7478.19297373492,96,12
51,6349,1994.45374941984,86,35
47,4671,1268.13873523203,85,38
93,1985,1707.40607785058,93,0
75,5710,3653.77569126658,95,20
25,5032,577.590441313728,72,47
57,7875,3043.23806313275,89,32
67,3067,1607.95068278978,75,8
63,8524,3982.65468968915,81,18
46,4597,1202.36405549349,57,11
23,8731,925.707242738748,72,49
0,4148,268.094254268736,65,65
58,6243,2493.37012196399,67,9
2,1646,81.6101492844586,72,70
38,4776,918.759288980259,87,49
88,2840,2287.41956814618,89,1
53,5074,1710.79574584337,88,35
54,3249,1134.20514633066,73,19
15,2135,165.573373685887,89,74
51,4277,1343.56255887048,76,25
13,9925,713.142995222639,56,43
57,3035,1172.85428845815,77,20
90,3977,3289.51282195719,95,5
65,3371,1670.44634269875,81,16
75,7638,4887.48489140003,85,10
19,5173,468.487982226748,80,61
67,6723,3524.69919804228,71,4
5,9392,507.3681501489,88,83
51,4241,1332.25363857136,84,33
27,6783,843.18572491395,77,50
6,9142,510.096387307105,86,80
84,4898,3718.9754477971,88,4
84,3757,2852.63184103179,90,6
32,6426,975.021997058653,67,35
80,5398,3825.02058716778,84,4
13,6589,473.440724989619,93,80
91,9962,8347.05345791004,96,5
56,7135,2666.62202013862,75,19
7,3577,206.430718398561,74,67
20,3387,319.009419443865,68,48
54,1525,532.367758742462,76,22
61,3738,1642.92859406427,96,35
99,7324,6975.23809523809,99,0
39,7127,1425.71831520349,82,43
8,6772,404.689643401276,57,49
39,2643,528.718045051611,48,9
25,5087,583.903532385321,74,49
96,5010,4527.04224958968,97,1
72,8635,5153.78647196732,82,10
62,2200,997.239471350869,83,21
31,1315,191.735153380425,83,52
66,5291,2697.67643850905,67,1
54,4927,1719.98422775351,75,21
13,3638,261.401936183372,96,83
73,7561,4621.96518101539,93,20
20,3206,301.961676627408,77,57
76,2890,1890.06136476205,90,14
30,4087,572.620253790651,67,37
42,7940,1784.18255908819,90,48
9,3357,207.902830231338,69,60
89,9271,7568.40030156881,90,1
51,3501,1099.79249908944,79,28
12,6476,448.086376743431,75,63
4,2610,136.726989128841,82,78
96,9338,8437.82844843681,98,2
49,6271,1832.62600762872,77,28
92,8265,7015.3143283697,97,5
90,1832,1515.30990440673,95,5
65,8072,3999.95339017037,68,3
37,4781,884.309407740532,81,44
84,9549,7250.40762576858,90,6
36,4813,855.831558721748,75,39
51,7272,2284.40190042229,83,32
79,5418,3766.98062928965,87,8
74,5602,3504.8641955611,98,24
50,7342,2224.95460537607,81,31
27,4995,620.921818656226,81,54
98,6343,5947.4607617156,98,0
44,5507,1335.7758217312,82,38
59,1700,701.340427614043,89,30
31,2435,355.038097704437,88,57
29,5519,743.031567748901,82,53
81,2914,2102.97706014587,84,3
74,2129,1331.99854915201,76,2
42,3033,681.539760921219,69,27
22,3284,334.682609044288,36,14
22,4661,475.016942982773,89,67
2,4150,205.760704453526,58,56
15,7711,598.002943555912,62,47
38,3306,635.975336970003,86,48
81,2445,1764.50889226378,81,0
74,9955,6228.29758422184,79,5
48,3233,910.798680443141,89,41
28,8417,1088.87484738711,77,49
61,6466,2841.94122237014,88,27
1,4215,204.144164196898,52,51
56,1919,717.203595885915,62,6
42,9420,2116.75059277213,87,45
75,7276,4655.84447104302,98,23
27,2421,300.951295889234,70,43
51,5779,1815.39584468377,67,16
98,2130,1997.17663920136,98,0
25,5062,581.033945534597,67,42
44,6419,1556.99019424234,88,44
74,1241,776.425645607163,82,8
1,3835,185.739708112717,79,78
54,6170,2153.90758783016,87,33
7,8266,477.035593593096,83,76
8,6929,414.071845706946,71,63
66,1951,994.739506998896,79,13
63,3241,1514.28717143155,92,29
15,7772,602.733611375509,62,47
76,3648,2385.79372271694,79,3
1,5299,256.645296815981,70,69
85,2637,2033.76272220183,91,6
99,7933,7555.23809523809,99,0
7,3681,212.432617955019,97,90
39,2059,411.891961695523,87,48
85,9204,7098.50288022208,92,7
68,3568,1922.27567047815,70,2
14,9282,692.816151503881,82,68
17,4551,381.239262854463,87,70
63,3807,1778.73843308852,88,25
93,6969,5994.41458767794,99,6
56,7373,2755.57171050904,79,23
31,1796,261.867935719577,63,32
7,1375,79.352037405094,81,74
49,3050,891.326634231798,67,18
44,2559,620.710064973696,88,44
55,5766,2083.1708340761,82,27
97,8878,8178.42998085559,98,1
38,7272,1398.91489729155,87,49
85,6369,4912.03442461261,87,2
4,1264,66.2156759612469,76,72
50,9752,2955.29246957606,75,25
29,3536,476.057188541423,52,23
24,3156,348.145949739734,56,32
95,8687,7700.62908662206,99,4
70,4067,2309.30831688146,74,4
19,1159,104.963767910458,83,64
11,3913,260.803498578697,83,72
88,9401,7571.84202821909,93,5
67,2739,1435.98856216537,80,13
30,3695,517.698027344373,70,40
79,5858,4072.90006023972,85,6
68,6815,3671.6111811403,89,21
5,7641,412.77683510304,16,11
48,9107,2565.61818212053,69,21
65,4464,2212.06540308728,75,10
72,6306,3763.72640326878,85,13
8,4869,290.967789976493,8,0
44,5250,1273.43799965295,79,35
73,8174,4996.68607189787,80,7
30,5778,809.542409200484,65,35
49,7755,2266.30755687462,71,22
15,2739,212.414740293041,73,58
68,6537,3521.83746017816,81,13
40,6566,1365.6471711142,84,44
59,2477,1021.89425835293,71,12
48,3856,1086.30983971196,86,38
98,6260,5869.63650769977,99,1
30,6789,951.19131465249,86,56
60,1495,636.774566720361,69,9
46,4390,1148.22236319696,66,20
71,3113,1812.85335738232,78,7
16,6557,528.447468740832,64,48
49,9063,2648.55517575173,85,36
3,7394,376.369568811663,64,61
38,8547,1644.18669240249,71,33
37,8597,1590.12925713143,81,44
37,7899,1461.02489264641,83,46
45,3988,1004.62592917177,75,30
24,8546,942.729811937821,88,64
59,8139,3357.77043550041,73,14
16,8715,702.366888832751,48,32
20,1278,120.370250383602,90,70
56,9745,3642.07870865463,91,35
86,1878,1470.30040967871,91,5
63,9831,4593.32217906312,77,14
4,4581,239.979439539931,86,82
17,9170,768.174915485701,85,68
49,2724,796.056967753252,67,18
98,2483,2328.16412917229,99,1
13,9830,706.316941364085,54,41
76,2011,1315.1949496666,82,6
25,2095,240.471378090672,87,62
55,6927,2502.62302595302,82,27
37,7571,1400.35693913482,79,42
27,1734,215.551237947927,73,46
15,7638,592.341652558689,83,68
12,1550,107.247357003137,86,74
90,2122,1755.17883032264,90,0
36,5825,1035.78201320469,80,44
35,8386,1433.36072647819,87,52
99,7047,6711.42857142857,99,0
14,1607,119.947808173533,79,65
43,7654,1787.13765289156,84,41
79,3128,2174.80904548137,87,8
53,9134,3079.70207775588,82,29
65,7862,3895.89117362729,77,12
79,4345,3020.95438063188,85,6
77,6006,4011.70515470129,84,7
48,8680,2445.32401677899,89,41
88,7465,6012.53066063775,90,2
30,7428,1040.72014806874,63,33
35,2495,426.453018431087,62,27
75,7083,4532.34557289689,85,10
97,8763,8072.49176866834,98,1
69,3069,1698.00932529734,90,21
27,2793,347.194122023391,91,64
83,5731,4281.25502642845,94,11
6,6039,336.958223905886,74,68
52,2888,940.082463517947,94,42
79,7156,4975.36238154241,89,10
20,6723,633.215331243315,59,39
63,2533,1183.48948017159,76,13
34,8816,1448.32840688645,66,32
81,5921,4273.07040944534,84,3
65,9035,4477.15298317509,77,12
42,9049,2033.38387622028,68,26
25,5405,620.40467712653,87,62
20,3884,365.820072370822,74,54
85,8379,6462.22899102356,87,2
25,9439,1083.44121135936,55,30
7,3250,187.559361139313,74,67
59,5121,2112.68489988913,84,25
94,7887,6880.91245298433,97,3
24,3753,414.002455441451,86,62
31,9394,1369.70344551765,95,64
76,3207,2097.37951446086,80,4
67,6473,3393.63050854197,71,4
41,9753,2108.67754437632,86,45
71,7818,4552.80679345166,86,15
28,8658,1120.05208847304,64,36
91,8460,7088.54369141929,94,3
44,2505,607.611845548694,70,26
31,1878,273.824044143299,85,54
67,6329,3318.13494338979,76,9
52,8966,2918.55241270842,84,32
46,5389,1409.51487819326,74,28
77,2793,1865.5831663471,87,10
32,9925,1505.92799888066,84,52
8,9636,575.840136416818,76,68
38,1945,374.159718816291,57,19
70,2153,1222.50818938918,83,13
12,7411,512.780750161452,90,78
86,3643,2852.13226435545,95,9
47,5777,1568.40879328526,84,37
25,5394,619.142058912212,80,55
26,5934,708.806828394257,78,52
14,3089,230.565513035498,92,78
94,6600,5758.08573471492,96,2
44,3715,901.108984516327,83,39
82,8199,6022.13099315931,82,0
71,9052,5271.42582429322,91,20
35,4565,780.263739133432,76,41
51,1423,447.016488490224,89,38
69,6079,3363.37526506436,80,11
49,6899,2016.15162280826,67,18
14,7988,596.230922022517,72,58
67,2018,1057.98646164648,76,9
43,6554,1530.2979065915,81,38
28,1929,249.547294833044,76,48
40,3566,741.684101765646,95,55
85,7294,5625.43242159277,98,13
90,4879,4035.58789497841,99,9
16,6892,555.446081220346,60,44
13,2227,160.017073084213,33,20
64,8463,4073.37516972188,82,18
7,1584,91.4135470906683,82,75
11,9819,654.441490555642,50,39
41,2693,582.248398134464,65,24
71,5093,2965.90496278451,77,6
29,1840,247.722066435582,84,55
56,3555,1328.63928263389,83,27
41,8517,1841.44433973681,85,44
75,8150,5215.10891135248,84,9
96,4872,4402.34527744529,96,0
81,8556,6174.69860213043,88,7
55,8950,3233.50311567483,83,28
87,2356,1871.3593513877,91,4
28,2028,262.354543245937,75,47
79,6577,4572.80022126948,80,1
77,8548,5709.63297742035,94,17
48,4036,1137.01932393087,90,42
45,3470,874.135399755774,82,37
6,1534,85.5926337922882,85,79
7,3107,179.306749249183,80,73
90,1019,842.849777614879,98,8
91,4296,3599.57254117462,94,3
16,9584,772.402095533343,73,57
12,9622,665.763915538186,76,64
52,3556,1157.52536020423,81,29
42,9345,2099.89748295707,56,14
37,1743,322.390984666753,87,50
85,8428,6500.01980383656,89,4
79,1708,1187.52360923343,80,1
65,6102,3023.75069212334,98,33
86,3038,2378.47318669005,96,10
1,7061,341.983853711576,74,73
73,5015,3065.62033894884,85,12
41,3946,853.157140378238,64,23
47,4233,1149.22527643699,74,27
15,2334,181.006208048178,61,46
98,2687,2519.44301856059,99,1
92,9748,8274.08155752545,92,0
94,3477,3033.46425751572,98,4
1,1188,57.5381416526487,83,82
4,3350,175.49249562514,69,65
25,7333,841.707215054366,74,49
87,9386,7455.25419020582,94,7
70,5565,3159.89692241095,80,10
26,2621,313.07426646804,65,39
24,7956,877.645493070127,79,55
8,2683,160.334068701362,58,50
38,2096,403.207594158841,84,46
88,2498,2011.96270465815,92,4
58,5975,2386.3345312726,85,27
67,3104,1627.34884883582,68,1
97,2031,1870.96094741132,97,0
44,5121,1242.14780880434,67,23
51,9127,2867.12543250195,67,16
50,3099,939.135701724387,70,20
58,7206,2877.97935269461,73,15
88,2675,2154.52371295458,88,0
22,8039,819.27938310202,86,64
44,4450,1079.39030446774,82,38
57,7791,3010.776857126,86,29
85,1763,1359.6980201903,85,0
49,9310,2720.73802121247,62,13
74,5418,3389.74548581757,78,4
95,3436,3045.85720520702,97,2
91,1835,1537.5269117913,94,3
91,1279,1071.66044696516,91,0
19,5853,530.07155615178,82,63
55,3532,1276.05955358251,73,18
13,3953,284.035693714367,92,79
44,2771,672.132704197777,63,19
41,2138,462.252905759927,81,40
27,6199,770.589460230219,95,68
21,3303,323.583980378045,80,59
88,8664,6978.24054169664,92,4
97,9379,8639.95210525395,98,1
40,4569,950.295754617845,76,36
91,1476,1236.72464403485,91,0
43,8316,1941.70848202851,82,39
62,8624,3909.17872769541,92,30
39,5751,1150.45685852887,73,34
98,8023,7522.69867432512,98,0
45,9676,2437.50263055818,64,19
47,4322,1173.38805687708,73,26
83,7029,5250.90587694391,91,8
7,2928,168.976556743357,72,65
43,9533,2225.86663770777,94,51
64,2921,1405.92329797443,70,6
61,2808,1234.17428896,90,29
64,4164,2004.19877191562,76,12
12,6984,483.235833103169,78,66
53,6537,2204.07406199805,70,17
89,2846,2323.3380712183,91,2
85,2078,1602.63895970246,92,7
7,6358,366.923820961155,72,65
31,7861,1146.18254047416,74,43
65,2284,1131.80048849717,84,19
39,4630,926.206790990904,86,47
87,2990,2374.94247056418,90,3
75,5424,3470.76696137127,92,17
31,6374,929.368720643976,64,33
1,9653,467.521617317355,70,69
90,7604,6289.52866436069,95,5
40,3147,654.537259746631,89,49
80,5792,4104.20882565316,88,8
38,4085,785.831594531901,69,31
97,7057,6500.92142091663,99,2
90,6679,5524.42950411166,92,2
7,6003,346.436567667476,66,59
12,9272,641.546770408445,74,62
41,4258,920.61406582122,63,22
8,2692,160.871901954553,80,72
99,3093,2945.71428571429,99,0
23,7427,787.450199498417,64,41
6,8613,480.579761964132,80,74
45,4295,1081.96298038935,70,25
78,6532,4452.96384936036,83,5
85,8292,6395.13101725353,86,1
16,6154,495.968540892341,60,44
99,1716,1634.28571428571,99,0
96,3145,2841.82592314562,96,0
82,3511,2578.81472337874,82,0
92,2199,1866.5064982559,92,0
21,5219,511.288160336972,74,53
42,8132,1827.32652021476,78,36
83,1903,1421.60675541674,83,0
17,1464,122.639921076452,84,67
83,7880,5886.63228201992,90,7
51,2658,834.975282085043,52,1
73,3219,1967.74314478092,93,20
20,1007,94.8457293711167,88,68
88,3271,2634.55965049512,92,4
90,9578,7922.29162904349,94,4
12,5068,350.664261478645,17,5
50,7003,2122.22243277699,86,36
90,3749,3100.92621813364,98,8
47,9614,2610.12327135961,75,28
35,6440,1100.7444644073,65,30
35,8371,1430.796880676,43,8
86,6379,4994.167365996,89,3
36,2980,529.893630789697,82,46
11,5797,386.373084912013,70,59
47,6215,1687.3222520803,75,28
64,2869,1380.89487911285,84,20
47,2605,707.236438723922,74,27
8,9367,559.764898071434,88,80
79,2275,1581.74251229863,81,2
78,8679,5916.60643732372,85,7
32,9443,1432.79376256223,61,29
33,1961,309.613849836406,85,52
98,5085,4767.90761048775,99,1
48,8067,2272.63005107789,74,26
85,5409,4171.64298990887,92,7
