"Age","Benefit","NetSinglePremium","Die","SurviveYears"
7,7737,446.506700656882,49,42
83,2447,1827.99355255111,87,4
47,3955,1073.7505240511,70,23
29,7391,995.061844035536,90,61
84,5706,4332.47731831977,87,3
43,3052,712.613550643461,75,32
22,5113,521.081662619807,85,63
31,4227,616.322808622857,77,46
56,1951,729.163218120594,69,13
46,6922,1810.47726607046,81,35
51,3839,1205.97069523118,75,24
20,7467,703.290030997149,85,65
48,6443,1815.11781568053,70,22
71,6012,3501.08396549391,84,13
39,4953,990.821217230658,84,45
42,2004,450.31509425853,77,35
48,9728,2740.5659026758,73,25
75,9945,6363.71265317797,92,17
1,4977,241.049941923596,84,83
54,2905,1014.11694370285,79,25
0,3942,254.780026597723,78,78
95,3220,2854.38306192276,96,1
34,5501,903.726697627312,88,54
91,4520,3787.25975002543,91,0
56,5359,2002.86298611392,77,21
58,5242,2093.58420300099,59,1
68,4325,2330.11274518442,76,8
43,2172,507.141753603407,57,14
26,4395,524.975734882501,67,41
28,1401,181.241969964279,87,59
17,2524,211.436585243829,82,65
70,8229,4672.55916882654,84,14
29,2977,400.79814770583,85,56
23,4259,451.561922669148,58,35
36,1606,285.573547331629,91,55
67,5090,2668.55851822627,75,8
73,1903,1163.28524526812,77,4
93,7290,6270.52408439836,97,4
52,1796,584.621919833183,79,27
63,7533,3519.6313676007,77,14
5,5248,283.503838584053,61,56
79,3888,2703.2153353042,81,2
33,2730,431.027950052722,69,36
92,9559,8113.6587616317,94,2
92,2946,2500.55850107407,98,6
92,5796,4919.63240740845,93,1
32,5249,796.434868123385,65,33
17,2845,238.326895807723,83,66
79,2777,1930.76877215529,93,14
77,5010,3346.42737679877,87,10
75,8092,5177.99525284224,81,6
79,2253,1566.44654075112,86,7
74,2150,1345.13709754666,78,4
56,7093,2650.9250159556,90,34
69,2835,1568.54233861778,85,16
3,6985,355.550640810044,78,75
14,3714,277.216029593343,58,44
95,1358,1203.80503046308,97,2
53,4763,1605.93617214268,80,27
85,3773,2909.89258660125,90,5
90,2708,2239.87948751825,97,7
10,3145,202.010506383018,42,32
93,1052,904.882213551039,99,6
93,1662,1429.57627273938,98,5
65,2822,1398.39797659326,87,22
40,1596,331.94835289343,90,50
37,1107,204.754343101604,66,29
45,6651,1675.46816823506,73,28
11,7224,481.483381991441,82,71
82,5688,4177.81206111601,92,10
45,2467,621.467444149134,77,32
98,2833,2656.33869429927,98,0
74,7026,4395.78290575014,95,21
93,1499,1289.37113889069,93,0
80,2696,1910.38449481369,90,10
46,6044,1580.83279343107,83,37
3,4148,211.141597434512,31,28
90,7309,6045.5240673083,96,6
30,2486,348.307793228177,75,45
74,6673,4174.93016368783,78,4
97,6211,5721.58465995653,97,0
19,6334,573.632878295809,84,65
61,6162,2708.32691188444,76,15
15,5696,441.735801646281,90,75
22,5343,544.521674824492,88,66
76,6790,4440.66320648246,90,14
26,1545,184.547783934804,74,48
87,4764,3784.02205008955,91,4
20,5140,484.118221417617,85,65
45,6174,1555.30603979601,88,43
72,7782,4644.67473362475,83,11
53,3528,1189.53239876535,64,11
86,3295,2579.68043125205,96,10
54,6084,2123.8855371732,60,6
70,7544,4283.60510020992,78,8
77,3791,2532.19684340203,80,3
71,4967,2892.52895153164,71,0
49,1417,414.101587116872,53,4
53,2995,1009.82129657093,87,34
34,5794,951.861931658361,75,41
94,2812,2453.29349788157,97,3
31,6735,982.004758948412,75,44
97,1512,1392.85718980104,97,0
52,3217,1047.17634526913,69,17
71,9171,5340.72539047648,79,8
58,5402,2157.48604818988,74,16
73,9648,5897.72782256798,90,17
70,6801,3861.71769439656,92,22
33,5138,811.216705996661,87,54
21,7162,701.63744095294,62,41
8,6184,369.551204192777,54,46
63,5165,2413.23456971427,89,26
33,6381,1007.46862611224,68,35
17,7532,630.958938215736,63,46
86,5520,4321.64976646777,88,2
43,3371,787.097077070481,68,25
86,2130,1667.59311640876,88,2
19,4031,365.063803664415,55,36
2,8387,415.83494656668,58,56
5,4935,266.595168333137,57,52
34,5028,826.020330061829,90,56
62,5319,2411.05306732512,94,32
9,2235,138.416093406923,84,75
91,5408,4531.30547082689,97,6
92,4564,3873.9134415825,98,6
71,3092,1800.62402217351,79,8
7,2325,134.177081430432,84,77
10,5137,329.961199138176,86,76
51,4949,1554.66240445406,82,31
74,1994,1247.53645232932,87,13
1,3925,190.098658237918,86,85
55,3837,1386.25155920048,68,13
46,2744,717.704365515363,77,31
11,2853,190.153943635324,73,62
35,2585,441.836093244233,79,44
5,3986,215.32894447333,79,74
76,3113,2035.90347007068,77,1
5,7502,405.267872914933,53,48
67,4379,2295.79916528739,78,11
0,1596,103.152948363766,78,78
90,9466,7829.65259558631,92,2
90,7841,6485.5594762299,91,1
6,1659,92.5672617088697,73,67
37,5685,1051.5162064432,77,40
55,8715,3148.60107855935,75,20
96,6479,5854.4324820542,98,2
22,2144,218.501678986283,85,63
87,5249,4169.25519330816,96,9
4,1814,95.0278767355237,62,58
66,6415,3270.76060348433,88,22
24,9146,1008.91725485412,82,58
50,9025,2734.97893128835,83,33
92,5612,4763.45360082405,96,4
98,9213,8638.49219575687,98,0
95,3331,2952.77949666606,98,3
55,3686,1331.69748428798,82,27
14,3676,274.379678186626,77,63
29,6273,844.543762364351,85,56
93,9173,7890.19443431909,94,1
68,7965,4291.17873188298,78,10
9,6557,406.082471798297,58,49
4,9099,476.658572445717,24,20
48,5670,1597.34875289595,92,44
4,7166,375.396783179031,62,58
15,2551,197.834977176907,78,63
82,3873,2844.70219984218,90,8
56,1312,490.344511621845,82,26
97,7130,6568.16915560941,97,0
13,9067,651.492950900118,47,34
39,6493,1298.88999868336,83,44
39,6278,1255.88039607795,75,36
11,9740,649.176099196655,79,68
6,6079,339.190104839192,76,70
24,5477,604.181041420951,76,52
33,5436,858.266643401684,80,47
72,9341,5575.16148635168,87,15
43,2420,565.047441860149,91,48
82,4603,3380.88412751705,82,0
98,6841,6414.40628581057,98,0
83,1895,1415.63047898829,88,5
99,7393,7040.95238095238,99,0
5,7886,426.012056225961,81,76
98,9819,9206.70301423388,99,1
81,6644,4794.84543157487,82,1
68,7969,4293.33374945078,80,12
1,4137,200.366407421724,90,89
13,4413,317.088165029472,89,76
1,1243,60.201944506938,77,76
30,2209,309.497954642414,66,36
0,8681,561.071895204169,36,36
24,4749,523.873610682508,84,60
7,1993,115.017171307893,55,48
89,8228,6716.94506324109,96,7
12,4132,285.900696217396,30,18
90,2243,1855.26207182549,92,2
0,4287,277.078126338011,72,72
6,3135,174.923668147864,77,71
28,8256,1068.04689794796,57,29
89,4183,3414.80082639007,93,4
48,5831,1642.70556933621,87,39
56,4540,1696.7714045451,71,15
0,9135,590.414901818925,89,89
81,9545,6888.44064484981,82,1
24,3462,381.901545627046,43,19
41,9770,2112.35308198058,78,37
21,8835,865.535714998495,82,61
69,7093,3924.39887400913,72,3
46,4671,1221.71905660432,77,31
90,8781,7263.06564988838,91,1
88,9570,7707.95960111229,96,8
22,1817,185.176096417013,74,52
50,4411,1336.73042281583,68,18
74,5385,3369.09919548314,83,9
46,1837,480.474824873077,89,43
77,6484,4330.98505212839,78,1
72,9540,5693.93433034953,74,2
19,3015,273.050699094074,54,35
85,3446,2657.69675415529,97,12
11,1529,101.908650479639,84,73
43,8207,1916.25799807696,77,34
46,2731,714.304162617513,81,35
85,5833,4498.64920690302,87,2
24,5270,581.346373614828,77,53
29,5857,788.537034300654,76,47
25,5996,688.241710277646,79,54
46,6225,1628.1740799319,81,35
93,4216,3626.41008776728,93,0
89,9595,7832.89838135613,89,0
46,1541,403.054820429728,81,35
48,7965,2243.89467668717,87,39
66,6011,3064.77661536154,78,12
23,4804,509.345732919132,59,36
73,3400,2078.38667047379,73,0
71,1569,913.706044886883,79,8
3,3024,153.9277219484,52,49
91,3890,3259.38947513251,91,0
85,2727,2103.1744192053,90,5
85,9391,7242.72496177375,87,2
97,3624,3338.43548666599,97,0
23,2103,222.971289827006,77,54
59,4927,2032.64958050258,68,9
60,2990,1273.54913344072,91,31
76,3303,2160.16355979552,79,3
66,3528,1798.79086657719,94,28
8,8975,536.339271932435,85,77
88,4425,3564.02520741086,91,3
94,6373,5560.04248293003,95,1
14,8046,600.560089959085,77,63
92,3552,3014.93000536832,94,2
1,5917,286.576754342359,40,39
15,9225,715.416567799674,80,65
36,3800,675.703287584177,91,55
99,2125,2023.80952380952,99,0
60,8969,3820.22146415713,75,15
24,9526,1050.83596870111,87,63
6,1860,103.782463398733,77,71
50,6800,2060.70434712031,92,42
76,8549,5591.05003714559,94,18
50,1527,462.749343831281,63,13
28,5108,660.802271647065,64,36
26,8767,1047.20415647665,74,48
99,4440,4228.57142857143,99,0
97,7191,6624.36246816091,98,1
33,9505,1500.70354038503,75,42
8,8620,515.124738056556,78,70
65,8712,4317.09538344453,71,6
89,1470,1200.03758422027,94,5
65,1621,803.261204839714,84,19
41,7287,1575.50838366351,88,47
85,7328,5651.65461823853,88,3
78,5215,3555.14489810384,78,0
66,3220,1641.75356870141,72,6
30,3671,514.335442051744,89,59
19,6940,628.514710352529,52,33
85,3445,2656.92551307747,94,9
96,9502,8586.0190530142,97,1
9,4141,256.456842415243,71,62
29,2608,351.119102860868,86,57
14,4568,340.959295417984,69,55
47,5024,1363.97538124721,83,36
35,9719,1661.20115676623,72,37
81,9981,7203.09335529031,86,5
82,6211,4561.95335998444,90,8
95,4135,3665.4888077797,96,1
60,9098,3875.16722944605,82,22
19,2596,235.104349866738,78,59
32,2396,363.54695066177,50,18
42,4701,1056.35292320826,62,20
14,2753,205.486195334,83,69
77,2911,1944.40121633957,85,8
78,7057,4810.86434245806,89,11
69,5024,2779.66726956463,95,26
49,1086,317.370729434667,79,30
26,2248,268.520011835236,85,59
85,2170,1673.59313886157,86,1
4,2090,109.486362942252,79,75
31,9856,1437.06591005131,82,51
87,1159,920.588068021367,89,2
12,3331,230.478029791904,38,26
71,1197,697.07210690223,93,22
36,3782,672.502587800884,55,19
2,7128,353.41260273367,47,45
1,4506,218.238102935046,77,76
51,4769,1498.11780295845,89,38
40,6728,1399.34117685902,88,48
91,8853,7417.83419623345,96,5
53,6334,2135.62874540242,81,28
46,3929,1027.64593735782,85,39
32,5720,867.900065853641,91,59
36,9582,1703.83918463989,92,56
49,9944,2906.01706583639,71,22
27,4039,502.082727838338,68,41
42,9438,2120.79533912775,54,12
36,9185,1633.24597275281,78,42
41,4589,992.178945057205,80,39
49,6163,1801.0642776297,83,34
32,3319,503.594461288153,57,25
36,6225,1106.90867505566,78,42
21,6430,629.925823139821,55,34
98,1322,1239.56221456535,99,1
52,2087,679.346295485442,77,25
1,2243,108.634723675834,82,81
45,6462,1627.85675885355,69,24
22,3480,354.657575966542,65,43
57,9074,3506.58313458623,84,27
85,5371,4142.33582895185,86,1
25,3350,384.524637997017,88,63
46,3165,827.818628591882,55,9
84,2163,1642.33235883731,84,0
24,6103,673.236606863623,86,62
57,5855,2262.62334725616,67,10
95,1661,1472.40070368128,95,0
80,3770,2671.42045454289,92,12
29,3758,505.945394383107,88,59
17,9905,829.746187337608,87,70
81,9708,7006.07457100073,84,3
83,9041,6753.93939869823,83,0
94,2021,1763.19564694831,94,0
69,8546,4728.3114024083,84,15
56,9836,3676.0888843845,79,23
23,8688,921.148153122694,84,61
40,1764,366.890284776949,63,23
68,6042,3255.15403616283,89,21
0,3116,201.393851567353,84,84
28,4406,569.987237446548,73,45
63,4185,1955.35075977816,66,3
34,1016,166.912620394355,71,37
49,4062,1187.07173385232,92,43
75,5655,3618.58170474826,87,12
92,4211,3574.28779634178,92,0
67,5369,2814.83117570861,74,7
59,5126,2114.7476658527,69,10
18,4718,410.898505263015,68,50
36,1990,353.855142708556,77,41
97,8040,7406.46283465633,98,1
67,5324,2791.23881159856,82,15
81,1269,915.812590708686,86,5
76,5231,3421.07647026653,83,7
92,8702,7386.23899400764,97,5
14,6308,470.834333515027,77,63
81,9350,6747.71294178583,83,2
42,6620,1487.56782634305,81,39
48,1644,463.146622532794,91,43
4,2349,123.054290215957,80,76
55,9851,3559.02113882824,82,27
12,3737,258.569918142403,81,69
75,5685,3637.77842466734,88,13
92,8040,6824.33480944857,95,3
7,4715,272.10535008365,90,83
14,7988,596.230922022517,31,17
82,2888,2121.22384537676,89,7
78,2507,1709.06006894464,83,5
22,5608,571.528645408151,59,37
45,2959,745.408255872431,85,40
90,2773,2293.6432122925,91,1
25,4261,489.0923828374,80,55
17,6658,557.743575496597,65,48
13,4333,311.339909148584,83,70
2,9843,488.024726249652,63,61
38,4584,881.824242187083,63,25
59,1265,521.879788783391,89,30
23,8918,945.533981301587,78,55
42,9281,2085.51616258155,60,18
9,2103,130.241183192286,83,74
57,6122,2365.80360920618,81,24
72,9821,5861.64874825606,79,7
12,9963,689.358334078876,88,76
47,3165,859.271911155936,57,10
64,5181,2493.69688695842,83,19
17,9329,781.494415110808,61,44
19,4073,368.867494995079,77,58
96,8599,7770.06712659115,97,1
24,5380,593.480738149483,82,58
48,8803,2479.97549766191,65,17
78,6266,4271.62759952419,88,10
51,4485,1408.90298726539,74,23
51,8451,2654.76904021847,91,40
13,4042,290.430628381855,84,71
38,2525,485.734339337344,92,54
15,8745,678.19164069465,88,73
52,6071,1976.19135596172,89,37
81,1843,1330.05721408677,94,13
3,4429,225.445066306039,84,81
11,7351,489.947998479939,78,67
76,5643,3690.52466482776,86,10
11,6190,412.566740659886,72,61
23,3692,391.445554941182,76,53
52,5392,1755.16781277312,72,20
61,8619,3788.22941472444,84,23
48,2757,776.700266619777,68,20
24,4676,515.820805127692,86,62
73,6657,4069.35884274824,78,5
65,4852,2404.33273650974,80,15
25,5167,593.086210307638,60,35
71,8928,5199.21451163167,92,21
27,6217,772.827016333485,55,28
6,5228,291.706837983105,84,78
11,4244,282.864821867618,47,36
9,4955,306.868788738838,77,68
87,4441,3527.46471965737,89,2
96,5150,4653.54642422891,98,2
11,6624,441.49306787255,64,53
21,4958,485.718853985573,63,42
78,1620,1104.37866441576,86,8
78,9435,6431.98314738441,79,1
53,1818,612.973327935207,87,34
42,5371,1206.9073708895,86,44
99,5409,5151.42857142857,99,0
90,8005,6621.20948950649,98,8
18,1992,173.486609258992,86,68
69,3757,2078.66439724409,93,24
12,9680,669.7770424454,78,66
39,4784,957.013669136173,75,36
31,7863,1146.47415287474,62,31
30,3981,557.768835414872,66,36
99,3439,3275.23809523809,99,0
30,9595,1344.33357844906,78,48
52,1225,398.753815030985,86,34
19,8047,728.769146139308,36,17
56,5545,2072.378290353,62,6
28,5527,715.006686647089,73,45
86,7501,5872.58965548456,88,2
65,5527,2738.81843254109,89,24
88,4643,3739.60882214884,93,5
74,8963,5607.65758386543,78,4
13,1660,119.276309528421,85,72
45,9111,2295.17222685154,90,45
54,6989,2439.81525629578,78,24
65,6304,3123.8486337505,68,3
12,8195,567.027155252071,82,70
52,4267,1388.9653295814,61,9
37,4263,788.498432377722,80,43
40,4526,941.352283957183,68,28
25,1081,124.080935425306,82,57
3,1933,98.3936132692649,65,62
17,2606,218.305761151116,57,40
64,4839,2329.0869013688,92,28
2,6614,327.928023917017,87,85
13,2051,147.37091014626,79,66
39,9649,1930.23095599811,75,36
89,2527,2062.92175192152,94,5
40,3855,801.79254411289,86,46
65,3072,1522.28156771598,69,4
76,9318,6093.97640029508,85,9
20,6705,631.519975604109,25,5
51,1580,496.335946461388,87,36
89,7992,6524.28596808736,95,6
75,5784,3701.12760040034,85,10
21,8783,860.441447066416,66,45
23,2813,298.249281161848,81,58
93,2716,2336.1787946812,99,6
66,1063,541.98262221416,70,4
88,9335,7518.68368614245,89,1
12,9811,678.841173908246,48,36
8,3022,180.592454571567,61,53
94,7741,6753.53661703457,96,2
68,1141,614.718761215126,80,12
5,6317,341.252619728557,81,76
96,8807,7958.01618605515,96,0
1,7068,342.322883165758,86,85
46,1202,314.387991016569,87,41
32,9061,1374.83260431815,91,59
76,8000,5232.00377788802,86,10
48,5759,1622.42177564864,75,27
31,6142,895.54168217686,89,58
73,2252,1376.62552409029,78,5
15,9892,767.143706089363,89,74
21,1628,159.489772950487,78,57
12,8681,600.654391060797,59,47
24,4695,517.916740820041,68,44
43,4021,938.866018065975,72,29
3,9985,508.256714171552,81,78
70,8777,4983.72242371984,90,20
53,8756,2952.25217788816,87,34
8,5490,328.078284446693,84,76
80,4094,2901.00672172376,91,11
94,8349,7283.97845441437,97,3
59,1556,641.932767863207,78,19
14,1133,84.568056416063,81,67
62,4455,2019.40992948551,83,21
25,9229,1059.33668181327,88,63
15,2818,218.541342879077,81,66
61,6670,2931.60345703817,81,20
30,1321,185.082298815133,90,60
63,5806,2712.72795968268,73,10
61,4193,1842.91053903464,73,12
83,7893,5896.34373121614,91,8
77,9731,6499.81732607363,83,6
34,8879,1458.6783036235,86,52
92,1552,1317.3342816249,92,0
93,7253,6238.6983791689,94,1
28,1843,238.421806312753,84,56
34,3703,608.343930433364,85,51
30,9159,1283.24661229963,58,28
62,3506,1589.23708479825,81,19
86,1895,1483.60983830732,88,2
43,9710,2267.19448779424,89,46
39,2222,444.499241810321,68,29
4,9171,480.430351456167,5,1
79,2518,1750.69347075514,80,1
61,5218,2293.41931616569,79,18
94,6253,5455.35001502612,95,1
45,4467,1125.29188204872,73,28
56,7850,2933.84482944473,86,30
22,5976,609.032664935647,75,53
36,4347,772.968997665373,69,33
58,8328,3326.0910420817,66,8
68,9120,4913.44005458541,76,8
77,5037,3364.46201535637,78,1
84,9950,7554.88070755025,90,6
30,2823,395.524095045512,82,52
13,6206,445.920949959869,85,72
63,5145,2403.89000216455,82,19
51,4044,1270.36871360117,65,14
61,5093,2238.47922139361,72,11
28,4711,609.443911849907,68,40
15,1732,134.31994530396,81,66
50,4013,1216.11860955791,63,13
97,3885,3578.86916823879,99,2
9,6308,390.661618438868,71,62
50,8646,2620.12496841208,70,20
1,4496,217.753775143357,64,63
42,9182,2063.27005762566,78,36
63,9368,4376.99544028718,63,0
68,1995,1074.81501194056,76,8
29,5993,806.846926167632,69,40
33,6162,972.891658690429,77,44
75,5549,3550.75329436747,80,5
56,8238,3078.85524904021,56,0
92,6254,5308.38182814569,94,2
42,4328,972.536790394671,83,41
11,2030,135.300562768913,80,69
38,6610,1271.56593386924,84,46
84,5974,4535.96556250304,87,3
35,1553,265.443502053498,72,37
13,6402,460.004176868044,83,70
2,3064,151.915855047133,44,42
49,4656,1360.66124884697,85,36
67,5249,2751.91820474846,69,2
56,8957,3347.57301112566,84,28
95,3473,3078.65601678812,95,0
24,1443,159.1808002137,85,61
47,2000,542.983830114335,87,40
43,8525,1990.50803382553,80,37
74,2390,1495.29193634256,74,0
88,4501,3625.23784374153,88,0
66,1388,707.68756315452,84,18
48,3115,877.555796344072,81,33
8,1697,101.411447851737,87,79
11,5813,387.439493288517,74,63
72,1052,627.884582340431,86,14
51,2332,732.56672604301,74,23
50,6556,1986.76142642952,77,27
57,3012,1163.96610109915,79,22
69,4775,2641.90111707227,87,18
43,7709,1799.97964020657,78,35
92,9055,7685.86463924836,94,2
70,7953,4515.84190906276,78,8
26,5470,653.382769011896,90,64
95,7817,6929.41378728268,97,2
3,2431,123.742821447275,72,69
38,7638,1469.32233024104,86,48
61,6610,2905.23221154757,91,30
77,3760,2511.4904065396,83,6
12,4097,283.478981704422,79,67
49,3669,1072.22210524474,71,22
0,4277,276.431804606408,32,32
16,8966,722.595699974119,45,29
16,5855,471.87127184346,65,49
18,4151,361.517527627549,69,51
10,4192,269.261698810052,33,23
37,4710,871.177015364549,50,13
12,4910,339.731950248648,58,46
93,6604,5680.45830636032,93,0
90,9968,8244.87397768903,90,0
28,5827,753.816530322523,71,43
18,6226,542.232745605666,73,55
78,2469,1683.15489039662,85,7
72,4937,2946.640858379,79,7
22,6784,691.378446941672,80,58
8,5541,331.126006214777,78,70
23,9433,1000.13703135432,86,63
38,1572,302.405695619131,85,47
21,5355,524.611630313179,78,57
18,2361,205.623435974137,47,29
51,6469,2032.15015041691,58,7
3,8903,453.180723712502,61,58
78,8777,5983.41452936862,84,6
54,5412,1889.29462971423,82,28
73,4783,2923.80101319887,78,5
85,7530,5807.44531595744,86,1
51,6434,2021.15536679276,76,25
2,2108,104.516521683863,82,80
81,3874,2795.79036753779,96,15
24,6239,688.239093924651,86,62
41,1555,336.203586743071,52,11
13,6120,439.741574887915,64,51
62,4266,1933.73799308309,77,15
49,2937,858.303713029112,74,25
28,9322,1205.95120914134,72,44
94,8043,7017.01266125941,96,2
0,6569,424.568745489712,81,81
29,1779,239.509541407011,89,60
37,1798,332.563964676318,75,38
22,5860,597.210745736763,77,55
87,1352,1073.88703016815,94,7
95,1326,1175.43849071726,95,0
0,4221,272.812402909434,87,87
39,9791,1958.637298184,83,44
40,8729,1815.5245441145,80,40
71,1569,913.706044886883,89,18
86,3984,3119.10374449413,96,10
53,5128,1729.0028743959,81,28
14,1125,83.9709298041226,76,62
36,4397,781.859830396744,62,26
28,4387,567.529280680438,77,49
92,6753,5731.93196121967,92,0
8,3968,237.124705407009,47,39
95,3178,2817.15197850638,95,0
17,8262,692.111357878175,53,36
71,6093,3548.25425844218,78,7
41,3582,774.457394028091,77,36
70,8744,4964.98449048721,71,1
1,1824,88.3413892040667,69,68
28,4260,551.09978019117,68,40
25,7494,860.187354373028,86,61
20,8420,793.049693450649,83,63
12,5103,353.085975991619,85,73
51,5967,1874.45353957918,88,37
42,8814,1980.57746546641,64,22
94,4435,3869.25912628192,99,5
37,1414,261.538067882266,83,46
52,8489,2763.28255983513,67,15
85,1145,883.07103409977,98,13
90,1321,1092.64431425835,92,2
30,3478,487.294651990184,47,17
63,9627,4498.00759005601,77,14
83,2730,2039.40433120741,83,0
42,5811,1305.77894847122,89,47
83,7451,5566.15445854447,87,4
38,2396,460.918604773179,79,41
94,5501,4799.27721616163,96,2
83,7568,5653.5575013105,84,1
49,2058,601.426299425915,93,44
83,2346,1752.54306264197,95,12
97,2498,2301.16220907606,99,2
90,3135,2593.06580257375,96,6
73,7307,4466.69747092706,75,2
30,1001,140.247828246744,87,57
84,9354,7102.34714959046,89,5
63,8666,4049.00111929213,84,21
89,6165,5032.81068484216,89,0
94,3382,2950.58272042513,98,4
95,4333,3841.00677245694,97,2
49,4112,1201.6836458889,78,29
67,2872,1505.71710497954,74,7
70,5988,3400.0831574837,74,4
68,2472,1331.80085690078,81,13
34,7041,1156.72417342191,85,51
36,7164,1273.8785137508,80,44
66,7657,3904.00840855487,68,2
58,5477,2187.44003812218,87,29
95,7793,6908.13888247332,95,0
23,3116,330.374959154042,70,47
56,5464,2042.10549657146,61,5
29,1855,249.741539803263,80,51
22,8871,904.071079425055,32,10
94,6495,5666.479825299,98,4
6,5770,321.948824629402,81,75
9,8428,521.955630976979,52,43
54,1689,589.619111158044,82,28
89,3244,2648.24620626569,93,4
67,8759,4592.12260533279,75,8
26,4807,574.188477265116,87,61
91,9195,7704.39234546103,91,0
97,3658,3369.75634939961,99,2
8,5875,351.085595833209,80,72
32,7515,1140.25681728848,90,58
96,6169,5574.31609535304,98,2
46,5981,1564.35488707995,66,20
12,6846,473.687358737728,84,72
66,3967,2022.62000218586,85,19
13,1643,118.054805153733,64,51
57,3562,1376.50971185763,81,24
15,2118,164.254990850917,62,47
2,3138,155.584841102449,86,84
69,8470,4686.26229562348,71,2
55,9625,3477.37066909165,67,12
42,3093,695.022248773271,90,48
13,2578,185.237545761609,86,73
43,5208,1216.01945339159,72,29
2,5519,273.63694647687,77,75
0,3997,258.334796121537,88,88
62,5545,2513.49675847299,91,29
24,5574,614.881344692419,43,19
86,7995,6259.34599328077,90,4
28,3114,402.84617735101,75,47
52,8882,2891.20929396344,54,2
81,6932,5002.68942379245,82,1
15,4726,366.510428121546,84,69
28,2875,371.927668556248,82,54
8,7195,429.967806301267,80,72
5,1122,60.6119106119108,75,70
58,9733,3887.22912014664,93,35
96,2942,2658.39486991873,96,0
81,1638,1182.11270573745,94,13
37,8398,1553.32156582409,82,45
87,7456,5922.26456873797,91,4
6,1649,92.0092914755432,70,64
62,3019,1368.48452909467,80,18
65,1772,878.086893877837,90,25
97,4675,4306.61862587293,97,0
0,4370,282.442596710312,64,64
74,2890,1808.11451716736,81,7
51,1074,337.382788923753,87,36
60,3311,1410.27464241546,79,19
27,4925,612.220211587971,79,52
47,4456,1209.76797349474,49,2
91,5011,4198.66340871183,93,2
35,4292,733.601745533558,79,44
75,9491,6073.20229173575,92,17
58,7791,3111.62047416649,68,10
90,9476,7837.92393785927,93,3
7,5492,316.94646503911,61,54
39,1052,210.446985771583,91,52
21,1659,162.526740371534,75,54
28,1177,152.263953353288,71,43
22,9778,996.506257988748,88,66
75,4991,3193.69430387242,82,7
41,7203,1557.34690373655,86,45
86,5224,4089.9091268166,88,2
52,6773,2204.70170547336,87,35
36,1551,275.793631327121,92,56
4,1196,62.6534402291545,80,76
5,9812,530.057100645338,69,64
50,5971,1809.48024362579,69,19
19,5240,474.55577553995,80,61
14,9958,743.273350212847,85,71
59,9868,4071.07490570316,67,8
20,9959,938.002600602733,54,34
28,6866,888.227955585112,76,48
76,2215,1448.61104600275,83,7
87,7758,6162.14170121636,91,4
29,7818,1052.54951923553,71,42
12,5829,403.319254175024,78,66
29,6704,902.569963795729,41,12
43,7435,1736.00319431,91,48
12,3579,247.637606912406,88,76
25,4632,531.677051702144,79,54
62,5627,2550.66659331425,77,15
51,6470,2032.46428709188,70,19
93,2013,1731.49039532152,96,3
22,2500,254.782741355274,91,69
36,3587,637.828340148538,90,54
10,2143,137.649766352562,77,67
17,3777,316.400943924699,39,22
31,5915,862.443674711189,81,50
83,9580,7156.59102306482,83,0
4,4887,256.009500334346,74,70
79,8124,5648.38512963255,91,12
26,1819,217.27664658732,90,64
48,4004,1128.00430451418,79,31
19,2151,194.803334577563,90,71
72,3607,2152.83240351895,77,5
46,5960,1558.86225162958,82,36
7,4186,241.576457147435,76,69
51,1818,571.100475105571,68,17
85,3946,3043.31729306349,85,0
47,4000,1085.96766022867,86,39
35,4761,813.764657615393,81,46
90,1218,1007.44948884683,94,4
66,6223,3172.86722299033,86,20
59,3037,1252.92404627285,88,29
18,7953,692.640061966248,57,39
60,1300,553.717014539444,80,20
37,3825,707.484518847006,76,39
19,1650,149.430730847503,76,57
15,4727,366.587980053015,82,67
49,7353,2148.82778410046,78,29
68,6846,3688.31256729076,83,15
9,2675,165.66579412238,37,28
62,6584,2984.46576335187,91,29
97,5472,5040.81649642282,97,0
47,5151,1398.45485445947,70,23
86,7085,5546.9001078667,92,6
78,3422,2332.82949977207,81,3
66,4961,2529.42219078499,84,18
78,2792,1903.34890805482,95,17
30,2225,311.739678170834,90,60
82,1952,1433.73578468679,86,4
24,9003,993.142580959069,78,54
2,2147,106.4501764968,81,79
28,2434,314.877198353359,75,47
58,6738,2691.06645551711,74,16
86,1392,1089.80733241361,94,8
17,5979,500.86344816674,67,50
42,7229,1624.41507804138,75,33
2,4802,238.087446454417,72,70
10,1272,81.7034544099203,73,63
7,6100,352.034493215326,84,77
76,3563,2330.20368257688,81,5
60,4487,1911.17557249114,84,24
57,5572,2153.25999844771,84,27
43,4615,1077.55948106801,81,38
89,3643,2973.97069341119,93,4
6,5141,286.852496953164,49,43
61,6408,2816.44901839589,65,4
43,8985,2097.91374591465,80,37
78,3608,2459.62853161239,78,0
52,8489,2763.28255983513,57,5
91,4967,4161.79627840184,93,2
88,5136,4136.6855288728,91,3
80,5461,3869.66236134184,81,1
79,5905,4105.57781763666,93,14
57,9418,3639.51950204244,88,31
68,4699,2531.60688777377,84,16
59,5142,2121.34851693612,67,8
44,5543,1344.50796801454,75,31
15,4599,356.661332825008,80,65
72,5323,3177.0243648271,85,13
94,4888,4264.47319261917,95,1
95,4778,4235.47896579719,96,1
4,9477,496.460412250583,72,68
17,3365,281.887523512474,84,67
45,6078,1531.12246677683,46,1
55,3301,1192.60265752432,78,23
56,8253,3084.46132196272,87,31
2,5186,257.126509227948,39,37
13,5803,416.964110959897,55,42
32,5802,880.34198987462,61,29
36,3901,693.662769701546,83,47
81,3512,2534.54201620875,91,10
27,9091,1130.09014082157,51,24
66,9135,4657.58349381595,86,20
50,1969,596.695126394101,92,42
1,6282,304.254718739006,29,28
8,4480,267.721441588558,65,57
51,1106,347.435162522971,83,32
50,3919,1187.63240240654,70,20
58,3037,1212.93689899161,94,36
0,1647,106.449189194939,81,81
18,2073,180.541034635487,80,62
88,5339,4300.18770222973,93,5
7,7021,405.185930633575,77,70
45,8181,2060.89386322824,74,29
59,4763,1964.99085689746,69,10
35,2360,403.378406211369,51,16
16,3347,269.744346175929,80,64
85,8916,6876.38544981096,87,2
0,4110,265.638231688646,82,82
13,8474,608.884004183037,83,70
25,4407,505.850770045628,71,46
51,3535,1110.47314603861,81,30
21,7410,725.933180321318,76,55
40,1565,325.500734510161,84,44
85,7983,6156.81752420827,89,4
33,8163,1288.82093636644,80,47
54,2384,832.239171699691,76,22
29,6312,849.794393120323,78,49
15,5839,452.825727846319,87,72
46,3151,824.156871624967,52,6
83,6771,5058.17096212651,84,1
52,7267,2365.50528475932,64,12
65,4716,2336.94006293898,71,6
35,6440,1100.7444644073,84,49
33,5616,886.686068679885,70,37
19,5672,513.679457798205,84,65
38,4447,855.469547339869,69,31
48,5605,1579.03699470579,73,25
35,5764,985.200480255225,82,47
90,3508,2901.58686935525,91,1
46,4419,1155.80743119985,48,2
13,5648,405.826865190677,81,68
68,7251,3906.50809603057,90,22
15,1508,116.948312654949,71,56
3,4145,210.98889136115,88,85
44,3814,925.122386795497,80,36
63,6213,2902.88990931941,90,27
46,4366,1141.94506553939,80,34
47,9712,2636.72947903521,88,41
29,8823,1187.85423487018,81,52
4,1847,96.7566087819803,51,47
72,2978,1777.41472073175,79,7
36,2452,436.006437146422,88,52
95,8645,7663.39800320568,96,1
37,1088,201.240040916482,80,43
4,3593,188.222249785412,63,59
83,9138,6826.40175039315,94,11
65,6743,3341.38821976199,75,10
4,4651,243.646446911202,89,85
29,3835,516.312024337205,62,33
20,2091,196.943813421058,69,49
38,8239,1584.9367215051,84,46
91,8469,7096.08469534633,93,2
65,7524,3728.40055842937,93,28
8,2940,175.692196042491,82,74
25,5349,613.976802580908,53,28
4,1639,85.8603583073447,48,44
77,1915,1279.12343843706,77,0
89,8881,7250.02298330628,90,1
4,4860,254.595083205427,64,60
31,9675,1410.67498779894,76,45
63,4444,2076.36290954699,88,25
3,7968,405.587330848165,86,83
1,1838,89.0194481124312,76,75
44,3579,868.120876334841,87,43
81,4729,3412.82721943371,81,0
24,1467,161.828297930352,84,60
90,1839,1521.0998439978,92,2
70,3662,2079.34277266287,80,10
87,3156,2506.79546391323,90,3
1,4868,235.770768994187,86,85
74,3685,2305.5024206788,78,4
16,2449,197.371946156214,91,75
35,2430,415.343019954926,80,45
77,4354,2908.25245480676,91,14
28,8664,1120.82828534655,81,53
6,5937,331.266927525955,81,75
47,2246,609.770841218398,69,22
49,9128,2667.5506613993,85,36
0,5750,371.634995671463,76,76
84,5268,3999.91071028892,93,9
75,9302,5952.26295624549,89,14
53,9701,3270.87692755745,72,19
15,9816,761.249759297734,73,58
9,8483,525.361843566411,76,67
24,5901,650.953501081803,85,61
15,3812,295.627962759063,87,72
39,5962,1192.66628248116,86,47
87,2650,2104.88212274083,88,1
96,6389,5773.10836978612,97,1
62,3424,1552.06724995699,69,7
80,1821,1290.35985350732,86,6
22,9230,940.657881083672,85,63
91,7831,6561.51130585159,96,5
41,2209,477.603680460093,78,37
1,2854,138.22715174803,70,69
62,8302,3763.21913234314,85,23
54,8472,2957.52108332205,85,31
28,8960,1159.12066443964,87,59
98,6284,5892.13990645134,99,1
5,1406,75.9539628523588,70,65
62,3755,1702.10646132842,76,14
82,3524,2588.36316866611,91,9
56,3968,1482.99315710021,68,12
97,1581,1456.42011711339,97,0
75,5890,3768.95601078112,89,14
59,9612,3965.46128836834,69,10
85,4589,3539.22530609943,85,0
2,6138,304.32751902066,69,67
34,9810,1611.6267776266,74,40
77,6474,4324.30555636632,85,8
19,8522,771.787083807529,76,57
7,3608,208.219746150967,43,36
52,4406,1434.21168083798,64,12
58,5150,2056.84064201738,82,24
79,3423,2379.9141185047,90,11
5,3049,164.710976341993,87,82
25,2219,254.704528870263,60,35
48,6652,1873.99716124583,78,30
11,2061,137.366728998389,73,62
60,6068,2584.58064940411,90,30
12,7995,553.188786606505,83,71
9,3939,243.946752541329,71,62
44,5382,1305.45586935851,65,21
77,8466,5654.86111217134,87,10
11,5074,338.18475639875,60,49
36,5367,954.341985385336,72,36
36,8499,1511.2637476784,81,45
68,2217,1194.41848695349,77,9
62,9656,4376.97469789272,93,31
12,7436,514.510546242148,74,62
84,1671,1268.76438817251,96,12
47,3094,839.995985186877,76,29
23,7255,769.213841034202,67,44
46,1848,483.351919632796,91,45
68,4775,2572.55222156199,78,10
2,4179,207.198550340068,59,57
89,1102,899.62001211615,98,9
40,4741,986.069637260495,87,47
75,1678,1073.73653414104,81,6
17,5055,423.459563552914,57,40
5,1870,101.019851019851,57,52
17,6335,530.685724056916,87,70
53,5567,1877.02008614703,80,27
52,5076,1652.30560416105,87,35
37,1295,239.527438407026,84,47
87,1290,1024.64073144742,91,4
66,1098,559.827769700045,78,12
62,3229,1463.6755695418,89,27
7,7135,411.764935916615,25,18
29,4472,602.072326684741,80,51
89,8076,6592.85954432852,98,9
60,7047,3001.57215496882,89,29
21,8088,792.354596820354,66,45
86,6128,4797.65756683234,89,3
41,4927,1065.25728095377,77,36
11,7541,502.611597950921,84,73
3,3472,176.731828903718,89,86
48,3059,861.779512364853,76,28
47,3219,873.932474569023,82,35
3,6335,322.464324915051,89,86
28,2888,373.60942844885,64,36
16,3255,262.329801853196,63,47
36,6314,1122.7343573175,56,20
50,8492,2573.45607584495,71,21
29,1110,149.441029208422,77,48
77,1933,1291.14653080879,89,12
85,6384,4923.60304077985,95,10
57,7148,2762.29405400291,62,5
71,3029,1763.93601654708,78,7
11,4334,288.863368985452,48,37
37,6213,1149.17681453502,86,49
60,8640,3680.08846586215,82,22
12,3377,233.660854580384,74,62
15,7559,586.215049972654,60,45
22,2269,231.240816054047,75,53
96,3814,3446.33515767166,98,2
99,9095,8661.90476190476,99,0
13,2931,210.601724836026,68,55
37,9413,1741.05928781879,49,12
92,3242,2751.80266818809,97,5
18,8355,727.650913834779,82,64
89,4198,3427.0461078617,95,6
16,6307,508.299250472537,86,70
10,2629,168.866652235598,74,64
17,5544,464.423307682958,77,60
60,7624,3247.33732219133,81,21
28,4144,536.093307303336,85,57
16,6123,493.470161827072,76,60
47,1922,521.807460739876,87,40
70,5266,2990.11989100019,84,14
51,2096,658.430470748777,88,37
69,5180,2865.97859401767,69,0
51,4340,1363.35316939394,74,23
79,5516,3835.11722981944,84,5
16,1746,140.71515638577,74,58
46,2419,632.699293069119,52,6
85,8957,6908.00633400143,89,4
50,3776,1144.29700216563,81,31
56,4735,1769.65035253768,86,30
16,8713,702.205703086605,82,66
7,8908,514.085781239693,81,74
27,5473,680.34136406517,36,9
88,7319,5894.93796452883,88,0
37,4187,774.441223637233,88,51
17,3585,300.317019849099,73,56
84,6032,4580.00406310986,93,9
57,8029,3102.75027414512,83,26
95,1883,1669.19357316788,95,0
55,7705,2783.70296159493,88,33
56,2625,981.062761438524,68,12
44,5733,1390.59429562102,65,21
26,3401,406.244021464252,58,32
68,9265,4991.55944141818,69,1
17,7763,650.309909369193,59,42
87,8358,6638.71878561051,89,2
33,8738,1379.60521156069,80,47
89,1305,1065.33948803228,94,5
34,2096,344.339421600954,45,11
21,1739,170.364075651656,62,41
90,9296,7689.03977694595,92,2
43,8842,2064.52457889564,54,11
33,5640,890.475325383645,64,31
70,8400,4769.65573194106,80,10
33,2807,443.185148643953,88,55
34,4413,724.985623819183,90,56
72,6069,3622.27331770349,86,14
58,2775,1108.2976274948,72,14
55,4852,1752.95610248651,85,30
95,8690,7703.28844972323,96,1
68,6414,3455.57066996829,75,7
90,9271,7668.36142126354,96,6
59,4998,2061.94085718529,93,34
63,2520,1177.41551126427,72,9
30,7174,1005.13278705508,71,41
87,4968,3946.05825878356,95,8
74,1736,1086.12000062372,74,0
12,8435,583.633197626751,27,15
16,8797,708.975504424752,74,58
2,4435,219.891258855756,84,82
51,1220,383.246743470185,89,38
67,7118,3731.78772745277,69,2
44,4273,1036.45725190801,86,42
20,7903,744.355312035686,37,17
88,9629,7755.4799372111,97,9
76,1278,835.812603517612,90,14
96,1376,1243.35531645417,99,3
99,7750,7380.95238095238,99,0
87,9162,7277.33207869867,97,10
84,1233,936.197780141654,90,6
8,5059,302.322047543865,90,82
34,1024,168.226892995886,70,36
9,9008,557.87569101099,85,76
65,3851,1908.30283765437,66,1
1,2249,108.925320350848,73,72
70,4307,2445.58419493692,70,0
69,4475,2475.91780081642,80,11
13,2336,167.849071721923,80,67
79,4007,2785.95263594752,84,5
10,4715,302.855178885829,77,67
72,1891,1128.64044221079,86,14
32,8196,1243.5854789749,82,50
43,9211,2150.68263924539,63,20
10,3548,227.896113401256,66,56
94,5892,5140.40017408186,97,3
44,9015,2186.67496511835,73,29
4,1600,83.8173113433506,78,74
72,2984,1780.99581150556,83,11
39,6553,1310.89267848021,88,49
97,9079,8363.59155172199,97,0
19,9485,859.00029217489,64,45
37,1591,294.276567185774,50,13
13,9380,673.983002034091,71,58
72,1506,898.853784224989,83,11
65,5166,2559.93052695988,74,9
81,3938,2841.97792136391,81,0
93,1635,1406.35210946383,94,1
61,4738,2082.44935224091,86,25
69,1478,817.744471420485,90,21
24,4641,511.959870957574,86,62
12,6411,443.588906933622,53,41
62,2397,1086.53773310365,87,25
50,4901,1485.22235371127,89,39
6,1335,74.4890261490904,58,52
53,6968,2349.39392137102,70,17
18,5030,438.071106713218,87,69
49,7104,2076.06046215826,64,15
68,1979,1066.19494166936,78,10
56,4407,1647.06422463222,78,22
59,3245,1338.73511035739,77,18
28,6971,901.811400871514,78,50
96,2913,2632.19043374346,96,0
61,4841,2127.7199903331,83,22
84,1660,1260.41225874708,88,4
83,2264,1691.28622925039,85,2
64,4916,2366.14821391383,81,17
13,8303,596.59710723764,60,47
6,6119,341.421985772498,78,72
38,2847,547.677490730067,62,24
26,7675,916.766499481956,86,60
32,5922,898.549683563857,76,44
40,4801,998.548898647466,73,33
74,4928,3083.17935660926,75,1
18,3486,303.601566203236,76,58
40,4885,1016.01986458923,73,33
57,9183,3548.70541380928,68,11
56,7360,2750.7131139762,60,4
56,7812,2919.64277804105,89,33
1,5014,242.841954752846,64,63
33,4925,777.587052750789,86,53
79,5925,4119.48324631621,87,8
28,4592,594.049340525318,43,15
18,2605,226.873803774937,86,68
79,1013,704.309962619125,90,11
10,4173,268.041285575941,79,69
3,6252,318.239456885382,61,58
99,6930,6600,99,0
88,2303,1854.90396670445,90,2
63,8144,3805.10790624453,84,21
37,4411,815.872996767097,69,32
92,2931,2487.82653314599,95,3
40,5627,1170.3467304081,84,44
79,5034,3499.99639864233,82,3
38,1528,293.941414062361,76,38
25,5822,668.269385796607,65,40
56,6450,2410.61135667752,90,34
49,5272,1540.68000513772,65,16
31,6911,1007.66665019933,78,47
41,4203,908.722620630951,79,38
35,4109,702.322826746828,79,44
85,1554,1198.50863492667,86,1
17,8572,718.080193625238,75,58
99,6662,6344.7619047619,99,0
58,5479,2188.23881118704,78,20
1,2097,101.563537917175,81,80
80,8854,6273.94077043044,92,12
31,6799,991.336355766927,73,42
42,3036,682.213885313822,79,37
93,6723,5782.81665561182,95,2
88,4495,3620.40526718911,91,3
45,1741,438.579173191586,67,22
5,8049,434.817529871007,78,73
83,8843,6606.02655709418,83,0
58,5269,2104.36763937662,90,32
42,8002,1798.11446320198,60,18
81,7377,5323.83725898974,83,2
74,4389,2745.95661448013,85,11
47,7691,2088.04431870468,74,27
2,8929,442.707790377237,72,70
85,9124,7036.80359399677,97,12
19,5637,510.509715022652,20,1
41,3906,844.508816603496,67,26
20,8029,756.222801510126,88,68
76,3772,2466.8897812742,80,4
78,8353,5694.36727399067,79,1
62,3669,1663.12346381197,69,7
96,5396,4875.83233109499,97,1
96,7291,6588.15669496175,96,0
70,1517,861.377112542212,78,8
78,7218,4920.62049367469,88,10
0,9337,603.470600797296,55,55
55,7080,2557.89967139417,88,33
69,1552,858.687022763594,90,21
21,2593,254.027629766961,64,43
17,2404,201.384132696579,70,53
91,2190,1834.97762224684,95,4
41,3299,713.270503321796,77,36
82,5246,3853.16492134574,87,5
43,7116,1661.51966788298,57,14
78,6642,4527.95252410464,86,8
58,8266,3301.32907707101,77,19
61,3542,1556.78252546165,87,26
43,6761,1578.6304770316,87,44
43,6011,1403.51246819064,72,29
96,6903,6237.55941096159,99,3
7,1951,112.593327256246,81,74
64,7619,3667.14467896857,65,1
82,8960,6581.08229036558,88,6
95,8505,7539.29439181773,96,1
42,6102,1371.16901455367,69,27
71,4589,2672.40091777304,72,1
78,2158,1471.14145543779,84,6
52,2265,737.287666159332,81,29
3,1344,68.4123208659555,65,62
31,3261,475.474019143396,82,51
62,5988,2714.30452474955,67,5
12,7579,524.404979823728,65,53
81,3092,2231.43619422479,81,0
57,8767,3387.94515549014,79,22
9,2766,171.30152767944,75,66
86,2390,1871.14908366992,88,2
27,7419,922.246040562671,75,48
93,3096,2663.03738892967,95,2
22,2641,269.152487967712,88,66
11,8730,581.859070429856,64,53
25,1058,121.44091552264,75,50
84,8006,6078.83165272837,88,4
54,3317,1157.94351196639,58,4
88,5692,4584.5042893972,89,1
78,4827,3290.63939082401,81,3
64,5690,2738.68660235348,64,0
91,6223,5214.18527088679,97,6
94,2311,2016.20244438275,94,0
48,3191,898.966467458726,80,32
77,3071,2051.27314853274,85,8
61,5466,2402.4204641935,90,29
22,7641,778.71797067826,79,57
37,3001,555.074781976435,78,41
45,2484,625.74995187128,90,45
36,5592,994.350732676505,85,49
50,5666,1717.0515927623,70,20
1,1299,62.9141801403962,78,77
91,6521,5463.87628980439,91,0
58,2201,879.049757879662,77,19
72,5182,3092.86873164269,82,10
68,2674,1440.62924407471,72,4
40,5291,1100.46286664106,70,30
29,1551,208.813546218254,78,49
41,7204,1557.56311183092,51,10
77,1806,1206.31693463046,81,4
46,3586,937.932891668401,66,20
23,5628,596.710613003513,75,52
36,2517,447.564519697204,79,43
3,1771,90.1474853077435,74,71
89,1717,1401.6765524532,90,1
20,8969,844.758040446421,84,64
69,8706,4816.83583774475,82,13
60,9032,3847.05544255405,69,9
51,7633,2397.80524008846,77,26
40,5729,1191.56147476595,66,26
87,9654,7668.12528790187,95,8
48,3596,1013.06280695129,72,24
82,7027,5161.30192571417,82,0
62,5350,2425.1050780578,84,22
38,9650,1856.37084142787,75,37
32,3553,539.099463982166,79,47
84,8702,6607.29366001028,96,12
57,2401,927.849471692919,88,31
62,4198,1902.91422760498,68,6
50,4626,1401.88504555567,90,40
26,9766,1166.53311191411,73,47
13,2340,168.136484515967,20,7
70,4418,2508.61178853757,93,23
19,1738,157.400369826037,76,57
50,9461,2867.10644530959,81,31
60,5875,2502.37496955326,80,20
45,5041,1269.8894957259,87,42
30,1172,164.206248456727,64,34
74,4803,3004.97371140306,86,12
50,1068,323.65180040066,80,30
29,7572,1019.43015600556,61,32
99,4479,4265.71428571429,99,0
16,1318,106.221406710449,84,68
74,3960,2477.55484013244,81,7
33,3256,514.075826143466,84,51
34,7811,1283.2229113192,43,9
0,5048,326.263210112965,79,79
72,6226,3715.97852628472,85,13
33,5819,918.736864965857,84,51
58,5662,2261.32654662183,76,18
10,3939,253.010933113739,48,38
55,7433,2685.43336969956,68,13
37,9489,1755.11649655928,86,49
4,6076,318.296239826374,88,84
75,9533,6100.07769962248,85,10
60,1581,673.40507691297,88,28
74,2848,1781.83742037808,81,7
20,3551,334.455993045517,82,62
96,6467,5843.58926708512,98,2
88,7283,5865.9425052143,91,3
69,1785,987.600731722304,91,22
1,2018,97.7373483628325,69,68
24,5124,565.240762505195,83,59
68,2893,1558.6164559118,86,18
25,9909,1137.38944415297,71,46
99,4142,3944.7619047619,99,0
85,3138,2420.15450218784,85,0
81,1887,1361.81115734223,89,8
54,3621,1264.06797010259,89,35
35,4171,712.920056062551,89,54
44,3297,799.719063782054,69,25
41,7234,1564.04935466198,84,43
69,5472,3027.53568850669,87,18
24,1295,142.854564294346,90,66
58,2975,1188.17493398092,74,16
0,6413,414.486126476712,63,63
29,9737,1310.9074787409,72,43
51,1554,488.168392912023,78,27
45,6118,1541.19895553482,56,11
27,8865,1101.99638085835,75,48
72,7296,4354.60638094656,89,17
99,8856,8434.28571428571,99,0
93,2722,2341.33971985354,94,1
7,1056,60.9423647271122,78,71
16,7313,589.375680784155,52,36
54,5416,1890.69100416339,70,16
84,2591,1967.30612193595,88,4
40,9746,2027.04802462366,78,38
90,6985,5777.53257766431,95,5
14,3781,282.216964968345,77,63
4,4193,219.653741539168,47,43
95,4668,4137.96898542095,98,3
62,2157,977.747972592648,73,11
48,8007,2255.72688967158,63,15
87,6420,5099.37480301741,91,4
46,2114,552.925302004183,67,21
39,2960,592.132203311679,78,39
49,6402,1870.90921716458,68,19
45,7439,1873.97499676749,62,17
79,3989,2773.43775013592,84,5
69,3392,1876.7180291328,72,3
38,5337,1026.67887882907,69,31
30,1380,193.34865432618,85,55
84,6560,4980.90627553062,85,1
81,4188,3022.39805349722,83,2
33,8088,1276.97950916718,90,57
26,9290,1109.67567168565,84,58
22,4402,448.621450978367,62,40
94,7508,6550.25874185449,96,2
23,4883,517.721734771882,82,59
87,4564,3625.16302195817,88,1
26,6579,785.851048871894,31,5
58,9639,3849.68678609817,76,18
62,6393,2897.88724561187,70,8
26,2978,355.717346639383,91,65
73,1567,957.891739009538,75,2
67,1298,680.508635885598,78,11
46,1529,399.916171600944,49,3
57,5705,2204.65690795839,87,30
68,3977,2142.62621678576,74,6
62,3854,1746.9822375392,86,24
74,2740,1714.26774291992,75,1
64,6375,3068.38788928004,69,5
68,7513,4047.66174672151,94,26
36,7737,1375.76745685231,78,42
99,5800,5523.80952380952,99,0
71,8660,5043.14490039541,80,9
32,4071,617.696008407373,50,18
45,2919,735.331767114439,71,26
88,9087,7318.93718864236,92,4
71,3809,2218.16846716006,80,9
42,9725,2185.28657268673,77,35
77,8526,5694.93808674378,93,16
44,5122,1242.39036842332,93,49
59,3980,1641.96170700229,74,15
20,3395,319.762910839068,82,62
43,6119,1428.72946146374,88,45
79,7035,4891.23453803114,93,14
5,6689,361.348547311115,68,63
34,6351,1043.36816153991,48,14
1,6510,315.297392389514,6,5
82,2445,1795.84220981516,97,15
32,7376,1119.16623876511,73,41
31,3844,560.479033912056,72,41
34,3290,540.494607379359,35,1
25,1456,167.124738186166,80,55
69,1461,808.338750165987,74,5
73,7793,4763.78450676537,94,21
60,2719,1158.1204327175,78,18
55,1035,373.930248572453,88,33
46,8891,2325.47722806017,81,35
9,2698,167.090210296142,65,56
79,5460,3796.18202951671,81,2
47,6596,1790.76067171708,78,31
87,4028,3199.42082656606,89,2
61,9115,4006.23171078005,80,19
50,5046,1529.16384346604,53,3
9,5399,334.366214006254,37,28
14,8892,663.706229171785,63,49
30,6771,948.669375683018,73,43
39,7551,1510.53725243462,80,41
11,2486,165.693201499269,73,62
83,5644,4216.26302026909,83,0
78,1195,814.649693812864,85,7
64,4447,2140.41112841229,81,17
73,4353,2660.94622840365,92,19
12,7454,515.755999420249,84,72
89,9539,7787.18266386203,98,9
48,3968,1117.86240767039,58,10
84,4665,3542.06216087658,87,3
21,3691,361.595056486638,71,50
3,3900,198.51789536996,66,63
99,4002,3811.42857142857,99,0
26,1217,145.368707474859,80,54
24,9601,1059.10939906565,87,63
25,9051,1038.90522343612,75,50
61,3444,1513.70949116034,65,4
63,4976,2324.92840636945,82,19
2,1025,50.8204149553889,51,49
62,8340,3780.44417775739,92,30
97,3320,3058.39012575361,97,0
89,8848,7223.08336406869,89,0
3,8075,411.033847464725,67,64
46,2331,609.682534991367,89,43
9,7610,471.295960101425,84,75
65,4392,2176.38692884394,75,10
22,2449,249.585173431627,77,55
27,8601,1069.17889134378,64,37
81,5527,3988.72828120324,89,8
35,2409,411.753635831859,60,25
39,3861,772.372444927836,87,48
24,2969,327.51753003082,80,56
13,4393,315.65110105925,57,44
99,6501,6191.42857142857,99,0
33,5358,845.951559114463,83,50
78,3886,2649.14536414794,87,9
82,8083,5936.9294813644,89,7
46,3176,830.695723351601,92,46
68,3757,2024.10025055673,81,13
70,8550,4854.82815572572,75,5
90,4751,3929.71471388449,93,3
85,5505,4245.68213337924,92,7
46,7003,1831.66314566476,90,44
46,1422,371.92988621095,90,44
83,6634,4955.82722828936,92,9
40,8765,1823.01210094669,73,33
33,5260,830.478760907442,82,49
74,3407,2131.57306574021,75,1
36,3640,647.252622843791,81,45
70,1734,984.593218950689,78,8
21,9195,900.803723759045,70,49
98,4571,4285.95982055841,99,1
39,4180,836.186692514466,92,53
31,5065,738.508404465287,70,39
13,4842,347.913187190733,48,35
31,9269,1351.47767048149,77,46
63,3241,1514.28717143155,73,10
94,9929,8662.42928181582,98,4
50,6679,2024.03593153184,84,34
7,4145,239.210323668447,57,50
72,6498,3878.32130803053,89,17
14,1702,127.038686690326,75,61
74,7797,4878.15532538199,82,8
63,6837,3194.44041687056,70,7
70,1773,1006.7380491347,78,8
24,9123,1006.38006954233,91,67
63,9042,4224.6789892268,95,32
56,2537,948.173800293156,56,0
28,1263,163.389441873579,77,49
61,7480,3287.61527116125,75,14
37,3780,699.161171566453,55,18
6,5534,308.780727122896,86,80
38,4202,808.338888671493,80,42
41,4710,1018.3401244758,74,33
52,4395,1430.63103433566,83,31
80,8878,6290.94716059198,84,4
45,4368,1100.35257237269,64,19
12,9012,623.556891169209,80,68
49,1215,355.069462489061,66,17
88,6727,5418.1237446899,96,8
37,2649,489.967709915221,79,42
27,1948,242.153293842308,76,49
7,5838,336.914323178865,56,49
24,3798,418.966513660174,51,27
99,1122,1068.57142857143,99,0
41,1403,303.339956399054,49,8
85,9512,7336.04513218953,90,5
25,4869,558.880735047008,80,55
31,4738,690.829776970687,70,39
25,8969,1029.49297856574,87,62
54,1730,603.93194926194,67,13
23,1947,206.431336801322,76,53
52,6839,2226.18558448727,58,6
21,2457,240.704159790753,82,61
34,7009,1151.46708301578,86,52
2,4547,225.444318831369,57,55
22,4611,469.921288155668,58,36
27,4520,561.875199264493,89,62
86,2311,1809.29938592519,86,0
5,4679,252.765712792452,76,71
50,4320,1309.15334993525,86,36
44,8494,2060.30140362898,80,36
30,5739,804.078208099962,83,53
51,9920,3116.23581575757,80,29
59,6319,2606.92362476067,81,22
47,3385,919.000132468512,79,32
3,5380,273.852891561637,78,75
19,5646,511.324791736366,85,66
11,2196,146.364549675139,83,72
94,5106,4454.66450931127,97,3
93,5362,4612.14679568505,96,3
67,6745,3536.23324271831,88,21
2,9209,456.59044031627,72,70
12,7341,507.937321135504,75,63
76,2419,1582.02714233889,80,4
34,4874,800.72058248237,81,47
9,9717,601.78486784567,73,64
70,5080,2884.50608550721,80,10
76,1475,964.650696548104,84,8
15,1337,103.686932373785,25,10
38,6446,1240.01724806674,55,17
0,9654,623.958999689097,86,86
19,9947,900.840896812191,81,62
69,5655,3128.78551142276,77,8
13,1235,88.738700161205,78,65
61,1617,710.705065971623,71,10
90,9749,8063.73158191115,91,1
3,1009,51.3601426739205,72,69
55,7685,2776.4772563085,80,25
29,7480,1007.04405268378,88,59
59,5899,2433.65128382073,76,17
59,7538,3109.82596667921,75,16
69,7875,4357.06205171605,74,5
28,5745,743.208506384571,75,47
45,3438,866.074208749381,82,37
18,8102,705.616720992146,69,51
84,3955,3002.97017068957,86,2
57,4513,1744.01693700547,76,19
5,3994,215.761114958977,69,64
98,7582,7109.19872226512,99,1
14,9221,688.263061087835,57,43
32,6612,1003.24392227697,81,49
32,2235,339.118294962043,33,1
25,4676,536.727524559418,72,47
20,5706,537.427737628195,74,54
51,7820,2456.54879830889,91,40
85,1533,1182.31257229253,93,8
96,4778,4317.40676018752,99,3
38,2944,566.337384162036,79,41
10,5970,383.466684612597,67,57
16,9679,780.058418475295,67,51
94,9445,8240.16966127006,97,3
66,3645,1858.44464531572,77,11
53,1964,662.200008836494,83,30
32,7250,1100.04816039142,63,31
74,6255,3913.41048611829,95,21
98,1159,1086.72663137764,99,1
99,5369,5113.33333333333,99,0
46,4988,1304.63169649804,54,8
1,4197,203.272374171857,77,76
72,6346,3787.60034176081,76,4
49,1937,566.065472297375,75,26
7,2015,116.286803906374,90,83
42,1017,228.528169092278,71,29
8,6736,402.53831038851,51,43
66,1523,776.518846314361,85,19
82,9345,6863.86317002973,96,14
28,6388,826.390937995586,65,37
92,9767,8290.20871690102,96,4
84,2378,1805.57852487985,87,3
68,1025,552.223251748908,94,26
75,9770,6251.73178698328,76,1
91,9961,8346.21556858481,91,0
9,6004,371.834552490007,84,75
78,4188,2855.02336208224,91,13
21,2789,273.22910120326,67,46
26,4993,596.405880379597,72,46
15,1686,130.752556456396,64,49
2,2952,146.36279507152,54,52
5,6930,374.367683191214,64,59
86,1572,1230.73069436365,90,4
11,2673,178.156849399657,65,54
65,5782,2865.17969548626,73,8
2,7560,374.831548353893,69,67
11,3903,260.136993343382,75,64
95,3064,2716.09618066191,96,1
54,7659,2673.70797653017,71,17
73,6744,4122.54108990448,75,2
94,5007,4368.29322329055,96,2
98,6085,5705.54922513628,98,0
53,3430,1156.48983213298,91,38
78,6655,4536.81482202896,85,7
51,8346,2621.78468934604,83,32
67,2186,1146.06462099069,80,13
11,5474,364.844965811344,82,71
22,6366,648.77877258707,80,58
76,5041,3296.81638054169,85,9
77,5844,3903.4973233557,84,7
48,3797,1069.68839766242,71,23
57,1714,662.363179709147,75,18
9,8168,505.853535099663,77,68
82,9002,6611.93111360167,94,12
1,6068,293.890103996862,52,51
15,8038,623.362425146209,85,70
52,1464,476.551498126826,68,16
45,1074,270.553723152075,78,33
83,6111,4565.12815677966,86,3
94,2928,2554.49621685535,97,3
91,4760,3988.35318807988,91,0
37,4868,900.401212482935,74,37
71,3875,2256.60352067347,77,6
63,8233,3846.69123184077,75,12
92,3224,2736.5243066744,92,0
27,3693,459.071927186675,91,64
92,2499,2121.14585681741,96,4
5,8711,470.579637558249,88,83
81,4330,3124.87668854895,85,4
95,6725,5961.4056184567,95,0
47,7572,2055.73678081287,59,12
30,5674,794.971206265758,62,32
64,7465,3593.02205387851,68,4
98,5836,5472.0764630888,98,0
38,2038,392.050132106735,83,45
69,5346,2957.82269567924,77,8
9,6062,375.426558493408,73,64
51,4007,1258.74565662708,74,23
35,6513,1113.22184731129,87,52
27,6970,866.431446653432,53,26
86,8745,6846.52666807259,94,8
64,2846,1369.82461692408,86,22
5,8325,449.727411625809,66,61
29,4905,660.36779123181,91,62
78,5392,3675.80849291963,80,2
94,4714,4112.6691141585,94,0
67,2636,1381.98826209125,82,15
37,3579,661.983553713316,62,25
66,5679,2895.502644924,85,19
92,6305,5351.67051910115,99,7
89,6725,5489.96785978322,89,0
29,1915,257.819433273989,79,50
96,5836,5273.41687996115,99,3
52,5690,1852.17078165413,84,32
5,3089,166.871828770225,60,55
69,3638,2012.8243484626,74,5
8,9349,558.689231565051,70,62
91,1800,1508.20078540836,96,5
47,5553,1507.59460431245,79,32
0,5112,330.399669195221,10,10
48,4164,1173.07940159766,89,41
66,5533,2821.06288684003,80,14
34,7744,1272.21587828139,77,43
37,3067,567.282357987913,78,41
91,6661,5581.18079533615,91,0
69,3621,2003.4186272081,82,13
44,5616,1362.21482020019,63,19
22,3000,305.739289626329,76,54
70,9003,5112.0488755554,86,16
28,3183,411.77244139636,64,36
99,7885,7509.52380952381,99,0
39,6544,1309.09227651069,53,14
53,4316,1455.2216080134,54,1
98,6430,6029.03558219002,99,1
4,8997,471.315218847578,76,72
23,4700,498.319097568677,84,61
50,3635,1101.56769143858,93,43
33,5480,865.213614025244,33,0
62,4891,2217.0446610805,75,13
62,8758,3969.91967731405,84,22
68,7254,3908.12435920642,93,25
41,9569,2068.89525501251,87,46
87,2215,1759.36373655507,92,5
68,2961,1595.25175456441,78,10
44,8321,2018.33858954518,58,14
25,8719,1000.7971100585,76,51
25,4501,516.64041660435,73,48
88,3006,2421.12085276317,88,0
33,6448,1018.04696774357,84,51
23,2377,252.02223296186,37,14
65,2330,1154.59506926375,75,10
33,3445,543.916222685578,90,57
74,4192,2622.70451763515,89,15
35,1245,212.799201581845,87,52
90,6168,5101.76391396327,90,0
96,7721,6976.70523135367,96,0
2,8016,397.440435397461,71,69
59,3613,1490.5546852762,71,12
75,7598,4861.88926484125,82,7
16,5260,423.918512364919,74,58
6,7613,424.78273863148,87,81
1,1786,86.5009435956486,60,59
92,7288,6186.03881732104,92,0
69,5488,3036.38813204034,84,15
66,4687,2389.72017903835,86,20
98,7390,6929.17153225261,99,1
27,4584,569.830954298326,68,41
40,4302,894.763041445824,84,44
30,6738,944.045820905653,77,47
44,7020,1702.76852525023,80,36
79,3562,2476.55684782757,89,10
58,9887,3948.73464614095,86,28
43,3920,915.28345954206,88,45
82,5931,4356.29453841052,87,5
12,6366,440.475273988369,72,60
47,8739,2372.56784568459,90,43
77,9182,6133.1130087358,79,2
11,1017,67.7835824315193,65,54
20,7299,687.466711697896,89,69
77,4858,3244.89904121526,86,9
51,1469,461.4667755391,88,37
45,7635,1923.34979168165,90,45
23,8465,897.504502323159,68,45
30,9147,1281.56531965331,43,13
77,1246,832.265171954346,90,13
11,8917,594.322718330243,77,66
6,3570,199.195373297568,75,69
66,3142,1601.98438287572,80,14
73,4761,2910.35262886051,87,14
54,7541,2632.51493027994,79,25
6,6412,357.770513608965,79,73
85,7957,6136.76525618504,86,1
84,9144,6942.89740601402,84,0
83,2196,1640.4878796086,87,4
38,4417,849.698446278435,87,49
76,8606,5628.32806406304,84,8
82,6355,4667.72075393675,90,8
0,2053,132.689851498002,57,57
44,4880,1183.69094062979,65,21
69,1014,561.023608944771,80,11
53,5235,1765.07996245369,53,0
64,4843,2331.01216435816,80,16
81,4201,3031.77990036816,89,8
16,3695,297.790666005395,80,64
27,5799,720.86599126876,61,34
8,6139,366.862037926821,77,69
74,3489,2182.87596899548,91,17
40,9455,1966.52360689685,78,38
18,4439,386.599928966198,65,47
8,6812,407.080013415459,76,68
24,3463,382.011858031907,73,49
39,2362,472.505494669658,51,12
52,4232,1377.57236343766,61,9
78,2408,1641.57026167479,81,3
55,3313,1196.93808069617,59,4
74,3921,2453.15467882811,93,19
70,3142,1784.07837020938,74,4
82,4558,3347.83181690695,95,13
53,4531,1527.71295317625,72,19
12,3951,273.376972593159,88,76
72,6720,4010.82166666131,92,20
17,1095,91.7286294936579,87,70
41,6642,1436.05416279581,89,48
4,3691,193.356060105192,46,42
50,2791,845.797916590114,70,20
41,2285,494.035495632102,75,34
33,1804,284.825795565974,50,17
52,7897,2570.57867534669,62,10
58,1986,793.181653407092,82,24
45,3804,958.274080885004,69,24
49,7201,2104.40757150924,63,14
51,9089,2855.18823885288,78,27
63,1996,932.587841461701,76,13
58,4133,1650.6645385355,80,22
9,4961,307.240375566776,30,21
66,9980,5088.41634026088,79,13
32,8244,1250.8685564506,91,59
55,4323,1561.83619766059,84,29
53,4584,1545.58291268151,82,29
27,5446,676.985029910272,62,35
88,1318,1061.55598268192,98,10
13,6321,454.184067788645,47,34
15,5791,449.103235135817,70,55
79,1455,1011.61993643714,83,4
4,3873,202.890279270498,50,46
61,3447,1515.02805343487,74,13
38,5893,1133.63661850098,77,39
94,4529,3951.26822613998,94,0
82,6792,4988.69541475034,85,3
49,3297,963.509479692538,55,6
93,4531,3897.35865931536,95,2
84,8794,6677.14783338662,86,2
37,4092,756.869712711621,68,31
69,3924,2171.06177662651,87,18
62,9129,4138.09051543731,87,25
21,5223,511.680027100978,85,64
57,9438,3647.24836061548,72,15
95,5363,4754.0547705254,98,3
99,2895,2757.14285714286,99,0
73,9906,6055.44069344511,78,5
42,4939,1109.83345835473,76,34
94,2809,2450.67618618397,95,1
6,1432,79.9013374123577,41,35
79,9832,6835.90873886598,90,11
26,7472,892.518473502172,80,54
40,4035,839.230328273803,80,40
58,5751,2296.87194800815,81,23
70,6352,3606.76823920114,70,0
26,6919,826.463506177935,86,60
5,1555,84.0031381475234,74,69
27,5354,665.548632049136,46,19
42,5226,1174.32469191371,80,38
16,2667,214.941192486167,76,60
20,2404,226.424164258356,68,48
94,1384,1207.45312982507,95,1
4,9817,514.271590911045,78,74
97,5561,5122.8034606373,97,0
62,5870,2660.81622583164,64,2
33,8907,1406.287894183,82,49
60,2490,1060.58105092555,87,27
96,8610,7780.0067403128,96,0
14,3101,231.461202953408,49,35
39,3865,773.172623580959,79,40
2,7495,371.608790332331,82,80
84,5623,4269.45670538242,86,2
11,8595,572.861249753105,77,66
70,6405,3636.86249560505,80,10
5,7760,419.20537107703,51,46
12,8759,606.051354832568,84,72
50,5446,1650.38174623782,66,16
28,1133,146.571842947558,74,46
10,3915,251.469358502231,73,63
46,1724,450.91921506869,92,46
46,9730,2544.92109200601,80,34
14,7278,543.235935212804,79,65
10,7102,456.177620455388,85,75
91,8571,7181.54940651947,91,0
88,4128,3324.81266806599,92,4
98,7202,6752.89490869868,99,1
46,1153,301.571841632367,71,25
73,2035,1243.97555129828,86,13
63,8752,4089.18275975591,75,12
95,7388,6549.12486381533,95,0
39,5503,1100.84578203519,78,39
36,1987,353.321692744674,65,29
35,8046,1375.2468882952,77,42
31,6607,963.341565311383,69,38
54,9844,3436.47751938413,91,37
9,1968,121.88047956368,77,68
24,6377,703.4622057954,60,36
40,4195,872.508358639059,45,5
0,4436,286.708320138889,63,63
64,6628,3190.16077335657,77,13
33,4176,659.330666454273,71,38
3,2159,109.897470795832,75,72
42,1581,355.263554901565,75,33
26,2406,287.392859642161,57,31
38,3250,625.20261498866,84,46
29,6508,876.182178458026,78,49
67,4753,2491.87792477985,78,11
83,3882,2899.98813690372,87,4
20,1484,139.772653810067,64,44
67,9345,4899.34761352151,72,5
26,7308,872.9289352722,85,59
0,2001,129.328978493669,78,78
75,2014,1288.73979723483,79,4
28,3831,495.601703735299,71,43
86,3252,2546.01540589732,92,6
92,2110,1790.96348854931,93,1
77,2278,1521.58913460032,93,16
88,4970,4002.98424425581,88,0
95,5197,4606.90334559398,95,0
35,8124,1388.57888646659,70,35
8,1542,92.148764046776,53,45
95,8782,7784.84225149246,95,0
99,5186,4939.04761904762,99,0
76,5746,3757.88671346807,81,5
56,2823,1055.0629240156,72,16
47,5711,1550.49032689148,66,19
26,6751,806.396174332597,68,42
43,3106,725.22204728001,69,26
0,3089,199.648782892026,73,73
32,9654,1464.80895729913,85,53
51,6195,1946.0767014736,77,26
60,4196,1787.22814846731,68,8
46,4818,1260.16750475693,92,46
22,6995,712.882110312057,80,58
92,7564,6420.30702719763,94,2
46,3143,822.064439072444,82,36
66,2621,1336.34661601441,72,6
78,5447,3713.30283029177,80,2
13,8735,627.637688994434,75,62
38,4395,845.46630550005,88,50
42,9970,2240.34006474928,88,46
79,6007,4176.49550390235,83,4
92,7494,6360.89117686661,97,5
31,5924,863.755930513793,79,48
46,4338,1134.62155160556,58,12
14,1035,77.2532554197928,56,42
34,7586,1246.25899440116,88,54
27,7232,899.000318823188,84,57
40,9514,1978.79488059404,74,34
43,6780,1583.06679992224,66,23
11,2547,169.75888343469,66,55
37,2820,521.596429581322,51,14
92,8088,6865.07710681841,98,6
9,4513,279.495225747402,65,56
99,7942,7563.80952380952,99,0
24,1230,135.684257978413,91,67
45,2406,606.100798793197,77,32
29,1424,191.715338371885,67,38
14,5737,428.214421587779,86,72
39,3237,647.544575040509,68,29
27,1622,201.628666638718,88,61
41,2346,507.224189388582,56,15
30,7894,1106.01034583396,68,38
57,1000,386.442928651778,82,25
99,7738,7369.52380952381,99,0
39,6878,1375.90719404653,77,38
9,4614,285.750270684359,59,50
70,8871,5037.09714262489,94,24
35,8664,1480.87733534547,69,34
79,6104,4243.93683299816,84,5
22,6599,672.524524081382,85,63
12,7725,534.506988934991,57,45
76,9805,6412.47463027401,90,14
3,5402,274.972736099622,74,71
57,1668,644.586804991166,78,21
96,6138,5546.30445668292,98,2
93,6754,5809.48143566893,94,1
40,6422,1335.69694378547,69,29
21,3849,377.073793664879,77,56
46,7925,2072.81599734302,56,10
88,5119,4122.99322864094,88,0
33,8674,1369.50052701733,34,1
34,7088,1164.4455249559,58,24
70,5019,2849.86929983478,94,24
86,5437,4256.66843845748,93,7
31,1399,203.982874204726,74,43
88,1220,982.623898992372,89,1
45,1524,383.914221679481,47,2
45,4078,1027.29802887725,61,16
17,5371,449.931021927339,81,64
84,2029,1540.58823674567,86,2
40,4359,906.618339763446,76,36
39,5689,1138.05408940545,79,40
36,3201,569.191111462355,55,19
66,2477,1262.92658064391,86,20
41,6213,1343.30089031171,62,21
39,7170,1434.32023572457,53,14
93,3288,2828.18699444469,94,1
35,4435,758.043742181111,71,36
90,2732,2259.73070897336,95,5
47,8756,2377.18320824056,68,21
78,6002,4091.65478013791,82,4
37,6762,1250.72165135777,88,51
47,7336,1991.66468885938,85,38
82,8838,6491.47380382266,87,5
73,2863,1750.12383457837,74,1
89,5288,4316.86989480054,93,4
42,7320,1644.86351795032,70,28
59,3599,1484.7789405782,60,1
23,5854,620.672339822773,79,56
53,5145,1734.73474819947,71,18
14,8970,669.528213638204,82,68
27,5379,668.656348859227,78,51
61,2915,1281.2030100849,81,20
14,5643,421.198183897479,82,68
95,9481,8404.47385406513,97,2
34,1400,229.997705267812,90,56
37,7764,1436.05485080475,56,19
84,7369,5595.16743054651,90,6
3,9216,469.113057366552,85,82
48,1775,500.051858269896,86,38
3,2895,147.361360793855,85,82
28,4659,602.716872279498,81,53
54,6171,2154.25668144245,75,21
81,4200,3031.05821983962,96,15
5,7640,412.722813792334,88,83
69,1585,876.945187551738,79,10
94,7993,6973.39079963278,98,4
89,9773,7978.20905481954,91,2
40,2755,573.006085351754,91,51
11,7003,466.753616290983,86,75
95,2411,2137.24147897385,95,0
11,6945,462.887885926157,74,63
92,1089,924.340871578295,95,3
0,2237,144.582171359489,86,86
46,9931,2597.49345988815,47,1
35,4555,778.554508598638,88,53
34,9445,1551.66309018178,87,53
20,1775,167.180903310558,44,24
83,2370,1770.47189192731,88,5
96,6673,6029.73112405428,97,1
80,6324,4481.18380756743,86,6
91,1813,1519.09334663631,91,0
99,3653,3479.04761904762,99,0
54,5350,1867.65082575224,85,31
24,3453,380.908733983302,73,49
72,5394,3219.40060565046,75,3
37,6329,1170.63255419156,89,52
66,7087,3613.38743521332,83,17
34,3553,583.70131915467,76,42
39,1919,383.885708836187,86,47
1,5397,261.391709174533,60,59
28,3638,470.634037637436,53,25
26,5564,664.610918972978,74,48
42,5593,1256.7925759421,88,46
20,2805,264.192920442882,81,61
63,5528,2582.83847074162,73,10
31,4331,631.486653452944,83,52
88,5926,4772.97477494163,88,0
20,3280,308.931472033032,79,59
73,7051,4310.20718044432,84,11
22,6130,624.727281803132,67,45
1,4447,215.380568964081,57,56
43,5391,1258.74824754879,86,43
25,9334,1071.38894658632,86,61
22,2707,275.878752339491,58,36
22,7411,755.277958473575,59,37
21,9497,930.389664441506,78,57
81,9794,7068.13909645459,88,7
46,4833,1264.09081579291,52,6
64,2910,1400.62882475371,89,25
23,5637,597.664841062687,78,55
24,5385,594.032300173785,86,62
69,8513,4710.05323762015,80,11
51,3688,1158.53605730987,75,24
54,2957,1032.26981154194,88,34
60,2660,1132.99019898071,90,30
70,6127,3479.00960352415,84,14
4,8793,460.628511651301,46,42
95,2348,2081.39485384927,97,2
54,4278,1493.42247337721,55,1
64,3508,1688.45564166186,87,23
21,2377,232.866824510631,62,41
69,7061,3906.69398694184,85,16
60,5342,2275.35099359209,83,23
79,6594,4584.6198356471,94,15
65,7756,3843.36453099125,84,19
9,3201,198.241572704949,87,78
79,6610,4595.74417859074,86,7
68,5907,3182.42219324956,89,21
76,3222,2107.1895215444,77,1
33,5587,882.107383496175,66,33
37,5243,969.762439820877,86,49
14,3883,289.830329270585,86,72
0,4631,299.311593905139,71,71
33,2556,403.55583895046,78,45
58,2911,1162.61419590536,86,28
22,2092,213.202197966093,88,66
32,7496,1137.37393245435,60,28
42,3651,820.409385797353,54,12
44,9513,2307.46965537115,80,36
32,7016,1064.5431576974,89,57
77,5124,3422.57362848641,85,8
47,6031,1637.36773970978,83,36
79,2133,1483.01396867383,87,8
30,1339,187.604237784605,79,49
26,5486,655.293943473356,70,44
6,9437,526.556509190237,82,76
73,4992,3051.56066441328,81,8
5,3465,187.183841595607,85,80
52,1624,528.633629069649,89,37
35,3561,608.656993440121,52,17
45,6994,1761.87405933484,81,36
70,5240,2975.35667087752,93,23
50,3791,1148.84267351957,74,24
44,8283,2009.12132402389,78,34
83,1145,855.354563821422,85,2
80,7887,5588.72496683813,91,11
57,8806,3403.01642970756,89,32
33,6814,1075.83313247591,86,53
68,8900,4794.91408835637,69,1
3,2567,130.665496772997,73,70
32,1589,241.10021060165,77,45
89,2253,1839.24127703964,93,4
98,8313,7794.6147425732,99,1
95,5738,5086.47515817168,96,1
99,9387,8940,99,0
38,1786,343.572883190692,81,43
57,3107,1200.67817932107,60,3
72,1996,1191.30953075238,75,3
44,8585,2082.3743289563,89,45
78,2321,1582.26103710431,91,13
88,2085,1679.32035196647,90,2
4,6268,328.354317187576,77,73
40,5873,1221.51170209468,59,19
86,9225,7222.32229993935,92,6
12,2102,145.4412544649,75,63
9,8211,508.516574033219,81,72
13,5919,425.299081987184,71,58
81,2158,1557.38658057474,81,0
8,4828,288.517660711955,85,77
31,2008,292.778850180908,89,58
11,6429,428.496215783911,67,56
42,2797,628.508642036482,83,41
21,6520,638.742825329959,66,45
73,7439,4547.38777695722,76,3
83,1152,860.583805696313,94,11
16,2311,186.250129672116,85,69
96,7413,6698.39604714736,99,3
69,2888,1597.86605782298,77,8
19,5732,519.113302556296,85,66
30,4781,669.855011835846,76,46
63,2744,1282.0746678211,76,13
26,6675,797.318095640659,78,52
40,1267,263.520402954872,76,36
42,5097,1145.3373430318,79,37
54,1459,509.327580331312,87,33
19,4085,369.954263946697,79,60
52,7087,2306.91288744865,54,2
4,4784,250.613760916618,89,85
12,1540,106.555438570859,65,53
26,7824,934.564311654309,65,39
6,4260,237.695319397098,88,82
91,5993,5021.47072608461,94,3
94,7253,6327.78724755868,95,1
98,7747,7263.90958868213,99,1
17,7396,619.566158662186,66,49
19,3529,319.600635855054,84,65
32,1077,163.414050860904,64,32
49,4927,1439.85781208527,54,5
7,3450,199.101475670963,80,73
9,7415,459.219388193438,74,65
26,2012,240.33018852869,83,57
89,3350,2734.77952866525,89,0
10,7142,458.746911474568,63,53
34,5624,923.933638875841,70,36
44,3918,950.348587169574,77,33
13,7433,534.084824532985,62,49
64,6092,2932.17553278338,91,27
48,2411,679.225369176744,73,25
70,7585,4306.88556271106,95,25
86,5464,4277.80694274998,87,1
64,2031,977.552282843571,68,4
51,6008,1887.33314325317,88,37
26,5123,611.934172878965,65,39
63,2437,1138.63555593295,94,31
60,1571,669.145715262667,67,7
24,1274,140.538003792275,50,26
35,3849,657.882832842186,86,51
4,6305,330.292592512391,60,56
16,1881,151.595194250649,54,38
80,4261,3019.34285326452,80,0
38,9540,1835.21013753594,76,38
14,7384,551.147862821015,89,75
44,5505,1335.29070249324,73,29
36,5434,966.255701245373,60,24
26,3361,401.4660853106,72,46
76,6919,4525.0292674009,85,9
22,2741,279.343797621923,65,43
99,1363,1298.09523809524,99,0
85,9166,7069.19571926506,85,0
0,6463,417.717735134725,88,88
7,1596,92.1060739625673,66,59
81,9487,6846.58317419488,88,7
81,5177,3736.1400962166,83,2
7,7188,414.823596267502,70,63
34,8560,1406.27168363748,84,50
39,8367,1673.7736976719,65,26
37,5561,1028.58076060345,76,39
34,2495,409.88876760228,82,48
16,9499,765.551701322123,73,57
29,9024,1214.91517799712,88,59
81,1658,1196.54631630812,84,3
45,8977,2261.41598951227,91,46
49,6492,1897.21065883044,79,30
96,6958,6287.25747956986,96,0
86,4525,3542.65673791063,90,4
57,8549,3303.70059704405,80,23
40,5978,1243.35040952188,71,31
41,2351,508.305229860425,69,28
87,1781,1414.63964550997,88,1
53,3481,1173.68545354371,92,39
54,9421,3288.8109213854,93,39
40,4001,832.158746821186,76,36
43,2305,538.196013837869,81,38
59,8441,3482.36149970008,76,17
68,8364,4506.14173427109,73,5
23,3162,335.25212478982,81,58
15,1386,107.486977015756,59,44
11,8562,570.661782476566,61,50
82,5193,3814.23664440496,83,1
62,9650,4374.25495387995,81,19
92,2655,2253.5583232694,95,3
70,7202,4089.41197398089,83,13
67,2749,1441.23130974539,73,6
90,3308,2736.160023896,90,0
58,1099,438.925799141185,81,23
74,7353,4600.36887360956,86,12
8,1736,103.742058615566,90,82
13,1633,117.336273168622,72,59
8,3013,180.054621318376,78,70
40,2089,434.486283956375,90,50
96,5983,5406.24626333234,96,0
9,4392,272.001558050652,24,15
46,9834,2572.12271518881,48,2
34,9605,1577.94854221238,85,51
15,5744,445.458294356783,71,56
89,4919,4015.63597059831,89,0
45,7841,1975.24370878531,78,33
58,5714,2282.09464630822,91,33
6,6758,377.076283682062,80,74
94,6835,5963.10848436007,97,3
70,2020,1146.98864030011,80,10
19,4258,385.62184966586,31,12
54,4343,1516.11355817607,84,30
42,1012,227.404628437941,80,38
75,1351,864.49228702297,84,9
95,3304,2928.84522875553,96,1
13,4445,319.387467381827,79,66
6,2546,142.059221404932,82,76
61,2421,1064.07975554564,65,4
82,5914,4343.80810995782,88,6
38,1324,254.697926844611,88,50
70,4276,2427.98189402142,88,18
65,3624,1795.81653691494,68,3
5,5267,284.530243487464,78,73
60,7020,2990.071878513,69,9
74,3827,2394.34403363305,90,16
44,8669,2102.74933695075,86,42
49,9135,2669.59632908442,64,15
61,8414,3698.12765929823,74,13
74,6434,4025.40097005357,81,7
13,3288,236.253316704488,73,60
93,2514,2162.42764721227,95,2
80,8201,5811.22523811836,87,7
85,8229,6346.5428293511,89,4
38,7614,1464.7054493919,75,37
45,3158,795.538787443439,63,18
79,2931,2037.84057298781,80,1
38,4540,873.359960630313,87,49
74,2712,1696.74967839373,88,14
17,6401,536.214572957903,66,49
45,4392,1106.39846562748,92,47
3,4709,239.697633153114,4,1
34,5776,948.904818304918,70,36
66,5275,2689.51865680122,71,5
96,6835,6176.11452613682,96,0
51,3736,1173.6146177087,70,19
66,1759,896.846126504899,81,15
75,1413,904.165508189087,80,5
94,4488,3915.49829960614,98,4
42,8565,1924.6251408804,84,42
58,3817,1524.45839428745,66,8
51,8501,2670.47587396725,77,26
25,8990,1031.90343152035,45,20
82,3359,2467.17136309576,83,1
80,1819,1288.94265432719,82,2
2,1181,58.5550342071359,69,67
3,7474,380.44173076797,16,13
17,1660,139.058926903627,69,52
40,6063,1261.02936315342,73,33
93,9493,8165.44377684412,97,4
76,6696,4379.18716209228,88,12
21,2116,207.297518159232,85,64
45,2809,707.621423029962,71,26
74,9775,6115.68145512491,87,13
75,4242,2714.41619655917,96,21
2,7199,356.932846111068,74,72
98,2053,1924.97823487342,99,1
27,2537,315.371101888057,67,40
71,6319,3679.86519926081,83,12
39,5739,1148.0563225695,73,34
34,6397,1050.92522899871,74,40
2,8841,438.344671824969,38,36
30,7275,1019.28366682823,79,49
14,4671,348.647300546717,59,45
4,2254,118.077637354945,58,54
37,5240,969.207550002173,91,54
58,8606,3437.1204980974,76,18
2,7178,355.89164736564,64,62
82,5317,3905.31412253056,87,5
3,6271,319.206595350005,89,86
22,5233,533.31123420486,67,45
91,6346,5317.24565788969,97,6
86,9096,7121.32722387516,89,3
3,4880,248.401879334719,85,82
84,9210,6993.01018256661,92,8
14,9325,696.025707043061,82,68
50,6716,2035.24858753823,63,13
4,8886,465.500392873133,72,68
25,9831,1128.43633317871,82,57
95,5589,4954.39345748023,97,2
93,4341,3733.92936219112,96,3
65,9593,4753.661158561,85,20
60,4426,1885.19346642429,86,26
57,4399,1699.96244313917,68,11
74,7314,4575.96871230523,77,3
42,5464,1227.80522706018,92,50
98,2028,1901.53719450721,98,0
33,3602,568.704276956009,88,55
85,8613,6642.69940323259,85,0
59,2908,1199.70468441273,82,23
78,3152,2148.76638903611,89,11
64,1217,585.761264510402,81,17
55,5119,1849.41926806028,66,11
68,4856,2616.19132730995,84,16
77,4395,2935.63838743126,83,6
1,5878,284.687875954772,87,86
22,6364,648.574946393986,68,46
73,7070,4321.82169419109,83,10
81,7344,5300.02180154814,81,0
3,9946,506.271535217852,75,72
90,4419,3655.10615042213,92,2
30,4561,639.031313320078,71,41
23,4548,482.203245902626,53,30
33,2417,381.609727207849,79,46
50,7127,2159.79998263624,83,33
50,5824,1764.93266435716,78,28
12,7687,531.877698892334,77,65
58,4441,1773.67559052412,82,24
54,7578,2645.43139393467,76,22
72,3143,1875.89471701138,81,9
96,4350,3930.66542629044,97,1
12,8379,579.758454405992,43,31
75,4968,3178.97681860112,82,7
90,7629,6310.2070200431,92,2
20,7136,672.114324520645,69,49
0,7724,499.218905489806,67,67
35,6271,1071.85846836928,64,29
42,6530,1467.34409456497,79,37
82,2315,1700.35775694155,96,14
37,2431,449.645716422764,80,43
80,3629,2571.5079123438,80,0
54,6173,2154.95486866703,70,16
11,5362,357.380107175817,47,36
89,5281,4311.15543011378,94,5
3,3417,173.932217558757,74,71
79,5448,3787.83877230898,85,6
82,4577,3361.78723694233,94,12
58,1885,752.843613631605,68,10
22,2890,294.528849006697,85,63
85,1712,1320.36472522166,87,2
33,6716,1060.36033426889,80,47
5,9901,534.864997298154,68,63
94,2901,2530.94041157697,95,1
57,3557,1374.57749721437,69,12
63,2839,1326.46136368225,72,9
8,3472,207.484117231132,73,65
73,6717,4106.03625458013,76,3
3,7603,387.008091922515,80,77
44,1344,326.000127911156,80,36
43,8756,2044.44438054854,78,35
12,3693,255.525477040378,81,69
13,2367,170.076520875767,69,56
0,6892,445.444937420474,76,76
56,6904,2580.28849713203,89,33
43,8812,2057.519858542,79,36
96,2772,2504.7826578568,98,2
85,5101,3934.10073794142,86,1
1,6900,334.186176265384,87,86
69,4938,2732.08538557128,70,1
98,4100,3844.33062005896,98,0
97,6984,6433.67368622386,97,0
65,5607,2778.46118170036,75,10
14,2083,155.476841583989,83,69
91,6207,5200.77904168316,91,0
51,7093,2228.17143560166,81,30
66,4485,2286.72818497696,84,18
82,1093,802.80389992964,86,4
56,3677,1374.2353424036,78,22
85,3712,2862.84688085445,94,9
75,3705,2370.79491000748,79,4
84,3022,2294.55773851426,88,4
78,2322,1582.94275232926,89,11
9,2312,143.184791032128,83,74
66,5979,3048.46105194587,95,29
39,7445,1489.33251812684,82,43
99,6650,6333.33333333333,99,0
98,7320,6863.53661922721,98,0
70,5147,2922.54976813103,87,17
83,8896,6645.61938843264,86,3
36,3973,706.46556883472,67,31
58,5165,2062.83144000384,89,31
15,7175,556.435108288635,85,70
44,6175,1497.80564721085,75,31
90,6287,5200.19288701153,91,1
58,2633,1051.58473988966,63,5
81,3811,2750.32449424019,97,16
5,7540,407.320682721753,62,57
92,4400,3734.71059223553,96,4
8,1950,116.530538191448,85,77
23,1119,118.642355357308,76,53
51,8881,2789.84781045796,81,30
42,8016,1801.26037703412,89,47
65,9029,4474.17977698814,79,14
41,4727,1022.01566208006,72,31
79,4205,2923.61637987505,81,2
42,2279,512.109830247101,85,43
22,5499,560.420117885061,75,53
16,1787,144.01946418177,78,62
91,5862,4911.70722447989,97,6
92,8594,7294.5688249255,92,0
83,2399,1792.13589398043,84,1
71,2626,1529.24925039704,93,22
76,4744,3102.5782402876,92,16
30,6157,862.643235279921,83,53
69,2334,1291.35020047051,87,18
29,2082,280.302903434175,56,27
28,8630,1116.42983639667,57,29
6,4057,226.368523660569,76,70
90,1692,1399.51111258526,98,8
38,5170,994.553082920423,84,46
77,2581,1723.97785619115,80,3
63,1573,734.950237785198,94,31
45,7400,1864.15042022845,71,26
62,4765,2159.93003681222,78,16
93,2639,2269.94692163611,97,4
50,6568,1990.39796351267,90,40
90,6837,5655.11671202446,92,2
64,8415,4050.27201384966,90,26
60,7762,3306.11651296551,86,26
75,1630,1043.0217822705,76,1
63,1406,656.923098745066,82,19
44,8460,2052.05437658361,78,34
55,4089,1477.29544580943,80,25
96,7322,6616.16833363186,96,0
92,7914,6717.38627885273,94,2
36,5189,922.690620861657,56,20
63,4661,2177.75146746142,85,22
61,7596,3338.59967910974,86,25
88,9294,7485.6610797009,88,0
27,6352,789.608687107978,71,44
86,6421,5027.04948378434,93,7
98,1911,1791.83312559333,98,0
85,5094,3928.70205039671,96,11
71,4747,2764.41210648696,73,2
96,7230,6533.03701886894,96,0
0,2132,137.795793177663,64,64
77,3294,2200.22590402698,80,3
47,8798,2388.58586867296,88,41
68,1719,926.118799762315,80,12
57,2478,957.605577199106,76,19
34,9414,1546.57028385085,89,55
21,5759,564.190173477797,84,63
56,2244,838.668509206875,62,6
83,9209,6879.44120369561,90,7
11,7592,506.010774651027,74,63
19,1268,114.835252554324,85,66
19,9228,835.7253237944,46,27
47,3910,1061.53338787353,86,39
15,7197,558.141250780949,82,67
58,1499,598.680412113409,78,20
43,2626,613.146521621798,75,32
91,5107,4279.10078393361,93,2
95,5634,4994.28390399778,99,4
3,8630,439.284471036604,68,65
46,5936,1552.58495397201,90,44
41,3488,754.133833157449,47,6
15,1788,138.662853466213,28,13
8,4206,251.347406991401,79,71
20,7175,675.787595072257,80,60
81,3117,2249.47820743812,81,0
9,6860,424.847606609169,66,57
7,4033,232.746739530723,80,73
37,6471,1196.89733894352,84,47
33,8035,1268.61156727971,59,26
41,8107,1752.79902104571,73,32
62,4465,2023.94283617347,92,30
23,4846,513.798797195278,84,61
94,2971,2592.01101785425,95,1
70,6505,3693.6441114615,75,5
10,5152,330.924683270369,35,25
8,3690,220.511633808433,15,7
82,8459,6213.09989890652,83,1
50,6094,1846.75474872811,72,22
65,5578,2764.09068513012,71,6
57,7090,2739.88036414111,73,16
97,5957,5487.59939129947,97,0
13,9751,700.640538681709,45,32
76,7447,4870.34151674151,78,2
46,9240,2416.75959816398,61,15
5,3384,182.808115428437,76,71
63,3939,1840.41257891665,76,13
18,1552,135.1662738805,42,24
21,7433,728.186414214353,74,53
46,5316,1390.42143115148,79,33
68,4778,2574.16848473784,75,7
22,3647,371.677063089074,86,64
56,6281,2347.44960175062,83,27
29,3835,516.312024337205,83,54
6,4775,266.430786413413,78,72
59,4898,2020.68553791387,86,27
59,5421,2236.45085770337,77,18
23,1251,132.637700225195,75,52
1,4820,233.44599559408,78,77
45,3679,926.78505351628,72,27
53,5824,1963.67253129518,78,25
16,1348,108.639192902645,85,69
78,3555,2423.49762469015,97,19
67,4395,2304.18756141541,91,24
86,7158,5604.0523602131,86,0
57,7810,3018.11927277039,93,36
93,6341,5454.23775297256,98,5
43,5102,1191.26944147541,62,19
9,5826,360.810809927845,66,57
51,5311,1668.37988079521,55,4
66,2599,1325.12966616614,84,18
20,8255,777.508933424597,77,57
32,5969,905.681030258808,67,35
49,4789,1399.52893486429,76,27
30,2578,361.197703516589,72,42
51,3229,1014.34732349609,92,41
1,4238,205.258118117782,78,77
8,4513,269.693496850259,76,68
33,5543,875.160412872614,55,22
29,4317,581.2044352187,82,53
78,7308,4981.97486392001,95,17
61,3574,1570.8471897233,74,13
38,9679,1861.94957245392,83,45
40,7169,1491.06374805326,44,4
12,5541,383.392003325409,46,34
71,9433,5493.30090593879,73,2
45,8303,2091.62715394011,81,36
56,7463,2789.20814804408,88,32
7,4666,269.277532023395,73,66
22,4001,407.754299264981,83,61
40,9957,2070.93342716784,59,19
79,7776,5406.43067060841,93,14
41,5269,1139.20044922781,74,33
64,6509,3132.88419942334,68,4
70,6573,3732.25561024388,83,13
39,4941,988.420681271286,50,11
61,1146,503.690788870426,83,22
79,8618,5991.84921801739,90,11
13,6340,455.549278560356,68,55
0,9774,631.714860468327,63,63
66,3620,1845.69811139723,84,18
86,3564,2790.28256661072,87,1
18,1162,101.200522067745,87,69
74,2973,1860.04306558428,82,8
44,5092,1235.11357985387,84,40
63,3214,1501.67200523943,65,2
97,5177,4769.0619521164,99,2
76,4662,3048.95020156425,85,9
73,9000,5501.61177478357,87,14
36,1265,224.93806810368,52,16
97,6091,5611.04043854375,99,2
17,3329,278.871787748299,47,30
48,9791,2758.31422215243,75,27
64,9505,4574.90617844813,84,20
53,1102,371.560290090538,91,38
49,7789,2276.2436570595,90,41
43,5108,1192.67038554613,76,33
77,1031,688.656013069768,78,1
24,5584,615.984468741024,73,49
36,8066,1434.26913622473,86,50
37,6297,1164.71372945872,89,52
24,9440,1041.34910188311,83,59
59,2218,915.042981439969,87,28
3,3454,175.815592463549,80,77
11,9094,606.119860995316,67,56
21,4095,401.173599651255,63,42
92,5664,4807.59108964138,92,0
40,8238,1713.40258843112,70,30
71,9146,5326.16665808504,76,5
96,1727,1560.51935429968,98,2
21,6264,613.663352433568,81,60
12,4934,341.392554486116,89,77
41,1832,396.093228883155,77,36
44,1725,418.415342743113,84,40
78,9034,6158.61534218026,82,4
13,6938,498.517491269992,62,49
46,6787,1775.16746674664,65,19
6,3102,173.082366377887,79,73
44,5869,1423.58240380251,61,17
1,5958,288.562498288284,78,77
53,2560,863.152761008872,53,0
96,5124,4630.05279179591,97,1
39,1446,289.264583104287,62,23
77,2144,1432.08389138854,97,20
13,7012,503.834627959813,53,40
31,6854,999.355696782839,75,44
49,4981,1455.63867708478,74,25
62,6449,2923.27152306443,76,14
8,7344,438.8719346041,83,75
81,7836,5655.0886215865,89,8
3,5673,288.767184726611,83,80
74,6425,4019.77016359873,83,9
41,4582,990.665488396626,78,37
51,2706,850.05384248387,85,34
44,6011,1458.02586969788,66,22
65,4248,2105.02998035725,80,15
96,7089,6405.62924298228,96,0
59,7667,3163.04532853934,67,8
64,4053,1950.7727239611,76,12
97,7737,7127.33867558906,98,1
88,2081,1676.09863426486,90,2
90,4010,3316.80825145796,93,3
3,6742,343.181448867762,80,77
71,5994,3490.60167817207,77,6
26,5489,655.65228868488,59,33
9,2458,152.226737178621,72,63
99,1772,1687.61904761905,99,0
22,1898,193.431057236924,87,65
80,8499,6022.38791595756,89,9
49,8489,2480.81042557172,84,35
80,9554,6769.96048347553,82,2
6,4002,223.299687377273,76,70
29,8660,1165.90929094138,87,58
35,2622,448.16024622297,76,41
57,4678,1807.78002023302,78,21
38,9936,1911.38867154687,74,36
3,8636,439.589883183327,75,72
24,9379,1034.62004518662,87,63
56,8388,3134.91597826527,76,20
75,4642,2970.37246214702,76,1
68,8599,4632.74901637938,93,25
81,3047,2198.96057044079,82,1
49,7718,2255.49474196755,83,34
29,6646,894.761333440695,73,44
17,2987,250.222297988636,78,61
73,7471,4566.94906326756,84,11
99,1144,1089.52380952381,99,0
69,2437,1348.33780571835,95,26
2,7967,395.01097165813,3,1
84,5375,4081.15415106358,90,6
34,5643,927.055036304475,83,49
3,3398,172.965079094135,69,66
50,5814,1761.90221678786,80,30
26,6484,774.503450506971,45,19
29,6028,811.559030692222,74,45
63,6199,2896.34871203461,88,25
68,1473,793.585219342577,88,20
95,9519,8438.15912001329,96,1
2,4101,203.331240714195,54,52
19,1688,152.872165860961,24,5
31,2872,418.75540723086,72,41
34,5506,904.548118003268,67,33
81,2994,2160.71150242853,84,3
16,7927,638.859704851086,76,60
11,5702,380.041285176522,62,51
52,4442,1445.93016030011,61,9
20,1752,165.014615549351,71,51
37,7419,1372.24252165384,88,51
54,7226,2522.55044240854,75,21
15,4349,337.273349957808,66,51
11,3682,245.407227642924,70,59
92,3146,2670.31807344841,92,0
42,2024,454.809256875881,77,35
85,3514,2710.14114744681,88,3
10,9074,582.843667700956,23,13
51,1683,528.69202398387,89,38
47,9486,2575.37230623229,62,15
34,4552,747.821110270773,56,22
72,5867,3501.70992831873,92,20
23,7601,805.898608642449,59,36
32,8588,1303.06394502641,76,44
71,8330,4850.96963282838,74,3
17,4842,405.616460281545,77,60
54,9841,3435.43023854725,82,28
14,4302,321.104835570965,73,59
75,7875,5039.13897876083,76,1
78,5486,3739.88972406474,81,3
7,2211,127.598076147391,51,44
12,4396,304.167342829543,60,48
15,5607,434.833679745558,78,63
12,4219,291.920386578217,88,76
53,7464,2516.62976881649,74,21
93,6390,5496.38530854671,93,0
6,7458,416.134200014919,45,39
75,3167,2026.53373279182,75,0
96,9956,8996.25401934428,97,1
0,8853,572.188628987733,58,58
45,8136,2049.5578133755,69,24
69,6954,3847.49327081059,83,14
56,4328,1617.53890724035,62,6
49,7137,2085.70432410241,75,26
52,3309,1077.12357056125,69,17
14,7473,557.790896378852,57,43
54,9784,3415.53190264672,65,11
20,5033,474.040274006783,91,71
93,7276,6258.48192566289,95,2
93,3484,2996.77721674127,93,0
4,9316,488.026295296659,72,68
66,5284,2694.10740901188,81,15
9,3473,215.08684223814,84,75
3,1380,70.2447937462936,89,86
63,1158,541.050461128582,78,15
30,3653,511.813503082272,78,48
88,8447,6803.46235638407,99,11
58,2217,885.439942398551,89,31
63,3769,1760.98375474406,84,21
54,1968,687.016228986993,81,27
41,9890,2138.29805330481,66,25
93,5182,4457.31904051472,94,1
20,1402,132.049367009241,81,61
89,4066,3319.28763091131,89,0
55,7292,2634.49214743027,62,7
30,7816,1095.08194363292,69,39
39,8938,1787.99920040533,69,30
4,4299,225.206638415665,75,71
94,3992,3482.76943226999,99,5
77,1106,738.752231285318,89,12
59,9718,4009.19192679604,63,4
52,7360,2395.77802336984,83,31
61,1298,570.497944113275,91,30
88,7025,5658.14171346017,90,2
20,9175,864.160443872886,77,57
27,3412,424.14119024125,50,23
6,3753,209.406228567443,37,31
94,5527,4821.96058420748,95,1
0,1901,122.865761177644,73,73
95,8603,7626.1669197893,97,2
14,6212,463.668814171742,88,74
8,1563,93.4037083042224,70,62
65,3103,1537.6431330152,91,26
58,1706,681.353424326535,89,31
55,2059,743.886359237372,72,17
36,5706,1014.62183130403,87,51
78,4091,2788.89698526228,79,1
91,9844,8248.18251753327,93,2
40,7789,1620.01611571862,70,30
12,7906,547.030712559228,73,61
30,6294,881.837992992013,92,62
20,8801,828.934721147168,74,54
29,9600,1292.46295531608,71,42
0,7439,480.798736139133,85,85
73,7490,4578.56357701432,90,17
5,9013,486.894073391401,73,68
91,6223,5214.18527088679,93,2
44,8361,2028.04097430444,81,37
49,6569,1919.71300336678,82,33
60,7490,3190.26187607726,81,21
89,4671,3813.18065026727,97,8
48,6989,1968.93658447792,88,40
68,7419,3997.01883387819,70,2
57,1705,658.885193351281,63,6
54,4507,1573.36491059165,73,19
8,4753,284.035716935361,83,75
87,5103,4053.28810277225,97,10
0,2888,186.657716086815,73,73
37,4073,753.355410526498,71,34
98,8388,7864.93786367184,98,0
67,6534,3425.61126878005,80,13
45,3449,868.845243157828,75,30
92,6340,5381.37844426666,93,1
2,5814,288.263309805494,34,32
9,9449,585.187322864437,59,50
95,2344,2077.84903638104,97,2
9,9577,593.114508527115,86,77
36,5390,958.431768441767,79,43
12,4832,334.334986476877,85,73
25,3149,361.453159717196,57,32
98,9443,8854.14976712603,98,0
16,4404,354.931013014278,80,64
62,7595,3442.74262950448,85,23
21,7954,779.227060226149,69,48
90,6719,5557.51487320351,96,6
27,2610,324.445634973524,76,49
35,4585,783.68220020302,90,55
39,7607,1521.73975357836,71,32
35,7311,1249.61844398785,49,14
57,2622,1013.25335892496,90,33
66,2648,1350.11287264637,91,25
45,6487,1634.15456432729,79,34
71,2992,1742.38909260775,72,1
91,4255,3565.21907884032,93,2
20,6717,632.650212696913,91,71
6,3153,175.928014567852,75,69
19,3359,304.204742373796,80,61
73,1575,962.782060587124,82,9
55,7326,2646.77584641719,73,18
36,6799,1208.97543481179,67,31
94,2067,1803.32775964481,99,5
71,8161,4752.55260186224,79,8
86,5928,4641.07605355452,93,7
81,3302,2382.98910521677,81,0
5,1755,94.807400288684,70,65
4,3327,174.28762177458,85,81
62,3295,1493.59275368232,81,19
10,5185,333.044348361192,67,57
94,4461,3891.94249432776,97,3
35,5950,1016.99216820239,51,16
45,1028,258.965761080385,57,12
11,3107,207.083176612321,65,54
7,2754,158.934917100821,88,81
90,3797,3140.62866104386,90,0
84,5445,4134.30406558906,87,3
22,3271,333.357738789241,86,64
32,9365,1420.95876166422,80,48
36,6493,1154.56353849581,55,19
67,3309,1734.82517422607,93,26
7,2233,128.867708745873,75,68
36,3544,630.182223999559,72,36
90,6547,5415.24778610855,90,0
88,9592,7725.67904847117,90,2
99,9273,8831.42857142857,99,0
66,8906,4540.82524312259,71,5
29,2965,399.182569011685,76,47
36,9372,1666.49768716813,52,16
85,1463,1128.32569684538,91,6
48,2178,613.584759048921,73,25
62,7312,3314.46137023525,76,14
51,3369,1058.32645799267,84,33
13,3960,284.538666103945,70,57
99,4441,4229.52380952381,99,0
12,6305,436.254571551472,61,49
61,7172,3152.24287764284,70,9
83,6030,4504.61835794164,86,3
69,1296,717.04792622527,81,12
22,4001,407.754299264981,87,65
81,9740,7029.16834791379,86,5
76,6929,4531.56927212326,85,9
43,5528,1290.73647049707,75,32
65,6981,3459.32539851082,78,13
68,7884,4247.53962613502,88,20
43,5539,1293.30486796007,69,26
66,7035,3586.87464466286,69,3
95,6982,6189.22439079029,98,3
84,1928,1463.90050293034,89,5
55,9817,3546.73743984132,81,26
66,4378,2232.17301980583,90,24
1,1088,52.6948637357591,73,72
53,5215,1758.33658150831,65,12
35,6028,1030.32416637378,84,49
26,5722,683.483766779902,89,63
84,2339,1775.96642964422,94,10
7,2148,123.962310069921,63,56
59,8862,3656.04639383274,60,1
92,4545,3857.78628220693,95,3
84,8122,6166.90865394202,85,1
19,6271,567.927341299814,80,61
5,8022,433.35895448195,78,73
6,1149,64.1107798092172,77,71
49,6671,1949.52130392142,67,18
94,7811,6814.60722331185,97,3
12,1571,108.700385710922,36,24
69,7651,4233.12784224501,86,17
19,7051,638.567323154997,64,45
66,2417,1232.33489923953,84,18
8,7854,469.349152284941,91,83
69,3076,1701.88226934331,75,6
85,5185,3998.884988478,88,3
34,8343,1370.62203932097,87,53
29,2936,395.278253834168,84,55
57,8537,3299.06328190023,78,21
0,2070,133.788598441727,55,55
96,7040,6361.35278185855,97,1
21,1139,111.58406105074,80,59
15,7513,582.647661125089,86,71
85,7859,6061.18363055903,85,0
54,2833,988.982203617963,92,38
95,2816,2496.25549763183,96,1
70,5707,3240.5268169271,86,16
91,4766,3993.38052403124,93,2
84,8098,6148.68582610472,85,1
14,2065,154.133306707123,83,69
22,3843,391.652030011327,43,21
70,9083,5157.47416824055,73,3
88,7029,5661.36343116179,93,5
97,8612,7933.39029005725,97,0
51,1094,343.665522423265,70,19
57,7237,2796.68747465292,86,29
52,5075,1651.98009084265,77,25
21,7929,776.777892951111,69,48
94,3650,3184.39589874386,98,4
5,9550,515.903517240417,77,72
98,3944,3698.05852817379,99,1
88,5789,4662.63094366134,92,4
66,1808,921.829332985138,78,12
43,5216,1217.88737881923,85,42
98,5726,5368.93588547746,99,1
31,2449,357.079384508487,62,31
31,4153,605.533149801449,88,57
51,2087,655.603240673997,84,33
36,9804,1743.31448196718,59,23
23,8744,927.085572157555,67,44
99,7566,7205.71428571429,99,0
60,3665,1561.0560448362,69,9
87,1455,1155.69942965581,94,7
0,6457,417.329942095763,70,70
10,6625,425.538825051668,53,43
82,2045,1502.04389328098,83,1
32,5046,765.633519632425,34,2
42,1538,345.601105274261,92,50
94,2481,2164.51677391329,94,0
51,8578,2694.66439794037,81,30
3,9493,483.212918140265,87,84
57,2681,1036.05349171542,57,0
54,9074,3167.67543792072,85,31
76,3638,2379.25371799458,88,12
65,3898,1931.59295278544,69,4
67,4157,2179.41016901112,75,8
27,9283,1153.95740592307,79,52
37,8420,1557.39075782792,61,24
66,6052,3085.68093098786,68,2
10,5913,379.805444910266,86,76
7,5290,305.288929362144,84,77
87,9309,7394.09346437524,92,5
48,4383,1234.77594073068,71,23
38,5651,1087.08306993874,67,29
14,9275,692.293665718433,88,74
82,6978,5125.31163193873,90,8
84,3676,2791.12979708088,87,3
61,1731,760.810432403759,84,23
60,4929,2099.43935743455,72,12
99,7551,7191.42857142857,99,0
91,3366,2820.33546871363,96,5
56,4394,1642.20562809938,82,26
23,3184,337.584682267801,78,55
30,3127,438.116842085482,69,39
49,1138,332.567117952717,90,41
29,4369,588.205276226662,58,29
54,4239,1479.8078224979,79,25
0,5186,335.18245000908,77,77
10,7529,483.604802085133,85,75
30,2767,387.678062696044,66,36
54,1716,599.044638689878,77,23
77,4654,3108.63732766896,95,18
39,5785,1157.25837708043,69,30
7,8249,476.054513857906,66,59
99,1364,1299.04761904762,99,0
83,6062,4528.52346365542,93,10
50,5457,1653.71523856405,69,19
40,7876,1638.11104472973,65,25
32,7092,1076.07469703392,68,36
52,4625,1505.49909756596,60,8
14,9176,684.90422389567,81,67
51,2755,865.446539557673,69,18
22,7654,780.042840933307,72,50
14,1366,101.959368988828,78,64
16,7666,617.824964978987,83,67
25,7681,881.651864016444,85,60
72,6276,3745.82094939976,85,13
42,2368,532.108853894311,74,32
30,9976,1397.71461996955,30,0
61,8037,3532.42833346563,62,1
2,6478,321.185022518058,68,66
88,6989,5629.14625414564,88,0
8,1774,106.012910129041,79,71
83,3276,2447.28519744889,84,1
68,3745,2017.63519785333,82,14
91,9123,7644.0643140447,96,5
62,5424,2458.64858754869,62,0
90,2709,2240.70662174554,95,5
34,6739,1107.11038271413,68,34
81,5896,4255.028396232,83,2
91,5284,4427.40719449876,92,1
39,5144,1029.02974791732,82,43
98,2314,2169.70269629669,99,1
74,8289,5185.97274491359,84,10
47,8799,2388.85736058802,83,36
10,4166,267.591659647585,75,65
81,3122,2253.08661008079,89,8
88,5659,4557.92511835888,89,1
52,4345,1414.35536841602,88,36
88,7793,6276.71151217012,91,3
28,4805,621.604329534876,74,46
82,3267,2399.5977502929,82,0
49,5397,1577.20978522919,91,42
41,3032,655.542942125397,75,34
60,4928,2099.01342126952,88,28
65,4070,2016.82486347788,80,15
99,4963,4726.66666666667,99,0
73,3972,2428.04466327115,87,14
87,5318,4224.06155801348,93,6
72,4865,2903.66776909334,80,8
50,1804,546.69274150074,56,6
4,5512,288.750637577843,55,51
26,4049,483.646587153412,74,48
43,3835,895.436751873418,70,27
57,9699,3748.10996499359,85,28
66,7724,3938.16911945642,66,0
9,5450,337.524702043727,88,79
95,8188,7258.28835746074,95,0
8,1549,92.5670787992581,84,76
57,6091,2353.82387841798,66,9
52,5404,1759.07397259383,82,30
65,9453,4684.28634753228,84,19
6,1828,101.996958652088,42,36
88,5116,4120.57694036473,90,2
92,8848,7510.16348184091,99,7
93,1453,1249.80404590272,96,3
34,4181,686.871718374803,76,42
40,7870,1636.86311859104,77,37
74,4626,2894.23451779108,88,14
36,9010,1602.12805819301,69,33
63,7520,3513.55739869338,90,27
20,4912,462.643716654345,78,58
24,5294,583.99387133148,72,48
53,5222,1760.69676483919,57,4
11,9410,627.181426431265,83,72
24,5324,587.303243477295,81,57
41,6861,1483.40373546252,78,37
71,6720,3913.38726681954,75,4
29,9894,1332.04463332264,88,59
41,5910,1277.78983771804,61,20
84,2829,2148.01583132258,91,7
81,4075,2940.84815377297,83,2
8,9589,573.031451650152,78,70
1,1458,70.6149920282507,83,82
47,3199,868.502636267879,86,39
65,6247,3095.60317497452,74,9
29,7392,995.196475593382,74,45
29,3043,409.683830523628,72,43
36,5305,943.317352798437,80,44
81,5408,3902.84829830778,94,13
20,1714,161.435531422139,79,59
38,1283,246.810755393985,92,54
44,4272,1036.21469228903,82,38
47,8452,2294.64966606318,51,4
10,5676,364.582395621625,80,70
88,4251,3423.88048739063,92,4
47,2617,710.494341704608,80,33
83,5648,4219.25115848331,85,2
14,7452,556.223439022508,78,64
20,5253,494.761287374852,44,24
27,4829,600.28657903722,69,42
27,3316,412.2075576905,60,33
10,2086,133.988526650231,79,69
82,6937,5095.19730449398,91,9
44,3983,966.114962403372,50,6
46,7892,2064.18471306387,89,43
47,3326,902.98210948014,91,44
55,5875,2122.55092788711,82,27
32,2472,375.078489998287,75,43
8,4701,280.928235916922,50,42
68,6258,3371.52498482407,86,18
15,1798,139.438372780901,23,8
59,6837,2820.6261785866,82,23
5,3900,210.683111752631,83,78
83,5472,4087.77307705749,90,7
82,7338,5389.73011681949,84,2
49,8956,2617.28568399344,77,28
25,4346,498.848978129861,73,48
57,3247,1254.78018933232,93,36
23,2487,263.685020351766,54,31
71,5528,3219.22690639559,76,5
44,9632,2336.33425002995,63,19
95,2955,2619.47265465272,96,1
65,5141,2547.54216784761,73,8
51,5103,1603.03945240029,81,30
78,7640,5208.30431860274,86,8
93,2868,2466.92223238059,98,5
46,9380,2453.37716783313,67,21
47,9470,2571.02843559138,74,27
20,2134,200.993829670271,76,56
47,1770,480.540689651187,79,32
25,5612,644.164856250525,91,66
25,2070,237.601791239948,34,9
67,4814,2523.85868501793,67,0
45,7769,1957.10602902092,80,35
15,2433,188.683849263589,84,69
80,4207,2981.07847540104,85,5
5,3626,195.881272619241,77,72
83,3064,2288.91387209505,95,12
64,2198,1057.93201264902,88,24
53,8395,2830.53415182402,64,11
18,9845,857.417504093764,28,10
9,6142,380.381049532582,85,76
79,9624,6691.29228059868,92,13
47,6577,1785.60232533099,70,23
65,4221,2091.650552516,65,0
68,1320,711.155797374204,82,14
48,6419,1808.35655111801,65,17
85,3678,2836.62468420869,87,2
39,3129,625.939751406164,77,38
17,1284,107.561242255577,83,66
17,6458,540.989487917847,52,35
6,5851,326.468383519347,87,81
60,8495,3618.32772193275,74,14
2,3539,175.46677905085,70,68
59,4637,1913.00915461548,64,5
37,8189,1514.66424178775,84,47
72,3055,1823.37205232891,86,14
22,9967,1015.76783323521,70,48
90,6664,5512.02249070221,97,7
50,7676,2326.17155419051,81,31
52,2408,783.836070689479,61,9
17,6088,509.994425897159,79,62
42,6199,1392.96570324782,85,43
15,6377,494.548666976533,62,47
41,4626,1000.17864454884,58,17
13,3717,267.078338865748,78,65
48,9129,2571.81600796951,55,7
64,4641,2233.78638339587,78,14
52,2999,976.21444185953,69,17
63,9830,4592.85495068563,75,12
72,2637,1573.88939508718,75,3
14,6670,497.854312705331,77,63
31,8461,1233.66626064774,88,57
44,2147,520.775501953312,77,33
37,1720,318.136829390026,91,54
30,4646,650.940469564806,74,44
67,8322,4363.01453608625,77,10
73,5171,3160.98160971176,82,9
66,4177,2129.69088710117,87,21
64,7766,3737.89809382726,65,1
28,9378,1213.19571329408,48,20
18,3308,288.09924870921,54,36
62,8242,3736.02169221539,70,8
13,1366,98.1514691661587,78,65
1,7801,377.824110296559,76,75
92,7615,6463.59571815309,92,0
43,5720,1335.56668076035,60,17
90,2502,2069.48983669522,91,1
79,1517,1054.72676534374,79,0
10,5320,341.715705550924,85,75
63,5383,2515.09035600618,71,8
58,3632,1450.57188578779,70,12
83,4068,3038.9365638651,88,5
64,5998,2886.9318525336,80,16
20,2008,189.126340195832,64,44
43,8168,1907.15186161723,62,19
74,3952,2472.54967883925,76,2
25,5396,619.37162586027,77,52
88,2341,1885.51028486979,88,0
4,9031,473.096336713624,75,71
73,7041,4304.09427847234,79,6
81,3709,2676.7130803298,90,9
67,4273,2240.22604093926,88,21
53,7264,2449.19595936268,74,21
21,5938,581.72621116707,85,64
66,6608,3369.16384533506,82,16
3,3077,156.625529244453,81,78
98,8712,8168.73374681796,98,0
81,4176,3013.73788715483,92,11
33,3938,621.753870808652,72,39
37,3120,577.085411451676,40,3
97,4008,3692.17699518689,97,0
18,9708,845.485945123643,80,62
11,3150,209.949149124175,73,62
59,6245,2576.39468849982,67,8
39,6999,1400.11259830353,89,50
91,7042,5900.41662824759,92,1
9,9734,602.837697191494,62,53
2,8838,438.195929147051,73,71
30,9293,1302.02104685014,57,27
62,4452,2018.05005747912,82,20
64,1772,852.891504283017,72,8
21,5173,506.781692550901,68,47
20,3038,286.138357328156,46,26
73,6701,4096.25561142496,73,0
13,7736,555.856343681848,53,40
6,7002,390.690757375229,9,3
11,5662,377.375264235263,57,46
64,2538,1221.57936674396,71,7
33,6237,984.73308588968,89,56
60,6801,2896.79185837135,87,27
23,4953,525.143508565458,67,44
2,7944,393.870611127424,73,71
59,8487,3501.33894656493,89,30
68,1921,1034.94718693625,94,26
35,1648,281.681192134041,77,42
35,6914,1181.76199175653,80,45
38,2642,508.241633476936,75,37
12,2741,189.654842287484,56,44
24,7036,776.158080598468,62,38
62,3690,1672.64256785669,90,28
97,1942,1788.97398319684,97,0
25,6726,772.033646318787,69,44
83,4942,3691.8447636729,89,6
83,7992,5970.30015201817,91,8
44,7902,1916.70610919193,84,40
24,7230,797.558687141405,64,40
82,9979,7329.5335017364,87,5
82,2641,1939.80338491691,92,10
78,3854,2627.3304769496,94,16
24,5705,629.332269729145,48,24
68,5728,3085.98515709048,94,26
84,3534,2683.31139904348,92,8
32,6724,1020.23776972026,71,39
74,4315,2699.65887251806,75,1
28,9485,1227.03789087166,68,40
10,4292,275.684926358001,76,66
75,1471,941.279166699325,92,17
17,5176,433.595786538058,80,63
20,7710,726.177332126425,77,57
85,1202,927.031775535304,86,1
53,3224,1087.03300839555,83,30
39,4828,965.815634320536,61,22
54,8818,3078.30747317444,63,9
5,9596,518.388497532884,57,52
64,9531,4587.42038787891,78,14
28,2904,375.679286778206,54,26
56,3455,1291.26546315051,80,24
93,1632,1403.77164687766,94,1
56,7162,2676.71295139913,59,3
78,8938,6093.17068058525,78,0
56,4480,1674.34711285508,88,32
89,6694,5464.66094474184,91,2
71,2910,1694.63645036382,77,6
61,4684,2058.71523129937,79,18
53,8550,2882.79535415073,78,25
29,8470,1140.32929495075,79,50
6,1203,67.1238190691804,74,68
88,5076,4088.35976334859,98,10
12,7660,530.009519125182,85,73
82,3420,2511.97560636722,83,1
82,1340,984.224360389495,86,4
56,7010,2619.9047457844,72,16
81,2665,1923.27860854109,91,10
55,9517,3438.35186054496,88,33
34,1592,261.540247704541,77,43
43,3685,860.413150105227,68,25
22,8575,873.90480284859,84,62
70,5756,3268.34980869675,75,5
83,1252,935.287261051896,91,8
32,2733,414.680223772378,73,41
29,4668,628.460112022444,80,51
51,5782,1816.3382547087,68,17
10,5895,378.649263951635,89,79
82,5100,3745.92853581077,94,12
9,8632,534.589583126873,63,54
33,3812,601.860273113911,71,38
89,5673,4631.16545257252,92,3
62,9040,4097.74764591448,69,7
36,2058,365.94667522322,61,25
55,5883,2125.44121000168,93,38
93,5334,4588.06247821411,93,0
33,8719,1376.60538333688,84,51
54,5209,1818.42862641933,75,21
4,9949,521.186519096872,74,70
46,4210,1101.14263076519,58,12
74,4242,2653.98677571763,90,16
32,9798,1486.65818972622,78,46
42,8869,1992.93641266413,59,17
88,4431,3568.85778396328,88,0
32,2019,306.344446321416,61,29
78,5703,3887.82192787846,90,12
88,5424,4368.64920338904,89,1
53,4672,1575.25378884119,71,18
18,6414,558.60597981284,84,66
38,3996,768.710661382981,50,12
58,4697,1875.91854282634,63,5
87,2295,1822.90734780762,91,4
35,6041,1032.54616606902,53,18
14,1797,134.129565207119,73,59
54,4698,1640.04179053907,82,28
52,9005,2931.24743212573,55,3
32,6144,932.233916888946,85,53
64,5108,2458.56083740274,81,17
16,1955,157.559066858064,89,73
95,7518,6664.36393153271,98,3
25,5940,681.813835732024,81,56
44,9001,2183.27913045261,72,28
30,6335,887.582409533588,67,37
9,8095,501.332562026417,64,55
55,5123,1850.86440911756,82,27
58,8282,3307.7192615899,86,28
24,7708,850.288016664724,70,46
52,1350,439.442979830065,76,24
23,9019,956.242540632318,61,38
21,2983,292.234639257556,73,52
34,7143,1173.48114909142,87,53
98,5853,5488.01637053782,99,1
27,2089,259.680816651222,67,40
40,1336,277.871553549889,81,41
80,7287,5163.56521279948,83,3
82,6510,4781.56760159374,85,3
19,4709,426.466249430844,84,65
11,8364,557.464978817333,52,41
58,8094,3232.63459349295,77,19
43,3496,816.283411877307,69,26
60,6843,2914.68117730263,60,0
36,6243,1110.10937483895,63,27
13,8448,607.015821021749,73,60
18,4537,395.134912755044,84,66
36,1965,349.409726342871,79,43
67,4715,2471.95548397581,79,12
16,6420,517.406245129806,81,65
54,4821,1682.98030485076,89,35
93,4849,4170.88769344961,96,3
39,9524,1905.22537308798,84,45
75,4179,2674.10308472908,89,14
5,8147,440.111618320176,56,51
23,5027,532.989383718667,33,10
59,1597,658.847448764487,71,12
64,9307,4479.60566047519,65,1
88,6147,4950.97467795583,88,0
55,9685,3499.04778495092,79,24
3,2930,149.142931649739,33,30
78,1281,873.277203158392,84,6
41,6194,1339.1929365187,81,40
9,3893,241.097920193804,84,75
75,1690,1081.41522210867,94,19
99,3658,3483.80952380952,99,0
49,4427,1293.7386917194,72,23
74,9111,5700.25306778957,82,8
19,3624,328.204223388698,53,34
20,8439,794.839235514254,59,39
4,6050,316.934208517044,77,73
20,8692,818.668400887534,65,45
56,4816,1799.92314631921,64,8
91,4667,3910.42948083378,93,2
10,4428,284.420515823213,76,66
16,3292,265.311738156904,53,37
94,2899,2529.1955371119,94,0
61,4016,1765.11536483738,65,4
15,3650,283.064549861118,85,70
84,7449,5655.9101900042,84,0
27,1718,213.562299189469,71,44
61,4140,1819.61593885128,71,10
2,1544,76.5528982352395,70,68
65,6657,3298.77226441578,68,3
38,2165,416.481126600138,84,46
67,8094,4243.47989126197,75,8
37,3433,634.978915869744,58,21
1,9210,446.065896145534,60,59
53,3665,1235.72455824122,80,27
96,1525,1377.99190232021,98,2
45,3940,992.534142662176,56,11
18,9309,810.736368269056,74,56
59,9474,3908.52894777379,59,0
17,4263,357.113376741063,67,50
13,3439,247.103149679663,63,50
61,6137,2697.33889293002,67,6
27,5575,693.020848650342,84,57
34,5073,833.413113445438,77,43
92,2348,1992.97737967478,96,4
16,6991,563.424775654591,58,42
91,7262,6084.7522797975,92,1
21,4263,417.632003739511,64,43
24,2332,257.248528134683,88,64
49,1915,559.636231001277,86,37
0,1846,119.31099165383,87,87
98,7792,7306.10346134131,98,0
17,1599,133.948930192109,87,70
89,3869,3158.46626758383,96,7
5,7054,381.066325718733,81,76
92,7439,6314.20729446367,92,0
58,2849,1137.85223089467,62,4
25,2527,290.057838871183,73,48
79,4884,3395.70568354571,89,10
70,8932,5071.73392829732,89,19
66,1338,682.194495317541,84,18
39,7871,1574.55154468454,79,40
44,3287,797.293467592238,90,46
63,2120,990.524160269942,88,25
69,5786,3201.26489285448,92,23
78,7876,5369.18911169047,84,6
99,5521,5258.09523809524,99,0
28,9577,1238.93957626545,86,58
17,2233,187.059387816747,81,64
87,4231,3360.66274011941,97,10
5,7291,393.869376356009,79,74
15,6081,471.593295261769,85,70
60,4613,1964.84352928497,63,3
88,7299,5878.82937602075,88,0
56,3222,1204.18446375426,80,24
87,2910,2311.39885931163,88,1
98,6654,6239.06730387129,98,0
51,2021,634.87022012561,81,30
14,9933,741.407329550533,82,68
16,8123,654.655907973429,85,69
18,2740,238.631179402429,83,65
87,4068,3231.19263219234,91,4
62,8028,3639.01748909308,67,5
62,7745,3510.73622982386,84,22
28,3347,432.988489272265,85,57
68,4522,2436.2473603986,90,22
65,3146,1558.9511106883,89,24
47,8075,2192.29721408663,80,33
83,7807,5832.09875961034,84,1
88,1972,1588.30682689587,88,0
43,2706,631.825775898167,71,28
55,2070,747.860497144905,73,18
25,6116,702.015727161121,64,39
23,7791,826.043423225012,66,43
23,7863,833.677247698405,90,67
22,5074,517.107051854665,87,65
93,4928,4238.83987488547,97,4
97,1156,1064.90933294312,98,1
82,1643,1206.77658516413,91,9
67,8527,4470.4908614765,71,4
74,4585,2868.58306616345,74,0
13,9729,699.059768314464,85,72
3,9107,463.564736701084,67,64
39,6645,1329.29678750206,85,46
17,4755,398.328432184788,45,28
53,5642,1902.30776469221,83,30
54,5299,1849.84705152544,72,18
52,8094,2634.70479907004,75,23
27,7309,908.572086598269,63,36
55,6921,2500.4553143671,72,17
79,3513,2442.48854756267,80,1
84,3602,2734.94274458251,93,9
25,5091,584.362666281437,46,21
90,5920,4896.6346255938,94,4
36,3154,560.833728694867,70,34
33,8255,1303.34642039752,63,30
0,4019,259.756703931063,53,53
82,7997,5873.76284330955,94,12
63,6644,3104.2653400158,86,23
78,6488,4422.96837946264,86,8
65,7780,3855.25735573904,81,16
0,9740,629.517366580879,50,50
13,4514,324.345338079093,58,45
30,8469,1186.57228513654,81,51
24,7218,796.234938283079,75,51
67,5893,3089.55114890126,86,19
10,2512,161.351476004497,58,48
84,9951,7555.63999204347,85,1
84,9049,6870.76537915801,96,12
26,2659,317.613305814009,62,36
24,8585,947.031995727381,71,47
79,6648,4622.16449308188,81,2
79,1381,960.169850322815,91,12
82,2641,1939.80338491691,88,6
26,6621,790.867881833229,80,54
7,1372,79.1789056871193,77,70
62,5468,2478.59337697571,79,17
51,1788,561.676374856304,82,31
78,6760,4608.3949206485,92,14
16,6694,539.488692351857,67,51
91,8210,6879.07136011257,91,0
20,1350,127.151672940425,90,70
26,4563,545.043066727839,89,63
53,8685,2928.31317553205,69,16
97,5840,5379.81877542201,97,0
40,4001,832.158746821186,77,37
57,5894,2277.69462147358,78,21
52,4344,1414.02985509763,68,16
64,4793,2306.94637699125,81,17
2,9664,479.149746467198,65,63
36,4543,807.821061972346,90,54
33,1592,251.354028016093,77,44
63,1053,491.99148149257,72,9
98,7927,7432.68507931887,98,0
38,6009,1155.95154260519,83,45
52,9380,3053.31492652297,74,22
7,9284,535.784956559195,58,51
62,3918,1775.99284034214,67,5
75,7229,4625.76960983645,94,19
71,9165,5337.23129470254,94,23
12,5396,373.359186057374,74,62
3,4532,230.687974824785,87,84
44,7996,1939.50671337619,74,30
0,2944,190.277117783789,81,81
45,2197,553.45114503269,81,36
16,1276,102.836506041376,64,48
85,1641,1265.6066086967,86,1
34,1552,254.968884696889,74,40
99,1844,1756.19047619048,99,0
6,3347,186.752637094386,85,79
62,6685,3030.24812090025,65,3
16,3563,287.152406759735,73,57
37,7214,1334.3250507091,74,37
8,1796,107.327613636842,57,49
3,6031,306.990109481085,89,86
80,3434,2433.33099228124,95,15
20,9871,929.714195255505,84,64
22,9039,921.192479644129,73,51
90,2557,2114.98221919651,90,0
70,4003,2272.96808273334,77,7
62,4697,2129.10627133411,73,11
48,2321,653.870627067284,57,9
12,1663,115.066035287882,66,54
73,1420,868.032080021407,82,9
48,6456,1818.78016731856,56,8
53,9761,3291.1070703936,76,23
22,1517,154.60216745438,73,51
86,6339,4962.85106334044,92,6
91,2805,2350.27955726136,91,0
22,4850,494.278518229232,78,56
88,2545,2049.81788765212,89,1
56,7536,2816.49103626694,73,17
30,1572,220.249336667214,80,50
40,6924,1440.10676405646,83,43
22,2439,248.566042466205,77,55
62,9793,4439.07551951776,85,23
57,7977,3082.65524185523,80,23
76,2676,1750.10526370354,76,0
57,1927,744.675523511976,85,28
22,8487,864.936450352885,75,53
84,2541,1929.34189727489,84,0
1,1207,58.4583644568577,78,77
42,3315,744.907453825862,73,31
41,7987,1726.85404972149,89,48
97,9714,8948.55472336463,97,0
82,1112,816.759319965014,87,5
76,8240,5388.96389122466,81,5
6,9289,518.298549737005,79,73
65,3227,1599.08939421207,95,30
59,1786,736.82000218746,72,13
14,2501,186.676707057876,85,71
58,3001,1198.55898382411,75,17
44,8938,2167.99787445678,78,34
9,4805,297.579118040387,60,51
60,7432,3165.5575785055,77,17
23,1536,162.85492209904,90,67
75,7865,5032.74007212114,80,5
9,8328,515.762517178011,74,65
90,2436,2014.89897769367,91,1
52,8048,2619.73118642397,65,13
75,7059,4516.98819696162,79,4
1,1975,95.65473885857,87,86
45,8785,2213.04884347391,81,36
29,2310,310.998898622932,79,50
15,9137,708.59199783042,78,63
7,7885,455.047865410303,43,36
29,5731,771.573458012131,79,50
28,1357,175.549859558549,67,39
27,8349,1037.85310589806,85,58
71,5632,3279.79123314399,88,17
47,6437,1747.59345722299,79,32
7,7586,437.792404185486,75,68
58,4721,1885.50381960467,74,16
43,4313,1007.04529617472,79,36
24,5132,566.123261744079,55,31
19,1467,132.857504335326,70,51
31,8906,1298.55001977648,87,56
33,6769,1068.72827615636,83,50
14,7098,529.800586444144,65,51
32,9086,1378.62587383675,81,49
28,4091,529.236901587342,86,58
4,2834,148.46141271691,49,45
46,5096,1332.8795359571,57,11
54,5530,1930.48767596447,76,22
63,1453,678.882832486899,85,22
66,1827,931.51669876319,80,14
41,1588,343.338453857233,84,43
9,6650,411.842067631337,39,30
95,3190,2827.78943091106,98,3
74,7695,4814.33951889373,87,13
31,9834,1433.85817364494,80,49
76,9794,6405.28062507941,86,10
61,4556,2002.45657425276,71,10
93,3729,3207.514994612,94,1
50,2155,653.06145118298,79,29
59,8810,3634.5936278116,76,17
50,7718,2338.89943398155,73,23
7,9161,528.68655612223,71,64
51,6653,2089.95129861241,84,33
93,6158,5296.82953521606,93,0
37,5020,928.515629963914,90,53
44,4829,1171.32040006173,88,44
95,6737,5972.04307086138,96,1
87,3994,3172.41479178373,93,6
84,7710,5854.08344273492,87,3
95,8072,7155.45965088216,95,0
95,2144,1900.55816296969,96,1
58,2554,1020.03320382765,78,20
53,3596,1212.45989397965,87,34
85,2607,2010.62548986734,92,7
68,1989,1071.58248558886,77,9
32,7119,1080.171428114,86,54
97,3238,2982.85157445488,98,1
77,4557,3043.84621877685,93,16
21,4008,392.650497534122,90,69
54,7870,2747.36672872339,82,28
91,1570,1315.48624060618,91,0
15,2867,222.341387521048,88,73
29,2694,362.697416835575,64,35
81,6218,4487.40952641971,85,4
30,9543,1337.04797698169,83,53
70,1251,710.338014364079,84,14
6,8895,496.31452254394,74,68
86,1159,907.389869444955,93,7
23,6422,680.894732890647,54,31
15,9335,723.947280261242,83,68
71,5029,2928.63460786242,83,12
50,5698,1726.74902498405,79,29
28,6278,812.16066198126,44,16
59,8494,3504.22681891393,64,5
18,4666,406.369738354647,89,71
62,2126,963.695961859976,73,11
4,1018,53.3287643422068,78,74
37,6218,1150.10163089953,71,34
73,6050,3698.30569304895,78,5
93,4923,4234.53910390852,99,6
7,4123,237.940691069966,79,72
29,8916,1200.37496974981,79,50
92,8189,6950.80569086745,94,2
48,5337,1503.53620709095,73,25
29,7523,1012.83320967113,54,25
15,1405,108.960463713663,73,58
23,8037,852.125656842437,63,40
4,1423,74.5450212759924,6,2
73,6576,4019.84433677519,87,14
6,6121,341.533579819163,27,21
28,1256,162.483878854486,91,63
2,4897,242.79763125516,24,22
24,4310,475.446464948749,55,31
6,7814,435.997940321343,76,70
64,7635,3674.84573092598,87,23
84,2147,1630.18380694577,92,8
74,6578,4115.49387333112,76,2
16,6470,521.435888783465,78,62
59,5400,2227.78724065637,82,23
93,3799,3267.72578828935,98,5
60,5241,2232.33144092402,66,6
67,9832,5154.66942066811,78,11
45,1512,380.891275052084,76,31
33,2089,329.823218923127,73,40
83,3322,2481.64878691246,93,10
60,7178,3057.36979258779,88,28
71,1115,649.319464658301,76,5
50,4320,1309.15334993525,61,11
5,7828,422.878820205025,74,69
77,6152,4109.22579282756,86,9
22,2101,214.119415834972,49,27
51,9504,2985.55495896774,66,15
6,2422,135.140390511683,81,75
85,4298,3314.79415245486,90,5
98,2986,2799.7978613405,98,0
83,4325,3230.92444412895,95,12
21,4350,426.155105856644,69,48
50,4525,1371.27752510579,79,29
30,7862,1101.52689877712,86,56
45,5723,1441.69362904965,80,35
58,1974,788.389015017925,88,30
84,5187,3938.40866633801,85,1
66,3276,1670.30580467882,79,13
54,2322,810.595367737702,76,22
46,8090,2115.97241873881,51,5
13,1194,85.79271902225,40,27
50,9211,2791.34525607723,58,8
58,2323,927.774914836191,63,5
97,2733,2517.64464267609,98,1
73,6552,4005.17337204244,92,19
17,1246,104.377965615614,89,72
14,7727,576.74966630796,88,74
92,5287,4487.59429571574,98,6
3,3960,201.57201683719,80,77
4,8744,458.061606491411,74,70
69,4079,2256.8198233587,86,17
24,4195,462.760538389792,45,21
5,7534,406.996554857519,90,85
4,4995,261.667168850023,88,84
19,3338,302.302896708464,89,70
35,4331,740.267744619254,84,49
45,7569,1906.72358523097,73,28
10,2589,166.297361216418,87,77
15,4848,375.971763760739,68,53
4,7082,370.996374333505,58,54
4,4935,258.524019674647,86,82
14,7375,550.476095382582,89,75
73,6274,3835.23469722134,81,8
43,4200,980.66084950935,76,33
6,5556,310.008261636215,68,62
38,8826,1697.85793227382,76,38
46,3719,972.719582854095,63,17
65,1432,709.605209950938,79,14
42,2966,666.484316153094,42,0
20,4327,407.544658380161,50,30
5,1925,103.99102310867,71,66
37,8258,1527.42670761793,83,46
92,2944,2498.86090535032,92,0
90,3018,2496.29109798008,96,6
38,9083,1747.29703136677,80,42
77,6817,4553.41226100544,78,1
32,3726,565.348889050816,84,52
53,5980,2016.27090266916,82,29
18,1552,135.1662738805,62,44
64,5236,2520.16925306201,84,20
1,2102,101.80570181302,64,63
80,3070,2175.40074149779,97,17
46,8976,2347.70932393072,74,28
0,4496,290.586250528504,85,85
26,3903,466.207120192583,65,39
93,4123,3546.41574759594,96,3
39,5669,1134.05319613983,72,33
49,8104,2368.29870289,80,31
44,5637,1367.3085721988,82,38
8,9715,580.561117194831,84,76
2,8518,422.330043502442,57,55
99,5651,5381.90476190476,99,0
73,6298,3849.9056619541,84,11
33,6592,1040.78250796613,92,59
75,2270,1452.55180721106,84,9
42,9336,2097.87510977926,80,38
46,7983,2087.98613334881,75,29
38,5395,1037.83634088118,82,44
73,3192,1951.23830945657,89,16
41,5712,1234.98063503307,66,25
16,9514,766.760594418221,87,71
98,5822,5458.94948048372,98,0
0,1836,118.664669922227,62,62
19,2993,271.058289349441,67,48
6,3418,190.714225751005,73,67
5,6451,348.491475363134,62,57
68,4389,2364.59302626923,70,2
5,1526,82.4365201370552,81,76
91,6025,5048.28318449187,96,5
80,5592,3962.48890764028,84,4
33,5608,885.422983111965,61,28
42,4910,1103.31692255957,67,25
45,6285,1583.26829609944,88,43
24,5603,618.080404433374,51,27
87,9080,7212.1998771648,87,0
25,7999,918.153008757653,80,55
72,3156,1883.65374702129,73,1
87,9694,7699.89709352815,90,3
67,5125,2686.90813475631,87,20
6,9861,550.214447083282,21,15
23,2157,228.69665818205,88,65
37,4115,761.123867988348,78,41
4,5287,276.963828170184,75,71
33,4060,641.015925719433,67,34
13,1853,133.143976841063,72,59
10,2094,134.502384854067,83,73
5,6643,358.863567018648,71,66
69,1066,589.794050429118,95,26
60,7138,3040.33234598658,84,24
50,9216,2792.86047986187,68,18
26,8230,983.060363613876,83,57
58,4495,1795.24246327537,91,33
94,9174,8003.73917125374,97,3
73,3086,1886.44154855356,75,2
18,5702,496.596709836734,73,55
86,1043,816.57259174382,97,11
81,4327,3122.71164696335,91,10
0,2704,174.765396225328,40,40
4,7734,405.151928705921,79,75
61,7176,3154.00096067555,92,31
29,4619,621.863165688018,81,52
98,7877,7385.80299858644,99,1
33,1311,206.9881474429,57,24
18,1257,109.474230842647,86,68
75,5541,3545.63416905572,78,3
79,3238,2251.28890321888,95,16
30,4880,683.725676167941,77,47
52,5956,1938.75732434657,76,24
19,1474,133.491452890436,82,63
47,7745,2102.70488211776,87,40
17,4309,360.966816884175,76,59
61,3874,1702.70341717629,71,10
41,3562,770.13323214072,42,1
62,5302,2403.34712595559,73,11
13,4312,309.830991979851,74,61
94,6568,5730.16774327388,97,3
21,9088,890.321287821881,68,47
63,3768,1760.51652636658,82,19
33,9667,1526.28102313541,75,42
4,8951,468.905471146457,60,56
97,9277,8545.98951705308,99,2
18,6513,567.228055273,31,13
68,7603,4096.14964199702,78,10
2,9182,455.251756215006,77,75
12,2691,186.195250126092,85,73
95,3412,3024.58230039766,97,2
3,3335,169.758251553543,67,64
27,6032,749.82991193881,66,39
80,1300,921.179467083755,84,4
32,3014,457.316573161342,57,25
80,2227,1578.05128707348,94,14
69,8019,4436.73404351886,83,14
62,8354,3786.79024712053,82,20
81,5025,3626.44465587955,87,6
0,3926,253.745911827159,85,85
46,8059,2107.86424259778,74,28
57,9837,3801.43908914754,76,19
74,1914,1197.48483939735,74,0
50,5590,1694.02019123566,88,38
39,3339,667.949130695168,81,42
93,5752,4947.60693188743,96,3
65,4035,1999.4811607207,87,22
28,4328,559.896678090935,61,33
66,2213,1128.32318246466,86,20
13,8252,592.932594113574,58,45
13,6167,443.118675217936,75,62
89,6775,5530.78546468867,97,8
4,8538,447.270127655954,86,82
19,1489,134.849914079959,90,71
10,4347,279.217701509374,84,74
76,4996,3267.38635929107,79,3
92,6374,5410.2375715703,93,1
18,8363,728.347647205297,77,59
74,8198,5129.03903520348,79,5
56,5413,2023.04484863494,87,31
17,2978,249.468364047592,80,63
56,4881,1824.2161289834,71,15
39,6842,1368.70558616842,71,32
57,8051,3111.25201857546,60,3
98,2268,2126.57118202286,98,0
74,8442,5281.69645464598,85,11
51,7449,2340.00409189296,84,33
38,5917,1138.25349935012,73,35
47,9563,2596.27718369169,81,34
25,7233,830.22886765147,86,61
9,9143,566.236394639596,54,45
88,4758,3832.23320607025,95,7
3,5886,299.609315935278,86,83
74,3457,2162.85532382269,78,4
17,8960,750.583123528013,64,47
83,7306,5457.83444827887,85,2
4,1058,55.4241971257906,75,71
17,3937,329.8042139877,78,61
33,8070,1274.13756663936,89,56
82,3002,2204.956365589,93,11
66,1933,985.562002577584,70,4
82,4270,3136.29702900235,85,3
93,1576,1355.60301193578,96,3
36,3805,676.592370857314,76,40
36,4565,811.73302837415,77,41
20,6815,641.880482288144,46,26
93,8308,7146.16105530611,98,5
24,2828,311.96348094549,66,42
12,3036,210.066436039694,52,40
98,9241,8664.74616096703,99,1
61,3251,1428.88198483225,66,5
5,2690,145.31732579861,81,76
0,4499,290.780147047985,75,75
47,6353,1724.78813635819,70,23
10,5341,343.064583335994,86,76
19,1469,133.038632493929,74,55
60,1379,587.365971576841,84,24
13,8971,644.595043843053,80,67
79,2439,1695.76702747092,92,13
12,3542,245.077508712976,79,67
22,4488,457.385977280988,82,60
16,1235,99.5321982453755,81,65
53,5549,1870.95104329618,83,30
27,9135,1135.55972240733,88,61
72,9804,5851.50232439694,94,22
63,2810,1312.91174073516,84,21
19,6537,592.017386394017,81,62
21,6991,684.885136791678,84,63
58,2668,1065.56326852473,75,17
76,8007,5236.58178119367,79,3
5,5803,313.485666025774,82,77
9,4990,309.036378568477,70,61
4,6174,323.430050146154,43,39
5,3488,188.42633174184,90,85
19,8761,793.431898760591,80,61
50,7225,2189.49836881533,70,20
49,6649,1943.09206262532,67,18
7,3028,174.747614009182,49,42
49,5576,1629.52043032017,83,34
11,6145,409.567467100969,80,69
48,3898,1098.14205269637,52,4
62,7114,3224.70981781367,87,25
69,5543,3066.81840668724,94,25
18,9628,838.518611418463,72,54
38,2234,429.754659041436,69,31
36,1923,341.941426848519,70,34
8,5853,349.770892325409,86,78
0,2994,193.508726441802,73,73
8,7720,461.341412737426,77,69
61,6703,2946.107642058,68,7
89,9013,7357.78146025668,96,7
93,4477,3850.91033276426,93,0
47,2880,781.896715364643,53,6
68,2839,1529.52371874649,86,18
19,1013,91.7414123324368,88,69
19,5454,493.936488510474,87,68
1,5668,274.516992329304,35,34
4,5655,296.241809779155,54,50
13,8166,586.75321904162,84,71
48,1068,300.876273032253,74,26
94,2126,1854.80155636423,97,3
89,1382,1128.19859958668,97,8
91,3932,3294.58082679204,94,3
8,4499,268.856867345295,51,43
60,7567,3223.0589607846,81,21
89,9955,8126.78513667538,93,4
83,1781,1330.46853988293,85,2
15,5255,407.535399868541,57,42
19,8196,742.263193955234,77,58
62,1125,509.952002395331,86,24
46,7531,1969.76369413127,77,31
75,6766,4329.50023241851,87,12
16,2708,218.245500282167,44,28
85,8068,6222.37301582266,85,0
64,1955,940.97228604588,88,24
61,6349,2790.51729366347,64,3
99,2083,1983.80952380952,99,0
71,1176,684.842771693419,80,9
50,8791,2664.06645816686,82,32
13,6490,466.327258337021,86,73
52,1072,348.950277316911,85,33
80,4435,3142.63918193573,81,1
36,1295,230.272567742502,88,52
51,8392,2636.23497639491,79,28
72,3059,1825.75944617812,95,23
56,4743,1772.64025809635,79,23
91,2601,2179.35013491508,94,3
51,4941,1552.14931105425,88,37
22,6146,626.357891347806,90,68
16,6628,534.169562729027,48,32
87,1766,1402.72521840011,96,9
30,1540,215.765889610375,65,35
78,5858,3993.4877877454,84,6
17,7909,662.540393301681,80,63
84,4569,3469.17084952735,85,1
4,9584,502.06569494667,61,57
85,7416,5719.52383308637,93,8
40,6859,1426.58756422057,78,38
86,1421,1112.5116518389,86,0
59,4972,2051.21447417472,88,29
33,2245,354.453387497568,53,20
56,3097,1157.46718940004,79,23
36,4041,718.557101349384,69,33
33,5564,878.476012488405,77,44
52,1907,620.753898174766,55,3
56,2887,1078.98216848496,90,34
52,9222,3001.88382221694,59,7
16,5617,452.690168052044,57,41
92,5604,4756.66321792908,98,6
19,5283,478.450030949915,58,39
90,5353,4427.64951871683,94,4
73,6381,3900.64274832155,75,2
84,8193,6220.81785296072,89,5
41,1466,316.961066344272,68,27
31,2692,392.510291178786,64,33
29,8017,1079.34119924677,77,48
49,8086,2363.03841455683,55,6
67,2938,1540.31923900762,77,10
92,2492,2115.20427178431,92,0
6,1876,104.675215772055,60,54
47,4865,1320.80816675312,61,14
96,8450,7635.43054072511,97,1
56,10000,3737.38194833723,76,20
38,8627,1659.57629523298,77,39
17,4050,339.270273469694,72,55
36,8550,1520.3323970644,69,33
10,4773,306.580650863639,86,76
88,1423,1146.1260723493,95,7
98,7599,7125.13862971415,98,0
78,3185,2171.26299145939,90,12
95,2984,2645.17983129737,97,2
47,2728,740.629944275953,81,34
26,9113,1088.53330420574,61,35
10,2992,192.182968234655,85,75
95,5630,4990.73808652955,99,4
7,8100,467.455638531827,65,58
1,1047,50.7091197898343,79,78
33,8111,1280.61088017495,74,41
45,9368,2359.91366712164,81,36
76,7265,4751.31343079456,78,2
51,8239,2588.17206512365,69,18
24,7179,791.93275449352,85,61
57,2839,1097.1114744424,80,23
2,2013,99.8063368831198,69,67
40,4274,888.939386131904,73,33
94,2567,2239.54637591109,96,2
12,5685,393.355628750217,60,48
31,2130,310.567206616202,66,35
72,2803,1672.96623982911,94,22
33,3685,581.80878972318,80,47
87,3211,2550.48169664936,87,0
57,2252,870.269475323804,72,15
22,5483,558.789508340387,68,46
71,4534,2640.37170651187,86,15
16,9275,747.498897753731,82,66
20,9435,888.648914216968,69,49
1,4296,208.067219309578,65,64
14,5765,430.304364729571,89,75
88,3468,2793.22924729963,88,0
0,8346,539.420117195484,53,53
20,4293,404.34231995055,25,5
1,6691,324.063725419085,85,84
38,3865,743.510186748053,91,53
78,9504,6479.02149790582,87,9
58,7860,3139.1781449042,81,23
20,6993,658.6456658314,58,38
55,2423,875.394195450293,83,28
60,8112,3455.19417072613,85,25
32,9367,1421.26222322571,52,20
41,3338,721.702619002168,54,13
51,7702,2419.48067066178,65,14
47,1339,363.527674261547,79,32
31,6426,936.95064305902,91,60
8,8406,502.336258480674,61,53
39,8763,1752.99138433116,78,39
57,6892,2663.36466426805,60,3
53,6455,2176.42620012198,83,30
0,4832,312.30266071035,86,86
20,6620,623.514129530082,71,51
54,2051,715.990998807074,92,38
68,5207,2805.29411888445,79,11
84,5873,4459.2778286877,88,4
39,1641,328.273292444076,57,18
82,5064,3719.48668732269,88,6
16,3463,279.093119452417,82,66
26,5758,687.783909318189,78,52
93,6596,5673.5770727972,96,3
17,8206,687.420213356125,78,61
95,8728,7736.97371567139,97,2
93,8132,6994.77391691735,94,1
33,5011,791.16522260593,87,54
55,9883,3570.58226728652,85,30
62,8096,3669.8412545712,67,5
68,1076,579.699725738366,80,12
28,4537,586.934202518155,62,34
50,8512,2579.51697098354,60,10
51,4276,1343.2484221955,75,24
85,4641,3579.32984214588,90,5
60,2005,854.002010885835,84,24
16,7534,607.186705733327,45,29
46,4458,1166.0080398934,84,38
80,6378,4519.44818543091,83,3
45,4739,1193.81200560306,85,40
56,1598,597.23363534429,88,32
8,7184,429.310454547366,67,59
1,4047,196.007457296523,79,78
80,7032,4982.87231733305,80,0
45,7634,1923.0978794627,85,40
86,9083,7111.1494255121,91,5
80,3043,2156.26855256605,92,12
69,1096,606.392382054703,71,2
97,5358,4935.79948608067,98,1
10,6351,407.939181570286,69,59
90,1932,1598.02332713636,92,2
3,3122,158.916120344876,48,45
19,9420,853.113627020291,58,39
32,7476,1134.33931683948,86,54
79,8448,5873.65307424123,86,7
14,1748,130.472164708983,76,62
44,4445,1078.17750637283,55,11
50,8011,2427.69154776188,81,31
58,8766,3501.02234328629,70,12
84,8161,6196.52074917765,98,14
22,5501,560.623944078145,43,21
76,2866,1874.36535342838,78,2
29,9496,1278.46127330016,86,57
83,6547,4890.83522213,96,13
63,8462,3953.68653028503,85,22
98,3503,3284.55857611379,99,1
50,5313,1610.0767935662,77,27
78,8178,5575.06710962477,83,5
51,7707,2421.05135403665,80,29
47,4128,1120.71862535599,89,42
13,4312,309.830991979851,57,44
43,2065,482.158251008764,75,32
35,8056,1376.95611883,77,42
40,4648,966.72678211069,76,36
12,5783,400.136429386544,48,36
48,4780,1346.61852536907,81,33
26,8263,987.002160940639,79,53
40,1004,208.819640541982,70,30
15,9488,735.812725775968,72,57
17,9550,800.007681885327,79,62
97,4181,3851.54491439031,99,2
57,1702,657.725864565326,87,30
0,3421,221.106664381231,39,39
61,4160,1828.40635401481,76,15
19,7365,667.004444055674,81,62
7,1986,114.613197299285,57,50
39,6614,1323.09540294035,87,48
50,7830,2372.84044675765,67,17
81,5149,3715.93304141767,83,2
99,8753,8336.19047619048,99,0
38,9677,1861.56483238316,86,48
52,7374,2400.33520982733,65,13
21,6654,651.870361924164,87,66
77,4975,3323.04914163152,85,8
96,8664,7828.80120767365,97,1
25,2929,336.200795430825,87,62
10,6654,427.401561040573,78,68
14,2383,177.869089531755,85,71
60,1669,710.88745943564,80,20
57,9565,3696.32661255426,61,4
55,9266,3347.66925920034,77,22
10,3401,218.45396890577,82,72
60,5631,2398.44654528585,69,9
19,4068,368.414674598572,55,36
34,4615,758.171007007825,86,52
58,4064,1623.1068677978,83,25
54,6096,2128.07466052069,75,21
1,9938,481.324959380491,66,65
63,5649,2639.37310441741,88,25
21,9976,977.315709431238,81,60
75,4817,3082.35332834171,88,13
90,4926,4074.46320366133,99,9
30,9757,1367.0310291743,71,41
10,6412,411.857350374535,74,64
99,6278,5979.04761904762,99,0
28,7970,1031.04818031071,81,53
88,7754,6245.29976457938,90,2
20,8322,783.819423859418,62,42
71,5020,2923.3934642015,86,15
16,7050,568.179755165909,86,70
48,2757,776.700266619777,64,16
0,4981,321.932854511228,85,85
59,3589,1480.65340865106,71,12
20,2833,266.830140326091,78,58
27,3637,452.110641532071,63,36
41,4104,887.318019288466,60,19
22,6107,622.383280582664,84,62
90,6017,4976.86664564154,90,0
86,9077,7106.45198011377,87,1
21,1097,107.469460028676,60,39
75,9963,6375.23068512942,92,17
1,5825,282.12093865882,88,87
71,8068,4698.39411736607,72,1
56,1659,620.031665229147,73,17
56,3287,1228.47744641845,67,11
49,1969,575.417096000791,86,37
77,1095,731.404785947038,90,13
26,7326,875.079006541343,62,36
12,8325,576.022094871689,56,44
54,9341,3260.88343240219,70,16
90,3234,2674.95209107607,91,1
84,9909,7523.75004332818,93,9
39,4289,857.991560812092,86,47
5,1278,69.039235082016,77,72
39,1955,391.087316714302,87,48
72,6556,3912.93851884398,75,3
50,3360,1018.23038328298,67,17
13,8176,587.47175102673,81,68
64,6334,3048.65394363918,84,20
13,4760,342.021224912823,83,70
3,5031,256.088085027249,79,76
61,3460,1520.74182329117,82,21
53,5040,1699.33199823622,71,18
40,3984,828.622956094877,58,18
78,4160,2835.93533578369,89,11
94,1810,1579.11139088394,96,2
92,3966,3366.33232018321,93,1
36,5526,982.614833471095,39,3
81,3660,2641.35073443167,87,6
79,1662,1155.54112327047,79,0
0,2949,190.600278649591,36,36
63,7178,3353.76529359323,82,19
35,1983,338.940415049638,76,41
93,3510,3019.14122582143,94,1
42,3676,826.027089069041,83,41
85,9407,7255.06481901881,85,0
63,4636,2166.07075802427,73,10
1,8277,400.878113180954,67,66
35,3975,679.41913758059,86,51
85,2156,1662.79576377214,87,2
48,2476,697.537127366909,75,27
42,3273,735.469712329426,68,26
29,1018,137.054925886643,73,44
27,3397,422.276560155195,79,52
64,8199,3946.30781242464,86,22
75,6378,4081.2226547983,90,15
9,5561,344.399058360581,83,74
60,7179,3057.79572875282,81,21
14,9104,679.530084388206,75,61
29,8179,1101.15151161773,65,36
77,7229,4828.60748640286,80,3
12,8489,587.369557161054,65,53
95,3932,3485.53857126718,96,1
38,7297,1403.72414817608,75,37
77,6733,4497.30449660402,85,8
36,1191,211.779635661251,80,44
48,3078,867.132180143516,79,31
46,7763,2030.44423815443,72,26
24,9012,994.135392602814,81,57
35,5418,926.061103751355,77,42
93,5135,4416.89179333135,93,0
33,5192,819.742533580122,77,44
37,1984,366.967133435937,67,30
4,5629,294.879778469825,33,29
49,4459,1303.09031542282,76,27
37,5973,1104.78562903874,65,28
82,3694,2713.22745319313,97,15
13,3644,261.833055374438,72,59
19,2337,211.648253327645,79,60
44,6105,1480.82647388215,61,17
92,8373,7106.98449745185,92,0
13,3052,219.295961855869,65,52
99,5568,5302.85714285714,99,0
38,1698,326.644320077152,80,42
28,5467,707.244717912002,57,29
59,6224,2567.73107145283,69,10
77,9106,6082.34884094404,86,9
67,7743,4059.45945120353,85,18
75,1426,912.484086820692,81,6
10,3576,229.694617114681,84,74
10,9968,640.267321979627,75,65
63,3597,1680.6204738165,66,3
66,8976,4576.51553809436,73,7
37,5491,1015.63333150037,63,26
47,8730,2370.12441844907,78,31
22,7186,732.3475117516,71,49
58,7362,2940.28365175378,89,31
33,6877,1085.77993132329,84,51
7,5427,313.195277816324,79,72
87,1783,1416.22823579128,93,6
49,1451,424.037687301751,76,27
71,6978,4063.63338509921,90,19
2,6505,322.523706619322,79,77
19,5947,538.584579606122,87,68
24,5101,562.703577193404,54,30
73,6937,4240.52009796373,74,1
66,6622,3376.30190432942,79,13
86,3666,2870.1391383824,94,8
41,5903,1276.27638105746,57,16
7,5748,331.720371639622,83,76
84,6635,5037.8526125222,87,3
51,8275,2599.48098542277,81,30
72,2263,1350.66807018669,84,12
69,4877,2698.33544459926,87,18
79,2067,1437.12605403132,81,2
86,5068,3967.77554645991,88,2
79,2912,2024.63041574224,88,9
31,9038,1317.79643821466,76,45
62,9965,4517.04151455064,65,3
79,9048,6290.81593462769,85,6
17,8626,722.6037972715,86,69
3,5672,288.716282702158,30,27
82,9679,7109.18476433576,90,8
16,6908,556.735567189517,85,69
9,9144,566.298325777586,70,61
62,4970,2252.85462391537,72,10
35,4528,773.939586154694,88,53
32,2394,363.243489100283,85,53
55,6759,2441.92710154706,60,5
6,4178,233.11996348382,53,47
44,6065,1471.12408912289,58,14
15,3216,249.407011603659,57,42
35,1695,289.714575647572,73,38
82,6244,4586.19172109851,90,8
0,5297,342.356621229868,57,57
53,6339,2137.31459063877,63,10
51,6148,1931.31227774975,89,38
31,9848,1435.89946044899,72,41
51,6957,2185.44884780498,85,34
18,7424,646.568567840742,90,72
50,8047,2438.60115901134,79,29
94,9049,7894.68451718717,97,3
24,3574,394.256534971422,41,17
57,1140,440.544938663027,73,16
30,5845,818.929626475741,63,33
23,4241,449.653466550799,63,40
48,3979,1120.96132059488,59,11
52,2156,701.806714454534,67,15
10,9068,582.458274048079,76,66
16,8236,663.762902630698,70,54
99,3804,3622.85714285714,99,0
51,9268,2911.41870367351,88,37
86,7180,5621.27632667366,95,9
50,5362,1624.92598665575,68,18
26,1727,206.28739343392,89,63
58,1214,484.8552503707,93,35
82,9556,7018.8417820015,97,15
62,8788,3983.51839737793,80,18
72,9699,5788.83323585536,74,2
52,7136,2322.86304004989,72,20
26,8979,1072.52721809101,79,53
47,8449,2293.83519031801,79,32
45,3992,1005.63357804756,52,7
75,1227,785.145844690735,87,12
89,4481,3658.07375162656,95,6
89,3103,2533.14056043232,90,1
46,2144,560.771924076144,47,1
63,1197,559.272367850529,85,22
87,8784,6977.08851553036,92,5
34,4125,677.67181016409,67,33
58,4189,1673.03018435162,92,34
95,3543,3140.7078224821,98,3
82,2577,1892.79565427144,91,9
1,8723,422.479132690282,84,83
29,5336,718.393992663188,71,42
75,3086,1974.70258901028,79,4
2,5717,283.453963219472,78,76
46,1881,491.983203911953,79,33
16,3077,247.98427044617,80,64
54,4055,1415.57459783651,72,18
0,3220,208.115597576019,88,88
48,3344,942.069529044808,88,40
43,1043,243.530777628155,73,30
26,6479,773.906208487764,77,51
72,3241,1934.38586631686,83,11
95,4351,3856.96295106396,95,0
16,9183,740.084353430998,68,52
79,5951,4137.56030359962,79,0
73,5220,3190.93482937447,91,18
20,5613,528.668400158966,77,57
66,1939,988.621170718022,83,17
73,7110,4346.27330207902,91,18
89,7052,5756.91499586487,91,2
53,6302,2124.83933588981,86,33
89,8230,6718.57776743731,95,6
9,6372,394.625211270208,76,67
36,3723,662.011405177866,58,22
14,1727,128.90470735264,34,20
11,1845,122.970215915588,62,51
49,7668,2240.88282993096,69,20
88,4401,3544.69490120117,89,1
57,8748,3380.60273984575,80,23
54,9078,3169.07181236988,76,22
35,1138,194.51043485955,57,22
35,3451,589.855457557387,66,31
20,3067,288.869763635765,47,27
46,5716,1495.04305877763,87,41
26,3529,421.533417155938,80,54
65,8006,3967.24812211397,87,22
85,5604,4322.03500008307,90,5
54,4050,1413.82912977506,72,18
11,5900,393.238088835756,89,78
92,7911,6714.83988526712,94,2
9,3342,206.973863161493,81,72
67,1720,901.752583762118,74,7
31,8792,1281.9281129435,85,54
4,9683,507.25189108604,64,60
74,3464,2167.23483995424,76,2
89,5062,4132.3743206279,90,1
48,5642,1589.46061090634,64,16
46,6641,1736.98057266309,66,20
39,9112,1822.80697181622,90,51
41,1949,421.389575924274,55,14
33,1959,309.298078444426,79,46
37,1503,277.999799170471,77,40
36,3504,623.069557814462,81,45
39,3143,628.740376692097,69,30
26,5669,677.153001376314,54,28
71,2146,1249.72158848136,72,1
38,2602,500.546832061691,63,25
35,5805,992.20832544788,83,48
57,5168,1997.13705527239,67,10
26,8919,1065.36031386053,73,47
94,7094,6189.069727586,96,2
97,3753,3457.27052468473,98,1
71,4775,2780.71788676537,83,12
74,9988,6248.94387455628,80,6
5,6709,362.428973525231,43,38
86,9959,7796.97645366894,91,5
21,8536,836.243674389038,87,66
36,7749,1377.90125670784,63,27
21,1246,122.066496987903,90,69
85,9261,7142.46362165762,90,5
94,1831,1597.43257276712,96,2
8,3194,190.871045632557,62,54
86,2710,2121.67950491443,86,0
58,8754,3496.22970489712,77,19
44,2868,695.660987238984,63,19
56,3322,1241.55828323763,82,26
4,5894,308.762020661068,78,74
37,6630,1226.30649933481,91,54
29,2734,368.082679149392,83,54
62,4076,1847.61276601188,90,28
23,8518,903.123845338295,66,43
35,2651,453.117014773872,73,38
13,8675,623.326497083768,62,49
26,4600,549.462657669967,79,53
39,5235,1047.23381227589,90,51
9,4205,260.420435246582,64,55
93,5654,4863.31182073914,93,0
91,9831,8237.28995630532,98,7
97,8528,7856.00933506831,98,1
96,7528,6802.31019060102,96,0
42,3297,740.862707470247,66,24
14,5329,397.760964378817,71,57
26,3196,381.757098676786,91,65
27,2705,336.25495885187,76,49
87,2118,1682.31710791135,89,2
12,1426,98.6675684428864,89,77
67,4765,2498.16922187587,90,23
11,5783,385.439977582572,89,78
3,5650,287.596438164173,75,72
69,9533,5274.39651289004,88,19
49,4739,1384.9170228277,75,26
85,9262,7143.23486273543,87,2
79,5039,3503.47275581221,80,1
81,1280,923.751076522552,90,9
39,1042,208.446539138774,66,27
70,5593,3175.79577485075,80,10
71,3245,1889.72346440914,82,11
55,9328,3370.06894558825,63,8
96,1042,941.552499814859,98,2
11,1132,75.4483926376399,82,71
58,7928,3166.33642910948,69,11
16,4278,344.776311007058,41,25
25,7183,824.489693950022,75,50
98,5270,4941.37130919773,99,1
19,9120,825.944403229836,79,60
69,1721,952.190957587723,89,20
71,7940,4623.85340752189,78,7
4,3340,174.968637429244,87,83
54,8876,3098.55490268727,61,7
99,5116,4872.38095238095,99,0
49,8877,2594.19886297563,62,13
8,8118,485.125594378552,86,78
73,3056,1868.10284263762,84,11
73,7058,4314.48621182471,82,9
73,6964,4257.02493328808,95,22
7,3474,200.486529414761,83,76
0,7038,454.881234701871,72,72
24,3095,341.416893043243,56,32
7,1764,101.801450169153,61,54
4,1924,100.790316890379,86,82
90,4670,3862.71684147349,90,0
76,1699,1111.14680232897,83,7
77,2191,1463.47752147028,91,14
33,5654,892.685725127505,75,42
77,6841,4569.44305083441,89,12
80,7746,5488.81242463905,87,7
89,8310,6783.88593528603,90,1
95,5827,5165.36959683973,98,3
22,5438,554.203418995992,54,32
96,5113,4620.11317807426,97,1
89,5498,4488.30383540344,91,2
40,9465,1968.60348379468,84,44
60,4044,1722.4858513827,93,33
87,3539,2811.01050278483,90,3
76,3713,2428.30375341228,92,16
3,1957,99.615261856157,75,72
80,6981,4946.73373823976,85,5
43,1891,441.530872957662,90,47
95,8973,7954.1550356003,98,3
97,2190,2017.43204078325,97,0
19,8557,774.956826583082,89,70
19,6029,546.010834108847,60,41
83,3309,2471.93733771623,92,9
88,4238,3413.40990486039,88,0
17,6771,567.209634978591,83,66
16,5211,419.969461584333,90,74
80,6490,4598.81133951813,82,2
80,9308,6595.64498431969,92,12
68,3856,2077.43693535979,90,22
4,6710,351.508849446176,76,72
53,9145,3083.41093727584,90,37
75,5314,3400.37898833461,77,2
68,2419,1303.24687412742,77,9
48,7418,2089.79418853301,52,4
57,8980,3470.25749929297,72,15
66,5231,2667.08475710468,76,10
90,6004,4966.11390068669,93,3
0,4211,272.166081177832,56,56
54,3525,1230.55498332274,88,34
90,6244,5164.62611523779,90,0
32,3996,606.3161998516,84,52
72,9030,5389.54161457613,78,6
4,6855,359.104793286668,75,71
64,2905,1398.22224601702,67,3
76,5512,3604.85060296485,88,12
92,4103,3482.61762725964,97,5
52,9268,3016.857434863,78,26
37,4388,811.61884149037,88,51
27,8684,1079.49651115329,58,31
72,2682,1600.74757589072,92,20
22,9656,984.072860210611,72,50
27,4802,596.930244882322,75,48
7,8661,499.831269793105,37,30
34,4995,820.598955580517,78,44
16,2849,229.609095385486,61,45
60,5002,2130.53269748177,89,29
70,8350,4741.26492401283,87,17
24,6385,704.344705034284,76,52
57,3012,1163.96610109915,69,12
12,3113,215.394207968237,84,72
54,5148,1797.13391606963,69,15
69,4407,2438.29491579843,70,1
41,1960,423.767864962328,81,40
21,5072,496.887056759747,40,19
26,5863,700.325991721525,81,55
43,5601,1307.78129002425,74,31
13,6897,495.571510131037,65,52
83,5175,3865.90381465141,87,4
51,4663,1464.81931541104,89,38
26,4185,499.891570075829,72,46
5,5558,300.250444902852,73,68
81,3400,2453.71379701303,83,2
12,7091,490.639360328547,89,77
55,3692,1333.86519587391,70,15
17,7311,612.445671441217,75,58
63,6970,3256.58179107618,75,12
17,8782,735.671985582926,78,61
31,5851,853.112077892674,79,48
65,4258,2109.98532400216,79,14
28,3041,393.402448723321,68,40
30,3641,510.132210435958,80,50
92,9307,7899.76170044003,95,3
37,1486,274.855423531151,91,54
58,5095,2034.8743827337,84,26
90,5665,4685.71539763326,95,5
1,5503,266.525583766436,65,64
92,1691,1435.31718442507,94,2
64,7635,3674.84573092598,80,16
38,8349,1606.09742539702,76,38
38,2075,399.167823415837,79,41
43,7944,1854.8499496434,82,39
76,7279,4760.46943740587,88,12
77,1626,1086.08601091314,91,14
47,8484,2303.33740734501,86,39
1,2852,138.130286189692,90,89
85,5041,3887.82627327244,92,7
45,7673,1932.92245600174,91,46
34,7782,1278.45867313865,66,32
65,7235,3585.19112709151,84,19
34,4304,707.078659623332,68,34
3,8552,435.314113129205,70,67
54,3345,1167.71813311051,83,29
8,3301,197.265285420498,79,71
24,6030,665.183801308807,87,63
54,6084,2123.8855371732,82,28
18,5303,461.847132982147,61,43
91,9843,8247.34462820804,93,2
73,8129,4969.17801302396,82,9
96,5885,5317.69334108488,99,3
10,9886,635.000275390308,90,80
11,6932,462.021429120247,87,76
26,8411,1004.68052470915,87,61
38,3952,760.246379826211,89,51
32,3091,468.999843278602,85,53
95,4409,3908.37730435325,97,2
55,3589,1296.65281364882,76,21
93,5006,4305.93190212595,94,1
13,4070,292.442517940165,65,52
23,6483,687.362278625049,63,40
12,1439,99.5670624048482,83,71
1,4408,213.491690576495,59,58
42,6896,1549.58727046249,75,33
63,6825,3188.83367634073,68,5
70,7651,4344.36142917631,78,8
77,7176,4793.20615886387,79,2
97,7029,6475.12776925365,98,1
30,7677,1075.60697047977,85,55
87,4370,3471.06976467073,90,3
36,1547,275.082364708611,81,45
41,2903,627.652097951856,76,35
4,5116,268.005853020363,62,58
62,2306,1045.28828224323,67,5
15,2281,176.895955680331,69,54
49,1577,460.85970563395,82,33
49,6391,1867.69459651653,56,7
55,2709,978.721781046159,62,7
54,3071,1072.06648334302,85,31
60,3123,1330.19864338976,62,2
39,7023,1404.91367022227,82,43
54,7073,2469.13911972815,74,20
48,9499,2676.05216997507,80,32
9,6755,418.344837120253,83,74
86,5517,4319.30104376861,93,7
18,2539,221.125753468163,67,49
66,2207,1125.26401432423,77,11
4,5777,302.632879769085,80,76
34,3492,573.679990568001,72,38
4,9965,522.024692210305,83,79
91,5762,4827.9182919572,93,2
73,9010,5507.72467675555,94,21
44,3558,863.027124336229,86,42
92,1261,1070.33410382023,98,6
70,2369,1345.15647963909,86,16
39,7816,1563.54908820408,88,49
17,8263,692.195128316069,21,4
84,8239,6255.7449396489,84,0
83,5555,4149.77694500262,91,8
12,1342,92.8554536117486,57,45
84,6740,5117.57748431042,96,12
18,9758,849.840528689381,70,52
19,2737,247.873885048252,69,50
63,6975,3258.91793296361,80,17
75,5791,3705.60683504813,93,18
99,6623,6307.61904761905,99,0
56,8303,3103.1482317044,82,26
38,4143,796.989056584006,59,21
64,5881,2830.61791009505,77,13
98,5745,5386.75107615578,98,0
62,5307,2405.61357929957,77,15
60,4321,1840.47016909611,94,34
81,9515,6866.79022899381,88,7
3,1158,58.944544317542,85,82
23,4825,511.572265057205,86,63
50,5968,1808.571109355,80,30
37,3572,660.688810803008,71,34
77,1036,691.995760950805,89,12
55,1431,516.999213243652,86,31
27,9929,1234.26080829583,87,60
47,7864,2135.01242000957,69,22
24,6014,663.418802831039,82,58
28,8347,1079.81921719617,54,26
22,3204,326.529561320919,56,34
91,1989,1666.56186787624,96,5
70,9696,5505.54547344053,88,18
66,4693,2392.77934717879,76,10
89,9845,8036.98640588339,89,0
54,1716,599.044638689878,73,19
28,8328,1077.36126043006,91,63
12,7574,524.059020607589,78,66
83,4182,3124.09850297047,98,15
70,3682,2090.69909583416,89,19
31,1977,288.258857971939,70,39
43,4682,1093.20335652447,87,44
4,4652,243.698832730792,58,54
58,6359,2539.69895972593,69,11
19,7632,691.185053229179,61,42
94,8580,7485.51145512939,94,0
56,5263,1966.98411940989,84,28
24,3583,395.249346615167,66,42
14,3310,247.061135690352,49,35
86,5352,4190.12129531441,94,8
78,7831,5338.51192656781,88,10
96,9224,8334.81790623058,97,1
64,3492,1680.75458970446,91,27
22,5501,560.623944078145,69,47
13,4997,359.050432959953,74,61
89,4522,3691.54418764903,93,4
70,6482,3680.58433981451,86,16
6,2928,163.373684318005,65,59
34,9789,1608.17681204758,35,1
69,7878,4358.72188487861,83,14
29,3889,523.582128460858,64,35
36,9545,1697.25996841868,65,29
19,1141,103.333614483031,48,29
62,5282,2394.28131257968,66,4
81,5626,4060.17465352803,82,1
79,4823,3353.29412607309,95,16
92,1395,1184.07301731104,93,1
47,7617,2067.95391699045,82,35
50,8874,2689.219172992,74,24
48,3815,1074.75934608431,65,17
17,4000,335.081751575006,77,60
7,8837,509.988330580957,22,15
14,7312,545.773723313551,42,28
66,4915,2505.96856837497,92,26
88,1609,1295.93594547437,95,7
1,9293,450.085816816552,68,67
27,7313,909.069321287884,72,45
89,3864,3154.38450709329,94,5
23,5637,597.664841062687,79,56
20,6363,599.308218459201,85,65
15,5774,447.784852300847,65,50
78,4892,3334.95088044563,85,7
52,3559,1158.50190015941,87,35
5,9740,526.16756627452,57,52
61,3323,1460.52747942097,74,13
25,5240,601.465403911752,71,46
72,9702,5790.62378124226,88,16
89,9848,8039.43546217772,92,3
82,6134,4505.39718405161,84,2
35,6015,1028.10216667855,78,43
85,2771,2137.10902662922,86,1
95,8210,7277.79035353599,97,2
96,3921,3543.02049114593,96,0
81,9051,6531.93046375439,88,7
35,7008,1197.82875878359,87,52
60,4347,1851.5445093869,90,30
29,7828,1053.89583481399,74,45
84,9122,6926.19314716316,86,2
56,7973,2979.81462740928,80,24
93,9221,7931.48183569784,95,2
92,6817,5786.25502437946,94,2
95,4298,3809.98086960995,96,1
99,7791,7420,99,0
30,1817,254.575728196137,47,17
74,6176,3863.98451834797,91,17
7,9318,537.747116029575,56,49
19,1045,94.6394628700854,84,65
90,9690,8014.93066250067,90,0
10,1484,95.3206968115736,86,76
1,3698,179.104417366578,88,87
83,9632,7195.43681984973,83,0
55,3104,1121.42946045304,76,21
19,3570,323.313763106416,66,47
47,6715,1823.06820960888,74,27
25,3099,355.713986015748,25,0
56,3032,1133.17420673585,85,29
82,7054,5181.13331208022,87,5
93,8151,7011.11684662977,93,0
98,8524,7992.45712326404,98,0
31,2502,364.80711312382,71,40
6,5377,300.02059445967,78,72
19,1387,125.612377991204,79,60
8,7622,455.485006202676,67,59
48,5697,1604.95517552879,74,26
73,1301,795.288546554824,84,11
11,7126,474.951630685355,77,66
6,2785,155.394709981436,61,55
37,6237,1153.61593308465,70,33
78,2740,1867.89971635753,88,10
70,4508,2559.71524280837,81,11
46,5894,1541.59968307126,82,36
57,8088,3125.55040693558,79,22
91,9918,8310.18632760006,92,1
63,3131,1462.89204990811,77,14
54,6368,2223.0281230636,79,25
43,5048,1178.66094483886,89,46
48,1589,447.652057910347,80,32
54,3418,1193.20196680769,74,20
0,8404,543.168783238779,77,77
68,4958,2671.14427528887,87,19
48,1155,325.385857071397,90,42
89,8057,6577.34885446445,91,2
28,2922,378.007877398732,83,55
11,6997,466.353713149794,73,62
75,2143,1371.28569288692,78,3
65,2880,1427.13896973373,85,20
54,9698,3385.50985198977,80,26
24,2754,303.800362985813,78,54
72,7142,4262.69171775224,79,7
71,5472,3186.61534583876,82,11
12,2188,151.391752982493,78,66
32,2357,357.629450212768,85,53
56,3136,1172.04297899856,79,23
84,8852,6721.18633399345,90,6
45,4251,1070.87884275556,88,43
40,7594,1579.45851621097,72,32
82,1722,1264.80175267963,92,10
54,2683,936.618161774442,67,13
28,2801,362.354573782974,73,45
85,3902,3009.38268563957,96,11
21,3871,379.229060866913,74,53
72,7748,4624.38188590652,77,5
71,8455,4923.76329478559,75,4
62,2976,1348.99303033645,83,21
71,3660,2131.39842210707,72,1
72,3757,2242.35967286407,89,17
19,8644,782.835901482314,68,49
54,6638,2317.28339838194,80,26
51,5513,1731.83548914027,78,27
79,4110,2857.56559364719,93,14
59,1547,638.219789128779,86,27
72,1772,1057.615475197,85,13
35,9499,1623.59808500076,71,36
5,2816,152.124010947541,23,18
20,7012,660.435207895006,68,48
96,2104,1901.17702457818,96,0
74,4041,2528.23209822606,91,17
22,6248,636.753027195101,85,63
16,2922,235.492375119828,72,56
36,3309,588.395310162116,89,53
41,4129,892.723221647679,88,47
29,2672,359.735522562976,71,42
26,9750,1164.62193745265,87,61
39,9302,1860.81545783961,78,39
95,2968,2630.99656142446,97,2
59,3734,1540.47362159461,70,11
17,9012,754.939186298488,68,51
73,2077,1269.64973958061,80,7
88,3376,2719.1297401625,94,6
86,9844,7706.9420835342,91,5
27,1785,221.890980240513,90,63
40,2828,588.189186705902,83,43
19,2958,267.888546573888,75,56
22,8358,851.789660898953,82,60
9,5369,332.508279866564,64,55
94,6300,5496.35456495515,95,1
2,1457,72.2393605756113,66,64
72,4140,2470.95263392527,88,16
96,2690,2430.68735556811,97,1
47,3876,1052.30266276158,76,29
84,7262,5513.92398977185,92,8
82,6344,4659.64130023206,93,11
98,8928,8371.26433558204,99,1
52,8713,2836.19754315508,83,31
50,2348,711.549089270365,75,25
62,2344,1062.51332765747,84,22
17,3993,334.49535850975,77,60
80,6450,4570.46735591555,82,2
29,1525,205.313125714273,70,41
43,6790,1585.40170670678,63,20
72,4742,2830.25540823034,75,3
87,2915,2315.37033501491,95,8
24,3850,424.70275871292,82,58
21,5754,563.700340022789,75,54
68,1813,976.76171260563,80,12
21,6374,624.439688443736,64,43
96,6657,6015.27350409551,96,0
31,6018,877.461713340987,82,51
16,4728,381.043103889988,87,71
28,7342,949.806240883468,76,48
55,7613,2750.46471727737,68,13
18,9052,788.353808741164,78,60
37,3957,731.899670869962,86,49
44,1934,469.110303110249,88,44
13,9587,688.856614125889,63,50
12,8199,567.303922624983,63,51
32,8071,1224.61913138195,84,52
57,1215,469.52815831191,82,25
52,3513,1143.52828751335,61,9
35,4979,851.025883273901,76,41
65,2680,1328.03209683555,65,0
7,4787,276.260511315044,80,73
91,1267,1061.60577506244,91,0
39,6194,1239.07664436234,78,39
36,4452,791.639746401252,49,13
86,9294,7276.3429220202,91,5
6,4041,225.475771287247,77,71
37,6460,1194.86274294161,87,50
21,7977,781.480294119184,70,49
37,3791,701.195767568366,80,43
40,7450,1549.50828888224,73,33
28,8549,1105.9511786043,53,25
0,3817,246.701004952691,58,58
61,4961,2180.4624813143,89,28
53,1581,533.064263732433,85,32
68,5465,2944.29275200759,70,2
34,6589,1082.46777143544,59,25
12,7874,544.816573575938,78,66
14,3814,284.680112242599,71,57
34,9813,1612.11962985217,45,11
27,2095,260.426668685644,70,43
71,5695,3316.47923877043,95,24
42,4519,1015.45604339037,89,47
24,1498,165.247982481027,82,58
60,5611,2389.92782198525,74,14
72,1870,1116.10662450248,81,9
90,3171,2622.84263475641,92,2
50,1258,381.230304217257,86,36
99,1156,1100.95238095238,99,0
4,9515,498.451073394988,56,52
91,4951,4148.39004919821,91,0
38,3059,588.459938230865,85,47
68,3975,2141.54870800186,84,16
86,2388,1869.58326853715,86,0
97,6201,5712.37264150546,98,1
3,1535,78.1346075366382,71,68
10,1317,84.5939068064976,55,45
61,8333,3662.52647788592,79,18
3,2913,148.277597234024,60,57
46,1460,381.868940835434,76,30
35,5103,872.220341905346,77,42
16,7478,602.673504841229,75,59
49,1948,569.280092945424,80,31
97,2320,2137.1882806471,97,0
15,5607,434.833679745558,79,64
17,2261,189.404960077772,47,30
22,9895,1008.43009028418,87,65
1,2283,110.57203484259,88,87
63,4196,1960.49027193051,67,4
29,7520,1012.4293149976,85,56
41,4654,1006.23247119116,67,26
5,4407,238.071916280473,51,46
3,9787,498.178113329693,77,74
47,6023,1635.19580438932,70,23
90,2779,2298.60601765628,90,0
53,2200,741.771903992,84,31
99,2440,2323.80952380952,99,0
86,1241,971.58828988886,90,4
11,2659,177.223742070216,82,71
40,5619,1168.68282888984,76,36
28,2176,281.500732792485,59,31
45,6376,1606.19230802387,81,36
5,2674,144.452984827317,86,81
9,1938,120.02254542399,85,76
30,7172,1004.85257161403,58,28
77,6482,4329.64915297598,79,2
46,5539,1448.74798855306,75,29
9,2853,176.689536684542,83,74
28,3285,424.967788246008,69,41
55,3763,1359.51644964071,87,32
99,6521,6210.47619047619,99,0
87,2282,1812.58151097908,90,3
7,4328,249.771358464907,14,7
54,1586,553.66246909216,90,36
16,1129,90.9893536996186,63,47
56,2511,938.456607227479,62,6
13,4338,311.69917514114,74,61
28,2495,322.76853323403,71,43
47,2077,563.888707573737,82,35
52,3053,993.792161052733,80,28
14,6656,496.809341134436,83,69
2,3196,158.460532875535,63,61
27,1521,189.07349072595,65,38
35,3630,620.450684130199,90,55
49,7541,2203.76857335803,77,28
33,7677,1212.08848811529,81,48
95,1156,1024.74124831761,98,3
97,3142,2894.41619732465,97,0
49,5413,1581.88559708089,53,4
2,5800,287.569177308542,59,57
17,8717,730.226907119832,68,51
60,3573,1521.86991765341,72,12
49,1793,523.983165632005,91,42
30,2152,301.51181457242,73,43
20,8053,758.483275695733,59,39
67,6142,3220.09556364356,79,12
75,2967,1898.55559999789,76,1
8,5923,353.95403985023,42,34
91,6415,5375.06002133035,94,3
72,6608,3943.97463888362,86,14
4,3756,196.761138378515,88,84
51,4824,1515.39532008211,78,27
81,4190,3023.84141455429,82,1
68,2717,1463.79568292857,73,5
28,7792,1008.02100639662,52,24
88,1751,1410.30692388167,93,5
2,5814,288.263309805494,80,78
2,3716,184.242597048024,77,75
38,3381,650.403089623588,60,22
75,6533,4180.40570771359,81,6
59,4898,2020.68553791387,76,17
49,5857,1711.63937596578,75,26
58,3646,1456.16329724182,91,33
4,8177,428.358846784111,90,86
6,2915,162.648323014681,70,64
94,2110,1840.84256064371,97,3
17,7856,658.100560093312,56,39
16,8981,723.804593070216,63,47
11,4911,327.320721063118,75,64
50,6484,1964.9422039306,60,10
21,3041,297.916707335645,85,64
32,4420,670.650050886905,87,55
66,4045,2062.38918801155,74,8
8,6343,379.052924999157,58,50
78,9642,6573.09819894864,91,13
1,5661,274.177962875121,70,69
85,6848,5281.45890088666,88,3
11,5360,357.246806128754,87,76
5,9853,532.271974384275,62,57
1,4794,232.186743335688,51,50
4,7234,378.959018911124,77,73
1,9194,445.290971678832,64,63
39,9077,1815.80540860139,48,9
82,9562,7023.24875674952,96,14
0,4437,286.772952312049,80,80
98,1770,1659.62565792789,98,0
45,8265,2082.05448962002,84,39
4,5523,289.326881593328,74,70
20,2049,192.987983596245,73,53
47,6556,1779.90099511479,85,38
42,3956,888.945365711949,85,43
64,1226,590.093106236444,69,5
59,5130,2116.39787862355,70,11
17,7332,614.204850636986,83,66
84,6991,5308.15789210892,92,8
98,2108,1976.54852367909,99,1
43,6698,1563.92056428896,82,39
47,6225,1690.03717123087,79,32
59,7685,3170.47128600819,86,27
51,6410,2013.61608659335,73,22
84,3512,2666.60714019261,89,5
31,5745,837.656620662009,83,52
70,7997,4540.8258200396,71,1
99,1983,1888.57142857143,99,0
24,4239,467.614284203654,78,54
2,3381,167.632998013824,67,65
18,7893,687.414561687362,79,61
91,2997,2511.15430770492,93,2
89,2680,2187.8236229322,91,2
7,2990,172.554612248168,82,75
25,1211,139.002787049071,60,35
78,3716,2533.25377590678,78,0
12,4490,310.671376092959,72,60
75,7043,4506.7499463381,76,1
97,7515,6922.83186597541,98,1
40,3510,730.036791137806,78,38
19,7441,673.887314082589,86,67
24,9584,1057.23408818302,62,38
63,3641,1701.17852242588,75,12
89,8206,6698.98531708269,94,5
69,8493,4698.9876832031,84,15
87,7097,5637.11261324214,90,3
76,5416,3542.06655763019,84,8
32,4159,631.048317112813,71,39
70,7964,4522.08788680697,72,2
30,7250,1015.78097381508,81,51
49,9415,2751.42303648931,72,23
24,7515,828.997722526647,84,60
4,7522,394.046134952927,77,73
53,3227,1088.04451553736,76,23
23,7996,847.778617906199,48,25
21,5672,555.667071360664,46,25
16,3879,312.61975465086,55,39
55,2065,746.054070823299,80,25
72,1274,760.384940971206,78,6
80,4842,3431.03921509195,83,3
65,9761,4836.91093179547,75,10
56,8650,3232.83538531171,73,17
58,3360,1341.93874896668,87,29
25,1032,118.456545197887,76,51
99,6234,5937.14285714286,99,0
77,6086,4065.14112079787,86,9
32,9100,1380.75010476716,76,44
84,4856,3687.08549908181,87,3
38,6663,1281.76154574444,64,26
96,4987,4506.25942089895,96,0
99,6220,5923.80952380952,99,0
49,9368,2737.68783917491,93,44
39,5035,1007.2248796197,86,47
99,4055,3861.90476190476,99,0
84,5334,4050.02348684151,92,8
49,5395,1576.62530874772,76,27
87,3703,2941.27490585256,89,2
44,7617,1847.5766177822,80,36
31,6983,1018.16469662016,62,31
28,6765,875.161974881049,71,43
57,4158,1606.82969733409,82,25
86,1911,1496.13635936955,87,1
87,1411,1120.75044346691,87,0
1,7911,383.151716005138,84,83
98,7201,6751.95726708404,98,0
20,6734,634.251381911718,75,55
51,7220,2268.06679332356,78,27
99,6934,6603.80952380952,99,0
33,4720,745.220485072838,87,54
9,1057,65.4612128550862,83,74
36,2703,480.638417457903,72,36
73,7064,4318.1539530079,75,2
45,6747,1699.65174125424,73,28
1,5666,274.420126770966,80,79
82,2741,2013.25296405045,84,2
29,7211,970.82816362336,89,60
12,2244,155.266496203252,72,60
77,5503,3675.72651786899,91,14
47,4506,1223.3425692476,78,31
38,1387,266.817239073622,83,45
19,6932,627.790197718117,72,53
41,5004,1081.90530422015,65,24
54,9441,3295.7927936312,55,1
6,3272,182.567860344437,59,53
17,4585,384.087457742851,77,60
60,5477,2332.85237587118,84,24
92,4377,3715.18824141249,96,4
9,3113,192.791632561858,86,77
67,8148,4271.79072819403,86,19
4,5925,310.385981068345,84,80
30,8771,1228.88481673545,80,50
86,1571,1229.94778679726,88,2
46,4201,1098.7886441436,87,41
58,8665,3460.6843035108,79,21
65,5526,2738.3228981766,66,1
39,9434,1887.2213533927,88,49
93,5827,5012.11849654173,96,3
91,6375,5341.54444832127,91,0
50,1307,396.0794973068,62,12
94,4617,4028.04270260285,94,0
61,3262,1433.71671317219,87,26
22,6066,618.204843624437,89,67
27,3391,421.530708120773,81,54
56,7620,2847.88504463297,88,32
89,7864,6419.7928995294,96,7
94,2611,2277.93361414252,98,4
77,1983,1324.54400961916,77,0
33,4705,742.852199632988,74,41
44,3945,956.897696882075,55,11
23,8678,920.087899723612,83,60
66,1437,732.670769634759,70,4
32,8937,1356.01798750594,80,48
37,5827,1077.78099119516,75,38
97,7406,6822.42086485881,98,1
89,8879,7248.39027911007,93,4
77,5621,3754.54456786146,89,12
73,8386,5126.27959370389,87,14
89,7270,5934.87975325264,92,3
44,1714,415.747186934316,60,16
84,5244,3981.68788245161,88,4
83,1122,838.172769089638,84,1
51,2160,678.535217947213,53,2
29,2911,391.912464888032,32,3
28,5259,680.336559630367,86,58
73,9586,5859.82783034169,80,7
95,2491,2208.15782833839,95,0
17,7908,662.456622863787,69,52
32,4227,641.366010203381,85,53
82,8165,5997.1581362539,97,15
71,8299,4832.91680466299,94,23
49,9768,2854.58313546761,86,37
29,1749,235.470594671648,88,59
19,2083,188.64497718506,58,39
89,4902,4001.75798493046,97,8
10,4677,300.414352417608,41,31
89,2480,2024.55320331039,90,1
62,6322,2865.70360812736,87,25
45,3281,826.523990374263,46,1
87,4839,3843.59418563882,94,7
82,9449,6940.25073232861,82,0
12,2287,158.241745462048,85,73
45,5203,1310.69927519576,88,43
88,7427,5981.92434247241,92,4
82,6982,5128.24961510407,93,11
74,4155,2599.55564665412,88,14
80,2715,1923.84788702492,91,11
37,1342,248.220712233381,45,8
54,3080,1075.20832585363,68,14
71,9392,5469.42458481683,91,20
20,6935,653.182853216181,84,64
64,3725,1792.90115883422,78,14
1,3027,146.606022544249,75,74
4,4615,241.760557405977,85,81
36,2564,455.921902464692,65,29
16,9156,737.908345858023,79,63
15,8148,631.893137607777,75,60
33,5083,802.532992717211,60,27
21,6723,658.630063603269,67,46
22,3370,343.44713534691,80,58
46,1182,309.156909635262,61,15
18,5478,477.088175462229,70,52
3,9683,492.884302786494,75,72
25,2598,298.207465527239,75,50
39,8976,1795.60089761001,76,37
40,1120,232.946212556793,75,35
55,6342,2291.27114632512,87,32
21,4184,409.892635150391,45,24
88,6935,5585.65306517385,95,7
97,3668,3378.96836785067,98,1
86,1919,1502.39961990066,88,2
11,6285,418.898540395377,69,58
33,2315,365.505386216869,92,59
97,5870,5407.45483077521,97,0
93,3682,3167.08774742864,94,1
39,2038,407.691023766622,55,16
25,5257,603.416722970244,57,32
44,8944,2169.45323217067,60,16
47,4672,1268.41022714709,85,38
54,5565,1942.70595239462,75,21
3,2160,109.948372820286,70,67
80,5144,3645.03629129141,88,8
78,4004,2729.5877606918,80,2
7,7306,421.633443841176,73,66
61,3266,1435.4747962049,68,7
39,2412,482.507727833706,58,19
15,5180,401.719005008381,87,72
81,7799,5628.38644203077,87,6
95,4667,4137.08253105389,96,1
93,1750,1505.26984193376,94,1
80,7570,5364.09889678771,81,1
10,1896,121.784394309126,51,41
83,2454,1833.222794426,86,3
10,4826,309.984961464053,70,60
79,3386,2354.18907544754,88,9
46,3469,907.331065587753,72,26
29,6217,837.004395125007,62,33
27,6339,787.99267436673,77,50
23,1377,145.996893053631,47,24
3,4556,231.909623411677,69,66
6,7772,433.654465341371,78,72
10,9103,584.706403689862,29,19
93,1071,921.225143263462,97,4
71,2171,1264.2803208728,79,8
93,6054,5207.37349889543,93,0
11,6265,417.565529924748,84,73
5,3932,212.411793695217,73,68
89,5147,4201.76424896717,95,6
0,8046,520.030465247408,69,69
76,2810,1837.74132698317,83,7
98,8315,7796.49002580249,98,0
25,7678,881.307513594357,83,58
39,1192,238.453238630919,47,8
68,2451,1320.48701466983,83,15
16,7930,639.101483470306,56,40
75,2137,1367.4463489031,84,9
66,2260,1152.28666623142,77,11
76,5361,3506.09653165721,87,11
19,4821,436.609426312614,74,55
77,3067,2048.60135022791,92,15
5,4124,222.783885350731,73,68
46,4439,1161.03851258116,86,40
79,6221,4325.28359077352,80,1
19,6254,566.387751951688,58,39
89,8694,7097.3651409599,89,0
9,9386,581.285661171087,81,72
39,7163,1432.91992308161,91,52
71,5270,3068.98078811592,91,20
94,8801,7678.32008351909,98,4
45,1623,408.85353135551,74,29
31,8217,1198.08954777715,59,28
46,9510,2487.37919681163,79,33
66,7564,3856.59130237809,78,12
28,4177,540.362390107633,70,42
53,5118,1725.63118392321,73,20
46,5098,1333.40264409523,89,43
23,7529,798.264784169056,72,49
33,4311,680.645235412925,58,25
54,2751,960.356527410172,69,15
9,7466,462.377876230912,66,57
87,5891,4679.1926736099,90,3
53,3021,1018.58769179992,84,31
13,1520,109.216861736868,73,60
52,2272,739.56625938808,78,26
67,5500,2883.51116900677,75,8
30,8386,1174.94334433286,69,39
47,7145,1939.80973308346,80,33
71,3445,2006.19332354067,92,21
58,8859,3538.16529080233,86,28
17,1719,144.001382739359,87,70
94,8962,7818.78247795683,94,0
45,1876,472.587322749807,82,37
64,2997,1442.50329477212,78,14
88,9975,8034.15851840074,97,9
83,7317,5466.05182836799,90,7
27,4810,597.924714261551,85,58
8,3572,213.460042266591,51,43
25,2982,342.28431955436,88,63
34,2771,455.231172355077,83,49
22,7526,766.997964575917,44,22
46,4460,1166.53114803153,76,30
26,3179,379.726475811484,80,54
5,9282,501.425805971262,6,1
73,3310,2023.37055272596,79,6
24,4147,457.465542956488,80,56
64,8329,4008.87885957858,72,8
36,1564,278.105247837277,54,18
4,7300,382.416483004037,72,68
69,1302,720.367592550387,83,14
8,4347,259.773461291398,80,72
3,9387,477.817303548158,75,72
82,4728,3472.69610143398,83,1
31,2598,378.804508351593,77,46
32,8906,1351.31433330289,55,23
11,6759,450.490888549301,85,74
1,7865,380.923808163369,62,61
42,6462,1452.06394166598,72,30
35,4700,803.33835135315,48,13
50,5060,1533.40647006305,77,27
43,9533,2225.86663770777,82,39
81,6644,4794.84543157487,90,9
85,6102,4706.11305683563,90,5
58,3845,1535.6412171955,75,17
15,2308,178.989857829989,80,65
81,9404,6786.68369032662,83,2
46,9682,2532.36649669087,83,37
57,6714,2594.57782296804,71,14
21,5718,560.173539146734,56,35
87,4553,3616.42577541094,89,2
71,2269,1321.35055184725,81,10
94,2630,2294.50992156064,94,0
70,9219,5234.69716580531,84,14
85,8042,6202.32074779943,89,4
69,1892,1046.80144785356,83,14
34,2679,440.117037437478,70,36
84,8002,6075.79451475549,95,11
44,2143,519.805263477386,86,42
77,4350,2905.58065650193,77,0
16,4219,340.02133149574,50,34
5,3703,200.040913543588,81,76
33,5816,918.263207877887,81,48
12,9157,633.589708437244,72,60
46,9538,2494.70271074546,84,38
66,5974,3045.91174516218,80,14
15,8759,679.277367735213,82,67
28,6204,802.587567207986,62,34
66,3334,1699.87776336972,78,12
22,1373,139.926681552317,85,63
8,8921,533.112272413287,81,73
78,2943,2006.28790702197,89,11
92,6010,5101.27514984899,95,3
43,2480,579.056882567426,80,37
46,3986,1042.55451929455,71,25
14,2949,220.11579732654,27,13
48,7083,1995.41820401447,71,23
77,5137,3431.25697297711,92,15
46,1340,350.48245254759,72,26
13,8096,581.723495145843,46,33
54,3718,1297.93005049474,92,38
25,4144,475.662716376011,84,59
78,6358,4334.3454002194,89,11
53,2017,680.069968341756,75,22
25,9461,1085.96644778799,74,49
51,6258,1965.86731199707,78,27
0,6091,393.67456671911,61,61
34,6916,1136.18866402299,82,48
70,1498,850.588605529488,72,2
87,4235,3363.83992068204,92,5
23,1434,152.0403374284,53,30
48,4623,1302.3885863559,89,41
50,4960,1503.10199437011,93,43
69,4166,2304.9549850729,82,13
3,6149,312.996548366637,79,76
20,9554,899.857098720605,87,67
69,3881,2147.27083462984,88,19
88,3321,2674.8311217653,91,3
59,5752,2373.00596449175,80,21
99,7010,6676.19047619048,99,0
61,1851,813.552923384956,71,10
7,8896,513.393254367794,70,63
89,1159,946.152081708364,96,7
30,3355,470.06140236546,58,28
86,8939,6998.41073595207,87,1
31,2664,388.427717570686,74,43
61,2736,1202.52879437128,90,29
82,3520,2585.42518550076,90,8
66,6808,3471.13611668298,94,28
17,5941,497.680171526778,76,59
41,4409,953.261488070869,70,29
91,5710,4784.34804704541,94,3
4,5328,279.111646773357,82,78
63,3704,1730.61391020748,88,25
25,4035,463.151317706855,87,62
51,4386,1377.80345644281,81,30
37,2579,477.020280812138,60,23
67,1416,742.373057329744,91,24
81,3326,2400.30943790157,84,3
91,3586,3004.67112026354,91,0
53,6491,2188.56428582367,71,18
49,6961,2034.27039373362,72,23
62,2627,1190.7945869267,83,21
68,1630,878.169658878752,74,6
10,5103,327.777301771874,88,78
11,4533,302.126823168217,53,42
48,8215,2314.32451588011,88,40
78,1137,775.110210765879,78,0
48,4319,1216.74590189729,61,13
44,1720,417.202544648205,78,34
57,2816,1088.22328708341,85,28
79,2585,1797.27665683163,91,12
15,2629,203.884027831474,67,52
95,6623,5870.98727301691,99,4
73,1449,885.759495740154,79,6
28,8897,1150.9705972678,69,41
1,6486,314.135005689461,71,70
63,8147,3806.50959137699,72,9
90,3506,2899.93260090065,91,1
97,5339,4918.29665102365,98,1
83,5194,3880.09747116897,87,4
43,5146,1201.54303132741,79,36
20,3536,333.043196679512,61,41
25,3533,405.530013744317,79,54
89,1793,1463.71931190949,91,2
70,2304,1308.2484293324,94,24
59,3418,1410.10681269694,61,2
83,6539,4884.85894570155,90,7
84,6154,4672.63677128284,87,3
3,1849,94.1178432151427,84,81
12,6958,481.436845179245,80,68
62,4653,2109.16148190709,88,26
20,2541,239.327704401199,82,62
50,5163,1564.62008002679,69,19
50,4732,1434.00778979019,80,30
63,4003,1870.31519507575,79,16
23,2026,214.807338654072,89,66
96,7969,7200.7983407146,97,1
31,8668,1263.84814410762,72,41
49,6744,1970.85469549484,90,41
65,6546,3243.76794995729,67,2
36,2871,510.511615435309,86,50
54,7787,2718.39195890331,73,19
26,3712,443.392475058895,90,64
1,2567,124.326944126557,71,70
50,4162,1261.2722783404,65,15
30,2176,304.874399865049,49,19
36,6926,1231.55814994948,65,29
83,1986,1483.61062336187,83,0
39,6127,1225.67365192252,76,37
23,1676,177.698469686192,77,54
73,7555,4618.2974398322,82,9
66,2273,1158.91486386904,86,20
9,1020,63.1697607494683,75,66
32,7415,1125.08373921412,67,35
15,6271,486.328162240841,66,51
4,1320,69.1492818582642,78,74
85,8172,6302.58208791556,88,3
53,7789,2626.20970917895,93,40
38,5860,1127.2884073334,53,15
43,8358,1951.51509052361,85,42
26,9024,1077.90239626387,67,41
57,9842,3803.3713037908,57,0
0,5093,329.171657905176,89,89
19,8620,780.662363579077,53,34
52,4823,1569.95073460771,54,2
31,1240,180.799688358728,55,24
30,2458,344.384777053443,63,33
74,8207,5134.66984165833,83,9
66,4995,2546.75747691414,87,21
89,8905,7269.6154336609,93,4
24,4875,537.772973694931,61,37
87,8383,6658.57616412693,90,3
39,5663,1132.85292816015,84,45
70,9727,5523.14777435603,79,9
43,8224,1920.22733961069,83,40
95,2313,2050.36895100228,95,0
47,9965,2705.41693354468,88,41
89,9631,7862.28705688806,91,2
37,2040,377.325076718403,64,27
84,7293,5537.46180906171,92,8
29,5022,676.119683499724,83,54
85,9675,7461.7574278736,87,2
89,5561,4539.73401758431,90,1
46,6925,1811.26192827766,73,27
80,1516,1074.23697853767,88,8
18,4050,352.721268824758,80,62
0,4542,293.559330493876,3,3
95,9282,8228.06943502084,95,0
47,1360,369.229004477748,67,20
52,2339,761.375651720387,81,29
76,1614,1055.55676218891,86,10
42,5873,1319.710852585,78,36
32,7430,1127.35970092527,75,43
88,4444,3579.32836649352,90,2
11,4300,286.597251185381,69,58
96,9662,8730.59525260189,99,3
48,3442,969.678026008441,89,41
12,6332,438.122751318623,85,73
14,2761,206.08332194594,75,61
95,6411,5683.05894720088,98,3
51,2457,771.833810414955,82,31
27,5958,740.63107018094,91,64
14,3800,283.635140671703,74,60
38,4665,897.406215052954,86,48
38,2088,401.668633875792,86,48
88,6905,5561.49018241174,88,0
71,6138,3574.45997674677,85,14
81,1057,762.816318659639,87,6
31,3270,476.786274946,78,47
93,8223,7073.0479486979,94,1
92,3194,2711.06037081825,95,3
12,3478,240.649230746395,78,66
48,6891,1941.32808751429,77,29
3,4195,213.533992583842,83,80
59,4675,1928.68617593862,71,12
33,2809,443.500920035932,87,54
87,3371,2677.56891915447,92,5
9,7801,483.124807457453,66,57
33,9504,1500.54565468904,79,46
0,3505,226.535766926692,87,87
80,9567,6779.17227814637,83,3
39,6708,1341.89960128876,82,43
16,8046,648.450256746794,85,69
53,3638,1226.62099396495,60,7
80,9586,6792.6356703576,83,3
88,5647,4548.25996525403,92,4
44,3500,848.958666435301,69,25
25,1585,181.931806335902,74,49
80,4400,3117.83819628348,95,15
6,1687,94.1295783621839,85,79
91,9072,7601.33195845813,91,0
29,4955,667.099369124081,83,54
53,8929,3010.58242306571,73,20
96,1983,1791.84127363999,99,3
45,7859,1979.77812872641,78,33
34,1920,315.425424367286,52,18
0,4075,263.376105628037,73,73
52,6854,2231.06828426316,93,41
42,8926,2005.74477612357,83,41
83,5540,4138.57142669928,87,4
17,2871,240.504927192961,73,56
71,2245,1307.37416875147,75,4
41,3884,839.752238527388,65,24
71,5254,3059.66319938539,88,17
32,4195,636.510625219585,74,42
70,4670,2651.7014604958,76,6
49,3956,1156.09448033475,77,28
70,1658,941.439190899794,71,1
34,8290,1361.91498333583,85,51
79,8614,5989.06813228149,95,16
11,9676,644.91046569064,81,70
45,4455,1122.26893542132,76,31
0,5892,380.812764260219,80,80
23,4795,508.391504859958,82,59
8,1084,64.7790273843743,84,76
52,6956,2264.27064273921,79,27
6,2739,152.828046908134,28,22
25,1390,159.549028900255,55,30
95,8280,7339.84215922996,99,4
0,8183,528.885072970363,49,49
46,4008,1048.30870881399,85,39
84,5255,3990.04001187704,84,0
61,1293,568.300340322392,68,7
30,9994,1400.23655893902,79,49
80,6303,4466.30321617608,94,14
29,1017,136.920294328797,68,39
51,1985,623.56129982649,73,22
15,3606,279.65226487649,82,67
17,8900,745.556897254388,72,55
75,5848,3742.08060289439,80,5
88,7742,6235.63461147454,92,4
33,5572,879.739098056325,79,46
89,5529,4513.61075044482,96,7
62,4347,1970.45453725556,66,4
68,1259,678.291779465244,83,15
17,8785,735.923296896607,87,70
74,1042,651.922258438891,80,6
10,7034,451.809825722782,52,42
28,9152,1183.95896439192,70,42
45,1520,382.906572803682,74,29
62,2822,1279.18626734189,69,7
20,4088,385.034102948486,69,49
72,1174,700.700094741127,87,15
16,4345,350.176033502961,91,75
4,8552,448.003529130209,81,77
55,8480,3063.69904144386,90,35
94,7642,6667.16533101385,97,3
60,8149,3470.95380883225,82,22
10,7218,463.62856441101,81,71
85,2031,1566.39062904509,89,4
3,5530,281.488195229713,58,55
11,4468,297.794539138671,63,52
30,5166,723.796484238439,72,42
55,3189,1152.13870792034,78,23
19,1309,118.548379805686,68,49
85,8933,6889.49654813384,94,9
34,1965,322.818207750894,56,22
45,3218,810.653520580427,84,39
12,8950,619.266996889084,88,76
9,3637,225.243548868447,55,46
29,4245,571.510963053829,76,47
37,1128,208.638571832529,72,35
64,8723,4198.51726402977,87,23
67,1748,916.432276986152,75,8
67,8319,4361.44171181224,92,25
27,2061,256.20017382392,85,58
68,7247,3904.35307846277,88,20
66,3930,2003.7551319865,77,11
81,3471,2504.95311453889,82,1
46,8193,2142.91248785254,86,40
88,8223,6623.04616509366,94,6
86,2221,1738.83770495017,91,5
45,8722,2197.17837368007,55,10
41,3411,737.485809891072,51,10
4,3184,166.796449573268,82,78
87,8495,6747.53721988051,98,11
47,7461,2025.60117824153,90,43
73,8665,5296.82955872218,84,11
47,7314,1985.69186672812,84,37
31,7084,1032.89112284938,85,54
1,3318,160.699961282398,60,59
29,2514,338.463736423399,54,25
86,7741,6060.48747141794,86,0
33,7381,1165.35432210225,71,38
66,6233,3177.96583655772,67,1
26,3148,376.023575292404,77,51
27,4924,612.095902915567,91,64
94,1785,1557.30046007063,96,2
29,6858,923.303223703925,62,33
41,5568,1203.846669444,84,43
54,5117,1786.31201408864,62,8
41,5795,1252.92590686566,82,41
33,9963,1573.01518914845,79,46
13,4972,357.254102997175,85,72
92,9219,7825.06748859532,94,2
33,4741,748.536084688628,82,49
12,3576,247.430031382722,51,39
38,6746,1297.72825868108,90,52
15,2132,165.34071789148,80,65
58,5185,2070.81917065245,81,23
17,6108,511.669834655034,79,62
67,2788,1461.67802530743,68,1
85,4109,3169.02958874756,88,3
29,4662,627.652322675371,70,41
30,8822,1236.03031048229,90,60
98,2184,2047.80928639238,98,0
37,9724,1798.58286569106,38,1
60,6212,2645.91545716848,70,10
65,1644,814.658495223004,88,23
89,9467,7728.40531279818,90,1
67,9440,4949.15371553162,90,23
2,1470,72.8839121799236,76,74
54,4415,1541.24829826096,75,21
44,6141,1489.55862016548,75,31
6,7998,446.264592614551,77,71
33,1263,199.40963403538,37,4
12,5685,393.355628750217,70,58
34,7289,1197.46662406935,71,37
99,8155,7766.66666666667,99,0
44,9160,2221.84610987067,48,4
98,9013,8450.96387282717,98,0
98,4931,4623.51080183188,98,0
37,4977,920.562209229163,76,39
31,2482,361.890989118034,53,22
55,5309,1918.06346828131,71,16
28,2211,286.028547887952,74,46
50,9548,2893.47133916245,69,19
66,4916,2506.47842973171,70,4
74,8647,5409.95371278415,77,3
20,5817,547.88243073663,72,52
44,7358,1784.75367646598,86,42
12,9587,663.342201025212,67,55
38,8699,1673.42693778042,89,51
43,7628,1781.06689525174,48,5
82,8035,5901.67368338029,87,5
46,8013,2095.83275542077,85,39
19,3595,325.577865088954,64,45
25,5527,634.408260958063,37,12
17,5712,478.496741249109,88,71
13,8257,593.291860106129,72,59
41,5351,1156.92951296603,85,44
72,8412,5020.68926487424,84,12
50,3712,1124.90213772214,72,22
42,5375,1207.80620341297,71,29
7,5544,319.947414817339,86,79
40,1753,364.602420189337,76,36
52,2969,966.449042307751,85,33
3,7804,397.239398837736,58,55
82,1710,1255.98780318361,87,5
49,9117,2664.33604075125,86,37
13,9251,664.71393942616,80,67
40,3065,637.482269184438,67,27
95,9267,8214.77261951498,98,3
45,7414,1867.67719129375,68,23
11,4701,313.324111121506,87,76
90,4875,4032.27935806922,91,1
62,7098,3217.45716711294,94,32
48,2708,762.89601813796,87,39
97,8946,8241.07170632283,97,0
58,9610,3838.10457665768,59,1
63,5471,2556.20645322493,94,31
52,8770,2854.75180230346,61,9
30,3163,443.160720024426,83,53
21,9678,948.121635512783,70,49
62,5527,2505.33752643466,88,26
84,5249,3985.48430491772,85,1
13,2649,190.339122855896,89,76
51,6125,1924.08713422532,89,38
50,6233,1888.8779699413,78,28
75,6089,3896.29425291107,77,2
38,3351,644.631988562154,85,47
66,3593,1831.93185476527,78,12
94,6649,5800.83515910901,95,1
80,2147,1521.36331986832,81,1
56,9708,3628.25039544579,79,23
70,6604,3749.85791115937,92,22
1,4858,235.286441202498,77,76
77,5542,3701.77655134108,90,13
56,9466,3537.80575229602,69,13
81,6364,4592.77488358556,83,2
19,1292,117.00879045756,69,50
94,3980,3472.3001854796,94,0
14,5494,410.076700750089,43,29
19,9230,835.906451953003,83,64
91,3748,3140.40919095029,94,3
92,9002,7640.87835256916,92,0
5,9513,513.904728744302,80,75
11,7312,487.348628062211,80,69
98,1181,1107.35474689991,99,1
33,5278,833.320703435262,44,11
36,9887,1758.07326430125,82,46
87,7616,6049.35179124308,88,1
88,1153,928.660127490331,99,11
60,4416,1880.93410477399,75,15
34,7373,1211.26648638542,63,29
7,1473,85.0076735256025,83,76
98,8728,8183.73601265234,99,1
85,7483,5771.19698530007,86,1
25,2468,283.285613903474,68,43
83,1787,1334.95074720426,91,8
48,5994,1688.62582449001,88,40
87,3749,2977.81248232278,88,1
79,3354,2331.94038956026,87,8
65,8605,4264.07320644401,78,13
29,6294,847.371025079105,83,54
22,7872,802.259895979487,70,48
34,8373,1375.55056157671,78,44
98,5372,5037.01075389188,98,0
63,9046,4226.54790273674,80,17
60,4837,2060.25323025176,90,30
26,7457,890.726747444553,78,52
4,1915,100.318844514073,69,65
83,2236,1670.36926175083,90,7
82,2287,1679.79187478416,88,6
47,5494,1491.57658132408,85,38
34,1776,291.768517539739,72,38
45,5243,1320.77576395375,85,40
61,7986,3510.01277479863,78,17
23,7587,804.414253883734,70,47
78,4737,3229.28502057869,86,8
64,9239,4446.87618965621,88,24
41,6723,1453.56701843966,82,41
1,7000,339.029454182273,65,64
85,2741,2113.97179429473,97,12
10,6525,419.115597503718,74,64
58,1493,596.284092918826,76,18
64,5068,2439.30820750922,71,7
60,2274,968.578839278997,79,19
77,2075,1385.99537063023,78,1
10,8481,544.753928341615,87,77
66,9493,4840.11385952871,73,7
3,4827,245.704072038666,61,58
73,7505,4587.7329299723,93,20
35,3026,517.213159828645,77,42
64,3991,1920.93114762614,93,29
47,7221,1960.44311862781,47,0
21,8202,803.522799594528,73,52
10,5657,363.361982387515,80,70
50,3418,1035.80697918488,79,29
20,3575,336.716467231125,79,59
99,4395,4185.71428571429,99,0
37,6830,1263.29915391505,91,54
29,3639,489.924238999502,79,50
96,6527,5897.80534193051,97,1
5,8431,455.453670560624,52,47
45,1383,348.394598807561,79,34
43,7169,1673.89467384108,66,23
51,4082,1282.30590725024,64,13
80,5553,3934.85352362776,94,14
72,7809,4660.78964210687,87,15
52,4605,1498.98883119811,64,12
26,8714,1040.87339107306,40,14
19,5741,519.92837927001,85,66
56,6770,2530.20757902431,87,31
58,5320,2124.73635253058,74,16
50,6341,1921.60680368969,75,25
99,1915,1823.80952380952,99,0
31,2902,423.129593239539,65,34
54,4618,1612.11430155586,64,10
54,5506,1922.1094292695,67,13
73,2238,1368.06746132951,80,7
30,4249,595.317704515898,64,34
62,8093,3668.48138256481,80,18
17,1655,138.640074714159,72,55
23,5240,555.57278111912,69,46
59,4157,1714.98362211269,78,19
27,2729,339.238366989558,68,41
25,6728,772.263213266845,84,59
96,7131,6443.58049537405,96,0
79,8601,5980.02960363978,90,11
39,6025,1205.26909626786,74,35
15,2912,225.831224437144,56,41
84,4262,3236.07051010846,88,4
33,6923,1093.04267333883,65,32
71,2281,1328.33874339514,84,13
99,6621,6305.71428571429,99,0
82,1848,1357.3482223879,92,10
3,5082,258.684088274394,87,84
17,1750,146.598266314065,89,72
66,9800,4996.64129604776,81,15
26,3676,439.092332520608,83,57
10,1756,112.791875741997,53,43
19,3509,317.789354269024,73,54
36,9656,1716.99761708232,90,54
48,1819,512.447509967854,88,40
65,6469,3205.61180389149,84,19
70,1499,851.156421688053,96,26
14,7619,568.688457046765,60,46
26,3090,369.095567869608,84,58
63,6644,3104.2653400158,84,21
48,3193,899.52990617227,75,27
98,8631,8092.78477603143,99,1
84,8320,6317.24698359981,94,10
83,3439,2569.05182967849,86,3
43,8005,1869.09288102913,78,35
8,3633,217.105356538221,84,76
3,5980,304.394106233939,79,76
46,9321,2437.94547775827,78,32
6,6460,360.448770728932,77,71
87,8046,6390.89870172555,89,2
93,3870,3328.79673616209,94,1
49,4943,1444.53362393698,75,26
94,1919,1674.20704922999,94,0
43,1966,459.042673841758,66,23
20,7538,709.977267129571,87,67
78,1416,965.308758526372,86,8
59,8740,3605.71490432161,70,11
52,4100,1334.60460540983,64,12
1,9629,466.359230617302,71,70
54,4010,1399.86538528346,72,18
68,1066,574.312181818864,89,21
42,5116,1149.60679751828,58,16
2,9782,485.000291798648,80,78
36,5269,936.91595323185,63,27
69,7415,4102.55430012374,72,3
70,5083,2886.2095339829,71,1
6,6196,345.718356569112,25,19
44,6656,1614.47682394096,89,45
27,4070,505.936296682851,80,53
89,3026,2470.28144887792,93,4
0,1432,92.5532719654844,75,75
71,3446,2006.77567283633,75,4
40,2598,540.352018055846,73,33
54,1157,403.90130941969,73,19
87,8988,7139.12472422437,88,1
53,5309,1790.0304719516,66,13
35,9762,1668.55084806584,86,51
56,3162,1181.76017206423,64,8
69,6723,3719.68611729359,90,21
42,6857,1540.82365335865,72,30
86,9197,7200.40088808046,95,9
73,7206,4404.95716101004,81,8
81,7647,5518.69100169371,85,4
46,1146,299.740963148909,82,36
7,2468,142.429693320561,67,60
5,6537,353.137308083833,57,52
82,9059,6653.79737370779,90,8
31,5410,788.811543565095,58,27
76,3587,2345.89969391054,79,3
6,2267,126.491851895122,80,74
53,6434,2169.34565012933,67,14
89,2299,1876.79347355266,97,8
75,1563,1000.14910778453,87,12
28,4921,636.610802422711,69,41
6,2956,164.936000971319,37,31
25,3257,373.849774912324,75,50
65,2920,1446.96034431337,81,16
41,3636,786.132631123992,69,28
18,9237,804.465767934393,69,51
77,6844,4571.44689956304,94,17
14,5997,447.621036475843,46,32
42,5413,1216.34511238594,77,35
76,4368,2856.67406272686,85,9
27,2518,313.009237112388,87,60
52,1999,650.701123466889,93,41
72,6199,3699.8636178026,72,0
86,1210,947.318155330798,94,8
22,2326,237.049862556947,81,59
20,5212,490.899643974439,82,62
94,7013,6118.40231175087,95,1
89,5342,4360.95290809843,89,0
1,9609,465.390575033924,72,71
45,2420,609.627569858494,74,29
26,4956,591.986289437469,91,65
68,7515,4048.73925550541,73,5
88,8114,6535.25435772467,88,0
94,4988,4351.71691587243,97,3
5,6386,344.980090167257,84,79
77,1534,1024.63464990206,90,13
9,6621,410.046064629637,84,75
39,9514,1903.22492645517,68,29
23,2316,245.554687227458,63,40
41,7493,1620.04725110343,89,48
28,6759,874.38577800754,75,47
23,3668,388.900946783384,68,45
47,3159,857.642959665593,75,28
22,5826,593.745700454331,60,38
32,8721,1323.24413886532,83,51
8,1629,97.3478188276252,64,56
83,2808,2097.67302638476,88,5
57,5242,2025.73383199262,69,12
39,9310,1862.41581514586,85,46
43,1716,400.670004228106,58,15
99,9522,9068.57142857143,99,0
74,4985,3118.84113082329,82,8
27,1747,217.167250689175,64,37
51,1307,410.576634193059,66,15
4,4995,261.667168850023,82,78
72,4089,2440.51336234793,81,9
19,4803,434.979272885187,90,71
39,6982,1396.71183902775,84,45
42,5851,1314.76727370592,64,22
48,3721,1048.27772654777,54,6
75,6611,4230.31717950322,79,4
19,5732,519.113302556296,47,28
41,1608,347.662615744604,80,39
33,8573,1353.55407172234,76,43
9,4160,257.633534037047,89,80
6,5124,285.903947556509,46,40
98,8194,7683.03539043002,98,0
6,4561,254.490223420226,49,43
47,2907,789.226997071186,78,31
23,2465,261.352462873785,74,51
48,5379,1515.36842007536,81,33
61,7608,3343.87392820786,80,19
85,9971,7690.04478690725,92,7
58,3498,1397.0540904421,70,12
70,7075,4017.29932184321,73,3
18,9646,840.086261502128,81,63
87,8313,6602.97550428095,88,1
21,6323,619.443387202658,41,20
56,6475,2419.95481154836,89,33
3,3191,162.428360032191,79,76
73,9392,5741.23753208525,75,2
38,6602,1270.0269735862,66,28
68,2905,1565.0815086152,82,14
86,3646,2854.48098705462,86,0
78,2653,1808.59049178705,94,16
44,9222,2236.88480624753,84,40
89,6142,5014.03458658565,97,8
72,8673,5176.46671353475,82,10
6,1655,92.3440736155391,77,71
84,1656,1257.37512077419,84,0
87,3889,3089.01380201475,91,4
63,5010,2340.81417120397,82,19
95,5825,5163.59668810562,99,4
91,3125,2618.40414133396,92,1
76,7415,4849.41350162996,93,17
10,8519,547.194754809835,68,58
2,2797,138.677756712412,80,78
89,2215,1808.2198973115,97,8
27,1685,209.460113000148,79,52
60,2281,971.560392434209,72,12
31,1036,151.055223499711,76,45
93,8302,7141.00013013377,93,0
74,5569,3484.21790522666,81,7
79,9834,6837.29928173394,80,1
38,6240,1200.38902077823,64,26
58,4948,1976.16456246641,65,7
97,5883,5419.43045476159,97,0
18,7072,615.912299537948,78,60
31,6555,955.759642896339,91,60
68,3640,1961.06598669856,77,9
38,3606,693.686347584341,75,37
14,2427,181.153285897427,65,51
19,2180,197.429692877307,81,62
3,5434,276.601600882145,75,72
54,2268,791.744312674035,62,8
40,6866,1428.04347804905,70,30
85,8558,6600.28114395269,90,5
15,2338,181.316415774053,75,60
50,8370,2536.48461549955,68,18
34,8415,1382.45049273474,82,48
52,7956,2589.78396113185,59,7
94,6321,5514.67574683833,94,0
94,7723,6737.83274684899,96,2
95,3123,2768.39698831826,95,0
50,7601,2303.4431974208,60,10
94,4460,3891.07005709523,94,0
60,3456,1472.03538634486,91,31
64,2233,1074.77806380586,85,21
96,2383,2153.28177260922,97,1
71,7125,4149.23873156089,82,11
56,5742,2146.00471473524,65,9
33,5038,795.42813639766,55,22
3,4655,236.948923832606,68,65
3,3053,155.403880657561,81,78
55,1050,379.349527537271,82,27
68,3029,1631.88705321702,77,9
31,2435,355.038097704437,87,56
58,5114,2042.46272684988,83,25
2,4464,221.329104742299,70,68
20,1304,122.81909741801,79,59
85,5714,4406.87151864287,96,11
89,8609,7027.97521262063,89,0
89,2501,2041.69659737068,97,8
85,4981,3841.55180860345,85,0
3,7597,386.702679775792,72,69
2,1186,58.8029386703329,78,76
85,9917,7648.39776870517,95,10
46,9601,2511.18061709658,51,5
55,3078,1112.03604358069,82,27
55,6126,2213.23352923173,89,34
41,1112,240.42340093781,72,31
99,5167,4920.95238095238,99,0
52,1614,525.378495885722,91,39
39,6105,1221.27266933034,52,13
86,3408,2668.14898625402,86,0
78,5674,3868.05218635497,87,9
47,4975,1350.67227740941,75,28
4,6187,324.111065800819,21,17
96,1766,1595.75980294918,97,1
89,9198,7508.80659840685,90,1
12,6400,442.827796658116,75,63
52,2097,682.601428669368,78,26
32,1064,161.441550711237,67,35
19,7858,711.652535151321,82,63
71,5839,3400.33753734513,76,5
38,6289,1209.8151525119,42,4
73,5556,3396.32833563305,82,9
47,6967,1891.48417220329,82,35
13,8170,587.040631835664,73,60
46,2717,710.642405650598,52,6
1,5081,246.086950957162,88,87
13,3430,246.456470893063,78,65
47,1478,401.265050454494,90,43
61,2473,1086.93483497082,80,19
3,8578,436.637565765005,72,69
19,6005,543.83729620561,69,50
23,6364,674.74526317597,72,49
38,6951,1337.16411593421,84,46
90,3309,2736.98715812329,90,0
55,5624,2031.86832654249,61,6
53,2141,721.878930203123,69,16
69,4710,2605.93806521684,81,12
41,3742,809.050689127057,90,49
67,3873,2030.51613773877,77,10
8,8188,489.308741903373,38,30
0,5802,374.995868675797,79,79
42,2448,550.085504363714,84,42
70,4953,2812.39343336953,75,5
40,3429,713.189788265395,67,27
24,3887,428.784317692758,70,46
43,6697,1563.6870736105,77,34
31,9448,1377.57698033327,67,36
83,5896,4404.51572776516,87,4
2,6322,313.450403266311,86,84
54,1909,666.419705861875,84,30
3,6545,333.153750050356,85,82
79,2539,1765.29417086867,81,2
29,8913,1199.97107507627,79,50
48,8073,2274.32036721852,70,22
67,8885,4658.18122484094,83,16
34,7225,1186.9524432571,92,58
49,6138,1793.7583216114,75,26
28,4334,560.672874964444,74,46
64,4636,2231.37980465918,90,26
49,6989,2042.45306447411,66,17
48,3265,919.813699859838,76,28
81,4160,3002.19099869829,81,0
42,7692,1728.45494263304,86,44
89,3584,2925.80591962276,89,0
85,1907,1470.75673539586,96,11
42,6654,1495.20790279255,72,30
98,7977,7479.56716005129,98,0
36,1809,321.670328220994,65,29
2,2521,124.993430343937,82,80
1,9523,461.225356025399,85,84
2,6299,312.310042735604,50,48
7,9785,564.697953460978,67,60
51,5506,1729.63653241544,54,3
87,3331,2645.79711352819,91,4
90,2686,2221.68253451773,94,4
24,3872,427.129631619851,73,49
48,7569,2132.33381140555,70,22
25,9099,1044.41483018951,87,62
73,2084,1273.92877096099,83,10
62,4020,1822.22848855932,89,27
82,5971,4385.67437006394,82,0
98,1781,1669.93971568902,98,0
70,3857,2190.06692358293,94,24
75,9571,6124.39354485332,81,6
70,7324,4158.68554532575,75,5
36,6010,1068.67809431076,73,37
4,5194,272.091946948352,68,64
34,3898,640.379325095666,82,48
93,4294,3693.50211500776,94,1
24,6099,672.795357244181,90,66
3,2839,144.51084742444,71,68
49,3334,974.322294599612,74,25
80,8197,5808.39083975811,94,14
31,4909,715.762637220157,73,42
93,1231,1058.84981452598,94,1
44,3791,919.543515558922,91,47
98,2665,2498.81490303832,99,1
1,4674,226.374809835421,53,52
83,2555,1908.67328433514,87,4
79,3505,2436.92637609085,84,5
70,4647,2638.64168884882,91,21
19,6393,578.976158974599,75,56
64,9448,4547.47118084986,95,31
45,4353,1096.57388908844,78,33
51,9642,3028.90582011437,73,22
28,1345,173.997465811531,81,53
83,3217,2403.2101587891,86,3
10,4515,290.008723789929,71,61
1,9660,467.860646771537,71,70
68,1070,576.467199386665,78,10
51,4674,1468.27481883578,87,36
43,9532,2225.63314702932,65,22
30,2284,320.006033681881,79,49
93,2205,1896.64000083654,95,2
8,1538,91.9097270453576,58,50
35,7183,1227.74029314248,67,32
82,6495,4770.55016472371,86,4
54,7460,2604.23834768443,73,19
60,6765,2881.45815643026,87,27
40,7747,1611.28063274774,86,46
35,3634,621.134376344116,82,47
9,4179,258.810225658851,77,68
7,6990,403.396902881169,86,79
31,1142,166.510680730377,69,38
52,9299,3026.94834773317,86,34
99,6192,5897.14285714286,99,0
3,1078,54.8723823612352,74,71
82,9127,6703.7430875186,91,9
68,1358,731.628464268309,83,15
34,5192,852.962918393202,91,57
44,8914,2162.17644360122,85,41
36,7240,1287.39257950248,84,48
0,2580,166.751006753457,80,80
80,6649,4711.47867433837,85,5
28,2838,367.141121169611,52,24
1,5013,242.793521973677,31,30
87,4548,3612.45429970766,90,3
30,2400,336.258529262922,72,42
59,6252,2579.28256084882,88,29
46,4614,1206.8104746676,54,8
81,5744,4145.33295589495,81,0
29,5309,714.758940601361,57,28
16,1408,113.474765287035,24,8
57,1907,736.94666493894,74,17
86,6199,4853.24400404597,86,0
70,5130,2912.89689343543,91,21
59,8064,3326.82894604685,85,26
2,4774,236.699181460514,68,66
32,8890,1348.88664081099,64,32
22,5264,536.470540197665,66,44
71,6245,3636.77135138214,82,11
13,1803,129.551316915508,35,22
15,2977,230.872099982616,72,57
24,6403,706.330328321773,89,65
45,9875,2487.63316212918,87,42
63,9147,4273.73796886281,70,7
34,4057,666.500493051082,59,25
27,3583,445.397973222274,74,47
34,5921,972.726009207655,56,22
56,6832,2553.379347104,68,12
71,2096,1220.60412369847,93,22
66,1211,617.442103011616,76,10
5,1823,98.4808494166786,67,62
55,1762,636.584635733973,59,4
65,9643,4778.43787678554,73,8
84,2333,1771.4107226849,90,6
49,3430,1002.37716570986,85,36
14,4626,345.288463354552,85,71
41,3340,722.135035190906,58,17
48,4113,1158.7117144023,74,26
6,7033,392.420465098542,59,53
80,5230,3705.97585603695,91,11
19,7448,674.521262637699,56,37
85,9105,7022.15001351826,85,0
58,5739,2292.07930961898,91,33
37,6030,1115.3285355941,64,27
38,7035,1353.32319890622,89,51
33,6803,1074.09638982002,75,42
83,2518,1881.03300585357,87,4
41,8350,1805.33758797726,75,34
30,3159,442.600289142321,55,25
67,3517,1843.87432389033,84,17
22,6819,694.945405320646,80,58
52,9137,2974.21519015356,82,30
5,2147,115.983754085359,82,77
13,9667,694.604870006776,88,75
65,1040,515.355739070514,78,13
40,7629,1586.73808535337,72,32
12,8303,574.499874320677,79,67
64,5698,2742.53712833219,83,19
41,3384,731.648191343121,87,46
76,9178,6002.41633418203,85,9
11,5799,386.506385959076,68,57
43,8783,2050.74862886681,90,47
58,9033,3607.65854744525,74,16
56,8615,3219.75454849253,72,16
50,6672,2021.91461823334,59,9
13,7394,531.282549791052,88,75
32,1586,240.645018259419,60,28
68,9286,5002.87328364913,77,9
10,4851,311.59076835104,27,17
14,6135,457.921470531815,67,53
54,6822,2381.51662304333,87,33
42,5726,1286.67875734748,82,40
32,1008,152.944626989593,91,59
36,4760,846.407276026496,69,33
80,5650,4003.58768386401,87,7
87,8341,6625.21576821934,87,0
64,2196,1056.96938115435,82,18
46,4099,1072.11012909893,92,46
10,7978,512.445093775427,87,77
26,5826,695.906400779397,79,53
53,3086,1040.50367987241,72,19
2,5306,263.076216344677,59,57
38,7585,1459.12671836584,85,47
51,6571,2064.19209126442,84,33
27,7894,981.292659954404,75,48
54,5847,2041.15035106044,83,29
15,8496,658.881209758919,69,54
65,3313,1641.70534955828,69,4
17,7589,635.73385317568,79,62
67,8407,4407.57789051635,69,2
0,2008,129.781403705791,2,2
10,5941,381.603948623692,74,64
25,2938,337.233846697085,78,53
61,6494,2854.24780359908,83,22
29,6097,820.848608183556,79,50
2,1054,52.2582608419316,64,62
65,5852,2899.86710100062,87,22
67,4264,2235.50756811725,72,5
61,3461,1521.18134404934,74,13
63,4120,1924.98091524159,78,15
31,6647,969.173813322954,76,45
64,2404,1157.08305660066,83,19
75,5839,3736.32158691867,92,17
51,9141,2871.52334595161,79,28
63,3933,1837.60920865174,82,19
41,1431,309.393783041373,72,31
46,5719,1495.82772098483,82,36
95,2362,2093.80521498806,96,1
7,7568,436.753613877637,88,81
29,7114,957.768902512354,76,47
96,8374,7566.75684592095,96,0
11,1309,87.2455353027126,90,79
92,4605,3908.71415391924,96,4
57,7378,2851.17592759282,87,30
41,6588,1424.37892569991,57,16
51,1892,594.346589053763,76,25
4,8813,461.676228043093,70,66
55,9768,3529.03446188958,91,36
46,7160,1872.72713450802,92,46
69,7942,4394.13165901319,84,15
93,1555,1337.53977383257,94,1
81,8386,6052.01291227978,85,4
31,6351,926.015178037323,48,17
94,9156,7988.03530106815,97,3
60,1339,570.328524975628,78,18
62,2472,1120.53453326334,82,20
8,7264,434.091194575733,64,56
45,8271,2083.56596293372,86,41
83,2337,1745.81975165997,89,6
78,9767,6658.31260206715,83,5
24,2228,245.776038029191,73,49
41,2282,493.386871348996,87,46
83,6356,4748.15162240084,88,5
10,3452,221.729814955224,83,73
33,1234,194.83094885167,57,24
88,8922,7186.04133345077,92,4
93,4466,3841.44863661496,96,3
30,7782,1090.31828113502,41,11
29,6541,880.625019866925,60,31
13,3171,227.846492478689,66,53
24,1679,185.214527760777,26,2
9,3298,204.248893089947,61,52
57,3272,1264.44126254862,57,0
42,9840,2211.1280077365,54,12
5,7858,424.499459526199,83,78
25,6694,768.36057514986,79,54
22,9419,959.919456330131,65,43
26,4618,551.61272893911,65,39
14,1856,138.533373970179,71,57
68,7141,3847.24511291605,83,15
1,1648,79.817220070341,81,80
40,3136,652.24939515902,81,41
51,2344,736.336366142717,76,25
78,3228,2200.57674613215,86,8
90,9809,8113.35963554892,97,7
1,4176,202.255285809311,72,71
16,4241,341.79437470335,79,63
97,2734,2518.5658445212,98,1
70,5712,3243.36589771992,81,11
86,4862,3806.49658778375,88,2
43,6315,1474.49363444084,85,42
1,1001,48.4812119480651,33,32
89,1132,924.110575059421,93,4
48,8946,2520.26136568028,55,7
35,3491,596.692379696563,77,42
44,6880,1668.81017859282,83,39
49,2557,747.253181551052,57,8
43,1158,270.382205650435,82,39
29,2647,356.36973361684,75,46
17,9633,806.960628230508,83,66
7,9786,564.755664033636,68,61
66,6339,3232.01114037212,91,25
23,1656,175.577962888027,85,62
60,5707,2430.81769382816,84,24
1,3225,156.19571281969,81,80
15,8040,623.517529009147,30,15
45,1014,255.438990015088,92,47
98,2958,2773.54389613034,98,0
53,2216,747.166608748305,84,31
91,4053,3395.96543514449,95,4
10,1332,85.5573909386901,84,74
89,4221,3445.82220611821,89,0
46,5737,1500.535694228,73,27
82,5218,3832.59903918835,82,0
99,1835,1747.61904761905,99,0
66,8457,4311.89749394652,85,19
62,8312,3767.7520390311,83,21
28,1905,246.442507339009,79,51
68,8942,4817.54177281828,83,15
35,6590,1126.3829224292,69,34
82,7882,5789.29582730597,85,3
9,4414,273.364043086424,75,66
97,9550,8797.47762076716,97,0
91,2988,2503.61330377788,91,0
0,6260,404.597403983193,6,6
23,4395,465.981368896667,76,53
93,5131,4413.45117654979,98,5
80,6368,4512.36218953027,82,2
51,1600,502.618679960899,75,24
26,2932,350.222720062683,39,13
74,6948,4346.98258314147,81,7
78,5316,3623.99813582358,91,13
74,5265,3294.02177608518,94,20
75,1147,733.954591573165,79,4
78,3190,2174.67156758413,85,7
3,6100,310.502349168399,75,72
99,6188,5893.33333333333,99,0
57,4308,1664.79613663186,90,33
71,4612,2685.79495157317,81,10
24,5820,642.018196288102,70,46
70,5015,2847.59803520052,86,16
63,4831,2257.18029163401,77,14
57,7636,2950.87820318498,68,11
63,5548,2592.18303829134,81,18
23,1933,204.946982042607,65,42
33,2710,427.870236132922,79,46
55,3524,1273.16927146795,85,30
16,7977,642.889348504745,21,5
93,4724,4063.36841902577,93,0
57,3483,1345.98072049414,75,18
24,3290,362.927811991041,60,36
76,9815,6419.01463499637,79,3
31,6712,978.651216341759,36,5
89,1836,1498.82245212818,97,8
71,4985,2903.01123885348,81,10
57,3486,1347.1400492801,74,17
23,7080,750.659406550262,90,67
38,4989,959.734106516439,75,37
73,8312,5081.04411911122,81,8
22,6056,617.185712659016,61,39
77,7789,5202.65924907897,94,17
36,3481,618.979774758032,65,29
80,7945,5629.82374306187,89,9
59,7458,3076.82171126208,88,29
89,7808,6374.0771820353,98,9
55,5861,2117.49293418661,91,36
79,3836,2667.06122073738,91,12
18,9943,865.95248788261,71,53
49,6131,1791.71265392628,85,36
9,7609,471.234028963435,84,75
64,8796,4233.65331358545,64,0
30,3710,519.799643152267,72,42
64,1061,510.676007925667,88,24
49,5719,1671.31049874481,78,29
16,4473,360.491921256328,86,70
27,4497,559.016099799209,78,51
60,5828,2482.35596979683,79,19
0,5552,358.837825385733,59,59
85,8972,6919.57495016868,85,0
67,3558,1865.36958896838,79,12
47,6159,1672.1187048371,81,34
2,3644,180.672772777987,83,81
85,1611,1242.46937636221,89,4
28,1841,238.163074021583,80,52
68,5850,3151.7131929084,89,21
80,3601,2551.667123822,81,1
55,1267,457.748429894973,68,13
18,3633,316.404041886505,68,50
55,8906,3217.6065640447,82,27
56,5111,1910.17591379516,61,5
6,4976,277.645988103276,75,69
70,4686,2660.78651903283,84,14
39,6527,1305.69151723491,61,22
92,7500,6365.98396403784,93,1
81,1808,1304.7983955881,92,11
59,2800,1155.1489395996,64,5
71,6927,4033.93357102067,82,11
11,5599,373.176281252779,25,14
41,3839,830.022874280804,50,9
44,6384,1548.50060757799,79,35
83,3028,2262.02062816704,97,14
24,4170,460.002728268279,76,52
60,7849,3343.17295932315,85,25
51,9939,3122.20441258211,76,25
32,7830,1188.05201322273,82,50
45,1767,445.12889088428,91,46
6,7057,393.759593658525,83,77
89,7433,6067.94514524441,94,5
77,3270,2184.195114198,83,6
32,6582,998.691998854662,86,54
90,5878,4861.89498804736,98,8
46,6052,1582.92522598359,65,19
28,8907,1152.26425872365,71,43
39,5611,1122.45060566954,79,40
54,4178,1458.5131121482,78,24
26,8247,985.090986479178,76,50
1,8351,404.462138839452,25,24
69,3012,1666.47249520873,83,14
15,8905,690.599949729658,80,65
28,5234,677.102405990748,64,36
17,1663,139.310238217309,89,72
15,3653,283.297205655524,76,61
19,5383,487.506438880067,73,54
23,5736,608.161349713602,77,54
6,5881,328.142294219327,69,63
37,1818,336.263230134342,63,26
28,3283,424.709055954839,73,45
19,4442,402.285640257339,73,54
49,2593,757.773758217395,85,36
23,1643,174.19963346922,66,43
44,2894,701.967537332503,79,35
49,5096,1489.24607476893,83,34
16,3613,291.182050413394,84,68
6,1830,102.108552698753,85,79
41,7834,1693.7742112831,85,44
41,1185,256.206591826714,82,41
13,4313,309.902845178362,86,73
34,3469,569.901456838601,76,42
96,2521,2277.97874475361,98,2
67,6574,3446.5822591001,92,25
91,7199,6031.96525230821,96,5
84,2134,1620.31310853389,86,2
25,1154,132.46012902942,84,59
77,2255,1506.22629434755,93,16
8,8762,523.610551606908,67,59
24,8932,985.310400213974,80,56
45,8735,2200.45323252642,91,46
16,4211,339.376588511155,61,45
12,2242,155.128112516796,65,53
74,4422,2766.60290481456,77,3
55,2996,1082.41065190635,91,36
61,3483,1530.85080072923,68,7
20,3817,359.509581936001,71,51
89,9143,7463.90723301085,89,0
39,5750,1150.25681386559,65,26
25,9217,1057.95928012493,43,18
41,2543,549.817183979183,83,42
59,2849,1175.36404604259,67,8
44,2171,526.596932808868,58,14
67,1311,687.324207739614,74,7
18,7928,690.462770183379,67,49
86,9780,7656.8359992853,93,7
45,3682,927.54079017313,61,16
54,2198,767.307759813725,83,29
31,1814,264.492447324784,64,33
51,5402,1696.96631821798,88,37
30,4358,610.589446053256,85,55
58,5921,2364.76765852134,63,5
60,7390,3147.66825957423,81,21
78,8384,5715.50044596406,86,8
40,9110,1894.76785392177,78,38
99,3251,3096.19047619048,99,0
1,8709,421.801073781917,72,71
10,3674,235.989380111672,80,70
11,3946,263.002965855236,82,71
40,5888,1224.63151744143,59,19
51,5508,1730.26480576539,80,29
51,9523,2991.52355579227,67,16
5,5654,305.436490730609,90,85
26,1359,162.330380820323,45,19
30,5147,721.134437548441,76,46
84,8373,6357.48906174053,88,4
81,1015,732.505736461242,87,6
79,8823,6134.37986198277,85,6
98,6893,6463.16364977229,98,0
38,1357,261.046138012188,79,41
1,5784,280.135194712896,84,83
89,8441,6890.82806013831,90,1
98,1434,1344.57807540599,98,0
14,3404,254.077373380652,77,63
55,3498,1263.77585459559,86,31
4,4099,214.729474497746,69,65
80,6691,4741.23985712108,88,8
82,6439,4729.41840040892,89,7
68,1519,818.367921372284,76,8
35,3663,626.091144895019,55,20
52,3207,1043.9212120852,85,33
59,4887,2016.14745279402,80,21
4,5688,297.970541825611,78,74
41,4993,1079.52701518209,63,22
19,4042,366.060008536732,86,67
31,4945,721.011660430572,74,43
50,6122,1855.24000192213,67,17
61,9109,4003.59458623099,75,14
92,8145,6913.4585849451,93,1
57,5619,2171.42281609434,68,11
74,1131,707.604677825706,77,3
80,7446,5276.23254761972,92,12
59,8098,3340.85575459913,84,25
43,3350,782.193772822934,51,8
64,1212,583.354685773712,74,10
53,3810,1284.61407009524,90,37
21,3792,371.489692277792,88,67
43,5705,1332.06432058353,75,32
99,7013,6679.04761904762,99,0
80,5920,4194.90957318141,81,1
72,4894,2920.97637450006,84,12
95,3265,2894.27350844032,98,3
66,5166,2633.94376891661,77,11
32,2009,304.82713851398,73,41
34,4105,674.386128660264,70,36
94,5665,4942.35692229697,97,3
63,2491,1163.86588831718,94,31
22,9053,922.619262995719,82,60
25,4192,481.172323129401,44,19
16,2384,192.133409406458,86,70
27,7803,969.980570765672,90,63
18,3970,345.753935119578,61,43
93,1155,993.478095676283,94,1
94,2017,1759.70589801818,97,3
87,3690,2930.94906902402,96,9
53,1886,635.900823149505,58,5
92,3015,2559.12555354321,93,1
11,4859,323.854893839481,88,77
58,7975,3185.10759613372,79,21
64,7565,3641.15362861232,93,29
34,5825,956.954737989291,73,39
99,6727,6406.66666666667,99,0
86,4117,3223.23045082388,87,1
85,9464,7299.02556045434,86,1
88,1972,1588.30682689587,88,0
99,4890,4657.14285714286,99,0
30,2065,289.322442886639,75,45
5,2498,134.945234143096,86,81
23,2331,247.145067326082,74,51
66,8491,4329.23278007567,90,24
69,7974,4411.83654608048,92,23
86,3375,2642.31303656318,91,5
86,4226,3308.56737556029,96,10
13,1077,77.3858947964517,53,40
75,3578,2289.52879568333,85,10
60,7692,3276.30098141339,71,11
50,3299,999.744653110278,79,29
15,9050,701.844979792634,24,9
37,1136,210.118278015738,86,49
96,2913,2632.19043374346,97,1
55,8520,3078.15045201671,82,27
73,7270,4444.07973363072,74,1
11,6406,426.963253742687,78,67
48,2075,584.567665301428,74,26
7,4996,288.322021000618,66,59
64,5338,2569.26345929049,87,23
73,1237,756.165973934141,90,17
40,5009,1041.8103381223,70,30
35,9846,1682.90838455811,57,22
73,5146,3145.6993547818,91,18
80,4373,3098.70600735174,83,3
3,2147,109.286646502386,43,40
40,5221,1085.90372835626,58,18
95,8367,7416.9636891639,95,0
82,6343,4658.90680444072,87,5
88,7656,6166.36768088983,98,10
80,1879,1331.45862973106,91,11
41,2873,621.1658551208,78,37
70,8331,4730.47641700011,77,7
97,4786,4408.87203067975,98,1
41,2652,573.383866265354,75,34
20,5754,541.94868599941,86,66
19,4475,405.274254874289,87,68
27,5061,629.126191034867,48,21
2,1763,87.4111137232689,46,44
64,1092,525.596796093146,87,23
63,7852,3668.67722001867,95,32
85,1244,959.423900803593,92,7
14,4669,348.498018893732,86,72
83,9352,6986.2671448541,93,10
65,1359,673.431201343104,79,14
38,2075,399.167823415837,87,49
75,1717,1098.69227003585,79,4
54,1946,679.33616951661,82,28
38,6688,1286.57079662897,75,37
18,9999,870.829621476237,72,54
56,1230,459.69797964548,93,37
55,3316,1198.02193648913,73,18
5,4544,245.472835847168,82,77
20,4997,470.649562728372,61,41
32,3431,520.588308731441,72,40
93,3080,2649.27492180342,98,5
26,5600,668.911061511264,88,62
2,3871,191.927635407132,79,77
81,3239,2337.52323191918,88,7
30,6403,897.10973452937,87,57
65,4225,2093.63268997396,89,24
88,3837,3090.43270527355,89,1
75,1633,1044.94145426241,91,16
90,9808,8112.53250132163,99,9
62,3533,1601.47593285574,84,22
74,1138,711.984193957253,81,7
66,2677,1364.89885199182,92,26
49,5164,1509.11827513869,80,31
11,5197,346.382770793123,61,50
84,6613,5021.14835367134,88,4
99,7965,7585.71428571429,99,0
81,1918,1384.18325372676,86,5
29,3529,475.114767636505,75,46
71,4151,2417.33192627498,79,8
6,5555,309.952464612882,84,78
65,6648,3294.31245513536,81,16
63,9709,4536.32031700984,77,14
57,2877,1111.79630573116,89,32
4,7544,395.198622983898,30,26
60,6805,2898.49560303148,79,19
79,6185,4300.25381915034,84,5
21,1968,192.798447891006,82,61
39,3744,748.967219323962,79,40
9,7847,485.973639804978,72,63
48,6363,1792.58026713879,84,36
34,4191,688.514559126716,76,42
5,7690,415.423879327624,44,39
44,5014,1216.19392957331,49,5
11,1034,68.9166413315545,83,72
35,3852,658.395602002624,74,39
4,1899,99.4806714006392,88,84
75,1106,707.71907435041,81,6
3,7083,360.53903920652,79,76
42,5601,1258.59024098904,45,3
74,1600,1001.03225863937,92,18
6,9098,507.641318280468,66,60
1,5977,289.482721092493,81,80
20,2776,261.461514135273,74,54
66,9931,5063.43313378065,83,17
30,6362,891.365317987795,81,51
47,1615,438.459442817326,86,39
63,1215,567.682478645274,65,2
56,6602,2467.41956229224,93,37
82,4979,3657.05454505918,82,0
31,2828,412.339934418131,38,7
56,8038,3004.10761007347,65,9
39,7416,1483.53122289169,62,23
44,9402,2280.5455376642,90,46
14,4957,369.994576923587,31,17
43,9329,2178.23453930303,71,28
8,9063,541.598085963639,53,45
39,6553,1310.89267848021,89,50
50,7211,2185.25574221831,67,17
83,6126,4576.333675083,85,2
10,4855,311.847697452958,49,39
54,6175,2155.65305589161,82,28
32,6017,912.964107734503,56,24
75,6205,3970.52156993155,82,7
17,3221,269.824580455774,83,66
72,2234,1333.35946477996,84,12
54,1062,370.737416252127,86,32
37,4668,863.408557902699,74,37
40,1726,358.9867525652,81,41
88,2055,1655.15746920436,89,1
56,9267,3463.43185152411,76,20
1,2823,136.725735593794,57,56
10,2054,131.933093834887,75,65
24,5509,607.711038376487,31,7
72,2829,1688.48429984893,76,4
59,7253,2992.24830675568,72,13
98,4459,4180.94395971778,98,0
92,2449,2078.70596372382,93,1
20,7072,666.086393359024,80,60
48,2728,768.530405273396,80,32
98,4011,3760.88051635524,99,1
44,6440,1562.08394624095,82,38
68,5638,3037.49726181497,78,10
47,5093,1382.70832338615,79,32
6,9978,556.742698813202,67,61
51,6899,2167.2289206564,65,14
52,7582,2468.041980053,65,13
89,8792,7177.36764657458,96,7
22,8831,899.99455556337,49,27
41,1592,344.203286234707,86,45
83,8150,6088.33161147999,85,2
5,3219,173.894599161979,87,82
86,3748,2934.33755882631,88,2
92,4653,3949.45645128908,94,2
12,3727,257.877999710125,60,48
38,7262,1396.99119693774,50,12
12,4701,325.270855014031,64,52
22,3780,385.231504929175,74,52
32,5927,899.308337467575,85,53
47,1630,442.531821543183,62,15
98,4805,4505.36795838617,98,0
10,8305,533.449047857223,86,76
44,3538,858.175931956599,74,30
10,1823,117.095438199123,86,76
24,6332,698.498147576677,63,39
4,2424,126.983226685176,81,77
9,6004,371.834552490007,55,46
98,9144,8573.79492434612,98,0
48,5050,1422.68275169745,85,37
65,3145,1558.45557632381,67,2
70,7330,4162.09244227713,90,20
25,9781,1122.69715947726,73,48
28,6713,868.43493531064,43,15
88,5959,4799.55394597995,89,1
68,9153,4931.21894951976,77,9
0,8267,534.314175515824,75,75
53,8412,2836.26602562759,73,20
85,8819,6801.57506526277,87,2
88,1215,978.596751865354,90,2
69,2786,1541.43173029599,86,17
6,7910,441.354454561277,56,50
19,6435,582.779850305263,72,53
21,2407,235.805825240677,80,59
0,4244,274.29894289212,60,60
67,2802,1469.01787191945,85,18
33,9866,1557.70027663742,80,47
40,2242,466.308400493151,85,45
34,4447,730.571282375687,83,49
27,7305,908.074851908655,83,56
57,4540,1754.45089607907,80,23
81,3525,2543.92386307968,88,7
46,5294,1384.66724163205,90,44
74,3531,2209.15306578476,89,15
32,7570,1148.60201022938,85,53
99,3569,3399.04761904762,99,0
81,6982,5038.77345021911,93,12
29,8100,1090.51561854794,82,53
79,9227,6415.26952130964,81,2
81,8515,6145.10970046057,90,9
43,5633,1315.2529917348,69,26
75,7313,4679.5204256099,79,4
50,6188,1875.24095587948,58,8
57,3613,1396.21830121887,81,24
13,9525,684.401715818201,90,77
29,3517,473.49918894236,64,35
58,2081,831.123373987995,71,13
94,1810,1579.11139088394,94,0
40,6530,1358.15961428202,87,47
28,4454,576.196812434618,70,42
30,5687,796.792606632599,75,45
8,1241,74.1612296900447,67,59
21,2174,212.979586237321,88,67
47,1695,460.178796021899,74,27
11,3545,236.276105919111,89,78
90,5964,4933.02853159484,92,2
3,8282,421.570566526669,78,75
92,8013,6801.41726717803,92,0
31,9285,1353.81056968612,68,37
91,9839,8243.99307090714,96,5
46,7216,1887.37416237568,85,39
30,4267,597.83964348537,89,59
24,3127,344.946889998779,80,56
77,5790,3867.4280462405,80,3
50,8619,2611.94275997499,67,17
97,2757,2539.75348695865,99,2
59,7477,3084.66022192365,72,13
86,5355,4192.47001801357,87,1
34,7685,1262.5231178451,92,58
9,5897,365.207920725112,70,61
25,9366,1075.06201775524,86,61
5,1580,85.3536709151685,62,57
14,1829,136.51807165488,79,65
76,3051,1995.35544079204,85,9
1,4918,238.192407952632,64,63
50,6581,1994.33754535276,81,31
61,1196,525.666826779258,80,19
69,6184,3421.46942575391,89,20
62,9764,4425.93009012268,84,22
73,1599,977.45302531988,86,13
36,1158,205.911686058547,75,39
86,5113,4003.00638694741,98,12
14,2740,204.515864589596,79,65
57,4566,1764.49841222402,74,17
83,5676,4240.16812598287,93,10
68,8874,4780.90647416567,88,20
75,6125,3919.33031681398,78,3
67,1895,993.500666412333,83,16
1,5532,267.930134362334,65,64
63,4046,1890.40601530764,64,1
25,1543,177.110900426686,89,64
28,6869,888.616054021866,78,50
23,5790,613.886718068646,91,68
59,8063,3326.41639285414,81,22
21,6446,631.493290195846,52,31
79,4574,3180.17153901271,92,13
16,6385,514.585494572245,87,71
41,2532,547.43889494113,80,39
12,5250,363.25717694611,75,63
98,3985,3736.50183437438,99,1
11,4697,313.057509027381,57,46
30,5720,801.416161409964,88,58
44,3614,876.610462999194,86,42
49,4386,1281.7569238494,77,28
40,1814,377.289669266091,83,43
95,3283,2910.22968704734,97,2
63,6709,3134.63518455238,73,10
65,4495,2227.4269683865,66,1
33,3134,494.813771232685,78,45
26,6088,727.201882585817,65,39
88,1787,1439.3023831962,88,0
38,4783,920.105879227927,64,26
89,8364,6827.96894858392,95,6
52,7929,2580.99510153525,81,29
74,2968,1856.91483977603,81,7
86,6451,5050.53671077602,88,2
30,2830,396.504849089195,32,2
80,1035,733.400575716682,87,7
62,8347,3783.61721243896,73,11
23,9755,1034.27719080477,85,62
19,4890,442.858347784419,78,59
59,2186,901.841279273117,63,4
14,8899,664.228714957233,59,45
51,2890,907.854990679373,73,22
26,7844,936.953279731135,77,51
21,1476,144.598835918255,85,64
43,5049,1178.89443551731,81,38
43,4194,979.259905438622,55,12
23,7957,843.643629649779,62,39
55,5408,1953.83070944911,59,4
39,6127,1225.67365192252,82,43
71,4998,2910.58177969703,78,7
6,7349,410.05232447166,82,76
33,1387,218.987460338141,78,45
30,6526,914.342984154095,83,53
4,7926,415.210006067123,84,80
15,7716,598.390703213256,81,66
26,1656,197.806556761188,42,16
48,8027,2261.36127680702,73,25
38,1819,349.921094358269,81,43
19,5686,514.947354908426,78,59
87,1939,1540.13827773376,93,6
45,9398,2367.47103369013,91,46
19,5907,534.962016434062,88,69
40,7195,1496.47142798761,88,48
40,8258,1717.56234222678,69,29
93,6432,5532.51178475312,94,1
44,2727,661.46008096259,88,44
50,1103,334.258366893191,61,11
93,2418,2079.85284445476,94,1
38,8893,1710.74672464436,91,53
11,8331,555.265511540794,84,73
56,2371,886.133259950758,76,20
56,3543,1324.15442429588,77,21
86,6284,4919.79114718904,97,11
65,8968,4443.9521807542,78,13
61,6714,2950.94237039794,81,20
26,3023,361.092524812241,80,54
52,3692,1201.79517150563,66,14
45,8433,2124.37574240359,76,31
72,5182,3092.86873164269,95,23
84,1060,804.841562814399,95,11
15,5724,443.907255727407,53,38
40,8506,1769.14328929293,91,51
5,3948,213.27613466651,48,43
67,5789,3035.02657406913,67,0
86,6681,5230.60545104551,86,0
47,3253,883.163199680966,83,36
41,8729,1887.28045574294,75,34
95,6747,5980.90761453195,98,3
25,7276,835.164557034715,84,59
74,7224,4519.66064775676,78,4
32,5177,785.510251909843,79,47
15,5052,391.792357780374,87,72
12,2566,177.546269722613,75,63
67,6459,3386.29066192995,91,24
77,5532,3695.09705557901,85,8
92,1623,1377.59892981779,96,4
36,6834,1215.19901772375,70,34
79,1020,709.176862656967,91,12
30,8885,1244.85709687544,67,37
29,3040,409.279935850092,81,52
71,1001,582.931644953327,76,5
63,2765,1291.8864637483,70,7
25,4116,472.4487791032,68,43
54,2922,1020.05153511179,86,32
22,4749,483.985295478479,79,57
6,3671,204.830872654166,60,54
54,4951,1728.36247444848,69,15
60,2760,1175.58381548374,91,31
79,5626,3911.59708755696,84,5
72,5661,3378.75914508477,79,7
3,3976,202.386449228452,70,67
32,5622,853.030449340764,66,34
32,2301,349.132526491124,62,30
34,3355,551.173072266793,71,37
93,7492,6444.27523186728,96,3
90,9835,8134.86512545862,90,0
45,1974,497.274720206887,70,25
33,3836,605.649529817671,75,42
40,4173,867.932629463836,79,39
44,6058,1469.42617179002,72,28
82,6206,4558.28088102777,85,3
41,5174,1118.6606802628,79,38
84,7150,5428.88412653108,88,4
16,1523,122.742945690451,81,65
37,5587,1033.38980569888,58,21
16,7989,643.856462981623,52,36
32,4090,620.578893241502,53,21
39,4238,847.789282984762,90,51
29,3754,505.406868151726,76,47
6,9930,554.064441693235,79,73
83,1305,974.880092390354,91,8
78,2994,2041.05538349432,79,1
63,9168,4283.54976479002,70,7
58,6559,2619.57626621204,61,3
15,6568,509.361085887074,65,50
45,7527,1896.14327203508,88,43
48,1804,508.221719616278,91,43
73,1835,1121.71751185865,80,7
31,5323,776.126404139926,89,58
46,3351,876.46768543804,85,39
57,8654,3344.27710455249,90,33
33,6664,1052.15027807741,38,5
72,5615,3351.30411581893,79,7
23,2624,278.210491919193,68,45
6,5051,281.830764853225,16,10
53,3132,1056.01345604679,70,17
77,6719,4487.95320253712,80,3
32,2271,344.580603068814,60,28
13,7502,539.042695230251,32,19
35,1969,336.547492300926,80,45
1,8146,394.533419109829,78,77
79,7788,5414.77392781614,82,3
89,5267,4299.72650074025,90,1
39,2345,469.104735393881,62,23
14,5832,435.305300104572,72,58
33,2996,473.025545186064,89,56
41,5245,1134.01145496296,59,18
11,7460,497.212905544871,74,63
13,7944,570.801808972156,51,38
36,2245,399.198389638547,74,38
43,7708,1799.74614952811,61,18
70,3026,1718.21169581591,93,23
17,8419,705.263316627494,84,67
10,4155,266.88510461731,88,78
24,8149,898.935787208203,74,50
97,2329,2145.47909725306,97,0
23,7298,773.772930650256,74,51
78,9256,6309.95612211872,81,3
51,1545,485.341162837243,56,5
66,1973,1005.95645684717,74,8
46,5046,1319.80183250383,84,38
48,4183,1178.43206937632,55,7
56,3309,1236.69968670479,83,27
83,4288,3203.28416564739,84,1
78,7444,5074.68813451293,91,13
9,5291,327.677651103369,80,71
6,5281,294.664080219735,67,61
56,3689,1378.72020074161,87,31
35,9290,1587.87516682357,70,35
96,9632,8703.4872151792,97,1
65,8443,4183.79663939649,87,22
77,9123,6093.70398373957,87,10
67,5634,2953.76398657894,80,13
91,5533,4636.04163648025,94,3
44,8258,2003.05733354935,78,34
34,3147,517.001984627004,71,37
56,1429,534.071880417391,59,3
86,7424,5812.3057728726,91,5
79,7350,5110.24503973403,81,2
15,7660,594.047795051003,51,36
11,3473,231.477268224844,77,66
61,3187,1400.75265630894,75,14
6,2323,129.616485201751,64,58
50,4914,1489.16193555135,80,30
4,5787,303.156737964981,88,84
32,3707,562.466004216687,70,38
62,9017,4087.32196053218,89,27
23,7341,778.332020266309,84,61
32,6415,973.352958470473,92,60
91,8461,7089.38158074451,91,0
0,6767,437.365915775442,74,74
86,7922,6202.19374093437,90,4
44,4789,1161.61801530247,85,41
6,1775,99.0397164154573,76,70
50,7444,2255.86517058288,93,43
59,8030,3312.80213749457,86,27
31,5407,788.374124964227,69,38
31,8305,1210.92049340261,82,51
51,2704,849.425569133919,70,19
39,8320,1664.37159849769,50,11
97,4373,4028.41566865076,98,1
93,8754,7529.78982645037,97,4
81,6471,4669.99470013862,88,7
94,4064,3545.58491301234,94,0
21,4693,459.757680870168,84,63
68,7112,3831.6212355495,84,16
58,8676,3465.07755536754,89,31
61,5789,2544.38566908455,73,12
36,3364,598.175226166624,39,3
67,1597,837.266788527966,74,7
7,3266,188.482730301845,78,71
40,1025,213.187382027422,69,29
24,2655,292.879434904624,84,60
85,1827,1409.05744917055,89,4
67,6633,3477.51446982217,76,9
91,5874,4921.76189638261,91,0
72,5893,3517.22798833855,88,16
91,5677,4756.69769931292,92,1
91,9810,8219.69428047556,91,0
1,5452,264.055512028822,79,78
29,1920,258.492591063216,82,53
13,3133,225.116070935267,53,40
53,8141,2744.89321381767,58,5
65,7201,3568.34295869882,72,7
36,4728,840.717143078418,80,44
32,4135,627.406778374966,84,52
19,1404,127.15196733933,70,51
49,2266,662.211853498117,78,29
21,9513,931.957131497531,21,0
87,3983,3163.6775452365,88,1
18,2205,192.037135249035,56,38
63,1880,878.389349673345,93,30
92,3297,2798.48655059104,96,4
45,7790,1962.39618561887,69,24
10,1048,67.3154247025129,57,47
7,2740,158.126969083606,69,62
58,3681,1470.14182587689,68,10
82,8977,6593.56871881828,87,5
32,3367,510.877538763848,85,53
46,4389,1147.96080912789,48,2
47,9747,2646.23169606221,88,41
8,1800,107.56665063826,78,70
89,9852,8042.70087057015,89,0
16,6350,511.764744014684,76,60
62,7063,3201.59199370509,80,18
0,2093,135.275138424413,74,74
25,5606,643.476155406351,87,62
36,1511,268.680965142024,71,35
49,9201,2688.88405297271,70,21
13,7576,544.359831920072,34,21
29,8886,1196.33602301445,82,53
38,1110,213.53073927305,86,48
49,6590,1925.85000642215,66,17
33,2953,466.236460258494,81,48
17,7981,668.571864830031,62,45
30,5591,783.342265462082,54,24
60,9196,3916.90897361902,81,21
14,1640,122.410955447788,64,50
38,8324,1601.2881745125,63,25
52,7439,2421.49357552286,57,5
45,1371,345.371652180163,88,43
31,5333,777.584466142819,70,39
97,8779,8087.23099819004,97,0
20,1141,107.466710240759,69,49
12,2132,147.517009761735,74,62
75,4438,2839.83476669722,87,12
67,8134,4264.45088158202,83,16
83,3157,2358.38808557575,87,4
88,4613,3715.44593938673,88,0
33,7040,1111.51529976966,79,46
84,5878,4463.07425115381,90,6
89,4866,3972.36930939853,91,2
5,3425,185.022989167375,73,68
85,6680,5151.8903998135,91,6
22,8988,915.994911720482,67,45
85,5779,4457.00218870094,90,5
50,2103,637.303123822648,69,19
58,8076,3225.4456359092,84,26
69,5561,3076.7774056626,93,24
26,7112,849.517048119306,71,45
54,1622,566.229839134605,75,21
93,1521,1308.29453118929,93,0
27,8860,1101.37483749633,74,47
63,8939,4176.55446634576,88,25
5,7324,395.6520796093,77,72
93,4824,4149.38383856484,94,1
56,2243,838.294771012041,92,36
14,6615,493.749067248241,43,29
78,7269,4955.38797014703,88,10
12,1918,132.709955310979,85,73
59,4833,1993.86958038745,79,20
57,5930,2291.60656690504,68,11
19,6187,560.319958638486,76,57
77,6824,4558.08790803889,94,17
70,5592,3175.22795869219,81,11
1,1195,57.877171106831,80,79
73,6163,3767.38148533235,86,13
19,6468,585.768464922213,77,58
77,7999,5342.92866008252,80,3
6,4499,251.030807973601,84,78
25,9513,1091.9351884375,71,46
9,3138,194.339911011599,46,37
88,2866,2308.36073320667,90,2
20,5108,481.104255836807,71,51
90,9942,8223.36848777932,91,1
78,1903,1297.30407307605,85,7
10,7345,471.786063396906,76,66
71,1343,782.095104068249,80,9
20,5251,494.572914526052,78,58
67,5324,2791.23881159856,83,16
37,3219,595.396775468892,78,41
37,2227,411.913208750924,58,21
72,2052,1224.73304464122,79,7
67,1940,1017.09303052239,86,19
42,7607,1709.3547515093,47,5
84,4389,3332.49964074754,86,2
21,1857,181.924145189836,81,60
63,6522,3047.26347796253,68,5
87,3581,2844.37089869242,89,2
45,2530,637.337913942971,67,22
87,3712,2948.42356211847,93,6
94,1438,1254.56474038183,96,2
2,9642,478.058966829131,87,85
59,4654,1920.02255889162,88,29
95,9233,8184.63317103505,95,0
63,6321,2953.35057408788,79,16
5,5455,294.686249900155,67,62
99,2051,1953.33333333333,99,0
70,9721,5519.74087740464,81,11
42,3749,842.430782622371,87,45
30,4292,601.342336498525,89,59
18,4543,395.657462782933,91,73
13,3368,242.001572585375,81,68
5,2291,123.762822826994,56,51
48,7536,2123.03707263208,87,39
25,4794,550.271974494836,56,31
61,2708,1190.22221314233,72,11
11,9674,644.777164643577,38,27
4,5119,268.163010479132,64,60
82,3648,2679.4406467917,86,4
51,8549,2685.55443436608,64,13
4,1991,104.300166802882,69,65
14,8222,613.696875421774,87,73
58,5806,2318.83820729183,83,25
73,2110,1289.82231608815,78,5
15,7946,616.22764745108,80,65
59,6999,2887.45979580629,65,6
7,7191,414.996727985477,64,57
88,8367,6739.02800235178,88,0
11,2101,140.032749939648,86,75
89,3643,2973.97069341119,92,3
50,3179,963.379282278743,90,40
34,8207,1348.27940509495,77,43
19,3036,274.952544759406,47,28
60,2987,1272.27132494563,90,30
3,4309,219.336823371579,73,70
1,5376,260.374620811986,87,86
84,6180,4692.37816810659,93,9
30,4650,651.500900446911,91,61
66,8900,4537.76607498215,82,16
90,3999,3307.70977495771,93,3
82,1581,1161.23784610134,90,8
1,1346,65.1905207613343,55,54
10,7679,493.239643407058,80,70
86,6760,5292.45514879025,87,1
70,1287,730.779396072397,77,7
15,4706,364.95938949217,67,52
81,5580,4026.9773492155,83,2
1,3132,151.691464356983,72,71
71,2172,1264.86267016846,88,17
47,2392,649.408660816745,68,21
44,2612,633.565724779716,60,16
12,2199,152.152863257999,12,0
75,5454,3489.96368129036,83,8
30,2471,346.206177420283,84,54
94,4908,4281.92193726982,98,4
9,2410,149.254042555116,46,37
84,9783,7428.08019718232,86,2
41,9164,1981.33097679325,67,26
2,6859,340.075342613671,70,68
24,4390,484.271457337589,86,62
82,1522,1117.90259441255,89,7
26,5217,623.162322840047,71,45
53,4315,1454.88443896613,66,13
21,2620,256.672730424002,84,63
27,6755,839.705082086648,42,15
75,1342,858.733271047243,75,0
78,8074,5504.16872623018,93,15
55,4875,1761.2656635659,69,14
45,1813,456.716852955971,89,44
35,1652,282.364884347958,77,42
54,7196,2512.07763403984,69,15
44,5944,1441.77437522612,52,8
58,7469,2983.01801072385,90,32
94,7002,6108.80550219301,94,0
42,8742,1964.39848004395,82,40
95,5454,4834.72211792756,97,2
58,8156,3257.39655850365,72,14
88,8833,7114.35811458985,98,10
86,8295,6494.2182631975,97,11
85,1087,838.339051586419,89,4
20,6172,581.318611398741,84,64
82,6242,4584.72272951584,93,11
22,5729,583.860130089746,69,47
79,9202,6397.88773546021,91,12
47,3034,823.706470283447,88,41
54,7055,2462.85543470693,68,14
67,6250,3276.7172375077,93,26
46,3770,986.058840376428,85,39
20,9605,904.660606365021,86,66
89,7897,6446.732518767,93,4
49,8809,2574.32666260587,90,41
28,3550,459.249816825975,84,56
0,6704,433.294088866346,40,40
12,5780,399.928853856861,85,73
38,1508,290.094013354738,52,14
51,1807,567.64497168084,85,34
44,6370,1545.10477291225,82,38
56,9596,3586.39171762441,65,9
86,7867,6159.13382478297,90,4
68,6316,3402.77273955717,83,15
9,6341,392.705345992528,19,10
55,8667,3131.25938587193,62,7
25,5537,635.556095698353,85,60
66,2383,1214.99961311039,82,16
61,1578,693.563756402734,79,18
59,1657,683.600640327335,92,33
1,7213,349.345636145248,59,58
8,3679,219.854282054532,80,72
32,2646,401.479645847681,83,51
18,5264,458.450557800871,82,64
25,2638,302.798804488397,66,41
51,2202,691.728958296187,52,1
3,1287,65.5109054720869,90,87
85,7349,5667.85068087267,88,3
25,8158,936.403581128258,72,47
95,1871,1658.5561207632,96,1
87,9072,7205.84551603955,93,6
37,5418,1002.13101257858,84,47
99,1931,1839.04761904762,99,0
81,1998,1441.91769600942,81,0
10,2490,159.938365943948,82,72
32,4050,614.509662011756,57,25
14,1111,82.9259582332269,68,54
10,6492,416.995932412895,81,71
31,3910,570.10224313115,83,52
60,2708,1153.43513490217,70,10
9,5577,345.389956568416,77,68
19,2924,264.809367877636,84,65
72,3106,1853.81132390625,73,1
0,6691,432.453870615263,79,79
56,2729,1019.93153370123,64,8
59,9481,3911.41682012279,90,31
43,7781,1816.7909690553,89,46
94,1165,1016.38937590044,95,1
77,4507,3010.44873996648,78,1
10,1483,95.2564645360941,77,67
49,7770,2270.6911304856,91,42
13,3336,239.70227023302,87,74
96,5133,4638.18520302272,98,2
6,3669,204.7192786075,71,65
29,2490,335.232579035108,66,37
37,3405,629.799944228511,75,38
17,6626,555.062921483997,67,50
68,6526,3515.91116186671,76,8
4,6682,350.042046497668,86,82
90,4834,3998.36685475008,93,3
84,6984,5302.84290065638,95,11
57,4075,1574.75493425599,92,35
17,5264,440.967585072708,34,17
8,1048,62.6276943716091,82,74
82,9525,6996.07241247011,95,13
21,9811,961.151205415986,21,0
21,2455,240.50822640875,90,69
91,7639,6400.63655540803,93,2
56,8424,3148.37055327929,82,26
62,7879,3571.4771794425,78,16
91,3500,2932.61263829403,91,0
22,1954,199.138190643282,77,55
13,4988,358.403754173353,75,62
4,9000,471.472376306347,89,85
56,7105,2655.4098742936,60,4
64,2908,1399.66619325904,83,19
5,1010,54.5615238128609,73,68
76,3485,2279.19164574247,90,14
94,3968,3461.83093868921,97,3
15,4662,361.547104507543,66,51
60,4744,2020.64116690394,77,17
56,2685,1003.48705312855,65,9
65,5521,2735.84522635414,70,5
27,8110,1008.14333319359,66,39
32,1885,286.012521701768,59,27
62,3398,1540.2816925683,70,8
35,1671,285.612422364067,83,48
94,1799,1569.51458132608,98,4
10,5293,339.981434112978,83,73
31,9336,1361.24668590087,42,11
49,6776,1980.20631919825,71,22
49,9066,2649.43189047393,62,13
75,1131,723.716340949651,91,16
5,4949,267.351466683018,55,50
85,3359,2590.59878038526,95,10
29,3369,453.573718381237,84,55
2,7795,386.483058124153,85,83
50,9343,2831.34716399192,84,34
5,4253,229.75263443178,89,84
16,6932,558.669796143274,90,74
12,7374,510.220651962023,79,67
12,7597,525.650433001829,70,58
76,2457,1606.87916028386,87,11
22,3347,341.103134126441,75,53
79,4433,3082.1382668219,83,4
19,5625,509.422946071034,85,66
4,8851,463.666889187497,87,83
36,3730,663.256121760258,66,30
95,9089,8056.98374217888,95,0
21,8843,866.319448526507,89,68
24,2477,273.243826839455,81,57
54,1449,505.836644208411,77,23
59,2857,1178.66447158431,73,14
20,8044,757.63559787613,29,9
91,7596,6364.60731442328,92,1
4,4221,221.120544487677,72,68
67,3927,2058.82697467084,67,0
91,7785,6522.96839689115,92,1
45,9849,2481.08344443649,87,42
18,3104,270.332547761,81,63
18,7084,616.957399593725,62,44
30,1787,250.372496580351,72,42
57,8987,3472.96259979353,75,18
28,8922,1154.20475090742,85,57
90,2391,1977.67793746533,94,4
96,2344,2118.04132395972,96,0
75,5044,3227.60850906281,93,18
93,9468,8143.93992195935,96,3
9,5129,317.644806749042,61,52
11,3681,245.340577119393,85,74
67,2615,1370.97849217322,86,19
50,3638,1102.47682570936,86,36
23,2349,249.05352344443,85,62
79,2121,1474.67071146611,92,13
14,6604,492.928018156823,66,52
94,5056,4411.04264768464,95,1
86,7755,6071.44817734739,95,9
73,3474,2123.62214506646,80,7
87,4405,3498.87009459372,96,9
0,2447,158.154927723143,31,31
74,2017,1261.92629104726,76,2
73,1050,641.854707058083,77,4
97,5456,5026.07726690111,98,1
9,9950,616.214822997264,79,70
1,3638,176.198450616444,72,71
94,3159,2756.02921757037,97,3
7,7138,411.93806763459,79,72
74,3647,2281.72790453612,85,11
69,3493,1932.59907893894,76,7
6,3099,172.914975307889,60,54
4,7596,397.922685602557,80,76
76,1096,716.784517570659,82,6
20,7021,661.282885714608,80,60
82,5684,4174.87407795066,84,2
25,6170,708.214034758685,89,64
83,3107,2321.03635789795,91,8
58,5518,2203.81488595183,79,21
55,4933,1782.22020889653,91,36
20,3600,339.071127841132,61,41
76,4755,3109.77224548219,82,6
85,6299,4858.04754916546,86,1
13,3409,244.94755372433,86,73
58,3155,1260.06450981842,64,6
82,4533,3329.46942212357,85,3
54,2961,1033.6661859911,83,29
7,8573,494.752739399179,76,69
96,7268,6567.37386627101,97,1
99,6171,5877.14285714286,99,0
56,5187,1938.58001660252,75,19
92,8614,7311.54478216293,93,1
81,2055,1483.05348613582,83,2
6,1550,86.4853861656106,89,83
36,3884,690.63988657288,89,53
64,7364,3544.40916339737,64,0
25,7643,877.290092003343,69,44
78,1133,772.383349866087,86,8
98,5487,5144.83953957646,98,0
86,4406,3449.49073751033,94,8
32,9038,1371.34279636105,48,16
87,3182,2527.44713757031,90,3
79,3098,2153.95090246204,88,9
9,8641,535.14696336878,78,69
38,4954,953.0011552781,83,45
42,5291,1188.9307204201,57,15
66,7907,4031.47374773976,80,14
2,7601,376.864364952108,86,84
87,6194,4919.86410122894,90,3
99,5880,5600,99,0
28,2940,380.336468019258,88,60
92,9233,7836.95065866152,94,2
31,7875,1148.22382727821,73,42
48,1478,416.38120930868,73,25
67,6388,3349.06715411187,74,7
89,6237,5091.58803590601,98,9
26,7276,869.106586349278,72,46
44,2299,557.644564038502,75,31
63,3360,1569.88734835236,84,21
20,2886,271.822020819308,80,60
14,1487,110.990908994427,62,48
50,3671,1112.47730268804,51,1
62,2954,1339.02063562294,79,17
39,2703,540.720724848469,78,39
91,7275,6095.64484102545,92,1
93,8449,7267.4427968562,93,0
10,1291,82.9238676440307,69,59
64,3843,1849.69641702011,72,8
4,6397,335.112087914633,72,68
85,7983,6156.81752420827,87,2
5,8912,481.437921010115,83,78
29,4925,663.060422388718,77,48
44,5199,1261.06745908489,64,20
1,1468,71.0993198199396,85,84
78,4020,2740.49520429097,94,16
3,5880,299.303903788555,58,55
3,6446,328.114449629427,76,73
55,3647,1317.60735897945,64,9
51,3270,1027.22692717009,85,34
53,2482,836.853575321883,87,34
30,9028,1264.89250091069,87,57
15,4552,353.016392045975,51,36
83,5877,4390.3220712476,89,6
52,6615,2153.27060116732,53,1
20,4026,379.194544635666,85,65
38,3540,680.989925249187,60,22
75,1233,788.985188674553,82,7
21,4878,477.881518705451,70,49
54,1654,577.400834727889,66,12
68,3234,1742.3317035668,71,3
61,9024,3966.23532178598,79,18
62,6414,2907.40634965658,85,23
42,4069,914.33738449998,80,38
44,8962,2173.81930531233,86,42
20,5427,511.149725220507,45,25
5,5789,312.729367675893,70,65
87,6007,4771.3309099261,90,3
52,4557,1483.36419191526,78,26
62,5969,2705.69200204243,83,21
61,6750,2966.7651176923,83,22
88,5166,4160.84841163491,92,4
76,3411,2230.79561079701,87,11
46,6441,1684.66975885002,82,36
55,6526,2357.74763496022,83,28
66,7933,4044.73014301499,88,22
0,2449,158.284192069463,69,69
61,7424,3263.00210870336,91,30
17,6890,577.178317087948,70,53
61,5394,2370.77496960478,70,9
64,1514,728.712041469801,69,5
20,5965,561.822021547876,82,62
61,5364,2357.58934685948,85,24
38,7558,1453.93272741055,61,23
55,6962,2515.26801020427,87,32
11,6417,427.696409501533,43,32
36,6795,1208.26416819329,65,29
95,4158,3685.877258222,99,4
92,9926,8425.16757693862,95,3
11,4986,332.319510327979,79,68
99,2192,2087.61904761905,99,0
42,3914,879.507624215513,92,50
14,3135,233.998991054155,85,71
26,8769,1047.44305328434,56,30
40,6117,1272.2606984017,63,23
48,6834,1925.27008417829,83,35
70,6622,3760.07860201353,91,21
56,4441,1659.77132325656,74,18
18,9886,860.988262617669,62,44
38,8068,1552.04144545493,65,27
91,5600,4692.18022127045,96,5
28,9685,1252.91111998861,81,53
92,3045,2584.58948939936,96,4
43,2635,615.24793772789,76,33
88,3716,2992.97574479972,91,3
22,4118,419.678131560408,81,59
14,7720,576.227180522513,85,71
74,3347,2094.03435604124,87,13
17,4949,414.579897136176,57,40
22,3051,310.936857549977,41,19
83,3002,2242.59772977459,86,3
74,1514,947.226774737505,88,14
9,3711,229.826453079683,71,62
35,3656,624.894683520663,71,36
15,3680,285.391107805182,79,64
15,4733,367.053291641827,57,42
72,8655,5165.72344121333,79,7
27,2608,324.197017628716,67,40
79,7178,4990.65835308991,89,10
19,5589,506.162639216179,24,5
0,6505,420.432286407455,82,82
87,9151,7268.59483215145,94,7
42,2305,517.952241649657,84,42
70,9014,5118.2948532996,78,8
72,2040,1217.57086309361,75,3
65,8060,3994.00697779648,80,15
10,5181,332.787419259274,32,22
82,7839,5757.71250827855,82,0
82,8593,6311.52233494547,86,4
76,3451,2256.95562968645,82,6
96,3417,3087.6054624447,99,3
14,5331,397.910246031802,86,72
88,1307,1052.69625900248,89,1
83,7201,5379.39582015551,92,9
96,1881,1699.67394640283,97,1
56,8556,3197.70399499734,87,31
85,7068,5451.13193800627,88,3
58,3222,1286.82340749126,63,5
17,1380,115.603204293377,62,45
88,8944,7203.76078080965,88,0
41,9620,2079.9218678253,48,7
57,5490,2121.57167829826,87,30
72,8198,4892.96369394187,76,4
59,1598,659.260001957201,77,18
39,8621,1724.58504214527,90,51
5,5625,303.869872720141,81,76
47,4136,1122.89056067645,83,36
68,4737,2552.07955466788,81,13
10,8441,542.184637322435,74,64
44,5016,1216.67904881128,88,44
4,4835,253.285437715687,87,83
55,1151,415.839339233713,76,21
86,3207,2510.78456540981,86,0
48,4620,1301.54342828559,59,11
2,3935,195.100812536054,61,59
36,4649,826.669627362852,43,7
27,7166,890.795946444548,29,2
87,3436,2729.19810329717,89,2
52,7506,2443.30296785516,71,19
41,9579,2071.05733595619,86,45
27,4298,534.278673990883,73,46
61,6312,2774.25502561094,73,12
36,2037,362.212525476044,88,52
34,7655,1257.59459558936,37,3
4,7350,385.035773983517,89,85
10,1252,80.4188089003303,59,49
2,2857,141.652610270777,64,62
72,3025,1805.46659845989,91,19
29,9494,1278.19201018447,77,48
69,8443,4671.32379716046,88,19
73,8171,4994.85220130628,92,19
60,3096,1318.69836693394,88,28
86,4006,3136.32771095469,91,5
58,6413,2561.26583247718,84,26
48,3171,893.332080323291,81,33
98,3225,3023.8942072415,98,0
61,2856,1255.27128535248,63,2
20,2697,254.020786607648,82,62
85,8591,6625.73209952063,85,0
86,8332,6523.18584315389,92,6
39,2320,464.103618811857,84,45
18,5893,513.231219057852,68,50
99,9197,8759.04761904762,99,0
33,5644,891.106868167605,85,52
98,9125,8555.9797336678,98,0
76,4436,2901.14609483891,94,18
20,5893,555.040598991054,49,29
67,6166,3232.67815783559,84,17
0,8492,548.856414476881,82,82
66,4775,2434.58797843144,88,22
38,3005,578.071956320284,79,41
93,3251,2796.36128921523,96,3
85,7524,5802.81786949054,86,1
41,2375,513.49422412527,61,20
9,6570,406.887576592163,54,45
36,9998,1777.8109129649,71,35
30,1719,240.845171584568,81,51
39,1004,200.844841934097,75,36
80,7891,5591.55936519839,89,9
13,2940,211.248403622626,70,57
8,4544,271.546033611252,62,54
60,4913,2092.62437879407,80,20
15,7523,583.423180439778,75,60
76,8573,5606.74604847925,76,0
22,6476,659.989213206702,71,49
85,7637,5889.96811128379,86,1
66,5484,2796.07968035979,84,18
54,9142,3191.41380355645,63,9
82,8311,6104.39452178888,85,3
54,3271,1141.88520580104,57,3
59,7695,3174.59681793533,76,17
51,4203,1320.31644492229,84,33
10,4529,290.907975646642,64,54
15,5616,435.531647128777,52,37
91,2426,2032.71950300038,94,3
90,6319,5226.66118228501,93,3
7,9344,539.24759091869,81,74
71,8265,4813.11692861063,94,23
5,3713,200.581126650646,87,82
70,4998,2837.94516050493,89,19
86,6297,4929.9689455521,98,12
75,9373,5997.69519338734,93,18
73,9236,5645.87626132233,82,9
19,9863,893.233514150863,55,36
22,2192,223.393507620304,64,42
67,8077,4234.56722037595,72,5
10,6734,432.540143078933,76,66
12,8444,584.255924215801,82,70
58,8298,3314.10944610879,74,16
19,2477,224.327224429858,48,29
66,6108,3114.23316696528,84,18
43,6105,1425.46059196538,67,24
31,6119,892.188139570206,64,33
23,4145,439.475033919609,81,58
89,6153,5023.01445966485,98,9
30,7978,1117.77939435816,87,57
12,4347,300.776942511379,65,53
70,8952,5083.09025146861,89,19
69,1005,556.044109457096,75,6
79,1696,1179.1803520257,89,10
52,5627,1831.66344259539,77,25
23,5951,630.956797793871,63,40
56,5055,1889.24657488447,89,33
98,5991,5617.41091335932,98,0
40,2672,555.743107099777,88,48
49,5759,1683.00002837407,85,36
3,6176,314.370903026891,79,76
2,5991,297.039127802668,51,49
2,2398,118.89498054929,83,81
6,5628,314.025647316166,71,65
46,2233,584.050236222961,80,34
42,8062,1811.59695105403,86,44
93,2121,1824.38704842372,94,1
30,6657,932.69709554303,72,42
17,6135,513.931636478165,79,62
37,3670,678.815211547324,76,39
67,9721,5096.47492252997,78,11
85,6821,5260.63539178562,89,4
82,3772,2770.5181249173,82,0
80,9977,7069.69811007279,88,8
28,4117,532.600421372547,77,49
98,9884,9267.64971918603,99,1
74,6089,3809.55338928446,78,4
98,8320,7801.17823387574,98,0
52,2079,676.742188938301,86,34
70,9314,5288.63970086893,77,7
16,1723,138.861520305087,52,36
73,4094,2502.62206732932,85,12
90,5354,4428.47665294412,90,0
84,1608,1220.92946509958,85,1
96,4165,3763.49919551717,96,0
7,5425,313.079856671007,52,45
34,3842,631.179416884954,74,40
41,6842,1479.29578166951,89,48
5,1473,79.5733906696476,59,54
28,4793,620.051935787859,90,62
16,4997,402.722586746673,83,67
59,3634,1499.2183023232,80,21
34,3023,496.630759303284,77,43
91,7664,6421.5837885387,92,1
43,8509,1986.77218297025,69,26
59,8326,3434.91788253796,84,25
57,8199,3168.44557201593,81,24
6,3266,182.233078204441,52,46
13,7691,552.622949748848,82,69
27,7986,992.72905781554,74,47
76,5749,3759.84871488478,92,16
90,5391,4459.08061935409,97,7
40,1056,219.63500041069,83,43
5,3220,173.948620472685,83,78
9,3068,190.004731352322,81,72
82,2973,2183.65598764028,90,8
81,7304,5271.15458040681,97,16
1,7620,369.057777266989,47,46
13,8656,621.961286312057,64,51
11,1294,86.2457774497403,77,66
54,7444,2598.65284988779,78,24
79,4594,3194.07696769226,79,0
1,7362,356.562120241414,14,13
12,1344,92.9938372982043,68,56
14,7829,584.363030610201,78,64
29,3617,486.962344726902,73,44
23,8608,912.666125930036,79,56
71,4366,2542.53702484138,91,20
20,9558,900.233844418206,73,53
28,6493,839.974383281988,48,20
28,5275,682.406417959724,71,43
52,7121,2317.980340274,84,32
92,3795,3221.18788580315,94,2
62,1617,732.971011442889,76,14
6,9776,545.471700100006,78,72
97,3990,3675.59536197497,99,2
69,5432,3005.40457967258,83,14
39,3145,629.140466018659,74,35
2,6529,323.713648042667,87,85
18,5781,503.4769518706,82,64
2,2182,108.185507739179,86,84
34,8495,1395.59321875005,81,47
33,6383,1007.78439750422,78,45
99,5568,5302.85714285714,99,0
52,3736,1216.11775751491,70,18
89,9393,7667.99525753811,89,0
58,6699,2675.49038075232,81,23
29,1794,241.529014774692,63,34
0,5478,354.055044571874,89,89
93,8926,7677.73634805758,93,0
93,7457,6414.16983502861,95,2
48,7196,2027.25249132968,69,21
48,3565,1004.32950689137,73,25
8,5850,349.591614574345,75,67
69,4863,2690.58955650732,73,4
84,6784,5150.98600201215,84,0
71,8602,5009.36864124727,93,22
65,9040,4479.63065499754,67,2
87,2665,2116.79654985068,88,1
60,6249,2661.67509527461,94,34
91,4042,3386.74865256699,93,2
35,1894,323.728263289972,79,44
56,6545,2446.11648518672,72,16
68,7379,3975.46865820019,80,12
40,2311,480.659551088168,72,32
97,7971,7342.89990734398,97,0
8,5082,303.69651030202,86,78
95,3609,3199.21381070784,96,1
3,9901,503.98094411743,75,72
77,9640,6439.03391463876,78,1
65,9657,4785.37535788842,87,22
80,8666,6140.72404749832,82,2
62,1508,683.562328544141,68,6
58,4525,1807.22405924828,89,31
58,1965,784.79453622605,75,17
20,8170,769.50308735057,84,64
57,7099,2743.35835049897,86,29
8,3840,229.475521361621,60,52
89,6077,4960.97170020857,89,0
83,1059,791.109592215621,95,12
19,4821,436.609426312614,61,42
47,4652,1262.98038884594,90,43
59,3652,1506.64425979205,86,27
77,1451,969.194835076851,90,13
78,1964,1338.88870179788,79,1
18,7978,694.817353749117,79,61
14,2514,187.647037802279,88,74
37,7329,1355.59582709273,82,45
15,8702,674.856907641492,55,40
82,8965,6584.75476932226,83,1
20,1741,163.978564880948,85,65
87,7209,5726.07366899571,95,8
77,5290,3533.45325813683,78,1
2,9813,486.537299470469,74,72
75,2792,1786.57473380321,75,0
12,5183,358.621323449846,46,34
84,7521,5710.57867351612,88,4
53,6484,2186.20410249278,67,14
33,3589,566.651762908139,80,47
74,4532,2835.42387259602,96,22
89,3733,3047.442382241,90,1
26,3486,416.397135790762,83,57
17,4132,346.139449376981,57,40
85,2605,2009.0830077117,92,7
73,8677,5304.16504108855,96,23
51,6354,1996.02443279472,85,34
89,5862,4785.45599911513,92,3
98,4526,4243.76594789923,99,1
62,8217,3724.6894254955,64,2
48,3258,917.841664362435,87,39
82,7454,5474.9316286144,84,2
11,8987,598.988254977447,86,75
53,3061,1032.07445369069,81,28
98,5587,5238.60370104131,98,0
81,9515,6866.79022899381,92,11
34,6190,1016.91842543411,88,54
77,4398,2937.64223615988,91,14
76,1276,834.50460257314,88,12
67,3849,2017.93354354674,77,10
33,4880,770.482196431239,65,32
55,3123,1128.29388047514,72,17
1,5922,286.818918238203,89,88
32,1536,233.058479222236,56,24
25,3525,404.611745952085,67,42
11,1683,112.172831103488,74,63
7,1739,100.358685852697,62,55
96,6722,6074.00758517801,97,1
62,3738,1694.40051995889,73,11
66,3522,1795.73169843676,66,0
82,2702,1984.60762818837,94,12
26,9065,1082.79978082136,86,60
95,2490,2207.27137397133,98,3
69,3410,1886.67702810816,71,2
80,1621,1148.63993549444,86,6
69,3280,1814.75092439729,80,11
42,3985,895.461901507108,63,21
33,2915,460.236803810873,78,45
91,8506,7127.08660037972,92,1
35,7609,1300.55351392471,84,49
87,6469,5138.29526490959,87,0
47,1050,285.066510810026,71,24
80,8553,6060.65229382104,85,5
28,3860,499.353321957258,28,0
44,6346,1539.28334205669,44,0
10,1219,78.2991438095069,84,74
19,5220,472.744493953919,65,46
99,4593,4374.28571428571,99,0
30,9834,1377.81932365482,73,43
75,1119,716.037652982016,96,21
24,5137,566.674823768382,80,56
4,4097,214.624702858567,83,79
86,6896,5398.93057781916,91,5
52,9760,3177.00998751218,89,37
35,5438,929.479564820943,46,11
5,1080,58.3430155622671,71,66
37,6471,1196.89733894352,67,30
2,9026,447.517136963259,89,87
31,1168,170.301641937898,78,47
42,3050,685.359799145967,81,39
96,2071,1871.35818341322,96,0
13,3427,246.24091129753,35,22
89,2382,1944.55069769571,93,4
26,2244,268.042218219871,65,39
32,9635,1461.92607246501,34,2
62,7183,3255.98687396059,78,16
91,3394,2843.79636981998,93,2
9,6652,411.965929907316,62,53
24,4279,472.026780398074,82,58
85,1554,1198.50863492667,85,0
67,3467,1817.66058599027,82,15
84,1420,1078.18398037401,84,0
38,2558,492.082550504921,58,20
22,3600,366.887147551595,71,49
41,8036,1737.44824634554,75,34
1,5367,259.938725799466,70,69
62,7363,3337.57919434384,82,20
55,3221,1163.69983637862,57,2
49,4437,1296.66107412672,70,21
68,4553,2452.94874654905,80,12
89,4957,4046.65735032646,90,1
57,3315,1281.05830848064,72,15
3,2796,142.322060372925,29,26
36,4502,800.530579132623,78,42
14,2730,203.769456324671,82,68
93,3023,2600.24613266615,94,1
94,1033,901.227661206138,95,1
94,8898,7762.94649507475,94,0
25,8708,999.534491844186,87,62
64,9830,4731.33379633299,83,19
18,1045,91.0107965239191,22,4
20,1121,105.582981752753,74,54
89,4147,3385.41215085814,90,1
9,5161,319.626603164711,78,69
86,5510,4313.82069080388,87,1
6,2510,140.050528564957,79,73
40,6405,1332.16115305916,70,30
71,5745,3345.59670355331,92,21
18,8302,723.035055255097,73,55
82,6116,4492.17625980758,86,4
49,5537,1618.12313893163,50,1
31,6341,924.55711603443,60,29
22,3733,380.441589391695,64,42
83,9605,7175.26688690372,97,14
74,5816,3638.75226015412,81,7
11,6683,445.425448760908,88,77
39,9195,1839.41067886854,85,46
66,9492,4839.60399817198,88,22
90,7792,6445.02989909238,90,0
86,7945,6220.20061496132,87,1
13,1530,109.935393721979,78,65
40,3883,807.61619942681,81,41
81,7575,5466.73000363932,90,9
18,5114,445.386807103658,43,25
96,6548,5916.78096812639,96,0
96,9920,8963.72437443705,98,2
58,1350,539.171818781256,74,16
72,8225,4909.078602424,83,11
27,4339,539.375329559432,58,31
30,3140,439.938242452323,79,49
52,6591,2145.4582815259,53,1
32,9409,1427.63491601694,69,37
54,1064,371.435603476708,83,29
22,2273,231.648468440215,89,67
12,3729,258.01638339658,87,75
30,5381,753.919644151576,66,36
23,4803,509.239707579224,60,37
25,2313,265.494175428985,80,55
70,5640,3202.48313430328,78,8
11,6680,445.225497190313,63,52
28,1895,245.148845883161,63,35
9,2729,169.010075573822,34,25
6,9940,554.622411926561,62,56
70,5126,2910.62562880117,83,13
51,6612,2077.07169493841,69,18
93,1750,1505.26984193376,93,0
57,6258,2418.35984750283,89,32
68,8203,4419.40227716712,74,6
74,7633,4775.54951887145,89,15
80,9608,6808.22486133901,89,9
41,9799,2118.62311671727,77,36
70,6058,3439.8302885832,72,2
68,6234,3358.59487941726,80,12
25,9629,1105.25007142486,76,51
98,6051,5673.66941023823,98,0
75,4980,3186.65550656876,84,9
48,2424,682.887720814777,87,39
22,4603,469.105983383331,60,38
2,7715,382.516586713,62,60
2,7842,388.813360078205,82,80
45,5530,1393.07457079234,56,11
71,8235,4795.6464497409,77,6
94,2429,2119.1500378216,96,2
53,3350,1129.51630835145,77,24
31,7449,1086.11038595497,64,33
90,8588,7103.4287440202,91,1
73,2478,1514.77710865707,83,10
42,4770,1071.85778423812,81,39
59,5620,2318.54894305348,79,20
69,6340,3507.78075020695,85,16
24,6404,706.440640726633,86,62
74,7448,4659.80516396627,84,10
0,3810,246.24857974057,75,75
48,4266,1201.81477598838,56,8
31,6247,910.851333207236,81,50
0,1424,92.0362145802024,76,76
37,7162,1324.70696051824,69,32
92,2847,2416.52751274877,92,0
64,3040,1463.19987190766,82,18
3,1832,93.2525087994275,84,81
54,3031,1058.10273885141,83,29
83,9168,6848.81278699982,96,13
22,9463,964.403632577984,80,58
10,2901,186.337831166021,89,79
3,2700,137.435466025357,75,72
9,1657,102.619895648891,84,75
20,1148,108.126015211561,65,45
94,5842,5096.77831245524,96,2
43,3725,869.752777243412,62,19
15,9024,699.828629574445,88,73
2,1559,77.2966116248305,57,55
62,9138,4142.17013145647,77,15
73,6370,3893.91855615237,81,8
26,2206,263.503178873902,84,58
19,4460,403.915793684766,60,41
31,5352,780.354783948315,71,40
8,1102,65.8546938907569,77,69
94,4359,3802.95389660944,95,1
84,3129,2375.80117928892,86,2
84,1089,826.860813117811,84,0
39,6910,1382.30862327152,81,42
68,6344,3417.85786253178,69,1
32,4689,711.465630906945,67,35
72,2387,1424.67727951199,79,7
83,6951,5192.63718176655,87,4
9,7893,488.822472152503,86,77
4,3704,194.037075759857,88,84
52,5542,1803.99481053202,82,30
16,1619,130.479861505476,76,60
44,3719,902.079222992253,48,4
54,7719,2694.65359326758,77,23
47,2590,703.164059998064,86,39
22,4338,442.099012799672,82,60
79,6076,4224.4692328468,82,3
49,1409,411.763681191018,70,21
10,4132,265.407762281282,83,73
50,3967,1202.17855073916,57,7
29,4140,557.37464948006,72,43
23,2089,221.48693506829,64,41
70,4974,2824.31757269938,82,12
88,7428,5982.72977189782,90,2
70,8572,4867.32011121413,87,17
90,5463,4518.63428371942,93,3
72,8165,4873.26769468595,76,4
22,1507,153.583036488959,80,58
11,3440,229.277800948305,78,67
51,6322,1985.9720591955,60,9
59,1520,627.080852925498,72,13
41,4957,1071.74352378483,53,12
35,4335,740.951436833171,78,43
32,6963,1056.50142631799,65,33
25,5361,615.354204269256,64,39
23,3035,321.786906621475,35,12
95,1677,1486.58397355418,98,3
76,2416,1580.06514092218,76,0
6,3240,180.782355597793,57,51
53,7721,2603.28221396465,89,36
73,4518,2761.80911094135,90,17
73,6163,3767.38148533235,90,17
62,8987,4073.7232404683,88,26
74,3574,2236.0558077357,83,9
91,6022,5045.76951651619,92,1
14,7541,562.866472580345,87,73
16,9434,760.313164572366,57,41
51,3472,1090.68253551515,83,32
27,4922,611.84728557076,82,55
82,2575,1891.32666268877,91,9
11,2371,158.028391293149,81,70
92,4427,3757.62813450607,92,0
33,6375,1006.5213119363,85,52
35,3494,597.205148857001,71,36
40,4824,1003.33261551247,74,34
32,6835,1037.0798863828,50,18
49,2912,850.997757010819,78,29
70,8492,4821.89481852898,85,15
85,5235,4037.44704236882,89,4
49,2240,654.613659239091,68,19
53,5863,1976.82212413868,73,20
6,3638,202.989570884188,75,69
12,1132,78.3251665339042,82,70
23,3686,390.809402901732,71,48
5,8006,432.494613510658,79,74
79,1569,1090.88087991057,92,13
11,9102,606.653065183568,72,61
14,8949,667.960756281861,74,60
70,5056,2870.87849770166,79,9
34,4198,689.664547653055,65,31
27,3157,392.442478778319,58,31
53,6734,2270.49636431006,77,24
76,3268,2137.27354326726,85,9
67,4491,2354.51793818353,84,17
39,6109,1222.07284798346,87,48
4,2207,115.615503834234,78,74
48,1007,283.691392269175,74,26
90,1449,1198.51749535227,91,1
15,6664,516.806071308079,85,70
80,5563,3941.93951952841,87,7
89,9804,8003.51596986092,89,0
49,7206,2105.8687627129,87,38
56,2796,1044.97199275509,85,29
30,3593,503.407039850699,74,44
76,3434,2245.83762165843,77,1
44,5205,1262.52281679878,74,30
70,1481,840.935730833893,94,24
82,5926,4352.62205945384,90,8
66,4866,2480.98536189474,85,19
90,9079,7509.55164962266,90,0
23,4920,521.644672348487,68,45
62,1926,873.037828100806,67,5
61,4525,1988.83143074928,83,22
24,1903,209.924506449529,61,37
18,7105,618.786324691335,89,71
74,6695,4188.69435724412,75,1
60,1017,433.177079835858,86,26
92,5853,4968.01388553513,92,0
85,7381,5692.5303953628,94,9
73,2955,1806.3625327206,90,17
56,7966,2977.19846004544,76,20
37,5814,1075.37646864745,79,42
75,1166,746.112514188588,75,0
95,1632,1446.69352703663,96,1
86,5189,4062.50736199299,86,0
16,8631,695.597087494604,87,71
22,1994,203.214714504967,74,52
93,9114,7839.44533679103,99,6
78,6234,4249.81271232585,83,5
81,6548,4725.56410083568,86,5
31,4286,624.925374439925,85,54
82,6296,4624.38550224796,85,3
15,7738,600.096845705569,85,70
58,8096,3233.43336655781,73,15
61,8369,3678.34922518028,92,31
76,6096,3986.78687875067,89,13
32,9516,1443.87010955651,74,42
63,4699,2195.50614580588,84,21
75,8439,5400.0373132397,90,15
15,3186,247.080453659595,79,64
38,2999,576.917736107998,70,32
35,7442,1272.00936399365,70,35
85,9580,7388.48952548104,85,0
16,1572,126.691996471037,65,49
88,2783,2241.51009089817,97,9
2,6069,300.906437428542,78,76
62,4467,2024.84941751106,81,19
17,6366,533.282607631622,35,18
84,1291,980.23628074848,93,9
16,4495,362.264964463937,84,68
64,5292,2547.12293491294,89,25
3,1248,63.5257265183873,62,59
31,8789,1281.49069434263,78,47
77,5732,3828.68697082047,83,6
75,1463,936.160041387568,95,20
52,3268,1063.77752450715,70,18
63,1836,857.831301063969,90,27
93,5836,5019.85988430025,93,0
91,8514,7133.78971498154,92,1
3,5712,290.752363680311,52,49
22,1854,188.946880989071,75,53
14,9871,736.779598307995,71,57
76,9180,6003.72433512651,85,9
61,5569,2447.69110228569,75,14
86,9727,7615.34189826667,92,6
21,2346,229.829857089583,73,52
75,2549,1631.08130245859,80,5
93,6923,5954.84749468996,98,5
11,1414,94.2438402735184,81,70
58,4674,1866.73265258044,90,32
87,9069,7203.46263061758,91,4
6,8894,496.258725520607,52,46
73,7328,4479.53456506822,84,11
31,8106,1181.90505954504,49,18
32,1361,206.505592592099,68,36
48,7305,2057.9599012178,79,31
28,2589,334.928950919,51,23
26,5778,690.172877395015,75,49
47,7187,1951.21239351586,84,37
37,1109,205.124269647406,65,28
52,3904,1270.80399500487,85,33
97,1255,1156.10831560867,98,1
66,9660,4925.26070610422,94,28
93,7138,6139.78064669897,97,4
45,5205,1311.20309963366,80,35
66,5823,2968.9226802945,71,5
6,5124,285.903947556509,71,65
68,4759,2563.93215129078,70,2
62,3686,1670.8294051815,86,24
15,6379,494.703770839471,48,33
63,8326,3890.14347094695,74,11
10,2306,148.11962725572,74,64
32,5150,781.413520829764,90,58
3,1143,58.1810139507345,78,75
78,3866,2635.51105964898,80,2
52,7487,2437.1182148057,66,14
78,3217,2193.07787865773,94,16
58,9373,3743.44996847164,71,13
53,2584,871.244818143331,85,32
29,8708,1172.37160571796,48,19
74,5997,3751.99403441269,85,11
90,5466,4521.11568640131,91,1
99,6679,6360.95238095238,99,0
47,2825,766.964660036499,84,37
49,5207,1521.68451949016,74,25
48,8347,2351.51147097399,60,12
50,5329,1614.92550967708,77,27
30,6812,954.413792224593,73,43
8,9421,562.991897590582,53,45
57,2772,1071.21979822273,73,16
92,6991,5933.94585234514,98,6
79,5387,3745.42721483635,88,9
93,3474,2988.17567478737,96,3
92,3460,2936.84060207612,93,1
25,2212,253.90104455206,72,47
26,5745,686.231080068252,63,37
8,9997,597.413225794825,55,47
81,7542,5442.91454619772,83,2
53,1461,492.603978060142,88,35
1,8444,408.96638730216,78,77
60,2934,1249.69670819902,91,31
68,2665,1435.78045454716,74,6
67,5918,3102.65801785129,67,0
91,5446,4563.14526518551,91,0
34,6770,1112.20318904506,64,30
43,2589,604.507366518978,72,29
74,1883,1178.08983938621,81,7
61,3824,1680.72737926746,87,26
32,4091,620.730624022246,78,46
80,5729,4059.5670514791,87,7
23,1980,209.930173018294,73,50
68,8076,4350.98046938945,74,6
73,4591,2806.43329533682,82,9
18,6474,563.831480091725,75,57
65,5881,2914.23759757086,90,25
5,4418,238.666150698237,60,55
28,2572,332.729726444059,67,39
12,1724,119.28673772478,69,57
26,2849,340.308502543856,84,58
98,3579,3355.81933882707,99,1
44,6056,1468.94105255205,73,29
37,1245,230.279274761967,69,32
29,1077,144.998187799523,39,10
26,3222,384.862757176659,74,48
80,2115,1498.68813298626,80,0
50,9337,2829.52889545034,87,37
28,4563,590.297722303359,75,47
19,5713,517.392585049567,78,59
35,5199,888.628955039367,89,54
8,7770,464.329375255155,71,63
3,3101,157.847177831345,83,80
10,3524,226.354538789748,70,60
78,2628,1791.54761116335,80,2
48,2146,604.569739632224,83,35
76,4551,2976.35614914605,89,13
52,7522,2448.51118094945,75,23
84,8849,6718.90848051379,90,6
48,8204,2311.22560295562,66,18
88,3533,2845.58215995086,92,4
87,8078,6416.31614622657,89,2
37,5898,1090.91338357115,72,35
56,5768,2155.72190780092,72,16
10,5025,322.767184284473,55,45
46,1079,282.216840521529,62,16
74,5048,3158.25677600722,85,11
54,3920,1368.44696017734,76,22
59,9632,3973.71235222263,67,8
20,4187,394.358558964117,71,51
31,2126,309.983981815045,88,57
9,6445,399.146184343454,65,56
87,8030,6378.18997947504,89,2
26,7400,883.918188425599,45,19
2,4831,239.52529234096,82,80
81,8471,6113.35575720511,97,16
6,8762,488.893518440697,86,80
65,3955,1959.83841156142,91,26
28,8306,1074.5152052272,49,21
38,6732,1295.03507818574,66,28
77,4679,3125.33606707415,83,6
8,5364,320.548618902015,72,64
43,1538,359.108663463186,77,34
22,8233,839.050523831189,85,63
38,5491,1056.30386427776,82,44
42,1146,257.51551797419,90,48
43,8949,2089.50808149028,76,33
93,5986,5148.88301360886,93,0
17,1448,121.299594070152,77,60
89,9060,7396.1500088678,96,7
96,7851,7094.17339351867,96,0
73,6734,4116.4281879325,76,3
58,8980,3586.49106122643,77,19
16,5981,482.025973850681,84,68
58,3354,1339.5424297721,74,16
39,2653,530.718491684421,60,21
52,2844,925.759877508671,69,17
59,4898,2020.68553791387,92,33
78,9234,6294.95838716986,93,15
64,1793,862.999134977116,82,18
18,9496,827.022510804915,70,52
42,2601,584.465848386446,90,48
77,4593,3067.89240352031,86,9
76,1362,890.748643185436,89,13
56,9884,3694.02831773652,79,23
20,9441,889.21403276337,41,21
38,2684,516.321174962943,84,46
57,2031,784.865588091761,84,27
54,3528,1231.60226415961,80,26
83,8637,6452.13743906168,87,4
34,2435,400.031723090802,76,42
26,1756,209.751397145318,87,61
1,5190,251.366123886571,84,83
55,7118,2571.62851143837,73,18
66,3379,1722.821524423,79,13
34,7142,1173.31686501623,82,48
31,2255,328.792981652364,81,50
31,2342,341.478121077533,85,54
3,1464,74.5205638004158,81,78
71,9832,5725.6582749062,73,2
60,5375,2289.40688703809,62,2
36,3304,587.506226888979,73,37
62,4843,2195.2867089783,69,7
83,4892,3654.49303599511,96,13
71,3266,1901.95279961795,79,8
78,9769,6659.67603251704,82,4
73,2313,1413.91422611938,83,10
42,4731,1063.09416713429,84,42
76,4672,3055.49020628661,82,6
50,1175,356.077589392112,57,7
78,3489,2378.50441984358,81,3
44,1346,326.485247149119,82,38
91,3276,2744.92542944321,94,3
57,5196,2007.95745727464,84,27
74,1152,720.743226220348,82,8
9,7213,446.709298319524,69,60
21,6688,655.201229418215,38,17
42,7553,1697.22051244246,71,29
49,1573,459.690752671023,82,33
98,8768,8221.24167723828,99,1
54,2510,876.224966848248,81,27
78,7916,5396.45772068839,78,0
12,7527,520.807003975881,71,59
30,3166,443.581043186004,82,52
87,9699,7703.86856923144,95,8
85,7137,5504.3475723756,91,6
81,2099,1514.80742939128,84,3
56,6264,2341.09605243844,69,13
70,1139,646.742604604865,83,13
22,4918,501.208608794095,82,60
27,7437,924.483596665936,78,51
67,8033,4211.49913102389,75,8
74,7359,4604.12274457946,80,6
87,7482,5942.91624239505,93,6
82,8436,6196.20649570581,83,1
45,1411,355.448140938155,53,8
64,2850,1371.74987991343,72,8
7,3268,188.598151447162,75,68
9,8792,544.49856520522,72,63
88,2456,1978.1346687912,98,10
38,2008,386.279031045302,55,17
29,7064,951.037324620082,84,55
71,4762,2773.14734592182,83,12
95,8092,7173.18873822329,95,0
38,2895,556.911252428361,79,41
70,4577,2598.89455774931,88,18
22,4384,446.787015240609,84,62
18,1663,144.833449396438,60,42
67,9223,4835.38609304536,85,18
84,2333,1771.4107226849,85,1
37,4530,837.883626242337,85,48
7,2543,146.75798626993,84,77
2,4197,208.091006407578,83,81
60,5804,2472.1335018361,92,32
75,3588,2295.92770232303,90,15
88,3648,2938.20654387227,93,5
28,7310,945.666524224755,74,46
18,2504,218.077544972147,50,32
41,2390,516.737345540798,88,47
73,2624,1604.02547744801,89,16
26,6005,717.28766506699,85,59
75,5276,3376.06314310377,77,2
9,9293,575.526065338047,29,20
53,4049,1365.19747239255,93,40
98,5167,4844.79422288893,98,0
32,8793,1334.16875507886,37,5
96,7080,6397.49683175547,96,0
99,8288,7893.33333333333,99,0
17,1224,102.535015981952,87,70
71,5651,3290.85586976149,78,7
73,9921,6064.61004640308,74,1
19,4429,401.108307226419,59,40
15,6594,511.377436105263,65,50
36,3292,585.37242703345,74,38
44,6125,1485.67766626178,75,31
8,4947,295.629011504151,77,69
70,7638,4336.97981911497,75,5
59,1659,684.425746712763,79,20
94,2307,2012.71269545262,96,2
85,8568,6607.99355473086,85,0
95,1081,958.257170788356,97,2
27,3666,455.715593031777,73,46
62,5977,2709.31832739279,63,1
62,7322,3318.99427692321,68,6
55,2341,845.768803775953,64,9
93,6213,5344.13801596255,93,0
38,7556,1453.54798733979,69,31
61,6992,3073.12914117105,88,27
46,4745,1241.07405771516,91,45
3,8567,436.077643496013,75,72
8,6835,408.454476173615,75,67
1,6703,324.644918769111,73,72
13,1483,106.558293391957,34,21
7,4456,257.158311765163,71,64
7,3202,184.789253651717,46,39
94,1354,1181.28001284909,94,0
60,6495,2766.45539187207,70,10
25,9089,1043.26699544922,87,62
63,1583,739.622521560056,74,11
76,5018,3281.77436968026,83,7
6,3154,175.983811591184,68,62
29,8171,1100.07445915497,68,39
76,8023,5247.04578874945,84,8
60,8266,3520.7883401408,62,2
35,2901,495.847778143721,79,44
70,8272,4696.97526364481,78,8
79,9192,6390.93502112043,87,8
48,8010,2256.5720477419,73,25
98,1216,1140.17220341261,99,1
64,5119,2463.85531062346,72,8
46,1983,518.66171895662,91,45
26,1480,176.78363768512,85,59
47,5781,1569.49476094549,85,38
63,2639,1233.01568818508,78,15
85,1559,1202.36484031576,88,3
36,9923,1764.47466386784,76,40
84,9700,7365.05958424497,85,1
84,2705,2053.86455416316,85,1
93,9043,7778.37438891829,94,1
86,5622,4401.50633823946,91,5
33,2396,378.294127592059,73,40
52,5147,1675.41704976692,64,12
28,2232,288.745236945233,50,22
97,7972,7343.82110918909,98,1
20,9579,902.211759330613,76,56
40,3518,731.700692656069,90,50
46,6181,1616.66570089302,80,34
45,7318,1843.49361827457,73,28
37,4706,870.437162272944,83,46
32,4667,708.127553730584,58,26
39,6669,1334.09785942081,80,41
28,4919,636.352070131541,82,54
41,9073,1961.65604020571,75,34
75,3170,2028.45340478373,77,2
24,1449,159.842674642863,84,60
86,8885,6956.13372736706,90,4
34,7348,1207.15938450563,72,38
2,1790,88.7497978245328,62,60
23,8850,938.324258187827,79,56
81,3321,2396.7010352589,82,1
94,8322,7260.42264913599,98,4
59,4984,2056.16511248729,80,21
14,4481,334.465543513132,78,64
75,8127,5200.39142608118,79,4
0,7249,468.518623238685,80,80
24,7846,865.511128535472,57,33
0,6804,439.757306182372,84,84
48,6188,1743.27937970373,67,19
12,5986,414.182373561794,82,70
64,7315,3520.82469177781,88,24
90,6856,5670.83226234309,92,2
52,6206,2020.13565394473,88,36
21,8332,816.258469424727,59,38
5,2125,114.795285249831,72,67
74,4635,2899.86532424593,85,11
69,6470,3579.70685391782,82,13
24,6295,694.416588596839,72,48
55,7715,2787.31581423814,76,21
53,3681,1241.11926299752,70,17
33,7874,1243.19197022532,87,54
63,7558,3531.31207703784,93,30
9,6047,374.497591423563,75,66
70,5713,3243.93371387848,90,20
75,1677,1073.09664347707,94,19
39,1781,356.279545303412,74,35
29,8868,1193.91265497323,87,58
80,1560,1105.41536050051,83,3
23,1528,162.006719379774,80,57
62,5287,2396.54776592366,62,0
61,1034,454.464463954643,74,13
29,8132,1094.823828399,84,55
26,1264,150.9827824554,72,46
76,1873,1224.94288449803,84,8
20,3939,371.000325712839,91,71
14,6601,492.704095677345,82,68
71,8697,5064.69182433475,81,10
92,7099,6025.61602142729,96,4
98,8754,8208.1146946332,98,0
97,8613,7934.31149190236,99,2
39,6969,1394.1112584051,77,38
30,3992,559.31002034066,45,15
71,1528,889.829723764918,85,14
9,6395,396.04962744397,74,65
56,4930,1842.52930053026,80,24
19,2707,245.156962669207,78,59
85,1300,1002.61340116131,88,3
22,6158,627.580848506311,76,54
89,5331,4351.97303501923,89,0
41,5867,1268.49288966019,75,34
32,8386,1272.41432731619,88,56
80,2924,2071.94520134838,81,1
84,7010,5322.58429748013,87,3
16,1552,125.080139009573,79,63
90,1161,960.302837890947,92,2
92,5854,4968.862683397,94,2
60,9514,4052.35667409867,84,24
8,6061,362.200816399163,76,68
16,2787,224.612337254949,80,64
5,5975,322.777331467172,81,76
4,1324,69.3588251366226,79,75
16,1200,96.7114476878142,76,60
71,1414,823.441904059944,86,15
64,3002,1444.90987350881,82,18
4,6014,315.048319011819,87,83
86,3948,3090.91907210413,86,0
31,8272,1206.10888879306,42,11
63,5460,2551.06694107259,79,16
71,9737,5670.33509181872,89,18
13,3015,216.637393510958,69,56
32,7234,1097.62046789952,61,29
22,1591,162.143736598496,82,60
85,2148,1656.62583514961,90,5
64,7723,3717.20151669173,74,10
87,7148,5677.62166541564,92,5
31,5790,844.217899675027,81,50
10,3097,198.927357160002,73,63
79,3507,2438.31691895881,89,10
8,4634,276.924366143165,90,82
98,4089,3834.01656229782,99,1
94,1481,1292.07954138073,95,1
11,1507,100.442338961946,20,9
55,1180,426.316611899028,64,9
48,3159,889.95144804203,81,33
78,1594,1086.65406856712,82,4
25,1317,151.169835296141,86,61
68,7637,4114.46729132333,86,18
26,1396,166.749971762451,75,49
56,3679,1374.98281879327,71,15
84,5141,3903.48157964983,97,13
38,6003,1154.7973223929,86,48
1,6866,332.539461773641,83,82
51,1517,476.545335937927,63,12
4,2110,110.534079334044,18,14
41,4972,1074.98664520035,63,22
84,6833,5188.19094217999,89,5
66,2190,1116.59637125965,67,1
66,3368,1717.21304949886,79,13
80,5522,3912.88693633577,93,13
52,2435,792.624930286081,78,26
42,1676,376.610827333981,80,38
93,9278,7980.51062483511,94,1
0,1376,88.9338702685102,79,79
6,4219,235.407641440459,67,61
89,9581,7821.4694519826,93,4
96,4106,3710.18672191921,96,0
66,5281,2692.57782494166,79,13
74,4198,2626.45838860505,78,4
77,7132,4763.81637751075,89,12
65,2847,1410.78633570553,89,24
14,2015,150.401265382495,76,62
52,1591,517.891689562692,84,32
52,5761,1875.28222726,82,30
6,4645,259.177173380169,85,79
21,9824,962.424772399006,80,59
45,4656,1172.90329143023,77,32
13,2619,188.183526900563,69,56
26,2786,332.783253101854,75,49
64,1500,721.973621007069,71,7
47,4762,1292.84449950223,86,39
3,2868,145.987006133602,62,59
98,6940,6507.23280566077,98,0
37,2133,394.526661098213,89,52
71,3898,2269.99755447359,91,20
36,3708,659.344155358455,76,40
78,1399,953.719599702256,82,4
5,1680,90.7558019857488,61,56
97,9344,8607.71004067522,98,1
1,4913,237.950244056787,77,76
82,1405,1031.9665868263,89,7
68,5541,2985.23808579581,92,24
37,5693,1052.99591262641,37,0
37,4538,839.363332425546,84,47
9,2764,171.177665403461,75,66
29,1674,225.373227833241,76,47
34,1620,266.140201809897,74,40
60,6329,2695.74998847703,76,16
7,3342,192.868733823872,65,58
70,2584,1467.23695373044,76,6
29,1090,146.748398051513,88,59
65,4811,2384.01582756562,76,11
17,4378,366.746977098844,88,71
67,4029,2112.30299998696,85,18
55,3763,1359.51644964071,79,24
30,1572,220.249336667214,83,53
89,3867,3156.83356338761,94,5
28,5820,752.91096730343,78,50
65,8710,4316.10431471555,92,27
26,2429,290.140172930511,83,57
35,3016,515.503929293851,86,51
12,9708,671.714414055779,83,71
15,9776,758.147682038982,58,43
72,4806,2868.4537098176,81,9
12,4117,284.862818568978,71,59
27,8637,1073.65400355032,77,50
87,9293,7381.38474212473,87,0
42,8853,1989.34108257024,65,23
69,3282,1815.85747983899,70,1
93,4733,4071.10980678428,98,5
0,4717,304.86996079692,77,77
89,2572,2099.65759633642,93,4
63,2780,1298.89488941058,88,25
29,1253,168.693341980318,65,36
47,3891,1056.37504148744,82,35
59,6754,2786.38426359132,74,15
48,7186,2024.43529776196,88,40
71,9074,5284.23750879769,85,14
45,7852,1978.01474319376,86,41
1,8252,399.667293701732,74,73
1,1787,86.5493763748175,59,58
1,4262,206.420504817836,71,70
49,4141,1210.15855487012,78,29
35,3797,648.994834061258,72,37
90,7114,5884.23289298553,90,0
23,9185,973.842747057084,77,54
28,3580,463.130801193519,75,47
97,6760,6227.32447292,97,0
89,4561,3723.38191947528,93,4
53,9988,3367.64444412368,94,41
38,6110,1175.38091617868,83,45
16,7488,603.479433571961,74,58
11,7371,491.281008950569,78,67
82,4670,3430.09534553652,82,0
79,9668,6721.88422369368,84,5
99,1720,1638.09523809524,99,0
65,8143,4035.13633004922,69,4
92,1866,1583.85681025262,92,0
54,8293,2895.03332672212,54,0
61,7302,3209.38057620581,86,25
76,1951,1275.95492133244,77,1
49,1082,316.20177647174,69,20
43,1840,429.622848356477,64,21
2,6281,311.417586668095,87,85
20,3298,310.626827672237,76,56
74,5544,3468.57677618542,77,3
73,4178,2553.97044389397,77,4
91,1755,1470.49576577315,94,3
25,9143,1049.46530304678,81,56
57,1837,709.895659933316,70,13
54,2627,917.068919486194,80,26
81,8380,6047.68282910858,86,5
79,4781,3324.09272584604,88,9
2,8368,414.892909606531,88,86
49,8799,2571.40428019856,49,0
4,2762,144.689633706459,82,78
58,1078,430.538681960144,82,24
57,4655,1798.89183287403,68,11
7,2775,160.146839126644,63,56
39,4015,803.179323073105,85,46
86,7758,6073.79690004656,86,0
8,4110,245.61051895736,72,64
11,1160,77.3146072965215,79,68
66,4520,2304.57333246285,88,22
40,6427,1336.73688223438,74,34
18,5659,492.851767970199,64,46
97,1672,1540.24948501808,99,2
10,3388,217.618949324536,79,69
12,7077,489.670674523357,67,55
46,6016,1573.50927949724,50,4
65,1500,743.301546736318,79,14
17,4667,390.956633650138,64,47
36,4783,850.497059082926,68,32
23,5550,588.440636490671,79,56
81,2419,1745.74519852192,81,0
27,9324,1159.05406149162,82,55
56,3579,1337.6089993099,92,36
7,8133,469.360087429549,79,72
25,5103,585.740067969784,69,44
43,6629,1547.80970747559,80,37
2,4405,218.403832076574,87,85
13,6261,449.872875877979,81,68
14,7861,586.751537057963,60,46
42,6203,1393.86453577129,79,37
92,5711,4847.48458914935,92,0
36,3624,644.407556369752,67,31
58,6075,2426.27318451565,84,26
17,8070,676.027433802575,91,74
44,9766,2368.83723897347,75,31
89,3806,3107.03608540296,94,5
46,4032,1054.58600647155,70,24
95,1918,1700.21947601486,95,0
72,1147,684.585186259006,84,12
4,8293,434.435601856504,65,61
7,7708,444.833094049792,58,51
66,5665,2888.36458592965,81,15
30,1298,181.85982124303,85,55
7,7892,455.451839418911,77,70
93,6150,5289.94830165294,93,0
93,1942,1670.41944744878,94,1
30,1891,264.943699515077,86,56
50,8616,2611.0336257042,86,36
29,2261,304.401952288506,85,56
58,6502,2596.8112338635,85,27
14,2559,191.005874994444,67,53
42,1195,268.526216386699,89,47
59,3429,1414.6448978168,60,1
7,7301,421.344890977885,84,77
69,8612,4764.82773198458,74,5
76,5688,3719.95468607838,76,0
44,6820,1654.25660145393,79,35
38,3227,620.778104174895,78,40
40,1924,400.168315142205,88,48
48,3868,1089.69047199322,85,37
57,2141,827.374310243456,79,22
41,7235,1564.26556275635,80,39
1,2349,113.768598267737,55,54
83,1691,1263.2354300629,86,3
31,8381,1222.00176462459,42,11
8,1932,115.454871685066,84,76
48,6000,1690.31614063064,89,41
5,6833,369.127616052751,71,66
96,4508,4073.43442338329,97,1
54,5903,2060.69959334869,59,5
79,2400,1668.65144154581,79,0
60,7029,2993.90530399827,74,14
94,9014,7864.14921404853,94,0
10,5487,352.442495556,72,62
17,9455,792.04949028542,78,61
33,5948,939.104119748568,83,50
27,5953,740.009526818922,87,60
50,1294,392.139915466717,73,23
75,4623,2958.2145395316,78,3
3,4739,241.224693886729,38,35
66,6858,3496.62918451995,71,5
7,7853,453.201127085239,88,81
54,5858,2044.99038079563,82,28
13,4671,335.626290245335,72,59
88,7771,6258.99206481124,91,3
99,3524,3356.19047619048,99,0
66,1796,915.710996704263,80,14
29,6338,853.294813624304,68,39
54,4720,1647.72185000945,88,34
3,6626,337.276814031117,84,81
92,5458,4632.73873009581,96,4
92,7315,6208.95635959158,93,1
78,4036,2751.40264789014,88,10
28,4016,519.534440668484,48,20
18,6656,579.68216427101,44,26
75,7735,4949.55428580508,81,6
47,4200,1140.2660432401,64,17
47,8859,2405.14687549145,72,25
38,6517,1253.6755205788,67,29
28,2580,333.764655608737,73,45
18,5723,498.425634934344,83,65
35,5906,1009.4715538493,77,42
75,2386,1526.77912423154,90,15
86,4505,3526.99858658285,98,12
22,2861,291.573369206976,84,62
49,4225,1234.70656709159,90,41
26,8611,1028.57020547741,34,8
86,7237,5665.90205795784,91,5
26,5325,636.062750454907,84,58
48,7104,2001.33431050667,48,0
16,8157,657.396065657917,78,62
22,9989,1018.00992135913,77,55
73,2525,1543.50774792539,77,4
28,7545,976.067568437178,74,46
51,4040,1269.11216690127,71,20
30,1012,141.789013172532,65,35
4,2126,111.372252447477,60,56
54,2264,790.347938224874,87,33
75,8457,5411.55534519116,88,13
56,5772,2157.21686058025,58,2
10,2610,167.646239001487,88,78
3,3450,175.611984365734,80,77
10,8831,567.235224759439,90,80
93,2806,2413.59267226636,96,3
39,3920,784.175080061413,84,45
35,4081,697.536981249405,82,47
91,7235,6062.12926801638,91,0
85,3304,2548.18052110536,91,6
66,6903,3519.57294557323,76,10
24,2351,259.344463827032,62,38
36,6074,1080.05836020692,90,54
22,6627,675.378090784561,81,59
48,1651,465.118658030197,67,19
84,5128,3893.61088123796,93,9
41,8364,1808.36450129842,83,42
3,6866,349.493299900038,44,41
18,4900,426.7491894423,73,55
35,2805,479.439165009699,78,43
84,2765,2099.42162375643,89,5
72,4660,2781.31383432168,79,7
73,6097,3727.03633231727,83,10
33,3361,530.653824222417,72,39
86,4153,3251.41512321389,87,1
37,8847,1636.37007535672,82,45
32,3359,509.663692517899,77,45
19,4914,445.031885687655,83,64
40,2563,533.072448913446,84,44
21,5218,511.19019364597,63,42
57,2587,999.727856422149,84,27
39,8152,1630.76409506649,72,33
62,5771,2615.94044962085,89,27
8,9844,588.270060490573,77,69
33,1064,167.990380533369,64,31
90,7882,6519.47197954905,90,0
94,7822,6824.20403286971,94,0
11,3114,207.549730277041,84,73
97,9227,8499.92942479776,97,0
64,6630,3191.12340485124,71,7
76,3234,2115.03752721123,80,4
54,2722,950.232812653757,90,36
38,1569,301.828585512987,64,26
35,3189,545.073617545786,77,42
69,3778,2090.283229382,93,24
27,1163,144.570986005444,71,44
80,4509,3195.0755516005,80,0
88,9969,8029.32594184832,88,0
99,4735,4509.52380952381,99,0
80,9027,6396.52849951158,85,5
37,9456,1749.01270855354,79,42
98,1653,1549.92158901401,99,1
26,2292,273.775741604253,68,42
47,1427,387.418962786578,55,8
54,4018,1402.65813418178,60,6
74,4306,2694.02806606321,74,0
27,9848,1224.19180583113,82,55
40,2675,556.367070169126,89,49
3,8717,443.712947164088,40,37
43,9003,2102.11657812683,56,13
91,4574,3832.50577358769,94,3
60,4554,1939.71329554818,85,25
27,3526,438.312378895266,85,58
89,4816,3931.55170449308,89,0
81,2971,2144.11285027227,85,4
91,4914,4117.38814416482,94,3
68,6293,3390.38138854232,80,12
96,5790,5231.85122257969,98,2
37,4148,767.227655994087,67,30
76,5680,3714.7226823005,89,13
76,8866,5798.3681868444,81,5
42,2794,627.834517643879,90,48
23,8724,924.96506535939,39,16
60,3147,1340.42111135049,74,14
92,2440,2071.06678296698,93,1
26,9009,1076.11067020625,70,44
66,2440,1244.06171044454,75,9
14,4212,314.387161186635,45,31
21,5389,527.942497807231,87,66
40,2539,528.080744358658,80,40
20,3343,314.865216770252,51,31
62,1501,680.38929386257,64,2
37,1897,350.875328693535,77,40
97,8355,7696.64141586488,98,1
72,9951,5939.23904835516,81,9
14,6269,467.923341281817,30,16
51,3913,1229.21680917937,81,30
73,3087,1887.05283875076,93,20
89,6586,5376.49491814606,91,2
28,1024,132.470933078817,78,50
62,5053,2290.47774942543,87,25
73,5556,3396.32833563305,85,12
65,3968,1966.28035829981,91,26
42,6938,1559.02501195892,69,27
88,9367,7544.45742775536,92,4
82,5200,3819.37811494431,88,6
29,5585,751.917250566699,87,58
55,1987,717.873820206245,71,16
46,3410,891.899375512897,75,29
56,9554,3570.69471344139,77,21
92,1808,1534.62653426406,97,5
11,2907,193.753071906024,80,69
30,8090,1133.4714590571,66,36
44,6981,1693.30870010995,90,46
88,2124,1710.73209955721,89,1
92,7043,5978.08334116247,98,6
40,1602,333.196279032127,77,37
53,8777,2959.33272788081,77,24
40,4771,992.309267953981,41,1
42,4857,1091.40739162359,48,6
90,3015,2493.8096952982,94,4
31,3577,521.548778434814,81,50
59,3046,1256.63702500728,80,21
85,7240,5583.78540339069,96,11
51,9522,2991.2094191173,64,13
64,4755,2288.65637859241,78,14
94,8287,7229.88734599735,95,1
77,4288,2864.16778277707,92,15
81,8458,6103.97391033418,81,0
95,9698,8596.83445171645,95,0
37,7657,1416.26378060432,76,39
51,6322,1985.9720591955,76,25
82,1633,1199.43162725078,98,16
15,4823,374.032965474019,78,63
30,1587,222.350952475107,87,57
2,4210,208.73555801189,82,80
47,2367,642.621362940316,85,38
45,5214,1313.47030960421,74,29
5,6323,341.576747592791,48,43
79,5226,3633.48851396599,82,3
70,6182,3510.23949224519,84,14
0,4155,268.546679480857,66,66
54,4752,1658.89284560274,77,23
9,2758,170.806078575523,74,65
86,6372,4988.68701303128,91,5
24,9448,1042.23160112199,65,41
49,8129,2375.60465890829,64,15
71,1802,1049.39343077512,84,13
1,5761,279.021240792011,75,74
10,3955,254.038649521411,74,64
69,4571,2529.03246201829,77,8
84,4367,3315.79538189668,91,7
61,4454,1957.62545691874,92,31
47,2206,598.911164616112,85,38
39,4073,814.781913543402,73,34
60,5450,2321.35209941536,77,17
87,5175,4110.47735289954,92,5
24,8154,899.487349232506,85,61
59,4837,1995.51979315831,77,18
0,1162,75.1025852122157,73,73
56,1655,618.536712449812,83,27
0,4438,286.837584485209,75,75
99,5451,5191.42857142857,99,0
77,6780,4528.69812668577,80,3
72,3846,2295.47918600884,92,20
58,6471,2584.43025135815,88,30
70,1821,1033.99322474579,92,22
31,7282,1061.76075050666,64,33
59,4268,1760.77702650396,60,1
34,5239,860.684269927193,88,54
6,3180,177.434534197833,75,69
93,9340,8033.84018494934,96,3
5,2251,121.601970398762,34,29
48,1789,503.995929264701,68,20
16,3913,315.359912335348,72,56
32,5137,779.441020680097,78,46
64,4629,2228.01059442781,76,12
68,2953,1590.94171942881,77,9
64,4697,2260.7400652468,70,6
65,3617,1792.34779636351,82,17
87,3512,2789.56453398709,88,1
68,2785,1500.43098158118,70,2
58,4497,1796.04123634023,78,20
92,9741,8268.13997249235,94,2
63,3262,1524.09896735875,70,7
0,5871,379.455488623854,80,80
14,5745,428.811548199719,58,44
93,6865,5904.9585513573,93,0
12,3891,269.225461999489,73,61
5,2771,149.69305196578,79,74
31,1881,274.261462744167,71,40
88,8422,6783.32662074898,92,4
27,3046,378.644216141514,84,57
97,6465,5955.56992861358,97,0
81,4000,2886.72211413297,88,7
67,8121,4257.635309728,87,20
98,7991,7492.69414265637,98,0
70,8554,4857.09942035997,73,3
1,7869,381.117539280044,72,71
78,3975,2709.81801916831,79,1
9,5976,370.100480626296,74,65
48,3311,932.772790271339,71,23
81,7300,5268.26785829268,83,2
83,5676,4240.16812598287,84,1
16,3942,317.69710565447,60,44
4,7517,393.784205854979,88,84
66,8549,4358.80473876656,70,4
50,4013,1216.11860955791,63,13
85,1715,1322.67844845511,94,9
91,5218,4372.10649903379,91,0
77,3664,2447.36724722369,97,20
14,5947,443.888995151215,58,44
88,3861,3109.76301148323,88,0
46,1306,341.589614199367,69,23
31,5828,849.75853528602,38,7
96,4896,4424.03170738345,97,1
21,1313,128.630265285006,70,49
31,9814,1430.94204963916,80,49
43,1639,382.691221987101,66,23
17,6131,513.59655472659,87,70
9,2757,170.744147437533,86,77
69,8103,4483.20937207049,83,14
32,9064,1375.28779666039,78,46
47,2630,714.023736600351,69,22
72,1184,706.668579364135,73,1
88,2922,2353.46478102927,88,0
57,5269,2036.16779106622,80,23
33,7035,1110.72587128971,80,47
77,3415,2281.04780274807,86,9
67,2970,1557.09603126366,95,28
82,8844,6495.88077857067,93,11
99,2585,2461.90476190476,99,0
22,3074,313.280858770445,70,48
3,6164,313.760078733445,56,53
49,4708,1375.85763736502,86,37
44,3614,876.610462999194,83,39
98,3530,3309.8748997093,99,1
32,4625,701.754860939351,66,34
66,2006,1022.78188161957,94,28
13,7347,527.905449461031,91,78
2,5142,254.944949951814,77,75
84,7467,5669.57731088218,94,10
22,7199,733.672382006647,80,58
35,2385,407.651482548354,87,52
81,8010,5780.66103355128,85,4
27,1395,173.41059800309,73,46
71,9984,5814.17536784617,74,3
89,3640,2971.52163711686,94,5
89,1449,1182.89419015998,98,9
28,3188,412.419272124284,82,54
67,6457,3385.24211241395,80,13
58,4465,1783.26086730245,89,31
66,4588,2339.24390472114,81,15
0,8449,546.07723103099,21,21
85,9983,7699.29967984105,87,2
45,4769,1201.36937217155,82,37
11,7778,518.407772027883,76,65
99,3353,3193.33333333333,99,0
28,5699,737.257663687671,57,29
95,4842,4292.21204528883,97,2
50,1874,567.905874485802,63,13
31,3959,577.246746945325,53,22
2,6025,298.724878152408,24,22
99,7223,6879.04761904762,99,0
37,8190,1514.84920506065,74,37
61,1897,833.770878261081,62,1
39,8743,1748.99049106554,77,38
85,2509,1935.04386424133,87,2
2,1605,79.5773326862431,54,52
20,2497,235.183501727585,80,60
95,4326,3834.80159188754,99,4
5,6939,374.853874987566,87,82
82,6555,4814.61991220384,86,4
23,5727,607.207121654428,85,62
25,5751,660.119759140551,81,56
73,6611,4041.23949367713,79,6
17,4672,391.375485839607,81,64
28,3433,444.113977792556,79,51
12,3837,265.489102465186,87,75
59,9929,4096.24065045873,92,33
44,3132,759.696726650104,87,43
91,6350,5320.5972151906,93,2
52,7142,2324.81611996024,71,19
26,8563,1022.83668209303,74,48
67,3778,1980.71003572865,91,24
67,8753,4588.97695678478,87,20
32,2991,453.826765204238,63,31
68,1829,985.381782876832,72,4
37,6448,1192.6431836668,57,20
82,9727,7144.44056231987,83,1
1,4582,221.918994151882,58,57
37,6767,1251.64646772227,75,38
65,1549,767.582730596371,80,15
88,4083,3288.56834392283,93,5
51,3796,1192.46281820723,66,15
76,3836,2508.74581149731,92,16
78,3178,2166.49098488475,83,5
3,7106,361.709785768958,71,68
35,4292,733.601745533558,90,55
76,6638,4341.25513470259,86,10
87,2183,1733.94629205405,88,1
73,8567,5236.92311939676,77,4
90,4977,4116.64704925344,96,6
58,3319,1325.56390113703,70,12
16,3536,284.976399186759,71,55
7,1204,69.4835294805332,77,70
4,2960,155.062025985199,64,60
12,4471,309.35673107163,60,48
31,2236,326.022663846867,81,50
93,8226,7075.62841128407,94,1
15,8447,655.081165116948,38,23
50,5270,1597.04586901824,55,5
19,1228,111.212689382263,76,57
11,1591,106.040982938591,13,2
77,8603,5746.37020411175,78,1
82,1697,1246.43935789625,89,7
73,2600,1589.35451271525,87,14
39,7199,1440.12153095972,67,28
91,6326,5300.48787138515,91,0
94,2490,2172.36870900608,96,2
97,7917,7293.15500770823,97,0
82,6473,4754.39125731433,88,6
76,1610,1052.94076029996,82,6
77,2710,1810.14335152189,92,15
16,1717,138.377963066648,80,64
67,2773,1453.81390393741,74,7
86,8544,6689.16224722838,95,9
23,9347,991.018852122217,56,33
77,4489,2998.42564759475,80,3
10,3734,239.843316640442,65,55
72,8804,5254.65386209615,86,14
93,5256,4520.97045097363,98,5
97,2805,2583.97117552376,98,1
66,4858,2476.90647104082,75,9
55,5284,1909.03133667328,66,11
23,4854,514.646999914544,89,66
90,1699,1405.30105217633,90,0
50,6326,1917.06113233574,75,25
97,3195,2943.2398951153,97,0
12,5742,397.299563814203,87,75
77,3733,2493.455767982,78,1
84,5156,3914.87084704815,94,10
31,4603,671.145939931632,78,47
22,2329,237.355601846573,79,57
32,1054,159.9242429038,81,49
23,7094,752.143761308977,73,50
38,7472,1437.38890436778,77,39
15,1761,136.568951316556,80,65
93,9913,8526.70853890822,93,0
90,4833,3997.53972052278,92,2
37,9531,1762.88495402113,79,42
35,5020,858.033728466556,81,46
76,3167,2071.21949557142,77,1
21,4351,426.253072547646,70,49
13,5894,423.502752024407,88,75
48,7413,2088.38559174915,85,37
5,8597,464.421208137787,64,59
60,2693,1147.04609242671,73,13
37,8067,1492.0987224938,81,44
46,5062,1323.98669760888,82,36
34,6368,1046.16099081816,66,32
93,8485,7298.40834789027,95,2
80,3787,2683.46664757398,83,3
63,4258,1989.45843133463,70,7
56,6549,2447.61143796605,84,28
93,5461,4697.30206102873,94,1
0,8523,550.860011844849,82,82
86,3129,2449.71777523146,88,2
48,5952,1676.79361150559,82,34
74,4427,2769.73113062281,74,0
12,8106,560.869081204794,82,70
83,2945,2200.01676022191,85,2
93,4950,4257.76326718407,93,0
33,3615,570.756791003879,68,35
16,1711,137.894405828208,83,67
27,9814,1219.96531096941,74,47
15,9276,719.371716304583,80,65
3,8928,454.453274323847,81,78
27,2585,321.337918163432,75,48
88,2769,2230.23407894252,92,4
58,3490,1393.85899818265,77,19
28,3209,415.135961181565,36,8
82,7721,5671.04200490096,83,1
55,1464,528.921626966252,67,12
75,2141,1370.00591155898,85,10
38,1975,379.930819877724,66,28
59,2027,836.245321631568,74,15
44,4960,1203.09571014831,73,29
70,3290,1868.11516167691,84,14
90,8084,6686.55309346289,98,8
9,4522,280.052605989309,73,64
34,1767,290.289960863018,82,48
53,4842,1632.57252687694,67,14
64,7030,3383.64970378646,78,14
7,2877,166.033317537786,86,79
89,9549,7795.34618484312,90,1
40,1890,393.096733689588,58,18
4,5871,307.557146810507,86,82
34,4175,685.886013923655,61,27
28,7945,1027.81402667109,84,56
11,7508,500.412130674382,43,32
10,1103,70.8481998538853,52,42
36,3937,700.064169268133,76,40
39,1966,393.287808010392,91,52
44,8310,2015.67043373639,47,3
18,2689,234.189504165377,87,69
57,6919,2673.79862334165,71,14
48,1346,379.194254214806,62,14
12,1576,109.046344927061,72,60
35,6420,1097.32600333771,87,52
15,1135,88.0214422170873,68,53
76,3103,2029.36346534832,85,9
60,8805,3750.36793309216,80,20
78,3998,2725.49746934212,84,6
65,8512,4217.98851054636,90,25
17,7144,598.456008312961,58,41
98,4327,4057.17526658417,98,0
13,2215,159.15483470208,60,47
43,4194,979.259905438622,66,23
42,5741,1290.04937931049,78,36
2,5597,277.504256102743,50,48
97,2059,1896.7545990743,97,0
38,6808,1309.65520087471,65,27
67,1461,765.965421439799,75,8
47,6016,1633.29536098392,87,40
43,3355,783.361226215207,86,43
18,6822,594.13938170926,76,58
18,6923,602.93564051205,85,67
86,3766,2948.42989502131,96,10
35,4222,721.63713179,64,29
0,8991,581.107868883848,71,71
89,2316,1890.67145922051,92,3
5,1895,102.370383787496,68,63
19,5503,498.374128396249,79,60
41,5813,1256.81765256429,75,34
81,4758,3433.75595476117,91,10
82,9220,6772.05119611279,83,1
13,8053,578.633807609865,68,55
7,3871,223.397626760086,26,19
67,1537,805.810303047893,70,3
39,8716,1743.58928515696,68,29
72,5689,3395.47090202919,76,4
91,9668,8100.71399629334,95,4
0,3679,237.781765056576,75,75
10,3254,209.011824410283,72,62
51,5037,1582.3064318519,78,27
63,5022,2346.4209117338,68,5
11,8770,584.525091371115,63,52
94,4525,3947.77847720985,95,1
63,5733,2678.62028812622,86,23
81,7934,5725.81331338276,87,6
26,9037,1079.4552255138,78,52
49,8479,2477.8880431644,63,14
82,8907,6542.1540134248,83,1
95,3557,3153.11818362089,96,1
53,3828,1290.68311294608,63,10
70,2303,1307.68061317384,93,23
15,8946,693.779578919879,81,66
57,6729,2600.37446689781,84,27
43,2011,469.549754372215,89,46
84,9273,7040.84510563955,89,5
72,7059,4213.15329538127,87,15
4,1456,76.273753322449,79,75
41,2240,484.306131385518,60,19
64,4421,2127.8969189815,75,11
35,1504,257.068272433008,89,54
49,4452,1301.04464773769,86,37
13,6105,438.663776910248,60,47
88,3960,3189.50052459819,90,2
37,2840,525.295695039346,77,40
53,4189,1412.40113901022,73,20
86,2440,1910.29446198938,88,2
53,2762,931.260908557229,73,20
33,2347,370.557728488549,68,35
90,9613,7951.24132699886,90,0
24,6545,721.994689811964,83,59
50,3637,1102.17378095243,83,33
11,3573,238.142320577992,75,64
79,9342,6495.22573621705,79,0
51,1563,490.995622986803,79,28
17,1845,154.556457913972,67,50
70,9154,5197.78911549862,92,22
32,7434,1127.96662404825,67,35
60,1901,809.70464972268,69,9
19,1825,165.279444725269,74,55
56,4788,1789.45847686387,88,32
49,4903,1432.84409430771,87,38
96,8061,7283.92965547752,98,2
47,8428,2288.13386010181,93,46
72,6071,3623.46701462809,86,14
19,7823,708.482792375768,68,49
68,2979,1604.94933361951,85,17
88,5966,4805.19195195778,93,5
25,5563,638.540466023106,66,41
50,9267,2808.31576246528,73,23
48,6634,1868.92621282394,67,19
98,1233,1156.11211086163,99,1
29,2833,381.411203376089,89,60
93,7219,6209.45313652562,98,5
90,8391,6940.48330124284,91,1
28,8797,1138.03398270933,67,39
35,9537,1630.09316103298,70,35
12,1756,121.50087670807,60,48
74,5330,3334.68871159241,82,8
84,2566,1948.32400960542,87,3
46,4560,1192.68655493807,68,22
65,2990,1481.64774982773,83,18
60,9812,4179.28565127771,89,29
7,1736,100.185554134722,83,76
79,2727,1896.00520045642,86,7
22,6827,695.760710092983,87,65
86,2196,1719.26501579044,90,4
29,2944,396.355306296931,77,48
25,2949,338.496464911404,87,62
40,2709,563.438651621743,87,47
51,8518,2675.81619744183,83,32
8,5219,311.883527600599,76,68
23,3804,403.320393010903,76,53
67,9720,5095.95064777197,70,3
27,5275,655.728246929248,83,56
14,2368,176.749477134367,74,60
4,5026,263.2911292573,43,39
80,8213,5819.72843319914,87,7
41,6888,1489.24135401047,89,48
68,8566,4614.97012144502,69,1
90,5798,4795.72424986366,94,4
79,8911,6195.56374817278,84,5
1,2392,115.851207772,55,54
21,7261,711.336143362091,84,63
73,7650,4676.37000856603,83,10
28,8599,1112.41948588354,77,49
42,6830,1534.75653382523,84,42
28,1629,210.737451157609,85,57
66,5032,2565.6223471135,91,25
36,6199,1102.28544203535,78,42
95,2691,2385.44870174974,95,0
5,4291,231.8054442386,85,80
4,6753,353.761439688529,90,86
84,5234,3974.0950375194,87,3
60,1189,506.438100221076,89,29
1,4973,240.856210806921,83,82
90,5030,4160.48516330014,93,3
27,5043,626.888634931601,74,47
56,3789,1416.09402022498,76,20
33,7260,1146.25015288746,80,47
17,3087,258.599341778011,75,58
98,7186,6737.89264286431,98,0
89,9900,8081.88577127938,91,2
4,4936,258.576405494236,90,86
71,7930,4618.02991456532,75,4
81,5616,4052.9578482427,91,10
40,4801,998.548898647466,79,39
80,4233,2999.50206474272,88,8
9,2365,146.467141345581,82,73
2,5364,265.951908117762,81,79
57,6861,2651.38493347985,80,23
58,8191,3271.37508713872,68,10
9,3523,218.183399137624,82,73
27,8088,1005.40854240071,82,55
25,9393,1078.16117155402,86,61
55,5745,2075.58384352535,69,14
44,2199,533.38860214035,81,37
52,5666,1844.3584620127,77,25
11,7471,497.946061303717,88,77
38,8052,1548.96352488883,76,38
82,4152,3049.62652562476,84,2
40,6874,1429.70737956732,60,20
37,2697,498.845947014477,78,41
93,5171,4447.85734436542,98,5
38,4372,841.041794686284,79,41
98,1603,1503.03950828159,98,0
23,9460,1002.99971553185,72,49
40,8693,1808.03698728232,61,21
68,9180,4945.76531810242,85,17
99,8587,8178.09523809524,99,0
26,1757,209.870845549159,28,2
56,4904,1832.81210746458,73,17
40,1974,410.567699631347,63,23
28,2514,325.226490000141,90,62
66,4534,2311.7113914572,70,4
98,1384,1297.69599467356,99,1
87,3807,3023.88160048088,88,1
87,9893,7857.96182651888,93,6
64,3655,1759.20905652056,64,0
13,8426,605.435050654505,87,74
64,6986,3362.47181090359,82,18
49,7522,2198.21604678413,75,26
35,8952,1530.10317474753,74,39
34,5342,877.605529671896,75,41
56,5054,1888.87283668964,75,19
41,3629,784.619174463412,65,24
33,7598,1199.61551813208,76,43
74,5564,3481.08967941842,82,8
78,6021,4104.60736941193,83,5
15,8681,673.228317080647,84,69
6,2518,140.496904751618,79,73
58,2031,811.154047366467,77,19
56,8347,3119.59271227709,79,23
80,2472,1751.65818663926,94,14
40,2787,579.661691424805,73,33
61,8101,3560.55766198894,81,20
65,8914,4417.19332507169,73,8
41,7638,1651.39742478687,85,44
64,9762,4698.604325514,88,24
60,8792,3744.83076294676,65,5
28,4990,645.537066468061,65,37
35,2871,490.720086539339,53,18
11,7263,484.082752409169,75,64
58,8227,3285.75300230622,84,26
96,1262,1140.34477424794,97,1
90,6746,5579.84749734051,91,1
44,4601,1116.01680693395,57,13
90,1754,1450.79343467762,91,1
78,1129,769.656488966295,79,1
22,4265,434.659356752098,90,68
42,6059,1361.50656492637,84,42
65,9244,4580.71966535368,75,10
21,3437,336.71151697225,77,56
50,4134,1252.78702514637,64,14
82,8212,6031.67943844667,90,8
59,3506,1446.41149365579,88,29
45,6913,1741.4691695999,79,34
56,5488,2051.07521324747,81,25
83,2769,2068.53867879609,93,10
94,8889,7755.09455998196,94,0
70,1718,975.508160413659,80,10
80,5815,4120.50661622464,83,3
24,1360,150.024870610278,79,55
57,3841,1484.32728895148,81,24
85,3251,2507.30474398109,93,8
52,5580,1816.36431663094,70,18
49,4424,1292.86197699721,89,40
42,1523,342.230483311248,64,22
0,3975,256.912888312012,67,67
87,2653,2107.2650081628,90,3
13,4164,299.196718600209,78,65
90,4848,4009.94673393222,96,6
38,7526,1447.77688627836,88,50
22,5149,524.750534095323,65,43
64,1657,797.540193339142,73,9
17,3825,320.421924943599,87,70
26,5283,631.045917493573,58,32
28,2901,375.291188341452,81,53
21,4205,411.949935661423,47,26
22,5273,537.387758066544,68,46
64,1419,682.987045472687,85,21
33,5661,893.790924999435,88,55
97,2123,1955.71151716112,98,1
4,4695,245.951422973144,83,79
96,8205,7414.04823510645,98,2
77,4411,2946.32558065058,90,13
88,7364,5931.18228867199,91,3
58,7384,2949.07015546725,87,29
38,2992,575.57114586033,81,43
36,4938,878.058640550175,67,31
32,2274,345.035795411045,80,48
6,4202,234.459092043804,80,74
11,7426,494.9467877448,53,42
85,5835,4500.19168905865,85,0
85,6186,4770.89730737221,92,7
96,9519,8601.38027422039,96,0
18,2706,235.670062577727,74,56
8,7878,470.783374293451,80,72
92,4492,3812.79999552773,93,1
46,6561,1716.05624713786,89,43
85,5990,4619.73405612019,88,3
9,6444,399.084253205464,39,30
11,5432,362.045643823021,62,51
91,4557,3818.26165505883,91,0
86,6986,5469.39225879418,90,4
42,8197,1841.93254872114,57,15
35,6061,1035.9646271386,84,49
61,3566,1567.33102365789,77,16
64,9539,4591.27091385762,71,7
95,8634,7653.64700516806,97,2
11,9050,603.187237959931,64,53
67,9489,4974.84317867368,68,1
14,1842,137.488402399283,83,69
16,1576,127.014367963329,72,56
41,3959,855.967845605029,82,41
99,2051,1953.33333333333,99,0
75,2543,1627.24195847477,77,2
20,9327,878.476780381734,89,69
91,5298,4439.13764505194,95,4
20,2637,248.369601143629,75,55
18,6996,609.293332518027,81,63
16,8205,661.26452356543,56,40
29,4560,613.919903775138,91,62
74,2930,1833.14032363335,75,1
37,9252,1711.2802008817,82,45
58,3979,1589.1590125412,85,27
36,3939,700.419802577388,64,28
56,2714,1014.32546077872,82,26
11,6145,409.567467100969,65,54
17,5414,453.533150756771,82,65
95,5726,5075.837705767,95,0
59,8517,3513.71554234636,80,21
9,2041,126.401452636926,87,78
28,8349,1080.07794948734,84,56
10,7587,487.330274062944,58,48
62,2517,1140.93261335915,71,9
77,4006,2675.80600228661,90,13
38,1376,264.70116868443,72,34
82,4168,3061.37845828613,82,0
67,5533,2900.81223602081,85,18
64,9009,4336.17356776845,74,10
92,5732,4865.30934424866,98,6
79,8066,5608.05938646186,90,11
93,7369,6338.47626583423,96,3
25,1978,227.041711629283,65,40
1,2406,116.529266680364,54,53
23,1875,198.797512327929,73,50
12,6134,424.422766359513,43,31
59,4721,1947.66362280347,67,8
74,8224,5145.30580940637,95,21
69,2398,1326.75997460509,85,16
11,9240,615.850837430913,37,26
57,3999,1545.38527167846,73,16
73,5435,3322.36222177208,92,19
95,4038,3579.50273417519,95,0
45,9874,2487.38124991023,79,34
0,8009,517.639074840478,60,60
5,9339,504.505020681493,79,74
32,2977,451.702534273827,83,51
63,1462,683.087887884272,74,11
41,5146,1112.60685362048,63,22
71,7284,4241.83226957046,84,13
18,1233,107.384030731093,57,39
7,6520,376.272933731791,82,75
55,8490,3067.31189408708,88,33
78,8879,6052.94948231332,85,7
94,2184,1905.40291585112,99,5
96,4929,4453.85054854841,96,0
36,7684,1366.34317415706,72,36
55,5585,2017.77820123396,65,10
83,2830,2114.10778656299,83,0
60,5102,2173.1263139848,84,24
51,4496,1412.35849069013,62,11
26,5387,643.468551493068,55,29
76,8754,5725.12013395397,87,11
34,4946,812.549035896143,39,5
17,9561,800.929156702158,50,33
65,1487,736.859599997936,83,18
45,5430,1367.88334889736,81,36
10,6389,410.380008038507,65,55
9,8379,518.921005215485,85,76
99,2617,2492.38095238095,99,0
84,5241,3979.41002897195,95,11
25,9478,1087.91776684649,83,58
86,2226,1742.75224278211,86,0
44,6698,1624.66432793818,69,25
99,7173,6831.42857142857,99,0
97,7437,6850.97812205711,98,1
29,4746,638.961373534387,79,50
32,9125,1384.54337428575,70,38
35,9252,1581.38009079135,80,45
70,5640,3202.48313430328,94,24
56,4415,1650.05413019089,68,12
11,4124,274.86675904384,62,51
35,4719,806.585889369259,71,36
21,3647,357.284522082571,81,60
6,1479,82.5237975089923,86,80
53,7051,2377.37895229436,67,14
67,2088,1094.68569470657,82,15
84,1328,1008.32980699766,84,0
60,9217,3925.85363308466,87,27
54,2657,927.541727854898,86,32
71,7746,4510.8776441643,84,13
12,6085,421.032366041349,86,74
51,7460,2343.45959531769,66,15
57,3160,1221.15965453962,57,0
57,4183,1616.49077055039,90,33
6,3314,184.911335324409,73,67
50,9853,2985.89999002594,84,34
41,1620,350.257112877026,59,18
24,9355,1031.97254746996,85,61
55,4327,1563.28133871788,89,34
55,2273,821.201405802111,85,30
7,2864,165.283080093229,85,78
26,2221,265.294904931521,66,40
91,9852,8254.88563213508,94,3
96,4724,4268.61229282668,98,2
46,4567,1194.51743342152,90,44
9,5897,365.207920725112,65,56
18,4329,377.019845121575,59,41
3,3951,201.113898617106,61,58
35,4076,696.682365982008,81,46
0,7934,512.791661853459,80,80
18,6444,561.218729952282,68,50
44,2635,639.144596016291,53,9
46,9776,2556.95257918301,70,24
34,4513,741.414031338313,82,48
48,8445,2379.11996793762,71,23
43,9062,2115.89252815565,67,24
45,5154,1298.35557646722,80,35
36,4620,821.512944378657,68,32
1,8984,435.120088053364,66,65
3,9035,459.899790940408,81,78
60,4155,1769.76476570107,82,22
83,5590,4175.92315437707,83,0
60,9456,4027.65237652691,75,15
49,4559,1332.31413949599,81,32
21,3487,341.609851522326,47,26
39,3658,731.763378281798,86,47
69,6137,3395.46537287383,78,9
95,4808,4262.0725968089,97,2
17,5350,448.171842731571,76,59
82,8722,6406.27229202774,84,2
55,1126,406.807207625683,63,8
78,1006,685.805516297691,92,14
83,1925,1438.04151559497,87,4
19,2453,222.153686526621,60,41
86,8549,6693.07678506033,94,8
47,5121,1390.31009700776,77,30
88,7307,5885.27281142398,93,5
83,5478,4092.25528437882,85,2
15,2369,183.720525649586,85,70
63,4379,2045.99306501041,81,18
98,5447,5107.33387499052,98,0
62,1607,728.43810475493,72,10
37,5484,1014.33858859006,67,30
85,5762,4443.89109037806,97,12
41,1043,225.505042426382,71,30
29,6914,930.842590943269,60,31
36,2171,386.039957196118,65,29
92,5303,4501.17506150569,92,0
51,8063,2532.88401032795,74,23
75,8176,5231.74606861569,91,16
67,5345,2802.24858151658,74,7
95,5875,5207.91940645846,97,2
36,2227,395.997689855253,66,30
81,8520,6148.71810310324,91,10
10,1352,86.84203644828,51,41
56,6168,2305.21718573441,94,38
18,3447,300.204991021961,89,71
26,9855,1177.16401985598,66,40
57,3730,1441.43212387113,80,23
77,5674,3789.94589540045,86,9
5,9549,515.849495929711,56,51
48,6105,1719.89667309167,67,19
97,1279,1178.21715989123,98,1
94,8144,7105.1288217452,97,3
29,4502,606.111273420103,59,30
67,3014,1580.16412061571,78,11
89,5147,4201.76424896717,90,1
48,8250,2324.18469336712,66,18
99,4493,4279.04761904762,99,0
38,2476,476.308207603669,81,43
83,4618,3449.80556832081,90,7
3,6156,313.352862537814,90,87
36,3166,562.967528550396,46,10
94,8176,7133.04681318624,97,3
23,4847,513.904822535186,40,17
82,6168,4530.37004095702,88,6
24,7566,834.623655174533,82,58
1,3471,168.110176495239,82,81
45,3959,997.320474822222,74,29
72,9859,5884.32898982349,88,16
87,9686,7693.5427324029,91,4
20,7938,747.651836889697,56,36
3,3583,182.381953618094,88,85
85,9410,7257.37854225226,96,11
40,5159,1073.00849158973,76,36
76,2468,1614.07316547846,91,15
36,3428,609.555492062779,64,28
22,8447,860.8599264912,54,32
60,4040,1720.78210672258,64,4
98,9069,8503.47180324748,98,0
81,9496,6853.07829895168,94,13
3,5986,304.699518380662,36,33
42,5829,1309.82369482683,87,45
64,8615,4146.53516331726,77,13
36,4001,711.444435164287,78,42
70,5219,2963.43253154766,79,9
76,6058,3961.93486080571,86,10
43,5867,1369.88981049318,70,27
61,1686,741.031998285811,83,22
49,8559,2501.26710242294,90,41
71,6300,3668.80056264331,77,6
17,3919,328.296346105612,84,67
27,5520,686.183871668142,74,47
84,5127,3892.85159674474,84,0
30,1119,156.780539268837,65,35
58,4426,1767.68479253766,64,6
80,4780,3387.10604050796,89,9
34,2127,349.432227931884,79,45
92,7446,6320.14887949677,98,6
86,9966,7802.45680663367,93,7
19,7090,642.099322247756,61,42
20,7677,723.069180121215,87,67
18,2603,226.699620432308,79,61
66,7767,3960.09315779622,88,22
69,3694,2043.80790083036,71,2
54,9256,3231.21047535752,76,22
91,4961,4156.76894245048,95,4
75,4396,2812.95935881049,83,8
87,9333,7413.156547751,89,2
37,7358,1360.95976200687,68,31
58,4655,1859.14430846426,76,18
78,7385,5034.466936241,87,9
59,2850,1175.77659923531,93,34
57,5889,2275.76240683032,82,25
56,9709,3628.62413364062,82,26
76,8761,5729.69813725962,93,17
53,5685,1916.80603372478,80,27
72,5564,3320.86484424159,80,8
67,1352,708.819472817665,84,17
76,4983,3258.884353152,94,18
43,7077,1652.41353142325,88,45
55,3072,1109.86833199476,74,19
79,8462,5883.38687431692,83,4
55,6013,2172.40829436344,73,18
7,4369,252.137491943895,75,68
68,5863,3158.71700000375,76,8
39,4198,839.787496453523,84,45
79,7559,5255.55676943531,79,0
36,3366,598.530859475879,77,41
80,6956,4929.01874848815,87,7
54,2145,748.805798362347,84,30
72,1256,749.641668649792,96,24
28,4117,532.600421372547,81,53
10,6395,410.765401691384,80,70
55,1412,510.134793221549,76,21
51,9803,3079.48182478543,55,4
97,2146,1976.89915959857,98,1
23,4642,492.169627853999,74,51
10,3185,204.579797402198,75,65
28,3959,512.160570370151,61,33
54,3100,1082.19019809943,73,19
80,5869,4158.77099408812,91,11
40,1619,336.732069758435,63,23
14,7084,528.755614873249,75,61
43,3463,808.578219488305,66,23
45,3685,928.296526829979,77,32
97,2767,2548.96550540971,98,1
13,1833,131.706912870841,79,66
60,1548,659.349183466969,79,19
48,1620,456.385357970272,72,24
8,6394,382.100646767241,64,56
96,6564,5931.23858808516,97,1
30,6498,910.419967979361,57,27
77,1651,1102.78475031832,87,10
43,3369,786.630095713571,80,37
2,2012,99.7567559904804,80,78
91,6636,5560.23356220548,93,2
55,7741,2796.70923111049,78,23
13,1250,89.8164981388715,69,56
26,3379,403.616156579743,90,64
36,5888,1046.98446244622,69,33
92,2457,2085.4963466188,92,0
8,9687,578.887858184902,84,76
74,5933,3711.95274406712,87,13
35,4056,693.263904912421,76,41
1,5916,286.52832156319,89,88
6,3028,168.95338665127,58,52
44,6413,1555.53483652845,81,37
82,9435,6929.96779124992,86,4
25,2419,277.661223676055,80,55
14,9593,716.029448543065,66,52
60,3596,1531.66644944911,84,24
5,7098,383.443263389789,90,85
38,2683,516.128804927562,65,27
91,3255,2727.32975361345,99,8
56,1433,535.566833196725,77,21
88,9143,7364.04123646496,90,2
4,5075,265.85803441719,68,64
41,2781,601.274710438895,67,26
10,9931,637.890727786885,77,67
73,4356,2662.78009899525,80,7
61,9703,4264.66991658791,70,9
31,7129,1039.4524018624,84,53
66,8825,4499.52647322668,68,2
15,7823,606.688759880417,77,62
65,7130,3533.16001881996,80,15
80,5390,3819.35179044726,89,9
56,1007,376.354362197559,76,20
52,4054,1319.63099276377,81,29
95,8790,7791.93388642891,98,3
70,2777,1576.82547233337,89,19
21,4855,475.628284812416,82,61
43,9857,2301.51761752706,57,14
71,9938,5787.38730024591,89,18
76,5837,3817.40075644155,79,3
52,3600,1171.84794621351,66,14
9,2181,135.071811955481,68,59
98,8731,8186.54893749628,98,0
27,2964,368.450905004415,82,55
71,4894,2850.01745294863,76,5
40,7753,1612.52855888644,79,39
23,7172,760.413737821819,67,44
82,7157,5256.78637858777,83,1
65,4290,2125.84242366587,74,9
81,2951,2129.6792397016,86,5
20,4860,457.746022585529,85,65
37,5659,1046.70716134777,74,37
7,1867,107.745639152953,87,80
99,3044,2899.04761904762,99,0
2,4998,247.80530141174,46,44
90,3627,3000.0158424035,97,7
76,5714,3736.95869835652,90,14
71,6613,3851.07589218417,85,14
25,6027,691.799997972544,75,50
40,4080,848.589774314031,85,45
54,6473,2259.68295235407,87,33
1,2067,100.110554542108,86,85
33,2793,440.974748900092,72,39
48,2461,693.311337015332,76,28
75,7280,4658.4040336989,86,11
7,3092,178.44109065931,72,65
32,5180,785.965444252074,90,58
3,8479,431.598265344075,83,80
52,3912,1273.40810155201,70,18
82,2670,1961.10376286564,84,2
7,6916,399.126320504458,62,55
60,2877,1225.41834679229,86,26
6,2766,154.334566538115,38,32
23,3885,411.90844554347,67,44
93,2154,1852.77213687161,93,0
69,4082,2258.47965652126,81,12
91,1478,1238.40042268531,94,3
32,4401,667.767166052775,65,33
88,2345,1888.7320025714,88,0
0,2152,139.088436640868,85,85
51,5349,1680.31707444428,82,31
67,4487,2352.42083915152,79,12
41,2912,629.597970801173,66,25
67,8549,4482.02490615253,79,12
11,1690,112.639384768208,29,18
62,4638,2102.36212187515,90,28
58,5000,1996.9326621528,69,11
20,6857,645.836312112957,58,38
0,6243,403.498657039469,34,34
98,1232,1155.17446924698,98,0
9,8043,498.112142850954,49,40
24,5542,611.351347736884,77,53
63,7735,3614.01149985283,75,12
4,4120,215.829576709128,69,65
7,6414,370.155613030017,86,79
81,5493,3964.19114323311,98,17
77,6016,4018.38465046336,78,1
61,4492,1974.32724572946,85,24
10,1961,125.959492215294,50,40
47,3949,1072.12157256075,81,34
94,4441,3874.49374967711,96,2
17,7128,597.115681306661,65,48
39,4226,845.388747025391,76,37
85,1962,1513.17499467576,88,3
78,8630,5883.20239130127,84,6
19,7537,682.581465695534,72,53
3,6680,340.025523351624,77,74
56,8482,3170.04736857964,76,20
70,9283,5271.03739995343,84,14
64,7260,3494.35232567421,90,26
93,2587,2225.2189034758,95,2
11,8624,574.794114935518,71,60
55,2291,827.704540559893,77,22
93,9342,8035.56049334012,94,1
91,8321,6972.07707521275,91,0
55,6083,2197.69826286592,84,29
16,6128,493.873126192438,71,55
57,9150,3535.95279716377,83,26
69,9070,5018.22892813518,86,17
53,6957,2345.68506185106,80,27
82,9922,7287.66724163028,84,2
14,5694,425.004866048599,78,64
26,5720,683.24486997222,69,43
35,1950,333.299954284818,79,44
77,5850,3907.50502081294,83,6
70,3316,1882.87838179959,85,15
45,7968,2007.23656059193,60,15
16,2105,169.647997819041,91,75
25,1849,212.234643479548,38,13
54,8665,3024.89615049405,83,29
19,4899,443.673424498132,87,68
59,5141,2120.93596374341,81,22
73,3737,2284.39146692958,92,19
10,4371,280.759276120882,77,67
90,9704,8026.51054168282,94,4
73,2139,1307.54973180689,75,2
99,9584,9127.61904761905,99,0
58,4413,1762.49276761606,81,23
60,1441,613.774013808722,80,20
51,3427,1076.54638514125,71,20
26,3478,415.441548560032,89,63
14,2885,215.338784431017,89,75
84,9907,7522.23147434174,91,7
72,2950,1760.70296378733,72,0
85,9673,7460.21494571797,92,7
68,1329,716.004586901755,72,4
55,7864,2841.147318622,76,21
28,7692,995.084391838141,77,49
28,4423,572.18646192149,69,41
93,1935,1664.39836808105,95,2
5,7016,379.013515911913,77,72
64,6116,2943.72711071949,72,8
3,6712,341.654388134147,49,46
52,2598,845.683601184081,88,36
57,1944,751.245053299056,69,12
86,1635,1280.05387104616,97,11
38,8479,1631.10552999657,77,39
85,9692,7474.86852619648,94,9
66,3501,1785.02460994523,68,2
33,7723,1219.35123013083,61,28
50,5167,1565.8322590545,88,38
65,6605,3273.00447746225,82,17
31,3791,552.751305296723,80,49
77,6786,4532.70582414301,84,7
10,7517,482.834014779379,49,39
82,6261,4598.67814955122,90,8
13,6595,473.871844180686,61,48
63,5281,2467.43306150263,81,18
12,3389,234.491156699118,64,52
96,1932,1745.75761002141,96,0
2,4313,213.842389953749,50,48
89,8990,7339.00536200017,89,0
72,5273,3147.18194171206,83,11
35,2114,361.331335055438,55,20
51,7997,2512.15098977957,75,24
97,1570,1446.28689681722,99,2
14,2101,156.820376460855,75,61
30,1998,279.935225611382,90,60
57,3540,1368.00796742729,70,13
15,2312,179.300065555864,87,72
49,5814,1699.07313161432,73,24
51,9242,2903.25115012414,73,22
48,4726,1331.4056801034,66,18
53,9031,3044.97366588716,85,32
55,4736,1711.04701182525,88,33
80,4600,3259.55811429636,88,8
92,4599,3903.62136674801,94,2
7,7501,432.887005509535,76,69
88,6319,5089.50853912524,88,0
70,5978,3394.40499589805,70,0
9,7279,450.796753426843,68,59
43,9598,2241.04353180732,87,44
4,5479,287.021905531386,59,55
73,9867,6031.60037575438,96,23
70,6221,3532.3843224292,96,26
1,4549,220.320712439309,80,79
20,1629,153.429685348112,76,56
15,8883,688.893807237345,71,56
0,6375,412.030103896622,67,67
6,7227,403.245087625076,56,50
95,2852,2528.16785484588,98,3
37,4578,846.761863341593,84,47
20,2379,224.069503648348,79,59
31,1119,163.157138123723,67,36
15,8275,641.742232904315,73,58
94,6119,5338.44342586676,97,3
81,6597,4760.92644673381,88,7
1,4212,203.998865859391,72,71
14,4951,369.546731964632,78,64
73,9547,5835.98751265097,89,16
31,4229,616.614421023435,87,56
11,6056,403.635570506667,75,64
12,7038,486.972192637471,63,51
10,2628,168.802419960118,69,59
25,4569,524.445692838319,66,41
22,5372,547.477154624213,61,39
14,3684,274.976804798567,84,70
16,7304,588.650344926496,73,57
72,4750,2835.03019592875,83,11
12,1943,134.439751391675,86,74
16,4290,345.743425483936,55,39
86,4181,3273.33653507278,97,11
77,3786,2528.85709552099,95,18
15,5795,449.413442861692,72,57
39,3682,736.564450200542,83,44
23,2021,214.277211954531,71,48
36,4532,805.865078771445,78,42
27,4576,568.836484919097,83,56
69,3277,1813.09109123473,86,17
6,5210,290.702491563117,66,60
89,4217,3442.55679772577,89,0
55,8981,3244.70295886879,70,15
85,9781,7543.50898212214,86,1
18,5047,439.551665125569,60,42
32,1903,288.743675755154,87,55
84,3764,2857.94683248434,88,4
62,3470,1572.9186207216,87,25
93,4106,3531.7931262743,93,0
16,4090,329.6248508693,69,53
19,7308,661.842291535487,71,52
18,1822,158.681025135484,44,26
19,5828,527.807454169242,38,19
11,2429,161.894121657975,76,65
25,2173,249.424489064931,83,58
63,5215,2436.59598858856,93,30
38,1370,263.546948472143,78,40
68,7395,3984.08872847139,70,2
95,6541,5798.29801491826,98,3
69,2342,1295.77642223733,84,15
4,2350,123.106676035546,60,56
57,3887,1502.10366366946,91,34
83,6088,4547.94636204788,90,7
31,8984,1309.92290339904,84,53
13,6211,446.280215952425,75,62
64,2915,1403.0354034904,78,14
37,2258,417.64707021086,78,41
99,2318,2207.61904761905,99,0
89,7454,6085.0885393047,93,4
65,3359,1664.49993032486,75,10
0,5858,378.615270372771,70,70
44,3656,886.797966996417,69,25
13,5985,430.041393088917,62,49
35,1016,173.657822335064,88,53
40,6397,1330.4972515409,62,22
64,6627,3189.67945760923,69,5
30,3921,549.362372183299,41,11
84,8976,6815.33761115287,86,2
67,3905,2047.29292999481,77,10
31,1148,167.385517932112,60,29
11,9520,634.512984019728,82,71
74,7836,4902.55548668632,90,16
76,1189,777.606561488607,85,9
22,8880,904.988297293934,52,30
42,9598,2156.74864006655,73,31
44,5658,1372.40232419741,79,35
93,3716,3196.33299007192,94,1
93,9221,7931.48183569784,94,1
32,9730,1476.34049663565,62,30
81,2712,1957.19759338216,83,2
6,2033,113.435348435282,62,56
85,4918,3792.96362070102,93,8
38,6263,1204.81353159199,72,34
95,1364,1209.12375666542,99,4
45,8160,2055.60370663029,67,22
44,6466,1568.39049633447,83,39
58,2521,1006.85344825744,92,34
57,2540,981.565038775516,93,36
46,7133,1865.66517464325,78,32
32,1844,279.791559691279,47,15
79,5655,3931.7599591423,89,10
12,8065,558.032215632453,77,65
28,2548,329.624938950024,62,34
20,5722,538.9347204186,84,64
57,3445,1331.29588920537,71,14
5,3689,199.284615193707,68,63
4,2101,110.062606957737,37,33
19,5178,468.940802623256,81,62
56,2209,825.587672387695,75,19
52,2685,874.003259884241,77,25
84,2450,1860.24700839177,84,0
98,8017,7517.07282463723,98,0
63,4202,1963.29364219542,63,0
75,5268,3370.94401779201,81,6
35,7392,1263.46321131968,85,50
97,3966,3653.48651769241,97,0
12,4218,291.851194734989,87,75
23,5521,585.365901633333,77,54
52,7508,2443.95399449195,87,35
54,9837,3434.03386409809,80,26
31,1810,263.909222523627,75,44
27,4840,601.65397443366,31,4
72,4735,2826.07746899424,74,2
14,1747,130.397523882491,83,69
76,3060,2001.24144504217,90,14
65,4378,2169.44944774107,77,12
52,3435,1118.13824867872,87,35
63,1263,590.109440764593,77,14
69,3250,1798.1525927717,91,22
61,5414,2379.56538476831,86,25
2,5000,247.904463197019,58,56
57,3382,1306.94998470031,76,19
43,3556,830.292852584583,92,49
11,1226,81.7135418495994,85,74
43,8977,2096.04582048701,73,30
95,7025,6227.34192857373,95,0
14,1640,122.410955447788,76,62
45,8524,2147.29975432802,87,42
66,7999,4078.3809925598,83,17
45,6683,1683.52935924145,85,40
39,2086,417.293167604109,79,40
66,8948,4562.23942010565,81,15
67,4382,2297.3719895614,84,17
72,1700,1014.64238591134,86,14
98,2017,1891.22313674608,99,1
70,4939,2804.44400714963,91,21
15,6538,507.03452794301,30,15
1,6428,311.325904497665,80,79
25,3202,367.536683840731,87,62
17,5772,483.522967522734,69,52
90,4558,3770.07780801631,91,1
10,3259,209.332985787681,75,65
12,2466,170.62708539983,79,67
60,5469,2329.44488655094,91,31
68,7001,3771.81949804303,77,9
34,3189,523.901915785039,51,17
17,4110,344.296499743319,62,45
38,4626,889.90378367309,68,30
9,8684,537.810002302336,87,78
48,2223,626.262130103651,61,13
26,1094,130.676553802379,77,51
31,2037,297.007229989297,49,18
7,6300,363.576607746976,79,72
34,9774,1605.71255091971,71,37
45,4003,1008.40461245601,80,35
99,2815,2680.95238095238,99,0
63,6884,3216.4001506124,83,20
42,9740,2188.65719464974,60,18
40,5882,1223.38359130273,81,41
12,3618,250.336088798291,78,66
8,5449,325.628155182155,81,73
40,2910,605.244177268096,67,27
92,2438,2069.36918724324,96,4
87,1557,1236.71753400282,88,1
83,6480,4840.78390704176,88,5
53,5852,1973.11326461872,75,22
31,5747,837.948233062588,46,15
20,3003,282.841832474145,80,60
67,3166,1659.8538838319,88,21
62,2889,1309.55674215121,67,5
74,9849,6161.97919708698,85,11
72,3395,2026.30052951118,73,1
15,5936,460.348265198793,57,42
54,4903,1711.60598105855,90,36
56,4381,1637.34703156654,73,17
94,9319,8130.24256997096,94,0
73,9151,5593.91659456049,96,23
4,3164,165.748733181476,65,61
53,8876,2992.71246356045,84,31
56,4762,1779.74128379819,81,25
90,9719,8038.91755509226,91,1
28,5186,670.892831002678,89,61
15,9120,707.27361499545,67,52
49,6770,1978.45288975386,86,37
26,6425,767.455994680334,86,60
47,5586,1516.55383750934,87,40
77,2792,1864.91521677089,84,7
19,1176,106.503357258584,72,53
54,9906,3458.12132334611,88,34
98,6372,5974.65236854041,98,0
6,7619,425.117520771476,47,41
98,6945,6511.92101373401,98,0
77,9745,6509.16862014053,79,2
76,9222,6031.19235496042,82,6
4,1898,99.4282855810496,47,43
69,4496,2487.53663295433,87,18
68,1231,663.20665649064,69,1
98,5490,5147.65246442041,99,1
4,1767,92.5657432148128,7,3
95,4844,4293.98495402294,96,1
94,3911,3412.10201643486,94,0
70,3617,2053.79104552748,92,22
91,6697,5611.34481104432,93,2
62,3632,1646.35170906653,66,4
79,8206,5705.3973872187,81,2
80,6193,4388.357261269,82,2
54,7474,2609.1256582565,77,23
63,5465,2553.40308296002,67,4
47,5310,1441.62206895356,85,38
85,1251,964.822588348308,86,1
51,2750,863.875856182795,78,27
73,3696,2259.32856884445,84,11
74,4702,2941.78355007645,93,19
37,7450,1377.97638311378,63,26
4,1709,89.5273656786163,67,63
87,3905,3101.72252426526,89,2
66,4764,2428.9795035073,69,3
99,6234,5937.14285714286,99,0
82,4600,3378.68064014304,87,5
55,2712,979.805636839122,72,17
8,8348,498.870221960108,84,76
82,1904,1398.47998670269,90,8
79,2984,2074.68995898862,88,9
83,8831,6597.06214245151,83,0
0,3743,241.918224138833,48,48
23,3719,394.308239118704,69,46
61,5577,2451.20726835111,79,18
71,4660,2713.74771776474,72,1
35,6480,1107.58138654647,47,12
71,4882,2843.02926140074,80,9
19,3247,294.061565492026,61,42
84,7200,5466.84835119214,87,3
0,4792,309.71737378394,79,79
40,9858,2050.34264587934,78,38
24,2448,270.044767098501,69,45
71,5227,3043.93976840264,74,3
66,6598,3364.06523176767,81,15
77,5120,3419.90183018158,80,3
56,4795,1792.0746442277,67,11
20,2811,264.758038989284,50,30
3,7840,399.071871718074,80,77
42,7265,1632.50457075261,64,22
50,2144,649.727958856756,71,21
99,2451,2334.28571428571,99,0
61,9848,4328.40042652353,87,26
28,6614,855.627686897747,78,50
22,4144,422.327872070502,40,18
32,9106,1381.66048945162,83,51
17,9517,797.243257434833,73,56
89,7561,6172.43821380237,92,3
55,4590,1658.29936323436,84,29
60,5866,2498.54154406798,78,18
52,1797,584.947433151576,62,10
84,3661,2779.74052968256,91,7
43,6708,1566.2554710735,75,32
28,2198,284.34678799535,76,48
65,1584,784.926433353552,82,17
92,5113,4339.90346775007,95,3
87,5633,4474.26452732041,91,4
77,2613,1745.35224262978,87,10
70,4042,2295.11291291735,85,15
18,5553,483.620050810835,66,48
78,3701,2523.02804753256,78,0
36,9889,1758.42889761051,81,45
40,3775,785.153528930262,80,40
14,9046,675.200916451638,75,61
17,7891,661.032525419593,81,64
10,3534,226.996861544543,85,75
31,3657,533.213274457958,41,10
65,6394,3168.44672655468,86,21
57,2192,847.082899604697,83,26
20,4851,456.898344765926,71,51
6,3576,199.530155437564,69,63
16,1438,115.892551479231,90,74
74,3345,2092.78306571794,75,1
39,5647,1129.65221354765,73,34
14,9756,728.195903261351,52,38
11,7995,532.870935634215,82,71
90,6753,5585.63743693158,98,8
22,6073,618.918235300232,82,60
68,4454,2399.61206174599,79,11
64,5334,2567.33819630114,87,23
56,3169,1184.37633942807,73,17
94,9946,8677.26071476887,96,2
5,9631,520.279243407587,62,57
57,5446,2104.56818943758,74,17
1,4187,202.788046380168,69,68
30,5879,823.693288973632,81,51
90,5085,4205.97754580143,92,2
83,5106,3814.35843045605,85,2
15,3967,307.648512136727,76,61
8,6910,412.936419950209,70,62
24,3838,423.379009854594,45,21
85,7927,6113.62802385055,92,7
12,3831,265.073951405819,81,69
82,3097,2274.73346576587,87,5
57,3915,1512.92406567171,73,16
5,4004,216.301328066035,87,82
1,4947,239.59695854853,66,65
64,1905,916.906498678977,92,28
51,7237,2273.40711679814,67,16
21,4048,396.569165174183,87,66
97,5995,5522.60506141352,97,0
89,1276,1041.66527718712,94,5
52,5292,1722.61648093386,73,21
33,9950,1570.96267510058,73,40
8,2883,172.28591877228,74,66
5,2405,129.921252247456,59,54
86,2262,1770.93691517212,86,0
19,3802,344.324629504368,72,53
60,5453,2322.62990791045,85,25
3,3627,184.621642694063,67,64
76,7035,4600.89332218028,82,6
87,8745,6946.11100504474,97,10
5,6654,359.457801436412,78,73
75,9818,6282.44653885382,77,2
71,5397,3142.93914866444,94,23
45,3803,958.022168666054,84,39
19,9847,891.784488882039,52,33
57,6082,2350.34589206011,60,3
55,3229,1166.59011849319,67,12
68,8822,4752.89124578426,68,0
69,4398,2433.31541631075,73,4
54,2666,930.68357036551,90,36
28,4155,537.516334904768,83,55
61,5773,2537.35333695373,67,6
36,1306,232.228550943404,71,35
99,6193,5898.09523809524,99,0
53,8638,2912.46623031041,83,30
80,7583,5373.31069145855,84,4
55,4753,1717.18886131871,89,34
84,9489,7204.85055617531,92,8
89,3987,3254.7958151607,93,4
56,6833,2553.75308529883,89,33
33,4958,782.79728071846,88,55
47,6655,1806.77869470545,73,26
67,7144,3745.4188711608,89,22
72,4070,2429.17324156421,83,11
30,6407,897.670165411475,44,14
49,5820,1700.82656105871,89,40
90,7709,6376.37775822679,91,1
85,1133,873.816141165973,89,4
41,2045,442.145552983653,83,42
74,2920,1826.88387201685,85,11
20,7712,726.365704975226,84,64
24,5124,565.240762505195,33,9
50,8199,2484.66396206462,79,29
22,4645,473.386333438099,88,66
15,5897,457.32373987151,85,70
91,7048,5905.44396419895,98,7
12,6034,417.50358203673,76,64
80,8048,5702.80950083851,82,2
4,5639,295.403636665721,81,77
76,9530,6232.62450040911,96,20
42,7725,1735.87031095167,71,29
34,6588,1082.30348736025,89,55
5,2435,131.54189156863,36,31
74,5568,3483.59226006501,79,5
45,5655,1424.56359816107,81,36
37,6294,1164.15883964001,72,35
6,2183,121.804901935179,89,83
50,2065,625.787423059328,76,26
33,1501,236.986429681002,74,41
22,3098,315.726773087456,69,47
19,5761,521.73966085604,32,13
38,8956,1722.86603687337,59,21
35,3890,664.890678034841,78,43
13,6572,472.219220614931,82,69
8,1410,84.2605429999703,78,70
8,4819,287.979827458764,61,53
90,6795,5620.37707447802,93,3
65,1750,867.185137859038,94,29
33,2985,471.288802530174,89,56
29,1751,235.739857787339,50,21
1,4343,210.343559930516,68,67
96,6584,5949.31061303362,97,1
4,8505,445.541395609498,88,84
63,6202,2897.75039716707,75,12
12,9997,691.710856748622,13,1
53,4455,1502.0881055838,59,6
92,2116,1796.05627572054,94,2
48,1781,501.742174410527,75,27
76,2200,1438.80103891921,87,11
88,1004,808.651143105198,89,1
35,5276,901.790030157281,49,14
3,5288,269.169905311885,85,82
57,3820,1476.21198744979,70,13
85,8894,6859.418146099,86,1
66,2130,1086.00468985528,94,28
84,7949,6035.55243661477,92,8
39,5088,1017.82724677359,81,42
52,2037,663.07062956581,84,32
63,6313,2949.61274706799,66,3
60,1597,680.220055553456,74,14
28,3636,470.375305346266,65,37
59,3215,1326.35851457597,61,2
32,3036,460.654650337702,79,47
23,9661,1024.3108088534,66,43
56,4512,1686.30673508976,69,13
65,6847,3392.92379366905,85,20
91,4558,3819.09954438406,93,2
89,1923,1569.84508466366,90,1
29,8621,1160.65866018541,65,36
90,9128,7550.08122676018,92,2
22,5787,589.771089689189,73,51
95,6521,5780.56892757712,97,2
70,6322,3589.73375444421,80,10
27,6487,806.39035788247,58,31
32,6127,929.654493616304,64,32
29,1722,231.835542609822,83,54
34,5752,944.962000500327,71,37
71,4500,2620.57183045951,81,10
23,5652,599.255221161311,68,45
43,9773,2281.90440053688,86,43
77,7112,4750.4573859866,82,5
70,5814,3301.28314589349,70,0
91,9957,8342.86401128391,92,1
9,2657,164.551033638566,70,61
6,7919,441.856627771271,82,76
6,6695,373.561071212105,52,46
55,8607,3109.58227001266,84,29
43,5355,1250.34258312442,50,7
26,1924,229.818728990656,84,58
60,8551,3642.18014717445,79,19
24,3694,407.494023554682,65,41
30,2889,404.771204600242,59,29
60,6340,2700.43528629237,78,18
0,3367,217.616527030577,78,78
31,2671,389.448360972711,69,38
83,2070,1546.36152586056,83,0
98,3025,2836.36588431179,99,1
27,2918,362.732706073847,77,50
43,9484,2214.42559446349,77,34
69,6632,3669.33784469598,79,10
67,4629,2426.8678547877,91,24
17,2929,245.363612590798,73,56
22,3723,379.422458426274,81,59
41,3537,764.728029781507,78,37
93,1799,1547.41739750791,95,2
94,4948,4316.81942657112,98,4
63,4512,2108.13443921603,84,21
16,5338,430.204756464627,69,53
50,1347,408.201287583978,82,32
89,9540,7787.99901596013,94,5
81,2964,2139.06108657253,81,0
65,3366,1667.9686708763,75,10
2,9773,484.554063764893,38,36
35,6192,1058.35554714441,90,55
73,1282,783.674032808059,88,15
68,7687,4141.40501092084,75,7
75,9614,6151.90884340402,90,15
12,5817,402.48895205629,22,10
90,4753,3931.36898233908,91,1
39,8489,1698.17914659218,61,22
19,8873,803.575075642361,61,42
92,3284,2787.4521783867,98,6
8,6587,393.634182085677,76,68
59,4486,1850.71362251565,67,8
37,1725,319.061645754532,76,39
69,2252,1245.98142736058,72,3
53,3496,1178.74298925274,65,12
85,6522,5030.03430951851,88,3
3,8945,455.318608739563,70,67
60,8542,3638.34672168918,91,31
73,5205,3181.76547641649,84,11
78,8264,5633.6946189703,85,7
48,2496,703.171514502345,73,25
16,5772,465.182063378386,67,51
68,9139,4923.67638803246,92,24
56,8109,3030.64302190666,79,23
51,6904,2168.79960403128,72,21
29,5310,714.893572159207,76,47
38,6246,1201.54324099051,60,22
62,6247,2831.70680796767,73,11
46,4654,1217.27263743021,73,27
42,6449,1449.1427359647,79,37
65,2726,1350.82667760214,77,12
30,9125,1278.48294980173,46,16
82,4203,3087.08581098287,85,3
26,4171,498.219292422051,64,38
97,5216,4804.98882407555,98,1
1,7021,340.04654254482,70,69
2,1189,58.9516813482511,70,68
4,3198,167.529851047522,73,69
84,2139,1624.109531,85,1
59,7737,3191.92405202933,65,6
71,3715,2163.42763336824,72,1
48,9709,2735.21323489714,66,18
80,7900,5597.93676150897,88,8
24,9997,1102.7931113904,39,15
96,2597,2346.65243955776,97,1
76,1920,1255.68090669313,86,10
34,5315,873.169859641731,72,38
95,4330,3838.34740935577,99,4
89,9092,7422.27327600729,93,4
63,5732,2678.15305974873,85,22
4,7093,371.572618348991,48,44
93,3027,2603.68674944771,93,0
44,6119,1484.22230854789,65,21
86,3680,2881.09984431185,86,0
22,1883,191.902360788793,77,55
24,2996,330.495964962054,64,40
34,9307,1528.99188780538,71,37
4,9411,493.00294815767,74,70
48,3560,1002.92091010751,78,30
84,4475,3397.79810716456,93,9
36,3881,690.106436608998,72,36
50,2742,830.948723500571,93,43
47,4167,1131.30681004322,84,37
14,5590,417.242220093374,74,60
87,6030,4789.59969816121,87,0
95,6748,5981.79406889901,97,2
94,2068,1804.20019687734,98,4
76,1374,898.596648852268,91,15
53,2098,707.380661170552,75,22
69,7419,4104.76741100716,82,13
19,2892,261.911317339987,73,54
17,8468,709.368068084288,73,56
8,4545,271.605792861606,84,76
33,7322,1156.03906603884,76,43
87,3130,2486.14379025615,87,0
81,9397,6781.63192662689,92,11
91,7160,5999.28756862436,91,0
19,3117,282.288235182829,79,60
73,4962,3033.22195849734,89,16
3,1498,76.2512326318463,82,79
15,3601,279.264505219146,71,56
69,1999,1106.00216398481,90,21
77,7934,5299.51193762904,80,3
34,1905,312.961163239416,86,52
80,8029,5689.34610862728,88,8
72,9082,5420.57773461577,96,24
48,7071,1992.0375717332,79,31
21,4645,455.055279702095,74,53
40,6756,1405.16483217294,57,17
24,1404,154.87861642414,86,62
34,9984,1640.21220670989,87,53
42,4412,991.412273387543,66,24
23,3991,423.147131573742,64,41
22,2105,214.527068221141,90,68
93,2433,2092.75515738562,94,1
57,4989,1927.96377104372,85,28
64,3131,1506.99960491542,91,27
95,6475,5739.79202669251,97,2
44,1039,252.019444121794,67,23
33,8059,1272.40082398347,63,30
83,7481,5588.56549515114,86,3
83,1993,1488.83986523676,94,11
75,7584,4852.93079554567,82,7
19,7263,657.766907966919,78,59
64,4237,2039.3348214713,82,18
86,9407,7364.81147702217,88,2
61,7661,3367.16852839122,90,29
98,3489,3271.43159350871,98,0
7,4073,235.055162437053,62,55
13,3467,249.115039237974,67,54
6,6717,374.788605725424,60,54
62,4243,1923.31230770079,85,23
45,3389,853.730510020841,71,26
81,1935,1396.45182271183,91,10
79,6339,4407.32561998286,84,5
68,1537,828.065500427387,90,22
70,3449,1958.39793088865,83,13
44,4284,1039.12540771681,78,34
43,9025,2107.25337305283,62,19
86,2010,1573.64420844207,86,0
72,7784,4645.86843054935,81,9
96,8942,8080.00235445727,96,0
48,4221,1189.13740493365,72,24
44,9046,2194.19431330678,70,26
67,7581,3974.52694040734,86,19
49,5101,1490.70726597259,72,23
37,1228,227.134899122647,76,39
58,4295,1715.36515678925,66,8
29,8225,1107.34456327862,67,38
45,5926,1492.83180949646,61,16
80,1681,1191.1559108983,86,6
27,1215,151.035036970433,87,60
36,9409,1673.07690338935,77,41
6,6551,365.526299852203,80,74
31,2288,333.604586261911,78,47
38,4155,799.29749700858,74,36
14,8976,669.97605859716,58,44
19,9745,882.546952793284,71,52
16,9230,743.872218465438,62,46
87,1387,1101.68736009114,97,10
48,9165,2581.9579048133,71,23
99,3236,3081.90476190476,99,0
92,5365,4553.80052894174,92,0
12,5952,411.829850892047,87,75
20,3382,318.538487321864,75,55
18,4106,357.598402418385,49,31
59,6014,2481.09490098286,62,3
80,3305,2341.92164516293,87,7
55,3458,1249.32444402275,82,27
40,5420,1127.29327862305,73,33
25,8467,971.871674603207,87,62
29,9619,1295.02095491514,71,42
0,6573,424.827274182353,73,73
19,1932,174.969801210531,67,48
11,2794,186.221562746966,13,2
35,2105,359.793027574124,92,57
36,5819,1034.71511327693,76,40
52,6076,1977.81892255369,79,27
96,4541,4103.25326454825,98,2
22,9045,921.803958223382,72,50
13,7041,505.918370716635,80,67
47,3205,870.131587758222,83,36
49,6244,1824.73557512897,72,23
73,8460,5171.51506829655,92,19
56,6516,2435.27807753654,78,22
68,6587,3548.77517977567,69,1
22,2193,223.495420716846,42,20
44,4200,1018.75039972236,93,49
0,6903,446.155891325237,66,66
77,4309,2878.19472387743,78,1
45,3310,833.829444723807,90,45
24,3401,375.172488930556,86,62
87,9777,7765.82359020268,89,2
88,7496,6037.49897282526,89,1
86,9149,7162.82132489378,86,0
12,6282,434.663159157232,63,51
41,7877,1703.07115934095,72,31
15,9623,746.282236524256,83,68
62,4271,1936.00444642707,72,10
84,1266,961.254168417952,87,3
58,1043,416.560153325074,58,0
71,1710,995.817295574614,73,2
1,1513,73.27879488254,1,0
1,8618,417.393690877548,56,55
39,2032,406.490755786937,92,53
40,2349,488.563083299916,80,40
0,9696,626.673550961828,0,0
67,6789,3559.30133207036,74,7
44,6222,1509.20594930298,85,41
13,6141,441.250492056648,78,65
24,9774,1078.19344510651,32,8
26,5478,654.338356242626,83,57
24,7303,805.611492696222,59,35
15,2369,183.720525649586,70,55
39,8901,1780.59754786394,85,46
21,2674,261.962931738084,79,58
3,4848,246.773014552197,36,33
66,4690,2391.24976310857,76,10
52,3013,980.771628317027,79,27
19,3238,293.246488778312,75,56
88,9194,7405.11813716054,94,6
1,5612,271.804756695846,87,86
49,8389,2451.58660149854,72,23
4,1647,86.2794448640615,79,75
93,8650,7440.33379012974,96,3
94,9315,8126.75282104083,94,0
94,5452,4756.52779176754,94,0
38,1259,242.193874544838,43,5
75,1246,797.303767306158,92,17
17,5510,461.575112794571,66,49
97,4617,4253.18891885675,97,0
59,2987,1232.29638663715,68,9
33,7079,1117.67284191327,75,42
94,4740,4135.35248220435,95,1
57,3210,1240.48180097221,88,31
42,1537,345.376397143394,87,45
81,6941,5009.18454854924,97,16
51,6797,2135.18697980889,91,40
9,4452,275.717426330032,71,62
80,8471,6002.54712743576,88,8
38,1473,283.361062116399,88,50
35,4362,745.566359277115,78,43
6,4631,258.396015053512,64,58
86,6771,5301.06713202053,89,3
40,8819,1834.24343619496,55,15
80,3273,2319.24645828087,86,6
98,8657,8117.16345801229,98,0
48,4391,1237.02969558485,72,24
77,4487,2997.08974844234,85,8
12,8208,567.926649214033,67,55
9,9225,571.31474795475,58,49
84,4734,3594.45279090883,86,2
71,2344,1365.02674902158,73,2
26,9911,1183.8531304711,55,29
27,2715,337.498045575907,86,59
83,1868,1395.46054604229,83,0
70,9742,5531.6650167345,90,20
42,9086,2041.69807706238,79,37
32,8841,1341.45183255455,54,22
40,2247,467.348338942066,87,47
95,5218,4625.51888730217,98,3
87,7749,6154.99304495045,94,7
94,5037,4394.46634026652,99,5
79,6943,4827.26956610522,82,3
1,8445,409.014820081328,81,80
40,5860,1218.80786212751,91,51
65,1914,948.452773635542,77,12
60,2964,1262.47479314993,74,14
43,3134,731.759786276739,78,35
37,2198,406.549273836789,80,43
44,3681,892.861957470955,63,19
81,5668,4090.48523572643,84,3
3,8995,457.863709962254,86,83
7,1612,93.0294431250993,86,79
77,6772,4523.35453007611,87,10
12,7072,489.324715307218,73,61
94,1871,1632.33006206843,94,0
85,8178,6307.20953438246,87,2
53,2340,788.975570609672,71,18
32,4682,710.403515441739,70,38
0,9206,595.003786113303,87,87
61,3874,1702.70341717629,81,20
38,6309,1213.66255321953,60,22
94,3740,3262.91524967179,97,3
41,3894,841.914319471074,83,42
7,7495,432.540742073585,75,68
1,8428,408.191462835457,74,73
91,1853,1552.60891964538,97,6
84,1455,1104.75893763675,85,1
96,8626,7794.46436027157,96,0
92,8008,6797.17327786867,95,3
21,6004,588.192012773171,71,50
92,5631,4779.58076019961,93,1
54,9529,3326.51303151273,62,8
11,3732,248.739753819498,65,54
66,1861,948.851984892335,83,17
17,5278,442.14037120322,70,53
57,3363,1299.60756905593,83,26
77,6518,4353.69533771944,84,7
88,5708,4597.39116020365,89,1
88,1383,1113.90889533316,95,7
14,5977,446.128219945992,83,69
42,5514,1239.04063360356,90,48
86,7676,6009.59847960265,89,3
58,2937,1172.99824574855,84,26
0,6414,414.550758649872,77,77
91,6160,5161.3982433975,96,5
37,5754,1064.27867227338,63,26
69,3150,1742.82482068642,83,14
11,6259,417.165626783559,84,73
94,7523,6563.34530034247,95,1
31,3990,581.766739154293,68,37
31,5800,845.67596167792,85,54
53,2955,996.334534680163,86,33
63,7869,3676.62010243593,83,20
25,1233,141.528023477708,71,46
7,3788,218.607649229452,90,83
58,3689,1473.33691813634,83,25
22,9353,953.193191958352,73,51
95,4409,3908.37730435325,97,2
77,5983,3996.34231444852,79,2
67,2633,1380.41543781724,87,20
14,2480,185.109249701533,76,62
45,6219,1566.64208964875,51,6
10,1788,114.847308557341,80,70
81,1070,772.198165530571,85,4
69,8118,4491.50853788329,88,19
7,3838,221.493177862364,89,82
9,7740,479.347008040083,76,67
43,2077,484.960139150219,64,21
21,5809,569.088508027873,88,67
12,3445,238.365899919876,62,50
73,3572,2183.52858439188,86,13
65,8826,4373.5863009965,86,21
35,6469,1105.7012329582,49,14
15,1105,85.6948842730233,70,55
95,8535,7565.88802282944,97,2
3,6116,311.316781559661,72,69
38,3590,690.608427018243,82,44
86,8822,6906.81055068455,91,5
69,7516,4158.43534992988,88,19
2,1724,85.4774589103321,84,82
3,6698,340.941759791793,82,79
4,7772,407.142589850325,70,66
98,6562,6152.80427532363,98,0
41,2423,523.872212654959,70,29
83,2342,1749.55492442775,88,5
45,3414,860.028315494586,61,16
0,6142,396.970807550283,85,85
95,8024,7112.90984126343,98,3
33,7527,1188.40563371679,85,52
39,1180,236.052702671548,86,47
89,7307,5965.08478088267,93,4
83,9635,7197.67792351039,83,0
77,5852,3908.84091996536,78,1
95,2508,2223.22755257835,95,0
46,5343,1397.48339101625,73,27
29,9567,1288.02011390718,92,63
48,7824,2204.17224738235,91,43
69,6988,3866.30471331959,81,12
74,2546,1592.8925815599,84,10
8,4769,284.991864941034,63,55
69,5875,3250.50661001038,71,2
81,7314,5278.37138569214,96,15
69,7755,4290.66872521371,81,12
39,5644,1129.05207955781,86,47
15,2578,199.928879326565,83,68
0,3875,250.449670995986,60,60
74,7751,4849.37564794611,88,14
51,2185,686.388634821602,70,19
92,6750,5729.38556763406,97,5
41,6268,1355.19233550197,45,4
18,6703,583.775472822804,62,44
37,2281,421.901225487587,37,0
93,8869,7628.70755892031,94,1
55,4562,1648.18337583336,85,30
34,6808,1118.44598390233,76,42
61,5785,2542.62758605185,78,17
12,4470,309.287539228403,86,74
45,8356,2104.97850154445,81,36
37,2948,545.271728512673,92,55
99,6531,6220,99,0
81,3040,2193.90880674106,86,5
48,5270,1484.66101018724,87,39
14,4930,367.979274608288,76,62
17,7324,613.534687133836,79,62
40,6511,1354.20784817614,72,32
72,5850,3491.56350445962,83,11
7,5850,337.606850050764,83,76
65,2057,1019.31418775774,72,7
40,5322,1106.91048502433,70,30
21,1290,126.37703139197,50,29
37,7079,1309.35500886744,78,41
99,3911,3724.7619047619,99,0
69,9904,5479.66254732644,71,2
39,6287,1257.68079804748,77,38
76,1144,748.176540237987,85,9
27,1070,133.010279471904,64,37
32,5243,795.524483438923,88,56
52,6524,2123.64888919359,54,2
16,2683,216.230678455338,41,25
4,2617,137.093689865968,87,83
71,3471,2021.33440522777,93,22
36,1893,336.606927209697,89,53
91,5520,4625.1490752523,94,3
94,2217,1934.19334452469,96,2
48,2763,778.390582760408,83,35
26,6704,800.782099352056,71,45
77,6787,4533.37377371922,87,10
69,5206,2880.36381475984,76,7
57,3057,1181.35603288849,73,16
58,8952,3575.30823831837,91,33
50,8154,2471.02694800279,80,30
77,2206,1473.49676511339,92,15
48,6989,1968.93658447792,90,42
70,1970,1118.59783237189,87,17
54,6490,2265.617543763,92,38
62,9911,4492.56381843567,80,18
38,4960,954.155375490386,85,47
60,5637,2401.00216227604,78,18
56,7554,2823.21832377395,73,17
41,5399,1167.30750149572,76,35
75,6500,4159.28931580259,86,11
35,7805,1334.05443240667,53,18
85,1008,777.411006438924,95,10
25,6748,774.558882747424,64,39
53,2442,823.36681343112,88,35
19,1564,141.642220027573,83,64
88,1113,896.442950474188,95,7
93,8516,7325.07312794738,99,6
59,1381,569.735959138232,92,33
85,2159,1665.10948700559,94,9
68,1290,694.993165615699,84,16
69,9699,5366.24061455161,84,15
75,9863,6311.24161873246,82,7
35,6702,1145.5263044189,59,24
6,3841,214.316366620716,41,35
68,8387,4518.53308528594,82,14
70,2190,1243.51738725606,80,10
36,1278,227.249684613836,65,29
35,8321,1422.25072800203,87,52
9,9879,611.817712199997,69,60
44,5952,1443.71485217797,66,22
35,1637,279.801038545767,70,35
53,5658,1907.70246944852,70,17
66,6021,3069.87522892894,70,4
76,2491,1629.11517633988,80,4
29,7651,1030.06604907535,76,47
5,2708,146.289709391314,75,70
45,4601,1159.04811938799,61,16
13,2844,204.35049656556,88,75
75,5090,3257.04347960541,82,7
83,2269,1695.02140201817,93,10
19,4543,411.432612266792,81,62
86,9785,7660.75053711724,93,7
81,5435,3922.33367257818,83,2
14,3893,290.576737535511,39,25
18,5563,484.490967523983,77,59
22,5134,523.221837647191,77,55
68,3022,1628.11577247337,93,25
74,7470,4673.56935752257,83,9
29,9923,1335.94894850015,50,21
30,8933,1251.5822674607,90,60
59,5899,2433.65128382073,86,27
56,9970,3726.16980249222,72,16
79,1572,1092.9666942125,84,5
95,3561,3156.66400108912,95,0
5,6341,342.549131185496,37,32
96,2202,1989.72994682564,97,1
17,6872,575.67044920586,62,45
35,9580,1637.44285233259,53,18
56,2801,1046.84068372926,79,23
44,6743,1635.57951079235,86,42
81,2627,1895.85474845683,85,4
4,9918,519.562558689594,15,11
41,8729,1887.28045574294,62,21
48,1478,416.38120930868,85,37
60,3056,1301.66092033272,88,28
93,6236,5363.92156245654,96,3
55,5488,1982.7335305948,78,23
76,1801,1177.85485049704,93,17
29,3658,492.482238598565,71,42
68,8562,4612.81510387722,75,7
85,8240,6355.02648120708,86,1
33,4440,701.012490195636,67,34
98,3068,2876.68447374168,98,0
19,3654,330.921145767743,73,54
28,2469,319.405013448826,59,31
13,5052,363.002358878063,50,37
34,4746,779.692220857884,91,57
60,6695,2851.64262487814,69,9
37,2149,397.486073464632,73,36
80,3945,2795.42538280416,91,11
20,7946,748.405328284899,90,70
26,3811,455.217867039184,60,34
63,2705,1263.85276109915,87,24
76,1106,723.324522293019,79,3
59,1047,431.943192771708,81,22
38,1248,240.077804155646,74,36
65,9154,4536.1215725495,81,16
68,1355,730.012201092459,88,20
43,4513,1053.74343186564,51,8
3,6005,305.666656845285,73,70
17,4847,406.035312471013,79,62
50,2123,643.364018961237,72,22
91,1500,1256.8339878403,98,7
86,4991,3907.49166384795,91,5
7,2937,169.495951897281,88,81
15,7718,598.545807076193,86,71
84,9091,6902.6553278733,91,7
41,2030,438.902431568125,56,15
32,6772,1027.52084719595,84,52
70,2097,1190.71048450957,90,20
82,7121,5230.3445300997,83,1
90,8257,6829.64731478514,91,1
42,8798,1976.98213537253,81,39
62,8805,3991.22433874746,84,22
28,1323,171.151410608666,29,1
14,5694,425.004866048599,67,53
89,4952,4042.57558983591,90,1
21,2588,253.537796311953,62,41
13,4424,317.878550213094,42,29
39,4954,991.021261893939,80,41
75,2937,1879.3588800788,88,13
84,4017,3050.04580926928,87,3
24,1253,138.221443290205,78,54
22,7953,810.514856799398,86,64
12,6424,444.488400895584,48,36
39,7972,1594.75605567591,89,50
24,5918,652.828811964431,57,33
37,6066,1121.98721341855,76,39
71,8986,5232.99077077981,73,2
63,4792,2238.95838491206,89,26
17,7403,620.152551727442,81,64
28,3800,491.591353222171,72,44
72,5401,3223.57854488656,83,11
79,1421,987.980707681912,88,9
9,3472,215.024911100151,87,78
85,1851,1427.56723503814,91,6
3,4770,242.802656644798,76,73
96,6460,5837.26405835316,99,3
67,4979,2610.36402008813,91,24
70,4939,2804.44400714963,90,20
29,4141,557.509281037905,70,41
73,6285,3841.95888939052,73,0
32,2245,340.63560276948,84,52
19,5484,496.65341088952,80,61
1,7214,349.394068924417,60,59
22,3846,391.957769300954,72,50
71,1438,837.418287155728,72,1
84,4276,3246.70049301356,87,3
20,3518,331.347841040307,76,56
19,4732,428.549223254779,69,50
47,1655,449.319119419612,69,22
52,2911,947.569269840978,86,34
65,1351,669.466926427177,79,14
56,6612,2471.15694424058,71,15
75,1120,716.677543645985,79,4
70,8318,4723.09480693877,87,17
59,3256,1343.27319547725,84,25
35,3381,577.89084381383,82,47
45,5141,1295.08071762087,64,19
43,6504,1518.62337266876,83,40
8,9654,576.915802923201,80,72
13,1456,104.618257032157,86,73
18,4711,410.288863563812,71,53
76,6613,4324.90512289669,87,11
21,8276,810.772334728641,75,54
33,2606,411.450123749961,76,43
90,8213,6793.25340878411,94,4
22,4819,491.119212236427,83,61
90,2943,2434.25603093287,99,9
58,4476,1787.65411915919,76,18
43,6122,1429.4299334991,65,22
32,4054,615.116585134731,76,44
94,1123,979.747012134069,95,1
75,4830,3090.67190697331,87,12
63,6691,3126.22507375763,86,23
16,8966,722.595699974119,64,48
78,7438,5070.59784316325,79,1
92,2736,2322.31095008101,95,3
26,6620,790.748433429387,65,39
76,1035,676.890488764263,84,8
28,2923,378.137243544317,49,21
99,3545,3376.19047619048,99,0
26,1790,213.812642875922,83,57
49,5410,1581.0088823587,75,26
32,8888,1348.5831792495,69,37
93,1496,1286.79067630452,94,1
32,2741,415.894070018327,81,49
3,1654,84.1919484466447,87,84
35,4045,691.383751324147,78,43
76,8393,5489.02596347677,83,7
83,5784,4320.8478577669,86,3
35,1489,254.504426630817,42,7
87,1996,1585.41310075121,92,5
51,6878,2160.63205048191,57,6
57,6966,2691.96144098828,75,18
83,6247,4666.72485606325,91,8
31,6143,895.687488377149,75,44
80,5129,3634.40729744045,85,5
17,2179,182.535784170485,89,72
14,4732,353.200390962763,83,69
13,7266,522.085340381632,91,78
34,8130,1335.62953130523,80,46
65,6688,3314.133829715,75,10
7,8277,477.670409892337,72,65
56,4357,1628.37731489053,64,8
49,2317,677.116003775435,71,22
26,8447,1008.98066724744,69,43
5,7893,426.390205400902,71,66
97,9260,8530.32908568627,97,0
45,9914,2497.45773866823,64,19
87,5499,4367.82897847239,87,0
56,1705,637.223622191498,63,7
7,8137,469.590929720182,67,60
50,5665,1716.74854800537,91,41
2,9488,470.423509362663,86,84
47,5343,1450.58130215045,72,25
98,1590,1490.85016729116,98,0
27,2865,356.144346436454,87,60
30,2877,403.089911953928,68,38
29,7698,1036.39373229408,85,56
77,4196,2802.716421766,84,7
74,4894,3061.90742111318,77,3
97,9096,8379.2519830888,98,1
76,1841,1204.01486938648,83,7
23,9419,998.652676595609,36,13
59,1613,665.448299847913,75,16
40,2894,601.91637423157,90,50
70,5972,3390.99809894666,81,11
40,6237,1297.21922117564,79,39
35,6526,1115.44384700652,82,47
15,8854,686.644801224749,68,53
10,9741,625.686595445781,69,59
60,9463,4030.63392968212,82,22
87,5375,4269.33638103093,91,4
12,6490,449.05506254862,79,67
99,2499,2380,99,0
4,9487,496.984270446479,9,5
66,7664,3907.57743805205,67,1
45,9609,2420.62451188854,86,41
47,1878,509.861816477361,62,15
78,1108,755.340469242387,88,10
65,5083,2518.80117470714,75,10
46,4937,1291.29243897571,49,3
9,6225,385.521333985725,78,69
72,6338,3782.8255540624,92,20
52,1136,369.78312969404,57,5
98,8361,7839.62154007633,98,0
76,9698,6342.49657974476,88,12
1,4576,221.628397476869,79,78
96,9266,8372.76915862235,97,1
95,8456,7495.85812783195,96,1
5,3828,206.793577381813,80,75
82,8168,5999.36162362791,97,15
38,1518,292.01771370855,68,30
2,9232,457.730800846976,68,66
69,9260,5123.35169509722,76,7
89,9658,7884.328563537,89,0
88,2448,1971.69123338797,90,2
25,3180,365.011447412094,49,24
50,5513,1670.6857449521,87,37
4,3667,192.098800435042,53,49
46,4945,1293.38487152823,70,24
21,4573,448.001677949985,84,63
15,2400,186.124635525118,82,67
47,1007,273.392358462568,73,26
42,4055,911.191470667835,82,40
60,4506,1919.26835962672,75,15
79,1873,1302.24339583971,85,6
35,2707,462.688705768719,53,18
48,6713,1891.18204200891,61,13
97,1334,1228.88326137208,97,0
43,1181,275.752491254891,65,22
28,2857,369.599077935721,82,54
53,1395,470.350820940382,85,32
79,1470,1022.04900794681,95,16
84,5766,4378.03438791304,88,4
96,9186,8300.4810588285,98,2
12,1133,78.394358377132,88,76
24,1298,143.185501508927,66,42
41,9008,1947.60251407176,69,28
56,7688,2873.29924188166,72,16
82,7897,5800.313264176,87,5
47,6780,1840.7151840876,73,26
57,7775,3004.59377026757,82,25
87,6752,5363.0807897155,87,0
59,5615,2316.48617708991,94,35
88,1080,869.86377943587,92,4
6,4016,224.08084570393,77,71
21,6085,596.127314744294,76,55
30,6612,926.39224811935,86,56
86,7499,5871.02384035178,87,1
99,7346,6996.19047619048,99,0
60,1011,430.621462845675,87,27
14,1526,113.901901227637,84,70
91,1157,969.437949287484,98,7
59,7534,3108.17575390835,86,27
57,3627,1401.62850222,92,35
62,3129,1418.34650266221,85,23
48,2971,836.988208968936,61,13
30,5467,765.968908116831,84,54
16,6730,542.390035782492,71,55
68,2580,1389.9863312314,70,2
78,2828,1927.89065615295,93,15
70,3034,1722.75422508442,72,2
95,7011,6214.93156743494,97,2
70,1051,596.774782651196,76,6
26,5622,671.538926395773,68,42
65,7002,3469.73162016513,83,18
20,5564,524.05326536335,85,65
69,5717,3163.08873011564,84,15
1,2227,107.859799209132,66,65
48,6559,1847.79726106606,81,33
48,1415,398.632889832058,79,31
65,4844,2400.36846159382,70,5
48,5595,1576.21980113807,71,23
58,5960,2380.34373328614,77,19
60,5840,2487.4672037772,72,12
24,6894,760.493719108278,74,50
45,2646,666.559731341146,78,33
53,2916,983.184941836669,93,40
62,4761,2158.11687413704,82,20
81,9569,6905.76097753461,83,2
54,9130,3187.22468020897,86,32
92,5376,4563.13730542233,93,1
3,3802,193.529496973484,85,82
66,2604,1327.67897294983,82,16
34,5049,829.470295640847,81,47
51,7866,2470.99908535777,57,6
44,1158,280.884038780594,82,38
85,7171,5530.56976902135,88,3
33,7434,1173.72226398972,87,54
72,3581,2137.31434349913,94,22
75,3469,2219.78071331064,85,10
26,5694,680.139211472346,86,60
32,5030,763.205827140527,72,40
99,4854,4622.85714285714,99,0
14,8903,664.527278263203,84,70
46,7096,1855.98767408783,72,26
37,6096,1127.53611160558,78,41
61,1342,589.836857473047,63,2
63,9242,4318.12466472397,84,21
80,7456,5283.31854352037,93,13
39,9986,1997.64600752379,56,17
77,6894,4604.8443783734,82,5
80,3195,2263.97569025584,95,15
28,4235,547.865626551551,85,57
1,3904,189.081569875371,85,84
77,5971,3988.32691953403,84,7
55,3360,1213.91848811927,64,9
30,9899,1386.92632548903,82,52
13,8626,619.805690356724,64,51
39,2328,465.703976118104,82,43
59,6745,2782.6712848569,73,14
80,4090,2898.17232336351,83,3
57,5487,2120.41234951231,80,23
25,3515,403.463911211795,81,56
6,6344,353.976316022344,71,65
54,2369,827.002767515339,76,22
93,8965,7711.28236167782,97,4
27,4218,524.333980198591,63,36
18,1190,103.639088864559,77,59
54,4332,1512.27352844088,72,18
36,1036,184.218054194002,82,46
25,5977,686.060824271096,49,24
55,3300,1192.24137225999,86,31
83,2941,2197.02862200769,93,10
56,9123,3409.61355146806,82,26
17,5680,475.816087236508,86,69
95,3525,3124.75164387507,97,2
37,4067,752.245630889091,69,32
36,2415,429.427220925207,87,51
42,5224,1173.87527565198,71,29
14,8505,634.820229319167,61,47
25,3660,420.107514945995,63,38
93,6885,5922.16163526512,96,3
54,4702,1641.43816498823,81,27
23,1607,170.382721232524,79,56
53,4035,1360.47710573078,72,19
33,8317,1313.1353335489,77,44
56,4396,1642.95310448905,82,26
90,1645,1360.63580390233,91,1
10,2320,149.018879112433,88,78
86,3213,2515.48201080814,93,7
77,2503,1671.87778924697,89,12
40,8848,1840.27507919866,83,43
9,7676,475.383415208743,57,48
1,1825,88.3898219832356,81,80
7,1235,71.272557232939,75,68
29,2966,399.317200569531,73,44
47,8104,2200.17047962329,81,34
30,6406,897.530057690949,66,36
23,1352,143.346259555926,70,47
40,8625,1793.89382437709,55,15
92,7569,6424.55101650699,93,1
27,9823,1221.08408902104,64,37
88,1800,1449.77296572645,91,3
84,2938,2230.77784108368,84,0
82,9544,7010.02783250548,91,9
37,7797,1442.15863881049,76,39
41,2832,612.30132325169,89,48
97,5632,5188.20879163986,98,1
2,1163,57.6625781396266,73,71
18,8626,751.252756761078,76,58
16,6923,557.944460285615,84,68
62,2409,1091.9772211292,68,6
47,4533,1230.67285095414,73,26
80,5636,3993.66728960311,83,3
87,6255,4968.31610480901,92,5
18,6596,574.456663992125,74,56
78,5943,4051.43358186598,93,15
5,3115,168.276382848576,12,7
50,2056,623.060020246963,66,16
12,3359,232.415401402283,87,75
25,2069,237.487007765919,72,47
28,4451,575.808713997864,59,31
25,7237,830.688001547585,68,43
86,7408,5799.77925181038,86,0
55,8809,3182.56189340554,57,2
39,2856,571.327558330458,49,10
19,1985,179.769697413511,73,54
28,8294,1072.96281148018,79,51
40,9687,2014.77675092648,62,22
42,1414,317.737297046688,60,18
59,1067,440.194256625991,79,20
10,4386,281.722760253074,87,77
14,4914,366.785021384408,76,62
31,7887,1149.97350168168,64,33
3,3867,196.838128562984,87,84
36,4426,787.016513380939,86,50
88,3037,2446.08916495068,89,1
38,1070,205.835937857805,50,12
55,3835,1385.52898867184,78,23
86,5068,3967.77554645991,92,6
96,5294,4783.66500385784,96,0
31,2033,296.42400518814,72,41
12,4832,334.334986476877,41,29
18,9795,853.062920528027,20,2
86,3637,2847.43481895712,89,3
42,6659,1496.33144344688,79,37
52,5334,1736.28804030635,68,16
44,3369,817.183356348723,84,40
83,9361,6992.9904558361,89,6
58,4124,1647.07005974363,80,22
95,4982,4416.31565667677,97,2
52,6574,2139.92455511322,71,19
87,3343,2655.32865521607,94,7
42,6329,1422.1777602606,76,34
91,4852,4065.43900600075,93,2
2,6157,305.269555980809,84,82
96,6670,6027.02032031201,97,1
48,3967,1117.58068831362,82,34
16,5479,441.568351567945,77,61
67,1149,602.391696943415,82,15
3,9230,469.825685708906,58,55
40,1065,221.506889618736,74,34
48,8273,2330.66423857288,75,27
31,9008,1313.42225220598,77,46
4,4424,231.754865864364,73,69
31,6283,916.10035641765,87,56
49,6382,1865.06445234995,84,35
79,6677,4642.32736466723,86,7
32,1844,279.791559691279,74,42
51,9207,2892.2563665,67,16
15,5815,450.964481491068,85,70
39,7214,1443.12220090894,88,49
52,1435,467.11161189344,64,12
43,1166,272.250131078072,56,13
76,3221,2106.53552107217,78,2
95,8706,7717.47171959614,96,1
2,4455,220.882876708544,43,41
94,8215,7167.07186525501,98,4
97,8271,7619.26046087594,98,1
30,5314,744.53242687632,66,36
55,3996,1443.69591622756,89,34
57,8627,3333.84314547889,65,8
48,3845,1083.21092678747,71,23
43,4571,1067.28589121601,80,37
40,1260,262.064489126392,73,33
44,7857,1905.79092633776,83,39
51,8460,2657.59627029325,92,41
40,1708,355.242974149109,77,37
86,8032,6288.31357323717,89,3
93,3240,2786.89959306594,96,3
39,5069,1014.02639817125,66,27
39,5624,1125.05118629219,81,42
30,8354,1170.45989727602,78,48
7,1275,73.580980139269,59,52
36,1195,212.490902279761,62,26
55,5671,2048.84873396558,73,18
25,3750,430.438027608601,73,48
5,7228,390.466033781543,84,79
27,8720,1083.97162335982,75,48
8,6341,378.933406498448,91,83
67,4075,2136.41963885502,79,12
76,2781,1818.77531328832,76,0
18,7632,664.683635474211,79,61
51,3152,990.158799522971,78,27
83,9161,6843.58354512493,83,0
14,1658,123.754490324654,63,49
10,5060,325.015313926255,63,53
0,6984,451.391097351217,81,81
58,7451,2975.8290531401,59,1
24,1345,148.370184537371,91,67
39,1892,378.4845029276,74,35
51,4642,1458.22244523656,80,29
32,5154,782.020443952739,62,30
52,2540,826.803828717308,82,30
52,6724,2188.75155287212,71,19
48,6371,1794.83402199296,73,25
87,8447,6709.41105312898,88,1
18,8409,732.353864085776,78,60
18,5195,452.441232480153,48,30
35,4796,819.746964487172,54,19
58,3505,1399.84979616911,80,22
92,3978,3376.51789452567,92,0
46,2517,658.331591837525,71,25
4,5016,262.767271061404,56,52
10,6365,408.838433426999,87,77
5,2977,160.821441971175,75,70
9,4791,296.712082108532,81,72
88,9676,7793.33512020507,91,3
50,3085,934.893075127374,79,29
16,6634,534.653119967466,66,50
87,9663,7675.27394416779,96,9
19,3571,323.404327185718,33,14
81,1578,1138.81187402546,83,2
21,2384,233.552591347641,74,53
27,9167,1139.53759992425,53,26
31,8504,1239.93592726018,73,42
74,2347,1468.38919439163,96,22
28,6896,892.108939952655,83,55
2,7664,379.987961188391,72,70
78,1915,1305.48465577543,94,16
40,7537,1567.60321789335,85,45
63,5168,2414.63625484673,80,17
98,3578,3354.88169721243,99,1
4,4447,232.959739714925,62,58
92,8735,7414.24932344941,97,5
25,7240,831.032351969672,66,41
4,3809,199.537586816764,84,80
64,6493,3125.18314746593,72,8
94,2450,2137.47121970478,97,3
92,6615,5614.79785628138,98,6
75,7686,4918.19964327057,84,9
71,1745,1016.19952092263,82,11
92,3529,2995.40765454527,96,4
63,4590,2144.57825265992,90,27
87,4756,3777.6676889643,95,8
53,4127,1391.49665807954,63,10
95,8548,7577.41192960117,97,2
1,8179,396.131700822402,87,86
55,8336,3011.67396338161,87,32
43,6148,1435.50069113892,79,36
99,9511,9058.09523809524,99,0
15,6788,526.42251081021,69,54
34,9072,1490.38513013542,90,56
52,3176,1033.83029921503,57,5
61,5285,2322.86720696353,90,29
5,5865,316.834987289534,26,21
54,6308,2202.0825063262,81,27
44,1172,284.279873446335,70,26
3,3628,184.672544718517,41,38
31,1159,168.989386135295,62,31
99,7822,7449.52380952381,99,0
88,9030,7273.02771139436,92,4
15,5078,393.808707998563,77,62
9,4543,281.353159887092,90,81
84,2219,1684.85229045769,92,8
5,8932,482.518347224231,65,60
46,3629,949.179716638212,76,30
10,6722,431.769355773179,71,61
95,1946,1725.04019829245,95,0
58,5349,2136.31856197106,60,2
25,7756,890.260624568616,73,48
65,6487,3214.53142245233,83,18
45,8332,2098.93260828966,71,26
15,4189,324.8650409228,80,65
65,4598,2278.46700792906,68,3
77,1000,667.94957620734,82,5
8,3915,233.957465138215,67,59
94,7021,6125.38180961113,97,3
95,5167,4580.30971458227,98,3
41,4247,918.235776783166,85,44
65,8046,3987.06949669361,85,20
33,2532,399.7665822467,89,56
64,5837,2809.44001721217,90,26
16,5680,457.767519055654,78,62
15,3977,308.424031451415,73,58
1,3751,181.67135466253,43,42
81,1840,1327.89217250117,90,9
42,1928,433.237276312598,79,37
36,2959,526.159481042521,73,37
33,2220,350.506245097818,56,23
44,3388,821.791989109371,51,7
59,5331,2199.3210703591,70,11
40,8486,1764.98353549727,74,34
91,9983,8364.6491337398,92,1
73,6877,4203.84268613184,93,20
42,7372,1656.54834075543,88,46
96,2856,2580.68516264034,96,0
2,4233,209.875918542596,74,72
73,7943,4855.4780363451,85,12
45,8318,2095.40583722436,89,44
2,6080,301.451827247575,88,86
6,7176,400.399439435111,76,70
61,6179,2715.79876477344,78,17
35,8620,1473.35672099237,76,41
46,7802,2040.64484684798,68,22
56,2909,1087.2044087713,71,15
45,2026,510.374155592276,50,5
86,5999,4696.66249076815,86,0
53,1181,398.196644824796,90,37
13,8389,602.776482309594,58,45
23,1779,188.619079696739,68,45
27,9801,1218.34929822816,67,40
64,5154,2480.70136178029,80,16
41,9706,2098.515763941,49,8
82,3517,2583.22169812676,84,2
79,2764,1921.73024351359,96,17
20,8002,753.679768051317,80,60
30,8745,1225.24201600177,70,40
15,4485,347.820412637565,88,73
88,4256,3427.90763451765,93,5
83,5974,4462.78442294251,90,7
11,1965,130.968278739366,69,58
23,2197,232.937671778379,90,67
92,7192,6104.55422258136,92,0
66,1521,775.499123600882,85,19
47,6740,1829.85550748531,78,31
45,2218,558.741301630636,55,10
96,7791,7039.95731867329,98,2
25,5938,681.584268783966,85,60
90,6342,5245.68526951282,96,6
18,1229,107.035664045834,89,71
39,3338,667.749086031887,49,10
22,7160,729.697771241505,71,49
59,2840,1171.65106730817,89,30
30,3335,467.259247954935,90,60
84,5814,4414.48004358765,85,1
47,6869,1864.87796452768,63,16
6,6815,380.256714012024,90,84
69,2955,1634.93566512012,82,13
94,5493,4792.29771830137,96,2
81,9178,6623.58389087811,89,8
4,7034,368.481854993205,68,64
22,2324,236.846036363863,83,61
7,1960,113.11272241017,62,55
21,3143,307.909309817801,72,51
75,7482,4787.66194782077,77,2
87,3450,2740.31823526636,90,3
20,1662,156.537837353323,76,56
77,9307,6216.60670576172,84,7
70,1334,757.466755524925,83,13
85,6140,4735.42021779265,89,4
82,2246,1649.67754733941,85,3
19,4942,447.567679908098,57,38
2,4590,227.576297214863,76,74
89,8865,7236.96134973654,89,0
72,6107,3644.95355927092,89,17
74,6343,3968.46726034346,80,6
95,8813,7812.32233687122,98,3
96,2331,2106.29450774322,96,0
48,6346,1787.79103807367,77,29
72,6546,3906.97003422097,94,22
14,7463,557.044488113926,86,72
88,5400,4349.31889717935,89,1
59,6657,2746.36660389805,64,5
79,8966,6233.80367704154,85,6
70,5232,2970.814141609,85,15
67,9038,4738.39526281513,84,17
89,7124,5815.69234692872,90,1
51,9496,2983.04186556793,88,37
52,9717,3163.01291482129,67,15
4,6494,340.193512414824,12,8
36,7446,1324.02281035573,73,37
76,3700,2419.80174727321,77,1
94,5980,5217.17465054473,96,2
71,6307,3672.87700771292,89,18
32,6685,1014.32026927126,49,17
24,9897,1091.76187090436,82,58
45,6146,1548.25249766541,66,21
44,8339,2022.70466268685,73,29
84,6766,5137.31888113417,96,12
76,4043,2644.12390925016,87,11
39,4303,860.792186098026,74,35
28,3279,424.191591372499,72,44
92,1040,882.749776346581,93,1
18,9237,804.465767934393,83,65
6,2370,132.238945298385,74,68
55,9966,3600.56894422518,82,27
34,1879,308.689777284443,88,54
98,4265,3999.04148647596,98,0
86,3026,2369.07829589339,86,0
53,7230,2437.73221175553,76,23
85,9411,7258.14978333007,91,6
77,7360,4916.10888088602,83,6
76,3199,2092.14751068297,93,17
79,3949,2745.62689277683,81,2
71,4595,2675.89501354699,83,12
53,3258,1098.4967560027,74,21
28,5261,680.595291921537,86,58
73,9653,5900.78427355397,83,10
5,8017,433.088847928421,89,84
75,9237,5910.67006308747,87,12
44,2356,571.470462320448,62,18
70,4686,2660.78651903283,78,8
49,2794,816.513644604474,88,39
50,5056,1532.19429103533,74,24
25,2850,327.132900982537,83,58
18,8488,739.234106119642,83,65
99,7525,7166.66666666667,99,0
52,7869,2561.46430243169,77,25
78,8512,5802.7599947574,85,7
92,7010,5950.0730117207,95,3
74,7720,4829.98064793497,82,8
9,1159,71.778188930033,80,71
10,1130,72.5824712918317,83,73
83,9745,7279.85172440154,87,4
11,8131,541.935406834497,70,59
49,1370,400.36638980248,73,24
8,1081,64.5997496333105,61,53
89,7647,6242.64449423974,93,4
68,4576,2465.34009756391,91,23
92,4026,3417.26019189551,93,1
69,5945,3289.23605047008,87,18
82,3618,2657.40577305164,83,1
89,1682,1373.10422901939,89,0
70,3161,1794.8668772221,72,2
81,1269,915.812590708686,81,0
61,7971,3503.41996342598,79,18
97,3234,2979.16676707445,97,0
75,7355,4706.39583349663,76,1
10,3327,213.700780520287,16,6
21,2785,272.837234439254,68,47
91,4439,3719.39071468206,95,4
14,3814,284.680112242599,66,52
90,1749,1446.65776354114,93,3
12,5075,351.14860438124,49,37
37,1731,320.171425391939,82,45
79,5437,3780.19078653523,87,8
33,6603,1042.51925062202,88,55
81,7051,5088.5694066879,85,4
84,2123,1611.96097910846,91,7
76,7568,4949.47557388207,96,20
17,3500,293.19653262813,78,61
69,2627,1453.46057268039,74,5
26,7709,920.82774521256,52,26
3,2436,123.997331569544,87,84
70,8779,4984.85805603697,72,2
60,6578,2801.80809356959,73,13
33,4132,652.383695830713,89,56
75,1346,861.292833703121,84,9
73,2046,1250.69974346746,81,8
9,7319,453.27399894643,75,66
89,6805,5555.27602763194,90,1
80,8948,6340.54913189649,90,10
22,5905,601.796835081158,83,61
56,9599,3587.51293220891,88,32
32,3163,479.924459492145,79,47
52,4027,1310.84213316717,90,38
66,1543,786.716073449153,84,18
7,2898,167.245239563609,35,28
28,3916,506.597826110005,67,39
95,8260,7322.11307188883,96,1
44,2606,632.110367065827,88,44
43,1716,400.670004228106,77,34
41,8816,1906.090559953,77,36
9,6943,429.987891062312,78,69
31,4860,708.618133405981,69,38
56,6278,2346.32838716611,75,19
83,8785,6562.69855298794,91,8
39,6809,1362.10411228014,83,44
11,5817,387.706095382643,86,75
30,6992,979.633181919312,75,45
47,6400,1737.54825636587,91,44
34,1106,181.698187161572,58,24
33,8854,1397.91995229553,85,52
29,6587,886.818071527815,73,44
53,9096,3066.88965395965,65,12
23,6113,648.132902859004,68,45
49,8260,2413.88786844415,69,20
56,7906,2954.77416835542,90,34
89,2674,2182.92551034354,91,2
8,8322,497.316481450888,78,70
9,4467,276.646393399877,72,63
74,6408,4009.13419585068,85,11
63,5315,2483.31882633714,77,14
46,4174,1091.72668427884,57,11
40,4437,922.841379566509,71,31
66,4928,2512.59676601259,90,24
80,6197,4391.19165962925,84,4
77,7882,5264.77855966626,92,15
70,5376,3052.57966844228,81,11
24,5018,553.547647589982,57,33
58,3507,1400.64856923397,70,12
40,5131,1067.18483627581,67,27
74,4947,3095.06661468061,86,12
7,5141,296.690054036064,45,38
86,4901,3837.02998287293,88,2
20,5408,509.360183156901,46,26
6,8031,448.105894384528,77,71
45,9297,2342.0278995762,68,23
32,2540,385.396183088855,89,57
34,1857,305.075527630234,83,49
75,9194,5883.15476453677,75,0
92,8297,7042.4758599496,94,2
6,2877,160.52803612804,74,68
55,1921,694.028992761045,60,5
37,4743,877.280803370288,83,46
50,3207,971.864535472768,80,30
97,3390,3122.87425491107,98,1
16,4219,340.02133149574,62,46
80,5954,4219.0019592436,88,8
91,7574,6346.17374926828,93,2
84,4016,3049.28652477606,87,3
86,7153,5600.13782238116,87,1
74,5913,3699.43984083413,80,6
1,6134,297.086667422009,39,38
52,7774,2530.54053718439,82,30
24,2152,237.392295259793,85,61
23,3220,341.401594504497,77,54
81,5056,3648.81675226408,81,0
40,5102,1061.1531932721,68,28
39,4580,916.204557826855,81,42
75,3360,2150.03263093796,83,8
77,3736,2495.45961671062,87,10
37,8639,1597.89771459328,76,39
38,9700,1865.98934319693,70,32
8,1665,99.4991518403904,73,65
98,7745,7262.03430545283,98,0
77,8887,5936.06788375463,91,14
74,4578,2864.2035500319,78,4
60,8637,3678.81065736706,71,11
7,7292,420.82549582396,88,81
26,6698,800.065408929009,82,56
92,8877,7534.77861983519,96,4
52,7497,2440.37334798963,81,29
82,6931,5090.79032974596,87,5
66,5246,2674.73267745577,89,23
1,6520,315.781720181203,47,46
45,5129,1292.05777099348,78,33
90,8218,6797.38907992059,94,4
80,5170,3663.45988063309,80,0
21,6948,680.672569078613,76,55
45,5116,1288.78291214713,57,12
16,9399,757.492414014805,65,49
83,3572,2668.40742530141,86,3
56,1774,663.011557635025,80,24
66,4267,2175.57840920773,71,5
90,7076,5852.80179234827,94,4
90,8208,6789.11773764762,91,1
5,5078,274.320215764067,78,73
19,6575,595.458821407475,87,68
65,6992,3464.77627652022,73,8
82,9886,7261.2253931422,82,0
44,3758,911.539048132532,93,49
33,5824,919.526293445807,65,32
18,8344,726.692905450317,81,63
23,5833,618.4458076847,77,54
5,3623,195.719208687124,70,65
4,4719,247.208682643295,87,83
36,4477,796.085162766937,67,31
96,6234,5633.05017643554,96,0
5,4421,238.828214630354,76,71
72,5074,3028.40909771421,74,2
48,1784,502.587332480842,64,16
94,1083,944.849522832766,95,1
97,6378,5875.42536808931,98,1
86,6368,4985.55538276572,92,6
49,4888,1428.46052069673,58,9
95,6885,6103.23831718578,99,4
14,4194,313.043626309769,52,38
46,3760,983.443299685775,77,31
21,7176,703.008974626961,70,49
4,3843,201.31870468281,57,53
0,5952,384.690694649835,79,79
83,5879,4391.81614035471,96,13
20,2699,254.209159456449,81,61
11,5267,351.048307440326,79,68
6,1134,63.2738244592274,70,64
17,7441,623.335828367405,65,48
88,5930,4776.19649264325,94,6
61,8950,3933.7107856809,67,6
36,4491,798.574595931721,92,56
37,3463,640.52781405678,78,41
49,6187,1808.07799540726,55,6
68,3061,1649.12719375942,76,8
66,7127,3633.7818894829,81,15
62,5408,2451.39593684795,80,18
10,1191,76.500640096081,62,52
25,4683,537.531008877621,83,58
49,4017,1173.92101301939,73,24
12,4946,342.22285660485,59,47
72,2790,1665.2072098192,87,15
81,2034,1467.89819503662,82,1
20,6690,630.107179238104,86,66
27,9000,1118.77805163284,84,57
57,5883,2273.44374925841,75,18
8,6593,393.992737587804,37,29
61,6514,2863.03821876262,68,7
41,1854,400.849806959263,71,30
72,2607,1555.98394121816,82,10
85,1385,1068.1688927757,89,4
72,3310,1975.56841021561,83,11
58,1880,750.846680969453,79,21
0,2284,147.619883498021,86,86
11,2184,145.564743392761,65,54
8,5280,315.528841872229,71,63
83,1310,978.615265158134,97,14
82,1533,1125.98204811724,82,0
95,1710,1515.83696766706,95,0
95,8788,7790.1609776948,97,2
29,3836,516.44665589505,90,61
59,4511,1861.0274523335,72,13
59,1927,794.990002360154,76,17
55,2917,1053.86911602497,71,16
32,9254,1404.11664500168,65,33
62,7360,3336.21932233745,62,0
91,9829,8235.61417765487,97,6
91,5943,4979.57625982326,96,5
88,2252,1813.82706600887,96,8
34,5045,828.813159340081,79,45
91,5081,4257.31566147771,91,0
70,4395,2495.55201689059,87,17
31,7352,1071.96718452691,61,30
90,5346,4421.85957912575,91,1
5,9183,496.077696211388,40,35
67,5918,3102.65801785129,85,18
12,6095,421.724284473627,72,60
9,4345,269.090794565137,84,75
47,7425,2015.82746929947,79,32
17,2890,242.096565512942,83,66
2,1645,81.5605683918192,80,78
64,3322,1598.93091265699,75,11
59,6321,2607.7487311461,93,34
33,1779,280.878653166224,66,33
43,4286,1000.74104785645,79,36
98,7341,6883.22709313483,98,0
57,8032,3103.90960293108,73,16
52,2676,871.073640018707,64,12
23,8356,885.947740273162,84,61
23,5457,578.580279879206,90,67
81,9491,6849.46989630902,91,10
61,6304,2770.73885954552,78,17
40,3412,709.653997539087,89,49
84,9755,7406.82023137213,84,0
55,1432,517.360498507973,80,25
25,5571,639.458733815338,77,52
17,8486,710.875935966375,76,59
67,3967,2079.79796499088,78,11
3,4839,246.314896332112,74,71
41,1537,332.311841044438,78,37
71,3282,1911.27038834847,89,18
85,6022,4644.41377061032,95,10
17,1579,132.273521434234,88,71
89,4202,3430.31151625414,92,3
14,7349,548.535433893775,88,74
72,6070,3622.87016616579,90,18
64,2962,1425.65724361529,70,6
2,3478,172.442344599846,81,79
83,1062,793.350695876288,87,4
22,5049,514.559224441112,60,38
41,6903,1492.48447542599,83,42
87,9806,7788.85814928173,91,4
40,3837,798.048765696798,79,39
37,5476,1012.85888240685,47,10
34,4185,687.528854675568,79,45
55,5062,1828.82600799397,92,37
29,5270,709.50830984539,53,24
36,2023,359.723092311261,81,45
44,7295,1769.47242047015,89,45
70,1812,1028.88287931871,88,18
66,1601,816.288032140048,81,15
23,2768,293.478140865978,71,48
83,1118,835.184630875415,91,8
79,6567,4565.84750692971,96,17
26,5620,671.30002958809,76,50
91,6715,5626.42681889841,93,2
64,6295,3029.882629493,66,2
66,3779,1926.76606711883,85,19
87,3809,3025.4701907622,97,10
57,5201,2009.8896719179,58,1
52,4722,1537.07388945005,83,31
18,6025,524.7273196714,74,56
41,1682,363.662014727875,61,20
44,4363,1058.28761761635,68,24
42,6737,1513.85867765455,78,36
84,8101,6150.96367958438,89,5
35,6227,1064.33785401618,70,35
31,5626,820.305682827583,69,38
17,9639,807.463250857871,64,47
89,5053,4125.02715174492,93,4
0,8632,557.904918719317,79,79
0,9462,611.549622442328,77,77
28,1185,153.298882517966,69,41
88,8960,7216.64765161611,90,2
11,9165,610.852048166051,84,73
66,2011,1025.33118840327,82,16
91,7215,6045.37148151184,95,4
44,7454,1808.03939988821,61,17
47,2674,725.969380862866,78,31
86,3896,3050.20787865189,87,1
18,5007,436.067998272979,82,64
85,6523,5030.80555059633,87,2
61,2569,1129.12882775578,76,15
29,3968,534.218021530647,89,60
7,8380,483.614598876137,65,58
33,5531,873.265784520734,63,30
65,1228,608.516199594799,83,18
59,1038,428.230214037281,72,13
47,7470,2028.04460547704,82,35
86,2379,1862.53710043964,87,1
94,6283,5481.5231320021,94,0
59,8992,3709.67830888558,78,19
81,2559,1846.78047251657,92,11
93,3066,2637.23276306795,94,1
96,9665,8733.30605634416,98,2
70,2897,1644.9634113611,84,14
52,7240,2356.71642516272,60,8
29,3627,488.308660305357,68,39
53,7919,2670.04168532393,62,9
18,2416,210.413477896448,85,67
18,1692,147.359107864566,69,51
96,6581,5946.59980929135,98,2
96,8555,7730.30867170453,96,0
28,2934,379.56027114575,89,61
25,3734,428.601492024138,65,40
93,2744,2360.26311215214,97,4
28,8772,1134.79982906971,68,40
96,1610,1454.79800835117,97,1
68,4099,2208.35425260368,82,14
39,2506,501.311926182118,59,20
65,7604,3768.04330758864,78,13
63,3583,1674.0792765317,89,26
37,8744,1617.3188582479,82,45
13,2102,151.035423270326,80,67
78,9130,6224.06000377527,79,1
21,1121,109.820660612712,80,59
54,4212,1470.38229496606,76,22
79,9937,6908.91223943361,85,6
39,3973,794.777447215305,72,33
13,6018,432.412548639783,25,12
44,4218,1023.11647286403,86,42
21,3844,376.583960209871,89,68
42,5136,1154.10096013563,87,45
66,1300,662.819763761438,66,0
28,6411,829.366359344036,80,52
78,1157,788.744515264839,81,3
75,1225,783.866063362796,76,1
72,8868,5292.8521636834,94,22
9,6373,394.687142408197,65,56
82,1538,1129.65452707391,83,1
49,3524,1029.84756033864,75,26
42,4107,922.876293472946,67,25
49,2583,754.851375810077,60,11
3,7600,386.855385849153,62,59
34,5373,882.698336002826,80,46
42,8704,1955.85957107098,90,48
92,2135,1812.18343509611,95,3
97,2715,2501.06300946417,98,1
86,5444,4262.1487914222,86,0
66,7454,3800.50655313674,90,24
65,1740,862.229794214129,68,3
92,5374,4561.43970969858,96,4
55,8423,3043.10578137755,69,14
4,7651,400.803905679984,84,80
67,5968,3128.87175575135,80,13
94,4241,3700.0063031706,96,2
7,3087,178.152537796018,76,69
12,2734,189.170499384889,83,71
87,9304,7390.12198867195,93,6
82,3830,2813.11888081475,82,0
31,9906,1444.35622006577,72,41
97,4066,3745.60670220307,97,0
7,5925,341.935143000132,84,77
95,7577,6716.66473918906,97,2
88,4472,3601.88039040482,91,3
2,5767,285.933007851442,76,74
91,1493,1250.96876256371,93,2
61,4818,2117.61101289504,80,19
51,5387,1692.25426809335,78,27
78,5106,3480.8379385845,82,4
22,6724,685.263661149145,79,57
29,3754,505.406868151726,69,40
53,1552,523.286361361629,60,7
18,7810,680.185952968238,76,58
87,9692,7698.30850324684,91,4
26,6197,740.221758604519,47,21
50,2120,642.454884690449,56,6
57,1830,707.190559432754,78,21
36,7045,1252.71833185014,61,25
19,7650,692.815206656606,58,39
69,1370,757.990477568379,72,3
53,2463,830.447363423771,71,18
48,7258,2044.71909144953,73,25
27,9228,1147.12042894087,76,49
90,9281,7676.6327635365,91,1
56,4728,1767.03418517384,88,32
89,7921,6466.32496912162,89,0
25,6854,786.725930994494,74,49
24,8125,896.288289491551,62,38
46,2815,736.274704419004,85,39
96,6023,5442.39031322927,97,1
80,2571,1821.80954605564,81,1
30,1339,187.604237784605,63,33
34,7188,1180.87393247503,75,41
95,6517,5777.0231101089,96,1
24,6672,736.004365229247,88,64
7,7805,450.431019597643,90,83
22,3826,389.919507370112,83,61
63,2061,962.957685998279,84,21
70,7403,4203.54302185234,73,3
31,4666,680.331730549858,89,58
59,6565,2708.41171016835,91,32
74,6241,3904.6514538552,86,12
13,5890,423.215339230362,88,75
20,1624,152.958753226111,64,44
20,4431,417.340046517794,51,31
4,5143,269.420270149282,60,56
57,2239,865.245717251331,75,18
53,8623,2907.40869460137,81,28
6,1024,57.1361518926357,76,70
11,7188,479.083963144307,79,68
37,4959,917.232870316942,75,38
46,1385,362.252385655531,81,35
28,6532,845.019662959794,88,60
39,4219,843.988434382424,79,40
8,8316,496.957925948761,78,70
49,3119,911.491072842288,56,7
88,6562,5285.22788949831,91,3
62,8967,4064.65742709238,75,13
92,7254,6157.1796900174,92,0
24,8096,893.089229750597,43,19
34,2111,346.803682728823,60,26
35,3956,676.171599564481,87,52
18,7832,682.101969737162,86,68
27,6611,821.804633260523,63,36
96,2269,2050.27123040299,99,3
18,4280,372.752353227152,82,64
80,3388,2400.73541113828,85,5
63,3285,1534.84522004092,81,18
50,4886,1480.67668235733,70,20
68,8528,4594.49745455092,89,21
73,4048,2474.50271825821,85,12
95,3132,2776.37507762177,99,4
8,9553,570.880118637387,71,63
99,2178,2074.28571428571,99,0
89,7764,6338.1576897185,99,10
0,5852,378.227477333809,72,72
97,6257,5763.95994483143,97,0
98,6732,6312.20334981388,98,0
86,3764,2946.86407988853,91,5
65,5681,2815.13072467268,65,0
42,8103,1820.8099844196,73,31
82,3974,2918.88627476706,90,8
22,1751,178.449832045234,77,55
58,5073,2026.08787902023,69,11
67,1395,731.363287411718,85,18
39,2157,431.496338697058,59,20
29,1374,184.983760479614,78,49
85,2810,2167.18742866406,92,7
43,6744,1574.66113549787,81,38
52,1487,484.038304449857,86,34
59,8008,3303.72596725486,68,9
91,7954,6664.57169285449,96,5
5,5816,314.187943064949,52,47
86,9248,7240.3291739663,90,4
2,9084,450.392828736344,69,67
20,9982,940.16888836394,73,53
28,7775,1005.82178192168,91,63
30,1256,175.975296980929,64,34
11,7227,481.683333562035,63,52
42,7171,1611.38200645106,90,48
35,4506,770.179278978148,70,35
9,5820,360.439223099907,79,70
53,9746,3286.04953468456,85,32
71,3456,2012.5991657929,72,1
20,3225,303.751218691014,69,49
42,1802,404.924051823289,72,30
28,6443,833.506076002749,79,51
36,4845,861.521691669826,46,10
75,6310,4037.71008964836,85,10
73,3066,1874.2157446096,91,18
16,8119,654.333536481136,86,70
27,4517,561.502273247282,75,48
83,2046,1528.43269657522,88,5
20,2604,245.261449138419,59,39
4,7424,388.912324633147,71,67
23,9630,1021.02402331625,78,55
75,7428,4753.10785196641,82,7
58,8587,3429.53215398122,91,33
17,4338,363.396159583094,58,41
90,5296,4380.50286776094,96,6
27,1422,176.766932157989,86,59
30,2547,356.854364180276,81,51
74,5741,3591.8288730304,87,13
2,5351,265.30735651345,73,71
97,1469,1353.24551046146,98,1
85,8080,6231.62790875646,95,10
54,4237,1479.10963527332,86,32
21,2856,279.792869500362,73,52
68,2109,1136.23301262288,84,16
84,3379,2565.6223025942,87,3
76,6584,4305.93910920184,76,0
50,8470,2566.7890911925,79,29
4,2613,136.884146587609,78,74
80,8568,6071.28128767201,85,5
22,1004,102.320748928278,68,46
39,4106,821.383387431674,82,43
54,3406,1189.01284346021,79,25
47,9174,2490.66682873446,65,18
45,8260,2080.79492852527,82,37
41,3144,679.758248694673,78,37
39,5914,1183.06413864367,85,46
63,3796,1773.59892093618,74,11
47,2704,734.114138314581,74,27
69,5474,3028.6422439484,79,10
16,5449,439.15056537575,62,46
80,9152,6485.10344826964,81,1
23,2435,258.171702676538,83,60
68,2941,1584.4766667254,85,17
8,2062,123.223574231162,90,82
11,2599,173.224710658327,89,78
48,7355,2072.04586905639,54,6
34,9954,1635.28368445415,60,26
21,2669,261.473098283077,88,67
40,5869,1220.67975133555,89,49
15,3651,283.142101792586,82,67
23,4504,477.538130946664,77,54
74,4234,2648.98161442444,85,11
92,3202,2717.85075371322,93,1
83,5879,4391.81614035471,91,8
14,7389,551.521066953477,40,26
13,3984,286.263142868211,70,57
84,2991,2271.0199192244,85,1
2,8398,416.380336385713,72,70
34,8514,1398.71461617868,72,38
37,8755,1619.35345424981,78,41
68,6412,3454.49316118439,77,9
42,1372,308.299555550251,71,29
45,7296,1837.95154945767,68,23
95,8150,7224.60309151258,96,1
84,9612,7298.24254884151,94,10
72,8356,4987.2657509854,85,13
75,8545,5467.86572362048,95,20
25,7779,892.900644471282,38,13
44,3471,841.924437484837,78,34
56,4771,1783.10492755169,86,30
35,9338,1596.07947339058,87,52
90,1204,995.869609664686,91,1
66,8515,4341.46945263742,82,16
33,8425,1330.18698871582,91,58
5,8694,469.66127527625,51,46
56,1030,384.950340678735,87,31
28,5736,742.044211074308,80,52
3,8316,423.3012353581,83,80
8,6512,389.152238309083,65,57
50,8778,2660.12687632677,79,29
50,7921,2400.41751963823,50,0
2,3154,156.37813538468,73,71
21,5856,573.692942504945,86,65
26,5148,614.920382974998,74,48
45,9775,2462.4419402342,64,19
57,8820,3408.42663070868,70,13
92,4880,4142.13356593396,95,3
42,4136,929.392829268105,71,29
34,6410,1053.0609219762,78,44
43,6203,1448.34267845393,64,21
25,3311,380.048082509887,77,52
98,5550,5203.91096129932,98,0
54,4592,1603.03786763632,87,33
73,5915,3615.7815164272,88,15
18,5417,471.775583512029,67,49
50,7210,2184.95269746138,52,2
41,4622,999.313812171367,85,44
81,5425,3915.11686729285,86,5
47,4433,1203.52365944842,85,38
77,6742,4503.31604278989,77,0
48,5804,1635.09914670337,82,34
98,1450,1359.58034124036,98,0
62,2396,1086.08444243486,65,3
17,2656,222.494283045804,88,71
58,4666,1863.53756032099,68,10
28,6291,813.842421873862,68,40
89,6750,5510.37666223594,97,8
55,7137,2578.49293146048,77,22
71,2990,1741.22439401643,74,3
53,5222,1760.69676483919,81,28
9,2259,139.902440718675,83,74
38,6726,1293.88085797346,48,10
0,1188,76.7830217143823,85,85
60,3458,1472.88725867492,75,15
45,5263,1325.81400833275,52,7
56,9317,3482.1187612658,71,15
70,2061,1170.26910280125,76,6
29,4036,543.372967464135,64,35
78,1369,933.268142953816,88,10
65,5751,2849.81813018704,68,3
18,6973,607.290224077788,86,68
65,6791,3365.17386925756,66,1
76,8759,5728.39013631515,85,9
63,3747,1750.70473043937,76,13
72,7804,4657.80539979536,83,11
28,3336,431.565461670832,86,58
85,9832,7582.84227709078,98,13
89,5318,4341.36045774381,89,0
46,9731,2545.18264607507,67,21
49,2421,707.508780811536,54,5
12,3078,212.972493455262,62,50
50,2708,820.645201764969,63,13
31,5671,826.866961840601,70,39
89,6276,5123.42576773226,92,3
26,1440,172.005701531468,57,31
33,8598,1357.50121412209,81,48
72,9128,5448.03276388161,94,22
39,7486,1497.53434932136,43,4
61,7271,3195.75543270233,81,20
87,9546,7582.34141271093,87,0
55,9760,3526.14417977501,90,35
86,4484,3510.55752768868,94,8
29,2929,394.33583292925,56,27
65,4942,2448.93082931392,78,13
43,5525,1290.0359984617,91,48
12,8027,555.402925589796,57,45
26,4408,526.528564132438,88,62
7,2444,141.044639576763,59,52
54,7080,2471.58277501418,86,32
38,9623,1851.17685047258,66,28
93,6399,5504.12669630522,93,0
48,8996,2534.34733351887,83,35
24,7382,814.326172680201,86,62
96,5745,5191.18916644565,98,2
14,4104,306.325951925439,84,70
15,4399,341.150946531248,46,31
87,2199,1746.65501430456,89,2
38,8750,1683.23780958486,91,53
3,1935,98.4954173181726,72,69
6,8130,453.629799694461,66,60
4,5534,289.903125608814,78,74
83,5851,4370.89917285514,87,4
12,1340,92.717069925293,65,53
49,3178,928.733129045461,93,44
5,6406,346.060516381373,60,55
62,2662,1206.65976033455,89,27
62,2998,1358.96542504996,68,6
5,9039,488.298627469752,61,56
0,4963,320.769475394343,81,81
95,3957,3507.69993044359,97,2
8,6831,408.215439172196,76,68
74,5724,3581.19290528235,77,3
20,8130,765.735630374557,77,57
43,8683,2027.39956102135,84,41
59,2283,941.858938966389,77,18
78,8129,5541.66306360232,81,3
65,1510,748.256890381227,70,5
54,3351,1169.81269478425,66,12
13,4330,311.124349553051,73,60
72,8067,4814.77654538047,74,2
69,7717,4269.6441718213,72,3
76,7076,4627.70734154196,77,1
25,6717,771.000595052526,43,18
24,5251,579.250437922478,70,46
48,6359,1791.4533897117,87,39
34,2905,477.245238430711,73,39
20,6482,610.516402962839,89,69
87,7155,5683.18173140024,93,6
83,1801,1345.40923095404,97,14
24,6439,710.301574896751,87,63
99,6567,6254.28571428571,99,0
33,6329,999.258569920761,63,30
24,5088,561.269515930217,63,39
42,8530,1916.76035630003,69,27
61,3463,1522.0603855657,73,12
24,4885,538.876097743536,89,65
80,3742,2651.57966602109,83,3
92,7934,6734.36223609017,96,4
23,1240,131.471421486204,82,59
75,4628,2961.41399285145,77,2
82,2709,1989.74909872772,87,5
5,6531,352.813180219598,23,18
14,4571,341.183217897462,71,57
6,2388,133.243291718373,60,54
6,8595,479.575415544144,84,78
68,1287,693.376902439849,88,20
14,4422,330.061734750071,83,69
20,7115,670.136409608238,83,63
29,1398,188.214917867904,80,51
87,5719,4542.57390941691,93,6
84,2763,2097.90305476998,87,3
86,2850,2231.28656420891,90,4
74,8183,5119.65435777874,76,2
24,6090,671.802545600437,86,62
99,2292,2182.85714285714,99,0
4,9258,484.987917760462,78,74
21,9827,962.71867247201,83,62
74,5488,3433.54064713304,80,6
72,5240,3127.48594245614,87,15
80,9645,6834.4430461714,82,2
24,4031,444.66930399267,86,62
91,5770,4834.62140655902,97,6
99,5140,4895.2380952381,99,0
62,9593,4348.41738575859,84,22
13,1198,86.0801318162944,39,26
55,1347,486.65125104067,81,26
10,5512,354.048302442988,88,78
42,8342,1874.51522769694,57,15
85,3515,2710.91238852462,90,5
71,8454,4923.18094548993,82,11
15,9912,768.694744718739,75,60
68,9685,5217.83628603724,91,23
29,2057,276.937114488039,84,55
42,2339,525.592318099153,59,17
58,8925,3564.52480194275,83,25
69,9193,5086.28208780008,71,2
81,4016,2898.26900258951,89,8
8,3197,191.050323383621,39,31
66,2826,1440.86819414602,71,5
79,7904,5495.42541415752,84,5
78,2769,1887.66945788102,84,6
50,8461,2564.06168838013,90,40
42,3400,764.007644949603,69,27
63,6424,3001.47509696892,70,7
60,9636,4104.32088623237,74,14
52,8208,2671.8133173668,58,6
49,4662,1362.41467829136,90,41
49,1311,383.124333599307,68,19
83,8511,6358.01108531364,85,2
38,2397,461.11097480856,85,47
61,8563,3763.61625226655,86,25
39,7639,1528.14118280335,42,3
39,7322,1464.72702454328,76,37
47,7008,1902.61534072063,88,41
88,2394,1928.19804441618,90,2
48,6856,1931.46791002727,75,27
34,9604,1577.78425813719,77,43
24,2814,310.419107277443,48,24
75,2581,1651.55780370561,86,11
98,6164,5779.62291269351,98,0
50,6314,1913.42459525259,50,0
75,7548,4829.89473164276,80,5
60,9101,3876.44503794114,86,26
42,8083,1816.31582180225,85,43
20,5964,561.727835123476,84,64
77,3799,2537.54044001169,81,4
47,8964,2433.65352657245,79,32
3,7681,390.978449829914,59,56
39,3051,610.336267670248,77,38
64,2713,1305.80962252812,88,24
49,4669,1364.46034597648,80,31
49,2616,764.495237754224,71,22
28,6116,791.203346396525,66,38
28,7193,930.530685191335,87,59
27,4222,524.831214888205,51,24
67,6033,3162.94961502143,84,17
22,1347,137.276941042222,71,49
24,8534,941.406063079495,87,63
99,1529,1456.19047619048,99,0
48,5243,1477.0545875544,59,11
54,9899,3455.67766806008,78,24
22,4530,461.666327335757,84,62
35,6696,1144.50076609802,89,54
40,4353,905.370413624749,80,40
15,6237,483.691396570902,69,54
91,5605,4696.36966789658,91,0
55,1302,470.393414146216,63,8
40,9711,2019.76845548126,74,34
83,1507,1125.78107220863,87,4
36,2695,479.215884220883,58,22
64,8447,4065.67411776447,84,20
78,2866,1953.79583470098,83,5
11,3457,230.41085984834,52,41
86,5027,3935.67633623795,89,3
27,7580,942.259736819658,87,60
47,1994,541.354878623992,75,28
4,1614,84.5507128176049,89,85
65,5499,2724.94347033534,85,20
56,1039,388.313984432238,88,32
66,9891,5043.03867951106,86,20
55,6037,2181.07914070715,91,36
8,2901,173.361585278662,73,65
1,1187,57.4897088734798,77,76
62,4950,2243.78881053946,74,12
54,5986,2089.67436316877,79,25
72,7486,4468.00758878371,79,7
90,5114,4229.96443839303,92,2
42,2417,543.11955230682,82,40
63,9341,4364.38027409506,90,27
35,1233,210.748124940092,77,42
46,7113,1860.43409326195,50,4
63,2164,1011.08220887932,91,28
20,4747,447.102956628293,90,70
46,3099,810.556060033568,75,29
69,9908,5481.87565820985,81,12
78,6515,4441.37469053624,86,8
76,9330,6101.82440596191,89,13
26,6827,815.474253024536,78,52
56,5264,1967.35785760472,78,22
55,7074,2555.73195980824,83,28
86,5133,4018.6645382752,86,0
52,3478,1132.13532136961,89,37
62,8453,3831.66602333132,85,23
37,3263,603.535159476544,64,27
76,5305,3469.472505212,87,11
12,4634,320.635001517767,58,46
17,3811,319.249138813087,64,47
3,6530,332.390219683549,76,73
2,7356,364.717046255454,86,84
82,8410,6177.10960513109,84,2
13,2486,178.627051498588,89,76
98,6135,5752.43130586871,98,0
55,9792,3537.70530823329,77,22
81,4247,3064.97720468069,84,3
55,5189,1874.70923656276,73,18
96,4642,4194.51699053798,98,2
75,5309,3397.17953501476,76,1
67,1785,935.830443032198,75,8
41,4784,1034.33952345907,68,27
78,7877,5369.87082691542,90,12
34,8001,1314.43688560555,35,1
78,7380,5031.05836011626,79,1
24,2287,252.28446991596,71,47
77,9121,6092.36808458715,89,12
92,9162,7776.68601046863,96,4
62,3742,1696.21368263407,79,17
46,3310,865.74396860636,65,19
46,2379,622.237130306505,70,24
86,9368,7334.27808193299,86,0
35,4615,788.809891807402,84,49
85,1989,1533.99850377681,88,3
31,6954,1013.93631681177,75,44
96,9246,8354.69713367388,96,0
1,8083,391.482154022188,77,76
29,2687,361.754995930657,70,41
36,9927,1765.18593048635,75,39
11,4395,292.929050920872,81,70
33,9015,1423.33954934992,91,58
54,1436,501.298427248639,73,19
30,6477,907.47770584831,90,60
13,1076,77.3140415979406,78,65
46,1543,403.577928567859,76,30
52,5541,1803.66929721362,83,31
57,1786,690.187070572075,70,13
92,1729,1467.57150317619,92,0
96,3117,2816.52508821777,97,1
63,6821,3186.96476283079,91,28
24,3240,357.412191748016,67,43
43,5676,1325.29309090835,80,37
76,6991,4572.1173014019,84,8
97,4216,3883.78697896904,98,1
58,2417,965.317248884663,71,13
47,5423,1472.30065535502,47,0
33,5914,933.736006084907,85,52
38,4894,941.458953155232,71,33
47,3264,886.149610746595,60,13
81,7012,5060.42386607511,85,4
13,4299,308.896900399207,43,30
6,1258,70.1926553524762,68,62
2,8187,405.918768038799,90,88
23,4387,465.133166177401,71,48
35,9336,1595.73762728362,80,45
25,1782,204.544150719607,74,49
21,9339,914.910927263265,75,54
33,6807,1074.72793260398,57,24
80,2265,1604.97807149593,84,4
0,1019,65.8601844502993,35,35
19,3832,347.041551883414,66,47
73,5377,3286.90739033458,79,6
7,8418,485.80760063715,70,63
18,3092,269.287447705223,86,68
21,1701,166.641341393598,74,53
30,6876,963.380686338271,46,16
14,9441,704.684042916197,88,74
82,3452,2535.47947168995,93,11
11,9604,640.111627996373,73,62
32,6157,934.206417038613,72,40
50,3920,1187.93544716347,72,22
80,1856,1315.16083915958,84,4
22,1295,131.977460022032,79,57
71,5893,3431.78439931064,77,6
18,1179,102.681080480096,86,68
9,2795,173.097530681141,37,28
19,5094,461.333419961928,86,67
26,7148,853.817190657592,73,47
88,3977,3203.19282483005,92,4
91,6071,5086.8260934523,93,2
1,1407,68.144920290637,82,81
59,5389,2223.24915553652,83,24
31,5250,765.482551518807,78,47
56,6841,2556.7429908575,62,6
28,4394,568.434843699531,71,43
9,2498,154.703982698208,61,52
77,4672,3120.66042004069,84,7
2,2067,102.483705085648,63,61
52,9576,3117.11553692793,80,28
33,2470,389.97766909532,82,49
35,9719,1661.20115676623,80,45
79,7113,4945.46570988138,93,14
92,2881,2445.3866400524,98,6
52,4975,1619.42875900339,88,36
89,6349,5183.01947089422,98,9
38,2474,475.923467532906,59,21
48,2897,816.140976567825,83,35
99,3310,3152.38095238095,99,0
24,7793,859.664571077866,85,61
93,6440,5539.39301831624,98,5
82,5858,4302.67634564303,96,14
61,8883,3904.26289488307,76,15
74,8381,5243.53209978536,83,9
36,7873,1399.95052188164,66,30
11,1005,66.9837761491415,73,62
55,2823,1019.90830117878,71,16
82,3068,2253.43308781714,83,1
5,9262,500.345379757146,75,70
8,1363,81.4518582333046,71,63
53,1403,473.048173318534,72,19
86,4034,3158.24912281359,87,1
67,5034,2639.1991317782,77,10
16,9517,767.00237303744,44,28
48,7454,2099.93608537679,75,27
54,8599,3001.8559720829,93,39
75,2633,1684.83211823203,81,6
23,6735,714.080664281923,89,66
1,1070,51.8230737107189,68,67
36,9847,1750.96059811616,45,9
57,5091,1967.3809497662,86,29
58,2168,865.870002309454,79,21
34,4393,721.699942315357,80,46
37,8205,1517.62365415417,52,15
53,1267,427.193182889938,54,1
28,2849,368.564148771043,73,45
91,2783,2331.84599210637,95,4
96,8740,7897.4749024778,96,0
46,3787,990.50525955054,81,35
34,5858,962.376112470604,46,12
78,6063,4133.23940885974,86,8
38,3909,751.974468304823,53,15
65,8370,4147.62263078865,85,20
45,3295,830.050761439561,69,24
35,9597,1640.34854424174,72,37
55,9762,3526.86675030366,86,31
16,7799,628.543817097719,85,69
89,4240,3461.33289598228,99,10
47,4298,1166.87225091571,57,10
43,3026,706.542793003641,44,1
16,3707,298.757780482273,66,50
20,9922,934.517702899921,83,63
33,2348,370.715614184539,65,32
15,8501,659.268969416263,73,58
35,5438,929.479564820943,37,2
11,5751,383.307160829565,88,77
70,8052,4572.05570876064,86,16
29,8126,1094.01603905192,88,59
18,5242,456.534541031947,82,64
49,7569,2211.95124409852,64,15
10,3679,236.31054148907,68,58
9,6907,427.758370094684,84,75
27,2222,276.213870080908,76,49
82,7925,5820.8791463334,87,5
84,2373,1801.78210241374,91,7
95,5842,5178.66641234558,96,1
95,9564,8478.04956653084,95,0
98,6686,6269.07183554004,99,1
3,7613,387.517112167053,82,79
82,4254,3124.54509634098,84,2
71,9465,5511.93608339984,79,8
34,1612,264.825929208367,75,41
24,7655,844.441459207117,78,54
25,2447,280.875160948866,89,64
86,6302,4933.88348338404,91,5
50,2671,809.432545758579,72,22
86,6059,4743.63694475149,90,4
3,3505,178.411595710695,84,81
57,4920,1901.29920896675,75,18
97,7907,7283.94298925717,98,1
59,8275,3413.87766970953,80,21
51,7903,2482.62214233186,65,14
18,8461,736.882630994143,75,57
21,6152,602.691083041397,68,47
17,3945,330.47437749085,89,72
11,3287,219.080270847988,75,64
58,3685,1471.73937200661,82,24
6,5601,312.519127686184,76,70
78,5264,3588.54894412629,84,6
6,1863,103.949854468731,56,50
32,9490,1439.92510925718,70,38
69,2624,1451.80073951783,72,3
57,2844,1099.04368908566,68,11
44,9215,2235.18688891466,86,42
38,9036,1738.25563970386,71,33
12,3315,229.370960300258,46,34
73,3912,2391.36725143926,77,4
72,1156,689.956822419713,73,1
80,3102,2198.07592837985,86,6
61,2759,1212.63777180934,68,7
37,8418,1557.02083128212,71,34
74,5231,3272.7498405891,90,16
38,9106,1751.72154218054,67,29
83,6084,4544.95822383365,89,6
28,3330,430.789264797323,66,38
2,6973,345.727564374563,86,84
17,9011,754.855415860595,49,32
75,4874,3118.82709618797,93,18
38,4238,815.264209945213,67,29
73,8418,5145.84088001423,73,0
91,2853,2390.49824487225,94,3
31,1017,148.284905694215,51,20
92,5593,4747.32644144849,92,0
55,5302,1915.53447143106,79,24
44,5171,1254.27578975341,64,20
99,9135,8700,99,0
51,1889,593.404179028836,79,28
64,3129,1506.03697342075,83,19
2,5328,264.166995982743,89,87
96,4243,3833.98009281617,96,0
44,8684,2106.38773123547,74,30
50,7203,2182.83138416288,79,29
21,6561,642.759459661022,77,56
92,9886,8391.21566246375,98,6
53,8591,2896.61928508876,54,1
22,1941,197.813320388235,60,38
17,2948,246.955250910779,23,6
21,6080,595.637481289287,87,66
13,3937,282.88604253819,81,68
83,5638,4211.78081294775,86,3
65,9279,4598.06336811086,89,24
97,6411,5905.82502897783,98,1
90,3153,2607.95421866508,94,4
73,9164,5601.86336712407,92,19
20,9087,855.872038525658,82,62
11,5405,360.246079687671,73,62
37,3423,633.129283140733,83,46
24,8396,926.182951208747,65,41
10,7125,457.654962791417,49,39
56,3049,1139.52775604802,70,14
44,2904,704.393133522318,89,45
52,4848,1578.08856756752,70,18
20,3141,295.839559041388,81,61
98,6156,5772.12177977633,98,0
64,8180,3937.16281322521,82,18
61,8114,3566.27143184524,85,24
22,3502,356.899664090468,74,52
10,7162,460.031556984158,84,74
73,9053,5534.01015523507,91,18
99,3462,3297.14285714286,99,0
84,8800,6681.70354034595,92,8
59,4499,1856.07681402093,86,27
5,6317,341.252619728557,51,46
93,7898,6793.49783519592,97,4
49,9768,2854.58313546761,88,39
66,2517,1283.32103491349,78,12
33,1445,228.144830705562,79,46
53,6327,2133.26856207154,86,33
73,8804,5381.79889613272,81,8
90,4275,3535.99882169147,93,3
94,4410,3847.4481954686,97,3
46,3877,1014.04512576642,67,21
87,5551,4409.13232578655,89,2
90,7925,6555.03875132279,95,5
31,8456,1232.93722964629,66,35
95,3023,2679.75155161258,96,1
61,5733,2519.77250662666,68,7
1,7700,372.932399600501,73,72
84,1502,1140.44530881814,84,0
31,1660,242.038292480232,90,59
21,4918,481.800186345512,80,59
92,9836,8348.77576937016,92,0
21,2985,292.430572639559,85,64
92,4635,3934.17808977539,95,3
65,5694,2821.57267141106,67,2
8,6801,406.422661661559,61,53
27,6951,864.069581877763,78,51
44,3227,782.739890453347,67,23
75,8170,5227.90672463187,80,5
51,2903,911.938767454056,86,35
20,6364,599.402404883602,65,45
13,1603,115.180677213289,86,73
41,9290,2008.57319668369,75,34
62,7875,3569.66401676732,91,29
14,2617,195.335042931012,84,70
45,7464,1880.27280224124,70,25
39,7813,1562.94895421424,68,29
63,3442,1608.2000753062,88,25
24,9969,1099.70436405431,76,52
19,4700,425.65117271713,88,69
61,5133,2256.06005172068,77,16
25,3147,361.223592769138,39,14
65,5312,2632.27854417555,72,7
81,4597,3317.56538966732,82,1
14,8396,626.684379231479,80,66
33,7764,1225.82454366642,86,53
49,6945,2029.59458188192,76,27
67,3992,2092.90483394092,78,11
25,5275,605.482825502765,86,61
46,9743,2548.32129490386,71,25
14,4800,358.275967164256,75,61
86,9910,7758.61398291588,87,1
12,9070,627.570018076423,86,74
64,4473,2152.92533784308,85,21
38,8621,1658.42207502069,73,35
65,1269,628.833108538925,88,23
3,9093,462.85210835873,85,82
36,1296,230.45038439713,77,41
54,2791,974.320271901777,84,30
41,5888,1273.03325964193,88,47
15,8256,640.268746206407,29,14
11,9357,623.648948684096,85,74
31,4125,601.450576193348,87,56
99,9961,9486.66666666667,99,0
60,2736,1165.36134752301,70,10
27,6530,811.735630795827,77,50
72,1182,705.474882439533,87,15
54,7289,2544.54333998282,76,22
14,4369,326.105770945966,84,70
22,8699,886.542026819812,88,66
69,1129,624.650546842847,80,11
96,9652,8721.55924012766,97,1
18,3971,345.841026790893,69,51
28,6362,823.027418210382,46,18
21,3645,357.088588700568,48,27
86,1428,1117.99200480362,86,0
96,3482,3146.3395435272,96,0
8,3168,189.317305123337,80,72
42,9666,2172.02879296555,68,26
29,7050,949.152482810246,75,46
52,9480,3085.86625836224,83,31
48,8178,2303.90089967956,65,17
57,4424,1709.62351635547,87,30
20,3949,371.942189956842,82,62
13,5290,380.103420123704,77,64
44,8876,2152.95917807992,59,15
73,2455,1500.71743412152,85,12
60,2410,1026.50615772312,71,11
81,2660,1919.67020589843,84,3
11,4397,293.062351967935,76,65
88,7857,6328.25899539595,88,0
69,5246,2902.49492359395,84,15
59,7745,3195.22447757104,93,34
76,1876,1226.90488591474,84,8
83,5018,3748.61938974314,85,2
59,1403,578.812129377943,86,27
32,6254,948.924302770747,65,33
32,1796,272.508482215584,67,35
36,6669,1185.85926971023,78,42
26,6424,767.336546276493,83,57
95,4069,3606.98281955395,99,4
81,7404,5343.32263326014,89,8
68,5858,3156.023228044,81,13
81,3532,2548.97562677942,87,6
59,2048,844.908938678565,87,28
55,9961,3598.76251790358,78,23
18,8890,774.244957988173,84,66
1,3858,186.853662033602,42,41
83,2202,1644.97008692993,91,8
64,5722,2754.0887062683,87,23
75,2613,1672.03430495264,78,3
64,5836,2808.95870146484,85,21
89,6077,4960.97170020857,96,7
18,6820,593.96519836663,78,60
41,4653,1006.01626309679,83,42
28,2331,301.552485358126,83,55
50,7790,2360.71865648047,72,22
80,6296,4461.34301904563,92,12
93,2867,2466.0620781852,94,1
11,5328,355.113989375747,60,49
1,7338,355.39973354136,88,87
17,7287,610.435180931767,63,46
9,8884,550.196229900271,86,77
84,5259,3993.07714984993,94,10
81,2471,1783.27258600565,87,6
89,5424,4427.89378014337,94,5
27,5777,718.131200475879,83,56
11,1480,98.6427748265964,79,68
4,9409,492.898176518491,86,82
32,2403,364.609066126975,51,19
4,1708,89.4749798590267,24,20
12,5068,350.664261478645,87,75
5,1707,92.2143773748055,73,68
25,3779,433.766748355441,75,50
11,6012,400.702947471282,71,60
16,2916,235.008817881389,87,71
1,5077,245.893219840486,68,67
78,4519,3080.67110154003,95,17
28,6334,819.405166134008,63,35
48,9322,2626.18784382646,67,19
50,9196,2786.79958472329,73,23
57,8223,3177.72020230357,76,19
44,4114,997.890272489951,88,44
23,7846,831.874816919965,52,29
28,1667,215.653364689831,90,62
55,1803,651.397331571142,66,11
30,3466,485.61335934387,82,52
66,9764,4978.28628720514,94,28
52,2598,845.683601184081,72,20
10,1020,65.516920989087,57,47
52,6388,2079.37907789219,71,19
3,2363,120.281483784414,77,74
78,6393,4358.20543309258,93,15
56,2617,978.072855879854,79,23
83,5853,4372.39324196226,87,4
18,3691,321.455358822761,84,66
6,6678,372.61252181545,58,52
18,8898,774.941691358691,65,47
96,3096,2797.54946202189,97,1
10,4193,269.325931085531,88,78
57,7287,2816.00962108551,77,20
55,3275,1183.20924065196,92,37
32,6781,1028.88642422265,83,51
12,2132,147.517009761735,85,73
61,9453,4154.78972704375,74,13
39,2682,536.519786919569,86,47
81,4660,3363.03126296492,81,0
72,8295,4950.85799478505,87,15
75,7802,4992.42696029105,83,8
63,6023,2814.11651759711,81,18
93,6689,5753.57141296853,97,4
16,4699,378.705910570866,67,51
28,3580,463.130801193519,84,56
25,2263,259.755001727537,39,14
90,7519,6219.22225504051,92,2
53,9680,3263.7963775648,72,19
90,3703,3062.87804367802,90,0
66,6514,3321.23687780154,85,19
67,2616,1371.50276693122,67,0
19,7667,694.354796004732,88,69
76,5354,3501.51852835156,83,7
38,4943,950.885084888907,66,28
63,7167,3348.62578144089,76,13
68,1092,588.319796009568,77,9
27,9265,1151.71984981981,52,25
56,4509,1685.18552050526,80,24
92,7838,6652.87764135048,94,2
97,5023,4627.19686796999,97,0
23,2038,216.079642732971,48,25
11,9305,620.183121460459,68,57
42,9321,2094.50448781625,69,27
17,3315,277.699001617786,55,38
78,8178,5575.06710962477,78,0
89,6022,4916.07233481257,93,4
79,4911,3414.4780122631,88,9
62,9784,4434.99590349859,91,29
59,7883,3252.15681816559,75,16
82,5045,3705.53126728732,90,8
45,1091,274.836230874222,85,40
41,8036,1737.44824634554,82,41
42,9177,2062.14651697132,65,23
32,6907,1048.00450259635,59,27
31,6976,1017.14405321813,79,48
60,2362,1006.06122180167,69,9
66,2356,1201.23335647842,85,19
53,1793,604.54410175348,86,33
45,3106,782.43935205805,86,41
18,4815,419.346397380546,69,51
23,5844,619.612086423691,64,41
56,1785,667.122677778196,87,31
0,5637,364.331560104355,56,56
74,2958,1850.65838815954,79,5
93,4050,3483.62449133242,93,0
79,4792,3331.74071161979,97,18
56,4575,1709.85224136428,86,30
91,9206,7713.60912803853,94,3
93,4422,3803.60185201777,98,5
73,4242,2593.09301651465,83,10
22,3042,310.019639681098,74,52
44,1813,439.760589213486,74,30
4,8115,425.110925969556,78,74
88,5484,4416.97496891325,91,3
76,1664,1088.25678580071,84,8
71,3556,2070.83409535867,77,6
17,2641,221.237726477398,60,43
49,6703,1958.87292762483,92,43
83,7199,5377.9017510484,92,9
67,8452,4431.17025462641,76,9
14,3935,293.711652248198,89,75
60,4627,1970.80663559539,73,13
37,1230,227.504825668449,71,34
99,2150,2047.61904761905,99,0
74,1465,916.570161816675,91,17
84,5572,4230.73319622814,88,4
94,6666,5815.66659206207,94,0
14,8106,605.038539548638,43,29
36,6558,1166.12162104659,64,28
88,1634,1316.07168110945,94,6
15,4463,346.114270145252,26,11
13,3240,232.804363175955,85,72
34,1507,247.576101313281,82,48
38,3489,671.17905344475,83,45
58,8549,3414.35546574886,72,14
93,7253,6238.6983791689,99,6
60,5221,2223.81271762341,63,3
79,5861,4074.98587454165,84,5
57,2221,858.289744535599,75,18
96,4973,4493.60900343502,96,0
39,5287,1057.6361347665,85,46
3,2855,145.325279815702,51,48
96,5002,4519.81343961029,97,1
7,2054,118.537516240046,25,18
60,3734,1590.4456402233,80,20
18,4585,399.315312978152,57,39
53,7698,2595.52732587746,93,40
54,4371,1525.8881793202,78,24
99,2385,2271.42857142857,99,0
72,2361,1409.15921949216,80,8
25,3197,366.962766470586,90,65
27,6411,796.942898779793,79,52
17,1884,157.823504991828,88,71
3,6627,337.327716055571,78,75
54,9052,3159.99537845034,74,20
96,4027,3638.80222337278,96,0
54,5617,1960.85882023371,91,37
40,4572,950.919717687194,69,29
21,3795,371.783592350797,73,52
34,6559,1077.5392491797,84,50
75,2678,1713.62719811067,82,7
41,8569,1852.68716064397,67,26
2,5375,266.497297936795,76,74
30,5218,731.082085705803,84,54
50,7727,2341.62683679391,72,22
23,6045,640.923179745245,72,49
88,8008,6449.87883863189,88,0
65,5256,2604.52861976406,65,0
3,8428,429.002262096929,83,80
65,8931,4425.61740926804,94,29
43,8163,1905.98440822496,62,19
19,6421,581.511953195041,87,68
73,2108,1288.59973569375,79,6
97,1106,1018.8492406878,97,0
1,6454,312.585156756056,86,85
2,4868,241.359785368618,75,73
64,4017,1933.44535705693,83,19
79,5004,3479.138255623,79,0
17,2952,247.290332662354,42,25
54,3548,1238.58413640541,78,24
8,1722,102.905429110602,77,69
4,4013,210.224294013041,90,86
72,7311,4363.55910788107,72,0
18,3881,338.002776372565,63,45
86,2234,1749.01550331323,97,11
88,1612,1298.35223375058,90,2
85,3460,2668.49412924472,86,1
94,9932,8665.04659351342,96,2
68,1382,744.558569675113,90,22
14,7172,535.324007604593,54,40
64,7969,3835.60519053689,91,27
39,7162,1432.71987841833,79,40
50,4020,1218.23992285642,76,26
52,5047,1642.86571792766,63,11
85,4162,3209.90536587183,90,5
30,5640,790.207543767866,47,17
66,4780,2437.13728521513,73,7
21,1096,107.371493337674,65,44
62,1238,561.173847969262,80,18
53,8965,3022.7205087674,83,30
71,9836,5727.98767208883,75,4
34,5639,926.39790000371,71,37
27,1582,196.656319742572,86,59
11,1000,66.650523531484,12,1
75,5027,3216.73036777533,85,10
38,2000,384.740070762253,79,41
53,5968,2012.22487410193,66,13
67,3101,1625.77602456182,77,10
74,3985,2493.19596917368,80,6
53,4364,1471.40572228231,68,15
78,3299,2248.97852710346,89,11
27,2400,298.340813768757,87,60
43,9454,2207.42087410986,90,47
3,7950,404.671094407996,83,80
87,3667,2912.68028078891,92,5
45,1129,284.408895194314,85,40
87,4001,3177.97485776832,92,5
88,4309,3470.59539406404,92,4
9,4846,300.118294697964,85,76
98,7652,7174.83363529052,98,0
91,1350,1131.15058905627,91,0
15,9460,733.641271694842,79,64
8,8263,493.790685679968,64,56
86,3187,2495.12641408203,87,1
63,6741,3149.58649263193,77,14
15,5525,428.474421365116,73,58
13,8721,626.631744215278,67,54
47,9508,2581.34512836355,52,5
52,3894,1267.54886182094,89,37
88,6727,5418.1237446899,91,3
52,9502,3093.02755136687,75,23
45,4966,1250.99607930466,65,20
53,3495,1178.40582020547,76,23
43,2865,668.950793772449,85,42
38,9482,1824.05267548384,72,34
10,1044,67.0584956005949,65,55
52,5082,1654.2586840714,83,31
12,3245,224.52753127431,73,61
32,6601,1001.57488368879,81,49
54,1901,663.626956963554,63,9
78,5162,3519.01399118159,87,9
12,6321,437.361641043117,64,52
27,4365,542.607355041927,68,41
41,6784,1466.75571219614,91,50
47,2847,772.937482167756,91,44
11,1692,112.772685815271,88,77
53,8786,2962.36724930623,68,15
56,1817,679.082300012875,79,23
78,1129,769.656488966295,85,7
19,7107,643.638911595882,77,58
52,5681,1849.24116178859,87,35
77,6261,4182.03229663416,84,7
61,9483,4167.97534978905,85,24
10,8972,576.291975602048,64,54
66,3719,1896.17438571445,75,9
50,6369,1930.09205688371,77,27
4,1640,85.9127441269343,81,77
32,2548,386.610029334804,77,45
74,7040,4404.54193801324,83,9
69,2867,1586.24722568507,77,8
85,9176,7076.90813004322,86,1
28,6120,791.720810978864,79,51
69,9404,5203.02368690003,83,14
61,5572,2449.00966456022,65,4
79,8814,6128.12241907697,85,6
51,5645,1773.30153023705,59,8
0,7175,463.735842424826,79,79
99,3853,3669.52380952381,99,0
69,8598,4757.08184389264,80,11
76,2008,1313.23294824989,95,19
95,1721,1525.58796570468,96,1
51,4294,1348.90288234506,90,39
92,4697,3986.80355721143,93,1
0,6649,429.739319342532,75,75
49,3200,935.162370341559,84,35
82,1579,1159.76885451867,88,6
26,5233,625.073497301508,62,36
25,3500,401.742159101361,80,55
2,6575,325.99436910408,29,27
44,9841,2387.02921039709,85,41
27,3436,427.124598378937,77,50
45,1212,305.317609367146,73,28
99,5600,5333.33333333333,99,0
39,2672,534.519340286759,87,48
13,4781,343.530142081556,77,64
18,3921,341.486443225155,77,59
38,9585,1843.8667891281,55,17
33,8252,1302.87276330955,72,39
78,3966,2703.68258214378,92,14
57,2282,881.862763183357,77,20
70,3440,1953.28758546158,83,13
40,1001,208.195677472634,64,24
21,5544,543.127334912468,73,52
50,4563,1382.79322586911,70,20
94,2746,2395.71264053442,94,0
43,6551,1529.59743455613,92,49
63,2219,1036.77976964104,68,5
65,9849,4880.51795587066,77,12
17,2073,173.656117753747,80,63
34,4601,755.871029955147,77,43
6,1015,56.6339786826418,80,74
82,3313,2433.38455669433,85,3
5,5125,276.85921736724,61,56
13,2227,160.017073084213,83,70
12,5795,400.966731505278,42,30
0,1307,84.4742503204526,71,71
57,8256,3190.47281894908,74,17
59,4106,1693.94340928427,80,21
12,2128,147.240242388823,86,74
0,7316,472.848978840422,59,59
71,3159,1839.64142498258,86,15
23,3161,335.146099449912,90,67
67,7750,4063.12937450954,73,6
84,6985,5303.6021851496,86,2
78,3322,2264.65797727727,86,8
33,4837,763.693111503669,73,40
12,8321,575.745327498778,68,56
42,1924,432.338443789128,84,42
73,2348,1435.30938302131,78,5
50,7334,2222.53024732064,70,20
38,8111,1560.31335697632,57,19
83,2770,2069.28571334964,91,8
45,9525,2399.46388549676,84,39
78,3124,2129.67836273756,83,5
72,3476,2074.64525495755,80,8
12,1013,70.0913371897924,76,64
80,8127,5758.7888684536,91,11
98,9814,9202.01480616063,98,0
13,2156,154.915495989925,53,40
42,4947,1111.63112340167,75,33
31,3381,492.970763178112,86,55
74,3433,2147.8398399431,79,5
30,4996,699.978171748982,83,53
61,7025,3087.63332619088,64,3
86,5280,4133.75195053439,88,2
51,5547,1742.51613608944,84,33
85,1801,1389.00518114732,85,0
50,7821,2370.11304394528,79,29
21,9394,920.299095268349,73,52
73,4697,2871.23005623982,80,7
80,6343,4494.64719977866,88,8
89,6474,5285.06348315785,91,2
41,4251,919.100609160641,54,13
4,5655,296.241809779155,86,82
13,6887,494.852978145926,61,48
42,3209,721.088391953904,79,37
79,8235,5725.56025880404,92,13
12,1164,80.5393055171948,74,62
11,1946,129.701918792268,65,54
49,6954,2032.2247260485,65,16
53,4276,1441.73484612263,57,4
69,1590,879.711576156002,83,14
53,5236,1765.41713150096,67,14
76,3321,2171.93556829577,83,7
76,2653,1735.06325284212,81,5
51,5339,1677.17570769452,59,8
54,3763,1313.63926304779,85,31
8,2300,137.446275815554,62,54
73,4290,2622.43494598017,74,1
34,1156,189.912390921137,78,44
69,4307,2382.96714371315,87,18
41,2908,628.733138423699,70,29
75,3738,2391.91130191848,84,9
78,8780,5985.45967504347,80,2
70,3493,1983.38184186549,73,3
47,8084,2194.74064132214,81,34
87,6314,5015.17951810777,91,4
62,6616,2998.97106475334,71,9
88,4557,3670.34189156413,88,0
88,1333,1073.63742406298,89,1
85,9548,7363.80981099092,86,1
70,9289,5274.44429690482,81,11
25,3801,436.291984784078,84,59
39,3612,722.561323770873,70,31
67,1084,568.313837673335,84,17
33,9549,1507.65051100859,80,47
44,4699,1139.78764959414,65,21
84,3860,2930.83814383357,88,4
79,8967,6234.49894847551,91,12
27,7613,946.361923008979,80,53
13,1664,119.563722322466,52,39
81,1198,864.573273182826,84,3
10,5513,354.112534718467,74,64
44,7804,1892.93526653174,78,34
51,7729,2427.96236088612,76,25
20,5495,517.554402079728,64,44
3,5241,266.777510162554,41,38
90,1763,1458.23764272329,97,7
40,5844,1215.48005909098,63,23
94,8596,7499.47045084991,96,2
57,3620,1398.92340171944,65,8
8,4191,250.451018236082,77,69
5,5251,283.665902516171,88,83
80,7646,5417.95246563261,95,15
12,4968,343.745077155862,72,60
98,5256,4928.24432659265,98,0
84,7894,5993.79178948761,89,5
17,2392,200.378887441854,67,50
54,5130,1790.85023104841,86,32
75,4625,2959.49432085954,92,17
18,2820,245.59851310761,25,7
40,1158,240.849744768541,65,25
77,6638,4433.84928686433,82,5
65,6040,2993.02756152491,83,18
99,1354,1289.52380952381,99,0
19,7327,663.563009042216,83,64
20,8058,758.954207817735,84,64
78,9024,6151.79818993078,79,1
49,7349,2147.65883113754,84,35
33,2230,352.085102057718,80,47
29,4344,584.839487280526,56,27
3,5797,295.079035758887,76,73
23,1165,123.519520993087,79,56
15,1485,115.164618231167,54,39
79,1565,1088.09979417466,96,17
20,1346,126.774927242823,52,32
93,9426,8107.81344575294,93,0
75,2294,1467.90918314633,89,14
40,2673,555.95109478956,63,23
2,1560,77.3461925174699,51,49
85,1692,1304.93990366534,89,4
45,4703,1184.74316572087,81,36
48,7239,2039.36642367086,79,31
16,2255,181.736928780018,87,71
66,4693,2392.77934717879,94,28
91,3943,3303.79760936953,94,3
0,9880,638.565870823314,76,76
70,9757,5540.18225911296,90,20
46,3348,875.683023230844,67,21
70,5498,3121.85323978713,91,21
33,1153,182.042207476479,73,40
6,1671,93.2368259888615,79,73
77,9769,6525.19940996951,86,9
41,5202,1124.71450690512,75,34
3,6195,315.338041491514,63,60
11,1746,116.371814085971,89,78
4,7570,396.560654293227,85,81
55,2642,954.515668336638,55,0
54,2220,774.987819284108,57,3
26,6411,765.783717026556,66,40
15,9523,738.527043377376,70,55
82,5760,4230.69575809216,86,4
28,5517,713.713025191241,79,51
14,3417,255.047704125055,73,59
7,3939,227.321945700847,85,78
70,8467,4807.69941456487,70,0
20,6637,625.115298744888,77,57
75,7503,4801.09965176413,79,4
41,8407,1817.66144935627,90,49
42,2506,563.118575954031,81,39
33,6177,975.259944130279,66,33
54,7405,2585.03819900848,67,13
0,1916,123.835243775048,77,77
50,1752,530.934414140408,86,36
78,7854,5354.19137674162,87,9
75,2975,1903.67472530965,77,2
37,5875,1086.65922829442,58,21
72,4141,2471.54948238757,89,17
32,5156,782.323905514226,56,24
46,2683,701.749567302376,89,43
60,1123,478.326313329074,60,0
92,4758,4038.58022678561,94,2
20,4744,446.820397355092,73,53
87,6121,4861.88055596099,93,6
88,5837,4701.29155608072,92,4
79,3963,2755.36069285251,97,18
48,9221,2597.73418879252,86,38
68,1568,844.766886577842,72,4
72,8619,5144.23689657051,88,16
82,1424,1045.92200686167,90,8
85,2349,1811.64529179071,92,7
5,5181,279.884410766765,79,74
56,7150,2672.22809306112,78,22
77,1549,1034.65389354517,78,1
83,1209,903.164775248995,96,13
7,7612,439.2928790746,38,31
26,5847,698.414817260065,79,53
41,1758,380.093829899884,72,31
19,4893,443.130040022323,55,36
28,2160,279.430874463129,72,44
26,5391,643.946345108433,79,53
37,9328,1725.33740962219,60,23
27,5774,717.758274458668,65,38
38,5094,979.932960231457,65,27
15,1805,139.981236301183,80,65
44,6357,1541.95149786549,83,39
15,8121,629.799235458119,91,76
77,3346,2234.95928198976,85,8
31,8828,1287.17713615391,73,42
70,4677,2655.67617360575,85,15
91,1561,1307.94523667914,92,1
34,6404,1052.07521752505,49,15
21,1013,99.2402579845473,21,0
26,1214,145.010362263335,84,58
22,6277,639.708506994822,78,56
54,9783,3415.18280903443,87,33
62,9146,4145.79645680684,77,15
32,2639,400.417530382475,60,28
70,2032,1153.80243420288,93,23
98,8659,8119.03874124159,98,0
77,3279,2190.20666038387,96,19
27,6078,755.548110869378,45,18
43,9926,2317.62847434043,81,38
28,2339,302.587414522805,74,46
46,6321,1653.28327056218,85,39
92,3264,2770.47622114927,93,1
65,4947,2451.40850113638,92,27
67,4280,2243.89596424527,68,1
72,9389,5603.81021254211,81,9
92,5753,4883.13409934796,92,0
40,5296,1101.50280508998,65,25
50,7315,2216.77239693898,70,20
85,2297,1771.54075574425,94,9
6,1219,68.0165714425028,65,59
46,8671,2267.93533286579,86,40
67,8807,4617.28779371684,94,27
75,1362,871.531084326635,89,14
65,7758,3844.35559972024,75,10
25,6592,756.652660798906,37,12
90,6165,5099.28251128138,98,8
94,6349,5539.10398934924,94,0
77,3621,2418.64541544678,86,9
94,2618,2284.04067477025,96,2
16,1183,95.3413688455702,62,46
37,8508,1573.66752584322,57,20
24,5587,616.315405955606,75,51
17,2991,250.557379740211,90,73
50,5360,1624.31989714189,69,19
25,8123,932.386159537244,84,59
76,6775,4430.85319939892,86,10
53,7922,2671.05319246574,85,32
60,8712,3710.75586974434,74,14
26,2629,314.02985369877,78,52
66,6735,3433.91623764099,88,22
94,4393,3832.61676251555,97,3
55,6479,2340.76722753712,86,31
35,9194,1571.46655368954,77,42
1,7441,360.388309795757,60,59
2,1954,96.881064217395,39,37
5,6589,355.946416240535,57,52
65,1809,896.421665363999,77,12
91,9914,8306.83477029915,93,2
12,2363,163.500325547364,37,25
59,2553,1053.24830099921,59,0
2,9355,463.829250641622,76,74
91,4339,3635.60178215937,91,0
99,2775,2642.85714285714,99,0
27,9015,1120.64268171889,89,62
11,4887,325.721108498363,73,62
14,8988,670.87174851507,74,60
40,6742,1402.25300451598,72,32
48,6803,1916.53678411837,62,14
99,6715,6395.23809523809,99,0
81,4424,3192.71465823107,93,12
65,2367,1172.92984074991,83,18
97,4110,3786.13958338775,97,0
96,5166,4668.00404418768,97,1
77,5425,3623.62645092482,90,13
17,2229,186.724306065172,53,36
54,5042,1760.12999316688,70,16
20,7230,680.967848414274,74,54
58,7670,3063.29470374239,70,12
12,1156,79.9857707713721,72,60
19,8784,795.514872584526,82,63
27,4460,554.416678920274,64,37
32,1045,158.558665877108,39,7
61,7529,3309.1517883119,63,2
88,3502,2820.61384776335,88,0
15,4176,323.856865813706,63,48
16,5837,470.420600128143,21,5
0,7340,474.400150996268,0,0
42,3390,761.760563640927,83,41
76,6723,4396.84517484265,90,14
5,1978,106.854152576078,83,78
48,3198,900.938502956129,85,37
39,7344,1469.12800713546,86,47
50,8512,2579.51697098354,86,36
22,5258,535.859061618413,82,60
78,8958,6106.80498508421,84,6
39,5653,1130.85248152734,80,41
59,2976,1227.75830151729,82,23
86,6169,4829.75677705429,87,1
44,8357,2027.07073582852,68,24
6,2377,132.629524461714,58,52
15,4714,365.57980494392,78,63
88,7561,6089.85188547649,97,9
34,5874,965.004657673665,49,15
99,4903,4669.52380952381,99,0
76,1505,984.270710715184,80,4
98,5640,5288.29870661769,98,0
12,6347,439.160628967041,84,72
19,8815,798.322359042873,74,55
87,8203,6515.60303880869,88,1
92,5305,4502.87265722943,98,6
1,1544,74.7802110367758,76,75
35,3727,637.0302203177,70,35
47,2701,733.29966256941,86,39
40,9332,1940.94112105356,85,45
13,7366,529.270660232742,70,57
29,4725,636.134110819633,88,59
38,2441,469.575256365329,77,39
45,1772,446.388451979029,73,28
65,5893,2920.18400994475,83,18
78,1478,1007.57510247315,87,9
33,3944,622.701184984592,82,49
14,9519,710.506027382616,69,55
89,6442,5258.94021601836,92,3
10,6385,410.123078936589,71,61
91,5524,4628.50063255321,92,1
38,1747,336.070451810828,75,37
77,6412,4282.89268264147,81,4
20,4683,441.075025466673,89,69
6,9934,554.287629786565,80,74
72,6940,4142.12832836748,80,8
84,2085,1583.10816836606,89,5
56,9495,3548.6441599462,66,10
77,9510,6352.20046973181,81,4
24,3406,375.724050954858,80,56
28,5940,768.434904773604,77,49
53,4772,1608.9706935681,72,19
45,3091,778.660668773803,49,4
63,1569,733.081324275255,73,10
7,5378,310.36745975607,71,64
30,5287,740.749518422112,44,14
28,9886,1278.91371525115,57,29
41,1057,228.531955747541,83,42
22,8439,860.044621718863,83,61
2,1260,62.4719247256488,86,84
19,1712,155.045703764197,64,45
64,1389,668.547573052546,66,2
70,8447,4796.34309139358,80,10
61,9893,4348.17886064147,68,7
63,6813,3183.2269358109,89,26
26,4252,507.894613133196,84,58
80,4175,2958.40328851898,91,11
69,8888,4917.53238293997,73,4
47,1773,481.355165396358,90,43
19,4313,390.602874027443,91,72
64,5764,2774.3039676565,84,20
77,8199,5476.51857532398,78,1
96,9556,8634.81352037504,99,3
80,6993,4955.23693332054,81,1
43,9555,2231.00343263377,60,17
41,7981,1725.55680115527,55,14
25,4039,463.610451602971,70,45
32,6142,931.930455327459,83,51
45,4277,1077.42856044826,62,17
3,1112,56.6030511926656,67,64
53,4150,1399.25154616673,74,21
82,6740,4950.50163360089,86,4
68,7903,4257.77595958207,86,18
89,1544,1260.44763948034,89,0
54,3298,1151.31073333288,77,23
22,7980,813.266510406035,87,65
69,2142,1185.12087806677,75,6
79,5142,3575.08571351189,95,16
67,1316,689.94558152962,80,13
39,8101,1620.56181723916,86,47
82,5787,4250.52714445822,85,3
62,2634,1193.96762160827,77,15
20,6366,599.590777732402,69,49
52,2848,927.061930782241,65,13
18,3805,331.383809352643,68,50
17,9558,800.677845388477,84,67
24,1501,165.578919695608,83,59
27,5036,626.018474224776,81,54
9,5752,356.227905716609,86,77
83,7826,5846.2924161279,84,1
52,8276,2693.9482230175,69,17
35,6763,1155.95261068114,74,39
76,3689,2412.60774207861,80,4
46,2159,564.695235112124,84,38
54,2744,957.912872124141,81,27
29,5677,764.303353888478,84,55
51,2776,872.043409732159,55,4
35,7533,1287.56336186027,44,9
25,8768,1006.42150028592,77,52
84,5310,4031.8006590042,90,6
52,3710,1207.6544112367,78,26
94,8455,7376.45680106282,94,0
56,5967,2230.09580857283,90,34
75,1484,949.59774533093,79,4
0,9493,613.553219810296,87,87
80,3671,2601.26909512651,93,13
44,6373,1545.83245176919,68,24
56,1906,712.344999353077,89,33
87,9091,7220.93712371203,96,9
94,1739,1517.16834737413,96,2
91,4738,3969.91962292489,99,8
72,5320,3175.2338194402,80,8
9,4304,266.55161790756,84,75
0,1881,121.573117714439,79,79
69,5808,3213.43700271324,72,3
54,5332,1861.36714073102,76,22
95,5123,4541.30572243178,95,0
45,3049,768.080355577912,88,43
60,5932,2526.65333095999,79,19
55,5739,2073.41613193943,79,24
43,6563,1532.39932269759,43,0
49,5724,1672.77168994846,81,32
87,9835,7811.89270836078,91,4
21,5895,577.513643454004,90,69
63,5473,2557.1409099799,68,5
29,2669,359.331627889439,49,20
94,8274,7218.54566197443,97,3
59,4953,2043.37596351315,92,33
27,9109,1132.32769692484,66,39
82,1218,894.615873846571,93,11
10,2779,178.501493557522,85,75
45,9679,2438.25836721502,79,34
85,9725,7500.31948176442,87,2
82,5982,4393.75382376863,86,4
87,6711,5330.51468894857,97,10
53,6907,2328.82660948761,85,32
93,5114,4398.82855522815,94,1
62,3526,1598.30289817417,67,5
26,5300,633.076540358875,89,63
41,2365,511.332143181584,67,26
54,3750,1309.10104608802,89,35
71,4228,2462.17282204062,73,2
72,2512,1499.28333729958,73,1
2,6904,342.306482782444,72,70
28,5872,759.638006873839,87,59
18,6495,565.660405189335,67,49
87,7449,5916.70450275337,88,1
48,6449,1816.80813182116,65,17
54,3924,1369.8433346265,76,22
2,8721,432.39496470824,74,72
60,5418,2307.72214213439,61,1
67,7278,3815.67168873296,75,8
94,2007,1750.98152569285,95,1
10,3659,235.02589597948,76,66
96,2800,2530.08349278465,98,2
3,2478,126.135216596606,52,49
74,3384,2117.18322702227,82,8
7,2094,120.845939146376,86,79
96,6212,5613.17094899223,98,2
55,1573,568.301720777264,86,31
54,9279,3239.2396284402,66,12
75,1797,1149.88352315342,84,9
15,4943,383.339197250275,56,41
23,9225,978.083760653413,54,31
64,5731,2758.42054799434,84,20
18,1940,168.957842350625,81,63
54,9725,3394.9353795216,86,32
6,1637,91.3397271955513,70,64
76,3393,2219.02360229676,83,7
24,1885,207.93888316204,87,63
70,5567,3161.03255472808,87,17
81,1588,1146.02867931079,83,2
4,7195,376.915971947129,76,72
11,2249,149.897027422308,66,55
31,5886,858.2152949028,69,38
69,4401,2434.97524947331,82,13
45,3532,889.753957330661,65,20
39,6788,1357.90317435124,61,22
93,4909,4222.49694517305,97,4
76,1491,975.11470410388,87,11
83,5749,4294.70164839245,88,5
71,6714,3909.89317104559,94,23
59,8387,3460.08362729352,82,23
27,5229,650.01004799868,79,52
34,8176,1343.18659876402,70,36
30,2110,295.627290310319,86,56
85,5030,3879.34262141646,93,8
63,1441,673.276091957069,90,27
30,8063,1129.68855060289,75,45
99,5353,5098.09523809524,99,0
59,2219,915.455534632684,80,21
3,3080,156.778235317815,70,67
31,3201,466.725647126038,63,32
21,3597,352.386187532494,84,63
27,5207,647.2752572058,72,45
48,4419,1244.91783757446,68,20
92,3249,2757.74425322119,94,2
32,6358,964.704303968086,83,51
17,6686,560.089147757623,68,51
33,9237,1458.3901738597,62,29
2,7762,384.846888667052,80,78
47,1404,381.174648740263,83,36
28,4883,631.694888890489,58,30
59,2603,1073.87596063491,70,11
60,3045,1296.97562251739,64,4
89,1348,1100.44262825097,92,3
95,6803,6030.54905908713,97,2
14,1095,81.731705009346,69,55
38,2664,512.47377425532,92,54
9,3234,200.285300258608,56,47
22,1972,200.97262638104,84,62
17,4267,357.448458492638,82,65
75,1614,1032.78353164698,78,3
65,1213,601.083184127436,65,0
65,7410,3671.90964087741,65,0
64,3543,1705.3016928187,87,23
97,1524,1403.91161194232,98,1
9,5559,344.275196084602,75,66
98,3888,3645.55059775347,98,0
10,2446,157.11214582285,91,81
53,1391,469.002144751305,70,17
80,2325,1647.49404689979,83,3
54,2542,887.395962441533,69,15
59,5112,2108.9719211547,78,19
62,5338,2419.66559003225,82,20
65,6184,3064.38451001159,88,23
3,3659,186.250507476586,72,69
39,5203,1040.8323830509,70,31
82,5876,4315.89726988707,93,11
61,1695,744.9876851094,85,24
9,5594,346.442785914241,76,67
11,4164,277.5327799851,43,32
76,4995,3266.73235881883,77,1
11,7267,484.349354503295,80,69
9,6772,419.397666466077,78,69
16,4871,392.567884739453,89,73
24,8927,984.758838189671,49,25
3,7493,381.408869232593,87,84
1,9042,437.92918924516,78,77
94,8909,7772.54330463261,94,0
64,5178,2492.2529397164,75,11
20,3106,292.543034187377,91,71
54,4074,1422.20737647003,82,28
24,4189,462.098663960629,82,58
49,3220,941.007135156194,76,27
36,4921,875.035757421509,77,41
7,9849,568.391430111106,65,58
9,7538,466.836918166168,81,72
33,9488,1498.0194835532,80,47
67,5407,2834.75361651266,69,2
32,1752,265.832327862864,68,36
13,1327,95.3491944242259,31,18
32,7965,1208.53566862312,68,36
99,3345,3185.71428571429,99,0
4,4967,260.200365901514,67,63
62,2265,1026.7033648226,63,1
90,6213,5138.9849541916,93,3
50,9231,2797.40615121582,68,18
49,6724,1965.0099306802,58,9
49,7249,2118.43500706436,90,41
36,5879,1045.38411255457,41,5
72,3660,2184.46537202089,91,19
3,4139,210.683479214427,57,54
40,5372,1117.30986951347,58,18
99,5782,5506.66666666667,99,0
5,1384,74.7654940168311,87,82
28,3452,446.571934558667,63,35
41,5796,1253.14211496003,60,19
73,8788,5372.01825297755,83,10
8,1791,107.028817385069,44,36
20,8420,793.049693450649,65,45
46,1204,314.9110991547,93,47
56,9311,3479.8763320968,69,13
40,9431,1961.53190234207,82,42
67,1386,726.644814589707,82,15
51,5922,1860.31738920528,91,40
30,4314,604.424706350102,85,55
11,9069,604.453597907029,91,80
96,2450,2213.82305618657,96,0
91,6646,5568.61245545775,94,3
78,2728,1859.71913365815,87,9
32,3816,579.004659317744,68,36
63,4761,2224.47430521,73,10
41,4907,1060.9331190664,59,18
8,2214,132.30698028506,49,41
57,6408,2476.32628680059,93,36
88,6221,5010.57645543569,90,2
45,7378,1858.60835141156,83,38
48,6076,1711.72681174529,85,37
84,7175,5447.86623886161,88,4
26,4037,482.213206307317,27,1
97,7937,7311.57904461036,98,1
30,4000,560.43088210487,87,57
62,2500,1133.22667198962,79,17
60,7041,2999.01653797864,71,11
95,5527,4899.43328672271,95,0
96,6345,5733.3499148995,98,2
80,8434,5976.32894260338,85,5
19,3969,359.448830747721,78,59
23,8793,932.280813813058,69,46
56,9560,3572.93714261039,85,29
47,5721,1553.20524604206,77,30
41,5599,1210.54912036943,57,16
0,4175,269.839322944062,69,69
87,3091,2455.16627977053,90,3
18,9934,865.168662840778,80,62
17,2480,207.750685976504,84,67
16,8358,673.595233145626,51,35
9,4690,290.457037171575,74,65
41,1187,256.639008015451,65,24
3,1443,73.4516212868853,85,82
36,8597,1528.68977983189,73,37
73,7018,4290.03460393678,81,8
56,9369,3501.55314739715,88,32
1,2154,104.324206329802,77,76
23,9014,955.712413932777,74,51
20,2792,262.968496925678,78,58
17,9179,768.928849426745,77,60
81,4491,3241.0672536428,85,4
22,6221,634.001373588464,83,61
61,9184,4036.55864309424,81,20
39,4330,866.193392006612,80,41
85,3061,2360.76893919598,86,1
13,6453,463.66868999211,87,74
76,2058,1345.93297186169,83,7
91,2737,2293.30308314593,93,2
86,5640,4415.59867443446,88,2
84,3771,2863.26182393688,90,6
52,2538,826.152802080523,76,24
32,1852,281.005405937228,66,34
94,5150,4493.0517475427,94,0
88,9148,7368.06838359198,88,0
98,1887,1769.32972684177,99,1
49,9870,2884.39143602225,70,21
72,8709,5197.95325817758,85,13
67,3178,1666.14518092791,83,16
68,5027,2708.31832833343,73,5
78,7789,5309.87988712,92,14
43,9267,2163.75811723884,89,46
81,1648,1189.32951102279,87,6
72,1736,1036.12893055417,82,10
68,7690,4143.02127409669,81,13
13,2765,198.674093883184,85,72
33,8387,1324.1873322682,91,58
44,1141,276.760525257908,75,31
85,7441,5738.80486003178,86,1
53,3974,1339.90979384737,62,9
36,1775,315.624561963662,76,40
50,7725,2341.02074728005,86,36
4,9046,473.882124007468,89,85
61,1551,681.696695931965,79,18
97,2982,2747.02390210761,99,2
60,3454,1471.1835140148,90,30
76,1646,1076.48477730046,79,3
82,1050,771.220580902216,82,0
13,9047,650.055886929896,88,75
15,6213,481.83015021565,82,67
7,8036,463.762161881699,79,72
48,2361,665.139401338155,83,35
12,1191,82.4074852843462,45,33
80,3768,2670.00325536276,88,8
32,4600,697.96159142076,80,48
59,1680,693.08936375976,84,25
3,7064,359.571900741897,84,81
39,3763,752.7680679263,87,48
60,1408,599.718120362721,94,34
66,7770,3961.62274186644,70,4
96,7413,6698.39604714736,98,2
74,5429,3396.62758259572,89,15
10,4611,296.175022235961,57,47
24,8497,937.324504099657,85,61
63,9424,4403.16022942639,87,24
28,7506,971.022288759372,79,51
62,5978,2709.77161806159,91,29
0,4934,318.895142372696,82,82
46,9163,2396.61993484594,88,42
95,3905,3461.60430335664,96,1
36,7930,1410.0860711954,82,46
38,7845,1509.14292756494,70,32
44,7998,1939.99183261415,58,14
55,8468,3059.36361827201,67,12
84,7925,6017.32960877746,86,2
31,5936,865.505604917264,67,36
93,4566,3927.46405615403,93,0
45,1704,429.258421090443,57,12
44,3347,811.847044731129,55,11
84,1547,1174.61311101309,95,11
26,5806,693.517432702571,83,57
54,3595,1254.99153618305,72,18
44,2453,594.998745361655,80,36
86,9384,7346.80460299522,86,0
35,6732,1150.65399602328,57,22
20,7258,683.605068297483,48,28
6,1274,71.0854077257987,76,70
44,5652,1370.94696648352,72,28
69,6954,3847.49327081059,84,15
42,6395,1437.00849689786,46,4
99,5291,5039.04761904762,99,0
12,4676,323.541058933336,13,1
74,4581,2866.08048551685,83,9
9,5462,338.267875699604,80,71
62,6657,3017.55598217397,78,16
20,3817,359.509581936001,61,41
39,1836,367.282001783866,92,53
3,1078,54.8723823612352,83,80
81,2161,1559.55162216034,90,9
83,1172,875.524496767429,84,1
65,6651,3295.79905822883,67,2
17,1234,103.372720360889,74,57
87,4676,3714.12407771174,92,5
58,4054,1619.11300247349,86,28
6,6514,363.461809988895,68,62
15,8347,647.325971970068,87,72
88,1025,825.565161038673,88,0
42,9529,2141.24377903669,84,42
37,3979,735.968862873788,85,48
50,2124,643.667063718166,63,13
34,9617,1579.91995111468,77,43
93,6578,5658.09429728016,93,0
42,9979,2242.36243792708,71,29
37,5224,966.248137635754,70,33
64,3883,1868.94904691363,68,4
20,5946,560.03247948427,75,55
99,9389,8941.90476190476,99,0
91,5043,4225.47586711909,93,2
99,4208,4007.61904761905,99,0
73,2929,1790.46898759345,78,5
60,5505,2344.77858849203,62,2
50,4494,1361.88313764098,69,19
40,1204,250.417178498552,57,17
58,5780,2308.45415744864,82,24
32,5068,768.971596808786,74,42
5,4670,252.279520996099,87,82
33,4806,758.798654927979,74,41
91,7892,6612.62255469043,91,0
72,7494,4472.78237648212,73,1
16,5403,435.443293214384,69,53
95,8856,7850.43987465466,98,3
51,7675,2410.99898043744,82,31
51,9196,2888.80086307527,80,29
18,3214,279.912631605623,87,69
21,3446,337.593217191264,85,64
11,1149,76.5814515376752,50,39
0,3501,226.277238234051,66,66
79,2216,1540.72149769396,80,1
69,2087,1154.69060341986,76,7
48,1698,478.35946779847,76,28
37,1813,335.338413769836,87,50
11,3716,247.673345442995,74,63
59,9802,4043.84639498403,84,25
66,5268,2685.94962730404,80,14
7,4381,252.830018815794,85,78
2,9325,462.34182386244,52,50
60,6936,2954.29324065045,82,22
10,2794,179.464977689715,68,58
15,8051,624.370600255304,81,66
97,2714,2500.14180761907,97,0
15,7540,584.741563274747,88,73
41,2781,601.274710438895,88,47
8,9615,574.585192159372,81,73
77,8572,5725.66376724932,88,11
53,4299,1449.48973420982,81,28
69,3687,2039.93495678439,82,13
93,2527,2173.60965175235,96,3
59,3156,1302.01787620584,76,17
61,2568,1128.6893069976,78,17
4,7279,381.316380792655,89,85
88,8737,7037.03688975111,88,0
43,6494,1516.28846588422,75,32
61,8383,3684.50251579475,94,33
19,6149,556.878523625029,69,50
11,6976,464.954052155633,65,54
50,2086,632.151362954847,83,33
87,1998,1587.00169103252,92,5
53,9846,3319.76643941147,70,17
46,3037,794.339707751515,85,39
66,4040,2059.83988122785,87,21
27,2710,336.876502213888,76,49
0,6506,420.496918580616,69,69
30,2550,357.274687341854,54,24
88,2865,2307.55530378127,92,4
46,5504,1439.59359613577,72,26
39,7578,1515.93845834321,84,45
97,7597,6998.37041727415,99,2
16,2237,180.2862570647,39,23
14,2292,171.076774320932,87,73
50,2329,705.791238888705,92,42
70,2878,1634.17490434838,78,8
91,3873,3245.14535660365,95,4
7,7941,458.279657479165,75,68
42,5743,1290.49879557223,74,32
38,4526,870.666780134978,73,35
14,3866,288.561435220212,65,51
1,7532,364.795692700126,72,71
8,4131,246.865463214807,73,65
88,6616,5328.72107847011,94,6
53,3038,1024.3195656035,71,18
3,2132,108.523116135578,75,72
48,3720,1047.99600719099,54,6
53,2133,719.181577824971,78,25
59,6081,2508.7359648947,81,22
69,9055,5009.92976232239,87,18
61,2721,1195.93598299863,93,32
7,7395,426.76968480776,84,77
41,4847,1047.96063340429,79,38
81,9507,6861.01678476555,89,8
16,8594,692.615151190896,67,51
55,8596,3105.60813210512,80,25
40,2692,559.902860895434,78,38
83,8162,6097.29602612266,85,2
44,1330,322.604293245414,87,43
93,8574,7374.96207128004,96,3
31,4241,618.364095426907,61,30
93,2480,2133.18240456899,97,4
52,2982,970.680715446855,65,13
28,2845,368.046684188704,82,54
84,4801,3645.32485195465,84,0
37,7493,1385.92980384853,72,35
36,2681,476.7264510561,83,47
37,8611,1592.71874295204,59,22
89,8292,6769.19159752007,92,3
82,8818,6476.78388799595,90,8
32,4651,705.699861238686,85,53
60,7134,3038.62860132646,62,2
22,6267,638.689376029401,81,59
96,3675,3320.73458427985,96,0
87,4308,3421.82346595,89,2
21,6004,588.192012773171,76,55
82,8875,6518.65014810207,87,5
95,5505,4879.93129064746,97,2
63,6530,3051.00130498242,65,2
40,8174,1700.09137628502,77,37
8,4950,295.808289255215,86,78
1,2765,133.916634401998,62,61
49,8584,2508.57305844123,72,23
32,7621,1156.34028004731,83,51
35,7475,1277.64982475847,37,2
27,6412,797.067207452196,82,55
35,6697,1144.6716891515,61,26
44,9068,2199.53062492437,73,29
96,1958,1769.25124245441,96,0
66,5204,2653.31850047271,83,17
81,9638,6955.5569340034,90,9
46,2592,677.948147017428,86,40
3,5051,257.106125516325,75,72
63,7240,3382.73345299735,75,12
76,7350,4806.90347093462,79,3
0,2933,189.566163879026,80,80
27,4081,507.303692079291,75,48
76,4274,2795.19801833668,79,3
8,7639,456.500913458704,78,70
5,4015,216.895562483798,64,59
58,5510,2200.61979369238,71,13
4,4322,226.411512266226,53,49
91,1509,1264.37499176734,96,5
66,9268,4725.39505426231,75,9
97,5636,5191.89359902028,98,1
46,3012,787.800856024881,78,32
31,6431,937.679674060466,76,45
96,5857,5292.39250615704,97,1
52,7288,2372.34106444557,62,10
81,8227,5937.265708243,83,2
81,1420,1024.78635051721,81,0
8,8221,491.280797165075,69,61
93,1625,1397.75056750992,97,4
66,9330,4757.00645838016,86,20
59,1415,583.762767690513,85,26
41,9789,2116.46103577359,65,24
57,8540,3300.22261068618,87,30
93,7045,6059.78630652763,94,1
68,7150,3852.0939024436,83,15
16,2454,197.77491052158,86,70
27,6599,820.312929191679,91,64
96,7816,7062.54734985887,96,0
85,8445,6513.13090215944,88,3
10,2521,161.929566483812,82,72
56,1858,694.405566001058,90,34
19,3654,330.921145767743,70,51
2,5766,285.883426958802,89,87
66,2077,1058.98203794808,74,8
4,6117,320.444058429547,69,65
41,4822,1042.55543104507,89,48
50,6597,1999.18626146363,80,30
37,7416,1371.68763183514,81,44
15,8893,689.669326552033,81,66
83,2673,1996.82336165473,92,9
92,1013,859.832234076045,93,1
99,8632,8220.95238095238,99,0
69,7496,4147.36979551282,94,25
30,7317,1025.16819109033,68,38
43,4863,1135.46516932475,92,49
91,3751,3142.92285892597,95,4
37,4716,872.286795001956,64,27
79,2781,1933.5498578912,97,18
10,1524,97.8899878307535,77,67
3,9403,478.63173593942,83,80
37,1787,330.529368674405,88,51
34,8435,1385.73617423857,84,50
54,2141,747.409423913187,72,18
54,2165,755.78767060815,88,34
3,5010,255.019142513718,86,83
19,1291,116.918226378259,88,69
52,8797,2863.54066190006,89,37
3,1190,60.5734091000648,90,87
86,6860,5370.74590542915,91,5
91,2724,2282.41052191798,91,0
91,5838,4891.59788067444,93,2
45,1044,262.996356583582,76,31
29,3320,446.976772046811,85,56
15,8808,683.077412377185,89,74
20,5216,491.276389672041,90,70
68,7533,4058.43683456051,81,13
54,5233,1826.8068731143,67,13
18,5598,487.539176019999,79,61
21,6980,683.807503190662,40,19
72,7360,4392.80468253381,75,3
3,1887,96.0521201443885,79,76
71,8402,4892.89878211574,82,11
0,7893,510.141742753889,77,77
70,1424,808.570209795722,78,8
48,1215,342.289018477704,79,31
51,5842,1835.18645520723,90,39
18,9427,821.013185484197,86,68
36,3670,652.587122482613,81,45
49,8655,2529.32197353319,92,43
99,9805,9338.09523809524,99,0
66,1781,908.06307635317,66,0
10,5398,346.725823038325,76,66
80,9194,6514.86463105234,83,3
52,3837,1248.99460267256,74,22
97,6492,5980.44237843146,99,2
4,9555,500.546506178572,90,86
53,1547,521.600516125283,63,10
90,1172,969.401314391206,93,3
95,8574,7600.45974314465,97,2
47,3146,854.113564769849,82,35
79,3154,2192.88610276478,82,3
32,7431,1127.51143170602,67,35
33,8093,1277.76893764713,64,31
11,6018,401.102850612471,67,56
46,4220,1103.75817145584,66,20
7,5018,289.591653599099,70,63
31,9369,1366.05829051042,89,58
77,7994,5339.58891220148,79,2
33,5064,799.533164493401,87,54
8,6840,408.753272425388,78,70
70,3634,2063.44392022307,86,16
29,5101,686.755576569513,87,58
1,3224,156.147280040521,69,68
91,5532,4635.20374715502,91,0
5,9443,510.123236994896,73,68
13,8084,580.86125676371,70,57
41,6909,1493.78172399221,61,20
33,2290,361.558243817118,84,51
84,4505,3420.57664196119,93,9
67,4277,2242.32313997127,95,28
1,2313,112.025018217657,89,88
27,5870,729.691907009419,77,50
86,1715,1342.68647635729,90,4
35,6013,1027.76032057159,58,23
54,3986,1391.48713858849,66,12
31,8520,1242.26882646481,65,34
64,9806,4719.78221839688,73,9
35,3522,601.990994354424,68,33
29,9996,1345.77705222287,87,58
11,9411,627.248076954796,72,61
41,1742,376.634500389987,74,33
95,4849,4298.41722585822,97,2
22,3914,398.887859865817,73,51
23,4868,516.131354673259,82,59
35,5372,918.198643291303,76,41
89,3794,3097.23986022566,92,3
76,3364,2200.05758860191,85,9
67,7675,4023.80876765945,75,8
62,8536,3869.28914884137,76,14
93,7952,6839.94616174702,96,3
78,6482,4418.87808811296,80,2
21,8975,879.251051738709,82,61
84,4810,3652.15841239364,92,8
56,4249,1588.01358984849,87,31
56,8190,3060.91581568819,65,9
64,8053,3876.03571331328,85,21
17,2039,170.807922865359,49,32
74,4888,3058.15355014328,86,12
98,8615,8077.78251019705,98,0
10,4113,264.187349047171,77,67
35,9173,1567.87716956648,79,44
60,9624,4099.20965225201,82,22
68,3597,1937.89954784471,68,0
86,7973,6242.12202682021,94,8
33,6082,960.260803011229,87,54
7,8977,518.067810753112,78,71
20,7179,676.164340769858,74,54
65,9556,4735.32638707484,80,15
49,7249,2118.43500706436,88,39
16,2168,174.725348822651,80,64
40,2047,425.750800985496,81,41
10,8464,543.661979658463,59,49
43,6576,1535.4347015175,72,29
4,2449,128.292872174916,28,24
24,6377,703.4622057954,71,47
27,4564,567.344780850253,84,57
69,2085,1153.58404797815,77,8
11,5461,363.978509005434,88,77
82,1854,1361.75519713591,97,15
66,4104,2092.47100805919,91,25
23,4661,494.184109312256,50,27
47,4833,1312.12042547129,82,35
79,8212,5709.56901582256,84,5
49,8771,2563.22160945807,80,31
26,3280,391.790764599455,91,65
21,4763,466.615349240275,24,3
86,8712,6820.69071838175,94,8
78,2248,1532.49582568311,81,3
64,3561,1713.96537627078,82,18
44,7601,1843.69566387849,75,31
78,1073,731.480436369207,90,12
91,3539,2965.29032197788,91,0
46,7700,2013.96633180332,67,21
85,6081,4689.91699420149,89,4
1,7933,384.217237146854,68,67
40,3167,658.697013542288,62,22
39,3689,737.964762843508,65,26
11,2508,167.159513016962,77,66
10,2687,172.592124213409,85,75
57,3243,1253.23441761772,60,3
3,6433,327.452723311527,26,23
78,2838,1934.70780840243,81,3
71,8223,4788.65825819301,90,19
53,7639,2575.63435208858,82,29
62,9927,4499.8164691364,68,6
78,6845,4666.34071476908,83,5
24,1072,118.254898010455,75,51
51,6462,2029.95119369208,65,14
22,1409,143.595553027833,54,32
49,2475,723.28964581105,51,2
90,2288,1892.48311205382,90,0
65,3869,1917.22245621521,72,7
47,4684,1271.66813012777,91,44
9,7846,485.911708666988,74,65
56,4971,1857.85256651844,77,21
47,8802,2389.67183633319,65,18
26,7600,907.807869193859,74,48
47,4549,1235.01672159506,73,26
66,5861,2988.29741185061,89,23
62,4512,2045.24749760687,72,10
61,2611,1147.5886995992,82,21
27,4019,499.596554390265,36,9
56,1998,746.728913277779,77,21
52,3347,1089.49307666017,83,31
60,5825,2481.07816130174,83,23
54,2758,962.800182696202,66,12
38,9909,1906.19468059158,65,27
93,6484,5577.23980291344,95,2
71,8081,4705.96465820962,79,8
92,5274,4476.55992351141,96,4
96,5738,5184.86395771369,98,2
47,7435,2018.54238845004,86,39
67,7854,4117.65394934167,89,22
99,4709,4484.7619047619,99,0
20,5560,523.676519665749,62,42
41,3559,769.484607857615,83,42
71,4994,2908.2523825144,90,19
82,5984,4395.2228153513,84,2
34,9297,1527.34904705347,62,28
67,4941,2590.44157928408,71,4
7,4333,250.059911328198,64,57
24,6319,697.064086313491,55,31
64,1918,923.163603394372,85,21
36,3708,659.344155358455,82,46
69,2932,1622.2102775405,91,22
23,5002,530.338750220962,51,28
83,2668,1993.08818888695,88,5
50,5536,1677.65577436147,75,25
84,4462,3387.92740875269,87,3
81,1298,936.74132603615,90,9
8,5267,314.751971617619,70,62
31,1660,242.038292480232,82,51
79,3248,2258.24161755866,83,4
23,5154,546.454601887012,65,42
76,6811,4454.39721639942,81,5
24,9441,1041.45941428797,38,14
19,9972,903.104998794729,68,49
23,2420,256.581322577914,66,43
10,9707,623.502698079478,69,59
97,7502,6910.85624198903,99,2
30,2026,283.858241786117,66,36
38,1895,364.541217047234,43,5
72,7756,4629.15667360492,93,21
84,3777,2867.81753089621,90,6
7,9590,553.444391792619,89,82
94,3433,2995.07701928429,94,0
87,7140,5671.26730429039,90,3
76,4977,3254.96035031859,78,2
80,2964,2100.28918495096,87,7
10,5584,358.673026277512,82,72
77,7065,4719.06375590486,81,4
4,9914,519.353015411236,89,85
41,5390,1165.3616286464,91,50
96,7184,6491.47136148747,96,0
72,6875,4103.33317831793,91,19
68,5066,2729.32974961948,83,15
34,1144,187.940982018841,84,50
87,1223,971.422957023409,87,0
94,3749,3270.76718476458,99,5
70,1653,938.600110106972,88,18
66,3664,1868.13201109378,79,13
93,2788,2398.10989674933,97,4
78,2086,1422.05795924153,81,3
37,6980,1291.04364485022,44,7
37,4773,882.829701557323,46,9
35,3216,549.68853998973,89,54
48,4335,1221.25341160563,61,13
71,2673,1556.61966729295,89,18
83,7363,5500.41541783156,85,2
95,7559,6700.70856058204,96,1
16,5199,419.002347107455,69,53
88,4510,3632.48670857016,97,9
10,9135,586.761836505206,76,66
49,1658,484.53100313322,90,41
63,7914,3697.64537942279,78,15
54,5331,1861.01804711873,87,33
23,5447,577.520026480124,81,58
61,5948,2614.26946963464,80,19
94,7066,6164.64148507509,94,0
26,6693,799.468166909802,67,41
40,6002,1248.34211407667,74,34
20,9806,923.592077669485,72,52
68,4985,2685.69064387152,80,12
63,7522,3514.49185544835,69,6
73,9526,5823.1504185098,81,8
5,1084,58.5591008050903,89,84
50,1427,432.444868138335,80,30
35,8757,1496.77317931905,57,22
40,1780,370.218087813474,81,41
70,2386,1354.80935433469,78,8
70,7405,4204.67865416947,87,17
35,3790,647.798372686902,80,45
81,2044,1475.11500032195,84,3
56,3671,1371.9929132346,84,28
8,8107,484.468242624652,66,58
14,4801,358.350607990749,63,49
26,2342,279.748161796318,70,44
84,5438,4128.98907413651,86,2
59,4658,1921.67277166248,75,16
21,2271,222.482355264469,79,58
2,2755,136.595359221557,70,68
54,1708,596.251889791557,76,22
44,6656,1614.47682394096,48,4
60,9414,4009.76305759564,65,5
8,5892,352.101503089237,40,32
62,1747,791.898798386349,66,4
99,5230,4980.95238095238,99,0
19,5740,519.837815190708,88,69
36,5797,1030.80314687512,57,21
82,1577,1158.299862936,93,11
33,6160,972.575887298449,89,56
14,2957,220.712923938481,86,72
70,8858,5029.71553256356,92,22
69,4015,2221.41004922412,90,21
41,2586,559.11413203703,74,33
34,1996,327.911014081824,71,37
28,2479,320.698674904674,68,40
28,8254,1067.78816565679,72,44
88,3150,2537.10269002129,97,9
96,4024,3636.09141963051,97,1
87,5425,4309.05113806377,97,10
68,7178,3867.17902541821,81,13
11,6043,402.769113700758,88,77
7,7524,434.214348680674,77,70
12,9587,663.342201025212,84,72
31,6113,891.31330236847,82,51
74,5989,3746.9888731195,78,4
78,4786,3262.68906660114,79,1
5,3727,201.337425000527,72,67
35,1052,179.811052260322,80,45
38,4432,852.583996809152,76,38
15,8924,692.073436427565,84,69
61,3561,1565.13341986701,71,10
20,9762,919.447874995871,82,62
65,1161,575.31539717391,77,12
96,3342,3019.83536888797,96,0
92,3352,2845.17043299398,95,3
17,5950,498.434105467821,74,57
82,1302,956.313520318748,93,11
76,8974,5869.00023784589,88,12
31,3591,523.590065238864,70,39
63,5295,2473.97425878743,91,28
48,4846,1365.21200291601,83,35
97,8221,7573.20036862061,97,0
80,5386,3816.517392087,82,2
31,4768,695.203962979366,53,22
73,1499,916.324005600063,93,20
64,4022,1935.85193579362,83,19
57,9098,3515.85776487388,62,5
10,6427,412.820834506728,89,79
59,3159,1303.25553578398,64,5
28,1645,212.807309486966,60,32
31,7675,1119.06258722035,66,35
38,2084,400.899153734267,63,25
42,1796,403.575803038084,70,28
43,7250,1692.8074187959,83,40
65,5244,2598.58220739017,85,20
66,3486,1777.37668959413,85,19
53,4282,1443.75786040625,66,13
53,8726,2942.13710647009,89,36
77,5095,3403.2030907764,91,14
29,4522,608.803904577012,82,53
14,6646,496.06293286951,89,75
87,5431,4313.81690890771,94,7
66,1150,586.340560250503,80,14
71,1452,845.571177294935,85,14
87,8541,6784.07479635073,96,9
27,3388,421.157782103562,73,46
11,5245,349.581995922634,76,65
69,4509,2494.72924332542,87,18
72,8288,4946.68005554895,84,12
69,1917,1060.63339087488,85,16
28,7589,981.759678842909,88,60
87,4138,3286.79329203832,96,9
97,7141,6578.30237590558,99,2
6,2341,130.620831621738,71,65
95,1618,1434.28316589784,99,4
3,1596,81.2396310283222,75,72
40,4227,879.16396471211,73,33
71,2120,1234.58050679426,79,8
52,2391,778.302344276805,68,16
77,3177,2122.07580361072,94,17
98,8670,8129.35279900272,98,0
89,8319,6791.23310416901,90,1
28,9714,1256.66273821057,86,58
27,3409,423.768264224039,70,43
45,4236,1067.10015947131,74,29
30,5623,787.825712518921,84,54
79,3099,2154.64617389602,94,15
81,9640,6957.00029506047,86,5
46,2846,744.38288056003,81,35
75,8588,5495.38102217118,87,12
88,5931,4777.00192206865,96,8
21,7628,747.289918959651,66,45
52,5262,1712.85108138208,69,17
40,8857,1842.14696840671,62,22
86,5977,4679.43852430759,87,1
88,8738,7037.84231917651,88,0
10,2393,153.707835222436,71,61
4,4853,254.2283824683,84,80
29,1405,189.157338772822,84,55
2,7893,391.341985602814,79,77
81,9854,7111.43992816658,97,16
94,1463,1276.37567119514,94,0
57,5673,2192.29073424154,80,23
71,3574,2081.31638268051,92,21
85,5979,4611.25040426421,85,0
98,5900,5532.0855264263,98,0
69,7794,4312.24655632697,76,7
62,1980,897.515524215782,94,32
8,7843,468.69180053104,80,72
36,5575,991.327849547839,89,53
31,4718,687.913652964901,66,35
77,8273,5525.94684396333,89,12
86,5806,4545.56133045505,96,10
34,4510,740.921179112739,78,44
92,3015,2559.12555354321,94,2
69,3367,1862.88608611148,87,18
3,4386,223.256279254525,56,53
6,4423,246.79023420032,88,82
94,1736,1514.55103567653,99,5
32,8507,1290.77375178618,75,43
26,9511,1136.07376893458,65,39
79,9239,6423.61277851737,79,0
16,3514,283.203355979149,88,72
4,6125,320.863144986264,72,68
60,1533,652.960140991514,91,31
75,2048,1310.4960798098,86,11
65,7717,3824.03869077611,90,25
46,2763,722.673892827605,62,16
65,9828,4870.11173421636,88,23
13,5049,362.78679928253,79,66
24,4723,521.005488156135,76,52
83,1443,1077.97086078106,86,3
86,5347,4186.20675748246,86,0
86,9042,7079.05021529015,88,2
8,3183,190.213693878656,90,82
46,5240,1370.54332190252,75,29
47,9324,2531.39061599303,73,26
21,8755,857.698379718373,75,54
36,2464,438.140237001951,64,28
51,2892,908.483264029325,87,36
93,8072,6943.1646651939,94,1
76,1030,673.620486403083,78,2
0,2598,167.914385870341,71,71
46,8945,2339.6011477897,90,44
39,5431,1086.44256627896,74,35
85,7609,5868.37336110493,94,9
41,4596,993.692401717785,88,47
32,4900,743.480825643853,69,37
16,7388,595.420146264643,86,70
9,9791,606.367772056906,63,54
46,1722,450.39610693056,57,11
61,4663,2049.48529537766,88,27
93,9317,8014.05663845535,94,1
31,7465,1088.4432851596,65,34
44,5902,1431.5868712289,77,33
9,9029,559.176244908773,80,71
61,6891,3028.73754459521,61,0
68,5686,3063.35747262858,71,3
39,4502,900.601074090939,80,41
5,3024,163.360443574348,86,81
17,7458,624.759925811599,91,74
71,2204,1283.4978476295,91,20
90,9344,7728.74221985617,90,0
49,7528,2199.96947622852,72,23
42,2471,555.253791373667,62,20
30,5974,837.003522423623,71,41
92,5626,4775.33677089025,96,4
68,1181,636.268936893132,90,22
52,8112,2640.5640388011,78,26
19,8152,738.278374465967,83,64
63,1960,915.767619872211,91,28
54,1625,567.277119971475,83,29
60,6464,2753.25137075613,93,33
56,7202,2691.66247919248,84,28
25,6484,744.256045603778,78,53
5,4773,257.843715998797,84,79
36,1378,245.031350076578,76,40
52,1746,568.346253913551,72,20
69,5549,3070.13807301236,78,9
50,4799,1454.31178850446,70,20
66,8742,4457.2079806173,88,22
32,5933,900.218722152037,68,36
27,1261,156.753235901001,79,52
66,2093,1067.13981965591,70,4
50,4863,1473.70665294795,67,17
17,9270,776.551959275076,76,59
96,7465,6745.38331201336,96,0
5,5849,315.970646318241,72,67
28,3296,426.390815847441,71,43
39,9517,1903.82506044502,60,21
69,3629,2007.84484897493,75,6
13,3950,283.820134118834,58,45
62,3104,1407.01423594232,71,9
89,6297,5140.56916179255,91,2
21,9780,958.114237994938,65,44
71,7772,4526.0187258514,78,7
90,2521,2085.20538701385,90,0
54,3121,1089.52116395752,88,34
12,9668,668.946740326666,61,49
10,1554,99.8169560951384,82,72
67,9018,4727.9097676551,85,18
64,9848,4739.99747978508,65,1
62,2454,1112.37530122502,79,17
24,8730,963.027294432153,27,3
57,8981,3470.64394222162,60,3
55,5400,1950.94042733454,65,10
93,5751,4946.74677769204,95,2
29,3744,504.060552573271,82,53
26,8985,1073.24390851406,77,51
12,7976,551.874141585177,38,26
10,4515,290.008723789929,81,71
65,2289,1134.27816031962,77,12
82,2594,1905.28208272414,84,2
7,9129,526.839817797166,23,16
18,1252,109.038772486073,82,64
66,7421,3783.68112836433,91,25
30,3662,513.074472567008,47,17
94,5398,4709.41618121078,94,0
4,9412,493.05533397726,55,51
95,4413,3911.92312182148,96,1
85,6655,5132.6093728681,87,2
20,4415,415.833063727389,71,51
1,9322,451.49036741245,85,84
39,8378,1675.97418896799,85,46
63,4855,2268.39377269367,88,25
73,6279,3838.29114820733,73,0
23,8796,932.598889832783,82,59
57,8590,3319.54475711877,76,19
17,2202,184.462504242041,44,27
30,3469,486.033682505448,79,49
30,2434,341.022191760813,74,44
98,3686,3456.14699159447,98,0
25,9983,1145.88342123111,85,60
91,5050,4231.34109239567,94,3
21,5135,503.058958292843,53,32
48,3014,849.102141310123,77,29
79,9411,6543.19946516149,83,4
28,5768,746.183927733021,88,60
16,4000,322.371492292714,69,53
11,6779,451.82389901993,79,68
52,2088,679.671808803834,81,29
1,5095,246.765009865526,82,81
6,7679,428.465342171435,73,67
57,8446,3263.89697539292,75,18
79,6917,4809.19250882181,95,16
46,6544,1711.60982796375,58,12
89,2047,1671.07274482918,98,9
62,2911,1319.52913686472,70,8
32,9554,1449.63587922477,70,38
42,5519,1240.1641742579,67,25
8,3203,191.408878885748,73,65
83,2044,1526.93862746811,85,2
66,2695,1374.07635641313,87,21
54,1794,626.273940448509,86,32
80,7970,5647.53873281348,87,7
70,1253,711.473646681207,73,3
48,6298,1774.26850894862,85,37
89,1026,837.577252659863,92,3
6,3763,209.96419880077,78,72
19,2656,240.538194624829,90,71
29,9812,1321.00484557931,75,46
78,3545,2416.68047244067,79,1
29,3980,535.833600224792,63,34
15,4310,334.248824630525,87,72
25,4154,476.810551116301,80,55
94,6417,5598.42972116146,94,0
96,9030,8159.5192642305,97,1
86,6080,4760.07800364566,88,2
7,9191,530.417873301977,82,75
38,2282,438.98842073973,60,22
98,5702,5346.4324867259,98,0
33,3383,534.127309534197,79,46
59,9500,3919.25533078436,83,24
51,2351,738.535322867546,84,33
72,1770,1056.4217782724,77,5
68,5835,3143.63187702915,84,16
82,2332,1712.84418539426,83,1
72,9123,5445.0485215701,87,15
73,1636,1000.07076261621,87,14
44,6237,1512.84434358771,72,28
52,1054,343.091037585844,84,32
69,1514,837.662469371187,83,14
52,5143,1674.11499649335,66,14
49,8616,2517.92468214465,81,32
94,6034,5264.28626110149,98,4
98,5195,4871.04818809909,99,1
3,9182,467.382388535122,33,30
15,8698,674.546699915617,61,46
78,1994,1359.34015854632,79,1
34,4396,722.192794540931,62,28
24,9303,1026.23630241722,60,36
74,1667,1042.9504844699,87,13
43,2766,645.835216605443,79,36
57,1000,386.442928651778,67,10
17,1757,147.184659379321,34,17
90,6037,4993.40933018746,91,1
32,8713,1322.03029261937,64,32
95,8820,7818.52751744061,96,1
87,2714,2155.71701174287,98,11
99,7784,7413.33333333333,99,0
87,7299,5797.56023165484,89,2
71,3195,1860.60599962625,86,15
53,8030,2707.4674495708,65,12
46,8960,2343.52445882568,81,35
91,6590,5521.69065324505,94,3
29,6651,895.434491229922,64,35
32,1261,191.332514517735,88,56
91,8082,6771.82152648353,93,2
56,6405,2393.79313791,79,23
21,5252,514.521061140022,81,60
79,8922,6203.21173394653,90,11
18,2791,243.072854639482,76,58
93,7790,6700.60118209372,93,0
88,6046,4869.62630599006,88,0
42,5389,1210.95211724512,85,43
91,3271,2740.73598281708,99,8
63,5568,2601.52760584106,74,11
45,2852,718.453648444803,60,15
77,7322,4890.72679699015,79,2
86,4063,3180.95344223887,90,4
74,6643,4156.16080883834,79,5
49,5063,1479.60221282479,87,38
38,7435,1430.27121305867,73,35
10,1337,85.8785523160876,85,75
41,8829,1908.90126517979,88,47
3,6908,351.631184927099,87,84
76,1794,1173.27684719139,84,8
8,4210,251.586443992819,70,62
53,6239,2103.59768591186,83,30
73,1579,965.227221375917,81,8
80,5270,3734.31983963953,91,11
51,1218,382.618470120234,79,28
0,2801,181.034717021873,65,65
59,5461,2252.95298541194,81,22
46,6366,1665.05320367012,79,33
50,4149,1257.33269650032,82,32
67,8220,4309.53851077012,72,5
67,3928,2059.35124942884,68,1
25,3009,345.383473353141,63,38
87,4822,3830.09116824765,91,4
44,6141,1489.55862016548,66,22
67,4002,2098.14758152093,78,11
85,2881,2221.94554518903,88,3
48,4961,1397.60972894476,80,32
33,1709,269.826654446924,69,36
76,5106,3339.32641123703,83,7
83,9918,7409.08870216669,91,8
36,8036,1428.93463658591,61,25
65,8345,4135.23427167638,74,9
4,2027,106.186056308107,85,81
7,1922,110.919720649157,88,81
87,3166,2514.7384153198,92,5
76,2038,1332.85296241697,84,8
65,2328,1153.60400053477,78,13
58,2339,934.16509935508,75,17
58,5732,2289.28360389197,79,21
18,2937,255.788238651436,68,50
10,3017,193.788775121643,80,70
27,6582,818.199681760817,42,15
54,6885,2403.5095206176,79,25
83,4281,3198.0549237725,92,9
5,3193,172.490045083629,78,73
51,5325,1672.77779424487,78,27
55,9678,3496.51878810067,77,22
6,1404,78.3390207590434,89,83
50,3834,1161.87359806754,58,8
66,3812,1943.59149189123,78,12
8,9773,584.027153715397,78,70
58,8227,3285.75300230622,80,22
23,1960,207.809666220129,75,52
61,8047,3536.8235410474,80,19
81,9144,6599.04675290798,93,12
84,1863,1414.54701087097,85,1
45,8947,2253.85862294378,81,36
66,4450,2268.88303749108,73,7
92,3142,2666.92288200092,94,2
30,3868,541.936662995409,79,49
75,3607,2308.08562493845,79,4
18,4969,432.758514763018,67,49
16,7826,630.719824670695,86,70
68,7952,4284.17492478763,94,26
20,6080,572.653460353912,77,57
81,5639,4069.55650039896,91,10
26,6323,755.272257488522,69,43
42,5987,1345.3275795039,84,42
78,3243,2210.80247450637,87,9
37,2279,421.531298941785,67,30
61,4181,1837.63628993652,80,19
30,7102,995.045031177196,77,47
72,5516,3292.21611805116,85,13
56,1630,609.193257578969,84,28
81,5971,4309.154435872,81,0
38,4649,894.328294486856,89,51
84,1478,1122.22248098083,87,3
44,9306,2257.25981424197,75,31
67,8416,4412.29636333836,77,10
60,9153,3898.59371852272,70,10
30,1990,278.814363847173,77,47
8,2636,157.525383934696,76,68
59,6156,2539.67745434827,63,4
20,7979,751.51348029011,71,51
40,1726,358.9867525652,88,48
53,3790,1277.87068914985,83,30
26,2603,310.924195198897,85,59
59,1162,479.386809933834,76,17
87,4185,3324.1251636492,95,8
28,6291,813.842421873862,66,38
29,4269,574.742120442119,74,45
58,2264,904.211109422788,89,31
81,7475,5394.561950786,83,2
91,8554,7167.30528799061,98,7
94,5098,4447.68501145101,98,4
60,6041,2573.08037294829,82,22
87,4812,3822.14821684108,87,0
27,7397,919.511249769791,86,59
66,8651,4410.810597154,76,10
32,4744,719.810823847845,88,56
12,4017,277.943634246195,90,78
96,5903,5333.9581635385,97,1
34,6082,999.175745313454,87,53
9,2373,146.962590449498,82,73
79,1012,703.614691185148,84,5
51,3173,996.755669697457,80,29
42,9347,2100.3468992188,50,8
80,4902,3473.55519049582,84,4
3,4968,252.881257486657,82,79
26,3778,451.276069712421,48,22
31,4876,710.95103261061,60,29
48,7833,2206.70772159329,65,17
97,5390,4965.27794512408,98,1
29,5423,730.10693819574,42,13
89,3214,2623.75564332242,93,4
87,2384,1893.59961532609,97,10
86,3662,2867.00750811685,87,1
28,3355,434.023418436943,81,53
37,3732,690.282934467197,70,33
80,3549,2514.81994513865,83,3
5,2598,140.347365213676,68,63
46,4619,1208.11824501292,78,32
88,4925,3966.73992011265,96,8
95,4021,3564.43300993523,96,1
45,9854,2482.34300553124,88,43
65,2088,1034.67575305695,85,20
63,5809,2714.12964481514,92,29
53,4477,1509.50582462372,68,15
36,3868,687.794820098841,76,40
73,9384,5736.34721050766,85,12
52,4626,1505.82461088436,89,37
53,1164,392.464771021222,87,34
48,6784,1911.18411633971,69,21
6,2264,126.324460825124,75,69
58,8863,3539.76283693205,84,26
47,8546,2320.16990607855,78,31
26,4189,500.369363691194,56,30
8,2175,129.976369521231,63,55
41,9479,2049.43652651934,71,30
11,4434,295.5284213386,60,49
40,7598,1580.2904669701,88,48
25,1009,115.816525295221,64,39
61,3530,1551.50827636353,76,15
80,3917,2775.58459428236,82,2
18,5800,505.13169362558,76,58
99,1724,1641.90476190476,99,0
21,1501,147.048003193293,63,42
28,1604,207.50329751799,40,12
76,4084,2670.93792861184,92,16
36,1503,267.258431905005,65,29
99,1559,1484.7619047619,99,0
64,4590,2209.23928028163,91,27
44,6092,1477.67319883539,58,14
80,6107,4327.41769652345,89,9
6,6356,354.645880302336,90,84
95,9432,8361.03759007935,95,0
67,4548,2384.4015993896,76,9
28,4619,597.542226456107,86,58
93,5420,4662.03573901771,95,2
60,4732,2015.52993292358,83,23
8,6670,398.594199865108,59,51
42,4969,1116.57470228076,77,35
74,6822,4268.15129277362,78,4
8,1516,90.5950235375567,80,72
71,9534,5552.11818480022,86,15
74,8030,5023.93064804635,80,6
26,8992,1074.08004734094,78,52
25,7247,831.835836287875,75,50
34,2879,472.973852475737,85,51
50,1945,589.422052227794,82,32
87,3857,3063.59635751373,96,9
20,7873,741.529719303676,46,26
36,5696,1012.84366475776,75,39
88,2666,2147.27484812595,91,3
78,6764,4611.12178154829,93,15
31,4225,616.031196222278,86,55
96,2866,2589.72117511457,97,1
1,3378,163.605928032531,57,56
9,2868,177.618503754387,85,76
69,2017,1115.96116296016,90,21
74,2048,1281.3212910584,81,7
14,9877,737.22744326695,47,33
94,5126,4472.11325396192,97,3
30,2168,303.753538100839,68,38
49,9297,2716.93892408296,64,15
33,1506,237.775858160952,83,50
50,7400,2242.53120127798,86,36
65,9428,4671.89798842,82,17
21,7996,783.341661248213,83,62
30,4105,575.142192760123,61,31
33,5336,842.478073802683,72,39
79,4176,2903.4535082897,81,2
26,7395,883.320946406393,76,50
99,5056,4815.2380952381,99,0
39,9197,1839.81076819511,79,40
89,4071,3323.36939140186,92,3
72,8280,4941.90526785054,80,8
26,5012,598.675400052581,56,30
43,2390,558.042721506511,73,30
49,1936,565.773234056643,70,21
42,7432,1670.03082860748,93,51
65,2229,1104.54609845017,77,12
30,8350,1169.89946639392,58,28
10,9539,612.711675798922,66,56
59,7363,3037.62915795424,81,22
24,6359,701.476582507911,57,33
96,7665,6926.10356149798,99,3
44,4589,1113.10609150617,70,26
98,9504,8911.34590561959,99,1
2,4282,212.305382281927,72,70
19,4834,437.786759343534,22,3
69,4487,2482.55713346665,77,8
70,3629,2060.60483943025,70,0
98,8777,8229.68045177011,99,1
54,4940,1724.52244471329,68,14
63,2969,1387.20105275541,75,12
29,1382,186.060812942377,92,63
43,9838,2297.08129463642,52,9
67,7939,4162.21730377178,77,10
85,1885,1453.7894316839,93,8
14,5710,426.19911927248,71,57
23,9631,1021.13004865615,89,66
94,1579,1377.57839016892,94,0
16,8800,709.217283043971,78,62
76,7576,4954.70757765996,77,1
98,1885,1767.45444361247,99,1
35,4278,731.208822784846,65,30
74,4087,2557.01177566194,83,9
73,6846,4184.8926900187,82,9
49,7387,2158.76388428534,56,7
15,3237,251.035602164504,73,58
40,6007,1249.38205252558,74,34
93,2987,2569.28058163208,99,6
84,1189,902.789262439925,84,0
30,1864,261.160791060869,79,49
66,4528,2308.65222331676,79,13
76,6475,4234.65305772812,85,9
51,1294,406.492857418377,80,29
84,4064,3085.73218045068,84,0
15,2097,162.626400290072,89,74
85,6028,4649.04121707722,97,12
73,1679,1026.35624109573,89,16
50,9924,3007.41616776793,83,33
37,6366,1177.4761952889,57,20
64,8917,4291.89251901336,70,6
48,4380,1233.93078266036,81,33
94,6488,5660.37276467127,95,1
1,6060,293.502641763511,58,57
49,2286,668.056618312751,68,19
65,5922,2934.55450651498,70,5
58,3685,1471.73937200661,67,9
98,7894,7401.74290603546,98,0
91,5622,4710.61378642544,95,4
36,6324,1124.51252386377,76,40
41,2312,499.873114180052,69,28
40,8763,1822.59612556712,55,15
84,5889,4471.42638057924,87,3
3,7229,367.97073477678,85,82
51,6334,1989.74169929521,79,28
75,2371,1517.18076427199,83,8
14,9053,675.723402237086,82,68
96,7581,6850.20105671444,99,3
62,5748,2605.51476423854,83,21
98,5044,4729.46430428716,98,0
85,6125,4723.85160162541,88,3
35,3789,647.627449633422,88,53
97,2224,2048.75290351688,98,1
94,7633,6659.31339592106,97,3
86,2058,1611.22377162875,90,4
64,1270,611.270999119318,83,19
12,7409,512.642366474997,65,53
15,7475,579.700687729275,60,45
76,7472,4886.69152854741,84,8
46,6977,1824.86273986906,57,11
85,5084,3920.98963961854,85,0
25,6049,694.325234401181,56,31
5,5536,299.061976067325,74,69
91,4672,3914.61892745992,93,2
66,5825,2969.94240300798,72,6
97,1413,1301.6582071355,97,0
28,5644,730.142525680508,78,50
52,3189,1038.06197235413,81,29
59,3889,1604.4193664653,79,20
77,7910,5283.48114780006,83,6
65,9711,4812.13421357092,85,20
64,4304,2071.58297654295,87,23
73,3816,2332.68339250823,89,16
13,4774,343.027169691978,91,78
89,5574,4550.34659485973,98,9
26,1298,155.044028186004,69,43
99,7198,6855.23809523809,99,0
6,3513,196.014942967607,72,66
2,1622,80.420207861113,69,67
41,9068,1960.57499973387,66,25
33,7390,1166.77529336616,65,32
80,6666,4723.52486736947,84,4
73,5086,3109.02194294991,91,18
16,6015,484.766131535169,83,67
12,3903,270.055764118223,87,75
47,6445,1749.76539254345,63,16
32,6383,968.497573486677,70,38
95,3564,3159.32336419029,99,4
10,9473,608.472345617276,75,65
70,1844,1047.05299639277,76,6
6,2929,163.429481341338,70,64
95,2193,1943.99442695547,98,3
91,4470,3745.36528376409,94,3
52,7575,2465.76338682426,67,15
97,5999,5526.28986879395,99,2
83,2237,1671.11629630439,88,5
52,3916,1274.71015482558,90,38
56,6894,2576.55111518369,79,23
17,7549,632.38303565993,70,53
52,6519,2122.02132260163,80,28
71,1732,1008.62898007908,86,15
5,7211,389.547671499544,18,13
87,5787,4596.58597898158,92,5
88,2006,1615.69142735959,90,2
18,9539,830.767452671449,64,46
98,6852,6424.7203435717,98,0
29,5607,754.879144839298,56,27
7,9075,523.72344687362,30,23
34,1327,218.004967778848,47,13
97,9666,8904.33703479952,97,0
47,3408,925.244446514827,64,17
60,3489,1486.09127979086,80,20
92,6362,5400.05199722783,92,0
18,4852,422.568789219192,39,21
96,3493,3156.27915724885,97,1
30,2437,341.442514922392,52,22
57,7500,2898.32196488833,85,28
64,9181,4418.9598763106,86,22
98,3246,3043.58468114912,99,1
69,3444,1905.48847061715,94,25
76,1475,964.650696548104,90,14
39,3614,722.961413097435,80,41
22,5421,552.470896354777,79,57
87,2261,1795.90131302529,90,3
1,3228,156.341011157197,88,87
20,6223,586.122119043157,64,44
27,9091,1130.09014082157,80,53
18,3259,283.831756814787,77,59
23,8081,856.790771798399,89,66
24,9036,996.782890319466,68,44
9,1286,79.6434434547217,35,26
12,8667,599.685705255607,76,64
75,2009,1285.54034391499,84,9
85,8075,6227.77170336737,88,3
65,6358,3150.60748943301,70,5
85,3117,2403.9584395537,86,1
30,8307,1163.87483441129,68,38
75,2581,1651.55780370561,84,9
8,6249,373.435555465826,70,62
36,3367,598.708676130506,84,48
58,6656,2658.31675985781,79,21
79,8318,5783.26778782417,94,15
64,7262,3495.31495716889,84,20
37,7141,1320.82273178731,74,37
61,9217,4051.06282811407,70,9
74,1299,812.71306498284,74,0
58,6726,2686.27381712795,85,27
61,3474,1526.89511390564,78,17
59,6265,2584.64575235411,90,31
69,4614,2552.82340401496,87,18
9,2692,166.718623468204,62,53
27,4519,561.750890592089,61,34
29,5517,742.76230463321,90,61
63,4224,1973.57266650011,84,21
58,8162,3259.79287769823,79,21
70,2003,1137.33576560452,81,11
20,6206,584.520949828352,70,50
94,9444,8239.29722403753,96,2
9,5874,363.783504551349,66,57
27,7314,909.193629960288,91,64
43,1284,299.802031135716,86,43
42,1527,343.129315834719,62,20
31,6508,948.906751482742,75,44
97,7926,7301.44582431419,98,1
81,3756,2710.63206517086,84,3
2,8718,432.246222030322,83,81
9,4848,300.242156973943,84,75
90,6305,5215.08130310286,95,5
90,2104,1740.29041423131,95,5
16,5053,407.235787638771,81,65
92,5654,4799.10311102266,92,0
32,6389,969.407958171139,80,48
28,7572,979.560454367968,76,48
0,7008,452.942269507063,59,59
38,1376,264.70116868443,53,15
40,8693,1808.03698728232,83,43
32,6456,979.573920480963,48,16
16,7011,565.036633116055,82,66
67,6805,3567.68972819838,83,16
82,9087,6674.36325586518,90,8
22,9985,1017.60226897297,83,61
47,2639,716.467163835865,51,4
3,1148,58.4355240730037,75,72
25,1428,163.910800913355,88,63
77,2811,1877.60625871883,88,11
67,1408,738.178859265734,77,10
84,2456,1864.8027153511,94,10
25,5781,663.563263361419,80,55
79,3132,2177.59013121728,79,0
35,7235,1236.62829192341,81,46
16,8289,668.034324903577,73,57
98,3584,3360.50754690032,98,0
81,1263,911.482507537487,90,9
33,5643,890.948982471615,77,44
57,6317,2441.15998029328,71,14
7,8103,467.628770249801,69,62
10,3745,240.549871670716,76,66
68,8877,4782.52273734152,85,17
95,5047,4473.93519053546,98,3
28,2576,333.247191026398,56,28
66,1703,868.293890527484,78,12
49,5183,1514.67080171259,81,32
97,5825,5366.00074774541,98,1
56,1676,626.38521454132,74,18
37,8703,1609.73536405895,46,9
99,7016,6681.90476190476,99,0
6,6516,363.573404035561,81,75
79,1438,999.800322059528,81,2
47,8980,2437.99739721337,82,35
62,3754,1701.65317065962,75,13
37,2986,552.300332882918,67,30
30,9651,1352.17961079852,87,57
29,7021,945.248167632729,84,55
12,7042,487.248960010383,59,47
2,4389,217.610537794343,74,72
20,1255,118.203962622395,53,33
81,3880,2800.12045070899,94,13
60,5985,2549.22794770659,70,10
46,7890,2063.66160492573,70,24
46,2422,633.483955276315,89,43
98,5033,4719.15024652603,98,0
58,1997,797.574905263828,76,18
64,4385,2110.56955207733,78,14
37,4717,872.471758274857,65,28
22,2983,304.006766985113,74,52
93,8198,7051.54409381313,94,1
3,4575,232.8767618763,69,66
0,8729,564.174239515861,89,89
84,2053,1558.81106458298,90,6
19,1755,158.939959174163,59,40
96,5969,5393.59584586842,97,1
83,2957,2208.98117486458,85,2
63,9370,4377.92989704215,67,4
23,3781,400.881810193014,70,47
19,4790,433.801939854267,86,67
78,2579,1758.1435651409,88,10
27,8012,995.961083298035,76,49
39,3844,768.971685652059,64,25
74,3803,2379.32854975346,78,4
78,1510,1029.38998967148,79,1
73,7761,4744.22322045503,79,6
50,6447,1953.72954792421,87,37
61,2308,1014.41390987168,67,6
38,2416,464.766005480801,83,45
70,9328,5296.58912708883,78,8
40,4423,919.929551909549,68,28
44,1457,353.409364856067,82,38
57,3582,1384.23857043067,75,18
5,9545,515.633410686888,69,64
20,6102,574.725561690719,59,39
5,4659,251.685286578335,80,75
6,4349,242.661254473704,47,41
90,6982,5775.05117498242,92,2
81,3634,2622.58704068981,85,4
87,3636,2888.05713142855,87,0
5,3782,204.308597089346,89,84
33,5018,792.27042247786,82,49
96,9317,8418.85282224092,96,0
68,6377,3435.63675746613,78,10
57,7872,3042.0787343468,81,24
91,8632,7232.66065535831,92,1
81,8072,5825.40522632034,96,15
76,6023,3939.04484427745,93,17
53,9112,3072.28435871596,74,21
86,1839,1439.76701458954,86,0
32,4099,621.944470268195,89,57
6,3037,169.455559861264,85,79
58,4110,1641.4786482896,75,17
64,1045,502.974955968258,82,18
99,3268,3112.38095238095,99,0
59,6262,2583.40809277596,65,6
58,6375,2546.08914424482,83,25
60,7509,3198.35466321284,62,2
28,8033,1039.19824748255,78,50
92,3537,3002.19803744025,93,1
31,3422,498.948817389973,76,45
16,5995,483.154274073705,82,66
36,6715,1194.03883582309,71,35
59,6400,2640.34043337052,89,30
70,4851,2754.47618519596,95,25
26,7922,946.270255230756,63,37
33,4552,718.695688146516,88,55
90,1950,1612.91174322769,90,0
83,3066,2290.40794120217,93,10
70,7366,4182.53382398545,81,11
30,6341,888.423055856745,73,43
68,4449,2396.91828978624,73,5
84,1377,1045.5347471655,86,2
56,7405,2767.53133274372,86,30
84,9676,7346.83675640766,84,0
34,6660,1094.13194077402,89,55
15,5728,444.217463453283,84,69
49,6201,1812.1693307775,85,36
93,2489,2140.9237923275,97,4
54,6297,2198.242476591,89,35
48,4182,1178.15035001955,71,23
11,8780,585.19159660643,80,69
96,4616,4171.02335810498,96,0
33,9119,1439.75966173288,73,40
65,5879,2913.24652884188,78,13
73,3570,2182.30600399748,92,19
33,2469,389.81978339933,56,23
73,1316,804.457899512797,79,6
5,3819,206.307385585461,81,76
8,5164,308.596768831097,79,71
82,2954,2169.7005676049,83,1
11,8043,536.070160763726,63,52
54,2533,884.254119930921,85,31
11,2236,149.030570616398,77,66
54,2723,950.581906266048,63,9
85,3507,2704.74245990209,89,4
43,3253,759.545177012837,70,27
52,1101,358.390163550298,80,28
92,2814,2388.517183307,93,1
10,1930,123.968291675429,79,69
21,2556,250.402862199904,73,52
72,4134,2467.37154315146,79,7
36,1910,339.629810338363,82,46
60,6927,2950.45981516518,83,23
16,8049,648.692035366014,73,57
71,4106,2391.12620797039,83,12
87,3613,2869.78834319344,87,0
79,7117,4948.24679561729,84,5
36,8959,1593.05940880701,88,52
0,1044,67.4759887793057,71,71
68,2610,1406.1489629899,71,3
53,4076,1374.30103666881,70,17
97,5589,5148.59711230028,98,1
0,9694,626.544286615507,56,56
19,1722,155.951344557212,76,57
63,1958,914.833163117239,92,29
37,9344,1728.29682198861,83,46
69,7976,4412.94310152218,73,4
59,4181,1724.88489873783,66,7
42,4234,951.414226093123,89,47
44,5216,1265.19097260758,67,23
73,6172,3772.88309710713,90,17
74,4995,3125.09758243979,87,13
80,3845,2724.56542379772,80,0
64,3738,1799.15826354962,75,11
95,2259,2002.50041518122,98,3
65,1832,907.81895574729,93,28
11,5321,354.647435711027,80,69
18,4408,383.900087155441,59,41
74,5274,3299.65258254003,90,16
81,9206,6643.79094567704,84,3
66,5394,2750.19215825323,86,20
51,5879,1846.80951218133,63,12
20,2942,277.096460585725,74,54
18,5677,494.419418053865,72,54
60,6369,2712.78743507825,74,14
36,1112,197.732119945685,76,40
12,9442,653.309383757176,51,39
72,2063,1231.29837772653,83,11
95,7777,6893.95561260041,95,0
21,1474,144.402902536251,47,26
55,4729,1708.518014975,76,21
46,8757,2290.42898280541,81,35
86,8111,6350.16327098191,89,3
88,4817,3879.75354216906,89,1
4,4935,258.524019674647,68,64
19,2964,268.431931049697,67,48
60,6160,2623.76677658691,63,3
1,7033,340.627735894847,70,69
59,7619,3143.24277528906,85,26
38,8522,1639.37744151796,83,45
94,9162,7993.26992446334,96,2
11,2372,158.09504181668,67,56
3,2428,123.590115373914,75,72
55,6015,2173.13086489208,83,28
63,3514,1641.84051848518,74,11
13,7489,538.108603649607,48,35
99,7274,6927.61904761905,99,0
49,9105,2660.82918186247,62,13
25,1625,186.52314529706,86,61
38,1026,197.371656301036,91,53
71,3535,2058.60476014986,81,10
87,1231,977.777318148665,87,0
74,8621,5393.68693858126,96,22
16,3945,317.938884273689,76,60
43,5617,1311.51714087953,82,39
47,2683,728.412808098381,87,40
73,5158,3153.03483714818,78,5
54,2181,761.373168404793,79,25
27,6005,746.473577783911,69,42
99,5563,5298.09523809524,99,0
87,3116,2475.02365828695,88,1
53,4014,1353.39655573813,79,26
84,5376,4081.9134355568,91,7
71,8567,4988.98641589925,82,11
77,3531,2358.52995358812,91,14
20,3451,325.037350605486,75,55
41,4155,898.344632101261,66,25
49,9892,2890.82067731834,78,29
9,3773,233.666183635043,67,58
99,3814,3632.38095238095,99,0
94,4745,4139.71466836701,97,3
50,5448,1650.98783575168,87,37
78,2801,1909.48434507936,82,4
47,7073,1920.26231519935,77,30
50,1161,351.834962795099,69,19
71,6525,3799.82915416629,76,5
62,6280,2846.66540003794,80,18
29,9068,1220.83896654231,38,9
49,7983,2332.93787576146,88,39
95,8741,7748.49762244313,96,1
19,2041,184.841285854396,34,15
38,7162,1377.75419339963,67,29
49,8014,2341.99726122414,83,34
53,2485,837.865082463691,77,24
66,1302,663.839486474917,79,13
73,2802,1712.83513254928,92,19
75,9884,6324.67932267582,87,12
13,5877,422.281247649718,75,62
14,8661,646.464198252005,62,48
27,2453,304.929173406151,89,62
75,8430,5394.27829726398,83,8
37,8738,1616.20907861049,37,0
13,9516,683.755037031601,85,72
65,6384,3163.49138290977,65,0
43,6172,1441.10446742184,73,30
57,7037,2719.39888892256,84,27
4,3631,190.212910929816,53,49
76,8040,5258.16379677746,86,10
27,4970,617.814101846135,80,53
33,8027,1267.34848171179,82,49
79,3244,2255.46053182275,82,3
41,5446,1177.46928193104,87,46
11,9199,613.118165966122,21,10
92,9433,8006.71023103586,96,4
25,5587,641.295269399801,83,58
91,5588,4682.12554936773,97,6
16,6056,488.070439331169,79,63
39,7449,1490.13269677997,71,32
17,2226,186.472994751491,76,59
42,1551,348.522310975539,92,50
48,2866,807.4076765079,91,43
63,4963,2318.85443746213,95,32
45,1339,337.31046117377,64,19
29,4298,578.646435619637,67,38
5,7418,400.730082815646,90,85
52,3757,1222.95353720115,70,18
58,3841,1534.04367106578,94,36
11,2896,193.019916147178,73,62
96,7826,7071.5833623331,99,3
55,3994,1442.97334569891,77,22
57,5779,2233.25368467862,76,19
49,8572,2505.06619955245,60,11
7,2099,121.134492009667,76,69
13,1205,86.5831042058721,69,56
85,3095,2386.99113584174,90,5
84,5659,4296.79094713838,85,1
32,7883,1196.09374460214,92,60
96,8734,7892.05329499326,97,1
5,9580,517.524156561591,78,73
9,9398,582.028834826963,85,76
19,7916,716.905251750809,60,41
54,5567,1943.4041396192,82,28
87,6284,4991.35066388806,88,1
77,1181,788.848449500869,87,10
50,8622,2612.85189424578,61,11
8,4141,247.463055718352,84,76
97,3706,3413.97403796472,98,1
6,5919,330.262581105967,81,75
46,5359,1401.66825612129,77,31
97,8412,7749.14992103595,98,1
31,1932,281.697578958921,76,45
97,1511,1391.93598795593,98,1
14,5474,408.583884220238,51,37
23,5022,532.459257019126,84,61
98,9839,9225.45584652685,98,0
38,6831,1314.07971168847,90,52
95,9246,8196.15707780679,98,3
21,8020,785.69286183225,52,31
68,8937,4814.84800085853,90,22
62,4010,1817.69558187136,64,2
70,4829,2741.98422970754,88,18
38,4371,840.849424650903,80,42
28,4365,564.683225477572,85,57
96,1083,978.600150959206,98,2
86,5810,4548.69296072061,93,7
34,7614,1250.85894850652,59,25
63,5641,2635.63527739752,86,23
34,2028,333.168104487945,91,57
20,7469,703.478403845949,76,56
91,4184,3505.72893674921,92,1
48,8468,2385.59951314337,88,40
20,4175,393.228321871313,34,14
41,8785,1899.38810902758,52,11
82,4525,3323.59345579288,82,0
68,1643,885.173465974103,89,21
57,1290,498.511377960793,79,22
61,3692,1622.71063918815,87,26
26,2927,349.625478043477,60,34
81,5538,3996.6667670171,87,6
85,4691,3617.8918960367,87,2
53,3973,1339.5726248001,77,24
51,7024,2206.49600502835,67,16
33,1353,213.619346674481,91,58
27,6706,833.613957138869,34,7
10,1647,105.790557714732,74,64
3,4312,219.489529444941,76,73
29,6698,901.762174448657,52,23
13,3614,259.677459419105,91,78
31,2703,394.114159381969,91,60
42,7211,1620.37033168576,67,25
43,2993,698.837600614639,57,14
85,5181,3995.80002416673,87,2
13,9414,676.426010783469,80,67
64,5780,2782.00501961391,81,17
19,3402,308.098997783761,84,65
49,6879,2010.30685799362,66,17
65,6118,3031.6792419552,85,20
56,2802,1047.21442192409,71,15
57,9576,3700.57748476942,58,1
74,4910,3071.91774369957,74,0
55,3468,1252.93729666596,93,38
54,6053,2113.06363519221,79,25
69,1201,664.486542744251,81,12
32,5932,900.066991371294,69,37
61,3815,1676.77169244387,88,27
61,5919,2601.52336764752,76,15
95,6573,5826.66455466408,97,2
85,9088,7009.03891519538,90,5
93,1773,1525.05338842775,94,1
50,5453,1652.50305953633,75,25
66,8960,4568.35775638653,70,4
35,1825,311.934572599893,86,51
27,2868,356.517272453665,67,40
75,3587,2295.28781165906,87,12
5,1615,87.2444167898716,66,61
92,6156,5225.19963768226,92,0
65,1913,947.957239271051,67,2
71,5066,2950.18153180175,80,9
22,2336,238.068993522368,50,28
89,4091,3339.69643336404,98,9
69,9064,5014.90926181006,82,13
17,4961,415.585142390901,77,60
83,7818,5840.31613969946,85,2
5,5710,308.461684130134,82,77
37,3316,613.338212940307,73,36
4,8775,459.685566898688,65,61
51,2186,686.702771496578,65,14
43,6498,1517.22242859804,63,20
40,9408,1956.74818547706,91,51
59,6774,2794.63532744561,89,30
91,9964,8348.72923656049,96,5
32,4166,632.110432578019,80,48
76,6161,4029.29690944601,77,1
9,6846,423.980570677313,61,52
72,4475,2670.89686879603,81,9
90,4523,3741.12811006094,91,1
22,5845,595.682049288631,34,12
55,4462,1612.05484940124,67,12
27,8204,1019.82834839954,75,48
6,5097,284.397427926527,84,78
26,7209,861.103543291911,91,65
92,4165,3535.24309469568,98,6
43,6398,1493.87336075258,56,13
50,4185,1268.24230774978,63,13
36,4846,861.699508324453,90,54
56,7571,2829.57187308612,85,29
17,9723,814.499967640946,86,69
51,4622,1451.93971173705,78,27
35,5487,937.854794441433,88,53
36,8770,1559.45206108243,56,20
2,4958,245.822065706164,86,84
15,4118,319.358853788516,55,40
76,3198,2091.49351021074,82,6
8,1828,109.239909648188,45,37
9,8627,534.279927436924,86,77
9,2636,163.250479740783,77,68
85,7723,5956.294843976,93,8
42,3454,776.141884016449,60,18
87,1748,1388.42790586829,88,1
59,4305,1776.04149463439,64,5
87,2662,2114.41366442871,89,2
79,2988,2077.47104472453,86,7
76,4512,2950.85013072885,87,11
38,4690,902.215465937482,61,23
20,6225,586.310491891958,75,55
85,4088,3152.83352611341,90,5
98,6478,6074.04237969315,98,0
82,5749,4222.61630438747,94,12
85,3249,2505.76226182546,88,3
52,3324,1082.00627033714,79,27
44,2070,502.098411291735,71,27
56,2874,1074.12357195212,85,29
96,3322,3001.7633439395,97,1
36,4110,730.826450518676,64,28
76,6776,4431.50719987116,79,3
67,9696,5083.36805357994,71,4
30,4836,677.560936464788,73,43
13,9897,711.131105664329,85,72
25,1846,211.890293057461,81,56
64,4600,2214.05243775501,68,4
0,2089,135.016609731772,69,69
12,5747,397.645523030342,58,46
60,9031,3846.62950638902,76,16
22,2850,290.452325145013,38,16
33,1046,165.148438005548,65,32
66,4301,2192.91369533688,86,20
60,2274,968.578839278997,92,32
54,5502,1920.71305482034,59,5
58,1564,624.640536721396,63,5
30,1524,213.524166081955,70,40
91,6668,5587.04602061274,93,2
64,9079,4369.86567008212,76,12
89,7464,6093.25206028579,92,3
81,5305,3828.51520386886,87,6
80,5096,3611.02351096832,84,4
81,3346,2414.74304847223,90,9
84,2134,1620.31310853389,85,1
84,5377,4082.67272005002,87,3
58,1480,591.092067997229,87,29
15,3940,305.554609987069,60,45
15,9296,720.922754933959,53,38
68,3309,1782.73828296306,87,19
15,1113,86.3152997247737,76,61
74,5416,3388.49419549427,80,6
39,4594,919.005183112789,83,44
42,9591,2155.17568315048,79,37
97,7806,7190.90160290141,99,2
76,5931,3878.87680083173,84,8
31,3541,516.299755224399,86,55
52,1653,538.073515303035,73,21
35,1804,308.345188476826,67,32
92,6324,5367.79767847671,94,2
39,6130,1226.27378591236,87,48
24,6107,673.677856483065,84,60
24,1042,114.94552586464,59,35
91,6382,5347.40967359786,91,0
96,1672,1510.82128569141,96,0
31,1030,150.180386297975,79,48
60,3025,1288.45689921678,92,32
28,4291,555.110130704299,79,51
56,6458,2413.60126223618,80,24
69,4940,2733.19194101299,73,4
28,2023,261.707712518014,85,57
36,5188,922.512804207029,71,35
47,5461,1482.61734812719,77,30
47,9040,2454.2869121168,54,7
87,2471,1962.70329256324,95,8
56,9502,3551.26032731004,85,29
58,2995,1196.16266462953,80,22
16,2091,168.519697596016,55,39
33,9956,1571.90998927652,85,52
41,6135,1326.43665895096,76,35
94,6318,5512.05843514074,95,1
40,7917,1646.63854001083,90,50
55,6154,2223.34951663273,58,3
97,9519,8768.92036356886,98,1
78,3776,2574.15668940366,97,19
42,7983,1793.84500871549,89,47
75,8221,5260.54114849432,88,13
49,1054,308.019105731251,75,26
13,2792,200.614130242983,50,37
4,1093,57.2577008114263,70,66
45,5816,1465.12146541198,76,31
91,4529,3794.80075395248,96,5
94,2702,2357.32540230299,94,0
37,3029,560.253753617668,62,25
95,7035,6236.2064722443,96,1
17,2870,240.421156755067,85,68
1,6682,323.627830406564,84,83
71,7125,4149.23873156089,89,18
58,4018,1604.73508730599,65,7
14,6548,488.74813187324,70,56
35,5705,975.116020099941,69,34
57,1969,760.906126515351,82,25
37,5972,1104.60066576584,73,36
71,6591,3838.2642076797,90,19
70,1370,777.908137233244,85,15
54,3910,1364.95602405444,74,20
2,4796,237.789961098581,79,77
17,3261,273.175397971524,89,72
30,8420,1179.70700683075,51,21
99,1451,1381.90476190476,99,0
53,4204,1417.45867471926,71,18
53,5133,1730.68871963224,85,32
12,2911,201.417455636215,38,26
78,4792,3266.77935795083,83,5
51,5038,1582.62056852688,82,31
68,5757,3101.60903445704,82,14
58,3073,1227.31481415911,68,10
36,4842,860.988241705944,85,49
87,9881,7848.43028483099,88,1
38,3304,635.590596899241,59,21
45,3719,936.861542274272,81,36
57,1956,755.882368442877,68,11
86,6601,5167.97284573438,89,3
35,5082,868.630957782278,64,29
9,2094,129.683802950379,73,64
19,5553,502.902332361325,73,54
43,3770,880.259857773869,70,27
68,5843,3147.94191216475,80,12
23,1495,158.507883162802,67,44
16,1341,108.075042791132,43,27
91,2114,1771.29803352959,95,4
93,9766,8400.26587218578,93,0
62,9649,4373.80166321115,75,13
7,3906,225.417496803125,89,82
98,3055,2864.49513275125,99,1
52,1345,437.815413238102,75,23
27,3743,465.287360806858,73,46
14,8369,624.66907691618,81,67
81,3713,2679.59980244393,97,16
46,4317,1129.12891615518,83,37
40,7582,1576.96266393357,50,10
35,9259,1582.57655216571,75,40
4,6027,315.729334666484,72,68
23,3908,414.347028361359,85,62
91,9136,7654.95687527265,94,3
65,6616,3278.45535547165,83,18
91,4425,3707.66026412888,96,5
13,8364,600.980152346817,62,49
72,3042,1815.613022319,74,2
33,1826,288.299280877755,74,41
24,5988,660.550680304666,66,42
2,3813,189.051943634047,86,84
15,4447,344.873439241751,62,47
20,4722,444.748296018285,75,55
51,9007,2829.42903150488,82,31
91,9958,8343.70190060913,91,0
35,4305,735.82374522879,74,39
90,9152,7569.93244821529,97,7
11,5827,388.372600617958,83,72
52,4401,1432.58411424601,57,5
4,3205,167.896551784649,67,63
24,9224,1017.52162243324,60,36
80,6356,4503.8589944495,92,12
45,1571,395.754095970121,87,42
26,9181,1096.65579566695,72,46
50,2703,819.129977980322,73,23
96,5932,5360.16259971377,97,1
57,2889,1116.43362087499,94,37
66,5101,2600.80278072853,71,5
97,1884,1735.54427618066,99,2
22,3472,353.842271194205,35,13
41,6952,1503.07867205005,86,45
93,5621,4834.92673229124,94,1
36,8126,1444.93813550237,84,48
59,6423,2649.82915680294,79,20
99,1972,1878.09523809524,99,0
26,4220,504.072264210274,88,62
66,1344,685.253663457979,82,16
75,6966,4457.47836521244,94,19
71,2047,1192.06900821125,77,6
83,1665,1243.81253167045,87,4
77,7786,5200.65540035035,88,11
88,8148,6562.6389581884,95,7
74,7176,4489.62967999758,86,12
86,3512,2749.57137315848,87,1
11,4862,324.054845410075,85,74
88,3683,2966.3965737614,90,2
42,5070,1139.27022349838,50,8
34,9482,1557.74160096386,89,55
32,2688,407.852338638914,72,40
14,1134,84.6426972425556,57,43
3,9764,497.007366767254,79,76
8,5113,305.549047063013,85,77
81,3684,2658.67106711647,85,4
3,2157,109.795666746924,75,72
60,1508,642.311736865755,88,28
43,7771,1814.45606227075,78,35
70,7903,4487.45110113454,74,4
77,6195,4137.94762460447,77,0
40,8051,1674.50889044173,86,46
90,6599,5458.25876592796,98,8
47,7657,2078.81359359273,72,25
11,4850,323.255039127698,68,57
52,4446,1447.23221357368,76,24
56,9373,3503.04810017649,84,28
91,2914,2441.60949371109,95,4
10,9523,611.68395939125,54,44
8,3667,219.137171050277,77,69
47,6337,1720.44426571727,83,36
37,7061,1306.02566995522,73,36
56,8625,3223.49193044086,72,16
13,8507,611.255159733904,46,33
35,5922,1012.20632270497,73,38
63,1416,661.595382519924,68,5
78,6766,4612.48521199819,82,4
38,3573,687.338136416764,61,23
64,8957,4311.14514890688,67,3
31,2250,328.063950650917,43,12
12,3007,208.059872586086,74,62
26,9690,1157.45503322217,66,40
15,9748,755.976227957856,74,59
4,3103,162.55319818651,86,82
20,1505,141.750568722473,77,57
69,9790,5416.58888714922,91,22
90,6097,5043.03738382524,91,1
18,4412,384.2484538407,67,49
99,9237,8797.14285714286,99,0
21,9768,956.93863770292,72,51
32,1897,287.833291070692,79,47
35,2684,458.757475538693,76,41
78,3429,2337.6015063467,90,12
0,2364,152.790457350842,83,83
65,6798,3368.64260980899,82,17
20,5145,484.589153539618,64,44
59,9012,3717.92937273986,65,6
65,3258,1614.45095951128,73,8
30,1867,261.581114222448,44,14
54,5963,2081.6452100861,75,21
85,7910,6100.51692552767,86,1
16,5545,446.887481190775,73,57
78,2623,1788.13903503861,89,11
32,6514,988.374305764094,35,3
3,5659,288.054556384258,87,84
22,5744,585.388826537878,77,55
63,5749,2686.09594216599,67,4
87,5782,4592.61450327829,87,0
94,3298,2877.29799289239,99,5
68,8261,4450.65003190022,80,12
79,8500,5909.80718880806,81,2
28,4804,621.474963389292,67,39
11,5852,390.038863706245,27,16
57,3957,1529.15466867509,59,2
55,1303,470.754699410537,69,14
12,1890,130.7725837006,75,63
44,5441,1319.76688687842,77,33
63,2306,1077.42863848231,88,25
25,1225,140.609755685476,73,48
73,3564,2178.63826281429,78,5
36,9268,1648.00475508688,78,42
49,5279,1542.72567282284,68,19
16,3880,312.700347523933,46,30
57,9878,3817.28324922226,61,4
61,8226,3615.49775676102,89,28
94,3737,3260.29793797419,94,0
63,1470,686.825714904158,87,24
37,9046,1673.17776666406,57,20
19,1369,123.982224563777,86,67
21,6956,681.456302606625,37,16
76,6420,4198.68303175514,91,15
0,4876,315.146476329401,0,0
9,3373,208.893728439173,62,53
72,2395,1429.45206721039,72,0
66,4685,2388.70045632487,79,13
82,4360,3202.40165022254,86,4
60,3953,1683.72566036494,88,28
70,9763,5543.58915606435,84,14
98,5043,4728.52666267252,98,0
56,7886,2947.29940445874,80,24
62,8460,3834.83905801289,79,17
36,1888,335.71784393656,85,49
33,9140,1443.07526134867,49,16
32,6919,1049.82527196527,65,33
94,6127,5345.42292372702,96,2
99,6940,6609.52380952381,99,0
84,4527,3437.28090081206,89,5
14,4214,314.53644283962,64,50
35,2573,439.78501660248,67,32
61,4711,2070.58229177014,80,19
20,1616,152.205261830908,70,50
28,1185,153.298882517966,82,54
18,8446,735.576255924422,78,60
48,1528,430.467177147269,71,23
42,9645,2167.30992221733,74,32
79,9673,6725.36058086357,81,2
48,7932,2234.5979379137,81,33
98,6412,6012.15803312635,98,0
81,8958,6464.8141746008,83,2
12,7946,549.798386288342,47,35
87,9981,7927.85979889669,90,3
96,3460,3126.46031608389,99,3
53,3193,1076.58076793021,88,35
11,8556,570.261879335377,56,45
7,2077,119.864859411186,82,75
10,4391,282.043921630472,82,72
8,8004,478.313039838129,81,73
57,9224,3564.549573884,80,23
39,5370,1074.23984181882,72,33
50,5176,1568.55966186687,83,33
80,6330,4485.43540510782,80,0
63,6472,3023.90205908824,87,24
12,8393,580.727140211182,14,2
3,7926,403.449445821104,83,80
3,3719,189.304628943816,36,33
55,4057,1465.73431735115,80,25
59,6509,2685.30873137636,90,31
52,2091,680.648348759012,86,34
17,9311,779.98654722872,75,58
58,6560,2619.97565274447,84,26
17,3353,280.882278257749,65,48
84,3409,2588.40083739084,87,3
65,8942,4431.06828727744,67,2
60,6242,2658.69354211939,79,19
76,1264,826.656596906308,79,3
71,5314,3094.60415712485,80,9
50,1930,584.876380873852,83,33
88,9936,8002.74677081,90,2
95,3049,2702.79936515606,96,1
52,9415,3064.70789266671,64,12
40,6690,1391.43764464727,77,37
68,2138,1151.85688998943,74,6
17,9786,819.777505228252,84,67
45,9867,2485.61786437759,92,47
36,6636,1179.99132010753,90,54
56,8907,3328.88610138397,74,18
55,5457,1971.53368740084,90,35
45,8546,2152.84182314491,81,36
36,7269,1292.54926248668,83,47
96,9533,8614.03069168431,97,1
15,2732,211.87187677276,79,64
0,4323,279.40488457178,72,72
69,3394,1877.82458457451,77,8
87,5726,4548.13397540151,88,1
92,3443,2922.41103842431,93,1
72,3104,1852.61762698165,87,15
29,9766,1314.81179391842,51,22
33,8339,1316.60881886068,81,48
19,4710,426.556813510146,74,55
42,9524,2140.12023838236,87,45
81,9523,6872.56367322208,84,3
14,6414,478.746261123238,72,58
8,2874,171.748085519088,84,76
59,7015,2894.06064688971,73,14
69,1821,1007.51872967301,77,8
41,2304,498.143449425104,76,35
93,4812,4139.06198822015,94,1
1,2045,99.0450334003928,79,78
26,1218,145.4881558787,77,51
3,2699,137.384564000903,23,20
10,3874,248.835835207572,86,76
10,6330,406.590303785216,87,77
77,3847,2569.60201966964,81,4
23,5015,531.717079639769,86,63
18,4537,395.134912755044,86,68
91,4699,3937.24193924104,95,4
86,7353,5756.71933565898,95,9
92,6092,5170.87657452247,95,3
91,9124,7644.90220336993,91,0
31,1813,264.346641124495,81,50
40,8928,1856.91409438129,84,44
61,7558,3321.89789029903,85,24
80,5994,4247.34594284617,92,12
73,4839,2958.03326424196,85,12
5,6414,346.492686867019,6,1
57,6664,2575.25567653545,81,24
56,5014,1873.92330889629,87,31
0,8997,581.49566192281,62,62
69,4989,2760.30254933478,82,13
68,1544,831.836781171038,88,20
74,8249,5160.94693844761,84,10
2,9868,489.264248565637,84,82
14,2208,164.806944895558,77,63
65,8133,4030.18098640432,74,9
24,1197,132.043948618017,28,4
71,1652,962.041036426469,79,8
59,8958,3695.65150033329,81,22
16,2078,167.471990246065,75,59
71,5538,3225.05039935217,78,7
91,3275,2744.08754011799,92,1
37,2818,521.22650303552,41,4
30,6370,892.486179752005,84,54
53,3340,1126.14461787876,83,30
6,8223,458.818922864398,87,81
62,8531,3867.02269549739,78,16
91,8088,6776.84886243489,93,2
84,2226,1690.16728191024,86,2
10,3976,255.38752730648,89,79
33,8719,1376.60538333688,89,56
99,2023,1926.66666666667,99,0
65,8123,4025.22564275941,70,5
21,8069,790.493229691325,50,29
85,5306,4092.20515889378,86,1
42,2033,456.831630053689,82,40
31,1400,204.128680405015,76,45
55,8277,2990.35813278666,80,25
26,3157,377.098610926975,82,56
74,9492,5938.62387437807,78,4
56,5033,1881.02433459813,87,31
86,1953,1529.01847715789,87,1
97,5972,5501.41741897607,97,0
78,3487,2377.14098939369,78,0
84,4264,3237.5890790949,90,6
71,3182,1853.0354587827,75,4
4,3071,160.876851959643,74,70
6,9516,530.964474033517,77,71
31,9397,1370.14086411852,82,51
8,9767,583.668598213269,85,77
59,1683,694.327023337903,65,6
52,9906,3224.5349319975,84,32
82,7641,5612.28234159413,83,1
32,8672,1315.80933060888,80,48
28,5892,762.225329785534,51,23
50,3471,1051.86835130214,65,15
94,5730,4999.06534241159,94,0
34,8074,1326.42962309451,68,34
49,6825,1994.52599299411,83,34
55,1786,645.255482077682,80,25
76,6013,3932.50483955509,79,3
0,2358,152.40266431188,86,86
36,2617,465.346185159945,86,50
87,4943,3926.20088026714,95,8
83,1683,1257.25915363446,87,4
28,5959,770.892861539715,84,56
87,9658,7671.3024684645,93,6
34,3502,575.322831319914,77,43
32,2344,355.6569500631,41,9
63,5870,2742.63057584177,93,30
4,2678,140.289224860933,49,45
83,1971,1472.40510505854,86,3
65,9617,4765.55398330878,91,26
29,6137,826.233870497373,71,42
75,3649,2334.96103282518,87,12
37,3629,671.231717358375,70,33
56,1511,564.718412393756,76,20
84,6248,4744.00951364562,85,1
50,3920,1187.93544716347,77,27
92,9569,8122.14674025042,92,0
29,3652,491.674449251492,47,18
96,2528,2284.30395348557,97,1
52,8760,2851.49666911953,84,32
45,6068,1528.60334458733,80,35
21,2976,291.548872420546,87,66
35,3091,528.323158304806,77,42
22,5716,582.535259834699,79,57
41,2455,530.790871674752,84,43
40,8441,1755.62408945704,81,41
65,5386,2668.94808714787,74,9
30,4791,671.256089041108,73,43
35,6100,1042.6306262243,75,40
90,8173,6760.16803969226,95,5
75,3677,2352.87797141633,85,10
28,1197,154.851276264984,81,53
56,3889,1453.46783970835,73,17
62,8583,3890.59381027478,86,24
51,5292,1662.41128397067,78,27
34,9801,1610.14822094988,59,25
37,2166,400.630449103952,68,31
55,4786,1729.11127504131,87,32
10,2356,151.331241029695,64,54
51,1794,563.561194906158,62,11
34,9299,1527.67761520385,79,45
27,2410,299.583900492794,68,41
89,7185,5865.48982491337,95,6
36,6171,1097.30657570578,60,24
98,3172,2974.19920166512,99,1
33,3567,563.178277596359,85,52
98,3281,3076.40213766181,98,0
98,5602,5252.66832526104,99,1
0,3711,239.849994597704,32,32
94,9595,8371.03524614995,97,3
8,1135,67.8267491524583,84,76
47,4161,1129.67785855287,88,41
17,7407,620.487633479017,88,71
82,1682,1235.42192102622,82,0
25,4750,545.221501637561,67,42
7,8873,512.065911196654,73,66
2,5225,259.060164040885,72,70
40,8537,1775.5909076762,77,37
18,5977,520.546919448292,69,51
81,7513,5421.98581087026,91,10
71,9733,5668.00569463609,87,16
32,5367,814.339100251135,62,30
6,5655,315.532166946147,61,55
95,8868,7861.07732705934,95,0
20,8519,802.37414946628,56,36
68,2224,1198.18976769714,79,11
14,3271,244.150143457142,80,66
6,5607,312.85390982618,79,73
88,5294,4263.94337808657,95,7
25,7935,910.8068664198,68,43
60,1260,536.679567938231,71,11
14,5544,413.808742074716,71,57
99,6269,5970.47619047619,99,0
5,6502,351.24656220913,83,78
20,4258,401.045795096539,82,62
30,3960,554.826573283821,91,61
60,5310,2261.72103631111,94,34
67,8597,4507.19009453659,92,25
43,3293,768.884804151021,59,16
89,2798,2284.15317050906,91,2
63,7137,3334.60893011631,82,19
8,3118,186.329342605608,80,72
76,4537,2967.20014253475,84,8
23,2199,233.149722458196,70,47
83,3878,2896.9999986895,83,0
22,6019,613.414928086958,88,66
72,2942,1755.92817608892,90,18
65,4147,2054.98100954367,78,13
36,6418,1141.22728939875,85,49
26,4924,588.163940514547,88,62
31,6970,1016.2692160164,58,27
41,6312,1364.70549165419,79,38
74,4945,3093.81532435731,89,15
56,5103,1907.18600823649,73,17
63,2536,1184.89116530404,78,15
73,1084,662.638573762821,87,14
98,6593,6181.87116537773,98,0
0,4052,261.889565645351,74,74
78,8656,5900.92698714991,91,13
74,4269,2670.87919508217,76,2
11,9935,662.172951285294,82,71
42,4826,1084.4414395667,81,39
28,2633,340.62106132473,60,32
15,9176,711.616523157703,22,7
91,8518,7137.14127228245,92,1
67,3468,1818.18486074827,88,21
21,3075,301.247574829697,74,53
92,9187,7797.90595701542,92,0
6,5851,326.468383519347,89,83
38,4134,795.257726265576,70,32
86,1386,1085.10988701528,98,12
17,1413,118.367628743871,77,60
41,9355,2022.62672281764,74,33
98,3746,3512.40548847338,98,0
49,4835,1412.97189393795,66,17
74,7331,4586.60468005327,88,14
99,1964,1870.47619047619,99,0
12,6896,477.14695089912,79,67
22,2687,273.840490408649,43,21
43,3979,929.059409570882,78,35
20,3245,305.634947179021,72,52
77,3113,2079.32703073345,87,10
18,2996,260.926647259006,72,54
12,6236,431.480334368751,76,64
7,3615,208.623720159574,66,59
14,4393,327.897150781787,69,55
21,6985,684.297336645669,80,59
16,4272,344.292753768619,70,54
12,1704,117.902900860223,90,78
13,1231,88.4512873671606,44,31
38,4574,879.900541833272,89,51
0,3030,195.835484675571,78,78
15,4990,386.984138029309,70,55
69,4871,2695.01577827414,76,7
96,2385,2155.08897510407,97,1
15,7897,612.427602809109,81,66
1,1835,88.8741497749245,80,79
97,4359,4015.51884281927,98,1
23,6552,694.678027078717,72,49
68,5882,3168.95333345081,89,21
65,4725,2341.3998722194,78,13
97,3747,3451.74331361409,98,1
75,1443,923.362228108175,88,13
54,4010,1399.86538528346,89,35
24,9761,1076.75938384333,51,27
5,3396,183.456371156906,73,68
32,8489,1288.04259773279,71,39
3,2682,136.519229585188,74,71
18,9151,796.975884201324,78,60
84,5487,4166.19401430434,86,2
18,2239,194.998252073737,86,68
50,7923,2401.02360915209,63,13
98,5806,5443.94721464934,98,0
7,9210,531.514374182484,76,69
32,1169,177.373282689319,90,58
19,8500,769.794674062895,34,15
93,1097,943.589152343621,97,4
62,6579,2982.19931000789,88,26
6,5865,327.249541846004,70,64
89,8497,6936.54377763242,89,0
70,2096,1190.14266835101,77,7
30,1970,276.012209436648,60,30
7,8993,518.991179915644,86,79
2,8245,408.794459811884,81,79
65,8934,4427.10401236151,85,20
25,4051,464.987853291318,88,63
43,1586,370.316216029007,80,37
54,5085,1775.14101849536,64,10
40,5938,1235.03090193057,87,47
62,3491,1582.43772476631,83,21
26,6797,811.890800909297,88,62
89,4053,3308.67505363589,90,1
25,5369,616.272472061488,75,50
36,2817,500.909516085428,40,4
42,5467,1228.47935145279,56,14
5,8118,438.545000309708,71,66
2,3898,193.266319508396,84,82
93,8465,7281.20526398246,93,0
38,3210,617.507813573415,78,40
63,1434,670.005493314669,71,8
97,9156,8434.5240937952,97,0
6,5379,300.132188506335,67,61
78,4779,3257.91706002651,85,7
5,5053,272.969682996422,28,23
60,6091,2594.37718119981,76,16
25,7754,890.031057620558,68,43
97,8141,7499.50422101209,97,0
25,1847,212.00507653149,76,51
93,2895,2490.14639565614,96,3
95,6131,5434.85172442499,96,1
37,8761,1620.46323388722,44,7
32,9102,1381.05356632864,52,20
66,8913,4544.39427261977,72,6
39,3053,610.73635699681,67,28
22,4070,414.786302926386,73,51
54,4219,1472.8259502521,94,40
83,5829,4354.46441267692,90,7
3,1488,75.7422123873079,64,61
62,3039,1377.55034247059,73,11
51,7069,2220.63215540225,74,23
87,7578,6019.16857589811,97,10
16,4203,338.731845526569,66,50
72,5277,3149.56933556127,77,5
61,4293,1886.8626148523,93,32
80,4178,2960.52908728918,89,9
76,9679,6330.07057077227,87,11
23,6755,716.201171080087,82,59
61,6569,2887.21186046233,69,8
69,9523,5268.86373568151,69,0
36,9151,1627.20020649547,79,43
0,5968,385.724809420399,78,78
84,1813,1376.58278620991,96,12
98,3304,3097.96789479873,98,0
82,9474,6958.613127112,83,1
59,8181,3375.09766959441,75,16
52,3587,1167.6162730744,60,8
98,7599,7125.13862971415,99,1
33,2284,360.610929641178,73,40
62,3798,1721.59796008664,74,12
93,3007,2586.4836655399,95,2
68,8009,4314.88392512879,83,15
79,3461,2406.33443299585,92,13
34,8091,1329.22245237276,71,37
76,3293,2153.62355507316,76,0
55,9956,3596.95609158197,91,36
74,4877,3051.27145336513,90,16
47,5146,1397.09739488418,73,26
77,8255,5513.92375159159,86,9
83,1173,876.271531320985,83,0
11,6737,449.024577031608,37,26
10,6750,433.567859486605,47,37
9,3388,209.822695509018,86,77
6,4142,231.111270643845,76,70
39,2731,546.321975420336,72,33
85,3529,2721.70976361405,91,6
80,4757,3370.80824993648,80,0
69,8904,4926.38482647361,92,23
3,5308,270.187945800961,82,79
58,1474,588.695748802645,81,23
95,6515,5775.25020137478,95,0
3,4177,212.617756143673,69,66
34,9167,1505.9921172786,76,42
48,3889,1095.60657848542,76,28
5,4872,263.191825758671,66,61
31,8176,1192.11149356529,91,60
24,9508,1048.85034541362,84,60
88,4872,3924.05216056626,93,5
46,5330,1394.0831881184,61,15
80,4131,2927.22490655615,85,5
90,4796,3966.93575411282,96,6
94,4146,3617.12476608001,94,0
16,1268,102.19176305679,63,47
6,5945,331.713303712616,36,30
55,1877,678.132441130912,87,32
22,3059,311.752162322313,82,60
6,8167,455.694289557769,73,67
39,4568,913.804021867483,90,51
97,2234,2057.96492196794,98,1
68,3904,2103.2971461734,86,18
30,2626,367.922874101847,85,55
39,1392,278.462171287114,54,15
29,3424,460.978454062735,76,47
82,1509,1108.35414912519,88,6
74,4171,2609.56596924051,75,1
68,9615,5180.12347860073,77,9
71,6301,3669.38291193897,85,14
82,7551,5546.17772037394,82,0
37,2045,378.249893082909,55,18
66,6278,3200.90959761101,83,17
82,1993,1463.85011213154,89,7
52,7343,2390.24429695716,83,31
67,5460,2862.54017868672,74,7
62,8296,3760.49938833037,85,23
43,3389,791.299909282664,90,47
94,1511,1318.2526583567,94,0
67,3637,1906.78729485048,72,5
68,7094,3821.92365649439,79,11
48,2235,629.642762384912,60,12
25,9541,1095.14912571031,82,57
27,7501,932.43935169977,61,34
86,2853,2233.63528690807,86,0
43,3685,860.413150105227,85,42
49,6595,1927.31119762581,83,34
22,5598,570.50951444273,84,62
91,1896,1588.63816063014,91,0
43,4646,1084.7976921001,53,10
24,6134,676.656291414299,82,58
17,1637,137.132206832071,76,59
96,2218,2004.18756678441,98,2
59,4849,2000.47043147088,82,23
59,8732,3602.4144787799,79,20
99,2640,2514.28571428571,99,0
20,3187,300.172134563802,86,66
59,7179,2961.71937049483,74,15
73,1373,839.301440753093,87,14
41,7108,1536.80713477154,78,37
61,6128,2693.38320610643,74,13
4,2505,131.226478071933,66,62
39,1188,237.653059977796,92,53
9,4358,269.895899359003,77,68
90,1096,906.539113116691,90,0
49,4180,1221.55584625866,57,8
10,4182,268.619376055257,65,55
36,5877,1045.02847924532,63,27
71,1578,918.947188547802,93,22
33,9307,1469.442172579,87,54
55,5634,2035.4811791857,63,8
21,3105,304.186575559743,85,64
9,4175,258.562501106892,81,72
92,8214,6972.02563741425,94,2
95,1870,1657.66966639614,95,0
91,1218,1020.54919812632,91,0
70,4674,2653.97272513006,85,15
73,1399,855.194985880245,79,6
18,3170,276.080598067774,65,47
24,9266,1022.15474343738,76,52
3,1396,71.059226137555,69,66
71,4462,2598.44255722452,75,4
67,4701,2464.61563736379,75,8
7,4224,243.769458908449,47,40
75,4049,2590.91729841303,84,9
42,9967,2239.66594035667,80,38
11,6046,402.969065271353,89,78
46,7171,1875.60422926774,81,35
24,3425,377.819986647208,43,19
0,4526,292.525215723312,66,66
15,8955,694.477546303098,70,55
50,3498,1060.05055973924,85,35
44,3320,805.297935018628,87,43
64,8626,4151.82963653798,68,4
75,3194,2043.810780719,93,18
2,3138,155.584841102449,75,73
66,8122,4141.09393943877,69,3
77,2045,1365.95688334401,79,2
64,8767,4219.69515691265,75,11
57,3555,1373.80461135707,69,12
49,9068,2650.01636695539,76,27
83,3366,2514.51830726891,85,2
72,1526,910.790753471005,72,0
51,9392,2950.37165137048,66,15
81,2714,1958.64095443922,83,2
2,2587,128.265769258138,50,48
39,3159,631.941091304593,65,26
9,2493,154.394327008259,84,75
0,2184,141.156666181996,88,88
39,8161,1632.56449703602,80,41
68,3454,1860.85766979583,81,13
9,8308,514.523894418218,69,60
78,3734,2545.52464995584,87,9
83,4346,3246.61216975362,95,12
10,5958,382.695897306843,78,68
14,2592,193.469022268698,71,57
4,7872,412.381171809285,63,59
98,1622,1520.85469895991,99,1
25,2374,272.495967344752,71,46
23,1768,187.452800957749,73,50
38,2545,489.581740044966,82,44
24,1337,147.487685298487,72,48
88,8126,6544.91951082952,88,0
53,7702,2596.87600206654,90,37
43,9650,2253.18504708696,68,25
54,4043,1411.38547448903,64,10
73,9040,5526.06338267149,87,14
80,4130,2926.51630696608,91,11
78,5596,3814.87839880902,87,9
19,2523,228.493172077728,81,62
86,3050,2387.86807748672,94,8
95,6731,5966.72434465904,98,3
38,4488,863.356718790495,80,42
93,9481,8155.12192649943,96,3
61,8107,3563.194786538,80,19
9,3995,247.414896268751,65,56
6,6842,381.763233642005,88,82
95,5380,4769.12449476536,96,1
42,4597,1032.98327759804,72,30
79,8768,6096.13993311401,90,11
38,7829,1506.06500699884,78,40
11,7278,485.082510262141,76,65
24,8879,979.463842756368,86,62
40,7138,1484.61612966999,86,46
92,4837,4105.63525787347,97,5
97,4500,4145.40830297929,98,1
10,8591,551.819478644359,84,74
33,8462,1336.02875946745,62,29
15,5672,439.87455529103,88,73
37,7281,1346.71758999348,85,48
83,4279,3196.56085466538,91,8
36,3942,700.95325254127,77,41
48,4999,1408.31506450209,61,13
28,3592,464.683194940536,74,46
72,1762,1051.64699057399,89,17
59,4863,2006.24617616888,85,26
79,2673,1858.46054302164,88,9
46,9795,2561.92210649526,68,22
48,2078,585.412823371743,75,27
17,3225,270.159662207349,81,64
41,4531,979.63887558383,75,34
91,2042,1710.97000211326,91,0
49,9189,2685.37719408393,81,32
50,7759,2351.32426901566,74,24
93,4776,4108.09643718608,99,6
72,4803,2866.66316443069,89,17
5,5004,270.322638771837,84,79
39,6450,1290.28807816227,76,37
16,2176,175.370091807236,54,38
47,6801,1846.4165143038,85,38
80,5957,4221.12775801379,85,5
88,8882,7153.82415643463,88,0
56,4202,1570.44789469131,71,15
14,8063,601.828984009458,80,66
41,4448,961.693603751242,83,42
76,7976,5216.30776655436,79,3
98,3565,3342.692356222,98,0
92,5198,4412.05128600916,94,2
54,9506,3318.48387843006,77,23
25,7265,833.901938820396,79,54
36,3747,666.279004888924,91,55
37,2990,553.040185974523,75,38
28,5476,708.409013222265,89,61
37,9112,1685.38534267553,73,36
28,7106,919.275830525459,75,47
67,4441,2328.30420028347,67,0
74,5243,3280.25758252889,83,9
40,1578,328.204574477338,80,40
6,8553,477.231940564173,83,77
45,2230,561.764248258033,56,11
33,1020,161.043409909808,73,40
96,3911,3533.9844786717,98,2
2,7106,352.321823095603,75,73
63,5434,2538.91900325796,69,6
60,7839,3338.91359767285,70,10
9,2442,151.235838970786,74,65
78,4177,2847.52449460781,84,6
95,3507,3108.79546526805,98,3
37,3258,602.610343112038,68,31
33,5356,845.635787722483,80,47
31,6561,956.634480098075,67,36
55,2939,1061.81739184004,87,32
64,2221,1069.0022748378,92,28
23,2714,287.752772510934,41,18
67,1974,1034.91837229443,85,18
35,6087,1040.40862652907,77,42
95,9814,8699.66315829503,95,0
26,6579,785.851048871894,89,63
30,2177,305.014507585575,66,36
28,1066,137.904311193377,68,40
30,9112,1276.66154943489,77,47
45,1941,488.961616981544,84,39
35,5530,945.204485741047,65,30
77,8289,5536.63403718264,84,7
80,8038,5695.72350493786,86,6
90,4824,3990.09551247711,95,5
45,7171,1806.46252208895,77,32
45,8674,2185.08658717049,83,38
6,3974,221.737370723959,66,60
96,7190,6496.89296897201,96,0
93,1937,1666.11867647183,93,0
26,4436,529.873119439994,80,54
43,3403,794.568778781028,55,12
12,2510,173.671526501855,71,59
95,3423,3034.33329843529,95,0
57,2171,838.96759810301,83,26
24,1160,127.962389638178,74,50
61,7331,3222.12667819293,82,21
33,1250,197.35711998751,72,39
10,2794,179.464977689715,78,68
37,4972,919.637392864657,64,27
26,3384,404.21339859895,85,59
28,8472,1095.98998539427,90,62
66,7291,3717.39915198819,73,7
71,3401,1980.56995453173,75,4
97,6539,6023.73886515146,99,2
21,1360,133.234699762077,72,51
2,9475,469.778957758351,84,82
75,5453,3489.32379062639,76,1
43,8833,2062.42316278954,73,30
21,2388,233.944458111648,61,40
90,5957,4927.23859200376,90,0
64,5552,2672.26502922083,89,25
79,4648,3231.62162512704,90,11
56,4702,1757.31699210817,56,0
5,1270,68.6070645963696,87,82
49,1154,337.242929804425,92,43
2,1693,83.9404512385106,69,67
55,6901,2493.22960908067,59,4
87,8961,7117.67875542663,92,5
77,6279,4194.05538900589,79,2
22,7486,762.921440714233,64,42
13,8609,618.584185982036,61,48
1,4518,218.819296285073,74,73
75,7939,5080.09198125489,81,6
74,8705,5446.24113215983,77,3
79,4282,2977.15228029131,92,13
84,1665,1264.20868121318,89,5
44,3813,924.879827176515,82,38
18,9658,841.131361557905,91,73
39,8569,1714.18271965466,74,35
70,4121,2339.97038944394,77,7
36,7661,1362.25339110063,78,42
36,1094,194.531420162392,73,37
77,1609,1074.73086811761,79,2
48,3225,908.544925588967,75,27
72,2481,1480.78103496826,83,11
86,5900,4619.15464169563,91,5
15,4360,338.126421203965,64,49
79,6845,4759.13296557543,79,0
85,6494,5008.43955933966,85,0
21,4453,436.245675029802,80,59
23,3551,376.495982014121,83,60
45,7541,1899.67004310037,76,31
37,6241,1154.35578617625,65,28
70,1461,829.579407662605,70,0
79,5023,3492.34841286857,87,8
6,6053,337.739382232543,89,83
20,3608,339.824619236335,83,63
94,9640,8410.29492161391,96,2
5,1694,91.51210033563,81,76
72,5668,3382.93708432088,94,22
95,7804,6917.88988051095,98,3
8,3943,235.630724148144,50,42
12,2838,196.366451080583,83,71
55,3135,1132.62930364699,77,22
8,1166,69.6792859134506,81,73
34,4482,736.321225007383,84,50
2,2644,131.091880138584,75,73
73,7673,4690.42968310159,87,14
25,7666,879.930111906009,25,0
24,2637,290.893811617135,80,56
78,6311,4302.30478464685,85,7
26,3501,418.188861848381,67,41
78,5667,3863.28017978033,80,2
85,7350,5668.62192195049,88,3
71,4306,2507.59606710192,84,13
58,6287,2510.94312939093,81,23
12,4949,342.430432134533,90,78
94,8499,7414.84403929426,94,0
82,4337,3185.50824702182,90,8
35,8371,1430.796880676,62,27
12,2944,203.700786462733,77,65
0,3698,239.009776346621,84,84
17,7001,586.476835694154,63,46
85,4427,3414.28425149317,85,0
40,8031,1670.34913664607,87,47
57,2439,942.534302981686,78,21
65,8798,4359.71133879075,72,7
3,6013,306.073873040916,70,67
64,2593,1248.05173284755,83,19
66,3706,1889.54618807684,87,21
1,5113,247.636799890566,80,79
32,5750,872.45198927595,86,54
63,5876,2745.43394610669,83,20
36,9784,1739.75814887463,69,33
11,1736,115.705308850656,82,71
3,5209,265.148645380031,80,77
3,4275,217.606154540149,78,75
56,6426,2401.64164000151,92,36
72,6399,3819.23331026275,77,5
39,2121,424.294730818943,75,36
35,1618,276.553500529659,65,30
15,9935,770.478439142522,89,74
47,3436,932.846220136428,86,39
2,7676,380.582931900064,75,73
92,6744,5724.29278046283,92,0
46,3319,868.097955227948,75,29
59,4118,1698.89404759684,92,33
71,4422,2575.14858539821,76,5
27,5027,624.899696173143,75,48
53,6782,2286.68047857897,86,33
96,9383,8478.49050457085,97,1
37,4717,872.471758274857,57,20
93,2879,2476.38392852989,94,1
38,2479,476.885317709812,58,20
69,2710,1499.38262351117,81,12
50,3628,1099.44637814007,74,24
55,1573,568.301720777264,77,22
41,5617,1214.44086606806,73,32
8,7876,470.663855792742,52,44
21,6788,664.997898518368,81,60
67,5896,3091.12397317526,86,19
26,5772,689.456186971967,87,61
6,6414,357.88210765563,82,76
52,5856,1906.20599250731,66,14
90,3851,3185.29390931786,93,3
19,8913,807.197638814422,83,64
75,8724,5582.40615247105,91,16
33,7682,1212.87791659524,87,54
72,8277,4940.11472246364,80,8
79,5954,4139.64611790155,84,5
85,4895,3775.22507591124,87,2
50,2344,710.336910242647,75,25
41,9014,1948.89976263797,70,29
22,4663,475.220769175857,64,42
46,1688,441.503268582337,69,23
91,5704,4779.32071109404,91,0
22,3237,329.892693506809,78,56
66,9825,5009.38782996625,73,7
15,1000,77.5519314687994,46,31
79,6930,4818.23103746351,82,3
56,6912,2583.2784026907,85,29
86,2409,1886.02432743132,86,0
7,9954,574.451040240222,87,80
26,2340,279.509264988635,86,60
11,9781,651.908770661445,77,66
94,5011,4371.78297222068,98,4
5,1344,72.604641588599,73,68
69,5799,3208.45750322557,75,6
66,8727,4449.56006026621,78,12
18,3482,303.253199517977,58,40
81,4185,3020.23301191162,89,8
86,8565,6705.60330612255,92,6
61,8420,3700.76478384729,82,21
30,6783,950.350668329333,80,50
36,9779,1738.86906560149,75,39
67,8517,4465.24811389649,84,17
79,2824,1963.44652955223,88,9
65,9218,4567.83577187692,81,16
71,5238,3050.34561065487,89,18
6,5992,334.335763809251,84,78
6,2836,158.240358171401,77,71
60,2079,885.52128709808,69,9
29,8878,1195.25897055168,78,49
63,1319,616.274229903799,68,5
76,1989,1300.80693927741,87,11
6,7683,428.688530264765,83,77
52,6411,2086.86588421522,60,8
55,8905,3217.24527878038,75,20
27,4845,602.275517795679,64,37
7,8465,488.519997552088,75,68
37,6601,1220.94256442068,87,50
99,6334,6032.38095238095,99,0
12,6402,442.966180344571,62,50
63,1482,692.432455433988,66,3
7,4336,250.233043046173,76,69
21,7444,729.26404781537,72,51
66,6400,3263.11268313323,85,19
90,5744,4751.05900158966,97,7
46,3673,960.688095677088,74,28
63,4424,2067.01834199728,85,22
50,5289,1602.8037193999,76,26
55,5577,2014.88791911939,77,22
33,7529,1188.72140510877,82,49
37,5029,930.180299420025,77,40
66,1666,849.42902032812,79,13
60,4940,2104.12465524989,80,20
83,5469,4085.53197339682,88,5
79,6703,4660.40442195064,79,0
94,3199,2790.92670687167,94,0
59,2272,937.320853846533,76,17
59,2073,855.222768496419,86,27
10,6879,441.85382302346,77,67
71,9313,5423.41899045987,89,18
42,7194,1616.55029346101,63,21
85,5281,4072.92413194837,96,11
13,2284,164.112705399346,49,36
61,7505,3298.60329011566,92,31
3,9855,501.639450992553,89,86
58,1577,629.832561642993,67,9
29,6929,932.86206431095,83,54
70,5646,3205.89003125467,75,5
69,2906,1607.82505679833,75,6
78,5213,3553.78146765394,85,7
68,8928,4809.99921133098,80,12
25,3137,360.075758028848,74,49
74,1291,807.707903689643,85,11
33,8882,1402.34075178325,87,54
25,1105,126.835738802001,67,42
86,8948,7005.45690404957,86,0
38,5414,1041.49137155342,69,31
45,3652,919.983423604636,79,34
73,5219,3190.32353917727,86,13
86,5475,4286.41892598027,94,8
83,6308,4712.29396383016,91,8
19,8338,755.12329321605,58,39
97,5390,4965.27794512408,98,1
29,4049,545.123177716126,67,38
70,5237,2973.65322240182,72,2
84,5275,4005.22570174146,87,3
59,3372,1391.12936583209,75,16
3,8921,454.096960152671,55,52
24,3176,350.352197836944,52,28
5,3235,174.758940133272,74,69
75,2521,1613.16436386744,79,4
57,2785,1076.2435562952,75,18
69,2060,1139.75210495683,90,21
92,3782,3210.15351359882,92,0
16,9912,798.836557901346,82,66
80,7629,5405.90627260151,83,3
97,1984,1827.66446069131,98,1
74,2917,1825.0069365319,77,3
89,1012,826.148323286337,92,3
47,7708,2092.65968126065,84,37
36,3581,636.761440220773,83,47
55,5859,2116.77036365797,68,13
0,1892,122.284071619201,73,73
0,4860,314.112361558837,36,36
84,8326,6321.80269055914,93,9
9,9749,603.766664261339,82,73
57,2290,884.954306612571,87,30
23,1548,164.127226177939,26,3
24,7329,808.479615222595,84,60
43,9870,2304.55299634697,65,22
91,5605,4696.36966789658,97,6
66,3368,1717.21304949886,79,13
36,9989,1776.21056307325,87,51
23,9368,993.24538426029,78,55
52,5599,1822.5490696804,77,25
48,9122,2569.84397247211,84,36
75,1945,1244.58734142093,82,7
3,2708,137.842682220988,87,84
5,5338,288.365756547576,81,76
54,7479,2610.87112631795,88,34
49,7898,2308.09762529926,75,26
64,2550,1227.35515571202,69,5
44,6396,1551.41132300577,86,42
79,6397,4447.65136315355,85,6
33,4009,632.963755223942,63,30
77,8985,6001.52694222295,78,1
30,7624,1068.18126129188,86,56
23,7610,806.852836701623,81,58
92,5940,5041.85929951797,93,1
61,4061,1784.89379895532,79,18
33,6915,1091.77958777091,76,43
78,1413,963.263612851528,80,2
2,2693,133.521343877914,89,87
46,1007,263.384947548823,74,28
22,8961,913.243258113845,83,61
84,6007,4561.02195077933,90,6
49,7622,2227.4398708573,59,10
30,8482,1188.39368550338,66,36
37,2220,410.618465840615,69,32
92,3013,2557.42795781947,92,0
93,1536,1321.19684412015,93,0
19,6214,562.765188779627,75,56
92,3425,2907.13267691062,94,2
42,8049,1808.67574535275,66,24
15,5793,449.258338998755,77,62
35,6654,1137.32199785189,86,51
22,4735,482.558512126889,84,62
38,1948,374.736828922434,73,35
37,9828,1817.81904607278,63,26
96,4818,4353.55081008445,96,0
73,3583,2190.25277656106,81,8
50,5404,1637.65386644678,73,23
16,4792,386.201047766671,88,72
93,2178,1873.41583756099,93,0
54,5008,1748.26081034901,56,2
90,1800,1488.84160913325,94,4
83,6511,4863.94197820199,98,15
9,4379,271.196453256786,17,8
24,1590,175.396723728193,65,41
14,3942,294.234138033646,67,53
0,9359,604.892508606822,72,72
92,3987,3384.15707528252,94,2
51,2609,819.582585011241,69,18
60,2523,1074.63694437155,77,17
81,5281,3811.19487118406,90,9
19,1454,131.680171304406,84,65
26,1529,182.636609473343,88,62
3,5378,273.75108751273,71,68
85,5615,4330.51865193905,85,0
84,2797,2123.7187275395,86,2
82,3916,2876.2855188696,97,15
47,9312,2528.13271301234,89,42
63,5456,2549.19802756264,66,3
78,1362,928.49613637918,83,5
73,7407,4527.82649064687,94,21
14,6663,497.331826919884,76,62
42,1058,237.741202457847,49,7
3,7171,365.018417358458,64,61
30,7906,1107.69163848028,85,55
42,1278,287.176991248704,85,43
86,6198,4852.46109647958,87,1
51,1678,527.121340608993,63,12
62,3210,1455.06304683468,90,28
73,6000,3667.74118318904,93,20
3,8671,441.371454039212,74,71
71,4392,2557.67810652848,78,7
5,3833,207.063683935342,74,69
70,1101,625.165590579417,95,25
43,9872,2305.01997770388,84,41
38,6535,1257.13818121566,91,53
49,3097,905.06183154619,66,17
25,7190,825.293178268224,69,44
57,3276,1265.98703426322,81,24
50,3605,1092.47634873069,91,41
27,8808,1094.91078653134,60,33
16,5069,408.525273607942,62,46
92,5931,5034.22011876113,97,5
19,3549,321.411917441084,72,53
87,6878,5463.16197743827,89,2
59,3604,1486.84170654177,91,32
28,4964,642.173546682857,68,40
75,2053,1313.69553312965,76,1
44,5604,1359.30410477241,63,19
94,6920,6037.26564912534,97,3
59,8756,3612.31575540504,83,24
2,5722,283.701867682669,88,86
41,4397,950.666990938447,70,29
57,8721,3370.16878077215,74,17
67,5815,3048.65771777716,77,10
53,2531,853.374858638069,64,11
29,6425,865.007759156856,80,51
29,7371,992.369212878628,49,20
96,2913,2632.19043374346,98,2
29,8149,1097.11256488237,64,35
57,8678,3353.55173484013,66,9
81,1461,1054.37525218707,92,11
40,1744,362.730530981292,43,3
30,8342,1168.77860462971,85,55
96,5378,4859.56750864137,97,1
58,1854,740.462631126258,85,27
6,1418,79.1201790857006,65,59
43,9285,2167.96094945103,80,37
6,1550,86.4853861656106,86,80
71,2043,1189.73961102862,82,11
55,1952,705.228835955003,74,19
79,3231,2246.42200318104,79,0
18,4724,411.421055290903,79,61
32,7242,1098.83431414547,73,41
94,9301,8114.53869978537,96,2
88,7901,6363.69789011371,97,9
97,3406,3137.61348443277,97,0
1,5680,275.09818567933,89,88
74,5962,3730.09645375496,77,3
28,6721,869.469864475318,68,40
2,2542,126.034629089364,81,79
38,3764,724.080813174559,69,31
46,4710,1231.91966529787,80,34
74,5548,3471.07935683202,74,0
21,7597,744.252951538604,78,57
29,5034,677.73526219387,76,47
60,3255,1386.42221717376,81,21
7,8227,474.784881259424,68,61
6,9877,551.107199456604,38,32
67,9169,4807.07525611329,71,4
46,7141,1867.75760719578,91,45
25,1587,182.16137328396,77,52
26,8326,994.52741038264,54,28
11,3818,254.471698843206,49,38
89,8152,6654.9023037848,95,6
54,2876,1003.99322894644,82,28
91,1594,1335.59558441162,94,3
92,4360,3700.75867776067,92,0
42,8079,1815.41698927878,84,42
8,1716,102.546873608474,53,45
43,1183,276.2194726118,76,33
81,8497,6132.11945094697,91,10
14,5045,376.562969654932,84,70
40,5826,1211.73628067489,75,35
7,9780,564.409400597687,64,57
23,6739,714.504765641556,72,49
53,7069,2383.4479951452,58,5
9,7142,442.312187522257,58,49
66,1631,831.583872842235,81,15
21,4374,428.506306440681,68,47
75,5123,3278.15987151641,76,1
90,1205,996.696743891982,91,1
41,9668,2090.29985635499,69,28
15,2223,172.397943655141,71,56
98,3846,3606.16964993823,98,0
79,7531,5236.08916928394,91,12
20,8327,784.290355981419,84,64
60,2307,982.634732724998,84,24
51,9504,2985.55495896774,75,24
32,3153,478.407151684708,85,53
77,1814,1211.66053124012,81,4
16,8068,650.223299954404,76,60
91,3360,2815.30813276227,93,2
39,7902,1580.75292924625,88,49
80,2087,1478.84734446446,96,16
11,3871,258.004176590375,71,60
61,3254,1430.20054710678,81,20
16,7194,579.785128888446,85,69
24,1991,219.631998077253,77,53
98,6601,6189.37229829492,98,0
29,2034,273.840588657594,83,54
22,9947,1013.72957130436,85,63
59,4169,1719.93426042526,75,16
28,3375,436.610741348638,88,60
74,9141,5719.02242263906,78,4
44,2224,539.452592614888,89,45
47,4427,1201.89470795808,79,32
92,2181,1851.2281367422,97,5
80,6750,4783.04723293488,89,9
31,9694,1413.44530560444,65,34
79,2430,1689.50958456513,95,16
23,2580,273.545376963231,85,62
8,8833,527.853458382083,79,71
90,5319,4399.52695498876,92,2
5,5476,295.820697424976,68,63
49,4890,1429.04499717819,85,36
29,2294,308.844793697405,64,35
72,8973,5355.52125222499,89,17
63,8793,4108.33912323283,67,4
31,7255,1057.82398309885,60,29
27,7373,916.527841632103,67,40
89,7381,6025.49483614274,89,0
64,2060,991.510439516374,80,16
32,2442,370.526566575978,74,42
25,7361,844.921152327177,74,49
72,3262,1946.91968402518,93,21
19,9777,885.445003330933,76,57
9,1842,114.077156176981,32,23
59,5049,2082.98107001371,81,22
39,3191,638.342520529584,92,53
20,2994,281.994154654542,81,61
37,1014,187.552758721795,88,51
82,7309,5368.42973887076,82,0
8,3875,231.567095124032,27,19
35,3743,639.76498917337,90,55
93,7104,6110.53540405568,93,0
0,4517,291.94352616487,81,81
27,6433,799.677689572673,88,61
22,6090,620.650757941448,32,10
80,3932,2786.21358813333,80,0
87,2878,2285.98141481061,92,5
8,4472,267.243367585721,75,67
79,8558,5950.13293197875,87,8
91,1791,1500.65978148132,95,4
39,4226,845.388747025391,81,42
47,2986,810.674858360703,78,31
73,2908,1777.63189345229,88,15
63,2334,1090.51103305191,75,12
26,6967,832.197029562317,71,45
45,6375,1605.94039580492,88,43
85,4789,3693.47352166271,85,0
30,3244,454.509445387049,80,50
64,3607,1736.10590064833,85,21
85,1853,1429.10971719378,90,5
13,1171,84.1400954564948,61,48
30,3116,436.575657159694,89,59
83,9714,7256.6936532413,90,7
31,6624,965.820270716301,77,46
25,2330,267.445494487477,62,37
76,3730,2439.42176144029,87,11
17,1457,122.053528011196,79,62
35,6350,1085.36138959415,68,33
78,9589,6536.9672920264,80,2
29,9781,1316.8312672861,83,54
60,1468,625.274290264542,60,0
58,5195,2074.81303597676,91,33
66,7262,3702.61317264274,93,27
39,5938,1187.86521056242,87,48
46,2148,561.818140352405,51,5
41,4864,1051.63617100855,73,32
47,2932,796.014294947616,93,46
83,5278,3942.84837366766,83,0
30,5826,816.267579785743,83,53
31,5182,755.567729899135,50,19
52,7364,2397.08007664341,77,25
84,8567,6504.79025342543,91,7
25,3073,352.729615690995,79,54
97,1303,1200.32600417378,97,0
57,2936,1134.59643852162,84,27
42,9818,2206.18442885741,49,7
84,5321,4040.15278842964,96,12
62,5559,2519.84282783613,86,24
44,2995,726.466058849636,74,30
56,8949,3344.58310556699,85,29
98,7643,7166.39486075868,98,0
84,6158,4675.67390925572,95,11
72,2914,1739.2164191445,84,12
92,3130,2656.73730765846,93,1
9,5299,328.173100207287,73,64
56,2676,1000.12340937504,66,10
55,6568,2372.92161606171,82,27
61,7658,3365.84996611669,68,7
18,9393,818.052068659495,75,57
69,6380,3529.91185904106,74,5
23,7202,763.594498019066,59,36
22,7764,791.253281552939,77,55
29,5626,757.437144438361,66,37
4,4562,238.984108967728,59,55
65,5963,2954.87141545911,69,4
41,8497,1837.12017784944,82,41
62,1639,742.943406156398,72,10
27,5279,656.225481618862,85,58
3,1381,70.2956957707475,52,49
92,2247,1907.24879562574,93,1
73,3278,2003.80926641561,84,11
92,5316,4512.20943371002,92,0
66,2844,1450.04569856733,74,8
7,7536,434.906875552573,85,78
83,5074,3790.45332474227,86,3
32,6770,1027.21738563447,64,32
2,4974,246.615359988394,66,64
31,6811,993.086030170399,85,54
5,7127,385.009881400257,62,57
52,1840,598.944505842459,82,30
5,2975,160.713399349763,50,45
59,8876,3661.82213853073,86,27
85,8550,6594.11121533016,91,6
2,9053,448.855821064523,42,40
58,4850,1937.02468228822,62,4
20,4738,446.25527880869,69,49
51,2311,725.969855868523,64,13
59,9188,3790.53873465755,89,30
24,4368,481.844584430658,66,42
93,5287,4547.63523103074,94,1
6,4870,271.731503630015,82,76
56,2808,1049.45685109309,83,27
50,2764,837.615708153019,56,6
23,2810,297.931205142124,74,51
28,5971,772.445255286732,87,59
79,7715,5364.01911313579,94,15
59,1969,812.317236454148,79,20
14,2173,162.194515968319,66,52
14,4584,342.153548641865,82,68
44,7667,1859.70459873127,68,24
37,5604,1036.5341813382,63,26
97,9086,8370.03996463774,99,2
20,9170,863.689511750884,84,64
24,2627,289.79068756853,80,56
42,7351,1651.82947000721,91,49
12,2452,169.658399594641,79,67
83,6149,4593.51546981478,90,7
29,4765,641.51937313345,57,28
16,2232,179.883292699334,55,39
4,9004,471.681919584705,68,64
32,5228,793.248521727768,78,46
86,3088,2417.61856500951,94,8
22,4353,443.627709247803,82,60
25,4125,473.481830369461,91,66
9,9623,595.96334087464,81,72
44,5170,1254.03323013443,68,24
51,2985,937.697974802052,65,14
19,7882,713.826073054558,76,57
1,1015,49.1592708564297,83,82
57,6422,2481.73648780172,59,2
89,2555,2085.77961066857,95,6
42,4171,937.257613848468,46,4
49,1891,552.622513223715,84,35
69,2865,1585.14067024336,80,11
17,9238,773.871305262476,72,55
6,3687,205.723625027488,79,73
69,2709,1498.82934579032,83,14
87,9886,7852.40176053428,93,6
57,3231,1248.59710247389,66,9
55,5015,1811.84560057087,76,21
0,1210,78.2049295239079,48,48
73,3837,2345.52048664939,94,21
30,5973,836.863414703097,51,21
44,4959,1202.85315052933,66,22
79,5041,3504.86329868017,79,0
90,4890,4044.68637147867,91,1
48,5591,1575.09292371098,69,21
59,8612,3552.9080956542,64,5
23,6325,670.610274919549,68,45
51,3839,1205.97069523118,84,33
6,1128,62.9390423192315,37,31
93,2062,1773.63795089567,94,1
49,6486,1895.45722938605,63,14
32,6664,1011.13392287564,79,47
31,7931,1156.38897449441,68,37
59,6636,2737.70298685105,76,17
42,2080,467.392912204463,73,31
65,3316,1643.19195265175,93,28
94,8355,7289.21307780957,96,2
48,3009,847.693544526264,71,23
23,6697,710.05170136541,88,65
65,5903,2925.13935358966,76,11
29,2249,302.786373594361,78,49
28,5405,699.224016885745,74,46
71,8860,5159.61475952695,85,14
62,1654,749.742766188335,84,22
48,2025,570.48169746284,74,26
1,6433,311.568068393509,60,59
40,2886,600.252472713307,89,49
98,7334,6876.66360183229,99,1
19,1580,143.091245296397,81,62
40,1610,334.86018055039,45,5
70,2438,1384.33579458003,89,19
44,2296,556.916885181557,85,41
57,2128,822.350552170983,81,24
78,4541,3095.66883648888,79,1
70,6979,3962.78897062103,72,2
26,2906,347.11706156281,49,23
67,7919,4151.73180861175,89,22
56,3198,1195.21474707825,92,36
22,1142,116.384756251089,85,63
82,3652,2682.37862995704,90,8
49,2582,754.559137569345,87,38
64,8578,4128.72648066576,80,16
12,6601,456.73535714691,57,45
35,4485,766.58989485508,66,31
79,8101,5632.39388665107,84,5
73,6410,3918.37016404029,76,3
48,1780,501.460455053755,87,39
74,5938,3715.08096987537,93,19
0,5967,385.660177247239,78,78
69,8493,4698.9876832031,92,23
90,4479,3704.73420405991,90,0
40,7943,1652.04621994518,73,33
66,3216,1639.71412327445,73,7
45,5440,1370.40247108686,58,13
88,4105,3306.28779128171,93,5
13,2689,193.21325079634,79,66
68,5034,2712.08960907708,90,22
69,5480,3031.96191027352,75,6
69,8857,4900.38077359353,89,20
58,3104,1239.69579666446,72,14
52,5498,1789.67222452274,92,40
21,7908,774.720592440079,67,46
66,3883,1979.79164821974,85,19
12,5195,359.45162556858,80,68
99,2977,2835.23809523809,99,0
98,6402,6002.78161697986,98,0
24,5051,557.187956950379,74,50
99,1141,1086.66666666667,99,0
0,1813,117.178129939541,74,74
18,5996,522.201661203272,88,70
38,9830,1890.99744779647,79,41
19,8372,758.202471912301,76,57
69,6002,3320.77288055869,75,6
54,1645,574.258992217278,81,27
49,9504,2777.43223991443,65,16
55,5086,1837.49685433768,80,25
62,2276,1031.68956217935,74,12
77,6576,4392.43641313947,91,14
78,5114,3486.29166038409,84,6
30,5726,802.256807733121,84,54
96,1213,1096.06831312421,98,2
72,5468,3263.56739186072,90,18
17,8353,699.734467726506,79,62
39,8483,1696.97887861249,86,47
42,1742,391.441563971238,72,30
76,3817,2496.31980252482,92,16
2,4649,230.501569880588,72,70
16,1334,107.51089267962,80,64
53,2612,880.685551466865,79,26
37,7502,1387.59447330464,58,21
36,5183,921.623720933892,79,43
97,8883,8183.03599008112,97,0
2,1688,83.6925467753136,89,87
29,8682,1168.87118521398,51,22
61,2072,910.687010941993,75,14
21,9283,909.424792567179,66,45
63,5157,2409.49674269438,66,3
36,3425,609.022042098896,71,35
64,5660,2724.24712993334,93,29
30,3300,462.355477736518,67,37
51,6019,1890.78864667791,68,17
46,1890,494.337190533541,85,39
46,3363,879.606334266825,80,34
84,4012,3046.24938680318,95,11
93,1901,1635.15312543776,94,1
30,2154,301.792030013472,83,53
26,3534,422.130659175144,55,29
5,5870,317.105093843063,82,77
94,3565,3110.23873397859,94,0
90,9465,7828.82546135901,91,1
75,3784,2421.34627246108,90,15
5,4538,245.148707982933,66,61
12,6260,433.140938606219,82,70
43,5350,1249.17512973215,83,40
48,8694,2449.26808777379,78,30
87,6286,4992.93925416938,87,0
94,6354,5543.46617551191,96,2
4,2785,145.89450755702,43,39
39,2608,521.716481836777,51,12
78,1456,992.577367524292,81,3
6,2222,123.980985845153,87,81
44,1842,446.79481816395,66,22
25,1021,117.193926983568,51,26
49,8679,2536.33569131075,88,39
23,4293,455.166784226027,71,48
60,8618,3670.71787023148,62,2
49,8070,2358.36260270512,67,18
23,1109,117.582101958226,27,4
27,1808,224.750079705797,78,51
50,6093,1846.45170397118,80,30
2,5162,255.936567804602,62,60
8,9777,584.266190716815,34,26
98,7691,7211.40165826181,99,1
26,9779,1168.08594116405,70,44
46,1224,320.142180536008,88,42
76,3969,2595.7278743047,82,6
40,2763,574.669986870017,87,47
44,9342,2265.99196052531,79,35
8,5047,301.60493653961,17,9
57,4918,1900.52632310944,75,18
4,2544,133.269525035927,55,51
25,5407,620.634244074588,44,19
65,8860,4390.43446938918,77,12
40,5522,1148.5080229809,84,44
59,4151,1712.50830295641,61,2
3,9671,492.273478493048,46,43
3,5617,285.916671357197,71,68
51,1394,437.906524915933,76,25
51,3781,1187.7507680826,73,22
58,4762,1901.87866743433,78,20
38,1013,194.870845841081,92,54
70,5896,3347.84407089577,82,12
83,4299,3211.5015457365,89,6
71,6636,3864.46992598429,84,13
55,1240,447.993727758301,78,23
43,6373,1488.03609379121,85,42
50,3269,990.653310402394,50,0
72,4986,2975.88643303174,91,19
22,4134,421.308741105081,90,68
22,2353,239.801516163584,84,62
98,7283,6828.84387948522,99,1
40,8583,1785.15834140621,53,13
19,2450,221.881994288717,82,63
17,4537,380.066476723951,90,73
39,8186,1637.56561361804,74,35
26,2086,249.169370412946,77,51
55,4261,1539.43651127268,76,21
87,6403,5085.87178562624,89,2
64,2774,1335.16988311574,86,22
60,7350,3130.63081297301,88,28
80,7503,5316.6227242534,93,13
91,3852,3227.54968077389,96,5
74,2279,1425.84532339945,85,11
53,1363,459.561411427771,88,35
79,9321,6480.62503610352,93,14
32,3427,519.981385608466,71,39
79,8834,6142.02784775652,87,8
70,5306,3012.83253734277,75,5
45,2002,504.328262337481,77,32
39,3401,680.351899818588,78,39
53,8611,2903.36266603414,61,8
56,9583,3581.53312109157,91,35
84,1552,1178.4095334792,96,12
69,1038,574.302274245239,75,6
92,4828,4097.99607711663,93,1
67,9068,4754.12350555517,79,12
15,9243,716.812502566112,68,53
14,1623,121.142061397414,73,59
96,1766,1595.75980294918,97,1
62,6068,2750.56777825322,71,9
91,5469,4582.41671966573,92,1
46,9135,2389.29642091211,76,30
86,9417,7372.64055268606,88,2
63,8903,4159.73424475627,91,28
72,8731,5211.0839243482,73,1
70,5825,3307.5291236377,76,6
25,5084,583.559181963234,49,24
36,5353,951.852552220553,70,34
24,2765,305.013799439279,80,56
5,9688,523.358458117818,60,55
92,2252,1911.4927849351,96,4
15,8350,647.558627764475,73,58
70,3716,2110.00484522535,80,10
35,6840,1169.11368579905,90,55
43,5296,1236.5666330956,81,38
98,6232,5843.38254248961,99,1
14,4121,307.594845975813,85,71
73,5453,3333.36544532164,91,18
90,8329,6889.20097915047,92,2
70,3925,2228.67842236531,71,1
23,5850,620.24823846314,76,53
67,5727,3002.52153907305,72,5
65,2120,1050.53285272066,78,13
29,1019,137.189557444488,58,29
61,6887,3026.9794615625,65,4
44,3718,901.836663373271,82,38
12,9872,683.061876345143,80,68
54,3818,1332.83941172375,89,35
44,7257,1760.25515494885,80,36
12,8159,564.53624889587,51,39
25,2390,274.332502929215,31,6
80,7318,5185.53180009148,89,9
37,3779,698.976208293552,78,41
82,9498,6976.24102610405,91,9
81,2888,2084.21336640401,97,16
78,6085,4148.2371438086,87,9
97,1797,1655.3997156564,97,0
87,9244,7342.46428023254,88,1
0,5129,331.498416138945,23,23
34,6288,1033.01826480286,83,49
3,2767,140.845901663764,78,75
81,6647,4797.01047316047,82,1
60,4004,1705.44840478149,67,7
80,4296,3044.14383891678,88,8
93,3858,3318.4748858174,94,1
93,4405,3788.97923069613,93,0
71,5283,3076.55132895947,81,10
72,5258,3138.22921477755,77,5
97,1482,1365.22113444785,98,1
83,4251,3175.64388716582,83,0
82,1438,1056.20494794037,88,6
62,4159,1885.23589152194,65,3
32,9045,1372.40491182626,76,44
63,3631,1696.50623865102,79,16
77,7520,5022.9808130792,83,6
66,7956,4056.45695422,81,15
84,1942,1474.53048583544,86,2
56,9751,3644.32113782364,85,29
69,6040,3341.7974339511,74,5
55,2063,745.331500294657,76,21
31,6397,932.72226325063,59,28
31,8774,1279.30360133829,67,36
30,4678,655.423916621645,91,61
32,6831,1036.47296325983,87,55
4,9037,473.410651631162,61,57
84,9701,7365.81886873819,89,5
78,2154,1468.414594538,87,9
78,3421,2332.14778454712,84,6
49,3094,904.185116823995,73,24
35,6467,1105.35938685124,75,40
0,6228,402.529174442065,71,71
83,6478,4839.28983793465,89,6
72,4090,2441.11021081023,93,21
28,2557,330.789234260287,89,61
44,8675,2104.20469466464,67,23
63,9408,4395.68457538661,70,7
10,1983,127.372602275843,53,43
48,6907,1945.83559722263,66,18
46,1857,485.705906254384,93,47
72,6858,4093.18675445882,79,7
89,4832,3944.61333806283,93,4
10,4215,270.73904114608,83,73
89,6042,4932.39937677475,94,5
43,1724,402.537929655743,86,43
85,6060,4673.72093156734,89,4
35,8966,1532.49609749624,74,39
35,8943,1528.56486726622,83,48
5,1445,78.0607939698851,17,12
2,2147,106.4501764968,87,85
68,6164,3320.88207198075,74,6
90,5487,4538.48550517453,93,3
30,8825,1236.45063364387,76,46
12,1658,114.720076071743,88,76
45,8627,2173.24671287984,81,36
25,5091,584.362666281437,85,60
42,5345,1201.06495948695,75,33
3,2655,135.144874924934,65,62
62,3980,1804.09686180748,72,10
44,4750,1152.15819016219,73,29
29,7757,1044.33699420696,60,31
64,3892,1873.28088863967,89,25
64,9000,4331.84172604241,79,15
81,3215,2320.20289923438,85,4
0,3680,237.846397229737,64,64
48,1767,497.798103415722,80,32
50,5437,1647.65434342546,77,27
60,6458,2750.69575376595,83,23
76,2923,1911.64338034584,82,6
64,9503,4573.94354695345,84,20
29,2773,373.333309905364,88,59
12,9564,661.750788630972,71,59
49,6619,1934.32491540337,76,27
85,5629,4341.31602702848,86,1
30,1662,232.859031514573,71,41
50,2563,776.703712010198,77,27
80,5594,3963.9061068204,88,8
41,5490,1186.98243808325,91,50
98,2652,2486.62556204789,99,1
41,5454,1179.19894668599,91,50
73,3421,2091.22376461495,91,18
62,9140,4143.07671279407,76,14
67,4675,2450.98449365576,86,19
47,9206,2499.35457001629,53,6
76,1326,867.20462618494,88,12
38,8629,1659.96103530374,77,39
68,8943,4818.08052721023,74,6
84,6022,4572.41121817765,97,13
85,3001,2314.494474527,94,9
42,8082,1816.09111367138,90,48
89,4789,3909.51019784414,94,5
57,6753,2609.64909718546,81,24
33,3193,504.129027296096,74,41
95,8872,7864.62314452756,95,0
28,8946,1157.30953840146,77,49
59,1914,789.62681085487,67,8
87,4765,3784.81634523021,88,1
43,9804,2289.14261156897,83,40
83,2992,2235.12738423903,85,2
32,4090,620.578893241502,64,32
36,4343,772.257731046863,58,22
84,9473,7192.70200428377,86,2
40,2793,580.909617563502,78,38
1,9642,466.988856746497,88,87
39,3474,694.955160238099,55,16
10,8542,548.672097145864,82,72
46,4652,1216.74952929208,66,20
9,2737,169.50552467774,57,48
9,5237,324.333369651927,60,51
45,3048,767.828443358962,73,28
85,9212,7104.67280884461,89,4
25,2046,234.846987863253,81,56
83,1747,1305.06936506203,83,0
77,3585,2394.59923070331,87,10
32,1743,264.466750836171,73,41
17,8444,707.357577574838,68,51
92,2107,1788.4170949637,96,4
9,5544,343.346229014757,87,78
29,9546,1285.19285119243,77,48
33,1026,161.990724085748,80,47
61,2585,1136.16115988661,80,19
31,1497,218.271881833077,51,20
0,1739,112.395349125683,84,84
68,6024,3245.45645710773,72,4
62,5095,2309.51595751485,81,19
42,1544,346.949354059467,47,5
96,6004,5425.22188952823,97,1
42,6487,1457.68164493767,84,42
66,3066,1563.23491976351,93,27
36,6470,1150.47375543938,75,39
91,1142,956.869609409081,95,4
92,9386,7966.81673152789,93,1
58,6484,2589.62227627975,73,15
77,3013,2012.53207311272,82,5
33,4823,761.482711759809,82,49
5,7256,391.978630481305,68,63
35,4060,693.947597126338,63,28
88,3738,3010.69519215859,91,3
91,4167,3491.48481822035,92,1
90,7845,6488.86801313909,90,0
3,8440,429.613086390375,43,40
21,2097,205.436151030203,75,54
36,9996,1777.45527965564,92,56
37,9641,1783.23091404026,78,41
33,8169,1289.76825054238,48,15
90,6360,5260.57368560415,91,1
76,3749,2451.84777041277,95,19
50,7052,2137.07162586653,68,18
14,1969,146.967787363838,78,64
79,3465,2409.11551873176,88,9
99,3090,2942.85714285714,99,0
29,6659,896.511543692685,84,55
27,5449,677.357955927483,66,39
78,4874,3322.68000639657,91,13
17,3725,312.044881154224,73,56
56,1662,621.152879813648,81,25
48,6552,1845.82522556865,77,29
51,5489,1724.29620894086,77,26
97,9348,8611.39484805564,97,0
35,9124,1559.50193994599,74,39
33,9049,1428.70766301358,73,40
23,4669,495.032312031521,66,43
53,4962,1673.03281254923,65,12
57,5542,2141.66671058815,74,17
5,7430,401.378338544115,88,83
98,7236,6784.77472359673,98,0
0,5300,342.550517749349,89,89
9,6305,390.475825024899,75,66
14,6741,503.153811386303,58,44
97,8874,8174.74517347516,98,1
26,3491,416.994377809968,32,6
97,2582,2378.54316406501,98,1
59,7036,2902.72426393671,78,19
84,6276,4765.26947945582,92,8
50,1735,525.782653272608,52,2
16,7685,619.356229567377,73,57
51,3075,965.970275549852,60,9
59,8012,3305.37618002571,92,33
71,7101,4135.26234846511,93,22
13,6971,500.888646820858,77,64
3,8083,411.441063660356,59,56
98,9276,8697.56361747973,99,1
15,3100,240.410987553278,67,52
17,4544,380.652869789207,84,67
11,2123,141.499061457341,57,46
81,4549,3282.92472429773,90,9
73,5487,3354.14931202638,84,11
28,9780,1265.20090381917,79,51
74,4620,2890.48064682119,83,9
19,3865,350.030166500364,84,65
5,1076,58.1269303194439,78,73
83,4329,3233.91258234318,84,1
31,7762,1131.74772664552,81,50
37,2824,522.336282672927,68,31
12,5948,411.553083519136,76,64
0,8701,562.364538667374,75,75
83,8944,6681.47704700332,87,4
26,2800,334.455530755632,81,55
60,6856,2920.21834744802,79,19
75,8646,5532.49468068142,80,5
49,1960,572.786951834205,92,43
57,4092,1581.32446404308,79,22
53,2072,698.614265941556,92,39
45,3761,947.441855470163,73,28
4,1791,93.823002884963,62,58
39,9401,1880.61987950442,75,36
25,3781,433.996315303499,77,52
86,6872,5380.14079622582,96,10
63,6551,3060.81310090962,74,11
65,4657,2307.70353543402,87,22
45,1445,364.013156382448,45,0
3,4313,219.540431469394,80,77
89,5971,4874.43837780901,93,4
92,5086,4316.98592547953,92,0
85,6524,5031.57679167415,94,9
72,5518,3293.40981497576,73,1
43,4172,974.123110512621,85,42
3,7391,376.216862738302,73,70
29,3945,531.121495700202,42,13
35,7353,1256.79721223398,76,41
27,2581,320.840683473818,82,55
98,5121,4801.6627086151,98,0
77,1381,922.438364742337,83,6
21,5568,545.478535496505,88,67
47,1055,286.423970385312,82,35
93,2474,2128.02147939664,97,4
70,1635,928.379419252813,80,10
5,8048,434.763508560301,77,72
45,9995,2517.86262840316,58,13
47,8225,2233.0210013452,63,16
78,7178,4893.35188467677,79,1
14,3317,247.5836214758,77,63
96,2573,2324.96600961961,97,1
80,6931,4911.30375873654,93,13
93,3080,2649.27492180342,95,2
0,5664,366.076628779681,87,87
95,8980,7960.36021616969,96,1
24,9036,996.782890319466,75,51
72,8283,4943.69581323744,84,12
79,7553,5251.38514083144,89,10
48,6453,1817.93500924825,87,39
85,9262,7143.23486273543,91,6
26,9364,1118.51485356991,72,46
15,7522,583.345628508309,65,50
73,1762,1077.09332746318,77,4
3,2735,139.217036881241,67,64
5,1348,72.8207268314222,60,55
80,5410,3833.52378224855,89,9
34,3103,509.773485318587,75,41
46,1702,445.165025549252,90,44
7,4837,279.146039947956,87,80
85,5696,4392.98917924217,86,1
2,8746,433.634487024226,88,86
59,4588,1892.79404817249,93,34
33,4582,723.432259026217,68,35
66,8976,4576.51553809436,80,14
84,8664,6578.44084926788,90,6
91,8992,7534.30081243998,94,3
52,1091,355.135030366371,60,8
62,8581,3889.68722893719,65,3
84,5410,4107.72910832632,87,3
17,4816,403.438428896307,68,51
46,3964,1036.80032977511,88,42
77,6278,4193.38743942968,86,9
86,9115,7136.20246763655,89,3
75,5343,3418.93581758973,88,13
10,5660,363.554679213953,89,79
51,1307,410.576634193059,79,28
60,4990,2125.42146350141,71,11
24,6034,665.625050928249,67,43
67,5594,2932.79299625889,84,17
94,3140,2739.45291015225,97,3
15,5456,423.123338093769,78,63
43,1468,342.764315971363,76,33
66,2184,1113.53720311922,73,7
37,9970,1844.08383082475,92,55
29,6801,915.629224906736,70,41
18,6137,534.481586858652,67,49
3,6691,340.585445620616,31,28
60,3599,1532.9442579442,86,26
9,2716,168.204970779957,46,37
20,7858,740.116922937672,20,0
85,3244,2501.90605643638,87,2
42,6529,1467.1193864341,60,18
64,2871,1381.85751060753,82,18
0,6108,394.773313662834,87,87
69,8601,4758.7416770552,69,0
65,5944,2945.45626253378,82,17
58,4676,1867.5314256453,80,22
7,9054,522.511524847797,68,61
69,2725,1507.68178932397,71,2
21,8232,806.461800324574,77,56
91,8992,7534.30081243998,98,7
56,1094,408.869585148093,92,36
64,2458,1183.07410695692,94,30
53,4271,1440.04900088629,72,19
72,9240,5514.8797916593,77,5
58,6414,2561.66521900961,76,18
96,2651,2395.44690691861,97,1
1,4350,210.682589384699,73,72
65,5711,2829.99675560741,74,9
50,4697,1423.40122329766,87,37
90,1911,1580.65350836313,98,8
63,6775,3165.47225746644,94,31
56,8827,3298.98704579728,85,29
71,7752,4514.37173993825,86,15
41,1454,314.366569211849,71,30
39,2617,523.516883806306,75,36
65,7108,3522.25826280117,70,5
54,4656,1625.37985882289,66,12
15,4214,326.80383920952,65,50
69,3725,2060.9595101768,75,6
80,1521,1077.77997648799,93,13
86,5591,4377.2362036814,87,1
97,8472,7804.42203174234,97,0
23,1978,209.718122338477,76,53
41,9981,2157.97298989234,53,12
47,5446,1478.54496940133,93,46
18,4141,360.646610914401,48,30
70,3657,2076.50369187005,90,20
6,1064,59.3680328259417,71,65
33,2697,425.817722085052,79,46
56,1166,435.778735176121,75,19
14,5043,376.413688001947,72,58
91,5276,4420.70407989695,96,5
8,2561,153.043440158102,69,61
40,8978,1867.31347887043,81,41
32,5597,849.237179822173,63,31
53,7960,2683.86561626196,72,19
29,1763,237.355436481484,82,53
63,5057,2362.7739049458,73,10
10,9858,633.201771676882,49,39
35,9298,1589.2425512514,82,47
80,7015,4970.82612430195,80,0
98,5212,4886.98809554812,98,0
58,8151,3255.39962584149,72,14
46,5716,1495.04305877763,89,43
16,4949,398.854128839161,64,48
48,1887,531.604426228335,68,20
51,2121,666.283887623166,53,2
22,3736,380.747328681322,67,45
55,5165,1866.03839021905,71,16
21,1126,110.31049406772,76,55
98,4687,4394.72624785764,98,0
34,4559,748.971098797112,69,35
44,3468,841.196758627893,45,1
1,5514,267.058344337294,79,78
63,2281,1065.74792904516,80,17
92,2066,1753.61638262696,95,3
57,1106,427.405879088866,76,19
54,1689,589.619111158044,63,9
74,4555,2849.81371131396,84,10
76,6628,4334.71512998023,83,7
0,4030,260.467657835826,65,65
11,5976,398.303528624149,83,72
95,5467,4846.2460246993,97,2
71,6068,3533.69552605074,83,12
48,3402,958.40925173757,86,38
54,1388,484.541933858713,61,7
8,2282,136.370609309172,54,46
46,3167,828.341736730013,84,38
60,2139,911.077456999901,73,13
83,8573,6404.32722763411,95,12
59,3298,1360.60042957124,66,7
97,5879,5415.74564738117,97,0
80,8719,6178.27982577174,89,9
17,4018,336.589619457093,72,55
56,6986,2610.93502910839,72,16
41,2628,568.194872000509,83,42
68,1964,1058.1136257901,68,0
9,4124,255.404013069419,32,23
17,7255,607.754526919167,82,65
72,4477,2672.09056572064,76,4
25,9693,1112.59621376271,75,50
73,3185,1946.95927807618,77,4
11,6408,427.09655478975,82,71
12,3284,227.226013160196,85,73
9,8655,536.013999300635,85,76
15,6530,506.41411249126,46,31
50,7377,2235.5611718686,79,29
45,8628,2173.49862509879,75,30
77,4757,3177.43613401832,79,2
62,6335,2871.59638682171,80,18
32,3105,471.124074209013,74,42
64,7578,3647.41073332771,82,18
26,4520,539.906785362663,64,38
81,2403,1734.19831006538,86,5
2,8888,440.674973779021,72,70
56,3613,1350.31609793424,59,3
45,3784,953.235836506008,84,39
62,6864,3111.38715061471,67,5
80,7911,5605.73135699968,83,3
14,1114,83.1498807127045,80,66
6,8595,479.575415544144,56,50
16,5822,469.211707032045,88,72
11,5550,369.910405599736,63,52
44,4555,1104.8590644608,86,42
15,3228,250.337634781284,85,70
52,2694,876.932879749775,79,27
64,7258,3493.38969417954,82,18
14,2188,163.314128365707,59,45
61,6301,2769.42029727099,73,12
5,2497,134.89121283239,64,59
71,7193,4188.83848366561,75,4
86,3327,2604.7334733765,91,5
32,8248,1251.47547957357,69,37
27,1747,217.167250689175,83,56
72,9128,5448.03276388161,81,9
37,9034,1670.95820738924,76,39
7,3853,222.358836452238,79,72
46,5844,1528.521979618,78,32
61,5081,2233.20497229549,67,6
57,5426,2096.83933086455,65,8
89,3096,2527.42609574555,89,0
99,4419,4208.57142857143,99,0
72,4206,2510.34463243712,82,10
12,8984,621.61951955883,63,51
12,6695,463.239390410326,90,78
24,8575,945.928871678776,74,50
83,2030,1516.48014371833,96,13
6,3196,178.327286571156,89,83
76,4596,3005.78617039667,84,8
17,9826,823.128322744002,58,41
7,3912,225.763760239075,72,65
56,5069,1894.47890961214,70,14
35,2394,409.189790029668,85,50
32,6315,958.179880396109,84,52
61,4217,1853.45903723088,81,20
23,6067,643.255737223226,66,43
12,1309,90.5721227852302,60,48
16,7312,589.295087911081,29,13
57,3930,1518.72070960149,78,21
38,2421,465.727855657707,75,37
62,1808,819.549529182896,88,26
45,7541,1899.67004310037,47,2
1,9698,469.701092379955,74,73
75,6498,4158.00953447465,79,4
57,8001,3091.92987214287,71,14
99,5151,4905.71428571429,99,0
97,2225,2049.67410536198,98,1
54,5721,1997.16455591188,73,19
9,1492,92.4012578805947,53,44
60,3639,1549.98170454541,70,10
75,6579,4209.84067825619,83,8
86,8424,6595.21333926169,95,9
35,3816,652.242372077366,88,53
58,9274,3703.91070176101,88,30
90,7895,6530.2247245039,92,2
63,1269,592.912811029508,81,18
64,5532,2662.63871427407,82,18
84,3516,2669.6442781655,88,4
87,1998,1587.00169103252,88,1
53,2879,970.709687087712,89,36
16,3266,263.216323457001,60,44
53,1448,488.220780445643,89,36
72,6951,4148.69366145279,85,13
82,4514,3315.51400208819,87,5
80,2420,1714.81100795591,91,11
30,1606,225.012999165105,65,35
88,6040,4864.79372943764,98,10
48,6203,1747.50517005531,76,28
63,2779,1298.4276610331,68,5
72,6685,3989.93197048078,80,8
83,7250,5416.00051327975,88,5
10,3312,212.737296388094,69,59
16,1606,129.432154155525,65,49
17,5195,435.187424858039,88,71
76,9760,6383.04460902339,80,4
93,5084,4373.02392936643,94,1
45,1795,452.182433014874,78,33
48,2079,585.694542728515,60,12
18,3876,337.567318015991,32,14
9,2681,166.037380950318,62,53
19,6433,582.59872214666,71,52
71,4883,2843.6116106964,72,1
59,6602,2723.67617829877,82,23
20,6899,649.79214193777,80,60
22,4743,483.373816899226,46,24
8,5277,315.349564121165,59,51
76,5526,3614.00660957615,85,9
22,7140,727.659509310663,73,51
59,2263,933.607875112106,88,29
93,3264,2807.54329375531,95,2
54,8599,3001.8559720829,64,10
46,6002,1569.84752253032,74,28
71,8895,5179.99698487497,72,1
52,8420,2740.82214086604,64,12
13,7058,507.139875091324,71,58
44,9176,2225.72706377438,86,42
62,5237,2373.88323248386,90,28
70,2487,1412.15878634969,75,5
26,3670,438.375642097561,47,21
52,6193,2015.90398080563,72,20
4,8545,447.636828393082,78,74
19,8210,743.531091065455,79,60
16,6071,489.279332427267,76,60
58,2832,1131.06265984335,74,16
63,9646,4506.88492922824,63,0
63,4419,2064.68220010985,71,8
91,6313,5289.59531015721,97,6
43,8549,1996.11181010844,70,27
49,3999,1168.66072468622,61,12
23,2043,216.609769432512,38,15
40,5583,1161.19527205766,62,22
11,4845,322.92178651004,52,41
67,6345,3326.52333951781,73,6
82,6395,4697.10058559017,83,1
9,2556,158.295988701609,75,66
20,7498,706.209810153558,56,36
66,7473,3810.19391891479,70,4
1,9687,469.168331809098,67,66
82,3921,2879.95799782628,86,4
62,1182,535.789570516694,73,11
30,2033,284.8389958298,62,32
65,7751,3840.8868591688,78,13
75,6319,4043.46910562409,92,17
3,6663,339.160188935909,65,62
81,9508,6861.73846529408,92,11
84,4181,3174.56846615755,98,14
3,4472,227.633853357554,75,72
53,1546,521.263347078014,86,33
5,5207,281.288964845115,44,39
74,9119,5705.25822908277,90,16
9,5378,333.065660108471,86,77
58,6540,2611.98792209586,76,18
61,4587,2016.08171775624,70,9
93,2890,2485.84562467918,94,1
65,1528,757.176508942063,76,11
92,1694,1437.86357801068,98,6
84,7510,5702.22654409069,85,1
67,8032,4210.97485626589,72,5
65,6089,3017.30874538496,74,9
77,9828,6564.60843496574,85,8
71,8218,4785.74651171472,89,18
47,5186,1407.95707148647,58,11
45,9056,2281.31705480931,68,23
0,4367,282.248700190831,0,0
8,7413,442.995322878567,68,60
21,2469,241.879760082771,84,63
55,5553,2006.21707277568,82,27
65,1824,903.854680831363,80,15
79,1444,1003.97195066339,81,2
78,3092,2107.86347553922,78,0
60,5372,2288.129078543,80,20
67,6687,3505.82530675423,87,20
24,1575,173.742037655285,84,60
0,6181,399.491462303533,76,76
11,2053,136.833524810137,71,60
48,7125,2007.25041699888,84,36
5,5467,295.334505628624,85,80
94,5641,4921.41842871619,96,2
75,2170,1388.5627408141,96,21
13,3389,243.510489754108,74,61
26,6598,788.120568544879,78,52
87,2074,1647.36812172245,94,7
32,5646,856.671988078611,62,30
45,8741,2201.96470584012,72,27
47,6238,1693.56656612661,70,23
91,7350,6158.48654041747,91,0
53,9624,3244.91491091773,73,20
2,2943,145.916567037765,81,79
73,3871,2366.30435335413,88,15
94,2843,2480.33905209008,95,1
42,3502,786.927874298091,53,11
7,3988,230.149763761102,51,44
19,3797,343.87180910786,86,67
40,2356,490.018997128396,61,21
19,6302,570.734827758161,77,58
77,2562,1711.28681424321,89,12
14,2285,170.554288535485,67,53
17,8197,686.666279415081,78,61
94,4978,4342.9925435471,96,2
41,7031,1520.15911150517,63,22
8,9883,590.600671254402,56,48
91,5383,4510.35823769622,97,6
73,4294,2624.88010676896,92,19
13,7871,565.556525480846,45,32
73,3500,2139.51569019361,83,10
25,7442,854.218613723522,59,34
86,2202,1723.96246118878,91,5
49,1728,504.987679984442,61,12
4,7866,412.066856891747,30,26
77,1356,905.739625337153,88,11
74,1725,1079.23790384557,82,8
84,3869,2937.67170427255,87,3
24,9851,1086.68750028077,84,60
52,7196,2342.39383915344,73,21
57,2409,930.941015122133,76,19
39,9602,1920.8288568239,59,20
13,3560,255.797386699506,62,49
25,8035,922.285213822696,84,59
82,3896,2861.59560304289,84,2
13,4733,340.081188553023,63,50
69,4279,2367.47536752927,84,15
75,3638,2327.92223552151,78,3
25,6120,702.474861057237,86,61
53,3347,1128.50480120965,78,25
74,8109,5073.35661581666,91,17
39,7524,1505.13604652604,88,49
63,2697,1260.11493407926,69,6
28,5970,772.315889141147,71,43
82,8193,6017.72401841129,89,7
94,3640,3175.67152641853,96,2
82,9135,6709.61905384928,82,0
75,6050,3871.33851701626,84,9
5,3745,202.309808593232,43,38
39,4858,971.816974218965,52,13
26,9881,1180.26967835586,72,46
32,6408,972.290843005268,80,48
30,6589,923.169770547247,77,47
40,2683,558.030971687389,64,24
16,2561,206.39834794041,26,10
78,7828,5336.46678089297,79,1
9,1116,69.115149996477,83,74
10,3002,192.82529098945,84,74
90,6544,5412.76638342666,95,5
50,9605,2910.74489030743,74,24
20,2576,242.62422925521,61,41
78,3769,2569.38468282902,79,1
2,7875,390.449529535305,83,81
35,7711,1317.9876653796,81,46
43,1698,396.467172015923,85,42
17,1570,131.51958749319,87,70
30,1482,207.639641819854,76,46
2,7203,357.131169681626,61,59
4,3983,208.652719425353,69,65
71,8172,4758.95844411447,81,10
47,5549,1506.50863665222,73,26
43,5828,1360.78367403345,76,33
19,6073,549.995653598113,78,59
60,9543,4064.70882288455,66,6
89,6152,5022.19810756674,97,8
67,9763,5118.49446236602,87,20
23,5068,537.336422654905,56,33
43,5837,1362.88509013954,53,10
3,8546,435.008700982482,82,79
31,6654,970.194456724979,91,60
90,2543,2103.40234001437,93,3
11,1408,93.8439371323295,56,45
7,5448,314.407199842147,59,52
12,1609,111.329675753579,69,57
70,9736,5528.25811978311,86,16
6,4561,254.490223420226,87,81
17,6725,563.356194835479,86,69
19,2090,189.278925740171,79,60
88,4124,3321.59095036438,90,2
84,4316,3277.0718727424,88,4
87,1338,1062.76689819895,87,0
19,3616,327.479710754286,78,59
20,2732,257.317311461659,79,59
73,7345,4489.92649842059,76,3
84,2405,1826.07920619682,91,7
69,8496,4700.64751636566,74,5
29,7528,1013.50636746036,83,54
14,2642,197.201063593326,81,67
90,5881,4864.37639072925,91,1
36,4890,869.52344112806,83,47
27,7343,912.798581459993,61,34
45,2230,561.764248258033,62,17
0,9788,632.619710892571,72,72
77,2134,1425.40439562646,81,4
6,2345,130.844019715069,77,71
38,5620,1081.11959884193,54,16
52,1232,401.032408259734,83,31
65,5337,2644.66690328782,72,7
38,5718,1099.97186230928,69,31
57,5088,1966.22162098025,91,34
73,2947,1801.47221114302,90,17
53,6161,2077.29850022487,67,14
56,8809,3292.25975829027,64,8
2,2573,127.571636761186,57,55
12,3148,217.815922481211,88,76
69,3771,2086.41028533603,74,5
50,1534,464.870657129787,81,31
51,5466,1717.07106541642,87,36
61,5154,2265.28998764239,81,20
24,4022,443.676492348926,72,48
46,6583,1721.8104366573,61,15
76,5978,3909.61482302683,83,7
47,4707,1277.91244417409,78,31
23,7617,807.595014080981,79,56
18,3214,279.912631605623,85,67
76,4211,2753.99598858581,78,2
47,8345,2265.60003115206,62,15
21,4401,431.151407097722,43,22
96,1947,1759.31162873276,96,0
70,3349,1901.61631503221,88,18
30,5132,719.032821740548,77,47
6,9793,546.420249496661,86,80
73,3362,2055.15764298026,76,3
90,2810,2324.24717870246,91,1
40,2578,536.192264260189,75,35
68,2752,1482.65208664682,77,9
92,5130,4354.33303140188,94,2
22,7084,721.952375904305,68,46
54,5282,1843.91246011651,91,37
13,5486,394.186647031879,90,77
45,4359,1098.08536240214,71,26
91,7434,6228.86924373652,95,4
63,1290,602.72460695671,74,11
53,6906,2328.48944044034,77,24
30,5572,780.680218772084,85,55
65,9484,4699.64791283149,87,22
81,4728,3412.10553890518,86,5
7,6060,349.726070308996,81,74
48,9926,2796.34633531661,92,44
2,7760,384.747726881773,84,82
15,8346,647.248420038599,21,6
58,2145,856.684112063551,62,4
89,5682,4638.5126214555,92,3
74,2963,1853.78661396779,90,16
92,1793,1521.89456633598,94,2
18,1011,88.0496796992174,57,39
93,5320,4576.02031947864,97,4
27,2159,268.382423719478,71,44
31,6488,945.990627476956,70,39
7,3710,214.106224562108,85,78
7,2173,125.405074386378,88,81
94,7382,6440.33165055538,94,0
65,9633,4773.48253314063,67,2
98,4539,4255.95528888966,98,0
31,4216,614.718940419674,73,42
34,3406,559.55156010155,76,42
83,9646,7205.89530359951,89,6
94,7007,6113.16768835567,99,5
68,5659,3048.81110404592,76,8
7,3382,195.177156730202,90,83
41,9769,2112.13687388621,62,21
65,7699,3815.11907221527,66,1
86,1081,846.323079266606,95,9
34,4413,724.985623819183,85,51
10,3739,240.16447801784,74,64
55,2593,936.812690384898,62,7
8,9649,576.617006671428,83,75
27,1387,172.416128623861,69,42
1,5476,265.217898728876,77,76
86,1099,860.415415461609,86,0
98,7552,7081.06947382567,99,1
84,5074,3852.60951860402,86,2
80,6482,4593.14254279761,89,9
55,4060,1466.81817314411,71,16
95,2163,1917.40079594377,96,1
17,9426,789.620147586502,83,66
59,9098,3753.40894731327,94,35
53,5134,1731.02588867951,64,11
46,1464,382.915157111695,89,43
64,9951,4789.57300176089,74,10
0,1608,103.928534441689,83,83
55,4254,1536.90751442243,91,36
27,3388,421.157782103562,31,4
73,5547,3390.82672385827,73,0
85,7147,5512.05998315376,89,4
51,9748,3062.20430766178,83,32
75,6718,4298.78548054797,80,5
68,4255,2292.39993774791,78,10
41,6866,1484.48477593436,68,27
80,9533,6755.07989208418,81,1
98,2655,2489.43848689184,98,0
78,1316,897.137236031572,83,5
70,5463,3101.97967423738,75,5
96,6389,5773.10836978612,97,1
20,1149,108.220201635961,47,27
6,4013,223.913454633933,90,84
46,8149,2131.40410881366,61,15
55,4180,1510.17240486266,84,29
59,5410,2231.91277258351,76,17
5,4419,238.720172008943,80,75
38,1805,347.227913862933,89,51
59,2205,909.679789934686,77,18
52,6401,2083.61075103129,74,22
57,6776,2618.53728454445,89,32
80,5432,3849.11297322997,80,0
60,1144,487.270972794711,86,26
80,3558,2521.19734144923,88,8
93,6110,5255.54213383731,95,2
24,8955,987.847585525765,86,62
94,8717,7605.03535598635,96,2
96,3994,3608.98338220782,98,2
56,9617,3594.24021971592,76,20
49,1929,563.727566371521,84,35
29,8881,1195.66286522522,67,38
91,4327,3625.54711025665,92,1
12,8541,590.967533008901,50,38
96,5974,5398.11385210554,96,0
61,7670,3371.12421521481,80,19
3,4562,232.2150355584,68,65
49,2618,765.079714235688,77,28
85,5630,4342.08726810629,88,3
91,4219,3535.05506313215,91,0
79,4163,2894.41497964799,88,9
94,3808,3322.240981484,95,1
45,5500,1385.51720422385,74,29
70,5137,2916.87160654538,75,5
92,3466,2941.93338924736,95,3
26,1542,184.18943872328,72,46
63,9349,4368.11810111495,67,4
21,5698,558.214205326703,86,65
86,5956,4662.99746541342,94,8
59,5537,2284.30702805821,74,15
98,4197,3935.28185667986,98,0
68,4860,2618.34634487775,72,4
80,5635,3992.95869001305,86,6
8,5203,310.927379594926,63,55
67,4810,2521.76158598592,71,4
58,9619,3841.69905544956,80,22
91,4361,3654.03534731436,93,2
8,9115,544.705566982077,80,72
83,6769,5056.67689301939,91,8
38,8952,1722.09655673184,65,27
47,1605,435.744523666754,76,29
74,2156,1348.89096851655,81,7
67,6891,3612.77735738649,85,18
38,6041,1162.10738373738,79,41
71,4749,2765.57680507827,73,2
98,5879,5512.39505251868,98,0
11,4012,267.401900408314,29,18
84,7015,5326.38071994623,84,0
95,8139,7214.85209347496,96,1
32,6442,977.449689550552,84,52
16,6010,484.363167169803,86,70
29,3323,447.380666720347,74,45
14,7719,576.15253969602,78,64
0,3427,221.494457420192,81,81
10,1080,69.3708575178568,68,58
79,3743,2602.40097737748,91,12
69,3106,1718.48060096889,81,12
15,6223,482.605669530338,78,63
13,2385,171.369878448967,87,74
65,5489,2719.98812669043,86,21
61,9939,4368.3968155176,85,24
68,1877,1011.24199369044,91,23
38,6260,1204.23642148585,80,42
47,4706,1277.64095225903,83,36
8,9583,572.672896148025,72,64
61,7728,3396.61641918905,82,21
24,4444,490.228327200056,71,47
39,2483,496.710898926655,73,34
48,5151,1451.1364067314,85,37
79,9423,6551.54272236922,84,5
68,3305,1780.58326539526,88,20
6,3191,178.048301454493,83,77
60,2222,946.430158697419,72,12
52,1075,349.926817272089,55,3
42,1381,310.321928728059,84,42
28,9733,1259.12069497668,77,49
75,5438,3479.72543066685,77,2
68,6260,3372.60249360797,75,7
90,3522,2913.16674853739,92,2
64,1890,909.686762468907,86,22
85,7426,5727.23624386453,90,5
10,8464,543.661979658463,83,73
98,8295,7777.73719350952,98,0
8,6119,365.666852919729,85,77
39,2883,576.728764239044,79,40
60,1806,769.240714044797,60,0
24,5769,636.392263640217,48,24
3,2881,146.648732451501,80,77
35,1728,295.355036412392,74,39
88,6311,5083.06510372201,88,0
79,9523,6621.06986576696,81,2
72,9442,5635.44318104406,73,1
28,2272,293.919882768624,80,52
93,2167,1863.95414141169,94,1
89,1611,1315.14323005365,93,4
86,2610,2043.38874827552,91,5
80,4689,3322.6234778121,88,8
73,2164,1322.83198673685,82,9
93,8319,7155.62275145541,96,3
69,5286,2924.62603242807,80,11
75,5001,3200.09321051212,83,8
9,6372,394.625211270208,81,72
62,4396,1992.66578002656,75,13
68,3011,1622.18947416191,93,25
46,8825,2308.21465950185,85,39
90,5378,4448.32787439924,96,6
50,6507,1971.91223333998,85,35
88,8734,7034.6206014749,89,1
16,8199,660.780966326991,77,61
6,6205,346.220529779106,78,72
4,2832,148.35664107773,85,81
73,3863,2361.41403177655,80,7
95,9098,8064.96183148239,96,1
66,2395,1221.11794939126,68,2
87,9754,7747.55480196757,88,1
46,7191,1880.83531064904,75,29
99,1477,1406.66666666667,99,0
16,9011,726.222379262412,77,61
98,7293,6838.2202956317,98,0
52,2145,698.226067952215,79,27
99,3261,3105.71428571429,99,0
19,5290,479.083979505026,61,42
0,4638,299.76401911726,72,72
8,3946,235.810001899208,65,57
90,8368,6921.45921401502,93,3
96,5654,5108.96145293015,97,1
61,9244,4062.92988858484,81,20
28,7846,1015.0067782582,72,44
40,2339,486.483206402088,75,35
6,2923,163.094699201342,86,80
57,8721,3370.16878077215,83,26
59,2738,1129.57064165132,80,21
83,5348,3995.14079241656,83,0
11,2640,175.957382123118,84,73
51,1938,608.796876102639,77,26
73,5771,3527.75572803066,89,16
97,3350,3086.0261811068,97,0
21,7939,777.757559861126,56,35
45,7507,1891.10502765608,80,35
22,3629,369.842627351316,84,62
36,5720,1017.11126446881,85,49
35,1330,227.327661127594,88,53
92,1787,1516.80177916475,92,0
2,7825,387.970484903335,70,68
30,5296,742.010487906848,89,59
8,5372,321.026692904851,83,75
25,7644,877.404875477372,78,53
42,3689,828.948294770319,71,29
34,9053,1487.26373270679,63,29
5,7647,413.100962967274,43,38
7,1318,76.0625347635738,47,40
39,6090,1218.27199938112,59,20
81,1740,1255.72411964784,83,2
14,3040,226.908112537362,87,73
13,6328,454.687040178223,79,66
98,2047,1919.35238518553,98,0
42,3683,827.600045985114,72,30
97,5268,4852.89132002109,97,0
53,1114,375.606318657767,76,23
83,8342,6231.76224576271,89,6
19,1554,140.736579234558,88,69
81,4865,3510.97577131423,88,7
21,1046,102.473158787598,78,57
75,8516,5449.30889436537,89,14
74,6153,3849.59467963003,85,11
96,2901,2621.34721877438,97,1
69,7750,4287.90233660944,72,3
0,2003,129.45824283999,63,63
79,3456,2402.85807582596,95,16
65,1029,509.904861061114,69,4
86,1295,1013.86529847387,91,5
91,3929,3292.06715881636,93,2
2,5037,249.738956224677,80,78
65,9499,4707.08092829886,94,29
10,4879,313.389272064466,81,71
92,4105,3484.31522298338,94,2
44,5593,1356.63594896361,47,3
48,4197,1182.37614037113,59,11
96,2219,2005.09116803184,99,3
92,5907,5013.84897007621,98,6
89,4621,3772.36304536182,95,6
66,2950,1504.09100238172,74,8
14,6897,514.797780319141,89,75
76,3902,2551.90984266488,92,16
85,8798,6785.37900262863,94,9
21,9737,953.901670281873,69,48
84,7051,5353.71496170219,95,11
72,4616,2755.05250198045,78,6
56,7159,2675.59173681463,77,21
97,9964,9178.85518464126,98,1
98,6162,5777.74762946422,98,0
87,6259,4971.49328537164,91,4
70,6655,3778.81653524616,81,11
83,2314,1728.63795692818,89,6
45,8943,2252.85097406798,59,14
62,9018,4087.77525120097,79,17
72,1743,1040.30686979028,74,2
3,1241,63.1694123472104,88,85
91,7132,5975.82666751801,92,1
6,5518,307.887974749574,80,74
23,4838,512.950594476012,78,55
85,2781,2144.82143740739,90,5
85,4300,3316.33663461049,95,10
33,9528,1504.3349113928,83,50
46,6222,1627.3894177247,76,30
1,4025,194.941936154807,84,83
9,5551,343.779746980685,74,65
28,5726,740.75054961846,29,1
90,3181,2631.11397702937,92,2
86,7719,6043.26350495738,92,6
68,2629,1416.38529643696,78,10
22,2221,226.348987420026,60,38
8,7024,419.748974490632,84,76
84,8700,6605.77509102384,94,10
16,7722,622.338165871085,61,45
80,7746,5488.81242463905,96,16
32,4506,683.698898030858,81,49
20,5282,497.492693682461,41,21
81,1240,894.883855381222,87,6
89,1447,1181.26148596376,94,5
0,6036,390.119797195296,65,65
36,8526,1516.06479735334,65,29
5,5636,304.464107137905,73,68
48,4912,1383.80548046295,91,43
6,1241,69.2441059558212,70,64
15,7170,556.047348631291,79,64
50,3284,995.198981756336,61,11
92,6694,5681.85288736924,95,3
2,2089,103.574484723715,2,0
35,1198,204.765818068314,62,27
95,1211,1073.49623850573,96,1
86,5337,4178.37768181857,97,11
90,5787,4786.6257733634,95,5
49,3898,1139.14466237231,65,16
94,5705,4977.25441159827,94,0
50,2867,868.829318116753,84,34
56,6784,2535.43991375198,64,8
49,6541,1911.53033262629,73,24
85,7614,5872.22956649402,94,9
31,5517,804.412806996049,66,35
18,6091,530.475369978174,91,73
62,4257,1929.65837706393,81,19
95,8881,7872.60123383108,99,4
99,6641,6324.7619047619,99,0
69,6153,3404.31781640747,73,4
64,7739,3724.90256864914,91,27
37,1773,327.939882853789,80,43
96,7975,7206.21994819914,96,0
37,6996,1294.00305721664,52,15
86,6197,4851.67818891319,92,6
46,5241,1370.80487597158,76,30
40,2322,482.947415675779,92,52
38,6048,1163.45397398505,80,42
11,7813,520.740540351485,85,74
38,6864,1320.42792285605,39,1
37,4671,863.963447721403,87,50
72,3372,2012.57301487826,81,9
50,7952,2409.81190710304,86,36
36,4029,716.423301493855,78,42
29,6524,878.336283383553,83,54
26,3129,373.754055619419,79,53
59,1679,692.676810567046,73,14
19,6755,611.760355681748,85,66
54,1099,383.653879906862,83,29
75,8768,5610.56134168571,78,3
75,5765,3688.96967778491,81,6
63,2203,1029.30411560127,71,8
2,8953,443.897731800582,75,73
97,3699,3407.52562504898,97,0
36,2133,379.282924320276,76,40
62,3861,1750.15527222078,90,28
7,2857,164.879106084621,66,59
22,1031,105.072402534915,60,38
66,8022,4090.10780376481,76,10
50,1105,334.86445640705,89,39
97,1937,1784.36797397131,97,0
48,8070,2273.47520914821,87,39
83,8501,6350.54073977809,89,6
50,9298,2817.71014993009,85,35
46,3255,851.358494807765,88,42
47,5749,1560.80701966366,78,31
92,5154,4374.70418008681,98,6
11,9804,653.44173270267,86,75
91,2830,2371.22679039203,93,2
1,3197,154.839595002961,76,75
12,3752,259.60779579082,85,73
24,1757,193.818895339896,75,51
4,5066,265.386562040884,82,78
86,3043,2382.387724522,93,7
33,6416,1012.99462547189,86,53
51,8946,2810.26669433138,88,37
82,9035,6636.16947471574,85,3
68,3909,2105.99091813315,88,20
0,6057,391.477072831661,70,70
42,5458,1226.45697827498,83,41
3,6710,341.552584085239,49,46
56,2406,899.214096769938,67,11
92,6518,5532.46446367982,95,3
81,5673,4094.09363836909,91,10
14,1713,127.859735781744,82,68
2,8023,397.787501645937,86,84
39,1675,335.074810995629,67,28
25,7144,820.013138462892,73,48
72,5901,3522.00277603696,85,13
57,7339,2836.1046533754,79,22
80,1060,751.115565468293,80,0
38,5668,1090.35336054022,45,7
67,4773,2502.36341993988,91,24
55,7940,2868.60499871041,85,30
80,1468,1040.22419821458,81,1
9,5520,341.859881703005,60,51
9,1613,99.8949255773454,75,66
73,6252,3821.78631288298,96,23
7,4955,285.95588752163,87,80
88,1018,819.927155060848,97,9
51,5351,1680.94534779423,58,7
22,9777,996.404344892206,73,51
62,6864,3111.38715061471,93,31
85,2684,2070.0110528592,90,5
94,4801,4188.57115338884,94,0
65,7184,3559.91887450247,75,10
91,9398,7874.48387848209,94,3
13,1932,138.82037952344,45,32
2,1876,93.0137545915215,82,80
22,3093,315.217207604745,74,52
27,1439,178.880179588851,86,59
6,4513,251.811966300259,80,74
14,7906,590.110374250128,65,51
68,3419,1842.00126607758,84,16
55,6362,2298.49685161154,66,11
67,6498,3406.737377492,90,23
4,7274,381.054451694707,77,73
65,2985,1479.17007800527,88,23
9,3548,219.731677587366,90,81
20,2991,281.711595381341,85,65
26,7710,920.947193616401,74,48
74,9933,6214.53339066555,82,8
17,2000,167.540875787503,77,60
24,9644,1063.85283247465,29,5
95,2978,2639.86110509503,98,3
26,4230,505.266748248687,63,37
56,1688,630.870072879325,85,29
33,6028,951.734975427768,78,45
2,7510,372.352503721923,81,79
53,1897,639.609682669465,62,9
8,6448,385.327646286389,83,75
53,4860,1638.64156972778,82,29
60,7573,3225.61457777478,73,13
77,1337,893.048583389214,88,11
96,4487,4054.4587971874,98,2
39,2797,559.524923196881,80,41
33,4980,786.27076603024,76,43
93,1085,933.267301998933,93,0
97,2532,2332.48307180968,98,1
34,5289,868.898473686757,59,25
25,5520,633.604776639861,82,57
12,7422,513.541860436958,65,53
21,4091,400.781732887249,78,57
4,8213,430.244736289336,75,71
27,9713,1207.41013505664,81,54
79,7811,5430.76517079762,89,10
0,6762,437.042754909641,66,66
14,6111,456.130090695994,60,46
6,4165,232.394602180496,71,65
97,3554,3273.95135750853,99,2
53,8752,2950.90350169908,80,27
22,5118,521.591228102517,76,54
63,9040,4223.74453247183,88,25
35,4805,821.285271968486,45,10
54,2650,925.098072568868,80,26
21,9173,898.648456557011,27,6
67,5955,3122.05618389733,79,12
74,8715,5452.49758377633,83,9
6,8642,482.197875640779,80,74
22,7058,719.30263539421,78,56
53,5297,1785.98444338437,82,29
17,1004,84.1055196453265,83,66
58,5948,2375.55109489697,66,8
52,3981,1295.8685205211,76,24
86,1633,1278.48805591338,91,5
50,2034,616.393035594515,82,32
82,5515,4050.74428921497,82,0
51,6134,1926.9143643001,75,24
87,8538,6781.69191092876,90,3
74,9443,5907.96726145724,75,1
6,9388,523.822455046937,81,75
25,3757,431.241511926804,87,62
79,2120,1473.97544003213,80,1
34,4177,686.214582074038,49,15
2,4300,213.197838349436,74,72
11,5444,362.845450105399,63,52
58,9987,3988.673299384,86,28
49,2745,802.193970808619,78,29
49,8589,2510.03424964489,76,27
78,6209,4232.76983170215,88,10
54,9664,3373.6406691719,68,14
88,7778,6264.63007078907,89,1
8,4542,271.426515110543,65,57
23,2120,224.773720605446,68,45
60,9243,3936.92797337545,74,14
26,6113,730.18809268185,74,48
26,8284,989.510577421306,79,53
41,3894,841.914319471074,81,40
57,1378,532.51835568215,73,16
13,4716,338.859684178334,78,65
34,6658,1093.80337262364,80,46
93,1670,1436.4575063025,98,5
1,3102,150.238480981916,69,68
51,3059,960.944088750243,71,20
41,8880,1919.92787799259,80,39
87,5066,4023.89918256794,89,2
92,3652,3099.80979155549,94,2
65,1802,892.952924812563,78,13
65,2568,1272.53224801258,87,22
8,7088,423.573566513326,89,81
37,5479,1013.41377222555,70,33
40,2402,499.586430858408,66,26
27,6118,760.520457765524,50,23
99,2875,2738.09523809524,99,0
68,2286,1231.59253999805,91,23
39,4128,825.784370023855,87,48
94,1220,1064.37342368973,95,1
47,6218,1688.13672782547,48,1
22,2499,254.680828258732,70,48
2,9490,470.522671147942,29,27
31,2980,434.502476862104,88,57
76,2349,1536.24710928237,82,6
98,6905,6474.41534914807,99,1
96,8264,7467.36070870441,96,0
9,1651,102.248308820953,69,60
4,8430,441.612459140278,83,79
60,2497,1063.56260408076,91,31
11,3454,230.210908277746,85,74
73,2316,1415.74809671097,86,13
80,9493,6726.7359084816,80,0
4,6970,365.129162539471,54,50
39,3570,714.159447913073,81,42
20,3181,299.607016017401,74,54
73,9846,6018.76328161322,80,7
50,8831,2676.18824844403,65,15
30,6832,957.215946635118,86,56
57,4925,1903.23142361001,76,19
85,6298,4857.27630808764,86,1
73,7835,4789.45869504769,76,3
93,4484,3856.93141213199,94,1
29,8186,1102.09393252265,86,57
32,6040,916.453915691607,68,36
84,5172,3927.01939893969,84,0
75,3009,1925.43100788462,85,10
86,9053,7087.66219852043,89,3
43,3330,777.523959253842,56,13
45,7069,1780.76747575607,79,34
0,5973,386.0479702862,64,64
82,6136,4506.86617563429,90,8
22,7802,795.12597922154,83,61
28,6033,780.465956312988,36,8
98,9677,9073.55790495379,99,1
80,1657,1174.14952073676,81,1
49,3217,940.130420433999,83,34
19,4917,445.30357792556,66,47
7,1194,68.9064237539507,54,47
11,4095,272.933893861427,36,25
29,9104,1225.68570262475,72,43
5,4748,256.493183231152,50,45
35,4384,749.326666453662,79,44
39,1464,292.865387043344,76,37
76,2722,1780.1892854264,87,11
28,2474,320.05184417675,90,62
44,9014,2186.43240549937,77,33
45,8521,2146.54401767117,66,21
49,6693,1955.95054521752,84,35
98,1305,1223.62230711633,98,0
36,6497,1155.27480511432,87,51
79,5102,3547.27485615279,88,9
29,6091,820.040818836484,72,43
20,3036,285.949984479355,85,65
37,4084,755.390006528411,61,24
64,2362,1136.86779521246,76,12
65,7194,3564.87421814738,84,19
86,4233,3314.04772852502,92,6
99,7697,7330.47619047619,99,0
49,8857,2588.354098161,56,7
53,5544,1869.26519805984,85,32
81,3513,2535.26369673729,97,16
97,9636,8876.70097944632,98,1
79,6600,4588.79146425096,90,11
10,9919,637.119940481131,73,63
17,6276,525.743268221184,72,55
26,6230,744.163555931281,59,33
60,4716,2008.71495428309,81,21
93,3730,3208.37514880739,93,0
72,1265,755.013304810499,81,9
31,5465,796.830884581006,72,41
78,6599,4498.63876943187,88,10
64,9008,4335.69225202112,85,21
11,9302,619.983169889865,66,55
58,2170,866.668775374315,86,28
32,2176,330.166178898168,60,28
76,3688,2411.95374160638,83,7
28,6801,879.819156122101,73,45
46,7837,2049.79923926527,69,23
99,3197,3044.7619047619,99,0
1,6152,297.95845744705,73,72
4,9231,483.573500631543,77,73
2,2551,126.480857123119,70,68
38,6719,1292.53426772579,78,40
83,2627,1962.45977219116,89,6
74,7599,4754.27758337537,87,13
9,4746,293.925180898996,65,56
42,4151,932.763451231118,74,32
43,4820,1125.42507015121,90,47
70,8072,4583.41203193193,77,7
1,5187,251.220825549065,63,62
73,5442,3326.64125315246,76,3
48,8355,2353.76522582816,55,7
75,6033,3860.46037572878,85,10
10,8735,561.068926313407,57,47
3,4376,222.747259009986,66,63
5,2306,124.573142487581,75,70
96,6169,5574.31609535304,97,1
75,9576,6127.59299817317,87,12
0,1749,113.041670857285,64,64
29,8953,1205.35633739009,89,60
97,5639,5194.6572045556,97,0
54,1824,636.746748817213,90,36
97,9047,8334.11309267859,97,0
17,6146,514.853111294997,85,68
81,1139,821.994121999365,90,9
86,2848,2229.72074907613,88,2
79,9539,6632.1942087106,83,4
30,2265,317.343986991883,86,56
44,6780,1644.55421669467,66,22
26,5681,678.586382222409,36,10
90,6665,5512.84962492951,91,1
35,5606,958.194637805481,84,49
86,6941,5434.16141830667,86,0
2,3991,197.877342523861,87,85
0,3725,240.754845021948,77,77
60,8383,3570.62287144935,85,25
79,3541,2461.95614771404,94,15
27,2433,302.442999958078,78,51
77,9136,6102.38732823026,83,6
15,5502,426.690726941334,82,67
77,7278,4861.33701563702,88,11
98,3881,3638.98710645093,99,1
91,7761,6502.85905308571,95,4
69,3060,1693.02982580966,74,5
35,3400,581.138381829938,76,41
78,4865,3316.54456937203,84,6
50,2283,691.85118006995,73,23
89,6459,5272.81820168622,92,3
0,3723,240.625580675627,65,65
91,3660,3066.67493033033,97,6
34,5041,828.156023039316,41,7
49,2474,722.997407570318,64,15
80,4382,3105.08340366232,81,1
94,7253,6327.78724755868,95,1
74,3210,2008.32096889524,84,10
34,2626,431.40998145234,80,46
8,2902,173.421344529017,42,34
58,7958,3178.3180250824,78,20
59,3968,1637.01106868972,67,8
86,8070,6318.06406075995,89,3
48,3807,1072.50559123014,56,8
46,7224,1889.4665949282,58,12
58,6360,2540.09834625836,88,30
75,4717,3018.36426194474,76,1
69,2919,1615.01766716942,87,18
36,7041,1252.00706523163,77,41
26,1137,135.812835167555,69,43
49,3736,1091.80206737377,71,22
9,4164,257.881258589006,81,72
62,6543,2965.88084593124,81,19
50,5180,1569.77184089459,54,4
99,2326,2215.23809523809,99,0
16,8209,661.586895057723,81,65
97,2961,2727.67866336037,97,0
38,4735,910.872117529633,88,50
73,8278,5060.26025240648,92,19
75,7116,4553.46196480788,81,6
14,1541,115.021513625025,60,46
93,4965,4270.66558011493,96,3
10,6563,421.556423971939,76,66
11,6226,414.96615950702,85,74
99,3267,3111.42857142857,99,0
32,9013,1367.54952684246,66,34
78,6410,4369.7945919167,87,9
3,3758,191.289807897516,66,63
26,7771,928.23354625072,83,57
55,2182,788.324446748881,83,28
86,6407,5016.0887778549,92,6
35,4823,824.361886931115,68,33
55,1354,489.180247890919,84,29
66,5344,2724.69909041625,92,26
47,3218,873.660982653965,75,28
10,8155,523.814206535298,75,65
0,3253,210.248459290308,41,41
9,6391,395.801902892011,66,57
2,3544,175.714683514047,55,53
96,8602,7772.77793033342,96,0
11,9785,652.175372755571,72,61
90,2430,2009.93617232989,93,3
76,7833,5122.78569902461,90,14
95,4413,3911.92312182148,99,4
40,7420,1543.26865818875,92,52
55,5846,2112.0736552218,78,23
54,1221,426.243300606259,78,24
25,4873,559.339868943123,61,36
63,2881,1346.08495553665,76,13
54,3947,1377.87248770918,88,34
60,7775,3311.65368311091,70,10
51,8237,2587.5437917737,77,26
48,4210,1186.03849200916,81,33
4,9781,512.38570140582,83,79
23,9806,1039.68448314009,87,64
89,8492,6932.46201714187,89,0
19,1130,102.337409610714,66,47
35,7539,1288.58890018115,77,42
19,2570,232.749683804899,76,57
96,7895,7133.93184840529,97,1
55,6068,2192.2789839011,73,18
82,1040,763.875622988862,90,8
61,1291,567.421298806039,73,12
64,7015,3376.42996757639,65,1
96,7273,6571.89187250813,96,0
13,6136,440.891226064092,89,76
88,5447,4387.17408017332,95,7
78,2979,2030.8296551201,89,11
20,3109,292.825593460578,43,23
57,7611,2941.21712996868,62,5
59,4457,1838.74957992694,90,31
7,5335,307.885905131765,66,59
76,4134,2703.63795222364,87,11
15,1162,90.1153443667448,75,60
15,3004,232.966002132273,72,57
95,2042,1810.1398175299,97,2
39,6092,1218.67208870769,82,43
64,4201,2022.00745456713,65,1
41,5407,1169.03716625067,64,23
79,8386,5830.54624533463,79,0
15,1968,152.622201130597,74,59
54,9918,3462.3104466936,69,15
75,2515,1609.32501988362,88,13
94,4006,3494.98355352545,94,0
17,1950,163.352353892815,86,69
21,5613,549.887036591574,84,63
58,3389,1353.52095840717,82,24
66,7732,3942.24801031034,79,13
87,5244,4165.28371760487,90,3
85,4856,3745.1466738764,89,4
23,4850,514.222898554911,62,39
81,3288,2372.88557781731,87,6
66,5663,2887.34486321617,88,22
6,9280,517.796376527011,88,82
46,3769,985.797286307363,64,18
27,5930,737.150427353638,46,19
85,3355,2587.513816074,85,0
44,6932,1681.42327877986,45,1
70,5254,2983.30609709742,82,12
45,4583,1154.51369944689,74,29
63,5275,2464.62969123771,79,16
5,6120,330.610421519513,84,79
43,3563,831.927287333765,62,19
80,2320,1643.95104894947,83,3
1,1425,69.0167103156771,81,80
67,7891,4137.05211538772,73,6
97,2882,2654.90371759696,98,1
23,5233,554.830603739763,70,47
76,6479,4237.26905961706,83,7
14,3974,296.622644481407,84,70
3,4840,246.365798356566,82,79
1,9394,454.977527512611,81,80
0,5145,332.532530909509,56,56
42,1212,272.346254611447,68,26
82,1476,1084.11578801112,82,0
19,4144,375.297544625487,88,69
50,4541,1376.12624121666,74,24
78,4884,3329.49715864605,78,0
69,8446,4672.98363032301,78,9
5,3892,210.250941266985,42,37
74,2535,1586.01048478175,76,2
29,2602,350.311313513796,62,33
45,3728,939.12875224482,86,41
30,9641,1350.77853359326,85,55
56,4309,1610.43788153851,78,22
12,9016,623.83365854212,80,68
57,2829,1093.24704515588,87,30
66,1431,729.611601494321,86,20
0,4510,291.491100952748,58,58
36,9942,1767.85318030576,80,44
33,9329,1472.91565789078,87,54
86,5810,4548.69296072061,89,3
99,6088,5798.09523809524,99,0
43,8870,2071.06231789237,75,32
4,8010,419.610414912649,68,64
6,3427,191.216398960998,84,78
12,7883,545.439300164988,84,72
61,9590,4215.00407091395,78,17
69,8853,4898.16766271012,84,15
78,9267,6317.45498959314,89,11
49,3832,1119.85693848402,85,36
28,4966,642.432278974026,76,48
92,3907,3316.25324633278,97,5
59,3423,1412.16957866051,59,0
51,4689,1472.98686896041,87,36
85,5878,4533.35505540476,86,1
47,1751,475.382343265101,85,38
51,1936,608.168602752688,85,34
18,7815,680.621411324811,65,47
71,2018,1175.18087863718,77,6
95,4184,3708.92507176548,97,2
19,3561,322.498686392702,21,2
87,9291,7379.79615184341,90,3
61,6114,2687.22991549196,78,17
43,8234,1922.56224639524,68,25
82,6416,4712.52499720821,90,8
88,9722,7830.38487377364,94,6
38,1367,262.969838366,86,48
67,9020,4728.95831717111,81,14
16,7838,631.686939147573,87,71
70,7036,3995.1544916592,86,16
95,4762,4221.29569592429,96,1
27,1580,196.407702397765,77,50
29,4050,545.257809273971,81,52
4,7868,412.171628530926,48,44
33,8489,1340.29167325918,68,35
12,6098,421.931860003311,61,49
61,3159,1388.44607508,76,15
67,7918,4151.20753385375,69,2
24,3130,345.277827213361,82,58
82,7316,5373.57120941011,82,0
95,1927,1708.19756531837,98,3
98,5325,4992.9415980034,98,0
87,9095,7224.11430427466,91,4
88,6111,4921.9792186413,97,9
41,7511,1623.93899680206,65,24
51,5040,1583.24884187683,88,37
85,2288,1764.59958604391,91,6
24,9614,1060.54346032883,78,54
81,4836,3490.04703598677,90,9
97,7953,7326.31827413207,99,2
52,8399,2733.98636117979,75,23
58,1879,750.447294437022,67,9
8,2395,143.12340459924,44,36
92,2207,1873.29688115087,93,1
44,3319,805.055375399647,74,30
62,9234,4185.68603566088,92,30
66,3133,1597.39563066507,79,13
62,9137,4141.71684078768,90,28
86,1356,1061.62266002361,98,12
65,8812,4366.64881989362,74,9
3,7902,402.227797234212,85,82
43,4342,1013.8165258499,46,3
86,5900,4619.15464169563,90,4
57,3641,1407.03870322112,79,22
53,1532,516.542980416247,88,35
11,5008,333.785821845672,73,62
10,4643,298.230455051305,90,80
92,2685,2279.02225912555,93,1
31,6037,880.232031146483,91,60
20,3211,302.43260874941,69,49
12,6333,438.191943161851,69,57
2,8843,438.443833610248,64,62
0,6874,444.281558303589,82,82
63,8610,4022.83633015293,72,9
74,2324,1453.99935567369,84,10
37,1776,328.494772672492,91,54
43,1338,312.410527772264,49,6
6,2329,129.951267341747,79,73
85,2493,1922.70400699627,91,6
98,2699,2530.69471793637,99,1
30,9280,1300.1996464833,89,59
47,3837,1041.71447807435,71,24
43,1497,349.535545646547,80,37
97,2405,2215.49043748115,97,0
76,4578,2994.01416189642,77,1
66,5109,2604.88167158245,67,1
12,3288,227.502780533107,90,78
73,8948,5469.82468452926,76,3
80,3698,2620.40128405825,86,6
64,7737,3723.93993715446,70,6
95,9212,8166.01762932686,96,1
0,7681,496.439722043915,75,75
55,9033,3263.48979261349,83,28
71,9428,5490.3891594605,82,11
21,1851,181.336345043827,75,54
36,3004,534.161230500755,53,17
45,3727,938.87684002587,75,30
66,8165,4163.01797777857,92,26
22,3766,383.804721577585,64,42
20,9765,919.730434269072,67,47
91,2912,2439.93371506063,96,5
73,6496,3970.94112099934,88,15
35,9375,1602.40362636932,85,50
2,2352,116.614259487878,5,3
83,9055,6764.39788244801,86,3
36,7277,1293.9717957237,59,23
91,1531,1282.80855692233,94,3
53,6272,2114.72426447174,68,15
77,1345,898.392179998873,77,0
21,1618,158.510106040471,64,43
68,8785,4732.95733328211,87,19
88,1061,854.560620353202,95,7
10,3000,192.696826438491,87,77
63,3384,1581.10082941202,75,12
41,8737,1889.01012049789,67,26
72,8028,4791.49945535074,86,14
78,4707,3208.83356383025,83,5
53,1432,482.826075689338,80,27
67,5762,3020.87115560309,94,27
75,5378,3441.33199082867,75,0
6,9146,510.319575400435,87,81
7,4099,236.555637326168,73,66
93,7180,6175.90712290538,96,3
58,3889,1553.21422462245,82,24
82,2800,2056.58821573924,92,10
51,5441,1709.21764854203,71,20
23,3560,377.450210073295,69,46
97,6660,6135.20428840935,99,2
96,4542,4104.15686579567,96,0
66,1619,825.46553656136,89,23
76,3504,2291.61765471495,85,9
72,5107,3048.10509697013,73,1
49,4367,1276.2043972755,76,27
17,2149,180.022671033672,66,49
79,1031,716.824848430719,82,3
12,3924,271.508792826007,74,62
84,4354,3305.9246834848,90,6
82,4887,3589.48093225632,82,0
0,5101,329.688715290458,64,64
87,3985,3165.26613551781,94,7
92,7701,6536.59233427406,95,3
16,1560,125.724881994159,77,61
64,4049,1948.84746097175,83,19
36,6920,1230.49125002171,76,40
89,6609,5395.27101640257,92,3
46,9006,2355.55594600268,84,38
34,6988,1148.01711743677,66,32
47,1554,421.898435998839,75,28
11,1642,109.440159638697,79,68
83,4206,3142.02733225581,97,14
51,6551,2057.90935776491,84,33
64,2451,1179.70489672555,75,11
10,5151,330.860450994889,72,62
66,6771,3452.27124648361,67,1
7,4725,272.682455810232,87,80
58,3948,1576.77803003585,78,20
70,8796,4994.51093073256,70,0
59,5830,2405.18511352345,70,11
29,1859,250.280066034645,59,30
22,8819,898.771598404865,88,66
82,8820,6478.25287957862,89,7
78,5920,4035.75413169218,81,3
78,1720,1172.55018691057,84,6
4,6088,318.924869661449,82,78
54,6537,2282.02494354064,73,19
18,4141,360.646610914401,76,58
81,7911,5709.21466122649,94,13
90,8569,7087.71319370157,93,3
61,6767,2974.23697058131,69,8
57,5268,2035.78134813757,79,22
90,3339,2761.80118494218,92,2
67,1613,845.655184655986,70,3
39,5420,1084.24207498287,69,30
58,5219,2084.39831275509,88,30
79,5773,4013.80198835164,89,10
41,3948,853.589556566975,73,32
20,9887,931.22117804591,52,32
24,2855,314.941915876724,89,65
42,6104,1371.6184308154,85,43
98,2871,2691.96907565592,98,0
6,4265,237.974304513761,73,67
66,7105,3622.56493963463,66,0
21,3297,322.996180232036,85,64
24,1022,112.73927776743,76,52
48,9562,2693.80048945169,77,29
18,3331,290.102357149449,57,39
27,5760,716.017953045017,82,55
64,2504,1205.21463133447,80,16
70,8399,4769.08791578249,71,1
22,4690,477.972422782494,77,55
16,4885,393.696184962477,60,44
93,7091,6099.3533995156,98,5
99,3515,3347.61904761905,99,0
13,7528,540.91087839154,82,69
37,7158,1323.96710742663,78,41
57,3108,1201.06462224973,83,26
63,5418,2531.44334921818,88,25
43,5493,1282.56429675116,80,37
18,2083,181.411951348635,90,72
1,3512,170.095920441163,63,62
24,3164,349.028448978618,77,53
11,1251,83.3798049378865,81,70
20,1280,120.558623232403,66,46
13,1556,111.803576883267,78,65
0,7637,493.595906424864,36,36
54,5397,1884.05822552988,75,21
22,2331,237.559428039658,86,64
39,2392,478.506834568087,92,53
37,2541,469.991676441894,92,55
3,3992,203.200881619713,62,59
54,9609,3354.44052049594,74,20
20,8805,829.31146684477,78,58
59,3363,1387.41638709766,80,21
19,4156,376.384313577105,90,71
56,4942,1847.01415886826,77,21
89,1292,1054.72691075687,97,8
25,4187,480.598405759257,54,29
52,6969,2268.50231587832,56,4
83,8731,6522.35868709593,87,4
16,4545,366.294608117596,81,65
59,3639,1501.28106828677,93,34
16,2846,229.367316766266,80,64
61,5007,2200.68043619042,62,1
66,4807,2450.9035418471,68,2
31,4596,670.125296529607,35,4
11,1311,87.3788363497756,73,62
72,3244,1936.17641170376,83,11
36,3287,584.483343760313,67,31
44,7635,1851.94269092386,91,47
18,6242,543.626212346702,83,65
75,5344,3419.5757082537,88,13
63,2419,1130.2254451382,66,3
35,2393,409.018866976189,38,3
9,4760,294.792216830852,45,36
89,5883,4802.59939317542,92,3
0,6798,439.36951314341,70,70
47,3514,954.022589510887,49,2
50,2205,668.213689029452,76,26
73,1089,665.695024748811,86,13
32,5901,895.363337168241,67,35
76,9947,6505.34269733152,79,3
83,2046,1528.43269657522,89,6
70,2109,1197.52427841234,70,0
9,5923,366.818130312844,70,61
83,5255,3925.66657893587,84,1
94,3534,3083.19317977008,95,1
69,1365,755.224088964115,89,20
30,9509,1332.2843144838,80,50
88,8797,7085.36265527532,88,0
87,8196,6510.04297282409,91,4
40,7198,1497.09539105696,75,35
16,4218,339.940738622667,84,68
44,8402,2037.98591868269,66,22
6,1659,92.5672617088697,69,63
35,8710,1488.73979580552,89,54
21,3927,384.715195562998,72,51
68,3341,1799.97842350547,75,7
18,6691,582.730372767027,87,69
14,3724,277.962437858269,61,47
56,2785,1040.86087261192,84,28
81,8786,6340.68512369308,87,6
78,7685,5238.9815037254,88,10
97,7165,6600.41122018814,98,1
53,9772,3294.81592991356,64,11
59,3865,1594.51808984016,75,16
78,9436,6432.66486260936,95,17
16,3607,290.698493174955,59,43
71,6508,3789.92921614011,96,25
56,1062,396.909962913414,92,36
9,9626,596.149134288609,79,70
20,8255,777.508933424597,88,68
15,2542,197.137009793688,26,11
93,9947,8555.95378155151,96,3
60,9580,4080.46846099067,73,13
92,5315,4511.36063584815,97,5
59,8084,3335.08000990113,92,33
87,3085,2450.40050892659,87,0
65,5055,2504.92621250139,78,13
52,3675,1196.26144509296,90,38
7,5091,293.804525403152,72,65
38,4917,945.883463968998,91,53
42,7199,1617.67383411535,90,48
93,7569,6510.50710491237,99,6
7,4262,245.962460669462,87,80
87,7523,5975.48234316198,90,3
40,2536,527.45678128931,83,43
69,1468,812.211694211957,89,20
54,6703,2339.9744831808,66,12
71,5394,3141.19210077747,93,22
84,7025,5333.97356487844,90,6
51,2450,769.634853690126,81,30
50,6781,2054.94649673865,75,25
3,9066,461.477753698477,84,81
3,5215,265.454057526755,63,60
54,4189,1462.35314188339,74,20
32,6518,988.981228887069,78,46
69,2056,1137.53899407342,70,1
60,3368,1434.55300382219,84,24
43,5587,1304.51242052589,68,25
33,7741,1222.19317265865,38,5
44,9946,2412.49797039014,81,37
90,3158,2612.08988980156,98,8
59,3216,1326.77106776868,81,22
48,9574,2697.18112173295,71,23
92,9776,8297.84789765786,92,0
44,4750,1152.15819016219,83,39
2,3451,171.103660498582,76,74
99,3786,3605.71428571429,99,0
60,4845,2063.66071957201,80,20
64,6175,2972.12473981243,73,9
95,5570,4937.55082450615,98,3
77,7052,4710.38041141416,81,4
1,7314,354.237346841307,84,83
8,5958,356.04561361264,43,35
81,2268,1636.7714387134,84,3
99,7068,6731.42857142857,99,0
72,9979,5955.95080529958,76,4
2,4337,215.032331377094,71,69
61,6706,2947.42620433253,76,15
42,4263,957.930761888281,80,38
6,3002,167.502664044621,88,82
94,4037,3522.02910773396,95,1
5,1257,67.9047875571942,78,73
32,1798,272.811943777071,74,42
33,3407,537.916566237957,37,4
40,9061,1884.57645712241,67,27
51,2471,776.231723864613,80,29
78,6224,4242.99556007637,83,5
35,1891,323.215494129533,92,57
26,9077,1084.23316166745,60,34
47,2560,695.019302546349,84,37
24,3197,352.668758339014,70,46
93,5446,4684.39974809787,97,4
99,4799,4570.47619047619,99,0
15,9283,719.914579824864,76,61
26,2440,291.454105372765,87,61
28,4219,545.795768222194,81,53
88,9550,7691.85101260422,88,0
81,1018,734.670778046842,82,1
6,5382,300.299579576333,86,80
67,5411,2836.85071554466,77,10
74,5022,3141.99000180433,82,8
38,9694,1864.83512298464,70,32
75,3815,2441.18288304414,81,6
3,2929,149.092029625286,66,63
37,4179,772.961517454023,66,29
66,7864,4009.54970939996,81,15
48,3642,1026.0218973628,75,27
8,6312,377.200388238165,74,66
38,2002,385.124810833015,82,44
91,1006,842.916661178227,93,2
53,5996,2021.66560742547,74,21
35,9264,1583.4311674331,76,41
97,2533,2333.40427365479,98,1
12,7153,494.929254608672,87,75
38,6572,1264.25587252476,79,41
45,8906,2243.53022196684,82,37
5,5469,295.442548250036,86,81
47,3549,963.524806537888,80,33
94,9563,8343.1172547089,98,4
30,8354,1170.45989727602,82,52
18,6148,535.439595243115,58,40
38,9819,1888.88137740728,90,52
9,9737,603.023490605463,86,77
86,4730,3703.15278902039,97,11
39,2289,457.902234250147,80,41
98,9694,9089.49781240281,98,0
33,2231,352.242987753708,77,44
54,5782,2018.45926626158,71,17
85,6209,4788.63585216198,93,8
0,9738,629.388102234558,61,61
66,7192,3666.92287767097,73,7
65,3505,1736.84794754053,70,5
40,8756,1821.14021173864,71,31
48,2637,742.893943807164,76,28
76,1348,881.592636574132,94,18
93,1418,1219.69864906404,95,2
2,4514,223.808149374269,75,73
64,4564,2196.72507085084,72,8
38,9330,1794.81243010591,86,48
77,2757,1841.53698160364,90,13
37,4402,814.208327310986,92,55
72,1225,731.139366318467,81,9
60,2788,1187.51002810459,80,20
84,9837,7469.08155981626,91,7
88,3032,2442.06201782366,88,0
99,9831,9362.85714285714,99,0
20,4680,440.792466193472,91,71
84,9339,7090.95788219214,89,5
32,4067,617.089085284398,86,54
62,8870,4020.68823221919,68,6
60,7511,3199.2065355429,71,11
93,6957,5984.09273733325,99,6
32,4221,640.455625518919,87,55
13,1304,93.6965708584707,37,24
71,2459,1431.99691802221,71,0
94,3957,3452.23412913135,98,4
18,1070,93.188088306788,79,61
22,8814,898.262032922155,76,54
5,6996,377.933089697797,70,65
67,1395,731.363287411718,82,15
54,9301,3246.91968791058,77,23
13,8007,575.328560478355,77,64
86,3900,3053.33950891745,87,1
79,2239,1556.71274067544,87,8
16,7353,592.599395707082,76,60
70,4837,2746.52675897606,74,4
20,5297,498.905490048466,80,60
6,1297,72.3687392624497,70,64
30,1627,227.955261296156,81,51
46,1497,391.546441390852,89,43
61,1598,702.354171566267,67,6
61,1151,505.88839266131,62,1
98,5076,4759.46883595592,99,1
5,2624,141.751919292027,68,63
46,4267,1116.05121270192,87,41
95,1042,923.685450473143,95,0
74,6849,4285.04371213816,87,13
72,6922,4131.38505604607,77,5
93,4001,3441.47693575828,94,1
53,7794,2627.89555441529,83,30
46,8415,2200.97749118505,76,30
54,4097,1430.2365295527,77,23
7,6130,353.765810395074,22,15
17,4593,384.757621246001,68,51
98,8319,7800.24059226109,98,0
42,5326,1196.79550500047,68,26
73,5469,3343.14608847681,87,14
66,9543,4865.60692736569,78,12
41,8195,1771.82533335014,75,34
83,4673,3490.89246876638,96,13
92,9142,7759.7100532312,93,1
7,9623,555.348840690342,64,57
9,9665,598.564448670207,71,62
43,6688,1561.58565750441,71,28
7,3189,184.03901620716,87,80
98,2095,1964.35918268866,98,0
96,2323,2099.06569776384,97,1
59,7064,2914.27575333271,79,20
29,9475,1275.6340105854,74,45
6,9999,557.914436303188,73,67
47,2150,583.70761737291,84,37
32,9128,1384.99856662798,35,3
95,1722,1526.47442007174,99,4
9,5630,348.672306881869,66,57
42,7671,1723.73607188482,66,24
2,3668,181.862714201333,74,72
59,4358,1797.90681384824,86,27
30,9035,1265.87325495437,75,45
8,7019,419.450178238859,59,51
74,7426,4646.04097040998,82,8
73,4638,2835.16393460513,75,2
43,8505,1985.83822025643,84,41
47,2937,797.371754522901,66,19
22,3619,368.823496385895,36,14
33,1449,228.776373489522,47,14
55,7815,2823.44434067026,83,28
10,4932,316.793582664879,71,61
87,9365,7438.57399225203,93,6
29,5606,754.744513281453,74,45
52,3850,1253.22627581167,56,4
61,2722,1196.37550375681,85,24
39,8603,1720.98423820621,70,31
81,9639,6956.27861453194,92,11
44,6817,1653.52892259698,87,43
5,6328,341.84685414632,84,79
50,1672,506.690833586052,88,38
65,6633,3286.879439668,83,18
43,6990,1632.0998423977,66,23
65,6050,2997.98290516982,74,9
74,1982,1240.02871038952,89,15
62,9078,4114.97269132872,84,22
81,9305,6715.23731800183,85,4
0,3810,246.24857974057,55,55
42,4088,918.606838986463,82,40
95,6518,5777.90956447595,99,4
63,8396,3922.84945737096,67,4
72,5925,3536.32713913218,78,6
31,7748,1129.70643984147,84,53
30,7417,1039.17896314295,66,36
43,2321,541.931864693143,93,50
35,4588,784.194969363458,90,55
66,1023,521.588167944578,84,18
78,6761,4609.07663587345,82,4
71,1124,654.56060831922,83,12
65,3286,1628.32592171703,72,7
44,3181,771.582147980198,71,27
7,1844,106.418295981813,90,83
40,7509,1561.77956257943,62,22
93,6933,5963.44903664387,93,0
48,1993,561.466678046143,78,30
36,4259,757.321132058161,69,33
47,2437,661.625796994318,81,34
23,7462,791.161086395205,55,32
18,4000,348.366685259021,45,27
71,5689,3312.98514299648,84,13
17,9819,822.541929678746,86,69
65,8751,4336.42122365968,80,15
24,7768,856.906760956354,63,39
43,1058,247.033137804974,79,36
93,5899,5074.04959860986,94,1
57,1072,414.266819514706,83,26
33,1803,284.667909869984,86,53
94,6420,5601.04703285906,99,5
31,8236,1200.85986558265,77,46
24,5177,571.087319962802,87,63
64,1228,591.05573773112,86,22
78,6356,4332.98196976951,80,2
26,4711,562.721430496351,38,12
88,2681,2159.35628950701,89,1
78,4108,2800.4861440864,78,0
17,6205,519.795567130728,82,65
55,5966,2155.42788694034,89,34
43,1391,324.785533730359,47,4
44,6649,1612.77890660809,78,34
91,4382,3671.63102314413,95,4
39,6717,1343.70000325829,72,33
74,3183,1991.4285495307,95,21
83,8403,6277.33135352962,92,9
11,3567,237.742417436804,88,77
0,9590,619.822540606841,84,84
99,6174,5880,99,0
79,8299,5770.0576305786,85,6
32,4520,685.823128961269,81,49
97,4893,4507.44062810615,97,0
9,7250,449.000750425142,78,69
21,2033,199.166282806105,73,52
6,2282,127.328807245112,66,60
6,3739,208.625070240786,81,75
39,5913,1182.86409398039,88,49
1,3894,188.597242083682,72,71
22,3859,393.282639556001,89,67
23,3206,339.917239745782,81,58
80,5383,3814.39159331681,91,11
66,5413,2759.87952403128,72,6
48,5186,1460.99658421841,76,28
70,2179,1237.27140951185,87,17
95,6485,5748.65657036308,96,1
89,3590,2930.70403221141,90,1
95,5022,4451.77383135904,96,1
33,8846,1396.65686672761,60,27
84,2231,1693.96370437634,88,4
9,6424,397.845630445671,83,74
42,2702,607.161369604067,88,46
95,1661,1472.40070368128,98,3
87,8384,6659.37045926759,89,2
18,8706,758.220090466258,71,53
57,1132,437.453395233813,80,23
83,1730,1292.36977765158,89,6
62,1090,494.086828987476,77,15
31,2795,407.528329808584,59,28
85,6154,4746.21759288208,86,1
95,5897,5227.42140253371,98,3
11,5271,351.314909534452,90,79
80,6057,4291.98771702023,92,12
45,9587,2415.08244307164,71,26
65,5120,2537.1359461933,82,17
21,2077,203.476817210172,70,49
0,2201,142.25541312572,70,70
59,5021,2071.42958061771,84,25
55,8350,3016.73195708211,86,31
61,1030,452.706380921936,87,26
80,4733,3353.80185977493,91,11
99,8906,8481.90476190476,99,0
35,4100,700.784519265514,77,42
25,8848,1015.60417820824,86,61
90,1555,1286.19372344567,92,2
88,2115,1703.48323472858,92,4
73,6129,3746.59761862761,84,11
90,4847,4009.11959970493,91,1
93,2204,1895.77984664115,93,0
65,2128,1054.49712763659,81,16
50,6592,1997.67103767898,63,13
49,5713,1669.55706930041,81,32
66,2135,1088.55399663898,69,3
46,7637,1997.4884254522,86,40
42,3437,772.321845791701,73,31
37,3293,609.084057663579,85,48
77,9777,6530.54300657917,79,2
25,2388,274.102935981157,83,58
1,3347,162.104511878296,82,81
76,1576,1030.70474424394,81,5
33,1315,207.619690226861,61,28
26,3070,366.706599792782,49,23
30,4253,595.878135398003,80,50
41,6007,1298.76202287179,88,47
51,9645,3029.84823013929,90,39
21,8230,806.265866942571,56,35
14,6745,503.452374692273,84,70
54,3313,1156.54713751723,55,1
53,1829,616.682187455167,57,4
4,8938,468.224455491792,66,62
53,5289,1783.28709100622,85,32
21,7539,738.570883460515,60,39
28,2432,314.618466062189,69,41
26,6695,799.707063717485,73,47
92,4884,4145.52875738144,93,1
28,2213,286.287280179122,71,43
52,2499,813.45778266321,84,32
19,1756,159.030523253464,66,47
12,1211,83.7913221489028,89,77
95,3009,2667.34119047379,96,1
43,1021,238.393982702154,72,29
78,2108,1437.05569419039,92,14
63,2987,1395.61116355015,68,5
1,9636,466.698260071484,87,86
35,1316,224.934738378882,76,41
11,3354,223.545855924597,77,66
80,7873,5578.80457257723,87,7
70,1134,643.903523812043,86,16
76,8087,5288.90181897256,86,10
57,3381,1306.56354177166,76,19
93,6102,5248.66090027418,93,0
11,6053,403.435618936073,75,64
53,7895,2661.94962818947,66,13
59,3584,1478.59064268749,65,6
71,9844,5732.64646645409,92,21
31,3230,470.954026934428,89,58
38,3280,630.973716050094,81,43
33,4599,726.116315858047,68,35
80,8220,5824.68863032959,88,8
5,7553,408.022959760929,75,70
34,9741,1600.2911764384,35,1
46,3833,1002.53674672755,79,33
4,5883,308.185776645582,70,66
78,7141,4868.12842135369,81,3
47,4188,1137.00814025942,61,14
64,3166,1523.84565607225,80,16
68,5820,3135.5505611499,83,15
13,9423,677.072689570069,68,55
15,3307,256.464237367319,60,45
92,5161,4380.64576511991,97,5
13,6430,462.016066426355,76,63
23,3437,364.409093264583,59,36
8,9531,569.565415129586,22,14
10,1226,78.7487697378634,75,65
32,8531,1294.41529052402,84,52
81,7546,5445.80126831186,90,9
62,5580,2529.36193188084,85,23
71,9237,5379.16044398989,85,14
63,3741,1747.90136017446,86,23
48,1587,447.088619196803,84,36
88,6017,4846.26885265336,92,4
82,6413,4710.3215098342,91,9
39,7569,1514.13805637368,78,39
63,4888,2283.8123091507,84,21
25,7257,832.983671028165,82,57
40,8197,1704.87509315003,82,42
42,4565,1025.79261741028,80,38
13,2996,215.272182739247,56,43
40,1444,300.334224046436,66,26
84,2930,2224.70356513791,84,0
39,1773,354.679187997165,70,31
59,6901,2847.0295829203,71,12
54,7998,2792.05071109653,81,27
50,3480,1054.59575411451,77,27
88,2710,2182.71374284371,89,1
53,4428,1492.98454130753,77,24
10,5565,357.452613043401,66,56
55,7321,2644.96942009558,66,11
12,8113,561.353424107389,66,54
23,1621,171.867075991239,81,58
14,4091,305.355621181036,19,5
61,9642,4237.85915033914,87,26
93,1912,1644.61482158706,97,4
77,6237,4166.00150680518,77,0
29,4022,541.488125654299,74,45
99,9913,9440.95238095238,99,0
46,6078,1589.72563177929,61,15
96,1251,1130.40516052628,96,0
20,3048,287.080221572159,75,55
66,1840,938.144896400804,80,14
51,4250,1335.08086864614,65,14
43,3849,898.705621371783,81,38
27,9992,1242.09225465726,81,54
4,3920,205.352412791209,61,57
69,7383,4084.84941305645,83,14
78,5401,3681.94392994416,88,10
57,2395,925.530814121008,89,32
82,3223,2367.27993547414,82,0
29,6297,847.774919752641,67,38
72,5090,3037.95867311102,81,9
51,9457,2970.79053524389,60,9
51,6318,1984.7155124956,89,38
4,5291,277.173371448542,67,63
36,4158,739.361649940792,84,48
18,4248,369.96541974508,79,61
80,4613,3268.7699089672,90,10
31,6586,960.279635105307,78,47
62,4640,2103.26870321274,72,10
94,6244,5447.49807993333,96,2
90,4439,3671.64883496806,91,1
85,5087,3923.30336285199,89,4
16,5716,460.668862486288,71,55
79,8578,5964.0383606583,86,7
41,9474,2048.3554860475,84,43
44,4803,1165.01384996821,63,19
64,1152,554.475740933429,89,25
44,9429,2287.0946473767,85,41
9,5124,317.335151059093,69,60
31,2682,391.052229175893,58,27
61,4270,1876.75363741424,73,12
59,7164,2955.53107260412,59,0
40,7067,1469.84900369541,63,23
55,4781,1727.30484871971,93,38
19,6723,608.8623051441,73,54
24,1790,197.459204700293,61,37
50,1805,546.99578625767,89,39
56,2257,843.527105739713,76,20
3,9780,497.821799158516,79,76
33,6050,955.208460739549,76,43
48,8086,2277.98271885655,78,30
82,9499,6976.97552189538,89,7
87,7501,5958.00785006753,92,5
5,8906,481.11379314588,70,65
41,2794,604.085415665686,82,41
39,6229,1246.07820757718,91,52
18,2437,212.242402994058,73,55
49,7084,2070.21569734363,51,2
12,9360,647.635652612494,79,67
42,8258,1855.63974470406,85,43
27,3845,477.96684539203,85,58
44,1026,248.866169075034,45,1
42,2574,578.398728853023,63,21
61,6493,2853.80828284091,89,28
74,8445,5283.57339013093,84,10
34,1438,236.240500125082,82,48
91,7444,6237.24813698879,92,1
72,5049,3013.48788615669,81,9
55,8662,3129.45295955032,71,16
43,4247,991.634911396716,86,43
88,4220,3398.91217520312,96,8
10,5645,362.591195081761,23,13
87,5440,4320.96556517363,88,1
71,2943,1713.85397712052,87,16
93,8221,7071.32764030712,93,0
20,2799,263.62780189648,53,33
48,1389,391.308186555992,50,2
53,1164,392.464771021222,63,10
2,7179,355.94122825828,79,77
99,4879,4646.66666666667,99,0
34,6751,1109.08179161643,83,49
4,2136,111.896110643373,79,75
7,2626,151.547963800565,54,47
24,2457,271.037578742245,88,64
88,9024,7268.19513484194,96,8
77,4595,3069.22830267273,89,12
96,5872,5305.94652486838,99,3
82,1626,1194.29015671143,90,8
16,8525,687.054242948847,83,67
60,6386,2720.02834988376,79,19
72,2843,1696.84017832115,88,16
63,4836,2259.51643352143,82,19
37,3405,629.799944228511,80,43
58,4546,1815.61117642933,61,3
12,4470,309.287539228403,57,45
62,1434,650.018819053248,86,24
29,2251,303.055636710052,84,55
45,2600,654.971769269456,62,17
49,2810,821.189456456182,67,18
24,7921,873.78455890001,78,54
74,9391,5875.43371305146,79,5
81,6722,4851.13651280046,90,9
5,4067,219.7046706405,89,84
14,5053,377.160096266873,36,22
30,4833,677.140613303209,65,35
46,5349,1399.05271543064,85,39
84,1437,1091.09181675876,88,4
60,9796,4172.47067263723,85,25
98,9349,8766.01145534907,99,1
65,5730,2839.41190853273,81,16
19,7845,710.475202120402,89,70
15,5571,432.041810212681,67,52
77,9953,6648.10213199166,89,12
41,9401,2032.57229515859,66,25
39,1477,295.465967665997,61,22
7,1969,113.632117564095,41,34
24,3771,415.98807872894,84,60
64,8463,4073.37516972188,72,8
67,9951,5217.05811687025,78,11
7,6427,370.905850474574,85,78
13,1095,78.6792523696514,73,60
27,5619,698.490430236103,81,54
89,4616,3768.28128487128,95,6
57,1163,449.433126022018,73,16
93,7229,6218.05467847952,97,4
71,1882,1095.98137442773,89,18
30,1830,256.397128562978,85,55
49,8521,2490.16204927513,88,39
83,7900,5901.57297309103,84,1
21,7220,707.319509031028,76,55
76,6702,4383.11116492569,92,16
0,6816,440.532892260295,64,64
58,4528,1808.42221884558,76,18
91,4278,3584.49053332053,91,0
79,4599,3197.55332486215,83,4
8,9105,544.107974478531,12,4
17,2777,232.630506030948,81,64
39,8329,1666.17200046722,75,36
26,6779,809.740729640154,70,44
55,5060,1828.10343746532,76,21
25,6738,773.411048007134,58,33
83,7066,5278.54615542547,85,2
84,9035,6860.13539625292,98,14
6,3559,198.581606040909,83,77
83,3280,2450.27333566311,93,10
58,3668,1464.94980095529,86,28
38,7281,1400.64622760998,82,44
39,3179,635.941984570212,60,21
58,7951,3175.52231935538,75,17
95,4713,4177.8594319385,95,0
15,4611,357.591956002634,71,56
29,9063,1220.16580875309,52,23
35,9677,1654.02238852009,86,51
28,6065,784.605672971701,87,59
58,4965,1982.95413351773,83,25
86,9019,7061.0433412632,95,9
16,4502,362.82911457545,88,72
49,1957,571.91023711201,75,26
79,2918,2028.80204434611,88,9
9,9731,602.651903777525,72,63
15,3153,244.521239921124,57,42
13,8805,632.667412890211,61,48
81,8994,6490.79467362799,84,3
42,1626,365.375420790604,74,32
84,4217,3201.90270791351,85,1
20,3689,347.45371961276,67,47
51,4714,1480.8402858348,87,36
84,9009,6840.39399942917,88,4
64,4646,2236.19296213256,73,9
98,4859,4556.00060557719,98,0
64,5179,2492.73425546374,74,10
13,3800,273.042154342169,80,67
63,4465,2086.17470547419,78,15
63,5896,2754.77851365641,94,31
59,5940,2450.56596472201,69,10
3,7476,380.543534816878,82,79
15,2761,214.120882785355,81,66
64,2427,1168.15331878944,92,28
15,4910,380.779983511805,72,57
49,2273,664.257521183239,57,8
98,7480,7013.55927757097,98,0
57,1613,623.332443915318,60,3
16,8969,722.837478593338,88,72
87,6900,5480.63647053273,90,3
26,6737,804.723896678819,78,52
7,2299,132.676606541317,73,66
27,5348,664.802780014714,80,53
11,5388,359.113020787636,69,58
24,4785,527.844857257486,86,62
64,8176,3935.23755023586,76,12
64,2635,1268.26699423575,93,29
53,3813,1285.62557723704,79,26
2,3793,188.060325781259,68,66
82,6119,4494.37974718158,92,10
64,6599,3176.20261668376,88,24
22,4951,504.571740979985,74,52
16,7882,635.233025562793,63,47
53,1072,361.445218672465,70,17
87,9377,7448.10553393991,88,1
63,3176,1483.91732689497,89,26
17,4809,402.852035831051,64,47
75,7699,4926.51822190218,78,3
51,9227,2898.53909999951,76,25
91,3565,2987.07544443378,94,3
1,2743,132.851113260282,80,79
84,4090,3105.47357727442,85,1
22,5401,550.432634423934,76,54
83,4675,3492.38653787349,83,0
62,3401,1541.64156457468,74,12
69,9479,5244.51951596399,81,12
19,1495,135.393298555768,89,70
84,6319,4797.91871266433,92,8
96,8111,7329.10971784868,96,0
70,9419,5348.26039751819,70,0
67,2311,1211.59896574085,74,7
82,9101,6684.64619694388,85,3
30,3491,489.116052357025,85,55
53,4736,1596.83260786641,88,35
17,1775,148.692527261409,78,61
80,1907,1351.29941825286,82,2
7,2176,125.578206104352,66,59
9,2165,134.080913747646,47,38
3,1758,89.4857589898436,81,78
19,2727,246.968244255237,81,62
12,5285,365.678891459085,28,16
62,2233,1012.19806342113,73,11
58,1396,557.543599273062,87,29
59,4270,1761.60213288939,84,25
62,9600,4351.59042044016,64,2
68,9999,5387.00516510959,73,5
78,2428,1655.20456617375,94,16
32,3227,489.635229459738,84,52
46,7560,1977.34876213416,76,30
27,1152,143.203590609003,81,54
74,4827,3019.98919528265,85,11
89,9547,7793.7134806469,91,2
3,1087,55.3305005813197,74,71
86,8740,6842.61213024064,95,9
73,7898,4827.96997747118,80,7
85,9776,7539.65277673306,85,0
9,3655,226.358309352261,57,48
99,5932,5649.52380952381,99,0
65,5599,2774.49690678443,89,24
27,1702,211.57336043101,78,51
12,3015,208.613407331909,82,70
36,5269,936.91595323185,92,56
80,2447,1733.94319688765,88,8
9,1617,100.142650129304,74,65
54,4448,1552.76838746654,83,29
24,5023,554.099209614285,86,62
86,9320,7296.69851874631,93,7
49,3950,1154.34105089036,77,28
36,4067,723.180334369697,88,52
91,9329,7816.66951504143,91,0
24,5839,644.114131980452,85,61
37,2679,495.516608102256,91,54
39,1509,301.867396890988,81,42
4,5761,301.794706655652,61,57
13,3695,265.497568498504,60,47
38,6587,1267.14142305548,85,47
55,7605,2747.5744351628,78,23
25,1931,221.646888349922,66,41
40,5796,1205.4966499814,80,40
67,7041,3691.41857108667,69,2
87,8286,6581.52953548321,87,0
66,1815,925.398362482315,74,8
82,5091,3739.31807368875,87,5
88,4458,3590.60437844917,96,8
42,6045,1358.36065109422,84,42
1,5561,269.334684958232,72,71
17,4092,342.788631861231,65,48
67,2312,1212.12324049885,84,17
0,1831,118.341509056426,79,79
52,3677,1196.91247172974,66,14
58,2846,1136.65407129737,87,29
96,3755,3393.0226840737,97,1
50,1365,413.656093208709,80,30
17,9755,817.180621653546,76,59
75,2927,1872.95997343911,79,4
83,4394,3282.4698283243,94,11
15,6784,526.112303084335,57,42
93,3287,2827.3268402493,94,1
29,4026,542.026651885681,36,7
99,7171,6829.52380952381,99,0
58,3777,1508.48293299022,84,26
72,3982,2376.65057688174,87,15
58,1767,705.716002804799,93,35
66,9433,4809.52217812434,73,7
10,2522,161.993798759292,73,63
99,4771,4543.80952380952,99,0
63,6708,3134.16795617489,77,14
25,4612,529.381382221565,78,53
98,1000,937.641614648526,98,0
47,5210,1414.47287744784,86,39
44,1298,314.842385438006,83,39
42,2399,539.074805951205,78,36
74,3261,2040.22887213937,82,8
3,1653,84.1410464221908,68,65
15,2908,225.521016711269,47,32
1,8315,402.718558789372,61,60
42,5130,1152.75271135043,65,23
83,6320,4721.25837847283,92,9
65,1059,524.77089199584,79,14
91,8716,7303.04335867737,94,3
41,2257,487.981668989783,72,31
9,4377,271.072590980806,69,60
14,7688,573.838674074751,45,31
88,1887,1519.84532573656,93,5
64,5825,2803.66422824412,90,26
65,5853,2900.36263536511,77,12
83,6992,5223.26559846234,88,5
30,9027,1264.75239319016,63,33
79,1571,1092.27142277852,89,10
27,4635,576.170696590912,70,43
57,1647,636.471503489478,90,33
1,9341,452.41059021666,71,70
99,8626,8215.2380952381,99,0
52,2007,653.30523001403,83,31
8,7295,435.943731336726,83,75
5,7873,425.309779186786,69,64
58,2106,841.108037298759,89,31
39,7878,1575.9518573275,86,47
73,6756,4129.87657227086,81,8
94,3813,3326.60316764666,95,1
60,5020,2138.19954845232,84,24
41,1626,351.554361443237,82,41
82,2078,1526.28225439505,91,9
5,1760,95.077506842213,88,83
4,4647,243.436903632844,80,76
36,8049,1431.24625309606,70,34
43,3834,895.203261194964,74,31
51,2897,910.053947404202,78,27
51,9914,3114.35099570772,92,41
9,2479,153.527291076404,62,53
59,1005,414.615958677714,76,17
98,6621,6208.12513058789,99,1
63,4801,2243.16344030943,87,24
2,4204,208.438072656054,63,61
4,2911,152.495120825308,85,81
50,1710,518.206534349371,78,28
36,9302,1654.05052134421,87,51
76,2944,1925.37739026279,77,1
43,4993,1165.81895752385,84,41
21,1128,110.506427449723,89,68
14,3233,241.313792050425,80,66
8,7598,454.050784194166,75,67
3,2040,103.840129885825,80,77
50,5808,1760.08394824629,71,21
91,7272,6093.13117304977,98,7
13,3581,257.306303868239,76,63
96,1193,1077.99628817575,98,2
78,4149,2828.43646830926,97,19
37,2845,526.220511403852,82,45
0,7015,453.394694719185,76,76
61,8836,3883.60541924877,64,3
72,1710,1020.61087053435,74,2
2,3970,196.836143778433,87,85
67,2499,1310.16262024508,90,23
78,6016,4101.19879328719,95,17
13,5287,379.887860528171,88,75
94,3310,2887.76723968278,96,2
2,7147,354.354639693819,57,55
18,4329,377.019845121575,79,61
58,1546,617.451579137646,87,29
65,6244,3094.11657188105,77,12
64,6850,3297.01286926561,67,3
17,5951,498.517875905715,59,42
84,6331,4807.03012658298,93,9
14,2233,166.672965557872,84,70
69,4615,2553.37668173582,82,13
52,3054,994.117674371126,77,25
25,3118,357.894872022298,84,59
72,2028,1210.408681546,85,13
92,3616,3069.25306852811,96,4
57,4428,1711.16928807007,79,22
2,3587,177.846661897541,83,81
67,1829,958.898532384252,93,26
76,3179,2079.06750123825,76,0
17,7802,653.576956447049,40,23
77,4617,3083.92319334929,96,19
49,9420,2752.88422769296,72,23
57,5600,2164.08040044996,65,8
79,7241,5034.46045343049,82,3
52,5454,1775.34963851346,91,39
38,8562,1647.0722429332,88,50
68,3015,1624.34449172972,76,8
51,1941,609.739286127565,76,25
90,2001,1655.0955888198,91,1
57,2014,778.296058304681,70,13
63,3395,1586.24034156437,69,6
67,1950,1022.3357781024,86,19
60,4943,2105.40246374498,79,19
60,3008,1281.21598441127,79,19
10,5407,347.303913517641,74,64
73,9561,5844.54557541174,77,4
43,4725,1103.24345569802,92,49
42,6114,1373.86551212408,81,39
55,8746,3159.80092175331,77,22
62,7327,3321.26073026719,74,12
13,7980,573.388524118555,62,49
83,2404,1795.87106674821,95,12
52,3335,1085.58691683946,68,16
49,9205,2690.05300593564,73,24
64,2776,1336.13251461042,90,26
24,3317,365.906246922274,67,43
27,7532,936.292920544283,43,16
55,1175,424.510185577422,75,20
75,2583,1652.83758503355,87,12
60,1992,848.464840740441,85,25
12,5886,407.263189239011,83,71
50,7265,2201.6201590925,69,19
58,6069,2423.87686532107,85,27
86,2443,1912.64318468855,88,2
58,8790,3510.60762006462,81,23
56,2445,913.789886368453,63,7
36,7594,1350.33967524059,83,47
9,3985,246.795584888854,74,65
3,7915,402.889523552112,53,50
42,8150,1831.37126657037,68,26
0,4201,271.519759446229,65,65
45,6435,1621.0551289419,61,16
5,3363,181.673667903615,75,70
88,4005,3225.74484874135,93,5
24,4339,478.645524689704,70,46
26,7057,842.947385908034,61,35
26,7474,892.757370309855,68,42
99,9093,8660,99,0
83,4030,3010.54925082998,93,10
29,6860,923.572486819616,45,16
76,3704,2422.41774916215,82,6
80,4478,3173.1089643085,82,2
73,7133,4360.33297661457,78,5
49,3742,1093.55549681816,85,36
91,4103,3437.85990140583,94,3
44,4620,1120.6254396946,69,25
36,5572,990.794399583957,70,34
80,2378,1685.04982517321,81,1
24,4895,539.979221792141,86,62
22,2475,252.234913941721,66,44
26,4541,542.41520184333,59,33
67,3518,1844.39859864833,80,13
64,6028,2901.37132495374,76,12
14,4567,340.884654591492,77,63
96,2713,2451.47018425884,99,3
8,6829,408.095920671487,78,70
27,3555,441.917330394972,67,40
55,3233,1168.03525955047,67,12
62,9093,4121.77205136066,65,3
94,4372,3814.29558063237,95,1
42,3748,842.206074491503,75,33
53,5185,1748.22151009024,84,31
48,8886,2503.35820427397,91,43
26,5410,646.215864781418,78,52
34,6677,1096.92477005227,58,24
46,5853,1530.87596623958,61,15
56,6196,2315.68185518975,80,24
23,8855,938.854384887368,73,50
49,4841,1414.72532338234,81,32
36,8240,1465.2092341299,66,30
49,7208,2106.45323919436,87,38
59,4399,1814.82149474952,83,24
5,5949,321.372777388821,64,59
71,2692,1567.68430391044,82,11
84,8684,6593.6265391323,95,11
82,3169,2327.61716274202,92,10
34,2667,438.145628535183,77,43
88,4508,3630.87584971935,91,3
26,1549,185.025577550169,74,48
23,5819,616.961452925985,25,2
87,1683,1336.79872172559,98,11
42,7134,1603.06780560896,81,39
97,8390,7728.88348044361,98,1
70,5786,3285.38429345368,83,13
65,6896,3417.2049775291,81,16
5,4395,237.423660552004,87,82
2,9399,466.010809917756,38,36
32,5403,819.801408357906,58,26
8,1010,60.3568428581347,81,73
96,8588,7760.12751286949,96,0
91,3130,2622.59358796009,93,2
69,2935,1623.87011070306,78,9
78,7544,5142.85965700773,80,2
5,4087,220.785096854616,64,59
41,4832,1044.71751198876,81,40
34,1336,219.48352445557,76,42
32,9338,1416.86203058414,65,33
7,5208,300.556662404167,87,80
48,2890,814.168941070423,92,44
38,3590,690.608427018243,60,22
30,3572,500.464777719649,81,51
79,3129,2175.50431691534,86,7
42,3097,695.921081296741,82,40
84,1528,1160.18670564189,87,3
15,8625,668.885408918394,83,68
31,6329,922.807441630958,78,47
85,1281,987.959820682799,88,3
89,1159,946.152081708364,89,0
73,3942,2409.7059573552,94,21
23,4653,493.33590659299,79,56
87,4593,3648.19758103722,93,6
27,7780,967.121471300388,47,20
98,9624,9023.86289937741,98,0
17,2077,173.991199505322,68,51
88,3983,3208.02540138247,89,1
72,5705,3405.02047742601,75,3
32,4640,704.030822650506,89,57
29,4440,597.764116833687,38,9
99,8769,8351.42857142857,99,0
81,2942,2123.1841149448,96,15
17,7273,609.262394801255,55,38
74,5240,3278.38064704394,86,12
40,1897,394.552647518068,83,43
57,7733,2988.3631672642,88,31
44,4368,1059.50041571126,80,36
42,3994,897.484274684915,74,32
85,7763,5987.14448708866,94,9
66,4647,2369.32572476877,79,13
52,7970,2594.34114758935,66,14
8,8237,492.236945170748,63,55
61,4722,2075.41702011008,92,31
25,3803,436.521551732136,80,55
44,6287,1524.97232453678,86,42
78,9450,6442.20887575863,83,5
16,3436,276.917111879441,83,67
52,7358,2395.12699673305,72,20
9,4917,304.515405495231,33,24
17,6163,516.27720873919,87,70
15,3119,241.884474251185,50,35
99,7281,6934.28571428571,99,0
17,4796,401.763020138432,65,48
56,5908,2208.04525507764,86,30
99,1230,1171.42857142857,99,0
69,6970,3856.34571434424,75,6
28,5901,763.389625095797,72,44
25,8850,1015.8337451563,58,33
55,7291,2634.13086216594,83,28
9,4574,283.273025164772,78,69
98,5274,4945.12187565633,98,0
61,5878,2583.50301656227,63,2
59,1826,753.322129896025,66,7
45,8541,2151.58226205016,89,44
62,6947,3149.01027612477,77,15
60,5621,2394.18718363555,83,23
11,7702,513.34233223949,62,51
91,6902,5783.11212271583,92,1
73,1190,727.435334665827,75,2
71,8692,5061.78007785646,76,5
49,5784,1690.30598439237,62,13
9,5836,361.430121307742,60,51
15,6740,522.700018099708,22,7
95,5533,4904.75201292505,97,2
47,1684,457.19238495627,76,29
4,9486,496.93188462689,81,77
73,2486,1519.66743023466,73,0
43,8390,1958.98679223415,76,33
64,4203,2022.97008606181,90,26
84,8517,6466.82602876437,94,10
70,8384,4760.57067340403,84,14
43,6201,1447.87569709702,84,41
73,9188,5616.53433185682,83,10
3,3829,194.903851633738,85,82
14,1018,75.9843613694194,89,75
37,2781,514.382861938176,84,47
77,3416,2281.71575232427,89,12
30,8545,1197.22047189653,89,59
19,5575,504.894742105958,75,56
54,5906,2061.74687418556,83,29
95,1258,1115.1595937574,95,0
60,2392,1018.83930675258,79,19
85,4331,3340.2451080228,89,4
85,2782,2145.59267848521,88,3
46,2037,532.78563868615,87,41
16,3499,281.994462883052,50,34
99,7370,7019.04761904762,99,0
49,8422,2461.23046344269,68,19
97,7623,7022.32166524692,98,1
35,2610,446.109169581217,84,49
82,9411,6912.33989225787,82,0
73,7968,4870.76029127505,86,13
77,2830,1890.29730066677,95,18
15,4435,343.942816064125,74,59
2,8506,421.735072790769,72,70
44,7770,1884.68823948637,77,33
66,4676,2384.11170411422,68,2
36,5208,926.069137299578,68,32
37,3727,689.358118102691,59,22
49,7111,2078.10612984338,62,13
81,9215,6650.28607043384,85,4
82,9647,7085.68089901303,89,7
56,7622,2848.63252102264,88,32
47,2037,553.02903097145,79,32
53,2291,772.454287293487,73,20
49,8500,2484.02504621977,92,43
21,1177,115.306795308798,55,34
78,3704,2525.0731932074,94,16
54,2532,883.905026318631,54,0
59,2741,1130.80830122947,67,8
15,3281,254.447887149131,90,75
0,7195,465.028485888031,86,86
25,4076,467.857440142042,71,46
15,8409,652.134191721134,58,43
48,2938,827.691470195468,85,37
15,3973,308.11382372554,76,61
20,3692,347.736278885961,66,46
76,9564,6254.86051646513,77,1
69,6122,3387.16620706103,79,10
45,1306,328.997357948427,75,30
46,4765,1246.30513909647,73,27
41,4824,1042.98784723381,54,13
21,4709,461.325147926193,85,64
46,5821,1522.50623602949,82,36
12,5030,348.034971435988,76,64
89,1491,1217.18097828056,91,2
36,1684,299.443246392567,74,38
84,3582,2719.75705471809,84,0
57,1594,615.990028270934,86,29
4,9481,496.669955528942,26,22
31,3700,539.482941070397,59,28
72,2978,1777.41472073175,88,16
28,2845,368.046684188704,85,57
82,5371,3944.97689526267,83,1
59,3947,1628.34745164272,63,4
27,1804,224.252845016183,75,48
25,8060,925.15480067342,73,48
60,2314,985.616285880211,81,21
11,5776,384.973423917852,42,31
99,5287,5035.2380952381,99,0
26,3817,455.934557462231,67,41
66,2337,1191.54599070037,91,25
3,3340,170.012761675812,84,81
88,4940,3978.8213614937,91,3
20,9536,898.1617430814,86,66
95,4476,3967.76974694605,99,4
85,5827,4494.02176043612,91,6
18,2239,194.998252073737,36,18
85,5584,4306.61017852674,87,2
84,1902,1444.15910610659,91,7
43,4299,1003.77642667636,87,44
34,3796,623.622349426154,84,50
55,4250,1535.46237336514,80,25
51,7759,2437.38646113538,79,28
40,3230,671.800237998608,72,32
95,7069,6266.34592072423,98,3
45,5472,1378.46366209326,70,25
39,9548,1910.02644500673,73,34
78,3399,2317.15004959826,82,4
45,9600,2418.35730191799,88,43
11,1541,102.708456762017,83,72
22,8777,894.491248350097,57,35
73,7438,4546.77648676002,88,15
18,3471,302.295191133515,74,56
99,6327,6025.71428571429,99,0
86,2580,2019.90152128385,91,5
42,8983,2018.55313958302,88,46
1,4387,212.474602213948,85,84
32,3277,497.22176849692,86,54
39,5408,1081.8415390235,71,32
34,9293,1526.6919107527,82,48
20,5969,562.198767245478,73,53
51,2293,720.315395718963,75,24
62,1601,725.718360742155,63,1
92,6174,5240.47799919595,93,1
16,5058,407.638752004137,82,66
79,8098,5630.30807234914,79,0
54,5384,1879.52000857011,80,26
69,8398,4646.42629972208,83,14
57,1983,766.316327516476,63,6
46,7814,2043.78349567677,62,16
97,3277,3018.77844641403,98,1
35,4724,807.440504636656,90,55
94,4095,3572.63046722085,99,5
97,3203,2950.60950987615,97,0
39,9998,2000.04654348317,82,43
53,1440,485.523428067491,55,2
87,8751,6950.87677588868,88,1
10,4343,278.960772407456,80,70
0,7806,504.518743688947,66,66
84,9909,7523.75004332818,85,1
33,6696,1057.20262034909,83,50
52,2076,675.765648983123,66,14
88,3222,2595.09360865035,88,0
62,3551,1609.63516489406,88,26
79,4291,2983.4097231971,85,6
93,4762,4096.05427845061,95,2
73,2578,1575.90612837689,76,3
22,5342,544.41976172795,90,68
24,9895,1091.54124609463,73,49
30,7249,1015.64086609455,73,43
31,5603,816.952140220929,79,48
83,6973,5209.07194194478,83,0
87,8610,6838.88116105605,88,1
56,4305,1608.94292875918,85,29
67,3462,1815.03921220026,67,0
60,2422,1031.61739170349,67,7
39,9787,1957.83711953088,78,39
2,2785,138.08278600074,46,44
88,5748,4629.6083372198,93,5
80,1620,1147.93133590437,87,7
3,6809,346.591884506169,76,73
15,5116,396.755681394377,82,67
34,6751,1109.08179161643,76,42
50,4587,1390.06630003542,74,24
32,3644,552.906965029837,87,55
54,4442,1550.6738257928,65,11
68,4430,2386.68195633918,90,22
39,5793,1158.85873438667,84,45
64,6849,3296.53155351828,77,13
76,8194,5358.87986950181,81,5
86,4459,3490.98483852895,92,6
95,8420,7463.94577061791,97,2
81,8565,6181.19372688723,87,6
9,6347,393.076932820466,77,68
66,7861,4008.02012532974,79,13
65,2385,1181.84945931075,79,14
11,5029,335.185482839833,61,50
94,1147,1000.68550571485,95,1
67,9992,5238.5533819483,73,6
86,8860,6936.56103820733,93,7
55,5541,2001.88164960383,76,21
93,1934,1663.53821388565,96,3
30,3323,465.577955308621,66,36
77,9857,6583.97897267575,77,0
69,4413,2441.61458212355,69,0
73,9800,5990.6439325421,78,5
35,5286,903.499260692075,83,48
76,5973,3906.34482066565,87,11
7,5541,319.774283099364,63,56
68,9696,5223.7625843487,86,18
77,2415,1613.09822654073,84,7
61,2864,1258.78745141789,81,20
26,5085,607.395133532996,88,62
63,5951,2780.47607441813,93,30
65,6011,2978.65706495467,68,3
3,2877,146.445124353686,87,84
68,1056,568.924637899363,93,25
97,6551,6034.79328729274,98,1
53,2516,848.317322929032,71,18
7,1131,65.270657676481,82,75
32,2651,402.238299751399,79,47
95,1359,1204.69148483014,96,1
87,6088,4835.66881631931,97,10
54,3419,1193.55106041998,83,29
3,1847,94.016039166235,72,69
74,5368,3358.46322773509,75,1
47,6569,1783.43039001053,53,6
67,1511,792.179159339861,88,21
15,9038,700.914356615009,60,45
13,2927,210.314312041981,80,67
5,9315,503.208509224554,83,78
25,6049,694.325234401181,72,47
52,1861,605.780285528705,85,33
34,8762,1439.45706682612,66,32
3,8922,454.147862177124,90,87
91,4153,3479.75436766717,92,1
96,3363,3038.81099508385,99,3
43,2931,684.361178550453,68,25
7,1893,109.246114042068,72,65
68,8980,4838.01443971239,83,15
92,6991,5933.94585234514,99,7
50,5516,1671.59487922288,55,5
56,5297,1979.69121803423,57,1
54,3121,1089.52116395752,80,26
33,5926,935.630634436787,73,40
4,2871,150.399688041725,46,42
74,1963,1228.14145231818,80,6
1,7909,383.0548504468,61,60
28,3711,480.077766265125,57,29
1,5280,255.725074011772,72,71
43,4122,962.448576589891,86,43
63,2040,953.145890071077,93,30
25,9561,1097.44479519089,44,19
73,9360,5721.67624577491,82,9
68,1781,959.521572063225,81,13
29,7950,1070.32088487113,64,35
13,8676,623.398350282279,64,51
94,3235,2822.33444724284,96,2
31,6156,897.58296898091,67,36
88,6439,5186.16007017367,96,8
87,2761,2193.04888335375,88,1
55,3165,1143.46786157663,84,29
46,4920,1286.8460198016,79,33
38,9020,1735.17771913776,65,27
0,3079,199.002461160424,78,78
55,1038,375.014104365416,87,32
44,6718,1629.51552031781,61,17
3,3289,167.416758428666,66,63
6,1753,97.812181902139,85,79
73,2351,1437.14325361291,79,6
39,2228,445.699509790007,59,20
8,6137,366.742519426112,73,65
85,1261,972.534999126471,87,2
7,8809,508.372434546526,88,81
90,6568,5432.61760488177,94,4
90,2597,2148.06758828836,93,3
44,9814,2380.48010068458,90,46
64,1686,811.498350011945,67,3
20,2453,231.039299053972,67,47
2,8588,425.8007059872,83,81
23,6915,733.165225465404,72,49
27,8023,997.328478694475,83,56
81,7555,5452.29639306866,81,0
44,8553,2074.61242114889,77,33
85,6764,5216.67465035008,88,3
89,7973,6508.77527822329,89,0
40,3042,632.698552319432,81,41
96,3414,3084.89465870243,97,1
84,5641,4283.1238262604,87,3
74,8508,5322.98903531486,81,7
81,5401,3897.79653460805,85,4
76,3072,2009.089450709,87,11
99,1426,1358.09523809524,99,0
94,5627,4909.20430746073,99,5
7,8724,503.467035870575,90,83
21,3099,303.598775413734,64,43
35,2539,433.97363278418,68,33
82,7508,5514.59440134652,84,2
84,3978,3020.43371403366,89,5
42,8175,1836.98896984206,87,45
37,6375,1179.14086474501,85,48
99,1276,1215.2380952381,99,0
98,1893,1774.95557652966,98,0
24,4356,480.520835572332,71,47
3,3783,192.562358508861,46,43
9,6189,383.291813018097,89,80
7,8315,479.86341165335,58,51
7,7647,441.312749117639,90,83
15,7664,594.358002776878,59,44
12,6226,430.788415936473,69,57
61,2879,1265.38026279054,63,2
60,8763,3732.47861416088,89,29
27,3858,479.582858133277,75,48
34,4775,784.456459038432,72,38
78,8902,6068.62893248712,80,2
58,6153,2457.42533404524,81,23
82,6388,4691.95911505082,86,4
93,3642,3132.68157961301,96,3
0,2760,178.384797922302,74,74
91,6478,5427.84704881964,97,6
21,2594,254.125596457962,71,50
98,6260,5869.63650769977,98,0
31,4549,663.27240511601,78,47
53,7162,2414.80471654123,65,12
60,2357,1003.93154097652,89,29
34,9652,1585.66989374638,84,50
17,6161,516.109667863403,80,63
54,2354,821.766363330986,81,27
49,1185,346.302315267109,64,15
68,8758,4718.41096469945,90,22
95,8045,7131.52538297162,96,1
75,2480,1586.92884664468,79,4
84,8085,6138.81512769284,96,12
33,2387,376.873156328149,84,51
99,3802,3620.95238095238,99,0
76,4858,3177.1342941225,78,2
83,7956,5943.40690809016,89,6
96,6880,6216.77658227086,97,1
90,9386,7763.48185740261,98,8
54,5960,2080.59792924923,77,23
65,4347,2154.08788244185,74,9
54,7329,2558.50708447443,76,22
39,8183,1636.9654796282,76,37
93,6270,5393.16680509982,94,1
52,8101,2636.98339229878,62,10
18,9658,841.131361557905,48,30
50,4614,1398.24850847251,79,29
83,5472,4087.77307705749,83,0
32,6121,928.744108931842,64,32
43,1048,244.698231020428,60,17
88,3396,2735.23832867057,89,1
59,7103,2930.36532784856,73,14
49,8804,2572.86547140221,86,37
54,8921,3114.26411524033,84,30
91,4776,4001.75941728351,94,3
77,5787,3865.42419751188,81,4
17,7259,608.089608670742,56,39
39,5330,1066.23805528758,56,17
70,4312,2448.42327572974,75,5
92,3929,3334.92679929396,98,6
75,7855,5026.34116548144,77,2
44,8929,2165.81483788594,59,15
73,6786,4148.21527818681,84,11
86,5290,4141.58102619828,97,11
50,1268,384.260751786551,90,40
19,6001,543.475039888404,82,63
29,4776,643.00032026975,55,26
71,3105,1808.19456301706,86,15
87,7226,5739.57668638688,91,4
21,7355,720.545012316234,73,52
69,8063,4461.07826323638,74,5
43,6649,1552.47952104468,80,37
81,3051,2201.84729255493,88,7
61,6887,3026.9794615625,83,22
14,5605,418.361832490762,73,59
56,4064,1518.87202380425,76,20
2,2914,144.478721151223,45,43
30,4981,697.876555941089,75,45
3,7751,394.541591541683,79,76
31,2554,372.389035538863,70,39
87,4790,3804.67372374663,87,0
25,5054,580.115677742365,78,53
8,7649,457.09850596225,78,70
74,5210,3259.61129219445,85,11
15,2935,227.614918860926,67,52
17,7057,591.167980216204,90,73
0,5570,360.001204502617,61,61
15,1468,113.846235396197,37,22
5,4988,269.458297800545,90,85
47,6047,1641.71161035069,76,29
5,4191,226.40331316802,63,58
35,8757,1496.77317931905,63,28
98,6643,6228.75324611016,99,1
8,5898,352.460058591365,83,75
88,4052,3263.60003173532,89,1
38,6086,1170.76403532953,63,25
93,5315,4571.71954850168,94,1
49,3373,985.71958598815,67,18
85,4144,3196.02302647113,85,0
0,2748,177.609211844379,68,68
78,1391,948.265877902672,80,2
3,5907,300.678258448809,82,79
95,7995,7087.20266461879,97,2
43,5096,1189.86849740468,67,24
88,4661,3754.1065518061,88,0
52,9117,2967.70492378571,54,2
59,1695,699.277661650473,92,33
0,2509,162.162122459079,86,86
54,4044,1411.73456810132,67,13
97,1419,1307.18541820614,98,1
86,3942,3086.22162670579,91,5
0,2717,175.605614476411,36,36
27,5579,693.518083339957,42,15
44,4906,1189.99749072331,74,30
5,1930,104.261129662199,44,39
25,7793,894.507613107687,32,7
69,4648,2571.63484652396,84,15
36,3441,611.867108572935,84,48
81,3836,2768.36650745352,88,7
7,8946,516.278783000706,47,40
64,1772,852.891504283017,85,21
59,1950,804.478725792579,87,28
27,1905,236.808020928951,84,57
55,1243,449.077583551264,67,12
96,3489,3152.66475225916,98,2
36,3341,594.085443110194,83,47
84,1337,1015.16336743665,94,10
21,4868,476.901851795436,51,30
81,6789,4899.48910821219,87,6
93,3436,2955.48981536252,93,0
92,3935,3340.01958646519,94,2
66,6270,3196.83070675709,78,12
52,3311,1077.77459719803,71,19
91,4539,3803.17964720475,96,5
29,1011,136.112504981725,69,40
50,2692,815.796485654098,64,14
61,7928,3484.52057082438,81,20
83,3995,2984.40304145553,87,4
79,4148,2883.98590813833,88,9
66,2285,1165.03320014991,95,29
20,9563,900.704776540208,54,34
87,8451,6712.5882336916,89,2
58,6613,2641.14313896329,86,28
61,1249,548.96142696262,70,9
96,7067,6385.75001553897,96,0
14,4577,341.631062856417,68,54
70,5669,3218.94980290165,75,5
31,4420,644.463405278691,72,41
15,5215,404.433322609789,84,69
5,4307,232.669785209893,77,72
69,6579,3640.01412549078,90,21
14,3447,257.286928919832,80,66
50,8356,2532.24198890254,92,42
15,6055,469.57694504358,86,71
94,2427,2117.40516335653,96,2
37,1717,317.581939571323,69,32
68,6027,3247.07272028358,90,22
51,7581,2381.47013298973,78,27
50,1855,562.148024104142,78,28
26,1205,143.935326628763,65,39
89,3112,2540.4877293153,95,6
99,2056,1958.09523809524,99,0
11,2010,133.967552298283,87,76
71,7013,4084.01561044723,80,9
55,9986,3607.79464951161,78,23
59,4919,2029.34915496087,86,27
4,4846,253.861681731173,87,83
94,4186,3652.02225538131,95,1
54,6669,2328.10530036293,84,30
38,6949,1336.77937586345,62,24
77,5345,3570.19048482823,83,6
10,6178,396.826997912333,80,70
0,8422,544.332162355663,73,73
33,6489,1024.52028127916,81,48
14,1498,111.811958085845,87,73
77,4852,3240.89134375801,79,2
5,3266,176.433600765152,77,72
57,1150,444.409367949545,65,8
86,1564,1224.46743383254,95,9
10,9168,588.881501596029,43,33
76,5330,3485.8225170179,85,9
90,5906,4885.05474641166,96,6
69,6250,3457.9857553302,75,6
97,5995,5522.60506141352,98,1
29,6379,858.814707495966,44,15
57,1932,746.607738155235,83,26
97,2929,2698.20020431696,97,0
91,4744,3974.94695887625,96,5
91,7693,6445.88257897028,93,2
42,1071,240.662408159125,82,40
90,1056,873.453744024841,92,2
80,8073,5720.52449059012,84,4
95,2583,2289.71163010761,95,0
86,9154,7166.73586272573,87,1
31,2241,326.751694848314,73,42
45,6410,1614.75732346816,84,39
90,4131,3416.89149296081,97,7
28,4784,618.887640477596,69,41
78,8653,5898.88184147507,84,6
49,1981,578.923954889571,80,31
31,6544,954.155774693157,75,44
90,9221,7627.00470989873,91,1
70,5709,3241.66244924422,87,17
94,6372,5559.17004569749,94,0
21,1632,159.881639714493,75,54
39,6346,1269.48343318105,83,44
56,5109,1909.42843740549,71,15
84,7183,5453.94051480738,94,10
72,2902,1732.05423759689,84,12
59,2647,1092.02830111434,93,34
76,4892,3199.37031017853,76,0
18,8126,707.7069211037,71,53
30,9746,1365.48984424852,62,32
2,4213,208.884300689808,77,75
9,3039,188.208728350622,69,60
97,2276,2096.65539946241,98,1
93,7961,6847.68754950553,93,0
16,6900,556.090824204932,67,51
23,8766,929.418129635536,74,51
13,1957,140.616709486217,80,67
50,1961,594.270768338665,86,36
40,3909,813.023879361164,87,47
52,6931,2256.13280977939,85,33
69,1552,858.687022763594,78,9
60,1768,753.055139773644,90,30
51,2157,677.592807922287,51,0
61,2612,1148.02822035738,66,5
93,3901,3355.4615162192,98,5
49,2753,804.531876734473,81,32
52,2337,760.724625083602,82,30
22,4428,451.271191488462,74,52
74,2758,1725.52935582962,82,8
48,8810,2481.94753315932,75,27
30,2106,295.066859428214,63,33
15,3042,235.912975528088,90,75
91,1608,1347.3260349648,91,0
52,6794,2211.5374851596,75,23
21,7534,738.081050005508,81,60
13,6207,445.99280315838,58,45
62,1254,568.426498669995,90,28
88,4402,3545.50033062657,92,4
61,6070,2667.89100213219,80,19
73,1316,804.457899512797,73,0
77,8372,5592.07385200785,93,16
12,6126,423.86923161369,71,59
59,2754,1136.17149273475,82,23
55,4392,1586.76488089876,68,13
69,3612,1998.43912772043,88,19
8,2170,129.677573269458,18,10
92,7817,6635.05288625118,99,7
38,6735,1295.61218829189,79,41
43,3136,732.226767633648,65,22
55,8279,2991.0807033153,83,28
72,4660,2781.31383432168,84,12
42,5854,1315.44139809852,83,41
34,6379,1047.96811564527,83,49
69,4628,2560.5692921069,86,17
35,9176,1568.38993872692,88,53
50,8264,2504.36187126503,81,31
1,2417,117.062027251222,78,77
76,8629,5643.37007492447,87,11
62,5356,2427.82482207057,84,22
4,3877,203.099822548856,83,79
97,9577,8822.35007058504,99,2
99,3786,3605.71428571429,99,0
85,2987,2303.69709943757,92,7
86,4053,3173.12436657498,86,0
85,2903,2238.91284890099,90,5
14,6208,463.370250865772,67,53
76,5751,3761.15671582925,78,2
17,9250,774.876550517201,68,51
83,5978,4465.77256115673,84,1
85,5725,4415.35517049885,85,0
89,7218,5892.42944415097,93,4
85,1819,1402.88752054802,91,6
56,7214,2696.14733753048,83,27
57,5684,2196.54160645671,71,14
1,1377,66.6919369155701,80,79
61,2781,1222.30722848923,79,18
38,3798,730.621394377518,44,6
46,1596,417.440294228324,48,2
68,5475,2949.68029592709,91,23
91,3633,3044.0519185492,95,4
17,6718,562.769801770223,77,60
73,5591,3417.72349253499,92,19
48,4342,1223.22544710304,71,23
99,2486,2367.61904761905,99,0
89,1177,960.846419474327,91,2
13,7631,548.311757838183,86,73
91,3910,3276.14726163705,98,7
24,5959,657.351620563711,81,57
71,6083,3542.4307654856,94,23
70,1757,997.652990597671,83,13
44,7186,1743.03342200116,52,8
74,1432,895.923871482238,87,13
29,1772,238.567120502093,75,46
58,4727,1887.90013879926,89,31
91,7478,6265.7363740465,97,6
40,8351,1736.90519737659,64,24
35,8062,1377.98165715087,90,55
28,5987,774.515113616088,89,61
55,7672,2771.78054787233,79,24
32,6185,938.454878899435,76,44
49,9348,2731.84307436028,72,23
95,3033,2688.61609528315,97,2
9,3371,208.769866163194,55,46
67,5889,3087.45404986925,74,7
55,2881,1040.86284650941,86,31
39,7135,1427.31867250974,44,5
61,5530,2430.5497927168,85,24
28,4389,567.788012971607,78,50
11,8724,581.459167288667,80,69
52,8879,2890.23275400826,64,12
70,6013,3414.27856144781,81,11
54,7345,2564.09258227107,68,14
7,5561,320.928494552529,63,56
1,2794,135.321184997896,57,56
88,2989,2407.42855253131,90,2
58,3639,1453.36759151481,59,1
89,2710,2212.31418587547,95,6
64,8192,3942.93860219327,80,16
31,1388,202.379006001544,78,47
48,7314,2060.49537542874,78,30
41,8028,1735.7185815906,41,0
48,9391,2645.62647944372,55,7
30,2364,331.214651323978,89,59
48,2462,693.593056372104,92,44
91,9227,7731.20480386829,97,6
88,4179,3365.88956876157,88,0
29,6842,921.149118778398,75,46
8,2564,153.222717909166,65,57
68,7609,4099.38216834872,71,3
99,1183,1126.66666666667,99,0
73,2732,1670.04481874541,73,0
61,9067,3985.13471438757,63,2
18,6692,582.817464438341,71,53
32,5196,788.393136743972,68,36
43,1177,274.818528541073,71,28
22,4572,465.946677390525,72,50
10,7451,478.594684597733,85,75
55,6541,2363.16691392504,70,15
39,2045,409.091336409589,84,45
95,4969,4404.79174990503,98,3
26,9331,1114.57305624314,66,40
63,9093,4248.50763647858,85,22
19,5277,477.906646474106,91,72
29,5635,758.64882845897,73,44
26,9456,1129.50410672331,79,53
35,2952,504.56485387117,87,52
22,9704,988.964688844632,91,69
79,7086,4926.69338116399,85,6
53,1024,345.261104403549,83,30
8,4449,265.868904827566,10,2
64,2694,1296.6646233287,79,15
73,4075,2491.00755358256,85,12
36,9219,1639.29173901014,79,43
71,2464,1434.9086645005,74,3
78,4130,2815.48387903525,83,5
90,2787,2305.22309147465,91,1
82,1427,1048.12549423568,94,12
77,3821,2552.23533068825,85,8
45,5172,1302.88999640832,64,19
42,7170,1611.15729832019,78,36
0,6859,443.312075706186,66,66
7,9850,568.449140683764,83,76
84,3999,3036.3786883913,91,7
96,2386,2155.99257635149,96,0
62,2133,966.868996541547,84,22
93,1678,1443.33873986563,97,4
55,9337,3373.32051296714,74,19
13,4876,350.35619594011,47,34
73,1288,787.341773991248,88,15
89,8477,6920.21673567024,92,3
49,6824,1994.23375475337,86,37
74,8279,5179.7162932971,80,6
6,3561,198.693200087574,78,72
55,9545,3448.46784794595,56,1
55,3882,1402.50939609494,72,17
43,1697,396.233681337468,69,26
68,5896,3176.49589493811,87,19
49,1845,539.179554150055,84,35
23,8894,942.989373143789,64,41
4,5067,265.438947860473,70,66
70,3258,1849.94504460285,86,16
61,4923,2163.76069250359,84,23
6,6922,386.226995508617,71,65
30,1471,206.098456894066,74,44
59,9055,3735.66916002657,72,13
90,5212,4311.02359266806,92,2
61,4635,2037.17871414871,92,31
5,6374,344.331834438787,59,54
2,6090,301.947636173969,68,66
71,8511,4956.37485534242,78,7
72,1056,630.271976189634,87,15
74,9610,6012.45000345273,76,2
8,4473,267.303126836076,81,73
60,4615,1965.69540161503,73,13
93,7157,6156.12357641139,94,1
64,4915,2365.6668981665,82,18
13,1622,116.545887985,75,62
82,7437,5462.4452001617,91,9
20,5219,491.558948945242,75,55
47,2314,628.232291442286,74,27
90,9246,7647.68306558113,90,0
2,4925,244.185896249064,74,72
16,6860,552.867109282005,68,52
88,3737,3009.88976273319,97,9
92,6265,5317.71860462628,94,2
21,7193,704.674408373987,72,51
37,2466,456.119430974305,70,33
22,9004,917.625521265155,76,54
77,2272,1517.58143714308,86,9
83,8586,6414.03867683033,93,10
78,4112,2803.21300498619,78,0
24,4016,443.014617919763,91,67
65,2429,1203.65297134834,72,7
9,1596,98.8420962315209,85,76
89,2709,2211.49783377736,91,2
3,4075,207.425749649382,72,69
21,1271,124.515664262941,40,19
63,5628,2629.56130849021,79,16
76,5578,3648.01463413242,76,0
87,3428,2722.84374217191,89,2
31,2516,366.84839992787,81,50
11,3377,225.078817965822,84,73
75,5706,3651.21612861071,78,3
38,6113,1175.95802628483,77,39
37,4741,876.910876824485,65,28
58,1245,497.236232876047,62,4
24,4619,509.532998050643,45,21
16,3663,295.211694067053,88,72
51,8499,2669.8476006173,55,4
27,4334,538.753786197414,83,56
63,3925,1833.87138163185,84,21
81,6663,4808.557361617,86,5
38,1513,291.055863531644,67,29
98,3587,3363.32047174426,98,0
6,5226,291.595243936439,58,52
31,1517,221.188005838863,85,54
71,1686,981.84091247883,73,2
37,2588,478.684950268249,79,42
42,8836,1985.5210443455,51,9
90,8161,6750.2424289647,93,3
40,1204,250.417178498552,76,36
10,9467,608.086951964399,88,78
79,6664,4633.28883602552,96,17
29,8547,1150.69592490485,89,60
77,4439,2965.02816878438,87,10
49,8749,2556.79236816197,63,14
53,6151,2073.92680975218,73,20
56,9837,3676.46262257934,62,6
61,6254,2748.76282163669,86,25
44,8638,2095.22998876232,85,41
76,2834,1853.43733831683,76,0
19,8576,776.677544089811,83,64
66,6131,3125.95997817029,85,19
56,1768,660.769128466023,70,14
57,9013,3483.01011593847,63,6
52,8843,2878.51427454612,77,25
87,8799,6989.00294264021,90,3
4,7934,415.62909262384,82,78
2,5346,265.059452050253,80,78
44,5372,1303.0302731687,86,42
37,3519,650.885757339246,51,14
96,3068,2772.24862709404,98,2
2,2008,99.5584324199228,76,74
54,9108,3179.54462073858,76,22
21,5082,497.866723669762,83,62
72,5910,3527.37441219767,77,5
29,6070,817.21355612173,82,53
45,4522,1139.14705409095,75,30
80,9427,6679.96833553735,82,2
91,3878,3249.33480322979,99,8
75,3963,2535.88670131164,78,3
23,9417,998.440625915793,65,42
75,5579,3569.95001428656,75,0
98,2523,2365.66979375823,99,1
90,5166,4272.97541821243,91,1
43,3057,713.781004035734,53,10
88,4838,3896.66756010254,91,3
57,6494,2509.56037866465,91,34
26,3972,474.449060057632,36,10
39,6409,1282.08624696775,42,3
52,6829,2222.93045130335,81,29
43,9677,2259.48929540523,81,38
23,6296,667.53554006221,36,13
89,3290,2685.7984027787,89,0
51,4711,1479.89787580987,92,41
20,4102,386.35271289009,69,49
18,3557,309.785074866584,90,72
83,4897,3658.22820876289,85,2
25,9753,1119.48322220445,78,53
64,1029,495.273904010849,88,24
61,7843,3447.16130637937,80,19
73,8103,4953.2844678968,88,15
15,9262,718.28598926402,18,3
5,7168,387.224755139195,84,79
11,2660,177.290392593748,57,46
30,6001,840.786430877831,80,50
10,2912,187.044386196295,86,76
54,7789,2719.09014612789,93,39
99,6321,6020,99,0
26,6800,812.249146120821,90,64
48,6467,1821.87908024305,91,43
98,1942,1820.90001564744,99,1
14,2458,183.467151518696,65,51
86,1680,1315.28471153367,91,5
92,5598,4751.57043075785,93,1
51,3140,986.389159423264,77,26
27,4246,527.814623025893,81,54
21,3059,299.680107773672,88,67
64,7002,3370.172862861,83,19
7,3687,212.778881390968,70,63
45,7692,1937.70878816179,53,8
14,5358,399.925548347101,88,74
83,9097,6795.77333369736,85,2
90,2398,1983.46787705641,90,0
48,6486,1827.23174802172,80,32
54,2088,728.90746246181,61,7
48,7077,1993.72788787383,93,45
53,4718,1590.76356501557,76,23
43,2777,648.403614068444,73,30
70,2153,1222.50818938918,87,17
72,6820,4070.50651289139,74,2
98,2763,2590.70378127388,98,0
21,2842,278.421335826341,55,34
81,9334,6736.1660533293,89,8
44,3375,818.638714062612,70,26
79,8582,5966.81944639421,96,17
32,1617,245.348672462472,51,19
92,5321,4516.45342301938,92,0
44,4810,1166.71176730109,54,10
81,5960,4301.21595005813,84,3
80,9073,6429.12408065454,85,5
65,4608,2283.42235157397,78,13
27,8873,1102.99085023758,70,43
48,4269,1202.6599340587,92,44
84,4244,3222.40338923048,85,1
12,2482,171.734154891475,50,38
81,6394,4614.42529944156,87,6
62,4266,1933.73799308309,73,11
97,7331,6753.33072647582,98,1
19,7479,677.328749096046,54,35
69,6036,3339.58432306769,86,17
9,1275,78.9622009368353,90,81
72,1963,1171.61353149645,78,6
13,9803,704.376905004286,74,61
99,9200,8761.90476190476,99,0
9,7352,455.317726500089,85,76
83,7823,5844.05131246724,89,6
13,1373,98.6544415557364,78,65
20,6481,610.422216538439,62,42
0,7509,485.322988260351,31,31
94,4794,4182.46409276111,95,1
73,4181,2555.80431448557,81,8
35,4375,747.788358972347,73,38
83,5325,3977.95899768478,83,0
38,5874,1129.98158782874,87,49
93,2881,2478.10423692067,95,2
70,8473,4811.10631151626,75,5
25,2995,343.776504716736,36,11
6,1520,84.8114754656311,50,44
47,8453,2294.92115797824,80,33
88,5470,4405.6989569576,91,3
41,9218,1993.00621388915,82,41
42,7292,1638.57169028603,69,27
85,2671,2059.98491884759,90,5
79,9125,6344.35183504395,86,7
99,2483,2364.7619047619,99,0
63,4021,1878.72530587049,92,29
7,2063,119.05691139397,83,76
60,3779,1609.61276764966,66,6
11,1974,131.568133451149,76,65
27,6111,759.650297058698,53,26
61,1298,570.497944113275,80,19
33,6193,977.78611526612,74,41
90,7008,5796.55666489212,95,5
63,4496,2100.65878517626,85,22
7,4245,244.981380934272,87,80
54,5067,1768.85733347413,77,23
32,9444,1432.94549334297,83,51
28,8502,1099.87096976181,43,15
11,2602,173.424662228921,85,74
94,4272,3727.05185737911,95,1
38,6229,1198.27295038904,91,53
1,8475,410.467803456395,85,84
0,6615,427.541825455083,84,84
37,2153,398.225926556236,78,41
71,6417,3736.93543023526,84,13
99,9020,8590.47619047619,99,0
29,1113,149.844923881958,55,26
71,5615,3269.89129511781,71,0
22,3633,370.250279737484,46,24
28,7001,905.692385239057,74,46
11,1416,94.3771413205814,83,72
35,9043,1545.65717261416,79,44
76,9853,6443.86665294134,82,6
57,5117,1977.42846591115,77,20
62,4692,2126.83981799013,85,23
37,8832,1633.5956262632,89,52
4,5875,307.766690088865,65,61
11,1413,94.177189749987,64,53
54,7773,2713.50464833125,88,34
88,9333,7517.07282729164,88,0
5,8928,482.302261981408,64,59
44,4196,1017.78016124644,51,7
95,6196,5492.47125828368,96,1
90,6726,5563.30481279458,91,1
96,6642,6001.71948538416,97,1
88,2706,2179.4920251421,94,6
15,8311,644.534102437191,80,65
0,9071,586.278442736668,23,23
50,2657,805.189919161567,77,27
34,2652,435.681367407313,77,43
49,1977,577.755001926644,81,32
36,8227,1462.89761761974,89,53
73,3569,2181.69471380028,82,9
47,5844,1586.59875159409,78,31
79,2687,1868.19434309732,79,0
91,9557,8007.70828119316,96,5
94,5654,4932.76011273911,94,0
15,3993,309.664862354916,70,55
61,9557,4200.49988589412,66,5
3,2045,104.094640008095,59,56
21,1890,185.157045992887,87,66
79,6089,4233.5077614885,83,4
2,7021,348.107447221254,70,68
13,5999,431.047337868072,52,39
37,5829,1078.15091774097,60,23
86,5581,4369.40712801751,86,0
15,1088,84.3765014380537,78,63
73,8249,5042.53283668774,89,16
14,8349,623.176260386329,51,37
39,6605,1321.29500097082,80,41
97,3270,3012.33003349828,97,0
77,2713,1812.14720025051,84,7
73,3226,1972.02217616131,78,5
90,8890,7353.22328066367,91,1
87,2938,2333.63912325002,87,0
12,7735,535.198907367269,55,43
54,5126,1789.45385659925,81,27
41,4770,1031.31261013791,85,44
36,6462,1149.05122220236,54,18
80,4504,3191.53255365018,86,6
79,7944,5523.23627151661,83,4
98,6347,5951.21132817419,98,0
62,2043,926.072836349921,73,11
50,1288,390.32164692514,62,12
72,5234,3123.90485168233,95,23
82,6151,4517.88361250432,83,1
59,8200,3382.93618025597,83,24
45,8002,2015.80157603623,84,39
17,8284,693.954307511837,59,42
75,5549,3550.75329436747,75,0
71,4329,2520.99010090205,83,12
0,7722,499.089641143485,75,75
3,6528,332.288415634641,58,55
25,3534,405.644797218346,87,62
31,7092,1034.05757245169,64,33
17,9528,798.164732251664,79,62
11,9624,641.444638467002,78,67
86,7007,5485.83331768835,86,0
5,1852,100.047467427147,67,62
2,5121,253.903751206387,78,76
4,5632,295.036935928594,39,35
17,1623,135.959420701559,78,61
80,4739,3358.05345731532,86,6
21,5327,521.868562965137,84,63
17,3581,299.981938097524,84,67
86,6307,4937.79802121599,90,4
70,8460,4803.72470145492,77,7
64,5231,2517.76267432532,68,4
54,5854,2043.59400634647,65,11
67,2437,1277.657585249,77,10
75,6529,4177.84614505771,90,15
89,1862,1520.04760667901,92,3
81,1025,739.722541746575,81,0
16,4524,364.60215778306,65,49
96,7716,6972.18722511656,96,0
97,5017,4621.66965689936,98,1
35,4008,685.05959834541,55,20
42,5433,1220.83927500329,82,40
56,9643,3603.95741278159,89,33
38,2294,441.296861164304,70,32
39,2951,590.33180134215,65,26
84,5633,4277.04955031463,90,6
17,7580,634.979919234636,34,17
17,1592,133.362537126852,85,68
56,2577,963.123328086505,81,25
20,8686,818.103282341132,65,45
43,6978,1629.29795425625,89,46
54,1907,665.721518637294,74,20
4,9632,504.58021428697,81,77
29,3050,410.626251428546,68,39
5,7342,396.624463202005,78,73
72,3440,2053.15871031472,72,0
84,2201,1671.18516957971,89,5
74,2431,1520.9433879702,75,1
16,4587,369.67950878667,55,39
30,4021,563.37314423592,70,40
12,2209,152.844781690278,57,45
14,9714,725.060988548664,82,68
44,2844,689.839556383427,73,29
98,2766,2593.51670611782,99,1
37,6556,1212.61921714012,83,46
36,4329,769.76829788208,78,42
25,8611,988.400494863377,84,59
48,4897,1379.57969011137,74,26
82,7566,5557.19515724397,91,9
54,3158,1102.43762761226,92,38
83,2673,1996.82336165473,90,7
76,7156,4680.02737932084,77,1
72,3210,1915.88356398553,87,15
24,2545,280.745070369969,61,37
17,4080,341.783386606506,83,66
7,5605,323.467759749492,67,60
78,2054,1400.2430720432,85,7
70,6973,3959.38207366964,73,3
70,7389,4195.59359563244,87,17
40,2104,437.606099303118,70,30
32,6230,945.282764032899,91,59
59,5673,2340.41426226733,85,26
45,1523,383.662309460531,86,41
48,6539,1842.16287393062,70,22
62,8319,3770.92507371267,72,10
8,6241,372.957481462989,46,38
73,5792,3540.59282217182,92,19
66,4933,2515.14607279629,88,22
92,2747,2331.64772656159,94,2
72,3010,1796.51387152538,86,14
88,1303,1049.47454130087,93,5
94,2996,2613.82194866756,94,0
16,7216,581.558172096056,68,52
44,8067,1956.72844632388,93,49
58,7350,2935.49101336462,76,18
72,9924,5923.12413987304,82,10
99,1939,1846.66666666667,99,0
27,3197,397.414825674465,89,62
45,3280,826.272078155314,60,15
71,3589,2090.05162211537,83,12
64,5751,2768.0468629411,92,28
10,5400,346.854287589284,83,73
72,4204,2509.15093551252,76,4
51,5718,1796.23350751026,78,27
48,1048,295.241885896818,81,33
9,7564,468.4471277539,74,65
24,5194,572.96263084543,87,63
56,7731,2889.36998425951,65,9
16,3525,284.089877582954,75,59
17,2317,194.096104599822,90,73
88,4827,3887.8078364231,89,1
38,5187,997.823373521902,77,39
34,1109,182.191039387146,34,0
10,3904,250.762803471957,72,62
29,4553,612.97748287022,44,15
1,4942,239.354794652685,79,78
52,7778,2531.84259045796,68,16
25,8876,1018.81811548105,79,54
23,2619,277.680365219652,80,57
69,3263,1805.34520314279,91,22
32,7559,1146.9329716412,81,49
71,5720,3331.03797116187,85,14
30,3849,539.274616305411,77,47
81,1450,1046.4367663732,92,11
76,3426,2240.60561788055,81,5
7,9573,552.463312057429,68,61
51,6183,1942.3070613739,85,34
82,6831,5017.34075061242,82,0
44,1535,372.329015136625,79,35
58,5372,2145.50445221697,79,21
12,3443,238.227516233421,63,51
39,7325,1465.32715853312,71,32
5,2937,158.660589542943,83,78
43,3539,826.323511050855,81,38
60,3073,1308.90183513824,92,32
66,5990,3054.06952687001,89,23
65,4629,2293.82857322828,93,28
56,9037,3377.47206671236,75,19
38,6473,1245.21123902203,90,52
18,1910,166.345092211182,75,57
5,4024,217.381754280151,74,69
50,4631,1403.40026934031,87,37
10,3567,229.116526635366,79,69
72,7779,4642.88418823784,80,8
54,7166,2501.60482567113,76,22
77,2635,1760.04713330634,90,13
29,6416,863.796075136247,82,53
11,1659,110.573218538732,71,60
63,3824,1786.68131550578,83,20
96,3842,3471.63599259951,97,1
77,6609,4414.47874915431,85,8
27,7049,876.251831773321,85,58
78,3450,2351.91752607061,87,9
42,9031,2029.33912986466,81,39
56,5253,1963.24673746155,74,18
11,6761,450.624189596364,90,79
62,1489,674.94980583702,63,1
17,7822,655.252365204924,80,63
8,4243,253.55849925452,64,56
66,8964,4570.39720181348,73,7
4,5302,277.749615464028,59,55
78,8152,5557.34251377612,80,2
71,2747,1599.71351517162,79,8
87,5155,4094.59145008641,90,3
69,9736,5386.71189022317,83,14
30,8777,1229.72546305861,49,19
56,5105,1907.93348462616,70,14
9,1187,73.5122607937439,83,74
70,9841,5587.87881643237,83,13
59,1264,521.467235590677,86,27
67,9448,4953.34791359563,95,28
35,5126,876.151572135372,76,41
41,1922,415.551957376324,93,52
38,8115,1561.08283711784,74,36
60,3455,1471.60945017983,70,10
55,4398,1588.93259248468,64,9
36,7572,1346.42770883879,78,42
64,2698,1298.58988631805,73,9
22,4926,502.023913566432,74,52
65,5739,2843.87171781315,75,10
9,6314,391.033205266806,79,70
35,3544,605.751301530971,65,30
42,1861,418.181831544474,70,28
41,1897,410.14675501711,71,30
77,2650,1770.06637694945,91,14
7,8958,516.971309872605,82,75
61,5792,2545.70423135908,61,0
52,2329,758.120518536461,88,36
91,4825,4042.81599421963,91,0
33,7966,1257.7174542564,89,56
30,2481,347.607254625545,77,47
95,1553,1376.66363203915,97,2
63,1750,817.649660600188,75,12
87,8342,6626.01006336,98,11
92,3299,2800.18414631478,92,0
85,2961,2283.64483141434,96,11
54,9183,3205.72664166034,79,25
28,1171,151.487756479779,61,33
4,3352,175.597267264319,80,76
64,9604,4622.55643743459,82,18
73,4402,2690.89944806636,80,7
77,4365,2915.59990014504,93,16
82,2843,2088.17153476667,82,0
66,4273,2178.63757734817,81,15
74,3149,1970.15661403461,81,7
21,3753,367.668991328732,72,51
61,8684,3816.79826400592,65,4
17,8260,691.943817002387,65,48
6,9754,544.244165586688,67,61
33,4748,749.641284560558,88,55
59,6470,2669.21915686051,79,20
91,3901,3268.60625771,92,1
92,2410,2045.60284711083,94,2
39,1700,340.075927577654,40,1
50,1280,387.897288869705,68,18
98,2519,2361.91922729964,98,0
81,1047,755.599513374306,82,1
72,2264,1351.26491864899,89,17
52,4031,1312.14418644074,83,31
76,1807,1181.77885333046,90,14
5,3873,209.224536363574,83,78
48,2206,621.47290103853,91,43
46,6030,1577.17103646415,74,28
23,1614,171.124898611882,70,47
5,9922,535.999444822976,88,83
10,7918,508.591157246658,23,13
40,4237,881.243841609939,59,19
87,1070,849.895800502901,89,2
1,7329,354.96383852884,66,65
35,1042,178.101821725528,67,32
27,6806,846.044824379234,84,57
23,9602,1018.05531379882,85,62
4,5726,299.961202970016,87,83
27,9041,1123.87470720139,79,52
87,5888,4676.80978818793,87,0
32,4464,677.326205239625,68,36
59,5708,2354.85362401233,63,4
73,2259,1380.90455547067,79,6
43,6619,1545.47480069104,90,47
0,7413,479.118299636967,62,62
14,3307,246.837213210874,82,68
99,6317,6016.19047619048,99,0
71,8756,5099.05043277855,82,11
20,5280,497.304320833661,73,53
76,8157,5334.68185202908,95,19
79,8369,5818.72663095702,85,6
2,5554,275.372277719249,57,55
59,9832,4056.22299076546,60,1
59,6199,2557.41724163497,79,20
52,6528,2124.95094246716,79,27
53,6429,2167.65980489298,61,8
56,9585,3582.28059748124,64,8
35,9941,1699.14607463865,47,12
91,8489,7112.84248185087,97,6
9,4761,294.854147968842,78,69
53,9047,3050.36837064346,65,12
49,6643,1941.33863318093,57,8
74,2384,1491.53806537266,79,5
38,5179,996.284413238853,77,39
23,1817,192.648042613252,79,56
4,6628,347.21321223983,72,68
18,4414,384.422637183329,77,59
13,6700,481.416430024351,86,73
96,2057,1858.70776594929,96,0
89,8753,7145.52991474833,94,5
88,4340,3495.56370625155,89,1
91,2520,2111.4810995717,93,2
98,7248,6796.02642297252,98,0
40,1358,282.447282725111,77,37
57,6707,2591.87272246747,78,21
91,2188,1833.30184359638,96,5
32,2925,443.812533675157,42,10
72,3934,2348.00185069131,87,15
53,4098,1381.71875570873,56,3
26,3562,425.475214482701,78,52
62,4755,2155.39713012427,89,27
51,6693,2102.51676561143,76,25
29,5830,784.901982238828,73,44
52,7453,2426.05076198035,63,11
79,7753,5390.43942762693,82,3
1,1203,58.2646333401821,25,24
3,3017,153.571407777223,59,56
60,6999,2981.12721904736,90,30
99,6910,6580.95238095238,99,0
91,3617,3030.64568934557,96,5
24,6524,719.678129309893,50,26
40,2606,542.015919574109,68,28
71,5283,3076.55132895947,84,13
5,3917,211.60147403463,86,81
98,8723,8179.04780457909,98,0
62,4445,2014.87702279755,86,24
69,9074,5020.44203901859,84,15
20,8696,819.045146585135,77,57
6,2629,146.690374341542,83,77
87,8007,6359.92119123993,94,7
30,4584,642.253790892181,78,48
13,5407,388.510244349502,60,47
0,6576,425.021170701834,72,72
51,4222,1326.28504174682,73,22
37,1364,252.289904237207,79,42
70,1294,734.754109182348,89,19
54,2161,754.39129615899,74,20
87,6825,5421.06433498346,87,0
52,8306,2703.71362256928,77,25
44,3121,757.028570841307,68,24
72,3637,2170.73785738797,80,8
59,3508,1447.23660004121,90,31
22,2025,206.374020497772,83,61
23,5630,596.922663683329,76,53
48,4976,1401.83551929634,71,23
84,3195,2425.91395584151,91,7
72,9192,5486.23106546886,89,17
78,6236,4251.17614277575,78,0
99,2230,2123.80952380952,99,0
43,7783,1817.25795041221,59,16
26,8066,963.470825383903,52,26
44,3846,932.884294602905,90,46
34,6317,1037.78250298341,79,45
9,5717,354.060315886971,48,39
12,3953,273.515356279614,70,58
71,3791,2207.68617983822,78,7
49,4164,1216.88003440695,80,31
33,5518,871.213270472864,90,57
66,7758,3955.50440558557,67,1
91,1631,1366.59748944502,97,6
92,5793,4917.08601382283,97,5
78,8415,5736.63361793744,83,5
50,1556,471.537641782235,74,24
1,4608,223.178246410274,32,31
9,1849,114.510674142909,87,78
64,2347,1129.64805900239,93,29
72,1478,882.142027280567,80,8
76,4050,2648.70191255581,78,2
33,8738,1379.60521156069,77,44
93,1084,932.407147803542,94,1
90,4221,3491.33357341747,97,7
41,9179,1984.57409820878,85,44
91,3106,2602.48424415465,94,3
34,1959,321.832503299746,57,23
91,1834,1536.68902246607,98,7
99,1234,1175.2380952381,99,0
72,4086,2438.72281696103,80,8
50,7693,2331.32331505831,83,33
16,5910,476.303879862485,89,73
98,3291,3085.7785538083,99,1
21,6247,611.997918686542,25,4
57,6280,2426.86159193317,83,26
83,8711,6507.41799602481,86,3
55,4401,1590.01644827765,77,22
63,4910,2294.09133345539,70,7
90,7492,6196.88963090351,91,1
10,4038,259.369928386209,59,49
72,2421,1444.97012723021,81,9
40,3856,802.000531802673,87,47
11,7653,510.076456586447,83,72
29,2100,282.726271475393,82,53
30,1745,244.487972318249,50,20
48,8058,2270.09457686694,76,28
69,1039,574.855551966092,69,0
89,6083,4965.86981279722,98,9
57,7641,2952.81041782823,77,20
27,5912,734.912871250372,87,60
28,4807,621.863061826046,76,48
3,6892,350.816752535837,78,75
11,5789,385.839880723761,91,80
97,3834,3531.88787413836,97,0
29,1049,141.228504179851,69,40
74,5251,3285.26274382209,74,0
67,9993,5239.0776567063,75,8
84,5692,4321.84733541468,88,4
27,3335,414.569422466169,50,23
47,4001,1086.23915214373,81,34
72,5946,3548.8609568405,82,10
53,2718,916.425470477389,76,23
64,7278,3503.0160091263,68,4
55,3046,1100.47491512241,80,25
89,1985,1620.45891474642,96,7
6,4407,245.897481826997,80,74
48,9139,2574.63320153723,74,26
16,1687,135.960176874452,60,44
96,1968,1778.28725492864,96,0
94,4525,3947.77847720985,94,0
54,2376,829.44642280137,94,40
44,6922,1678.99768259004,79,35
62,4709,2134.54575935966,86,24
10,8913,572.502271348757,63,53
70,7724,4385.81200875151,89,19
97,8247,7597.15161659338,99,2
49,1365,398.905198598821,65,16
59,1607,662.972980691628,65,6
36,8174,1453.47333492449,74,38
96,5324,4810.77304128053,96,0
6,6729,375.458170005415,85,79
73,1459,891.872397712136,89,16
91,2814,2357.8205611884,93,2
77,9105,6081.68089136783,81,4
8,5232,312.660397855209,79,71
34,6978,1146.37427668485,74,40
24,6605,728.613434103594,79,55
43,1236,288.594478569894,62,19
93,8385,7212.3929283512,94,1
54,1009,352.23545480075,78,24
1,7076,342.71034539911,84,83
45,4939,1244.19444939302,67,22
26,5566,664.84981578066,75,49
38,6637,1276.75992482454,66,28
76,8828,5773.51616889943,92,16
48,2296,646.82764314799,87,39
41,8826,1908.25264089669,83,42
22,9527,970.926070756679,83,61
89,9737,7948.82037928761,98,9
26,4551,543.609685881743,86,60
27,5584,694.139626701975,78,51
36,7422,1319.75521064467,74,38
39,4876,975.417778158023,78,39
66,4184,2133.25991659835,74,8
31,6323,921.932604429222,53,22
5,9484,512.338110733834,74,69
13,3922,281.808244560523,78,65
38,1300,250.081045995464,73,35
21,8641,846.530176944199,77,56
11,3993,266.135540461216,37,26
5,4258,230.022740985309,25,20
17,6926,580.194052852123,65,48
94,5721,4991.21340731879,96,2
81,3994,2882.39203096178,87,6
32,6755,1024.94142392331,83,51
45,2276,573.352210329724,75,30
60,1029,438.288313816222,87,27
13,3932,282.526776545634,85,72
81,4921,3551.38988091209,83,2
41,5765,1246.4396640346,85,44
69,9661,5345.2160611592,82,13
36,6332,1125.93505710079,67,31
23,2353,249.477624804063,87,64
22,5344,544.623587921034,76,54
78,8150,5555.97908332622,82,4
78,1099,749.205032217855,87,9
71,3923,2284.55628686504,80,9
64,1603,771.549142982887,83,19
33,9747,1538.91187881461,81,48
96,1491,1347.26945990783,96,0
11,2889,192.553362482457,78,67
50,6271,1900.39367070462,55,5
38,3386,651.364939800494,91,53
2,3156,156.477297169958,87,85
45,2997,754.980920192523,75,30
46,8358,2186.06890924833,81,35
13,7897,567.424708642134,88,75
77,3660,2444.69544891887,77,0
56,8775,3279.55265966592,75,19
42,7017,1576.77695429746,58,16
67,5230,2741.95698434644,89,22
97,5937,5469.17535439734,98,1
96,5478,4949.92763338368,98,2
66,2821,1438.31888736232,88,22
59,5295,2184.46915542139,70,11
95,2913,2582.24157123634,96,1
22,9149,932.402920263761,73,51
35,8705,1487.88518053812,88,53
55,4461,1611.69356413692,70,15
77,2867,1915.01143498644,78,1
14,6995,522.112581315411,30,16
0,9687,626.091861403385,87,87
36,5640,1002.88593209862,52,16
82,3879,2849.10917459019,91,9
32,7489,1136.31181698915,80,48
12,3627,250.958815387341,56,44
91,8586,7194.11774639787,91,0
77,6767,4520.01478219507,77,0
69,6355,3516.07991601974,71,2
63,2363,1104.060655999,83,20
53,1460,492.266809012873,63,10
28,6210,803.363764081495,82,54
31,3290,479.702398951786,81,50
4,5237,274.344537190704,6,2
76,4209,2752.68798764134,94,18
2,4455,220.882876708544,89,87
99,1194,1137.14285714286,99,0
95,2745,2433.3172375708,97,2
51,4820,1514.13877338221,59,8
78,1809,1233.22284193094,83,5
31,2560,373.263872740599,72,41
20,9880,930.561873075108,79,59
77,2556,1707.27911678596,84,7
32,4662,707.368899826866,86,54
10,1125,72.2613099144342,46,36
81,5817,4198.01563447788,88,7
43,6472,1511.15167095822,67,24
94,9767,8521.09445014555,99,5
47,7986,2168.13443364654,71,24
48,1948,548.789306991413,88,40
31,6667,972.08993732874,38,7
97,9990,9202.80643261402,97,0
53,4603,1551.98912457963,67,14
3,3977,202.437351252906,89,86
68,3303,1779.50575661136,77,9
95,6916,6130.71840256454,96,1
91,6351,5321.43510451583,98,7
31,1488,216.959626030473,67,36
43,3548,828.424927156946,67,24
69,4856,2686.71661246135,79,10
99,5984,5699.04761904762,99,0
11,7170,477.884253720741,81,70
87,3002,2384.47401225206,97,10
25,6336,727.268091447492,72,47
21,4193,410.774335369405,64,43
22,5839,595.070570709378,85,63
50,3038,920.64997155169,62,12
13,8498,610.608480947304,52,39
54,9258,3231.9086625821,85,31
87,2042,1621.95067722142,93,6
34,1422,233.611954922021,84,50
10,2060,132.318487487764,79,69
65,2394,1186.30926859116,90,25
47,8509,2310.12470522144,50,3
76,1547,1011.7387305491,78,2
48,3799,1070.25183637596,68,20
85,4597,3545.39523472196,90,5
51,4119,1293.92896422434,84,33
85,7291,5623.11869835932,85,0
37,6819,1261.26455791313,66,29
56,7274,2718.5716292205,57,1
2,6901,342.157740104526,48,46
41,6870,1485.34960831183,79,38
19,4288,388.338772044905,79,60
55,2378,859.136358555838,74,19
24,6702,739.313737375062,88,64
86,6623,5185.19681219494,95,9
63,2755,1287.21417997344,83,20
2,7280,360.94889841486,60,58
82,5987,4397.4263027253,94,12
21,4013,393.14033098913,67,46
41,9172,1983.0606415482,68,27
43,9401,2195.04586815176,88,45
13,7766,558.011939637181,91,78
59,4064,1676.61617519028,62,3
40,1212,252.081080016815,75,35
48,7301,2056.83302379071,59,11
20,7157,674.092239433051,59,39
99,7447,7092.38095238095,99,0
12,4646,321.465303636501,77,65
13,9391,674.773387217714,66,53
9,5426,336.038354731975,80,71
5,4748,256.493183231152,72,67
21,2808,275.090468332289,54,33
37,4957,916.86294377114,77,40
5,6184,334.067785404685,78,73
18,4698,409.15667183672,84,66
29,2031,273.436693984058,86,57
93,4507,3876.71495862598,94,1
74,3752,2347.42064650933,89,15
68,1900,1023.63334470529,90,22
14,4108,306.62451523141,68,54
75,6429,4113.85707866075,79,4
38,9731,1871.95281429374,66,28
96,1635,1477.38803953675,97,1
43,3283,766.549897366475,77,34
26,4655,556.032319881238,71,45
36,3355,596.574876274977,83,47
21,7395,724.463679956295,76,55
76,6840,4473.36323009426,96,20
20,8895,837.788245040798,77,57
62,2575,1167.22347214931,86,24
82,9275,6812.44846463624,88,6
39,3438,687.753552359984,83,44
98,1711,1604.30480266363,98,0
74,7328,4584.72774456832,88,14
16,8589,692.21218682553,85,69
60,5753,2450.41075741956,89,29
43,9106,2126.16611800765,78,35
97,6804,6267.85735410469,97,0
37,5477,1013.04384567975,73,36
91,6567,5502.41919876483,91,0
1,3452,167.18995369103,76,75
21,5109,500.511824326804,73,52
64,7042,3389.42549275452,74,10
36,2145,381.416724175805,71,35
17,3047,255.248524262261,61,44
82,8651,6354.12309084293,87,5
49,7545,2204.93752632096,82,33
78,2667,1818.13450493632,79,1
17,2868,240.253615879279,75,58
56,4294,1604.83180861601,90,34
24,3674,405.287775457472,49,25
59,1103,455.0461715637,82,23
59,6456,2663.44341216251,73,14
51,4689,1472.98686896041,68,17
93,9363,8053.62373144332,94,1
11,5674,378.17507051764,67,56
75,1640,1049.42068891019,95,20
99,3035,2890.47619047619,99,0
65,2278,1128.82728231022,85,20
85,4242,3271.60465209714,87,2
63,4413,2061.87882984493,72,9
56,6939,2593.36933395121,70,14
50,2342,709.730820728788,81,31
85,8195,6320.32063270534,98,13
20,1733,163.225073485745,74,54
23,1342,142.286006156843,69,46
86,9914,7761.74561318143,98,12
89,8276,6756.12996395032,97,8
32,9559,1450.39453312849,72,40
91,9837,8242.31729225668,93,2
92,4557,3867.97185654939,93,1
86,4926,3856.60267203265,95,9
55,4135,1493.9145679682,69,14
12,7827,541.56455694423,36,24
19,3176,287.631515861618,82,63
3,1620,82.4612796152143,36,33
91,2939,2462.55672684176,91,0
10,3205,205.864442911788,71,61
18,5753,501.038385073786,73,55
11,4944,329.520188339657,72,61
21,9006,882.288019159756,77,56
59,2903,1197.64191844916,74,15
78,1762,1201.18222635838,85,7
18,7090,617.479949621614,79,61
93,6133,5275.32568033129,94,1
20,5016,472.439104791978,78,58
25,6078,697.653955148021,55,30
98,1540,1443.96808655873,99,1
38,7930,1525.49438057233,39,1
91,9828,8234.77628832964,93,2
37,5250,971.057182731185,65,28
58,2805,1120.27922346772,79,21
45,9450,2380.57046907552,72,27
40,7543,1568.85114403204,67,27
18,8787,765.274515842753,87,69
10,2318,148.890414561474,86,76
61,1647,723.890688716922,84,23
16,9155,737.827752984949,80,64
56,1585,592.375038811451,88,32
52,2198,715.478273827025,78,26
68,8743,4710.3296488202,93,25
77,5152,3441.27621662022,90,13
78,2656,1810.6356374619,94,16
83,4155,3103.92857002446,91,8
60,1192,507.715908716167,88,28
4,3855,201.947334517885,82,78
51,8687,2728.9052955127,81,30
29,1288,173.405446504907,90,61
60,2944,1253.95606984933,62,2
72,6352,3791.18143253462,78,6
89,6960,5681.81060283884,91,2
35,8556,1462.41764556969,80,45
20,1277,120.276063959202,82,62
12,9666,668.80835664021,43,31
10,7999,513.793971560497,49,39
24,8519,939.751377006588,90,66
42,7004,1573.85574859618,90,48
95,3537,3135.38909627976,95,0
29,8784,1182.60360411421,83,54
1,4096,198.380663475799,73,72
43,6922,1616.22247626279,67,24
18,3101,270.071272747056,73,55
26,1468,175.350256839024,64,38
63,8518,3979.85131942423,91,28
15,2198,170.459145368421,56,41
54,8705,3038.85989498566,80,26
18,6480,564.354030119613,65,47
93,2911,2503.90886278239,94,1
52,9258,3013.60230167907,80,28
31,9993,1457.04135949094,87,56
38,4763,916.258478520304,77,39
85,8429,6500.79104491438,90,5
64,9447,4546.98986510252,86,22
84,7618,5784.22926935857,90,6
37,4116,761.308831261249,78,41
73,7568,4626.24421239578,85,12
72,8822,5265.39713441757,76,4
88,1931,1555.28422045432,89,1
75,9489,6071.92251040782,86,11
63,8030,3751.84387121115,65,2
71,2805,1633.48977431976,86,15
9,6249,387.007681297478,66,57
40,7711,1603.79307591556,80,40
28,3562,460.802210572993,78,50
96,2794,2524.66188530011,98,2
95,1286,1139.98031603499,99,4
10,3309,212.544599561656,82,72
48,3496,984.890871274117,82,34
48,1800,507.094842189191,51,3
91,5367,4496.95200849259,91,0
18,8048,700.913770741149,72,54
4,5267,275.916111778392,84,80
32,6767,1026.76219329224,76,44
9,2023,125.286692153112,90,81
17,4066,340.610600475994,85,68
79,3534,2457.0892476762,85,6
74,7468,4672.31806719927,85,11
87,1876,1490.09768387238,89,2
14,9575,714.685913666199,65,51
75,9508,6084.08043302324,81,6
12,5175,358.067788704023,77,65
67,3730,1955.54484734459,85,18
14,8199,611.980136412446,72,58
54,2800,977.462114412388,58,4
81,1754,1265.82764704731,86,5
52,9425,3067.96302585064,81,29
7,5233,301.999426720623,61,54
31,3578,521.694584635103,75,44
79,6438,4476.15749194662,90,11
36,5041,896.373755976799,69,33
21,1708,167.327108230609,70,49
96,1171,1058.11706073244,96,0
25,6226,714.641909304307,41,16
88,8867,7141.74271505357,88,0
55,2722,983.418489482335,94,39
80,8009,5675.174116826,80,0
82,7344,5394.1370915675,92,10
95,5911,5239.8317636725,98,3
89,1001,817.168450207138,91,2
50,8415,2550.12162956138,61,11
90,1065,880.897952070507,92,2
44,1535,372.329015136625,44,0
70,6819,3871.93838525072,86,16
51,3892,1222.61993900489,73,22
48,9968,2808.17854830103,72,24
8,6000,358.555502127533,76,68
80,7632,5408.03207137171,87,7
47,6120,1661.53052014987,70,23
20,2801,263.816174745281,81,61
51,5020,1576.96610837732,70,19
78,5589,3810.10639223439,80,2
59,7195,2968.32022157826,67,8
82,7896,5799.57876838467,87,5
70,1783,1012.41621072035,86,16
93,1518,1305.71406860311,95,2
82,3027,2223.31876037239,87,5
83,9493,7091.59901690547,85,2
80,6213,4402.52925307028,90,10
67,4081,2139.56528740303,84,17
70,2861,1624.52202965278,76,6
86,2338,1830.43789021769,89,3
99,6475,6166.66666666667,99,0
83,3039,2270.23800825616,83,0
1,2074,100.449583996291,80,79
59,5785,2386.62021985132,90,31
22,3637,370.657932123653,77,55
48,1261,355.248108889205,92,44
73,3813,2330.84952191664,80,7
74,5454,3412.26871163696,86,12
0,5444,351.857550684425,8,8
63,2483,1160.1280612973,71,8
44,4010,972.664072115873,60,16
98,1210,1134.54635372472,98,0
26,3786,452.231656943151,48,22
43,3030,707.47675571746,50,7
86,1221,955.930138561078,88,2
42,8555,1922.37805957172,71,29
86,4806,3762.65376406596,86,0
19,1210,109.582535954836,76,57
37,1453,268.751635525412,75,38
98,6884,6454.72487524045,98,0
41,1756,379.661413711147,57,16
92,5958,5057.13766103166,93,1
38,2455,472.268436860665,86,48
52,6246,2033.15618668044,91,39
61,4491,1973.88772497128,63,2
54,3607,1259.18065953053,79,25
31,2641,385.074174964032,86,55
70,7992,4537.98673924678,81,11
64,6963,3351.40154871481,76,12
83,3866,2888.03558404683,95,12
5,8267,446.594175604872,74,69
39,5044,1009.02528158923,63,24
42,6304,1416.56005698891,76,34
69,5372,2972.20791642141,79,10
28,6134,793.531937017051,87,59
81,3250,2345.46171773304,94,13
57,7615,2942.76290168329,61,4
13,3293,236.612582697043,59,46
67,5526,2897.1423127148,79,12
70,5774,3278.57049955091,73,3
63,4990,2331.46960365425,88,25
64,4985,2399.35900048016,72,8
0,5399,348.949102892214,56,56
57,6824,2637.08654511973,87,30
8,8174,488.472112398409,77,69
17,6258,524.235400339097,42,25
79,6300,4380.21003405774,86,7
20,6830,643.293278654148,58,38
15,3169,245.762070824625,74,59
19,7733,700.332025238632,67,48
18,3043,265.0199558108,71,53
53,5397,1819.70134811128,76,23
89,5174,4223.80575561611,92,3
45,9673,2436.74689390133,60,15
78,4480,3054.08420776705,83,5
10,6472,415.711286903305,68,58
29,3869,520.889497303949,85,56
95,7244,6421.47543495916,97,2
32,5593,848.630256699198,88,56
4,8939,468.276841311382,86,82
16,4460,359.444213906376,80,64
40,6001,1248.13412638689,68,28
47,3645,989.588030383376,50,3
34,6691,1099.22474710495,83,49
65,1995,988.591057159303,88,23
65,7417,3675.37838142885,74,9
56,8094,3025.03694898416,76,20
85,6251,4821.02797743027,90,5
54,2670,932.07994481467,81,27
35,8156,1394.04842417793,64,29
10,6348,407.746484743847,68,58
27,1053,130.897032041042,79,52
87,2352,1868.18217082507,94,7
72,7084,4228.07450693879,79,7
35,7902,1350.63396859417,46,11
64,9168,4412.7027715952,65,1
11,3666,244.34081926642,57,46
98,1114,1044.53275871846,98,0
55,2640,953.793097807995,73,18
89,2933,2394.36070375378,89,0
89,5249,4285.03216297429,97,8
29,4953,666.83010600839,64,35
96,9712,8775.77531497305,96,0
16,1525,122.904131436597,69,53
1,8202,397.245654743287,30,29
19,9184,831.740504305133,74,55
90,9315,7704.75532726457,92,2
4,3014,157.890860243037,43,39
12,6414,443.796482463305,51,39
25,2883,330.920755625492,83,58
40,3952,821.967350021826,72,32
94,8847,7718.45219621559,97,3
24,3257,359.287502630644,74,50
7,1806,104.2252942208,70,63
59,3626,1495.91787678148,77,18
55,1774,640.920058905827,76,21
36,2324,413.245905354113,45,9
87,2830,2247.85524805907,87,0
74,5591,3497.98209878295,84,10
11,2919,194.552878188402,72,61
54,6718,2345.21088736515,72,18
47,2896,786.240586005557,85,38
13,3481,250.120984017129,84,71
5,8650,467.284337605195,30,25
90,5897,4877.61053836599,92,2
45,6081,1531.87820343368,79,34
74,4724,2955.54774363274,93,19
31,8485,1237.16560945468,45,14
22,5841,595.274396902463,72,50
43,5138,1199.67510589977,65,22
29,4297,578.511804061791,48,19
37,4239,784.059313828094,87,50
67,8833,4630.91893742488,69,2
18,8278,720.944855143543,26,8
4,5275,276.335198335109,86,82
14,7727,576.74966630796,83,69
48,7600,2141.06711146547,92,44
38,1859,357.615895773514,66,28
71,6913,4025.78068088147,83,12
27,8839,1098.76435537585,58,31
60,3382,1440.51611013262,80,20
3,2898,147.514066867217,82,79
68,5719,3081.13636756293,94,26
92,6905,5860.94923622417,94,2
21,8397,822.626304339826,90,69
55,7818,2824.52819646322,64,9
58,4397,1756.10258309717,86,28
39,1364,272.860920715247,78,39
3,1117,56.8575613149348,79,76
24,4293,473.571154066121,55,31
89,4620,3771.54669326371,94,5
6,9509,530.573894870188,86,80
61,4364,1918.06858868285,66,5
31,7440,1084.79813015237,78,47
25,3396,389.804677802349,81,56
59,7605,3137.46703059106,71,12
22,2006,204.437671663472,88,66
74,7480,4679.82580913906,89,15
21,9661,946.456201765757,70,49
82,9381,6890.3050185178,94,12
51,6678,2097.8047154868,90,39
94,8274,7218.54566197443,96,2
86,1830,1432.72084649203,91,5
47,6807,1848.04546579414,81,34
17,7020,588.068474014136,87,70
57,9663,3734.19801956213,81,24
21,8904,872.2954166776,63,42
86,8762,6859.8360967012,87,1
26,6057,723.498982066737,75,49
46,5710,1493.47373436324,74,28
48,8729,2459.1282652608,68,20
99,4360,4152.38095238095,99,0
48,3464,975.87585185742,67,19
97,4987,4594.03360154616,98,1
48,3311,932.772790271339,69,21
83,4124,3080.77049886423,92,9
67,9661,5065.0184370499,80,13
78,1133,772.383349866087,79,1
61,3191,1402.51073934165,69,8
65,5284,2618.4035819698,79,14
91,4852,4065.43900600075,93,2
94,3231,2818.84469831271,96,2
44,7052,1710.53043305764,90,46
96,6129,5538.17204545612,98,2
52,3062,996.721780918267,76,24
86,5560,4352.96606912334,95,9
78,2621,1786.77560458872,92,14
79,5439,3781.58132940318,97,18
5,4946,267.189402750901,88,83
46,7053,1844.74084911802,77,31
79,9529,6625.24149437082,84,5
12,2647,183.150809024068,36,24
68,2130,1147.54685485383,76,8
66,1315,670.467684112531,94,28
85,9740,7511.88809793167,92,7
2,3498,173.433962452634,89,87
69,2248,1243.76831647717,77,8
5,7654,413.479112142215,15,10
17,9507,796.405553055895,64,47
16,1446,116.537294463816,91,75
54,9754,3405.05909427801,86,32
81,9675,6982.25911355913,93,12
60,5381,2291.96250402827,73,13
72,2166,1292.77376934351,89,17
70,1826,1036.83230553862,91,21
7,2912,168.053187580825,89,82
54,2216,773.591444834947,76,22
80,3433,2432.62239269118,81,1
67,6863,3598.09766416245,73,6
40,4816,1001.66871399421,83,43
13,8842,635.325981235121,87,74
41,4651,1005.58384690805,72,31
49,5917,1729.17367040969,78,29
88,7803,6284.76580642416,88,0
23,1970,208.869919619211,80,57
18,1156,100.677972039857,90,72
68,6475,3488.43468787725,88,20
90,8093,6693.99730150856,93,3
64,9314,4482.97487070656,76,12
88,7929,6386.24991402501,94,6
73,2867,1752.56899536716,94,21
32,3585,543.954848965962,90,58
30,7004,981.314474565627,85,55
70,9311,5286.93625239323,71,1
1,1290,62.4782851278761,82,81
55,1958,707.39654754093,82,27
82,8707,6395.25485515771,91,9
39,8899,1780.19745853738,86,47
85,3747,2889.84031857802,93,8
54,7590,2649.62051728215,86,32
45,8343,2101.7036426981,51,6
49,7725,2257.54040965267,75,26
37,6509,1203.92594331377,81,44
56,6143,2295.87373086356,85,29
59,8099,3341.26830779185,70,11
81,1906,1375.52308738436,83,2
18,9249,805.51086799017,85,67
3,5006,254.815534415903,80,77
95,3477,3082.20183425635,95,0
25,2704,310.374513774309,34,9
54,4091,1428.14196787896,88,34
35,8767,1498.48240985384,80,45
98,2225,2086.25259259297,98,0
37,2092,386.943166909265,83,46
84,1904,1445.67767509303,85,1
99,3803,3621.90476190476,99,0
74,5883,3680.67048598464,79,5
18,2355,205.100885946248,73,55
61,9298,4086.66400952637,74,13
57,4371,1689.14204113692,87,30
72,8077,4820.74503000348,77,5
91,9668,8100.71399629334,93,2
64,3470,1670.16564326302,71,7
77,2433,1625.12131891246,78,1
90,5477,4530.21416290156,90,0
48,2698,760.078824570243,58,10
69,3860,2135.65200249193,80,11
85,4636,3575.4736367568,93,8
98,4376,4103.11970570195,98,0
60,3346,1425.18240819152,66,6
15,4726,366.510428121546,63,48
59,9304,3838.39490501239,76,17
97,3448,3176.30396192724,99,2
62,7965,3610.46017695894,86,24
30,5316,744.812642317372,71,41
23,5591,592.787675426909,70,47
27,4924,612.095902915567,70,43
95,8107,7186.48555372914,98,3
2,6214,308.095666861255,75,73
34,8053,1322.9796575155,88,54
83,1047,782.145177572951,83,0
37,2552,472.026272443806,73,36
0,5743,371.182570459342,71,71
76,3194,2088.87750832179,91,15
54,9480,3309.40744451051,69,15
68,4445,2394.76327221844,77,9
83,7683,5739.46647496942,88,5
30,9710,1360.44596630957,83,53
82,1338,982.755368806824,82,0
92,5804,4926.42279030342,98,6
42,4950,1112.30524779427,82,40
2,1817,90.0884819257967,71,69
84,2240,1700.79726481533,84,0
40,5479,1139.56455232024,83,43
76,7031,4598.27732029134,82,6
90,1488,1230.77573021682,97,7
88,4849,3905.52728378197,94,6
34,6292,1033.67540110363,73,39
64,1280,616.084156592699,89,25
33,2184,344.822360042177,60,27
32,8490,1288.19432851353,44,12
86,8952,7008.58853431513,94,8
47,1542,418.640533018152,70,23
28,3318,429.236871050306,86,58
26,3740,446.737030366451,46,20
99,4959,4722.85714285714,99,0
38,1853,356.461675561227,82,44
64,7327,3526.60048074586,78,14
93,3567,3068.1700149587,96,3
23,4038,428.130322549429,59,36
87,7482,5942.91624239505,96,9
6,1424,79.4549612256965,26,20
57,6681,2581.82520632253,83,26
92,3859,3275.51094896294,96,4
23,5803,615.265047487453,80,57
36,4880,867.745274581785,70,34
0,2108,136.244621021816,66,66
33,5539,874.528870088654,67,34
85,2073,1598.78275431338,96,11
78,5806,3958.03859604811,79,1
23,7664,812.578205056667,78,55
49,5856,1711.34713772505,69,20
11,3702,246.740238113554,79,68
56,8203,3065.77441222103,65,9
3,9047,460.510615233854,26,23
90,6837,5655.11671202446,96,6
40,1153,239.809806319627,63,23
1,6062,293.599507321849,80,79
40,7706,1602.75313746665,67,27
83,6662,4976.74419578892,93,10
37,6823,1262.00441100474,63,26
79,2082,1447.55512554099,83,4
71,1908,1111.12245611483,85,14
5,5065,273.617938724891,70,65
42,3027,680.191512136014,76,34
11,3519,234.543192307292,58,47
18,2135,185.940718257002,77,59
54,4242,1480.85510333477,89,35
50,1333,403.958660986966,74,24
69,4487,2482.55713346665,80,11
76,8068,5276.47581000007,88,12
75,8761,5606.08210703792,79,4
51,7537,2367.64811929081,83,32
87,5018,3985.77301581641,92,5
29,7943,1069.37846396621,63,34
9,4471,276.894117951836,75,66
31,4116,600.138320390745,85,54
43,5634,1315.48648241326,77,34
35,2069,353.639797648865,76,41
15,4851,376.204419555146,60,45
86,5162,4041.36885770048,86,0
77,4270,2852.14469040534,89,12
17,2582,216.295270641666,81,64
94,1091,951.829020693027,98,4
30,4269,598.119858926422,82,52
74,3875,2424.37500139223,92,18
11,6862,457.355892473043,56,45
49,2342,684.421959793729,56,7
35,1564,267.323655641772,47,12
70,5647,3206.45784741323,74,4
83,2584,1930.33728638826,87,4
26,9615,1148.49640293407,86,60
3,3348,170.419977871443,85,82
79,8780,6104.48319032174,86,7
23,5781,612.932490009472,60,37
73,4972,3039.33486046932,79,6
61,1942,853.54931237903,86,25
50,3307,1002.16901116571,86,36
15,2262,175.422468982424,60,45
40,7948,1653.0861583941,85,45
5,1056,57.0465041053278,84,79
81,5627,4060.89633405656,81,0
64,6981,3360.0652321669,84,20
40,1505,313.02147312319,82,42
72,9180,5479.06888392125,88,16
26,1648,196.850969530458,71,45
69,3272,1810.32470263046,81,12
82,1543,1133.32700603059,84,2
20,4450,419.1295885814,60,40
68,2677,1442.24550725056,70,2
38,7893,1518.37668926323,89,51
72,6745,4025.74287821883,93,21
58,8094,3232.63459349295,68,10
48,9101,2563.9278659799,60,12
22,3982,405.817950430681,75,53
8,6390,381.861609765823,88,80
82,5227,3839.20950131037,83,1
2,3150,156.179811814122,77,75
37,9501,1757.33605583409,63,26
73,5615,3432.39445726775,93,20
51,8894,2793.93158723265,54,3
53,1233,415.729435282789,73,20
14,3759,280.574866785508,75,61
18,7887,686.892011659474,77,59
33,7237,1142.61878187969,77,44
7,4863,280.646514837071,84,77
6,5580,311.347390196198,81,75
76,2362,1544.74911542144,85,9
15,1091,84.6091572324601,61,46
44,3041,737.623801322786,77,33
22,4466,455.143889157062,81,59
64,2787,1341.42698783113,81,17
21,6908,676.753901438552,36,15
64,3462,1666.31511728431,89,25
6,5865,327.249541846004,51,45
73,6710,4101.75722319975,81,8
33,9802,1547.59559209406,74,41
32,5529,838.919486731605,67,35
94,6763,5900.29300361773,94,0
14,5502,410.673827362029,62,48
32,5890,893.69429858006,90,58
98,9246,8669.43436904027,99,1
67,6484,3399.39753087998,74,7
79,9837,6839.38509603587,87,8
29,2424,326.34689621731,77,48
64,1784,858.667293251074,73,9
86,2501,1958.05182353911,91,5
24,3173,350.021260622362,91,67
76,1493,976.422705048352,79,3
2,5298,262.679569203561,78,76
93,5845,5027.60127205877,96,3
34,7550,1240.34476769427,80,46
68,7140,3846.7063585241,82,14
66,7926,4041.16111351781,93,27
18,3688,321.194083808817,69,51
53,5466,1842.96601237285,84,31
38,1755,337.609412093877,64,26
32,2740,415.742339237583,43,11
24,2675,295.085683001834,88,64
22,7514,765.775007417412,45,23
80,4726,3348.84166264448,91,11
59,4011,1654.75085597643,76,17
68,3131,1686.84000119593,90,22
98,3888,3645.55059775347,98,0
95,6076,5386.09673423687,96,1
39,6343,1268.88329919121,50,11
37,3921,725.240993045519,90,53
27,2963,368.326596332012,52,25
16,7008,564.794854496835,67,51
87,3125,2482.17231455286,95,8
54,4003,1397.42172999743,84,30
62,4893,2217.95124241809,84,22
53,2884,972.395532324058,85,32
49,9209,2691.22195889857,79,30
36,7209,1281.88026320903,69,33
44,4716,1143.91116311682,66,22
54,4394,1533.91733240287,84,30
39,6651,1330.49705548175,64,25
55,5270,1903.97334297278,85,30
54,1744,608.819259834002,56,2
64,2056,989.585176527022,78,14
53,3280,1105.91447504262,68,15
5,2180,117.76645733865,82,77
67,2544,1333.75498435513,82,15
30,1751,245.328618641407,72,42
93,3373,2901.3001010529,94,1
14,7382,550.998581168029,67,53
79,8221,5715.82645872836,83,4
47,1533,416.197105782638,78,31
15,2036,157.895732470475,80,65
66,9376,4780.46008079019,76,10
50,2146,650.334048370614,71,21
60,5076,2162.05197369401,68,8
57,6762,2613.12708354332,72,15
87,5899,4685.54703473515,91,4
61,1966,864.097810575269,66,5
35,8110,1386.18596371788,45,10
48,9843,2772.96362870456,59,11
49,2991,874.084578028626,88,39
21,6943,680.182735623605,86,65
23,1856,196.783030869673,86,63
16,5035,405.785115923454,29,13
40,2134,443.845729996603,71,31
61,1675,736.197269945868,69,8
49,6478,1893.11932346019,75,26
57,3893,1504.42232124137,81,24
9,4786,296.402426418583,80,71
9,6001,371.648759076038,86,77
86,9225,7222.32229993935,94,8
95,5517,4890.56874305214,95,0
15,8207,636.468701564436,82,67
25,8528,978.873466518973,65,40
42,2263,508.514500153221,55,13
95,4280,3794.02469100293,96,1
91,1670,1399.27517312887,93,2
8,3970,237.244223907718,87,79
73,7393,4519.2684278861,79,6
62,2300,1042.56853823045,69,7
58,6113,2441.44987274801,80,22
22,3379,344.364353215789,68,46
64,8268,3979.51859899096,83,19
70,5779,3281.40958034373,80,10
39,2099,419.893748226762,85,46
32,4957,752.129480146241,80,48
19,6824,618.009277153553,73,54
16,3205,258.300158199537,58,42
49,5966,1743.49334420554,80,31
90,4387,3628.63785514865,97,7
92,9628,8172.22581410085,97,5
97,9698,8933.81549384292,97,0
15,6855,531.61849021862,38,23
40,1006,209.235615921548,84,44
23,4618,489.625019696202,81,58
15,6345,492.067005169532,79,64
41,9323,2015.70806379785,79,38
32,1106,167.81424350247,76,44
28,5783,748.124419916793,81,53
86,9554,7479.89888928136,96,10
36,8102,1440.67053579132,89,53
43,5521,1289.10203574789,53,10
1,4058,196.540217867381,72,71
26,1803,215.365472125859,57,31
53,8257,2784.00482330088,73,20
81,2300,1659.86521562646,84,3
85,5768,4448.51853684495,88,3
28,1586,205.174706897464,80,52
18,9414,819.880993757105,49,31
91,4934,4134.14593066936,97,6
28,2944,380.853932601598,79,51
74,3212,2009.57225921854,79,5
79,7647,5316.74065562532,83,4
27,1283,159.488026693881,91,64
69,7487,4142.39029602515,81,12
75,7452,4768.46522790168,81,6
3,7436,378.507453838724,68,65
9,7200,445.904193525658,74,65
48,2629,740.64018895299,72,24
50,2505,759.127116108289,87,37
94,9788,8539.41563202873,94,0
36,8871,1577.4115431998,55,19
32,2611,396.169068521653,54,22
8,4337,259.175868787852,69,61
65,4637,2297.7928481442,78,13
35,9541,1630.77685324689,90,55
80,7781,5513.61341029131,80,0
57,3215,1242.41401561547,73,16
19,5226,473.287878429728,84,65
42,3854,866.025136363461,77,35
48,9746,2745.6368510977,57,9
20,3375,317.879182351062,61,41
23,7448,789.67673163649,56,33
85,4370,3370.32351005764,98,13
7,5780,333.567109964686,61,54
2,3241,160.691673044308,27,25
30,6622,927.793325324612,54,24
83,5489,4100.47266446793,84,1
47,8349,2266.68599881229,91,44
4,5240,274.501694649473,68,64
43,3621,845.469746684132,69,26
49,1338,391.014766099064,76,27
57,3500,1352.55025028122,76,19
71,8927,5198.63216233601,87,16
72,2066,1233.08892311343,83,11
53,1928,650.061923134807,75,22
57,1318,509.331779963043,91,34
56,3938,1471.7810112552,77,21
75,9619,6155.10829672387,83,8
49,5042,1473.46520976942,77,28
72,6605,3942.18409349672,77,5
17,2668,223.499528300529,47,30
64,4315,2076.87744976367,81,17
68,3493,1881.86909108189,75,7
97,2106,1940.05108579431,99,2
67,4590,2406.42113922565,76,9
14,2163,161.448107703393,63,49
55,1377,497.489808970307,74,19
50,7282,2206.7719199603,61,11
52,7648,2489.52585906692,73,21
73,3295,2014.20119976798,85,12
40,4179,869.180555602533,72,32
71,7910,4606.38292865216,74,3
71,4468,2601.93665299846,71,0
93,2232,1919.86416411209,93,0
5,1378,74.4413661525963,47,42
8,4491,268.378793342458,64,56
66,7814,3984.05664156298,89,23
37,8058,1490.43405303769,46,9
71,7111,4141.08584142168,87,16
26,5087,607.634030340679,36,10
35,4916,840.257730904699,49,14
73,3675,2246.49147470329,82,9
17,3002,251.478854557042,74,57
78,3840,2617.78646380033,81,3
2,2806,139.123984746167,39,37
69,1714,948.318013541753,79,10
5,8604,464.799357312728,78,73
34,2722,447.181252670704,68,34
39,3814,762.97034575363,71,32
54,4520,1577.90312755143,67,13
23,3214,340.765442465048,83,60
3,9312,473.99965171412,67,64
79,3478,2418.15404737346,82,3
73,3814,2331.46081211384,75,2
34,7742,1271.887310131,71,37
40,1232,256.240833812472,73,33
44,2742,665.098475247313,76,32
63,2843,1328.33027719219,90,27
48,2141,603.161142848365,77,29
16,5037,405.9463016696,80,64
89,9661,7886.77761983133,91,2
3,5765,293.450170976364,83,80
62,9752,4420.49060209713,75,13
11,6416,427.629758978002,68,57
71,5109,2975.22255151503,89,18
59,8560,3531.45532963307,71,12
39,2114,422.894418175976,68,29
63,2745,1282.54189619858,79,16
33,8110,1280.45299447896,64,31
74,1050,656.927419732088,93,19
36,4539,807.109795353837,46,10
31,1898,276.740168149085,69,38
25,5218,598.940167483115,69,44
36,2070,368.080475078749,90,54
88,1301,1047.86368245006,92,4
44,7254,1759.52747609191,80,36
24,2053,226.471367178604,72,48
6,8429,470.313109670924,83,77
46,4541,1187.71702762583,81,35
82,2725,2001.50103138909,83,1
2,3583,177.648338326984,84,82
28,5420,701.164509069517,88,60
64,4888,2352.67137298837,88,24
21,1527,149.595137159332,25,4
74,9033,5651.4527451809,94,20
69,8814,4876.58983159686,70,1
65,8403,4163.97526481685,89,24
61,3229,1419.21252815236,89,28
41,6007,1298.76202287179,62,21
34,2314,380.153349992656,77,43
29,5669,763.226301425714,69,40
63,3886,1815.6494749099,75,12
93,6818,5864.53130417394,93,0
82,1133,832.183731583058,82,0
87,1307,1038.14374883859,95,8
22,4943,503.756436207648,76,54
44,2794,677.711575434352,54,10
16,9884,796.579957455297,60,44
20,6648,626.151349413291,86,66
1,6542,316.847241322919,52,51
97,7499,6908.09263645371,98,1
73,7168,4381.72813351651,80,7
19,2793,252.945473489137,72,53
18,9061,789.137633782996,87,69
99,1206,1148.57142857143,99,0
15,5979,463.682998251951,68,53
57,5128,1981.67933812632,65,8
87,5661,4496.50479125881,90,3
94,1132,987.598947226862,97,3
74,7122,4455.8448412685,83,9
20,2176,204.949659495084,82,62
2,2460,121.968995892933,36,34
54,8613,3006.74328265496,87,33
47,1868,507.146897326789,74,27
39,3974,794.977491878586,62,23
64,2297,1105.58227163549,82,18
22,1211,123.416759912495,51,29
22,3036,309.408161101845,68,46
94,9175,8004.61160848627,95,1
8,9534,569.74469288065,45,37
23,1876,198.903537667838,86,63
9,8333,516.07217286796,62,53
12,4509,311.986021114288,77,65
2,5160,255.837406019324,72,70
60,8130,3462.86102169668,89,29
23,1512,160.310313941242,86,63
32,3311,502.380615042204,90,58
40,5402,1123.54950020696,68,28
72,1675,999.721174353823,73,1
74,2746,1718.02161388982,89,15
73,5682,3473.35090048002,81,8
67,2103,1102.54981607659,82,15
97,1821,1677.50855993895,97,0
52,2905,945.616189930622,73,21
16,9505,766.035258560562,64,48
90,8348,6904.9165294691,95,5
9,4139,256.332980139264,84,75
77,5074,3389.17614967604,82,5
68,7700,4148.40881801619,74,6
87,4440,3526.67042451671,87,0
32,1030,156.282704165953,59,27
32,4361,661.69793482303,91,59
2,7989,396.101751296197,85,83
48,9113,2567.30849826116,69,21
3,6637,337.836736300109,48,45
39,7972,1594.75605567591,74,35
9,4086,253.050629825811,85,76
52,1630,530.586708980005,88,36
24,3046,336.011585205079,38,14
12,7301,505.169647406391,76,64
29,1532,206.255546619191,69,40
90,4584,3791.58329792601,97,7
15,9531,739.147458829127,67,52
98,1490,1397.0860058263,99,1
68,4837,2605.9549938629,77,9
10,8452,542.891192352709,68,58
83,2475,1848.91052005067,86,3
11,8275,551.53308222303,87,76
64,8584,4131.61437514979,79,15
13,9501,682.677239053934,81,68
83,4733,3535.71454197973,89,6
92,3191,2708.51397723263,99,7
79,2493,1733.3116849057,83,4
30,5223,731.782624308434,63,33
71,5411,3151.09203880365,81,10
86,6347,4969.11432387155,91,5
8,5103,304.951454559467,70,62
19,3271,296.235103395262,65,46
18,9422,820.577727127623,57,39
82,6805,4998.2438600377,83,1
95,1664,1475.06006678245,96,1
80,6814,4828.397606699,81,1
62,6335,2871.59638682171,66,4
28,7201,931.565614356013,55,27
19,2951,267.254598018777,68,49
39,8921,1784.59844112956,90,51
7,8787,507.102801948044,80,73
68,7186,3871.48906055381,92,24
13,8767,629.936991346789,87,74
27,3887,483.187809632983,85,58
60,9771,4161.82226851147,62,2
29,3418,460.170664715663,83,54
20,2440,229.814875536767,81,61
11,5641,375.975603241101,79,68
66,1874,955.48018252995,74,8
86,9753,7635.69749499279,86,0
60,2086,888.502840253293,81,21
94,7330,6394.96491446369,97,3
85,9615,7415.48296320462,87,2
70,5482,3112.7681812501,71,1
12,8332,576.506437774284,84,72
59,9041,3729.89341532857,91,32
13,5115,367.529110384262,56,43
27,1336,166.076386331275,60,33
67,5649,2961.62810794896,84,17
23,4869,516.237380013167,80,57
90,4214,3485.5436338264,92,2
73,7605,4648.86194969211,74,1
5,4632,250.226711189279,85,80
29,5239,705.334731552182,88,59
99,3011,2867.61904761905,99,0
40,8299,1726.08983750788,88,48
55,5252,1897.470208215,77,22
45,5762,1451.51820558869,77,32
55,2424,875.755480714614,83,28
15,9051,701.922531724103,58,43
80,3524,2497.10495538704,81,1
5,7632,412.290643306687,66,61
82,6408,4706.64903087753,82,0
57,2856,1103.68100422948,58,1
84,6999,5314.23216805469,88,4
28,8816,1140.49193947544,69,41
14,6487,484.195041457194,41,27
86,9124,7143.24863573405,90,4
7,9603,554.194629237177,76,69
78,3166,2158.31040218538,78,0
13,3194,229.499116044444,72,59
68,4864,2620.50136244555,86,18
54,6505,2270.85394794735,79,25
12,1557,107.731699905732,75,63
26,7785,929.905823904499,71,45
74,9317,5829.13597108939,94,20
25,7538,865.237827230303,86,61
82,5023,3689.37235987794,84,2
58,5589,2232.1713297544,78,20
68,8847,4766.36010558301,79,11
85,3703,2855.9057111541,94,9
88,8904,7171.54360379351,92,4
72,4802,2866.06631596839,89,17
83,7676,5734.23723309453,88,5
48,8040,2265.02362844505,90,42
98,5325,4992.9415980034,99,1
87,9268,7361.5273636083,87,0
31,2074,302.402059400001,65,34
51,7670,2409.42829706256,79,28
29,4014,540.411073191536,60,31
63,5778,2699.64556511308,76,13
95,6753,5986.22634073429,98,3
32,6267,950.896802920414,83,51
46,6030,1577.17103646415,68,22
18,8623,750.991481747134,81,63
6,1951,108.859992522004,25,19
93,2358,2028.24359273132,98,5
95,2975,2637.20174199386,99,4
96,5984,5407.14986457977,96,0
72,4808,2869.6474067422,81,9
28,1381,178.654647052584,81,53
33,4636,731.958086609677,60,27
1,5716,276.841765729411,51,50
20,5377,506.440404000491,81,61
15,4110,318.738438336765,50,35
23,3099,328.572528375602,79,56
25,1356,155.64639078327,61,36
35,3340,570.882998621175,86,51
33,4536,716.169517010676,88,55
61,7030,3089.83092998176,82,21
97,9479,8732.0722897646,98,1
99,4799,4570.47619047619,99,0
62,3455,1566.11926068966,72,10
20,4463,420.354012098604,84,64
7,3347,193.157286687163,73,66
49,1161,339.288597489547,59,10
29,2668,359.196996331594,30,1
68,3551,1913.116845815,79,11
59,4413,1820.59723944751,75,16
59,6143,2534.31426284298,78,19
58,6046,2414.69097507517,86,28
20,2770,260.896395588871,51,31
56,6467,2416.96490598969,79,23
60,6450,2747.2882644457,78,18
50,5055,1531.8912462784,82,32
87,2887,2293.13007107652,92,5
63,8681,4056.00954495442,72,9
43,2295,535.861107053323,81,38
75,6097,3901.41337822283,76,1
86,5344,4183.85803478329,91,5
79,1405,976.856364738273,83,4
8,3183,190.213693878656,80,72
93,4884,4200.99309028828,93,0
28,6521,843.596635358362,84,56
64,6783,3264.76471419396,92,28
86,5832,4565.91692718117,93,7
74,9887,6185.75371322967,88,14
4,6758,354.023368786477,73,69
92,1550,1315.63668590115,95,3
6,2683,149.703413601505,74,68
56,4118,1539.05388632527,78,22
81,3650,2634.13392914634,93,12
36,3746,666.101188234297,80,44
74,9012,5638.31419678626,87,13
51,9145,2872.77989265151,65,14
24,4834,533.25016509565,63,39
58,4967,1983.75290658259,84,26
41,9852,2130.0821457188,60,19
31,2458,358.391640311091,77,46
29,4185,563.433069583104,70,41
76,3307,2162.77956168446,83,7
99,4277,4073.33333333333,99,0
84,1773,1346.21140648106,89,5
52,3580,1165.33767984565,80,28
63,5071,2369.3151022306,90,27
79,1570,1091.57615134455,82,3
95,8235,7299.95171271241,95,0
86,3437,2690.8533056793,89,3
46,4931,1289.72311456132,57,11
68,6592,3551.46895173542,83,15
88,7284,5866.7479346397,89,1
97,5669,5222.2932599088,97,0
22,4259,434.047878172845,84,62
3,5590,284.542316696943,89,86
42,8571,1925.9733896656,92,50
21,5192,508.64305967993,52,31
69,1245,688.830762461775,80,11
45,1886,475.106444939305,83,38
71,3658,2130.23372351575,72,1
12,3567,246.807304793672,76,64
55,1328,479.786831018567,76,21
17,3772,315.982091735231,67,50
50,3172,961.257968980237,83,33
9,8127,503.314358442087,66,57
50,5095,1544.01303655558,75,25
79,8665,6024.52697541433,81,2
46,1599,418.22495643552,63,17
38,5823,1120.1707160243,77,39
77,1649,1101.4488511659,78,1
60,8536,3635.791104699,73,13
63,9854,4604.06843174529,77,14
67,1084,568.313837673335,77,10
99,1874,1784.7619047619,99,0
45,7172,1806.7144343079,91,46
25,2656,304.864907020919,47,22
17,3091,258.934423529586,85,68
13,3108,223.31974097249,79,66
63,2676,1250.30313815206,80,17
90,3333,2756.8383795784,91,1
52,5329,1734.66047371438,85,33
68,3165,1705.15765052224,92,24
69,6607,3655.50590167466,87,18
0,5554,358.967089732053,74,74
1,8649,418.895107031783,78,77
5,7537,407.158618789636,85,80
67,4977,2609.31547057213,78,11
50,2979,902.770330892852,83,33
13,6156,442.328290034314,84,71
65,6646,3293.32138640638,77,12
20,2733,257.41149788606,77,57
31,7645,1114.68840121167,59,28
28,6797,879.301691539762,86,58
36,5976,1062.63232805343,70,34
37,1545,285.76825663232,52,15
16,4164,335.588723476715,81,65
43,8972,2094.87836709474,66,23
33,5405,853.372186825993,76,43
26,7067,844.141869946447,60,34
68,5913,3185.65471960126,85,17
46,1748,457.196512726259,73,27
29,1958,263.608590261342,80,51
96,9297,8400.78079729246,96,0
74,8799,5505.05177735489,92,18
28,8078,1045.01972403387,50,22
24,1010,111.415528909104,48,24
91,2506,2099.75064901853,91,0
39,3511,702.356812779495,76,37
93,4916,4228.51802454079,97,4
93,1534,1319.47653572937,95,2
5,6340,342.49510987479,73,68
77,9719,6491.80193115914,79,2
64,4040,1944.51561924571,85,21
50,6962,2109.79759774288,77,27
91,7047,5904.60607487373,93,2
68,1444,777.961341976023,80,12
78,5296,3610.36383132462,85,7
5,6834,369.181637363457,75,70
3,6431,327.350919262619,88,85
87,4953,3934.14383167371,90,3
46,6662,1742.47320811347,58,12
46,4866,1272.72210007207,69,23
81,1026,740.444222275108,85,4
21,8401,823.018171103832,34,13
37,1087,201.055077643581,76,39
61,4732,2079.81222769185,90,29
98,2427,2275.65619875197,99,1
85,2718,2096.23324950496,90,5
44,6968,1690.15542506319,76,32
52,2294,746.727552392718,85,33
83,8032,6000.1815341604,97,14
59,2095,864.29893873613,60,1
84,4567,3467.6522805409,85,1
16,8544,688.585507537237,72,56
70,5753,3266.64636022106,80,10
37,3931,727.090625774531,88,51
29,8898,1197.95160170859,74,45
9,7965,493.281514087759,86,77
83,6566,4905.02887864756,92,9
4,2709,141.91318526821,66,62
82,2309,1695.95078219354,91,9
32,4113,624.068701198606,83,51
48,9168,2582.80306288361,67,19
55,3159,1141.3001499907,66,11
68,3711,1999.31754852702,74,6
22,9909,1009.85687363576,66,44
41,7619,1647.28947099387,90,49
84,5011,3804.77459553109,89,5
54,4253,1484.69513306996,81,27
10,4052,260.269180242922,68,58
70,9244,5248.89256976942,79,9
61,5210,2289.90315010028,75,14
72,4115,2456.03142236775,89,17
85,8907,6869.44428011061,96,11
54,9826,3430.1938343629,66,12
27,6693,831.997944397622,89,62
19,2405,217.806610720149,61,42
16,9902,798.030629170614,59,43
22,1089,110.983362134357,84,62
44,8391,2035.31776287389,87,43
56,9563,3574.0583571949,71,15
46,6668,1744.04253252786,62,16
53,9984,3366.2957679346,81,28
59,3389,1398.14277010823,70,11
19,6866,621.812968484216,31,12
52,5096,1658.8158705289,56,4
57,9727,3758.93036699584,63,6
7,2281,131.637816233469,79,72
2,5392,267.340173111665,84,82
1,4576,221.628397476869,57,56
58,1287,514.010467238131,74,16
96,2555,2308.70118716599,97,1
51,8369,2629.00983287048,90,39
78,4902,3341.76803269511,78,0
93,2999,2579.60243197677,95,2
21,5606,549.201269754563,68,47
59,5086,2098.24553814413,82,23
71,8350,4862.61661874154,81,10
0,4688,302.995627775273,51,51
61,9383,4124.02327397139,89,28
87,8849,7028.71769967306,87,0
86,3157,2471.63918709036,92,6
49,5677,1659.03649263407,63,14
26,2725,325.496900467535,62,36
51,2484,780.315500639295,85,34
48,1513,426.241386795692,85,37
37,2201,407.104163655493,77,40
71,2756,1604.95465883254,77,6
61,5120,2250.34628186438,76,15
69,1994,1103.23577538055,81,12
46,6497,1699.31678671768,71,25
45,7693,1937.96070038074,73,28
71,6052,3524.37793732021,72,1
92,1427,1211.23454889093,94,2
95,2743,2431.54432883669,95,0
47,1768,479.997705821072,79,32
49,3864,1129.20856218743,84,35
12,6007,415.635402269578,25,13
95,4513,4000.56855852715,96,1
81,5710,4120.79581792482,87,6
21,8995,881.210385558739,55,34
77,9295,6208.59131084723,91,14
47,4874,1323.25159398864,74,27
55,3041,1098.6684888008,73,18
80,1265,896.3784814315,87,7
13,2922,209.955046049426,90,77
52,9271,3017.83397481817,83,31
54,4134,1443.15299320743,55,1
92,6544,5554.53320808849,97,5
5,3800,205.280980682051,84,79
48,7827,2205.01740545266,85,37
76,8615,5634.21406831316,91,15
79,5488,3815.64962966807,79,0
11,5200,346.582722363717,53,42
40,5349,1112.52615264847,81,41
83,1537,1148.19210881531,85,2
64,5194,2499.95399167381,75,11
50,4782,1449.16002763666,75,25
99,2959,2818.09523809524,99,0
53,4674,1575.92812693573,74,21
18,8661,754.300965257094,91,73
31,6723,980.255084544941,82,51
26,3660,437.181158059148,85,59
13,9186,660.043481522939,54,41
98,8672,8131.22808223202,99,1
87,5626,4468.70446133581,91,4
72,1772,1057.615475197,86,14
46,5961,1559.12380569864,82,36
69,3775,2088.62339621944,73,4
49,5102,1490.99950421332,92,43
68,3704,1995.54626778337,73,5
56,3829,1431.04354801833,77,21
47,6143,1667.77483419618,71,24
2,4961,245.970808384082,70,68
68,2419,1303.24687412742,87,19
89,3311,2702.94179683899,89,0
52,1618,526.680549159293,79,27
62,2461,1115.54833590659,85,23
86,7120,5574.30187269032,93,7
55,1138,411.142630797537,76,21
42,2978,669.180813723505,81,39
95,2017,1787.97845835348,98,3
7,3895,224.782680503885,84,77
15,8563,664.077189167329,85,70
42,3134,704.23528213884,57,15
43,7127,1664.08806534599,49,6
61,6083,2673.60477198849,92,31
28,7042,910.996397208033,84,56
14,4915,366.8596622109,66,52
18,4795,417.604563954251,18,0
65,2603,1289.87595076976,86,21
5,7184,388.089096110488,78,73
90,9429,7799.04862917635,94,4
83,1320,986.085610693692,85,2
88,3369,2713.49173418467,88,0
3,7114,362.117001964589,81,78
12,8570,592.974096462508,89,77
59,7371,3040.92958349595,88,29
13,7217,518.564533654588,42,29
49,4635,1354.5242457916,91,42
33,8380,1323.08213239627,49,16
27,8970,1115.04879146073,83,56
6,7623,425.340708864806,82,76
32,3339,506.629076903026,85,53
53,7190,2424.24544986476,75,22
58,4038,1612.7228179546,88,30
55,9305,3361.75938450886,92,37
18,5730,499.035276633547,50,32
25,5997,688.356493751675,81,56
38,9051,1741.14119023457,74,36
67,7445,3903.22557331917,85,18
46,8779,2296.18317232484,76,30
28,8792,1137.3871519814,81,53
49,6326,1848.69911086897,78,29
69,3454,1911.02124782568,77,8
26,3653,436.345019232259,72,46
91,1806,1513.22812135972,95,4
12,8349,577.682699109157,72,60
86,7615,5961.84111805292,94,8
88,2530,2037.73644627107,88,0
42,2571,577.72460446042,81,39
35,3740,639.252220012932,60,25
28,5317,687.839796074285,79,51
25,8574,984.153506324305,48,23
95,1406,1246.3548400818,95,0
8,2939,175.632436792137,66,58
71,9957,5798.45193686341,86,15
67,7818,4098.78005805363,80,13
27,2527,314.128015164021,87,60
50,6267,1899.18149167691,76,26
5,4686,253.143861967392,82,77
17,3798,318.160123120468,65,48
92,9748,8274.08155752545,96,4
96,7665,6926.10356149798,98,2
92,2639,2239.97755747945,92,0
45,6205,1563.11531858345,80,35
93,7299,6278.26547215687,94,1
26,3601,430.133702232511,85,59
51,3268,1026.59865382014,67,16
82,3101,2277.67144893121,88,6
64,6879,3310.97102593842,93,29
94,4571,3987.91058990635,98,4
41,2521,545.060605903076,74,33
82,1517,1114.23011545587,85,3
98,5156,4834.4801651278,99,1
55,6431,2323.4255348497,59,4
90,1836,1518.61844131592,92,2
14,3542,264.377807436624,76,62
51,2715,852.88107255865,84,33
83,5758,4301.42495937445,88,5
66,6942,3539.45753848608,81,15
84,4548,3453.2258751697,94,10
36,6148,1093.21679264935,37,1
38,2026,389.741691682162,81,43
88,8771,7064.42149021483,90,2
36,5985,1064.23267794508,58,22
85,6915,5333.13205310036,93,8
74,2821,1764.94500101354,85,11
10,6429,412.949299057687,63,53
74,5462,3417.27387293015,88,14
59,9166,3781.46256441784,63,4
76,2605,1703.67123017479,88,12
78,1939,1321.84582117418,86,8
2,8873,439.93126038943,73,71
10,1837,117.994690055836,70,60
7,1901,109.707798623334,76,69
4,1922,100.6855452512,78,74
94,9867,8608.3381733988,95,1
15,2338,181.316415774053,65,50
48,2641,744.020821234251,65,17
85,6608,5096.36104221072,89,4
33,4175,659.172780758283,77,44
12,6670,461.50959432963,80,68
15,9727,754.347637397011,64,49
76,6257,4092.08095478067,83,7
69,1410,780.121586402492,73,4
9,3820,236.576947120558,29,20
84,5182,3934.6122438719,85,1
71,3215,1872.25298553941,83,12
38,3114,599.040290176827,81,43
62,5993,2716.57097809353,77,15
77,9910,6619.38030021474,88,11
61,2222,976.615124668488,86,25
35,3339,570.712075567695,86,51
96,9495,8579.69384428223,96,0
42,8586,1929.34401162861,78,36
94,8826,7700.1310143324,96,2
85,8248,6361.19640982961,97,12
97,5916,5449.83011565011,97,0
76,2185,1428.99103183567,82,6
35,2300,393.123023002605,88,53
66,1757,895.82640379142,92,26
26,3832,457.726283519851,87,61
70,2501,1420.10821256959,84,14
2,8567,424.759507241772,80,78
45,7445,1875.48647008119,68,23
0,8250,533.2154285721,77,77
77,5603,3742.52147548973,97,20
52,3386,1102.18809607748,81,29
87,3841,3050.88763526322,90,3
35,9730,1663.0813103545,89,54
80,2031,1439.16576742085,82,2
25,4217,484.041909980125,75,50
47,8866,2407.04731889685,90,43
2,7889,391.143662032257,71,69
44,3012,730.589572372322,65,21
64,6479,3118.4447270032,85,21
53,7824,2638.01062583337,71,18
47,6028,1636.55326396461,82,35
61,8021,3525.39600133481,73,12
24,4598,507.216437548573,70,46
88,6421,5171.66234051641,93,5
44,4707,1141.72812654599,93,49
9,4625,286.431513202246,57,48
27,4066,505.439061993236,69,42
71,3164,1842.55317146086,79,8
23,6075,644.103939942491,88,65
43,7235,1689.30505861908,73,30
37,6410,1185.61457929655,77,40
46,3123,816.833357691137,74,28
22,4778,486.9407752782,31,9
43,8986,2098.1472365931,47,4
72,8006,4778.36878918012,79,7
29,3432,462.055506525499,83,54
22,1431,145.837641151759,87,65
80,4955,3511.11096876924,80,0
30,3228,452.26772185863,60,30
44,2029,492.153466913493,58,14
61,1226,538.852449524557,87,26
58,5960,2380.34373328614,88,30
70,5865,3330.24176998027,77,7
72,9663,5767.34669121253,75,3
42,6153,1382.62912922791,63,21
94,1293,1128.0613416646,94,0
54,4060,1417.32006589796,78,24
25,7544,865.926528074476,40,15
49,2753,804.531876734473,83,34
30,6370,892.486179752005,36,6
61,5996,2635.36646602712,81,20
56,3904,1459.07391263086,85,29
38,5047,970.891568568544,48,10
90,4977,4116.64704925344,90,0
5,4826,260.706845466205,49,44
7,2205,127.251812711442,76,69
78,6803,4637.70867532126,83,5
64,7461,3591.09679088916,72,8
11,5299,353.181124193334,73,62
59,6123,2526.0631989887,89,30
56,6552,2448.73265255056,82,26
22,1672,170.398697418407,54,32
91,7522,6302.60350435649,93,2
46,4829,1263.04459951665,78,32
73,3511,2146.23988236279,73,0
6,7676,428.297951101437,90,84
74,3961,2478.18048529409,83,9
54,5346,1866.25445130308,64,10
7,5653,326.237867237088,78,71
65,5087,2520.7833121651,94,29
53,8180,2758.04280666116,71,18
88,9362,7540.43028062835,89,1
14,8945,667.66219297589,79,65
97,9134,8414.25765320285,97,0
23,5174,548.575108685177,90,67
37,1702,314.807490477805,81,44
59,8549,3526.91724451321,90,31
77,5777,3858.7447017498,80,3
2,6225,308.641056680289,85,83
57,6215,2401.7428015708,66,9
57,1595,616.376471199586,74,17
49,6005,1754.89063559408,74,25
18,4595,400.1862296913,82,64
41,6641,1435.83795470144,75,34
46,3463,905.761741173361,92,46
26,5259,628.179155801382,26,0
14,1336,99.7201441940514,72,58
95,8904,7892.98968427338,95,0
59,1631,672.874257316768,83,24
89,4186,3417.24988268439,92,3
63,4725,2207.65408362051,82,19
75,1332,852.334364407547,83,8
3,9670,492.222576468594,4,1
75,7189,4600.17398327767,79,4
6,7049,393.313217471864,73,67
37,1453,268.751635525412,76,39
12,4061,280.98807534822,19,7
58,4215,1683.41423419481,81,23
88,1031,830.397737591094,94,6
4,2321,121.587487267448,79,75
75,7153,4577.13791937476,85,10
74,6371,3985.98532486965,75,1
49,5040,1472.88073328796,68,19
58,2049,818.343004950217,84,26
66,8930,4553.06191568434,92,26
43,6788,1584.93472534987,70,27
38,3814,733.699314943616,65,27
14,1117,83.3738031921822,80,66
47,1410,382.803600230606,84,37
33,1477,233.197172977242,52,19
71,7577,4412.46061319816,94,23
92,7108,6033.25520218413,96,4
86,1914,1498.48508206872,95,9
80,7097,5028.93129068724,96,16
48,6220,1752.29439912043,90,42
8,2036,121.669833721943,65,57
34,2354,386.724713000308,87,53
70,5902,3351.25096784716,85,15
98,8870,8316.88112193243,99,1
44,3351,812.817283207055,87,43
36,2421,430.494120852972,86,50
33,1359,214.566660850421,56,23
53,2069,697.602758799749,72,19
35,8513,1455.06795427008,39,4
45,6906,1739.70578406726,79,34
45,8195,2064.42063429354,84,39
7,2417,139.486454114991,82,75
99,1070,1019.04761904762,99,0
84,3354,2546.64019026367,92,8
99,5255,5004.7619047619,99,0
35,2112,360.989488948479,81,46
64,4513,2172.1779677366,78,14
74,8117,5078.36177710986,83,9
74,7560,4729.87742207103,82,8
29,9365,1260.82453922241,60,31
2,4765,236.252953426759,60,58
22,1913,194.959753685056,87,65
80,5670,4017.7596756653,83,3
92,5505,4672.63222960378,92,0
29,9259,1246.55359409079,91,62
2,3042,150.825075409066,70,68
54,8951,3124.73692360903,61,7
86,2084,1631.57936835486,87,1
70,7915,4494.26489503732,77,7
17,1928,161.509404259153,82,65
26,2689,321.196757929248,82,56
58,4941,1973.3688567394,77,19
90,8719,7211.78332779601,92,2
38,2778,534.403958288769,66,28
98,1632,1530.23111510639,98,0
95,8355,7406.32623675922,95,0
95,9452,8378.76667742048,96,1
11,5861,390.638718418028,84,73
36,8780,1561.2302276287,86,50
90,7104,5875.96155071256,95,5
69,4454,2464.29896867851,87,18
74,8596,5378.04580954002,80,6
26,6096,728.157469816548,77,51
83,7118,5317.39195221038,88,5
88,3718,2994.58660365052,88,0
56,6291,2351.18698369895,60,4
18,5133,447.041548858638,90,72
63,2839,1326.46136368225,72,9
52,5967,1942.33797084889,70,18
9,6399,396.297351995929,83,74
44,2335,566.376710321837,85,41
77,1284,857.647255850225,82,5
15,1735,134.552601098367,85,70
71,9446,5500.87144678234,94,23
26,9592,1145.74908964572,59,33
11,9966,664.23911751477,72,61
14,8995,671.394234300518,85,71
98,5354,5020.13320482821,98,0
91,5836,4889.92210202399,95,4
66,5854,2984.72838235343,88,22
29,2635,354.754154922695,91,62
92,6405,5436.55030528832,98,6
44,4818,1168.65224425294,72,28
37,2066,382.134121813834,81,44
40,5095,1059.69727944362,86,46
1,5371,260.132456916142,85,84
83,4161,3108.4107773458,92,9
38,7385,1420.65271128962,42,4
80,2466,1747.40658909888,84,4
37,5636,1042.45300607104,80,43
16,6469,521.355295910392,89,73
10,1970,126.537582694609,71,61
75,8778,5616.96024832541,75,0
61,9750,4285.32739222221,71,10
13,5129,368.535055163417,83,70
2,5710,283.106896970996,80,78
48,1530,431.030615860812,57,9
39,8442,1688.77704741797,70,31
93,4209,3620.38900839955,97,4
38,4673,898.945175336003,70,32
42,3986,895.686609637975,81,39
73,5909,3612.11377524401,75,2
21,4648,455.3491797751,51,30
46,6777,1772.55192605598,78,32
31,3778,550.855824692963,67,36
17,7925,663.880720307981,25,8
82,3891,2857.92312408621,82,0
22,9540,972.250941011726,80,58
15,7538,584.58645941181,80,65
62,6343,2875.22271217207,85,23
22,2738,279.038058332296,54,32
46,8442,2208.03945104982,77,31
43,4227,986.965097827624,83,40
49,9336,2728.3362154715,80,31
93,5589,4807.40179803874,93,0
22,4001,407.754299264981,82,60
92,3977,3375.6690966638,96,4
29,9839,1324.63989764114,78,49
62,5138,2329.00745627308,91,29
26,1904,227.42976091383,81,55
62,6253,2834.42655198045,74,12
12,6285,434.870734686915,57,45
11,6032,402.035957941912,83,72
62,3542,1605.5555488749,94,32
25,8198,940.994920089416,30,5
32,4910,744.99813345129,84,52
49,2518,735.855890162514,77,28
21,2407,235.805825240677,38,17
85,9316,7184.88188093752,88,3
21,4224,413.811302790452,65,44
56,6464,2415.84369140519,74,18
95,2938,2604.40293041276,97,2
62,8495,3850.70423142074,73,11
60,2915,1241.60392106345,62,2
53,6172,2081.00735974483,59,6
88,6264,5045.20992072805,92,4
0,5621,363.297445333791,66,66
7,8083,466.474558796636,69,62
1,9224,446.743955053899,87,86
2,9669,479.397650930395,79,77
92,7851,6663.91201355481,94,2
58,7923,3164.33949644733,63,5
69,1231,681.084874369835,75,6
5,7819,422.392628408672,69,64
99,3740,3561.90476190476,99,0
65,2598,1287.3982789473,68,3
41,2105,455.118038645765,68,27
10,7767,498.892083649254,29,19
9,6144,380.504911808562,72,63
67,5169,2709.97622410836,69,2
96,6413,5794.79479972427,98,2
12,8470,586.054912139725,66,54
90,8373,6925.59488515151,90,0
58,8651,3455.09289205677,69,11
99,7737,7368.57142857143,99,0
75,2405,1538.93704684696,76,1
63,4280,1999.73745563932,66,3
65,5645,2797.29148755101,86,21
8,4375,261.446720301326,78,70
4,9634,504.68498592615,74,70
55,5710,2062.93885927411,56,1
24,2676,295.195995406694,69,45
46,3399,889.022280753178,79,33
87,5239,4161.31224190159,87,0
56,5690,2126.57032860389,66,10
9,5949,368.428339900575,69,60
17,7733,647.79679623238,74,57
1,3889,188.355078187837,68,67
72,3954,2359.93881993732,93,21
91,5977,5008.06449688098,96,5
32,9412,1428.09010835917,78,46
23,3692,391.445554941182,67,44
61,9366,4116.55142108239,75,14
16,1168,94.1324757494725,73,57
3,7054,359.062880497359,73,70
46,1605,419.794280849912,82,36
0,6171,398.84514057193,74,74
84,2408,1828.35705967648,86,2
52,6286,2046.17671941614,63,11
70,3977,2258.20486261066,85,15
60,6994,2978.99753822221,66,6
51,9635,3026.70686338954,85,34
96,4068,3675.84987451713,96,0
28,4091,529.236901587342,92,64
16,7763,625.642473667085,83,67
70,2761,1567.74041379634,89,19
72,7530,4494.26892112495,73,1
56,9319,3482.86623765547,83,27
30,6212,870.349159908863,72,42
89,1033,843.291717346627,90,1
34,3899,640.543609170858,82,48
10,4403,282.814708936226,69,59
73,4597,2810.10103652001,79,6
98,4141,3882.77392625955,98,0
21,3856,377.75956050189,32,11
98,7313,6856.97312792467,99,1
64,7393,3558.36732007017,80,16
92,8204,6963.53765879553,96,4
8,5418,323.775618421162,79,71
86,6989,5471.74098149335,86,0
31,3088,450.249546493348,84,53
11,7144,476.151340108922,69,58
66,2800,1427.61179887079,80,14
31,2034,296.569811388429,73,42
6,3429,191.327993007664,60,54
96,5803,5243.59803879619,98,2
90,9132,7553.38976366936,98,8
73,7839,4791.90385583649,89,16
76,3226,2109.80552343335,78,2
76,8713,5698.30611459229,81,5
12,4580,316.898641983464,69,57
32,7765,1178.18951247439,54,22
30,6482,908.178244450942,57,27
9,2186,135.381467645429,82,73
80,2778,1968.48966119898,80,0
54,8262,2884.21142474113,58,4
40,6028,1253.74979401102,58,18
54,9510,3319.88025287922,67,13
97,4908,4521.25865578275,97,0
38,1812,348.574504110601,81,43
63,4479,2092.715902759,90,27
63,9087,4245.70426621366,87,24
17,7649,640.760079449305,27,10
28,1817,235.058286527548,80,52
21,1515,148.419536867314,79,58
93,1606,1381.4076377975,98,5
19,8574,776.496415931208,89,70
78,4204,2865.9308056814,78,0
29,5763,775.881667863184,63,34
99,9913,9440.95238095238,99,0
34,5220,857.562872498558,56,22
76,2047,1338.7389666671,80,4
6,8549,477.008752470842,75,69
99,8312,7916.19047619048,99,0
66,2690,1371.52704962944,86,20
21,1001,98.064657692529,59,38
59,7520,3102.40000921036,66,7
91,2845,2383.79513027043,91,0
62,6398,2900.15369895585,90,28
87,1245,988.897450117861,95,8
40,3125,649.961530571409,75,35
98,3191,2992.01439234345,98,0
30,1382,193.628869767233,76,46
85,8862,6834.73843160887,86,1
74,9727,6085.65048736573,88,14
46,1872,489.629217290364,80,34
9,1620,100.328443543273,59,50
45,7839,1974.73988434741,88,43
99,1566,1491.42857142857,99,0
89,9206,7515.33741519172,97,8
57,6533,2524.63165288206,60,3
40,9551,1986.49042511601,62,22
70,2564,1455.88063055915,79,9
12,5784,400.205621229772,66,54
66,7205,3673.55107530858,78,12
80,8894,6302.28475403301,83,3
42,4632,1040.8480621784,59,17
63,1001,467.695605863308,80,17
97,2347,2162.06073046498,97,0
25,1970,226.123443837052,75,50
9,3701,229.207141699786,68,59
75,5876,3759.99754148554,87,12
1,3499,169.466294311968,87,86
18,4430,385.816103924365,83,65
37,5484,1014.33858859006,90,53
10,4035,259.177231559771,81,71
35,9711,1659.83377233839,74,39
41,7670,1658.31608380666,64,23
81,7669,5534.56797332145,90,9
17,3862,323.521431145668,48,31
76,9364,6124.06042201793,76,0
62,9805,4444.51500754331,66,4
12,4832,334.334986476877,87,75
2,8076,400.415288955825,68,66
21,4230,414.399102936461,83,62
65,7542,3737.32017699021,88,23
32,2035,308.772138813315,64,32
72,9889,5902.23444369251,79,7
19,9791,886.712900441154,87,68
70,1388,788.128828087403,80,10
93,5431,4671.49743516701,94,1
97,2236,2059.80732565815,97,0
63,4250,1985.72060431474,86,23
68,3900,2101.1421286056,74,6
71,8377,4878.34004972429,77,6
43,7993,1866.29099288767,62,19
66,1727,880.530563089233,75,9
48,6938,1954.56889728256,77,29
34,6113,1004.26855164438,41,7
43,3609,842.667858542677,92,49
32,6370,966.525073337009,82,50
6,1293,72.1455511691191,20,14
56,5720,2137.7824744489,65,9
14,6499,485.090731375105,82,68
59,5262,2170.85490006182,78,19
61,1800,791.137364717947,88,27
54,3935,1373.6833643617,84,30
65,8492,4208.07782325654,65,0
79,7476,5197.84924041518,89,10
51,4568,1434.97633128837,71,20
35,9273,1584.96947491442,45,10
23,2727,289.131101929741,54,31
76,9435,6170.49445554669,84,8
28,1240,160.414020525129,77,49
17,9830,823.463404495577,59,42
36,4742,843.206576243202,46,10
22,1745,177.838353465981,81,59
91,9996,8375.54169496775,95,4
66,2056,1048.27494945655,73,7
73,5578,3409.77671997141,76,3
87,5971,4742.73628486245,98,11
33,1541,243.301857520602,54,21
23,1700,180.243077843989,67,44
5,1369,73.9551743562441,88,83
94,4394,3833.48919974808,95,1
61,2520,1107.59231060513,84,23
47,6355,1725.3311201883,88,41
54,2663,929.636289528639,59,5
84,5574,4232.25176521458,85,1
44,7821,1897.05878005443,75,31
42,3681,827.150629723379,47,5
73,5202,3179.9316058249,82,9
28,2465,318.887548866487,65,37
11,6965,464.220896396786,76,65
26,3714,443.631371866578,79,53
18,3327,289.75399046419,51,33
51,6437,2022.09777681769,62,11
74,8497,5316.10693853671,76,2
39,1722,344.476910169835,47,8
12,6079,420.617214981982,79,67
53,2650,893.497975263091,73,20
78,5585,3807.3795313346,84,6
90,7408,6127.41035581062,96,6
64,7492,3606.01757905664,64,0
93,2848,2449.71914847277,95,2
65,4120,2041.60158170242,88,23
87,6559,5209.78182756872,94,7
92,7413,6292.138550055,94,2
35,8262,1412.16626784675,79,44
21,3230,316.432411934934,43,22
68,6100,3286.40179089594,70,2
94,3572,3116.34579460632,94,0
67,3658,1917.7970647685,77,10
42,4794,1077.25077937894,69,27
60,8436,3593.19748819596,82,22
97,2696,2483.56017440715,97,0
44,7904,1917.19122842989,88,44
21,6388,625.811222117757,77,56
40,3438,715.061677473441,85,45
60,8520,3628.97612605851,93,33
91,5896,4940.1954615376,94,3
89,6317,5156.89620375473,96,7
71,6504,3787.59981895748,81,10
45,5956,1500.38917606495,72,27
49,9982,2917.1221189842,80,31
4,1469,76.9547689771137,90,86
73,1265,773.28209945569,77,4
16,3749,302.142681151346,85,69
75,4137,2647.22767684236,80,5
18,9148,796.71460918738,81,63
86,9557,7482.24761198053,86,0
88,5101,4108.49549898368,88,0
33,1738,274.405339630634,83,50
63,4345,2030.1073001759,93,30
83,9578,7155.09695395771,84,1
20,6724,633.309517667715,87,67
28,5781,747.865687625623,75,47
79,2734,1900.87210049426,95,16
22,5559,566.534903677588,83,61
66,8155,4157.91936421117,66,0
93,6727,5786.25727239338,99,6
10,1821,116.966973648164,78,68
65,2634,1305.23751606897,87,22
77,3960,2645.08032178107,93,16
97,2901,2672.40655265398,97,0
59,8851,3651.50830871288,80,21
15,9811,760.86199964039,77,62
98,7322,6865.41190245651,98,0
41,3796,820.725926222957,91,50
94,1775,1548.5760877453,94,0
43,7694,1796.47728002975,84,41
5,4506,243.420026040348,65,60
47,8662,2351.66296822519,75,28
71,3942,2295.62092348253,82,11
85,9198,7093.87543375518,85,0
51,4592,1442.51561148778,52,1
93,4994,4295.61005178126,96,3
64,5176,2491.29030822173,85,21
27,3787,470.756942392618,71,44
58,3787,1512.47679831453,81,23
19,1350,122.261507057048,90,71
84,7357,5586.05601662786,90,6
24,6307,695.740337455165,78,54
35,8468,1447.37641686351,76,41
35,3978,679.931906741028,70,35
26,8594,1026.53958261211,69,43
94,1352,1179.53513838403,94,0
60,6452,2748.14013677576,63,3
31,9344,1362.41313550319,74,43
6,6819,380.479902105354,82,76
17,3524,295.20702313758,79,62
22,9109,928.326396402077,59,37
30,4874,682.885029844784,85,55
31,4932,719.116179826811,83,52
26,2487,297.068180353306,76,50
21,9523,932.936798407546,68,47
43,5688,1328.09497904981,52,9
37,1976,365.487427252728,89,52
62,5683,2576.05087076681,87,25
2,2664,132.083497991372,74,72
83,6584,4918.47550061157,89,6
72,8898,5310.75761755243,80,8
24,2723,300.380678435138,72,48
53,6438,2170.69432631841,68,15
64,9539,4591.27091385762,70,6
9,2476,153.341497662435,63,54
8,3357,200.611803440355,44,36
31,7378,1075.75814573443,66,35
98,3132,2936.69353707918,98,0
55,7574,2736.37459196885,89,34
65,3760,1863.2092104857,65,0
21,1452,142.247635334218,64,43
17,8768,734.499199452413,77,60
29,1226,165.058289918491,70,41
36,3823,679.793070640608,82,46
70,5398,3065.07162393069,74,4
8,8924,533.291550164351,74,66
6,4193,233.95691883381,50,44
47,5428,1473.65811493031,77,30
46,1335,349.174682202263,89,43
77,2234,1492.1993532472,89,12
50,1904,576.997217193686,93,43
29,2423,326.212264659465,82,53
1,5197,251.705153340754,9,8
20,5699,536.768432657393,83,63
67,1375,720.877792251693,79,12
35,3560,608.486070386641,41,6
78,8440,5753.67649856115,82,4
17,8351,699.566926850719,79,62
2,1114,55.2331144002958,51,49
67,7657,4014.37182201543,85,18
83,4216,3149.49767779137,95,12
72,4806,2868.4537098176,72,0
72,6267,3740.44931323905,84,12
63,3496,1633.43040769043,70,7
96,2587,2337.61642708353,98,2
75,6839,4376.2122508883,82,7
55,4670,1687.20218438005,92,37
28,8501,1099.74160361623,73,45
94,6184,5395.15184598137,98,4
40,6284,1306.99464259543,72,32
86,3269,2559.32483452593,86,0
7,4500,259.697576962126,62,55
6,1387,77.3904713623884,90,84
31,1188,173.217765943684,52,21
9,1364,84.4740722179164,51,42
40,1933,402.040204350251,67,27
54,2364,825.257299453888,77,23
71,8860,5159.61475952695,74,3
88,9127,7351.1543656585,90,2
10,8512,546.745128881479,84,74
96,3494,3157.18275849627,96,0
91,7848,6575.75542438045,98,7
77,1495,998.584616429974,83,6
43,2616,610.811614837252,80,37
17,4652,389.700077081732,62,45
71,6749,3930.27539639361,92,21
23,6317,669.762072200283,70,47
16,8111,653.688793496551,67,51
60,6348,2703.84277561261,81,21
21,5925,580.45264418405,78,57
42,4768,1071.40836797638,69,27
27,7020,872.646880273615,52,25
83,5487,4098.97859536082,83,0
47,6023,1635.19580438932,63,16
18,9574,833.815661167466,74,56
51,3045,956.546175300586,82,31
46,7683,2009.5199126292,65,19
68,4749,2558.54460737128,81,13
63,2015,941.465180633931,63,0
92,7655,6497.54763262796,92,0
58,7605,3037.33457913441,85,27
57,2599,1004.36517156597,67,10
53,6755,2277.57691430271,65,12
85,7918,6106.6868541502,92,7
35,7695,1315.25289652393,81,46
5,1058,57.1545467267394,78,73
79,7113,4945.46570988138,92,13
42,1387,311.670177513264,93,51
18,9443,822.406652225233,66,48
48,8625,2429.82945215654,72,24
39,4732,946.611346645563,78,39
98,6731,6311.26570819923,98,0
20,7211,679.178306350668,71,51
83,4692,3505.08612528394,83,0
90,2067,1709.68644782135,96,6
0,6502,420.238389887975,62,62
91,2019,1691.69854763304,95,4
57,4067,1571.66339082678,68,11
51,1516,476.231199262952,85,34
9,5467,338.577531389552,85,76
71,3286,1913.5997855311,72,1
77,5792,3868.76394539292,83,6
45,4120,1037.87834207314,54,9
98,7513,7044.50145085438,99,1
24,6826,752.992475577764,84,60
49,6584,1924.09657697776,88,39
85,4332,3341.01634910061,90,5
62,7767,3520.70862453736,78,16
75,1326,848.495020423729,78,3
9,3627,224.62423748855,80,71
78,7504,5115.59104800981,94,16
46,6003,1570.10907659939,72,26
80,6370,4513.7793887104,85,5
99,7543,7183.80952380952,99,0
65,4129,2046.06139098284,83,18
51,2807,881.781646656402,88,37
50,2156,653.364495939909,64,14
11,9899,659.77353243816,64,53
92,7657,6499.2452283517,95,3
44,6249,1515.75505901548,88,44
44,4665,1131.54062254877,82,38
70,1299,737.59318997517,83,13
48,7344,2068.9469561319,77,29
22,5204,530.355754405139,35,13
61,8583,3772.40666743008,80,19
14,3186,237.805673205275,72,58
8,4818,287.920068208409,70,62
7,8746,504.736668469056,75,68
79,2352,1635.27841271489,80,1
72,6129,3658.08422544154,87,15
94,5349,4666.66675681668,94,0
7,2759,159.223469964112,68,61
30,9870,1382.86320159377,89,59
63,6324,2954.75225922034,76,13
90,5296,4380.50286776094,93,3
22,2396,244.183779314895,78,56
13,2865,205.859413734293,72,59
2,7688,381.177902611736,71,69
38,2399,461.495714879322,78,40
40,3138,652.665370538586,76,36
44,2909,705.605931617226,77,33
98,9528,8933.84930437116,98,0
72,2117,1263.52819469077,76,4
74,7690,4811.21129308548,79,5
16,4329,348.88654753379,44,28
22,7547,769.138139603302,82,60
55,2277,822.646546859396,77,22
67,2436,1277.133310491,69,2
94,7844,6843.39765198543,94,0
54,7803,2723.97745669995,86,32
18,4500,391.912520916398,90,72
80,8896,6303.70195321314,80,0
24,3913,431.652440219131,77,53
83,4319,3226.44223680762,85,2
97,9070,8355.30073511604,97,0
3,6431,327.350919262619,77,74
0,2675,172.891063203681,76,76
1,4620,223.7594397603,44,43
29,2863,385.450150111452,74,45
60,5381,2291.96250402827,82,22
81,4870,3514.5841739569,84,3
45,8475,2134.95605559948,74,29
79,3933,2734.50254983319,93,14
33,7899,1247.13911262507,81,48
44,5975,1449.29372341455,92,48
44,9058,2197.10502873456,83,39
4,5982,313.371972784952,76,72
57,9576,3700.57748476942,78,21
64,9671,4654.80459250624,89,25
0,6347,410.220403048135,54,54
68,4837,2605.9549938629,71,3
27,5641,701.225221028983,53,26
45,4205,1059.29088068387,64,19
66,2667,1359.80023842443,91,25
0,5197,335.893403913843,81,81
57,6063,2343.00347641573,89,32
81,8941,6452.54560561573,88,7
60,8324,3545.49263771256,68,8
32,2567,389.492914168933,82,50
2,5462,270.810835596424,69,67
83,7326,5472.77513934999,86,3
84,8519,6468.34459775081,93,9
54,1759,614.055664018354,59,5
79,2737,1902.9579147962,87,8
84,9081,6895.06248294109,92,8
20,6276,591.113999536374,85,65
23,4898,519.312114870506,64,41
94,5628,4910.07674469327,98,4
72,2316,1382.30103868863,73,1
48,6490,1828.3586254488,73,25
71,5522,3215.73281062165,71,0
14,5268,393.207873962771,89,75
63,4921,2299.23084560773,80,17
53,2943,992.288506112934,91,38
43,5972,1394.40633173091,61,18
40,2798,581.949556012416,87,47
3,1495,76.0985265584848,72,69
92,9793,8312.27746130968,96,4
0,8890,574.580019394662,73,73
70,6970,3957.67862519395,82,12
52,5420,1764.28218568811,70,18
26,6374,761.364126084428,76,50
56,2652,991.153692699034,71,15
17,4378,366.746977098844,83,66
10,1702,109.323332866104,73,63
53,6458,2177.43770726379,74,21
52,5230,1702.43465519351,68,16
76,6754,4417.11918948196,85,9
6,1568,87.4897325855984,80,74
80,5912,4189.24077646089,80,0
81,3453,2491.96286502529,83,2
14,5938,443.217227712782,74,60
71,2288,1332.41518846475,71,0
23,9471,1004.16599427084,88,65
95,3783,3353.45687057572,96,1
49,4666,1363.58363125429,85,36
74,2095,1310.72661365593,88,14
86,5070,3969.34136159268,87,1
29,6258,842.52428899667,75,46
55,2755,995.340903204934,64,9
68,1304,702.535727103001,78,10
14,7550,563.538240018778,18,4
68,2255,1214.8911538476,89,21
54,2434,849.693852314198,80,26
68,5923,3191.04226352076,93,25
35,7525,1286.19597743244,50,15
17,7144,598.456008312961,86,69
34,7077,1162.63840012879,66,32
81,7625,5502.81403006598,92,11
8,6894,411.980271944536,41,33
30,4166,583.688763712222,69,39
34,2552,419.252959888184,76,42
86,6126,4796.09175169956,94,8
29,4891,658.482949421974,62,33
36,6120,1088.23792631978,81,45
72,8496,5070.82453570751,90,18
99,1038,988.571428571429,99,0
87,4716,3745.89588333802,88,1
92,1803,1530.3825449547,93,1
94,9359,8165.14005927226,94,0
21,3376,330.735548821157,81,60
69,4291,2374.1147001795,79,10
14,4577,341.631062856417,47,33
54,3360,1172.95453729487,67,13
73,7644,4672.70226738284,89,16
30,6651,931.856449219872,80,50
0,2517,162.679179844361,88,88
48,4985,1404.37099350729,53,5
35,4095,699.929903998117,65,30
88,7980,6427.32681472059,97,9
94,9212,8036.89178608997,95,1
41,8885,1921.00891846443,82,41
56,4978,1860.46873388227,88,32
59,2578,1063.56213081706,88,29
51,5934,1864.08702930498,65,14
40,5184,1078.2081838343,61,21
15,7287,565.120924613141,76,61
36,8631,1534.73554608922,41,5
73,1529,934.662711516008,73,0
45,6299,1586.79506716473,76,31
89,2879,2350.27769045589,90,1
45,4211,1060.80235399757,68,23
72,8457,5047.54744567778,82,10
78,9206,6275.87036087131,96,18
70,8591,4878.10861822686,84,14
83,7328,5474.2692084571,97,14
58,5934,2369.95968344294,66,8
85,5897,4548.00863588327,88,3
36,4071,723.891600988207,82,46
93,9755,8390.80417603648,99,6
53,1943,655.119458843843,69,16
14,1561,116.514330154876,84,70
51,1230,386.388110219941,68,17
18,2496,217.380811601629,78,60
90,9499,7856.94802508708,98,8
82,2747,2017.65993879847,89,7
45,4495,1132.34542417931,72,27
45,2761,695.529636520372,90,45
26,5675,677.869691799361,66,40
60,7478,3185.1506420969,90,30
43,5874,1371.52424524236,82,39
59,8103,3342.9185205627,65,6
25,6701,769.164059468063,89,64
91,2329,1951.44423845337,97,6
23,8738,926.449420118105,53,30
17,1201,100.608295910396,79,62
61,3634,1597.2184352139,91,30
8,4908,293.298400740322,87,79
72,9738,5812.11032588509,76,4
59,9711,4006.30405444704,83,24
60,9935,4231.67579957644,64,4
18,3159,275.122589683312,34,16
92,4046,3434.23614913295,95,3
57,9102,3517.40353658848,77,20
70,2659,1509.82316562277,81,11
72,2935,1751.75023685282,81,9
25,6054,694.899151771325,41,16
72,8172,4877.44563392205,83,11
34,7382,1212.74504306214,49,15
75,7971,5100.56848250192,80,5
81,3360,2424.8465758717,81,0
38,6451,1240.97909824365,72,34
90,9969,8245.70111191632,99,9
60,5859,2495.55999091277,81,21
38,6893,1326.0066538821,69,31
18,4398,383.029170442293,67,49
16,5480,441.648944441018,69,53
14,1884,140.623317111971,70,56
81,6286,4536.48380235997,87,6
42,1560,350.544684153347,62,20
26,8399,1003.24714386306,71,45
75,4437,2839.19487603325,92,17
86,2646,2071.57342066553,86,0
79,1186,824.591920697219,85,6
98,9748,9140.13045959383,98,0
23,6371,675.487440555327,85,62
93,1372,1180.13155607607,98,5
87,7222,5736.39950582425,87,0
43,1172,273.6510751488,69,26
59,9343,3854.48447952824,72,13
27,3155,392.193861433512,81,54
20,4477,421.672622040208,21,1
39,9914,1983.24279176756,78,39
81,5841,4215.33596716268,81,0
3,8693,442.491298577196,86,83
53,3664,1235.38738919395,61,8
10,3620,232.520837235779,81,71
67,6297,3301.35815113375,84,17
7,7210,416.093228865984,71,64
4,1309,68.5730378427787,76,72
50,9993,3028.32625599606,92,42
96,7981,7211.64155568368,96,0
30,5367,751.958136064209,82,52
46,6439,1684.14665071189,75,29
16,8260,665.697131584455,51,35
44,2782,674.800860006574,69,25
39,1108,221.649486915318,79,40
47,7802,2118.17992127602,73,26
29,5018,675.581157268343,67,38
40,9886,2056.16630119326,81,41
54,7281,2541.7505910845,70,16
83,2274,1698.75657478595,86,3
65,3829,1897.40108163557,81,16
99,3598,3426.66666666667,99,0
43,6434,1502.27902517694,67,24
85,4816,3714.29703076375,85,0
15,1906,147.813981379532,70,55
30,1167,163.505709854096,58,28
67,5088,2667.50996871027,81,14
27,7469,928.461474182853,89,62
33,7830,1236.24499960176,41,8
46,6620,1731.48793721272,79,33
92,8638,7331.91593084785,97,5
44,1852,449.220414353765,89,45
94,8540,7450.61396582809,98,4
79,6041,4200.13473265759,87,8
95,3774,3345.47878127221,97,2
42,8124,1825.52885516781,92,50
36,4462,793.417912947526,88,52
72,7632,4555.14746427963,75,3
29,6441,867.161864082383,62,33
31,2990,435.960538864997,71,40
52,2012,654.932796605994,91,39
38,1589,305.67598622061,61,23
58,2935,1172.19947268369,81,23
45,4604,1159.80385604484,74,29
92,8245,6998.33837113227,93,1
61,2718,1194.6174207241,81,20
13,1289,92.6187728808043,22,9
66,1829,932.536421476669,87,21
89,6156,5025.46351595918,90,1
34,5960,979.133088140116,67,33
32,8661,1314.1402920207,42,10
77,4690,3132.68351241243,82,5
5,6382,344.764004924434,74,69
25,5665,650.24838037406,65,40
87,3476,2760.96990892344,98,11
81,2355,1699.55764469579,89,8
41,8941,1933.11657174907,45,4
32,7038,1067.88123487376,65,33
12,4067,281.403226407587,74,62
43,1139,265.945882759798,77,34
49,3522,1029.26308385718,90,41
35,2301,393.293946056085,84,49
38,5422,1043.03033183647,80,42
49,3376,986.596300710345,80,31
52,4989,1623.98594546089,67,15
2,7472,370.468429801625,83,81
14,6028,449.934902097112,80,66
14,7427,554.357418360194,58,44
70,2106,1195.82082993665,84,14
13,3043,218.649283069269,76,63
42,7380,1658.34600580237,89,47
64,6385,3073.20104675342,72,8
3,4761,242.344538424713,82,79
47,5143,1396.28291913901,85,38
16,5757,463.973170282289,79,63
70,5962,3385.31993736102,75,5
98,2571,2410.67659126136,99,1
37,1736,321.096241756445,85,48
46,4674,1222.50371881152,87,41
27,6368,791.597625866436,90,63
46,4252,1112.12790166593,79,33
68,9976,5374.61381409474,80,12
28,7443,962.872221587531,85,57
45,6780,1707.96484447958,79,34
8,4128,246.686185463743,50,42
48,6153,1733.41920221672,92,44
41,5714,1235.41305122181,79,38
13,7856,564.478727503179,73,60
17,5612,470.119697459733,57,40
47,9236,2507.499327468,51,4
54,9785,3415.88099625901,72,18
74,3953,2473.1753240009,75,1
86,4870,3812.75984831487,91,5
90,2500,2067.83556824063,92,2
36,4067,723.180334369697,73,37
28,4510,583.441316587366,87,59
34,7266,1193.68809033995,71,37
1,2952,142.973564106582,67,66
85,1345,1037.31924966305,89,4
92,3239,2749.25627460248,97,5
55,1025,370.317395929241,82,27
5,6343,342.657173806907,64,59
48,2846,801.773289372465,77,29
30,2956,414.158421875499,69,39
99,1781,1696.19047619048,99,0
17,7265,608.592231298105,81,64
27,7123,885.450673531191,61,34
14,4734,353.349672615748,82,68
21,4761,466.419415858272,83,62
3,7299,371.533876488549,52,49
54,7578,2645.43139393467,71,17
33,2197,346.874874090048,72,39
85,2193,1691.33168365135,95,10
81,4528,3267.76943319853,97,16
40,3003,624.587032417901,51,11
71,4536,2641.53640510319,75,4
8,1665,99.4991518403904,85,77
46,2696,705.149770200226,75,29
84,8390,6370.39689812529,95,11
28,2192,283.570591121842,58,30
5,3900,210.683111752631,81,76
15,1944,150.760954775346,58,43
58,3565,1423.81298811495,62,4
3,9327,474.763182080928,78,75
33,3207,506.339427039956,90,57
61,7431,3266.07875401059,79,18
12,7806,540.111528236445,77,65
76,4416,2888.06608539419,89,13
29,3983,536.237494898328,59,30
10,8334,535.311783846128,73,63
98,9937,9317.3447247624,98,0
61,4173,1834.12012387111,90,29
58,6428,2567.25663046364,75,17
88,3687,2969.61829146301,93,5
44,9049,2194.92199216373,90,46
97,3292,3032.59647409063,97,0
89,8550,6979.8104388322,96,7
67,4142,2171.5460476411,78,11
85,3809,2937.65726540264,89,4
94,6041,5270.39332172922,94,0
16,1943,156.591952381186,77,61
90,3982,3293.64849309367,90,0
74,1163,727.625322998493,79,5
23,7887,836.221855856203,89,66
58,1114,444.916597127644,82,24
99,1132,1078.09523809524,99,0
9,1823,112.900464555177,62,53
26,4982,595.091947937343,73,47
25,8695,998.04230668181,86,61
66,5669,2890.40403135661,69,3
41,2157,466.360859552929,80,39
0,6333,409.315552623892,83,83
65,9339,4627.79542998032,88,23
70,7231,4105.87864257926,86,16
89,2167,1769.03499660227,92,3
86,5764,4512.67921266671,87,1
41,2213,478.468512837567,77,36
40,8391,1745.2247049679,85,45
1,3740,181.138594091672,83,82
41,6887,1489.0251459161,82,41
41,9198,1988.68205200178,84,43
75,7181,4595.05485796591,90,15
16,2337,188.345544372018,84,68
73,5933,3626.78473997677,90,17
37,1728,319.616535573236,60,23
30,2327,326.030665664508,49,19
29,1940,261.185222220125,78,49
78,7189,4900.85075215119,83,5
35,3947,674.633292083167,86,51
24,3028,334.02596191759,84,60
60,8616,3669.86599790142,73,13
90,1439,1190.2461530793,97,7
96,1700,1536.12212061925,98,2
84,2499,1897.45194855961,87,3
93,3982,3425.13400604585,96,3
13,4349,312.489560324762,63,50
95,1722,1526.47442007174,99,4
22,3911,398.582120576191,64,42
78,9935,6772.84075985841,79,1
58,3530,1409.83445947988,86,28
87,4751,3773.69621326101,87,0
18,2388,207.974911099635,79,61
70,6840,3883.86252458057,75,5
60,5866,2498.54154406798,70,10
51,9472,2975.50258536852,83,32
65,2691,1333.48297484495,71,6
77,8785,5867.93702698148,79,2
8,8668,517.993182073576,65,57
79,2470,1717.32044192422,84,5
91,2831,2372.06467971726,95,4
57,7348,2839.58263973326,64,7
33,3816,602.491815897871,75,42
77,4683,3128.00786537897,77,0
56,6082,2273.0757009787,77,21
30,6866,961.979609133009,68,38
12,9760,675.312389903626,80,68
90,8965,7415.25834771089,93,3
86,2324,1819.47718428824,88,2
49,1215,355.069462489061,87,38
78,2998,2043.78224439411,88,10
98,1934,1813.39888273025,99,1
78,7491,5106.72875008549,83,5
42,5652,1270.05035566328,59,17
10,1977,126.987208622966,87,77
93,5967,5132.54008389643,96,3
21,7812,765.315790103932,67,46
43,7793,1819.59285719675,91,48
15,8374,649.419874119726,75,60
51,9749,3062.51844433675,68,17
86,2982,2334.63036297227,86,0
3,9235,470.080195831175,81,78
90,7233,5982.66186603378,94,4
85,3995,3081.10810587649,89,4
29,5479,737.646305435084,59,30
52,7109,2314.07418045328,78,26
17,8108,679.210710442537,54,37
85,8863,6835.50967268669,90,5
18,5083,442.6869652929,86,68
29,2848,383.43067674377,53,24
12,4665,322.77994865783,71,59
61,2123,933.102569609001,72,11
14,3496,260.944329417967,78,64
51,9526,2992.4659658172,79,28
87,2672,2122.35661583528,90,3
7,7280,420.132968952061,80,73
25,8989,1031.78864804632,79,54
37,8901,1646.35809209339,77,40
43,9007,2103.05054084065,71,28
95,2622,2324.28335042282,95,0
61,9180,4034.80056006153,74,13
94,7443,6493.55032173987,95,1
1,6897,334.040877927877,71,70
45,6192,1559.8404597371,76,31
42,9503,2135.40136763414,64,22
38,8865,1705.36036365368,62,24
8,5323,318.098489637476,70,62
17,5923,496.17230364469,62,45
55,4687,1693.34403387351,85,30
84,1673,1270.28295715895,84,0
19,4446,402.647896574545,84,65
16,2762,222.597515428119,88,72
0,5673,366.658318338124,80,80
10,6092,391.303022221096,83,73
55,2808,1014.48902221396,69,14
44,1390,337.157870384305,44,0
82,9434,6929.23329545858,88,6
74,3100,1939.50000111378,96,22
48,6294,1773.14163152154,64,16
83,9937,7423.28235868425,85,2
27,4684,582.261821538691,87,60
80,4128,2925.09910778595,84,4
82,8651,6354.12309084293,86,4
21,8300,813.123535312678,79,58
25,4919,564.619908748456,45,20
4,4954,259.519350246849,81,77
74,2977,1862.54564623088,87,13
14,6948,518.604462470261,77,63
16,3742,301.578531039834,76,60
54,3895,1359.71961987009,67,13
11,7616,507.610387215782,61,50
78,9275,6322.90871139273,88,10
10,2804,180.10730044451,83,73
23,7420,786.708022119059,54,31
19,8211,743.621655144757,64,45
32,3325,504.504845972615,87,55
59,6808,2808.66213599789,75,16
62,1729,783.739566348024,83,21
69,2743,1517.64078829932,73,4
51,6630,2082.72615508797,84,33
89,4225,3449.08761451065,90,1
19,4580,414.783483200948,41,22
36,8502,1511.79719764228,57,21
28,7289,942.949835167474,64,36
30,5672,794.690990824705,71,41
11,3045,202.950844153369,82,71
44,8182,1984.62280250675,91,47
84,7589,5762.21001905516,95,11
32,6583,998.843729635405,71,39
64,1742,838.452031862876,78,14
84,1306,991.625548146797,89,5
73,4713,2881.01069939499,83,10
81,3468,2502.78807295329,85,4
15,2272,176.197988297112,78,63
68,8082,4354.21299574115,78,10
24,2050,226.140429964022,88,64
80,2708,1918.88768989447,83,3
39,4102,820.58320877855,64,25
51,6845,2150.26554020772,89,38
92,3779,3207.6071200132,96,4
54,7880,2750.85766484629,65,11
84,2181,1655.99947971529,88,4
28,6557,848.253816599414,66,38
85,2415,1862.54720292659,86,1
60,6659,2836.30892293705,70,10
64,4438,2136.07928668625,66,2
89,2089,1705.35953294976,94,5
58,3007,1200.95530301869,71,13
61,3078,1352.84489366769,90,29
9,7069,437.791214449011,85,76
41,8826,1908.25264089669,71,30
77,6892,4603.50847922099,81,4
63,1306,610.200260996483,75,12
92,1199,1017.70863638418,98,6
63,8831,4126.09380157729,73,10
69,9923,5490.17482402265,72,3
27,8361,1039.34480996691,46,19
1,5983,289.773317767506,87,86
54,4841,1689.96217709656,76,22
53,3219,1085.3471631592,89,36
13,3278,235.534784719377,68,55
55,5220,1885.90907975672,61,6
2,5622,278.743778418728,70,68
62,5047,2287.75800541265,70,8
61,6805,2990.93875939202,80,19
8,1806,107.925206140387,37,29
51,6858,2154.3493169824,72,21
29,3876,521.831918208867,76,47
75,2547,1629.80152113065,80,5
49,3699,1080.9892524667,55,6
86,6742,5278.36281259524,95,9
11,3635,242.274653036944,84,73
20,8863,834.774279459988,87,67
19,7023,636.031528934555,81,62
37,2009,371.591215258467,64,27
97,3281,3022.46325379446,97,0
81,6039,4358.22871181226,91,10
50,5342,1618.86509151716,84,34
79,6097,4239.06993296032,90,11
5,4507,243.474047351053,78,73
76,7913,5175.10573680349,95,19
96,1402,1266.84894888717,96,0
3,1310,66.6816520345251,75,72
65,3198,1584.71889764183,69,4
61,4125,1813.02312747863,78,17
12,9303,643.691717548508,56,44
75,1372,877.929990966332,85,10
68,4856,2616.19132730995,82,14
35,1284,219.465200667541,78,43
64,4725,2274.21690617227,76,12
12,6188,428.159125893816,78,66
58,8364,3340.4689572492,86,28
32,3706,562.314273435943,43,11
10,4507,289.494865586093,49,39
65,6598,3269.53573691082,86,21
36,7331,1303.57389507358,68,32
69,4759,2633.04867353862,78,9
54,5955,2078.85246118778,85,31
78,3378,2302.83402987435,88,10
90,1020,843.676911842176,98,8
14,2900,216.458396828405,84,70
64,1495,719.567042270378,85,21
30,2784,390.059893944989,74,44
56,1273,475.76872202333,67,11
52,9084,2956.96298427875,87,35
36,7035,1250.94016530386,84,48
47,8419,2285.69043286629,60,13
86,6325,4951.89035741099,87,1
16,9261,746.370597530706,36,20
48,3236,911.643838513456,80,32
40,1150,239.185843250278,85,45
27,6400,795.575503383353,27,0
16,9842,793.195056786223,90,74
57,6366,2460.09568379722,71,14
3,8259,420.399819964231,76,73
84,3784,2873.13252234876,93,9
75,7182,4595.69474862988,78,3
30,9153,1282.40596597647,65,35
1,5891,285.317502083968,71,70
65,2878,1426.14790100475,81,16
22,4916,501.004782601011,34,12
72,6502,3880.70870187973,75,3
75,7181,4595.05485796591,81,6
73,7317,4472.81037289904,89,16
1,1602,77.5893122285717,57,56
33,7073,1116.72552773733,89,56
15,5713,443.054184481251,87,72
89,2614,2133.944384457,93,4
35,2323,397.054253232631,75,40
62,3292,1492.23288167594,70,8
95,8548,7577.41192960117,96,1
89,2178,1778.01486968146,89,0
41,6544,1414.86576954769,77,36
18,8504,740.627572860678,72,54
87,6680,5305.8915395882,89,2
55,8751,3161.60734807491,73,18
48,2098,591.047210507179,72,24
98,1767,1656.81273308395,99,1
1,5204,252.044182794936,76,75
56,6923,2587.38952283387,72,16
13,1949,140.041883898128,88,75
31,4482,653.503389696627,76,45
73,6759,4131.71044286246,77,4
61,5149,2263.09238385151,81,20
25,9084,1042.69307807908,75,50
18,7000,609.641699203286,86,68
54,2179,760.674981180212,67,13
29,3040,409.279935850092,73,44
33,3526,556.704964060768,75,42
94,3273,2855.48706207908,94,0
48,4799,1351.97119314774,83,35
8,1845,110.255816904216,56,48
80,3187,2258.30689353533,90,10
82,6417,4713.25949299955,85,3
35,1226,209.551663565737,90,55
60,5826,2481.50409746677,69,9
40,7247,1507.28678785632,77,37
64,2702,1300.5151493074,78,14
76,1270,830.580599739724,88,12
98,8247,7732.73039600639,98,0
41,7182,1552.80653375482,82,41
66,5560,2834.829143472,71,5
14,4006,299.011150929169,80,66
3,4733,240.919281740006,65,62
40,9036,1879.37676487784,68,28
47,3289,892.936908623024,77,30
39,5018,1003.82412034392,75,36
48,9723,2739.15730589195,83,35
27,4683,582.137512866288,74,47
21,2409,236.00175862268,59,38
4,2284,119.649211942633,75,71
35,8955,1530.61594390797,61,26
32,1041,157.951742754133,64,32
69,4233,2342.02459237004,75,6
29,8316,1119.59603504255,54,25
55,2995,1082.04936664203,78,23
63,9261,4327.0020038962,70,7
87,5751,4567.99135391793,97,10
0,4081,263.763898666999,66,66
94,7103,6196.9216626788,94,0
44,8518,2066.12283448454,66,22
60,9977,4249.56511850772,78,18
9,1101,68.1861829266319,66,57
61,4684,2058.71523129937,75,14
90,4664,3857.75403610971,95,5
1,2219,107.472336975781,78,77
15,8995,697.57962356185,62,47
84,6617,5024.18549164422,96,12
77,2468,1648.49955407972,77,0
12,6679,462.13232091868,42,30
58,1751,699.32581828591,84,26
47,1650,447.961659844327,70,23
97,9186,8462.16014914839,97,0
53,2673,901.25286335028,76,23
12,1893,130.980159230283,85,73
36,5571,990.616582929329,85,49
3,9537,485.452607216234,21,18
89,4674,3815.6297065616,91,2
51,7509,2358.85229239149,66,15
86,4443,3478.45831746673,86,0
32,7488,1136.1600862084,76,44
10,8031,515.849404375841,82,72
31,4081,595.035103380619,84,53
14,8228,614.14472038073,56,42
69,9783,5412.71594310325,83,14
44,7663,1858.73436025535,83,39
41,2096,453.172165796449,84,43
64,9069,4365.05251260874,83,19
18,4450,387.55793735066,88,70
59,1944,802.003406636294,87,28
84,5708,4333.99588730621,91,7
61,1086,477.319543379828,82,21
18,3296,287.054148653433,86,68
53,9363,3156.9137895805,78,25
24,5449,601.092294084857,44,20
63,3209,1499.335863352,67,4
90,5134,4246.50712293895,94,4
29,2589,348.561103261805,88,59
72,9659,5764.95929736333,78,6
97,3629,3343.04149589152,97,0
48,6167,1737.36327321152,78,30
24,2543,280.524445560248,77,53
82,9229,6778.66165823481,94,12
99,6372,6068.57142857143,99,0
92,4135,3509.77915883953,92,0
96,2492,2251.77430857834,99,3
10,4830,310.241890565971,90,80
91,1988,1665.72397855101,93,2
24,4896,540.089534197001,81,57
31,6153,897.145550380042,69,38
63,2138,998.934271064687,90,27
9,8929,552.983131109806,70,61
0,4031,260.532290008986,82,82
77,8618,5756.38944775486,90,13
71,8985,5232.40842148416,72,1
31,3443,502.010747596048,41,10
54,2864,999.804105598957,71,17
73,3635,2222.03986681536,96,23
19,7618,689.917156118957,75,56
90,3826,3164.61555363545,96,6
32,8771,1330.8306779025,83,51
73,6281,3839.51372860173,91,18
16,8115,654.011164988844,70,54
53,8877,2993.04963260772,81,28
22,5040,513.642006572233,88,66
63,5097,2381.46304004523,78,15
43,1048,244.698231020428,72,29
71,5066,2950.18153180175,71,0
67,4542,2381.25595084159,75,8
30,5944,832.800290807837,88,58
25,3425,393.133398549189,88,63
20,4079,384.186425128883,84,64
60,1393,593.329077887266,92,32
86,3678,2879.53402917907,87,1
30,3821,535.351600130677,70,40
58,2764,1103.90437563807,66,8
86,3882,3039.24717272245,91,5
51,3748,1177.38425780841,84,33
13,5215,374.714430235372,31,18
62,2454,1112.37530122502,77,15
86,6328,4954.23908011016,96,10
88,3354,2701.41029280362,98,10
55,4198,1516.67553962044,62,7
67,2756,1444.90123305139,92,25
22,1818,185.278009513555,78,56
86,7425,5813.08868043899,90,4
52,8608,2802.01864472385,72,20
91,4109,3442.88723735719,93,2
10,9095,584.192545486026,87,77
94,3424,2987.2250841915,94,0
39,2431,486.308576436045,86,47
8,4521,270.171570853096,74,66
74,5186,3244.59580831486,88,14
8,1292,77.2089514581288,85,77
32,8668,1315.2024074859,68,36
89,5954,4860.56039214116,94,5
82,1407,1033.43557840897,86,4
52,8829,2873.95708808863,84,32
71,2352,1369.68554338684,80,9
73,7167,4381.11684331931,82,9
20,6672,628.411823598899,66,46
30,6654,932.276772381451,85,55
74,6263,3918.41564741149,90,16
79,4985,3465.92809837743,88,9
81,6629,4784.02022364687,83,2
37,5933,1097.38709812269,76,39
12,9564,661.750788630972,47,35
7,9596,553.790655228569,81,74
87,6848,5439.33312321857,87,0
36,8160,1450.98390175971,87,51
85,1136,876.129864399422,87,2
12,8690,601.277117649848,84,72
53,4645,1566.15022456493,91,38
62,1568,710.759768671892,84,22
65,6041,2993.5230958894,80,15
19,9916,898.033410353844,81,62
92,8644,7337.00871801908,92,0
87,6926,5501.28814418981,91,4
56,5964,2228.97459398833,79,23
95,7585,6723.75637412552,98,3
29,5651,760.802933384497,79,50
38,3369,648.094649199014,87,49
9,1520,94.1353297443056,81,72
46,5512,1441.6860286883,77,31
7,1859,107.283954571687,77,70
80,5145,3645.74489088148,80,0
82,3317,2436.32253985967,84,2
63,9694,4529.31189134756,84,21
91,7683,6437.50368571801,93,2
69,1874,1036.84244887821,87,18
64,7992,3846.67545272566,82,18
56,6409,2395.28809068933,60,4
45,9724,2449.59441706777,84,39
50,9048,2741.94896069773,89,39
87,5737,4556.87122194873,94,7
3,3977,202.437351252906,73,70
41,5482,1185.25277332831,51,10
11,2239,149.230522186993,70,59
41,6047,1307.41034664653,70,29
8,1057,63.1655276248004,44,36
62,4940,2239.2559038515,87,25
43,6229,1454.41343609375,70,27
26,6836,816.549288659108,82,56
85,6948,5358.5830086683,95,10
66,8101,4130.38685094724,79,13
60,4820,2053.01231544625,81,21
7,6032,348.110174274565,27,20
69,3072,1699.6691584599,80,11
35,3675,628.142221536772,50,15
55,6335,2288.74214947487,60,5
76,2023,1323.04295533343,80,4
81,1937,1397.89518376889,83,2
60,8425,3588.51219038063,61,1
32,1491,226.230594088773,85,53
22,3883,395.728553873012,80,58
40,9032,1878.54481411871,92,52
15,9210,714.253288827642,77,62
22,9282,945.957362103862,84,62
57,6866,2653.31714812311,88,31
81,8962,6467.70089671493,84,3
13,7148,513.606662957323,76,63
7,8010,462.261686992584,80,73
97,5468,5037.13168904239,98,1
66,5875,2995.43547084496,69,3
99,7229,6884.7619047619,99,0
84,3653,2773.66625373679,84,0
58,6026,2406.70324442655,72,14
26,5201,621.251148378587,66,40
0,1933,124.933990718772,55,55
40,6404,1331.95316536938,50,10
30,6689,937.180542599869,81,51
36,6650,1182.48075327231,86,50
56,4647,1736.76139139231,80,24
5,3813,205.983257721226,70,65
81,2648,1911.01003955603,92,11
41,3075,664.839890183244,77,36
98,6284,5892.13990645134,99,1
0,3223,208.3094940955,83,83
31,8156,1189.1953695595,84,53
35,5396,922.300796574808,81,46
47,7073,1920.26231519935,70,23
86,7346,5751.23898269425,90,4
90,9011,7453.30652216651,94,4
96,4770,4310.17795020814,99,3
81,6138,4429.67508413705,86,5
32,2669,404.969453804785,78,46
28,1132,146.442476801973,44,16
44,5230,1268.58680727332,83,39
59,3618,1492.61745123977,79,20
62,5816,2636.33852971666,72,10
18,8858,771.458024506101,84,66
5,9799,529.354823606162,74,69
34,2536,416.624414685123,70,36
93,3685,3169.66821001481,93,0
64,7048,3392.31338723855,74,10
79,6214,4320.41669073568,88,9
76,2443,1597.72315367256,96,20
97,2089,1924.3906544275,97,0
59,6035,2489.75851802985,73,14
39,1884,376.884145621353,66,27
91,6134,5139.6131209416,91,0
43,6074,1418.22238093328,81,38
87,5265,4181.96391555867,89,2
68,6132,3303.64193143835,84,16
54,8818,3078.30747317444,89,35
34,4437,728.928441623774,79,45
70,4178,2372.33591048211,84,14
0,4010,259.175014372621,64,64
62,3253,1474.5545455929,88,26
49,3422,1000.039259784,54,5
99,1489,1418.09523809524,99,0
13,3963,284.754225699478,84,71
59,1827,753.73468308874,73,14
51,1229,386.073973544965,79,28
77,4220,2818.74721159498,83,6
63,8358,3905.0947790265,86,23
39,5725,1145.25569728357,86,47
2,4544,225.295576153451,78,76
73,3764,2300.89630225393,83,10
83,1865,1393.21944238162,87,4
7,6149,354.86231127558,60,53
16,7764,625.723066540158,87,71
38,3204,616.353593361129,60,22
24,1126,124.211767872921,81,57
12,4639,320.980960733906,82,70
1,8350,404.413706060283,77,76
71,6786,3951.82232033294,86,15
56,6659,2488.72263939776,68,12
83,4219,3151.73878145203,86,3
31,7604,1108.71034699981,84,53
6,2997,167.223678927958,66,60
23,5463,579.216431918655,58,35
90,1521,1258.0711597176,97,7
49,3351,979.290344692051,75,26
68,5789,3118.84917499944,73,5
73,4309,2634.04945972693,79,6
59,8215,3389.12447814669,80,21
77,5568,3719.14324032247,89,12
87,1835,1457.53158310544,91,4
86,6578,5149.96597170743,87,1
5,9405,508.070427188076,75,70
24,3187,351.565634290409,78,54
53,6705,2260.71846193925,81,28
68,1446,779.038850759923,80,12
38,2180,419.366677130855,69,31
90,7311,6047.17833576289,96,6
39,3592,718.560430505254,73,34
39,8255,1651.36869538443,79,40
69,5490,3037.49468748204,81,12
98,1191,1116.73116304639,99,1
30,4284,600.221474734316,58,28
20,1119,105.394608903952,64,44
23,6944,736.239960322742,48,25
58,2786,1112.69087935154,75,17
73,4084,2496.50916535734,81,8
70,3578,2031.64621534346,72,2
31,7830,1141.66254826519,76,45
44,2616,634.535963255642,78,34
52,5247,1707.96838160619,74,22
49,9154,2675.14885565832,84,35
54,8373,2922.96081570533,77,23
85,4358,3361.06861712384,86,1
48,5647,1590.8692076902,75,27
16,3559,286.830035267442,80,64
5,4916,265.568763429727,74,69
79,3514,2443.18381899665,79,0
62,6879,3118.18651064665,65,3
31,4038,588.76543676818,84,53
26,9952,1188.75051502859,62,36
29,1744,234.797436882421,74,45
93,4455,3831.98694046566,97,4
40,6648,1382.70216167639,85,45
49,1312,383.416571840039,80,31
28,3041,393.402448723321,35,7
26,2069,247.138747547644,71,45
6,6889,384.38569373864,71,65
83,7050,5266.59360256858,84,1
72,9032,5390.73531150073,80,8
70,2462,1397.96338238558,75,5
50,1367,414.262182722568,55,5
38,3669,705.805659813352,70,32
59,3882,1601.5314941163,69,10
19,3218,291.435207192282,84,65
64,9173,4415.10935033189,70,6
35,9164,1566.33886208516,71,36
82,3335,2449.54346410371,88,6
88,7973,6421.68880874277,97,9
31,7023,1023.99694463173,77,46
85,9018,6955.05203974823,86,1
78,3213,2190.35101775793,81,3
31,5410,788.811543565095,82,51
80,4742,3360.17925608551,80,0
43,8312,1940.77451931469,90,47
74,4476,2800.38774354364,93,19
78,5717,3897.36594102773,83,5
93,6764,5818.08297762284,98,5
64,4039,1944.03430349837,76,12
18,2025,176.360634412379,63,45
65,7685,3808.1815911124,90,25
12,9286,642.515456213635,81,69
21,5535,542.245634693454,83,62
22,7070,720.525592552715,43,21
41,4846,1047.74442530992,84,43
89,2242,1830.26140396044,98,9
87,4017,3190.68358001883,92,5
51,3575,1123.03861303763,56,5
5,6760,365.184060371227,37,32
64,4075,1961.36167040254,83,19
50,2949,893.678988184968,74,24
21,4688,459.267847415161,90,69
19,1024,92.7376172047535,90,71
59,7046,2906.84979586385,86,27
61,4473,1965.9763513241,81,20
83,4599,3435.61191180325,98,15
17,5957,499.020498533078,65,48
56,9317,3482.1187612658,60,4
3,5669,288.563576628796,83,80
23,2841,301.217990679279,69,46
57,6320,2442.31930907924,66,9
74,9136,5715.89419683081,81,7
46,8194,2143.17404192161,82,36
49,7020,2051.5124499368,75,26
60,3059,1302.93872882782,60,0
97,5859,5397.32161047904,97,0
26,3350,400.152152868346,48,22
86,3098,2425.4476406734,90,4
43,2191,511.578076494044,76,33
99,9178,8740.95238095238,99,0
90,8306,6870.17689192266,96,6
87,4500,3574.32813295613,96,9
6,4015,224.025048680598,77,71
40,8248,1715.48246532895,82,42
8,5709,341.165560274348,65,57
50,4037,1223.39168372422,67,17
30,4185,586.35081040222,89,59
95,1730,1533.56605500819,97,2
72,8574,5117.37871576697,77,5
46,2460,643.423009900799,73,27
99,3262,3106.66666666667,99,0
77,5918,3952.92559199504,93,16
18,9784,852.104912143564,74,56
60,1386,590.347524732054,61,1
70,7583,4305.74993039393,73,3
22,1472,150.016078109985,84,62
79,5917,4113.92107484439,79,0
24,1180,130.168637735388,67,43
39,8269,1654.16932067036,68,29
53,8932,3011.59393020752,72,19
95,5693,5046.58471165413,98,3
84,7157,5434.19911798363,89,5
32,7827,1187.5968208805,87,55
25,4627,531.103134331999,87,62
27,7857,976.693239075469,88,61
34,4290,704.778682570654,62,28
89,1211,988.602390810034,91,2
38,3595,691.570277195149,76,38
59,2634,1086.66510960905,75,16
31,9110,1328.29448463549,68,37
68,6527,3516.44991625866,68,0
29,2695,362.83204839342,73,44
75,4047,2589.63751708509,87,12
57,4116,1590.59909433072,87,30
72,6664,3977.39815277246,85,13
83,3487,2604.90948824917,86,3
56,2301,859.971586312397,84,28
43,8469,1977.43255583207,91,48
37,1288,238.232695496717,62,25
12,6373,440.959616890964,38,26
18,7867,685.150178233179,74,56
8,2730,163.142753468028,11,3
93,6698,5761.31280072705,96,3
38,8021,1543.00005379201,74,36
12,2977,205.984117289252,74,62
54,1396,487.334682757034,69,15
64,6340,3051.54183812321,65,1
31,6237,909.393271204343,80,49
22,8854,902.338556783839,51,29
60,7270,3096.55591977058,70,10
39,1150,230.051362773119,86,47
7,5464,315.330569004679,68,61
38,9560,1839.05753824357,64,26
63,9933,4640.97947356667,75,12
95,4977,4411.88338484149,96,1
86,4718,3693.75789822372,87,1
41,8748,1891.38840953594,87,46
56,7214,2696.14733753048,56,0
15,8534,661.828183154734,79,64
9,2919,180.776991791861,78,69
7,8137,469.590929720182,80,73
29,6717,904.32017404772,71,42
13,7637,548.742877029249,58,45
62,6662,3019.82243551795,78,16
62,7618,3453.16831488678,76,14
97,8549,7875.35457381554,97,0
50,5209,1578.56013884554,74,24
85,6598,5088.64863143256,87,2
4,1492,78.1596428276744,82,78
45,6716,1691.84246246679,81,36
23,4939,523.659153806743,76,53
21,3674,359.929622739612,70,49
87,1675,1330.44436060034,92,5
37,1229,227.319862395548,81,44
69,9011,4985.58554260486,76,7
56,9923,3708.60410733504,86,30
37,8766,1621.38805025173,84,47
7,7305,421.575733268518,71,64
16,4429,356.945834841108,70,54
71,1692,985.335008252776,79,8
71,2778,1617.766343337,84,13
43,8712,2034.17079069654,81,38
54,4973,1736.04253391886,68,14
21,5766,564.875940314807,83,62
57,8022,3100.04517364456,79,22
94,3953,3448.74438020122,98,4
46,1925,503.491582950829,53,7
45,1993,502.061052366933,53,8
59,9138,3769.91107502184,69,10
38,8199,1577.24192008985,59,21
74,5496,3438.54580842624,84,10
65,9035,4477.15298317509,84,19
67,2749,1441.23130974539,91,24
22,4029,410.60786596816,83,61
30,3389,474.825064863351,71,41
64,8844,4256.75646945768,88,24
20,7835,737.950635176465,66,46
27,3830,476.102215305975,81,54
6,8022,447.603721174534,85,79
95,9038,8011.77456945899,95,0
21,8632,845.648476725185,79,58
16,4557,367.261722594475,76,60
42,8415,1890.91892125027,43,1
8,9398,561.617434832426,79,71
33,7724,1219.50911582682,92,59
90,9826,8127.42091741296,93,3
48,4340,1222.66200838949,93,45
68,9267,4992.63695020208,68,0
65,9815,4863.66978747797,73,8
30,3096,433.773502749169,77,47
35,2867,490.036394325422,70,35
3,1363,69.3794593305784,83,80
23,3310,350.943875096238,86,63
38,2633,506.510303158506,58,20
46,3688,964.611406713068,75,29
45,5955,1500.137263846,65,20
94,9280,8096.21751790219,98,4
30,2394,335.417882939765,57,27
67,5984,3137.26015187937,82,15
54,9920,3463.00863391818,77,23
2,9380,465.068772957608,82,80
32,1554,235.789633275622,59,27
20,7780,732.770381834447,60,40
85,2575,1985.94577537721,89,4
50,8785,2662.24818962528,93,43
82,6397,4698.56957717284,89,7
9,7500,464.483534922561,83,74
17,6571,550.455547399841,37,20
95,8596,7619.9617392199,95,0
59,3500,1443.9361744995,79,20
24,6090,671.802545600437,84,60
60,6297,2682.12003119606,78,18
72,8769,5233.76416591563,90,18
95,2154,1909.42270664026,96,1
70,1692,960.744940290984,87,17
25,4429,508.376006474265,69,44
75,1493,955.356761306657,76,1
15,7391,573.186325485896,76,61
91,4078,3416.91266827516,98,7
64,2442,1175.37305499951,76,12
49,6900,2016.44386104899,88,39
60,6494,2766.02945570704,85,25
25,2884,331.035539099521,64,39
96,5088,4597.52314688868,97,1
8,2621,156.628995179377,90,82
35,9280,1586.16593628877,70,35
87,3612,2868.99404805278,88,1
92,7366,6252.24505054703,93,1
68,2942,1585.01542111735,68,0
58,5347,2135.5197889062,89,31
60,8504,3622.16114741803,77,17
1,6330,306.579492139113,60,59
57,7616,2943.14934461194,88,31
42,2183,490.537849683818,86,44
86,8430,6599.91078466002,90,4
43,2868,669.651265807813,80,37
52,2250,732.404966383442,73,21
16,7913,637.731404628062,90,74
0,2951,190.729542995911,78,78
7,5423,312.964435525691,66,59
41,3290,711.324630472479,64,23
88,1747,1407.08520618006,88,0
68,3761,2026.25526812453,71,3
88,6268,5048.43163842966,96,8
3,5067,257.920557907587,87,84
51,3879,1218.5361622302,71,20
11,2672,178.090198876125,77,66
1,6728,325.855738248334,80,79
5,7019,379.17557984403,36,31
71,8150,4746.14675961,94,23
70,7393,4197.86486026669,79,9
30,4713,660.327686840063,72,42
32,9208,1397.13702908747,80,48
41,2720,588.086016682414,78,37
17,5926,496.423614958371,83,66
88,5485,4417.78039833865,91,3
68,9380,5053.51619649245,86,18
38,6487,1247.90441951737,77,39
67,4596,2409.56678777366,72,5
63,3207,1498.40140659703,93,30
56,8258,3086.33001293689,72,16
95,9227,8179.31444483271,98,3
94,8228,7178.41354927793,94,0
19,6839,619.367738343076,75,56
49,9481,2770.7107603776,78,29
87,5633,4474.26452732041,89,2
12,8796,608.611453031998,88,76
98,2403,2253.15280000041,98,0
94,4271,3726.17942014658,96,2
65,8697,4309.66236797717,65,0
81,6415,4629.58059054076,83,2
96,8821,7970.66660351907,98,2
13,9391,674.773387217714,65,52
58,7585,3029.3468484858,83,25
13,7925,569.436598200445,68,55
7,4768,275.164010434537,86,79
85,5861,4520.24395708188,86,1
15,8603,667.179266426081,87,72
28,4999,646.701361778324,78,50
34,8331,1368.65063041868,73,39
47,1832,497.373188384731,83,36
35,4447,760.094818822863,58,23
97,8109,7470.02576196868,97,0
36,3798,675.347654274922,79,43
6,1562,87.1549504456025,63,57
72,1736,1036.12893055417,73,1
5,2126,114.849306560537,70,65
65,8484,4204.11354834061,78,13
39,3038,607.735687047595,84,45
30,6740,944.326036346706,87,57
81,4386,3165.29079814681,93,12
84,6673,5066.70542326461,94,10
85,7881,6078.15093427099,87,2
61,3126,1373.94189006017,84,23
33,6641,1048.51890706964,39,6
78,1845,1257.76459002907,84,6
72,2928,1747.57229761671,88,16
67,3575,1874.2822598544,69,2
21,2352,230.417657235593,75,54
6,2130,118.847659698549,73,67
79,8375,5822.89825956088,87,8
97,7314,6737.67029510901,97,0
60,5249,2235.73893024426,81,21
22,3968,404.391167079091,59,37
68,1099,592.09107675322,75,7
94,7439,6490.06057280974,95,1
12,2122,146.825091329456,55,43
41,6072,1312.81554900574,76,35
39,4126,825.384280697293,91,52
24,3934,433.969000721202,75,51
51,3238,1017.17455357087,82,31
69,6288,3479.0103087226,80,11
66,6252,3187.65320233578,68,2
34,8513,1398.55033210349,65,31
35,5822,995.11401735703,83,48
52,2345,763.328731630743,76,24
88,4195,3378.77643956803,95,7
62,4770,2162.1964901562,82,20
7,5595,322.89065402291,33,26
82,3087,2267.38850785252,93,11
0,9079,586.795500121951,74,74
12,7115,492.299964566014,80,68
40,6502,1352.3359589681,90,50
73,1591,972.562703742295,85,12
39,5108,1021.82814003921,88,49
35,9172,1567.706246513,67,32
1,5448,263.861780912147,78,77
91,6584,5516.66331729369,98,7
60,7880,3356.37698043909,80,20
67,8267,4334.17942439618,84,17
79,8878,6172.61979085152,84,5
7,6395,369.05911214951,26,19
31,7496,1092.96327736857,59,28
50,2596,786.70418898887,76,26
39,7555,1511.33743108775,70,31
92,6141,5212.46766975419,97,5
33,7644,1206.87826014762,76,43
8,2562,153.103199408457,69,61
66,2673,1362.85940656486,73,7
34,8856,1454.89976989411,52,18
7,4480,258.543365508961,84,77
41,4750,1026.98844825054,86,45
98,3698,3467.39869097025,98,0
55,7728,2792.01252267431,80,25
61,8856,3892.3958344123,75,14
9,8165,505.667741685694,67,58
90,4492,3715.48694901476,90,0
28,5695,736.740199105332,77,49
45,9746,2455.13648588466,83,38
10,2491,160.002598219427,75,65
76,9423,6162.64644987986,88,12
66,1319,672.50712953949,76,10
27,9002,1119.02666897765,69,42
68,6570,3539.61635511251,93,25
61,6588,2895.56275486769,85,24
69,7248,4010.15692074132,84,15
18,2642,230.096195613583,84,66
1,5458,264.346108703836,78,77
13,9800,704.161345408752,90,77
43,2073,484.026176436401,72,29
45,5334,1343.69977587818,82,37
87,3617,2872.96552375607,91,4
64,1747,840.858610599566,88,24
70,1002,568.95179088154,92,22
95,6210,5504.88161942247,96,1
59,5876,2424.16256038831,88,29
48,1118,314.962240870842,60,12
25,5400,619.830759756386,83,58
8,7803,466.301430516857,81,73
19,7622,690.279412436163,90,71
81,9022,6511.00172842693,93,12
55,5487,1982.37224533048,78,23
84,1946,1477.56762380832,85,1
99,8898,8474.28571428571,99,0
93,5952,5119.63777096557,93,0
68,5243,2824.68927699466,80,12
69,7801,4316.11950037294,81,12
52,5181,1686.48450259227,78,26
77,3907,2609.67899424208,78,1
31,8513,1241.24818306278,70,39
50,1127,341.531441059498,62,12
50,7419,2248.28905165964,77,27
6,5420,302.419866462974,70,64
35,9359,1599.66885751364,73,38
42,1902,427.394864910042,89,47
93,6161,5299.40999780223,93,0
72,8779,5239.73265053863,83,11
24,2033,224.265119081394,57,33
68,6011,3238.45265001238,73,5
37,2070,382.873974905439,88,51
77,6685,4465.24291694607,81,4
55,1327,479.425545754246,63,8
40,9196,1912.6547952431,76,36
91,8472,7098.59836332201,93,2
57,6294,2432.27179293429,72,15
36,3583,637.117073530028,85,49
77,5666,3784.60229879079,87,10
41,4626,1000.17864454884,78,37
52,2942,957.66018271115,90,38
32,9010,1367.09433450023,78,46
59,8457,3488.96235078351,75,16
46,5303,1387.02122825363,86,40
1,2876,139.292672889746,89,88
82,2661,1954.49330074362,86,4
96,5518,4986.07168328061,96,0
79,1590,1105.4815800241,85,6
78,3493,2381.23128074337,91,13
46,1339,350.220898478525,90,44
74,1624,1016.04774251896,84,10
25,4829,554.289396085849,80,55
62,5451,2470.88743560618,84,22
32,6142,931.930455327459,51,19
34,9048,1486.44231233083,61,27
36,2624,466.590901742337,76,40
25,6644,762.621401448412,68,43
2,1801,89.2951876435662,84,82
97,3082,2839.14408661826,97,0
92,5405,4587.75244341661,92,0
10,7402,475.447303099237,79,69
98,7061,6620.68744103324,98,0
7,5991,345.744040795577,63,56
43,3428,800.406045742393,80,37
62,7426,3366.13650647798,77,15
16,3646,293.841615224809,89,73
4,6958,364.500532704396,53,49
27,7625,947.853627077822,42,15
93,9478,8152.54146391326,96,3
31,2199,320.627834436163,52,21
94,3662,3194.86514553425,94,0
59,8851,3651.50830871288,71,12
1,2446,118.46657784712,89,88
62,9848,4464.00650630153,84,22
55,5119,1849.41926806028,68,13
55,1347,486.65125104067,71,16
90,3522,2913.16674853739,91,1
37,9006,1665.77923574801,86,49
28,2109,272.833201038305,85,57
16,9319,751.044984168951,87,71
0,1860,120.215842078073,85,85
10,7275,467.289804113341,78,68
74,5841,3654.39338919536,81,7
85,5369,4140.79334679621,87,2
30,1164,163.085386692517,89,59
59,5312,2191.48255969753,60,1
36,5929,1054.27494528594,88,52
89,1726,1409.02372133618,97,8
63,7120,3326.66604769905,87,24
7,9783,564.582532315662,83,76
64,7820,3763.88914418352,73,9
69,8634,4776.99984184335,76,7
11,5621,374.642592770472,90,79
91,6326,5300.48787138515,94,3
17,3256,272.756545782055,76,59
0,9348,604.181554702059,70,70
3,1607,81.7995532973144,36,33
62,1341,607.862786855234,87,25
10,9737,625.429666343863,83,73
97,8387,7726.11987490829,97,0
36,1752,311.534778907231,88,52
48,8191,2307.56325131759,55,7
54,2354,821.766363330986,80,26
52,1800,585.923973106754,61,9
2,2105,104.367779005945,88,86
30,4609,645.756483905336,79,49
87,2168,1722.0318649442,90,3
41,5293,1144.38944349265,56,15
64,2293,1103.65700864614,82,18
36,1164,206.978585986311,87,51
67,4747,2488.73227623185,83,16
44,5973,1448.80860417659,81,37
95,3617,3206.3054456443,97,2
50,9195,2786.49653996636,87,37
24,1926,212.46169176132,85,61
88,4775,3845.92550630211,98,10
67,2924,1532.9793923956,80,13
21,8137,797.154964679429,55,34
63,4286,2002.54082590423,85,22
43,2120,495.000238323767,81,38
92,9504,8066.97487922876,92,0
84,6660,5056.83472485273,84,0
60,5342,2275.35099359209,75,15
66,5556,2832.78969804504,88,22
65,4633,2295.81071068624,78,13
49,3765,1100.27697635499,81,32
8,8416,502.93385098422,78,70
54,5574,1945.84779490523,76,22
82,1788,1313.27847490777,89,7
54,9791,3417.97555793275,64,10
47,3084,837.281066036305,69,22
2,8488,420.842616723259,29,27
28,1446,187.063446515594,72,44
12,9417,651.57958767648,56,44
3,6201,315.643453638237,80,77
78,2670,1820.17965061117,86,8
22,7894,804.501984103414,86,64
99,7209,6865.71428571429,99,0
88,3423,2756.98492315647,92,4
22,8748,891.535768550375,76,54
96,3486,3149.95394851689,96,0
91,1060,888.162684740478,98,7
61,9012,3960.96107268786,63,2
34,9216,1514.04203696297,36,2
34,6488,1065.87507984112,76,42
69,5171,2860.99909452999,93,24
96,4707,4253.25107162048,98,2
96,6451,5829.13164712635,97,1
32,7462,1132.21508590907,69,37
55,2358,851.910653269414,90,35
62,6640,3009.85004080444,86,24
13,1012,72.7154368932303,89,76
90,8271,6841.22719396729,98,8
91,5628,4715.6411223768,94,3
15,8368,648.954562530913,63,48
97,5488,5055.55572594452,99,2
9,9772,605.191080435102,83,74
57,2185,844.377799104135,87,30
2,1536,76.1562510941242,23,21
1,6589,319.123581943857,69,68
30,7636,1069.8625539382,75,45
93,1978,1701.38499848285,97,4
63,8532,3986.39251670903,80,17
74,5376,3363.46838902829,79,5
67,9579,5022.0279068938,81,14
56,1252,467.920219931822,73,17
46,4641,1213.87243453236,80,34
39,2674,534.919429613321,78,39
10,5114,328.483856802148,68,58
89,2320,1893.93686761295,94,5
25,8230,944.667991258343,79,54
36,4140,736.160950157498,73,37
83,5662,4229.70964223309,92,9
24,6364,702.028144532213,79,55
30,5783,810.242947803115,87,57
40,9525,1981.08274518165,87,47
48,9035,2545.33438843297,73,25
31,9538,1390.69953835931,84,53
18,1147,99.8941469980242,76,58
22,5691,579.987432421146,82,60
35,8254,1410.79888341892,58,23
65,6659,3299.76333314476,87,22
41,5307,1147.41635681381,86,45
68,9129,4918.28884411296,91,23
63,4622,2159.52956073947,80,17
42,4752,1067.8130378825,89,47
52,2768,901.02086531083,59,7
80,4800,3401.27803230925,84,4
70,3505,1990.19563576826,83,13
31,5624,820.014070427004,60,29
63,9146,4273.27074048533,87,24
65,2009,995.528538262175,84,19
7,9598,553.906076373885,45,38
54,1603,559.597060501092,88,34
47,2487,675.200392747176,83,36
89,7315,5971.61559766755,89,0
7,5578,321.90957428772,73,66
65,6936,3437.02635210873,78,13
35,7451,1273.54767147496,79,44
27,5621,698.73904758091,84,57
26,6466,772.353379237828,77,51
56,9069,3389.43168894704,70,14
30,1533,214.785135566691,90,60
30,7854,1100.40603701291,69,39
72,2299,1372.15461482952,83,11
12,6434,445.180319327862,65,53
45,9509,2395.43328999356,69,24
55,8809,3182.56189340554,58,3
15,6306,489.042479842249,69,54
62,3929,1780.97903769889,79,17
70,1693,961.312756449548,85,15
8,9217,550.801010518245,60,52
99,3917,3730.47619047619,99,0
57,6353,2455.07192572474,68,11
19,1706,154.502319288388,71,52
80,4118,2918.01311188531,84,4
71,1074,625.443143536336,91,20
22,2953,300.94937408885,75,53
5,1392,75.1976645024776,78,73
0,4909,317.279338043689,0,0
44,5080,1232.20286442609,70,26
3,5074,258.276872078764,68,65
88,6560,5283.61703064751,89,1
84,8862,6728.77917892566,84,0
67,3520,1845.44714816433,88,21
55,5428,1961.05641473553,86,31
49,3852,1125.70170329865,91,42
0,5451,352.309975896547,80,80
48,7068,1991.19241366289,67,19
36,9954,1769.98698016129,55,19
39,3536,707.357929361519,68,29
80,7878,5582.34757052756,82,2
46,7604,1988.85714117304,86,40
57,9513,3676.23158026436,77,20
31,7473,1089.60973476191,74,43
19,6952,629.601479304147,81,62
58,1741,695.331952961605,58,0
88,6862,5526.85671711939,90,2
6,9303,519.079708063662,53,47
29,6651,895.434491229922,69,40
96,2574,2325.86961086703,98,2
64,1999,962.150178928754,86,22
61,7169,3150.92431536831,61,0
38,2920,561.720503312889,52,14
72,8333,4973.53823635248,78,6
90,3742,3095.13627854257,90,0
92,9199,7808.09153135788,93,1
35,8428,1440.53949472433,88,53
40,7885,1639.98293393778,76,36
93,4108,3533.51343466508,94,1
38,8915,1714.97886542274,66,28
34,7885,1295.37993288336,90,56
76,6929,4531.56927212326,76,0
15,9629,746.747548113069,76,61
68,9410,5069.67882825095,86,18
33,2493,393.60904010309,73,40
14,6764,504.870550395631,91,77
90,5729,4738.65198818022,94,4
93,2153,1851.91198267622,97,4
6,6459,360.392973705599,62,56
36,2720,483.661300586569,70,34
27,3692,458.947618514272,90,63
53,1614,544.190842292313,82,29
63,8730,4078.90373545123,77,14
99,6841,6515.23809523809,99,0
47,2821,765.87869237627,73,26
25,1784,204.773717667665,77,52
62,1246,564.800173319629,72,10
30,8771,1228.88481673545,84,54
35,5581,953.921561468496,70,35
98,7541,7070.75541606453,99,1
66,8730,4451.08964433642,84,18
17,9205,771.106880811982,87,70
74,7406,4633.52806717699,91,17
71,9140,5322.6725623111,92,21
38,5733,1102.85741284,69,31
88,9907,7979.3893174733,89,1
83,2764,2064.80350602831,94,11
35,5699,974.090481779064,74,39
74,1495,935.339516666163,94,20
66,1478,753.575085261081,82,16
20,5902,555.888276810657,79,59
43,3640,849.90606957477,77,34
91,6190,5186.5349231543,91,0
9,2694,166.842485744184,58,49
76,7724,5051.49964755089,92,16
79,5262,3658.51828558918,87,8
88,7647,6159.1188160612,93,5
15,8541,662.371046675015,90,75
99,4606,4386.66666666667,99,0
48,6032,1699.33116004733,63,15
42,8626,1938.33233686332,93,51
68,1373,739.709780147562,90,22
85,1914,1476.15542294058,86,1
80,5083,3601.81171629748,96,16
34,9171,1506.64925357936,63,29
25,2372,272.266400396694,90,65
32,1555,235.941364056366,84,52
25,9040,1037.6426052218,79,54
84,2271,1724.33508410519,86,2
76,5059,3308.58838904194,77,1
49,1022,298.667482027835,59,10
99,6982,6649.52380952381,99,0
6,8984,501.280457620546,70,64
21,5833,571.43970861191,67,46
57,6893,2663.7511071967,80,23
1,9943,481.567123276335,77,76
63,8724,4076.10036518631,71,8
74,4220,2640.22258216134,82,8
93,4041,3475.8831035739,97,4
71,7714,4492.24246670326,78,7
77,1501,1002.59231388722,85,8
64,8158,3926.57386678378,87,23
17,2811,235.478700919335,83,66
85,9003,6943.48342358099,90,5
13,3539,254.288469530773,68,55
12,3628,251.028007230569,68,56
12,1640,113.474622893642,80,68
99,9651,9191.42857142857,99,0
39,5753,1150.85694785544,53,14
64,3591,1728.40484869092,81,17
31,8052,1174.03152472942,82,51
20,8403,791.448524235843,89,69
71,7399,4308.80243857109,94,23
84,9823,7458.45157691117,95,11
69,5549,3070.13807301236,77,8
59,6118,2524.00043302513,63,4
27,5456,678.228116634308,67,40
1,4464,216.203926209953,84,83
46,6684,1748.2273976329,79,33
88,5187,4177.76242956839,88,0
66,1081,551.160126635473,74,8
62,1018,461.449900834175,72,10
45,3073,774.126248832707,82,37
18,2481,216.074436531908,58,40
47,2904,788.412521326015,69,22
79,6089,4233.5077614885,79,0
79,7036,4891.92980946512,82,3
34,5810,954.490476861422,76,42
2,3954,196.042849496203,46,44
60,3988,1698.633426141,92,32
59,4373,1804.09511173895,83,24
1,6568,318.10649358131,66,65
96,1870,1689.73433268118,97,1
81,2551,1841.0070282883,83,2
34,1440,236.569068275464,81,47
54,3528,1231.60226415961,69,15
7,2999,173.074007402092,76,69
66,2445,1246.61101722824,89,23
26,8876,1060.22403249535,84,58
44,2250,545.759142708408,77,33
7,6642,383.313623596098,90,83
23,3586,380.206868910909,78,55
4,1986,104.038237704934,71,67
18,3107,270.593822774944,49,31
27,5220,648.891269947047,80,53
19,7137,646.355833974928,83,64
85,7267,5604.60891249173,90,5
31,7680,1119.7916182218,63,32
55,1582,571.553288156155,74,19
13,1286,92.403213285271,81,68
17,7301,611.60796706228,89,72
73,4941,3020.38486435618,81,8
68,7212,3885.49667474451,83,15
23,5285,560.343921414991,88,65
53,2501,843.259787219996,57,4
1,7347,355.83562855388,69,68
60,2839,1209.23277252114,82,22
35,8051,1376.1015035626,92,57
27,3662,455.218358342162,88,61
86,2463,1928.30133601633,86,0
13,1187,85.2897466326723,86,73
3,2814,143.238296813094,81,78
4,9015,472.258163600191,67,63
46,4739,1239.50473330077,69,23
60,9389,3999.11465346988,81,21
96,2370,2141.53495639272,98,2
99,6911,6581.90476190476,99,0
74,4937,3088.81016306411,84,10
96,2217,2003.28396553699,97,1
61,8402,3692.85341020011,69,8
56,4516,1687.80168786909,92,36
6,8044,448.831255687853,71,65
51,3620,1137.17476341153,78,27
54,4496,1569.52488085646,62,8
31,2332,340.02005907464,68,37
13,2231,160.304485878258,78,65
40,5157,1072.59251621016,72,32
73,3042,1859.54477987685,88,15
98,6251,5861.19773316794,99,1
94,8195,7149.62312060436,95,1
16,7585,611.296942260059,75,59
59,8448,3485.24937204908,76,17
77,5872,3922.1999114895,82,5
96,4968,4489.09099719791,97,1
2,1605,79.5773326862431,78,76
81,7244,5227.85374869482,85,4
79,9916,6894.31153932008,97,18
76,7126,4660.40736515376,77,1
2,7762,384.846888667052,72,70
87,2596,2061.99018514536,88,1
23,1021,108.251872046302,65,42
99,2575,2452.38095238095,99,0
48,6517,1835.96504808164,79,31
42,8602,1932.93934172249,76,34
95,2969,2631.88301579152,97,2
62,8739,3961.30715460693,79,17
0,4382,283.218182788235,65,65
38,1532,294.710894203885,63,25
74,6010,3760.12742151414,79,5
18,6853,596.839223520017,64,46
13,1136,81.6252335086064,86,73
1,5641,273.209307291744,72,71
96,1746,1577.68777800071,99,3
19,6398,579.428979371106,85,66
4,7464,391.00775741673,79,75
55,6447,2329.20609907884,69,14
67,6169,3234.2509821096,92,25
94,2688,2345.11128104753,98,4
65,4736,2346.8507502288,80,15
4,2718,142.384657644517,87,83
61,5663,2489.0060535543,81,20
98,3150,2953.57108614286,99,1
47,3840,1042.52895381952,62,15
91,6051,5070.06830694777,96,5
54,5696,1988.43721560463,82,28
66,3189,1625.94786664248,79,13
91,3365,2819.4975793884,98,7
26,4480,535.128849209011,65,39
63,6372,2977.17922133966,66,3
39,6263,1252.87972612873,59,20
48,8320,2343.90504834115,62,14
96,3709,3351.45702669224,97,1
30,1932,270.688116056652,78,48
70,2445,1388.31050768999,78,8
6,9550,532.861572826827,81,75
64,9483,4564.31723200669,86,22
35,1757,300.311804963295,85,50
70,9985,5669.64434326565,89,19
47,3950,1072.39306447581,57,10
37,1100,203.459600191296,80,43
41,5007,1082.55392850325,55,14
46,1911,499.829825983914,78,32
46,3262,853.189373291223,80,34
3,4605,234.403822609915,77,74
51,5022,1577.59438172727,69,18
16,4017,323.741571134958,76,60
18,5266,458.624741143501,78,60
37,4687,866.922860087822,74,37
57,3064,1184.06113338905,77,20
37,2320,429.114793130733,65,28
13,8748,628.571780575078,70,57
32,6923,1050.43219508824,69,37
26,6391,763.39474894973,78,52
27,4993,620.673201311419,76,49
82,2163,1588.71439665857,85,3
20,6535,615.508283456056,81,61
52,3579,1165.01216652726,73,21
23,2731,289.555203289374,77,54
40,1918,398.920389003508,78,38
40,8368,1740.4409881029,92,52
19,4049,366.693957091843,89,70
85,3675,2834.31096097524,94,9
77,1109,740.75608001394,82,5
71,8683,5056.53893419554,79,8
6,4655,259.735143613495,60,54
16,6395,515.391423302977,88,72
85,5080,3917.90467530728,93,8
80,2035,1442.00016578111,82,2
51,6093,1914.0347606261,85,34
19,1382,125.159557594697,68,49
95,4913,4355.15030534986,97,2
34,8922,1465.74251885673,81,47
4,7418,388.598009715609,82,78
84,7464,5667.29945740252,90,6
89,4338,3541.33540159697,90,1
1,8439,408.724223406315,71,70
73,8478,5182.51829184612,89,16
39,4618,923.806255031532,81,42
78,8121,5536.20934180273,94,16
7,5648,325.949314373797,53,46
72,7030,4195.84468997455,74,2
72,5052,3015.27843154359,73,1
98,3163,2965.76042713329,98,0
35,9602,1641.20315950914,83,48
11,1517,101.108844197261,87,76
40,4162,865.644764876225,64,24
81,5516,3980.78979538937,86,5
94,1538,1341.80846363508,94,0
66,3569,1819.69518220352,83,17
46,1368,357.80596648142,64,18
75,7051,4511.86907164986,90,15
47,4738,1286.32869354086,70,23
21,3553,348.075653128427,79,58
99,1644,1565.71428571429,99,0
65,5851,2899.37156663613,83,18
72,7549,4505.60904190866,74,2
11,5886,392.304981506315,75,64
21,8877,869.650316020559,87,66
14,6787,506.58728940496,74,60
76,4488,2935.15411939518,83,7
20,1389,130.824943492037,71,51
33,5298,836.478417355062,67,34
39,7296,1459.52586329798,77,38
20,5535,521.321859055741,85,65
30,4246,594.897381354319,82,52
29,9485,1276.98032616386,79,50
88,1175,946.37957484921,90,2
29,5172,696.314417176538,87,58
93,6756,5811.20174405971,94,1
89,6052,4940.56289775584,97,8
59,1820,750.84681073974,75,16
28,7556,977.490596038611,84,56
29,6695,901.358279775121,76,47
54,5661,1976.21893917448,81,27
60,4617,1966.54727394509,91,31
44,3109,754.117855413529,62,18
50,8200,2484.96700682155,92,42
40,4452,925.961194913252,79,39
49,5934,1734.14172050213,85,36
73,5526,3377.98962971711,95,22
99,3318,3160,99,0
36,6483,1152.78537194953,41,5
91,4205,3523.32461257897,93,2
62,9315,4222.40257983334,68,6
67,1566,821.014271029928,74,7
17,6707,561.848326953391,50,33
23,5406,573.172987543886,60,37
73,1450,886.370785937352,92,19
74,5463,3417.8995180918,84,10
11,3488,232.477026077816,65,54
16,8333,671.580411318797,57,41
16,6421,517.486838002879,80,64
52,3014,981.09714163542,61,9
26,2621,313.07426646804,87,61
94,9589,8365.80062275475,95,1
34,6337,1041.06818448723,49,15
89,7762,6336.52498552228,97,8
43,7653,1786.90416221311,66,23
48,1393,392.435063983079,50,2
95,2535,2247.16182048888,98,3
74,5440,3403.50967937386,82,8
6,1847,103.057102095408,78,72
0,3090,199.713415065186,77,77
38,5324,1024.17806836912,75,37
16,2011,162.072267750162,79,63
55,3296,1190.79623120271,82,27
33,8892,1403.91960874315,68,35
29,2512,338.194473307708,53,24
6,9171,511.714500983752,78,72
75,3387,2167.30967886514,92,17
4,2460,128.869116190401,80,76
34,2127,349.432227931884,62,28
65,1473,729.922118895064,67,2
38,3054,587.49808805396,66,28
46,7139,1867.23449905765,81,35
67,9277,4863.69692997742,68,1
70,1826,1036.83230553862,78,8
27,8623,1071.91368213666,87,60
49,7100,2074.89150919533,87,38
33,1227,193.72574897974,68,35
20,3683,346.888601066358,68,48
30,6079,851.714833078876,60,30
53,7780,2623.17518775353,81,28
24,4084,450.515861450276,65,41
35,1243,212.457355474886,77,42
17,8869,742.960013679682,51,34
32,2806,425.756570766664,85,53
6,4630,258.340218030179,45,39
69,2258,1249.30109368569,81,12
27,4829,600.28657903722,91,64
56,1299,485.485915089007,67,11
10,4802,308.443386852545,57,47
76,4205,2750.07198575239,92,16
90,7053,5833.77770512045,95,5
89,8361,6825.51989228959,89,0
59,6062,2500.89745423314,73,14
47,1078,292.668284431627,93,46
43,9114,2128.03404343529,66,23
51,5448,1711.41660526686,91,40
61,8245,3623.84865116638,80,19
96,2266,2047.56042666072,97,1
86,6288,4922.9227774546,87,1
25,1205,138.314086204897,73,48
82,4928,3619.59525970107,85,3
85,1517,1169.97271504747,95,10
86,9188,7193.35471998295,98,12
62,4702,2131.37272467808,71,9
69,4464,2469.83174588704,74,5
45,8141,2050.81737447025,67,22
98,7680,7201.08760050068,99,1
82,1745,1281.69515588035,88,6
52,6165,2006.78960789063,65,13
46,1758,459.812053416913,72,26
37,4041,747.436585793661,78,41
89,3647,2977.23610180363,97,8
66,2515,1282.30131220001,81,15
37,7015,1297.51735940176,71,34
4,3859,202.156877796244,74,70
12,3988,275.937070792588,25,13
8,8921,533.112272413287,33,25
42,5563,1250.05133201607,78,36
57,2932,1133.05066680701,80,23
9,2338,144.79500061986,79,70
76,4697,3071.84021809251,80,4
57,9126,3526.67816687613,68,11
46,4801,1255.72108558282,75,29
53,5738,1934.67599323004,81,28
14,5600,417.988628358299,51,37
17,4907,411.061538744639,64,47
91,7857,6583.29642830749,94,3
38,7104,1366.59673134752,62,24
99,5931,5648.57142857143,99,0
29,9030,1215.72296734419,43,14
50,2991,906.406867976006,79,29
16,7930,639.101483470306,65,49
88,6751,5437.45405089959,88,0
1,4184,202.642748042662,56,55
64,2358,1134.94253222311,65,1
91,8898,7455.53921586865,96,5
38,5448,1048.03195275638,71,33
26,5167,617.189902647983,76,50
31,2731,398.196732990069,87,56
86,9803,7674.84287331224,95,9
69,3587,1984.60718469911,74,5
20,9152,861.994156111679,88,68
3,2960,150.669992383354,81,78
33,7066,1115.6203278654,83,50
66,7930,4043.20055894477,72,6
73,1513,924.882068360837,91,18
90,3706,3065.3594463599,96,6
73,1876,1146.78040994377,89,16
22,4243,432.417268628171,89,67
61,9312,4092.81730014085,91,30
82,1018,747.716715579482,87,5
72,2734,1631.78369593036,79,7
67,1533,803.713204015888,75,8
18,5896,513.492494071796,75,57
76,8891,5814.7181986503,89,13
85,5509,4248.76709769051,90,5
27,5094,633.228377224187,42,15
9,3207,198.613159532887,78,69
48,8814,2483.0744105864,61,13
99,5954,5670.47619047619,99,0
56,4376,1635.47834059237,67,11
54,5213,1819.82500086849,74,20
69,4528,2505.24152002162,74,5
12,6296,435.631844962421,28,16
27,2307,286.780107235218,64,37
54,7200,2513.474008489,81,27
86,7186,5625.973772072,90,4
73,2638,1612.58354020878,92,19
12,9335,645.905856531798,66,54
52,7985,2599.22384736524,84,32
61,5344,2348.79893169595,80,19
65,7564,3748.22193300901,86,21
84,8461,6424.30609714399,84,0
25,8454,970.37948944083,69,44
87,1915,1521.075194358,89,2
38,5540,1065.72999601144,75,37
13,1247,89.6009385433382,76,63
48,8092,2279.67303499718,81,33
24,5966,658.123807397735,66,42
50,2593,785.795054718082,62,12
27,4655,578.656870038985,86,59
89,2300,1877.60982565077,91,2
91,4106,3440.37356938151,94,3
4,6710,351.508849446176,78,74
55,3044,1099.75234459376,89,34
87,4860,3860.27438359262,89,2
94,2120,1849.56693296903,99,5
32,9093,1379.68798930195,78,46
89,8072,6589.59413593608,93,4
68,2106,1134.61674944702,71,3
31,3085,449.81212789248,70,39
4,1348,70.6160848067728,80,76
92,5569,4726.95529276357,94,2
79,1295,900.376507000757,79,0
82,9980,7330.26799752773,96,14
37,8060,1490.8039795835,63,26
56,7661,2863.20831062115,74,18
33,9239,1458.70594525168,37,4
89,2281,1862.09913578669,90,1
54,2782,971.178429391166,72,18
15,4986,386.673930303434,45,30
68,6716,3618.27449633724,79,11
0,6202,400.848737939898,70,70
33,7256,1145.6186101035,86,53
39,2794,558.924789207038,85,46
82,1065,782.238017772248,90,8
91,3171,2656.94705029439,95,4
16,6870,553.673038012736,64,48
88,4142,3336.08868002164,94,6
19,7189,651.065166098606,83,64
1,6563,317.864329685466,68,67
48,4424,1246.32643435832,61,13
77,5148,3438.60441831539,84,7
24,8711,960.931358739804,79,55
78,2532,1726.10294956834,90,12
15,6205,481.2097347639,82,67
11,6688,445.758701378565,73,62
48,1945,547.944148921098,82,34
3,7000,356.314171176852,80,77
84,4250,3226.95909618981,90,6
65,9198,4557.9250845871,82,17
32,7364,1117.34546939619,83,51
89,6526,5327.51379225952,89,0
94,5890,5138.6552996168,96,2
26,6102,728.874160239595,53,27
27,4655,578.656870038985,75,48
48,4905,1381.83344496554,53,5
21,5947,582.607911386084,88,67
57,4110,1588.28043675881,58,1
66,9815,5004.28921639886,89,23
66,2665,1358.78051571095,71,5
57,4171,1611.85345540657,81,24
62,9244,4190.21894234883,70,8
9,9562,592.18554145727,59,50
19,8841,800.677025104713,85,66
27,3229,401.392703191382,66,39
9,3197,197.99384815299,72,63
26,9952,1188.75051502859,66,40
46,5860,1532.70684472304,64,18
17,6695,560.843081698666,82,65
71,5147,2997.35182475002,79,8
94,6709,5853.18139306097,97,3
96,5020,4536.07826206391,96,0
84,7796,5919.38190915194,86,2
11,1703,113.505841574117,77,66
73,4901,2995.93325646825,80,7
71,3281,1910.68803905281,79,8
68,3804,2049.42170697839,81,13
95,7892,6995.89786481194,99,4
78,1272,867.14176613386,84,6
26,4735,565.588192188542,68,42
21,6733,659.609730513284,69,48
26,5453,651.352146146594,91,65
32,7600,1153.15393365169,62,30
39,8592,1718.78374691012,87,48
52,1983,645.492910372607,68,16
93,2644,2274.24769261307,96,3
39,4215,843.1882557293,53,14
70,4979,2827.1566534922,86,16
4,5714,299.332573134941,69,65
5,9063,489.595138926691,76,71
38,4006,770.634361736792,70,32
97,8537,7864.30015167427,98,1
89,6115,4991.99307993671,91,2
76,5012,3277.85036684685,79,3
51,6509,2044.71561741593,82,31
35,7361,1258.16459666182,39,4
89,4301,3511.13037396693,93,4
92,8308,7051.81263643019,97,5
99,9866,9396.19047619048,99,0
0,6784,438.464662719166,76,76
66,3906,1991.51845942475,76,10
77,8443,5639.49827191857,85,8
68,5921,3189.96475473686,86,18
60,9808,4177.58190661759,94,34
64,8342,4015.13596429398,77,13
28,3659,473.350726694716,43,15
85,4970,3833.06815674747,92,7
51,4358,1369.0076295435,84,33
26,6925,827.180196600983,73,47
30,7421,1039.73939402506,87,57
28,2975,384.864283114726,64,36
3,7425,377.947531569732,24,21
58,8514,3400.37693711379,80,22
47,3239,879.362312870166,89,42
11,4012,267.401900408314,66,55
17,6166,516.528520052872,89,72
49,9949,2907.47825704005,81,32
39,4721,944.410855349472,76,37
39,9908,1982.04252378788,46,7
76,2310,1510.74109086517,87,11
24,7949,876.873306236104,78,54
30,5920,829.437705515207,76,46
33,5070,800.480478669341,63,30
39,9077,1815.80540860139,71,32
29,9406,1266.34443309407,53,24
10,1431,91.9163862111603,61,51
56,9785,3657.02823644798,59,3
38,3520,677.142524541565,85,47
51,2153,676.336261222384,75,24
24,9464,1043.99659959976,81,57
6,6611,368.874121252162,83,77
34,5318,873.662711867305,68,34
34,3896,640.050756945284,62,28
46,9811,2566.1069716003,88,42
47,3275,889.136021812224,69,22
5,7505,405.42993684705,84,79
37,5972,1104.60066576584,75,38
16,3497,281.833277136905,73,57
46,7994,2090.86322810853,78,32
69,6716,3715.81317324762,77,8
85,5134,3959.55169350936,93,8
69,2763,1528.70634271637,78,9
23,4832,512.314442436563,73,50
84,8227,6246.63352573024,98,14
29,5298,713.277993465062,75,46
79,9423,6551.54272236922,87,8
18,4582,399.054037964208,89,71
20,2146,202.124066763075,50,30
82,4537,3332.40740528891,96,14
29,7060,950.498798388701,84,55
46,7182,1878.48132402746,65,19
86,9542,7470.50399848469,88,2
85,7321,5646.25593069381,91,6
44,6297,1527.3979207266,74,30
68,1491,803.28279839768,76,8
76,6551,4284.35709361805,81,5
15,8542,662.448598606484,73,58
92,1236,1049.11415727344,94,2
70,6229,3536.92685169772,86,16
56,1028,384.202864289068,75,19
42,9423,2117.42471716474,88,46
65,3408,1688.78111418491,74,9
54,7176,2505.09576179404,87,33
23,4942,523.977229826468,56,33
13,6915,496.864867704237,68,55
34,7306,1200.2594533476,73,39
84,4677,3551.17357479523,84,0
75,6683,4276.38930730903,91,16
1,6149,297.813159109543,74,73
17,6402,536.298343395797,65,48
19,7851,711.018586596211,78,59
72,2427,1448.55121800402,87,15
5,6549,353.785563812303,58,53
88,4024,3241.04800782402,91,3
10,5888,378.199638023279,79,69
16,2294,184.880050829872,87,71
89,6238,5092.40438800412,92,3
22,2990,304.720158660908,73,51
18,2027,176.534817755009,78,60
33,1992,314.508306412096,86,53
75,6148,3934.04780208528,92,17
69,5553,3072.35118389577,82,13
71,4461,2597.86020792886,93,22
38,8325,1601.48054454788,45,7
37,2076,383.983754542846,71,34
2,6034,299.171106186162,46,44
61,6892,3029.17706535338,81,20
3,3253,165.584285548328,77,74
36,5442,967.678234482393,46,10
42,9214,2070.46071781342,70,28
8,6282,375.407610727527,53,45
65,1126,557.971694416729,71,6
97,3920,3611.11123281751,97,0
33,2445,386.03052669557,80,47
45,5977,1505.6793326629,62,17
64,1070,515.007849651709,74,10
17,4657,390.118929271201,61,44
68,7812,4208.7493099146,92,24
46,1703,445.426579618318,82,36
39,7840,1568.35016012283,90,51
11,2775,184.955202799868,41,30
51,1929,605.969646027859,74,23
73,2254,1377.84810448468,81,8
63,4026,1881.06144775792,64,1
59,5334,2200.55872993724,73,14
71,6056,3526.70733450284,82,11
41,6434,1391.08287916715,70,29
93,9619,8273.82320546335,93,0
22,7753,790.132237490976,38,16
4,8136,426.211028180938,54,50
2,9298,461.003139761176,89,87
6,1579,88.1034998422575,56,50
60,8985,3827.03644279762,78,18
39,1833,366.681867794023,69,30
89,9030,7371.65944592453,94,5
24,5487,605.284165469556,31,7
1,4198,203.320806951026,88,87
19,1772,160.479548522288,84,65
22,5975,608.930751839105,48,26
21,9853,965.26580643805,75,54
98,6691,6273.76004361329,98,0
45,1818,457.97641405072,78,33
77,4500,3005.77309293303,96,19
66,8697,4434.26421956402,66,0
82,7531,5531.48780454723,83,1
64,6708,3228.66603314361,81,17
31,4568,666.042722921507,75,44
50,9157,2774.98083920304,67,17
65,6074,3009.8757299176,93,28
16,7711,621.45164426728,35,19
82,2579,1894.26464585411,94,12
13,1072,77.0266288038962,84,71
85,4684,3612.49320849198,94,9
55,8572,3096.93728576141,76,21
35,3952,675.487907350564,68,33
72,9499,5669.4635433952,82,10
88,3907,3146.8127650518,94,6
7,4739,273.490403827448,88,81
11,6821,454.623221008253,79,68
53,3792,1278.54502724439,65,12
68,6432,3465.26824902339,86,18
6,3461,193.113497754309,75,69
84,6845,5197.30235609864,84,0
77,4586,3063.21675648686,82,5
44,5800,1406.84579009278,72,28
55,4322,1561.47491239627,70,15
57,3760,1453.02541173068,70,13
16,1393,112.265872190938,49,33
83,1367,1021.19623471082,87,4
56,4325,1616.41769265585,90,34
99,4236,4034.28571428571,99,0
18,9623,838.083153061889,82,64
95,5045,4472.16228180135,96,1
61,6188,2719.75445159703,90,29
91,7765,6506.21061038662,96,5
68,8002,4311.11264438513,87,19
71,5380,3133.03921063826,87,16
76,6416,4196.06702986619,81,5
0,4695,303.448052987395,90,90
4,8272,433.335499645122,83,79
5,9721,525.14116137111,70,65
40,2578,536.192264260189,71,31
24,2355,259.785713446474,62,38
50,3556,1077.62715564115,79,29
77,1156,772.149710095685,96,19
4,3520,184.398084955371,69,65
25,4966,570.014732027817,54,29
18,6156,536.136328613633,82,64
12,1508,104.341299587568,66,54
22,3948,402.352905148249,76,54
41,3401,735.323728947386,69,28
83,4510,3369.12583653678,86,3
36,8127,1445.115952157,77,41
64,6994,3366.32233688229,73,9
84,4415,3352.24103757129,88,4
7,7551,435.772534142447,63,56
86,7976,6244.47074951938,87,1
25,4503,516.869983552408,91,66
40,3743,778.49792285721,78,38
73,4560,2787.48329922367,90,17
22,2249,229.202554123205,82,60
37,1167,215.852139475675,55,18
27,8837,1098.51573803104,89,62
87,5002,3973.0642935659,90,3
15,8837,685.32641838978,63,48
88,4336,3492.34198854994,92,4
30,6346,889.123594459376,79,49
7,2732,157.66528450234,79,72
81,9769,7050.09708324126,89,8
97,2933,2701.88501169739,98,1
75,5919,3787.51284003624,84,9
49,6011,1756.64406503847,86,37
20,1685,158.70412511453,90,70
18,6096,530.910828334747,73,55
52,4046,1317.02688621663,70,18
62,5007,2269.62637866082,65,3
26,3491,416.994377809968,71,45
10,6859,440.56917751387,43,33
22,7103,723.888724738605,83,61
42,4970,1116.79941041162,70,28
16,3481,280.543791167734,88,72
99,4429,4218.09523809524,99,0
63,8877,4147.58630694164,88,25
96,6042,5459.55873693031,96,0
83,1052,785.88035034073,90,7
20,3386,318.915233019465,72,52
83,5925,4426.17972981828,85,2
83,9787,7311.22717565088,84,1
49,5913,1728.00471744676,92,43
4,9063,474.772682940491,82,78
38,1622,312.024197388187,69,31
4,1873,98.1186400913097,58,54
15,1671,129.589277484364,78,63
37,4267,789.238285469327,60,23
5,6312,340.982513175028,65,60
60,2873,1223.71460213217,68,8
22,7238,737.64699277179,35,13
21,3520,344.842752325377,49,28
10,5307,340.880685969691,33,23
94,5879,5129.05849005894,99,5
33,7414,1170.56455006992,51,18
94,1200,1046.92467903908,95,1
72,5093,3039.74921849792,89,17
87,7965,6326.56079533234,90,3
88,1258,1013.23021715771,89,1
95,2752,2439.5224181402,95,0
47,3247,881.534248190623,68,21
28,9094,1176.45572794801,69,41
64,3514,1691.34353614589,69,5
87,8225,6533.07753190314,97,10
7,3704,213.759961126159,57,50
44,3124,757.756249698252,64,20
2,6403,317.466455570102,76,74
80,1537,1089.11756992902,89,9
47,3854,1046.32984063032,48,1
45,5292,1333.11946268229,76,31
42,1046,235.044704887437,55,13
39,4199,839.987541116804,80,41
17,5915,495.50214014154,51,34
61,5841,2567.24074850974,74,13
83,3930,2935.8457954744,91,8
85,9943,7668.4500367284,92,7
29,5385,724.990938997614,89,60
58,7232,2888.36340253781,73,15
12,2598,179.760408705904,55,43
70,3710,2106.59794827397,71,1
62,7578,3435.03668813495,67,5
70,7587,4308.02119502819,84,14
2,6887,341.463607607574,32,30
32,5330,808.72506136362,56,24
33,7059,1114.51512799347,83,50
95,1058,937.868720346051,96,1
49,3895,1138.26794765012,80,31
7,7903,456.086655718151,90,83
36,2516,447.386703042576,67,31
26,4997,596.883673994962,63,37
31,3398,495.44946858303,56,25
94,8712,7600.67316982369,94,0
60,6469,2755.38105158128,82,22
77,9265,6188.55282356101,79,2
2,1841,91.2784233491424,81,79
77,1162,776.157407552929,80,3
98,6351,5954.96189463279,98,0
23,2383,252.65838500131,82,59
25,3574,410.236136179504,70,45
65,8243,4084.68976649831,89,24
74,3419,2139.08080768001,78,4
51,2521,791.938557613391,63,12
5,3629,196.043336551359,72,67
7,4791,276.491353605677,89,82
69,4340,2401.22530850129,70,1
36,2877,511.578515363073,82,46
33,7178,1133.30352581628,77,44
1,3413,165.301075303443,82,81
62,1176,533.069826503919,91,29
32,4303,652.897549539898,72,40
61,3734,1641.17051103156,74,13
82,9170,6735.32640654602,98,16
32,9698,1471.48511165186,78,46
30,4364,611.430092376413,88,58
98,4007,3757.12994989664,98,0
81,7321,5283.42314939188,81,0
94,1615,1408.98613054009,99,5
57,3728,1440.65923801383,69,12
30,1925,269.707362012969,69,39
28,2153,278.525311444035,79,51
50,8087,2450.72294928852,62,12
34,5286,868.405621461183,84,50
34,6996,1149.3313900383,53,19
1,9760,472.703924688427,69,68
78,3131,2134.4503693122,95,17
57,4264,1647.79264777118,72,15
79,3213,2233.90711736945,88,9
97,9845,9069.23216507358,98,1
16,3604,290.456714555735,87,71
59,2304,950.522556013386,79,20
45,6083,1532.38202787158,72,27
64,5683,2735.31739212211,79,15
40,5387,1120.42968486022,73,33
27,3104,385.854119140926,89,62
93,2287,1967.17264485858,98,5
84,2521,1914.15620741047,86,2
76,9997,6538.04272094332,82,6
43,4995,1166.28593888076,53,10
59,7672,3165.10809450291,80,21
93,2486,2138.34332974133,93,0
43,8244,1924.89715317978,72,29
28,7010,906.85668054932,71,43
80,6420,4549.20936821362,86,6
93,8022,6900.15695542437,94,1
65,8360,4142.66728714374,85,20
25,4993,573.113885826599,89,64
16,5696,459.057005024825,43,27
24,8426,929.492323354562,67,43
54,9934,3467.89594449024,72,18
20,5115,481.763560807609,81,61
11,5035,335.585385981022,48,37
46,2099,549.001990968202,66,20
18,1962,170.87385911955,69,51
14,2119,158.163911337721,89,75
52,7336,2387.96570372841,83,31
0,9558,617.754311065712,83,83
21,1943,190.349280615968,82,61
48,4486,1263.79303447817,82,34
86,8397,6574.07483496918,92,6
16,4107,330.994929711544,70,54
35,2664,455.339014469105,82,47
22,2952,300.847460992308,75,53
39,1438,287.664225798039,46,7
56,3059,1143.26513799636,82,26
5,9558,516.335687726064,70,65
72,2117,1263.52819469077,72,0
58,8068,3222.25054364976,92,34
90,4672,3864.37110992808,91,1
16,6462,520.79114579888,88,72
22,1846,188.131576216734,54,32
8,3255,194.516359904187,61,53
85,1476,1138.351830857,93,8
74,4229,2645.85338861619,92,18
72,8156,4867.89605852524,78,6
93,6496,5587.56165325813,93,0
50,6567,1990.09491875574,59,9
87,3566,2832.45647158256,89,2
74,7524,4707.35419625164,95,21
76,2939,1922.10738790161,85,9
96,3645,3293.62654685716,97,1
98,2365,2217.52241864376,98,0
9,8085,500.71325064652,20,11
29,2964,399.04793745384,68,39
82,9923,7288.40173742161,83,1
56,7140,2668.49071111278,80,24
42,5281,1186.68363911143,81,39
86,4820,3773.61446999541,86,0
15,2073,160.765153934821,78,63
69,9249,5117.26564016784,87,18
55,8905,3217.24527878038,83,28
44,5072,1230.26238747424,85,41
30,2242,314.121509419779,79,49
65,8570,4246.72950368683,90,25
51,6124,1923.77299755034,88,37
3,2096,106.69064325524,85,82
35,4936,843.676191974287,75,40
13,4369,313.926624294984,85,72
6,6983,389.630613931909,89,83
83,6694,5000.64930150271,95,12
4,3977,208.338404507816,70,66
6,2859,159.523689708052,79,73
50,5346,1620.07727054488,87,37
73,5891,3601.11055169444,95,22
73,2294,1402.29971237261,81,8
45,8000,2015.29775159833,64,19
76,8947,5851.34222509552,89,13
57,3305,1277.19387919413,76,19
99,8083,7698.09523809524,99,0
51,1093,343.351385748289,70,19
1,2863,138.66304676055,79,78
54,8076,2819.28001285516,89,35
21,2079,203.672750592176,85,64
68,9535,5137.02312724472,77,9
44,1301,315.57006429495,83,39
33,6047,954.734803651578,85,52
66,3509,1789.10350079914,71,5
69,9051,5007.71665143898,77,8
58,7662,3060.09961148295,76,18
98,8653,8113.4128915537,98,0
13,2718,195.296993553162,68,55
62,4488,2034.36852155577,81,19
95,9727,8622.54162836109,95,0
73,5739,3508.19444172032,87,14
53,1892,637.92383743312,80,27
53,5960,2009.52752172378,69,16
8,9918,592.692245016812,74,66
51,2543,798.849564462854,69,18
87,2600,2065.16736570798,90,3
75,5702,3648.65656595483,77,2
97,1763,1624.07885292278,98,1
11,2351,156.695380822519,75,64
57,7172,2771.56868429055,83,26
13,9437,678.078634349224,85,72
89,5606,4576.46986199922,91,2
80,9560,6774.21208101592,82,2
21,8469,829.679906091936,82,61
30,5536,775.63634083314,71,41
28,9969,1289.65110533469,71,43
31,8622,1257.14105889432,79,48
79,2272,1579.6566979967,86,7
31,9497,1384.72148414745,31,0
35,6025,1029.81139721335,92,57
72,2703,1613.28139359903,83,11
38,2699,519.20672549366,57,19
65,5434,2692.73373664343,77,12
22,2631,268.133357002291,78,56
8,1001,59.8190096049434,85,77
0,5573,360.195101022098,73,73
22,5333,543.502543859071,75,53
86,8123,6359.55816177857,90,4
70,7191,4083.16599623668,73,3
6,7892,440.35010814129,55,49
71,9544,5557.94167775679,93,22
21,2777,272.053500911242,64,43
79,5961,4144.51301793939,88,9
14,4660,347.826251455299,79,65
68,1479,796.817745694278,77,9
31,3702,539.774553470976,80,49
19,1219,110.397612668549,80,61
18,2038,177.492826139471,91,73
25,5837,669.991137907041,67,42
27,7709,958.295555559729,80,53
61,3514,1544.4759442327,82,21
0,6629,428.446675879327,73,73
44,5243,1271.74008232008,83,39
66,6173,3147.37415515335,69,3
17,9131,764.907868407845,69,52
23,5359,568.189796568199,76,53
68,3921,2112.45597083656,89,21
53,6371,2148.10400015138,73,20
19,3011,272.688442776868,75,56
93,1975,1698.80453589667,93,0
72,1539,918.549783480915,75,3
57,8187,3163.80825687211,79,22
23,6423,681.000758230555,80,57
93,6193,5326.93493205474,97,4
47,8883,2411.66268145282,80,33
27,9318,1158.3082094572,59,32
4,8857,463.981204105035,62,58
40,3675,764.354759951977,64,24
66,6040,3079.56259470699,91,25
2,1108,54.9356290444594,73,71
9,9580,593.300301941084,65,56
18,8498,740.105022832789,83,65
23,4281,453.894480147129,76,53
64,4096,1971.46930109664,81,17
43,6196,1446.70824370475,74,31
99,5910,5628.57142857143,99,0
96,1755,1585.82018922752,97,1
49,5277,1542.14119634138,70,21
33,9885,1560.70010486123,62,29
41,6859,1482.97131927378,86,45
28,9107,1178.13748784061,76,48
31,6139,895.104263575992,68,37
68,8613,4640.29157786668,77,9
26,4820,575.741306515052,64,38
93,9421,8103.51267477599,93,0
57,3329,1286.46850948177,79,22
9,6479,401.251843035103,46,37
71,9835,5727.40532279317,84,13
25,4730,542.925832156982,61,36
61,5382,2365.50072050666,80,19
56,6685,2498.43983246344,64,8
77,7505,5012.96156943609,84,7
91,6103,5113.63855185956,94,3
9,2140,132.532635297904,84,75
68,4113,2215.89681409098,74,6
20,1173,110.480675821569,64,44
4,9333,488.916854229682,76,72
19,9270,839.529015125064,88,69
26,9078,1084.3526100713,80,54
89,7207,5883.44957107177,94,5
40,7058,1467.97711448736,62,22
53,8346,2814.01286850783,73,20
43,2383,556.408286757329,77,34
24,2217,244.562601575725,80,56
19,8415,762.096727322266,79,60
71,8045,4685.00008356595,86,15
40,1107,230.242372589616,63,23
21,4647,455.251213084098,81,60
46,6906,1806.29240096541,63,17
20,6871,647.154922054561,82,62
75,2559,1637.48020909828,80,5
19,6334,573.632878295809,83,64
89,6242,5095.66979639656,98,9
98,1403,1315.51118535188,99,1
63,4667,2180.55483772633,72,9
23,3822,405.228849129251,59,36
78,9545,6506.97182212869,89,11
88,3153,2539.5189782975,88,0
64,6254,3010.14868385214,68,4
46,9880,2584.15420236581,83,37
21,4605,451.136612062034,81,60
10,8182,525.548477973245,23,13
24,7959,877.976430284709,86,62
49,1626,475.179379429805,81,32
34,4005,657.957721141135,91,57
75,3519,2251.77524650913,91,16
4,4049,212.110183518266,87,83
1,1840,89.116313670769,59,58
29,8545,1150.42666178916,59,30
2,9949,493.280300869428,66,64
30,8236,1153.92718625393,89,59
11,1689,112.572734244677,24,13
8,3270,195.412748659506,83,75
26,8359,998.469207709403,58,32
47,9358,2540.62134110497,59,12
28,6212,803.622496372664,50,22
39,5722,1144.65556329373,84,45
99,3767,3587.61904761905,99,0
90,8886,7349.91474375448,92,2
35,5185,886.236032290656,80,45
23,1208,128.078610609141,49,26
87,6336,5032.65401120222,91,4
56,6731,2515.63178942579,83,27
60,2666,1135.54581597089,83,23
63,4264,1992.26180159954,84,21
15,7258,562.871918600546,76,61
69,3843,2126.24628123743,85,16
1,1688,81.7545312370968,52,51
57,9963,3850.13089815766,91,34
45,5262,1325.5620961138,90,45
52,3520,1145.8068807421,69,17
26,6373,761.244677680587,71,45
97,6956,6407.88003456088,99,2
19,2883,261.096240626274,81,62
98,5251,4923.55611851941,98,0
64,3318,1597.00564966764,71,7
59,6280,2590.83405024482,80,21
49,6426,1877.92293494214,78,29
37,5466,1011.00924967784,77,40
36,5283,939.405386396634,84,48
94,1546,1348.78796149534,94,0
27,7806,970.353496782883,73,46
83,5491,4101.96673357505,83,0
28,8106,1048.64197611024,78,50
81,4980,3593.96903209555,81,0
61,2338,1027.59953261698,68,7
71,8285,4824.76391452379,87,16
80,6829,4839.02660054997,84,4
52,6890,2242.7867637253,82,30
67,3175,1664.57235665391,68,1
80,8309,5887.75399384532,82,2
41,5322,1150.65947822934,70,29
49,4269,1247.56504968379,79,30
46,2576,673.763281912382,82,36
51,5046,1585.13366192668,86,35
81,1964,1417.38055803929,84,3
92,5088,4318.68352120327,93,1
21,3517,344.548852252372,64,43
67,2736,1434.41573789137,78,11
38,1668,320.873219015719,91,53
56,2905,1085.70945599197,83,27
20,9836,926.417670401494,89,69
22,5936,604.956141073963,73,51
56,7165,2677.83416598363,69,13
84,3172,2408.45041249743,92,8
9,1252,77.5377847630728,69,60
69,6329,3501.69469527757,86,17
52,1014,330.070504850138,79,27
56,4169,1558.11453426179,86,30
31,9681,1411.54982500068,91,60
50,8810,2669.82430854852,76,26
66,5958,3037.75396345434,90,24
16,6351,511.845336887757,22,6
60,1285,547.327972063989,80,20
33,9159,1446.07508957248,83,50
14,1667,124.426257763087,56,42
14,3393,253.256324289234,45,31
30,6664,933.677849586713,80,50
94,9143,7976.69361704523,95,1
11,1634,108.906955450445,88,77
22,7598,774.335707526949,75,53
26,3237,386.654483234279,88,62
50,8662,2624.97368452296,67,17
88,3001,2417.09370563615,95,7
59,5892,2430.76341147173,61,2
37,5690,1052.4410228077,57,20
33,5775,911.789894342296,81,48
31,6210,905.456503796532,63,32
3,1146,58.333720024096,47,44
7,7107,410.149039882184,62,55
38,1049,201.796167114801,68,30
95,6269,5557.18242707882,95,0
24,4680,516.262054747134,65,41
40,1611,335.068168240173,67,27
95,3585,3177.93890589848,97,2
93,4857,4177.76892701273,96,3
46,7268,1900.97497396708,82,36
43,4819,1125.19157947275,76,33
31,2412,351.684555097783,79,48
78,9605,6547.87473562557,96,18
32,6591,1000.05757588135,80,48
97,5493,5060.16173517005,98,1
90,1837,1519.44557554321,92,2
23,5233,554.830603739763,23,0
3,2134,108.624920184486,73,70
88,3777,3042.10693974933,88,0
60,9789,4169.48911948201,71,11
44,4790,1161.86057492145,60,16
51,5955,1870.68389947947,85,34
45,6399,1611.98628905971,81,36
9,3628,224.68616862654,85,76
41,6872,1485.78202450057,76,35
99,7317,6968.57142857143,99,0
71,6015,3502.83101338088,83,12
78,4555,3105.21284963815,94,16
98,1659,1555.5474387019,99,1
58,4005,1599.54306238439,76,18
69,5761,3187.43294983316,87,18
71,7796,4539.99510894719,73,2
58,5828,2327.6247110053,60,2
68,4845,2610.2650289985,75,7
59,5674,2340.82681546005,71,12
71,3627,2112.18089535037,86,15
28,6484,838.810087971725,71,43
9,6135,379.947531566655,51,42
72,3948,2356.35772916352,95,23
90,8909,7368.9388309823,91,1
95,3890,3448.30748785079,95,0
36,4508,801.597479060387,58,22
24,4540,500.818318066664,76,52
21,2389,234.042424802649,90,69
86,4452,3485.50448556423,93,7
48,1786,503.150771194386,65,17
47,7536,2045.96307187082,72,25
64,4334,2086.02244896309,73,9
2,4094,202.984174465719,63,61
35,9492,1622.4016236264,88,53
19,7977,722.429660588202,76,57
24,7700,849.40551742584,69,45
88,3740,3012.3060510094,90,2
58,5560,2220.58912031391,93,35
70,2218,1259.41623969586,81,11
40,3485,724.837098893235,67,27
86,4578,3584.15083892925,86,0
78,5411,3688.76108219364,84,6
92,6360,5398.35440150409,99,7
71,2710,1578.16659123228,89,18
17,5666,474.643301105996,86,69
53,3673,1238.42191061937,68,15
26,2502,298.859906410926,68,42
6,5709,318.54520620611,46,40
39,9511,1902.62479246533,72,33
21,1317,129.022132049012,66,45
95,8991,7970.11121420732,97,2
62,6262,2838.50616799961,72,10
29,9946,1339.0454743306,72,43
93,1225,1053.68888935363,93,0
51,3932,1235.18540600391,92,41
13,2768,198.889653478717,91,78
3,2515,128.018591501397,65,62
18,6906,601.455082099699,58,40
37,4637,857.674696442763,46,9
90,1163,961.957106345539,97,7
59,6758,2788.03447636218,85,26
40,3183,662.024816578814,81,41
74,4946,3094.44096951896,76,2
82,5740,4216.00584226545,82,0
67,1661,870.820373040045,73,6
61,2501,1099.24141619977,88,27
63,7589,3545.7961567399,70,7
10,1775,114.012288976107,60,50
26,3133,374.231849234784,88,62
29,7544,1015.66047238589,79,50
41,4003,865.481001757244,90,49
77,8167,5455.14418888535,85,8
57,5783,2234.79945639323,64,7
99,2936,2796.19047619048,99,0
94,7424,6476.97401432175,95,1
77,4952,3307.68630137875,88,11
59,6358,2623.01319927652,68,9
52,4817,1567.99765469735,79,27
67,7259,3805.71046833094,84,17
82,9145,6716.96401176264,88,6
65,3820,1892.94127235516,84,19
14,7937,592.424239871397,45,31
23,9480,1005.12022233001,81,58
1,3721,180.218371287463,84,83
32,2092,317.420793315702,60,28
87,4754,3776.07909868298,90,3
9,5744,355.732456612692,77,68
45,1212,305.317609367146,52,7
23,6517,690.967140181929,84,61
45,4680,1178.94918468502,55,10
56,5671,2119.46930290204,81,25
20,5957,561.068530152674,60,40
95,9130,8093.32837122821,95,0
31,5713,832.990822252751,61,30
72,2212,1320.22879860935,77,5
83,2550,1904.93811156736,90,7
88,8256,6649.62533613198,91,3
11,1456,97.0431622618408,47,36
97,9607,8849.98612593823,97,0
96,6359,5746.00033236343,97,1
9,9343,578.622622237531,81,72
67,4816,2524.90723453393,84,17
62,9831,4456.300564932,82,20
62,7196,3261.87965265493,75,13
97,8440,7774.94357269893,97,0
90,1884,1558.32088422614,93,3
89,1552,1266.97845626521,92,3
65,3253,1611.97328768883,82,17
63,1374,641.971790665519,84,21
53,1267,427.193182889938,87,34
54,4068,1420.11281479628,83,29
52,2802,912.08831813618,69,17
19,6405,580.062927926217,76,57
31,9222,1344.62477906789,83,52
65,3525,1746.75863483035,81,16
4,5792,303.418667062929,72,68
23,4034,427.706221189796,83,60
76,4735,3096.69223603747,82,6
8,1758,105.056762123367,90,82
41,3657,790.673001105731,84,43
68,2118,1141.08180215043,78,10
53,6359,2144.05797158415,65,12
77,2433,1625.12131891246,82,5
2,3491,173.086896204159,66,64
37,3541,654.954949343072,79,42
10,1711,109.901423345419,84,74
23,3288,348.611317618257,64,41
84,1737,1318.8771647251,84,0
35,9069,1550.10117200462,85,50
35,5431,928.283103446587,69,34
59,5661,2335.46362395476,79,20
31,1442,210.252540817166,90,59
74,5761,3604.34177626339,77,3
21,9904,970.262107679128,74,53
13,6022,432.699961433827,80,67
29,3263,439.302773249622,73,44
58,4801,1917.45474219912,89,31
71,5761,3354.91429228383,84,13
33,5873,927.262692549317,78,45
7,7752,447.372359246755,65,58
82,9635,7076.866949517,84,2
59,9203,3796.72703254826,88,29
92,9797,8315.67265275717,92,0
34,9886,1624.11236734114,86,52
22,5293,539.426019997386,88,66
19,3424,310.091407528395,87,68
26,2308,275.686916065714,72,46
41,8175,1767.50117146277,60,19
23,7141,757.126952284664,31,8
20,7499,706.303996577959,79,59
1,6480,313.844409014447,87,86
88,4378,3526.17002441689,92,4
75,5683,3636.4986433394,86,11
54,7040,2457.61903052258,80,26
54,7968,2781.57790272782,79,25
68,6747,3634.97588248769,68,0
89,7384,6027.94389243707,97,8
21,5430,531.959132138294,70,49
18,4076,354.985652278942,81,63
8,9895,591.317782258657,72,64
59,3069,1266.12574843971,82,23
66,9108,4643.81723718398,82,16
44,8912,2161.69132436326,88,44
60,2849,1213.49213417144,77,17
94,1571,1370.59889230866,97,3
93,8802,7571.07722782913,96,3
86,6878,5384.83824162416,92,6
61,8207,3607.14686235566,79,18
82,1960,1439.61175101747,93,11
10,7462,479.301239628007,82,72
9,4111,254.598908275553,74,65
73,8374,5118.94411133751,73,0
82,9649,7087.1498905957,90,8
53,9819,3310.6628751352,76,23
38,1645,316.448708201953,78,40
15,3207,248.70904422044,70,55
45,7442,1874.73073342434,86,41
31,2802,408.548973210609,76,45
89,3884,3170.71154905547,94,5
13,5577,400.725288096389,75,62
79,7050,4901.6636095408,92,13
14,5164,385.445228007546,90,76
19,3191,288.989977051141,60,41
20,6402,602.981489010814,64,44
70,2113,1199.7955430466,90,20
33,1336,210.935289842651,39,6
87,4516,3587.03685520664,88,1
56,4495,1679.95318577759,83,27
88,5822,4689.21011469966,95,7
84,9193,6980.10234618185,86,2
73,8101,4952.06188750241,85,12
52,8488,2762.95704651674,63,11
12,1445,99.9822134642152,65,53
65,3209,1590.16977565123,85,20
4,2072,108.543418189639,67,63
65,8277,4101.537934891,77,12
71,6453,3757.90000487894,87,16
99,3142,2992.38095238095,99,0
65,8419,4171.90381464871,85,20
73,7119,4351.7749138538,86,13
77,8490,5670.89190200032,93,16
95,5383,4771.78385786653,96,1
71,7128,4150.98577944786,87,16
20,2893,272.48132579011,75,55
71,8903,5184.65577924023,91,20
26,3088,368.856671061926,73,47
82,9366,6879.28758164777,83,1
92,5295,4494.38467861072,97,5
91,3084,2584.05067899966,97,6
64,2235,1075.74069530053,75,11
77,4238,2830.77030396671,82,5
46,2247,587.711993189876,68,22
42,3907,877.93466729944,76,34
67,4524,2371.81900519757,89,22
68,3645,1963.75975865831,93,25
59,3350,1382.05319559238,79,20
8,1830,109.359428148898,78,70
72,1193,712.040215524842,86,14
94,1804,1573.87676748874,96,2
94,6560,5723.18824541362,96,2
93,7274,6256.76161727211,93,0
64,6852,3297.97550076029,77,13
68,6687,3602.65061897068,81,13
69,9321,5157.10163606924,74,5
56,2332,871.557470352243,72,16
8,2376,141.987978842503,84,76
75,4522,2893.58558247067,77,2
62,7582,3436.84985081013,81,19
58,1011,403.779784287296,81,23
41,5021,1085.58084182441,71,30
81,3170,2287.72727545038,83,2
18,7807,679.924677954293,75,57
70,7955,4516.97754137989,78,8
94,8427,7352.02855855191,94,0
35,9043,1545.65717261416,71,36
96,9835,8886.91826840609,98,2
36,3159,561.722811968004,78,42
94,2284,1992.64663910437,96,2
98,2365,2217.52241864376,98,0
47,2519,683.888134029005,57,10
35,5861,1001.78001644273,77,42
75,6288,4023.63249504103,93,18
47,9893,2685.86951566056,69,22
68,6033,3250.30524663528,81,13
76,2678,1751.41326464802,82,6
48,7055,1987.53006202486,80,32
67,8679,4550.18062469269,86,19
37,5878,1087.21411811312,81,44
72,1332,795.002151784652,76,4
55,8294,2996.49998228012,66,11
19,5539,501.634435251103,81,62
1,5338,258.534175203568,7,6
94,1070,933.507838809843,98,4
14,6682,498.750002623242,83,69
42,9239,2076.07842108511,84,42
36,1561,277.571797873395,52,16
62,5823,2639.51156439823,78,16
65,6839,3388.95951875312,74,9
49,8549,2498.34472001562,80,31
90,3619,2993.39876858513,92,2
60,6931,2952.1635598253,90,30
48,9917,2793.81086110567,69,21
85,4811,3710.44082537467,85,0
18,8539,743.675781356694,75,57
67,8879,4655.03557629293,86,19
41,4953,1070.87869140735,67,26
31,4027,587.161568564997,73,42
93,3016,2594.22505329842,98,5
95,2940,2606.17583914687,96,1
25,4404,505.506419623541,78,53
29,2344,315.576371589676,61,32
95,1044,925.458359207256,95,0
13,7153,513.965928949878,66,53
48,9403,2649.00711172498,69,21
30,1438,201.474902116701,89,59
49,5154,1506.19589273137,57,8
24,6252,689.673155187838,78,54
30,1577,220.949875269845,72,42
74,2597,1624.80048480403,84,10
8,5272,315.050767869392,29,21
33,7568,1194.87894725238,38,5
40,3212,668.056459582517,51,11
79,8117,5643.51822959471,93,14
90,1780,1472.29892458733,90,0
58,4030,1609.52772569516,72,14
83,8104,6053.96802201642,84,1
88,8060,6491.76116875288,95,7
31,9542,1391.28276316047,83,52
74,8706,5446.86677732148,81,7
15,7437,576.753714333461,76,61
84,4634,3518.52434158672,85,1
50,3175,962.167103251026,65,15
15,6554,508.275358846511,79,64
55,1207,436.071314035701,75,20
42,5829,1309.82369482683,74,32
11,5478,365.11156790547,80,69
97,5687,5238.87489312072,98,1
3,7869,400.548030427235,81,78
79,4263,2963.94212304574,85,6
63,4620,2158.5951039845,73,10
18,4302,374.668369996077,91,73
59,1541,635.744469972495,91,32
15,4952,384.037164633494,77,62
6,2836,158.240358171401,82,76
18,4926,429.013572896484,54,36
42,1240,278.638082275737,80,38
11,7419,494.48023408008,68,57
73,7120,4352.386204051,77,4
72,5075,3029.00594617651,87,15
81,5230,3774.38916422886,89,8
18,3732,325.026117346666,68,50
49,4348,1270.65187070159,88,39
22,4857,494.991909905027,85,63
89,7179,5860.59171232472,90,1
36,5901,1049.29607895638,58,22
60,4299,1831.09957346544,68,8
70,3619,2054.9266778446,89,19
43,3344,780.792828752206,59,16
88,8263,6655.26334210981,94,6
41,7500,1621.56070776401,85,44
33,2989,471.920345314134,78,45
27,7008,871.155176204771,52,25
26,2062,246.302608720755,81,55
24,4136,456.252106503022,65,41
75,5706,3651.21612861071,78,3
47,1019,276.650261443254,83,36
75,5397,3453.48991344409,88,13
42,8095,1819.01231937266,74,32
91,2826,2367.87523309112,92,1
97,8198,7552.01272618316,99,2
78,5059,3448.79732301195,79,1
50,9995,3028.93234550992,86,36
65,9887,4899.34826172132,85,20
95,7293,6464.91169894494,98,3
23,3525,373.739323176507,69,46
22,8410,857.089141919142,87,65
41,3938,851.427475623289,85,44
98,3583,3359.56990528567,99,1
91,8151,6829.63588992419,93,2
89,1606,1311.0614695631,90,1
66,3765,1919.62800812447,73,7
33,6596,1041.41405075009,78,45
19,6156,557.512472180139,89,70
41,1234,266.800788450772,73,32
3,3013,153.367799679408,83,80
42,8012,1800.36154451065,64,22
28,2851,368.822881062213,80,52
30,6705,939.422266128288,79,49
93,4713,4053.90672287647,97,4
29,3604,485.212134474912,75,46
95,2937,2603.5164760457,97,2
32,6750,1024.18277001959,54,22
86,3649,2856.82970975379,87,1
49,4513,1318.87118042233,66,17
93,2242,1928.465706066,98,5
86,2729,2136.55474867583,90,4
40,1325,275.583688962277,86,46
72,5448,3251.6304226147,76,4
38,2195,422.252227661572,66,28
32,6408,972.290843005268,80,48
17,5771,483.43919708484,85,68
23,5317,563.736732292054,52,29
5,6791,366.858721003107,53,48
22,4944,503.85834930419,65,43
42,8798,1976.98213537253,74,32
69,3461,1914.89419187165,75,6
87,3852,3059.62488181044,95,8
94,4586,4000.99714839434,94,0
50,7439,2254.34994679823,70,20
75,4804,3074.0347497101,91,16
76,6314,4129.35898169812,78,2
95,4746,4207.11242605138,97,2
65,3110,1541.11187356663,81,16
16,3522,283.848098963735,80,64
61,8101,3560.55766198894,71,10
42,7369,1655.87421636283,88,46
80,8932,6329.21153845546,87,7
59,4414,1821.00979264023,87,28
4,1523,79.7836032349518,69,65
82,8033,5900.20469179762,94,12
83,2590,1934.81949370959,89,6
10,8820,566.528669729164,75,65
17,4097,343.2074840507,70,53
39,5625,1125.25123095547,79,40
81,7975,5755.40221505262,84,3
80,1502,1064.31658427677,91,11
50,5889,1784.63057355757,68,18
67,5464,2864.63727771873,75,8
99,1992,1897.14285714286,99,0
91,3674,3078.40538088351,92,1
15,2008,155.724278389349,84,69
63,1605,749.901545864744,83,20
11,8910,593.856164665523,77,66
26,7827,934.922656865833,64,38
67,8552,4483.59773042653,88,21
3,4734,240.970183764459,72,69
74,1651,1032.9401618835,83,9
89,3484,2844.17070981186,89,0
77,3958,2643.74442262865,95,18
90,9246,7647.68306558113,94,4
18,1507,131.247148671336,75,57
87,5976,4746.70776056573,98,11
50,1354,410.322600882485,76,26
67,5085,2665.93714443626,77,10
96,3816,3448.14236016651,97,1
32,6459,980.029112823194,86,54
99,8619,8208.57142857143,99,0
40,9895,2058.03819040131,63,23
71,4364,2541.37232625007,79,8
11,4135,275.599914802686,74,63
11,7664,510.809612345294,84,73
78,2180,1486.13919038665,83,5
51,3825,1201.57278178152,62,11
3,2194,111.679041651716,71,68
68,8488,4572.94727887291,74,6
35,4108,702.151903693349,80,45
33,5043,796.21756487761,74,41
90,4618,3819.70586165408,90,0
4,5971,312.795728769466,19,15
16,8705,701.560960102019,73,57
23,9380,994.517688339188,71,48
22,4746,483.679556188852,84,62
31,1729,252.098920300194,79,48
44,7114,1725.56912943449,60,16
7,5699,328.892553579368,85,78
10,3784,243.054930414417,79,69
68,9063,4882.73105424425,86,18
28,7216,933.506106539785,62,34
43,8001,1868.15891831531,86,43
20,9571,901.458267935411,88,68
70,9503,5395.9569548376,88,18
85,9269,7148.63355028015,87,2
71,1567,912.541346295567,76,5
93,1101,947.029769125184,95,2
18,7908,688.720936757084,59,41
15,7862,609.713285207701,49,34
70,4917,2791.95205166121,84,14
99,5574,5308.57142857143,99,0
30,1957,274.190809069808,70,40
35,2430,415.343019954926,76,41
96,2333,2108.10171023807,96,0
80,2526,1789.92256450274,91,11
82,7575,5563.80561936599,87,5
36,3603,640.673406622576,83,47
65,5816,2882.02786387895,84,19
78,2843,1938.11638452717,84,6
55,1317,475.812693111034,86,31
29,4819,648.789477257103,79,50
24,4189,462.098663960629,76,52
11,2797,186.421514317561,63,52
38,8135,1564.93023782546,78,40
21,7894,773.349058766058,90,69
29,2972,400.124989916603,80,51
17,3405,285.238341028224,59,42
45,1591,400.792340349117,47,2
6,8374,467.244273387628,53,47
89,1950,1591.88659131261,93,4
6,7569,422.327669604843,88,82
81,3417,2465.98236599809,92,11
46,6378,1668.1918524989,78,32
73,3041,1858.93348967965,83,10
15,1948,151.071162501221,77,62
8,8093,483.631613119688,69,61
82,5567,4088.93807036442,83,1
57,9282,3586.9632637458,81,24
35,4559,779.238200812556,88,53
32,6946,1053.92200304535,74,42
37,2271,420.051592758575,75,38
52,1628,529.935682343219,79,27
6,5759,321.335057372743,68,62
51,8379,2632.15119962023,79,28
76,9647,6309.14255566072,89,13
99,6064,5775.23809523809,99,0
6,4889,272.791647073336,82,76
62,3746,1698.02684530925,64,2
55,7580,2738.54230355477,84,29
67,9738,5105.38759341599,89,22
55,7121,2572.71236723134,66,11
30,3316,464.597201264937,77,47
49,6877,2009.72238151216,77,28
61,9346,4107.76100591885,77,16
45,6158,1551.27544429281,47,2
14,1008,75.2379531044939,68,54
13,4220,303.22049771683,81,68
85,4025,3104.24533821098,93,8
63,5281,2467.43306150263,67,4
18,7862,684.714719876605,51,33
62,3897,1766.47373629743,88,26
81,7451,5377.2416181012,85,4
28,6729,870.504793639996,68,40
23,1803,191.163687854537,55,32
20,3126,294.426762675383,87,67
45,8864,2232.94990877095,53,8
6,2460,137.260677398324,69,63
72,9276,5536.36633630213,82,10
57,7953,3073.38061156759,69,12
47,5068,1375.92102550973,70,23
73,5286,3231.27998238955,91,18
22,9275,945.243970428067,75,53
36,2271,403.82162265886,83,47
77,4329,2891.55371540158,92,15
88,9538,7682.18585949938,88,0
64,2718,1308.21620126481,81,17
66,9967,5081.78814262327,79,13
87,1040,826.066946283193,96,9
29,6138,826.368502055219,88,59
62,2293,1039.39550354888,71,9
86,7822,6123.90298429546,98,12
69,1051,581.494884616326,71,2
30,9713,1360.86628947115,70,40
32,5171,784.599867225381,46,14
39,4834,967.015902300222,73,34
70,8742,4963.84885817008,79,9
8,9411,562.394305087036,69,61
94,4804,4191.18846508643,98,4
16,4122,332.203822807642,78,62
81,3438,2481.13765709729,86,5
59,4859,2004.59596339802,78,19
98,4773,4475.36342671741,98,0
31,9468,1380.49310433906,73,42
43,4976,1161.84961599013,82,39
5,7670,414.343453113508,48,43
73,5556,3396.32833563305,82,9
97,2096,1930.83906734324,98,1
17,1468,122.975002828027,83,66
66,2757,1405.68776053099,77,11
50,3946,1195.81461084364,80,30
6,8381,467.634852550957,66,60
60,8964,3818.09178333198,60,0
93,4120,3543.83528500977,94,1
4,4693,245.846651333965,67,63
36,3367,598.708676130506,86,50
58,1171,467.681629476186,81,23
85,4278,3299.36933089853,88,3
54,3922,1369.14514740192,85,31
41,1868,403.876720280423,76,35
39,2715,543.121260807841,92,53
22,9840,1002.82486997436,56,34
28,6090,787.839826611321,31,3
5,1438,77.6826447949445,87,82
73,5900,3606.61216346923,73,0
18,3170,276.080598067774,87,69
88,6716,5409.26402101046,96,8
64,4784,2302.61453526521,88,24
20,5983,563.517377187082,59,39
55,1400,505.799370049694,82,27
99,5904,5622.85714285714,99,0
52,3380,1100.23501616713,74,22
59,2593,1069.75042870777,64,5
19,7830,709.116740930879,74,55
91,9881,8279.18442256666,91,0
39,9444,1889.22180002551,87,48
92,1211,1027.89421072664,92,0
84,8717,6618.6829274086,90,6
31,8960,1306.4235545921,83,52
6,4999,278.929319639927,73,67
65,9155,4536.61710691399,75,10
69,3366,1862.33280839063,85,16
41,2641,571.0055772273,67,26
64,5157,2482.1453090223,80,16
89,5842,4769.12895715295,89,0
37,4485,829.560278961784,85,48
44,3383,820.579191014464,85,41
12,2481,171.664963048248,81,69
87,8739,6941.3452342008,91,4
9,4416,273.487905362404,67,58
0,5855,378.42137385329,70,70
35,8897,1520.70240680617,50,15
87,2803,2226.40927926134,92,5
46,1736,454.057863897475,81,35
21,2032,199.068316115104,87,66
57,6319,2441.93286615058,77,20
54,7161,2499.85935760968,77,23
69,7006,3876.26371229494,90,21
35,8468,1447.37641686351,73,38
64,3465,1667.75906452633,80,16
2,9142,453.268520509429,60,58
49,8366,2444.86512196171,67,18
69,9019,4990.01176437169,69,0
34,4187,687.857422825951,79,45
45,1446,364.265068601397,76,31
85,3130,2413.98457356531,86,1
65,7912,3920.66789185183,92,27
61,8558,3761.41864847566,74,13
57,8711,3366.30435148564,61,4
92,3347,2840.92644368462,95,3
31,7442,1085.08974255295,80,49
46,3820,999.136543829697,74,28
89,6932,5658.95274409179,90,1
38,8543,1643.41721226096,79,41
36,8006,1423.60013694708,62,26
86,4951,3876.17536119238,89,3
82,5191,3812.76765282229,85,3
36,1446,257.122882591242,73,37
85,3525,2718.62479930279,92,7
43,9825,2294.04591581651,74,31
84,2210,1678.0187300187,87,3
25,2096,240.586161564701,80,55
81,4151,2995.69587394149,87,6
51,3865,1214.13824878055,70,19
54,8414,2937.27365380923,84,30
49,1092,319.124158879057,79,30
99,3347,3187.61904761905,99,0
45,4644,1169.88034480283,79,34
72,3416,2038.8343472195,77,5
90,3136,2593.89293680104,96,6
31,1633,238.101525072421,91,60
79,3886,2701.82479243625,93,14
69,7334,4057.73880473467,88,19
8,3648,218.00174529354,86,78
57,4692,1813.19022123414,67,10
97,4706,4335.17588307123,97,0
71,3823,2226.32135729927,85,14
69,2855,1579.60789303483,83,14
55,3161,1142.02272051935,55,0
81,2583,1864.10080520137,84,3
95,2634,2334.9208028275,98,3
82,4872,3578.46349538628,94,12
35,7140,1220.39060184287,92,57
28,2769,358.214857124261,69,41
25,6119,702.360077583208,85,60
26,4412,527.006357747803,61,35
46,6433,1682.5773262975,61,15
61,2814,1236.81141350906,65,4
79,1768,1229.23989527208,87,8
66,7372,3758.69792188409,89,23
91,2968,2486.85551727334,97,6
49,1617,472.549235263219,71,22
81,6178,4458.54230527838,81,0
91,4152,3478.91647834195,92,1
65,3936,1950.4232586361,75,10
52,8621,2806.25031786296,79,27
22,6613,673.951307432971,79,57
77,4560,3045.85006750547,81,4
8,6210,371.104944701997,86,78
86,5376,4208.91107690775,93,7
63,6673,3117.81496296289,81,18
14,3976,296.771926134392,67,53
72,5885,3512.45320064015,77,5
20,3403,320.51640223427,70,50
81,2090,1508.31230463448,83,2
39,4922,984.619832668948,83,44
3,1900,96.7138464622883,88,85
52,8377,2726.82506817515,66,14
42,3467,779.063089717727,82,40
27,1008,125.303141782878,73,46
9,6353,393.448519648404,27,18
7,1402,80.9102228668668,88,81
65,1151,570.360053529001,72,7
38,3515,676.180674364659,85,47
36,8816,1567.63162719529,86,50
82,9538,7005.62085775747,86,4
58,3823,1526.85471348203,59,1
32,6459,980.029112823194,76,44
69,1739,962.149956563074,88,19
91,5882,4928.46501098443,96,5
8,7779,464.867208508347,78,70
78,6713,4576.35430507594,78,0
96,7960,7192.66592948779,96,0
1,9418,456.139914212665,67,66
42,8744,1964.84789630568,76,34
20,6777,638.301398160932,55,35
80,3623,2567.25631480342,89,9
17,7624,638.665818501961,83,66
91,5336,4470.97743941056,91,0
25,8658,993.795318142738,51,26
8,9142,546.319066741651,78,70
6,6503,362.848042732236,69,63
70,2666,1513.79787873272,72,2
75,1108,708.99885567835,92,17
88,9601,7732.9279132998,88,0
92,6009,5100.42635198712,96,4
4,4121,215.881962528717,39,35
19,3668,332.189042877965,80,61
75,3535,2262.01349713264,84,9
73,1732,1058.75462154724,85,12
7,1944,112.189353247638,80,73
27,8477,1053.76461596573,63,36
39,2384,476.906477261839,81,42
57,9943,3842.40203958463,70,13
31,6546,954.447387093735,85,54
48,6884,1939.35605201688,88,40
18,1333,116.093197862569,86,68
87,6221,4941.31007002668,89,2
60,8434,3592.3456158659,88,28
79,9365,6511.21697919853,85,6
56,7305,2730.15751326035,81,25
59,6651,2743.89128474177,63,4
4,5652,296.084652320386,83,79
51,5390,1693.19667811828,77,26
69,5845,3233.9082783848,82,13
69,6445,3565.8749108965,92,23
1,1749,84.7089307663995,72,71
49,6084,1777.97745661189,66,17
37,7075,1308.61515577583,51,14
70,1741,988.56793206064,74,4
9,5301,328.296962483266,50,41
79,5057,3515.98764162381,93,14
1,4227,204.725357546924,86,85
86,1390,1088.24151728083,88,2
88,3281,2642.61394474916,88,0
62,7852,3559.23833138501,77,15
99,6061,5772.38095238095,99,0
35,1415,241.856120673342,74,39
96,6129,5538.17204545612,96,0
86,6090,4767.90707930956,86,0
53,3650,1230.66702253218,71,18
19,1580,143.091245296397,79,60
62,5410,2452.30251818555,73,11
44,5871,1424.06752304047,90,46
85,4397,3391.14701915868,91,6
10,1371,88.0624496823905,28,18
55,1553,561.07601549084,57,2
56,2543,950.416229462158,86,30
66,6078,3098.93732626309,82,16
49,6178,1805.44785124067,80,31
17,3396,284.48440708718,87,70
2,7563,374.980291031811,81,79
10,5564,357.388380767922,63,53
36,3986,708.777185344876,85,49
22,4303,438.532054420698,71,49
94,3514,3065.74443511943,94,0
66,5668,2889.89416999987,89,23
90,3154,2608.78135289237,97,7
46,1460,381.868940835434,80,34
9,7876,487.769642806678,77,68
55,1080,390.188085466907,87,32
72,3926,2343.2270629929,84,12
10,9299,597.295929683843,55,45
84,2373,1801.78210241374,87,3
9,1687,104.477829788581,45,36
18,8052,701.262137426408,76,58
19,9529,862.985111664157,82,63
95,1078,955.597807687186,95,0
80,1207,855.279705207763,81,1
42,1855,416.833582759268,72,30
8,3479,207.902431983615,79,71
36,4202,747.185582744398,66,30
52,9886,3218.02466562965,88,36
93,6710,5771.63465107174,99,6
38,5977,1149.79570147299,51,13
7,2727,157.376731639048,85,78
61,3759,1652.15852998598,71,10
84,2216,1682.57443697803,86,2
60,2356,1003.50560481149,84,24
93,5832,5016.41926751869,96,3
13,9962,715.80156356755,79,66
74,8380,5242.90645462371,89,15
11,5653,376.775409523479,78,67
42,3139,705.358822793177,72,30
61,8547,3756.58392013572,63,2
35,1036,177.076283404652,76,41
40,2978,619.38734017333,78,38
16,6975,562.13528968542,73,57
57,8570,3311.81589854574,77,20
49,3933,1149.37300079792,84,35
25,9435,1082.98207746324,71,46
60,3426,1459.25730139395,66,6
97,6180,5693.02740275823,97,0
69,2010,1112.08821891419,95,26
25,8551,981.513486421639,85,60
56,4224,1578.67013497765,91,35
45,6514,1640.95619423894,88,43
44,8053,1953.33261165814,80,36
14,9148,682.814280753879,69,55
39,4865,973.217286861932,72,33
71,4644,2704.43012903422,88,17
7,2794,161.243340007151,77,70
58,5065,2022.89278676079,71,13
64,5318,2559.63714434373,86,22
6,6228,347.503861315757,85,79
76,2985,1952.19140962447,76,0
25,7613,873.846587782475,85,60
73,6708,4100.53464280535,75,2
34,6882,1130.60300546649,79,45
82,3397,2495.0822031665,85,3
19,7760,702.777255379773,69,50
85,4329,3338.70262586716,96,11
95,5872,5205.26004335729,95,0
83,4391,3280.22872466364,87,4
45,2222,559.748950506435,82,37
32,1918,291.019637466308,53,21
98,7736,7253.595530921,98,0
76,8961,5860.49823170682,92,16
65,2053,1017.33205029977,82,17
63,5942,2776.27101902075,70,7
42,9242,2076.75254547771,47,5
41,2467,533.385368807175,67,26
26,1649,196.970417934299,40,14
44,1179,285.977790779206,79,35
98,9251,8674.12257711351,98,0
38,3868,744.087296854197,74,36
13,5378,386.426501592681,75,62
91,7012,5875.27994849079,95,4
31,1052,153.38812270434,91,60
21,7578,742.391584409575,89,68
97,1441,1327.45185879848,98,1
46,5874,1536.36860168996,82,36
64,5281,2541.82846169222,83,19
81,1955,1410.88543328249,86,5
92,7301,6197.07318952537,92,0
4,5269,276.020883417571,67,63
58,3570,1425.8099207771,78,20
55,3503,1265.5822809172,78,23
54,1327,463.247223509014,83,29
92,8226,6982.21121175671,95,3
2,4276,212.007896926091,80,78
28,8279,1071.02231929641,90,62
50,8606,2608.00317813491,74,24
29,8889,1196.73991768798,73,44
55,9322,3367.90123400232,94,39
58,3798,1516.87005017127,93,35
0,3774,243.9218215068,65,65
97,8475,7807.18563727766,99,2
96,8018,7245.07480183833,98,2
98,2281,2138.76052301329,98,0
5,3787,204.578703642875,78,73
99,6571,6258.09523809524,99,0
27,7041,875.257362394092,71,44
37,5952,1100.90140030781,69,32
73,5014,3065.00904875164,88,15
15,6137,475.936203424022,77,62
80,9515,6742.32509946302,91,11
14,3040,226.908112537362,23,9
88,7271,5856.27735210945,96,8
85,9959,7680.78989397346,92,7
14,4644,346.631998231418,82,68
99,7080,6742.85714285714,99,0
74,6882,4305.6900024726,93,19
55,2615,944.760966199965,65,10
89,4869,3974.81836569286,91,2
86,9841,7704.59336083503,93,7
62,6482,2938.2301151347,90,28
54,5950,2077.10699312633,64,10
24,5360,591.274490052273,68,44
38,4231,813.917619697545,75,37
86,5847,4577.66054067701,96,10
52,1519,494.454730638422,71,19
78,6497,4429.10381648718,89,11
12,2649,183.289192710523,79,67
60,5699,2427.41020450792,72,12
36,3889,691.528969846017,73,37
6,3785,211.191733314088,88,82
94,9949,8679.87802646647,94,0
3,6400,325.77295650455,59,56
60,8752,3727.79331634555,87,27
65,7754,3842.37346226227,84,19
71,5242,3052.6750078375,71,0
50,5219,1581.59058641484,80,30
68,5631,3033.72598107132,80,12
22,5607,571.426732311609,48,26
33,3737,590.01884591466,90,57
53,5239,1766.42863864277,66,13
52,3388,1102.83912271427,68,16
39,4742,948.611793278373,80,41
21,5479,536.759499997369,61,40
46,6327,1654.85259497657,77,31
63,1463,683.555116261757,72,9
45,5275,1328.83695496015,78,33
88,2918,2350.24306332766,93,5
96,8527,7705.00783677668,99,3
9,3926,243.141647747463,21,12
13,5670,407.407635557921,70,57
74,9560,5981.16774537025,89,15
29,7597,1022.79594495169,69,40
26,7863,939.22279940412,56,30
64,4200,2021.52613881979,87,23
60,1584,674.682885408061,64,4
29,8008,1078.12951522616,60,31
52,4411,1435.83924742994,62,10
57,5968,2306.29139819381,85,28
34,7951,1306.22268184598,45,11
74,7628,4772.4212930632,92,18
20,3551,334.455993045517,40,20
16,1876,151.192229885283,65,49
37,6442,1191.53340402939,50,13
17,1667,139.645319968884,66,49
72,7613,4543.80734349591,84,12
38,2990,575.186405789568,87,49
86,6299,4931.53476068488,90,4
85,2270,1750.71724664321,86,1
36,2134,379.460740974904,86,50
90,3531,2920.61095658306,98,8
43,5138,1199.67510589977,82,39
3,9690,493.24061695767,77,74
82,6462,4746.31180360964,94,12
59,1271,524.355107939676,72,13
22,7838,798.794850697056,88,66
95,5256,4659.20415325032,97,2
90,2112,1746.90748804968,92,2
27,1437,178.631562244043,52,25
55,5640,2037.64889077163,87,32
17,6125,513.093932099228,62,45
2,5592,277.256351639546,86,84
10,2654,170.472459122585,69,59
17,8196,686.582508977187,81,64
10,7908,507.948834491863,80,70
9,1469,90.9768417068322,81,72
12,6930,479.499473568866,84,72
68,2641,1422.85034914036,91,23
81,9278,6695.75194373143,91,10
10,7733,496.708186282951,70,60
75,9318,5962.50120686901,86,11
18,6530,568.708613685351,84,66
16,4729,381.123696763061,72,56
20,4824,454.355311307117,75,55
97,5735,5283.09258168583,97,0
5,7133,385.334009264492,80,75
75,3564,2280.57032638776,78,3
48,7442,2096.55545309553,65,17
4,2987,156.476443114118,73,69
11,3463,230.810762989529,85,74
7,4476,258.312523218328,69,62
3,3030,154.233134095123,73,70
55,7886,2849.09559443706,87,32
7,8058,465.03179448018,72,65
39,5326,1065.43787663446,81,42
65,4399,2179.85566939538,68,3
41,3680,795.645787276207,78,37
35,2409,411.753635831859,84,49
44,9241,2241.49343900818,68,24
2,3988,197.728599845942,74,72
92,2235,1897.06322128328,95,3
6,1072,59.814409012603,88,82
62,5118,2319.94164289716,92,30
15,4620,358.289923385853,88,73
0,2399,155.052583411451,66,66
72,2054,1225.92674156582,74,2
91,9237,7739.58369712056,95,4
59,3851,1588.74234514217,67,8
28,2338,302.45804837722,89,61
99,1568,1493.33333333333,99,0
97,2971,2736.89068181144,98,1
7,8620,497.465136314117,79,72
23,3003,318.394095744412,84,61
65,6585,3263.09379017244,88,23
20,4750,447.385515901494,74,54
73,8227,5029.08445234938,94,21
53,3796,1279.89370343347,67,14
2,9456,468.836920798202,68,66
8,3854,230.312150866585,78,70
49,5607,1638.57981578285,74,25
88,9058,7295.57973530566,89,1
34,1012,166.25548409359,82,48
98,3130,2934.81825384989,98,0
1,4203,203.562970846871,76,75
85,4093,3156.6897315025,93,8
74,3944,2467.54451754605,82,8
1,1231,59.6207511569112,73,72
62,2319,1051.18106093758,75,13
84,9621,7305.0761092805,93,9
89,3876,3164.1807322706,90,1
27,2708,336.627884869081,71,44
35,8884,1518.48040711093,78,43
36,1825,324.515394695032,39,3
79,2895,2012.81080136463,84,5
40,3502,728.372889619543,77,37
90,7968,6590.60552309652,91,1
61,8458,3717.466572658,74,13
19,8581,777.130364486318,82,63
85,9552,7366.89477530219,93,8
62,3958,1794.12446709397,82,20
95,1645,1458.21743380837,98,3
99,5291,5039.04761904762,99,0
91,7150,5990.90867537209,92,1
36,6536,1162.20965464478,82,46
4,2662,139.451051747499,70,66
99,9430,8980.95238095238,99,0
86,1930,1511.01160313094,94,8
6,7525,419.872600578206,68,62
99,1980,1885.71428571429,99,0
13,1977,142.053773456439,77,64
99,8584,8175.23809523809,99,0
73,3791,2317.40113757828,81,8
67,2608,1367.30856886721,72,5
36,1759,312.779495489623,71,35
45,8213,2068.95505423463,68,23
84,2393,1816.96779227817,84,0
49,8040,2349.59545548317,92,43
13,3035,218.07445748118,88,75
76,1116,729.864527015379,91,15
38,6496,1249.6357498358,48,10
17,6579,551.125710902991,85,68
10,1962,126.023724490773,65,55
28,8716,1127.55532491696,84,56
8,6033,360.527557389235,82,74
28,8189,1059.37936619378,80,52
13,4959,356.320011416531,78,65
30,1673,234.400216440362,84,54
24,7834,864.187379677146,91,67
45,1772,446.388451979029,89,44
66,3902,1989.47901399779,86,20
19,8232,745.523500810089,74,55
88,2929,2359.1027870071,90,2
29,6459,869.5852321236,61,32
80,5787,4100.66582770284,80,0
14,6465,482.552943274358,90,76
91,7075,5928.06697598008,97,6
81,8218,5930.7705834862,92,11
8,1383,82.6470432403964,66,58
34,5710,938.062069342292,81,47
78,4707,3208.83356383025,85,7
33,9914,1565.27879004494,73,40
80,2278,1614.18986616676,94,14
29,4177,562.35601712034,79,50
1,4817,233.300697256573,84,83
32,2980,452.157726616058,71,39
43,5050,1179.12792619577,81,38
80,1620,1147.93133590437,93,13
74,4086,2556.3861305003,82,8
39,4567,913.603977204202,65,26
11,5501,366.644529946694,58,47
41,2020,436.74035062444,72,31
29,8802,1185.02697215543,82,53
15,4050,314.085322448637,77,62
0,4824,311.785603325068,65,65
97,1225,1128.47226025547,99,2
33,6401,1010.62634003204,50,17
82,4415,3242.79891874599,88,6
20,3599,338.976941416732,91,71
18,4736,412.46615534668,79,61
78,1432,976.21620212554,79,1
58,1390,555.147280078478,70,12
58,5001,1997.33204868523,93,35
63,6045,2824.39554190179,74,11
8,6662,398.116125862271,68,60
84,4855,3686.32621458859,87,3
55,2268,819.394979480505,73,18
22,6008,612.293884024995,56,34
76,5256,3437.42648207243,84,8
18,2199,191.514585221147,35,17
46,4584,1198.96385259564,69,23
59,9847,4062.41128865617,86,27
84,3679,2793.40765056054,85,1
75,8960,5733.42034916788,78,3
83,7953,5941.16580442949,97,14
30,9843,1379.08029313956,76,46
80,3263,2312.16046238022,90,10
78,4730,3224.51301400405,80,2
74,4571,2859.82403390035,95,21
64,4074,1960.8803546552,64,0
78,4428,3018.63501606976,82,4
34,6386,1049.11810417161,52,18
62,5221,2366.63058178313,84,22
89,6400,5224.65342789778,92,3
5,4969,268.431892897134,84,79
89,4925,4020.53408318697,94,5
24,1536,169.439853865726,89,65
45,9017,2271.49247827026,77,32
67,2071,1085.77302382055,78,11
26,6015,718.482149105403,74,48
81,3970,2865.07169827698,85,4
91,6629,5554.3683369289,92,1
48,7669,2160.50574708272,73,25
56,8665,3238.44145823421,60,4
67,3819,2002.2053008067,75,8
49,7144,2087.74999178753,75,26
71,7228,4209.22070901363,74,3
48,7582,2135.99616304358,76,28
94,4469,3898.92199218803,97,3
53,5759,1941.75654322269,89,36
10,7711,495.295076222402,85,75
10,8469,543.983141035861,82,72
10,1235,79.3268602171789,80,70
48,6230,1755.11159268814,84,36
47,3945,1071.03560490053,85,38
15,3977,308.424031451415,62,47
51,5224,1641.04999007233,62,11
61,5596,2459.55816275646,82,21
46,2709,708.549973098075,63,17
86,6764,5295.5867790558,88,2
50,5338,1617.65291248944,86,36
21,1403,137.447267475143,84,63
32,6451,978.815266577245,83,51
33,2831,446.974405347713,76,43
59,3211,1324.70830180511,80,21
97,9972,9186.22479940211,97,0
75,5244,3355.58664185674,89,14
9,2601,161.082889911144,67,58
75,2440,1561.3332200859,82,7
23,2174,230.49908896049,80,57
24,6736,743.064359140319,68,44
45,1014,255.438990015088,56,11
67,6699,3512.11660385025,83,16
5,6990,377.608961833562,70,65
96,2498,2257.19591606288,98,2
11,8348,556.398570440829,46,35
96,4595,4152.0477319091,98,2
31,8440,1230.60433044166,82,51
51,2078,652.776010599217,78,27
92,5399,4582.65965624538,92,0
84,1198,909.622822878915,97,13
24,3615,398.779343570703,83,59
48,5147,1450.00952930431,84,36
5,2122,114.633221317714,85,80
58,4340,1733.33755074863,81,23
35,7168,1225.17644734029,68,33
37,2997,554.334928884831,64,27
90,4032,3335.00520445848,97,7
65,2130,1055.48819636557,70,5
2,3171,157.221010559549,65,63
87,6192,4918.27551094763,88,1
19,4155,376.293749497804,63,44
23,1104,117.051975258685,80,57
38,9891,1902.73201995472,79,41
81,2734,1973.07456500989,88,7
80,7323,5189.0747980418,90,10
48,6315,1779.05773801374,59,11
85,6343,4891.98215658938,86,1
73,2035,1243.97555129828,80,7
69,4644,2569.42173564055,80,11
73,5905,3609.66861445522,75,2
81,7527,5432.08933826973,83,2
66,4924,2510.55732058563,83,17
58,7990,3191.09839412017,58,0
62,6004,2721.55717545028,93,31
34,6584,1081.64635105948,87,53
40,1275,265.184304473135,72,32
84,3306,2510.19453458906,85,1
14,2830,211.233538973926,57,43
62,6350,2878.39574685365,90,28
61,2682,1178.79467342974,78,17
24,2325,256.476341300659,66,42
94,5097,4446.81257421848,94,0
95,5073,4496.98300407894,98,3
68,9676,5212.98749650969,73,5
72,2667,1591.79484895621,84,12
75,7343,4698.71714552899,76,1
81,6478,4675.04646383835,97,16
36,9110,1619.90972365575,86,50
72,5156,3077.35067162287,93,21
17,8599,720.341995448369,87,70
45,4601,1159.04811938799,71,26
83,5382,4020.53996723746,84,1
65,6856,3397.38360294946,95,30
76,7124,4659.09936420928,82,6
65,1034,512.382532883569,65,0
7,8166,471.264536327271,54,47
16,8008,645.387727570014,81,65
57,5259,2032.3033617797,87,30
53,3899,1314.62211530218,81,28
57,2680,1035.66704878676,60,3
45,3260,821.233833776318,84,39
73,8745,5345.73277449803,79,6
61,4587,2016.08171775624,84,23
55,1654,597.565827187282,57,2
89,5486,4478.50761022613,91,2
4,3752,196.551595100157,84,80
88,5482,4415.36411006244,97,9
54,4047,1412.78184893819,81,27
86,8049,6301.62300186578,86,0
21,3296,322.898213541034,40,19
18,1451,126.37001507771,90,72
58,6111,2440.65109968315,65,7
57,5933,2292.765895691,91,34
8,6215,371.40374095377,80,72
1,5225,253.061271157483,83,82
74,5860,3666.2806472667,86,12
30,5249,735.425425042115,83,53
52,9721,3164.31496809486,83,31
78,7901,5386.23199231417,90,12
59,4631,1910.5338354592,83,24
31,6229,908.226821602028,73,42
50,1143,346.380157170369,57,7
57,1517,586.233922764747,83,26
74,8704,5445.61548699818,77,3
60,3695,1573.83412978711,72,12
94,3623,3160.84009346548,97,3
44,6309,1530.30863615438,77,33
71,2707,1576.41954334531,76,5
88,2351,1893.56457912382,96,8
25,8127,932.84529343336,81,56
76,3147,2058.1394861267,78,2
5,2444,132.028083364982,55,50
35,8066,1378.66534936479,56,21
95,4805,4259.41323370773,96,1
69,5850,3236.67466698906,75,6
33,4841,764.324654287629,56,23
63,5130,2396.88157650227,69,6
75,1873,1198.51521361512,76,1
29,1640,220.795754866497,82,53
8,2024,120.952722717688,56,48
81,8783,6338.52008210748,89,8
84,3442,2613.45722566713,89,5
43,5357,1250.80956448133,91,48
36,8691,1545.40454536686,72,36
70,4286,2433.66005560707,74,4
61,9430,4144.68074960569,94,33
96,1702,1537.9293231141,96,0
24,5431,599.106670797368,55,31
55,1184,427.761752956313,77,22
75,6157,3939.80681806101,82,7
9,3155,195.392740357424,87,78
33,3927,620.017128152761,75,42
17,5330,446.496433973695,79,62
57,8930,3450.93535286038,87,30
23,5386,571.052480745722,89,66
52,7448,2424.42319538839,55,3
65,3437,1703.15161075515,66,1
56,3860,1442.62943205817,78,22
80,9880,7000.96394983654,83,3
70,4105,2330.88533090691,88,18
12,1785,123.507440161678,74,62
13,6883,494.565565351882,82,69
12,6429,444.834360111723,70,58
59,5050,2083.39362320642,78,19
25,7551,866.730012392679,82,57
61,6903,3034.01179369333,79,18
35,3495,597.376071910481,51,16
47,4361,1183.97624156431,86,39
11,2276,151.696591557658,84,73
75,3472,2221.70038530255,85,10
91,7797,6533.02306879387,97,6
56,9639,3602.46246000226,64,8
21,7300,715.15684431115,90,69
99,6040,5752.38095238095,99,0
27,3202,398.036369036484,85,58
79,9862,6856.7668818853,93,14
65,1813,898.403802821963,80,15
4,6698,350.880219611101,67,63
65,4368,2164.49410409616,89,24
51,8703,2733.93148231231,57,6
31,4105,598.534452187562,75,44
13,9727,698.916061917442,42,29
0,5221,337.444576069689,79,79
32,6528,990.498536694505,64,32
53,4339,1462.97649610059,78,25
28,8676,1122.38067909357,73,45
64,6032,2903.29658794309,83,19
42,2104,472.785907345283,89,47
89,2089,1705.35953294976,98,9
79,2246,1561.57964071328,94,15
73,8703,5320.05858621571,74,1
40,5377,1118.34980796239,42,2
69,7172,3968.10781395651,74,5
71,6025,3508.65450633746,73,2
55,2656,959.573662037135,85,30
95,3412,3024.58230039766,98,3
51,8182,2570.26627465005,76,25
51,8486,2665.76382384262,79,28
68,4486,2416.85220228839,90,22
14,5080,379.175398582171,60,46
78,4795,3268.82450362567,92,14
11,2784,185.555057511652,73,62
23,3257,345.324532081102,90,67
19,7447,674.430698558398,75,56
68,5678,3059.04743749298,79,11
2,1896,94.0053724443096,80,78
68,9796,5277.63802354371,74,6
79,5885,4091.67238895711,83,4
91,7412,6210.43567858153,92,1
30,1090,152.717415373577,75,45
74,7862,4918.82226088921,83,9
53,2517,848.654491976302,75,22
96,1300,1174.68162165002,97,1
67,8162,4279.13057480605,80,13
56,9893,3697.39196149002,60,4
59,5783,2385.79511346589,62,3
9,8388,519.478385457392,80,71
81,2366,1707.49613050965,90,9
67,7628,3999.16785403339,74,7
25,2307,264.805474584811,85,60
10,7735,496.83665083391,81,71
89,4778,3900.53032476494,98,9
19,6246,565.663239317276,82,63
83,3709,2770.75115913856,83,0
51,7059,2217.49078865249,81,30
29,2589,348.561103261805,82,53
88,1492,1201.70070270215,93,5
65,5921,2934.05897215049,82,17
84,3766,2859.46540147078,96,12
91,4025,3372.50453403814,97,6
48,6314,1778.77601865697,81,33
22,9664,984.888164982948,74,52
81,1256,906.430743837754,81,0
12,4202,290.744125243344,85,73
14,1956,145.997456619435,74,60
17,4487,375.877954829263,48,31
72,3477,2075.24210341985,90,18
41,3212,694.460399111733,65,24
33,2149,339.296360682527,65,32
58,9987,3988.673299384,59,1
4,7887,413.166959103129,53,49
54,2983,1041.34624546148,75,21
6,2693,150.261383834832,75,69
9,6635,410.913100561492,63,54
7,2633,151.951937809173,84,77
90,8898,7359.84035448204,91,1
58,6189,2471.80324921273,89,31
14,7312,545.773723313551,44,30
50,6409,1942.21384716089,76,26
7,9264,534.63074510603,56,49
96,7988,7217.96676441564,98,2
93,5762,4956.20847384134,96,3
71,6014,3502.24866408522,78,7
59,5028,2074.31745296671,72,13
54,3461,1208.21299213617,72,18
12,1216,84.137281365042,84,72
52,5733,1866.16785434501,66,14
10,2641,169.637439541352,44,34
46,8541,2233.93330388729,83,37
74,4691,2934.90145329831,93,19
99,5753,5479.04761904762,99,0
10,6928,445.001204521956,79,69
92,9710,8241.82723877433,92,0
52,6393,2081.00664448415,68,16
81,9499,6855.24334053728,92,11
56,7351,2747.3494702227,68,12
34,4953,813.699024422482,69,35
91,5174,4335.23936872381,94,3
31,6322,921.786798228933,83,52
50,6193,1876.75617966413,89,39
23,1929,204.522880682974,54,31
36,8143,1447.96101863104,84,48
55,2643,954.876953600959,73,18
76,1272,831.888600684196,81,5
37,3310,612.228433302899,72,35
0,2088,134.951977558611,38,38
56,4377,1635.85207878721,85,29
27,4479,556.778543695943,59,32
47,1067,289.681873365998,61,14
28,1956,253.040180763833,78,50
25,2955,339.185165755578,47,22
34,4001,657.30058484037,80,46
23,7256,769.31986637411,55,32
16,6472,521.597074529611,76,60
6,9476,528.732593100211,79,73
65,2775,1375.10786146219,78,13
37,6862,1269.21797864788,64,27
65,1564,775.015746063734,65,0
99,3609,3437.14285714286,99,0
56,2644,988.163787140364,59,3
68,4770,2569.85844960224,80,12
67,5944,3116.28916155932,71,4
64,4548,2189.02401889343,71,7
42,9147,2055.4052730453,80,38
3,3462,176.22280865918,74,71
59,8538,3522.37915939335,71,12
34,7993,1313.12261300402,50,16
94,3323,2899.10892370571,94,0
1,2073,100.401151217122,74,73
45,4676,1177.94153580922,79,34
82,3810,2798.42896498804,93,11
64,1238,595.868895204501,77,13
95,3938,3490.85729746952,95,0
2,3189,158.113466627059,60,58
63,1382,645.709617685406,76,13
44,2241,543.576106137574,79,35
35,1658,283.390422668835,81,46
57,2656,1026.39241849912,83,26
90,7831,6477.28813395694,91,1
27,7002,870.409324170349,74,47
96,3703,3346.0354192077,96,0
46,3646,953.626135812323,76,30
96,1054,952.395714783936,97,1
21,2060,201.811383463147,53,32
22,6111,622.790932968832,68,46
25,3498,401.512592153303,84,59
80,8796,6232.8419942067,82,2
21,3412,334.262349697212,55,34
36,6112,1086.81539308276,91,55
41,5831,1260.70939826293,64,23
85,5582,4305.06769637111,92,7
21,1359,133.136733071076,78,57
38,5938,1142.29327009313,82,44
86,9849,7710.85662136614,88,2
59,2347,968.262343300094,62,3
44,2082,505.009126719513,85,41
37,3103,573.941035812356,57,20
27,7958,989.248414988238,88,61
44,9215,2235.18688891466,78,34
90,3222,2665.02648034852,92,2
53,2602,877.313860994174,70,17
44,4026,976.545026019578,59,15
2,6075,301.203922784378,57,55
67,5284,2770.26782127851,79,12
18,6558,571.147180482164,59,41
60,1500,638.904247545513,70,10
42,4734,1063.76829152689,48,6
55,1213,438.239025621628,92,37
66,3501,1785.02460994523,84,18
47,1509,409.681299821266,88,41
43,7790,1818.89238516139,70,27
52,7531,2451.44080081498,68,16
18,2138,186.201993270947,75,57
18,9444,822.493743896548,83,65
15,3139,243.435512880561,67,52
29,3335,448.996245414492,78,49
2,2421,120.035341079997,50,48
58,6996,2794.1081808842,64,6
29,1207,162.500290319428,89,60
14,7315,545.997645793028,87,73
46,3597,940.80998642812,76,30
90,5155,4263.87694171217,97,7
56,1099,410.738276122262,58,2
35,2429,415.172096901447,60,25
71,7183,4183.01499070904,78,7
20,1562,147.119194913291,77,57
91,4703,3940.59349654195,91,0
34,8587,1410.70735366765,80,46
10,2576,165.462341635184,69,59
6,3118,173.975118751209,66,60
22,9948,1013.83148440091,75,53
0,7615,492.173998615338,87,87
91,1286,1077.52567224175,91,0
97,7735,7125.49627189885,98,1
61,3658,1607.76693341014,74,13
40,7921,1647.47049076996,71,31
29,8047,1083.38014598214,60,31
90,3992,3301.91983536663,95,5
7,6445,371.944640782422,68,61
70,2358,1338.91050189488,86,16
8,3514,209.994005746025,68,60
24,2012,221.948558579323,67,43
64,2587,1245.16383836352,80,16
85,9952,7675.39120642874,93,8
31,3589,523.298452838285,58,27
9,7480,463.244912162767,50,41
74,2022,1265.05451685551,88,14
27,2099,260.923903375259,74,47
99,7527,7168.57142857143,99,0
14,8731,651.689056106484,77,63
21,9935,973.299075100175,66,45
58,4710,1881.11056774794,75,17
96,4978,4498.12700967214,96,0
85,5414,4175.49919529795,89,4
80,6960,4931.85314684841,87,7
25,2534,290.861323189385,90,65
50,9965,3019.84100280204,80,30
25,6437,738.861222324417,81,56
14,9402,701.773050682987,82,68
17,8530,714.5618352337,80,63
76,1097,717.438518042895,82,6
33,2460,388.39881213542,77,44
73,5298,3238.61546475593,80,7
96,7975,7206.21994819914,97,1
27,6191,769.59499085099,85,58
82,2917,2142.52422332549,85,3
29,3051,410.760882986392,75,46
30,2171,304.173861262418,92,62
33,7818,1234.35037124988,73,40
97,7225,6655.68333089453,99,2
78,8012,5461.9023822834,86,8
53,4959,1672.02130540742,71,18
56,1784,666.748939583362,77,21
26,5192,620.176112744015,27,1
60,2539,1081.45192301204,88,28
40,3588,746.259830940868,84,44
16,3943,317.777698527543,90,74
25,1096,125.80268753574,67,42
39,3858,771.772310937993,75,36
87,3448,2738.72964498505,89,2
34,6433,1056.8394557056,66,32
26,5255,627.701362186017,71,45
30,8254,1156.4491252234,79,49
25,2530,290.402189293269,29,4
45,6312,1590.06992601108,67,22
61,2313,1016.61151366256,67,6
38,2222,427.446218616863,64,26
34,1591,261.37596362935,88,54
9,6343,392.829208268507,65,56
11,5320,354.580785187495,50,39
53,5357,1806.21458622052,87,34
39,1678,335.674944985472,85,46
39,6945,1389.31018648636,61,22
36,7512,1335.75870956114,91,55
28,2581,333.894021754322,78,50
43,4538,1059.58069882701,87,44
73,6783,4146.38140759521,91,18
37,8539,1579.40138730316,38,1
1,3156,152.853851057036,70,69
55,4843,1749.70453510762,85,30
59,2879,1187.74064182402,62,3
36,3090,549.453462798712,43,7
45,2254,567.810141512828,69,24
92,1435,1218.02493178591,93,1
17,1674,140.23171303414,65,48
83,8142,6082.35533505154,91,8
14,3343,249.524282964606,84,70
80,5117,3625.90410235967,81,1
66,1269,647.014061702511,71,5
26,2416,288.587343680574,83,57
91,1064,891.514242041386,95,4
47,4671,1268.13873523203,81,34
92,1269,1077.1244867152,95,3
35,4348,743.173436528403,36,1
8,6494,388.0765718027,68,60
75,9676,6191.58206457014,92,17
86,7354,5757.50224322536,90,4
34,1676,275.34011002061,80,46
39,1808,361.680751211999,68,29
74,1587,992.898871537927,83,9
87,7399,5876.98974572053,91,4
77,3522,2352.51840740225,90,13
27,1442,179.253105606062,54,27
31,8407,1225.79272583212,78,47
91,2865,2400.55291677497,93,2
41,1515,327.55526296833,90,49
78,9047,6167.47764010458,83,5
90,6979,5772.56977230053,97,7
75,9401,6015.61213197849,83,8
3,1099,55.9413248747657,12,9
25,4147,476.007066798098,75,50
52,6915,2250.92459668511,56,4
1,9833,476.239517567756,66,65
89,2011,1641.68406929726,90,1
35,7532,1287.39243880679,79,44
31,3878,565.436444721892,74,43
53,6797,2291.73801428801,79,26
60,6633,2825.23458264626,65,5
34,3373,554.130185620237,46,12
54,1512,527.82954178269,89,35
74,1951,1220.63371037838,74,0
58,4802,1917.85412873155,87,29
88,4485,3612.35097293507,88,0
20,1003,94.4689836735155,80,60
52,8356,2719.98928848891,77,25
91,1035,867.215451609806,93,2
97,2694,2481.71777071693,98,1
5,1001,54.0753320165087,70,65
74,6105,3819.56371187085,89,15
33,7258,1145.93438149548,57,24
8,2154,128.721425263784,86,78
9,7333,454.141034878285,88,79
27,5015,623.407992104299,66,39
71,9054,5272.59052288453,90,19
80,7534,5338.58931154539,81,1
48,4095,1153.64076598041,74,26
90,4632,3831.28574083623,95,5
46,6315,1651.71394614778,73,27
28,9050,1170.76361754227,77,49
66,9858,5026.21325473866,73,7
30,7370,1032.59390027822,71,41
95,9281,8227.18298065378,97,2
50,8723,2643.45941469565,84,34
73,7037,4301.64911768355,80,7
18,2564,223.303045251032,63,45
95,2970,2632.76947015857,96,1
49,2690,786.120867568373,76,27
0,2463,159.189042493707,77,77
88,9495,7647.55239420702,92,4
89,1477,1205.75204890704,95,6
12,4725,326.931459251499,84,72
89,8330,6800.21297724821,92,3
53,7562,2549.67233544886,89,36
12,6419,444.142441679444,69,57
30,6265,877.774869096752,72,42
85,6051,4666.77976186699,85,0
73,1155,706.040177763891,78,5
17,4359,365.155338778863,45,28
51,6739,2116.96705266031,66,15
91,1484,1243.42775863667,94,3
79,3105,2158.81780249989,92,13
44,7502,1819.68226159932,84,40
52,5574,1814.41123672058,62,10
2,4080,202.290041968767,44,42
67,2819,1477.93054280547,92,25
77,6524,4357.70303517669,96,19
91,5001,4190.28451545956,93,2
59,9185,3789.3010750794,60,1
34,2853,468.702466520764,88,54
5,2156,116.469945881711,72,67
72,1116,666.082883927681,84,12
95,2238,1983.88487347303,95,0
26,2525,301.607219699275,82,56
9,1250,77.4139224870934,80,71
27,2602,323.451165594294,88,61
53,2511,846.631477692687,91,38
87,5032,3996.8931477856,87,0
22,1876,191.188969112998,81,59
38,1275,245.271795110936,73,35
32,3816,579.004659317744,80,48
38,7385,1420.65271128962,90,52
10,6794,436.394079607703,27,17
81,6573,4743.60611404901,85,4
62,7716,3497.59080042878,75,13
88,6744,5431.81604492176,90,2
11,1649,109.906713303417,68,57
69,3015,1668.13232837129,79,10
15,5570,431.964258281212,70,55
6,1582,88.2708909122555,75,69
41,3907,844.725024697865,74,33
21,3952,387.164362838036,70,49
60,5220,2223.38678145838,83,23
15,6491,503.389587163977,82,67
81,9020,6509.55836736986,86,5
36,8023,1426.62302007575,71,35
50,1116,338.197948733274,87,37
37,8596,1589.94429385853,71,34
23,6092,645.906370720931,89,66
76,3239,2118.30752957241,82,6
16,6055,487.989846458096,73,57
36,7971,1417.37655403513,69,33
0,4741,306.421132952767,70,70
25,7648,877.864009373488,79,54
68,1156,622.800077094378,93,25
15,6626,513.859097912264,74,59
8,6017,359.571409383561,81,73
44,2061,499.915374720902,74,30
77,2228,1488.19165578995,77,0
92,6317,5361.85609344361,93,1
58,3805,1519.66575589828,69,11
10,2181,140.090592820783,85,75
18,2589,225.480337033901,79,61
83,2240,1673.35739996505,89,6
39,5014,1003.0239416908,84,45
76,7294,4770.27944448941,80,4
32,1701,258.094058044938,88,56
50,4736,1435.21996881791,68,18
60,3750,1597.26061886378,78,18
82,9461,6949.06468182464,82,0
86,8642,6765.88718873451,96,10
36,1528,271.70384827069,77,41
35,8343,1426.01103517858,78,43
32,9502,1441.7458786261,77,45
52,2424,789.044283783762,67,15
3,4997,254.357416195818,84,81
42,3113,699.516411390621,83,41
43,7392,1725.96309513646,90,47
49,5463,1596.49750911748,85,36
98,2635,2470.68565459887,98,0
45,1697,427.495035557795,74,29
87,3664,2910.29739536694,94,7
50,1623,491.841640496508,85,35
51,2021,634.87022012561,72,21
65,5466,2708.59083630714,79,14
19,2218,200.871127890765,66,47
78,2678,1825.63337241075,87,9
45,7169,1805.95869765105,82,37
70,8663,4918.9913816435,85,15
94,7106,6199.5389743764,94,0
76,4728,3092.11423273182,88,12
97,3806,3506.09422247537,98,1
84,4288,3255.81190693221,85,1
57,6237,2410.24454600114,68,11
22,3409,347.421746112052,79,57
31,7580,1105.21099819287,84,53
64,4115,1980.61430029606,88,24
66,2346,1196.13474291103,73,7
40,3201,665.768594994905,91,51
18,8612,750.033473362671,88,70
56,4198,1568.95294191197,58,2
28,9494,1228.20218618192,69,41
5,4790,258.762078280796,89,84
39,8573,1714.98289830778,71,32
75,3639,2328.56212618548,76,1
75,4286,2742.57138577383,87,12
60,3903,1662.42885211342,67,7
15,7190,557.598387260667,89,74
89,5016,4094.82212411489,94,5
73,1682,1028.19011168733,84,11
90,1351,1117.45834107723,90,0
6,1446,80.6824957390148,27,21
19,6355,575.534723961141,19,0
81,2248,1622.33782814273,86,5
78,6511,4438.64782963645,87,9
81,4877,3519.63593765663,83,2
30,2359,330.514112721347,86,56
7,9277,535.380982550587,75,68
13,3843,276.131841878146,66,53
55,7344,2653.27898117497,65,10
42,5051,1135.00076901189,84,42
68,6527,3516.44991625866,74,6
35,5375,918.711412451741,75,40
42,5719,1285.1058004314,82,40
2,2256,111.854493794495,89,87
24,7914,873.012372065986,71,47
38,7934,1526.26386071386,60,22
17,4371,366.160584033588,49,32
45,4148,1044.93188420373,67,22
94,3684,3214.05876464996,95,1
78,7193,4903.57761305099,79,1
79,6039,4198.74418978963,84,5
91,9399,7875.32176780731,96,5
51,7649,2402.83142688807,68,17
9,7568,468.694852305859,64,55
55,9275,3350.92082657923,87,32
81,1315,949.009895021215,84,3
78,2993,2040.37366826937,81,3
24,3637,401.206216477634,85,61
30,8706,1219.77781490125,82,52
69,3121,1726.77976678169,75,6
82,6305,4630.99596436998,85,3
33,8571,1353.23830033036,68,35
77,7693,5138.53608976307,92,15
26,1389,165.913832935562,69,43
85,5691,4389.13297385309,97,12
31,7634,1113.08453300849,91,60
72,5477,3268.93902802143,88,16
78,1910,1302.07607965069,94,16
64,4445,2139.44849691761,80,16
28,5900,763.260258950212,67,39
82,1550,1138.46847656994,83,1
45,1829,460.747448459167,77,32
98,1672,1567.73677969234,98,0
50,1418,429.71746532597,80,30
14,6635,495.241883778092,73,59
9,8334,516.134104005949,77,68
10,7558,485.467538074039,55,45
23,7263,770.062043753467,84,61
38,9797,1884.64923662889,82,44
23,1184,125.534002451343,65,42
36,6285,1117.5776743333,87,51
81,4065,2933.63134848764,83,2
70,1992,1131.08978786031,75,5
77,2156,1440.09928630303,86,9
52,2105,685.205535216509,70,18
5,1975,106.692088643961,86,81
16,2643,213.006963532411,54,38
77,2438,1628.4610667935,82,5
41,6570,1420.48718000127,70,29
99,7909,7532.38095238095,99,0
5,5338,288.365756547576,74,69
31,1089,158.782952115044,39,8
89,1547,1262.89669577467,98,9
29,8338,1122.55792931515,82,53
55,3986,1440.08306358434,90,35
72,4656,2778.92644047248,80,8
65,6090,3017.80427974945,76,11
54,5988,2090.37255039335,89,35
44,1546,374.997170945422,92,48
91,4085,3422.77789355175,92,1
40,6546,1361.48741731854,66,26
59,3908,1612.25787712687,92,33
82,7590,5574.82305623602,82,0
73,8707,5322.5037470045,83,10
51,1582,496.964219811339,65,14
88,5765,4643.30063745166,93,5
86,3344,2618.04290200512,89,3
29,5357,721.221255377942,62,33
17,2465,206.494129408097,81,64
85,1501,1157.63285780241,85,0
5,8253,445.837877254991,70,65
42,9304,2090.6844495915,83,41
8,2069,123.641888983644,18,10
87,3240,2573.51625572841,90,3
21,5270,516.28446157805,70,49
11,6718,447.75821708451,57,46
28,1416,183.182462148051,75,47
75,7494,4795.3406357884,78,3
13,4116,295.747765071676,39,26
93,7030,6046.88399359677,94,1
33,7731,1220.61431569875,86,53
31,1387,202.233199801254,38,7
89,3382,2760.90279580474,96,7
19,4814,435.975477757503,80,61
33,6161,972.733772994439,71,38
60,2563,1091.67439097277,81,21
44,6243,1514.2997013016,78,34
74,2473,1547.22048475948,91,17
50,8165,2474.36044032902,76,26
34,6448,1059.30371683347,68,34
79,8311,5778.40088778633,89,10
45,1083,272.820933122623,64,19
4,3766,197.284996574411,69,65
30,9747,1365.62995196904,87,57
85,3971,3062.5983200089,93,8
3,5901,300.372846302086,85,82
70,1964,1115.1909354205,78,8
81,6614,4773.19501571887,81,0
72,3976,2373.06948610794,94,22
61,1021,448.750694098347,78,17
33,2099,331.402075883027,81,48
90,8935,7390.444320892,96,6
39,1515,303.067664870674,72,33
42,8141,1829.34889339256,56,14
57,5819,2248.7114018247,82,25
51,9526,2992.4659658172,89,38
36,2306,410.045205570819,68,32
7,6743,389.142391434581,85,78
47,3253,883.163199680966,69,22
43,6647,1552.01253968777,60,17
92,3747,3180.44558843331,93,1
0,1680,108.582050909228,24,24
55,5224,1887.354220814,93,38
10,2848,182.933520565608,60,50
21,6908,676.753901438552,83,62
93,5032,4328.29591120611,93,0
7,4642,267.892478279597,69,62
72,4430,2644.0386879925,76,4
68,8812,4747.50370186476,87,19
26,7984,953.676056268917,82,56
3,2012,102.414873201118,64,61
3,8255,420.196211866416,81,78
44,3974,963.931925832539,78,34
34,4794,787.577856467066,84,50
79,7628,5303.53049837975,89,10
81,4823,3480.66518911583,86,5
86,3511,2748.78846559209,86,0
37,7771,1437.34959371505,49,12
19,5310,480.895261091056,59,40
93,9842,8465.63759103548,98,5
17,1797,150.535476895071,41,24
87,9537,7575.19275644502,90,3
2,5565,275.917667538282,65,63
41,2705,584.842895266886,69,28
4,5874,307.714304269276,79,75
71,6058,3527.87203309416,89,18
9,3730,231.003144701487,57,48
87,5892,4679.98696875055,91,4
49,3278,957.956953118635,63,14
40,5068,1054.08161181949,72,32
5,9617,519.522945057706,82,77
47,5931,1610.21854820406,88,41
41,4323,934.667591955175,70,29
39,4811,962.41487504476,75,36
50,6991,2118.58589569383,78,28
97,5245,4831.70367758364,99,2
73,1039,635.130514888903,75,2
37,5290,978.455713647232,74,37
2,8289,410.976019088018,50,48
95,4629,4103.39726510574,97,2
76,2258,1476.73306630889,77,1
71,6697,3899.99323301941,86,15
82,8304,6099.25305124953,87,5
53,5134,1731.02588867951,83,30
3,9599,488.608532732371,77,74
36,3500,622.358291195953,77,41
42,2846,639.519340448991,75,33
99,2557,2435.23809523809,99,0
71,3058,1780.82414612115,82,11
1,7394,358.111969174819,85,84
94,2442,2130.49172184452,95,1
83,5331,3982.44120500611,87,4
60,4310,1835.78487128077,84,24
94,8280,7223.78028536962,96,2
31,5156,751.776768691613,73,42
34,7852,1289.95855840205,74,40
28,4809,622.121794117215,69,41
74,6329,3959.70822808036,74,0
22,4572,465.946677390525,35,13
73,2688,1643.14805006869,84,11
56,1691,631.991287463826,68,12
71,8053,4689.65887793121,87,16
96,3932,3552.96010486759,96,0
48,2908,819.239889492315,79,31
43,6511,1520.25780741795,51,8
22,8671,883.688460116633,69,47
55,8096,2924.96549994452,66,11
94,4308,3758.45959775028,95,1
97,7056,6500.00021907153,98,1
61,1510,663.676344846722,92,31
36,5224,928.914203773616,74,38
84,6801,5163.89383839691,87,3
77,7505,5012.96156943609,86,9
18,3072,267.545614278928,81,63
95,8872,7864.62314452756,95,0
43,4806,1122.15620065284,83,40
79,1785,1241.05950964969,93,14
51,1461,458.953682139296,89,38
94,6046,5274.75550789188,96,2
70,2279,1294.05302536829,91,21
85,3906,3012.46764995083,96,11
81,8346,6023.14569113845,92,11
45,4986,1256.03432368366,77,32
9,1261,78.0951650049799,71,62
26,3587,428.461424578733,75,49
37,8782,1624.34746261815,75,38
28,2745,355.110069630226,69,41
83,9891,7388.91876922069,85,2
24,2494,275.119137722084,87,63
77,4109,2744.60480863596,89,12
52,3621,1178.68372589975,81,29
2,6105,302.69134956356,68,66
15,1634,126.719856020018,75,60
56,5693,2127.69154318839,93,37
43,7515,1754.68244858637,57,14
40,8868,1844.43483299432,63,23
14,1987,148.311322240704,54,40
94,3280,2861.59412270681,95,1
79,8268,5748.5042161253,85,6
56,6660,2489.0963775926,74,18
26,3392,405.16898582968,57,31
11,9875,658.173919873405,77,66
50,3766,1141.26655459633,83,33
10,5912,379.741212634787,60,50
0,8655,559.391458702003,71,71
80,2446,1733.23459729759,93,13
11,7497,499.678974915536,62,51
31,3514,512.362987816588,91,60
94,6775,5910.76225040812,94,0
30,3927,550.203018506456,72,42
59,4302,1774.80383505624,74,15
93,6034,5190.17041498761,97,4
45,4549,1145.9486840026,65,20
90,2785,2303.56882302006,90,0
9,3120,193.225150527785,89,80
30,7776,1089.47763481187,59,29
62,2986,1353.52593702441,94,32
25,3439,394.740367185594,59,34
3,6997,356.16146510349,66,63
91,5295,4436.62397707626,96,5
44,4779,1159.19241911266,81,37
13,9686,695.970080778487,81,68
19,7154,647.895423323053,57,38
55,4820,1741.39497402823,77,22
81,7928,5721.48323021156,85,4
95,6880,6098.8060453505,96,1
13,9279,666.725828984471,84,71
44,3305,801.659540733906,45,1
11,1167,77.7811609612419,60,49
75,3501,2240.25721455767,80,5
45,6176,1555.80986423391,73,28
62,4026,1824.94823257209,66,4
87,1641,1303.438325818,95,8
86,6328,4954.23908011016,89,3
71,7298,4249.98515970967,79,8
30,6688,937.040434879342,70,40
19,9011,816.072918585971,34,15
26,9664,1154.3493747223,85,59
14,8947,667.811474628876,73,59
0,8187,529.143601663004,75,75
33,4614,728.484601297897,72,39
51,2085,654.974967324046,85,34
15,3126,242.427337771467,54,39
92,2948,2502.25609679781,96,4
80,4869,3450.17140402369,87,7
37,5623,1040.04848352332,87,50
11,6723,448.091469702167,38,27
62,1967,891.622745521436,91,29
52,3058,995.419727644696,80,28
33,1066,168.306151925349,69,36
42,1294,290.772321342584,75,33
21,4183,409.794668459389,80,59
40,8515,1771.01517850097,91,51
40,2387,496.466615511665,70,30
37,8544,1580.32620366767,91,54
10,2208,141.82486425873,90,80
50,6820,2066.7652422589,84,34
53,2897,976.778729938556,80,27
73,4772,2917.07682102969,75,2
88,2144,1726.84068806528,90,2
50,1210,366.684155884643,90,40
18,7188,626.01493341046,49,31
65,3259,1614.94649387577,72,7
54,6345,2214.99896998093,54,0
30,2971,416.260037683392,83,53
77,1434,957.839692281326,87,10
54,6339,2212.90440830719,66,12
12,2136,147.793777134646,76,64
54,4319,1507.73531148111,57,3
76,3379,2209.86759568545,83,7
57,2303,889.978064685044,74,17
6,2663,148.587473134852,54,48
35,3197,546.441001973621,40,5
75,2824,1807.05123505023,80,5
42,4291,964.222589552572,86,44
80,5687,4029.8058686964,87,7
25,5772,662.530212095159,76,51
49,4125,1205.48274301842,82,33
51,3035,953.40480855083,89,38
13,8619,619.302717967147,75,62
70,5586,3171.8210617408,86,16
37,8216,1519.65825015608,73,36
26,7061,843.425179523399,79,53
45,3688,929.052263486828,82,37
68,2576,1387.8313136636,74,6
34,8432,1385.243322013,60,26
95,8761,7766.22670978426,98,3
1,7572,366.733003866882,76,75
7,5909,341.0117738376,61,54
90,4003,3311.01831186689,93,3
48,4522,1273.93493132196,81,33
73,5089,3110.85581354151,85,12
83,6768,5055.92985846584,86,3
58,5783,2309.65231704593,88,30
27,5320,661.322137187412,83,56
70,8247,4682.7798596807,88,18
87,7953,6317.02925364446,87,0
77,3496,2335.15171842086,93,16
42,9627,2163.26517586171,75,33
28,1813,234.540821945209,72,44
98,6112,5730.86554873179,98,0
61,9134,4014.58260518541,74,13
4,2951,154.590553608892,63,59
29,6947,935.285432352168,70,41
92,3354,2846.86802871772,92,0
30,7536,1055.85178188557,61,31
11,6551,436.627579654752,83,72
11,9993,666.03868165012,51,40
85,5952,4590.42689516317,85,0
67,5443,2853.6275078007,76,9
8,4891,292.282493484294,76,68
83,1207,901.670706141883,83,0
10,4168,267.720124198544,87,77
10,2175,139.705199167906,81,71
35,2346,400.985483462657,71,36
39,4550,910.203217928426,60,21
57,6392,2470.14319994216,86,29
20,5152,485.248458510421,82,62
96,4135,3736.39115809448,98,2
22,3379,344.364353215789,76,54
51,5725,1798.43246423509,62,11
0,5958,385.078487688796,85,85
94,7037,6139.34080533165,97,3
41,4625,999.962436454473,67,26
3,8048,409.659492804472,39,36
8,1614,96.4514300723064,72,64
98,5937,5566.7782661683,98,0
4,1289,67.5253214509868,38,34
44,8274,2006.93828745305,93,49
73,7024,4293.70234511997,81,8
78,8111,5529.39218955325,94,16
94,7346,6408.92391018421,95,1
78,3184,2170.58127623444,79,1
98,4290,4022.48252684218,98,0
95,6877,6096.14668224933,99,4
42,4497,1010.51246451128,71,29
85,2789,2150.99136602992,96,11
75,6346,4060.74615355127,78,3
27,2402,298.589431113565,89,62
50,4387,1329.45734864953,85,35
35,5127,876.322495188851,90,55
15,7081,549.145226730568,60,45
72,3198,1908.72138243793,86,14
60,7375,3141.27921709877,73,13
52,9107,2964.44979060178,83,31
24,2969,327.51753003082,57,33
37,3237,598.726114381113,82,45
55,3522,1272.4467009393,65,10
66,7649,3899.92951770095,74,8
38,5239,1007.82661536172,82,44
22,2539,258.757352120416,86,64
56,7553,2822.84458557911,86,30
6,3678,205.221451817494,83,77
10,2256,144.908013481745,50,40
95,2744,2432.43078320375,96,1
73,5841,3570.54604183453,79,6
33,5278,833.320703435262,87,54
35,7894,1349.26658416633,89,54
27,2342,291.130910769346,82,55
42,4197,943.100025251024,78,36
75,6554,4193.84341165695,84,9
54,9324,3254.94884099325,67,13
63,5194,2426.78419266136,80,17
66,4146,2113.88518504225,86,20
90,6587,5448.3331552004,91,1
83,9866,7370.24290538179,83,0
85,2894,2231.97167920064,87,2
3,9174,466.975172339491,83,80
45,7616,1918.56345952161,76,31
71,5122,2982.79309235858,78,7
55,6499,2347.99293282355,84,29
97,2235,2058.88612381305,97,0
83,7275,5434.67637711864,89,6
64,8428,4056.52911856505,67,3
45,8693,2189.87291933053,55,10
25,6689,767.786657779715,39,14
94,6342,5532.99692872152,97,3
50,7127,2159.79998263624,55,5
36,2979,529.715814135069,64,28
53,4201,1416.44716757745,90,37
96,7294,6590.86749870401,98,2
75,8501,5439.71053440582,85,10
31,6498,947.448689479849,66,35
7,5417,312.618172089741,63,56
81,8821,6365.94394219174,87,6
46,7900,2066.27714561639,69,23
26,2818,336.605602024775,52,26
62,4081,1849.87921935586,69,7
1,2950,142.876698548244,66,65
84,7660,5816.11921807386,93,9
71,3307,1925.82912073991,72,1
59,8150,3362.30852062027,86,27
40,2290,476.291809602728,92,52
7,6144,354.573758412289,82,75
29,1257,169.231868211699,74,45
4,5698,298.494400021507,65,61
3,6456,328.623469873965,76,73
63,1225,572.354762420132,85,22
4,8654,453.346882728347,75,71
33,7292,1151.30249515914,82,49
57,5353,2068.62899707297,88,31
42,4231,950.74010170052,78,36
49,9239,2699.98910612052,85,36
33,7151,1129.04061202455,71,38
77,8397,5608.77259141304,89,12
2,2463,122.117738570852,26,24
40,3709,771.426341404593,79,39
48,2649,746.274576088426,71,23
22,8928,909.880125927955,54,32
93,8912,7665.69418932211,96,3
91,6560,5496.55397348824,94,3
65,9432,4673.88012587797,77,12
81,4062,2931.46630690204,88,7
4,7630,399.703803468603,67,63
93,9549,8213.612411786,97,4
74,8753,5476.27209991901,79,5
3,8372,426.151748727515,81,78
97,2856,2630.95246962419,98,1
97,7117,6556.19353162302,98,1
70,1525,865.919641810727,76,6
7,6577,379.562436373312,75,68
18,6362,554.077212904472,76,58
95,3966,3515.67801974711,96,1
19,4491,406.723280143113,89,70
49,3389,990.395397839857,64,15
21,8265,809.694701127624,60,39
0,3367,217.616527030577,71,71
48,9270,2611.53843727433,79,31
51,4362,1370.2641762434,62,11
34,9625,1581.23422371621,82,48
94,4400,3838.72382314328,96,2
9,6570,406.887576592163,59,50
91,9925,8316.05155287665,91,0
11,1775,118.304679268384,82,71
33,1236,195.14672024365,74,41
72,5118,3054.67043005544,74,2
2,5518,273.58736558423,60,58
66,2052,1046.23550402959,69,3
81,8417,6074.38500866431,89,8
91,7209,6040.34414556048,91,0
43,4855,1133.59724389712,73,30
88,2855,2299.50100952723,94,6
91,1890,1583.61082467878,91,0
99,1903,1812.38095238095,99,0
12,7627,527.726188298664,72,60
9,7276,450.610960012874,81,72
14,4587,342.377471121343,72,58
42,6276,1410.26822932462,92,50
27,3386,420.909164758755,78,51
21,3785,370.803925440781,61,40
26,8936,1067.39093672583,90,64
51,5503,1728.69412239052,84,33
55,9252,3342.61126549984,87,32
73,6949,4247.85558033011,84,11
34,1015,166.748336319164,80,46
35,2846,486.447010202354,58,23
17,4836,405.113837654182,66,49
77,7810,5216.68619017933,88,11
25,6297,722.791535960363,78,53
17,1804,151.121869960328,55,38
28,1542,199.482596491733,86,58
95,1439,1275.60783419468,95,0
49,2574,752.221231643492,83,34
11,4358,290.462981550207,80,69
50,8041,2436.78289046976,81,31
8,9866,589.584763998374,54,46
64,1053,506.825481946962,72,8
35,2139,365.604411392423,81,46
12,1974,136.584698531738,13,1
8,3609,215.671134529711,76,68
38,4268,821.035311006647,51,13
35,7004,1197.14506656967,68,33
14,9749,727.673417475903,85,71
33,9634,1521.07079516774,87,54
86,5689,4453.96114518753,90,4
18,1867,162.600150344648,83,65
62,5042,2285.49155206867,73,11
73,8262,5050.47960925131,78,5
44,1444,350.256089809307,84,40
44,4330,1050.28315018996,72,28
4,1136,59.5102910537789,23,19
21,6870,673.031167180494,77,56
43,1045,243.997758985064,64,21
78,7671,5229.43749057613,93,15
91,1876,1571.8803741256,92,1
49,2738,800.148303123496,87,38
83,6493,4850.49535623799,91,8
70,6488,3683.9912367659,80,10
62,1819,824.535726539651,83,21
5,3630,196.097357862064,78,73
44,8271,2006.21060859611,77,33
76,2930,1916.22138365149,84,8
94,6289,5486.75775539729,94,0
60,3543,1509.0918327025,81,21
8,1381,82.5275247396872,71,63
50,3914,1186.11717862189,85,35
30,4515,632.586358175872,88,58
51,5129,1611.20700594966,71,20
46,5886,1539.50725051874,66,20
51,7901,2481.99386898191,87,36
7,1590,91.7598105266178,81,74
56,6369,2380.33856289598,84,28
79,4324,3006.35368051836,88,9
74,3065,1917.60242045605,84,10
26,3185,380.443166234532,73,47
31,7803,1137.72578085738,48,17
22,4862,495.501475387737,73,51
98,8993,8432.21104053419,98,0
42,9403,2112.93055454739,79,37
37,4616,853.790467711838,86,49
22,3500,356.695837897384,62,40
61,5470,2404.17854722621,71,10
43,1003,234.191150489971,87,44
20,6235,587.252356135961,52,32
87,3411,2709.34072478074,92,5
86,5193,4065.63899225854,91,5
64,1084,521.746270114442,80,16
78,5961,4063.70445591505,81,3
50,6328,1917.6672218496,78,28
91,5948,4983.7657064494,93,2
59,3106,1281.39021657013,60,1
86,2362,1849.22767181103,91,5
81,5430,3918.72526993551,83,2
94,6713,5856.6711419911,94,0
6,1034,57.6941221259622,45,39
8,6483,387.4192200488,88,80
83,3022,2257.53842084571,88,5
99,1084,1032.38095238095,99,0
72,4796,2862.48522519459,89,17
8,4945,295.509493003442,85,77
18,6587,573.672838950292,60,42
1,5193,251.511422224078,84,83
78,6156,4196.63892477991,90,12
71,5651,3290.85586976149,78,7
29,8428,1134.67476952124,72,43
47,3483,945.606340144115,72,25
3,2481,126.287922669967,83,80
30,4261,596.998997162213,71,41
76,1921,1256.33490716536,85,9
60,8201,3493.10248941383,71,11
61,1729,759.931390887406,88,27
55,1612,582.391846085791,63,8
23,3000,318.076019724687,75,52
35,2317,396.028714911755,74,39
93,6965,5990.97397089637,94,1
29,1029,138.535873022942,72,43
5,8784,474.523193239772,88,83
43,2353,549.403566403691,77,34
4,1825,95.6041207510092,62,58
39,8044,1609.15927143214,48,9
99,1841,1753.33333333333,99,0
37,5241,969.392513275074,72,35
57,3528,1363.37065228347,83,26
53,3521,1187.17221543447,83,30
23,5926,628.306164296165,69,46
44,8080,1959.88172137064,73,29
54,2844,992.822233353154,86,32
30,2601,364.420181088692,79,49
24,6082,670.920046361553,79,55
20,4513,425.06333331862,49,29
45,6776,1706.95719560378,91,46
27,6270,779.415375970878,80,53
4,2909,152.390349186129,66,62
41,5060,1094.01295750479,71,30
79,1479,1028.3064508526,84,5
12,4572,316.345107237641,80,68
51,9623,3022.93722328983,82,31
2,2005,99.4096897420046,71,69
51,2043,641.781226975073,73,22
29,1040,140.016820159242,90,61
99,4166,3967.61904761905,99,0
55,1695,612.378523024452,86,31
63,2071,967.629969773137,76,13
99,6862,6535.23809523809,99,0
78,4548,3100.44084306352,86,8
11,5006,333.652520798609,76,65
32,9417,1428.84876226289,72,40
49,1680,490.960244429318,75,26
31,2420,352.851004700098,80,49
74,1661,1039.1966135,88,14
31,4122,601.013157592481,90,59
17,8831,739.776737039719,69,52
26,7056,842.827937504193,85,59
96,8744,7901.08930746749,99,3
63,7116,3324.79713418911,86,23
0,2812,181.745670926636,87,87
39,7778,1555.94739099941,84,45
3,2123,108.064997915494,78,75
79,4362,3032.7739950095,82,3
21,2241,219.543354534423,43,22
77,4222,2820.08311074739,92,15
99,7609,7246.66666666667,99,0
41,3510,758.890411233557,77,36
22,8661,882.669329151212,67,45
14,2517,187.870960281757,81,67
82,4940,3628.40920919709,87,5
19,5423,491.129002052127,84,65
91,5523,4627.66274322798,94,3
49,1022,298.667482027835,85,36
19,2286,207.029485283268,51,32
12,6416,443.934866149761,71,59
13,6835,491.116611823349,80,67
25,6322,725.661122811087,60,35
89,2433,1986.18465469927,89,0
89,2791,2278.4387058223,93,4
6,5299,295.668426639723,88,82
99,3977,3787.61904761905,99,0
76,2378,1555.21312297721,91,15
42,9448,2123.04242043642,86,44
22,7886,803.686679331077,60,38
72,2857,1705.19605679336,87,15
98,7853,7363.29959983488,99,1
58,2847,1137.0534578298,77,19
11,4096,273.000544384959,75,64
33,1885,297.614536941165,73,40
26,3162,377.695852946182,28,2
16,6018,485.007910154388,55,39
29,1414,190.369022793431,86,57
98,1055,989.211903454195,98,0
11,9281,618.583508895703,80,69
18,4297,374.232911639503,79,61
25,3135,359.84619108079,88,63
47,2345,636.648540809058,80,33
0,2366,152.919721697162,69,69
65,3559,1763.60680322304,73,8
87,3832,3043.7389789973,90,3
85,4636,3575.4736367568,91,6
27,4876,606.129086640192,84,57
71,6997,4074.69802171671,71,0
7,3566,205.79590209932,76,69
6,1112,62.046289945909,78,72
21,6230,610.332484939516,61,40
96,5656,5110.76865542499,98,2
65,5064,2509.38602178181,79,14
33,8196,1294.03116433411,83,50
52,2321,755.51641198932,80,28
45,9654,2431.96056174128,76,31
6,7918,441.800830747939,58,52
73,2890,1766.62866990272,78,5
26,1184,141.426910148096,65,39
80,1206,854.571105617699,85,5
68,1204,648.660287907986,83,15
77,8342,5572.03536472163,90,13
79,2869,1994.73374408121,88,9
43,9212,2150.91612992384,77,34
28,5279,682.923882542063,75,47
48,9314,2623.93408897229,80,32
50,7125,2159.19389312238,76,26
15,3580,277.635914658302,72,57
42,8207,1844.17963002982,87,45
49,5131,1499.47441319454,65,16
62,6605,2993.98486739659,62,0
99,3121,2972.38095238095,99,0
78,1133,772.383349866087,89,11
3,4092,208.291084065097,81,78
59,7537,3109.4134134865,74,15
41,8205,1773.98741429383,91,50
92,6700,5686.94567454047,93,1
32,3780,573.542351210973,75,43
3,9662,491.815360272963,72,69
76,3789,2478.00778930221,79,3
0,7613,492.044734269017,74,74
26,3571,426.550250117272,61,35
91,4970,4164.30994637752,91,0
69,4845,2680.63055753197,79,10
23,4228,448.275137131992,84,61
94,1858,1620.9883780455,97,3
15,4239,328.74263749624,16,1
53,7092,2391.20288323239,80,27
25,2454,281.678645267069,76,51
8,5822,347.918355564416,50,42
99,3826,3643.80952380952,99,0
15,2747,213.035155744792,85,70
28,2110,272.96256718389,47,19
84,3821,2901.22604859794,90,6
78,8315,5668.46209544264,83,5
26,8943,1068.22707555272,55,29
73,2215,1354.00778679396,88,15
88,7984,6430.54853242221,89,1
47,7653,2077.7276259325,64,17
6,3539,197.465665574255,84,78
88,5294,4263.94337808657,88,0
68,9370,5048.12865257295,69,1
33,3741,590.65038869862,87,54
78,4590,3129.07288251133,95,17
36,4343,772.257731046863,76,40
20,3744,352.633972954778,77,57
30,1886,264.243160912446,32,2
51,5806,1823.87753490811,64,13
76,3588,2346.55369438278,83,7
6,9962,555.849946439879,85,79
84,7403,5620.98310331603,89,5
22,5899,601.185356501905,81,59
49,8511,2487.23966686782,67,18
22,7136,727.251856924495,90,68
27,2550,316.987114629305,80,53
56,1777,664.132772219526,86,30
12,5572,385.536950465472,64,52
12,8432,583.425622097067,44,32
68,2881,1552.15140320839,91,23
75,5217,3338.30959392956,79,4
83,8466,6324.39453040363,93,10
36,5982,1063.6992279812,52,16
91,5200,4357.0244911797,97,6
79,1828,1270.95618131072,93,14
47,5968,1620.26374906118,73,26
65,2539,1258.16175144234,81,16
42,9031,2029.33912986466,70,28
0,9811,634.106250875257,52,52
25,8846,1015.37461126018,62,37
53,4130,1392.50816522135,76,23
47,1377,373.84436703372,80,33
38,2914,560.566283100602,67,29
81,4909,3542.72971456969,81,0
44,1742,422.538856265798,70,26
14,9102,679.380802735221,73,59
73,9920,6063.99875620589,85,12
50,1077,326.379203213025,54,4
19,6705,607.232151716672,69,50
54,7570,2642.63864503635,75,21
91,3765,3154.65330947915,96,5
48,7122,2006.40525892856,69,21
91,8340,6987.99697239206,95,4
88,8545,6882.39444007362,96,8
34,2569,422.045789166436,73,39
39,6084,1217.07173140144,76,37
94,3185,2778.71258561621,95,1
61,3506,1540.95977816729,82,21
43,5269,1230.26238477732,84,41
1,3678,178.1357617832,87,86
70,3194,1813.60481045473,75,5
82,6202,4555.34289786243,82,0
80,3820,2706.85043404611,80,0
34,5081,834.727386046968,86,52
8,1200,71.7111004255066,89,81
28,1367,176.843521014397,66,38
72,2515,1501.07388268649,72,0
18,3134,272.945297900443,66,48
88,7772,6259.79749423665,95,7
61,5187,2279.79417266222,86,25
8,1892,113.064501670882,72,64
19,7764,703.139511696979,77,58
78,1211,825.557137412032,96,18
9,3797,235.152530946795,89,80
40,4190,871.468420190145,89,49
8,4178,249.674147981472,88,80
6,2824,157.570793891409,76,70
57,7033,2717.85311720795,81,24
1,2482,120.2101578972,61,60
73,6769,4137.82334483444,79,6
24,5736,632.75195427982,91,67
54,1018,355.377297311361,64,10
38,5098,980.702440372982,85,47
48,7260,2045.28253016307,69,21
97,1854,1707.90822082747,98,1
88,6289,5065.34565636313,89,1
57,5555,2146.69046866063,87,30
0,9760,630.810010044084,75,75
14,4040,301.548939029916,64,50
33,8323,1314.08264772484,82,49
50,6875,2083.43270389002,80,30
80,8365,5927.43557088893,82,2
43,7518,1755.38292062174,81,38
32,5810,881.555836120569,71,39
5,6965,376.258429065917,78,73
42,6431,1445.09798960909,91,49
39,8263,1652.96905269068,67,28
18,1498,130.463323629503,81,63
4,6287,329.349647759778,73,69
70,6599,3747.01883036655,85,15
11,3275,218.28046456561,25,14
11,5886,392.304981506315,73,62
63,7619,3559.81300806448,70,7
8,7665,458.054653967924,75,67
7,7769,448.353438981946,70,63
33,4689,740.326028497148,89,56
80,3600,2550.95852423194,83,3
65,2925,1449.43801613582,79,14
20,6171,581.224424974341,90,70
21,6082,595.83341467129,67,46
1,5991,290.160780000857,77,76
5,4555,246.067070264932,46,41
50,3756,1138.23610702704,65,15
38,2651,509.972963795366,76,38
93,2313,1989.53665393874,94,1
77,6938,4634.23415972653,82,5
0,9436,609.869185940161,67,67
39,1148,229.651273446557,84,45
2,8598,426.296514913594,62,60
92,4222,3583.62457282237,95,3
15,2750,213.267811539198,71,56
91,1522,1275.26755299529,95,4
92,3772,3201.6655349801,95,3
65,5252,2602.54648230609,79,14
23,2805,297.401078442582,91,68
80,8338,5908.30338195719,96,16
74,1585,991.647581214628,86,12
4,6732,352.661337477147,70,66
48,1449,408.211347962299,89,41
95,4381,3883.55658207566,95,0
67,4975,2608.26692105613,89,22
44,3478,843.622354817708,82,38
56,8973,3353.552822243,90,34
29,2343,315.441740031831,79,50
9,2865,177.432710340418,12,3
32,2696,409.066184884863,84,52
92,3885,3297.5796933716,94,2
55,7087,2560.42866824442,73,18
9,3208,198.675090670877,88,79
92,2806,2381.72680041203,94,2
36,8031,1428.04555331277,75,39
26,2677,319.763377083153,66,40
18,9836,856.633679051932,83,65
10,1555,99.8811883706179,71,61
55,6173,2230.21393665483,88,33
11,8328,555.065559970199,70,59
71,4569,2660.75393185989,84,13
48,1922,541.464603715347,53,5
28,6995,904.916188365548,90,62
17,7097,594.518797731954,76,59
82,4999,3671.74446088589,87,5
6,7841,437.504459951324,24,18
31,8908,1298.84163217705,46,15
91,7182,6017.72113377935,94,3
23,2198,233.043697118287,87,64
52,3031,986.630868048095,60,8
26,5916,706.656757125114,86,60
65,5770,2859.23328311237,80,15
12,5117,354.054661796809,77,65
46,2238,585.358006568288,88,42
63,1822,851.290103779168,80,17
73,4767,2914.0203700437,81,8
35,7768,1327.73027942793,86,51
59,3959,1633.29808995529,80,21
29,5711,768.880826855222,73,44
98,5707,5351.12069479914,98,0
89,3010,2457.21981530818,89,0
31,1980,288.696276572807,79,48
57,1667,644.200362062514,63,6
48,2816,793.321708669312,54,6
92,3724,3160.92323761026,93,1
72,1544,921.534025792419,83,11
0,7344,474.658679688909,86,86
73,7414,4532.10552202726,78,5
55,3674,1327.36206111613,87,32
11,8338,555.732065205514,80,69
70,7232,4106.44645873782,75,5
52,1988,647.12047696457,75,23
73,5612,3430.56058667615,79,6
88,7818,6296.84724780521,94,6
70,9847,5591.28571338376,80,10
51,5459,1714.87210869159,77,26
4,1977,103.566765328628,72,68
95,5733,5082.0428863364,97,2
43,9421,2199.71568172085,86,43
26,2872,343.055815832205,78,52
51,7043,2212.46460185288,77,26
48,5753,1620.73145950801,79,31
93,7580,6519.96880106167,96,3
19,6787,614.658406219397,76,57
39,6437,1287.68749753962,78,39
92,2363,2005.70934760286,95,3
20,3813,359.132836238399,53,33
95,3490,3093.72574102809,97,2
97,1265,1165.32033405973,98,1
46,2056,537.755165998392,91,45
64,4034,1941.62772476168,72,8
91,8534,7150.54750148607,98,7
47,5696,1546.41794816563,66,19
5,9095,491.323820869277,69,64
71,4586,2670.65386988607,86,15
87,8488,6741.97715389591,93,6
44,5211,1263.97817451267,70,26
3,6991,355.856052956767,77,74
47,8981,2438.26888912842,88,41
53,9768,3293.46725372448,70,17
17,1192,99.8543619693518,76,59
61,5451,2395.82765282085,63,2
36,5491,976.391250559136,73,37
73,4596,2809.48974632281,73,0
46,6838,1788.50672426897,74,28
64,2820,1357.31040749329,68,4
36,3231,574.525611101178,66,30
24,3966,437.498997676738,76,52
81,9544,6887.71896432128,87,6
8,5169,308.89556508287,84,76
39,1267,253.456588376992,68,29
87,5718,4541.77961427625,88,1
65,7076,3506.40116313746,76,11
70,2009,1140.7426625559,91,21
82,3041,2233.60170145109,88,6
58,2185,872.659573360773,86,28
78,9457,6446.98088233326,89,11
24,4498,496.185197062523,53,29
27,1106,137.485391678436,70,43
78,8881,6054.31291276321,82,4
27,8132,1010.87812398647,49,22
12,8388,580.381180995043,83,71
52,5646,1837.84819564485,56,4
66,3493,1780.94571909131,74,8
92,7010,5950.0730117207,93,1
14,7301,544.952674222133,61,47
4,6365,333.435741687766,84,80
84,3210,2437.30322323983,91,7
62,9620,4360.65623381607,66,4
23,8299,879.904295898393,81,58
1,3210,155.469221132157,83,82
42,7618,1711.82654094884,86,44
44,2995,726.466058849636,92,48
76,1364,892.056644129908,88,12
63,1289,602.257378579224,76,13
95,2844,2521.07621990942,96,1
19,3233,292.793668381805,63,44
91,2962,2481.82818132198,93,2
63,2085,974.171167057939,95,32
36,9753,1734.24583258118,86,50
52,8448,2749.93651378103,74,22
51,6459,2029.00878366715,59,8
12,6977,482.751490200574,62,50
7,4339,250.406174764148,79,72
37,2660,492.002305917134,75,38
50,5281,1600.37936134446,76,26
18,3886,338.438234729139,68,50
51,9166,2879.376762826,75,24
82,3586,2633.9019077289,84,2
20,6248,588.476779653165,82,62
1,9695,469.555794042449,72,71
72,3289,1963.0345925073,93,21
45,1440,362.753595287699,67,22
46,8399,2196.79262608001,77,31
73,9182,5612.86659067363,84,11
69,6423,3553.70280103774,83,14
64,5834,2807.99606997016,73,9
81,6369,4596.38328622823,91,10
38,1804,347.035543827552,40,2
55,5643,2038.73274656459,89,34
58,3488,1393.06022511779,68,10
21,5456,534.506266104334,60,39
78,6759,4607.71320542355,81,3
1,7250,351.137648974498,66,65
71,6009,3499.33691760693,85,14
96,4058,3666.8138620429,97,1
4,5041,264.076916551144,66,62
1,4982,241.292105819441,47,46
72,3905,2330.69324528458,77,5
30,2342,328.132281472401,66,36
76,9270,6062.58437762775,81,5
44,8127,1971.28202346277,85,41
58,1645,656.990845848271,79,21
60,2539,1081.45192301204,79,19
60,5855,2493.85624625265,84,24
17,8906,746.059519881751,88,71
54,8277,2889.44782892548,91,37
28,4590,593.790608234148,77,49
78,8218,5602.33571862269,80,2
22,5099,519.654879268217,75,53
38,3682,708.306470273307,86,48
22,2906,296.159458551371,83,61
32,4882,740.749671590468,84,52
67,6094,3194.9303752595,75,8
55,5094,1840.38713645225,76,21
12,7370,509.943884589111,78,66
31,3731,544.002933279366,80,49
32,5570,845.140448742095,71,39
70,2024,1149.25990493437,88,18
23,4754,504.044465923721,81,58
95,8015,7104.93175195992,97,2
85,9176,7076.90813004322,85,0
27,2241,278.575734856577,84,57
56,2810,1050.20432748276,78,22
18,9517,828.851435902525,85,67
81,2829,2041.63421522055,83,2
99,8838,8417.14285714286,99,0
31,3924,572.1435299352,63,32
63,6985,3263.59021673847,68,5
83,3414,2550.37596583959,84,1
23,3798,402.684240971454,79,56
92,1948,1653.4582349261,95,3
39,3225,645.144039081137,82,43
77,8354,5580.05075963612,88,11
61,3437,1510.6328458531,81,20
47,7436,2018.8138803651,65,18
34,9029,1483.3209149022,74,40
57,1218,470.687487097865,84,27
44,2282,553.521050515816,87,43
62,5622,2548.40013997027,78,16
17,2996,250.976231929679,71,54
44,2009,487.302274533863,68,24
66,2294,1169.62195236057,84,18
81,9560,6899.26585277781,91,10
23,8049,853.397960921336,52,29
2,4922,244.037153571145,83,81
44,2473,599.849937741286,89,45
16,1153,92.9235826533748,88,72
15,8420,652.987262967291,76,61
72,1802,1075.52092906602,76,4
69,6214,3438.06775737949,87,18
50,5185,1571.28706467923,63,13
84,9367,7112.21784800233,96,12
17,6128,513.345243412909,84,67
96,7112,6426.41207167301,97,1
99,6739,6418.09523809524,99,0
47,4559,1237.73164074563,77,30
32,9431,1430.9729931933,80,48
55,8402,3035.51879082681,71,16
21,5058,495.515523085726,64,43
60,3893,1658.16949046312,83,23
25,4855,557.273766410602,54,29
95,4804,4258.52677934067,99,4
22,2272,231.546555343673,74,52
35,1097,187.502589666895,40,5
66,6131,3125.95997817029,71,5
19,9709,879.28664593843,37,18
87,9113,7238.41161680648,88,1
73,4553,2783.20426784329,78,5
63,3533,1650.71785765741,71,8
71,7086,4126.52710903024,96,25
58,3576,1428.20623997168,82,24
15,3665,284.22782883315,62,47
91,6158,5159.72246474704,92,1
36,4207,748.074666017535,52,16
15,9636,747.290411633351,73,58
13,1357,97.5047903795589,58,45
27,5565,691.777761926306,64,37
49,6011,1756.64406503847,73,24
17,8391,702.917744366469,54,37
45,5164,1300.87469865672,72,27
97,9031,8319.37386315688,99,2
73,8495,5192.91022519849,84,11
18,2802,244.030863023944,82,64
20,3450,324.943164181085,54,34
55,9740,3518.91847448859,76,21
36,3962,704.509585633818,74,38
27,1560,193.921528949692,76,49
78,6074,4140.73827633417,91,13
82,3312,2432.65006090299,82,0
37,9808,1814.11978061475,69,32
66,1287,656.191566123823,74,8
43,2499,583.493205458063,88,45
11,9791,652.57527589676,75,64
20,2455,231.227671902772,90,70
7,9916,572.258038479209,63,56
33,6372,1006.04765484833,55,22
11,8862,590.656939536012,74,63
60,2837,1208.38090019108,90,30
22,1320,134.525287435585,57,35
0,5993,387.340613749405,50,50
29,4504,606.380536535794,34,5
70,2780,1578.52892080906,74,4
84,7176,5448.62552335483,93,9
27,1333,165.703460314064,85,58
52,7277,2368.76041794325,93,41
87,8922,7086.70124494101,89,2
37,1796,332.194038130516,82,45
52,1322,430.328606915071,82,30
51,6873,2159.06136710704,77,26
70,6605,3750.42572731794,91,21
48,4372,1231.67702780619,86,38
2,2883,142.941713479401,62,60
9,3860,239.054192640145,89,80
94,7290,6360.06742516239,96,2
43,2584,603.339913126705,83,40
22,5565,567.14638225684,77,55
29,4454,599.648958643523,88,59
23,4994,529.490547501696,24,1
69,6820,3773.35405621631,76,7
88,8295,6681.03708372272,88,0
42,2966,666.484316153094,78,36
91,7437,6231.3829117122,91,0
18,2292,199.614110653419,84,66
23,4282,454.000505487037,83,60
58,6943,2772.94069466538,62,4
96,1256,1134.9231667634,96,0
18,2612,227.48344547414,68,50
15,5254,407.457847937072,83,68
56,5451,2037.24690003863,90,34
3,6570,334.426300661702,61,58
29,8014,1078.93730457324,92,63
30,7677,1075.60697047977,78,48
98,5725,5367.99824386281,98,0
86,2388,1869.58326853715,91,5
93,6257,5381.98480055974,99,6
1,5287,256.064103465954,58,57
49,4441,1297.83002708965,71,22
98,4639,4349.71945035451,98,0
89,9216,7523.50093617281,98,9
12,2634,182.251315062106,65,53
4,9115,477.49674555915,79,75
99,8352,7954.28571428571,99,0
28,4343,561.837170274707,78,50
67,4262,2234.45901860125,73,6
69,4759,2633.04867353862,85,16
30,8159,1143.13889177341,71,41
25,8288,951.325432752023,25,0
16,1888,152.159344362161,88,72
22,7466,760.883178783391,52,30
40,7659,1592.97771604685,76,36
46,1620,423.717591885892,79,33
73,1621,990.90140965824,80,7
48,6510,1833.99301258424,74,26
41,8741,1889.87495287536,80,39
35,3992,682.324829489739,58,23
91,2693,2256.43595283595,93,2
9,3038,188.146797212632,63,54
39,8791,1758.59263490303,68,29
92,5523,4687.91059111747,95,3
23,6704,710.793878744768,85,62
26,2339,279.389816584794,63,37
52,8226,2677.67255709786,81,29
83,3980,2973.19752315219,86,3
11,5708,380.441188317711,71,60
44,4603,1116.50192617191,69,25
88,6583,5302.14190743179,92,4
48,3400,957.845813024027,77,29
68,3585,1931.4344951413,75,7
1,9663,468.005945109044,77,76
88,9643,7766.75594916675,90,2
12,9269,641.339194878762,81,69
36,1094,194.531420162392,63,27
71,4880,2841.86456280943,80,9
75,5330,3410.61723895813,85,10
95,7469,6620.92766754693,95,0
68,1035,557.61079566841,76,8
24,5721,631.097268206913,88,64
21,2820,276.266068624307,87,66
60,4993,2126.6992719965,63,3
16,5292,426.497484303261,74,58
96,3704,3346.93902045512,96,0
50,8618,2611.63971521806,52,2
51,2206,692.985504996089,70,19
98,2224,2085.31495097832,99,1
75,3620,2316.40420357006,79,4
16,1719,138.539148812794,72,56
33,7138,1126.98809797668,42,9
72,4362,2603.45299255604,77,5
66,4306,2195.46300212058,69,3
91,7729,6476.04659467845,91,0
90,6878,5689.02921534361,90,0
45,4526,1140.15470296675,82,37
12,3026,209.374517607415,85,73
28,4852,627.684538377361,77,49
20,1914,180.272816302202,53,33
6,6192,345.495168475781,57,51
52,5184,1687.46104254745,76,24
56,9845,3679.45252813801,80,24
34,8772,1441.09990757804,82,48
77,5124,3422.57362848641,78,1
47,3806,1033.29822870758,88,41
62,6211,2815.38834389102,71,9
52,4618,1503.22050433722,60,8
66,2848,1452.08514399429,83,17
47,2758,748.774701727668,78,31
8,2585,154.477662166612,38,30
69,9441,5223.49496257158,87,18
33,5761,909.579494598436,89,56
81,7390,5333.21910586067,87,6
75,7468,4778.70347852519,78,3
46,9733,2545.7057542132,51,5
19,1442,130.593402352788,87,68
73,8723,5332.28439015967,85,12
61,1931,848.714584039087,79,18
93,4667,4014.3396298885,97,4
85,7841,6047.30129115834,90,5
74,8363,5232.27048687567,94,20
88,1097,883.556079667731,92,4
24,7213,795.683376258777,72,48
41,7625,1648.58671956008,79,38
50,3652,1106.71945230638,77,27
23,4425,469.162129093914,66,43
60,6831,2909.56994332226,78,18
79,5541,3852.49901566888,93,14
4,9077,475.506084414746,85,81
2,3708,183.845949906909,73,71
44,9541,2314.26132470263,55,11
12,9225,638.294753776737,61,49
81,8259,5960.35948515606,97,16
70,7280,4133.70163434891,91,21
47,5360,1455.19666470642,91,44
92,6396,5428.91112453147,93,1
31,8615,1256.12041549229,64,33
26,2358,281.659336257779,58,32
48,1673,471.316483879176,73,25
65,5341,2646.64904074578,87,22
80,9186,6509.19583433182,86,6
50,4072,1233.99825021675,82,32
64,3761,1810.22852573839,69,5
5,6316,341.198598417851,77,72
78,4354,2968.18808942361,93,15
65,1131,560.449366239184,72,7
82,5817,4272.56201819828,86,4
41,3244,701.379058131526,79,38
59,7512,3099.09958366864,75,16
15,8688,673.771180600929,23,8
77,3731,2492.11986882959,84,7
77,8648,5776.42793504108,87,10
19,9653,874.215057497545,73,54
77,6586,4399.11590890154,96,19
68,6807,3667.3011460047,88,20
0,1650,106.64308571442,64,64
4,8155,427.20635875314,88,84
15,9554,740.931153252909,72,57
69,7208,3988.02581190721,89,20
76,5565,3639.51262799336,88,12
21,2015,197.402882368078,86,65
93,4763,4096.91443264601,93,0
54,7775,2714.20283555583,86,32
92,9461,8030.47657116827,94,2
90,4562,3773.38634492549,90,0
22,2489,253.661697293311,25,3
96,3602,3254.77169321797,97,1
48,3906,1100.39580755054,66,18
59,7323,3021.12703024567,69,10
23,4883,517.721734771882,70,47
45,8009,2017.56496156887,77,32
97,5587,5146.75470861007,97,0
56,7657,2861.71335784182,76,20
79,7829,5443.28005660921,88,9
42,1286,288.974656295644,88,46
42,9699,2179.44416128418,77,35
80,6133,4345.84128586513,86,6
77,4719,3152.05405012244,82,5
64,1292,621.859945560755,85,21
90,1872,1548.39527349858,92,2
65,1607,796.323723736842,82,17
88,5995,4828.54940529448,91,3
55,5015,1811.84560057087,77,22
31,5657,824.825675036551,58,27
75,8808,5636.1569682445,86,11
23,2540,269.304363366902,86,63
60,6245,2659.97135061448,81,21
43,3529,823.988604266309,49,6
80,7963,5642.57853568303,83,3
16,4576,368.792987182865,63,47
5,3423,184.914946545963,89,84
66,5488,2798.11912578675,78,12
3,4588,233.538488194199,72,69
62,1628,737.957208799643,74,12
83,4793,3580.53661519308,86,3
67,1774,930.063420694184,74,7
47,3196,867.688160522708,71,24
40,9095,1891.64803857503,79,39
44,4291,1040.82332504968,88,44
90,5701,4715.49222981592,93,3
22,3857,393.078813362917,25,3
57,2697,1042.23657857385,57,0
19,5172,468.397418147447,90,71
53,7283,2455.60217126079,81,28
62,7215,3270.49217536206,69,7
45,3213,809.393959485678,88,43
11,3228,215.14788995963,74,63
10,1684,108.167151907473,77,67
40,4408,916.809736562806,70,30
57,8309,3210.95429416762,78,21
94,5176,4515.73511558855,94,0
38,4897,942.036063261375,77,39
79,9095,6323.49369202462,83,4
59,2224,917.518300596254,62,3
30,1252,175.414866098824,42,12
47,1004,272.577882717396,70,23
31,3366,490.783670173772,83,52
55,5487,1982.37224533048,74,19
24,6827,753.102787982624,80,56
59,3568,1471.98979160406,88,29
37,9775,1808.01599260902,82,45
77,2215,1479.50831129926,88,11
38,8251,1587.24516192967,56,18
23,2266,240.253420232047,84,61
50,6943,2104.03974736122,69,19
67,4612,2417.95518390168,70,3
59,7221,2979.04660458883,61,2
25,5018,575.983472677323,70,45
25,6754,775.247583591598,46,21
57,8978,3469.48461343566,87,30
32,7573,1149.05720257161,47,15
6,6187,345.216183359118,63,57
72,4840,2888.74655753582,83,11
80,1409,998.416822400777,90,10
45,1977,498.030456863736,71,26
91,2106,1764.59491892778,93,2
62,3212,1455.96962817227,67,5
3,1840,93.6597249950582,86,83
32,6212,942.551609979514,88,56
58,1940,774.809872915286,82,24
69,5790,3203.47800373789,69,0
1,4620,223.7594397603,39,38
30,8755,1226.64309320703,90,60
48,7160,2017.11059448589,78,30
98,4129,3871.52222688376,98,0
44,3535,857.448253099654,71,27
86,5766,4514.24502779949,86,0
69,8368,4629.82796809649,86,17
34,6502,1068.1750568938,86,52
52,1826,594.387319384962,78,26
54,4352,1519.25540068668,83,29
68,7052,3799.29597203249,93,25
77,3362,2245.64647520908,81,4
51,3979,1249.94982972776,76,25
49,6109,1785.28341263018,71,22
32,6218,943.461994663976,38,6
50,1916,580.633754276839,66,16
43,1080,252.169932730976,66,23
77,3239,2163.48867733558,84,7
10,8730,560.747764936009,86,76
38,3430,659.829221357263,61,23
73,3044,1860.76736027124,87,14
87,6478,5145.44392117551,88,1
96,1602,1447.56919837179,97,1
17,5525,462.831669362977,89,72
33,3509,554.020907228938,79,46
31,4977,725.677458839829,43,12
89,6423,5243.42952615429,96,7
92,1076,913.306499373963,93,1
74,7350,4598.49193812461,96,22
49,6922,2022.87310234509,82,33
74,2436,1524.07161377844,89,15
34,1581,259.733122877437,70,36
24,3779,416.870577967824,81,57
68,4286,2309.10132389836,84,16
49,4423,1292.56973875647,85,36
84,1180,895.955702000934,84,0
63,2343,1094.71608844928,79,16
57,3530,1364.14353814078,87,30
21,4020,393.82609782614,90,69
19,3845,348.218884914333,71,52
14,1133,84.568056416063,59,45
72,3887,2319.94997296317,84,12
49,4717,1378.4877815316,85,36
7,7279,420.075258379403,85,78
64,6639,3195.45524657729,84,20
41,5245,1134.01145496296,64,23
89,2491,2033.53307638959,92,3
19,9513,861.536086395332,86,67
18,3391,295.327857428335,74,56
34,3946,648.264960704849,86,52
97,2661,2451.31810982842,98,1
75,1202,769.148578091495,80,5
58,4753,1898.28418864245,85,27
51,8158,2562.72699445063,77,26
39,2256,451.300760361874,49,10
90,6390,5285.38771242304,96,6
75,5124,3278.79976218038,75,0
18,9460,823.887210637584,55,37
28,3340,432.082926253171,54,26
64,2251,1083.44174725794,64,0
17,9641,807.630791733658,82,65
17,6460,541.157028793635,71,54
30,5974,837.003522423623,77,47
97,7013,6460.38853973195,97,0
62,7026,3184.82023895964,72,10
37,8764,1621.01812370592,75,38
29,4195,564.779385161558,81,52
50,1734,525.479608515678,78,28
73,6857,4191.61688218788,75,2
24,9109,1004.83569587428,79,55
2,4596,227.8737825707,69,67
48,4954,1395.63769344736,85,37
62,6621,3001.23751809732,65,3
2,3178,157.568076808025,64,62
44,5514,1337.47373906407,93,49
7,8391,484.249415175377,59,52
10,2221,142.659883839963,65,55
60,9317,3968.44724958769,87,27
1,8309,402.427962114359,42,41
26,7427,887.143295329314,81,55
5,9252,499.805166650088,77,72
53,1999,674.000925490913,58,5
87,9546,7582.34141271093,92,5
64,3358,1616.25827956116,65,1
22,8058,821.21573193632,87,65
12,1115,77.1489051990311,82,70
61,1581,694.882318677264,76,15
45,4840,1219.25513971699,71,26
86,1791,1402.18745140286,97,11
78,8449,5759.81193558568,81,3
76,6416,4196.06702986619,83,7
30,9259,1297.25738435225,90,60
28,2164,279.948339045468,78,50
76,2748,1797.19329770454,81,5
38,4954,953.0011552781,84,46
37,7245,1340.05891216904,83,46
35,2060,352.101490167551,74,39
97,3450,3178.14636561746,97,0
36,5904,1049.82952892026,67,31
12,5115,353.916278110353,89,77
33,2539,400.87178211863,74,41
54,8711,3040.9544566594,86,32
94,8035,7010.03316339915,97,3
72,1552,926.308813490826,76,4
35,3618,618.399607488446,81,46
33,5296,836.162645963082,61,28
87,3845,3054.06481582585,90,3
1,6871,332.781625669486,68,67
85,6839,5274.51773118631,95,10
6,6573,366.753834365522,33,27
58,9249,3693.92603845025,72,14
33,3046,480.919829985564,64,31
67,1007,527.94468130724,69,2
63,6499,3036.51722528036,80,17
45,8038,2024.87041591842,86,41
10,8495,545.653180198328,68,58
40,7936,1650.5903061167,86,46
43,5979,1396.0407664801,78,35
28,1316,170.245847589573,59,31
95,7444,6598.76630837051,98,3
99,9688,9226.66666666667,99,0
46,9181,2401.32790808912,49,3
27,5634,700.355060322158,63,36
79,8314,5780.48670208826,94,15
90,5206,4306.06078730428,97,7
76,8750,5722.50413206503,85,9
76,1554,1016.31673385475,87,11
91,8228,6894.15336796665,94,3
96,6555,5923.10617685835,97,1
58,1701,679.356491664382,75,17
13,9447,678.797166334335,61,48
43,5957,1390.90397155409,73,30
2,2400,118.994142334569,53,51
54,5290,1846.70520901483,83,29
73,2185,1335.66908087801,74,1
73,4997,3054.61711539928,89,16
48,2622,738.668153455588,81,33
70,2615,1484.83925464594,75,5
29,1041,140.151451717087,74,45
10,6450,414.298176842756,83,73
82,6390,4693.42810663349,93,11
98,5923,5553.65128356322,98,0
77,1219,814.230533396748,79,2
5,2923,157.904291193062,73,68
48,7624,2147.82837602799,81,33
99,4685,4461.90476190476,99,0
77,1084,724.057340608757,85,8
0,5307,343.002942961471,83,83
29,5082,684.19757697045,59,30
90,7746,6406.98172463676,91,1
56,2042,763.173393850463,85,29
32,8687,1318.08529232003,79,47
68,6407,3451.79938922464,86,18
95,3530,3129.18391571036,97,2
30,6166,863.904204764657,43,13
4,4926,258.052547298341,73,69
99,2377,2263.80952380952,99,0
23,1251,132.637700225195,86,63
10,7230,464.399351716764,43,33
24,3296,363.589686420204,74,50
71,1626,946.89995473937,83,12
84,3814,2895.91105714539,87,3
15,3179,246.537590139313,37,22
74,6747,4221.2279056499,84,10
21,1391,136.271667183125,76,55
15,9456,733.331063968967,82,67
1,4319,209.181173230463,89,88
82,8246,6056.65229535207,85,3
28,9102,1177.49065711268,83,55
44,9888,2398.42951248922,91,47
8,1272,76.013766451037,69,61
72,7790,4649.44952132315,94,22
92,4134,3508.93036097766,96,4
98,2505,2348.79224469456,98,0
78,10000,6817.15224948003,90,12
2,5927,293.865950673746,69,67
79,6249,4344.75119092489,97,18
49,5454,1593.86736495089,84,35
82,9572,7030.59371466287,85,3
27,7181,892.660576530602,90,63
16,6544,527.39976139088,57,41
31,6206,904.873278995375,85,54
54,3276,1143.63067386249,87,33
28,2659,343.984581109935,60,32
93,2563,2204.57520278642,98,5
96,3904,3527.65926993974,96,0
68,3483,1876.48154716239,86,18
96,5940,5367.39140969315,97,1
80,2826,2002.50244152207,87,7
79,9546,6637.06110874844,83,4
9,3399,210.503938026905,76,67
87,5622,4465.52728077319,88,1
18,1501,130.724598643447,46,28
67,5618,2945.37559045092,77,10
23,7665,812.684230396576,55,32
45,8343,2101.7036426981,82,37
36,9432,1677.16668644578,60,24
74,8974,5614.53968064358,87,13
27,8053,1001.05773886658,83,56
26,9354,1117.32036953149,66,40
17,8669,726.205926100932,72,55
61,1610,707.628420664386,87,26
93,8665,7453.2361030606,94,1
25,3282,376.719361763048,88,63
68,7527,4055.20430820881,68,0
45,2073,522.214029882916,74,29
11,3501,233.343482883726,87,76
86,3225,2524.87690160481,88,2
61,7485,3289.81287495213,66,5
65,4342,2151.61021061939,80,15
72,2090,1247.41328620865,73,1
85,4744,3658.76767316097,90,5
86,3440,2693.20202837847,87,1
76,5438,3556.45456801938,76,0
90,2793,2310.18589683843,94,4
88,1434,1154.98579602874,93,5
84,1858,1410.75058840486,87,3
76,2317,1515.31909417082,82,6
54,3443,1201.92930711495,80,26
3,2835,144.307239326625,67,64
82,5215,3830.39555181434,82,0
52,2531,823.874208851774,71,19
83,5036,3762.06601170715,84,1
6,8611,480.468167917467,61,55
14,1863,139.055859755627,77,63
74,2321,1452.12242018874,80,6
80,3777,2676.38065167334,81,1
91,2035,1705.10477683667,92,1
50,2353,713.064313055012,86,36
16,5057,407.558159131064,83,67
94,6501,5671.71444869419,95,1
13,3995,287.053528051833,60,47
13,7957,571.7359005528,63,50
92,3035,2576.10151078065,92,0
54,4890,1707.06776409878,80,26
20,6300,593.374473721982,21,1
66,5271,2687.47921137426,73,7
77,7183,4797.88180589733,93,16
51,9145,2872.77989265151,62,11
74,4534,2836.67516291932,92,18
29,9206,1239.41812152498,82,53
16,2578,207.768426782654,77,61
44,9476,2298.49494946883,87,43
81,2503,1806.36636291871,89,8
32,3700,561.403888751481,87,55
48,2920,822.620521773576,59,11
75,3908,2500.69271479331,78,3
83,3957,2956.01572842041,93,10
99,9162,8725.71428571428,99,0
39,2721,544.321528787527,83,44
74,8092,5062.72064806862,75,1
14,1534,114.499027839577,89,75
42,8046,1808.00162096015,75,33
44,4982,1208.43202176591,73,29
45,5845,1472.42691976153,71,26
21,8153,798.722431735453,90,69
72,4360,2602.25929563144,91,19
45,1191,300.027452769201,70,25
77,3742,2499.46731416787,79,2
8,3834,229.116965859494,50,42
84,7015,5326.38071994623,84,0
45,7515,1893.12032540768,72,27
81,5816,4197.29395394935,84,3
53,1577,531.715587543356,64,11
0,2351,151.950239099758,0,0
89,6174,5040.15785372514,89,0
2,4873,241.607689831815,52,50
26,2530,302.204461718482,88,62
63,9543,4458.7604063472,87,24
89,4203,3431.12786835225,89,0
28,2439,315.524029081283,80,52
94,5172,4512.24536665842,94,0
39,2926,585.330684760126,87,48
27,2532,314.749558526039,76,49
13,6818,489.89510744866,51,38
44,7285,1767.04682428033,79,35
32,1487,225.623670965798,85,53
70,2741,1556.38409062505,74,4
71,3693,2150.61594886377,81,10
18,5900,513.840860757055,63,45
76,3168,2071.87349604366,95,19
69,9863,5456.97816077148,86,17
33,3915,618.122499800881,91,58
72,5264,3141.81030555136,80,8
11,6299,419.831647724818,42,31
25,9825,1127.74763233453,29,4
17,1005,84.1892900832203,63,46
9,3241,200.718818224536,76,67
97,5389,4964.35674327898,97,0
99,6029,5741.90476190476,99,0
11,1777,118.437980315447,79,68
90,6004,4966.11390068669,91,1
4,4587,240.293754457468,70,66
66,3295,1679.99317045688,81,15
59,5603,2311.53553877734,75,16
19,3112,281.835414786321,79,60
77,6299,4207.41438053004,89,12
2,9126,452.475226227199,69,67
44,5747,1393.99013028676,87,43
37,5458,1009.52954349463,58,21
12,2074,143.503882854521,61,49
30,3942,552.304634314349,71,41
68,6495,3499.20977571625,74,6
9,6627,410.417651457575,85,76
98,9175,8602.86181440023,99,1
23,8475,898.564755722241,74,51
36,3716,660.766688595474,69,33
78,4366,2976.36867212298,83,5
9,6566,406.639852040204,74,65
42,2754,618.846192409178,89,47
87,3815,3030.23596160614,89,2
14,6444,480.985485918014,70,56
67,3163,1658.28105955789,74,7
31,7518,1096.17101377493,58,27
23,2251,238.663040133424,71,48
27,8077,1004.04114700427,90,63
97,9515,8765.23555618843,98,1
59,5392,2224.48681511466,83,24
99,8135,7747.61904761905,99,0
6,8404,468.918184087608,50,44
37,2469,456.674320793009,74,37
13,6759,485.655768736506,89,76
13,9742,699.993859895109,75,62
65,7724,3827.50743132755,82,17
22,1569,159.90164847457,64,42
14,5758,429.781878944123,83,69
69,5313,2939.56453089109,92,23
98,8238,7724.29162147456,98,0
11,9609,640.44488061403,62,51
68,5964,3213.13119359072,87,19
22,3430,349.561921139436,65,43
93,4519,3887.03680897067,96,3
20,1175,110.66904867037,86,66
38,2810,540.559799420965,55,17
85,1951,1504.69134281978,91,6
47,5515,1497.27791154028,78,31
44,5301,1285.80854022101,88,44
42,4631,1040.62335404753,83,41
62,4439,2012.15727878478,74,12
87,5793,4601.35174982552,93,6
43,1621,378.488389774918,88,45
41,8971,1939.60281458012,86,45
48,3200,901.501941669672,87,39
49,9242,2700.86582084272,76,27
13,1410,101.313009900647,83,70
93,2162,1859.65337043474,95,2
0,2903,187.627198684219,86,86
75,7266,4649.44556440333,83,8
31,5940,866.088829718422,77,46
64,7998,3849.56334720969,94,30
8,7898,471.978559300543,72,64
14,8392,626.385815925508,79,65
8,9718,580.740394945894,73,65
73,2893,1768.46254049432,90,17
57,5396,2085.24604300499,75,18
93,6883,5920.44132687433,97,4
19,4307,390.059489551634,75,56
89,3104,2533.95691253043,89,0
88,6686,5385.10113824836,92,4
24,1010,111.415528909104,85,61
77,8799,5877.28832104839,86,9
40,6064,1261.23735084321,85,45
61,5602,2462.19528730552,67,6
53,7954,2681.84260197835,72,19
90,3038,2512.83378252601,92,2
8,8180,488.830667900537,80,72
78,1066,726.708429794571,92,14
94,5972,5210.19515268447,98,4
59,6419,2648.17894403208,78,19
69,4051,2241.32804717482,85,16
98,3100,2906.68900541043,98,0
50,5349,1620.98640481566,57,7
47,3374,916.013721402884,75,28
83,2957,2208.98117486458,90,7
60,4897,2085.80940015358,82,22
64,4514,2172.65928348394,75,11
11,1257,83.7797080790754,54,43
0,2477,160.09389291795,75,75
87,8519,6766.60030325627,88,1
40,9075,1887.48828477937,80,40
86,7015,5492.09657821946,95,9
69,1895,1048.46128101612,84,15
26,8635,1031.4369671696,79,53
10,5184,332.980116085713,89,79
37,3126,578.195191089083,91,54
2,9333,462.738471003556,70,68
28,4979,644.114038866628,78,50
68,5892,3174.34087737031,78,10
23,1283,136.030511102258,28,5
64,5304,2552.898723881,87,23
60,9552,4068.54224836982,64,4
96,2564,2316.8335983928,99,3
17,4303,360.464194256813,62,45
79,7872,5473.17672827024,83,4
6,3212,179.220038944478,82,76
93,2608,2243.282141579,95,2
32,8845,1342.05875567753,86,54
33,1179,186.147235572219,76,43
19,8645,782.926465561615,61,42
84,2175,1651.44377275596,84,0
10,9362,601.342563039051,90,80
62,2860,1296.41131275613,78,16
90,6126,5067.02427641683,98,8
87,5604,4451.22996824136,95,8
26,5119,611.4563792636,67,41
68,3702,1994.46875899947,80,12
31,3333,485.972065564225,69,38
37,2865,529.919776861875,70,33
86,6095,4771.8216171415,86,0
2,4195,207.991844622299,61,59
63,5180,2420.24299537656,86,23
9,3543,219.422021897418,71,62
50,4606,1395.82415041708,77,27
84,2085,1583.10816836606,93,9
76,8734,5712.04012450925,91,15
89,6134,5007.50376980078,93,4
23,1715,181.833457942613,59,36
56,4286,1601.84190305734,72,16
47,7141,1938.72376542323,55,8
69,4441,2457.10635830742,84,15
34,3782,621.322372373476,54,20
95,4729,4192.04270181141,95,0
11,3851,256.671166119745,77,66
69,6010,3325.19910232552,94,25
54,5920,2066.63418475762,56,2
78,8393,5721.63588298859,85,7
60,6590,2806.91932754995,83,23
29,4927,663.329685504409,87,58
96,3617,3268.32571192931,96,0
4,8503,445.436623970319,75,71
1,6742,326.533797156698,64,63
70,9805,5567.43743472405,83,13
28,8331,1077.74935886682,86,58
20,4730,445.501787413488,90,70
69,6103,3376.65393036483,72,3
46,1323,346.036033373479,78,32
55,3131,1131.18416258971,87,32
74,6087,3808.30209896116,76,2
0,3725,240.754845021948,73,73
0,1585,102.441994459003,81,81
20,5753,541.85449957501,81,61
82,6933,5092.25932132863,84,2
25,7066,811.060027488633,76,51
11,5628,375.109146435192,61,50
39,3107,621.538768813982,71,32
8,5915,353.475965847393,53,45
55,7147,2582.10578410369,91,36
96,2482,2242.73829610411,97,1
37,9047,1673.36272993696,84,47
48,7888,2222.20228621574,57,9
53,4171,1406.33209615938,55,2
81,9666,6975.76398880233,85,4
7,4597,265.295502509976,85,78
78,4536,3092.26026036414,84,6
1,7547,365.52218438766,19,18
79,6346,4412.1925200207,88,9
97,4040,3721.6554542303,97,0
51,9856,3096.13106855914,83,32
16,1708,137.652627208989,78,62
2,4617,228.914981316127,81,79
60,8593,3660.06946610573,66,6
24,9684,1068.26532866907,76,52
22,5439,554.305332092535,83,61
88,7892,6356.44902528508,90,2
31,9067,1322.02481802305,88,57
35,1259,215.192124330557,48,13
16,9789,788.923634513345,70,54
76,8070,5277.78381094454,89,13
11,2903,193.486469811898,83,72
84,3538,2686.34853701636,93,9
80,6548,4639.91011574187,88,8
60,8850,3769.53506051852,85,25
7,9189,530.302452156661,68,61
54,9767,3409.59731123778,90,36
56,1470,549.395146405573,90,34
6,4259,237.639522373765,59,53
61,7836,3444.08466107213,77,16
83,8574,6405.07426218766,83,0
94,7083,6179.47291802815,95,1
94,5352,4669.28406851428,96,2
30,5335,747.47468900737,71,41
48,1202,338.626666839671,50,2
6,2528,141.054874984944,79,73
15,7732,599.631534116757,27,12
68,6445,3472.27205611874,86,18
85,8953,6904.92136969017,87,2
25,2920,335.167744164564,51,26
79,6924,4814.05940885965,82,3
94,5654,4932.76011273911,99,5
36,5652,1005.01973195415,85,49
48,6005,1691.72473741449,63,15
56,4595,1717.32700526096,82,26
97,6696,6168.36755483318,98,1
71,4037,2350.94410657001,88,17
52,6838,2225.86007116888,73,21
57,4357,1683.7318401358,73,16
5,9438,509.853130441367,70,65
91,7979,6685.51892598516,93,2
34,2817,462.788239813877,43,9
25,9612,1103.29875236637,89,64
26,3666,437.897848482195,81,55
55,5324,1923.48274724612,80,25
54,6832,2385.00755916623,87,33
14,1950,145.549611660479,70,56
20,3426,322.682689995478,85,65
50,3639,1102.77987046629,89,39
28,4623,598.059691038446,69,41
53,9869,3327.52132749866,66,13
55,3086,1114.92632569526,85,30
88,7032,5663.779719438,96,8
97,3775,3477.53696527707,97,0
24,7926,874.336120924312,68,44
99,3570,3400,99,0
42,5648,1269.15152313981,76,34
29,5318,715.97062462197,73,44
17,5551,465.009700748215,88,71
36,4727,840.539326423791,88,52
2,2624,130.100262285796,63,61
95,3915,3470.46884702721,95,0
40,5369,1116.68590644413,85,45
83,8541,6380.42212192032,94,11
12,4461,308.664812639352,75,63
95,1552,1375.77717767209,95,0
44,5565,1349.84427963213,76,32
66,9008,4592.83110151002,90,24
49,6658,1945.72220679191,87,38
82,7093,5209.77864794231,84,2
36,4578,814.044644884306,79,43
11,3019,201.21793054155,84,73
58,3490,1393.85899818265,84,26
30,9346,1309.44675603803,82,52
93,7268,6251.60069209976,94,1
48,6930,1952.31514242838,67,19
59,3816,1574.30298339717,80,21
70,1067,605.859841188227,78,8
94,4667,4071.66456422947,98,4
85,2040,1573.33179874544,89,4
74,9428,5898.5825840325,81,7
28,1127,145.795646074049,73,45
30,8574,1201.28359579179,71,41
84,4515,3428.16948689341,88,4
18,3872,337.218951330732,35,17
16,7836,631.525753401427,69,53
75,3446,2205.06322803934,91,16
2,6317,313.202498803114,66,64
2,9571,474.538723451734,11,9
68,1589,856.080728808795,78,10
66,6502,3315.11854152067,87,21
1,5463,264.58827259968,63,62
4,3081,161.400710155539,84,80
27,3242,403.00871593263,77,50
90,5965,4933.85566582213,96,6
23,5478,580.806812017279,67,44
25,1184,135.903633250289,91,66
58,3983,1590.75655867092,88,30
48,5870,1653.69262425031,55,7
47,8561,2324.24228480441,60,13
36,5380,956.653601895493,89,53
55,8557,3091.5180067966,90,35
95,6733,5968.49725339316,95,0
33,9488,1498.0194835532,61,28
5,1601,86.4881184399904,56,51
48,2961,834.171015401219,82,34
91,5385,4512.03401634667,91,0
94,2516,2195.05207705193,98,4
71,8741,5090.31519334368,84,13
65,4517,2238.3287244053,76,11
92,6383,5417.87675232714,98,6
81,4368,3152.30054863321,90,9
70,1537,872.7334357135,75,5
18,2603,226.699620432308,80,62
84,8064,6122.8701533352,86,2
36,8276,1471.61063369649,85,49
81,8271,5969.01965149846,84,3
83,9155,6839.1013378036,96,13
21,9667,947.044001911766,90,69
67,9808,5142.08682647608,80,13
12,5322,368.238989658514,26,14
0,5972,385.98333811304,82,82
48,6511,1834.27473194101,65,17
78,7516,5123.77163070919,79,1
71,4818,2805.75890647865,96,25
91,7214,6044.53359218661,92,1
9,4905,303.772231839355,82,73
69,4953,2740.38455138407,86,17
99,4648,4426.66666666667,99,0
94,9423,8220.97604215435,96,2
2,2736,135.653322261409,73,71
39,5621,1124.45105230235,73,34
78,7385,5034.466936241,84,6
21,4537,444.47487707393,83,62
86,5286,4138.44939593273,88,2
5,3494,188.750459606075,73,68
86,9731,7618.47352853223,94,8
39,8343,1668.97262575316,91,52
31,2487,362.620020119481,66,35
15,2492,193.259413220248,63,48
40,8678,1804.91717193558,86,46
67,8422,4415.44201188637,75,8
84,7778,5905.71478827396,86,2
2,9261,459.168646733519,12,10
16,9346,753.220991741926,71,55
55,6566,2372.19904553307,82,27
51,2510,788.48305418866,63,12
5,6301,340.388278757264,84,79
65,9287,4602.02764302679,90,25
23,4429,469.586230453546,63,40
71,4721,2749.27102479986,71,0
89,6641,5421.39428354206,96,7
96,7262,6561.95225878648,97,1
54,7935,2770.05781352225,75,21
94,5627,4909.20430746073,97,3
50,9869,2990.74870613681,71,21
71,3119,1816.34745315627,87,16
94,3097,2701.93810915335,95,1
97,8591,7914.04505131002,98,1
28,1202,155.498106992908,86,58
48,4879,1374.50874168948,77,29
43,3656,853.641920430044,52,9
42,7697,1729.57848328738,79,37
98,7726,7244.21911477451,99,1
79,6354,4417.75469149252,80,1
51,9030,2836.65417502932,56,5
82,2023,1485.8849858716,92,10
2,6407,317.66477914066,87,85
15,1180,91.5112791331832,76,61
58,8268,3302.12785013587,93,35
71,9469,5514.26548058247,85,14
90,1205,996.696743891982,94,4
7,2356,135.966109182837,72,65
23,6738,714.398740301647,76,53
64,2380,1145.53147866455,80,16
37,6246,1155.28060254076,83,46
16,4916,396.194564027746,67,51
29,2127,286.361323537219,89,60
11,3502,233.410133407257,87,76
45,9753,2456.89987141731,88,43
42,2434,546.939590531568,58,16
91,2352,1970.71569293359,94,3
23,1668,176.850266966926,71,48
28,3396,439.327430405919,84,56
57,8218,3175.78798766031,66,9
44,8339,2022.70466268685,57,13
26,3916,467.75994944252,83,57
0,5736,370.73014524722,80,80
93,7948,6836.50554496545,96,3
36,9360,1664.3638873126,61,25
25,4001,459.24867958987,65,40
24,8050,888.014859127014,61,37
35,7386,1262.4376729988,90,55
75,8135,5205.51055139294,88,13
58,5497,2195.42776877079,82,24
60,2010,856.131691710987,63,3
13,9784,703.011694232575,82,69
56,3859,1442.25569386334,57,1
93,6475,5569.49841515492,93,0
69,1727,955.51062391284,88,19
16,3396,273.693396956514,80,64
93,7292,6272.24439278914,93,0
62,2936,1330.86140358461,72,10
85,2094,1614.97881694753,88,3
58,5066,2023.29217329322,64,6
39,6671,1334.49794874737,86,47
17,8823,739.106573536569,66,49
16,2359,190.118587579628,67,51
92,6001,5093.63596909215,93,1
57,7935,3066.42463885186,82,25
84,9603,7291.40898840252,93,9
35,3394,580.112843509062,54,19
88,3412,2748.12519947703,89,1
41,2483,536.844698317071,91,50
86,5011,3923.14981517573,94,8
64,1702,819.199401969354,88,24
46,1074,280.909070176203,85,39
55,2851,1030.02428857977,67,12
17,7906,662.289081987999,88,71
27,8163,1014.73169283099,82,55
54,5014,1750.35537202276,78,24
49,8217,2401.32162409268,77,28
81,5023,3625.00129482248,90,9
55,4436,1602.66143252889,89,34
9,2136,132.284910745945,79,70
50,8783,2661.64210011142,80,30
69,7617,4214.31639973602,88,19
57,8618,3330.36515912102,84,27
65,2841,1407.81312951859,72,7
49,6123,1789.37474800043,90,41
34,3706,608.836782658938,91,57
44,4711,1142.69836502192,87,43
19,6066,549.361705043003,89,70
9,9166,567.660810813359,80,71
78,2601,1773.14130008976,83,5
21,6800,666.173498810387,76,55
92,4218,3580.22938137488,94,2
51,3046,956.860311975561,83,32
88,5691,4583.69885997179,93,5
54,3201,1117.44865294073,78,24
58,5289,2112.35537002523,85,27
49,1372,400.950866283943,70,21
73,7797,4766.22966755416,83,10
96,7176,6484.24255150809,97,1
92,6625,5623.2858349001,95,3
9,7719,478.046454142299,87,78
4,3134,164.177158593788,86,82
25,6607,758.374412909341,44,19
43,1035,241.662852200518,84,41
15,3065,237.69666995187,72,57
13,4726,339.578216163445,88,75
18,2921,254.3947719104,72,54
11,2285,152.296446269441,56,45
46,8912,2330.96986351054,77,31
19,3472,314.438483334867,79,60
14,2136,159.432805388094,84,70
21,8953,877.095784536675,71,50
24,1445,159.401425023421,25,1
5,6081,328.503590401987,63,58
91,3718,3115.27251119349,94,3
31,4637,676.103350741468,60,29
93,7750,6666.19501427809,93,0
43,5243,1224.19162713751,69,26
53,1197,403.591349581102,72,19
53,1672,563.74664703392,63,10
66,3088,1574.45186961178,68,2
73,2956,1806.9738229178,77,4
53,6462,2178.78638345286,74,21
22,2048,208.718021718241,82,60
43,9818,2292.41148106733,70,27
3,4500,229.059110042262,78,75
83,2249,1680.08071094706,97,14
35,4732,808.807889064491,79,44
39,8278,1655.96972263989,76,37
62,9912,4493.01710910446,84,22
78,4249,2896.60799080406,80,2
61,5830,2562.4060201698,69,8
78,4783,3260.6439209263,92,14
10,1172,75.2802268619705,68,58
32,7799,1183.34835901968,77,45
61,5568,2447.25158152752,70,9
79,2789,1939.11202936302,89,10
68,7760,4180.7340815332,68,0
65,4516,2237.83319004081,83,18
3,4559,232.062329485038,83,80
15,1283,99.4991280744696,78,63
50,9328,2826.80149263797,81,31
8,2624,156.808272930441,59,51
88,1098,884.361509093134,91,3
12,8476,586.470063199092,81,69
1,6225,301.494050326379,88,87
68,3739,2014.40267150163,76,8
90,4812,3980.16990174956,90,0
27,8265,1027.41117741616,77,50
15,4774,370.232920832048,89,74
8,5961,356.224891363704,83,75
49,4908,1434.30528551137,91,42
48,5475,1542.41347832546,84,36
70,2096,1190.14266835101,92,22
45,2241,564.535282666481,83,38
79,2674,1859.15581445562,89,10
79,1712,1190.30469496934,81,2
55,3985,1439.72177832002,81,26
23,9681,1026.43131565157,39,16
2,4730,234.51762218438,87,85
27,3227,401.144085846575,82,55
7,5793,334.317347409243,77,70
7,5083,293.342840821886,59,52
48,9610,2707.32301857673,82,34
10,9240,593.506225430553,72,62
26,1898,226.713070490782,73,47
88,6610,5323.88850191769,89,1
80,4116,2916.59591270518,91,11
65,8281,4103.52007234897,84,19
45,3760,947.189943251213,63,18
96,6530,5900.51614567277,96,0
51,9514,2988.69632571749,83,32
23,9770,1035.8675709034,64,41
74,5025,3143.86693728928,92,18
69,4251,2351.98359134539,93,24
58,2162,863.47368311487,63,5
27,2384,296.351875010299,76,49
65,2929,1451.42015359378,77,12
95,7425,6581.92367539643,96,1
71,3186,1855.36485596533,76,5
30,6498,910.419967979361,82,52
70,1916,1087.93575980941,80,10
4,6183,323.90152252246,85,81
64,3729,1794.82642182357,88,24
71,5958,3469.63710352839,89,18
32,6372,966.828534898497,79,47
90,7853,6495.48508695746,90,0
40,9573,1991.06615429123,86,46
63,8584,4010.6883923383,65,2
89,9519,7770.85562189984,93,4
15,3020,234.206833035774,56,41
75,5947,3805.42977862739,94,19
3,6722,342.163408378685,76,73
36,4359,775.102797520902,75,39
43,6407,1495.97477685867,79,36
57,9728,3759.31680992449,77,20
75,2478,1585.64906531674,77,2
70,5009,2844.19113824914,88,18
17,6304,528.088840482209,67,50
7,4387,253.176282251744,8,1
51,1542,484.398752812316,80,29
12,5730,396.469261695469,90,78
12,4279,296.071897171887,50,38
23,5184,549.635362084259,62,39
52,4113,1338.83627854893,68,16
83,6636,4957.32129739647,95,12
13,5481,393.827381039324,83,70
78,7884,5374.64283349006,89,11
78,5957,4060.97759501525,83,5
49,1152,336.658453322961,76,27
53,6253,2108.31805257362,86,33
85,2167,1671.27941562812,85,0
67,8171,4283.84904762806,72,5
52,2214,720.686486921307,53,1
25,3919,449.836434719495,67,42
29,1830,246.375750857128,79,50
79,4087,2841.57435066571,85,6
69,1971,1090.51038780093,78,9
90,8505,7034.77660315461,91,1
0,1100,71.0953904762799,71,71
14,2353,175.629864736978,49,35
75,5400,3455.409585436,77,2
18,3493,304.21120790244,85,67
68,3546,1910.42307385525,88,20
58,6007,2399.11490031037,87,29
53,9839,3317.40625608058,84,31
49,5971,1744.9545354092,67,18
7,3768,217.453437776287,78,71
90,6257,5175.37886019264,98,8
80,9662,6846.48923920249,88,8
96,7732,6986.64484507533,96,0
86,3533,2766.01243205265,88,2
10,1498,96.2199486682866,78,68
44,3985,966.600081641336,92,48
80,3103,2198.78452796992,88,8
38,5252,1010.32742582168,71,33
56,5943,2221.12609189682,71,15
93,5216,4486.564283158,97,4
77,9242,6173.18998330824,88,11
28,1326,171.539509045421,72,44
94,4367,3809.9333944697,95,1
41,7631,1649.88396812629,81,40
21,7487,733.476615528436,75,54
25,6051,694.554801349239,68,43
74,3543,2216.66080772456,75,1
61,4908,2157.16788113094,69,8
75,3871,2477.01676022644,82,7
66,3880,1978.26206414952,76,10
39,4687,937.609336797919,79,40
92,3865,3280.60373613417,93,1
16,2668,215.02178535924,79,63
36,2501,444.719453223165,78,42
61,1070,470.287211249002,86,25
43,2386,557.108758792693,89,46
13,2908,208.949101270271,72,59
95,8433,7475.46967738965,96,1
35,4013,685.914213612807,54,19
2,1243,61.6290495507789,74,72
89,2552,2083.33055437424,94,5
30,3440,481.970558610188,78,48
51,8868,2785.76403368328,73,22
18,6176,537.878162039928,49,31
56,3972,1484.48810987955,81,25
27,7267,903.351122357316,83,56
78,9287,6331.0892940921,94,16
27,4680,581.764586849077,62,35
36,8660,1539.89222907341,41,5
65,2226,1103.0594953567,77,12
72,6669,3980.38239508397,89,17
44,7459,1809.25219798312,55,11
16,3809,306.978253535737,46,30
90,3232,2673.29782262148,91,1
10,9303,597.552858785761,80,70
41,6414,1386.75871727978,60,19
51,1414,444.189258415444,82,31
34,9486,1558.39873726462,78,44
71,8472,4933.66323281177,91,20
21,6162,603.670749951412,67,46
79,6907,4802.23979448203,85,6
67,5810,3046.03634398715,80,13
52,4505,1466.43749935885,54,2
89,4334,3538.06999320453,93,4
37,7129,1318.6031725125,88,51
72,3078,1837.09956696183,81,9
80,4794,3397.02643476886,93,13
8,8163,487.814760644509,68,60
30,9774,1369.41286042325,81,51
64,2245,1080.55385277391,84,20
83,3885,2902.22924056439,91,8
67,3660,1918.84561428451,85,18
3,4952,252.066825095396,74,71
79,6861,4770.25730851907,82,3
29,2966,399.317200569531,30,1
70,8800,4996.78219536682,78,8
45,3685,928.296526829979,72,27
35,4978,850.854960220422,86,51
50,1790,542.450114903728,84,34
16,6750,544.001893243955,57,41
57,1333,515.12842389282,68,11
19,8501,769.885238142197,76,57
80,2057,1457.58935676253,81,1
32,1513,229.568671265133,71,39
6,3867,215.767089227365,83,77
69,1139,630.183324051375,89,20
13,8897,639.277907153232,67,54
54,3861,1347.85043705223,78,24
64,6348,3055.39236410192,82,18
37,6473,1197.26726548933,74,37
85,7176,5534.42597441044,89,4
16,2307,185.927758179823,73,57
12,4304,297.801693252583,34,22
57,1293,499.670706746749,66,9
46,6267,1639.15935083265,85,39
52,8970,2919.85446598199,65,13
99,1167,1111.42857142857,99,0
31,4782,697.245249783416,81,50
36,1954,347.453743141969,83,47
33,1111,175.411008244899,70,37
72,2621,1564.33981969037,81,9
21,2354,230.613590617596,73,52
12,4969,343.81426899909,26,14
36,5375,955.764518622356,73,37
14,5626,419.929289847106,58,44
3,6318,321.598990499336,63,60
51,5043,1584.19125190176,91,40
47,1514,411.038759396552,55,8
86,9868,7725.73186512754,92,6
13,3782,271.748796768969,55,42
51,3616,1135.91821671163,67,16
93,5109,4394.5277842512,99,6
24,2284,251.953532701379,85,61
50,7064,2140.70816294968,87,37
62,5401,2448.22290216638,76,14
72,2142,1278.44940624829,94,22
48,1375,387.364115561187,67,19
19,9346,846.411885151979,80,61
80,5590,3961.07170846015,92,12
20,6989,658.268920133798,83,63
27,7949,988.129636936605,62,35
55,3772,1362.76801701961,55,0
51,4790,1504.71467313294,83,32
50,8216,2489.81572293242,82,32
56,2068,772.89058691614,93,37
69,6121,3386.61292934018,76,7
3,9107,463.564736701084,84,81
14,8185,610.93516484155,35,21
30,1311,183.681221609871,74,44
6,7523,419.761006531541,74,68
74,3416,2137.20387219506,77,3
63,9492,4434.93175909542,70,7
0,7964,514.730627048267,50,50
91,7878,6600.89210413725,92,1
50,7264,2201.31711433557,71,21
39,6193,1238.87659969906,52,13
41,3839,830.022874280804,50,9
9,1028,63.6652098533856,68,59
29,3992,537.449178918937,80,51
51,3153,990.472936197946,73,22
78,7947,5417.59089266178,80,2
32,9779,1483.77530489209,78,46
35,4567,780.605585240391,73,38
36,9915,1763.05213063082,76,40
81,5402,3898.51821513658,84,3
77,8019,5356.28765160666,88,11
58,9679,3865.66224739539,72,14
54,5326,1859.27257905728,72,18
75,6907,4419.72481603823,79,4
43,6529,1524.46063963013,61,18
71,8122,4729.84097933159,81,10
60,3370,1435.40487615225,86,26
69,8270,4575.60675145292,83,14
0,4032,260.596922182146,81,81
53,2869,967.337996615022,67,14
37,1156,213.817543473762,62,25
75,4935,3157.86042669012,76,1
76,2386,1560.4451267551,81,5
55,7355,2657.2531190825,90,35
82,9262,6802.90001934888,86,4
81,5928,4278.12217314507,87,6
35,3704,633.098990087674,78,43
6,9976,556.631104766537,71,65
15,4868,377.522802390115,69,54
93,6710,5771.63465107174,94,1
51,1906,598.744502503421,57,6
31,9392,1369.41183311707,69,38
79,5759,4004.06818827595,81,2
77,1081,722.053491880135,82,5
24,6741,743.615921164621,82,58
40,5277,1097.5510389841,71,31
39,7211,1442.52206691909,64,25
89,9593,7831.26567715991,96,7
10,2555,164.113463850115,81,71
77,6447,4306.27091780872,79,2
6,2610,145.630230898222,68,62
40,3793,788.897307346353,56,16
42,6642,1492.51140522214,78,36
59,4022,1659.28894109628,88,29
7,8414,485.576758346517,86,79
52,3203,1042.61915881163,82,30
17,3362,281.636212198793,66,49
20,3917,368.928224376032,76,56
70,2822,1602.37719946877,83,13
63,4789,2237.5566997796,75,12
86,7151,5598.57200724838,90,4
57,3290,1271.39723526435,78,21
80,2650,1877.78891367073,86,6
33,8182,1291.82076459025,73,40
27,4302,534.775908680497,50,23
20,8199,772.234493658179,83,63
25,3434,394.16644981545,76,51
86,6962,5450.60247720084,98,12
3,8941,455.115000641747,84,81
5,5515,297.927528542503,65,60
22,1887,192.310013174961,81,59
64,8009,3854.85782043041,80,16
89,9083,7414.92610712431,91,2
75,3210,2054.04903134251,78,3
76,3920,2563.68185116513,90,14
29,6875,925.591960187297,49,20
67,9372,4913.50303198754,89,22
18,4957,431.713414707241,89,71
99,7302,6954.28571428571,99,0
89,1079,880.843913859642,95,6
54,1893,660.834208065233,89,35
50,3184,964.894506063391,64,14
74,2229,1394.56306531697,79,5
66,2329,1187.46709984645,93,27
32,6379,967.890650363702,71,39
45,7689,1936.95305150494,87,42
14,3814,284.680112242599,81,67
64,2860,1376.56303738681,82,18
1,2214,107.230173079936,69,68
9,5040,312.132935467961,40,31
30,7829,1096.90334399976,72,42
51,2204,692.357231646138,55,4
11,9997,666.305283744246,79,68
66,9129,4654.52432567551,66,0
43,3932,918.085347683515,49,6
98,9715,9109.18828631043,98,0
85,5642,4351.34216104009,90,5
8,4955,296.107085506988,38,30
91,6550,5488.17508023597,92,1
40,6272,1304.49879031804,80,40
97,4619,4255.03132254696,97,0
65,1450,718.524828511774,76,11
21,2116,207.297518159232,85,64
4,1701,89.1082791218996,47,43
31,3803,554.500979700195,62,31
21,3254,318.78361251897,26,5
60,9670,4118.8027158434,76,16
77,7372,4924.12427580051,86,9
49,4452,1301.04464773769,91,42
65,7728,3829.48956878551,82,17
85,4551,3509.9181451424,87,2
40,9226,1918.89442593658,87,47
92,5644,4790.61513240395,93,1
14,4733,353.275031789255,85,71
65,8828,4374.57736972548,85,20
63,6544,3057.54250226722,66,3
51,6712,2108.48536243597,72,21
84,4855,3686.32621458859,92,8
27,3027,376.282351365845,74,47
31,5204,758.775466305499,89,58
61,6599,2900.39748320763,86,25
31,4436,646.79630448332,69,38
38,7505,1443.73711553535,76,38
81,2618,1889.35962370003,87,6
88,4512,3634.09756742097,92,4
93,5214,4484.84397476722,98,5
29,2091,281.514587454784,79,50
50,2885,874.284123741483,78,28
63,2717,1269.45950162898,81,18
40,6045,1257.28558473733,83,43
99,7450,7095.23809523809,99,0
2,2615,129.654034252041,26,24
49,9374,2739.4412686193,89,40
20,3107,292.637220611777,79,59
86,8591,6725.95890284867,89,3
38,6997,1346.01313756174,86,48
42,2256,506.941543237148,75,33
2,5247,260.150943678952,82,80
19,2962,268.250802891094,60,41
23,1737,184.166015420594,66,43
14,7324,546.669413231461,88,74
35,9635,1646.84362027396,91,56
23,4288,454.636657526486,80,57
10,2913,187.108618471775,84,74
17,2905,243.353122081348,62,45
16,8404,677.302505306992,36,20
91,1448,1213.2637429285,93,2
37,7162,1324.70696051824,91,54
84,1133,860.269330819541,85,1
8,4757,284.274753936779,77,69
39,5556,1111.44814918908,82,43
55,2704,976.915354724553,79,24
94,4280,3734.03135523937,95,1
9,5904,365.64143869104,76,67
23,6278,665.627083943862,81,58
52,4107,1336.88319863858,83,31
87,7844,6230.45108331286,91,4
24,2328,256.807278515241,75,51
91,1771,1483.90199497678,91,0
48,5355,1508.60715551284,64,16
77,2459,1642.48800789385,88,11
14,7822,583.840544824753,85,71
83,9108,6803.99071378647,86,3
29,3947,531.390758815893,78,49
53,9185,3096.8976991666,67,14
48,4508,1269.99086032715,54,6
11,5100,339.917670010569,90,79
82,6180,4539.18399045305,82,0
31,6282,915.954550217361,86,55
54,9506,3318.48387843006,75,21
59,8979,3704.31511738029,93,34
29,5043,678.946946214478,53,24
72,2323,1386.47897792473,72,0
39,3354,670.949800644382,68,29
39,8177,1635.76521164851,70,31
8,7124,425.724899526091,78,70
15,5403,419.013085725923,75,60
81,7164,5170.11930641216,89,8
89,6223,5080.15910653249,90,1
65,6111,3028.21050140376,71,6
30,5772,808.701762877327,53,23
27,2093,260.178051340837,79,52
58,7461,2979.82291846441,65,7
63,1136,530.771436823894,63,0
28,6457,835.317202040936,73,45
59,7626,3146.13064763806,80,21
85,3402,2623.76214673137,96,11
5,1535,82.9227119334074,78,73
32,7796,1182.89316667745,78,46
46,7617,1992.25734407089,78,32
62,2579,1169.0366348245,66,4
24,3610,398.2277815464,69,45
91,6776,5677.53806773725,94,3
84,4578,3476.00440996634,84,0
59,6689,2759.5683060649,75,16
91,4343,3638.95333946028,93,2
49,4975,1453.88524764039,71,22
8,4519,270.052052352387,68,60
81,2291,1653.37009086966,91,10
99,4996,4758.09523809524,99,0
95,7781,6897.50143006864,98,3
99,3138,2988.57142857143,99,0
25,9788,1123.50064379546,85,60
14,3738,279.007409429165,89,75
9,3318,205.487515849741,72,63
3,6997,356.16146510349,86,83
6,1155,64.4455619492131,87,81
96,4650,4201.74580051737,97,1
76,6382,4173.83101381017,79,3
70,3397,1928.87149064331,93,23
42,7343,1650.03180496027,68,26
34,4509,740.756895037547,72,38
39,1882,376.484056294791,59,20
73,4792,2929.30262497365,75,2
13,7538,541.629410376651,88,75
36,9879,1756.65073106423,76,40
5,8808,475.819704696711,87,82
63,6144,2870.65115127289,66,3
31,9265,1350.89444568033,48,17
2,1398,69.3140879098865,86,84
54,5200,1815.28678390872,73,19
46,7870,2058.43052354443,70,24
46,3580,936.363567254009,88,42
9,8600,532.607786711203,59,50
99,7845,7471.42857142857,99,0
59,4877,2012.02192086688,91,32
58,7909,3158.7480849933,86,28
75,6529,4177.84614505771,82,7
70,5350,3037.8164483196,86,16
37,7984,1476.74677084301,79,42
0,2520,162.873076363841,75,75
6,3070,171.296861631242,89,83
57,1486,574.254191976542,75,18
43,2395,559.210174898784,82,39
60,7870,3352.11761878879,84,24
23,9350,991.336928141942,66,43
97,5551,5113.59144218623,98,1
40,5041,1048.46594419535,74,34
36,3555,632.13820720046,70,34
23,9124,967.375201322682,87,64
22,3403,346.810267532799,69,47
72,4357,2600.46875024454,89,17
40,4978,1035.36271973903,80,40
0,1101,71.1600226494402,75,75
62,2181,988.626948643748,77,15
41,3401,735.323728947386,69,28
21,3518,344.646818943374,91,70
78,6839,4662.25042341939,82,4
49,3907,1141.7748065389,91,42
61,4979,2188.37385496148,93,32
74,9885,6184.50242290637,86,12
70,9882,5611.15927893351,71,1
26,4952,591.508495822104,83,57
28,1252,161.966414272147,85,57
46,7329,1916.92977218006,78,32
82,6963,5114.2941950687,87,5
99,6837,6511.42857142857,99,0
57,1100,425.087221516956,85,28
23,2316,245.554687227458,53,30
20,1047,98.6131863471293,76,56
15,1427,110.666606205977,43,28
58,1355,541.168751443409,76,18
37,4537,839.178369152645,45,8
25,4541,521.231755565509,70,45
0,3077,198.873196814103,50,50
30,4605,645.196053023231,59,29
47,1951,529.680726276534,70,23
67,4033,2114.40009901897,76,9
32,2966,450.033495685647,78,46
36,6479,1152.07410533102,70,34
44,2590,628.229413162123,76,32
61,5555,2441.53781167122,77,16
79,8131,5653.25202967039,82,3
81,6136,4428.23172307998,91,10
85,7894,6088.17706828261,88,3
33,7905,1248.08642680101,90,57
42,3150,707.83061223272,83,41
99,5712,5440,99,0
23,9824,1041.59293925844,86,63
31,7503,1093.98392077059,63,32
95,2088,1850.91671841451,96,1
46,9728,2544.39798386788,84,38
27,6961,865.3126686018,54,27
98,3732,3499.2785058683,99,1
42,1991,447.393888557253,87,45
80,8165,5785.71565287605,92,12
2,9582,475.084113270767,60,58
3,6834,347.864435117515,68,65
29,3848,518.062234589195,52,23
37,7724,1428.6563198887,79,42
63,1882,879.323806428317,94,31
83,4038,3016.52552725843,91,8
71,2902,1689.97765599856,79,8
65,3988,1976.19104558962,90,25
99,6708,6388.57142857143,99,0
22,5897,600.981530308821,60,38
24,6235,687.797844305209,78,54
16,8585,691.889815333238,60,44
24,5545,611.682284951465,71,47
81,5803,4187.91210707841,82,1
50,8184,2480.11829071067,67,17
68,6628,3570.86410984562,82,14
97,1957,1802.79201087344,98,1
56,6202,2317.92428435875,62,6
66,9760,4976.24684177818,87,21
27,5332,662.813841256256,87,60
59,7210,2974.50851946897,88,29
61,6817,2996.21300849014,67,6
98,7874,7382.99007374249,98,0
95,5504,4879.0448362804,98,3
73,5909,3612.11377524401,77,4
4,4129,216.301049085434,89,85
34,9226,1515.68487771488,89,55
88,2181,1756.64157680521,88,0
71,1231,716.871982954591,76,5
87,5574,4427.40111402165,89,2
26,4651,555.554526265873,87,61
44,6114,1483.00951045298,77,33
86,5668,4437.52008629336,98,12
21,9913,971.143807898142,71,50
21,9310,912.06989322422,84,63
53,1933,651.747768371153,82,29
5,5485,296.306889221329,66,61
74,1368,855.882581136663,79,5
58,8820,3522.58921603754,80,22
25,2759,316.687604845901,79,54
88,5100,4107.69006955827,95,7
60,5393,2297.07373800863,70,10
29,6301,848.313445984023,88,59
6,3151,175.816420521187,76,70
2,5522,273.785689154788,69,67
45,6976,1757.33963939374,82,37
48,7496,2111.76829836121,72,24
6,6003,334.94953106591,80,74
64,1382,665.178362821179,80,16
64,3366,1620.10880553986,76,12
67,6454,3383.66928813995,84,17
45,4910,1236.88899504347,74,29
20,5958,561.162716577074,77,57
69,3563,1971.32851939864,81,12
44,5542,1344.26540839555,76,32
37,7182,1328.40622597626,79,42
1,6175,299.072411367934,83,82
25,2811,322.656345495407,73,48
88,2321,1869.40169636172,88,0
69,3902,2158.88966676775,70,1
94,3828,3339.68972613465,99,5
70,8600,4883.21896365394,79,9
82,5767,4235.83722863151,86,4
53,5992,2020.31693123639,84,31
38,1820,350.11346439365,57,19
47,1002,272.034898887282,75,28
26,6885,822.402260447331,82,56
77,2726,1820.83054474121,87,10
70,7115,4040.01196818579,82,12
26,6178,737.952238931534,66,40
93,2223,1912.12277635357,97,4
53,3014,1016.22750846904,78,25
89,7415,6053.25080747845,91,2
18,9118,794.101859047937,77,59
45,5315,1338.91344371814,73,28
44,1128,273.607250211148,62,18
58,9117,3641.20701616941,87,29
44,6945,1684.57655382662,48,4
73,4608,2816.82522868919,90,17
60,9900,4216.76803380038,76,16
56,2142,800.547213333835,77,21
69,7010,3878.47682317835,90,21
9,4470,276.832186813846,65,56
53,4185,1411.05246282115,92,39
30,6864,961.699393691957,72,42
77,8562,5718.98427148725,84,7
76,5566,3640.16662846559,82,6
96,4381,3958.67706496056,97,1
78,9646,6575.82505984844,86,8
78,7356,5014.69719471751,82,4
17,3672,307.605047945855,64,47
27,8091,1005.78146841792,74,47
87,8163,6483.83123318241,98,11
91,4051,3394.28965649403,97,6
33,2461,388.55669783141,84,51
38,2653,510.357703866128,75,37
97,7915,7291.31260401802,98,1
6,4563,254.601817466891,88,82
64,4865,2341.60111079959,72,8
48,6416,1807.51139304769,80,32
96,6727,6078.52559141512,97,1
76,1221,798.53457660016,84,8
22,3815,388.798463308148,66,44
39,4572,914.604200520607,84,45
35,8903,1521.72794512704,74,39
71,9283,5405.94851159014,84,13
78,7053,4808.13748155826,91,13
52,9671,3148.03930217523,74,22
75,9641,6169.1858913312,90,15
41,8965,1938.30556601391,58,17
28,6382,825.614741122077,68,40
50,9402,2849.22680465075,70,20
87,2898,2301.86731762374,88,1
8,9867,589.644523248728,78,70
97,9181,8457.55413992286,97,0
73,3932,2403.59305538322,82,9
82,2689,1975.05918290101,84,2
78,8344,5688.23183696614,83,5
11,7252,483.349596650322,26,15
66,3799,1936.96329425362,86,20
87,2043,1622.74497236208,91,4
62,9301,4216.0565104702,82,20
94,3760,3280.36399432244,99,5
94,4892,4267.9629415493,97,3
72,9782,5838.37165822633,77,5
10,4318,277.354965520468,70,60
31,2058,300.069160195372,72,41
71,1216,708.136743519726,90,19
93,2597,2233.8204454297,93,0
43,2740,639.764458965624,91,48
60,6654,2834.17924211189,85,25
50,7385,2237.98552992404,85,35
35,4165,711.894517741674,83,48
66,4314,2199.54189297449,85,19
95,5272,4673.38742312323,95,0
14,2782,207.650779302284,81,67
45,3179,800.828944041385,74,29
12,2513,173.879102031538,68,56
38,7415,1426.42381235105,76,38
72,1916,1143.56165376831,84,12
78,3050,2079.23143609141,88,10
65,4321,2141.20398896509,72,7
46,5130,1341.77237430533,65,19
36,5667,1007.68698177356,67,31
40,7281,1514.35836930894,78,38
97,9788,9016.72365990251,97,0
39,4024,804.979725042634,61,22
83,7618,5690.90922898829,83,0
23,6838,725.00127429247,56,33
63,4476,2091.31421762654,85,22
40,1119,232.73822486701,71,31
78,7444,5074.68813451293,80,2
53,6112,2060.77721690868,67,14
62,2771,1256.0684432333,74,12
39,1377,275.461501337899,85,46
26,8382,1001.21652099775,67,41
20,7577,713.650537681183,83,63
60,9818,4181.84126826789,84,24
56,5624,2101.90360774486,72,16
68,5349,2881.79724254138,72,4
97,4774,4397.81760853847,97,0
49,6565,1918.54405040385,71,22
77,2728,1822.16644389362,96,19
59,3418,1410.10681269694,89,30
60,5155,2195.70093073141,90,30
0,7241,468.001565853403,88,88
29,1723,231.970174167667,75,46
48,9547,2689.57469910011,70,22
76,8649,5656.45008436919,78,2
53,3495,1178.40582020547,86,33
82,4135,3037.14009717206,87,5
42,8404,1888.44713181072,76,34
17,2000,167.540875787503,71,54
79,9037,6283.16794885393,80,1
20,5617,529.045145856567,69,49
23,7400,784.587515320895,64,41
35,4473,764.538818213328,87,52
71,3983,2319.4972446045,72,1
26,7042,841.155659850415,73,47
21,1578,154.59143840041,91,70
21,1880,184.177379082872,72,51
57,5260,2032.68980470835,86,29
6,1670,93.1810289655289,69,63
76,3633,2375.9837156334,93,17
62,9622,4361.56281515367,80,18
45,1072,270.049898714176,70,25
16,2201,177.384913634066,76,60
3,1855,94.4232553618657,42,39
91,8143,6822.93277532237,94,3
1,1411,68.3386514073126,48,47
16,6148,495.484983653902,60,44
18,1792,156.068274996041,88,70
78,4139,2821.61931605978,92,14
1,5188,251.269258328234,60,59
65,2689,1332.49190611597,88,23
39,4700,940.209917420572,52,13
66,8353,4258.87191284561,85,19
23,5293,561.192124134256,28,5
68,6513,3508.90735477135,76,8
52,7602,2474.55224642086,76,24
87,6210,4932.57282347945,88,1
81,7563,5458.06983729692,85,4
82,9018,6623.68304626304,88,6
53,5130,1729.67721249044,77,24
95,1966,1742.76928563359,96,1
76,4104,2684.01793805656,79,3
3,6350,323.227855281858,35,32
81,3850,2778.47003485299,85,4
93,2679,2304.35308945174,96,3
79,7017,4878.71965221955,96,17
60,5338,2273.64724893196,77,17
14,6904,515.320266104589,88,74
61,9034,3970.63052936774,63,2
15,5206,403.735355226569,67,52
84,6326,4803.23370411687,89,5
72,6231,3718.96276859622,82,10
12,7131,493.40703405766,74,62
92,5333,4526.63899736184,94,2
97,2922,2691.75179140122,98,1
65,5480,2715.52831741002,73,8
30,3421,479.30851192019,59,29
92,1993,1691.65413871032,97,5
10,8362,537.110287559554,75,65
47,6069,1647.68443248195,65,18
10,3646,234.190876398246,74,64
87,8350,6632.36442448525,90,3
46,3913,1023.46107225278,69,23
47,2164,587.508504183711,72,25
65,6767,3353.28104450978,79,14
71,6258,3644.34189222569,87,16
16,6198,499.514627307561,65,49
10,2702,173.555608345601,85,75
74,1550,969.750000556891,86,12
37,6170,1141.22339380027,73,36
81,2226,1606.460856515,87,6
20,1724,162.377395666142,82,62
0,2884,186.399187394174,72,72
16,1022,82.3659162807885,74,58
14,6757,504.348064610184,21,7
63,3343,1561.9444659351,69,6
9,8603,532.793580125172,61,52
84,5098,3870.83234644132,96,12
19,5853,530.07155615178,19,0
13,6315,453.752948597579,82,69
50,1388,420.626122618086,87,37
94,1620,1413.34831670275,95,1
43,3017,704.44137689755,84,41
22,9649,983.359468534816,67,45
67,3220,1688.16472076397,84,17
2,7038,348.950322396124,65,63
37,3886,718.767278493978,63,26
5,2879,155.527353522006,78,73
36,2054,365.23540860471,91,55
26,8428,1006.71114757445,67,41
71,5685,3310.65574581385,76,5
28,4543,587.710399391664,75,47
72,4037,2409.47724230829,94,22
14,3203,239.074567255649,83,69
21,1665,163.114540517543,80,59
97,5616,5173.46956211815,98,1
90,1102,911.501918480468,98,8
83,6665,4978.98529944959,86,3
9,3024,187.279761280776,77,68
50,4915,1489.46498030828,82,32
69,1381,764.07653249776,84,15
44,2362,572.925820034337,73,29
9,2464,152.598324006559,85,76
85,9805,7562.01876798973,91,6
9,1570,97.2318866437894,64,55
90,5789,4788.28004181799,95,5
64,5776,2780.07975662455,78,14
26,3749,447.812066001023,80,54
75,2260,1446.15290057136,94,19
35,8267,1413.02088311415,42,7
28,7651,989.780379869165,84,56
28,3228,417.593917947676,80,52
48,2206,621.47290103853,61,13
14,5016,374.398385686648,69,55
47,4361,1183.97624156431,66,19
90,9373,7752.72911244776,93,3
93,9966,8572.29671126393,93,0
88,5320,4284.88454314706,89,1
34,4742,779.035084557119,68,34
41,7369,1593.23744740173,77,36
93,1265,1088.09505716926,98,5
94,3081,2687.97911343283,95,1
91,6516,5459.68684317826,94,3
70,6593,3743.61193341516,81,11
8,1313,78.4638957155751,69,61
2,9729,482.37250448876,76,74
70,5281,2998.63713337866,75,5
90,9552,7900.78613913378,90,0
28,1177,152.263953353288,90,62
96,9778,8835.41299730297,98,2
38,7744,1489.71355399144,85,47
37,4145,766.672766175383,91,54
41,4438,959.531522807557,87,46
39,3596,719.360609158378,69,30
0,5091,329.042393558856,70,70
43,2622,612.21255890798,66,23
49,6483,1894.58051466385,71,22
23,9905,1050.18099179101,67,44
24,6502,717.251256402962,47,23
32,4722,716.472746671485,63,31
60,1400,596.310631042478,63,3
27,3972,493.754046787293,88,61
55,9102,3288.41847585166,79,24
22,1223,124.639717071,84,62
31,1393,203.10803700299,43,12
26,5644,674.166791280281,87,61
24,2659,293.320684524066,83,59
13,8432,605.866169845571,55,42
92,6998,5939.88743737824,96,4
46,4433,1159.46918816677,83,37
62,6971,3159.88925217587,90,28
50,8667,2626.4889083076,86,36
42,2745,616.82381923137,61,19
53,2059,694.231068327058,77,24
90,1466,1212.5787772163,90,0
23,7910,838.660438674092,82,59
71,7265,4230.76763295297,74,3
56,4790,1790.20595325353,73,17
85,5400,4164.70182020852,90,5
91,2163,1812.35461046571,96,5
15,3983,308.889343040228,82,67
45,4363,1099.09301127794,56,11
96,8268,7470.9751136941,97,1
77,1786,1192.95794310631,89,12
93,4716,4056.48718546264,94,1
77,5156,3443.94801492505,86,9
3,2240,114.020534776593,40,37
18,1122,97.7168552151553,77,59
36,1718,305.489012649899,82,46
70,3311,1880.03930100677,89,19
95,5772,5116.61460665161,96,1
86,3754,2939.03500422464,88,2
62,6091,2760.99346363552,66,4
37,3492,645.891748970914,81,44
80,4642,3289.31929707907,85,5
55,3336,1205.24764177556,76,21
36,6259,1112.95444131299,79,43
18,3022,263.19103071319,64,46
90,4487,3711.35127787828,98,8
97,8407,7744.54391181042,97,0
7,5205,300.383530686192,46,39
87,5455,4332.87999228348,91,4
78,1652,1126.1935516141,78,0
33,1708,269.668768750934,66,33
6,8295,462.836308544348,21,15
27,1202,149.419024229186,84,57
15,9073,703.628674216416,74,59
13,2023,145.35902058795,30,17
80,5176,3667.71147817347,84,4
28,6370,824.06234737506,83,55
34,8552,1404.95741103595,76,42
14,4568,340.959295417984,69,55
47,6621,1797.54796959351,61,14
99,1394,1327.61904761905,99,0
48,5597,1576.78323985161,72,24
17,7351,615.796488956967,82,65
93,5035,4330.87637379228,93,0
78,1591,1084.60892289227,86,8
19,5710,517.120892811663,73,54
14,6151,459.115723755696,90,76
30,4602,644.775729861653,68,38
94,7155,6242.28839877049,97,3
55,4040,1459.59246785769,63,8
97,7001,6449.33411759067,99,2
72,6421,3832.36397643337,82,10
86,1661,1300.40946777228,92,6
12,9128,631.583144983637,58,46
56,8537,3190.6029692955,87,31
39,4879,976.017912147866,90,51
59,1406,580.049788956085,65,6
27,1496,185.965773915859,72,45
44,3531,856.478014623728,78,34
78,7645,5211.71289472748,89,11
9,4402,272.620869430548,43,34
48,2075,584.567665301428,93,45
8,2609,155.911884175122,81,73
9,7495,464.173879232612,73,64
33,3300,521.022796767026,84,51
7,3241,187.039965985389,70,63
20,4236,398.973693759732,34,14
33,7292,1151.30249515914,84,51
6,7153,399.11610789846,25,19
6,4031,224.91780105392,78,72
89,9673,7896.57384500864,89,0
51,7733,2429.21890758602,76,25
41,2024,437.605183001914,84,43
97,7559,6963.3647471601,98,1
23,5416,574.233240942968,56,33
15,2114,163.944783125042,66,51
99,5168,4921.90476190476,99,0
11,9383,625.381862295915,77,66
83,5559,4152.76508321684,92,9
82,1069,785.17600093759,90,8
18,7252,631.588800374604,80,62
33,6757,1066.83364780448,60,27
10,4006,257.314495570865,23,13
67,1873,981.966621736306,88,21
31,7639,1113.81356400994,39,8
93,5116,4400.54886361893,98,5
17,6265,524.821793404353,61,44
15,6337,491.446589717781,63,48
48,6625,1866.39073861299,81,33
53,6961,2347.03373804014,85,32
9,5491,340.063878701304,79,70
64,8814,4242.31699703754,89,25
21,1745,170.951875797665,71,50
48,8399,2366.16087752612,88,40
88,3420,2754.56863488025,92,4
45,5316,1339.16535593709,79,34
77,6238,4166.66945638139,85,8
96,4441,4012.89313980594,99,3
10,2499,160.516456423263,89,79
75,3342,2138.5145989865,78,3
53,4153,1400.26305330853,65,12
89,6631,5413.23076256097,91,2
19,2151,194.803334577563,80,61
48,8429,2374.61245822927,93,45
14,5700,425.452711007555,80,66
54,1203,419.959615585037,88,34
51,3850,1209.42619865591,89,38
34,1236,203.05511693644,85,51
56,7090,2649.8038013711,94,38
0,6623,428.058882840365,80,80
33,1278,201.77791947523,70,37
39,1666,333.2744090261,71,32
44,4381,1062.65369075802,76,32
8,3568,213.221005265173,68,60
37,2038,376.955150172601,81,44
94,9117,7954.01024899938,96,2
71,3812,2219.91551504703,75,4
88,7047,5675.86116081905,89,1
48,2362,665.421120694927,91,43
64,7590,3653.18652229577,88,24
27,8962,1114.0543220815,75,48
26,6582,786.209394083418,72,46
42,5674,1274.99393454237,91,49
56,2552,953.779873215662,74,18
22,1333,135.850157690632,84,62
1,8864,429.308154553096,88,87
95,2838,2515.75749370708,97,2
96,3595,3248.44648448601,97,1
13,5640,405.252039602588,80,67
8,4167,249.016796227572,88,80
13,7757,557.365260850581,48,35
70,2613,1483.70362232881,81,11
3,2166,110.253784967009,70,67
59,6793,2802.47383810717,60,1
62,8611,3903.28594900106,76,14
2,5162,255.936567804602,43,41
34,7934,1303.42985256773,82,48
71,9437,5495.63030312142,88,17
60,1838,782.870671325768,78,18
76,2396,1566.98513147746,96,20
53,8362,2819.40757326414,86,33
70,8632,4901.389080728,81,11
80,1897,1344.21342235222,82,2
69,2727,1508.78834476567,74,5
87,3605,2863.43398206818,88,1
59,5677,2342.06447503819,80,21
55,6726,2430.00468782446,89,34
5,8188,442.326492059114,75,70
80,6380,4520.86538461104,94,14
55,2154,778.208459347887,81,26
26,8434,1007.4278379975,55,29
36,8121,1444.04905222924,65,29
70,2357,1338.34268573632,82,12
56,5501,2055.93380978031,58,2
21,1538,150.672770760349,78,57
50,8764,2655.88424972976,80,30
26,1262,150.743885647717,62,36
90,6389,5284.56057819574,94,4
95,7275,6448.95552033792,96,1
7,4688,270.547164621877,55,48
27,6427,798.931837538251,65,38
44,4966,1204.5510678622,92,48
80,7953,5635.49253978239,80,0
12,9980,690.534595413749,77,65
9,8283,512.975615968476,69,60
80,5646,4000.75328550375,84,4
96,2948,2663.81647740327,98,2
74,2627,1643.56983965352,82,8
18,3470,302.2080994622,79,61
78,6624,4515.68165005557,80,2
70,8576,4869.59137584839,91,21
36,7207,1281.52462989978,80,44
62,6016,2726.99666347583,89,27
69,4342,2402.33186394299,76,7
83,3218,2403.95719334265,97,14
55,9537,3445.57756583138,65,10
81,6932,5002.68942379245,81,0
42,5594,1257.01728407296,73,31
81,8960,6466.25753565786,81,0
56,3639,1360.03329099992,72,16
82,2418,1776.0108234491,87,5
1,3391,164.235554161727,72,71
14,1134,84.6426972425556,83,69
75,3231,2067.48673528587,93,18
25,2008,230.485215850152,71,46
78,7859,5357.59995286636,88,10
38,9880,1900.61594956553,86,48
14,8922,665.945453966562,61,47
37,1846,341.442201775575,37,0
21,6696,655.984962946228,33,12
64,5279,2540.86583019754,86,22
96,1195,1079.80349067059,97,1
91,5026,4211.23174859023,92,1
60,7948,3385.34063966116,70,10
55,8775,3170.27819441862,74,19
26,8412,1004.79997311299,89,63
9,4804,297.517186902398,55,46
37,4316,798.301485841485,72,35
16,4422,356.381684729595,90,74
29,8826,1188.25812954372,80,51
66,6778,3455.84027598079,85,19
95,3184,2822.47070470872,96,1
82,9034,6635.4349789244,85,3
70,6706,3807.77515933294,80,10
49,3683,1076.31344061499,91,42
29,4032,542.834441232754,85,56
67,7778,4077.80906773358,86,19
79,3831,2663.58486356749,89,10
65,9153,4535.62603818501,70,5
14,2618,195.409683757505,90,76
50,1515,459.112806748127,73,23
7,1858,107.226243999029,26,19
25,8693,997.812739733752,84,59
83,3293,2459.98478485934,88,5
5,5620,303.599766166612,62,57
88,6440,5186.96549959908,90,2
48,3656,1029.9659683576,64,16
61,3351,1472.83406064991,88,27
32,5084,771.399289300684,76,44
91,1099,920.840368424326,91,0
91,4269,3576.94952939349,97,6
89,8445,6894.09346853075,89,0
41,4378,946.559037145445,74,33
73,8990,5495.49887281158,77,4
49,2881,841.938371548135,87,38
17,2304,193.007088907203,82,65
61,2320,1019.6881589698,89,28
48,6476,1824.414554454,66,18
62,4435,2010.34411610959,87,25
29,9808,1320.46631934793,43,14
15,8793,681.914133405153,61,46
51,4261,1338.53637207087,77,26
19,3871,350.573550976173,51,32
79,4086,2840.87907923173,84,5
12,8776,607.227616167441,73,61
45,8528,2148.30740320382,56,11
80,5157,3654.24808596225,88,8
38,4447,855.469547339869,54,16
88,3615,2911.62737283395,89,1
15,6797,527.120478193429,64,49
23,2895,306.943359034323,66,43
70,1012,574.629952467184,72,2
75,3522,2253.69491850104,80,5
2,4593,227.725039892782,21,19
13,2898,208.23056928516,72,59
47,2096,569.047053959823,79,32
26,9489,1133.44590405007,86,60
81,7714,5567.04359710544,82,1
68,8059,4341.82164472629,87,19
15,6461,501.063029219913,60,45
27,5892,732.426697802299,79,52
7,8966,517.432994453871,58,51
8,2700,161.34997595739,85,77
6,4641,258.953985286838,74,68
98,9124,8555.04209205315,99,1
42,3099,696.370497558476,74,32
85,5042,3888.59751435025,91,6
10,9195,590.615773033975,84,74
71,7045,4102.65078790828,75,4
25,5572,639.573517289367,70,45
47,7098,1927.04961307578,76,29
80,4056,2874.07993730132,85,5
21,9556,936.169699210596,79,58
60,3129,1332.75426037994,62,2
95,9547,8462.97984229088,95,0
21,3797,371.9795257328,66,45
91,6249,5235.97039334269,91,0
43,1612,376.386973668827,75,32
2,2161,107.144308993752,68,66
1,8913,431.681360732372,13,12
33,3508,553.863021532948,87,54
1,6365,308.274639410024,52,51
43,6334,1478.92995733148,91,48
6,2124,118.512877558553,80,74
55,5758,2080.28055196153,77,22
92,9659,8198.53854781887,96,4
7,4661,268.988979160104,69,62
59,9147,3773.62405375627,81,22
70,6370,3616.9889300553,78,8
80,3708,2627.48727995889,82,2
19,1580,143.091245296397,82,63
83,9635,7197.67792351039,87,4
32,5221,792.186406262563,74,42
64,7259,3493.87100992687,75,11
68,6945,3741.64925209382,82,14
4,4990,261.405239752075,53,49
9,1280,79.2718566267837,56,47
5,3062,165.413253381168,83,78
59,1046,431.530639578994,68,9
72,8331,4972.34453942788,79,7
40,2227,463.188585146409,89,49
51,8935,2806.81119090664,75,24
42,3881,872.092255896885,88,46
31,8351,1217.62757861592,70,39
25,6945,797.171227131129,48,23
63,7603,3552.3373540247,68,5
15,3674,284.925796216369,89,74
49,6806,1988.9734664202,75,26
32,5021,761.840250113834,87,55
18,3731,324.939025675351,85,67
59,9641,3977.42533095705,88,29
14,1457,108.75168419965,86,72
22,5734,584.369695572457,36,14
63,3622,1692.30118325365,85,22
86,9191,7195.70344268212,91,5
91,9030,7566.1406067986,96,5
71,8063,4695.48237088779,85,14
43,7704,1798.81218681429,78,35
25,6768,776.854552228003,65,40
39,8729,1746.18986577961,58,19
28,2395,309.831918675552,79,51
14,5350,399.328421735161,82,68
46,8364,2187.63823366272,51,5
45,5639,1420.53300265787,46,1
99,2523,2402.85714285714,99,0
40,2839,590.477051293513,84,44
15,7644,592.806964147502,91,76
5,6303,340.496321378675,68,63
41,1506,325.609390119013,60,19
15,6988,541.93289710397,83,68
23,1203,127.5484839096,49,26
56,2270,848.385702272552,78,22
44,3138,761.152084363993,85,41
89,8659,7068.79281752608,92,3
38,3907,751.58972823406,53,15
61,5345,2349.23845245413,72,11
33,9182,1449.70646058025,75,42
87,4869,3867.42303985853,93,6
95,6309,5592.64060176109,96,1
66,2862,1459.22320298864,86,20
99,5398,5140.95238095238,99,0
16,5573,449.144081636824,70,54
50,2280,690.942045799162,74,24
11,7018,467.753374143955,67,56
20,3734,351.692108710775,84,64
46,4925,1288.15379014693,76,30
31,6902,1006.35439439673,87,56
99,2058,1960,99,0
28,1356,175.420493412964,90,62
51,2454,770.891400390028,56,5
29,9212,1240.22591087206,60,31
44,7227,1752.97836637941,81,37
89,6472,5283.43077896163,93,4
57,2141,827.374310243456,76,19
67,3958,2075.07949216887,76,9
2,6100,302.443445100363,64,62
18,3028,263.713580741079,82,64
99,4189,3989.52380952381,99,0
85,4959,3824.58450489149,92,7
65,6560,3250.70543106016,91,26
98,4943,4634.76250120766,98,0
43,5496,1283.26476878652,89,46
64,4015,1932.48272556225,72,8
24,4325,477.101151021657,66,42
15,2742,212.647396087448,77,62
6,6523,363.963983198889,78,72
52,4666,1518.84514362006,75,23
26,4903,585.65552403388,88,62
84,3468,2633.19862249088,91,7
0,9120,589.445419221521,81,81
45,6679,1682.52171036565,74,29
53,1585,534.412939921509,68,15
53,3929,1324.73718672026,64,11
15,5435,421.494747532924,85,70
48,1154,325.104137714626,75,27
67,8096,4244.52844077797,83,16
82,6080,4465.7344113195,86,4
0,7717,498.766480277684,59,59
68,5618,3026.72217397597,88,20
75,8230,5266.30016447005,95,20
3,3620,184.265328522886,73,70
88,1903,1532.73219654302,88,0
50,9639,2921.04841204303,84,34
71,4696,2734.71229240841,94,23
26,4001,477.91306376903,81,55
19,9081,822.412404137077,61,42
56,5152,1925.49917978334,79,23
13,3808,273.616979930258,84,71
90,5488,4539.31263940182,91,1
34,3783,621.486656448668,87,53
92,8792,7462.6308015761,98,6
8,5005,299.095048024717,40,32
63,4649,2172.14472693159,71,8
81,1414,1020.45626734601,89,8
2,7905,391.936956314487,67,65
52,4970,1617.80119241143,83,31
1,8932,432.601583536581,78,77
47,5929,1609.67556437395,90,43
6,2102,117.285343045235,59,53
85,4034,3111.18650791133,90,5
37,4105,759.274235259336,68,31
88,2524,2032.90386971864,90,2
47,5387,1462.52694641296,67,20
76,1155,755.370545432583,82,6
61,7458,3277.94581448136,67,6
59,7968,3287.22383954629,62,3
93,3626,3118.91911248676,99,6
71,5514,3211.07401625639,76,5
79,8889,6180.26777662528,80,1
48,2991,842.622596104372,85,37
20,2415,227.46021492676,65,45
82,2793,2051.4467451999,82,0
57,1782,688.641298857468,87,30
97,5929,5461.80573963649,97,0
61,6003,2638.44311133435,85,24
74,3874,2423.74935623058,91,17
87,7623,6054.91185722768,92,5
98,8785,8237.1815846873,99,1
33,3652,576.598561755509,78,45
13,3900,280.227474193279,86,73
78,6414,4372.52145281649,79,1
49,2023,591.197961000304,56,7
93,2821,2426.49498519722,96,3
91,2388,2000.87970864176,94,3
62,4935,2236.98945050752,76,14
46,4156,1087.01871103566,79,33
13,3734,268.299843240437,85,72
4,5699,298.546785841097,88,84
57,3585,1385.39789921662,76,19
86,4470,3499.59682175923,97,11
32,5165,783.689482540919,80,48
73,3343,2043.5431292335,96,23
91,3142,2632.64825986281,97,6
39,2450,490.109425038383,39,0
31,9017,1314.73450800859,61,30
92,7935,6735.21103395204,92,0
78,4853,3308.36398667266,87,9
55,1173,423.78761504878,69,14
80,6650,4712.18727392844,92,12
75,1607,1028.30429699919,78,3
36,5813,1033.64821334916,60,24
81,5652,4078.93834726989,83,2
77,3828,2556.9109777217,87,10
97,2872,2645.69169914589,99,2
65,9992,4951.37936999286,80,15
85,3029,2336.08922470585,96,11
45,3102,781.431703182251,78,33
3,3525,179.429636199772,67,64
5,5816,314.187943064949,66,61
62,3626,1643.63196505375,62,0
62,9933,4502.53621314917,78,16
55,3615,1306.04623052118,78,23
26,2951,352.492239735668,64,38
77,5267,3518.09041788406,88,11
24,3603,397.455594712377,90,66
26,7440,888.696124579251,84,58
82,7196,5285.43171444986,84,2
44,1627,394.644500082924,62,18
46,9512,2487.90230494976,84,38
27,4533,563.49121200574,29,2
92,2478,2103.3211017181,92,0
4,6184,323.95390834205,75,71
46,2543,665.131997633225,88,42
85,7719,5953.20987966474,88,3
4,1586,83.0839098690962,83,79
67,3251,1704.417238262,67,0
58,7754,3096.84317246656,74,16
18,3720,323.981017290889,70,52
23,5791,613.992743408554,66,43
85,3679,2837.39592528651,93,8
49,7146,2088.33446826899,66,17
27,4705,584.872303659168,74,47
56,1514,565.839626978257,68,12
37,8313,1537.59968762749,80,43
99,5796,5520,99,0
39,6808,1361.90406761686,72,33
60,9735,4146.48856657038,67,7
87,9615,7637.14777741625,92,5
61,3171,1393.72032417812,79,18
31,9168,1336.75124425227,46,15
46,2844,743.8597724219,92,46
27,2717,337.746662920714,83,56
56,4534,1694.5289753761,83,27
15,5015,388.922936316029,61,46
18,7238,630.369516976198,66,48
30,1934,270.968331497705,53,23
91,8832,7400.23852040368,93,2
3,2729,138.911624734518,82,79
27,8747,1087.32795751472,36,9
14,8619,643.329283539318,67,53
91,4264,3572.76008276736,95,4
7,9356,539.940117790589,84,77
56,4247,1587.26611345882,66,10
62,8208,3720.60980947633,76,14
33,8413,1328.29236036394,91,58
38,3450,663.676622064886,64,26
54,5812,2028.93207463029,82,28
21,8471,829.875839473939,85,64
94,4552,3971.33428248823,96,2
80,6222,4408.90664938086,89,9
28,8583,1110.34962755418,74,46
46,9427,2465.6702090792,63,17
42,1082,243.134197598668,69,27
34,1310,215.212138500596,92,58
81,9128,6587.49986445145,81,0
33,8938,1411.18235075869,88,55
43,1597,372.884613492008,88,45
68,6933,3735.18419939042,91,23
28,3176,410.866878377267,64,36
65,2842,1408.30866388308,85,20
9,1591,98.5324405415725,42,33
85,3521,2715.53983499152,85,0
72,7619,4547.38843426972,79,7
23,3653,387.310566684761,84,61
26,6900,824.193986504951,91,65
84,3986,3026.50798997943,87,3
50,4417,1338.54869135741,67,17
30,1494,209.320934466169,70,40
74,4937,3088.81016306411,89,15
55,5857,2116.04779312933,86,31
98,8974,8414.39584985587,98,0
36,10000,1778.16654627415,77,41
28,7301,944.502228914492,91,63
48,2481,698.945724150768,50,2
42,1832,411.665295749315,82,40
76,6404,4188.21902419936,90,14
30,8729,1223.00029247335,81,51
68,1768,952.517764967873,71,3
43,8372,1954.78396002197,85,42
37,6526,1207.07031895309,67,30
72,3656,2182.07797817169,91,19
8,3263,194.994433907023,61,53
25,5914,678.829465407271,79,54
94,7822,6824.20403286971,95,1
58,4041,1613.92097755189,78,20
32,2550,386.913490896291,86,54
41,8121,1755.82593436687,53,12
22,1680,171.214002190744,80,58
91,1711,1433.62863546317,94,3
66,5835,2975.04101657538,84,18
78,2462,1678.38288382198,83,5
22,3021,307.879464653713,73,51
53,7790,2626.54687822622,82,29
95,6412,5683.94540156794,97,2
90,7520,6220.0493892678,92,2
93,7132,6134.61972152662,94,1
5,4967,268.323850275723,76,71
69,2221,1228.82981801414,81,12
42,5369,1206.45795462777,60,18
36,4331,770.123931191334,69,33
21,4137,405.288200673319,69,48
89,1664,1358.40989125342,89,0
75,9456,6050.80611849682,90,15
86,6691,5238.4345267094,86,0
43,6567,1533.33328541141,64,21
6,1010,56.3549935659785,84,78
97,1150,1059.38212187249,97,0
90,2820,2332.51852097543,90,0
29,1640,220.795754866497,72,43
50,1912,579.421575249122,87,37
0,2983,192.797772537039,83,83
18,6587,573.672838950292,71,53
13,1473,105.839761406846,84,71
3,8882,452.111781198971,38,35
94,4866,4245.27957350345,96,2
43,6470,1510.68468960131,60,17
94,6618,5773.7896049005,94,0
49,9206,2690.34524417637,76,27
53,5823,1963.33536224792,83,30
59,3577,1475.70277033849,75,16
52,8905,2898.69610028647,80,28
78,7430,5065.14412136366,84,6
22,8195,835.177826162589,34,12
90,4158,3439.22411709781,92,2
91,8898,7455.53921586865,95,4
2,4131,204.818667493377,43,41
13,4362,313.423651905406,75,62
13,2362,169.717254883212,71,58
84,9164,6958.08309587844,92,8
61,9819,4315.6543245364,76,15
29,3188,429.205406411215,62,33
71,1203,700.566202676176,76,5
3,3726,189.660943114993,87,84
34,7145,1173.8097172418,64,30
11,6168,411.100429142194,76,65
8,8472,506.280369004077,89,81
93,1973,1697.08422750589,95,2
34,7271,1194.5095107159,82,48
23,7307,774.72715870943,46,23
99,4489,4275.2380952381,99,0
83,1147,856.848632928534,86,3
67,2337,1225.23010944888,87,20
75,9268,5930.50667367053,77,2
12,3878,268.325968037527,68,56
1,9682,468.926167913253,78,77
34,6880,1130.27443731611,71,37
57,1340,517.833524393382,76,19
28,5965,771.669058413223,73,45
98,1991,1866.84445476522,98,0
67,5208,2730.42293967041,75,8
0,2781,179.742073558668,81,81
55,8075,2917.37850939377,66,11
37,6335,1171.74233382896,70,33
13,2625,188.61464609163,21,8
70,1512,858.53803174939,70,0
58,5624,2246.14985838947,81,23
92,8533,7242.79215535132,94,2
75,7976,5103.76793582177,88,13
90,8443,6983.49428106224,91,1
66,2932,1494.91349796041,88,22
17,7590,635.817623613574,72,55
26,4665,557.226803919651,69,43
40,2225,462.772609766843,83,43
91,3515,2945.18097817243,97,6
25,3141,360.534891924964,86,61
51,5212,1637.28034997263,60,9
44,3755,910.811369275587,87,43
83,2317,1730.87906058885,83,0
78,4934,3363.58291989345,85,7
48,9327,2627.59644061032,68,20
29,1264,170.174289116617,65,36
84,7484,5682.48514726694,88,4
76,3627,2372.05971279998,86,10
14,6458,482.03045748891,88,74
29,6854,922.764697472543,89,60
0,4607,297.760421749292,86,86
7,4775,275.567984443145,72,65
70,7240,4110.98898800634,72,2
82,8089,5941.33645611241,86,4
99,5887,5606.66666666667,99,0
37,8449,1562.75469274205,77,40
97,9604,8847.22252040291,99,2
38,4677,899.714655477528,51,13
43,7263,1695.84279761581,56,13
57,1262,487.690975958544,78,21
28,3468,448.641792888023,60,32
8,8834,527.913217632438,88,80
94,1264,1102.76066192116,96,2
42,2794,627.834517643879,72,30
22,6756,688.524880238493,87,65
17,6891,577.262087525841,64,47
16,3048,245.647077127048,83,67
62,4545,2060.20608967714,68,6
91,6866,5752.94810700766,94,3
51,2367,743.561509667155,92,41
77,2005,1339.23890029572,85,8
39,5967,1193.66650579756,83,44
62,5766,2613.67399627687,85,23
48,2647,745.711137374882,86,38
45,1311,330.256919043176,87,42
25,8800,1010.09457145485,71,46
50,3373,1022.16996512306,87,37
31,2727,397.613508188912,74,43
19,5979,541.482630143771,50,31
80,3735,2646.61946889063,80,0
58,1644,656.59145931584,84,26
96,2179,1968.94711813491,96,0
33,8254,1303.18853470153,73,40
14,4316,322.149807141861,59,45
10,6645,426.823470561258,36,26
87,9292,7380.59044698407,89,2
10,4047,259.948018865525,76,66
0,7013,453.265430372865,68,68
27,3972,493.754046787293,81,54
80,7400,5243.63696647676,88,8
40,2746,571.134196143708,84,44
84,4061,3083.45432697101,90,6
32,2631,399.203684136526,74,42
58,8095,3233.03398002538,66,8
97,6565,6047.69011312423,97,0
18,2845,247.775804890478,74,56
66,1666,849.42902032812,66,0
42,5004,1124.43948686112,66,24
61,5576,2450.76774759293,77,16
7,4590,264.891528501368,53,46
1,6709,324.935515444125,78,77
86,3899,3052.55660135106,86,0
73,2437,1489.71421057195,75,2
37,2305,426.340344037216,87,50
43,5171,1207.38029828877,71,28
38,3726,716.770751830077,62,24
38,6060,1165.76241440963,81,43
53,4351,1467.02252466781,86,33
21,3754,367.766958019734,83,62
17,1342,112.419927653415,84,67
11,1641,109.373509115165,44,33
30,2908,407.43325129024,84,54
69,7189,3977.51353521101,92,23
63,7221,3373.85611382512,85,22
96,6724,6075.81478767285,98,2
75,4847,3101.55004826079,79,4
7,3348,193.214997259822,30,23
66,5961,3039.28354752456,79,13
4,8940,468.329227130971,47,43
99,1520,1447.61904761905,99,0
57,9372,3621.74312732446,81,24
69,7365,4074.8904140811,69,0
99,8777,8359.04761904762,99,0
35,3695,631.560682606359,83,48
76,5471,3578.03658360317,85,9
38,4425,851.237406561484,63,25
36,9105,1619.02064038261,82,46
30,2647,370.865136232898,91,61
77,9686,6469.7595951443,86,9
4,1659,86.9080746991366,69,65
4,1602,83.9220829825297,63,59
5,2539,137.160107882033,81,76
33,9560,1509.38725366448,86,53
81,8025,5791.48624147928,87,6
0,4580,296.015353073966,71,71
39,1521,304.26793285036,60,21
85,4745,3659.53891423878,93,8
80,3715,2632.44747708935,85,5
35,8874,1516.77117657614,77,42
22,4073,415.092042216013,70,48
53,3727,1256.6290391719,82,29
21,4920,481.996119727515,79,58
94,4957,4324.67136166392,97,3
7,1091,62.962234770151,22,15
52,8728,2841.08024293097,84,32
52,3897,1268.52540177612,80,28
75,3471,2221.06049463858,92,17
75,6802,4352.53629632142,90,15
11,1789,119.237786597825,88,77
86,4480,3507.42589742312,86,0
42,3701,831.644792340729,72,30
79,3032,2108.06298781953,79,0
90,9061,7494.66323353133,90,0
71,4151,2417.33192627498,71,0
52,8925,2905.20636665432,86,34
77,6527,4359.70688390531,84,7
77,2813,1878.94215787125,87,10
79,1431,994.933422021686,92,13
9,5065,313.681213917703,75,66
31,3554,518.19523582816,73,42
40,7743,1610.44868198861,84,44
80,8980,6363.22431877855,87,7
52,4388,1428.35244110691,84,32
7,8235,475.24656584069,13,6
49,3207,937.208038026681,63,14
39,3593,718.760475168535,79,40
8,2315,138.342664570873,77,69
64,2493,1199.92015811375,83,19
59,6058,2499.24724146228,79,20
55,6580,2377.25703923356,78,23
22,3818,389.104202597775,89,67
35,4670,798.210659748768,88,53
27,3398,422.400868827599,84,57
99,7172,6830.47619047619,99,0
7,2672,154.202650142845,73,66
5,7119,384.57771091461,90,85
70,1836,1042.51046712426,74,4
6,8553,477.231940564173,85,79
45,6411,1615.00923568711,73,28
19,2392,216.629277689229,47,28
2,6845,339.381210116719,75,73
54,2127,742.522113341125,59,5
7,3126,180.40325012969,68,61
92,4635,3934.17808977539,93,1
76,4851,3172.55629081685,88,12
28,6552,847.60698587149,78,50
5,5410,292.255290918393,25,20
46,2673,699.134026611722,64,18
81,4535,3272.82119689826,81,0
91,8680,7272.8793429692,94,3
14,3316,247.508980649307,73,59
63,1947,909.693650964895,83,20
97,8798,8104.73383324707,98,1
33,5253,829.373561035512,59,26
0,3367,217.616527030577,26,26
22,3611,368.008191613558,76,54
77,1347,899.728079151287,78,1
10,6305,404.984496898229,77,67
39,8368,1673.97374233518,89,50
96,2401,2169.54659506284,97,1
64,4336,2086.98508045777,92,28
68,1134,610.947480471475,72,4
40,3557,739.8122125576,89,49
92,8464,7184.22510288217,92,0
8,5263,314.512934616201,75,67
47,6643,1803.52079172476,82,35
83,8448,6310.94790843963,89,6
37,2259,417.832033483761,76,39
20,8693,818.762587311934,81,61
45,4591,1156.52899719849,71,26
75,6734,4309.02373117149,93,18
22,6347,646.84242375277,87,65
89,3433,2802.5367528083,93,4
87,6507,5168.47848025456,87,0
78,3048,2077.86800564151,88,10
74,7087,4433.94726061077,87,13
22,4955,504.979393366153,53,31
57,7286,2815.62317815685,85,28
81,8842,6381.09923329094,88,7
18,1187,103.377813850614,67,49
79,6163,4284.95784760283,83,4
43,5828,1360.78367403345,81,38
1,8128,393.661629084788,48,47
36,9560,1699.92721823809,74,38
0,4999,323.096233628112,50,50
77,7097,4740.43814234349,92,15
2,6767,335.513900490845,90,88
78,5738,3911.68196075164,78,0
57,8538,3299.44972482888,91,34
53,8957,3020.02315638925,87,34
75,9701,6207.57933116938,79,4
54,8283,2891.54239059922,77,23
65,8506,4215.01530435941,73,8
86,8841,6921.68579444594,87,1
3,4946,251.761412948673,89,86
27,1660,206.352396190057,70,43
20,8721,821.399807195143,20,0
7,9741,562.158688264015,89,82
7,2230,128.694577027898,78,71
80,2073,1468.92695020356,82,2
57,9254,3576.14286174355,77,20
4,5940,311.171768362189,57,53
68,1599,861.468272728297,84,16
28,2200,284.60552028652,83,55
45,2646,666.559731341146,87,42
76,6790,4440.66320648246,86,10
10,4413,283.457031691021,50,40
86,2209,1729.4428141535,91,5
72,1564,933.470995038435,94,22
17,4805,402.516954079476,72,55
49,1001,292.530478972469,76,27
14,1056,78.8207127761364,55,41
21,2926,286.650537870469,90,69
33,5739,906.106009286656,70,37
39,6757,1351.70178978953,75,36
32,6087,923.585262386558,66,34
73,5607,3427.50413569016,76,3
85,2456,1894.16808711706,89,4
83,5381,4019.79293268391,83,0
19,5419,490.766745734921,63,44
35,2496,426.623941484567,76,41
98,3469,3252.67876121574,99,1
5,2031,109.717282043486,62,57
85,4002,3086.5067934212,88,3
71,4272,2487.79619104956,90,19
34,6868,1128.30302841381,83,49
62,4434,2009.8908254408,79,17
37,2023,374.180701079083,78,41
27,4946,614.830693708447,66,39
92,5033,4271.99963880033,93,1
98,4037,3785.2591983361,98,0
98,9947,9326.72114090889,99,1
65,1843,913.269833756689,85,20
59,2957,1219.91979085572,81,22
54,2417,843.759260905265,83,29
46,7395,1934.19234073838,85,39
95,2127,1885.48843872973,98,3
5,6359,343.5215147782,74,69
23,1300,137.832941880698,56,33
34,5289,868.898473686757,84,50
20,7592,715.063334047188,71,51
3,6699,340.992661816247,80,77
29,5743,773.189036706276,69,40
25,5377,617.190739853719,83,58
20,8729,822.153298590346,86,66
35,2787,476.36255004707,67,32
25,4160,477.499251960475,79,54
9,6578,407.383025696081,53,44
17,2934,245.782464780267,62,45
21,1490,145.970369592276,79,58
90,8605,7117.49002588424,94,4
29,3741,503.656657899735,72,43
23,2665,282.55753085543,77,54
27,3015,374.790647297001,87,60
76,7764,5077.65966644033,91,15
16,9127,735.5711525389,85,69
2,3391,168.128806940218,88,86
48,6224,1753.42127654751,91,43
73,6768,4137.21205463724,88,15
75,9447,6045.04710252109,88,13
78,1731,1180.04905438499,83,5
94,6593,5751.97867408719,99,5
28,3055,395.213574761508,79,51
18,5770,502.518943486137,80,62
24,2999,330.826902176635,64,40
91,1836,1538.36480111653,98,7
4,4331,226.882984642532,69,65
39,9197,1839.81076819511,64,25
39,3879,775.973248866893,80,41
16,9471,763.295100876074,68,52
58,8436,3369.2247875842,74,16
94,4875,4253.13150859625,96,2
76,9167,5995.22232898744,91,15
19,3629,328.657043785206,66,47
9,8705,539.110556200119,85,76
27,1834,227.982105188292,59,32
98,9773,9163.57149996004,98,0
55,6276,2267.42631887992,87,32
5,1461,78.925134941178,68,63
34,9762,1603.74114201742,72,38
56,1743,651.42567359518,88,32
18,7139,621.747441516037,83,65
11,8857,590.323686918354,67,56
10,6915,444.166184940722,49,39
41,2610,564.303126301875,56,15
42,7992,1795.8673818933,74,32
88,3705,2984.11602112028,90,2
72,2428,1449.14806646632,78,6
1,8129,393.710061863957,74,73
0,1698,109.745430026112,71,71
61,8718,3831.74196978392,79,18
72,7702,4596.92685664068,83,11
73,2225,1360.12068876594,82,9
25,7424,852.152511191001,71,46
25,6586,755.963959954732,73,48
0,8935,577.488467186874,0,0
42,5004,1124.43948686112,86,44
86,7319,5730.10047840175,86,0
51,6034,1895.50069680254,88,37
77,8990,6004.86669010399,89,12
88,3446,2775.50979994075,88,0
6,4366,243.609803870359,90,84
74,6475,4051.05242168121,85,11
71,2023,1178.09262511546,89,18
53,7397,2494.03944264946,58,5
9,2807,173.840704337017,78,69
50,2314,701.245567534763,79,29
13,9528,684.617275413734,73,60
91,2391,2003.39337661744,95,4
47,7671,2082.61448040353,86,39
18,8194,713.629154753104,72,54
97,4927,4538.76149083977,99,2
82,9542,7008.55884092281,95,13
50,2180,660.637570106216,75,25
3,2105,107.148761475325,77,74
43,2502,584.193677493427,58,15
92,4911,4168.44629965198,96,4
37,4191,775.181076728837,77,40
26,2069,247.138747547644,79,53
72,4711,2811.75310589902,89,17
46,6906,1806.29240096541,54,8
6,9684,540.338373953402,68,62
53,8075,2722.64005669791,91,38
45,3685,928.296526829979,80,35
52,2411,784.812610644657,78,26
57,8986,3472.57615686488,88,31
66,9098,4638.71862361659,81,15
74,6332,3961.58516356531,94,20
18,1061,92.4042632649552,81,63
9,2165,134.080913747646,83,74
73,1479,904.098201656099,83,10
52,1045,340.16141772031,71,19
67,3261,1709.65998584202,94,27
67,3922,2056.20560088083,83,16
51,6427,2018.95641006794,64,13
41,1992,430.686523982121,87,46
23,1075,113.977240401346,31,8
25,6751,774.903233169511,83,58
47,4495,1220.35615818197,58,11
55,5147,1859.53525546127,80,25
49,9221,2694.72881778735,73,24
97,6897,6353.52912569959,97,0
85,3767,2905.26514013435,93,8
26,1041,124.34578839879,83,57
75,7760,4965.55155240433,81,6
70,1410,800.62078357582,88,18
89,4054,3309.491405734,94,5
27,3716,461.931026651959,55,28
89,1032,842.475365248518,94,5
31,7103,1035.66144065487,87,56
65,8715,4318.58198653801,86,21
41,1752,378.796581333673,64,23
39,5654,1131.05252619062,66,27
54,6592,2301.22509221659,86,32
45,3658,921.494896918335,83,38
58,6881,2748.17872965468,59,1
34,5871,964.511805448091,61,27
51,7137,2241.99344930058,80,29
50,4468,1354.00397396081,77,27
30,1298,181.85982124303,51,21
53,5118,1725.63118392321,75,22
28,2973,384.605550823556,68,40
13,9411,676.210451187936,86,73
37,9225,1706.28619251337,76,39
45,5063,1275.43156454279,89,44
43,5708,1332.7647926189,67,24
22,8997,916.912129589361,68,46
71,3840,2236.22129532545,89,18
85,1447,1115.98583960032,88,3
27,4291,533.408513284057,58,31
1,7194,348.425413341039,80,79
40,3264,678.871819451225,77,37
94,3256,2840.65562912603,95,1
44,4043,980.668539542263,84,40
48,9467,2667.03715055837,81,33
46,6632,1734.6265860415,89,43
15,4332,335.954967122839,78,63
99,2702,2573.33333333333,99,0
82,2431,1785.55926873646,82,0
73,5806,3549.1508849326,81,8
56,3454,1290.89172495568,87,31
61,1730,760.370911645583,74,13
15,5195,402.882283980413,54,39
45,2464,620.711707492284,71,26
54,3707,1294.09002075954,87,33
11,5972,398.036926530023,22,11
40,5605,1165.77100123288,69,29
70,1655,939.735742424101,85,15
27,6616,822.426176622541,86,59
25,6857,787.070281416581,84,59
57,1227,474.165473455731,75,18
39,1660,332.074141046415,63,24
18,8469,737.579364364661,90,72
75,8186,5238.14497525539,86,11
38,7682,1477.78661179781,67,29
99,4017,3825.71428571429,99,0
0,7464,482.41454046814,52,52
87,4381,3479.80701121795,90,3
49,7218,2109.37562160168,67,18
3,7137,363.287748527027,69,66
68,5874,3164.64329831521,79,11
67,9801,5138.41690317007,73,6
40,8651,1799.30150431144,78,38
12,2181,150.907410079898,60,48
47,5042,1368.86223571824,71,24
1,6128,296.796070746996,46,45
60,2152,916.614627145295,64,4
47,2298,623.888420801371,64,17
71,1463,851.97701954717,75,4
57,5824,2250.64361646795,70,13
38,4763,916.258478520304,58,20
89,1595,1302.0815964839,93,4
14,3565,266.094546445953,70,56
89,3717,3034.38074867126,89,0
49,1933,564.896519334448,81,32
73,6274,3835.23469722134,84,11
96,1901,1717.74597135129,98,2
52,9804,3191.33257352145,71,19
0,5601,362.004801870585,81,81
12,3365,232.83055246165,76,64
63,6113,2856.16707157083,93,30
47,9541,2590.30436156044,70,23
13,2537,182.291564622654,77,64
17,5157,432.004148218076,66,49
68,5766,3106.45782398459,71,3
23,5389,571.370556765446,71,48
55,8456,3055.02819510015,74,19
84,1165,884.566434602617,85,1
3,9039,460.103399038223,26,23
35,7167,1225.00552428681,62,27
74,3163,1978.91564629771,85,11
37,6217,1149.91666762662,80,43
74,1930,1207.49516198374,90,16
8,5727,342.24122678073,84,76
49,7551,2206.69095576535,79,30
39,9771,1954.63640491838,72,33
38,2589,498.046021601736,79,41
80,5249,3719.43924824818,84,4
57,2159,834.330282959188,84,27
68,8588,4626.82271806793,82,14
31,2963,432.023771457186,90,59
35,8694,1486.00502694985,87,52
76,4251,2780.15600747525,95,19
24,9987,1101.6899873418,81,57
26,9798,1170.35546083703,91,65
91,1374,1151.25993286171,96,5
99,1697,1616.19047619048,99,0
42,6634,1490.7137401752,71,29
59,5598,2309.47277281377,92,33
79,4376,3042.50779508518,94,15
78,5139,3503.33454100779,87,9
16,5169,416.58456091526,79,63
80,2143,1518.52892150807,82,2
36,9487,1686.94660245029,79,43
41,4590,992.395153151574,84,43
46,3483,910.992822554668,78,32
4,3615,189.374737816383,73,69
95,4111,3644.21390297034,97,2
39,6451,1290.48812282555,92,53
23,6300,667.959641421843,74,51
74,3883,2429.38016268543,82,8
51,5371,1687.22808129374,75,24
31,5232,762.8580399136,85,54
26,7395,883.320946406393,48,22
33,9927,1567.33130409281,65,32
14,6924,516.81308263444,55,41
74,1751,1095.50467804846,94,20
91,6927,5804.0593558465,94,3
21,4673,457.798347050138,74,53
89,1189,970.642644651635,92,3
31,1505,219.438331435391,83,52
28,1572,203.363580859277,66,38
58,8717,3481.45240319719,77,19
6,5087,283.839457693201,71,65
48,9724,2739.43902524872,79,31
44,5688,1379.67911276685,80,36
39,6249,1250.0791008428,86,47
53,9785,3299.19912752805,85,32
52,5859,1907.18253246248,60,8
74,5205,3256.48306638621,74,0
99,2296,2186.66666666667,99,0
74,3115,1948.88467853853,90,16
11,8494,566.129546876425,78,67
50,6346,1923.12202747433,73,23
72,9441,5634.84633258176,76,4
45,5656,1424.81551038002,63,18
94,7374,6433.35215269512,94,0
6,7086,395.377707335172,69,63
37,3992,738.373385421503,86,49
10,6293,404.213709592475,20,10
37,3552,656.989545344985,78,41
10,5700,366.123970233133,74,64
67,5698,2987.31757109102,89,22
11,8098,539.735939557958,78,67
62,3883,1760.12766693428,70,8
57,9596,3708.30634334246,85,28
32,6135,930.868339862253,36,4
29,4807,647.173898562958,84,55
50,3682,1115.81079501426,67,17
21,6380,625.027488589745,91,70
23,6718,712.278233503483,88,65
29,7138,961.000059900644,83,54
15,5512,427.466246256022,60,45
41,1554,335.987378648703,86,45
12,6239,431.687909898435,84,72
14,2367,176.674836307874,72,58
26,1891,225.876931663893,79,53
5,8199,442.920726476878,85,80
12,1856,128.420061030854,75,63
28,1132,146.442476801973,75,47
56,5245,1960.25683190288,79,23
80,2698,1911.80169399382,86,6
61,9364,4115.67237956603,83,22
3,1899,96.6629444378345,82,79
49,1704,497.97396220688,64,15
91,1715,1436.98019276408,91,0
88,6699,5395.5717207786,89,1
80,6120,4336.62949119429,82,2
75,6836,4374.29257889639,80,5
4,6593,345.379708554194,82,78
77,8446,5641.5021206472,95,18
51,1288,404.608037368524,84,33
95,6255,5544.77206594003,95,0
58,9195,3672.359165699,79,21
79,3166,2201.22935997251,85,6
46,3157,825.726196039359,91,45
61,6744,2964.12799314324,65,4
16,1390,112.024093571718,71,55
30,2809,393.562586958145,84,54
69,7782,4305.60722367673,75,6
53,3882,1308.89024149861,70,17
43,4167,972.955657120348,60,17
17,5774,483.690508398521,88,71
20,6139,578.210459393531,88,68
7,6453,372.406325363688,79,72
77,3186,2128.08734979659,87,10
4,2357,123.473376772673,78,74
33,5220,824.163333067842,73,40
99,9705,9242.85714285714,99,0
37,8644,1598.82253095778,69,32
99,1947,1854.28571428571,99,0
43,4123,962.682067268345,58,15
11,5653,376.775409523479,75,64
82,6052,4445.16852916211,83,1
46,6961,1820.67787476401,65,19
11,4279,285.19759019122,60,49
39,9407,1881.82014748411,51,12
10,5641,362.334265979843,52,42
33,1120,176.831979508809,78,45
47,3344,907.868963951169,74,27
45,7123,1794.37073557936,83,38
32,5341,810.3940999518,46,14
88,9214,7421.22672566862,94,6
82,3083,2264.45052468717,83,1
51,8171,2566.81077122531,73,22
62,7647,3466.31374428186,90,28
38,3210,617.507813573415,71,33
5,3836,207.22574786746,71,66
66,4111,2096.04003755636,69,3
41,1838,397.390477449367,77,36
25,4083,468.660924460245,82,57
52,7909,2574.4848351674,87,35
74,5023,3142.61564696598,93,19
43,9181,2143.67791889175,85,42
36,4163,740.250733213929,87,51
70,5519,3133.77737911699,90,20
27,8653,1075.64294230877,84,57
35,5349,914.267413061277,80,45
81,4759,3434.47763528971,88,7
29,3390,456.400981095991,61,32
79,3924,2728.24510692739,80,1
54,5068,1769.20642708642,80,26
75,9085,5813.40668216408,83,8
38,1689,324.912989758722,67,29
9,5651,349.972860779652,49,40
45,5858,1475.70177860787,49,4
90,3315,2741.94996348707,93,3
79,1757,1221.59190949832,89,10
30,5258,736.686394526851,67,37
48,1647,463.99178060311,87,39
88,5576,4491.07447605038,97,9
88,4333,3489.92570027373,88,0
30,3241,454.089122225471,69,39
25,7952,912.758185478292,87,62
3,9398,478.37722581715,88,85
84,9414,7147.90421918373,93,9
70,9600,5451.03512221835,86,16
22,5618,572.547776373572,47,25
27,5790,719.747213217127,79,52
65,1631,808.216548484623,77,12
36,1890,336.073477245814,91,55
15,2495,193.492069014654,55,40
69,8474,4688.47540650689,73,4
59,2064,851.509789761991,81,22
78,2215,1509.99922325983,82,4
4,2009,105.243111555495,64,60
72,2880,1718.92357142627,75,3
36,1171,208.223302568703,72,36
99,2893,2755.23809523809,99,0
28,4765,616.429683711485,81,53
94,4684,4086.49599718253,96,2
30,4837,677.701044185314,67,37
97,7946,7319.86986121632,97,0
10,1244,79.9049506964943,81,71
26,1456,173.916875992929,52,26
67,7492,3927.86648694523,85,18
6,7331,409.047978051672,84,78
26,5745,686.231080068252,79,53
63,5031,2350.62596713117,77,14
5,1953,105.503619808433,81,76
55,2901,1048.08855179583,76,21
0,7101,458.953061610967,78,78
44,3167,768.186313314457,78,34
68,6711,3615.58072437749,80,12
34,3822,627.893735381128,76,42
35,7999,1367.21350478167,71,36
69,4827,2670.67155855662,90,21
21,1634,160.077573096496,80,59
64,1436,691.169413177434,87,23
49,3896,1138.56018589085,74,25
26,6929,827.657990216348,86,60
13,2041,146.652378161149,83,70
56,2263,845.769534908716,77,21
17,4674,391.543026715394,51,34
56,2450,915.658577342622,89,33
57,6392,2470.14319994216,81,24
85,1285,991.044784994065,86,1
82,9416,6916.01237121454,97,15
23,9899,1049.54483975156,86,63
97,5185,4776.43156687725,97,0
27,1907,237.056638273758,75,48
62,2976,1348.99303033645,70,8
66,2633,1342.46495229528,78,12
91,2602,2180.18802424031,94,3
21,4893,479.351019070474,25,4
12,6062,419.440953647109,48,36
37,3636,672.526460268684,68,31
55,8718,3149.68493435231,91,36
29,4529,609.74632548193,87,58
7,7318,422.325970713075,66,59
78,6687,4558.6297092273,83,5
21,3177,311.240177311853,37,16
76,6207,4059.38093116887,79,3
0,6854,442.988914840384,74,74
83,3596,2686.33625458675,92,9
31,2393,348.914237292287,78,47
50,6411,1942.81993667475,50,0
22,3632,370.148366640942,78,56
29,3476,467.979295070697,81,52
88,2921,2352.65935160387,88,0
97,5132,4727.6078690866,97,0
12,9225,638.294753776737,79,67
52,9785,3185.14782047199,72,20
68,5783,3115.61664864774,90,22
39,4318,863.79285604724,83,44
9,5416,335.419043352078,82,73
49,1309,382.539857117844,68,19
70,1684,956.202411022469,80,10
53,2518,848.991661023571,76,23
71,9441,5497.95970030405,76,5
40,2677,556.783045548691,67,27
38,9949,1913.88948200683,83,45
46,5380,1407.16089157167,92,46
62,3057,1385.70957450891,76,14
45,4049,1019.9925745277,81,36
11,7139,475.818087491265,60,49
57,9455,3653.81789040256,80,23
31,7061,1029.53758024272,50,19
61,5309,2333.41570515977,70,9
92,6033,5120.79750067204,92,0
90,2030,1679.08248141139,94,4
17,1488,124.650411585902,86,69
21,9827,962.71867247201,86,65
85,3130,2413.98457356531,96,11
50,1503,455.476269664974,93,43
95,8138,7213.9656391079,97,2
68,3138,1690.61128193958,90,22
45,6418,1616.77262121976,75,30
42,7363,1654.52596757762,75,33
62,1461,662.257667110736,66,4
23,7180,761.261940541085,71,48
86,9592,7509.64937680415,88,2
53,6769,2282.29728096448,75,22
40,3280,682.199622487751,81,41
58,5338,2131.92531011433,76,18
89,4454,3636.03224497761,89,0
5,4386,236.937468755651,44,39
26,8689,1037.88718097703,85,59
19,1783,161.475753394605,88,69
74,3659,2289.23564647591,84,10
83,8159,6095.05492246199,88,5
34,2809,461.473967212347,81,47
60,5607,2388.22407732513,93,33
98,3807,3569.60162696694,98,0
92,2927,2484.4313416985,93,1
73,9254,5656.8794848719,75,2
97,5299,4881.44857721939,97,0
64,3259,1568.60802057469,71,7
51,7988,2509.32375970479,63,12
51,4302,1351.41597574487,90,39
49,4832,1412.09517921575,73,24
34,1139,187.119561642885,81,47
70,6069,3446.07626632741,87,17
87,7468,5931.79611042585,90,3
75,5474,3502.76149456975,78,3
28,3593,464.812561086121,43,15
53,1429,481.814568547531,62,9
41,7122,1539.8340480927,68,27
4,3861,202.261649435423,29,25
45,3122,786.469947561247,59,14
49,1425,416.439493042726,83,34
85,6242,4814.08680772992,93,8
59,7485,3087.96064746536,92,33
9,4491,278.132740711629,40,31
12,5022,347.481436690165,86,74
74,8681,5431.22564828024,77,3
46,8463,2213.53208650019,52,6
30,1127,157.901401033047,78,48
68,6360,3426.47793280298,92,24
63,6306,2946.34214842559,74,11
72,8984,5362.0865853103,80,8
43,7279,1699.57864847109,73,30
25,5547,636.703930438643,88,63
5,5923,319.96822331047,75,70
18,2886,251.346563414383,87,69
93,6852,5893.77654681722,95,2
31,3333,485.972065564225,59,28
74,6302,3942.81580871582,89,15
38,2813,541.136909527108,66,28
7,7847,452.854863649289,56,49
81,1777,1282.42629920357,90,9
4,9489,497.089042085658,55,51
49,7305,2134.80034854534,78,29
0,2426,156.797652086777,16,16
87,9900,7863.52189250348,88,1
17,3730,312.463733343693,64,47
40,2009,417.847268773747,79,39
32,7468,1133.12547059353,79,47
54,4026,1405.4508830801,72,18
14,5147,384.176333957173,88,74
90,4861,4020.69947888707,93,3
61,4057,1783.13571592262,88,27
93,4952,4259.48357557485,94,1
22,3224,328.567823251762,41,19
28,7527,973.738977816652,82,54
34,2535,416.460130609932,79,45
42,1259,282.907536762221,78,36
9,2449,151.669356936713,57,48
78,8009,5459.85723660856,83,5
40,8800,1830.29167008909,63,23
86,3677,2878.75112161268,88,2
61,5870,2579.98685049686,84,23
0,6850,442.730386147743,90,90
91,3569,2990.42700173469,98,7
61,9187,4037.87720536877,84,23
71,2534,1475.67311519653,86,15
83,5981,4468.0136648174,83,0
99,9859,9389.52380952381,99,0
31,3732,544.148739479655,70,39
35,6944,1186.88968336091,84,49
29,2698,363.235943066957,37,8
65,1467,726.948912708119,70,5
82,5941,4363.63949632387,86,4
22,6413,653.568688124549,81,59
25,3274,375.801093970816,63,38
38,7203,1385.64136485025,89,51
47,7634,2072.56927954642,53,6
49,3711,1084.49611135548,73,24
72,1629,972.266145087986,89,17
62,7014,3179.38075093409,71,9
39,2774,554.923895941418,83,44
31,1614,235.331207266925,71,40
79,5929,4122.26433205212,88,9
37,6882,1272.91724410591,80,43
14,5895,440.007672173602,61,47
15,2171,168.365243218763,87,72
17,1000,83.7704378937515,90,73
6,4248,237.025755117106,82,76
3,9101,463.259324554361,69,66
85,5459,4210.20504379969,85,0
54,8882,3100.64946436101,57,3
66,5862,2988.80727320735,82,16
49,8653,2528.73749705172,87,38
9,4887,302.657471355541,73,64
34,2606,428.124299948514,85,51
69,4815,2664.03222590638,73,4
79,6659,4629.81247885563,89,10
55,9007,3254.09637574114,86,31
37,6719,1242.76823062302,47,10
9,3124,193.472875079744,84,75
23,6976,739.632771199806,77,54
36,9073,1613.33050743454,88,52
42,1863,418.631247806209,43,1
26,7025,839.125036985113,58,32
97,2787,2567.38954231184,98,1
3,5955,303.121555622593,79,76
37,4338,802.370677845311,83,46
21,4286,419.885237632547,61,40
27,5079,631.363747138132,74,47
6,9479,528.899984170208,78,72
98,3807,3569.60162696694,99,1
72,7345,4383.8519555993,85,13
80,5130,3635.11589703051,92,12
7,5257,303.384480464421,77,70
83,4456,3328.78597064477,91,8
60,6632,2824.80864648123,80,20
62,3757,1703.01304266601,92,30
37,5275,975.681264553714,83,46
16,5069,408.525273607942,73,57
20,3251,306.200065725423,88,68
52,6912,2249.94805672993,86,34
75,5160,3301.83582608329,91,16
17,5990,501.784922983571,88,71
42,3904,877.260542906838,76,34
44,6608,1602.83396222985,88,44
55,4653,1681.06033488659,86,31
12,7650,529.317600692904,83,71
84,1387,1053.12759209771,89,5
92,1884,1599.13517176631,98,6
35,6840,1169.11368579905,69,34
16,9467,762.972729383781,89,73
13,1464,105.193082620246,73,60
46,4778,1249.70534199432,74,28
85,2082,1605.72392401373,86,1
61,4028,1770.3896139355,82,21
96,4835,4368.91203129064,96,0
45,2266,570.833088140226,86,41
64,1686,811.498350011945,78,14
17,8121,680.299726135156,68,51
44,5520,1338.92909677796,92,48
22,4731,482.150859740721,81,59
18,5160,449.393023984137,77,59
58,1655,660.984711172577,76,18
77,8234,5499.89681049124,86,9
64,2830,1362.12356496667,79,15
40,6781,1410.36452441751,77,37
86,2203,1724.74536875516,86,0
63,9056,4231.2201865116,84,21
56,3181,1188.86119776607,73,17
83,6001,4482.95435588852,86,3
4,2202,115.353574736286,15,11
84,9423,7154.73777962272,93,9
40,8843,1839.23514074975,67,27
65,8902,4411.2469126978,74,9
72,6564,3917.71330654238,83,11
91,2899,2429.04115383268,93,2
98,6467,6063.72832193202,99,1
11,6568,437.760638554787,77,66
21,6533,640.016392312979,83,62
6,4856,270.950345303358,27,21
43,1880,438.962475494661,84,41
40,1715,356.698887977589,84,44
72,7620,4547.98528273202,77,5
52,3322,1081.35524370035,75,23
1,9733,471.396239650867,89,88
35,4729,808.295119904053,57,22
28,1433,185.381686622992,88,60
68,7627,4109.07974740383,82,14
37,5081,939.798389610886,67,30
12,8160,564.605440739097,55,43
41,6132,1325.78803466785,93,52
25,2934,336.774712800969,45,20
1,1438,69.6463364448728,75,74
73,9073,5546.23595917903,83,10
26,7669,916.049809058908,76,50
87,3540,2811.80479792549,89,2
17,1734,145.257939307765,90,73
79,1642,1141.63569459092,91,12
78,3602,2455.53824026271,85,7
76,2128,1391.71300491821,91,15
95,5846,5182.21222981381,95,0
54,1798,627.670314897669,74,20
57,7956,3074.53994035354,79,22
63,3614,1688.56335623376,74,11
53,2961,998.357548963778,94,41
86,6087,4765.55835661039,90,4
34,1763,289.632824562252,80,46
77,5578,3725.82273608454,79,2
51,2074,651.519463899315,83,32
66,8553,4360.84418419352,91,25
44,8975,2176.97258035909,72,28
97,2589,2384.99157698075,99,2
77,7963,5318.88247533905,81,4
95,2268,2010.47850448473,95,0
18,3642,317.187866928338,65,47
86,5046,3950.55157999935,93,7
50,1074,325.470068942237,80,30
33,6507,1027.36222380698,76,43
48,8480,2388.98014542463,69,21
43,3617,844.535783970314,80,37
89,7191,5870.38793750203,92,3
8,1869,111.690038912727,73,65
64,3949,1900.71588623794,87,23
34,3487,572.858570192044,80,46
11,4221,281.331859826394,87,76
22,3797,386.96402757039,80,58
32,7556,1146.47777929897,43,11
81,9431,6806.16906459702,86,5
1,2965,143.603190235777,87,86
91,1947,1631.37051621671,91,0
32,2679,406.486761612221,40,8
25,4224,484.845394298328,40,15
64,4543,2186.61744015674,85,21
82,4441,3261.89580932071,85,3
42,4627,1039.72452152406,90,48
23,1227,130.093092067397,76,53
7,2120,122.34641403549,87,80
22,9244,942.084664435262,83,61
65,5111,2532.67613691288,85,20
48,5127,1444.37514216888,59,11
0,2862,184.977279584648,79,79
72,2321,1385.28528100013,89,17
95,4379,3881.78367334155,98,3
88,3555,2863.30160730974,92,4
77,3057,2041.92185446584,82,5
75,6783,4340.378373706,85,10
14,1831,136.667353307865,90,76
35,3858,659.421140323501,37,2
4,1738,91.0465544467145,77,73
28,4351,562.872099439385,40,12
53,6307,2126.52518112616,84,31
23,2624,278.210491919193,85,62
21,2344,229.63392370758,89,68
91,7608,6374.661986326,94,3
19,2509,227.225274967506,71,52
33,8536,1347.71230097071,81,48
24,4211,464.52553686756,71,47
86,5653,4425.77647279752,93,7
5,2710,146.397752012726,82,77
10,1384,88.8974692636239,74,64
52,5430,1767.53731887204,58,6
25,7628,875.568339892909,75,50
28,5003,647.218826360663,81,53
25,5470,627.865602938413,75,50
66,8764,4468.42493046557,77,11
62,3616,1639.09905836579,81,19
56,2438,911.173719004617,90,34
10,7209,463.050473931694,55,45
88,8672,6984.68397709987,88,0
6,6487,361.955290358914,41,35
71,5671,3302.50285567464,84,13
44,1368,331.821558766712,64,20
23,5430,575.717595701684,57,34
12,4326,299.323913803595,84,72
16,8661,698.014873686799,69,53
87,3742,2972.25241633818,92,5
92,5292,4491.8382850251,94,2
69,7132,3945.97670512239,82,13
32,5083,771.24755851994,56,24
8,5436,324.851284927545,29,21
60,8479,3611.51274329227,89,29
67,3761,1971.79736484263,82,15
39,6508,1301.89066863257,76,37
26,4014,479.465893018967,77,51
22,4022,409.894474292365,82,60
18,6345,552.596654492121,48,30
18,5294,461.063307940314,75,57
77,6660,4448.54417754089,86,9
97,3478,3203.94001728044,98,1
80,1696,1201.78490474927,87,7
64,3742,1801.08352653897,71,7
72,7427,4432.79352950797,80,8
0,6535,422.371251602263,67,67
13,2500,179.632996277743,75,62
94,5030,4388.35927963879,96,2
43,3331,777.757449932296,66,23
61,6876,3022.14473322256,78,17
27,4042,502.455653855549,61,34
59,8589,3543.41937222178,68,9
38,9579,1842.71256891581,60,22
22,4044,412.136562416291,83,61
50,2581,782.158517634928,77,27
1,5865,284.058249825576,76,75
34,5110,839.491624227516,68,34
55,2548,920.554853490444,88,33
70,2464,1399.09901470271,82,12
76,2653,1735.06325284212,85,9
10,9213,591.771953992606,76,66
41,6112,1321.46387278048,77,36
16,9310,750.319648311292,69,53
52,3360,1093.72474979927,78,26
71,3388,1972.99941368818,78,7
68,4513,2431.39857087105,75,7
95,5439,4821.42530242171,96,1
61,8656,3804.49168277697,74,13
71,8937,5204.45565529259,77,6
51,4783,1502.51571640811,75,24
61,6111,2685.91135321743,63,2
17,2141,179.352507530522,86,69
74,4603,2879.84467907314,81,7
40,9967,2073.01330406567,86,46
21,3722,364.632023907685,79,58
31,6006,875.712038937515,66,35
2,5893,292.180200324007,87,85
55,7235,2613.89888736396,65,10
98,2499,2343.16639500667,98,0
33,5523,872.002698952814,55,22
81,3026,2183.8052793416,83,2
57,4654,1798.50538994537,72,15
68,4940,2661.44669623376,75,7
35,9258,1582.40562911223,83,48
69,3906,2161.10277765116,85,16
69,4873,2696.12233371585,78,9
17,4883,409.051048235189,65,48
50,3478,1053.98966460065,70,20
4,1029,53.9050083576923,61,57
49,5101,1490.70726597259,84,35
64,2190,1054.08148667032,67,3
7,9173,529.379082994129,89,82
13,6574,472.362927011953,79,66
84,1221,927.086366223001,95,11
37,6427,1188.75895493587,79,42
37,5751,1063.72378245468,80,43
17,3719,311.542258526862,79,62
34,9173,1506.97782172975,91,57
56,7829,2925.99632735322,92,36
37,4243,784.799166919699,73,36
85,1612,1243.24061744003,97,12
37,7920,1464.90912137733,90,53
71,1349,785.589199842196,86,15
84,5254,3989.28072738382,89,5
60,9273,3949.70605832636,66,6
84,7263,5514.68327426507,85,1
93,5789,4979.43263711689,93,0
80,9013,6386.60810525068,83,3
40,9665,2010.20102175125,84,44
57,3748,1448.38809658686,63,6
45,4915,1238.14855613822,54,9
63,5312,2481.91714120469,92,29
54,9936,3468.59413171482,83,29
55,4751,1716.46629079007,62,7
50,3973,1203.99681928073,79,29
68,6313,3401.15647638132,78,10
34,2303,378.346225165552,77,43
23,6872,728.60613584935,57,34
20,4629,435.988958549056,70,50
92,2072,1758.70916979819,92,0
36,9264,1647.29348846837,66,30
11,5378,358.446515552321,48,37
39,1639,327.873203117514,59,20
33,3719,587.17690338684,87,54
24,7983,880.623928001361,86,62
45,2113,532.290518640908,74,29
36,2482,441.340936785244,70,34
24,9121,1006.15944473261,74,50
27,5422,674.001621772584,85,58
50,1959,593.664678824806,78,28
29,3873,521.428023535331,64,35
9,5510,341.240570323108,70,61
6,6576,366.92122543552,71,65
11,5512,367.37768570554,90,79
21,3859,378.053460574894,70,49
30,2372,332.335513088188,54,24
27,3267,406.116432742721,81,54
78,2125,1448.64485301451,85,7
7,9402,542.594804132868,39,32
52,6016,1958.28812345013,83,31
6,5697,317.875641926119,24,18
84,5550,4214.02893737728,88,4
97,8923,8219.88406388538,97,0
78,1116,760.794191041971,92,14
6,9078,506.525377813815,73,67
38,5987,1151.7194018268,80,42
64,7365,3544.89047914471,91,27
98,1833,1718.69707965075,98,0
37,3195,590.957656919264,88,51
54,1014,353.980922862201,79,25
19,1416,128.238736290948,89,70
13,3097,222.529355788868,67,54
64,7641,3677.73362541001,72,8
68,9840,5301.34321678952,74,6
78,1742,1187.54792185942,83,5
9,6301,390.228100472941,61,52
47,5431,1474.47259067548,73,26
89,9777,7981.47446321197,94,5
64,4063,1955.58588143448,79,15
66,8224,4193.0997978262,73,7
71,5124,2983.9577909499,72,1
22,4250,433.130660303966,83,61
55,2254,814.336985780008,70,15
54,1141,398.315811623048,87,33
9,5142,318.449911542908,79,70
73,8665,5296.82955872218,87,14
94,6795,5928.21099505877,94,0
12,3600,249.09063562019,53,41
55,2117,764.840904568002,72,17
24,7187,792.815253732404,72,48
11,6622,441.359766825487,60,49
83,5251,3922.67844072165,84,1
88,9730,7836.82830917686,91,3
18,4433,386.07737893831,82,64
15,4050,314.085322448637,77,62
15,6962,539.916546885781,37,22
73,2217,1355.23036718835,79,6
74,4062,2541.3706466207,95,21
35,1783,304.755804353759,59,24
64,7115,3424.5615423102,78,14
58,6081,2428.66950371023,94,36
97,3769,3472.00975420643,98,1
57,2484,959.924234771016,80,23
6,7309,407.820443538354,75,69
18,4389,382.24534540046,55,37
32,3824,580.218505563693,86,54
90,1872,1548.39527349858,96,6
16,5084,409.73416670404,61,45
94,8167,7125.19487809344,94,0
15,1749,135.63832813893,79,64
21,1638,160.469439860502,73,52
20,2882,271.445275121707,80,60
15,2145,166.348893000575,83,68
84,9832,7465.28513735016,87,3
77,2917,1948.40891379681,93,16
39,3807,761.570033110663,50,11
10,9937,638.276121439762,54,44
95,2503,2218.79528074307,97,2
59,5194,2142.80128295726,89,30
34,2872,471.823863949398,66,32
20,2806,264.287106867283,72,52
13,4253,305.591653267696,46,33
18,9193,800.633734396544,90,72
1,1108,53.663519319137,68,67
18,5811,506.089702010042,78,60
10,2921,187.622476675611,86,76
6,8711,486.047870250732,82,76
61,5940,2610.75330356923,82,21
79,4230,2940.99816572448,83,4
56,2376,888.001950924927,77,21
23,4397,466.193419576483,74,51
31,9905,1444.21041386548,78,47
52,9713,3161.71086154772,68,16
25,2395,274.90642029936,78,53
58,2903,1159.41910364592,87,29
15,1823,141.377171067621,76,61
48,7194,2026.68905261613,78,30
4,2309,120.958857432373,56,52
58,7434,2969.03948208878,69,11
99,8980,8552.38095238095,99,0
30,8647,1211.5114593902,82,52
85,4824,3720.46695938628,87,2
36,2890,513.890131873229,80,44
61,8728,3836.13717736569,76,15
94,8707,7596.31098366103,96,2
42,5517,1239.71475799616,90,48
72,3100,1850.23023313245,78,6
82,6426,4719.86995512156,85,3
58,1966,785.193922758481,86,28
6,3552,198.19102687758,78,72
28,1028,132.988397661156,65,37
54,4007,1398.81810444659,64,10
2,7848,389.110845434041,83,81
21,5652,553.707737540633,32,11
63,2271,1061.0756452703,70,7
98,6695,6277.51061007188,98,0
69,9869,5460.29782709659,79,10
55,6580,2377.25703923356,89,34
77,3162,2112.05655996761,96,19
2,9310,461.598110472849,61,59
94,8170,7127.81218979104,97,3
54,9057,3161.74084651179,75,21
35,8482,1449.76933961222,82,47
36,4725,840.183693114536,79,43
75,9511,6086.00010501515,87,12
50,4079,1236.11956351525,66,16
22,5096,519.349139978591,88,66
24,9992,1102.2415493661,84,60
68,5764,3105.38031520069,72,4
96,8934,8072.77354447788,96,0
80,8623,6110.25426512555,92,12
86,7627,5971.23600884959,89,3
54,5736,2002.40096009624,54,0
90,9461,7825.51692444983,94,4
98,4908,4601.94504469497,98,0
22,2341,238.578559005079,78,56
31,3899,568.498374927967,87,56
97,5393,4968.0415506594,97,0
56,8199,3064.2794594417,78,22
76,6040,3950.16285230546,87,11
15,2413,187.132810634213,83,68
14,4622,344.989900048582,76,62
42,8842,1986.8692931307,49,7
20,1025,96.5410850103224,81,61
20,5631,530.363755798171,67,47
65,6439,3190.74577295677,75,10
39,7915,1583.3535098689,77,38
44,4056,983.821814589023,72,28
22,2650,270.069705836591,82,60
7,9321,537.92024774755,70,63
7,8826,509.353514281716,86,79
60,5134,2186.75627126577,61,1
7,4025,232.285054949457,59,52
28,8078,1045.01972403387,76,48
41,6303,1362.75961880487,65,24
29,1972,265.493432071178,75,46
81,1273,918.699312822819,87,6
41,6909,1493.78172399221,51,10
42,6266,1408.02114801594,89,47
33,2998,473.341316578044,73,40
52,7831,2549.09479633277,60,8
18,2796,243.508312996055,87,69
56,1795,670.860059726533,75,19
70,7403,4203.54302185234,91,21
70,1524,865.351825652163,86,16
10,1363,87.5485914785545,81,71
26,9287,1109.31732647413,84,58
62,6890,3123.1727080034,80,18
56,2785,1040.86087261192,60,4
58,5270,2104.76702590905,71,13
13,6778,487.020979508217,87,74
18,3169,275.993506396459,88,70
40,9252,1924.30210587094,80,40
37,2686,496.811351012564,60,23
30,4942,692.412354840567,80,50
62,1623,735.690755455664,66,4
40,3478,723.381185064755,64,24
78,4622,3150.88776970967,92,14
65,4559,2259.14116771392,70,5
96,1894,1711.42076261933,99,3
61,1983,871.569663464272,74,13
23,4658,493.866033292531,56,33
86,8950,7007.02271918235,88,2
12,6157,426.014178753753,64,52
63,6668,3115.47882107546,78,15
20,5499,517.93114777733,84,64
78,9441,6436.0734387341,89,11
99,4083,3888.57142857143,99,0
26,5342,638.093373320209,84,58
42,8648,1943.2759157424,62,20
3,1072,54.5669702145121,77,74
14,5408,403.657589671729,79,65
95,3587,3179.71181463259,95,0
69,4544,2514.09396355527,83,14
4,2506,131.278863891523,57,53
93,3650,3139.56281317613,98,5
85,4082,3148.20607964652,89,4
43,9890,2309.22280991606,85,42
32,4809,729.673324596182,72,40
86,1636,1280.83677861255,88,2
70,9653,5481.12937862226,87,17
36,3503,622.891741159835,57,21
79,9272,6446.55673583863,84,5
40,3295,685.319437834493,80,40
62,2508,1136.85299733999,63,1
71,4168,2427.23186430116,84,13
92,3695,3136.30809961598,92,0
83,5363,4006.3463107199,89,6
87,4877,3873.77740098378,98,11
78,6128,4177.55089848136,81,3
35,6474,1106.55584822559,84,49
45,1841,463.770395086565,57,12
94,1942,1694.27310557824,97,3
19,9826,889.882643216707,44,25
93,2368,2036.84513468523,96,3
26,8279,988.913335402099,51,25
27,6445,801.169393641517,79,52
90,8830,7303.59522702589,90,0
6,3386,188.92872100436,79,73
7,5746,331.604950494306,88,81
1,8613,417.151526981703,88,87
12,5837,403.872788920847,77,65
78,5464,3724.89198911589,80,2
50,5427,1644.62389585616,74,24
92,8371,7105.28690172811,92,0
32,1920,291.323099027796,62,30
3,7852,399.68269601152,50,47
11,5782,385.373327059041,79,68
87,6380,5067.60299739113,94,7
76,9174,5999.80033229309,85,9
81,9870,7122.98681662312,82,1
73,8008,4895.21189916298,85,12
4,7843,410.861983041186,88,84
3,2192,111.577237602808,75,72
55,5017,1812.56817109951,87,32
25,6455,740.927324856939,89,64
46,7884,2062.09228051134,81,35
1,8610,417.006228644196,85,84
90,3808,3149.72713754412,98,8
50,1223,370.623737724726,73,23
17,4116,344.799122370681,88,71
10,8602,552.526033674634,83,73
56,5181,1936.33758743352,84,28
81,1563,1127.98666609746,84,3
5,1585,85.6237774686975,77,72
99,8512,8106.66666666667,99,0
86,6664,5217.29602241689,89,3
51,4374,1374.03381634311,70,19
14,1705,127.262609169804,87,73
32,7406,1123.71816218742,78,46
76,3651,2387.75572413365,83,7
77,3496,2335.15171842086,89,12
51,1106,347.435162522971,88,37
70,2564,1455.88063055915,81,11
39,2196,439.298080565016,85,46
79,7294,5071.30983943129,79,0
89,7668,6259.78788830003,90,1
1,3205,155.227057236312,89,88
25,4662,535.120555923013,63,38
73,6307,3855.40727372888,79,6
95,2755,2442.18178124137,99,4
86,4954,3878.52408389155,90,4
72,7067,4217.92808307968,77,5
68,9267,4992.63695020208,78,10
76,9946,6504.68869685928,84,8
73,9099,5562.12950430618,76,3
80,6111,4330.25209488371,87,7
70,4494,2551.76581658846,79,9
15,7382,572.488358102677,79,64
90,6244,5164.62611523779,94,4
92,1010,857.28584049043,95,3
14,3599,268.6323345467,89,75
99,7651,7286.66666666667,99,0
7,4519,260.794077842633,77,70
64,6665,3207.96945600808,66,2
75,7326,4687.83900424151,85,10
0,8234,532.181313801535,86,86
20,6402,602.981489010814,59,39
71,4442,2586.79557131137,89,18
21,2281,223.462022174484,69,48
19,9811,888.524182027184,65,46
87,7662,6085.8893677133,98,11
35,8294,1417.63580555809,72,37
10,6112,392.587667730686,70,60
19,8110,734.474683135304,84,65
67,2235,1171.75408413275,84,17
36,9446,1679.65611961056,84,48
51,4272,1341.9918754956,81,30
18,3654,318.232966984115,72,54
64,7349,3537.1894271873,87,23
40,9662,2009.5770586819,81,41
51,2781,873.614093107037,70,19
80,1147,812.763729803898,89,9
34,1374,225.726319312839,48,14
75,4357,2788.00362291568,85,10
49,9880,2887.31381842956,61,12
66,5582,2846.04609332027,81,15
30,3173,444.561797229688,91,61
85,5505,4245.68213337924,87,2
69,7768,4297.86133558479,83,14
50,8618,2611.63971521806,61,11
4,7534,394.674764788002,75,71
25,8496,975.200395350047,86,61
65,3286,1628.32592171703,81,16
55,1075,388.381659145301,56,1
5,2619,141.481812738498,87,82
32,1380,209.388477426228,83,51
52,2202,716.780327100595,88,36
72,1881,1122.67195758779,82,10
31,5787,843.780481074159,76,45
89,9871,8058.21156043422,89,0
7,4990,287.975757564668,77,70
75,2757,1764.17856056427,82,7
61,9678,4253.6818976335,81,20
74,5808,3633.74709886092,88,14
26,3336,398.479875214567,48,22
29,8418,1133.32845394279,85,56
18,3790,330.077434282922,57,39
67,1938,1016.04448100639,68,1
86,3981,3116.75502179497,92,6
75,7879,5041.69854141671,92,17
84,5306,4028.76352103132,91,7
46,3656,956.241676502977,54,8
5,5234,282.747540234172,64,59
35,3604,616.006684739735,61,26
98,3673,3443.95765060404,98,0
7,6668,384.814098485212,77,70
81,7362,5313.01205106174,92,11
48,6942,1955.69577470965,83,35
13,4003,287.628353639922,48,35
53,4709,1587.72904359015,68,15
25,7791,894.27804615963,81,56
58,2284,912.198840071399,84,26
74,1805,1129.28951677754,79,5
53,7144,2408.73567369038,60,7
16,5887,474.450243781802,83,67
85,6618,5104.07345298889,86,1
5,1402,75.7378776095356,85,80
1,3299,159.779738478189,81,80
95,3741,3316.22578715933,95,0
68,5866,3160.33326317961,81,13
28,6296,814.489252601786,68,40
56,5112,1910.54965198999,84,28
74,6604,4131.76064753401,78,4
61,2963,1302.30000647738,86,25
68,8092,4359.60053966065,94,26
65,8069,3998.4667870769,71,6
59,4336,1788.83064360852,59,0
84,8132,6174.50149887424,87,3
56,5708,2133.29761611089,85,29
21,6775,663.724331535348,86,65
35,4051,692.409289645024,81,46
9,5357,331.765106210688,88,79
10,9349,600.507543457818,90,80
65,4732,2344.86861277084,83,18
92,2893,2455.57221439486,96,4
14,3826,285.575802160509,70,56
90,3050,2522.75939325356,91,1
31,5001,729.176807646772,85,54
22,8854,902.338556783839,57,35
52,3855,1254.85384240363,72,20
64,7143,3438.03838323566,81,17
92,3033,2574.4039150569,95,3
64,8669,4172.52621367352,77,13
63,1539,719.06447295068,73,10
98,8857,8304.691780942,99,1
95,5367,4757.60058799362,97,2
86,9824,7691.28393220642,89,3
88,6367,5128.16915154461,93,5
67,2120,1111.46248696261,79,12
88,1222,984.234757843179,94,6
29,2713,365.255416434638,56,27
63,5601,2616.94614229809,89,26
3,4897,249.267213750435,80,77
96,3915,3537.5988836614,96,0
18,8211,715.109713165455,73,55
42,5915,1329.14859408144,76,34
6,2747,153.274423094795,75,69
19,8442,764.541957463407,76,57
3,5525,281.233685107444,77,74
37,5803,1073.34187264554,78,41
65,1980,981.15804169194,84,19
21,3793,371.587658968794,91,70
59,7116,2935.72851935384,91,32
94,5470,4772.23166195312,99,5
23,6479,686.938177265416,76,53
50,8399,2545.27291345051,80,30
61,5097,2240.23730442632,81,20
55,2781,1004.73432007729,78,23
64,6795,3270.54050316202,89,25
20,5149,484.96589923722,66,46
99,1345,1280.95238095238,99,0
23,2645,280.437024057266,82,59
11,7419,494.48023408008,71,60
44,7273,1764.13610885256,79,35
91,8023,6722.38605629515,94,3
49,9696,2833.54198213492,78,29
29,5806,781.670824850538,85,56
5,5973,322.66928884576,77,72
9,9282,574.844822820161,60,51
93,5491,4723.10668689045,94,1
60,9023,3843.22201706877,78,18
92,8419,7146.02919909795,98,6
62,9520,4315.32716693649,73,11
64,8889,4278.41567808789,87,23
89,5333,4353.60573921545,89,0
20,5322,501.260150658474,47,27
19,3730,337.804015794659,57,38
83,8216,6137.63589201468,91,8
61,6610,2905.23221154757,77,16
84,1397,1060.72043702992,88,4
19,5170,468.216289988843,40,21
21,2161,211.706019254301,74,53
19,7050,638.476759075696,82,63
98,9058,8493.15774548635,99,1
93,9308,8006.31525069683,93,0
58,5250,2096.77929526044,85,27
49,9604,2806.6560639876,82,33
51,2204,692.357231646138,92,41
77,2267,1514.24168926204,89,12
84,9085,6898.09962091397,92,8
98,6691,6273.76004361329,99,1
71,3438,2002.11687847107,79,8
80,4100,2905.25831926415,89,9
38,3102,596.731849752254,92,54
68,7051,3798.75721764054,72,4
39,6153,1230.87481316783,64,25
59,3718,1533.87277051118,71,12
55,5079,1834.96785748743,70,15
43,1079,251.936442052521,80,37
58,5748,2295.67378841086,72,14
97,7704,7096.93901470055,99,2
77,3072,2051.94109810895,85,8
94,1809,1578.23895365141,95,1
9,4742,293.677456347038,45,36
99,3316,3158.09523809524,99,0
58,5171,2065.22775919843,79,21
29,2603,350.445945071641,81,52
22,3227,328.873562541388,76,54
65,4890,2423.1630423604,69,4
7,1097,63.3084982061005,70,63
27,7114,884.331895479558,88,61
57,3274,1265.21414840592,88,31
1,4849,234.850546189978,70,69
59,1882,776.425108688017,85,26
0,3305,213.609332294641,86,86
89,9948,8121.07067198862,90,1
60,2215,943.448605542207,79,19
42,5951,1337.23808679267,78,36
61,6240,2742.60953102222,88,27
83,4957,3703.05028197624,92,9
12,7500,518.938824208729,53,41
17,1733,145.174168869871,90,73
52,4768,1552.04750209611,88,36
20,6083,572.936019627113,89,69
72,7820,4667.35497519218,82,10
43,5751,1342.80489179245,91,48
80,4749,3365.13945321596,81,1
21,2286,223.951855629492,33,12
27,3695,459.320544531482,59,32
84,6290,4775.89946236091,86,2
20,1019,95.9759664639205,41,21
81,9958,7186.49470313404,81,0
40,6674,1388.10984161075,85,45
98,1535,1439.27987848549,99,1
68,2185,1177.17834641109,83,15
76,5936,3882.14680319291,86,10
20,3226,303.845405115415,52,32
64,5968,2872.49238011346,78,14
61,1532,673.345801526609,70,9
77,3889,2597.65590187035,80,3
53,6161,2077.29850022487,85,32
73,3238,1979.35765852769,91,18
20,3360,316.466385985057,73,53
11,4404,293.528905632656,76,65
22,2710,276.184491629117,76,54
93,6337,5450.797136191,93,0
37,6025,1114.4037192296,71,34
36,5799,1031.15878018438,51,15
59,3756,1549.54979183432,88,29
47,3025,821.263043047932,81,34
84,6312,4792.60372121178,84,0
79,6627,4607.56379296835,80,1
79,9121,6341.57074930804,83,4
95,4303,3814.41314144523,97,2
63,9937,4642.84838707661,74,11
4,2843,148.932885093216,47,43
56,4807,1796.55950256571,79,23
73,4393,2685.39783629158,77,4
38,9137,1757.68501327735,90,52
56,3138,1172.79045538822,78,22
2,2579,127.869122117022,41,39
89,2782,2271.09153693932,92,3
60,4306,1834.08112662065,79,19
49,4217,1232.36866116574,71,22
58,2349,938.158964679385,72,14
37,1169,216.222066021477,52,15
84,5430,4122.91479819074,86,2
39,3533,706.757795371677,88,49
96,4779,4318.31036143494,98,2
68,5900,3178.65091250591,90,22
87,9268,7361.5273636083,88,1
48,3503,986.86290677152,77,29
15,7427,575.978195018773,60,45
85,3276,2526.5857709265,86,1
54,9013,3146.38072757102,74,20
73,5106,3121.24774689388,86,13
61,7502,3297.28472784113,81,20
32,7263,1102.02066054108,72,40
86,2523,1975.27578999967,92,6
86,5080,3977.17043725658,87,1
7,8980,518.240942471087,70,63
66,4503,2295.90568939827,72,6
31,3571,520.673941233078,83,52
67,3209,1682.39769842595,90,23
78,8174,5572.34024872498,89,11
16,1645,132.575276205379,89,73
42,1385,311.220761251529,80,38
28,2251,291.203193711344,43,15
78,8422,5741.40562451208,92,14
88,5644,4545.84367697782,91,3
75,2569,1643.87911573798,95,20
50,5910,1790.99451345309,80,30
2,8864,439.485032355675,79,77
95,5223,4629.95115913745,95,0
81,3385,2442.88858908503,82,1
51,9315,2926.18312739736,86,35
29,8950,1204.95244271655,75,46
87,2695,2140.62540407039,92,5
35,7078,1209.79337252715,83,48
7,5011,289.187679590492,85,78
44,6032,1463.1196216965,84,40
71,4147,2415.00252909235,79,8
0,2680,173.214224069482,54,54
35,2878,491.916547913695,87,52
16,7545,608.073227337132,59,43
2,2002,99.2609470640864,90,88
74,4410,2759.09516287477,76,2
70,9307,5284.66498775898,93,23
85,4900,3779.08128130033,85,0
19,9266,839.166758807857,63,44
9,8029,497.245106919099,79,70
26,7834,935.758795692722,54,28
87,7244,5753.87399891871,88,1
78,5831,3975.08147667181,89,11
37,1086,200.870114370679,92,55
4,1151,60.2960783476228,70,66
84,6973,5294.49077123095,86,2
79,5309,3691.19604298612,89,10
24,3978,438.822746535064,79,55
12,7628,527.795380141892,49,37
19,5799,525.181095869498,75,56
25,2944,337.922547541259,56,31
57,5890,2276.14884975897,79,22
92,2375,2015.89492194532,92,0
20,3074,289.529068606567,78,58
30,5908,827.756412868893,65,35
75,4034,2581.31893845349,84,9
11,4948,329.786790433783,83,72
72,3197,1908.12453397562,79,7
49,3412,997.116877376687,71,22
63,6615,3090.71571706871,70,7
80,6986,4950.27673619009,90,10
15,3237,251.035602164504,23,8
33,9860,1556.75296246148,57,24
16,6388,514.827273191464,60,44
46,3900,1020.06086935493,84,38
82,6399,4700.03856875551,85,3
37,2092,386.943166909265,65,28
4,1959,102.623820576015,90,86
18,8864,771.98057453399,53,35
14,3749,279.828458520583,86,72
63,3867,1806.77213573767,84,21
92,8454,7175.73712426346,94,2
88,6177,4975.13756071793,88,0
87,7635,6064.44339891556,87,0
77,3634,2427.32875993747,90,13
47,6994,1898.81445390983,60,13
67,7064,3703.4768905207,84,17
62,7238,3280.91786074436,63,1
13,6578,472.650339805997,46,33
8,1027,61.3727501141627,90,82
84,2128,1615.75740157457,84,0
94,3095,2700.19323468828,96,2
36,5674,1008.93169835595,37,1
64,5069,2439.78952325655,69,5
28,5708,738.421958997934,76,48
35,7615,1301.57905224558,89,54
17,3875,324.610446838287,90,73
58,2537,1013.24363277633,93,35
97,8597,7919.57226238066,98,1
39,2071,414.292497654894,86,47
75,3211,2054.68892200648,84,9
18,6065,528.21098652399,83,65
14,4826,360.216628653063,65,51
17,6818,571.146845559598,76,59
17,6165,516.444749614978,87,70
47,7399,2008.76867950798,85,38
61,1235,542.808136348147,68,7
52,1658,539.701081894999,78,26
13,8813,633.242238478299,64,51
76,4370,2857.98206367133,88,12
25,1559,178.947436011149,81,56
89,6539,5338.12636953494,95,6
72,3382,2018.54149950127,93,21
16,2163,174.322384457285,79,63
40,8773,1824.67600246495,70,30
28,7321,947.089551826187,53,25
35,6127,1047.24554866824,88,53
53,1027,346.272611545356,72,19
23,3248,344.370304021928,68,45
27,1095,136.117996281995,60,33
77,6710,4481.94165635125,90,13
87,3060,2430.54313041017,96,9
44,9223,2237.12736586651,69,25
23,7495,794.659922612177,78,55
20,5279,497.21013440926,71,51
86,9852,7713.20534406531,95,9
96,4067,3674.9462732697,97,1
15,8292,643.060615739284,74,59
81,4190,3023.84141455429,88,7
10,4396,282.365083007869,61,51
16,2106,169.728590692114,34,18
59,1636,674.937023280338,74,15
64,9632,4636.03327836006,94,30
65,2108,1044.58644034677,76,11
21,9535,934.112398699564,60,39
42,8604,1933.38875798423,42,0
52,9216,2999.93074230658,84,32
36,6996,1244.0053157734,82,46
69,5390,2982.16691539676,84,15
95,1017,901.524091296724,96,1
7,5549,320.23596768063,53,46
70,6480,3679.44870749739,87,17
92,5872,4984.1410449107,93,1
69,9397,5199.15074285406,92,23
85,8864,6836.28091376451,86,1
61,8266,3633.07858708808,81,20
62,4829,2188.94063961516,89,27
36,8437,1500.2391150915,61,25
81,9351,6748.43462231436,82,1
91,3992,3344.85418630565,96,5
31,4938,719.991017028546,81,50
47,7783,2113.02157488994,58,11
36,4701,835.916093403478,75,39
17,2820,236.232634860379,73,56
5,9160,494.835206065154,81,76
31,6673,972.964774530476,82,51
94,7322,6387.98541660343,97,3
22,9872,1006.08608906371,77,55
23,4482,475.205573468683,84,61
13,8322,597.962318009351,73,60
78,1363,929.177851604128,89,11
38,3796,730.236654306755,85,47
19,2579,233.564760518613,85,66
55,6155,2223.71080189705,61,6
65,3275,1622.87504370763,76,11
11,6199,413.16659537167,39,28
41,2042,441.496928700548,69,28
3,6299,320.631852034713,82,79
97,3377,3110.89863092468,98,1
84,4147,3148.75279338803,88,4
32,2358,357.781180993511,72,40
53,4194,1414.08698424657,91,38
7,7808,450.604151315618,55,48
9,4957,306.992651014818,69,60
5,4442,239.962662155176,66,61
34,4624,759.649563684546,80,46
42,1808,406.272300608495,88,46
31,7554,1101.42003698535,77,46
38,5868,1128.82736761645,76,38
9,4434,274.602665846218,83,74
19,7289,660.121574028758,81,62
40,8285,1723.17800985092,87,47
41,6291,1360.16512167245,87,46
78,6003,4092.33649536286,79,1
46,3047,796.955248442169,72,26
14,5500,410.524545709044,40,26
45,4502,1134.10880971196,85,40
73,9862,6028.54392476839,78,5
53,1250,421.461309086363,82,29
87,8834,7016.8032725632,92,5
93,4441,3819.94478173019,93,0
68,1324,713.310814942004,77,9
62,7466,3384.26813322981,82,20
79,9905,6886.66355354633,94,15
23,4424,469.056103754005,56,33
59,7975,3290.11171189529,93,34
42,7684,1726.6572775861,81,39
10,3919,251.726287604149,82,72
66,7738,3945.30717845077,87,21
63,2781,1299.36211778807,85,22
77,6043,4036.41928902096,91,14
56,1270,474.647507438829,64,8
19,2266,205.218203697238,68,49
69,3637,2012.27107074175,81,12
20,5978,563.04644506508,80,60
94,4776,4166.76022257552,96,2
13,7074,508.289526267501,84,71
17,5868,491.564929560534,74,57
49,5038,1472.29625680649,86,37
26,8038,960.126270076347,91,65
28,3953,511.384373496642,86,58
11,5260,350.581753775606,70,59
36,2984,530.604897408206,71,35
94,8141,7102.5115100476,98,4
60,1631,694.701885164487,65,5
29,2279,306.825320329724,85,56
34,1275,209.462195868901,78,44
89,4273,3488.27251521988,89,0
89,5355,4371.56548537385,97,8
13,9313,669.168837733848,70,57
14,5395,402.687258927326,89,75
70,3273,1858.46228698132,85,15
13,4124,296.322590659765,75,62
40,8033,1670.76511202564,82,42
88,3481,2803.69982982987,96,8
65,2573,1275.00991983503,88,23
61,8892,3908.21858170666,81,20
40,1170,243.345597045935,68,28
42,1462,328.523287328329,76,34
60,9680,4123.06207749371,85,25
85,1407,1085.13619648766,91,6
10,1041,66.8657987741564,90,80
51,6051,1900.84102027712,81,30
42,1000,224.70813086753,86,44
43,5495,1283.03127810807,66,23
24,3642,401.757778501936,81,57
66,4566,2328.02695487287,81,15
73,3036,1855.87703869366,91,18
52,1795,584.296406514791,64,12
37,4242,784.614203646797,89,52
39,4523,904.802012019839,73,34
73,5705,3487.41057501558,83,10
96,4462,4031.86876600182,96,0
77,6414,4284.22858179388,81,4
41,7133,1542.21233713076,89,48
55,2152,777.485888819245,73,18
52,2740,891.906492395836,92,40
95,4360,3864.94104036747,98,3
24,3828,422.275885805989,46,22
48,2233,629.079323671368,86,38
34,1665,273.532985193506,60,26
84,4777,3627.10202411734,89,5
36,4677,831.64849369242,71,35
7,9560,551.713074612872,15,8
17,1346,112.75500940499,65,48
42,6117,1374.53963651668,78,36
10,9190,590.294611656578,76,66
52,9398,3059.17416625404,84,32
69,7485,4141.28374058344,77,8
33,1373,216.777060594281,74,41
61,4334,1904.88296593755,85,24
2,1199,59.4474902746451,65,63
36,2298,408.6226723338,71,35
81,6002,4331.52653225653,85,4
44,1506,365.294786186161,70,26
30,8714,1220.89867666546,85,55
18,4499,391.825429245083,64,46
0,7704,497.926262026601,60,60
51,4909,1542.09693745503,85,34
2,5140,254.845788166535,83,81
19,7031,636.756041568967,65,46
34,8971,1473.7924385411,76,42
19,9560,865.792598122504,77,58
29,8996,1211.14549437744,58,29
18,4846,422.046239191303,62,44
79,5127,3564.65664200223,88,9
18,6015,523.856402958252,45,27
40,3689,767.266587608936,60,20
5,3562,192.42390873407,65,60
24,2817,310.750044492025,81,57
6,5708,318.489409182778,44,38
25,7749,889.457140250413,72,47
86,3161,2474.77081735591,87,1
53,5320,1793.73933147156,83,30
68,1374,740.248534539512,73,5
78,6661,4540.90511337865,81,3
64,4909,2362.77900368247,87,23
5,6122,330.718464140925,66,61
45,3580,901.845743840251,84,39
64,1659,798.502824833818,82,18
23,4310,456.969215004467,27,4
78,1471,1002.80309589851,96,18
77,4435,2962.35637047955,89,12
24,2322,256.145404086078,79,55
57,8582,3316.45321368956,75,18
67,1466,768.586795229805,93,26
76,8779,5741.47014575987,76,0
2,6945,344.339299380659,84,82
38,2515,483.810638983533,79,41
51,4165,1308.37925127321,71,20
92,6989,5932.2482566214,97,5
53,2852,961.606122811447,74,21
96,2135,1929.1886632483,96,0
33,4920,776.797624270839,74,41
55,4121,1488.85657426771,83,28
78,6034,4113.46966733625,82,4
7,7573,437.042166740929,88,81
93,7945,6833.92508237928,98,5
1,5800,280.910119179598,57,56
73,2776,1696.94158742213,75,2
31,9734,1419.27755361601,86,55
85,7448,5744.2035475765,97,12
33,6124,966.892002242809,65,32
17,9580,802.520795022139,67,50
55,3352,1211.0282060047,70,15
92,9503,8066.12608136688,96,4
2,2175,107.838441490703,89,87
42,5610,1260.61261416684,66,24
30,3247,454.929768548628,55,25
81,9000,6495.12475679919,82,1
44,4435,1075.75191018302,82,38
44,4857,1178.11206939322,75,31
76,5255,3436.7724816002,85,9
52,4377,1424.77179460459,83,31
83,4728,3531.97936921195,85,2
26,9195,1098.32807332073,80,54
2,7067,350.388168282667,76,74
80,6642,4706.51847720792,91,11
70,3446,1956.69448241296,87,17
32,4739,719.052169944127,44,12
1,6384,309.194862214233,83,82
69,7571,4188.86562457679,78,9
92,3673,3117.6345466548,93,1
5,5244,283.28775334123,76,71
93,1920,1651.49605515018,96,3
13,3363,241.64230659282,71,58
79,1977,1374.55162497336,96,17
0,5690,367.757065281848,78,78
85,3952,3047.94473953039,89,4
28,1910,247.089338066933,77,49
13,8774,630.439963736367,64,51
94,6742,5881.97182173454,97,3
98,3292,3086.71619542295,98,0
65,7633,3782.41380415888,75,10
96,7789,7038.15011617844,96,0
12,4993,345.474873236558,60,48
28,2587,334.67021862783,62,34
41,2145,463.766362420507,83,42
13,4831,347.12280200711,83,70
69,3803,2104.11517240332,77,8
23,2256,239.193166832965,58,35
10,6108,392.330738628768,52,42
92,7453,6326.09046452987,95,3
74,5467,3420.4020987384,79,5
50,5756,1744.32562088595,64,14
33,1791,282.773281518104,64,31
21,7532,737.885116623505,82,61
83,4326,3231.67147868251,84,1
89,1311,1070.23760062094,92,3
85,4141,3193.70930323768,91,6
78,3825,2607.56073542611,87,9
94,3059,2668.78549431711,94,0
13,9963,715.873416766061,88,75
44,5783,1402.7222765701,49,5
69,2654,1468.39907114341,81,12
83,1271,949.480917569456,86,3
45,6597,1661.86490841177,77,32
38,2743,527.671007050429,65,27
60,6342,2701.28715862243,72,12
3,2283,116.209321828107,88,85
13,8308,596.956373230195,79,66
35,7856,1342.77150813412,78,43
16,4342,349.934254883741,75,59
50,9982,3024.99276366984,70,20
34,1733,284.704302306514,55,21
4,3691,193.356060105192,4,0
13,2149,154.412523600348,82,69
61,3708,1629.74297131897,79,18
64,5525,2659.2695040427,65,1
13,4386,315.148128669672,83,70
94,2505,2185.45526749407,98,4
73,3706,2265.44147081643,83,10
3,4756,242.090028302444,85,82
17,3682,308.442752324793,68,51
4,7892,413.428888201077,70,66
56,2415,902.577740523442,61,5
14,2320,173.166717462724,67,53
8,1910,114.140168177265,60,52
51,7340,2305.76319432062,52,1
85,5530,4264.96316032465,95,10
52,7983,2598.57282072845,64,12
97,6222,5731.7178802527,98,1
90,7263,6007.47589285267,91,1
86,2378,1861.75419287325,93,7
89,5654,4615.65476270845,90,1
6,5685,317.206077646127,88,82
87,4509,3581.47678922204,87,0
59,6908,2849.9174552693,80,21
39,1067,213.447655720798,62,23
92,4852,4118.36722580155,92,0
62,2695,1221.61835240481,92,30
86,2583,2022.25024398302,88,2
96,2569,2321.35160462992,97,1
94,2633,2297.12723325824,94,0
63,2503,1169.47262884701,87,24
2,2253,111.705751116577,83,81
23,1477,156.599427044454,50,27
30,5052,707.824204098451,73,43
4,2158,113.048598674344,62,58
82,9897,7269.30484684689,82,0
65,7079,3507.88776623093,93,28
55,3093,1117.4553225455,71,16
84,5718,4341.58873223843,90,6
15,3852,298.730040017815,90,75
23,2204,233.679849157737,77,54
45,4128,1039.89363982474,80,35
93,5217,4487.42443735339,97,4
23,1316,139.529347319229,81,58
41,2240,484.306131385518,74,33
58,1718,686.146062715702,84,26
45,1944,489.717353638393,83,38
30,4743,664.530918455849,71,41
57,6494,2509.56037866465,88,31
56,4016,1500.93259045223,84,28
87,6314,5015.17951810777,92,5
0,7328,473.624564918345,64,64
80,4938,3499.06477573814,85,5
23,3659,387.94671872421,87,64
95,8463,7502.06330840135,95,0
81,5776,4168.42673280802,83,2
93,3166,2723.24818260702,93,0
84,6945,5273.23080542075,97,13
48,3782,1065.46260731084,84,36
83,1339,1000.27926721125,83,0
8,3919,234.196502139634,63,55
98,6595,6183.74644860703,98,0
17,2901,243.018040329773,76,59
58,5386,2151.095863671,88,30
5,4875,263.353889690789,80,75
92,1844,1565.18325729144,94,2
86,9504,7440.75351096191,91,5
45,9940,2504.00745636092,64,19
70,5766,3274.0279702824,85,15
52,6688,2177.03307340998,71,19
76,6342,4147.67099492073,79,3
30,3899,546.280002331722,64,34
25,2807,322.197211599292,91,66
95,3493,3096.38510412926,96,1
74,2396,1499.04580731246,85,11
34,1527,250.861782817107,73,39
41,4881,1055.31170861282,57,16
41,1752,378.796581333673,77,36
26,8316,993.332926344227,75,49
99,2211,2105.71428571429,99,0
56,6821,2549.26822696083,81,25
51,6415,2015.18676996823,90,39
30,1321,185.082298815133,86,56
93,4894,4209.59463224219,94,1
80,4915,3482.76698516666,97,17
71,1291,751.812940694051,86,15
73,9693,5925.2358814419,90,17
41,7409,1601.88577117647,66,25
23,7842,831.450715560332,71,48
32,1501,227.747901896209,78,46
16,1783,143.697092689477,42,26
45,4248,1070.12310609871,74,29
59,4834,1994.28213358017,83,24
95,8965,7947.06340066384,95,0
35,5290,904.182952905992,65,30
6,7233,403.579869765072,76,70
58,3611,1442.18476860675,87,29
69,9021,4991.11831981339,77,8
17,7543,631.880413032568,78,61
35,4055,693.092981858941,69,34
95,5927,5254.01503354541,97,2
94,4020,3507.1976747809,94,0
40,1003,208.611652852199,87,47
46,8135,2127.74235184675,84,38
29,7010,943.767220496429,86,57
46,5382,1407.6839997098,82,36
85,4892,3772.91135267779,86,1
28,1980,256.144968257868,59,31
89,7738,6316.93253516766,91,2
66,4715,2403.99629702706,86,20
82,4965,3646.77160398048,88,6
45,1110,279.622563034268,86,41
10,2025,130.070357845982,89,79
84,3492,2651.42145032819,91,7
78,3779,2576.2018350785,78,0
30,8117,1137.25436751131,75,45
71,3932,2289.79743052595,89,18
9,4157,257.447740623078,49,40
57,6890,2662.59177841075,74,17
12,2114,146.271556583634,87,75
7,9916,572.258038479209,72,65
86,1522,1191.58531604419,86,0
25,1194,137.051467990579,71,46
9,9738,603.085421743453,85,76
36,1066,189.552553832824,69,33
32,9392,1425.0554927443,72,40
25,3981,456.953010109291,71,46
89,9757,7965.14742124979,97,8
14,8301,619.593500714686,87,73
71,2905,1691.72470388553,74,3
24,1956,215.771063907135,85,61
31,2941,428.816035050821,78,47
6,3225,179.945400247803,80,74
22,7023,715.735677015236,89,67
20,2525,237.820721610794,68,48
91,8658,7254.44577781421,94,3
67,3403,1784.10700147819,72,5
85,8578,6615.70596550902,86,1
69,2525,1397.0262451534,88,19
70,3713,2108.30139674966,90,20
84,6929,5261.08225352922,90,6
47,2608,708.050914469093,79,32
11,6285,418.898540395377,87,76
80,4101,2905.96691885421,89,9
26,9501,1134.87928489616,58,32
54,9177,3203.6320799866,73,19
3,4503,229.211816115623,43,40
3,5348,272.224026779115,66,63
19,3369,305.110383166811,77,58
80,4891,3465.76059500511,85,5
5,2517,135.971639046506,27,22
26,9813,1172.14718689465,75,49
88,1536,1237.1395974199,89,1
19,9947,900.840896812191,60,41
42,3409,766.03001812741,73,31
11,9232,615.317633242661,89,78
11,5570,371.243416070366,86,75
23,4611,488.882842316844,45,22
33,7504,1184.77426270902,68,35
27,6569,816.583669019569,84,57
21,5415,530.489631773271,60,39
83,9884,7383.6895273458,87,4
82,5310,3900.17265199121,82,0
65,9868,4889.93310879599,66,1
6,5930,330.876348362626,89,83
34,7283,1196.4809196182,68,34
38,2811,540.752169456346,60,22
83,1170,874.030427660318,84,1
73,6916,4227.68300382257,85,12
71,5305,3089.36301346393,79,8
16,5786,466.310363601411,82,66
85,6145,4739.27642318173,97,12
22,3277,333.969217368493,79,57
99,1088,1036.19047619048,99,0
45,5789,1458.31983550034,65,20
8,4194,250.630295987146,66,58
26,4832,577.174687361148,71,45
14,7500,559.806198694151,90,76
52,9870,3212.81645253537,86,34
9,9289,575.278340786089,28,19
84,2529,1920.23048335624,87,3
56,5249,1961.75178468221,78,22
9,9805,607.234807988761,84,75
83,1397,1043.60727131749,94,11
37,1465,270.971194800226,83,46
53,7572,2553.04402592156,74,21
91,4069,3409.37166434812,94,3
39,5603,1120.85024836329,66,27
43,4686,1094.13731923829,71,28
19,1040,94.1866424735778,26,7
0,2108,136.244621021816,70,70
94,9053,7898.1742661173,95,1
12,2855,197.542712415456,68,56
85,2118,1633.48860281512,88,3
36,2974,528.826730861932,82,46
13,1409,101.241156702136,90,77
73,9599,5867.77460290527,96,23
1,7376,357.240179149778,88,87
21,8381,821.058837283801,79,58
0,4938,319.153671065337,65,65
81,6877,4962.99699472312,86,5
8,5402,322.819470415489,10,2
63,2768,1293.28814888075,64,1
25,3807,436.980685628252,78,53
91,5610,4700.55911452272,99,8
82,3087,2267.38850785252,91,9
58,6084,2429.86766330753,94,36
82,7006,5145.87751409612,92,10
95,6992,6198.08893446086,95,0
39,7917,1583.75359919546,83,44
38,4855,933.956521775368,66,28
61,5692,2501.75215554142,80,19
51,6732,2114.76809593548,91,40
27,8518,1058.86127153428,75,48
67,5207,2729.89866491241,79,12
15,8319,645.154517888942,72,57
77,5140,3433.26082170573,91,14
17,4935,413.407111005664,72,55
86,1360,1064.75429028916,90,4
32,3937,597.364083787725,88,56
0,1445,93.3934902165677,66,66
10,4883,313.646201166384,86,76
58,4060,1621.50932166807,79,21
74,7904,4945.0993576785,77,3
68,5172,2786.4377151662,89,21
21,8615,843.983042978159,60,39
50,7005,2122.82852229085,67,17
0,5099,329.559450944138,69,69
38,3703,712.346241016311,59,21
93,6367,5476.60176205272,94,1
74,1859,1163.07435550662,88,14
64,5355,2577.44582699524,89,25
68,8056,4340.20538155044,79,11
43,6964,1626.02908475788,56,13
33,3854,608.491472345491,89,56
3,7499,381.714281379316,74,71
13,2749,197.524442707006,85,72
8,1718,102.666392109184,89,81
66,7721,3936.6395353862,70,4
57,9640,3725.30983220314,79,22
40,5908,1228.79127123708,90,50
58,5375,2146.70261181426,64,6
67,4446,2330.92557407347,75,8
41,7937,1716.04364500306,49,8
34,4308,707.735795924097,89,55
42,7547,1695.87226365725,64,22
98,6722,6302.82693366739,98,0
74,5184,3243.34451799156,77,3
72,9155,5464.14767236373,84,12
56,2082,778.122921643812,62,6
84,9377,7119.81069293454,88,4
91,1677,1405.14039840545,93,2
82,4067,2987.19438336125,83,1
31,4056,591.389948373387,81,50
11,4795,319.589260333466,78,67
55,6290,2272.48431258041,74,19
9,6287,389.361064541085,76,67
47,5116,1388.95263743247,52,5
86,3379,2645.44466682873,94,8
15,3819,296.170826279345,85,70
60,1765,751.777331278553,80,20
69,8048,4452.77909742359,77,8
56,2984,1115.23477338383,86,30
24,3697,407.824960769263,69,45
10,2447,157.176378098329,31,21
69,1183,654.5275437689,78,9
62,7167,3248.73422325985,79,17
8,8535,510.045201776416,76,68
93,2690,2313.81478560104,98,5
1,4620,223.7594397603,66,65
22,1580,161.022692536533,64,42
21,8491,831.835173293969,54,33
30,6083,852.275263960981,81,51
85,8532,6580.22887592946,94,9
53,4640,1564.46437932858,77,24
94,2041,1780.64439159896,97,3
0,1423,91.9715824070421,68,68
61,4597,2020.476925338,79,18
46,5221,1365.57379459027,92,46
29,5736,772.246615801358,91,62
78,6248,4259.35672547512,86,8
2,8303,411.67015158497,81,79
67,6156,3227.43541025558,72,5
88,6385,5142.66688120188,95,7
49,7711,2253.44907428243,80,31
74,3121,1952.63854950842,87,13
71,7516,4376.93730616304,84,13
89,8399,6856.54127201773,92,3
86,3453,2703.37982674153,90,4
77,4883,3261.59778062044,78,1
93,6988,6010.75751739036,95,2
71,6249,3639.10074856477,77,6
64,6041,2907.62842966913,83,19
61,5333,2343.96420335601,65,4
60,6857,2920.64428361305,62,2
27,6939,862.577877808919,84,57
58,7395,2953.46340732399,73,15
61,3577,1572.16575199783,66,5
16,5489,442.374280298677,85,69
64,3460,1665.35248578964,83,19
66,1536,783.147043951976,74,8
75,2862,1831.36708028108,83,8
68,3182,1714.31647518539,90,22
23,9068,961.437782287821,83,60
64,6522,3139.14130413873,78,14
68,2489,1340.95968156393,73,5
85,6451,4975.27619299355,92,7
94,4578,3994.01765053408,95,1
33,3603,568.862162651999,80,47
19,4468,404.640306319178,65,46
47,3272,888.321546067053,77,30
35,4412,754.112511951085,86,51
15,2367,183.565421786648,52,37
75,6099,3902.69315955077,86,11
17,4283,358.788785498938,65,48
31,2880,419.921856833174,82,51
46,6185,1617.71191716929,80,34
74,5946,3720.08613116856,90,16
42,9114,2047.98990472667,83,41
48,2352,662.603927127209,78,30
84,3898,2959.69095457597,87,3
89,4100,3347.04360224702,91,2
97,4263,3927.08346568905,99,2
11,1559,103.908166185584,81,70
61,4082,1794.12373487703,90,29
12,5200,359.797584784719,61,49
97,8743,8054.06773176621,97,0
34,4164,684.078889096551,60,26
68,1979,1066.19494166936,92,24
60,8637,3678.81065736706,84,24
2,1677,83.1471569562802,74,72
97,9667,8905.25823664462,99,2
49,6273,1833.21048411019,54,5
88,9876,7954.42100528579,91,3
70,6265,3557.36823340604,81,11
94,9814,8562.09900007458,94,0
76,1438,940.452679075372,87,11
81,2803,2022.87052147868,83,2
92,5498,4666.69064457068,92,0
59,1082,446.382554516703,82,23
70,3486,1979.40712875554,74,4
34,4084,670.936163081247,87,53
61,6839,3005.88246517002,61,0
96,2238,2022.25959173287,96,0
70,3727,2116.25082296956,74,4
63,1954,912.964249607296,74,11
64,5888,2833.98712032641,68,4
33,6536,1031.94090899069,74,41
29,2360,317.730476515203,61,32
48,2760,777.545424690092,75,27
20,6647,626.057162988891,76,56
57,3386,1308.49575641492,94,37
82,9352,6869.00464056907,90,8
85,7458,5751.91595835466,88,3
64,6480,3118.92604275054,78,14
87,9476,7526.74075286494,93,6
72,2619,1563.14612276577,76,4
80,9994,7081.74430310388,81,1
74,6599,4128.63242172576,80,6
32,7628,1157.40239551251,56,24
61,4782,2101.78826560068,61,0
62,8542,3872.00889285415,80,18
31,5431,791.87347377117,77,46
1,7744,375.063441883932,9,8
42,5948,1336.56396240007,73,31
78,4922,3355.40233719407,81,3
87,4734,3760.19319586984,87,0
51,3520,1105.76109591398,79,28
63,5842,2729.54818127217,78,15
59,6538,2697.27277396507,70,11
76,2417,1580.71914139442,78,2
73,6940,4242.35396855533,77,4
59,1364,562.722554862091,91,32
0,7969,515.053787914068,69,69
72,9109,5436.69264309789,82,10
45,2172,547.153339558946,54,9
27,5277,655.976864274055,41,14
45,6512,1640.45236980104,83,38
39,1941,388.286691428368,65,26
73,9987,6104.95519941816,78,5
41,6757,1460.91809364819,50,9
20,1097,103.322507567145,77,57
25,3101,355.943552963806,76,51
95,8142,7217.51145657613,95,0
65,7043,3490.04852910926,84,19
34,5099,837.684499400411,77,43
32,9401,1426.42106977099,51,19
16,3217,259.267272676415,75,59
76,7738,5060.65565416219,80,4
95,5886,5217.67040449608,95,0
53,1785,601.846749375327,72,19
89,1993,1626.98973153129,91,2
21,8358,818.805603390766,73,52
31,7217,1052.28334748785,87,56
93,7698,6621.46699611777,95,2
12,5603,387.681897605535,78,66
92,3022,2565.06713857632,95,3
58,5099,2036.47192886342,63,5
30,1655,231.87827747089,48,18
33,5443,859.371843273614,86,53
91,6184,5181.50758720294,93,2
65,9150,4534.13943509154,83,18
47,4684,1271.66813012777,92,45
54,3262,1138.74336329043,72,18
63,9118,4260.18834591572,81,18
90,5183,4287.03670007647,94,4
88,6667,5369.79797916569,97,9
56,6579,2458.82358381107,81,25
7,2940,169.669083615256,74,67
95,5446,4827.63048299111,96,1
18,9667,841.915186599738,59,41
68,3653,1968.06979379391,68,0
3,4776,243.108068791521,28,25
30,6380,893.887256957267,90,60
65,9920,4915.70089574952,73,8
59,3666,1512.42000449005,74,15
77,8940,5971.46921129362,81,4
27,2851,354.404025022803,74,47
83,5920,4422.4445570505,83,0
20,1321,124.420266632816,86,66
59,4350,1794.60638830652,67,8
2,7885,390.945338461699,88,86
21,6644,650.890695014148,74,53
30,4799,672.376950805318,76,46
32,8764,1329.76856243729,81,49
87,6272,4981.81912220018,93,6
83,6268,4682.41258168793,85,2
96,6412,5793.89119847685,98,2
31,5077,740.258078868759,72,41
23,5571,590.667168628744,69,46
73,5319,3251.45255889709,82,9
64,7186,3458.7349603712,70,6
56,1418,529.96076027422,92,36
92,5602,4754.96562220533,97,5
23,6791,720.018083316783,80,57
28,2425,313.712903043096,70,42
99,1981,1886.66666666667,99,0
7,2317,133.715396849166,71,64
39,4173,834.786379871499,70,31
33,9235,1458.07440246772,76,43
5,9558,516.335687726064,71,66
57,1182,456.775541666401,74,17
12,6846,473.687358737728,46,34
62,3838,1739.72958683847,82,20
18,4854,422.742972561821,78,60
96,9324,8425.17803097289,98,2
18,2040,177.6670094821,88,70
25,9398,1078.73508892417,87,62
33,8364,1320.55596126043,79,46
47,7222,1960.71461054286,86,39
41,3969,858.129926548714,78,37
3,8193,417.040286350278,81,78
11,1590,105.97433241506,43,32
53,9491,3200.07142763094,71,18
26,2052,245.108124682342,80,54
63,9065,4235.42524190898,86,23
93,1106,951.330540102138,96,3
51,1445,453.927495339687,59,8
67,7633,4001.7892278234,89,22
11,5557,370.376959264457,74,63
6,7838,437.337068881327,68,62
85,1876,1446.84826198355,90,5
43,4908,1145.97224985521,59,16
83,6753,5044.7243401625,94,11
32,4316,654.870049689566,47,15
23,4189,444.140148875571,58,35
51,6259,1966.18144867204,74,23
16,3221,259.589644168708,73,57
41,9292,2009.00561287242,71,30
51,5817,1827.33303833284,83,32
21,2051,200.929683244133,82,61
46,5331,1394.34474218746,68,22
23,7963,844.279781689228,72,49
38,5171,994.745452955804,77,39
33,5418,855.424700873863,77,44
71,3710,2160.51588688995,88,17
81,5582,4028.42071027257,94,13
99,9567,9111.42857142857,99,0
5,6108,329.962165791044,72,67
46,2357,616.482940787067,78,32
81,5208,3758.51219260113,92,11
75,6125,3919.33031681398,76,1
4,7181,376.182570472875,85,81
22,9830,1001.80573900894,80,58
52,3739,1217.09429747008,82,30
72,4270,2548.54293402437,75,3
69,8756,4844.49972378739,82,13
59,3820,1575.95319616803,83,24
10,6512,418.280577922485,86,76
35,9073,1550.78486421854,91,56
99,5564,5299.04761904762,99,0
55,3205,1157.91927214948,73,18
77,1200,801.539491448808,82,5
79,1164,809.295949149715,90,11
72,6627,3955.31475966733,72,0
96,2734,2470.44581045473,97,1
38,6342,1220.0107643871,75,37
39,1420,284.063421858981,76,37
13,4142,297.615948232965,64,51
95,2868,2542.35112471878,95,0
33,7056,1114.0414709055,38,5
61,6405,2815.13045612136,78,17
91,1738,1456.25164724429,93,2
3,5749,292.635738585103,78,75
24,5849,645.217256029057,62,38
71,4901,2854.09389801824,77,6
91,1124,941.787601554998,94,3
94,1811,1579.98382811647,96,2
9,1337,82.8019314921952,90,81
58,5752,2297.27133454058,88,30
94,5462,4765.25216409286,94,0
21,6385,625.517322044753,87,66
17,4834,404.946296778395,87,70
78,7894,5381.45998573954,82,4
13,4695,337.350767009601,88,75
79,7393,5140.14171139506,82,3
97,4607,4243.97690040569,98,1
81,6692,4829.48609694447,88,7
34,9561,1570.72004290397,74,40
78,1686,1149.37186926233,84,6
59,7160,2953.88085983326,80,21
58,5460,2180.65046707086,79,21
19,3800,344.143501345765,43,24
65,4647,2302.74819178911,85,20
60,9874,4205.69369350959,70,10
27,9661,1200.94608409165,61,34
67,5998,3144.59999849139,86,19
40,7413,1541.81274436027,91,51
29,1994,268.455326343777,88,59
46,1074,280.909070176203,79,33
30,1176,164.766679338832,81,51
61,7377,3242.34463306905,82,21
60,8920,3799.35059207065,65,5
59,3032,1250.86128030928,60,1
25,5133,589.183572190653,74,49
96,3775,3411.09470902216,96,0
33,8863,1399.34092355944,34,1
61,4758,2091.23976740444,87,26
92,4073,3457.15369140349,95,3
9,1894,117.297575352444,83,74
97,6145,5660.7853381795,98,1
66,9099,4639.22848497333,85,19
55,3308,1195.13165437456,80,25
45,6422,1617.78027009556,48,3
94,1622,1415.09319116782,95,1
24,3858,425.585257951804,79,55
62,3591,1627.7667916459,76,14
10,5183,332.915883810233,82,72
59,4135,1705.90745187298,87,28
22,2597,264.668311719859,35,13
88,6717,5410.06945043587,96,8
10,2365,151.909331509011,49,39
37,6002,1110.14956395287,88,51
90,2137,1767.58584373209,93,3
73,1005,614.346648184165,83,10
87,8539,6782.48620606941,90,3
58,5174,2066.42591879572,93,35
9,7066,437.605421035042,65,56
68,5765,3105.91906959264,89,21
75,7922,5069.21383996741,81,6
97,6178,5691.18499906801,99,2
96,3397,3069.53343749623,98,2
49,2473,722.705169329586,77,28
74,8330,5211.62419654123,86,12
39,5707,1141.65489334451,76,37
33,4965,783.90248059039,89,56
82,4597,3376.47715276904,91,9
25,7769,891.752809730992,83,58
73,7327,4478.92327487102,82,9
46,4048,1058.7708715766,90,44
23,9962,1056.22443616578,83,60
77,4243,2834.11005184774,80,3
75,2808,1796.81298442672,87,12
8,3699,221.049467061624,88,80
14,5066,378.130427011276,70,56
13,5611,403.168296845766,84,71
84,4394,3336.29606321365,84,0
50,4746,1438.2504163872,55,5
16,7260,585.104258511276,76,60
67,9417,4937.0953960976,77,10
21,7662,750.620786453703,72,51
59,3991,1646.49979212215,59,0
30,7037,985.938029342992,31,1
24,9954,1098.0496779814,58,34
14,6014,448.889930526216,17,3
46,3571,934.009580632421,80,34
15,4101,318.040470953546,89,74
85,1458,1124.4694914563,93,8
22,4390,447.398493819861,78,56
37,9264,1713.49976015651,89,52
59,9549,3939.47043722735,61,2
61,6900,3032.6932314188,63,2
3,5000,254.51012226918,84,81
16,7557,609.04034181401,28,12
68,4780,2575.24599352174,94,26
89,7007,5720.17915144996,91,2
11,2675,178.29015044672,87,76
43,4037,942.601868921249,84,41
35,2718,464.568859356992,38,3
76,1652,1080.40878013388,80,4
45,3986,1004.12210473387,83,38
5,8176,441.678236330644,78,73
61,9699,4262.91183355521,88,27
80,1180,836.147516276024,81,1
43,5893,1375.960568133,79,36
99,5675,5404.7619047619,99,0
77,5341,3567.5186865234,84,7
4,9909,519.091086313288,81,77
95,4103,3637.12226803388,97,2
87,6133,4871.41209764887,92,5
90,4038,3339.96800982226,90,0
51,7509,2358.85229239149,69,18
17,2560,214.452321008004,76,59
90,2138,1768.41297795938,92,2
97,8138,7496.74061547677,97,0
58,3911,1562.00072833592,67,9
35,4463,762.829587678534,64,29
52,5132,1670.53434999103,87,35
40,1699,353.371084941063,59,19
68,7063,3805.22227034394,76,8
21,7504,735.142049275462,53,32
81,8398,6060.67307862218,96,15
11,3533,235.476299636733,68,57
80,1544,1094.07776705948,84,4
67,8485,4448.47132164045,94,27
15,5726,444.062359590345,53,38
92,3247,2756.04665749745,92,0
56,5498,2054.81259519581,71,15
1,3051,147.768409244302,73,72
37,3892,719.877058131385,50,13
35,5072,866.921727247484,68,33
72,9190,5485.03736854426,80,8
55,4998,1805.70375107741,74,19
17,6714,562.434720018648,50,33
64,4744,2283.36190537169,78,14
61,5709,2509.22400843042,82,21
75,1476,944.478620019173,75,0
7,1137,65.6169211124305,83,76
63,9523,4449.41583879748,92,29
5,8348,450.969901772042,75,70
61,9155,4023.81254110712,64,3
72,1743,1040.30686979028,73,1
75,1253,801.783001953946,89,14
96,2033,1837.02133601114,96,0
21,8719,854.171578842318,22,1
48,7462,2102.18984023097,76,28
15,5741,445.225638562377,56,41
88,6600,5315.83420766365,90,2
3,9822,499.959684185577,66,63
69,9900,5477.44943644303,82,13
93,3112,2676.79985605592,96,3
61,7869,3458.58884609196,82,21
68,4163,2242.83453368849,78,10
68,5468,2945.90901518344,73,5
25,8770,1006.65106723398,63,38
29,7301,982.945003829448,72,43
20,2575,242.53004283081,81,61
77,5620,3753.87661828525,81,4
48,9277,2613.51047277173,92,44
94,7803,6807.62772545159,97,3
32,7437,1128.42181639048,71,39
33,5940,937.841034180648,50,17
44,1653,400.951050176444,74,30
88,6434,5182.13292304665,89,1
52,9709,3160.40880827415,93,41
41,5717,1236.06167550491,92,51
44,9842,2387.27177001607,92,48
13,9602,689.934412103555,68,55
52,6618,2154.2471411225,58,6
7,1909,110.1694832046,55,48
23,6855,726.80370507091,82,59
2,3262,161.732871789735,88,86
3,2995,152.451563239239,89,86
8,4954,296.047326256633,77,69
54,3580,1249.7551319987,84,30
33,3113,491.498171616895,79,46
92,2277,1932.71273148189,97,5
45,7811,1967.68634221682,61,16
37,3905,722.2815806791,83,46
96,4663,4213.49261673387,97,1
77,1364,911.083221946812,90,13
19,7550,683.758798726454,73,54
30,4305,603.163736865366,73,43
64,3153,1517.58855135686,83,19
0,8295,536.123876364311,85,85
35,9502,1624.1108541612,64,29
92,3947,3350.20516080765,94,2
61,9393,4128.41848155316,68,7
60,8326,3546.34451004263,60,0
86,6948,5439.64177127139,88,2
94,7237,6313.82825183816,95,1
80,2548,1805.51175548416,83,3
33,1853,292.562194669485,81,48
72,6558,3914.13221576858,74,2
81,6527,4710.40880973648,82,1
31,5133,748.423226084959,58,27
60,4065,1731.43051084834,84,24
56,3157,1179.89148109006,78,22
67,2444,1281.32750855501,87,20
51,9562,3003.77488611632,83,32
9,3744,231.870180633342,84,75
27,3241,402.884407260226,79,52
45,3144,792.012016378142,78,33
80,2008,1422.86797684937,83,3
32,4837,733.921786457004,70,38
65,7305,3619.87853260587,74,9
81,2700,1948.53742703976,85,4
37,9827,1817.63408279988,84,47
61,7021,3085.87524315817,69,8
20,1046,98.518999922729,68,48
15,5947,461.20133644495,82,67
95,6472,5737.13266359134,95,0
92,2061,1749.3723933176,93,1
67,6694,3509.49523006024,94,27
41,8581,1855.2816577764,73,32
67,6914,3624.83567682051,82,15
41,8962,1937.65694173081,55,14
39,5040,1008.2251029361,53,14
6,2234,124.650550125145,76,70
62,2539,1150.90500807266,63,1
25,8271,949.37411369353,71,46
83,6667,4980.4793685567,83,0
61,5276,2318.91152013994,82,21
32,6517,988.829498106325,73,41
32,1218,184.808090945758,68,36
6,7302,407.429864375025,83,77
22,3575,364.339320138042,69,47
96,1932,1745.75761002141,96,0
84,6217,4720.47169435577,86,2
15,8206,636.391149632967,87,72
17,1410,118.11631743019,73,56
31,8669,1263.99395030791,79,48
87,4906,3896.81196006283,87,0
93,9046,7780.95485150446,94,1
24,5979,659.557868660921,91,67
91,4672,3914.61892745992,92,1
41,2302,497.711033236367,68,27
89,1460,1191.87406323918,99,10
34,5224,858.220008799323,48,14
73,5893,3602.33313208884,88,15
89,8469,6913.68591888536,90,1
39,3246,649.344977010037,73,34
77,4025,2688.49704423454,82,5
0,3418,220.91276786175,83,83
64,4002,1926.22562084686,85,21
61,3006,1321.19939907897,81,20
4,2112,110.638850973223,90,86
20,4847,456.521599068325,90,70
82,7730,5677.65246702298,83,1
32,6368,966.221611775522,63,31
2,2403,119.142885012487,73,71
52,6253,2035.43477990918,74,22
28,4830,624.838483174496,67,39
88,6094,4908.28691840944,94,6
74,5231,3272.7498405891,86,12
93,3129,2691.42247737757,96,3
95,3420,3031.67393533412,99,4
47,9242,2509.12827895834,73,26
80,2230,1580.17708584367,84,4
19,3502,317.155405713913,84,65
87,2723,2162.86566800878,94,7
21,2339,229.144090252573,64,43
34,4522,742.892588015034,67,33
55,9413,3400.77819305555,69,14
30,7654,1072.38449290767,75,45
15,5452,422.813130367894,84,69
34,8551,1404.79312696076,74,40
89,8424,6876.95007447046,90,1
74,4315,2699.65887251806,84,10
37,9627,1780.64142821964,55,18
79,8219,5714.4359158604,79,0
19,4674,423.296506655291,89,70
40,4643,965.686843661776,80,40
28,4410,570.504702028888,90,62
92,3608,3062.46268563314,94,2
31,2685,391.489647776761,67,36
31,7630,1112.50130820733,62,31
88,5525,4449.9975753548,92,4
57,6531,2523.85876702476,73,16
55,7231,2612.45374630667,84,29
48,7136,2010.34932992337,83,35
93,4222,3631.57101293963,96,3
52,1772,576.80960019176,87,35
89,8301,6776.53876640305,92,3
8,3015,180.174139819085,63,55
61,8381,3683.6234742784,88,27
43,5870,1370.59028252854,84,41
52,5451,1774.37309855829,82,30
47,9850,2674.1953633131,77,30
2,2128,105.508139536651,83,81
9,4705,291.38600424142,68,59
4,6008,314.734004094281,69,65
43,1439,335.99308629618,86,43
85,1628,1255.58047468509,85,0
86,6493,5083.41882856436,90,4
21,4685,458.973947342156,58,37
41,7276,1573.13009462546,86,45
6,5804,323.845923422712,66,60
18,6540,569.579530398499,81,63
4,6397,335.112087914633,79,75
18,8738,761.00702394833,54,36
45,1136,286.172280726962,74,29
46,3150,823.895317555902,78,32
49,9939,2904.55587463274,77,28
41,3539,765.160445970244,83,42
40,8810,1832.37154698692,78,38
66,6182,3151.96290736401,85,19
13,6716,482.566081200529,85,72
70,8801,4997.35001152538,89,19
18,7122,620.266883103686,68,50
94,7630,6656.69608422346,96,2
26,5046,602.736645783186,89,63
63,4219,1971.23652461268,73,10
64,4317,2077.84008125834,72,8
4,8441,442.188703155764,76,72
35,6478,1107.23954043951,63,28
43,3954,923.222142609517,76,33
46,9510,2487.37919681163,69,23
41,6124,1324.05836991291,80,39
23,2188,231.983443719205,77,54
83,1635,1221.40149506378,96,13
8,2930,175.094603538945,40,32
6,7815,436.053737344676,55,49
60,9168,3904.98276099817,74,14
40,2401,499.378443168625,78,38
30,8507,1191.89637851653,89,59
93,4728,4066.80903580733,93,0
73,5495,3359.03963360397,91,18
60,5798,2469.57788484592,76,16
38,8895,1711.13146471512,50,12
92,8230,6985.60640320419,94,2
95,4279,3793.13823663587,98,3
81,1260,909.317465951887,83,2
60,7623,3246.91138602629,69,9
14,2179,162.642360927274,88,74
83,6858,5123.16296828586,94,11
16,7655,616.938443375182,86,70
95,1108,982.191438698889,98,3
84,2071,1572.47818546096,88,4
1,6739,326.388498819192,72,71
84,3434,2607.38294972136,85,1
61,2500,1098.80189544159,76,15
66,8662,4416.41907207813,79,13
39,4148,829.785263289475,76,37
45,2757,694.521987644573,75,30
47,7527,2043.5196446353,75,28
14,1348,100.615834111962,48,34
54,5364,1872.5381363243,74,20
97,1663,1531.95866841212,97,0
62,1534,695.347885932833,84,22
28,4380,566.623717661344,78,50
37,8455,1563.86447237946,71,34
60,2642,1125.32334801016,73,13
62,5067,2296.82381878857,69,7
7,7631,440.389379955107,84,77
62,4723,2140.8918287228,71,9
19,2468,223.512147716144,64,45
93,4184,3598.88515351478,93,0
3,3267,166.296913890682,78,75
77,3547,2369.21714680744,80,3
93,5513,4742.03007918905,94,1
10,1498,96.2199486682866,72,62
53,2451,826.401334856542,77,24
62,5547,2514.40333981058,87,25
53,2927,986.893801356629,69,16
8,2085,124.598036989318,69,61
91,2158,1808.16516383958,91,0
63,4484,2095.05204464643,93,30
58,1751,699.32581828591,66,8
0,7245,468.260094546044,71,71
3,7147,363.796768771566,71,68
27,4007,498.104850321421,85,58
83,9861,7366.50773261401,87,4
10,9432,605.838822322616,79,69
81,4042,2917.03269633137,97,16
22,4034,411.11743145087,59,37
85,4263,3287.80071473128,89,4
39,1995,399.089103245541,80,41
46,9453,2472.4706148749,51,5
44,4802,1164.77129034923,57,13
19,7509,680.045671475092,91,72
7,2101,121.249913154984,59,52
25,2428,278.694274942316,55,30
46,8531,2231.31776319663,85,39
73,1002,612.51277759257,94,21
53,4701,1585.031691212,55,2
57,1295,500.443592604052,86,29
59,3440,1419.18298293665,65,6
68,6150,3313.33951049345,93,25
86,3759,2942.94954205659,89,3
89,4903,4002.57433702857,89,0
87,5424,4308.25684292312,89,2
9,9685,599.80307143,80,71
52,4074,1326.14125913162,57,5
63,6817,3185.09584932085,72,9
42,3169,712.100066719203,70,28
71,6431,3745.08832037447,76,5
91,1823,1527.47223988858,95,4
41,3339,721.918827096537,51,10
51,2275,714.660935569403,71,20
59,1801,743.008300078172,88,29
33,9077,1433.1284625013,87,54
53,8827,2976.19118024426,64,11
88,7272,5857.08278153486,93,5
31,4001,583.370607357476,60,29
1,5050,244.585534802926,82,81
39,9587,1917.82818687469,77,38
17,3610,302.411280796443,82,65
1,1516,73.4240932200467,74,73
0,3791,245.020568450525,70,70
1,5549,268.753491608205,79,78
11,2420,161.294266946191,79,68
37,1980,366.227280344333,57,20
23,2987,316.69769030588,82,59
6,1511,84.3093022556372,57,51
23,4814,510.405986318215,86,63
8,1289,77.029673707065,74,66
72,4680,2793.2508035677,74,2
6,5029,280.603230339907,56,50
65,8817,4369.12649171608,83,18
90,2544,2104.22947424166,90,0
33,6165,973.365315778399,81,48
41,1059,228.964371936278,79,38
74,5588,3496.10516329801,80,6
79,1315,914.281935680306,87,8
18,9591,835.296219579817,78,60
63,4013,1874.9874788506,73,10
70,5906,3353.52223248141,82,12
90,3819,3158.82561404438,93,3
26,7264,867.673205503183,66,40
52,8667,2821.22393050902,84,32
63,4858,2269.79545782612,82,19
42,6041,1357.46181857075,57,15
56,3443,1286.78060481251,84,28
3,7839,399.02096969362,71,68
19,1833,166.003957359681,60,41
5,2898,156.553758425417,83,78
78,4321,2945.69148700032,92,14
64,7096,3415.41654311077,84,20
58,1185,473.273040930213,70,12
14,9507,709.610337464705,76,62
49,7961,2326.50863446536,91,42
57,9216,3561.45803045478,58,1
94,6578,5738.8921155992,95,1
62,3449,1563.39951667689,72,10
31,4978,725.823265040118,84,53
72,3039,1813.8224769321,89,17
91,8106,6791.93087028898,92,1
57,1875,724.580491222084,63,6
98,2304,2160.3262801502,98,0
44,4068,986.732530016801,67,23
70,9193,5219.93394568263,70,0
6,6399,357.04515230564,57,51
38,3873,745.049147031102,79,41
13,7092,509.582883840701,77,64
31,3669,534.962948861429,74,43
69,6144,3399.3383169198,71,2
61,9408,4135.0112929258,62,1
69,8038,4447.24632021506,71,2
59,5540,2285.54468763635,63,4
44,1260,305.625119916708,87,43
37,5903,1091.83819993565,65,28
36,5778,1027.4246304372,79,43
97,7972,7343.82110918909,98,1
28,7916,1024.06240844913,80,52
34,2869,471.331011723824,76,42
2,9222,457.234991920582,66,64
60,1017,433.177079835858,80,20
1,1710,82.8200523788125,71,70
68,6045,3256.77029933868,69,1
68,8770,4724.87601740285,70,2
32,6712,1018.41700035134,83,51
71,7487,4360.04917658897,77,6
36,9765,1736.37963243671,45,9
99,8340,7942.85714285714,99,0
34,8168,1341.87232616249,74,40
38,1252,240.84728429717,73,35
93,5361,4611.28664148966,97,4
4,7048,369.215256467459,77,73
41,1961,423.984073056696,78,37
82,1738,1276.553685341,89,7
19,1471,133.219760652532,62,43
89,2104,1717.6048144214,94,5
49,3727,1089.17192320718,72,23
29,8914,1200.10570663412,81,52
58,1912,763.627050007231,87,29
24,4946,545.605154440026,71,47
18,1135,98.8490469422471,83,65
34,5645,927.383604454858,68,34
65,9424,4669.91585096204,78,13
87,4800,3812.6166751532,92,5
85,4513,3480.61098418538,87,2
94,6415,5596.68484669639,95,1
90,9730,8048.01603159252,92,2
59,2929,1208.36830145973,85,26
85,9109,7025.23497782952,90,5
2,3302,163.716107495311,61,59
56,8389,3135.2897164601,59,3
23,9201,975.539152495615,62,39
20,4380,412.536538873378,79,59
11,5292,352.714570528614,77,66
8,7909,472.635911054443,79,71
71,2355,1371.43259127381,74,3
86,5175,4051.54665606354,94,8
52,7991,2601.17692727559,63,11
35,9135,1561.38209353426,77,42
19,4252,385.078465190051,90,71
17,5016,420.192516475057,77,60
59,5689,2347.01511335076,80,21
90,4961,4103.4129016167,90,0
67,8680,4550.70489945069,83,16
65,6366,3154.57176434893,81,16
49,3779,1104.36831172523,75,26
34,3537,581.072773951609,68,34
1,4595,222.548620281078,51,50
7,5432,313.483830679615,86,79
11,8468,564.396633264607,68,57
19,4451,403.100716971053,79,60
61,3677,1616.1178278155,75,14
16,2155,173.6776414727,77,61
46,9744,2548.58284897292,69,23
95,9217,8170.44990116215,97,2
32,7754,1176.52047388621,73,41
26,5054,603.692233013916,70,44
86,1175,919.91639050718,88,2
27,7689,955.809382111656,85,58
92,4591,3896.83098385303,95,3
43,8343,1948.01273034679,68,25
93,3156,2714.64664065312,95,2
5,4708,254.33233080292,72,67
43,4356,1017.08539534827,73,30
59,1398,576.749363414372,84,25
38,2105,404.938924477271,75,37
67,4145,2173.1188719151,75,8
50,3489,1057.32315692688,76,26
81,1647,1188.60783049425,85,4
18,6656,579.68216427101,45,27
43,8585,2004.5174745328,79,36
15,3279,254.292783286193,66,51
66,1352,689.332554311895,88,22
80,3694,2617.56688569799,91,11
19,7517,680.770184109504,71,52
52,5074,1651.65457752426,85,33
99,6257,5959.04761904762,99,0
67,8601,4509.28719356859,80,13
21,4701,460.541414398181,47,26
50,5916,1792.81278199467,74,24
21,3505,343.373251960354,52,31
92,4918,4174.38788468508,93,1
41,5786,1250.98003401634,88,47
50,1459,442.142300360078,88,38
26,4992,596.286431975755,75,49
3,1535,78.1346075366382,74,71
83,3195,2386.77539861087,89,6
39,4780,956.21349048305,73,34
82,7073,5195.0887321156,87,5
2,6402,317.416874677463,73,71
11,5950,396.57061501233,62,51
99,7978,7598.09523809524,99,0
6,5232,291.930026076435,81,75
57,6117,2363.87139456293,62,5
77,1507,1006.60001134446,88,11
73,9201,5624.4811044204,78,5
10,7934,509.61887365433,49,39
61,9981,4386.85668736102,68,7
85,4809,3708.89834321903,88,3
75,3591,2297.84737431494,75,0
22,6716,684.448356376809,82,60
95,4964,4400.35947806975,97,2
18,2736,238.28281271717,22,4
56,6067,2267.4696280562,84,28
27,6948,863.696655860552,33,6
31,4278,623.758924837611,82,51
74,5817,3639.37790531577,75,1
97,2648,2439.34248584204,97,0
93,3616,3110.31757053285,93,0
72,1837,1096.41062524655,80,8
69,9772,5406.62988817387,70,1
56,4166,1556.99331967729,82,26
23,9109,965.784821224058,86,63
74,4645,2906.12177586243,87,13
61,1211,532.259638151908,71,10
82,9172,6736.79539812869,87,5
9,4550,281.78667785302,82,73
62,8477,3842.54499938242,78,16
98,7125,6680.69650437075,98,0
61,2650,1164.73000916809,78,17
15,9008,698.587798670945,91,76
63,6845,3198.17824389045,85,22
7,3137,181.038066428931,60,53
22,2441,248.76986865929,45,23
14,1832,136.741994134358,87,73
65,6943,3440.49509266017,81,16
9,6000,371.586827938049,84,75
54,5815,2029.97935546716,71,17
29,2692,362.428153719884,85,56
80,9980,7071.82390884298,83,3
14,6517,486.434266251971,89,75
97,7007,6454.86132866131,98,1
62,1389,629.620738957435,82,20
46,6763,1768.89016908907,82,36
49,7495,2190.32561428437,71,22
70,7095,4028.6556450145,75,5
69,2649,1465.63268253915,76,7
71,9950,5794.37549179381,88,17
85,2630,2028.36403465711,89,4
8,1373,82.0494507368505,62,54
57,1577,609.420498483854,66,9
64,6059,2916.29211312122,85,21
19,1740,157.58149798464,50,31
92,3850,3267.87176820609,92,0
8,8443,504.547350743794,62,54
74,5305,3319.04758255117,85,11
44,2357,571.71302193943,63,19
48,5011,1411.69569678335,64,16
64,2469,1188.36858017764,72,8
45,1770,445.88462754113,69,24
79,5528,3843.46048702717,90,11
32,6136,931.020070642997,87,55
48,3600,1014.18968437838,72,24
9,1431,88.6234584632246,69,60
55,7887,2849.45687970139,86,31
52,2414,785.789150599835,77,25
15,3270,253.594815902974,72,57
68,2565,1381.90501535215,81,13
39,4117,823.583878727765,75,36
90,6395,5289.52338355952,91,1
96,1792,1619.25343538218,96,0
13,1530,109.935393721979,74,61
2,9971,494.371080507495,79,77
96,4127,3729.16234811509,97,1
78,5450,3715.34797596662,88,10
19,2248,203.58805026981,67,48
33,7867,1242.08677035339,70,37
52,2175,707.991467503994,73,21
30,5086,712.587866596342,77,47
0,3524,227.763778216737,60,60
99,7774,7403.80952380952,99,0
16,5708,460.024119501703,71,55
34,2973,488.416555543719,74,40
78,9611,6551.96502697526,92,14
56,9430,3524.35117728201,87,31
76,3879,2536.86783180346,87,11
86,8785,6877.84297072815,88,2
52,2825,919.575124459211,85,33
60,2329,992.005328355666,73,13
72,2525,1507.04236730949,77,5
6,4383,244.558353267014,70,64
5,6133,331.312698558689,75,70
78,7466,5089.68586946179,81,3
91,7476,6264.06059539605,94,3
90,7488,6193.58109399432,92,2
23,2160,229.014734201775,63,40
95,4746,4207.11242605138,95,0
73,5256,3212.9412764736,78,5
11,1898,126.502693662757,76,65
95,1150,1019.42252211527,95,0
47,5884,1597.45842819637,92,45
17,8975,751.83968009642,57,40
42,6035,1356.11356978554,83,41
14,1413,105.467487833978,71,57
21,6767,662.940598007336,77,56
0,1131,73.0989878442478,78,78
15,5590,433.515296910588,58,43
77,6352,4242.81570806903,77,0
54,8280,2890.49510976235,75,21
61,7251,3186.9650175388,62,1
82,2367,1738.551538091,92,10
16,3646,293.841615224809,57,41
82,5334,3917.80055098326,84,2
90,6134,5073.6413502352,95,5
20,3146,296.31049116339,77,57
74,6744,4219.35097016495,89,15
23,7718,818.303573411712,89,66
90,6403,5296.14045737789,91,1
77,6898,4607.51617667823,80,3
9,8835,547.161604138777,79,70
43,4448,1038.56653776609,54,11
75,3836,2454.6205869875,77,2
81,6127,4421.73659832318,84,3
48,6792,1913.43787119388,75,27
32,4323,655.932165154771,72,40
18,2941,256.136605336695,72,54
95,1307,1158.59585774318,97,2
25,1279,146.80806328304,70,45
1,9627,466.262365058964,52,51
69,6244,3454.66608900508,74,5
44,1606,389.550748084312,76,32
65,2387,1182.84052803973,86,21
95,4624,4098.96499327045,97,2
42,2172,488.066060244275,87,45
0,8742,565.014457766945,68,68
56,9381,3506.03800573516,62,6
60,1179,502.178738570773,88,28
29,8712,1172.91013194934,73,44
51,9452,2969.21985186901,74,23
65,9603,4758.61650220591,68,3
0,8103,523.714499117542,88,88
82,7114,5225.20305956035,92,10
43,5688,1328.09497904981,81,38
50,8408,2548.00031626287,93,43
61,5632,2475.38091005082,85,24
39,6797,1359.70357632077,55,16
1,9800,474.641235855183,79,78
36,6315,1122.91217397213,87,51
53,6430,2167.99697394025,75,22
43,7764,1812.82162752157,68,25
16,3598,289.973157317296,75,59
14,2111,157.56678472578,56,42
42,1241,278.862790406605,84,42
25,4370,501.603781506556,87,62
84,3464,2630.161484518,84,0
55,6969,2517.79700705451,86,31
11,5209,347.1825770755,73,62
23,3802,403.108342331087,71,48
44,6071,1472.57944683677,79,35
57,3872,1496.30701973968,90,33
66,8027,4092.65711054851,81,15
98,9837,9223.58056329755,98,0
63,2315,1081.63369387968,72,9
28,9874,1277.36132150414,86,58
16,1172,94.4548472417652,53,37
21,3468,339.748484393297,57,36
84,5018,3810.08958698363,85,1
94,4140,3611.89014268481,96,2
5,5827,314.782177482713,64,59
29,2783,374.679625483818,76,47
3,3934,200.248564201391,24,21
29,4915,661.714106810264,30,1
81,3107,2242.26140215279,81,0
44,1148,278.458442590779,65,21
82,1865,1369.8346508406,91,9
46,2951,771.846057811894,74,28
62,7642,3464.04729093788,85,23
81,3522,2541.75882149408,87,6
76,8184,5352.33986477945,92,16
51,2458,772.147947089931,87,36
88,5010,4035.20142127195,90,2
71,9331,5433.90127778171,80,9
66,5438,2772.62605794977,76,10
64,1741,837.970716115538,81,17
42,8942,2009.34010621745,82,40
12,4036,279.258279267524,87,75
15,1468,113.846235396197,67,52
17,2838,237.740502742467,86,69
65,6917,3427.61119918341,77,12
49,6565,1918.54405040385,77,28
88,8765,7059.58891366241,96,8
24,3403,375.393113740277,86,62
66,2253,1148.71763673425,77,11
31,4657,679.019474747254,82,51
16,4550,366.697572482962,75,59
53,9685,3265.48222280114,83,30
75,2711,1734.74359002167,91,16
52,8546,2781.83681898351,86,34
17,6680,559.58652513026,39,22
78,6526,4448.87355801067,78,0
2,8077,400.464869848464,76,74
58,7911,3159.54685805816,89,31
40,1297,269.760033648357,87,47
48,5787,1630.30991763825,81,33
86,7737,6057.35584115239,90,4
40,4852,1009.15627082639,59,19
65,1353,670.457995156159,87,22
5,2818,152.232053568952,67,62
11,5131,341.983836240045,78,67
7,2206,127.3095232841,76,69
10,8338,535.568712948046,36,26
60,5961,2539.00547974587,72,12
80,7972,5648.95593199361,91,11
67,9399,4927.65845045357,75,8
40,7555,1571.34699630944,73,33
22,9074,924.759438023103,77,55
54,4052,1414.52731699964,86,32
66,9583,4886.00138163528,90,24
83,2294,1713.69726585707,85,2
7,3988,230.149763761102,89,82
87,4836,3841.21130021685,89,2
32,4660,707.065438265379,46,14
36,4074,724.425050952089,76,40
57,6548,2530.42829681184,83,26
40,1298,269.96802133814,81,41
80,2349,1664.50043706134,91,11
56,6628,2477.13675535792,81,25
52,5256,1710.89800147172,73,21
83,2083,1556.07297505679,86,3
90,6077,5026.49469927931,95,5
39,3006,601.334257822604,81,42
85,4874,3759.0290132771,92,7
28,7746,1002.07016369972,80,52
18,4732,412.117788661421,78,60
37,3296,609.638947482283,73,36
87,6365,5055.68857028128,92,5
83,8034,6001.67560326752,90,7
84,4359,3309.72110595091,96,12
7,1069,61.6926021716695,66,59
95,2581,2287.93872137349,96,1
26,4316,515.539310979039,78,52
81,8002,5774.88758932302,82,1
10,3325,213.572315969328,87,77
87,3905,3101.72252426526,87,0
99,3660,3485.71428571429,99,0
23,3413,361.864485106786,72,49
90,2237,1850.29926646171,94,4
60,2151,916.188690980265,87,27
78,5082,3464.47677318575,84,6
54,6155,2148.6711836458,91,37
33,6224,982.68057184181,57,24
79,7713,5362.62857026783,89,10
62,9484,4299.00870285984,83,21
68,7767,4184.50536227685,81,13
4,5647,295.822723222438,64,60
68,8223,4430.17736500612,85,17
24,2520,277.987260248457,88,64
0,5627,363.685238372752,85,85
81,6738,4862.683401257,89,8
93,2385,2051.46775600687,93,0
88,7961,6412.02365563793,92,4
82,3844,2823.40182189345,97,15
64,5110,2459.52346889741,89,25
29,8793,1183.81528813482,39,10
46,4051,1059.5555337838,50,4
17,4282,358.705015061044,83,66
69,2568,1420.81718715007,80,11
91,2523,2113.99476754738,94,3
80,3383,2397.19241318796,86,6
65,6113,3029.20157013274,86,21
58,8412,3359.63951080587,72,14
47,4244,1152.21168750262,75,28
19,8887,804.842972752583,72,53
72,3874,2312.19094295326,89,17
44,1812,439.518029594504,86,42
13,4266,306.525744848341,77,64
18,3151,274.425856312793,70,52
70,6984,3965.62805141385,74,4
45,6885,1734.41562746931,86,41
85,5414,4175.49919529795,86,1
98,6696,6278.44825168653,98,0
18,2630,229.051095557806,67,49
75,7858,5028.26083747335,75,0
6,7804,435.439970088016,50,44
62,9140,4143.07671279407,68,6
9,8438,522.574942356876,63,54
7,2901,167.418371281584,79,72
6,2088,116.504184718577,46,40
17,4505,377.38582271135,63,46
66,3970,2024.14958625608,83,17
9,7554,467.827816374003,66,57
66,4805,2449.88381913362,68,2
95,8709,7720.13108269731,95,0
79,5990,4164.67588952474,88,9
50,5246,1589.77279485193,52,2
15,5780,448.25016388966,39,24
88,2768,2229.42864951712,95,7
18,2300,200.310844023937,91,73
2,2619,129.852357822599,79,77
84,8890,6750.03914473585,85,1
36,7844,1394.79383889744,87,51
21,2626,257.260530570011,77,56
11,2503,166.826260399305,46,35
45,3358,845.921231233397,64,19
58,2337,933.366326290218,79,21
61,1335,586.760212165811,69,8
33,5296,836.162645963082,75,42
76,1185,774.990559599663,76,0
42,9128,2051.13581855882,86,44
61,3080,1353.72393518404,62,1
64,5151,2479.25741453827,88,24
94,4070,3550.81953640753,94,0
30,6024,844.008908449934,72,42
33,9907,1564.17359017301,77,44
92,1593,1352.13499396164,96,4
88,3170,2553.21127852936,90,2
55,1186,428.484323484955,75,20
49,2488,727.088742940562,80,31
16,5198,418.921754234382,79,63
38,6019,1157.875242959,81,43
41,2814,608.409577553056,86,45
32,2236,339.270025742787,63,31
21,8433,826.153105215881,78,57
24,7067,779.577765149144,75,51
51,8972,2818.43424788074,64,13
10,2915,187.237083022734,77,67
96,6646,6005.33389037385,98,2
28,4960,641.656082100518,61,33
20,6744,635.193246155721,78,58
18,5063,440.945131866605,47,29
89,5135,4191.96802378986,97,8
72,8228,4910.8691478109,75,3
47,1397,379.274205334863,74,27
3,2611,132.905185848966,81,78
41,9493,2052.4634398405,49,8
57,1727,667.38693778162,70,13
53,5417,1826.44472905666,82,29
39,4218,843.788389719143,85,46
95,9175,8133.21881774576,95,0
19,8549,774.23231394867,88,69
81,2695,1944.92902439709,81,0
48,4555,1283.23167009542,75,27
95,3798,3366.75368608157,95,0
82,5879,4318.10075726108,85,3
91,8489,7112.84248185087,92,1
91,3942,3302.95972004431,98,7
36,3619,643.518473096615,90,54
4,9510,498.18914429704,76,72
40,6828,1420.13994583731,77,37
31,6316,920.911961027197,78,47
6,5057,282.165546993221,67,61
56,3076,1149.61868730853,77,21
16,3669,295.695251305492,27,11
12,3538,244.800741340065,84,72
98,5604,5254.54360849034,98,0
67,9018,4727.9097676551,76,9
98,9570,8973.23025218639,98,0
56,7076,2644.57146664343,91,35
9,3866,239.425779468083,72,63
33,7270,1147.82900984736,66,33
5,4392,237.261596619886,87,82
21,6232,610.528418321519,75,54
83,5906,4411.98607330072,92,9
83,4462,3333.2681779661,86,3
71,1995,1161.78684483705,71,0
79,1743,1211.85810942264,80,1
33,4840,764.166768591639,77,44
63,7449,3480.38418389189,81,18
19,8956,811.091894224387,73,54
43,7249,1692.57392811745,82,39
29,5664,762.553143636487,76,47
39,3106,621.338724150701,75,36
45,3565,898.067060556004,66,21
84,1524,1157.149567669,96,12
37,5706,1055.40043517412,89,52
22,5666,577.439605007593,88,66
25,7441,854.103830249493,58,33
9,5809,359.757980582021,75,66
58,6623,2645.1370042876,93,35
63,7443,3477.58081362697,86,23
25,9817,1126.8293645423,81,56
8,4577,273.518088872953,80,72
98,6587,6176.24531568984,99,1
64,5154,2480.70136178029,70,6
87,3748,2977.01818718212,87,0
70,9688,5501.00294417202,81,11
20,5271,496.456643014058,72,52
87,6779,5384.52675851324,95,8
14,7340,547.863666455342,85,71
43,1008,235.358603882244,81,38
46,8113,2121.98816232731,62,16
10,3952,253.845952694972,61,51
95,8765,7769.77252725249,95,0
51,2110,662.828384198435,91,40
67,6751,3539.37889126631,76,9
73,5674,3468.46057890244,81,8
67,7425,3892.74007815914,72,5
85,6425,4955.22392497032,88,3
51,8363,2627.12501282062,84,33
91,6686,5602.12802846683,96,5
24,9715,1071.68501321974,81,57
64,4560,2194.79980786149,68,4
64,8483,4083.00148466864,76,12
96,1057,955.106518526205,99,3
52,8761,2851.82218243793,84,32
60,5653,2407.81714091652,70,10
3,4110,209.207320505266,54,51
98,2620,2456.62103037914,99,1
96,5394,4874.02512860014,99,3
18,5042,439.116206768995,83,65
74,6792,4249.38193792413,77,3
2,7333,363.576685724748,74,72
90,1450,1199.34462957956,94,4
67,6718,3522.07782425227,79,12
31,9310,1357.45572469335,88,57
78,7981,5440.76921031001,86,8
84,2421,1838.22775808836,86,2
89,1373,1120.8514307037,89,0
98,4903,4597.25683662172,98,0
75,6395,4092.10079608578,84,9
57,5959,2302.81341183594,92,35
62,4981,2257.84082127213,86,24
78,8709,5937.05789407216,83,5
47,8613,2338.35986438738,76,29
33,2840,448.395376611623,81,48
85,6408,4942.11282664745,90,5
26,4701,561.526946457938,77,51
57,3980,1538.04285603408,82,25
39,1785,357.079723956536,54,15
58,8615,3440.71497688927,84,26
38,3230,621.355214281038,88,50
12,2201,152.291246944455,85,73
67,7147,3746.9916954348,81,14
47,2633,714.838212345522,69,22
95,2087,1850.03026404746,99,4
42,6583,1479.25362550095,83,41
25,8084,927.909604050115,64,39
36,9105,1619.02064038261,89,53
56,5660,2115.35818275887,66,10
70,9998,5677.02595332698,70,0
61,7558,3321.89789029903,91,30
75,3525,2255.61459049294,75,0
33,1290,203.67254782711,35,2
82,8231,6045.63485848204,88,6
58,1102,440.123958738477,90,32
32,2676,406.03156926999,76,44
62,6339,2873.40954949689,77,15
25,3351,384.639421471046,77,52
32,5697,864.410257896537,90,58
41,3691,798.024076314261,75,34
44,2943,713.852958662597,76,32
81,1887,1361.81115734223,87,6
18,1884,164.080708756999,82,64
9,6814,421.998774261644,84,75
95,9805,8691.68506899152,95,0
80,1395,988.496428139875,95,15
89,5055,4126.65985594114,98,9
86,5947,4655.95129731592,89,3
39,8580,1716.38321095075,66,27
48,7893,2223.6108829996,84,36
27,4432,550.936036092972,67,40
10,7764,498.699386822815,80,70
59,7262,2995.96128549011,83,24
75,1118,715.397762318046,87,12
66,9870,5032.33159101953,84,18
22,9179,935.460313160025,86,64
83,4670,3488.65136510571,90,7
25,1018,116.849576561482,45,20
31,1411,205.732548608197,77,46
9,5064,313.619282779713,86,77
41,8065,1743.71828108223,67,26
13,6888,494.924831344437,76,63
30,3830,536.612569615413,60,30
15,2548,197.602321382501,20,5
19,5547,502.358947885515,60,41
66,9401,4793.20661470867,84,18
27,2926,363.727175453077,37,10
27,3946,490.522021304798,45,18
91,8142,6822.09488599714,93,2
10,8660,556.251505652445,65,55
16,6801,548.112129770687,68,52
82,5143,3777.51185483819,90,8
3,1334,67.9033006214172,60,57
83,8732,6523.10572164948,88,5
0,4886,315.792798061003,69,69
81,5058,3650.26011332115,92,11
30,1964,275.171563113491,55,25
52,2098,682.926941987761,63,11
54,1243,433.923360076642,72,18
71,7485,4358.88447799765,94,23
23,7656,811.730002337402,74,51
18,1665,145.007632739067,82,64
83,4848,3621.62351563865,87,4
15,6877,533.324632710933,61,46
57,8104,3131.73349379401,70,13
77,6628,4427.16979110225,88,11
32,5427,823.442947095754,85,53
7,2487,143.526194201068,84,77
55,5161,1864.59324916177,76,21
21,3739,366.297457654711,30,9
8,5169,308.89556508287,68,60
46,5741,1501.58191050426,73,27
53,7683,2590.46979016842,67,14
44,1213,294.224817824577,73,29
9,8748,541.773595133675,59,50
34,8572,1408.24309253978,76,42
11,3196,213.015073206623,26,15
73,1323,808.736930893184,73,0
33,5388,850.688129994163,64,31
85,2515,1939.67131070823,85,0
5,5835,315.21434796836,73,68
17,9660,809.222430053639,50,33
70,2361,1340.61395037058,84,14
25,3341,383.491586730756,74,49
51,5523,1734.97685589003,86,35
22,6613,673.951307432971,71,49
49,4572,1336.1132366255,61,12
13,4347,312.345853927739,63,50
69,8577,4745.46301175473,78,9
88,6061,4881.70774737112,88,0
44,6936,1682.39351725579,86,42
75,8185,5237.50508459142,86,11
90,9462,7826.34405867712,94,4
71,2533,1475.09076590088,82,11
63,7245,3385.06959488478,78,15
23,4217,447.108858393002,39,16
93,1048,901.441596769476,94,1
19,5755,521.196276380231,84,65
65,2059,1020.30525648672,84,19
38,5260,1011.86638610472,69,31
36,1757,312.423862180368,92,56
1,5511,266.913045999787,77,76
71,4091,2382.39096853552,72,1
15,8898,690.057086209377,70,55
1,9229,446.986118949743,50,49
60,5257,2239.14641956451,78,18
24,2831,312.294418160072,53,29
44,6933,1681.66583839884,77,33
54,5143,1795.38844800818,90,36
18,1694,147.533291207195,64,46
86,8029,6285.964850538,92,6
5,2925,158.012333814473,79,74
4,2123,111.215094988708,52,48
74,9411,5887.94661628445,84,10
28,6463,836.093398914445,65,37
33,3601,568.546391260019,80,47
95,3925,3479.33339069778,96,1
97,8201,7554.77633171848,97,0
44,2039,494.579063103308,58,14
78,2042,1392.06248934382,93,15
80,3443,2439.70838859182,82,2
25,4689,538.219709721795,62,37
63,1115,520.959640896691,77,14
22,8559,872.274193303917,84,62
19,4506,408.081741332636,89,70
67,4887,2562.13074235202,82,15
99,1433,1364.7619047619,99,0
37,5085,940.538242702491,88,51
3,3040,154.742154339661,80,77
51,4921,1545.86657755474,85,34
87,2855,2267.7126265755,88,1
0,6005,388.116199827328,74,74
78,7017,4783.59573346014,93,15
78,2362,1610.21136132718,79,1
75,3403,2177.54792948865,87,12
17,3056,256.002458203305,91,74
25,7977,915.627772329016,68,43
38,2433,468.03629608228,81,43
95,7227,6406.4057107192,96,1
42,2677,601.543666332378,81,39
38,1527,293.74904402698,88,50
33,6910,1090.99015929096,53,20
90,3903,3228.30488913727,91,1
83,7354,5493.69210684955,84,1
69,4071,2252.39360159188,91,22
14,9921,740.511639632623,89,75
47,2738,743.344863426525,71,24
3,6886,350.511340389114,84,81
29,4175,562.086754004649,37,8
57,3141,1213.81723889523,83,26
38,8011,1541.0763534382,86,48
10,1279,82.1530803382767,80,70
85,6443,4969.10626437102,86,1
58,9140,3650.39290641532,77,19
20,5944,559.84410663547,68,48
36,8186,1455.60713478002,80,44
68,4853,2614.5750641341,89,21
87,8897,7066.84386642459,98,11
34,1494,245.440408335794,74,40
66,6990,3563.93088360958,72,6
59,2661,1097.80404581233,88,29
61,9582,4211.48790484854,79,18
9,4456,275.965150881991,59,50
96,5351,4835.17027496095,97,1
98,6556,6147.17842563574,99,1
71,3867,2251.94472630821,86,15
92,4169,3538.63828614317,92,0
35,1313,224.421969218444,91,56
88,5854,4714.98385631258,94,6
17,5253,440.046110255877,67,50
55,1828,660.429463179172,70,15
16,6054,487.909253585023,83,67
78,2074,1413.87737654216,82,4
48,7155,2015.70199770203,69,21
43,7912,1847.37824793285,84,41
5,7175,387.602904314135,69,64
13,9276,666.510269388937,76,63
82,2006,1473.3985574189,89,7
58,7884,3148.76342168253,72,14
7,2724,157.203599921074,85,78
83,5133,3834.52836340206,91,8
72,2476,1477.79679265676,89,17
69,8484,4694.00818371542,70,1
48,2835,798.674376447975,88,40
29,3730,502.175710763435,74,45
86,1925,1507.097065299,87,1
72,8672,5175.86986507245,87,15
18,8833,769.280732723232,86,68
19,7572,685.751208471088,54,35
67,5915,3101.08519357728,95,28
53,5031,1696.2974768108,76,23
99,7860,7485.71428571429,99,0
82,2999,2202.752878215,86,4
16,7427,598.563268314497,69,53
42,4095,920.179795902536,72,30
18,5070,441.554773565809,78,60
60,1446,615.903694633874,70,10
15,7330,568.455657666299,88,73
93,5965,5130.81977550565,94,1
11,5296,352.981172622739,81,70
48,5261,1482.1255359763,80,32
39,5804,1161.05922568277,88,49
57,3231,1248.59710247389,91,34
37,9408,1740.13447145428,49,12
90,4401,3640.2177343308,94,4
81,7253,5234.34887345162,85,4
81,4315,3114.05148062095,86,5
88,5293,4263.13794866117,91,3
84,1669,1267.24581918607,84,0
79,2957,2055.91763027123,82,3
56,6579,2458.82358381107,76,20
47,3245,880.991264360509,89,42
48,3317,934.46310641197,52,4
6,3049,170.125124141256,67,61
59,9450,3898.62767114865,80,21
1,2408,116.626132238702,89,88
80,3286,2328.45825295171,91,11
38,6613,1272.14304397539,74,36
89,3771,3078.46376196915,89,0
26,6058,723.618430470578,63,37
52,5120,1666.62819017032,69,17
93,8420,7242.49832518987,98,5
62,5196,2355.29831506323,76,14
37,7429,1374.09215438285,88,51
93,4218,3628.13039615806,93,0
53,4235,1427.9109151846,69,16
29,4830,650.270424393403,76,47
69,6577,3638.90757004907,69,0
63,6925,3235.55651408932,92,29
17,8561,717.158718808407,77,60
71,10000,5823.49295657669,77,6
14,6138,458.145393011293,61,47
38,7604,1462.78174903808,89,51
76,1765,1154.31083349655,78,2
24,9125,1006.60069435205,85,61
9,5842,361.80170813568,82,73
16,1316,106.060220964303,42,26
45,6211,1564.62679189715,62,17
77,4444,2968.36791666542,88,11
99,8062,7678.09523809524,99,0
0,2262,146.197975688496,78,78
62,2495,1130.96021864564,74,12
36,1823,324.159761385778,81,45
1,9113,441.367916566151,69,68
66,9280,4731.51339054319,75,9
66,3730,1901.78286063859,68,2
1,2330,112.848375463528,88,87
0,3391,219.167699186423,77,77
54,3993,1393.93079387452,91,37
39,5750,1150.25681386559,73,34
71,5835,3398.0081401625,76,5
78,6461,4404.56206838905,79,1
83,5058,3778.50077188537,86,3
61,5999,2636.68502830165,69,8
62,5334,2417.85242735706,62,0
9,5137,318.140255852959,65,56
45,6209,1564.12296745925,82,37
60,6966,2967.07132560136,81,21
85,3206,2472.59889547936,88,3
80,3646,2583.5541053749,83,3
73,3987,2437.21401622912,79,6
66,3495,1781.96544180479,77,11
3,5846,297.573234957125,77,74
88,1928,1552.86793217811,89,1
86,3429,2684.59004514819,90,4
83,5130,3832.28725974139,87,4
76,8958,5858.53623029011,77,1
34,5165,848.527248363037,81,47
30,6470,906.496951804627,47,17
87,5236,4158.92935647962,88,1
19,5998,543.2033476505,19,0
48,3205,902.910538453531,76,28
32,8821,1338.41721693968,52,20
22,8898,906.822733031692,70,48
34,7879,1294.39422843221,67,33
46,6976,1824.60118579999,63,17
73,9775,5975.36167761215,88,15
13,5866,421.490862466096,50,37
8,2763,165.114808729729,84,76
78,6723,4583.17145732542,89,11
88,5183,4174.54071186677,94,6
35,9111,1557.27994025076,49,14
2,1443,71.5452280786597,87,85
83,1893,1414.13640988118,87,4
75,6981,4467.07672517198,77,2
47,6045,1641.16862652058,56,9
4,1627,85.2317284722696,67,63
45,1245,313.630712592489,64,19
23,5512,584.411673574158,71,48
21,7802,764.336123193917,79,58
51,4123,1295.18551092424,88,37
76,6592,4311.17111297973,79,3
3,3679,187.268547965662,45,42
78,2540,1731.55667136793,82,4
80,8477,6006.79872497615,81,1
75,8430,5394.27829726398,88,13
93,2470,2124.58086261508,95,2
60,3967,1689.68876667537,66,6
62,6676,3026.16850488109,75,13
92,1366,1159.45787931676,92,0
32,9638,1462.38126480724,82,50
49,3144,918.797028860582,79,30
57,4637,1791.93586015829,86,29
22,1188,121.072758692026,77,55
22,7613,775.864403975081,88,66
67,5174,2712.59759789837,69,2
25,4404,505.506419623541,66,41
74,4559,2852.31629196056,81,7
8,7158,427.756714038147,87,79
84,5852,4443.33285433006,90,6
21,9958,975.55230899321,72,51
57,1288,497.73849210349,81,24
14,3283,245.045833375053,82,68
3,5344,272.020418681299,83,80
17,4641,388.778602264901,87,70
92,4343,3686.32911410885,93,1
30,7471,1046.74478005137,83,53
12,3262,225.703792609183,75,63
88,7387,5949.70716545627,95,7
10,3374,216.719697467823,65,55
27,1561,194.045837622096,63,36
43,5260,1228.16096867123,89,46
87,5969,4741.14769458114,92,5
14,3507,261.765378509385,65,51
27,3516,437.069292171229,62,35
83,1999,1493.3220725581,93,10
26,4133,493.680253076081,79,53
45,6233,1570.16886071405,87,42
76,1824,1192.89686135847,91,15
45,7540,1899.41813088142,82,37
92,2358,2001.4653582935,92,0
19,1202,108.858023320424,71,52
2,5703,282.75983072252,80,78
58,4664,1862.73878725613,76,18
94,2965,2586.77639445905,96,2
87,7302,5799.94311707681,87,0
58,4581,1829.58970506439,83,25
77,6102,4075.82831401719,79,2
19,9818,889.158130582295,84,65
13,3447,247.677975267752,86,73
74,9764,6108.79935834677,94,20
49,5090,1487.49264532454,82,33
71,5320,3098.0982528988,72,1
6,9358,522.148544346958,69,63
25,8589,985.87525843474,74,49
87,8031,6378.9842746157,92,5
0,3489,225.501652156128,38,38
47,7999,2171.66382854228,76,29
72,6117,3650.92204389393,81,9
95,6905,6120.96740452692,95,0
44,9508,2306.25685727624,81,37
18,2687,234.015320822747,80,62
65,9814,4863.17425311348,95,30
80,6061,4294.82211538049,87,7
24,3251,358.625628201481,79,55
24,5057,557.849831379542,72,48
72,1623,968.685054314182,81,9
28,8967,1160.02622745874,83,55
33,9068,1431.70749123739,91,58
32,9498,1441.13895550313,69,37
28,2385,308.538257219705,88,60
73,7520,4596.90228293027,92,19
90,4244,3510.35766064529,94,4
99,2387,2273.33333333333,99,0
2,6909,342.554387245641,36,34
67,5679,2977.35635068899,68,1
30,2938,411.636482906027,59,29
39,9717,1943.83399310121,50,11
74,3964,2480.05742077904,88,14
64,3644,1753.91458329984,90,26
55,6734,2432.89496993903,86,31
5,3216,173.732535229862,61,56
92,2289,1942.89830582435,95,3
20,7537,709.883080705171,76,56
3,3047,155.098468510838,68,65
60,1633,695.553757494548,74,14
67,3583,1878.47645791841,87,20
88,6078,4895.40004760298,89,1
67,9308,4879.94944747546,88,21
97,2276,2096.65539946241,98,1
14,6583,491.360560800479,53,39
71,6931,4036.2629682033,95,24
91,1857,1555.96047694629,94,3
27,6227,774.070103057521,84,57
28,4512,583.700048878535,65,37
54,3462,1208.56208574846,75,21
18,9939,865.604121197351,84,66
92,6750,5729.38556763406,92,0
36,5986,1064.41049459971,69,33
43,7865,1836.40418604549,64,21
78,6760,4608.3949206485,89,11
34,9718,1596.512642709,80,46
64,8614,4146.05384756993,77,13
67,1893,992.452116896331,94,27
43,2184,509.943641744862,90,47
43,9375,2188.97511051194,87,44
23,9683,1026.64336633138,77,54
49,3788,1106.99845589182,59,10
18,9723,846.792320193364,88,70
6,5385,300.466970646331,81,75
9,3502,216.882845239841,90,81
91,1411,1182.26183789511,92,1
93,6901,5935.92410239137,95,2
14,5733,427.915858281809,54,40
25,1735,199.149327440246,56,31
69,9651,5339.68328395068,94,25
14,2709,202.201998968327,74,60
10,4655,299.001242357059,62,52
7,9122,526.435843788558,77,70
67,8151,4273.36355246804,82,15
36,4651,827.025260672107,73,37
49,1407,411.179204709554,85,36
27,1335,165.952077658871,77,50
62,5928,2687.1070846218,76,14
76,2744,1794.57729581559,84,8
59,5865,2419.62447526845,68,9
58,3317,1324.76512807217,74,16
28,9541,1234.2823950244,84,56
84,1252,950.624185512856,90,6
69,4237,2344.23770325345,85,16
88,3472,2796.45096500124,97,9
25,6577,754.930908688472,64,39
28,6758,874.256411861955,89,61
82,3419,2511.24111057588,94,12
54,3604,1258.13337869366,90,36
41,2240,484.306131385518,71,30
95,1859,1647.91866835851,95,0
90,1849,1529.37118627077,95,5
50,7030,2130.40464121408,81,31
64,2253,1084.40437875262,81,17
89,1081,882.47661805586,89,0
14,5810,433.663201921735,88,74
59,1640,676.587236051195,68,9
34,3234,531.294699168647,87,53
53,6932,2337.25583566934,94,41
48,6397,1802.15872526903,68,20
34,2168,356.167875014727,77,43
50,9453,2864.68208725416,76,26
29,8007,1077.99488366832,58,29
28,1493,193.143655358079,77,49
93,7476,6430.51276474103,96,3
45,8900,2242.01874865314,79,34
64,3509,1688.9369574092,90,26
76,4281,2799.77602164233,97,21
42,5908,1327.57563716537,78,36
79,6450,4484.50074915435,91,12
96,5184,4684.2688666413,96,0
56,4505,1683.69056772592,72,16
44,1924,466.684706920434,75,31
71,3881,2260.09761644741,83,12
28,4660,602.846238425083,90,62
18,6551,570.537538782961,26,8
80,8353,5918.93237580816,81,1
23,2873,304.610801556342,76,53
48,4844,1364.64856420247,70,22
72,9834,5869.40777826597,74,2
75,6298,4030.03140168073,78,3
98,4294,4026.23309330077,98,0
90,2131,1762.62303836831,92,2
70,6113,3471.06017730425,88,18
18,6049,526.817519782954,78,60
36,3241,576.303777647452,38,2
36,6968,1239.02644944383,67,31
99,2218,2112.38095238095,99,0
61,3226,1417.89396587783,62,1
43,9984,2331.1709336908,75,32
59,9608,3963.81107559749,89,30
65,3878,1921.68226549563,75,10
50,6499,1969.48787528454,75,25
16,3842,309.637818347152,72,56
62,6073,2752.83423159719,86,24
7,5128,295.939816591507,82,75
93,8418,7240.77801679909,93,0
59,5690,2347.42766654347,91,32
94,9457,8250.63890806045,97,3
33,7645,1207.03614584361,43,10
24,5534,610.468848497999,86,62
26,7804,932.175343577483,84,58
93,6406,5510.14777567296,95,2
67,3717,1948.72927549058,86,19
58,7874,3144.76955635823,59,1
20,4467,420.730757796205,77,57
98,4259,3993.41563678807,98,0
76,5846,3823.28676069167,81,5
12,9823,679.67147602698,69,57
43,7057,1647.74371785416,93,50
55,7168,2589.69277465444,76,21
13,1095,78.6792523696514,70,57
92,6582,5586.78752683961,93,1
61,3785,1663.58606969857,77,16
66,9088,4633.62001004919,79,13
90,9868,8162.1605549594,91,1
71,6414,3735.18838234829,92,21
50,1135,343.955799114934,84,34
62,5943,2693.90644465373,67,5
56,3389,1266.59874229149,78,22
7,8647,499.023321775889,71,64
26,6595,787.762223333355,72,46
23,9872,1046.68215557404,77,54
55,2346,847.575230097559,65,10
22,6064,618.001017431353,65,43
58,4674,1866.73265258044,64,6
57,8791,3397.21978577778,93,36
40,7212,1500.00721871392,69,29
29,2068,278.418061624339,72,43
36,4031,716.77893480311,66,30
25,6392,733.695965993114,83,58
97,5028,4631.80287719553,97,0
88,3065,2468.64118886198,92,4
83,2531,1890.7444550498,85,2
17,3489,292.275057811299,82,65
60,3029,1290.1606438769,93,33
55,5565,2010.55249594754,79,24
67,3764,1973.37018911663,76,9
9,2835,175.574776200728,82,73
30,7633,1069.44223077662,31,1
17,2877,241.007549820323,73,56
50,7494,2271.01740842935,51,1
22,1281,130.550676670442,73,51
10,1936,124.353685328306,81,71
43,1064,248.434081875702,79,36
47,4313,1170.94462964156,79,32
95,3555,3151.34527488678,96,1
14,5376,401.269083223967,87,73
87,8141,6466.35674008796,89,2
87,1242,986.514564695891,89,2
9,4958,307.054582152807,60,51
91,9096,7621.44130226357,93,2
61,3484,1531.2903214874,88,27
85,3174,2447.91918098923,85,0
15,3532,273.913421947799,80,65
7,8733,503.986431024499,78,71
26,6976,833.272065196889,81,55
20,3485,328.239689035096,36,16
70,6618,3757.80733737927,75,5
18,1768,153.978074884487,33,15
8,2834,169.357715504905,69,61
28,9556,1236.22288720817,90,62
21,1323,129.609932195021,66,45
62,6733,3052.00607300246,66,4
1,2481,120.161725118031,53,52
66,1691,862.175554246609,68,2
29,3179,427.993722390606,69,40
21,2762,270.584000546219,81,60
48,8001,2254.03657353095,92,44
56,7410,2769.40002371789,81,25
68,9239,4977.55182722748,73,5
99,6154,5860.95238095238,99,0
33,8399,1326.08196062008,86,53
0,1512,97.7238458183048,80,80
85,8801,6787.69272586207,86,1
39,2938,587.731220719498,88,49
16,4558,367.342315467548,80,64
45,9719,2448.33485597302,82,37
55,8268,2987.10656540777,84,29
40,4155,864.188851047745,85,45
6,3347,186.752637094386,88,82
38,4571,879.323431727128,79,41
71,4561,2656.09513749463,75,4
48,1084,305.383782740602,83,35
44,3923,951.561385264482,57,13
12,6063,419.510145490337,65,53
83,2417,1805.58251594443,88,5
40,2565,533.488424293012,56,16
80,2836,2009.58843742271,80,0
43,6156,1437.36861656656,76,33
2,8860,439.286708785118,73,71
3,3695,188.082980356924,80,77
5,2711,146.451773323432,83,78
87,6568,5216.93048383463,92,5
41,9699,2097.00230728042,79,38
98,8715,8171.5466716619,99,1
6,6511,363.294418918897,81,75
29,9381,1262.97864414793,78,49
40,6743,1402.46099220576,87,47
90,4254,3518.62900291825,91,1
52,6710,2184.19436641462,58,6
35,3441,588.146227022594,37,2
46,3395,887.976064476916,57,11
41,7522,1626.31728584012,67,26
96,4921,4446.62173856902,98,2
30,3270,458.152246120731,50,20
50,3807,1153.69138963044,86,36
32,4166,632.110432578019,71,39
85,2846,2194.95210746545,86,1
34,8803,1446.19271390897,83,49
68,8332,4488.90159372869,85,17
60,7256,3090.59281346016,93,33
13,9499,682.533532656912,77,64
78,2455,1673.61087724735,89,11
9,1676,103.796587270695,72,63
31,5305,773.501892534718,53,22
98,6982,6546.61375347601,98,0
71,6633,3862.72287809732,78,7
94,6498,5669.0971369966,95,1
28,2070,267.787921360498,77,49
87,9065,7200.28545005495,87,0
34,2796,459.33827423486,50,16
10,5492,352.763656933398,69,59
27,4116,511.654495613419,82,55
31,7605,1108.8561532001,70,39
4,3473,181.93595143466,64,60
57,6761,2612.74064061467,89,32
83,2744,2049.86281495719,84,1
93,7997,6878.6531005396,94,1
30,2982,417.80122260918,71,41
52,3947,1284.80106769575,76,24
32,1352,205.140015565406,83,51
49,1999,584.184243222743,93,44
48,4040,1138.14620135796,83,35
87,6207,4930.18993805748,88,1
13,4875,350.284342741599,82,69
98,9638,9036.98988198249,99,1
26,4339,518.286624267388,74,48
92,5491,4660.74905953757,97,5
65,7604,3768.04330758864,70,5
41,7895,1706.96290503958,80,39
65,3881,1923.1688685891,84,19
97,8280,7627.55127748189,97,0
96,1517,1370.76309234083,96,0
26,2886,344.728093485984,79,53
6,1384,77.2230802923904,76,70
92,9667,8205.32893071384,94,2
89,7227,5899.77661303395,91,2
96,6291,5684.55544753866,96,0
44,6653,1613.74914508402,75,31
35,7082,1210.47706474107,86,51
74,9629,6024.33726152407,80,6
58,3146,1256.47003102654,59,1
31,8538,1244.89333807001,74,43
8,2867,171.329770766606,85,77
40,1592,331.116402134298,90,50
99,5595,5328.57142857143,99,0
47,2817,764.792724716041,83,36
43,7817,1825.19663347966,93,50
64,3523,1695.67537787194,94,30
76,6169,4034.5289132239,80,4
53,1892,637.92383743312,75,22
99,8644,8232.38095238095,99,0
31,2950,430.128290853425,74,43
48,9477,2669.85434412609,54,6
12,6790,469.81261551697,70,58
57,1545,597.054324766997,89,32
71,5609,3266.39719934387,72,1
32,4511,684.457551934576,89,57
36,7596,1350.69530854984,85,49
39,4177,835.586558524623,83,44
68,8377,4513.14554136644,84,16
48,6299,1774.5502283054,92,44
67,5602,2936.9871943229,83,16
28,2489,321.992336360522,79,51
30,8578,1201.84402667389,54,24
77,5076,3390.51204882846,91,14
44,6731,1632.66879536457,72,28
92,8773,7446.50364220053,95,3
28,4539,587.192934809324,74,46
15,4558,353.481703634787,57,42
58,6245,2494.16889502885,83,25
4,3577,187.384076671978,61,57
7,7074,408.244590984462,90,83
50,4282,1297.63764917193,80,30
83,4107,3068.07091145378,83,0
58,4318,1724.55104703516,85,27
24,2576,284.164754920644,57,33
68,3059,1648.04968497552,84,16
71,2160,1257.87447862057,84,13
56,3043,1137.28532687902,81,25
84,3814,2895.91105714539,89,5
74,4144,2592.67354987597,74,0
84,2804,2129.03371899205,91,7
35,7998,1367.04258172819,77,42
49,8304,2426.74635103635,79,30
27,5477,680.838598754785,90,63
24,6149,678.310977487206,73,49
18,3570,310.917266593676,65,47
30,5838,817.948872432057,79,49
63,6803,3178.55465203605,84,21
23,3791,401.942063592096,78,55
31,5210,759.650303507235,67,36
58,2583,1031.61541326814,61,3
5,1929,104.207108351494,77,72
34,7845,1288.80856987571,87,53
73,9854,6023.65360319081,78,5
81,7128,5144.13880738496,81,0
31,4721,688.351071565769,73,42
4,1847,96.7566087819803,67,63
75,8837,5654.71379749962,89,14
48,9318,2625.06096639938,70,22
76,3086,2018.2454573203,81,5
27,4453,553.546518213448,75,48
29,1951,262.666169356424,79,50
67,3735,1958.1662211346,68,1
67,4299,2253.85718464729,74,7
65,4305,2133.27543913323,92,27
5,2180,117.76645733865,83,78
96,8062,7284.83325672495,97,1
22,6882,701.365930402799,68,46
27,4243,527.441697008682,81,54
59,1505,620.892555034785,73,14
15,9769,757.604818518701,73,58
10,8790,564.601701464779,68,58
49,1989,581.261860815425,86,37
56,2791,1043.10330178092,64,8
62,5148,2333.54036296103,80,18
57,2992,1156.23724252612,80,23
56,6419,2399.02547263767,70,14
44,7577,1837.87423302294,77,33
93,1536,1321.19684412015,93,0
40,2576,535.776288880624,91,51
9,5554,343.965540394654,81,72
51,3879,1218.5361622302,74,23
22,5263,536.368627101123,77,55
71,3556,2070.83409535867,92,21
20,1268,119.428386139599,91,71
37,6242,1154.54074944915,64,27
58,1490,595.085933321534,77,19
82,7815,5740.0846092865,82,0
60,8030,3420.26740519364,77,17
45,7098,1788.07293010561,48,3
61,9757,4288.40403752945,80,19
37,2553,472.211235716708,68,31
27,5762,716.266570389825,88,61
90,8961,7411.9498108017,90,0
47,2443,663.254748484661,84,37
86,5600,4384.2823717789,91,5
45,8824,2222.87342001295,82,37
99,8155,7766.66666666667,99,0
91,6331,5304.67731801129,93,2
39,7856,1571.55087473532,85,46
99,6472,6163.80952380952,99,0
45,4065,1024.0231700309,72,27
85,8467,6530.0982058714,92,7
87,2467,1959.52611200061,97,10
39,3087,617.537875548363,76,37
74,6260,3916.53871192654,74,0
13,2289,164.471971391901,47,34
33,3739,590.33461730664,69,36
42,1204,270.548589564506,89,47
80,5541,3926.35032854699,83,3
49,2114,617.791640906892,90,41
3,8730,444.374673481988,83,80
28,6208,803.105031790325,54,26
24,3907,430.990565789968,75,51
98,4843,4540.99833974281,99,1
42,3484,782.883127942475,78,36
61,5082,2233.64449305367,66,5
59,9955,4106.96703346929,80,21
92,9921,8420.92358762926,93,1
20,5685,535.449822715788,47,27
33,5332,841.846531018723,61,28
94,3338,2912.1954821937,94,0
57,6146,2375.07823949383,70,13
35,8435,1441.73595609869,84,49
45,4115,1036.61878097839,85,40
30,4212,590.133718856428,80,50
85,4583,3534.59785963253,95,10
36,6195,1101.57417541684,46,10
19,3914,354.467806386138,64,45
53,5783,1949.84860035715,73,20
28,2998,387.839704463176,88,60
87,5345,4245.50752681122,91,4
66,9281,4732.02325189993,89,23
13,3209,230.576914022111,70,57
4,6691,350.513518873974,87,83
72,6246,3727.91549553073,82,10
85,5993,4622.04777935364,87,2
12,8071,558.44736669182,52,40
48,4279,1205.47712762642,78,30
95,3967,3516.56447411416,97,2
36,1152,204.844786130782,88,52
4,4021,210.643380569758,90,86
24,2892,319.023474856562,67,43
48,9646,2717.46491542052,75,27
28,5303,686.028670036098,78,50
48,2151,605.978336416083,72,24
54,2623,915.672545037034,79,25
0,1090,70.4490687446774,74,74
81,5909,4264.41024310294,81,0
90,1224,1012.41229421061,91,1
73,5274,3223.94450002317,81,8
37,1892,349.950512329029,90,53
89,6999,5713.64833466509,89,0
30,8040,1126.46607303079,82,52
48,6733,1896.81642914434,85,37
20,7133,671.831765247444,72,52
91,5443,4560.63159720983,91,0
51,1878,589.948675604105,69,18
57,1480,571.935534404631,84,27
95,8651,7668.71672940802,99,4
24,1203,132.70582304718,36,12
37,1642,303.709694103734,74,37
91,4668,3911.26737015901,92,1
90,1787,1478.0888641784,97,7
65,5382,2666.96594968991,73,8
92,4736,4019.90667382443,92,0
77,2878,1922.35888032473,95,18
1,5810,281.394446971287,70,69
97,5866,5403.77002339478,97,0
4,4137,216.720135642151,76,72
57,4344,1678.70808206332,89,32
65,9153,4535.62603818501,76,11
40,1624,337.77200820735,72,32
0,5418,350.177114182259,67,67
68,4982,2684.07438069567,72,4
23,2332,247.25109266599,66,43
13,7842,563.472782724024,86,73
94,4633,4042.00169832337,96,2
50,7540,2284.9574672481,88,38
43,3219,751.60649394538,81,38
72,3255,1942.74174478907,77,5
43,7583,1770.55981472129,70,27
80,3864,2738.02881600895,83,3
73,3500,2139.51569019361,83,10
71,3838,2235.05659673413,75,4
79,7387,5135.97008279119,85,6
25,1354,155.416823835212,78,53
68,2723,1467.02820928027,94,26
55,3332,1203.80250071827,78,23
49,3521,1028.97084561645,82,33
46,9074,2373.34162269913,82,36
72,1540,919.146631943216,86,14
21,5504,539.208667272407,47,26
33,6539,1032.41456607866,79,46
54,4822,1683.32939846305,64,10
71,2115,1231.66876031597,80,9
83,5648,4219.25115848331,89,6
61,2521,1108.0318313633,61,0
81,6645,4795.5671121034,82,1
26,2481,296.351489930258,91,65
43,1797,419.582749182929,73,30
65,8756,4338.89889548213,77,12
80,1611,1141.55393959379,80,0
62,9779,4432.72945015461,83,21
38,8049,1548.38641478269,41,3
45,4889,1231.59883844553,82,37
80,9735,6898.2170092772,81,1
16,3725,300.20845219759,74,58
89,3213,2622.93929122431,89,0
81,5039,3636.54818327902,93,12
34,9598,1576.79855368605,72,38
71,4491,2615.33068679859,80,9
11,5333,355.447241993404,76,65
62,2509,1137.30628800879,75,13
39,2827,565.52626309531,82,43
1,7868,381.069106500875,81,80
32,5161,783.082559417944,90,58
34,1147,188.433834244415,85,51
48,7701,2169.52076649942,76,28
63,6301,2944.00600653816,82,19
76,4532,2963.93014017357,92,16
47,6047,1641.71161035069,47,0
76,6324,4135.89898642048,93,17
63,5929,2770.19705011344,71,8
87,5096,4047.72803678765,92,5
16,2659,214.296449501582,88,72
37,1408,260.428288244859,66,29
72,2648,1580.45472817249,80,8
72,3226,1925.43313938235,87,15
97,5469,5038.0528908875,99,2
88,5881,4736.73045079847,90,2
8,1892,113.064501670882,47,39
64,4320,2079.28402850036,76,12
63,7165,3347.69132468591,82,19
68,5333,2873.17717227017,84,16
29,4788,644.615898963895,90,61
96,1491,1347.26945990783,97,1
74,3620,2264.83548517158,86,12
50,6486,1965.54829344446,66,16
95,8073,7156.34610524921,96,1
38,5591,1075.54086781588,72,34
6,3587,200.143922694223,86,80
30,3161,442.880504583373,81,51
69,7984,4417.36932328901,76,7
24,2466,272.03039038599,72,48
25,7278,835.394123982773,72,47
0,8513,550.213690113246,54,54
65,7665,3798.27090382258,95,30
95,6539,5796.52510618415,95,0
3,6446,328.114449629427,85,82
24,6059,668.382861049761,73,49
46,2124,555.540842694837,73,27
86,2959,2316.62348894532,95,9
1,6628,321.012460331444,37,36
39,2642,528.51800038833,73,34
68,1480,797.356500086228,93,25
69,4050,2240.77476945397,92,23
11,3605,240.275137331,69,58
4,3210,168.158480882597,25,21
59,7459,3077.23426445479,76,17
4,2909,152.390349186129,74,70
44,6167,1495.865170259,89,45
98,7397,6935.73502355515,98,0
9,8222,509.197816551106,62,53
67,5573,2921.78322634086,84,17
80,5902,4182.15478056025,81,1
18,8595,748.552914950321,82,64
4,2284,119.649211942633,44,40
8,9958,595.082615030996,78,70
96,1240,1120.46554680463,96,0
32,2782,422.115032028816,67,35
28,8166,1056.40394484533,51,23
4,3176,166.377363016551,69,65
84,7438,5647.55806057877,94,10
73,8902,5441.70533545814,91,18
15,4703,364.726733697763,87,72
97,4915,4527.70706869849,98,1
6,2371,132.294742321718,85,79
12,3722,257.532040493985,84,72
54,6342,2213.95168914406,82,28
56,7097,2652.41996873493,74,18
73,6289,3844.40405017932,95,22
38,2312,444.759521801164,66,28
75,6674,4270.63029133331,77,2
34,4172,685.393161698081,71,37
65,6646,3293.32138640638,70,5
83,1185,885.235945963655,89,6
99,8880,8457.14285714286,99,0
90,8080,6683.2445565537,90,0
77,5753,3842.71391192083,81,4
61,1494,656.644012715896,76,15
60,8554,3643.45795566954,90,30
7,8772,506.237143358171,79,72
77,7775,5193.30795501207,92,15
6,5936,331.211130502622,80,74
71,8136,4737.9938694708,91,20
90,5163,4270.49401553054,91,1
6,1176,65.6172994391988,66,60
8,3868,231.14878037155,90,82
15,5609,434.988783608496,61,46
63,4548,2124.95466080552,84,21
76,3712,2427.64975294004,82,6
28,1569,202.975482422523,70,42
43,3196,746.236208340924,58,15
13,9303,668.450305748737,53,40
17,5411,453.281839443089,73,56
94,2181,1902.78560415352,97,3
75,4043,2587.07795442921,78,3
62,5162,2339.88643232418,76,14
44,9279,2250.71070452947,87,43
60,9783,4166.93350249183,88,28
82,1658,1217.79402203417,91,9
93,3740,3216.9766907613,95,2
77,8249,5509.91605413435,94,17
60,3319,1413.6821317357,70,10
76,2074,1356.39697941747,85,9
62,4355,1974.08086260593,82,20
10,7258,466.19785543019,88,78
35,8251,1410.28611425848,61,26
85,7136,5503.57633129778,94,9
76,3707,2424.37975057886,76,0
41,2167,468.522940496615,84,43
84,4763,3616.47204121225,87,3
55,6007,2170.24058277751,85,30
5,7653,413.425090831509,55,50
31,2167,315.962036026906,65,34
58,2230,890.631967320149,67,9
33,7674,1211.61483102732,46,13
26,3337,398.599323618409,80,54
29,5868,790.017981436954,77,48
53,9875,3329.54434178227,72,19
87,3063,2432.92601583214,87,0
1,4080,197.605739009097,80,79
10,6596,423.676089062763,78,68
43,7210,1683.46779165772,45,2
72,3422,2042.4154379933,82,10
23,3127,331.541237893032,59,36
81,7668,5533.84629279291,82,1
6,8144,454.410958021118,85,79
86,7486,5860.84604198872,93,7
72,7707,4599.91109895219,94,22
92,1420,1205.29296385783,95,3
12,5215,360.835462433136,47,35
53,3814,1285.96274628431,84,31
92,2157,1830.85698805728,92,0
63,2284,1067.14961417762,83,20
26,5846,698.295368856223,87,61
91,2323,1946.41690250201,98,7
64,3672,1767.3914242253,89,25
73,8805,5382.41018632992,80,7
65,7652,3791.8289570842,84,19
63,4370,2041.78800961304,83,20
24,6738,743.28498395004,58,34
52,2888,940.082463517947,76,24
67,4775,2503.41196945588,84,17
68,2722,1466.48945488832,76,8
86,9448,7396.91068724412,92,6
27,8425,1047.30056500074,86,59
93,6859,5899.79762618496,96,3
19,5007,453.454345062696,76,57
66,2708,1380.70455405075,94,28
58,1847,737.666925399244,84,26
13,5799,416.676698165852,68,55
84,2669,2026.5303124072,85,1
8,1350,80.6749879786949,86,78
72,2081,1242.04165004794,73,1
6,3552,198.19102687758,83,77
37,9097,1682.61089358202,77,40
72,3627,2164.76937276496,87,15
72,7149,4266.86965698835,76,4
30,3365,471.462479570722,83,53
99,2886,2748.57142857143,99,0
61,5495,2415.16656618062,87,26
96,1917,1732.20359131006,96,0
91,3017,2527.91209420946,95,4
63,1870,873.717065898487,65,2
60,5238,2231.05363242893,73,13
79,3017,2097.63391630987,85,6
49,8113,2370.92884705658,68,19
47,9571,2598.44911901215,49,2
8,2769,165.473364231857,37,29
83,2723,2034.17508933252,87,4
37,3690,682.514477005347,72,35
84,2510,1905.80407798504,96,12
74,3491,2184.12725931878,91,17
87,6684,5309.06872015083,92,5
34,8398,1379.65766345649,60,26
7,4567,263.564185330229,80,73
9,5153,319.131154060794,72,63
63,3441,1607.73284692871,63,0
19,5474,495.747770096505,49,30
60,5026,2140.7551654425,75,15
74,5448,3408.51484066706,82,8
77,4836,3230.2041505387,77,0
5,3930,212.303751073805,64,59
71,5025,2926.30521067979,84,13
77,6504,4344.34404365254,81,4
33,8330,1315.18784759677,67,34
89,1477,1205.75204890704,90,1
16,4003,322.613270911934,90,74
77,6018,4019.72054961577,80,3
56,6244,2333.62128854177,73,17
49,7241,2116.09710113851,81,32
85,9203,7097.73163914426,95,10
29,4880,657.002002285674,71,42
47,9623,2612.56669859512,62,15
90,2506,2072.7983736044,94,4
50,8919,2702.85618705383,79,29
13,4058,291.580279558032,38,25
70,4013,2278.64624431898,77,7
36,7640,1358.51924135345,87,51
4,7709,403.842283216181,54,50
55,5491,1983.81738638777,80,25
58,6505,2598.00939346079,72,14
36,7020,1248.27291548445,64,28
57,3777,1459.59494151776,69,12
67,4146,2173.64314667311,69,2
58,4807,1919.8510613937,81,23
24,5307,585.427932594666,76,52
67,9296,4873.65815037945,95,28
48,2569,723.737027546684,77,29
73,4631,2830.88490322474,76,3
16,7528,606.703148494888,81,65
26,3866,461.787529250455,55,29
72,8785,5243.31374131244,79,7
31,4005,583.953832158633,73,42
88,9126,7350.3489362331,90,2
15,5116,396.755681394377,68,53
58,9635,3848.08923996844,70,12
63,2231,1042.38651017087,91,28
15,7275,564.190301435515,63,48
27,1229,152.775358384084,78,51
19,6424,581.783645432946,84,65
77,7649,5109.14630840995,86,9
59,5556,2292.14553871978,92,33
83,4523,3378.83728573301,88,5
82,5259,3862.7133666331,86,4
0,4288,277.142758511171,76,76
0,2060,133.142276710124,81,81
29,6973,938.785852856149,51,22
67,6040,3166.61953832744,78,11
33,6788,1071.72810438017,87,54
2,1358,67.3308522043104,72,70
76,8939,5846.11022131763,89,13
13,2464,177.046281131343,79,66
29,1371,184.579865806078,85,56
5,1878,101.452021505498,90,85
15,4923,381.788158620899,46,31
86,6341,4964.41687847322,91,5
55,7619,2752.6324288633,75,20
55,3898,1408.28996032408,77,22
88,3665,2951.89884410413,88,0
16,1271,102.43354167601,87,71
94,10000,8724.37232532563,96,2
70,2932,1664.83697691085,82,12
55,1007,363.814261171459,66,11
91,5072,4249.77465755066,94,3
10,8965,575.842349673691,63,53
99,5826,5548.57142857143,99,0
54,1498,522.942231210628,71,17
73,2110,1289.82231608815,93,20
60,4072,1734.41206400355,67,7
11,1582,105.441128226808,61,50
70,5550,3151.37968003248,83,13
69,6932,3835.32116095183,74,5
86,2672,2091.92901739165,87,1
43,6444,1504.61393196149,84,41
2,4726,234.319298613822,34,32
47,1329,360.812755110976,68,21
37,5163,954.965377988783,80,43
64,3152,1517.10723560952,70,6
24,5394,595.02511181753,83,59
61,7203,3165.86802114632,68,7
71,7305,4254.06160477927,77,6
90,2739,2265.52064856443,91,1
41,3410,737.269601796703,78,37
87,6533,5189.13015391164,97,10
83,8731,6522.35868709593,93,10
0,8741,564.949825593784,63,63
22,1641,167.239391425602,70,48
13,1244,89.3853789478049,63,50
81,9015,6505.94996472719,87,6
97,5570,5131.09427724325,97,0
0,9246,597.589073039713,82,82
60,9353,3983.78095152879,74,14
7,3433,198.120395935773,85,78
45,8247,2077.52006967892,80,35
81,1199,865.294953711359,95,14
52,4084,1329.39639231555,76,24
88,3897,3138.75847079776,89,1
70,6871,3901.46482549607,81,11
81,7608,5490.54546108092,89,8
41,5466,1181.79344381841,87,46
9,8386,519.354523181413,77,68
97,2676,2465.13613750502,97,0
62,2446,1108.74897587465,83,21
93,8894,7650.21141380507,94,1
97,3411,3142.2194936583,98,1
42,3311,744.008621302392,79,37
33,2147,338.980589290547,77,44
69,1610,890.777130573059,75,6
9,9614,595.405960632733,88,79
43,6021,1405.84737497519,84,41
4,1523,79.7836032349518,76,72
42,1718,386.048568830417,85,43
68,3315,1785.97080931476,79,11
47,1326,359.998279365804,51,4
68,1185,638.423954460933,91,23
46,2433,636.361050036034,79,33
44,6477,1571.05865214327,58,14
79,4911,3414.4780122631,90,11
27,1308,162.595743503973,75,48
11,4275,284.930988097094,81,70
34,1002,164.612643341677,89,55
20,9570,901.36408151101,68,48
74,3148,1969.53096887296,86,12
91,6993,5859.36005131147,93,2
62,3142,1424.23928135656,75,13
60,2154,917.466499475356,65,5
9,3959,245.185375301122,64,55
6,8689,484.820335737413,77,71
54,2864,999.804105598957,61,7
98,3898,3654.92701389995,98,0
18,5219,454.531432591707,79,61
20,3392,319.480351565867,88,68
7,6668,384.814098485212,85,78
80,1878,1330.75003014099,86,6
99,5725,5452.38095238095,99,0
86,3344,2618.04290200512,87,1
40,2417,502.70624620515,81,41
6,1070,59.7028149659377,79,73
64,3747,1803.49010527566,67,3
29,6158,829.061133212127,39,10
5,1007,54.3994598807435,60,55
5,2275,122.898481855701,74,69
24,9522,1050.39471908167,77,53
63,4832,2257.64752001149,90,27
19,1858,168.268059342219,80,61
89,6681,5454.04836746642,95,6
41,7392,1598.21023357221,44,3
18,3721,324.068108962204,84,66
25,7186,824.834044372109,56,31
43,3302,770.986220257113,84,41
36,2393,425.515254523404,76,40
9,6167,381.929327982324,75,66
58,6655,2657.91737332538,92,34
7,5067,292.419471659354,73,66
67,8386,4396.56812059833,87,20
95,1247,1105.40859571978,96,1
49,2367,691.727915812022,85,36
32,4123,625.586009006042,85,53
8,8066,482.018113360114,71,63
15,5468,424.053961271395,74,59
1,7058,341.838555374069,84,83
68,8945,4819.15803599413,69,1
4,5957,312.062327295212,41,37
81,4861,3508.0890492001,81,0
18,6221,541.797287249092,76,58
84,5787,4393.97936227068,91,7
10,5549,356.424896635729,66,56
35,6696,1144.50076609802,81,46
56,6488,2424.8134080812,79,23
30,5252,735.845748203694,86,56
33,4351,686.960663252525,84,51
72,6247,3728.51234399303,73,1
14,1193,89.0465060056163,69,55
29,6095,820.579345067865,84,55
34,1147,188.433834244415,80,46
31,4086,595.764134382066,87,56
74,2733,1709.88822678838,77,3
61,5790,2544.82518984273,79,18
33,8403,1326.71350340404,42,9
8,6761,404.032291647375,52,44
52,6567,2137.64596188447,74,22
37,9414,1741.24425109169,62,25
6,6156,343.486475635806,79,73
66,3756,1915.03925591382,84,18
92,7619,6466.99090960058,93,1
69,2949,1631.615998795,70,1
59,7119,2936.96617893199,87,28
57,1634,631.447745417005,66,9
96,8461,7645.37015444676,96,0
92,7504,6369.37915548533,96,4
93,2971,2555.51811450583,99,6
43,6217,1451.61154795229,44,1
34,4340,712.992886330219,38,4
45,2249,566.550580418079,84,39
83,5853,4372.39324196226,87,4
40,6508,1353.58388510679,64,24
86,9307,7286.52072038326,86,0
13,8346,599.686794773617,77,64
45,9455,2381.83003017027,78,33
83,5225,3903.2555423292,86,3
78,4855,3309.72741712255,91,13
89,4256,3474.39452955203,89,0
29,7666,1032.08552244303,78,49
73,9182,5612.86659067363,81,8
10,5282,339.274879082703,87,77
80,4634,3283.65050035855,85,5
59,2874,1185.67787586045,66,7
33,6193,977.78611526612,89,56
50,1347,408.201287583978,86,36
79,3550,2468.21359061984,79,0
4,9400,492.426704142185,8,4
53,1402,472.711004271265,88,35
18,1506,131.160057000021,80,62
50,8259,2502.84664748038,86,36
4,3580,187.541234130747,61,57
63,5528,2582.83847074162,66,3
81,4107,2963.94193068603,90,9
95,8362,7412.53141732862,97,2
23,9228,978.401836673138,32,9
25,2920,335.167744164564,71,46
93,9899,8514.66638017275,94,1
10,3232,207.598714349735,90,80
88,6434,5182.13292304665,89,1
64,1759,846.634399567623,91,27
63,6943,3243.96662488406,84,21
68,2729,1470.26073563197,89,21
3,1919,97.6809849269112,81,78
83,1754,1310.29860693692,92,9
53,1270,428.204690031745,75,22
41,2418,522.791172183117,80,39
73,6435,3933.65241897025,80,7
6,5719,319.103176439437,88,82
95,1201,1064.63169483517,98,3
34,2037,334.646661164667,68,34
46,9349,2445.2689916921,73,27
45,4042,1018.22918899505,61,16
14,3201,238.925285602664,88,74
40,6121,1273.09264916083,48,8
27,5993,744.981873715068,84,57
59,2622,1081.71447129648,70,11
63,2666,1245.6308543772,74,11
81,5359,3867.48595240965,83,2
20,1125,105.959727450354,88,68
40,7370,1532.86927369961,71,31
80,4498,3187.28095610979,82,2
8,2178,130.155647272295,64,56
4,1623,85.0221851939112,73,69
51,5737,1802.2021043348,77,26
12,3171,219.407334875451,62,50
47,4484,1217.36974711634,86,39
38,3879,746.203367243389,84,46
27,5517,685.810945650931,80,53
72,4022,2400.52451537378,81,9
91,3335,2794.3608996316,95,4
83,9121,6813.7021629827,91,8
30,5417,758.96352209052,74,44
52,3582,1165.98870648244,52,0
4,8156,427.258744572729,73,69
66,9558,4873.25484771679,80,14
62,9928,4500.2697598052,68,6
35,9404,1607.36039492022,74,39
65,4763,2360.23017807005,78,13
43,2620,611.745577551071,71,28
64,7900,3802.39440397056,86,22
59,2009,828.819364162714,74,15
47,8529,2315.55454352258,59,12
15,1078,83.6009821233657,26,11
35,9755,1667.35438669148,81,46
0,2942,190.147853437469,77,77
34,9089,1493.17795941368,63,29
58,4490,1793.24553061321,66,8
24,4781,527.403607638044,86,62
59,2919,1204.24276953258,68,9
32,7124,1080.93008201772,78,46
55,5637,2036.56503497866,60,5
82,3647,2678.70615100037,88,6
13,4334,311.411762347095,77,64
73,1819,1111.93686870348,73,0
69,7409,4099.23463379863,87,18
98,1280,1200.18126675011,98,0
2,5662,280.727014124304,76,74
54,4239,1479.8078224979,83,29
94,2553,2227.33225465563,96,2
31,9043,1318.52546921611,68,37
80,5528,3917.13853387615,84,4
48,4381,1234.21250201714,68,20
93,5101,4387.64655068807,99,6
14,6150,459.041082929204,52,38
67,1238,649.052150405524,80,13
16,7514,605.574848271864,82,66
14,6714,501.138509071004,82,68
66,5669,2890.40403135661,84,18
65,7057,3496.98601021213,87,22
90,6970,5765.12556425487,90,0
29,6125,824.618291803228,84,55
38,2605,501.123942167834,71,33
53,6435,2169.6828191766,62,9
2,4351,215.726463874046,64,62
11,2605,173.624613799516,71,60
60,8447,3597.8827860113,83,23
28,2142,277.102283842603,75,47
2,7434,368.584355881328,62,60
29,6572,884.798598160133,66,37
89,8715,7114.50853502019,98,9
21,5074,497.08299014175,61,40
59,2436,1004.97957745165,69,10
87,7536,5985.80817999052,94,7
41,6244,1350.00334123713,62,21
74,3220,2014.57742051174,74,0
58,6718,2683.0787248685,82,24
82,3752,2755.82820909059,94,12
96,6462,5839.071260848,98,2
2,1868,92.6171074504063,54,52
71,3472,2021.91675452343,91,20
18,9511,828.328885874636,80,62
38,4428,851.814516667627,92,54
49,1468,429.00573739419,62,13
76,9828,6427.51664113544,79,3
21,5898,577.807543527009,84,63
71,1327,772.777515337727,71,0
1,7866,380.972240942538,85,84
97,4767,4391.36919562273,99,2
1,5881,284.833174292279,82,81
82,1351,992.303814094185,84,2
55,7995,2888.47568824808,87,32
97,5699,5249.92931526199,98,1
96,7230,6533.03701886894,96,0
27,9606,1194.10910710945,56,29
61,1669,733.560145396808,72,11
68,5632,3034.26473546327,84,16
84,7757,5889.76981391631,89,5
7,9564,551.943916903505,65,58
66,6796,3465.0177804021,85,19
23,2645,280.437024057266,55,32
6,6554,365.693690922201,82,76
40,4113,855.453368076865,82,42
59,9836,4057.87320353631,77,18
20,6341,597.236117122395,68,48
6,1497,83.5281439289801,79,73
4,8426,441.40291586192,61,57
99,8480,8076.19047619048,99,0
30,7485,1048.70628813874,67,37
6,8456,471.819629300905,80,74
16,4220,340.101924368813,45,29
33,5329,841.372873930753,80,47
46,8915,2331.75452571773,93,47
25,4610,529.151815273507,77,52
28,7452,964.036516897794,38,10
62,4791,2171.71559420092,85,23
86,2446,1914.99190738771,92,6
87,2265,1799.07849358792,89,2
82,5881,4319.56974884375,82,0
12,9052,626.324564898322,64,52
65,9298,4607.47852103619,85,20
34,4580,752.421064376129,68,34
18,4605,401.057146404447,72,54
26,5734,684.917147625998,78,52
70,8485,4817.92010541903,83,13
66,4668,2380.0328132603,85,19
44,2020,489.970430342659,79,35
95,6900,6116.53513269164,97,2
26,8508,1016.26701988176,91,65
56,4287,1602.21564125217,65,9
84,7000,5314.99145254792,84,0
70,3436,1951.01632082732,90,20
89,6126,5000.97295301591,92,3
19,7877,713.37325265805,73,54
70,4247,2411.51522542306,74,4
80,4385,3107.20920243251,88,8
22,2963,301.968505054271,90,68
30,3537,495.561007501231,30,0
78,1333,908.726394855688,79,1
1,1709,82.7716195996436,75,74
90,8791,7271.33699216134,91,1
74,2458,1537.83580733473,78,4
2,2337,115.870546098287,78,76
82,6399,4700.03856875551,89,7
50,3099,939.135701724387,83,33
77,3281,2191.54255953628,85,8
94,1253,1093.1638523633,95,1
66,6570,3349.78911377896,73,7
95,1640,1453.78516197308,98,3
32,2643,401.02445350545,70,38
76,6440,4211.76304119986,81,5
85,5979,4611.25040426421,89,4
14,2970,221.683254682884,57,43
69,4356,2410.07775203493,91,22
58,4933,1970.17376447995,78,20
30,1584,221.930629313528,75,45
61,9592,4215.88311243031,83,22
33,4856,766.692939727479,53,20
75,2455,1570.93158004544,86,11
93,6717,5777.65573043947,94,1
37,1984,366.967133435937,72,35
52,3154,1026.66900621039,88,36
76,5498,3595.69459635354,78,2
75,4374,2798.88176420316,83,8
72,2584,1542.25642658524,79,7
29,3928,528.832759216829,32,3
52,3134,1020.15873984254,81,29
67,4244,2225.02207295723,70,3
29,7171,965.442901309543,74,45
84,4321,3280.86829520851,97,13
62,1799,815.469913163734,67,5
77,1510,1008.60386007308,83,6
18,9619,837.73478637663,84,66
13,4815,345.973150830933,85,72
74,3363,2104.04467862763,86,12
37,2056,380.284489084822,82,45
93,1927,1657.51713451792,97,4
75,4082,2612.03369032403,84,9
66,4080,2080.23433549744,85,19
19,2798,253.398293885645,36,17
87,6621,5259.02812628945,88,1
21,4533,444.083010309924,61,40
28,2033,263.001373973861,73,45
69,5145,2846.61387378782,80,11
45,8653,2179.79643057254,69,24
84,4663,3540.54359189013,84,0
60,4300,1831.52550963047,72,12
33,5597,883.686240456075,79,46
96,5202,4700.53368909491,98,2
10,6300,404.663335520831,37,27
73,2226,1360.73197896314,78,5
92,6595,5597.82189904394,95,3
51,1980,621.990616451612,78,27
90,6516,5389.60662506237,93,3
9,8400,520.221559113268,89,80
70,1468,833.554120772556,75,5
42,5244,1178.36943826933,62,20
88,9664,7783.66996710023,90,2
21,5981,585.938778880136,81,60
58,2344,936.162032017232,67,9
33,7312,1154.46020907894,89,56
6,9696,541.007938233394,88,82
24,3996,440.808369822553,41,17
33,1284,202.72523365117,75,42
66,9026,4602.00860593134,90,24
22,6541,666.613564481939,64,42
87,7198,5717.33642244849,89,2
10,1452,93.2652639962297,52,42
8,4238,253.259703002748,8,0
46,7801,2040.38329277892,79,33
42,2253,506.267418844545,79,37
5,5766,311.486877529659,81,76
16,5061,407.880530623357,85,69
91,3301,2765.87266257389,96,5
65,9365,4640.67932345708,72,7
13,9105,654.22337244354,85,72
69,4851,2683.95022385709,93,24
35,7252,1239.53398383256,70,35
97,5172,4764.45594289086,97,0
11,8548,569.728675147126,70,59
10,8414,540.450365884488,84,74
13,6292,452.100325031823,71,58
68,5412,2915.73876923423,76,8
57,4010,1549.63614389363,86,29
95,4182,3707.15216303137,96,1
88,2423,1951.55549775288,88,0
58,6303,2517.33331390982,88,30
33,9087,1434.7073194612,56,23
61,5905,2595.37007703304,86,25
66,1345,685.763524814718,87,21
58,5049,2016.5026022419,73,15
77,3425,2287.72729851014,84,7
94,4826,4210.38208420215,98,4
58,3114,1243.68966198876,74,16
33,8702,1373.92132650505,91,58
59,1266,522.292341976105,79,20
57,1382,534.064127396757,82,25
66,2910,1483.69654811214,71,5
82,7333,5386.05763786281,88,6
85,2629,2027.5927935793,92,7
21,1856,181.826178498835,69,48
39,6338,1267.8830758748,80,41
50,2886,874.587168498413,90,40
36,1683,299.265429737939,42,6
48,3709,1044.8970942665,76,28
13,7574,544.21612552305,81,68
25,5254,603.072372548157,72,47
13,1718,123.443795042065,89,76
25,6232,715.33061014848,62,37
92,3572,3031.90596260576,94,2
0,5223,337.573840416009,78,78
4,4664,244.327462565867,79,75
17,9634,807.044398668402,68,51
31,6382,930.535170246291,88,57
41,6447,1393.89358439394,79,38
31,7274,1060.59430090434,83,52
95,3733,3309.13415222288,95,0
57,7157,2765.77204036077,79,22
40,5544,1153.08375215612,61,21
5,2574,139.050853756737,75,70
63,3205,1497.46694984206,66,3
73,4492,2745.9155658142,91,18
27,9957,1237.74145112313,82,55
24,9000,992.811643744488,24,0
25,3139,360.305324976906,72,47
27,9202,1143.88840345838,52,25
21,1485,145.480536137268,76,55
8,4441,265.390830824729,62,54
57,9134,3529.76971030534,65,8
84,1750,1328.74786313698,84,0
46,8144,2130.09633846834,78,32
30,2932,410.79583658287,77,47
49,2241,654.905897479823,88,39
21,2529,247.757761542863,70,49
55,2538,916.942000847232,89,34
15,3975,308.268927588477,90,75
85,2094,1614.97881694753,94,9
95,5765,5110.40942608221,96,1
96,5117,4623.72758306395,98,2
41,3974,859.210967020556,73,32
39,3157,631.541001978031,87,48
85,3187,2457.94531500084,89,4
38,8866,1705.55273368907,85,47
11,8919,594.456019377306,79,68
68,3579,1928.2019687896,72,4
83,6615,4941.6335717718,88,5
55,1647,595.036830337033,77,22
4,2766,144.899176984817,90,86
62,7467,3384.72142389861,67,5
54,4342,1515.76446456378,73,19
66,1197,610.304044017262,87,21
90,3201,2647.6566615753,91,1
54,5861,2046.0376616325,78,24
16,3885,313.103311889299,64,48
75,1970,1260.58460802017,90,15
11,9471,631.247108366685,79,68
32,9076,1377.10856602931,92,60
46,3752,981.350867133252,89,43
55,4894,1768.130083588,81,26
28,8239,1065.84767347302,79,51
5,2505,135.323383318036,80,75
16,9385,756.36411379178,80,64
52,1126,366.527996510114,84,32
20,1538,144.858720727684,81,61
0,6548,423.211469853346,44,44
12,5089,352.11729018643,59,47
85,6326,4878.8710582665,89,4
12,5046,349.142040927633,72,60
41,4059,877.588655041882,74,33
17,5314,445.156106967395,78,61
83,1779,1328.97447077582,85,2
49,3398,993.025542006443,68,19
62,9210,4174.80705960978,71,9
93,2830,2434.23637295574,98,5
7,2776,160.204549699303,88,81
29,6969,938.247326624767,80,51
55,4749,1715.74372026143,84,29
93,1591,1368.50532486664,93,0
22,4687,477.666683492868,84,62
42,8228,1848.89850077804,88,46
64,1853,891.878079817399,70,6
97,9779,9008.43284329655,98,1
45,9838,2478.31241002804,78,33
52,2214,720.686486921307,70,18
84,3837,2913.37460048948,89,5
44,5856,1420.42912875575,87,43
63,4182,1953.94907464571,86,23
94,9309,8121.51819764563,97,3
12,8390,580.519564681498,58,46
73,7674,4691.04097329879,79,6
32,3209,486.904075406352,69,37
62,4542,2058.84621767075,82,20
13,1033,74.2243540619634,76,63
70,2921,1658.59099916665,87,17
20,9895,931.974669441112,66,46
80,5224,3701.72425849657,85,5
7,9620,555.175708972367,22,15
52,7370,2399.03315655376,93,41
99,9518,9064.7619047619,99,0
40,6718,1397.26129996119,80,40
54,8065,2815.43998311997,71,17
80,8626,6112.38006389575,84,4
96,1604,1449.37640086664,99,3
94,2462,2147.94046649517,97,3
29,1800,242.336804121765,90,61
54,3948,1378.22158132147,78,24
15,7305,566.516859379579,73,58
36,1443,256.58943262736,81,45
39,1978,395.688343969764,80,41
21,5826,570.753941774899,50,29
54,1104,385.399347968313,85,31
1,8654,419.137270927628,73,72
99,3161,3010.47619047619,99,0
54,2987,1042.74261991064,71,17
10,3887,249.670854788805,68,58
44,1932,468.625183872286,83,39
45,6572,1655.56710293802,84,39
73,6110,3734.98310488084,90,17
99,7682,7316.19047619048,99,0
35,5568,951.699561773264,42,7
8,5818,347.679318562998,71,63
86,7528,5893.72815977707,86,0
19,2044,185.112978092301,87,68
83,2212,1652.44043246549,87,4
48,5979,1684.40003413843,78,30
1,1566,75.8457321784915,72,71
95,8732,7740.51953313962,95,0
17,3417,286.243586282949,80,63
75,4597,2941.57738226839,79,4
24,6467,713.390322232845,47,23
38,7898,1519.33853944014,69,31
89,3705,3024.58452349395,89,0
31,5872,856.174008098749,89,58
55,4873,1760.54309303726,75,20
11,5531,368.644045652638,73,62
32,5755,873.210643179669,67,35
28,7427,960.802363258174,69,41
59,7672,3165.10809450291,68,9
39,6285,1257.28070872091,83,44
31,8036,1171.69862552479,69,38
14,3395,253.405605942219,83,69
13,2844,204.35049656556,54,41
45,4286,1079.6957704188,80,35
10,4038,259.369928386209,76,66
32,3895,590.991390996492,57,25
73,1521,929.772389938423,78,5
2,8043,398.779119498725,74,72
40,6594,1371.47082642812,70,30
42,6468,1453.41219045119,67,25
94,6819,5949.14948863955,99,5
88,1157,931.881845191946,95,7
50,5989,1814.93504925052,87,37
66,7137,3638.88050305029,78,12
97,4100,3776.92756493669,98,1
44,6584,1597.01253137429,80,36
37,2190,405.06956765358,71,34
16,4862,391.842548881794,88,72
65,2027,1004.44815682301,92,27
6,9211,513.946381917058,67,61
28,4020,520.051905250823,44,16
50,6862,2079.49312204993,56,6
97,3791,3492.27619479878,99,2
49,2076,606.686587759086,82,33
17,2690,225.342477934192,81,64
62,1217,551.654743924549,86,24
41,3428,741.161347495337,92,51
54,2432,848.995665089617,88,34
78,1260,858.961183434484,88,10
59,7070,2916.75107248899,76,17
21,3595,352.190254150491,83,62
69,1300,719.261037108681,79,10
43,5189,1211.58313050096,90,47
45,6926,1744.74402844625,63,18
4,2084,109.172048024714,77,73
18,6321,550.506454380567,72,54
67,8293,4347.81056810421,81,14
8,5983,357.539594871505,83,75
40,5442,1131.86900779827,42,2
93,3204,2755.93404203187,98,5
5,4311,232.885870452716,65,60
6,7515,419.31463034488,84,78
6,1075,59.9818000826009,73,67
81,3979,2871.56682303378,84,3
84,2130,1617.27597056101,88,4
92,1999,1696.74692588155,93,1
12,7410,512.711558318224,85,73
33,1890,298.403965421115,80,47
89,4400,3591.94923167973,92,3
27,5954,740.133835491325,57,30
6,2824,157.570793891409,58,52
23,8303,880.328397258026,52,29
20,2439,229.720689112367,84,64
28,6292,813.971788019447,83,55
97,8461,7794.28881144617,97,0
49,5241,1531.62061967503,66,17
68,9010,4854.17707147089,79,11
25,7762,890.94932541279,77,52
97,1735,1598.28520125979,97,0
50,5388,1632.80515033591,70,20
79,9184,6385.37284964861,83,4
53,2958,997.346041821971,68,15
36,8087,1438.00328597191,63,27
99,3224,3070.47619047619,99,0
81,4771,3443.13780163211,92,11
60,8413,3583.40095640026,88,28
30,3476,487.014436549132,41,11
43,9148,2135.97272650275,81,38
71,3713,2162.26293477693,85,14
37,8660,1601.7819433242,76,39
30,4191,587.191456725377,56,26
46,9049,2366.80277097249,71,25
52,7990,2600.8514139572,81,29
93,7085,6094.19247434326,98,5
84,2121,1610.44241012202,88,4
87,9010,7156.59921731882,87,0
70,5561,3157.62565777669,80,10
27,6620,822.923411312155,71,44
51,4790,1504.71467313294,86,35
45,3486,878.165995258971,79,34
78,8199,5589.38312934868,89,11
51,3668,1152.25332381036,77,26
86,1230,962.97630665858,90,4
88,9734,7840.05002687848,93,5
29,5106,687.42873435874,44,15
8,9843,588.210301240218,66,58
83,8783,6561.20448388083,84,1
66,9395,4790.14744656824,83,17
97,8037,7403.69922912101,98,1
28,6630,857.697545227103,74,46
4,9670,506.570875431375,69,65
1,2423,117.352623926236,70,69
99,6483,6174.28571428571,99,0
55,2897,1046.64341073855,80,25
78,2151,1466.36944886315,86,8
6,6195,345.662559545779,72,66
97,1402,1291.52498683933,98,1
42,7843,1762.38587039404,70,28
62,4264,1932.8314117455,90,28
74,5943,3718.20919568362,81,7
87,2160,1715.67750381894,87,0
84,1199,910.382107372136,88,4
89,8401,6858.17397621395,89,0
56,6943,2594.86428673054,81,25
96,6336,5725.21750367269,99,3
68,1085,584.548515265917,73,5
76,2142,1400.86901152952,78,2
60,3157,1344.68047300079,81,21
13,1629,117.048860374577,85,72
63,5147,2404.82445891953,87,24
63,5067,2367.44618872066,73,10
93,1733,1490.64722061212,93,0
34,4833,793.984935399527,82,48
94,3427,2989.84239588909,99,5
55,3703,1337.83933378144,68,13
26,1254,149.788298416987,80,54
58,3526,1408.23691335015,91,33
31,3212,468.329515329221,72,41
76,5335,3489.09251937908,86,10
97,1859,1712.514230053,97,0
86,9065,7097.0570893171,87,1
82,1348,990.100326720179,85,3
64,9050,4355.90751340931,68,4
81,6271,4525.65859443197,84,3
58,8468,3382.00515662198,85,27
85,4799,3701.18593244087,86,1
40,3488,725.461061962583,83,43
77,3524,2353.85430655467,85,8
94,4839,4221.72376822507,97,3
98,5122,4802.60035022975,99,1
82,7517,5521.20486346853,84,2
39,3846,769.371774978621,75,36
76,5781,3780.77672999633,77,1
48,5419,1526.63719434624,78,30
15,1151,89.262273120588,69,54
91,8790,7365.04716874415,92,1
5,5882,317.753349571532,85,80
57,6527,2522.31299531015,88,31
54,4955,1729.75884889764,74,20
73,9631,5887.33588921561,79,6
90,7778,6433.45001991024,90,0
51,5313,1669.00815414516,78,27
60,1430,609.088715993389,82,22
16,6040,486.780953361998,74,58
32,3988,605.10235360565,76,44
5,9019,487.218201255636,72,67
62,7077,3207.93806306823,85,23
96,5678,5130.6478828683,97,1
39,6917,1383.70893591449,80,41
52,6572,2139.27352847644,60,8
32,7354,1115.82816158875,68,36
66,8127,4143.64324622247,82,16
78,1258,857.597752984588,79,1
57,2636,1018.66355992609,76,19
39,4163,832.785933238689,73,34
46,3700,967.750055541853,77,31
30,9985,1398.97558945428,83,53
44,7899,1915.97843033498,75,31
94,2962,2584.15908276145,96,2
54,3193,1114.65590404241,67,13
38,4443,854.700067198344,71,33
30,5606,785.443881269975,66,36
97,7603,7003.89762834479,98,1
32,3699,561.252157970737,81,49
74,5970,3735.10161504816,79,5
12,8507,588.615010339155,62,50
83,5647,4218.50412392976,91,8
28,8601,1112.67821817471,75,47
99,9547,9092.38095238095,99,0
25,8183,939.273167978982,79,54
23,9423,999.076777955242,76,53
34,2961,486.445146641423,84,50
18,7792,678.618302884572,65,47
34,5149,845.898703159976,78,44
98,3363,3153.28875006299,98,0
1,7804,377.969408634066,82,81
1,7274,352.300035674551,57,56
45,9338,2352.35630055315,70,25
88,8910,7176.37618034593,93,5
79,8929,6208.07863398437,86,7
48,1008,283.973111625947,81,33
48,7220,2034.0137558922,92,44
33,3466,547.231822301368,89,56
66,5917,3016.84964782802,70,4
60,8933,3804.88776221604,66,6
81,2241,1617.286064443,89,8
24,5580,615.543219121582,80,56
61,2856,1255.27128535248,77,16
16,1869,150.628079773771,67,51
4,2018,105.714583931801,28,24
71,9888,5758.26983546303,86,15
36,4445,790.39502981886,61,25
90,8619,7129.06990506638,94,4
6,4540,253.31848593024,25,19
37,9454,1748.64278200774,63,26
17,7204,603.482234586586,42,25
54,4570,1595.35780816593,55,1
84,4368,3316.5546663899,88,4
90,9525,7878.45351499679,98,8
25,4560,523.412641572059,64,39
18,4601,400.708779719188,72,54
40,2882,599.420521954176,74,34
71,4559,2654.93043890331,83,12
0,4518,292.00815833803,57,57
80,1581,1120.29595189186,92,12
74,1479,925.329194079769,93,19
31,2574,375.305159544649,80,49
74,4835,3024.99435657585,78,4
39,2459,491.909827007912,66,27
10,8903,571.859948593962,74,64
1,5375,260.326188032817,69,68
11,3022,201.417882112145,84,73
61,4568,2007.73082335088,79,18
60,4911,2091.77250646401,76,16
40,5915,1230.24718506556,50,10
53,6492,2188.90145487094,72,19
10,9030,580.017447579858,67,57
52,5626,1831.337929277,52,0
67,7565,3966.13854427932,75,8
3,1755,89.3330529164821,62,59
45,3065,772.110951081109,58,13
55,1655,597.927112451603,71,16
37,1936,358.088896336681,77,40
24,2832,312.404730564932,84,60
64,5972,2874.41764310281,72,8
98,5873,5506.76920283079,98,0
92,8322,7063.69580649639,92,0
37,5292,978.825640193034,83,46
86,2586,2024.59896668219,96,10
18,1340,116.702839561772,88,70
45,3412,859.524491056686,75,30
67,1675,878.160219652063,68,1
92,3376,2865.5415816789,95,3
28,3622,468.56417930808,65,37
76,7051,4611.35732973606,89,13
37,6073,1123.28195632885,83,46
86,7372,5771.59457942037,86,0
14,3799,283.560499845211,64,50
52,4752,1546.83928900183,73,21
64,8917,4291.89251901336,85,21
83,9993,7465.11629368338,87,4
22,1372,139.824768455774,60,38
41,1144,247.342059957604,80,39
48,9849,2774.65394484519,82,34
96,6516,5887.86572820885,97,1
82,1884,1383.79007087598,88,6
28,5011,648.253755525341,57,29
23,4455,472.34288929116,83,60
35,4320,738.387591030981,86,51
71,2461,1433.16161661352,83,12
12,7093,490.777744015002,85,73
80,5665,4014.21667771498,81,1
39,9198,1840.01081285839,87,48
86,9810,7680.32322627697,89,3
87,1917,1522.66378463931,89,2
50,3414,1034.59480015717,84,34
41,6975,1508.05145822053,75,34
84,1205,914.937814331463,87,3
87,3976,3158.1174792519,91,4
52,2741,892.232005714229,74,22
67,1586,831.499766189953,75,8
85,6094,4699.9431282131,94,9
57,2540,981.565038775516,82,25
23,3551,376.495982014121,75,52
40,5966,1240.85455724449,84,44
88,3643,2934.17939674525,90,2
86,7768,6081.62597571045,92,6
99,2171,2067.61904761905,99,0
6,8384,467.802243620955,65,59
56,4938,1845.51920608893,88,32
3,1163,59.1990544398112,22,19
70,2375,1348.56337659048,93,23
9,9089,562.892113188154,85,76
81,7167,5172.28434799776,84,3
70,7132,4049.66484288138,93,23
76,7707,5040.38163952287,76,0
59,5059,2087.10660194085,80,21
78,3887,2649.82707937289,91,13
27,6434,799.801998245077,83,56
15,8448,655.158717048417,35,20
9,4602,285.007097028483,67,58
43,9753,2277.23458696778,82,39
24,3000,330.937214581496,69,45
37,4948,915.198274315029,43,6
2,2575,127.670798546465,39,37
79,8408,5845.84221688214,80,1
56,4931,1842.90303872509,62,6
47,2692,730.856235333895,85,38
11,1850,123.303468533245,69,58
64,7583,3649.8173120644,80,16
25,4325,496.438525175253,64,39
52,4801,1562.78944160307,87,35
15,3690,286.16662711987,74,59
99,8069,7684.7619047619,99,0
87,2098,1666.43120509821,88,1
43,7009,1636.53616528834,82,39
2,6000,297.485355836423,82,80
51,1679,527.435477283968,79,28
24,1913,211.027630498134,88,64
29,7781,1047.56815159525,64,35
66,7604,3876.98575664767,84,18
45,6486,1633.90265210834,79,34
2,1991,98.715557245053,85,83
59,6353,2620.95043331295,83,24
92,9532,8090.74121936116,96,4
50,4976,1507.95071048098,89,39
41,3957,855.535429416291,85,44
29,6382,859.218602169502,81,52
13,8271,594.297804885285,61,48
66,1903,970.266161875397,76,10
22,9046,921.905871319924,47,25
71,8561,4985.4923201253,78,7
29,4592,618.228113626192,76,47
55,4631,1673.11205907152,75,20
67,1964,1029.67562471442,94,27
8,7036,420.466085494887,78,70
63,9675,4520.43455217533,69,6
42,6752,1517.22929961756,52,10
22,2046,208.514195525156,85,63
84,4034,3062.95364565404,87,3
88,7733,6228.38574664591,88,0
90,9286,7680.76843467298,92,2
16,6813,549.079244247565,56,40
45,7137,1797.89750664466,79,34
92,2466,2093.13552737564,92,0
61,3415,1500.96338917322,90,29
63,5916,2764.12308120612,85,22
48,8025,2260.79783809348,83,35
94,3205,2796.16133026687,95,1
13,5753,413.371451034342,84,71
43,7010,1636.7696559668,81,38
4,9482,496.722341348531,66,62
58,4235,1691.40196484342,75,17
49,5667,1656.11411022675,78,29
14,9512,709.983541597168,89,75
72,2186,1304.71073858953,77,5
4,2598,136.098359293765,61,57
88,1711,1378.08974686553,93,5
75,4622,2957.57464886763,75,0
97,3797,3497.80340586941,98,1
86,8846,6925.60033227789,87,1
41,6838,1478.43094929204,88,47
71,7046,4103.23313720394,85,14
95,6840,6063.34787066823,97,2
11,3808,253.805193607891,63,52
8,3926,234.614816892116,61,53
28,6363,823.156784355966,82,54
97,7979,7350.26952210483,99,2
47,2567,696.919745951749,74,27
96,8221,7428.50585506522,99,3
65,1842,912.774299392198,88,23
54,3004,1048.67721131958,71,17
26,5569,665.208160992184,90,64
22,1782,181.609138038039,76,54
67,3305,1732.72807519407,78,11
62,6332,2870.23651481532,89,27
40,2598,540.352018055846,90,50
65,2431,1204.64404007733,86,21
83,1944,1452.23517211253,86,3
20,7793,733.994805351651,61,41
60,1614,687.460970358972,82,22
15,6293,488.034304733154,80,65
84,6867,5214.00661494951,84,0
45,2236,563.275721571732,73,28
92,2510,2130.482633298,98,6
27,3534,439.306848274495,73,46
55,5061,1828.46472272965,72,17
25,7169,822.882725313616,59,34
1,8460,409.741311768862,82,81
96,9759,8818.24457360193,97,1
12,3944,272.892629690564,74,62
13,8875,637.697136785987,83,70
63,1369,639.63564877809,72,9
49,5118,1495.67531606503,80,31
39,9548,1910.02644500673,74,35
53,6768,2281.96011191721,82,29
32,5457,827.994870518063,89,57
33,8494,1341.08110173913,85,52
59,3624,1495.09277039605,72,13
3,8560,435.721329324836,76,73
76,9547,6243.74250843712,88,12
41,8501,1837.98501022691,67,26
70,6130,3480.71305199984,87,17
60,5608,2388.65001349016,67,7
52,7481,2435.16513489535,89,37
72,6683,3988.73827355618,84,12
53,1212,408.648885290138,77,24
6,8887,495.868146357278,54,48
44,8981,2178.42793807298,56,12
87,8820,7005.68314059401,89,2
97,9308,8574.54677425138,98,1
86,4335,3393.9043002967,90,4
93,9226,7935.78260667479,95,2
25,6239,716.134094466683,82,57
99,6136,5843.80952380952,99,0
21,4149,406.463800965337,70,49
57,6790,2623.94748554557,72,15
87,6752,5363.0807897155,87,0
47,4260,1156.55555814353,78,31
69,9241,5112.83941840102,78,9
86,3898,3051.77369378467,90,4
24,5914,652.387562344989,76,52
43,4478,1045.57125811973,87,44
3,5140,261.636405692717,88,85
28,8708,1126.52039575228,78,50
51,3369,1058.32645799267,76,25
45,9721,2448.83868041092,81,36
46,7340,1919.80686693978,83,37
51,9731,3056.86398418719,69,18
3,6486,330.15053060758,60,57
24,8268,912.062963386603,74,50
26,3032,362.167560446813,77,51
88,6926,5578.40420034522,88,0
27,5008,622.537831397473,82,55
33,9262,1462.33731625945,71,38
37,8573,1585.6901385818,70,33
17,4378,366.746977098844,89,72
57,6852,2647.90694712198,86,29
45,4001,1007.90078801811,67,22
73,6102,3730.09278330326,79,6
83,1637,1222.89556417089,85,2
16,1950,157.156102492698,65,49
6,7308,407.764646515021,68,62
6,5075,283.169893413209,67,61
8,1647,98.4234853340078,82,74
95,7817,6929.41378728268,97,2
23,8877,941.186942365349,88,65
51,3969,1246.808462978,66,15
26,3157,377.098610926975,74,48
19,5618,508.788997515923,74,55
9,5382,333.31338466043,75,66
49,9313,2721.61473593467,61,12
78,4537,3092.94197558909,80,2
53,4058,1368.23199381797,63,10
38,1300,250.081045995464,65,27
92,4730,4014.8138866532,95,3
17,5194,435.103654420145,90,73
24,2642,291.445373641437,61,37
36,9563,1700.46066820197,90,54
29,1850,249.068382014036,75,46
19,6746,610.945278968034,46,27
39,2030,406.090666460375,73,34
74,2493,1559.73338799247,85,11
39,8947,1789.79960237486,69,30
57,8425,3255.78167389123,84,27
51,4856,1525.44769368133,63,12
25,9889,1135.09377467239,63,38
45,2036,512.893277781774,53,8
77,1310,875.013944831616,92,15
66,9513,4850.31108666351,83,17
58,1111,443.718437530352,77,19
20,6024,567.379020587495,80,60
63,8838,4129.36440021969,83,20
24,6205,684.488472159394,44,20
82,4302,3159.80089432508,88,6
34,4545,746.671121744434,81,47
27,2543,316.116953922479,44,17
47,1946,528.323266701248,61,14
71,6744,3927.36364991532,80,9
50,5334,1616.44073346172,85,35
69,5734,3172.49445137014,82,13
8,6340,378.873647248093,79,71
89,3129,2554.36571498315,89,0
88,4959,3994.12452057637,93,5
44,8152,1977.34601393731,71,27
52,2281,742.495879253614,76,24
72,2842,1696.24332985884,85,13
64,4081,1964.24956488656,79,15
98,2910,2728.53709862721,98,0
75,6663,4263.59149402964,84,9
64,5096,2452.78504843468,77,13
23,4978,527.794142063164,30,7
39,8839,1768.19477874052,73,34
1,4335,209.956097697165,82,81
33,2650,418.397094373521,78,45
82,6081,4466.46890711084,86,4
24,2205,243.2388527174,62,38
94,1463,1276.37567119514,94,0
93,6350,5461.97914073108,96,3
18,6953,605.548390651493,69,51
46,3612,944.733297464101,67,21
10,2182,140.154825096263,87,77
22,8911,908.147603286739,84,62
62,4294,1946.43013180938,74,12
35,7103,1214.06644886413,90,55
65,6624,3282.41963038758,76,11
41,1260,272.422198904354,83,42
71,3522,2051.03421930631,74,3
29,9288,1250.45790926831,91,62
44,1996,484.148999487103,58,14
99,1628,1550.47619047619,99,0
97,2593,2388.67638436118,97,0
71,5125,2984.54014024555,82,11
76,9787,6400.70262177376,86,10
22,3983,405.919863527223,77,55
9,4372,270.762935290858,55,46
44,2784,675.285979244537,62,18
58,5314,2122.340033336,64,6
73,9490,5801.14397141067,84,11
57,6072,2346.4814627736,83,26
11,6407,427.029904266218,61,50
56,4664,1743.11494070449,77,21
38,6814,1310.80942108699,91,53
34,7844,1288.64428580052,75,41
41,3311,715.865000454218,88,47
25,7199,826.326229534485,74,49
86,4308,3372.7657960042,94,8
83,2092,1562.79628603879,87,4
58,2395,956.530745171191,80,22
86,6726,5265.83629153302,95,9
68,8384,4516.91682211009,84,16
17,8176,684.907100219312,73,56
42,4505,1012.31012955822,73,31
50,1294,392.139915466717,80,30
9,6146,380.628774084541,78,69
0,9366,605.344933818944,71,71
90,1190,984.289730482538,98,8
70,5685,3228.03486143868,92,22
60,8339,3551.88168018802,85,25
39,1858,371.682984376047,86,47
46,4380,1145.6068225063,91,45
15,7256,562.716814737608,78,63
83,2731,2040.15136576096,85,2
21,2051,200.929683244133,81,60
1,2474,119.822695663849,38,37
53,3327,1121.76142026427,72,19
56,5003,1869.81218875312,77,21
16,2931,236.217710977486,83,67
87,4164,3307.4449656954,92,5
85,7889,6084.32086289352,88,3
37,2140,395.821404008521,91,54
34,5304,871.362734814627,84,50
74,6121,3829.57403445725,87,13
5,8460,457.020288571092,87,82
37,8288,1532.97560580496,74,37
54,2955,1031.57162431736,56,2
95,5806,5146.75405513154,99,4
15,7831,607.309175332168,33,18
89,1643,1341.26649719313,91,2
60,6838,2912.55149647748,81,21
63,9425,4403.62745780387,87,24
39,5216,1043.43296367355,74,35
50,2002,606.695603372773,64,14
73,7993,4886.042546205,86,13
2,6399,317.268131999545,80,78
37,1073,198.465591822964,66,29
88,4647,3742.83053985045,94,6
38,3030,582.881207204813,86,48
62,5193,2353.93844305685,82,20
91,8371,7013.9715414741,91,0
34,6723,1104.48183751107,78,44
54,4644,1621.1907354754,70,16
28,3175,410.737512231682,77,49
95,5775,5119.27396975278,97,2
79,6027,4190.4009325819,84,5
29,4726,636.268742377479,49,20
35,5873,1003.83109308448,56,21
56,6368,2379.96482470115,87,31
89,9940,8114.53985520375,95,6
11,4106,273.667049620273,67,56
13,6533,469.416945872998,80,67
94,7206,6286.78269762965,94,0
4,6436,337.155134878628,81,77
70,4064,2307.60486840577,88,18
86,1595,1248.7375683906,89,3
95,4296,3808.20796087584,95,0
13,5471,393.108849054213,32,19
3,6698,340.941759791793,81,78
62,1038,470.515714210092,84,22
55,2579,931.754696684401,75,20
28,4414,571.022166611227,82,54
99,4653,4431.42857142857,99,0
75,6979,4465.79694384405,78,3
21,8298,812.927601930675,65,44
64,5937,2857.57159194598,68,4
97,2467,2272.60495187776,99,2
51,1237,388.58706694477,80,29
46,2427,634.791725621642,81,35
99,7528,7169.52380952381,99,0
70,7055,4005.94299867192,74,4
45,1619,407.845882479711,63,18
52,3036,988.258434640058,66,14
44,8638,2095.22998876232,67,23
53,6447,2173.72884774383,69,16
29,2201,296.32405881778,74,45
65,4525,2242.29299932123,81,16
79,8995,6253.96654862688,79,0
12,1629,112.713512618136,89,77
9,2324,143.927964688004,78,69
80,7526,5332.92051482488,92,12
21,9043,885.912786726813,79,58
0,1463,94.5568693334523,77,77
17,4334,363.061077831519,60,43
0,2347,151.691710407117,60,60
21,2687,263.236498721104,73,52
85,2934,2262.8213223133,91,6
27,4150,515.880990475143,86,59
54,5161,1801.67213302941,87,33
84,1807,1372.02707925058,91,7
94,1914,1669.84486306733,94,0
58,6715,2681.88056527121,82,24
55,4223,1525.70767122847,73,18
83,2711,2025.21067468985,96,13
23,9442,1001.0912594135,50,27
90,3463,2864.36582912692,90,0
95,2969,2631.88301579152,99,4
12,9687,670.261385347995,62,50
35,1349,230.575199143702,52,17
93,4938,4247.44141683938,95,2
89,2664,2174.76198936245,89,0
73,7731,4725.88451453908,83,10
20,3734,351.692108710775,85,65
95,1017,901.524091296724,96,1
40,3336,693.84693311559,84,44
27,4600,571.819893056785,89,62
61,2329,1023.64384579339,76,15
82,9839,7226.70409094944,83,1
16,6745,543.598928878589,58,42
93,7550,6494.16417519995,94,1
39,5804,1161.05922568277,83,44
88,2634,2121.50110651304,90,2
29,1790,240.990488543311,82,53
27,3430,426.378746344516,77,50
75,9582,6131.43234215699,77,2
91,5218,4372.10649903379,98,7
31,1901,277.177586749953,69,38
1,6636,321.399922564795,68,67
95,4246,3763.885242523,97,2
57,2746,1061.17228207778,62,5
60,5983,2548.37607537653,84,24
27,5918,735.658723284794,56,29
2,6513,322.920353760437,80,78
24,5435,599.54792041681,73,49
22,6151,626.867456830517,68,46
27,8153,1013.48860610695,81,54
77,5505,3677.06241702141,81,4
4,8738,457.747291573873,80,76
36,6383,1135.00370648679,77,41
74,6126,3832.70226026549,91,17
60,2266,965.171349958754,92,32
5,9085,490.783607762219,63,58
51,8545,2684.29788766618,87,36
6,3909,218.110564207337,67,61
9,2380,147.396108415426,84,75
27,2440,303.313160664903,79,52
80,5969,4229.63095309456,86,6
80,4052,2871.24553894106,91,11
75,8546,5468.50561428445,85,10
88,2491,2006.32469868033,91,3
61,7994,3513.52894086404,88,27
37,5821,1076.67121155776,78,41
94,3057,2667.04061985205,97,3
47,8671,2354.1063954607,77,30
64,8117,3906.83992114292,83,19
6,9819,547.87097210331,18,12
1,6975,337.818634703051,90,89
74,9052,5663.34000325224,86,12
83,3506,2619.10314476673,87,4
41,8052,1740.90757585544,76,35
12,7094,490.84693585823,58,46
49,5151,1505.31917800918,82,33
21,4427,433.698541063762,63,42
4,7650,400.751519860395,76,72
96,5411,4889.38634980634,98,2
76,3733,2441.383762857,87,11
32,5196,788.393136743972,73,41
25,5424,622.585563133081,53,28
80,2995,2122.25577224296,87,7
76,7529,4923.96955546487,91,15
76,2860,1870.44135059497,87,11
11,6776,451.623947449336,63,52
73,1261,770.836938666897,84,11
28,7322,947.218917971772,66,38
42,9654,2169.33229539514,52,10
55,3701,1337.1167632528,88,33
44,1742,422.538856265798,58,14
50,4375,1325.82081156637,53,3
65,3223,1597.1072567541,81,16
67,7850,4115.55685030967,91,24
67,1690,886.024341022081,93,26
12,6583,455.489903968809,76,64
21,6918,677.733568348567,78,57
10,3008,193.210684642327,86,76
34,6564,1078.36066955566,77,43
64,6510,3133.36551517068,79,15
33,3264,515.338911711386,72,39
5,4797,259.140227455736,15,10
67,5954,3121.53190913933,69,2
84,7752,5885.97339145021,85,1
36,2560,455.210635846182,70,34
52,4772,1553.34955536968,88,36
8,4596,274.65351462969,59,51
92,6370,5406.84238012281,97,5
86,1058,828.316205239657,87,1
0,4425,285.997366234126,78,78
19,8913,807.197638814422,78,59
30,4833,677.140613303209,89,59
1,3320,160.796826840735,61,60
71,4049,2357.9322981179,82,11
35,2074,354.494412916262,71,36
79,5287,3675.90007143861,86,7
65,6052,2998.9739738988,92,27
77,4414,2948.3294293792,80,3
18,1674,145.7914577809,87,69
23,2751,291.675710087538,68,45
23,3090,327.618300316428,78,55
42,4651,1045.11751666488,64,22
34,7308,1200.58802149798,72,38
68,1583,852.848202457094,73,5
29,7173,965.712164425234,53,24
57,4927,1904.00430946731,82,25
20,2011,189.408899469033,77,57
62,7193,3260.51978064855,70,8
73,2323,1420.02712809136,94,21
4,6719,351.980321822483,71,67
10,4180,268.490911504298,85,75
45,6210,1564.3748796782,91,46
97,7538,6944.01950841286,98,1
84,4505,3420.57664196119,95,11
44,6656,1614.47682394096,76,32
54,9131,3187.57377382126,69,15
62,9391,4256.85267066182,78,16
66,3044,1552.01796991524,73,7
90,3077,2545.09201739056,98,8
7,8093,467.051664523219,52,45
76,7221,4722.53741001618,84,8
66,1872,954.46045981647,76,10
36,5441,967.500417827765,85,49
86,7318,5729.31757083536,91,5
68,5180,2790.7477503018,74,6
47,3955,1073.7505240511,70,23
10,3878,249.09276430949,73,63
20,7677,723.069180121215,49,29
32,6917,1049.52181040378,62,30
63,5782,2701.51447862302,79,16
22,5497,560.216291691977,84,62
26,2831,338.158431274712,78,52
8,9175,548.291122003353,84,76
77,1176,785.508701619832,94,17
83,4299,3211.5015457365,83,0
44,1979,480.025485964417,73,29
82,7201,5289.10419340653,86,4
17,1423,119.205333122808,77,60
7,7873,454.355338538404,81,74
21,4175,409.010934931377,71,50
19,4712,426.737941668749,76,57
27,9201,1143.76409478597,84,57
75,4555,2914.70197438166,80,5
59,5806,2395.28383689832,87,28
82,3787,2781.53556178733,85,3
31,2344,341.769733478111,84,53
17,7160,599.796335319261,80,63
92,5535,4698.09616545993,92,0
89,4251,3470.31276906148,97,8
36,9225,1640.3586389379,83,47
63,5897,2755.24574203389,66,3
36,5758,1023.86829734466,54,18
18,2570,223.825595278921,67,49
54,5227,1824.71231144055,62,8
55,6540,2362.80562866072,73,18
15,5134,398.151616160816,60,45
31,3357,489.471414371169,83,52
56,7712,2882.26895855767,80,24
7,1512,87.2583858592743,66,59
61,8341,3666.04264395133,84,23
77,3963,2647.08417050969,78,1
94,3174,2769.11577605836,95,1
62,5074,2299.99685347014,77,15
53,2094,706.031984981476,74,21
39,7333,1466.92751583937,69,30
88,7634,6148.64823353095,94,6
62,5913,2680.30772458986,73,11
8,7227,431.880102312614,61,53
70,3472,1971.45770253564,80,10
55,3087,1115.28761095958,76,21
79,2231,1551.15056920362,94,15
91,1744,1461.27898319565,96,5
85,4220,3254.63734838518,90,5
76,2110,1379.94099641797,80,4
44,5783,1402.7222765701,67,23
34,6786,1114.83173424813,92,58
29,8705,1171.96771104442,73,44
43,1740,406.273780511016,83,40
22,5605,571.222906118525,85,63
53,2675,901.927201444818,88,35
37,3563,659.024141346898,65,28
97,4608,4244.89810225079,97,0
98,5146,4825.10374898132,98,0
19,4721,427.553018382462,76,57
47,1311,355.925900639947,76,29
92,4163,3533.54549897194,95,3
35,5106,872.733111065784,63,28
7,3766,217.33801663097,56,49
78,2833,1931.29923227769,91,13
87,1823,1448.00004141756,88,1
59,6354,2621.36298650567,72,13
32,1845,279.943290472022,65,33
77,2534,1692.5842261094,94,17
1,4673,226.326377056252,84,83
65,6869,3403.82554968785,76,11
64,2664,1282.22515090855,84,20
46,2741,716.919703308167,76,30
53,5725,1930.29279561554,85,32
43,7612,1777.33104439647,69,26
10,4434,284.80590947609,87,77
51,2990,939.26865817693,76,25
48,5870,1653.69262425031,72,24
1,5926,287.012649354879,83,82
78,5950,4056.20558844062,79,1
21,1969,192.896414582008,69,48
30,6744,944.88646722881,50,20
34,2988,490.880816671588,90,56
94,5087,4438.08820189315,97,3
83,7996,5973.28829023239,83,0
83,3904,2916.42289708195,90,7
74,2015,1260.67500072396,74,0
71,8097,4715.28224694015,72,1
82,8437,6196.94099149714,87,5
73,9129,5580.46821022213,87,14
32,8658,1313.68509967847,90,58
26,4084,487.827281287858,77,51
77,6484,4330.98505212839,79,2
73,9201,5624.4811044204,89,16
85,8158,6291.78471282613,86,1
92,9827,8341.13658861332,95,3
87,1577,1252.60343681596,87,0
47,6379,1731.84692614967,80,33
65,3746,1856.27172938283,84,19
51,9264,2910.1621569736,86,35
78,7230,4928.80107637406,79,1
48,2094,589.920333080092,77,29
40,4465,928.665034880429,46,6
98,5268,4939.49602596843,98,0
19,7212,653.148139922541,76,57
42,2852,640.867589234196,76,34
96,2596,2345.74883831034,97,1
3,5402,274.972736099622,85,82
88,2307,1858.12568440607,91,3
7,3508,202.448688885142,79,72
93,8916,7669.13480610367,95,2
35,3436,587.291611755197,59,24
1,5716,276.841765729411,40,39
58,2039,814.349139625912,72,14
61,1269,557.751842126153,85,24
90,9097,7524.44006571399,92,2
62,6444,2921.00506972046,94,32
87,8546,6788.04627205401,94,7
73,4771,2916.46553083249,86,13
56,4172,1559.23574884629,59,3
92,4677,3969.827599974,92,0
44,3598,872.729509095489,80,36
1,1470,71.1961853782774,46,45
88,3162,2546.76784312613,94,6
55,2384,861.304070141765,68,13
96,8826,7975.18460975619,99,3
64,6595,3174.27735369441,92,28
79,2230,1550.45529776964,79,0
59,9958,4108.20469304744,87,28
64,4166,2005.1614034103,78,14
23,6304,668.383742781476,85,62
3,1827,92.9979986771583,67,64
74,2487,1555.97951702257,79,5
39,5568,1113.84868514846,83,44
74,2330,1457.75322664358,88,14
4,4167,218.291710229839,69,65
36,5012,891.217072992604,62,26
42,3294,740.188583077644,83,41
54,5567,1943.4041396192,77,23
95,6670,5912.65062826858,97,2
53,5518,1860.49880283084,79,26
48,2295,646.545923791218,76,28
50,6279,1902.81802876006,70,20
98,3918,3673.67984619292,98,0
56,1439,537.809262365728,64,8
83,2342,1749.55492442775,90,7
4,5989,313.738673522079,88,84
71,2946,1715.60102500749,81,10
96,7378,6666.77000348755,96,0
24,9924,1094.74030583559,65,41
69,8663,4793.04489574808,91,22
97,5348,4926.58746762961,98,1
91,5252,4400.5947360915,94,3
39,3528,705.757572055272,79,40
40,4183,870.012506361665,77,37
60,5430,2312.83337611476,86,26
4,3909,204.776168775723,81,77
26,9842,1175.61119060605,85,59
9,2909,180.157680411964,75,66
23,3489,369.922410939811,84,61
22,5741,585.083087248252,59,37
54,7615,2658.34785758941,71,17
61,9612,4224.67352759384,67,6
63,1039,485.450284207769,76,13
59,7291,3007.92532807882,86,27
47,5721,1553.20524604206,69,22
76,4995,3266.73235881883,85,9
10,3751,240.935265323593,79,69
35,1811,309.541649851182,79,44
26,8210,980.67139553705,81,55
20,5199,489.675220457235,89,69
25,4994,573.228669300628,58,33
53,9502,3203.7802871509,72,19
92,3781,3209.30471573694,97,5
20,1450,136.570315380456,61,41
38,3470,667.524022772508,76,38
5,2283,123.330652341348,80,75
45,5930,1493.83945837226,62,17
12,2954,204.392704895011,86,74
45,1220,307.332907118745,67,22
15,3672,284.770692353431,71,56
69,9796,5419.90855347434,83,14
55,2780,1004.37303481296,80,25
94,9195,8022.06035313692,94,0
96,5296,4785.47220635268,98,2
41,7250,1567.50868417188,54,13
13,3075,220.948585421624,83,70
31,7397,1078.52846353993,59,28
94,3975,3467.93799931694,94,0
2,8547,423.767889388984,69,67
11,7241,482.616440891476,72,61
58,1949,778.404351707161,84,26
60,4680,1993.381252342,83,23
18,8032,699.520304000113,55,37
12,3757,259.953755006959,48,36
73,8798,5378.13115494953,77,4
71,8935,5203.29095670127,83,12
47,6437,1747.59345722299,64,17
34,5929,974.040281809186,87,53
24,1243,137.1183192416,73,49
43,2735,638.597005573351,69,26
89,2689,2195.17079181518,97,8
92,2667,2263.74389761186,93,1
95,3818,3384.48277342271,95,0
46,2504,654.931388939675,72,26
58,4775,1907.07069235592,62,4
68,2982,1606.56559679536,85,17
49,9709,2837.34107926444,80,31
30,1022,143.190090377794,77,47
72,2902,1732.05423759689,84,12
60,7769,3309.09806612072,76,16
80,7185,5091.28805461291,80,0
29,4040,543.911493695517,78,49
98,4468,4189.38273424961,99,1
82,4388,3222.96753237993,87,5
59,3586,1479.41574907292,76,17
9,8397,520.035765699299,71,62
23,5322,564.266858991595,84,61
90,5219,4316.81353225913,92,2
13,9732,699.275327909998,70,57
60,5572,2373.31631154906,90,30
96,2263,2044.84962291845,99,3
39,5321,1064.43765331806,74,35
58,8317,3321.69779022497,83,25
14,2164,161.522748529886,21,7
75,5131,3283.27899682817,83,8
68,6800,3663.52986526105,80,12
99,5271,5020,99,0
60,3888,1656.03980963797,81,21
6,2016,112.486799038626,76,70
23,3351,355.290914032476,68,45
28,9694,1254.07541529887,89,61
97,4376,4031.17927418608,97,0
20,2973,280.016239742135,78,58
57,4967,1919.46202661338,73,16
17,9598,804.028662904227,73,56
12,4485,310.32541687682,79,67
16,4305,346.952318580034,78,62
11,4936,328.986984151405,66,55
12,4591,317.65975225897,71,59
56,6031,2254.01505304219,76,20
26,2077,248.094334778374,72,46
90,2760,2282.89046733765,91,1
36,6275,1115.79950778703,61,25
20,7353,692.552778615513,47,27
52,5758,1874.30568730483,71,19
57,1475,570.003319761372,89,32
9,5112,316.591977403217,70,61
57,9193,3552.56984309579,68,11
83,3604,2692.3125310152,91,8
12,4130,285.76231253094,64,52
34,6649,1092.32481594692,83,49
11,9782,651.975421184977,52,41
84,5518,4189.7318335942,84,0
81,3680,2655.78434500234,81,0
96,3978,3594.52576224905,97,1
33,9645,1522.80753782363,52,19
49,1700,496.805009243953,75,26
25,7556,867.303929762824,74,49
33,6200,978.89131513805,58,25
91,3363,2817.82180073795,98,7
23,3503,371.406765698526,55,32
33,3546,559.862677980568,84,51
1,6249,302.656437026432,79,78
69,2575,1424.69013119604,69,0
85,8751,6749.13067197125,86,1
77,1481,989.233322363071,79,2
97,8526,7854.16693137809,98,1
98,4842,4540.06069812816,98,0
28,6064,784.476306826117,65,37
89,3057,2495.5883639193,92,3
21,5780,566.247473988829,67,46
98,3040,2850.43050853152,98,0
72,6661,3975.60760738556,79,7
23,3656,387.628642704485,81,58
4,1623,85.0221851939112,68,64
28,5008,647.865657088587,54,26
92,3901,3311.16045916155,97,5
73,3381,2066.77215672703,93,20
29,9863,1327.87105502943,55,26
79,2873,1997.51482981712,80,1
74,2862,1790.59645264118,85,11
60,9204,3920.31646293926,66,6
29,8945,1204.27928492733,78,49
33,8448,1333.81835972359,69,36
34,3918,643.665006599492,84,50
8,7170,428.473825042402,45,37
14,1922,143.459668518688,81,67
72,3279,1957.06610788429,77,5
83,4555,3402.74239144679,87,4
17,1435,120.210578377533,53,36
42,5106,1147.35971620961,83,41
81,1455,1050.04516901587,81,0
38,6327,1217.12521385639,87,49
9,1189,73.6361230697233,83,74
21,2065,202.301216918154,79,58
99,7644,7280,99,0
82,6468,4750.71877835765,86,4
80,2514,1781.41936942197,86,6
97,3581,3298.82380732641,97,0
69,7145,3953.16931549348,72,3
80,5045,3574.88493187503,85,5
99,2348,2236.19047619048,99,0
38,6121,1177.49698656787,64,26
7,9585,553.155838929328,63,56
71,9432,5492.71855664313,82,11
14,6906,515.469547757574,91,77
60,2682,1142.36079461138,67,7
46,5314,1389.89832301335,64,18
62,8459,3834.38576734409,87,25
12,4804,332.397614866498,65,53
58,5799,2316.04250156482,83,25
52,5141,1673.46396985657,71,19
91,5337,4471.81532873578,92,1
63,6514,3043.52565094264,71,8
37,1608,297.420942825094,79,42
31,3666,534.525530260561,70,39
18,2475,215.551886504019,65,47
44,2237,542.605867661648,75,31
28,2732,353.428309737624,75,47
35,9196,1571.8083997965,81,46
64,3221,1550.31802217585,71,7
54,1443,503.74208253467,64,10
34,6550,1076.06069250298,83,49
31,5729,835.32372145738,64,33
2,1499,74.3217580664663,42,40
11,3413,227.478236812955,89,78
67,8978,4706.93877733506,82,15
97,6592,6072.56256294211,97,0
69,9503,5257.79818126446,84,15
45,3842,967.846745205096,65,20
37,2398,443.541928417025,79,42
53,7781,2623.5123568008,84,31
75,4057,2596.03642372479,79,4
41,3296,712.62187903869,62,21
37,1778,328.864699218295,82,45
33,1775,280.247110382264,56,23
32,1621,245.955595585446,84,52
39,7404,1481.13068693232,63,24
7,5250,302.980506455813,87,80
24,1675,184.773278141335,76,52
48,4309,1213.92870832957,78,30
46,1073,280.647516107137,78,32
14,2371,176.973399613844,90,76
36,3518,625.558990979246,70,34
49,8074,2359.53155566805,58,9
86,1890,1479.69530047538,98,12
92,7243,6147.84291353681,96,4
0,2271,146.779665246938,79,79
29,3144,423.281617866016,86,57
79,3581,2489.76700507314,92,13
18,9321,811.781468324833,77,59
2,2217,109.920838981558,38,36
66,3332,1698.85804065624,86,20
28,7933,1026.26163292407,70,42
39,4578,915.804468500293,83,44
21,6651,651.576461851159,52,31
4,4048,212.057797698677,78,74
77,7236,4833.28313343631,94,17
75,7046,4508.66961833001,91,16
2,1341,66.4879770294405,69,67
62,8307,3765.48558568712,77,15
93,2155,1853.632291067,93,0
2,5664,280.826175909583,81,79
72,2029,1211.0055300083,72,0
52,9328,3036.38823396656,75,23
98,8943,8385.32895980177,98,0
97,6354,5853.31652380676,97,0
41,2921,631.54384365049,76,35
20,7517,707.999352217165,88,68
97,6987,6436.43729175918,97,0
74,6443,4031.03177650842,87,13
35,9826,1679.48992348852,74,39
44,7997,1939.74927299517,80,36
29,8459,1138.84834781445,67,38
75,1384,885.608678933967,86,11
19,2889,261.639625102083,19,0
36,6977,1240.62679933547,79,43
0,3453,223.174893922359,80,80
29,9968,1342.0073686032,71,42
76,4573,2990.74415953524,80,4
19,2841,257.29254929561,44,25
49,1198,350.101412396621,67,18
58,2865,1144.24241541355,86,28
28,3879,501.811278723368,58,30
47,5970,1620.80673289129,85,38
64,2174,1046.38043471291,89,25
42,2034,457.056338184556,58,16
51,8657,2719.48119526344,76,25
80,2551,1807.63755425435,80,0
51,6080,1909.95098385142,81,30
29,1429,192.388496161112,85,56
23,6115,648.344953538821,85,62
96,5190,4689.69047412583,97,1
27,9353,1162.65901299133,88,61
81,6653,4801.34055633167,89,8
55,1420,513.025075336119,79,24
17,5506,461.240031042996,88,71
10,3519,226.03337741235,86,76
38,2587,497.661281530974,82,44
18,3926,341.921901581729,89,71
96,9759,8818.24457360193,96,0
68,1192,642.195235204584,85,17
98,2523,2365.66979375823,98,0
83,4086,3052.38318582911,90,7
2,7276,360.750574844302,76,74
92,5647,4793.16152598956,92,0
46,5822,1522.76779009856,56,10
15,1419,110.046190754226,83,68
71,8441,4915.61040464638,86,15
29,8610,1159.17771304911,65,36
40,9045,1881.24865408589,77,37
39,6764,1353.1021024325,75,36
73,4126,2522.18335363967,94,21
45,4321,1088.51269808205,90,45
11,8815,587.524364930032,83,72
23,9592,1016.99506039973,78,55
90,8624,7133.20557620286,97,7
1,2259,109.409648142537,67,66
29,2696,362.966679951266,52,23
58,6149,2455.82778791551,83,25
50,6185,1874.33182160869,79,29
33,4529,715.064317138746,87,54
96,4141,3741.81276557901,96,0
15,1434,111.209469726258,38,23
0,4305,278.241505454896,82,82
17,7780,651.734006813387,86,69
3,7997,407.063489557326,75,72
0,5135,331.886209177907,76,76
6,3428,191.272195984331,72,66
20,3239,305.069828632619,68,48
37,4632,856.749880078257,81,44
1,6529,316.217615193723,79,78
34,5916,971.904588831699,82,48
85,2961,2283.64483141434,93,8
86,1545,1209.59219007114,87,1
4,4702,246.318123710271,82,78
15,5742,445.303190493846,87,72
32,8350,1266.95201920942,73,41
49,7198,2103.53085678704,77,28
50,2340,709.124731214929,70,20
28,3554,459.767281408314,78,50
14,5176,386.340917925457,64,50
18,4707,409.940496878552,32,14
37,2017,373.070921441676,80,43
16,4872,392.648477612526,65,49
95,5202,4611.33561742926,95,0
26,3733,445.900891539562,85,59
80,9421,6675.71673799697,88,8
73,5707,3488.63315540998,81,8
67,1213,635.945281455494,78,11
56,8077,3018.68339967198,89,33
38,2743,527.671007050429,70,32
78,1434,977.579632575436,82,4
87,5658,4494.12190583684,91,4
86,8551,6694.6426001931,88,2
8,4242,253.498740004166,83,75
56,4910,1835.05453663358,85,29
11,2956,197.018947559067,76,65
91,7534,6312.65817625921,92,1
32,3572,541.982348816295,79,47
64,3472,1671.1282747577,64,0
9,9869,611.1984008201,84,75
14,5469,408.210680087775,79,65
38,4593,883.555572505513,69,31
75,5250,3359.42598584056,86,11
35,9876,1688.03607616249,82,47
39,6777,1355.70268305515,87,48
89,7664,6256.5224799076,89,0
49,3007,878.760389880334,77,28
19,6302,570.734827758161,43,24
24,9736,1074.00157372181,87,63
26,4954,591.747392629786,41,15
2,7334,363.626266617387,64,62
50,1610,487.902058656426,71,21
87,6456,5127.96942808105,88,1
5,4956,267.729615857959,87,82
42,7259,1631.1563219674,77,35
0,3589,231.964869472153,30,30
63,5310,2480.98268444971,78,15
99,4971,4734.28571428571,99,0
59,5093,2101.13341049313,90,31
38,3705,712.730981087073,81,43
7,7675,442.92864515207,68,61
76,1482,969.228699853756,79,3
94,9599,8374.52499508008,97,3
57,3054,1180.19670410253,73,16
71,4628,2695.11254030369,82,11
63,4409,2060.00991633499,78,15
33,1509,238.249515248922,74,41
77,9614,6421.66722565737,82,5
9,7769,481.143011041783,77,68
80,6902,4890.75437062467,91,11
15,5473,424.441720928739,58,43
18,8526,742.543589629602,87,69
75,9904,6337.47713595521,78,3
54,4316,1506.68803064424,67,13
90,4680,3870.98818374645,91,1
65,8553,4238.30541949049,80,15
80,8627,6113.08866348581,88,8
75,9829,6289.48533615749,89,14
92,1974,1675.52697933476,96,4
66,4823,2459.06132355493,87,21
68,1523,820.522938940085,94,26
77,9192,6139.79250449787,89,12
53,1715,578.244916066491,84,31
67,8984,4710.08442588306,71,4
99,7270,6923.80952380952,99,0
99,3507,3340,99,0
80,6655,4715.73027187876,82,2
57,6251,2415.65474700226,80,23
27,2786,346.323961316566,84,57
69,6819,3772.80077849546,84,15
96,7974,7205.31634695171,97,1
44,8469,2054.23741315445,55,11
20,6228,586.593051165159,54,34
41,5793,1252.49349067692,75,34
49,5547,1621.04552133895,88,39
61,5161,2268.36663294963,78,17
74,4972,3110.70774372185,87,13
41,6768,1463.29638268624,85,44
12,7321,506.553484270948,74,62
28,2794,361.44901076388,77,49
55,9842,3555.76957144935,71,16
27,2159,268.382423719478,73,46
96,8457,7641.75574945707,97,1
95,7823,6934.73251348502,98,3
61,5273,2317.59295786541,82,21
96,9326,8426.98523346773,96,0
10,2256,144.908013481745,84,74
67,8848,4638.78305879489,76,9
71,6687,3894.16974006283,73,2
54,4841,1689.96217709656,71,17
46,1296,338.974073508714,90,44
47,9993,2713.01870716628,79,32
56,9959,3722.05868234905,69,13
48,4549,1281.54135395479,77,29
75,4034,2581.31893845349,76,1
49,3890,1136.80675644646,61,12
88,1173,944.768715998403,90,2
24,2309,254.711342822891,69,45
58,7403,2956.65849958343,77,19
39,6887,1377.70759601606,73,34
80,1353,958.73524535717,87,7
36,3422,608.488592135014,82,46
94,5697,4970.27491373801,96,2
68,5621,3028.33843715182,89,21
90,2549,2108.36514537814,95,5
2,1371,67.9754038086226,78,76
47,5299,1438.63565788793,56,9
43,5632,1315.01950105635,78,35
85,4722,3641.80036944901,97,12
9,9675,599.183760050103,53,44
75,9583,6132.07223282096,82,7
99,8819,8399.04761904762,99,0
69,3472,1920.98024680103,87,18
52,7386,2404.24136964805,82,30
4,9553,500.441734539392,83,79
63,4324,2020.29550424869,84,21
32,2200,333.807717636016,85,53
61,4788,2104.42539014974,89,28
54,9695,3384.46257115289,80,26
19,9477,858.275779540478,65,46
89,5626,4592.7969039614,92,3
23,8283,878.207890459861,89,66
12,3946,273.031013377019,85,73
32,3580,543.196195062244,90,58
32,6524,989.89161357153,86,54
36,2583,459.300418902613,53,17
81,1044,753.434471788706,89,8
57,9969,3852.44955572957,58,1
10,3645,234.126644122767,87,77
86,1899,1486.74146857288,86,0
78,3592,2448.72108801323,92,14
27,1040,129.281019299795,79,52
49,6668,1948.64458919922,67,18
36,7540,1340.73757589071,83,47
26,7531,899.565929328809,48,22
84,2936,2229.25927209724,85,1
55,3656,1320.85892635834,66,11
91,2106,1764.59491892778,94,3
73,6756,4129.87657227086,82,9
42,9908,2226.40816063549,82,40
9,8303,514.214238728269,77,68
72,6545,3906.37318575867,83,11
47,5545,1505.42266899199,71,24
63,4237,1979.64663540743,80,17
41,5236,1132.06558211365,58,17
79,8334,5794.39213076781,79,0
67,1812,949.985861498231,78,11
75,2135,1366.16656757516,87,12
2,3603,178.639956179772,88,86
7,8434,486.730969799682,77,70
83,5767,4308.14827035646,86,3
29,8578,1154.86950319806,60,31
6,3459,193.001903707643,76,70
19,4250,384.897337031448,64,45
67,5407,2834.75361651266,81,14
61,8505,3738.1240482923,90,29
25,2446,280.760377474837,51,26
28,2966,383.699987804463,71,43
14,6919,516.439878501977,88,74
74,7604,4757.40580918361,88,14
96,5665,5118.9010666518,98,2
72,9487,5662.30136184759,87,15
64,1574,757.590986310084,77,13
66,9722,4956.87211022208,68,2
85,9567,7378.46339146943,89,4
20,4176,393.322508295714,70,50
13,8821,633.817064066388,83,70
79,6315,4390.6391055674,93,14
89,6412,5234.44965307509,96,7
85,8040,6200.7782656438,88,3
69,2149,1188.99382211273,89,20
17,8684,727.462482669338,81,64
2,3778,187.316612391668,83,81
24,9240,1019.28662091101,86,62
8,1343,80.2566732262128,76,68
48,5053,1423.52790976777,85,37
99,9195,8757.14285714286,99,0
49,1844,538.887315909323,65,16
42,1344,302.007727885961,54,12
75,7783,4980.26903767563,88,13
83,1796,1341.67405818627,85,2
46,4476,1170.71601313658,68,22
20,8322,783.819423859418,75,55
30,7066,990.001153238253,85,55
51,7125,2238.22380920088,65,14
40,7465,1552.62810422898,82,42
79,8638,6005.75464669694,79,0
15,9001,698.044935150663,73,58
8,6721,401.641921633192,86,78
90,8527,7052.97355615513,91,1
93,7620,6554.3749688773,94,1
19,3860,349.577346103856,54,35
3,1026,52.2254770896357,42,39
27,5297,658.463037722128,78,51
85,8636,6660.43794802237,90,5
53,4583,1545.24574363424,55,2
91,3678,3081.75693818441,91,0
67,2160,1132.43347728266,86,19
80,5782,4097.12282975252,82,2
67,4580,2401.17839164564,84,17
49,1714,500.896344614198,72,23
12,4515,312.401172173655,79,67
21,4520,442.809443326904,46,25
93,3557,3059.5684730048,99,6
86,3165,2477.90244762147,91,5
91,3944,3304.63549869476,96,5
33,5935,937.051605700698,88,55
86,9186,7191.78890485018,95,9
50,2723,825.190873118911,56,6
75,5407,3459.88882008379,77,2
78,9919,6761.93331625924,89,11
10,1686,108.295616458432,77,67
54,8986,3136.95520003919,70,16
48,9913,2792.68398367858,81,33
6,6724,375.179184888752,72,66
40,4586,953.831545344154,80,40
59,5730,2363.92979425204,83,24
8,3391,202.643617952411,62,54
58,8953,3575.7076248508,84,26
94,1775,1548.5760877453,98,4
36,5467,972.123650848078,82,46
71,6402,3728.2001908004,71,0
80,9607,6807.51626174895,80,0
2,1452,71.9914561124143,60,58
54,4756,1660.2892200519,55,1
53,4909,1655.16285304397,84,31
20,4606,433.822670787849,84,64
54,1465,511.422142005053,71,17
58,5988,2391.52655619419,79,21
61,3364,1478.54783050621,74,13
82,2124,1560.06906079648,92,10
79,2214,1539.33095482601,85,6
88,8337,6714.86511958967,93,5
55,2211,798.801719414196,91,36
82,3136,2303.37880162795,84,2
33,3732,589.22941743471,65,32
90,2675,2212.58405801747,90,0
22,6449,657.237559600065,81,59
32,8986,1363.45279576238,84,52
66,1066,543.512206284379,87,21
82,4905,3602.70185650035,85,3
23,5327,564.796985691136,73,50
99,3700,3523.80952380952,99,0
70,7766,4409.66028741122,75,5
39,6507,1301.69062396929,80,41
85,1567,1208.53476893829,96,11
98,3377,3166.41573266807,99,1
64,1099,528.966006324512,79,15
19,6708,607.503843954577,56,37
45,1111,279.874475253218,50,5
20,7882,742.377397123279,82,62
42,6022,1353.19236408427,63,21
2,2850,141.305544022301,61,59
51,4622,1451.93971173705,87,36
19,5516,499.551461427168,84,65
63,5628,2629.56130849021,78,15
85,1567,1208.53476893829,87,2
79,4208,2925.70219417698,87,8
64,6278,3021.70026178825,78,14
54,5446,1901.1638125321,86,32
57,1405,542.952314755748,88,31
73,2518,1539.228716545,93,20
46,3940,1030.52303211754,81,35
62,1524,690.814979244875,65,3
10,2561,164.498857502992,83,73
29,4638,624.421165287081,75,46
84,1240,941.512771594202,92,8
24,9035,996.672577914605,73,49
34,4884,802.363423234283,84,50
56,3581,1338.35647569956,93,37
34,6649,1092.32481594692,80,46
3,8987,457.456493766624,72,69
85,7229,5575.3017515347,87,2
77,6172,4122.5847843517,90,13
46,1628,425.810024438415,62,16
45,5304,1336.14240930969,88,43
89,6179,5044.23961421569,93,4
8,3562,212.862449763045,77,69
75,6672,4269.35051000537,78,3
0,5139,332.144737870548,0,0
60,8122,3459.45353237644,75,15
85,4362,3364.15358143511,87,2
41,1109,239.774776654705,88,47
78,3849,2623.92190082486,79,1
96,9217,8328.49269749862,96,0
21,3673,359.83165604861,81,60
31,1519,221.479618239442,85,54
9,4525,280.238399403278,65,56
55,2656,959.573662037135,93,38
89,1778,1451.47403043785,89,0
73,8358,5109.16346818234,93,20
25,2712,311.29278156654,74,49
68,3640,1961.06598669856,88,20
64,1778,855.779398767045,82,18
30,3166,443.581043186004,76,46
76,8702,5691.1121093977,79,3
17,5041,422.286777422401,78,61
19,5391,488.230951514479,40,21
65,3772,1869.15562285959,82,17
55,6255,2259.83932832917,63,8
36,4265,758.388031985925,72,36
81,2032,1466.45483397955,92,11
60,9873,4205.26775734456,79,19
62,2386,1081.5515357469,70,8
27,2733,339.735601679172,80,53
52,7107,2313.4231538165,76,24
6,8097,451.788497924483,87,81
66,6061,3090.26968319852,83,17
27,6253,777.302128540016,33,6
73,1317,805.069189709995,79,6
58,7480,2987.41126258059,91,33
21,7716,755.910987767786,57,36
17,6082,509.491803269797,91,74
55,6643,2400.0180108858,62,7
15,2332,180.85110418524,77,62
30,7010,982.155120888784,86,56
37,5749,1063.35385590887,82,45
31,6372,929.077108243398,78,47
90,2299,1901.58158855408,91,1
42,3645,819.061137012147,63,21
31,2155,314.212361623434,42,11
31,8551,1246.78881867378,79,48
77,5256,3510.74297254578,85,8
87,5249,4169.25519330816,87,0
35,1780,304.243035193321,72,37
5,3535,190.965333345013,79,74
37,2896,535.653638321812,84,47
19,1333,120.721917708922,90,71
66,7225,3683.74830244338,82,16
54,3218,1123.38324434967,79,25
2,7290,361.444707341254,68,66
47,2630,714.023736600351,92,45
57,2030,784.479145163109,92,35
23,6417,680.364606191106,60,37
6,6464,360.671958822263,82,76
64,4505,2168.3274417579,66,2
62,6424,2911.93925634454,64,2
6,2320,129.449094131753,66,60
88,7970,6419.27252046656,93,5
6,6529,364.298765338885,83,77
37,5919,1094.79761230207,74,37
60,3604,1535.07393876935,72,12
58,4973,1986.14922577717,77,19
56,3022,1129.43682478751,76,20
33,6133,968.312973506719,69,36
38,6777,1303.69172977789,71,33
33,6245,985.9961714576,36,3
44,2114,512.771034526922,92,48
96,8872,8016.75026713765,97,1
46,4399,1150.57634981854,63,17
56,9979,3729.53344624572,70,14
15,1910,148.124189105407,88,73
51,4893,1537.07075065542,76,25
96,7222,6525.80820888955,96,0
23,6904,731.998946726413,36,13
27,3534,439.306848274495,63,36
26,6528,779.759180275988,75,49
57,8775,3391.03669891935,76,19
53,9011,3038.23028494178,92,39
12,4413,305.343604164416,89,77
62,2502,1134.13325332722,88,26
43,7265,1696.30977897272,69,26
40,5004,1040.77039967339,64,24
72,8085,4825.51981770188,77,5
72,6493,3875.33706571903,86,14
17,9840,824.301108874515,84,67
87,7576,6017.5799856168,87,0
99,4211,4010.47619047619,99,0
57,9437,3646.86191768683,61,4
55,4874,1760.90437830158,78,23
29,5638,759.052723132506,73,44
4,1431,74.9641078327091,61,57
79,1441,1001.88613636146,90,11
35,5348,914.096490007797,91,56
21,2736,268.036866580179,27,6
88,2443,1967.66408626095,90,2
30,6007,841.627077200988,54,24
64,2736,1316.87988471689,72,8
86,7987,6253.08273274966,88,2
52,1654,538.399028621428,52,0
9,2352,145.662036551715,83,74
6,6666,371.942957535458,81,75
68,3939,2122.15354989166,82,14
94,1525,1330.46677961216,94,0
54,5241,1829.59962201262,74,20
87,6365,5055.68857028128,87,0
55,8956,3235.67082726076,84,29
3,2863,145.732496011332,86,83
32,3351,508.44984627195,69,37
27,6185,768.849138816568,77,50
68,2911,1568.3140349669,83,15
4,1014,53.1192210638484,59,55
13,3935,282.742336141167,90,77
57,9915,3831.58163758238,74,17
81,3950,2850.63808770631,88,7
81,9134,6591.82994762265,87,6
36,3864,687.083553480332,81,45
33,2832,447.132291043703,68,35
39,6170,1234.2755724436,77,38
84,2200,1670.42588508649,94,10
18,8595,748.552914950321,72,54
76,8215,5372.61387941876,78,2
94,5840,5095.03343799017,94,0
75,6408,4100.41937471739,83,8
98,6210,5822.75442696735,98,0
70,3326,1888.55654338523,82,12
78,6033,4112.7879521113,85,7
6,4002,223.299687377273,80,74
14,2299,171.59926010638,71,57
2,6411,317.863102711218,83,81
72,1870,1116.10662450248,88,16
55,3894,1406.84481926679,73,18
84,3728,2830.61259072838,91,7
55,1905,688.248428531906,67,12
55,3702,1337.47804851712,76,21
35,3846,657.370063681748,88,53
22,7387,752.832044156564,49,27
41,1435,310.258615418847,73,32
71,7921,4612.7887709044,75,4
40,4534,943.016185475445,73,33
54,8299,2897.12788839586,87,33
59,1363,562.310001669377,78,19
62,3262,1478.63416161206,79,17
88,5367,4322.73972614103,89,1
70,3275,1859.59791929845,90,20
31,4489,654.524033098652,72,41
86,3375,2642.31303656318,89,3
41,3825,826.995960959645,77,36
70,1660,942.574823216923,77,7
95,7448,6602.31212583874,95,0
98,5141,4820.41554090807,98,0
18,3715,323.545558934315,81,63
30,3097,433.913610469695,77,47
54,3703,1292.69364631038,73,19
41,2565,554.573762055291,85,44
61,5192,2281.9917764531,71,10
69,3174,1756.10348598689,72,3
25,6610,758.718763331427,84,59
83,3244,2423.3800917351,88,5
65,8626,4274.47942809832,77,12
78,4194,2859.11365343192,97,19
48,3103,874.17516406281,70,22
6,6839,381.595842572007,62,56
55,2528,913.32914820402,89,34
35,9515,1626.33285385643,90,55
3,7831,398.613753497989,49,46
64,5715,2750.71949603693,79,15
96,3028,2736.10457719711,97,1
52,6698,2180.28820659391,59,7
10,1761,113.113037119394,61,51
14,7132,532.338374544891,60,46
57,6283,2428.02092071912,87,30
86,1859,1455.42516591732,96,10
75,4094,2619.71237829166,77,2
17,2438,204.232327584966,58,41
81,2020,1457.79466763715,81,0
31,5689,829.491473445808,65,34
30,1303,182.560359845661,74,44
67,6522,3419.31997168403,82,15
67,8610,4514.0056663906,74,7
11,2889,192.553362482457,89,78
19,1871,169.445392373139,53,34
52,9467,3081.63458522313,76,24
60,5606,2387.7981411601,80,20
64,5031,2421.49952485771,71,7
62,4068,1843.98644066152,72,10
45,9760,2458.66325694996,56,11
35,7939,1356.95812157291,80,45
47,4284,1163.07136410491,82,35
28,3729,482.406356885651,70,42
69,1539,851.494412392508,74,5
11,2156,143.69852873388,79,68
99,1127,1073.33333333333,99,0
95,2903,2573.37702756577,98,3
23,9770,1035.8675709034,73,50
50,3002,909.74036030223,87,37
35,9237,1578.81624498916,72,37
80,3849,2727.39982215798,81,1
98,6688,6270.94711876934,98,0
55,4635,1674.55720012881,58,3
64,4632,2229.45454166983,71,7
10,3965,254.680972276206,72,62
91,8582,7190.76618909696,92,1
27,4823,599.540727002798,81,54
5,1641,88.6489708682225,84,79
56,8587,3209.28987903718,73,17
32,2564,389.037721826702,80,48
98,8864,8311.25527224453,99,1
84,6645,5045.44545745441,93,9
51,3347,1051.41545114321,74,23
39,9045,1809.4039793764,73,34
87,1020,810.181043470055,87,0
97,5448,5018.70765214026,97,0
89,5368,4382.17806264927,90,1
33,4177,659.488552150263,70,37
80,9488,6723.19291053128,83,3
87,8963,7119.26734570794,96,9
61,1682,739.273915253104,65,4
8,6092,364.053353160155,82,74
86,9259,7248.94115719658,89,3
29,6503,875.509020668799,68,39
88,1507,1213.7821440832,93,5
35,7599,1298.84428338991,77,42
75,3594,2299.76704630685,75,0
24,5524,609.365724449395,90,66
20,1423,134.027281921648,20,0
24,3762,414.995267085196,77,53
21,4842,474.354717829396,74,53
48,3826,1077.8582590088,58,10
48,6524,1837.93708357904,49,1
50,4786,1450.37220666438,81,31
22,6956,708.907499546915,91,69
29,4993,672.215368322207,46,17
60,6008,2559.02447950229,76,16
79,7120,4950.33260991922,82,3
45,9236,2326.66125422027,55,10
58,1256,501.629484732783,85,27
29,8471,1140.4639265086,61,32
68,5565,2998.16819120261,72,4
82,1095,804.272891512311,87,5
95,4327,3835.6880462546,95,0
99,6526,6215.23809523809,99,0
90,5210,4309.36932421347,96,6
69,4536,2509.66774178844,85,16
53,5576,1880.05460757245,84,31
77,7805,5213.34644229829,86,9
4,5110,267.691538102826,76,72
14,6746,503.527015518765,90,76
63,2381,1112.47076679374,86,23
2,1449,71.8427134344961,67,65
75,8239,5272.05918044578,92,17
62,6237,2827.17390127971,66,4
90,8155,6745.27962360092,97,7
27,8148,1012.86706274493,61,34
74,6231,3898.3950022387,81,7
89,9880,8065.5587293172,96,7
21,4016,393.434231062134,73,52
22,7160,729.697771241505,59,37
44,6736,1633.88159345948,91,47
72,3055,1823.37205232891,73,1
98,3882,3639.92474806558,98,0
44,2190,531.205565569517,81,37
26,9780,1168.20538956789,74,48
73,4260,2604.09624006422,84,11
91,7204,6036.15469893434,96,5
37,9888,1828.91684244685,82,45
29,4260,573.530436421511,55,26
50,2682,812.766038084803,83,33
25,4670,536.038823715244,61,36
78,3766,2567.33953715418,83,5
12,7500,518.938824208729,46,34
78,5412,3689.44279741859,84,6
40,6411,1333.40907919786,81,41
82,6647,4882.1935250067,86,4
66,8614,4391.94572695463,83,17
6,9065,505.800016510491,71,65
35,1592,272.109501139195,69,34
0,4404,284.640090597761,63,63
48,9921,2794.93773853276,57,9
45,3664,923.006370232033,72,27
36,7935,1410.97515446854,76,40
32,6985,1059.83950349435,74,42
40,3796,789.521270415701,73,33
82,3539,2599.38060553614,91,9
10,4150,266.563943239913,65,55
17,3731,312.547503781587,43,26
66,2145,1093.65261020637,74,8
68,2156,1161.55446904453,82,14
25,5686,652.658833328668,86,61
15,7391,573.186325485896,84,69
0,9169,592.612395706373,82,82
26,6934,828.255232235555,87,61
61,5859,2575.15212215692,71,10
73,4945,3022.83002514497,84,11
35,2034,347.657490777087,69,34
13,5138,369.181733950017,74,61
15,1008,78.1723469205497,21,6
8,8128,485.723186882098,23,15
61,1650,725.209250991452,84,23
87,8429,6695.11374059715,95,8
90,7532,6229.97499999536,91,1
21,9114,892.868421787921,82,61
44,8017,1944.6004653748,81,37
57,3280,1267.53280597783,80,23
38,5353,1029.75679939517,74,36
48,7358,2072.8910271267,68,20
92,9377,7959.17755077105,92,0
11,5608,373.776135964563,84,73
17,1175,98.430264525158,37,20
58,2250,898.61969796876,91,33
76,6400,4185.60302231042,83,7
79,7995,5558.69511464946,80,1
61,3169,1392.84128266176,78,17
84,4218,3202.66199240673,87,3
61,2436,1070.67256691829,93,32
68,1984,1068.88871362911,68,0
44,7226,1752.73580676042,58,14
76,3922,2564.9898521096,80,4
16,2607,210.105620101776,64,48
17,8933,748.321321704882,83,66
10,5949,382.117806827528,74,64
43,1847,431.257283105659,81,38
86,8070,6318.06406075995,92,6
33,4480,707.327918035236,73,40
38,2520,484.772489160438,75,37
97,4160,3832.19967564308,99,2
61,3213,1412.18019602154,81,20
76,2437,1593.79915083914,84,8
3,3487,177.495359270526,43,40
81,7833,5652.9235800009,87,6
8,6367,380.487147007667,80,72
5,5375,290.36454504369,78,73
9,6078,376.417456701243,45,36
81,4796,3461.17981484544,87,6
38,3895,749.281287809487,81,43
26,4060,484.960519595667,70,44
65,3466,1717.52210732539,90,25
69,8011,4432.30782175203,84,15
36,1068,189.908187142079,83,47
22,2037,207.596977656277,53,31
69,1203,665.593098185956,90,21
13,4909,352.727351490976,87,74
12,2313,160.040733385972,79,67
61,5611,2466.15097412911,86,25
90,6382,5278.77063860467,99,9
32,7870,1194.12124445247,89,57
33,9513,1501.96662595295,69,36
25,5062,581.033945534597,76,51
90,1748,1445.83062931385,98,8
50,5649,1711.8998318945,75,25
0,8309,537.028726788555,62,62
51,4165,1308.37925127321,74,23
74,3258,2038.35193665442,87,13
35,4430,757.189126913714,87,52
65,4094,2028.71768822566,77,12
76,8552,5593.0120385623,78,2
58,4354,1738.92896220266,80,22
18,8235,717.199913277009,84,66
98,4503,4222.20019076231,98,0
30,5829,816.687902947322,71,41
43,2350,548.703094368327,89,46
44,4185,1015.11200543764,71,27
7,9409,542.998778141476,78,71
43,6852,1599.87812877097,87,44
58,5667,2263.32347928398,70,12
56,7545,2819.85468002044,63,7
55,2102,759.421625603184,85,30
76,3884,2540.13783416464,80,4
75,6236,3990.35818051461,96,21
65,1351,669.466926427177,74,9
52,3665,1193.00631190903,55,3
0,9727,628.677148329795,67,67
13,7772,558.443058828247,88,75
78,6902,4705.19848259112,87,9
89,5744,4689.12645153826,89,0
82,9450,6940.98522811995,82,0
46,2403,628.514427964074,70,24
74,9059,5667.71951938379,82,8
5,3491,188.588395673958,81,76
25,5707,655.069286283276,73,48
34,4359,716.114283758853,73,39
29,1153,155.230186195775,64,35
27,5494,682.951846185647,78,51
7,8692,501.620297545511,79,72
59,6188,2552.87915651512,75,16
38,7260,1396.60645686698,79,41
85,9539,7356.86864129057,86,1
72,2037,1215.78031770671,89,17
80,9827,6963.40817156312,88,8
85,2167,1671.27941562812,91,6
44,4589,1113.10609150617,69,25
60,6337,2699.15747779728,82,22
34,5143,844.912998708828,58,24
3,1533,78.0328034877305,82,79
50,9474,2871.04602714967,73,23
35,2688,459.44116775261,81,46
39,5400,1080.24118171725,56,17
28,8872,1147.73644362818,85,57
85,4865,3752.08784357675,85,0
47,9771,2652.74750202358,76,29
30,5508,771.713324658406,65,35
48,6585,1855.12196434212,81,33
82,9549,7013.70031146216,83,1
48,5022,1414.79460970784,87,39
6,3424,191.049007891001,77,71
66,8886,4530.6280159878,80,14
71,5270,3068.98078811592,85,14
19,6622,599.715333134646,82,63
39,6725,1345.30036056454,82,43
65,9889,4900.3393304503,66,1
76,4012,2623.84989461084,83,7
67,6118,3207.51296945153,79,12
57,3090,1194.10864953399,87,30
12,4984,344.852146647508,86,74
44,5900,1431.10175199094,80,36
32,3473,526.961001522674,89,57
86,2093,1638.62553645236,91,5
91,9096,7621.44130226357,91,0
46,3341,873.852144747386,74,28
69,2271,1256.49370405678,70,1
23,9325,988.686294644236,74,51
83,2977,2223.9218659357,83,0
35,8945,1528.90671337318,88,53
98,6574,6164.05597469941,98,0
54,3238,1130.36511659547,77,23
27,9447,1174.34402819727,59,32
11,5376,358.313214505258,66,55
85,4219,3253.86610730736,90,5
14,7828,584.288389783708,70,56
44,7837,1900.93973395813,86,42
63,8963,4187.76794740542,89,26
33,3618,571.230448091849,72,39
75,3962,2535.24681064767,84,9
22,1314,133.913808856332,70,48
21,7978,781.578260810186,63,42
96,7009,6333.34114318843,97,1
64,1157,556.882319670119,74,10
35,1769,302.362881605047,80,45
92,5258,4462.97915772146,97,5
27,8067,1002.79806028024,78,51
15,7137,553.488134892821,84,69
84,1100,835.212942543244,90,6
66,6354,3239.65906072321,84,18
56,2996,1119.71963172183,91,35
71,6013,3501.66631478956,88,17
67,6474,3394.15478329997,81,14
31,1055,153.825541305208,70,39
59,4824,1990.15660165303,79,20
19,6451,584.228875574087,86,67
96,8150,7364.35016649818,98,2
5,5611,303.11357437026,85,80
14,8852,660.720596112083,85,71
30,8216,1151.1250318434,76,46
70,4993,2835.10607971211,71,1
5,6065,327.639249430694,73,68
59,1333,549.933405887953,74,15
57,4611,1781.88834401335,68,11
40,2364,491.682898646659,55,15
56,6862,2564.59149294901,74,18
94,5750,5016.51408706224,97,3
9,6718,416.053385014635,55,46
96,1338,1209.01846905209,97,1
54,9670,3375.73523084564,72,18
4,2685,140.65592559806,85,81
98,6112,5730.86554873179,99,1
43,7601,1774.76264693347,57,14
49,2382,696.111489422998,66,17
40,1564,325.292746820379,61,21
31,7710,1124.16580423048,47,16
15,1301,100.895062840908,64,49
62,5334,2417.85242735706,90,28
79,2843,1976.6566867978,94,15
3,2264,115.242183363485,74,71
1,3128,151.497733240307,85,84
52,2673,870.097100063529,89,37
59,8782,3623.04213841561,72,13
15,1590,123.307571035391,73,58
37,7559,1398.13737986001,67,30
41,4745,1025.9074077787,89,48
36,7177,1276.19013026096,51,15
70,6336,3597.68318066411,82,12
72,8566,5112.60392806856,73,1
37,3098,573.01621944785,81,44
88,1114,897.248379899592,92,4
46,3083,806.371194928522,65,19
16,1089,87.7656387766914,82,66
64,5998,2886.9318525336,84,20
40,9234,1920.55832745484,77,37
12,1774,122.746329886171,61,49
90,1711,1415.22666290388,99,9
36,5791,1029.73624694736,47,11
30,2557,358.255441385538,67,37
42,8287,1862.15628049922,79,37
15,3528,273.603214221924,62,47
96,9049,8176.68768793154,97,1
84,2347,1782.04070558999,87,3
62,6067,2750.11448758442,82,20
0,5903,381.523718164982,63,63
71,7835,4562.70673147784,93,22
77,6484,4330.98505212839,85,8
46,3743,978.996880511663,75,29
77,1247,832.933121530553,91,14
52,2912,947.89478315937,71,19
99,8893,8469.52380952381,99,0
91,9441,7910.51311946684,95,4
76,9809,6415.09063216295,78,2
31,2624,382.595469559114,85,54
61,8540,3753.50727482848,73,12
5,5554,300.034359660029,90,85
49,8112,2370.63660881585,92,43
23,6562,695.738280477799,69,46
1,3525,170.725546570359,62,61
82,4855,3565.97706693358,83,1
92,6396,5428.91112453147,94,2
27,1567,194.791689656518,72,45
33,3534,557.968049628688,74,41
11,4372,291.396088879648,73,62
77,3628,2423.32106248023,80,3
23,5388,571.264531425538,69,46
46,4485,1173.06999975816,78,32
30,9929,1391.12955710481,76,46
58,5883,2349.59097028898,84,26
82,8620,6331.35372131153,86,4
5,1755,94.807400288684,67,62
97,5293,4875.92136614875,97,0
58,4373,1746.51730631884,71,13
3,9994,508.714832391637,77,74
66,3742,1907.90119691946,81,15
28,3578,462.872068902349,61,33
22,5993,610.765187576863,89,67
30,3770,528.20610638384,77,47
46,3933,1028.69215363408,64,18
76,8841,5782.0181750385,85,9
90,8231,6808.14182487544,97,7
42,2409,541.32188725988,69,27
22,6953,708.601760257289,83,61
41,6515,1408.595734811,81,40
12,5227,361.66576455187,77,65
33,6665,1052.3081637734,78,45
37,3601,666.052745717142,41,4
92,2452,2081.25235730944,93,1
69,1180,652.867710606341,89,20
53,7390,2491.67925931858,59,6
1,3873,187.580153721135,77,76
62,4616,2092.38972716164,82,20
20,1177,110.85742151917,79,59
4,5742,300.799376083449,43,39
85,2165,1669.73693347249,85,0
80,7144,5062.23547142027,87,7
72,7519,4487.70358803964,91,19
98,4588,4301.89972800744,99,1
37,5295,979.380530011738,76,39
47,4001,1086.23915214373,71,24
36,5585,993.106016094113,58,22
1,1096,53.0823259691103,70,69
37,1772,327.754919580888,87,50
26,6707,801.14044456358,75,49
5,1285,69.4173842569567,58,53
90,6327,5233.27825610338,99,9
7,8433,486.673259227024,83,76
2,6473,320.937118054861,64,62
19,4027,364.701547347209,69,50
35,3389,579.258228241665,63,28
64,2271,1093.0680622047,68,4
26,6515,778.206351026051,46,20
16,8966,722.595699974119,87,71
97,6082,5602.74962193779,97,0
34,4231,695.085922134368,75,41
68,6557,3532.61254801716,91,23
61,6865,3017.31000488262,81,20
99,1372,1306.66666666667,99,0
61,5091,2237.60017987726,89,28
92,5924,5028.27853372802,92,0
22,4222,430.277093600787,87,65
89,7285,5947.12503472427,91,2
59,8647,3567.3474573992,91,32
54,2568,896.472396361076,76,22
72,2121,1265.91558853998,92,20
80,9489,6723.90151012135,87,7
4,6871,359.942966400101,80,76
40,6378,1326.54548543502,71,31
54,5689,1985.9935603186,82,28
18,2173,189.250201766963,54,36
69,2444,1352.21074976432,85,16
80,8356,5921.05817457835,84,4
37,2744,507.539220840833,67,30
68,1606,865.239553471948,86,18
52,2348,764.305271585921,52,0
45,7341,1849.28759931041,78,33
42,4255,956.133096841341,79,37
80,6290,4457.09142150525,80,0
22,2608,265.789355781822,90,68
60,9951,4238.49077821693,64,4
0,1638,105.867499636497,81,81
69,9686,5359.04800418053,71,2
4,7286,381.683081529783,50,46
87,2461,1954.76034115667,88,1
25,9891,1135.32334162045,58,33
5,9306,502.722317428201,57,52
15,5419,420.253916629424,91,76
77,3004,2006.52052692685,90,13
99,2310,2200,99,0
19,2993,271.058289349441,69,50
67,6129,3213.27999178955,83,16
14,5796,432.61823035084,89,75
78,7806,5321.46904594411,84,6
49,2339,683.545245071533,87,38
7,9711,560.427371084268,69,62
70,9927,5636.71100606891,78,8
39,6470,1294.28897142789,43,4
94,7075,6172.49342016789,95,1
63,9929,4639.11056005673,69,6
84,2756,2092.58806331744,95,11
78,7378,5029.69492966637,82,4
47,1285,348.86711084846,75,28
67,2586,1355.77452419118,70,3
22,7004,713.799328180936,83,61
53,1294,436.296747166203,82,29
14,9834,734.01788772777,71,57
62,6938,3144.93066010561,88,26
30,2154,301.792030013472,78,48
34,9405,1545.09172717413,63,29
92,7637,6482.26927111427,94,2
58,1206,481.660158111255,59,1
37,6454,1193.7529633042,66,29
31,1867,272.220175940117,77,46
92,1435,1218.02493178591,97,5
83,9875,7376.96621636379,91,8
95,2917,2585.78738870457,96,1
16,9363,754.591070584171,91,75
84,8809,6688.53710078494,96,12
87,6670,5297.94858818163,95,8
16,9847,793.598021151589,65,49
72,6639,3962.47694121494,75,3
13,3956,284.2512533099,80,67
21,9253,906.485791837133,77,56
58,9789,3909.59476596275,75,17
37,2473,457.414173884613,81,44
1,8264,400.248487051758,65,64
28,7881,1019.53459335367,43,15
86,3560,2787.15093634516,91,5
90,1809,1496.28581717892,93,3
89,8872,7242.6758144233,89,0
29,1807,243.279225026683,54,25
57,7748,2994.15981119397,67,10
79,8863,6162.19071934186,80,1
15,8539,662.215942812078,62,47
84,2112,1603.60884968303,90,6
9,8052,498.669523092861,74,65
71,3995,2326.48543615239,91,20
86,9571,7493.20831790998,91,5
59,3194,1317.69489752897,62,3
94,3022,2636.50531671341,96,2
37,6332,1171.18744401026,76,39
12,3221,222.866927036842,81,69
19,2374,214.999124261802,39,20
1,4019,194.651339479794,73,72
96,9817,8870.65344595247,96,0
71,6797,3958.22816258518,84,13
72,8263,4931.75884399143,83,11
26,4992,596.286431975755,70,44
40,2234,464.644498974889,85,45
8,1642,98.1246890822349,71,63
63,8932,4173.28386770336,78,15
38,7871,1514.14454848485,79,41
63,3587,1675.94819004164,67,4
92,6882,5841.42688540113,97,5
94,7295,6364.42961132505,95,1
65,6623,3281.92409602309,67,2
14,7204,537.712514052355,81,67
24,4574,504.568939831921,56,32
19,3629,328.657043785206,54,35
32,9307,1412.15837638109,48,16
92,8326,7067.09099794388,92,0
55,2616,945.122251464286,78,23
65,5232,2592.63579501628,89,24
78,2272,1548.85699108186,79,1
28,1452,187.839643389103,68,40
97,4349,4006.30682436821,97,0
65,5546,2748.23358546641,85,20
27,1690,210.081656362167,81,54
49,9103,2660.244705381,85,36
23,4142,439.156957899885,85,62
75,5759,3685.1303338011,77,2
97,5845,5384.42478464754,97,0
87,6700,5321.77744240134,89,2
76,4745,3103.23224075983,77,1
55,4034,1457.42475627176,92,37
67,8120,4257.11103497,73,6
72,6482,3868.77173263372,85,13
54,9310,3250.06153042119,86,32
5,2715,146.667858566255,85,80
39,4785,957.213713799454,45,6
4,1598,83.7125397041714,49,45
26,2297,274.37298362346,78,52
79,9625,6691.98755203266,82,3
51,8741,2745.86867596139,85,34
81,2061,1487.38356930702,85,4
96,1702,1537.9293231141,96,0
31,3724,542.98228987734,70,39
94,7664,6686.35895012957,96,2
47,9437,2562.06920239449,71,24
15,9323,723.016657083616,54,39
53,6380,2151.1385215768,83,30
32,6670,1012.0443075601,51,19
35,7924,1354.39427577072,66,31
48,6950,1957.94952956382,73,25
15,6740,522.700018099708,74,59
24,3121,344.285015569616,79,55
29,7707,1037.60541631469,59,30
13,9236,663.636141448494,59,46
38,3810,732.929834802091,70,32
48,3139,884.317060906594,83,35
3,3253,165.584285548328,4,1
40,8238,1713.40258843112,78,38
98,3042,2852.30579176082,98,0
99,4118,3921.90476190476,99,0
88,9198,7408.33985486216,93,5
93,7500,6451.15646543041,96,3
38,7988,1536.65184262444,66,28
23,1296,137.408840521065,87,64
50,6605,2001.61061951906,70,20
88,1191,959.266445655668,90,2
86,1092,854.935062496886,87,1
18,2516,219.122645027924,44,26
61,3475,1527.33463466381,74,13
96,6826,6167.98211491001,97,1
50,2796,847.313140374761,61,11
82,3419,2511.24111057588,83,1
30,1746,244.628080038776,84,54
69,4852,2684.50350157794,69,0
4,7797,408.452235340065,82,78
10,2637,169.380510439434,63,53
71,7496,4365.29032024989,80,9
26,8408,1004.32217949763,89,63
31,8041,1172.42765652623,51,20
77,5786,3864.75624793567,78,1
0,3820,246.894901472172,84,84
78,5647,3849.64587528137,82,4
20,9477,892.604744041781,71,51
18,1828,159.203575163372,47,29
42,9519,2138.99669772802,60,18
65,8186,4056.44430772233,76,11
80,4335,3071.77922292929,85,5
64,5698,2742.53712833219,88,24
19,4754,430.541632999412,68,49
38,5044,970.314458462401,67,29
19,2035,184.297901378587,85,66
33,2023,319.402762987786,66,33
32,7517,1140.56027884997,73,41
64,6107,2939.39526899345,79,15
68,2649,1427.16038427596,77,9
80,4540,3217.0421388925,87,7
40,5418,1126.87730324349,90,50
35,1461,249.718581133394,65,30
52,4193,1364.87734402034,80,28
15,4847,375.89421182927,71,56
29,3155,424.762565002316,70,41
5,4772,257.789694688091,82,77
88,4321,3480.26054716888,89,1
19,6388,578.523338578091,70,51
85,6193,4776.29599491692,88,3
93,7046,6060.64646072302,98,5
60,7412,3157.03885520489,77,17
47,5088,1381.35086381087,75,28
91,9059,7590.43939723018,91,0
50,3585,1086.4154535921,79,29
61,1664,731.362541605925,76,15
22,9992,1018.31566064876,86,64
62,7895,3578.72983014323,78,16
88,7258,5845.80676957921,93,5
69,3838,2123.47989263317,91,22
88,8499,6845.34468650505,89,1
70,6691,3799.25791695448,75,5
67,5585,2928.07452343688,93,26
12,7759,536.859511604737,48,36
70,6978,3962.22115446246,91,21
45,2945,741.881484807134,88,43
60,7070,3011.36868676452,87,27
81,4884,3524.68770135636,88,7
86,3927,3074.47801320995,89,3
43,3583,836.597100902857,89,46
96,2494,2253.58151107319,96,0
47,1136,308.414815504942,74,27
35,8627,1474.55318236673,85,50
9,5017,310.708519294198,85,76
43,8860,2068.72741110782,90,47
22,1417,144.410857800169,71,49
56,2255,842.779629350046,86,30
91,5864,4913.38300313034,92,1
45,3800,957.266432009205,70,25
41,2289,494.900328009576,53,12
66,7259,3701.08358857252,80,14
4,3394,177.797471687082,67,63
31,9155,1334.85576364851,68,37
94,9249,8069.17196369368,94,0
17,2368,198.368396932404,71,54
95,8453,7493.19876473078,97,2
4,2993,156.790758031655,59,55
75,4605,2946.69650758014,76,1
68,3312,1784.35454613891,72,4
83,7283,5440.65265354709,86,3
42,4541,1020.39962226945,75,33
6,4741,264.533687620103,86,80
66,5104,2602.33236479875,87,21
35,7834,1339.01120095757,70,35
68,9786,5272.25047962421,79,11
19,3949,357.637549161691,77,58
8,9111,544.466529980659,81,73
95,7653,6784.03527108538,97,2
40,8834,1837.3632515417,66,26
97,8727,8039.3285022445,97,0
33,7237,1142.61878187969,90,57
9,5797,359.014806926145,64,55
82,9770,7176.02388134729,93,11
63,2617,1222.7366638804,81,18
86,7068,5533.59067923808,89,3
12,9212,637.395259814775,74,62
18,4878,424.833172673376,65,47
88,2600,2094.11650604932,96,8
49,5622,1642.96338939383,76,27
97,7760,7148.52631802651,98,1
49,6654,1944.55325382898,79,30
21,7870,770.997858182021,59,38
0,8470,547.434506667356,76,76
44,3672,890.678920900122,79,35
87,7744,6151.02156924716,92,5
21,5661,554.589437759647,76,55
30,5134,719.3130371816,87,57
70,7690,4366.50625936032,82,12
72,8825,5267.18767980447,95,23
14,8783,655.570379084097,68,54
47,1867,506.875405411732,91,44
54,9921,3463.35772753047,85,31
81,7415,5351.261119074,97,16
82,9108,6689.78766748323,87,5
68,7943,4279.32613526008,88,20
1,1801,87.2274352831821,67,66
12,1996,138.10691908275,86,74
13,1679,120.641520300132,90,77
5,9230,498.61669781456,73,68
9,4707,291.509866517399,74,65
31,4883,711.971676012635,69,38
26,1096,130.915450610062,72,46
5,5172,279.398218970412,81,76
83,7254,5418.98865149397,84,1
97,1206,1110.96942519845,97,0
75,9763,6247.25255233549,77,2
94,2589,2258.73999502681,99,5
41,8828,1908.68505708542,74,33
38,1565,301.059105371463,87,49
89,4693,3831.14039642567,90,1
46,7131,1865.14206650512,85,39
25,7691,882.799698756734,64,39
72,6484,3869.96542955832,79,7
3,3676,187.115841892301,82,79
93,4381,3768.33553000675,93,0
91,3659,3065.8370410051,97,6
34,3635,597.172613320356,79,45
42,3830,860.63214122264,73,31
69,2108,1166.30943555777,87,18
23,3184,337.584682267801,84,61
56,7911,2956.64285932959,92,36
17,3854,322.851267642518,53,36
46,4696,1228.25790833096,71,25
39,4289,857.991560812092,80,41
48,6288,1771.45131538091,55,7
62,1684,763.341486252211,71,9
18,8851,770.848382806898,68,50
20,3201,301.490744505407,69,49
28,8543,1105.17498173079,79,51
69,1696,938.359014566402,80,11
76,7921,5180.33774058138,88,12
64,1542,742.188882395267,76,12
92,5554,4714.22332483549,92,0
8,4880,291.625141730394,41,33
39,8255,1651.36869538443,88,49
67,6977,3657.86498657459,89,22
5,6725,363.293314496524,89,84
35,8217,1404.47473044018,69,34
14,4602,343.497083518731,88,74
64,4769,2295.39479905514,91,27
46,2988,781.523558367312,83,37
49,6533,1909.19242670044,83,34
79,4036,2806.11550753286,82,3
6,3962,221.067806443967,70,64
82,5551,4077.18613770305,91,9
99,5351,5096.19047619048,99,0
12,9545,660.436143609643,80,68
60,3579,1524.42553464359,75,15
86,7746,6064.40200924989,86,0
93,5870,5049.10512694353,96,3
10,9761,626.971240955371,71,61
38,1858,357.423525738133,72,34
96,4746,4288.49152026998,99,3
71,6989,4070.03922735145,81,10
19,8021,726.414480077469,50,31
21,3810,373.25309271582,88,67
56,6590,2462.93470395424,81,25
84,9960,7562.47355248246,84,0
37,7482,1383.89520784661,82,45
24,1540,169.881103485168,86,62
39,4328,865.79330268005,73,34
10,4795,307.993760924188,61,51
52,4369,1422.16768805745,78,26
44,1114,270.211415545407,71,27
17,5480,459.061999657758,76,59
87,6730,5345.60629662105,89,2
41,2021,436.956558718808,84,43
35,4225,722.149900950438,86,51
64,5887,2833.50580457908,85,21
86,4568,3576.32176326536,86,0
62,6261,2838.05287733081,75,13
13,7391,531.066990195519,76,63
66,9624,4906.9056972616,71,5
45,6641,1672.94904604556,60,15
95,3754,3327.74969393107,97,2
57,6763,2613.51352647197,91,34
64,6308,3036.13973420839,78,14
9,6582,407.630750248039,65,56
27,3980,494.748516166522,44,17
70,8921,5065.48795055311,74,4
60,4835,2059.4013579217,80,20
45,6838,1722.57575317867,75,30
47,2781,755.019015773983,77,30
60,7202,3067.59226054852,72,12
85,3250,2506.53350290328,88,3
83,7467,5578.10701140136,90,7
47,7986,2168.13443364654,85,38
49,4648,1358.32334292111,75,26
97,3192,2940.47628957998,98,1
87,2406,1911.07410842054,87,0
79,4080,2836.70745062787,90,11
83,3162,2362.12325834353,83,0
26,3721,444.467510693467,83,57
26,1969,235.193907163514,76,50
84,9362,7108.42142553623,85,1
20,8219,774.118222146185,57,37
34,2997,492.35937334831,68,34
79,6768,4705.59706515917,86,7
47,5784,1570.30923669066,91,44
8,1880,112.347390666627,61,53
60,6714,2859.73541201371,72,12
92,3991,3387.55226673,95,3
49,8985,2625.76059297466,82,33
82,9107,6689.05317169189,87,5
58,9162,3659.17941012879,64,6
55,1650,596.120686129997,86,31
64,3293,1584.97275598418,70,6
38,9478,1823.28319534231,60,22
93,9859,8480.26021235712,95,2
13,7195,516.983763287344,20,7
9,6694,414.567037702883,46,37
37,8423,1557.94564764662,69,32
58,4588,1832.38541079141,69,11
3,5623,286.22208350392,88,85
75,9218,5898.51214047205,86,11
90,1668,1379.65989113015,95,5
82,1670,1226.60797153019,90,8
83,7758,5795.49406648611,89,6
23,8416,892.309260667656,83,60
8,9470,565.920100857956,79,71
85,2509,1935.04386424133,92,7
14,2015,150.401265382495,68,54
85,5202,4011.99608680088,90,5
8,1509,90.1767087850746,85,77
51,3088,970.054052324535,83,32
24,1995,220.073247696695,77,53
74,2289,1432.10177501595,94,20
61,1980,870.251101189742,90,29
87,6244,4959.57885826179,88,1
56,5940,2220.00487731232,72,16
63,3533,1650.71785765741,73,10
81,4307,3108.27803639268,88,7
24,1974,217.756687194624,78,54
25,7896,906.33031093267,84,59
5,4921,265.838869983256,76,71
58,9100,3634.41744511809,72,14
64,5311,2556.26793411236,66,2
51,1818,571.100475105571,84,33
33,7163,1130.93524037643,92,59
1,7022,340.094975323989,82,81
43,1435,335.059123582361,49,6
67,5809,3045.51206922915,76,9
66,6468,3297.78325539152,91,25
70,7810,4434.64419838805,79,9
20,7084,667.216630451828,63,43
49,6355,1857.17401985019,79,30
65,1732,858.265519298202,90,25
84,1133,860.269330819541,87,3
95,7514,6660.81811406449,98,3
95,2360,2092.03230625395,95,0
17,9614,805.368989910527,54,37
47,4637,1258.90801012009,48,1
47,2563,695.833778291521,58,11
23,3844,407.561406607232,85,62
27,7317,909.566555977499,42,15
19,4472,405.002562636384,57,38
77,9344,6241.32084008139,78,1
28,2382,308.15015878295,87,59
96,4783,4321.92476642464,98,2
3,4206,214.093914852834,84,81
1,2285,110.668900400928,67,66
97,9748,8979.87558609825,99,2
33,7354,1161.09140831052,61,28
43,5744,1341.17045704326,80,37
23,2443,259.019905395804,77,54
82,7195,5284.69721865852,83,1
74,1838,1149.93580711198,85,11
34,5668,931.162138184258,84,50
13,8464,608.165472197926,54,41
43,5896,1376.66104016836,67,24
55,7869,2842.9537449436,87,32
86,7089,5550.03173813226,93,7
23,2954,313.198854088909,73,50
18,3733,325.113209017981,81,63
30,3780,529.607183589102,83,53
92,3212,2726.33873233194,95,3
55,1846,666.932597936954,79,24
28,4377,566.23561922459,84,56
25,2298,263.772423318551,72,47
35,3789,647.627449633422,62,27
15,7822,606.611207948949,82,67
23,8841,937.370030128653,75,52
20,3045,286.797662298958,31,11
69,6154,3404.87109412832,80,11
44,4879,1183.44838101081,85,41
3,7107,361.760687793412,65,62
78,2909,1983.10958937374,82,4
37,4783,884.679334286335,43,6
56,9344,3492.20969252631,76,20
37,5000,924.81636450589,89,52
41,2636,569.924536755457,59,18
99,3348,3188.57142857143,99,0
92,1931,1639.02867127428,94,2
32,4844,734.983901922209,85,53
14,9803,731.704022106501,73,59
39,2589,517.915633234438,79,40
54,5203,1816.33406474559,78,24
47,1135,308.143323589885,60,13
56,1194,446.243404631466,87,31
9,2587,160.215853979289,66,57
74,3462,2165.98354963094,78,4
82,8695,6386.44090566169,88,6
30,3860,540.815801231199,81,51
8,4132,246.925222465161,78,70
94,6022,5253.8170143111,94,0
44,1153,279.671240685686,85,41
40,4823,1003.12462782269,82,42
31,9583,1397.26081737233,81,50
59,9835,4057.4606503436,85,26
49,8276,2418.56368029586,71,22
14,5143,383.877770651202,70,56
89,2305,1881.69158614131,95,6
28,3981,515.006625573016,86,58
55,3476,1255.82757878053,72,17
94,1614,1408.11369330756,97,3
54,1761,614.753851242934,75,21
48,3702,1042.9250587691,79,31
48,6736,1897.66158721466,87,39
47,2352,638.548984214458,85,38
47,9289,2521.88839896603,73,26
87,1285,1020.66925574414,94,7
38,1098,211.222298848477,81,43
71,2157,1256.12743073359,83,12
62,1952,884.823385489499,89,27
28,5334,690.039020549226,64,36
94,3565,3110.23873397859,95,1
6,4697,262.078618593467,62,56
21,7182,703.59677477297,69,48
82,2733,2007.37699771977,86,4
40,3745,778.913898236776,67,27
27,4731,588.104329141663,66,39
70,9852,5594.12479417658,95,25
43,4409,1029.46040130636,89,46
37,2777,513.643008846572,84,47
79,3783,2630.21183473657,89,10
99,2819,2684.7619047619,99,0
69,1674,926.18690470764,87,18
26,6226,743.685762315916,62,36
20,1752,165.014615549351,85,65
42,5860,1316.78964688373,67,25
3,6531,332.441121708003,26,23
73,3489,2132.79149802443,75,2
75,5718,3658.89481657834,92,17
85,9631,7427.82282044968,85,0
25,8540,980.250868207321,71,46
33,3708,585.44016073095,86,53
76,3800,2485.20179449681,87,11
12,3571,247.084072166583,86,74
4,5088,266.539050071855,85,81
90,6584,5445.85175251851,98,8
13,7425,533.509998944897,23,10
80,7763,5500.85861767015,93,13
13,8478,609.171416977082,89,76
95,5673,5028.85562431299,97,2
43,2727,636.729080145714,54,11
2,6340,314.34285933382,58,56
33,3898,615.438442969051,79,46
74,3531,2209.15306578476,80,6
22,1780,181.405311844955,69,47
19,9801,887.618541234169,89,70
86,8027,6284.39903540522,87,1
60,3620,1541.88891740984,67,7
68,3614,1947.05837250786,92,24
71,6489,3778.86457952261,85,14
7,4512,260.390103834025,54,47
76,2930,1916.22138365149,87,11
34,4731,777.227959730015,58,24
25,5970,685.257339952893,49,24
21,7257,710.944276598085,75,54
80,6657,4717.14747105889,87,7
23,2218,235.164203916452,60,37
90,9173,7587.30226698851,98,8
19,5113,463.054137468657,82,63
63,6456,3016.42640504847,86,23
84,6081,4617.2090032777,91,7
10,2850,183.061985116567,72,62
51,2899,910.682220754153,82,31
73,3375,2063.10441554384,90,17
92,4901,4159.95832103326,97,5
82,9403,6906.46392592718,82,0
42,8120,1824.63002264434,58,16
51,5057,1588.58916535142,85,34
89,1986,1621.27526684453,93,4
45,8914,2245.54551971844,75,30
96,2950,2665.62367989811,96,0
33,6010,948.893032899948,44,11
72,7039,4201.21632613526,77,5
40,7332,1524.96574148786,75,35
12,6500,449.746980980899,55,43
34,9075,1490.877982361,83,49
17,2518,210.933962616466,88,71
20,6158,580.000001457137,70,50
87,9876,7844.45880912771,92,5
51,3932,1235.18540600391,56,5
45,7087,1785.30189569717,67,22
50,5707,1729.47642779641,91,41
63,4215,1969.36761110274,75,12
54,7627,2662.53698093689,87,33
47,4290,1164.70031559525,62,15
13,3597,258.455955044416,58,45
18,1642,143.004524298828,88,70
45,6989,1760.61449824009,89,44
44,9770,2369.8074774494,88,44
40,1698,353.163097251281,76,36
3,9311,473.948749689667,80,77
2,3687,182.804751161482,89,87
15,4792,371.628855598486,79,64
36,2324,413.245905354113,78,42
32,1996,302.854638364313,86,54
81,3245,2341.85331509038,90,9
49,4745,1386.67045227209,71,22
61,3657,1607.32741265196,92,31
37,6025,1114.4037192296,69,32
81,2891,2086.37840798961,93,12
29,5156,694.160312251011,84,55
29,3194,430.013195758288,78,49
1,3035,146.9934847776,23,22
94,6172,5384.68259919098,94,0
7,6814,393.239842093317,69,62
89,2729,2227.82487573954,90,1
39,1775,355.079277323727,68,29
87,2807,2229.58645982397,89,2
61,3153,1385.80895053094,92,31
94,3839,3349.28653569251,94,0
67,3737,1959.2147706506,86,19
59,1161,478.97425674112,83,24
27,4945,614.706385036044,90,63
70,1035,587.689724114166,74,4
56,6752,2523.4802915173,83,27
9,2882,178.485539686243,83,74
32,5265,798.862560615283,86,54
59,3721,1535.11043008933,89,30
76,6257,4092.08095478067,79,3
73,1610,984.17721748906,88,15
84,1682,1277.11651759794,85,1
45,1889,475.862181596155,61,16
19,2332,211.195432931138,82,63
64,6246,3006.29815787343,79,15
55,6227,2249.72334092818,79,24
97,2163,1992.55959096538,97,0
85,1761,1358.15553803467,85,0
27,6862,853.006110033838,90,63
74,8185,5120.90564810204,80,6
21,2290,224.343722393498,60,39
63,4097,1914.23466255941,91,28
19,3265,295.691718919453,77,58
53,5345,1802.16855765329,78,25
4,8355,437.683522671059,69,65
87,4859,3859.48008845196,91,4
71,3485,2029.48729536698,72,1
49,8991,2627.51402241905,80,31
52,7503,2442.32642789998,82,30
66,2442,1245.08143315802,78,12
23,5306,562.570453553063,86,63
87,9002,7150.24485619356,91,4
99,3987,3797.14285714286,99,0
91,3800,3183.97943586209,93,2
6,1742,97.1984146454798,83,77
99,5125,4880.95238095238,99,0
64,4242,2041.74140020799,73,9
43,3423,799.23859235012,78,35
46,2921,763.999435739933,83,37
70,7667,4353.44648771334,82,12
66,9558,4873.25484771679,81,15
17,9179,768.928849426745,86,69
97,4110,3786.13958338775,99,2
55,5698,2058.60343610226,76,21
69,2012,1113.1947743559,81,12
45,1208,304.309960491347,65,20
43,8360,1951.98207188052,93,50
56,4688,1752.08465738049,71,15
81,5475,3951.20089371951,86,5
47,8991,2440.98380827899,78,31
43,8050,1879.59996155959,70,27
4,5205,272.668190963837,21,17
81,3852,2779.91339591005,87,6
81,1494,1078.19070962867,97,16
16,5597,451.07831059058,73,57
88,1126,906.913533004435,90,2
18,3881,338.002776372565,78,60
23,1236,131.047320126571,86,63
49,6642,1941.0463949402,70,21
50,5710,1730.3855620672,77,27
87,5522,4386.09776670749,93,6
48,4216,1187.72880814979,90,42
67,5650,2962.15238270696,84,17
69,1496,827.703470395836,78,9
39,1264,252.856454387149,85,46
80,9157,6488.64644621996,83,3
42,2621,588.960011003797,55,13
14,6030,450.084183750097,71,57
83,3640,2719.20577494321,91,8
8,2048,122.386944726198,73,65
56,5092,1903.07488809332,86,30
25,4357,500.11159634418,80,55
78,7580,5167.40140510586,82,4
19,6496,588.304259142655,87,68
43,7734,1805.81690716793,91,48
24,5090,561.490140739938,81,57
75,8968,5738.53947447964,90,15
43,1871,436.86105938857,78,35
70,5969,3389.29465047097,71,1
26,6309,753.599979834744,85,59
70,4130,2345.08073487102,79,9
80,5230,3705.97585603695,85,5
55,5646,2039.81660235755,77,22
89,2797,2283.33681841095,94,5
90,9383,7761.00045472072,93,3
11,4123,274.800108520309,63,52
26,9585,1144.91295081883,71,45
90,1573,1301.082139537,92,2
53,6384,2152.48719776588,62,9
50,7135,2162.22434069167,80,30
80,5006,3547.24954786252,82,2
41,5927,1281.4653753223,58,17
45,8646,2178.03304503989,76,31
98,2932,2749.16521414948,98,0
53,6785,2287.69198572078,88,35
53,2467,831.796039612847,67,14
86,1235,966.890844490526,88,2
89,2123,1733.11550428547,96,7
15,5899,457.478843734447,32,17
7,8774,506.352564503487,60,53
80,8388,5943.73336146041,93,13
29,7128,959.65374432219,81,52
56,2991,1117.85094074767,84,28
74,5415,3387.86855033262,82,8
11,1825,121.637205444958,42,31
66,4349,2217.38704046038,67,1
46,2745,717.965919584429,86,40
99,3987,3797.14285714286,99,0
70,8848,5024.03737097791,93,23
73,1913,1169.39814724011,81,8
79,2100,1460.07001135258,96,17
59,5523,2278.53128336021,69,10
22,6659,678.639309873908,86,64
10,4104,263.609258567856,85,75
4,3471,181.831179795481,72,68
24,9175,1012.11631459508,76,52
72,9944,5935.06110911905,77,5
64,4587,2207.79533303962,87,23
0,3459,223.56268696132,75,75
55,8720,3150.40750488095,85,30
81,7722,5572.81704133371,88,7
91,4190,3510.75627270057,92,1
59,1769,729.806597911319,68,9
65,3876,1920.69119676665,89,24
26,1288,153.849544147591,74,48
71,2676,1558.36671517992,76,5
11,3922,261.40335329048,63,52
25,8204,941.68362093359,83,58
15,1622,125.789232842393,16,1
75,9223,5901.71159379189,84,9
24,2485,274.126326078339,55,31
44,8896,2157.81037045955,91,47
23,8706,923.056609241042,80,57
79,7384,5133.88426848926,90,11
87,1731,1374.92488847712,88,1
96,4131,3732.77675310478,97,1
78,1694,1154.82559106192,93,15
45,2859,720.217033977452,69,24
16,2843,229.125538147047,48,32
79,2932,2038.53584442179,81,2
68,7146,3849.9388848758,74,6
89,9240,7543.09338652743,94,5
83,2493,1862.35714201468,83,0
38,3146,605.196131309023,82,44
0,7077,457.401889455121,1,1
25,8332,956.375905609297,69,44
93,8368,7197.77030702956,94,1
91,9969,8352.91868318663,92,1
43,9379,2189.90907322576,86,43
67,7702,4037.96418612548,82,15
30,4128,578.364670332226,84,54
47,1229,333.663563605259,67,20
71,2746,1599.13116587596,84,13
62,5929,2687.56037529059,79,17
85,8254,6365.82385629651,89,4
40,4781,994.38914485181,73,33
70,5168,2934.47390746088,82,12
82,9153,6722.83997809332,83,1
38,9075,1745.75807108372,68,30
74,5930,3710.07580858217,88,14
8,6717,401.402884631773,74,66
7,6156,355.266285284188,70,63
52,3575,1163.71011325369,64,12
15,7601,589.472231094344,45,30
20,6279,591.396558809575,77,57
79,4936,3431.85979811254,87,8
39,7317,1463.72680122688,73,34
77,3637,2429.3326086661,77,0
93,7378,6346.21765359274,94,1
27,8172,1015.85047088262,75,48
40,9547,1985.65847435688,45,5
67,3584,1879.00073267641,78,11
36,9724,1729.08914959698,88,52
13,7779,558.946031217825,88,75
19,6183,559.95770232128,85,66
71,8006,4662.2884610353,75,4
32,7359,1116.58681549247,82,50
75,1964,1256.74526403635,85,10
64,8802,4236.54120806948,76,12
95,4607,4083.89526903049,96,1
47,5960,1618.09181374072,80,33
66,5252,2677.79184559621,90,24
22,4979,507.425307683164,70,48
70,5181,2941.85551752222,95,25
56,6470,2418.08612057419,81,25
29,5152,693.62178601963,86,57
52,5736,1867.14439430019,68,16
93,6450,5547.99456027015,93,0
69,9682,5356.83489329711,81,12
96,3679,3324.34898926955,97,1
1,9221,446.598656716392,75,74
29,2124,285.957428863683,70,41
65,8052,3990.04270288055,84,19
49,2061,602.30301414811,80,31
22,2028,206.679759787398,50,28
31,7318,1067.00977371707,66,35
9,2088,129.312216122441,44,35
96,5962,5387.27063713646,98,2
21,4448,435.755841574794,71,50
42,6324,1421.05421960626,87,45
23,2928,310.442195251295,55,32
77,7835,5233.38492958451,78,1
84,2647,2009.82605355633,87,3
71,1627,947.482304035027,71,0
3,3341,170.063663700266,47,44
30,2509,351.53027080028,51,21
63,5654,2641.70924630484,84,21
15,2012,156.034486115224,81,66
34,4068,668.307617878187,86,52
95,8108,7187.3720080962,95,0
79,2805,1950.23637230666,86,7
93,6011,5170.38686849363,95,2
39,3199,639.942877835832,72,33
39,6192,1238.67655503578,39,0
88,1878,1512.59646090793,98,10
22,1072,109.250839493142,85,63
49,7789,2276.2436570595,91,42
31,1077,157.033277711572,84,53
0,4676,302.22004169735,72,72
74,6590,4123.00161527091,91,17
50,4251,1288.24326170712,91,41
80,6459,4576.84475222613,92,12
29,7648,1029.66215440181,76,47
31,8741,1274.49199672874,80,49
9,5663,350.716034435528,65,56
88,5843,4706.12413263314,94,6
59,4250,1753.35106903511,67,8
8,6816,407.319050416878,86,78
98,3925,3680.24333749546,99,1
98,6022,5646.47780341342,99,1
49,2118,618.960593869819,71,22
19,8879,804.11846011817,80,61
45,4271,1075.91708713456,62,17
10,9717,624.145020834273,67,57
66,6543,3336.02285714699,66,0
43,5998,1400.47708937073,63,20
29,2730,367.54415291801,72,43
95,1859,1647.91866835851,95,0
32,5998,910.081222900374,81,49
93,3398,2922.80395593767,97,4
37,7889,1459.17525991739,75,38
28,3465,448.253694451269,87,59
89,5864,4787.08870331134,91,2
88,1328,1069.61027693596,93,5
8,1635,97.7063743297528,84,76
20,8157,768.278663833366,75,55
84,1470,1116.14820503506,96,12
98,5016,4703.21033907701,98,0
17,6480,542.83243755151,26,9
90,6287,5200.19288701153,97,7
89,4168,3402.55554491843,90,1
46,2311,604.45145361006,73,27
6,1212,67.6259922791742,39,33
67,7676,4024.33304241745,80,13
24,2953,325.752531553053,76,52
91,8522,7140.49282958335,94,3
14,8646,645.344585854617,76,62
61,3768,1656.11421680957,84,23
75,2047,1309.85618914583,89,14
11,1038,69.1832434256804,25,14
25,5079,582.985264593089,77,52
20,7358,693.023710737514,86,66
52,3920,1276.01220809915,80,28
8,9013,538.610123445909,63,55
10,7981,512.637790601866,60,50
84,1581,1200.42878378261,91,7
25,9084,1042.69307807908,57,32
25,7748,889.342356776384,72,47
37,1653,305.744290105647,86,49
83,1531,1143.70990149397,92,9
80,5791,4103.5002260631,80,0
69,1179,652.314432885488,71,2
54,1150,401.45765413366,89,35
67,2575,1350.00750185317,70,3
2,3394,168.277549618136,59,57
8,5531,330.528413711231,79,71
42,2784,625.587436335204,87,45
6,8292,462.668917474351,85,79
6,5006,279.319898803256,8,2
99,2087,1987.61904761905,99,0
58,5402,2157.48604818988,94,36
85,2233,1722.18132676401,91,6
77,9239,6171.18613457962,86,9
51,1759,552.566411282013,78,27
81,3593,2592.99813901994,92,11
0,9513,614.845863273501,26,26
26,5496,656.488427511769,80,54
37,3321,614.263029304812,77,40
93,5631,4843.52827424515,94,1
69,3246,1795.93948188829,88,19
83,9407,7027.35404529967,88,5
11,5856,390.305465800371,62,51
86,5659,4430.47391819586,88,2
90,3790,3134.83872145279,95,5
1,7359,356.416821903907,75,74
16,6776,546.097307943858,80,64
4,2557,133.950540690592,76,72
38,9968,1917.54451267907,92,54
70,4522,2567.66466902827,88,18
26,6412,765.903165430398,89,63
11,2217,147.7642106693,85,74
6,9932,554.1760357399,80,74
42,3440,772.995970184304,91,49
78,3607,2458.94681638745,85,7
19,3148,285.095721641176,80,61
66,8046,4102.34447632656,84,18
24,1549,170.873915128912,81,57
14,1465,109.348810811591,67,53
12,1457,100.812515582949,62,50
45,6956,1752.30139501474,84,39
86,5491,4298.94544704249,86,0
7,8328,480.613649097908,54,47
49,3707,1083.32715839255,75,26
32,6977,1058.6256572484,89,57
91,5957,4991.30671037644,91,0
61,4991,2193.6481040596,87,26
88,6041,4865.59915886305,97,9
32,8373,1270.44182716653,69,37
28,3500,452.781509546736,89,61
87,1874,1488.50909359106,94,7
90,6835,5653.46244356987,94,4
18,8472,737.840639378606,84,66
73,9916,6061.55359541709,95,22
68,3756,2023.56149616478,92,24
8,1171,69.9780821652235,54,46
95,5499,4874.61256444512,98,3
30,6913,968.564671997741,82,52
31,6898,1005.77116959557,76,45
37,2543,470.361602987696,68,31
72,5712,3409.19841666211,92,20
18,9886,860.988262617669,54,36
94,4524,3946.90603997732,94,0
13,7931,569.867717391512,47,34
80,3246,2300.11426934913,87,7
71,6115,3561.06594294665,94,23
61,4243,1864.88657694347,75,14
46,4230,1106.3737121465,89,43
29,2381,320.557739229957,63,34
71,4122,2400.44379670091,94,23
16,8093,652.238121781234,79,63
45,8246,2077.26815745997,82,37
11,4390,292.595798303215,83,72
89,4549,3713.58569429797,91,2
98,4191,3929.65600699197,99,1
11,7339,489.148192197561,76,65
27,1404,174.529376054723,69,42
27,9047,1124.62055923581,83,56
32,4928,747.729287504675,86,54
61,4298,1889.06021864319,83,22
75,6728,4305.18438718767,78,3
55,9626,3477.73195435597,83,28
6,1367,76.2745308957353,56,50
53,1877,632.866301724083,89,36
65,5172,2562.90373314682,92,27
36,6288,1118.11112429719,70,34
48,2395,674.717859468395,64,16
62,7094,3215.64400443776,70,8
57,9597,3708.69278627111,92,35
63,3560,1663.33302384953,75,12
25,9881,1134.17550688016,68,43
10,2267,145.61456851202,85,75
67,7411,3885.40023154713,73,6
49,3954,1155.51000385329,75,26
75,8056,5154.95918893934,80,5
98,5063,4747.27949496549,98,0
65,6985,3461.30753596879,86,21
10,3653,234.640502326603,72,62
81,4482,3234.572128886,91,10
30,8996,1260.40905385385,79,49
98,4128,3870.58458526912,98,0
83,6635,4956.57426284291,87,4
73,3906,2387.69951025607,80,7
22,8354,851.382008512784,64,42
55,3659,1321.94278215131,60,5
41,9665,2089.65123207189,70,29
20,9602,904.37804709182,63,43
48,1658,467.090693527599,49,1
30,5913,828.456951471524,85,55
90,1329,1099.26138807672,92,2
65,5516,2733.36755453169,71,6
15,2559,198.455392628658,69,54
36,3521,626.092440943128,60,24
44,4235,1027.23998638671,76,32
66,3693,1882.91799043922,77,11
36,1326,235.784884035952,77,41
6,2357,131.513583995061,68,62
47,6933,1882.25344709134,71,24
84,1993,1513.25399498971,96,12
36,6263,1113.6657079315,78,42
96,1160,1048.17744701078,98,2
30,2390,334.85745205766,72,42
41,4235,915.641279650744,81,40
9,2314,143.308653308107,70,61
1,4498,217.850640701695,49,48
86,3535,2767.57824718543,95,9
77,7132,4763.81637751075,82,5
4,6669,349.361030843003,77,73
2,5406,268.034305608617,67,65
87,4735,3760.9874910105,90,3
62,4733,2145.42473541076,70,8
59,2386,984.351917815946,75,16
77,2661,1777.41382228773,84,7
3,7393,376.318666787209,60,57
6,6449,359.835003472273,59,53
42,1564,351.443516676817,62,20
8,6303,376.662554984973,74,66
43,7630,1781.53387660865,91,48
49,7437,2173.37579632193,62,13
60,8241,3510.13993601505,72,12
6,6680,372.724115862115,66,60
55,8420,3042.02192558459,82,27
7,1055,60.884654154454,77,70
84,5439,4129.74835862973,85,1
85,1091,841.424015897685,86,1
18,1273,110.867697583683,68,50
38,2011,386.856141151445,85,47
28,3731,482.665089176821,86,58
81,8293,5984.89662312619,87,6
54,5816,2030.32844907945,63,9
24,9710,1071.13345119544,83,59
69,9643,5335.25706218385,75,6
24,4668,514.938305888808,76,52
13,2131,153.119166027148,38,25
56,6444,2408.36892750851,83,27
47,9251,2511.57170619386,87,40
27,3660,454.969740997355,86,59
89,4517,3687.46242715848,94,5
57,2759,1066.19604015026,69,12
84,7102,5392.43847085647,93,9
85,6697,5165.00149813638,93,8
16,3393,273.451618337295,67,51
91,8904,7460.56655182002,93,2
48,3029,853.327931661699,63,15
74,8956,5603.27806773388,75,1
83,2490,1860.11603835401,83,0
90,1677,1387.10409917581,92,2
15,1727,133.932185646616,87,72
93,8264,7108.31427070892,93,0
21,9112,892.672488405918,70,49
24,2077,229.118864895256,72,48
75,3877,2480.85610421025,77,2
29,6432,865.950180061774,65,36
2,9423,467.200751341102,52,50
23,5025,532.777333038851,89,66
6,2093,116.783169835241,54,48
81,1237,892.718813795623,86,5
53,1148,387.070066264916,90,37
26,1981,236.62728800961,75,49
9,5325,329.783309795018,84,75
2,7846,389.011683648762,70,68
42,4394,987.367527031928,87,45
63,2531,1182.55502341662,78,15
74,9500,5943.62903567127,85,11
10,8053,517.26251443639,79,69
80,6686,4737.69685917076,83,3
9,3021,187.093967866807,72,63
32,3563,540.616771789602,90,58
6,2953,164.768609901321,87,81
90,7755,6414.42593268242,98,8
19,4298,389.244412837921,85,66
66,8315,4239.4971812895,86,20
35,9501,1623.93993110772,75,40
3,4592,233.742096292015,77,74
21,3879,380.012794394925,73,52
79,5294,3680.76697147645,89,10
73,6242,3815.673410911,92,19
40,1278,265.808267542483,80,40
10,1901,122.105555686524,84,74
91,6527,5468.90362575576,93,2
24,7469,823.923351903064,47,23
22,5480,558.483769050761,77,55
90,2112,1746.90748804968,97,7
80,8044,5699.97510247825,86,6
12,2495,172.633648853437,31,19
80,8236,5836.02622377062,84,4
24,1435,158.298300974816,85,61
66,1506,767.851203249789,69,3
72,8450,5043.36950644167,82,10
78,4384,2988.63954617204,83,5
35,1236,211.260894100531,71,36
55,8323,3006.97725494543,79,24
57,2430,939.05631662382,78,21
30,1916,268.446392528233,84,54
13,7564,543.497593537939,69,56
12,5697,394.185930868951,26,14
12,1942,134.370559548447,80,68
85,7830,6038.81763930236,86,1
77,9159,6117.75016848303,87,10
36,1246,221.559551665759,51,15
72,2921,1743.39435838061,75,3
22,5420,552.368983258234,84,62
82,4996,3669.54097351188,89,7
94,7623,6650.58902359573,95,1
33,6862,1083.41164588344,81,48
35,3703,632.928067034195,86,51
7,3805,219.588728964642,80,73
54,4474,1561.84482138608,81,27
62,2588,1173.11625084366,63,1
29,1899,255.665328348462,65,36
5,6552,353.94762774442,57,52
71,5771,3360.73778524041,94,23
8,2716,162.306123963063,83,75
74,3685,2305.5024206788,77,3
50,4162,1261.2722783404,65,15
28,3726,482.018258448897,85,57
44,9453,2292.91607823226,62,18
40,9778,2033.70363069671,52,12
7,8237,475.361986986007,64,57
95,2265,2007.81914138356,97,2
98,1089,1021.09171835224,99,1
7,1907,110.054062059283,65,58
33,4148,654.909866966553,87,54
34,3624,595.365488493252,71,37
38,4242,816.033690086738,67,29
42,1888,424.248951077897,73,31
71,8797,5122.92675390051,92,21
85,8933,6889.49654813384,93,8
48,1599,450.469251478064,80,32
38,5749,1105.93533340609,55,17
64,3610,1737.54984789035,78,14
55,3747,1353.73588541158,68,13
67,1947,1020.7629538284,69,2
88,6181,4978.35927841955,90,2
51,6453,2027.1239636173,80,29
84,4880,3705.30832691912,84,0
77,6047,4039.09108732579,78,1
21,5210,510.406460117958,50,29
98,9041,8477.21783803732,98,0
10,1840,118.187386882275,72,62
41,7848,1696.80112460426,74,33
43,9990,2332.57187776153,76,33
60,2883,1227.97396378248,77,17
31,9810,1430.358824838,69,38
37,1260,233.053723855484,67,30
65,9381,4648.60787328893,86,21
13,9054,650.558859319474,51,38
31,5067,738.800016865866,35,4
19,6960,630.325991938559,66,47
70,1991,1130.52197170174,70,0
80,4209,2982.49567458117,86,6
35,7314,1250.13121314829,89,54
23,1267,134.334105663726,67,44
47,5288,1435.6492468223,92,45
19,6352,575.263031723237,84,65
13,6108,438.879336505782,69,56
14,8552,638.328348164317,78,64
71,8134,4736.82917087948,87,16
81,7575,5466.73000363932,93,12
9,1499,92.8347758465225,62,53
24,3743,412.899331392846,68,44
67,3267,1712.80563439002,69,2
41,5336,1153.6863915505,68,27
16,1196,96.3890761955215,29,13
5,8490,458.640927892266,88,83
29,4255,572.857278632284,83,54
9,6390,395.739971754022,88,79
35,4301,735.140053014872,59,24
29,6189,833.234711505335,85,56
24,4005,441.801181466297,68,44
46,2207,577.249830427262,49,3
43,4645,1084.56420142165,64,21
15,5944,460.968680650543,79,64
8,7739,462.476838494163,81,73
10,6331,406.654536060696,88,78
59,6353,2620.95043331295,79,20
99,7287,6940,99,0
54,8430,2942.85915160587,75,21
0,5544,358.320768000451,84,84
16,4594,370.243658898182,59,43
21,9874,967.323106949082,60,39
46,3660,957.287892779238,73,27
96,4737,4280.35910904317,96,0
64,7338,3531.89495396658,79,15
7,4301,248.213173003134,49,42
67,7514,3939.40053162125,86,19
98,2427,2275.65619875197,98,0
93,1485,1277.32898015522,98,5
71,6159,3586.68931195558,82,11
73,8511,5202.69086835366,89,16
73,3763,2300.28501205673,83,10
71,8078,4704.21761032265,93,22
1,9705,470.040121834138,78,77
17,5315,445.239877405289,75,58
23,2012,213.322983895357,87,64
13,4805,345.254618845822,88,75
0,9942,642.57306555925,86,86
71,1150,669.701690006319,87,16
37,9223,1705.91626596757,61,24
81,4322,3119.10324432068,90,9
10,5602,359.829207236143,83,73
62,5090,2307.24950417087,72,10
77,9564,6388.269746847,85,8
95,7807,6920.54924361212,96,1
73,6826,4172.66688607473,81,8
94,8689,7580.60711347544,96,2
96,1370,1237.93370896963,96,0
95,4918,4359.58257718514,99,4
18,6370,554.77394627499,84,66
77,7698,5141.87583764411,77,0
96,4819,4354.45441133187,97,1
19,9758,883.724285824204,66,47
6,1919,107.074487775359,29,23
46,9609,2513.2730496491,78,32
64,1020,490.942062284807,82,18
76,3739,2445.30776569041,77,1
39,1312,262.458598224636,73,34
70,7787,4421.58442674107,72,2
78,1459,994.622513199136,79,1
90,2538,2099.26666887788,93,3
72,2090,1247.41328620865,85,13
19,6631,600.53040984836,51,32
90,3934,3253.94605018345,95,5
86,4930,3859.73430229821,91,5
47,8646,2347.31909758427,83,36
68,7225,3892.50048183986,74,6
4,4780,250.40421763826,85,81
76,4710,3080.34222423157,87,11
42,6679,1500.82560606423,89,47
18,7703,670.867144137559,77,59
89,2846,2323.3380712183,91,2
54,6036,2107.12904378328,74,20
13,3641,261.617495778905,27,14
88,5825,4691.62640297587,89,1
85,3704,2856.67695223192,97,12
36,7358,1308.37494474852,64,28
18,8064,702.307237482186,25,7
82,7355,5402.21654527219,83,1
64,5278,2540.38451445021,83,19
64,5554,2673.22766071551,79,15
51,9618,3021.36653991495,78,27
49,5674,1658.15977791188,75,26
85,4706,3629.46051220395,92,7
8,4111,245.670278207715,86,78
23,9269,982.748875609375,72,49
75,6111,3910.37184751841,88,13
98,9754,9145.75630928172,98,0
50,2144,649.727958856756,59,9
43,6157,1437.60210724502,80,37
65,8228,4077.25675103095,90,25
57,5010,1936.07907254541,74,17
40,8889,1848.80257447976,84,44
44,9663,2343.85359821838,58,14
36,9034,1606.39565790407,74,38
95,2279,2020.22950252235,96,1
12,2482,171.734154891475,77,65
92,1296,1100.04202898574,93,1
44,6709,1627.33248374698,75,31
87,1948,1547.28693399967,89,2
62,3403,1542.54814591228,83,21
61,2346,1031.11569868239,66,5
86,8335,6525.53456585306,89,3
6,6274,350.070524389059,80,74
64,5602,2696.33081658773,89,25
20,5574,524.995129607353,82,62
90,5046,4173.71931093688,94,4
93,7114,6119.13694600959,93,0
5,3040,164.224784545641,87,82
59,7985,3294.23724382243,72,13
73,3043,1860.15607007404,84,11
55,3008,1086.7460750782,83,28
45,8826,2223.37724445085,62,17
22,4000,407.652386168439,50,28
8,9460,565.322508354411,85,77
23,7372,781.618805803465,73,50
44,9318,2260.17052966975,64,20
83,2616,1954.24239210204,89,6
36,3166,562.967528550396,79,43
84,3376,2563.34444911454,93,9
94,3240,2826.69663340551,96,2
27,7065,878.240770531779,70,43
39,3414,682.952480441241,72,33
16,5212,420.050054457406,73,57
63,2244,1048.46047907818,76,13
67,3976,2084.5164378129,90,23
47,1722,467.509077728443,73,26
22,7872,802.259895979487,49,27
19,1462,132.404683938818,77,58
35,2486,424.914710949773,73,38
62,9281,4206.99069709428,78,16
56,2719,1016.19415175289,67,11
59,1392,574.274044258087,82,23
90,4963,4105.06717007129,99,9
63,5797,2708.52290428531,76,13
8,5552,331.783357968677,76,68
20,2068,194.77752565985,64,44
39,4289,857.991560812092,83,44
43,3831,894.5027891596,84,41
57,5104,1972.40470783867,60,3
8,5263,314.512934616201,70,62
55,2628,949.457674636141,78,23
22,3126,318.580339790635,81,59
80,4097,2903.13252049396,87,7
95,2498,2214.36300890778,95,0
87,8097,6431.40775389906,88,1
71,1036,603.313870301345,82,11
16,7817,629.994488813037,88,72
80,1495,1059.35638714632,89,9
75,5360,3429.81395887721,93,18
30,5280,739.768764378428,87,57
43,2777,648.403614068444,55,12
56,3731,1394.41720492462,78,22
31,7349,1071.52976592604,75,44
61,5983,2629.65269617082,68,7
15,4326,335.489655534026,65,50
71,3716,2164.0099826639,74,3
78,7063,4814.95463380775,84,6
73,5142,3143.25419399301,76,3
32,8765,1329.92029321804,84,52
17,6909,578.769955407929,82,65
16,2483,200.112103840702,53,37
46,3628,948.918162569146,83,37
99,8419,8018.09523809524,99,0
41,8581,1855.2816577764,88,47
93,3710,3191.17206489958,93,0
16,1729,139.345077543526,71,55
72,5574,3326.8333288646,86,14
19,3871,350.573550976173,45,26
63,5943,2776.73824739824,65,2
28,2143,277.231649988187,68,40
44,1673,405.802242556074,90,46
44,9662,2343.61103859939,83,39
74,7581,4743.01597046567,76,2
77,6787,4533.37377371922,79,2
55,6218,2246.47177354929,70,15
22,4178,425.792917352934,77,55
94,8634,7532.62306568615,95,1
31,2108,307.359470209837,89,58
29,9741,1311.44600497229,79,50
80,9523,6747.99389618354,90,10
79,7277,5059.49022505368,80,1
33,5090,803.638192589141,86,53
8,1618,96.6904670737247,78,70
40,2522,524.54495363235,66,26
51,8668,2722.93669868817,75,24
8,5479,327.420932692792,76,68
86,2656,2079.40249632942,92,6
7,1367,78.890352823828,50,43
34,3793,623.129497200581,63,29
73,2470,1509.88678707949,90,17
71,1814,1056.38162232301,93,22
43,9996,2333.97282183225,85,42
85,3942,3040.23232875222,86,1
45,9838,2478.31241002804,57,12
79,1385,962.950936058725,82,3
32,8602,1305.18817595682,73,41
92,7466,6337.12483673421,93,1
42,6542,1470.04059213538,74,32
23,3617,383.493654448064,74,51
95,4116,3648.64617480562,99,4
70,5954,3380.77740809251,72,2
98,3900,3656.80229712925,98,0
25,3718,426.764956439674,73,48
99,1488,1417.14285714286,99,0
9,3400,210.565869164894,74,65
10,1877,120.563981075016,63,53
57,4605,1779.56968644144,89,32
80,4331,3068.94482456903,95,15
68,3444,1855.47012587633,83,15
22,1376,140.232420841943,78,56
32,1716,260.370019756092,84,52
72,2765,1650.28599826168,75,3
83,6767,5055.18282391228,96,13
66,3143,1602.49424423246,84,18
46,5867,1534.5377232065,72,26
80,6425,4552.75236616394,82,2
6,6088,339.692278049185,60,54
71,5178,3015.40465291541,72,1
42,1227,275.716876574459,56,14
2,9379,465.019192064968,70,68
32,7704,1168.93393484903,66,34
59,6563,2707.58660378292,83,24
19,6610,598.628564183028,23,4
29,1941,261.31985377797,83,54
21,5224,511.777993791979,60,39
78,5567,3795.10865728553,87,9
33,3588,566.493877212149,82,49
48,1205,339.471824909986,80,32
41,9850,2129.64972953007,62,21
41,5506,1190.44176759315,64,23
72,9150,5461.16343005223,76,4
85,4079,3145.89235641307,93,8
70,7354,4175.72003008268,82,12
75,3627,2320.88343821785,87,12
36,7119,1265.87676429257,67,31
10,4236,272.08791893115,89,79
52,2621,853.170407507112,84,32
54,8861,3093.31849850292,87,33
33,9622,1519.17616681586,80,47
11,5776,384.973423917852,65,54
91,7949,6660.38224622836,92,1
32,1710,259.45963507163,85,53
82,9659,7094.49484850906,92,10
11,2873,191.486954105954,85,74
4,7048,369.215256467459,34,30
26,4598,549.223760862284,87,61
55,5348,1932.15359358983,65,10
37,8407,1554.9862352802,86,49
12,1511,104.548875117252,82,70
29,2407,324.058159733938,89,60
95,8073,7156.34610524921,95,0
49,2833,827.910935993012,75,26
26,1822,217.634991798843,88,62
11,8935,595.52242775381,75,64
42,2357,529.637064454769,81,39
51,1187,372.880233195992,76,25
88,4020,3237.8262901224,95,7
19,6780,614.024457664286,48,29
76,2257,1476.07906583666,84,8
69,8351,4620.422246842,85,16
61,1088,478.198584896182,93,32
64,3498,1683.64248418848,66,2
75,9002,5760.29575705461,88,13
96,5647,5102.63624419819,97,1
96,5658,5112.57585791984,97,1
51,8177,2568.69559127517,67,16
78,6070,4138.01141543438,82,4
34,6505,1068.66790911937,66,32
83,2741,2047.62171129652,83,0
60,9980,4250.84292700281,70,10
33,5553,876.739269832515,85,52
10,6285,403.699851388639,87,77
29,4679,629.941059158744,58,29
90,6942,5741.96580589057,90,0
23,3708,393.141960379713,31,8
53,1560,525.983713739782,58,5
57,1999,772.499414374904,81,24
82,8489,6235.13477264659,84,2
2,5772,286.180912314639,76,74
47,9411,2555.010412603,79,32
88,3626,2920.48709651339,90,2
6,5961,332.606056085939,39,33
66,6654,3392.61746774508,94,28
48,6072,1710.5999343182,60,12
5,3010,162.604145224467,11,6
61,2396,1053.09173659122,83,22
62,6284,2848.47856271312,83,21
53,1399,471.699497129458,86,33
27,7093,881.721413359081,58,31
77,4022,2686.49319550592,87,10
34,6708,1102.0175763832,82,48
46,3824,1000.18276010596,76,30
91,1374,1151.25993286171,93,2
99,7879,7503.80952380952,99,0
10,3584,230.208475318517,71,61
92,5464,4637.83151726704,94,2
52,6175,2010.04474107456,80,28
0,8908,575.743398511547,90,90
98,2084,1954.04512492753,98,0
50,8553,2591.94180601764,68,18
52,6416,2088.49345080718,85,33
0,8864,572.899582892496,46,46
12,7910,547.30747993214,42,30
50,8253,2501.02837893881,50,0
36,5474,973.36836743047,81,45
95,4864,4311.71404136408,96,1
74,2804,1754.3090332655,78,4
2,7224,358.172368427053,58,56
99,3798,3617.14285714286,99,0
87,2064,1639.42517031588,93,6
21,2316,226.890856359538,79,58
60,6233,2654.86011663412,72,12
44,4003,970.966154783003,69,25
77,1704,1138.18607785731,89,12
5,8467,457.398437746033,75,70
79,7266,5051.84223927992,87,8
97,6492,5980.44237843146,98,1
40,5258,1093.59927287823,68,28
68,3142,1692.76629950738,83,15
63,1550,724.203985103024,84,21
26,1302,155.521821801369,89,63
26,6212,742.013484662138,80,54
28,7273,940.879976838118,40,12
8,4557,272.322903865861,65,57
47,3909,1061.26189595847,85,38
34,3014,495.152202626562,59,25
63,5432,2537.98454650298,69,6
24,8166,900.811098090832,37,13
26,2453,293.006934622702,66,40
82,4172,3064.31644145147,83,1
21,2414,236.491592077687,87,66
47,5147,1397.36888679924,70,23
54,5812,2028.93207463029,87,33
60,9183,3911.37180347363,82,22
86,4933,3862.08302499738,94,8
15,8548,662.913910195297,85,70
38,1734,333.569641350873,81,43
57,5914,2285.42348004661,72,15
43,3683,859.946168748318,56,13
79,4643,3228.14526795716,79,0
62,2824,1280.09284867948,88,26
82,9729,7145.90955390254,89,7
40,6582,1368.97497415072,87,47
14,9668,721.627510530007,89,75
66,2875,1465.85140062626,88,22
64,9615,4627.85091065531,85,21
33,4802,758.167112144018,75,42
96,4166,3764.40279676459,96,0
80,2608,1848.02773088803,91,11
92,9026,7661.24950125408,94,2
46,4937,1291.29243897571,92,46
16,5179,417.390489645992,34,18
22,5518,562.356466719361,80,58
71,3630,2113.92794323734,76,5
59,1901,784.263619349586,83,24
55,9756,3524.69903871773,78,23
15,7750,601.027468883195,71,56
62,1571,712.11964067828,71,9
32,1167,177.069821127832,80,48
8,5588,333.934690981442,71,63
23,5180,549.211260724626,56,33
77,9124,6094.37193331577,89,12
69,4968,2748.68371719687,80,11
1,7967,385.863951638596,64,63
45,6040,1521.54980245674,82,37
24,9182,1012.8885014291,57,33
70,9676,5494.18915026924,91,21
61,1741,765.205639985526,88,27
41,4080,882.129025023621,85,44
38,9587,1844.25152919886,78,40
1,3337,161.620184086607,87,86
6,6946,387.566124068601,88,82
33,7316,1155.0917518629,89,56
46,3659,957.026338710173,65,19
75,1866,1194.03597896733,87,12
2,8255,409.290268738278,72,70
23,5237,555.254705099396,66,43
58,1657,661.783484237438,90,32
99,6574,6260.95238095238,99,0
19,6629,600.349281689757,91,72
57,5429,2097.9986596505,81,24
18,8900,775.115874701321,71,53
91,9705,8131.71590132674,94,3
53,7195,2425.93129510111,65,12
7,5771,333.047714810762,77,70
39,8808,1761.99339417881,71,32
81,7239,5224.24534605215,86,5
36,3131,556.743945638436,71,35
5,4926,266.108976536785,19,14
32,8010,1215.36355375658,53,21
97,3322,3060.23252944382,97,0
5,3177,171.625704112336,85,80
7,7581,437.503851322195,71,64
86,1408,1102.33385347584,96,10
30,7169,1004.43224845245,85,55
96,1542,1393.3531235264,99,3
27,7424,922.867583924689,61,34
93,7197,6190.52974422702,96,3
16,6142,495.001426415463,79,63
53,2757,929.575063320883,70,17
98,1421,1332.38873441556,98,0
4,2210,115.772661293003,66,62
7,9839,567.814324384524,89,82
42,2127,477.954194355237,69,27
30,6890,965.342194425638,89,59
26,2950,352.372791331827,78,52
28,3795,490.944522494247,83,55
37,5210,963.658651815138,55,18
17,8418,705.1795461896,86,69
82,7429,5456.56923383101,83,1
54,2251,785.809721265102,71,17
60,2473,1053.34013612004,90,30
91,3429,2873.12249620292,95,4
44,2583,626.531495829252,63,19
89,3934,3211.52915396092,94,5
98,3775,3539.59709529819,98,0
79,8911,6195.56374817278,85,6
86,7522,5889.03071437873,97,11
20,8553,805.57648789589,49,29
52,6357,2069.28816502202,63,11
0,6581,425.344331567635,54,54
30,5346,749.015873933158,69,39
69,1309,724.240536596356,86,17
12,3535,244.593165810381,51,39
42,3715,834.790706172875,77,35
85,6351,4898.15208521191,88,3
50,9525,2886.50130975308,63,13
28,6756,873.997679570786,63,35
58,9028,3605.66161478309,90,32
96,8871,8015.84666589023,98,2
32,1450,220.009632078283,80,48
35,2043,349.195798258401,77,42
15,6873,533.014424985058,80,65
85,5209,4017.39477434559,88,3
15,9674,750.237385029165,87,72
4,4730,247.78492665878,27,23
57,3841,1484.32728895148,61,4
60,3125,1331.05051571982,86,26
60,4755,2025.32646471927,90,30
28,5686,735.575903795069,65,37
20,7807,735.313415293256,81,61
79,4580,3184.34316761658,85,6
18,2336,203.446144191268,83,65
49,7100,2074.89150919533,76,27
53,8861,2987.65492785141,81,28
35,4874,833.078962658565,73,38
65,2364,1171.44323765644,76,11
91,8385,7025.70199202727,97,6
19,5028,455.356190728028,56,37
36,2827,502.687682631702,85,49
83,8252,6164.52913594269,95,12
78,4160,2835.93533578369,88,10
45,1420,357.715350908703,77,32
91,5116,4286.64178786065,93,2
68,2618,1410.4589981255,72,4
77,5738,3832.69466827772,87,10
62,6724,3047.92645698329,79,17
46,1499,392.069549528983,81,35
20,7087,667.499189725029,76,56
89,2965,2420.48397089327,91,2
77,8154,5446.46084439465,87,10
36,4852,862.766408252218,69,33
42,9945,2234.72236147759,82,40
89,2439,1991.08276728792,94,5
19,3178,287.812644020221,89,70
66,2095,1068.15954236939,87,21
8,6149,367.459630430367,77,69
49,8880,2595.07557769783,88,39
6,1090,60.8187554325907,66,60
42,8541,1919.23214573958,88,46
4,6211,325.368325470969,77,73
21,6500,636.783491509928,77,56
80,6493,4600.93713828832,88,8
53,3377,1138.61987262772,86,33
81,5690,4106.36220735416,96,15
88,7289,5870.77508176672,89,1
27,3238,402.511481243015,62,35
11,7583,505.410919939243,74,63
27,6573,817.080903709184,72,45
72,4914,2932.91334374608,80,8
70,6730,3821.40274713849,83,13
78,6333,4317.3025195957,91,13
72,4507,2689.99601958966,78,6
40,6638,1380.62228477856,51,11
28,2578,333.505923317567,61,33
31,4620,673.62464533655,81,50
20,4014,378.064307542863,82,62
20,4600,433.257552241447,71,51
24,4354,480.300210762611,65,41
72,6326,3775.6633725148,74,2
93,9447,8125.87668385614,96,3
40,7802,1622.7199556858,72,32
85,6072,4682.97582450114,86,1
65,9563,4738.79512762627,80,15
27,1327,164.957608279642,64,37
24,5436,599.658232821671,89,65
15,5506,427.000934667209,85,70
75,1599,1023.18517168744,77,2
30,8140,1140.47684508341,53,23
46,7080,1851.80280898279,58,12
2,9379,465.019192064968,70,68
98,7250,6797.90170620181,99,1
9,1672,103.548862718736,73,64
52,6213,2022.41424717348,65,13
89,2874,2346.19592996535,95,6
66,2620,1335.83675465767,86,20
55,9748,3521.80875660316,77,22
92,3992,3388.40106459188,98,6
98,8290,7773.04898543628,98,0
19,6677,604.69635749623,75,56
28,4447,575.291249415524,70,42
86,5275,4129.83741270245,92,6
61,4743,2084.64695603179,89,28
44,8421,2042.59455144333,82,38
77,1421,949.156347790631,82,5
49,3468,1013.48221885766,88,39
6,1104,61.5999137592478,77,71
57,3900,1507.12742174193,59,2
87,4044,3212.12954881657,87,0
65,2431,1204.64404007733,69,4
91,4942,4140.84904527117,91,0
13,5427,389.947308319724,79,66
10,4415,283.58549624198,81,71
24,8774,967.881040246015,57,33
14,8258,616.383945175506,75,61
27,2340,290.882293424538,69,42
73,2909,1778.24318364949,84,11
50,6369,1930.09205688371,57,7
18,1377,119.925231400418,69,51
47,7814,2121.43782425671,80,33
85,9210,7103.13032668898,97,12
14,9241,689.755877617686,74,60
32,4417,670.194858544674,67,35
52,8758,2850.84564248275,78,26
90,3724,3080.24786245124,96,6
66,1174,598.577232812252,71,5
60,8759,3730.77486950076,80,20
20,6177,581.789543520743,81,61
12,2403,166.267999276477,29,17
2,3332,165.203534274493,34,32
50,6770,2051.61300441242,90,40
68,3398,1830.68742384662,85,17
26,6187,739.027274566106,63,37
12,4404,304.720877575366,67,55
67,1386,726.644814589707,80,13
9,3836,237.567845328392,90,81
12,3259,225.4962170795,80,68
2,4264,211.412926214418,85,83
31,5609,817.826977422665,47,16
42,3922,881.305289262453,91,49
79,2329,1619.28716973341,97,18
5,5091,275.022492803242,84,79
84,3947,2996.8958947438,90,6
23,3234,342.885949263213,46,23
38,4439,853.93058705682,51,13
73,4324,2643.2188126849,82,9
99,2453,2336.19047619048,99,0
28,9297,1202.71705550172,67,39
40,3742,778.289935167428,65,25
11,4682,312.057751174408,84,73
21,4530,443.789110236919,49,28
97,6233,5741.85110054887,99,2
95,7132,6322.1925458488,95,0
19,5761,521.73966085604,79,60
29,9280,1249.38085680554,60,31
72,4756,2838.61128670256,77,5
66,2640,1346.03398179246,74,8
86,4534,3549.70290600813,86,0
73,3147,1923.73025058265,77,4
22,7995,814.795206854167,56,34
81,5381,3883.36292403738,91,10
14,9476,707.296471843436,72,58
67,3229,1692.88319358598,81,14
59,4864,2006.65872936159,73,14
61,9186,4037.43768461059,85,24
14,2596,193.767585574669,70,56
46,5145,1345.69568534131,75,29
44,7397,1794.21350160626,89,45
50,5080,1539.46736520164,83,33
58,1647,657.789618913132,79,21
28,7390,956.015815871537,44,16
70,2083,1182.76105828967,84,14
88,1739,1400.64177077683,98,10
39,2434,486.908710425888,84,45
20,4801,452.18902354591,69,49
40,3643,757.699153878925,83,43
81,2132,1538.62288683288,97,16
77,2937,1961.76790532096,91,14
44,2368,574.381177748226,75,31
78,1442,983.03335437502,80,2
82,9744,7156.92699077257,82,0
13,1474,105.911614605357,79,66
66,3699,1885.97715857966,76,10
83,3464,2587.72769351739,83,0
12,4590,317.590560415742,62,50
36,9382,1668.27585371441,50,14
99,5135,4890.47619047619,99,0
50,9685,2934.98847086179,73,23
68,2644,1424.46661231621,82,14
19,3653,330.830581688442,45,26
69,4241,2346.45081413686,89,20
35,2634,450.211322864723,79,44
77,2757,1841.53698160364,88,11
33,7476,1180.3534632213,84,51
71,2445,1423.844027883,85,14
38,2073,398.783083345075,63,25
87,3142,2495.67533194403,94,7
55,5829,2105.93180572833,75,20
63,3310,1546.52592947807,71,8
73,6008,3672.63150476663,78,5
79,9187,6387.45866395055,85,6
79,8575,5961.95254635637,88,9
88,4477,3605.90753753184,93,5
96,1983,1791.84127363999,96,0
46,1852,484.398135909057,92,46
19,2399,217.26322624434,46,27
3,7614,387.568014191507,82,79
97,5258,4843.67930157002,98,1
88,9339,7521.90540384406,88,0
16,8772,706.960682597922,84,68
52,2429,790.671850375725,75,23
68,4232,2280.00858673305,85,17
45,1990,501.305315710084,87,42
82,4820,3540.26971423684,96,14
0,6476,418.557953385808,65,65
80,7586,5375.43649022874,88,8
64,8631,4154.23621527467,76,12
32,5557,843.167948592427,84,52
24,9070,1000.53351208472,62,38
79,8652,6015.48844677263,87,8
20,5046,475.264697523987,76,56
88,1222,984.234757843179,88,0
89,5458,4455.64975147908,91,2
15,7189,557.520835329199,39,24
15,5152,399.547550927254,64,49
70,1733,984.025402792125,77,7
56,4771,1783.10492755169,83,27
89,7728,6308.76901418657,95,6
89,5403,4410.75038608308,95,6
4,5103,267.324837365699,6,2
84,7433,5643.76163811267,86,2
77,1049,700.6791054415,84,7
58,2610,1042.39884964376,67,9
61,1441,633.349412532534,74,13
14,2656,198.246035164222,75,61
50,7173,2173.74004145499,70,20
83,2202,1644.97008692993,93,10
59,7991,3296.71256297872,72,13
1,1507,72.9881982075266,89,88
20,3452,325.131537029886,53,33
58,9577,3824.92482108747,78,20
65,4824,2390.457774304,70,5
90,9226,7631.14038103521,94,4
87,2342,1860.2392194185,95,8
43,4677,1092.0359031322,68,25
21,6807,666.859265647397,39,18
74,5588,3496.10516329801,85,11
91,5548,4648.60997635865,92,1
86,5921,4635.5957005898,90,4
26,6486,774.742347314654,78,52
62,5162,2339.88643232418,78,16
5,7704,416.180177677505,75,70
11,7916,527.605544275228,74,63
97,5071,4671.41455653511,99,2
2,6253,310.029321674192,80,78
87,2013,1598.91611814237,88,1
48,2427,683.732878885092,77,29
34,9168,1506.15640135379,90,56
57,4148,1602.96526804757,76,19
71,8687,5058.86833137817,79,8
25,7101,815.077449079647,77,52
32,5569,844.988717961351,74,42
56,5162,1929.23656173168,74,18
63,7035,3286.95163561276,64,1
29,5707,768.342300623841,85,56
40,7335,1525.58970455721,83,43
6,3338,186.250463884392,68,62
69,8335,4611.56980330835,79,10
63,3805,1777.80397633355,64,1
63,1052,491.524253115085,80,17
19,4234,383.448311762623,77,58
50,1688,511.539549696923,71,21
51,5718,1796.23350751026,89,38
17,9047,757.87115162477,88,71
1,6480,313.844409014447,87,86
21,8583,840.84810886611,60,39
95,2132,1889.92071056501,97,2
51,3909,1227.96026247947,82,31
82,7657,5624.0342742555,87,5
78,3119,2126.26978661282,85,7
12,4688,324.37136105207,67,55
56,3974,1485.23558626922,92,36
62,9875,4476.24535435902,67,5
23,4636,491.53347581455,81,58
22,9149,932.402920263761,90,68
22,2888,294.325022813613,69,47
12,5557,384.499072817054,82,70
93,8577,7377.54253386622,94,1
71,5238,3050.34561065487,96,25
92,4982,4228.71094784487,94,2
71,4570,2661.33628115555,90,19
86,1432,1121.12363506918,86,0
51,8269,2597.59616537292,78,27
29,7135,960.596165227108,57,28
3,8668,441.21874796585,60,57
10,7262,466.454784532108,87,77
96,5739,5185.76755896111,96,0
88,9579,7715.20846594092,90,2
84,5806,4408.40576764189,88,4
16,2156,173.758234345773,80,64
27,1351,167.94101641733,85,58
10,3510,225.455286933035,62,52
75,4187,2679.22221004084,95,20
8,3141,187.703805363764,90,82
91,9258,7757.17937295033,91,0
88,2163,1742.14384714795,96,8
31,3224,470.079189732692,74,43
29,5185,698.064627428529,57,28
0,5040,325.746152727683,68,68
14,6302,470.386488556072,77,63
78,1171,798.288528414112,80,2
15,2918,226.296536025956,68,53
31,2942,428.961841251111,76,45
95,7186,6370.06108166987,95,0
80,2147,1521.36331986832,88,8
29,4028,542.295915001372,90,61
16,2757,222.194551062753,53,37
14,4020,300.056122500065,69,55
79,4994,3472.18554128323,90,11
35,9229,1577.44886056132,58,23
41,7923,1713.0167316819,79,38
77,6359,4247.49135510248,89,12
96,7166,6475.20653903386,96,0
16,7943,640.149190820257,88,72
38,2531,486.888559549631,55,17
96,2536,2291.53276346495,98,2
6,6519,363.740795105559,83,77
51,8910,2798.95777403226,79,28
1,1760,85.2416913372573,82,81
73,4653,2844.3332875631,73,0
40,5362,1115.22999261565,73,33
88,1113,896.442950474188,89,1
30,6177,865.445389690445,74,44
62,9600,4351.59042044016,77,15
8,7220,431.461787560131,77,69
36,7860,1397.63890537148,64,28
37,2432,449.830679695665,76,39
58,1815,724.886556361466,65,7
37,5622,1039.86352025042,86,49
7,2401,138.563084952459,85,78
7,7966,459.722421795621,42,35
35,7285,1245.17444459738,61,26
69,5017,2775.79432551866,76,7
61,1916,842.121772666437,75,14
95,7964,7059.72257924003,97,2
39,1740,348.077714108893,78,39
12,7702,532.915576540751,80,68
24,8959,988.288835145207,75,51
42,5876,1320.38497697761,91,49
7,8116,468.379007694359,63,56
92,6351,5390.71522074725,94,2
65,9486,4700.63898156047,68,3
18,4377,381.200245344683,91,73
13,6932,498.086372078926,89,76
13,3313,238.049646667265,81,68
73,6220,3802.22502657264,77,4
42,3398,763.558228687868,82,40
13,6873,493.847033366771,86,73
99,5448,5188.57142857143,99,0
47,4237,1150.31124409722,54,7
63,8075,3772.86914819801,77,14
36,8954,1592.17032553387,72,36
7,2803,161.762735161075,67,60
87,4886,3880.9260572497,90,3
94,3009,2625.16363269048,98,4
78,1885,1285.03319902699,93,15
19,1682,152.328781385152,74,55
66,7562,3855.57157966461,77,11
38,5279,1015.52141677697,72,34
77,1427,953.164045247875,89,12
82,1549,1137.7339807786,90,8
58,1752,699.725204818341,74,16
63,1874,875.58597940843,76,13
58,2783,1111.49271975425,81,23
83,5385,4022.78107089813,83,0
71,3895,2268.25050658662,82,11
34,5189,852.470066167628,79,45
23,2611,276.832162500386,78,55
57,1594,615.990028270934,90,33
87,9209,7314.66395030955,88,1
36,5894,1048.05136237398,77,41
37,9739,1801.35731478457,75,38
73,9955,6085.39391310782,86,13
46,4817,1259.90595068787,63,17
24,1222,134.801758739529,75,51
27,9819,1220.58685433143,88,61
77,8206,5481.19422235743,84,7
36,9839,1749.53806487914,88,52
32,3466,525.898886057469,67,35
59,9071,3742.27001110999,66,7
14,8177,610.338038229609,77,63
77,1375,918.430667285093,88,11
47,1895,514.477179033333,76,29
83,6255,4672.7011324917,85,2
6,2721,151.823700488146,86,80
8,7619,455.305728451612,71,63
81,8019,5787.15615830808,81,0
51,4663,1464.81931541104,80,29
34,8452,1388.52900351682,54,20
56,1172,438.021164345124,80,24
54,1044,364.453731230905,76,22
57,1871,723.034719507476,86,29
10,9510,610.848939810017,63,53
35,2334,398.934406820905,65,30
0,3984,257.494577870454,84,84
39,2808,561.725414492971,65,26
1,1354,65.5779829946855,82,81
6,9285,518.075361643674,46,40
53,8970,3024.40635400374,81,28
44,3569,865.695280145026,86,42
90,6437,5324.26302110596,93,3
93,6828,5873.13284612784,94,1
20,3752,353.38746434998,67,47
14,8133,607.053841863937,59,45
23,3008,318.924222443953,72,49
95,8019,7108.47756942815,95,0
15,4547,352.628632388631,73,58
84,7711,5854.84272722814,85,1
6,7898,440.684890281286,90,84
53,5136,1731.70022677405,87,34
48,7599,2140.7853921087,66,18
64,5107,2458.0795216554,67,3
74,2128,1331.37290399036,87,13
44,6493,1574.93960604697,82,38
39,9157,1831.80898166387,91,52
35,8761,1497.45687153297,71,36
52,7237,2355.73988520754,69,17
16,7458,601.061647379765,69,53
68,5128,2762.73252192039,68,0
95,9689,8588.85636241294,98,3
18,9763,850.275987045954,79,61
95,9162,8121.69491097402,95,0
89,5217,4258.9088958348,89,0
56,8982,3356.9164659965,92,36
79,3558,2473.77576209166,91,12
81,8192,5912.00688974433,86,5
42,7096,1594.52889663599,92,50
66,3200,1631.55634156662,80,14
30,8056,1128.70779655921,84,54
57,6246,2413.722532359,67,10
80,1718,1217.37409573069,85,5
74,7558,4728.62613174773,81,7
63,8461,3953.21930190754,67,4
53,9857,3323.47529893143,89,36
19,1042,94.3677706321808,51,32
95,2989,2649.61210313265,96,1
72,1002,598.042159225391,75,3
58,7685,3069.28550172885,74,16
75,8481,5426.91272112643,75,0
52,1901,618.800818264411,73,21
81,7624,5502.09234953745,82,1
27,4085,507.800926768906,63,36
54,2839,991.076765291704,87,33
19,5202,471.114340526492,90,71
47,9527,2586.50347474964,75,28
42,6865,1542.62131840559,92,50
98,3695,3464.5857661263,98,0
48,4784,1347.74540279616,83,35
42,9204,2068.21363650475,57,15
18,5150,448.522107270989,64,46
69,3923,2170.50849890566,73,4
59,3866,1594.93064303288,92,33
33,1186,187.25243544415,91,58
91,3654,3061.64759437897,98,7
81,4554,3286.53312694039,88,7
82,3781,2777.12858703931,89,7
21,5318,520.986862746123,85,64
20,7498,706.209810153558,79,59
13,8385,602.48906951555,83,70
7,1627,93.8951017149731,86,79
17,2558,214.284780132216,71,54
80,9088,6439.75307450551,80,0
78,4453,3035.67789669346,86,8
81,4592,3313.95698702466,88,7
48,9220,2597.45246943574,52,4
7,6939,400.453663675598,75,68
33,7104,1121.61998431302,66,33
13,1017,73.0747028857858,89,76
63,9023,4215.80165005457,80,17
82,6407,4705.91453508619,92,10
70,6109,3468.78891266999,74,4
66,3022,1540.80102006697,68,2
25,2621,300.847485429905,81,56
93,6317,5433.59405228319,96,3
0,6441,416.295827325199,87,87
96,7915,7152.00387335375,96,0
49,9573,2797.59667852492,77,28
87,4594,3648.99187617788,89,2
94,5475,4776.59384811578,94,0
34,6567,1078.85352178123,69,35
91,1588,1330.56824846026,92,1
27,8178,1016.59632291704,58,31
1,1968,95.3157094043877,80,79
95,5414,4799.26394324529,95,0
2,5612,278.247969492334,58,56
33,6892,1088.14821676314,66,33
84,4941,3751.62468100561,84,0
63,3457,1615.20850096849,69,6
84,4879,3704.5490424259,88,4
39,1631,326.272845811266,84,45
61,5243,2304.40733512011,76,15
70,4007,2275.2393473676,81,11
7,2191,126.443864694226,76,69
46,3763,984.227961892971,92,46
57,6555,2533.1333973124,75,18
52,4669,1519.82168357524,79,27
67,1384,725.596265073704,83,16
69,3161,1748.9108756158,87,18
58,5199,2076.41058210648,80,22
38,1704,327.798540289439,76,38
8,2938,175.572677541782,76,68
32,9372,1422.02087712943,70,38
70,1349,765.983997903391,71,1
52,4579,1490.5254849199,70,18
82,3005,2207.15985296301,86,4
91,5255,4403.10840406718,91,0
67,4931,2585.19883170407,76,9
40,4582,952.999594585022,65,25
58,3724,1487.31544677141,66,8
44,2960,717.976472185283,50,6
73,4234,2588.20269493707,80,7
62,7807,3538.8402512892,68,6
99,3054,2908.57142857143,99,0
15,2512,194.810451849624,76,61
34,6770,1112.20318904506,78,44
35,3562,608.8279164936,75,40
49,3955,1155.80224209402,90,41
77,1790,1195.62974141114,78,1
37,8359,1546.10799818095,87,50
53,3254,1097.14807981362,74,21
49,6171,1803.40218355555,60,11
94,2489,2171.49627177355,94,0
99,6497,6187.61904761905,99,0
13,3228,231.942124793822,83,70
64,3075,1480.04592306449,89,25
10,4111,264.058884496212,77,67
22,3942,401.741426568996,47,25
8,4657,278.29882890132,52,44
96,7744,6997.4880600444,96,0
24,5401,595.797298651553,89,65
74,1805,1129.28951677754,82,8
69,8931,4941.32332493664,91,22
53,1416,477.431370933033,85,32
84,3058,2321.89198027022,92,8
18,3631,316.229858543876,82,64
90,6042,4997.54500132395,92,2
28,6785,877.749297792744,63,35
95,9672,8573.78663817297,98,3
4,1398,73.2353757862525,83,79
31,3596,524.319096240311,78,47
86,1117,874.507751656613,90,4
59,4670,1926.62340997505,76,17
8,3388,202.464340201347,67,59
30,5712,800.295299645754,72,42
40,8212,1707.99490849677,75,35
19,5651,511.777612132873,68,49
5,5329,287.879564751223,67,62
24,1578,174.072974869867,65,41
68,6575,3542.31012707226,76,8
35,5896,1007.7623233145,40,5
30,3107,435.314687674958,72,42
8,6466,386.403312792771,86,78
51,1293,406.178720743401,90,39
56,9701,3625.63422808195,70,14
76,5154,3370.71843390436,81,5
15,2541,197.059457862219,79,64
2,6983,346.223373300957,82,80
86,4362,3415.04280458921,91,5
94,3152,2749.92215694264,97,3
19,9993,905.006844460061,65,46
62,5489,2488.11248102042,79,17
87,1327,1054.02965165173,87,0
31,4696,684.705916558537,91,60
0,5741,371.053306113021,72,72
4,2727,142.856130020823,62,58
40,6295,1309.28250718305,70,30
35,2187,373.808717959434,66,31
80,9549,6766.41748552521,80,0
92,5657,4801.64950460828,92,0
17,6881,576.424383146904,72,55
29,9728,1309.69579472029,90,61
35,6268,1071.34569920884,73,38
51,2394,752.043199891495,84,33
50,3466,1050.3531275175,76,26
23,2755,292.099811447171,79,56
95,7754,6873.56716215811,98,3
19,1882,170.441597245455,87,68
59,3202,1320.99532307069,91,32
83,3319,2479.40768325179,86,3
48,7818,2202.48193124172,60,12
30,5888,824.954258458368,58,28
5,2248,121.439906466645,68,63
77,5064,3382.49665391397,79,2
54,7755,2707.22096331003,67,13
11,1102,73.4488769316954,88,77
90,1218,1007.44948884683,90,0
57,2365,913.937526261455,71,14
54,6590,2300.52690499201,79,25
37,3868,715.437939581757,45,8
90,2982,2466.51426579742,95,5
95,9227,8179.31444483271,97,2
7,8977,518.067810753112,66,59
25,6368,730.941162616419,83,58
59,8546,3525.67958493507,61,2
60,6242,2658.69354211939,67,7
31,6488,945.990627476956,68,37
14,5053,377.160096266873,34,20
85,8112,6256.30762324658,89,4
31,4299,626.820855043686,44,13
69,1415,782.887975006757,77,8
54,3713,1296.18458243328,77,23
43,4274,997.939159714991,76,33
36,4986,886.593839972291,54,18
56,2210,825.961410582528,80,24
51,2089,656.231514023949,61,10
60,2857,1216.89962349169,68,8
84,4594,3488.15296185787,92,8
56,1646,615.173068696309,91,35
67,6023,3157.70686744142,70,3
70,3706,2104.32668363971,81,11
17,3099,259.604587032736,77,60
47,8408,2282.70402180067,89,42
40,9575,1991.4821296708,66,26
91,4304,3606.27565577643,95,4
95,6261,5550.09079214237,97,2
55,2011,726.544666549954,91,36
2,2390,118.498333408175,78,76
73,1389,849.082083908264,90,17
40,2436,506.658012311024,86,46
87,2723,2162.86566800878,92,5
63,2819,1317.11679613253,68,5
76,2037,1332.19896194474,91,15
97,2260,2081.91616994071,99,2
48,5814,1637.91634027109,48,0
0,4403,284.575458424601,79,79
6,8045,448.887052711186,90,84
21,9733,953.509803517867,86,65
49,3086,901.847210898141,50,1
21,5832,571.341741920908,70,49
55,3180,1148.88714054145,78,23
38,5789,1113.63013482134,76,38
40,8467,1761.0317693914,80,40
27,9465,1176.58158430054,81,54
81,2499,1803.47964080458,88,7
1,4628,224.146901993652,75,74
91,6714,5625.58892957318,92,1
36,1561,277.571797873395,70,34
9,8225,509.383609965075,32,23
89,1850,1510.2513815017,91,2
42,2346,527.165275015226,84,42
63,4502,2103.46215544117,69,6
83,3806,2843.21351083348,87,4
72,3619,2159.99458506656,89,17
34,3586,589.122693635983,72,38
1,3193,154.645863886286,83,82
6,8436,470.703688834252,68,62
93,7281,6262.78269663984,93,0
23,7900,837.600185275009,66,43
16,7658,617.180221994401,80,64
0,1131,73.0989878442478,89,89
53,4624,1559.06967457228,86,33
82,3937,2891.70993048764,87,5
18,6466,563.134746721207,84,66
62,4460,2021.67638282949,90,28
24,4227,466.290535345328,54,30
17,2450,205.237572839691,75,58
0,2833,183.102946563001,82,82
59,3827,1578.84106851703,68,9
15,4013,311.215900984292,51,36
58,4100,1637.4847829653,78,20
67,4333,2271.68252641934,87,20
74,4336,2712.7974209127,83,9
72,1178,703.08748859033,77,5
6,5206,290.479303469786,20,14
51,3929,1234.24299597898,71,20
47,3982,1081.08080575764,63,16
0,5893,380.87739643338,84,84
83,4187,3127.83367573825,87,4
31,1472,214.626726825845,78,47
73,1348,824.019185823138,85,12
56,5580,2085.45912717218,81,25
12,2019,139.69833147699,65,53
85,8399,6477.65381257988,95,10
70,5163,2931.63482666806,85,15
10,1616,103.799357174867,42,32
69,1947,1077.23172250046,71,2
35,6195,1058.86831630484,69,34
55,7236,2614.26017262828,70,15
62,3055,1384.80299317132,89,27
5,5819,314.350006997067,63,58
72,9913,5916.55880678773,76,4
75,7912,5062.81493332771,84,9
93,9918,8531.00930988517,94,1
58,2054,820.33993761237,83,25
87,7033,5586.2777242401,92,5
86,3643,2852.13226435545,90,4
21,8797,861.812980740437,91,70
58,4331,1729.74307195675,70,12
33,5818,918.578979269867,76,43
98,6738,6317.82919950177,98,0
9,9188,569.023295849132,68,59
44,5918,1435.4678251326,82,38
10,4896,314.481220747618,59,49
90,5871,4856.10504845629,94,4
70,3103,1761.93354002537,79,9
15,1697,131.605627702553,77,62
94,1813,1581.72870258154,94,0
65,8992,4455.84500550198,74,9
18,3809,331.732176037902,69,51
25,4687,537.990142773737,70,45
12,6141,424.907109262107,56,44
20,5233,492.877558886846,71,51
89,5719,4668.71764908554,89,0
59,7863,3243.90575431131,73,14
35,2008,343.213491386622,70,35
10,1508,96.8622714230816,44,34
74,7798,4878.78097054364,92,18
95,1734,1537.11187247642,99,4
4,7100,371.939319086118,14,10
96,3168,2862.60875183635,98,2
83,2686,2006.53481085095,83,0
82,9910,7278.85329213425,86,4
56,6321,2362.39912954397,63,7
43,3268,763.047537189656,82,39
91,2326,1948.93057047769,91,0
83,8076,6033.05105451686,88,5
98,4344,4073.1151740332,99,1
10,4670,299.964726489251,38,28
51,3991,1253.71946982747,71,20
49,3109,908.568690434971,70,21
67,4788,2510.2275413099,82,15
3,2402,122.266662738114,69,66
39,1384,276.861813980866,42,3
72,9342,5575.75833481398,82,10
20,1455,137.041247502458,26,6
11,2243,149.497124281119,81,70
87,5602,4449.64137796005,87,0
78,3918,2670.96025134628,81,3
84,9037,6861.65396523936,93,9
99,4810,4580.95238095238,99,0
28,3271,423.156662207821,66,38
87,9759,7751.52627767085,88,1
27,1925,239.294194377024,81,54
86,4272,3344.58112361419,93,7
75,8442,5401.95698523161,89,14
11,5906,393.637991976945,74,63
71,6115,3561.06594294665,75,4
99,4792,4563.80952380952,99,0
92,1170,993.093498389904,92,0
50,1339,405.776929528543,76,26
52,9736,3169.19766787075,69,17
96,2398,2166.83579132057,98,2
85,1811,1396.71759192549,91,6
54,2041,712.500062684173,68,14
75,1698,1086.53434742043,88,13
60,4784,2037.67861350515,76,16
60,6503,2769.86288119231,69,9
83,5243,3916.7021642932,88,5
63,6310,2948.21106193554,85,22
20,2042,192.328678625442,79,59
28,8602,1112.80758432029,48,20
37,3644,674.006166451893,92,55
70,4997,2837.37734434636,94,24
37,8528,1577.36679130125,86,49
57,5533,2138.18872423029,90,33
92,1734,1471.81549248555,92,0
2,3958,196.24117306676,63,61
48,7029,1980.20535874879,76,28
38,1013,194.870845841081,88,50
23,8314,881.494675997016,77,54
73,2151,1314.88521417327,86,13
71,6669,3883.68745274099,88,17
63,2100,981.179592720226,91,28
8,2803,167.505178743913,68,60
94,7007,6113.16768835567,95,1
88,7039,5669.41772541582,91,3
89,3869,3158.46626758383,92,3
72,6658,3973.81706199866,89,17
36,5540,985.104266635879,91,55
1,5531,267.881701583165,55,54
37,4690,867.477749906525,75,38
52,5969,1942.98899748567,72,20
12,8239,570.071596354096,73,61
31,3410,497.199142986501,83,52
65,1324,656.087498585923,91,26
74,2815,1761.19113004364,88,14
93,5152,4431.514414653,94,1
23,2569,272.37909822424,66,43
81,2459,1774.61241966325,84,3
77,7977,5328.23376940595,77,0
24,6553,722.877189050848,85,61
50,6466,1959.48739830587,88,38
54,8890,3103.44221325933,82,28
29,2390,321.769423250566,66,37
67,7205,3777.39963139887,88,21
24,7778,858.009885004959,32,8
82,9382,6891.03951430914,82,0
81,3674,2651.45426183114,88,7
5,6771,365.778294788991,76,71
4,2953,154.695325248071,57,53
63,1203,562.075738115444,77,14
53,6097,2055.71968119965,79,26
71,9505,5535.23005522614,92,21
31,1759,256.473106308873,89,58
55,3464,1251.49215560867,74,19
39,7902,1580.75292924625,52,13
22,1195,121.786150367821,68,46
74,6561,4104.85790558307,84,10
76,1951,1275.95492133244,94,18
17,1537,128.755163042696,64,47
46,3251,850.312278531504,88,42
84,1333,1012.12622946377,86,2
47,2846,772.665990252699,80,33
9,4614,285.750270684359,50,41
57,5314,2053.55772285555,68,11
91,9790,8202.93649397102,96,5
87,1833,1455.94299282413,94,7
4,4679,245.113249859711,25,21
43,3411,796.436704208665,53,10
85,8497,6553.23543820589,85,0
79,1685,1171.53236625195,80,1
24,4669,515.048618293668,90,66
25,7609,873.387453886359,70,45
87,3424,2719.66656160928,97,10
56,8435,3152.48167342246,77,21
40,9764,2030.79180303975,88,48
31,2898,422.546368438381,86,55
73,4337,2651.16558524848,73,0
4,5496,287.912464464409,66,62
52,7086,2306.58737413025,82,30
55,5862,2117.85421945094,72,17
25,2826,324.378097605842,75,50
98,7678,7199.21231727138,99,1
90,4394,3634.42779473972,90,0
98,2134,2000.92720565995,98,0
18,4076,354.985652278942,74,56
36,6877,1222.84513387273,77,41
51,9608,3018.2251731652,76,25
58,2979,1189.77248011064,64,6
7,6839,394.682606409773,77,70
97,8538,7865.22135351937,98,1
98,3275,3070.77628797392,98,0
17,9239,773.95507570037,77,60
52,8403,2735.28841445336,67,15
3,1340,68.2087127681402,65,62
49,9095,2657.90679945515,61,12
12,6490,449.05506254862,78,66
55,5266,1902.52820191549,92,37
57,5500,2125.43610758478,90,33
45,7379,1858.86026363051,78,33
41,4672,1010.12421688979,80,39
39,2295,459.102502229832,89,50
40,6523,1356.70370045354,81,41
95,2277,2018.45659378824,97,2
16,6969,561.651732446981,87,71
18,2498,217.554994944258,68,50
64,8417,4051.23464534433,88,24
20,3404,320.610588658671,69,49
21,5432,532.155065520297,86,65
48,7785,2193.18519246825,62,14
92,3374,2863.84398595516,98,6
31,8401,1224.91788863038,74,43
65,2316,1147.65758816087,75,10
43,6893,1609.45124658761,83,40
42,6679,1500.82560606423,85,43
0,3132,202.427966337917,43,43
70,1893,1074.87598816243,83,13
80,5617,3980.20389739189,84,4
0,2097,135.533667117054,40,40
96,7580,6849.29745546702,96,0
28,3083,398.835826837882,68,40
38,8587,1651.88149381773,71,33
98,6561,6151.86663370898,98,0
46,9311,2435.32993706762,74,28
32,4609,699.327168447453,69,37
51,1259,395.498073794232,78,27
65,6999,3468.24501707166,82,17
93,7633,6565.55697341738,94,1
20,2643,248.934719690031,80,60
40,9834,2045.35094132455,84,44
72,5703,3403.8267805014,78,6
67,2734,1433.36718837537,84,17
71,8448,4919.68684971599,75,4
24,2286,252.1741575111,89,65
97,6381,5878.18897362463,98,1
88,4689,3776.6585757174,89,1
36,4059,721.757801132678,77,41
28,2007,259.637854188657,44,16
75,6994,4475.39530380359,88,13
88,9557,7697.48901858204,89,1
37,1481,273.930607166645,91,54
96,5817,5256.24845626011,98,2
62,7878,3571.0238887737,89,27
65,1688,836.462007260603,79,14
9,8861,548.771813726508,81,72
21,1604,157.13857236645,86,65
58,4485,1791.24859795106,92,34
97,1493,1375.35435474402,98,1
73,4662,2849.83489933789,81,8
50,6026,1826.14770525691,75,25
52,1951,635.076484184043,84,32
46,4168,1090.15735986444,87,41
82,4578,3362.52173273366,91,9
20,7728,727.872687765631,77,57
53,3642,1227.96967015403,80,27
71,6632,3862.14052880166,83,12
8,3545,211.846542507017,57,49
98,7777,7292.03883712159,99,1
5,2186,118.090585202885,49,44
15,5906,458.021707254729,65,50
14,4587,342.377471121343,80,66
57,5931,2291.99300983369,82,25
59,1798,741.770640500029,66,7
88,2347,1890.34286142221,88,0
26,1217,145.368707474859,78,52
65,4911,2433.5692640147,89,24
30,7267,1018.16280506402,80,50
54,6956,2428.2951670902,87,33
6,1653,92.2324795688738,47,41
68,1243,669.671709194042,88,20
40,2540,528.288732048441,76,36
72,5479,3270.13272494603,74,2
84,3214,2440.34036121271,84,0
17,9249,774.792780079308,75,58
74,1934,1209.99774263034,92,18
58,7472,2984.21617032114,85,27
46,8100,2118.58795942946,75,29
56,3208,1198.95212902658,72,16
39,5767,1153.65757314137,41,2
96,5501,4970.71046207441,99,3
65,4813,2385.0068962946,75,10
76,4303,2814.16403203152,81,5
76,5628,3680.71465774422,88,12
70,7654,4346.064877652,82,12
19,5999,543.293911729801,62,43
37,3688,682.144550459545,88,51
67,1144,599.770323153409,80,13
20,1301,122.536538144809,70,50
31,9729,1418.54852261457,75,44
68,3712,1999.85630291897,70,2
39,6396,1279.4856663451,49,10
84,6523,4952.81274928144,93,9
76,5244,3429.5784764056,77,1
23,5793,614.204794088371,46,23
44,2359,572.198141177393,77,33
27,4130,513.39481702707,76,49
61,5778,2539.55094074461,90,29
98,2728,2557.88632476118,98,0
27,8022,997.204170022071,65,38
5,6819,368.37131770287,50,45
4,1227,64.2774006364319,90,86
87,5530,4392.45212783275,89,2
81,9118,6580.28305916612,87,6
40,8036,1671.38907509499,78,38
97,5822,5363.2371422101,99,2
56,7015,2621.77343675857,58,2
31,6307,919.599705224594,61,30
6,4676,260.906881103481,80,74
52,5806,1889.93032658767,75,23
43,5868,1370.12330117163,86,43
37,8941,1653.75662300943,41,4
20,4957,466.882105752359,75,55
41,6036,1305.03205760847,84,43
53,7805,2631.60441393525,79,26
68,2618,1410.4589981255,80,12
54,8478,2959.6156449958,78,24
28,9230,1194.04952374754,87,59
68,5158,2778.8951536789,68,0
68,7119,3835.39251629315,76,8
17,6928,580.36159372791,89,72
92,4099,3479.22243581215,95,3
15,9180,711.926730883578,84,69
58,8187,3269.77754100899,69,11
89,9017,7361.04686864911,94,5
81,2710,1955.75423232509,83,2
78,7860,5358.2816680913,82,4
9,2115,130.984356848162,73,64
11,4540,302.593376832938,89,78
41,4185,904.830874932317,69,28
78,2417,1647.70569869932,93,15
88,9319,7505.79681533599,90,2
72,7950,4744.94527529128,76,4
61,7603,3341.67632441697,69,8
0,6397,413.452011706148,67,67
40,7530,1566.14730406487,76,36
36,9582,1703.83918463989,89,53
52,8759,2851.17115580114,66,14
9,2170,134.390569437594,74,65
86,4354,3408.7795440581,90,4
28,7682,993.790730382294,88,60
24,1396,153.996117185256,86,62
43,3304,771.453201614022,93,50
36,3635,646.363539570654,91,55
71,5503,3204.66817400415,93,22
30,4754,666.072103381638,83,53
26,4533,541.4596146126,65,39
67,4777,2504.46051897188,79,12
11,5542,369.377201411485,62,51
12,6560,453.898491574568,71,59
66,3801,1937.9830169671,75,9
52,2830,921.202691051174,74,22
22,2193,223.495420716846,43,21
51,7150,2246.07722607527,68,17
75,4410,2821.91782810607,83,8
35,6953,1188.42799084222,81,46
80,9852,6981.12316131473,82,2
82,3487,2561.18682438669,87,5
69,5077,2808.99098876983,76,7
31,1067,155.575215708679,69,38
78,1111,757.385614917231,86,8
28,6520,843.467269212777,49,21
42,4249,954.784848056136,74,32
60,1426,607.384971333267,64,4
85,1950,1503.92010174197,90,5
94,6302,5498.09943942021,96,2
56,4642,1734.89270041814,72,16
58,3266,1304.39641491821,93,35
76,2835,1854.09133878907,80,4
29,6028,811.559030692222,75,46
87,6126,4865.85203166427,93,6
32,2502,379.630413420596,57,25
2,4036,200.108482692634,37,35
81,2694,1944.20734386856,81,0
15,2447,189.769576304152,85,70
7,6697,386.487705092302,63,56
20,8800,828.840534722768,87,67
31,6705,977.630572939734,74,43
91,3082,2582.3749003492,96,5
58,2026,809.157114704314,83,25
14,6909,515.693470237052,86,72
31,7686,1120.66645542353,55,24
6,4491,250.58443178694,74,68
2,2522,125.043011236576,58,56
7,1035,59.730442701289,78,71
73,7634,4666.58936541086,90,17
33,1755,277.089396462464,66,33
22,9684,986.92642691379,61,39
95,5655,5012.89944570597,96,1
93,1954,1680.74129779347,96,3
37,6126,1133.08500979262,78,41
86,2669,2089.58029469248,92,6
3,7924,403.347641772196,86,83
92,5884,4994.32661925316,98,6
73,9670,5911.17620690634,75,2
1,3449,167.044655353523,74,73
23,4347,460.892152581072,91,68
69,4193,2319.89348353592,69,0
67,5270,2762.92797466649,86,19
35,4562,779.750969972994,77,42
16,6773,545.855529324638,74,58
9,4894,303.090989321468,74,65
83,2645,1975.90639415516,93,10
6,8305,463.394278777675,75,69
95,1975,1750.7473749371,95,0
91,5397,4522.0886882494,92,1
20,1494,140.71451805407,71,51
60,5657,2409.52088557664,76,16
47,2817,764.792724716041,81,34
48,7122,2006.40525892856,76,28
55,8166,2950.255468447,69,14
38,6649,1279.06836524911,72,34
53,2806,946.096346637069,85,32
33,9475,1495.96696950533,66,33
73,2658,1624.80934415275,79,6
3,3361,171.081704189343,81,78
84,8760,6651.33216061711,85,1
21,7561,740.726150662549,84,63
93,9688,8333.17384494531,95,2
79,1438,999.800322059528,79,0
28,4747,614.101093090959,80,52
9,6659,412.399447873244,87,78
57,5188,2004.86591384542,59,2
42,5530,1242.63596369744,85,43
2,1602,79.4285900083249,72,70
5,8642,466.852167119548,65,60
40,2187,454.869077555095,74,34
45,6793,1711.23970332593,61,16
27,9599,1193.23894640263,82,55
13,1082,77.7451607890071,59,46
80,4552,3225.54533397327,84,4
35,5808,992.721094608318,79,44
88,7970,6419.27252046656,92,4
76,4645,3037.83219353623,81,5
41,3670,793.483706332522,92,51
95,4856,4304.62240642762,97,2
32,9904,1502.74165248505,88,56
47,1376,373.572875118663,68,21
14,2849,212.651714677285,74,60
57,6261,2419.51917628878,78,21
72,9366,5590.0826979092,77,5
22,2262,230.527424378252,50,28
10,2617,168.095864929844,68,58
13,6468,464.746487969777,62,49
18,6686,582.294914410453,65,47
51,3139,986.075022748288,77,26
75,6943,4442.76087994114,90,15
32,2022,306.799638663647,64,32
2,2921,144.825787399698,58,56
68,9261,4989.40442385038,75,7
34,9032,1483.81376712777,69,35
14,1873,139.802268020553,56,42
69,9141,5057.51164631573,84,15
46,5029,1315.35541332972,82,36
70,6419,3644.81192182496,90,20
27,1297,161.228348107533,82,55
99,8084,7699.04761904762,99,0
96,8305,7504.40835984876,98,2
39,1425,285.063645175386,61,22
41,4703,1016.82666781522,74,33
60,8425,3588.51219038063,71,11
81,7598,5483.32865579559,86,5
5,8370,452.15837060757,68,63
15,2781,215.671921414731,80,65
45,5429,1367.63143667841,85,40
68,2915,1570.4690525347,93,25
43,3513,820.252753411035,93,50
18,2226,193.866060346645,63,45
28,4293,555.368862995468,82,54
75,1523,974.553481225746,81,6
82,9019,6624.41754205437,85,3
39,5391,1078.44077974772,77,38
79,4388,3050.85105229291,85,6
24,6558,723.42875107515,47,23
88,4830,3890.22412469931,88,0
74,1502,939.71903279771,79,5
89,6646,5425.47604403261,96,7
47,9135,2480.07864404723,54,7
61,1421,624.558997369002,78,17
18,9990,870.045796434404,80,62
25,7053,809.567842326257,85,60
33,3514,554.810335708888,82,49
12,3425,236.98206305532,69,57
1,5640,273.160874512575,65,64
72,8760,5228.39252975492,78,6
68,1308,704.690744670802,91,23
6,5712,318.712597276108,12,6
65,4229,2095.61482743193,87,22
10,6492,416.995932412895,36,26
15,5405,419.168189588861,64,49
11,1362,90.7780130498813,59,48
5,4272,230.77903933519,73,68
84,1373,1042.49760919261,94,10
54,5256,1834.83602619697,79,25
4,9318,488.131066935838,78,74
59,5593,2307.4100068502,67,8
24,4922,542.957656723374,76,52
17,8622,722.268715519925,62,45
52,9248,3010.34716849514,69,17
18,9072,790.095642167459,74,56
22,6087,620.345018651822,66,44
22,2517,256.51526399649,75,53
69,6694,3703.64106338885,71,2
85,8151,6286.38602528142,88,3
19,1134,102.69966592792,71,52
28,8240,1065.9770396186,89,61
38,6310,1213.85492325491,65,27
77,7806,5214.0143918745,90,13
47,2039,553.572014801565,68,21
46,2258,590.589087949596,85,39
84,9993,7587.52994075876,91,7
56,5913,2209.91394605181,89,33
71,3239,1886.22936863519,86,15
44,9343,2266.23452014429,44,0
26,7112,849.517048119306,69,43
99,9861,9391.42857142857,99,0
96,1449,1309.31820751606,96,0
2,2703,134.017152804308,73,71
65,6471,3206.60287262048,73,8
76,6306,4124.12697792023,91,15
14,9877,737.22744326695,82,68
20,9794,922.461840576681,65,45
38,3175,610.774862335076,88,50
51,3077,966.598548899804,80,29
41,1890,408.63329835653,89,48
20,5132,483.364730022414,74,54
16,4907,395.469228170087,75,59
79,3127,2174.11377404739,84,5
44,9236,2240.28064091327,79,35
96,2387,2156.89617759891,98,2
82,3701,2718.36892373248,97,15
86,3150,2466.15883412563,86,0
8,7479,446.93943340197,81,73
39,9431,1886.62121940285,79,40
57,7821,3022.37014498555,66,9
22,1104,112.512058582489,73,51
8,3604,215.372338277938,71,63
15,4280,331.922266686461,82,67
18,9834,856.459495709302,59,41
84,4530,3439.55875429172,88,4
25,4120,472.907912999316,72,47
22,9903,1009.24539505651,88,66
66,1817,926.418085195794,79,13
0,1194,77.1708147533439,80,80
92,8545,7252.97772969378,93,1
35,2585,441.836093244233,60,25
81,3837,2769.08818798206,82,1
12,9189,635.803847420535,55,43
26,1506,179.889296184994,85,59
72,7418,4427.42189334726,80,8
83,6555,4896.81149855845,88,5
92,2161,1834.25217950477,92,0
78,3762,2564.61267625439,87,9
38,7702,1481.63401250543,81,43
87,1106,878.49042556655,94,7
48,7512,2116.27580806956,64,16
60,6625,2821.82709332601,88,28
42,9186,2064.16889014913,79,37
13,4685,336.63223502449,77,64
52,3348,1089.81858997856,87,35
32,3110,471.882728112731,57,25
22,1837,187.214358347855,60,38
33,2581,407.502981350211,79,46
94,3445,3005.54626607468,94,0
57,3385,1308.10931348627,71,14
17,4205,352.254691343225,78,61
32,9974,1513.3628071371,77,45
18,5364,467.159724932347,88,70
8,5027,300.409751532518,47,39
27,9748,1211.76093859077,75,48
95,5760,5105.97715424693,98,3
18,6611,575.763039061846,85,67
52,1671,543.932755034103,66,14
35,1463,250.060427240353,75,40
83,7556,5644.59308666783,96,13
93,3757,3231.59931208294,95,2
3,5904,300.525552375447,80,77
78,6504,4433.87582306181,88,10
64,1306,628.598366023488,66,2
13,7704,553.557041329493,81,68
81,7159,5166.51090376949,83,2
85,1338,1031.92056211833,94,9
5,8308,448.80904934381,74,69
86,8714,6822.25653351453,89,3
52,2296,747.378579029504,59,7
50,6132,1858.27044949143,55,5
94,5599,4884.77606494982,95,1
66,6504,3316.13826423415,75,9
96,7974,7205.31634695171,98,2
52,3464,1127.57813491211,66,14
51,5582,1753.51091971359,68,17
18,6567,571.931005523997,64,46
37,3492,645.891748970914,73,36
92,6392,5425.51593308399,93,1
1,9714,470.476016846658,78,77
50,1935,586.391604658499,89,39
53,3464,1167.95357974013,77,24
43,1795,419.11576782602,60,17
47,5716,1551.84778646677,85,38
8,1754,104.817725121949,54,46
78,1557,1061.43060524404,83,5
76,2788,1823.35331659398,89,13
39,2866,573.328004963268,70,31
9,3095,191.676872078043,68,59
52,6633,2159.12984089839,79,27
88,2483,1999.8812632771,92,4
37,2663,492.557195735837,75,38
86,1979,1549.37407388401,91,5
94,6151,5366.3614173078,96,2
33,7776,1227.7191720183,58,25
48,3410,960.663006591745,75,27
13,1911,137.311462354707,84,71
12,5464,378.064231396866,82,70
97,6604,6083.61698508338,98,1
90,6280,5194.40294742045,90,0
95,4658,4129.10444175038,96,1
32,4060,616.026969819193,83,51
16,6013,484.604945789023,63,47
97,4414,4066.18494430013,99,2
33,3186,503.023827424166,71,38
77,4185,2795.36897642772,79,2
43,4167,972.955657120348,92,49
48,4619,1301.26170892882,85,37
0,3216,207.857068883378,44,44
72,3617,2158.80088814196,75,3
54,9476,3308.01107006135,64,10
86,3140,2458.32975846174,92,6
53,3629,1223.58647253953,90,37
80,6432,4557.71256329439,93,13
51,6800,2136.12938983382,80,29
86,4346,3402.51628352698,86,0
17,2954,247.457873538142,67,50
53,4954,1670.33546017108,62,9
48,6131,1727.22137636774,81,33
15,6287,487.568993144342,47,32
10,8144,523.107651505024,58,48
36,8182,1454.89586816151,75,39
3,6771,344.657607576923,76,73
82,3054,2243.15014673845,97,15
3,7129,362.880532331397,67,64
5,1847,99.7773608736179,82,77
24,7769,857.017073361214,76,52
45,2128,536.069201925155,84,39
89,8757,7148.79532314076,92,3
69,4979,2754.76977212625,77,8
23,1275,135.182308382992,82,59
76,9046,5916.08827184688,76,0
90,9661,7990.94376990908,93,3
65,1223,606.038527772345,91,26
7,6872,396.587055307495,88,81
91,6005,5031.52539798733,91,0
57,9806,3789.45935835933,59,2
98,4184,3923.09251568943,98,0
35,3946,674.462369029687,66,31
62,9599,4351.13712977136,91,29
58,9929,3965.50888050303,66,8
36,7603,1351.94002513224,64,28
3,6344,322.922443135135,84,81
9,6071,375.983938735315,51,42
24,3938,434.410250340644,57,33
53,1159,390.778925784876,53,0
38,9270,1783.27022798304,80,42
37,4001,740.038054877613,79,42
64,1433,689.72546593542,86,22
22,2563,261.203266437427,87,65
69,8335,4611.56980330835,83,14
13,9795,703.802079416197,83,70
56,7617,2846.76383004847,70,14
16,7287,587.280266084252,66,50
98,5819,5456.13655563977,98,0
81,1949,1406.55535011129,84,3
8,1262,75.4161739474911,58,50
55,8673,3133.42709745786,71,16
83,7156,5345.7792652455,91,8
54,6897,2407.69864396509,87,33
4,2826,148.042326160193,70,66
68,6235,3359.13363380921,68,0
77,2157,1440.76723587923,81,4
6,2485,138.65560298164,61,55
79,4465,3104.38695270917,83,4
12,5841,404.149556293758,62,50
41,1067,230.694036691226,77,36
96,7460,6740.86530577625,98,2
39,1304,260.858240918388,73,34
88,4930,3970.76706723967,98,10
76,1430,935.220675297484,85,9
27,2399,298.216505096354,89,62
57,4417,1706.9184158549,87,30
70,6690,3798.69010079591,72,2
81,8852,6388.31603857627,97,16
84,9111,6917.84101773772,88,4
70,4152,2357.57269035944,86,16
53,5604,1889.49534089598,56,3
31,5234,763.149652314178,69,38
96,7835,7079.71577355991,96,0
45,6156,1550.77161985491,89,44
89,7384,6027.94389243707,89,0
45,3029,763.042111198916,76,31
51,4086,1283.56245395015,78,27
8,8014,478.910632341675,73,65
1,5894,285.462800421474,72,71
18,8632,751.775306788966,32,14
1,9120,441.706946020333,74,73
98,3458,3242.3647034546,98,0
81,5659,4083.99011096963,81,0
57,2680,1035.66704878676,80,23
69,3550,1964.13590902755,75,6
43,5642,1317.35440784089,49,6
22,4264,434.557443655556,79,57
97,2503,2305.76821830159,98,1
60,9555,4069.82005686491,80,20
74,1783,1115.52532322125,84,10
84,5559,4220.86249781627,91,7
44,7262,1761.46795304376,86,42
56,7853,2934.96604402923,82,26
94,9978,8705.17870620992,95,1
71,4352,2534.38413470218,82,11
73,4466,2730.02202068704,74,1
46,8446,2209.08566732608,86,40
27,7894,981.292659954404,71,44
73,6237,3812.61695992501,79,6
38,1156,222.379760900582,85,47
49,4853,1418.23218227112,70,21
15,8204,636.23604577003,37,22
95,3400,3013.94484799298,98,3
84,6408,4865.49503256101,92,8
67,5313,2785.47178926054,70,3
57,2639,1019.82288871204,61,4
73,4767,2914.0203700437,85,12
58,8733,3487.84258771608,85,27
63,6319,2952.41611733291,73,10
40,6951,1445.7224316806,74,34
3,6920,352.242009220545,85,82
3,7130,362.93143435585,90,87
20,2642,248.840533265631,67,47
40,6821,1418.68403200882,86,46
66,9727,4959.42141700577,87,21
35,1206,206.133202496149,78,43
37,7619,1409.23517623408,85,48
5,6074,328.125441227047,66,61
11,6602,440.026756354858,82,71
84,5491,4169.23115227723,89,5
98,6757,6335.64439018009,99,1
24,8173,901.583284924855,85,61
10,7199,462.408151176899,85,75
89,6008,4904.64340543904,93,4
3,6421,326.841899018081,45,42
58,7054,2817.27259976517,65,7
42,9648,2167.98404660993,79,37
68,9584,5163.42209245028,72,4
67,6708,3516.83507667226,68,1
43,6591,1538.93706169432,49,6
83,5191,3877.8563675083,86,3
3,1305,66.4271419122559,69,66
62,7291,3304.94226619054,93,31
7,7193,415.112149130794,75,68
92,5453,4628.49474078645,97,5
79,9251,6431.9560357251,84,5
94,4976,4341.24766908203,95,1
31,7658,1116.58388181543,81,50
6,6418,358.105295748961,70,64
37,7976,1475.2670646598,74,37
83,1048,782.892212126507,85,2
50,3975,1204.60290879459,87,37
29,7075,952.518271756382,85,56
21,8219,805.188233341554,78,57
53,4143,1396.89136283584,72,19
42,5479,1231.1758490232,60,18
15,1148,89.0296173261817,89,74
21,5673,555.765038051665,79,58
99,4557,4340,99,0
20,2748,258.824294252064,72,52
28,7680,993.531998091124,64,36
24,4266,470.592719134887,71,47
27,9217,1145.75303354443,46,19
49,7911,2311.89672242877,84,35
9,2127,131.727530504038,85,76
58,2558,1021.63074995737,76,18
5,5797,313.161538161539,76,71
1,1923,93.1362343417874,85,84
53,3686,1242.80510823387,70,17
59,4788,1975.30468671532,81,22
81,5307,3829.95856492592,83,2
94,2638,2301.4894194209,96,2
53,1026,345.935442498087,65,12
74,7052,4412.04967995303,76,2
56,5976,2233.45945232633,81,25
11,6278,418.431986730657,13,2
95,4584,4063.50681858818,96,1
79,2222,1544.89312629782,80,1
58,1560,623.042990591673,84,26
48,9803,2761.69485443369,87,39
51,9274,2913.30352372336,61,10
18,8521,742.108131273029,75,57
79,5127,3564.65664200223,87,8
64,6320,3041.91552317645,74,10
33,8352,1318.66133290855,77,44
63,3333,1557.27218216024,75,12
97,2558,2356.43431978245,97,0
87,1307,1038.14374883859,97,10
3,2505,127.509571256859,68,65
91,5993,5021.47072608461,91,0
2,2317,114.878928245499,76,74
18,8016,698.126837259077,62,44
3,5444,277.110621126683,82,79
82,8041,5906.08065812831,95,13
3,1153,58.6900341952729,83,80
96,6826,6167.98211491001,96,0
23,3133,332.177389932482,57,34
17,9850,825.138813253452,85,68
22,2051,209.023761007867,82,60
86,9466,7411.00302343912,90,4
55,1035,373.930248572453,81,26
91,9267,7764.72037687737,96,5
36,5334,948.474035782632,56,20
90,9792,8099.29835368489,99,9
55,6747,2437.59167837521,64,9
15,1136,88.0989941485561,56,41
66,5868,2991.86644134778,78,12
43,1281,299.101559100352,78,35
70,1423,808.002393637157,87,17
24,8193,903.789533022065,82,58
49,1827,533.919265816884,82,33
40,2113,439.477988511164,71,31
6,7974,444.925464054567,89,83
40,4596,955.911422241982,77,37
68,3776,2034.33658400378,81,13
23,8690,921.36020380251,84,61
93,1279,1100.13721590473,95,2
84,5002,3797.9410350921,86,2
6,7335,409.271166145003,70,64
83,3952,2952.28055565263,93,10
16,3842,309.637818347152,56,40
13,6113,439.238602498337,31,18
0,4279,276.561068952729,88,88
18,1103,96.0621134601749,62,44
23,8474,898.458730382333,68,45
55,9387,3391.3847761832,76,21
80,7557,5354.88710211687,81,1
7,3857,222.589678742871,22,15
49,9831,2872.99414463371,71,22
67,6939,3637.94254577054,71,4
30,4475,626.982049354823,81,51
8,2881,172.16640027157,80,72
28,4942,639.327491479992,81,53
15,4186,324.632385128394,87,72
54,9444,3296.84007446807,78,24
84,9384,7125.12568438709,85,1
87,6601,5243.14222347631,93,6
88,2620,2110.22509455739,97,9
78,1269,865.096620459016,79,1
41,7154,1546.7527071125,86,45
58,2048,817.943618417787,68,10
16,5851,471.548900351168,82,66
26,7828,935.042105269674,89,63
9,5538,342.974642186819,74,65
50,1355,410.625645639414,61,11
87,1121,890.404852676404,89,2
46,8198,2144.22025819787,77,31
92,5480,4651.41228305698,94,2
94,4581,3996.63496223167,95,1
47,3509,952.665129935601,56,9
23,9155,970.661986859837,78,55
6,4584,255.773554956877,41,35
13,2169,155.84958757057,81,68
11,9946,662.90610704414,73,62
16,3530,284.49284194832,71,55
76,8861,5795.09818448322,87,11
13,3016,216.709246709469,77,64
76,9622,6292.79254385482,90,14
63,6310,2948.21106193554,64,1
12,5801,401.381882564645,81,69
16,6545,527.480354263953,66,50
27,4504,559.886260506034,61,34
11,3531,235.34299858967,83,72
84,4588,3483.59725489855,94,10
2,4057,201.149681438061,80,78
9,3999,247.662620820709,78,69
36,5482,974.790900667489,60,24
73,3830,2341.24145526901,78,5
74,1224,765.789677859119,88,14
29,3312,445.899719584048,64,35
57,2569,992.771883706417,60,3
96,9924,8967.33877942674,96,0
72,2267,1353.05546403589,78,6
79,5595,3890.04367310366,97,18
20,1999,188.278662376229,81,61
34,7388,1213.73074751328,74,40
10,2114,135.787030363657,41,31
53,1375,463.607439995,72,19
60,1983,844.631415255168,87,27
82,3667,2693.39606682707,97,15
98,4032,3780.57099026286,98,0
2,2772,137.438234396427,83,81
55,7096,2563.68023562331,91,36
52,9695,3155.85162181665,56,4
33,4350,686.802777556535,82,49
69,8576,4744.90973403388,70,1
63,8442,3944.34196273531,83,20
91,2785,2333.52177075682,91,0
5,6679,360.808334204057,86,81
67,9520,4991.09569617172,70,3
46,2410,630.345306447531,61,15
0,1720,111.167337835638,90,90
48,9876,2782.26036747803,82,34
21,6715,657.846330075257,44,23
52,2939,956.683642755972,88,36
16,2885,232.51043881612,74,58
83,4338,3240.63589332518,84,1
36,4618,821.157311069403,60,24
32,1230,186.628860314682,92,60
21,8046,788.23999579829,77,56
32,6942,1053.31507992237,70,38
10,8334,535.311783846128,82,72
66,3884,1980.30150957648,78,12
89,6501,5307.1049898068,94,5
0,5488,354.701366303477,89,89
65,1811,897.412734092981,72,7
20,2190,206.268269436689,76,56
24,1713,188.965149526034,51,27
8,1931,115.395112434711,79,71
33,6475,1022.3098815353,85,52
30,2512,351.950593961858,80,50
19,6345,574.629083168126,88,69
90,7064,5842.87618162071,95,5
31,2930,427.212166847639,53,22
66,2878,1467.38098469648,88,22
15,4096,317.652711296202,69,54
39,5933,1186.86498724601,62,23
83,3159,2359.88215468286,88,5
56,3934,1470.28605847587,88,32
15,5203,403.502699432163,37,22
43,8668,2023.89720084453,73,30
74,6783,4243.75113146929,76,2
11,2787,185.755009082246,69,58
98,7946,7450.50026999719,98,0
97,7817,7201.03482319758,98,1
17,3343,280.044573878811,69,52
5,9975,538.862574290383,74,69
24,9900,1092.09280811894,61,37
88,1337,1076.85914176459,90,2
89,2115,1726.5846875006,90,1
84,3876,2942.9866957251,95,11
91,1921,1609.58539376081,93,2
9,6819,422.308429951592,73,64
79,5880,4088.19603178722,95,16
5,2884,155.797460075535,49,44
44,7917,1920.34450347665,87,43
78,2184,1488.86605128644,86,8
50,7754,2349.80904523101,85,35
64,5122,2465.29925786547,81,17
19,4065,368.142982360667,69,50
26,8169,975.774010979557,81,55
95,1318,1168.34685578081,97,2
44,7662,1858.49180063636,60,16
79,1201,835.02099220688,89,10
58,8882,3547.35118104823,80,22
32,4286,650.318126267256,88,56
5,9865,532.920230112745,81,76
94,4518,3941.67141658212,94,0
60,8445,3597.03091368124,78,18
53,5637,1900.62191945586,72,19
84,3662,2780.49981417578,91,7
81,4321,3118.38156379215,84,3
19,9021,816.978559378986,87,68
67,8278,4339.94644673419,91,24
90,5487,4538.48550517453,94,4
63,6485,3029.97602799555,94,31
74,5866,3670.0345182366,74,0
23,3942,417.951889918239,86,63
95,6643,5888.71636035805,95,0
7,2934,169.322820179306,52,45
17,3971,332.652408876087,83,66
78,1023,697.394675121807,80,2
52,5956,1938.75732434657,75,23
75,8084,5172.87612753049,81,6
76,2845,1860.63134351143,78,2
92,7164,6080.78788244895,92,0
15,1499,116.25034527173,69,54
68,6558,3533.15130240911,77,9
49,8430,2463.56836936854,86,37
98,2664,2497.87726142367,99,1
14,3690,275.424649757522,71,57
58,9732,3886.82973361421,60,2
73,9699,5928.90362262509,73,0
87,7879,6258.25141323585,95,8
99,4094,3899.04761904762,99,0
82,3951,2901.99287156634,85,3
53,7304,2462.68272125344,78,25
83,4266,3186.84940546916,91,8
82,6073,4460.59294078015,96,14
80,6313,4473.38921207673,86,6
84,1081,820.786537172042,90,6
2,1120,55.5305997561322,43,41
90,8831,7304.42236125319,95,5
25,9039,1037.52782174777,68,43
97,8632,7951.81432695938,97,0
2,2539,125.885886411446,83,81
30,4568,640.012067363761,75,45
11,8517,567.66250891765,76,65
24,6789,748.910916597925,53,29
20,1916,180.461189151003,57,37
74,4782,2991.83516300842,93,19
11,3078,205.150311429908,87,76
1,1608,77.8799089035851,88,87
24,6675,736.335302443828,36,12
10,4111,264.058884496212,85,75
65,9735,4824.0270383187,86,21
50,7605,2304.65537644852,77,27
92,4743,4025.84825885753,94,2
59,1566,646.058299790348,79,20
35,6516,1113.73461647173,60,25
78,6038,4116.19652823604,94,16
56,9963,3723.55363512838,90,34
80,6381,4521.57398420111,86,6
6,2580,143.956320198242,84,78
0,9020,582.982201905495,86,86
0,6222,402.141381403103,80,80
76,8686,5680.64810184192,90,14
37,4876,901.880918666144,81,44
57,2446,945.239403482249,74,17
14,3983,297.29441191984,89,75
98,2962,2777.29446258893,99,1
67,9701,5085.98942736995,81,14
79,7558,5254.86149800133,84,5
34,1573,258.418850275906,90,56
10,4695,301.570533376239,83,73
16,1121,90.3446107150331,90,74
15,9262,718.28598926402,84,69
19,2609,236.281682897658,80,61
34,3587,589.286977711174,76,42
43,3182,742.96733884256,82,39
25,1142,131.082727341073,76,51
68,9059,4880.57603667645,80,12
20,6835,643.76421077615,87,67
23,9105,965.360719864425,78,55
22,2584,263.343441464811,50,28
35,1642,280.655653813164,75,40
58,7095,2833.64744759482,66,8
46,3695,966.442285196526,83,37
41,1927,416.632997848166,79,38
33,8806,1390.34143888801,84,51
82,2373,1742.95851283901,85,3
94,8232,7181.90329820806,94,0
28,6614,855.627686897747,56,28
55,3829,1383.36127708591,81,26
76,8332,5449.13193467038,88,12
22,8093,824.782690315294,62,40
25,9136,1048.66181872858,79,54
52,8200,2669.20921081966,91,39
4,4074,213.419829008006,37,33
67,8112,4252.91683690599,90,23
69,2904,1606.71850135662,70,1
36,4688,833.604476893322,91,55
41,1779,384.634199881623,52,11
36,3514,624.847724360736,75,39
65,9562,4738.29959326178,78,13
95,6196,5492.47125828368,97,2
78,1969,1342.29727792262,88,10
83,4940,3690.35069456579,87,4
80,9867,6991.7521551657,84,4
68,8421,4536.85073461225,93,25
15,8175,633.987039757435,75,60
74,6115,3825.82016348735,83,9
60,6834,2910.84775181736,68,8
15,7843,608.239798509793,85,70
4,2548,133.479068314286,58,54
53,6098,2056.05685024692,87,34
87,8508,6757.86305670905,88,1
45,9698,2443.04469937507,62,17
40,5323,1107.11847271411,79,39
61,7416,3259.48594263794,81,20
27,2398,298.09219642395,81,54
96,5785,5227.33321634257,96,0
93,6713,5774.21511365791,94,1
17,1201,100.608295910396,89,72
49,2420,707.216542570804,85,36
20,3000,282.559273200944,38,18
59,2855,1177.83936519888,68,9
14,9698,723.866735324783,90,76
31,3448,502.739778597495,86,55
44,2981,723.070224183895,76,32
79,5695,3959.5708165014,94,15
40,7129,1482.74424046194,51,11
45,6417,1616.52070900081,61,16
63,4645,2170.27581342164,94,31
36,6820,1212.70958455897,82,46
59,1778,733.519576645746,92,33
10,3804,244.339575924007,48,38
89,7453,6084.27218720659,90,1
55,2086,753.641061374045,71,16
28,8026,1038.29268446346,59,31
3,4182,212.872266265942,75,72
21,2971,291.059038965538,65,44
15,7574,587.378328944686,64,49
1,2599,125.876793059961,82,81
87,1855,1473.41748591858,90,3
6,1606,89.6100194722391,81,75
39,9296,1859.61518985992,60,21
83,2753,2056.58612593919,87,4
72,4155,2479.90536085978,77,5
85,5853,4514.07402845935,87,2
24,1503,165.799544505329,77,53
70,2720,1544.4599512952,95,25
41,2573,556.30342681024,73,32
76,1703,1113.76280421791,80,4
66,8770,4471.48409860601,84,18
72,1327,792.017909473148,79,7
60,3554,1513.77713051783,87,27
52,1601,521.146822746618,85,33
62,8753,3967.65322397007,93,31
18,1329,115.74483117731,60,42
26,7648,913.541392578241,86,60
31,5843,851.94562829036,69,38
16,1526,122.98472430967,84,68
52,4611,1500.94191110847,76,24
85,9269,7148.63355028015,86,1
50,3141,951.863581515424,52,2
94,3732,3255.93575181153,96,2
20,2349,221.243910916339,88,68
70,1214,689.328816497195,79,9
73,9451,5777.30365371994,79,6
33,4214,665.330322901894,82,49
17,3888,325.699462530906,78,61
4,2488,130.33591913891,79,75
83,6283,4693.61809999126,88,5
90,5852,4840.38949813766,90,0
32,9988,1515.48703806751,56,24
96,2891,2612.31120630015,97,1
39,7858,1571.95096406188,77,38
36,5481,974.613084012862,45,9
55,5453,1970.08854634356,85,30
65,8849,4384.98359137979,90,25
60,4671,1989.54782685673,70,10
93,2753,2368.00449991066,94,1
13,6028,433.131080624894,82,69
34,4467,733.856963879513,59,25
89,7750,6326.72876034497,91,2
75,3698,2366.31567535969,91,16
25,6729,772.377996740874,79,54
49,8244,2409.21205659244,76,27
61,9551,4197.86276134506,85,24
36,5653,1005.19754860878,72,36
46,8994,2352.4172971739,76,30
39,6649,1330.09696615519,68,29
89,6997,5712.01563046887,91,2
91,2870,2404.74236340111,93,2
26,6695,799.707063717485,70,44
26,5583,666.880438645962,77,51
46,3726,974.550461337552,71,25
5,1282,69.2553203248392,72,67
15,4918,381.400398963555,78,63
62,7124,3229.24272450163,84,22
90,9936,8218.40568241555,94,4
31,2023,294.965943185247,76,45
11,4253,283.464676579402,77,66
47,7143,1939.26674925335,87,40
97,9873,9095.02581673656,97,0
17,5726,479.669527379621,58,41
19,2463,223.059327319637,87,68
58,3028,1209.34242019974,83,25
36,4983,886.060390008409,76,40
40,9718,2021.22436930974,67,27
10,2086,133.988526650231,76,66
22,6985,711.862979346636,77,55
8,6978,417.000048974321,64,56
12,7257,502.125206304366,75,63
9,6064,375.550420769388,22,13
49,1254,366.466753877598,74,25
40,7523,1564.69139023639,92,52
92,8156,6922.79536142569,92,0
30,4209,589.713395694849,87,57
84,2444,1855.69130143244,90,6
22,2492,253.967436582937,80,58
46,2067,540.632260758111,78,32
90,5819,4813.09406863688,92,2
56,4236,1583.15499331565,81,25
15,5765,447.086884917628,77,62
82,1473,1081.91230063711,83,1
16,8202,661.02274494621,28,12
14,3501,261.31753355043,81,67
45,4500,1133.60498527406,64,19
41,4360,942.667291446811,73,32
83,1299,970.397885069019,91,8
24,5791,638.819136547148,89,65
36,8589,1527.26724659487,73,37
41,4923,1064.3924485763,82,41
98,9534,8939.47515405905,98,0
64,4281,2060.51271435417,76,12
7,5574,321.678731997087,90,83
20,9269,873.013967766516,22,2
94,1045,911.696907996529,94,0
40,9571,1990.65017891166,83,43
1,1007,48.7718086230785,72,71
27,1649,204.985000793617,87,60
12,5228,361.734956395098,76,64
43,2742,640.231440322533,65,22
39,8855,1771.39549335301,81,42
96,6076,5490.28117934269,96,0
19,4914,445.031885687655,65,46
56,1042,389.43519901674,81,25
84,2731,2073.60595098691,88,4
58,3066,1224.5191084321,80,22
8,4553,272.083866864443,65,57
1,8476,410.516236235564,74,73
51,4628,1453.8245317869,79,28
39,2627,525.517330439115,67,28
85,9241,7127.03880010129,87,2
58,2944,1175.79395147557,84,26
24,6643,732.805305488293,57,33
30,4818,675.038997495316,76,46
68,6696,3607.49940849823,77,9
2,5767,285.933007851442,38,36
74,2056,1286.32645235159,74,0
95,4971,4406.56465863915,95,0
45,1321,332.776041232674,52,7
21,4695,459.953614252171,81,60
28,5207,673.609520059959,78,50
53,2057,693.55673023252,68,15
61,8121,3569.34807715247,73,12
31,5588,814.765047216589,81,50
97,4952,4561.79153696743,99,2
2,8905,441.517848953891,58,56
96,7348,6639.66196606486,96,0
68,6225,3353.74608988971,85,17
92,9130,7749.52447888873,94,2
4,1127,59.0388186774725,74,70
88,7141,5751.57152680699,91,3
69,1373,759.650310730938,75,6
64,9940,4784.27852854018,68,4
42,1161,260.886139937203,74,32
19,9732,881.369619762365,87,68
78,5627,3836.01157078241,95,17
97,2783,2563.70473493141,97,0
40,6325,1315.52213787653,59,19
7,9759,563.197478571864,82,75
80,8678,6149.2272425791,84,4
96,1944,1756.60082499049,97,1
80,8084,5728.31908608083,80,0
49,2525,737.901557847636,59,10
45,6178,1556.31368867181,74,29
17,7768,650.728761558662,66,49
46,5889,1540.29191272594,88,42
91,8959,7506.65046470749,97,6
83,2144,1601.64208282369,83,0
97,2308,2126.13385850582,97,0
35,6714,1147.57738106065,89,54
61,6230,2738.21432344045,74,13
6,6425,358.495874912289,79,73
68,7991,4305.18634607368,89,21
48,4073,1147.44294013143,52,4
46,6620,1731.48793721272,86,40
0,2586,167.138799792418,86,86
20,8360,787.39850798663,42,22
52,7948,2587.17985458471,77,25
14,6819,508.975795852722,26,12
53,3861,1301.80969150596,60,7
23,3425,363.136789185684,75,52
48,7035,1981.89567488942,73,25
63,2830,1322.25630828488,91,28
46,6679,1746.91962728758,59,13
32,8363,1268.92451935909,70,38
97,2816,2594.10439581993,97,0
93,8269,7112.61504168587,93,0
67,2205,1156.02584139272,81,14
44,2438,591.360351076932,51,7
79,6565,4564.45696406175,85,6
35,4040,690.52913605675,74,39
42,4464,1003.09709619265,52,10
82,5923,4350.41857207984,91,9
81,6308,4552.3607739877,93,12
4,9301,487.240508002815,62,58
78,4565,3112.03000188763,82,4
48,6681,1882.16702259221,80,32
0,6938,448.418017385846,29,29
21,4691,459.561747488165,65,44
59,7940,3275.6723501503,81,22
47,1370,371.94392362832,82,35
16,8598,692.937522683189,87,71
7,5045,291.149839060872,67,60
89,9080,7412.47705082998,92,3
47,6546,1777.18607596422,59,12
85,1354,1044.2604193634,87,2
91,9325,7813.31795774053,95,4
60,9817,4181.41533210286,89,29
63,1702,795.222698480869,71,8
42,9061,2036.08037379069,78,36
80,4738,3357.34485772525,92,12
3,6335,322.464324915051,82,79
90,4903,4055.43911643352,91,1
62,7697,3488.97827772166,63,1
22,5516,562.152640526277,72,50
96,3004,2714.41814725896,97,1
62,9044,4099.56080858966,77,15
54,5936,2072.21968255426,71,17
73,4873,2978.8171309467,78,5
27,1198,148.921789539571,76,49
4,7388,387.026435127921,67,63
7,2393,138.101400371193,65,58
64,2062,992.47307101105,83,19
13,8031,577.053037242621,74,61
61,2072,910.687010941993,93,32
1,5760,278.972808012842,67,66
55,7500,2709.63948240908,60,5
39,4368,873.795089211289,84,45
27,1036,128.78378461018,28,1
32,5423,822.836023972779,50,18
57,4339,1676.77586742006,87,30
4,9302,487.292893822404,90,86
59,7203,2971.62064711997,74,15
75,3223,2062.36760997412,75,0
3,3386,172.354254800689,42,39
7,5868,338.645640358612,90,83
70,7888,4478.93385875608,71,1
78,9024,6151.79818993078,86,8
65,2034,1007.91689737445,84,19
73,6894,4214.23461948421,85,12
50,8618,2611.63971521806,90,40
86,4559,3569.27559516786,96,10
2,8220,407.554937495899,71,69
42,6136,1378.80909100317,88,46
11,1920,127.969005180449,67,56
55,6470,2337.51566015823,88,33
75,8105,5186.31383147385,87,12
13,9242,664.06726063956,89,76
74,5689,3559.29532462462,91,17
25,6591,756.537877324877,84,59
99,3198,3045.71428571429,99,0
86,3855,3018.10866842994,88,2
48,7479,2106.97906929609,77,29
12,8557,592.074602500546,85,73
40,5321,1106.70249733455,87,47
66,4091,2085.84281042157,89,23
2,7794,386.433477231513,84,82
72,1352,806.939121030668,87,15
25,3282,376.719361763048,80,55
7,8670,500.350664947029,85,78
23,3847,407.879482626957,91,68
58,3315,1323.96635500731,84,26
71,8291,4828.25801029773,92,21
35,9566,1635.04992958388,77,42
70,1408,799.485151258691,88,18
28,6495,840.233115573158,66,38
34,4809,790.042117594936,87,53
98,6284,5892.13990645134,98,0
9,5402,334.552007420223,47,38
54,6176,2156.0021495039,61,7
88,4695,3781.49115226982,94,6
52,4278,1392.54597608372,60,8
17,5775,483.774278836415,75,58
49,4389,1282.63363857159,74,25
30,9702,1359.32510454536,83,53
27,2692,334.638946110623,82,55
6,6092,339.915466142516,86,80
39,9994,1999.24636483004,75,36
23,1193,126.488230510517,78,55
78,9733,6635.13428441891,81,3
57,5226,2019.55074513419,76,19
19,7501,679.32115884068,66,47
63,5256,2455.75235206548,81,18
47,3043,826.149897518961,77,30
93,7695,6618.8865335316,98,5
30,5368,752.098243784735,77,47
42,4470,1004.44534497786,42,0
33,7994,1262.13825374412,82,49
55,2646,955.960809393923,86,31
76,9628,6296.71654668824,80,4
69,2320,1283.60431237857,69,0
65,9299,4607.97405540068,90,25
10,4626,297.138506368153,55,45
59,4353,1795.84404788467,78,19
64,5446,2621.245560003,65,1
98,2070,1940.91814232245,99,1
3,6438,327.707233433796,69,66
73,1944,1188.34814335325,80,7
78,2040,1390.69905889393,87,9
31,2171,316.545260828063,56,25
6,3990,222.630123097282,56,50
13,5669,407.33578235941,80,67
9,1274,78.9002697988456,37,28
44,2224,539.452592614888,73,29
88,9842,7927.03640482207,96,8
76,3268,2137.27354326726,89,13
30,9681,1356.38284241431,64,34
8,3498,209.037857740352,62,54
99,3822,3640,99,0
60,2595,1105.30434825374,72,12
37,7634,1412.00962532759,91,54
63,6502,3037.91891041281,75,12
23,8665,918.709570304805,78,55
85,6471,4990.70101454988,85,0
89,1739,1419.6362986116,89,0
2,6599,327.184310527426,68,66
38,7856,1511.25899795413,79,41
66,9885,5039.97951137063,84,18
13,5742,412.58106585072,91,78
89,1259,1027.78729151927,96,7
41,3497,756.079706006765,68,27
67,6636,3479.08729409617,68,1
83,9349,6984.02604119343,92,9
69,4299,2378.54092194632,90,21
2,4885,242.202660543488,55,53
22,7296,743.557952371232,83,61
52,8284,2696.55232956464,88,36
53,8898,3000.13018260037,81,28
66,2138,1090.0835807092,72,6
47,1322,358.912311705576,77,30
95,6604,5854.14464004284,95,0
33,5169,816.111162572351,54,21
75,4828,3089.39212564537,75,0
66,8091,4125.28823737984,78,12
69,5046,2791.83937942339,80,11
72,3424,2043.6091349179,81,9
96,2497,2256.29231481545,96,0
20,2892,272.38713936571,69,49
28,1694,219.14625062062,79,51
4,5505,288.383936840715,78,74
94,5411,4720.7578652337,97,3
59,4730,1951.3766015379,73,14
63,9185,4291.49264720727,83,20
16,7055,568.582719531275,76,60
37,5156,953.670635078474,71,34
5,4072,219.974777194029,78,73
51,9680,3040.84301376344,54,3
38,2547,489.966480115729,80,42
37,3711,686.398705736272,74,37
24,5752,634.516952757588,34,10
94,9076,7918.24032246554,95,1
63,7274,3398.61921783187,80,17
50,2087,632.454407711777,63,13
82,8889,6528.93308918076,98,16
48,6596,1858.22087726661,81,33
96,9047,8174.88048543669,98,2
72,3510,2094.93810267577,90,18
55,7474,2700.24606553673,92,37
52,8497,2765.88666638227,79,27
15,9550,740.620945527034,77,62
63,4767,2227.27767547491,79,16
64,4501,2166.40217876854,73,9
60,1715,730.480523027036,90,30
82,8420,6184.45456304444,93,11
14,8341,622.579133774388,81,67
53,6296,2122.8163216062,93,40
19,7911,716.452431354302,70,51
14,6471,483.000788233313,68,54
43,3672,857.377771285317,62,19
35,6088,1040.57954958255,73,38
86,6314,4943.27837418071,94,8
66,1272,648.54364577273,70,4
63,5384,2515.55758438367,85,22
87,8834,7016.8032725632,87,0
1,5304,256.887460711825,60,59
17,4473,374.70516869875,67,50
67,2763,1448.5711563574,70,3
74,4106,2568.89903373329,79,5
56,6124,2288.77270516172,90,34
50,3631,1100.35551241086,83,33
51,3408,1070.57778831671,70,19
26,7409,884.993224060171,90,64
19,3658,331.28340208495,78,59
66,2988,1523.46573393783,67,1
76,5882,3846.83077769217,76,0
84,5136,3899.68515718373,90,6
25,3816,438.013736894512,56,31
44,9539,2313.77620546467,86,42
3,4333,220.558471958471,76,73
58,4138,1652.66147119766,89,31
19,1989,180.131953730718,81,62
96,1954,1765.63683746472,97,1
52,6534,2126.90402237752,82,30
7,5330,307.597352268474,76,69
32,9356,1419.59318463753,64,32
89,4651,3796.85360830509,97,8
88,9421,7587.95061672716,94,6
45,6851,1725.85061202502,75,30
4,7766,406.828274932788,72,68
25,2506,287.647385916574,86,61
88,5130,4131.85295232038,91,3
50,3445,1043.98918762198,62,12
49,9678,2828.28169380175,80,31
69,3263,1805.34520314279,83,14
62,9433,4275.89087875125,93,31
2,8078,400.514450741104,68,66
92,9142,7759.7100532312,92,0
13,7915,568.718066215334,68,55
25,6256,718.085413525175,78,53
57,4430,1711.94217392738,84,27
81,8282,5976.95813731232,88,7
79,6389,4442.08919168173,82,3
67,4080,2139.04101264502,85,18
44,6450,1564.50954243077,86,42
73,5275,3224.55579022037,77,4
91,3642,3051.59292247625,94,3
49,8101,2367.4219881678,69,20
85,9709,7487.97962451936,85,0
24,7755,855.472699693167,53,29
68,2681,1444.40052481836,69,1
23,3608,382.53942638889,89,66
91,8644,7242.71532726103,94,3
67,1514,793.751983613864,91,24
6,3593,200.478704834219,18,12
49,9332,2727.16726250857,88,39
15,8422,653.142366830228,86,71
63,2146,1002.67209808457,80,17
67,3477,1822.90333357028,81,14
69,2425,1341.69847306812,80,11
0,3152,203.720609801122,33,33
98,8673,8132.16572384667,99,1
37,1240,229.354458397461,90,53
46,4596,1202.10250142442,74,28
40,2904,603.996251129399,57,17
90,1852,1531.85258895266,92,2
52,1134,369.132103057255,55,3
13,1128,81.0504079205176,64,51
35,2472,422.521788201061,74,39
79,7875,5475.26254257217,84,5
5,2125,114.795285249831,77,72
35,10000,1709.23053479394,67,32
72,1650,984.799962796303,75,3
52,9714,3162.03637486611,72,20
71,5800,3377.62591481448,80,9
42,3787,850.969691595337,72,30
27,4545,564.982916074584,73,46
82,8790,6456.21800583855,86,4
10,7653,491.569604244591,28,18
7,4501,259.755287534784,83,76
61,3629,1595.02083142302,63,2
77,9096,6075.66934518197,84,7
93,6884,5921.30148106973,97,4
52,8218,2675.06845055072,83,31
90,4601,3805.64457979005,93,3
71,4670,2719.57121072131,79,8
66,1773,903.984185499253,75,9
22,6471,659.479647723992,38,16
87,9555,7589.49006897684,94,7
61,5406,2376.0492187029,85,24
24,5776,637.16445047424,87,63
89,3169,2587.01979890751,92,3
51,8378,2631.83706294526,92,41
75,9242,5913.86951640732,78,3
32,8504,1290.31855944394,71,39
83,4156,3104.67560457802,91,8
73,9336,5707.00528104215,81,8
96,7605,6871.88748665259,98,2
88,2810,2263.25668538407,88,0
38,9254,1780.19230741694,75,37
58,6048,2415.48974814003,87,29
78,7701,5249.88894732457,83,5
40,9740,2025.80009848497,75,35
68,7663,4128.47490551403,91,23
64,2244,1080.07253702657,78,14
55,2679,967.883223116522,61,6
34,2878,472.809568400546,84,50
53,2621,883.720072892287,71,18
89,5145,4200.13154477095,95,6
5,1798,97.1303166490335,87,82
78,4498,3066.35508181612,78,0
4,6733,352.713723296737,75,71
41,6614,1430.00033615349,61,20
30,7633,1069.44223077662,77,47
38,2290,440.527381022779,52,14
6,9083,506.804362930478,57,51
63,2985,1394.67670679518,91,28
16,5021,404.656815700429,71,55
14,6923,516.738441807947,47,33
10,2801,179.914603618071,80,70
49,7199,2103.82309502778,68,19
83,6041,4512.83573803075,88,5
35,1163,198.783511196535,83,48
8,3204,191.468638136103,88,80
7,9783,564.582532315662,53,46
50,6582,1994.64059010969,72,22
40,5715,1188.64964710899,92,52
37,1963,363.082904705013,82,45
76,4008,2621.2338927219,81,5
79,4288,2981.32390889517,84,5
81,2421,1747.18855957898,84,3
15,3042,235.912975528088,87,72
84,6906,5243.61871018513,87,3
38,1080,207.759638211616,80,42
47,4505,1223.07107733254,72,25
6,8806,491.348587467334,59,53
5,6381,344.709983613728,77,72
90,3313,2740.29569503248,90,0
44,2844,689.839556383427,82,38
10,4835,310.563051943368,88,78
95,3777,3348.13814437338,97,2
6,5683,317.094483599461,57,51
68,6067,3268.62289596159,80,12
2,1984,98.3684909965771,87,85
11,5777,385.040074441383,87,76
21,8331,816.160502733725,73,52
92,5312,4508.81424226254,97,5
32,7044,1068.79161955823,64,32
94,1791,1562.53508346582,96,2
52,2920,950.498889706512,71,19
74,1115,697.594355239312,84,10
34,5007,822.570364482812,37,3
48,3224,908.263206232195,71,23
8,4417,263.956608816219,66,58
8,6522,389.749830812628,89,81
17,4010,335.919455953943,80,63
78,5400,3681.26221471922,88,10
36,4588,815.82281143058,58,22
73,3178,1942.6802466958,79,6
61,3770,1656.99325832592,76,15
31,3648,531.901018655354,78,47
32,1423,215.912900998205,87,55
98,3365,3155.16403329229,98,0
88,8474,6825.20895086996,98,10
99,3224,3070.47619047619,99,0
1,2345,113.574867151062,75,74
70,4872,2766.40032452581,90,20
10,4205,270.096718391285,80,70
56,8050,3008.59246841147,68,12
94,3609,3148.62597221002,95,1
26,1571,187.653442434678,64,38
63,8047,3759.78675362841,69,6
63,3010,1406.35741623232,84,21
98,1951,1829.33879017927,99,1
11,1164,77.5812093906474,78,67
71,2373,1381.91487859565,72,1
36,2614,464.812735196063,66,30
34,7104,1167.07407015896,75,41
86,4206,3292.90922423251,91,5
52,4032,1312.46969975913,83,31
3,4437,225.85228250167,75,72
90,9368,7748.59344131127,94,4
6,4412,246.176466943661,63,57
28,7925,1025.2267037594,50,22
79,3918,2724.07347832353,89,10
57,9666,3735.35734834808,82,25
91,6014,5039.06640191437,94,3
9,6598,408.621648455874,79,70
70,2853,1619.97950038427,82,12
42,8950,2011.1377712644,76,34
98,9060,8495.03302871565,98,0
35,4616,788.980814860881,91,56
85,8076,6228.54294444519,98,13
92,2406,2042.20765566334,94,2
30,5210,729.961223941593,80,50
22,5926,603.937010108542,81,59
90,7096,5869.34447689419,93,3
67,8624,4521.34551300262,81,14
27,7378,917.149384994121,79,52
80,7406,5247.88856401715,81,1
72,4087,2439.31966542333,83,11
13,3825,274.838484304947,64,51
70,7224,4101.90392946931,86,16
32,6233,945.73795637513,75,43
77,9342,6239.98494092897,89,12
52,5615,1827.75728277468,72,20
81,2275,1641.82320241313,94,13
93,9374,8063.08542759262,93,0
26,2590,309.37136594896,29,3
62,7458,3380.64180787945,75,13
75,1732,1108.2906299954,75,0
14,8115,605.710306987071,84,70
66,2761,1407.72720595795,74,8
51,3591,1128.06479983724,88,37
93,9853,8475.09928718478,93,0
98,5662,5308.92682213995,98,0
69,1361,753.010978080704,93,24
41,2278,492.522038971522,60,19
18,9030,786.437791972239,64,46
45,7835,1973.73223547161,64,19
52,5094,1658.16484389211,77,25
65,5283,2617.90804760531,73,8
29,2644,355.965838943304,84,55
43,5117,1194.77180165222,72,29
40,2143,445.717619204649,72,32
28,3069,397.024700799695,78,50
66,1553,791.814687016548,74,8
81,3329,2402.47447948717,93,12
96,4911,4437.58572609479,98,2
68,5768,3107.53533276849,73,5
3,5307,270.137043776507,79,76
47,9122,2476.54924915148,73,26
45,6987,1760.11067380219,87,42
24,5200,573.624505274593,87,63
75,4142,2650.42713016221,92,17
21,8861,868.082848964535,80,59
69,4910,2716.5936093874,77,8
70,4100,2328.04625011409,83,13
55,3579,1293.03996100561,79,24
21,4434,434.384307900773,84,63
68,7264,3913.51190312592,73,5
64,7710,3710.94441197633,71,7
67,5053,2649.16035218022,78,11
72,4102,2448.27239235784,82,10
53,9836,3316.39474893878,94,41
46,4078,1066.61749364856,92,46
92,8925,7575.52091720503,97,5
3,2796,142.322060372925,87,84
72,1557,929.29305580233,77,5
86,6515,5100.64279502492,96,10
20,2824,265.982462506488,61,41
72,4097,2445.28815004634,83,11
63,9207,4301.77167151196,78,15
16,6661,536.829127540442,26,10
61,2684,1179.67371494609,83,22
77,4844,3235.54774714836,85,8
15,4690,363.718558588669,81,66
3,6975,355.041620565506,87,84
70,7590,4309.72464350388,74,4
77,3590,2397.93897858435,93,16
17,2953,247.374103100248,78,61
96,5274,4765.59297890937,97,1
14,3852,287.516463649316,57,43
25,2915,334.593826794419,81,56
37,5448,1007.67991076562,68,31
62,2943,1334.03443826619,77,15
22,1794,182.832095196545,61,39
13,6948,499.236023255103,62,49
14,7100,529.949868097129,81,67
45,1181,297.508330579703,51,6
34,5950,977.490247388203,74,40
75,2496,1597.1670972682,80,5
58,8983,3587.68922082372,73,15
39,1873,374.683654325262,85,46
52,6221,2025.01835372062,76,24
23,9090,963.770339765802,73,50
27,1537,191.062429484408,75,48
4,5165,270.572758180254,61,57
65,7284,3609.47231095156,87,22
16,4396,354.286270029693,85,69
67,2719,1425.50306700535,84,17
65,3764,1865.19134794367,71,6
67,3898,2043.6230066888,78,11
70,1954,1109.51277383486,71,1
72,1130,674.438762399892,90,18
33,9610,1517.28153846398,79,46
94,2424,2114.78785165893,97,3
97,8101,7462.65614720783,98,1
79,6956,4836.30809474693,81,2
38,8169,1571.47081902842,89,51
33,2790,440.501091812122,79,46
18,3562,310.220533223158,55,37
62,7036,3189.3531456476,72,10
10,4140,265.921620485118,70,60
4,8423,441.245758403151,76,72
71,4656,2711.41832058211,84,13
43,9727,2271.16382932796,82,39
36,3859,686.194470207195,80,44
36,5716,1016.3999978503,37,1
52,1379,448.882866063452,76,24
72,9644,5756.00657042882,85,13
61,7375,3241.4655915527,77,16
50,3296,998.83551883949,75,25
51,2279,715.917482269305,75,24
65,7587,3759.6192233923,77,12
1,1317,63.7859701654363,87,86
92,4885,4146.37755524332,96,4
51,6157,1934.13950782453,79,28
72,7855,4688.2446713727,80,8
13,3983,286.1912896697,59,46
5,1092,58.9912712907367,10,5
78,4371,2979.77724824772,78,0
99,9849,9380,99,0
35,8232,1407.03857624237,59,24
80,3101,2197.36732878979,82,2
71,1611,938.164715304505,71,0
5,7561,408.455130246575,58,53
4,5583,292.470030768704,86,82
27,6255,777.550745884824,75,48
62,8170,3703.38476406209,77,15
22,6161,627.886587795938,68,46
41,1002,216.640510557272,80,39
67,7291,3822.48726058698,74,7
17,6699,561.178163450241,19,2
58,5323,2125.93451212787,85,27
28,6935,897.154219630462,68,40
53,6912,2330.51245472396,68,15
71,7718,4494.57186388589,89,18
30,3528,494.300038016495,87,57
68,2510,1352.27352379489,86,18
91,4348,3643.14278608641,92,1
34,1933,317.561117344773,57,23
51,2118,665.34147759824,85,34
57,4571,1766.43062686728,89,32
25,2992,343.432154294649,75,50
38,7520,1446.62266606607,92,54
52,8592,2796.81043162957,79,27
42,1542,346.499937797731,68,26
35,8163,1395.24488555229,84,49
65,4831,2393.92651485543,83,18
75,4028,2577.47959446967,75,0
93,1831,1574.94233176041,96,3
66,9063,4620.8734761307,86,20
80,5573,3949.02551542905,85,5
30,2583,361.89824211922,91,61
59,8859,3654.80873425459,73,14
35,8455,1445.15441716827,78,43
23,5056,536.064118576006,76,53
44,3073,745.385709130194,76,32
68,6740,3631.20460174404,84,16
78,6168,4204.81950747928,87,9
94,8004,6982.98760919064,96,2
15,4306,333.93861690465,69,54
65,3722,1844.37890463505,69,4
7,8562,494.117923099938,15,8
88,7178,5781.37241554692,89,1
15,7121,552.24730398932,44,29
29,2526,340.079315117544,73,44
37,2805,518.821980487805,82,45
50,6733,2040.40034840603,60,10
23,3193,338.538910326975,82,59
49,5867,1714.5617583731,81,32
36,9179,1632.17907282504,66,30
84,4415,3352.24103757129,85,1
15,4222,327.424254661271,75,60
44,4763,1155.31146520895,70,26
10,1186,76.1794787186835,46,36
56,2594,969.476877398678,67,11
46,5678,1485.10400415315,78,32
26,1809,216.082162548907,50,24
68,5388,2902.80866382743,69,1
36,6532,1161.49838802628,84,48
36,1421,252.677466225557,65,29
79,2248,1562.97018358124,81,2
11,8456,563.596826982229,77,66
69,1297,717.601203946122,80,11
35,3445,588.829919236511,84,49
79,9130,6347.82819221383,96,17
84,5589,4243.6410326129,88,4
72,8122,4847.60321080701,87,15
6,4864,271.396721490019,86,80
64,1105,531.853900808541,88,24
71,2152,1253.2156842553,79,8
24,2975,328.179404459983,79,55
75,9285,5941.38481495801,76,1
0,7029,454.299545143429,76,76
11,2138,142.498819310313,85,74
8,4164,248.837518476508,83,75
62,5217,2364.81741910795,81,19
87,8440,6703.85098714438,92,5
25,3614,414.827475140662,86,61
7,2700,155.818546177276,84,77
81,1478,1066.64382117213,84,3
35,4859,830.515116856374,77,42
35,8582,1466.86164496016,88,53
6,6449,359.835003472273,86,80
14,2671,199.36564756161,89,75
95,3220,2854.38306192276,95,0
72,2278,1359.6207971212,76,4
97,3387,3120.11064937575,98,1
6,8901,496.649304683936,50,44
41,4231,914.77644727327,86,45
98,9664,9061.36856396335,98,0
16,3612,291.101457540321,70,54
51,6725,2112.56913921065,77,26
44,1953,473.718935870898,83,39
82,8161,5994.22015308856,83,1
8,3975,237.543020159491,79,71
93,1303,1120.78091659411,95,2
85,4848,3738.97674525387,90,5
91,4224,3539.24450975828,92,1
61,4453,1957.18593616057,62,1
88,6682,5381.87942054674,89,1
16,3574,288.03892836354,54,38
92,3050,2588.83347870872,97,5
86,4644,3635.82273831093,95,9
77,7079,4728.41504997176,86,9
1,8273,400.684382064278,76,75
95,4455,3949.15420523786,98,3
67,2229,1168.60843558474,67,0
70,5205,2955.48310532776,77,7
44,4961,1203.33826976729,57,13
55,2597,938.257831442183,83,28
5,7537,407.158618789636,72,67
28,4557,589.52152542985,71,43
14,6372,475.61134641055,83,69
24,6694,738.431238136178,71,47
80,8869,6284.5697642814,86,6
72,2063,1231.29837772653,74,2
73,2960,1809.41898370659,83,10
10,4575,293.862660318699,83,73
69,8927,4939.11021405323,70,1
40,1139,236.897978662667,85,45
19,5914,535.595964989172,63,44
87,7167,5692.71327308812,91,4
83,6918,5167.98504149921,86,3
31,2711,395.280608984283,66,35
46,3032,793.031937406188,91,45
85,7281,5615.40628758116,87,2
52,9554,3109.95424392329,74,22
74,1553,971.62693604184,88,14
63,3563,1664.73470898198,66,3
28,2915,377.102314379639,67,39
70,6016,3415.9820099235,72,2
5,4157,224.566588604022,85,80
95,7817,6929.41378728268,96,1
18,6339,552.074104464233,84,66
23,5270,558.753541316367,84,61
62,7700,3490.33814972804,77,15
45,2491,627.513337403929,85,40
76,4198,2745.49398244674,84,8
92,3734,3169.41121622897,98,6
29,1620,218.103123709589,54,25
18,7683,669.125310711264,83,65
92,1470,1247.73285695142,99,7
29,5565,749.22461940979,77,48
51,4809,1510.68326995748,79,28
2,1322,65.5459400692918,87,85
11,2964,197.552151747319,40,29
86,2001,1566.59804034457,87,1
63,1298,606.462433976597,75,12
88,8129,6547.33579910573,95,7
82,7254,5328.03247034731,82,0
97,8647,7965.63235463598,97,0
94,2245,1958.6215870356,96,2
23,2352,249.371599464155,46,23
12,3153,218.16188169735,85,73
48,7087,1996.54508144155,79,31
9,2857,176.937261236501,84,75
62,9403,4262.29215868737,69,7
43,7615,1778.03151643183,44,1
77,3676,2455.38264213818,85,8
17,4090,342.621090985444,53,36
94,1509,1316.50778389164,94,0
75,2002,1281.0611092672,80,5
51,2031,638.011586875366,80,29
54,7042,2458.31721774716,84,30
82,2864,2103.59594638471,83,1
85,8952,6904.15012861235,85,0
75,6223,3982.039601883,79,4
42,4132,928.493996744635,79,37
44,5465,1325.58831773398,65,21
80,2659,1884.16630998131,86,6
15,8825,684.395795212154,85,70
76,7061,4617.89733445842,85,9
38,8851,1702.66718315835,74,36
56,2112,789.335067488824,72,16
78,2459,1676.33773814714,83,5
3,9646,491.000927881702,31,28
10,5319,341.651473275445,66,56
13,1151,82.7030314862728,52,39
45,7437,1873.47117232959,63,18
72,6215,3709.41319319941,77,5
94,4878,4255.74882029384,95,1
67,8242,4321.07255544615,83,16
92,6149,5219.25805264916,96,4
5,2101,113.498773792892,62,57
75,9084,5812.76679150011,93,18
54,4656,1625.37985882289,88,34
60,2249,957.930435153238,62,2
97,2702,2489.08738547779,97,0
44,6288,1525.21488415576,81,37
40,2124,441.765853098775,80,40
79,1628,1131.90189451524,85,6
24,3311,365.244372493111,56,32
54,6664,2326.35983230148,88,34
52,2899,943.663110020266,72,20
25,3984,457.297360531378,70,45
15,6441,499.511990590537,73,58
38,6580,1265.79483280781,46,8
22,7989,814.183728274914,91,69
27,5047,627.385869621216,87,60
51,5099,1601.78290570039,70,19
34,9424,1548.21312460276,72,38
76,6147,4020.14090283471,93,17
69,7145,3953.16931549348,76,7
33,5773,911.474122950316,75,42
12,9721,672.613908017741,81,69
60,3332,1419.2193018811,77,17
44,5119,1241.66268956637,58,14
71,9451,5503.78319326063,84,13
79,7890,5485.69161408183,87,8
52,3560,1158.8274134778,86,34
12,2080,143.919033913888,51,39
38,4715,907.02471682201,84,46
20,1017,95.7875936151199,88,68
5,6337,342.333045942673,65,60
18,5152,448.696290613619,74,56
15,3797,294.464683787031,72,57
25,9798,1124.64847853575,75,50
31,1786,260.409873716684,88,57
70,6325,3591.4372029199,86,16
22,8671,883.688460116633,82,60
56,3800,1420.20514036815,77,21
80,4463,3162.47997045754,88,8
75,6576,4207.92100626428,75,0
64,3588,1726.96090144891,72,8
46,7398,1934.97700294557,90,44
51,5566,1748.48473291398,60,9
80,8909,6312.91374788398,81,1
15,4344,336.885590300464,83,68
29,2661,358.254575426676,87,58
7,9004,519.625996214885,61,54
90,1925,1592.23338754528,91,1
68,1587,855.003220024895,81,13
79,4285,2979.23809459324,88,9
73,9809,5996.14554431689,88,15
89,4126,3368.26875679785,96,7
68,8358,4502.90920791939,77,9
27,6204,771.211003592237,74,47
2,9867,489.214667672997,89,87
36,6500,1155.8082550782,67,31
40,1346,279.951430447717,66,26
9,7071,437.91507672499,63,54
61,2041,897.061867438517,66,5
43,6333,1478.69646665303,87,44
47,1346,365.428117666948,82,35
46,3661,957.549446848303,82,36
56,5559,2077.61062508067,61,5
96,5542,5007.75811321876,97,1
96,8161,7374.28978021983,97,1
18,6401,557.473788085748,86,68
41,4436,959.09910661882,81,40
34,1491,244.94755611022,65,31
28,5303,686.028670036098,64,36
37,5593,1034.49958533629,88,51
63,7216,3371.51997193769,74,11
0,5616,362.974284467989,80,80
4,3792,198.647027883741,83,79
36,8885,1579.90097636458,58,22
77,5272,3521.4301657651,77,0
42,6571,1476.55712793054,72,30
31,2096,305.609795806366,70,39
7,9402,542.594804132868,84,77
86,2952,2311.14313598059,87,1
88,5447,4387.17408017332,89,1
95,6794,6022.57096978362,98,3
38,6474,1245.40360905741,87,49
86,1573,1231.51360193004,91,5
84,6225,4726.54597030154,98,14
1,3533,171.11300880371,78,77
13,3224,231.654711999777,85,72
44,8616,2089.89367714473,82,38
81,9786,7062.36565222632,84,3
26,7191,858.953472022768,79,53
96,4348,3928.85822379559,96,0
77,4284,2861.49598447225,87,10
67,3091,1620.53327698181,87,20
31,3251,474.015957140503,71,40
24,9520,1050.17409427195,78,54
8,4326,258.518517033951,87,79
61,6611,2905.67173230575,79,18
52,4050,1318.3289394902,73,21
30,3545,496.681869265441,82,52
50,8100,2454.6625311286,85,35
9,6247,386.883819021498,67,58
8,6736,402.53831038851,67,59
45,4915,1238.14855613822,75,30
41,6363,1375.73210446699,86,45
75,7196,4604.65321792545,75,0
13,6297,452.459591024379,70,57
50,8926,2704.97750035233,91,41
0,4835,312.49655722983,80,80
77,8290,5537.30198675885,94,17
54,2927,1021.79700317324,77,23
66,5164,2632.92404620313,84,18
53,7246,2443.12691651183,92,39
74,8846,5534.45709995243,82,8
37,7182,1328.40622597626,87,50
0,9574,618.788425836276,81,81
70,3917,2224.1358930968,82,12
60,2918,1242.88172955854,91,31
30,8906,1247.79935900649,82,52
12,6123,423.661656084007,74,62
0,9702,627.061344000789,77,77
27,3508,436.074822792,71,44
80,4108,2910.92711598467,91,11
64,4659,2242.45006684796,73,9
78,8233,5612.56144699691,90,12
83,5095,3806.14105036694,90,7
11,3982,265.402384702369,82,71
53,5606,1890.16967899052,64,11
37,3751,693.797236652319,73,36
5,4531,244.770558807993,84,79
17,8298,695.12709364235,64,47
28,6803,880.07788841327,78,50
72,1763,1052.24383903629,90,18
90,2288,1892.48311205382,90,0
6,7748,432.315336781388,86,80
74,5143,3217.69306636393,74,0
94,8874,7742.00800149397,99,5
43,9462,2209.28879953749,76,33
54,5450,1902.56018698126,90,36
41,1593,344.419494329076,84,43
73,5619,3434.83961805654,83,10
48,5172,1457.05251322361,87,39
61,6891,3028.73754459521,76,15
8,2907,173.72014078079,82,74
98,9934,9314.53179991846,99,1
10,2229,143.173742043799,77,67
61,4949,2175.18823221618,87,26
81,6674,4816.49584743087,88,7
55,1153,416.561909762356,64,9
67,5947,3117.86198583332,67,0
74,2904,1816.87354943046,91,17
13,8016,575.975239264955,71,58
48,8645,2435.46383929197,82,34
78,2606,1776.5498762145,83,5
14,6197,462.549201774354,73,59
32,9922,1505.47280653843,88,56
85,6434,4962.16509467067,88,3
91,3054,2558.91399924285,92,1
83,2916,2178.35275816879,87,4
78,3825,2607.56073542611,85,7
75,7639,4888.124782064,88,13
5,3878,209.494642917103,79,74
98,5942,5571.46647424154,98,0
42,9725,2185.28657268673,79,37
22,5013,510.890352965596,83,61
41,1159,250.585181373132,67,26
77,8242,5505.2404071009,89,12
1,6428,311.325904497665,69,68
90,1351,1117.45834107723,93,3
64,1672,804.759929549213,90,26
60,4862,2070.90163437752,79,19
61,5649,2482.85276293982,90,29
85,4294,3311.70918814359,85,0
92,8056,6837.91557523852,95,3
75,9455,6050.16622783285,86,11
86,5189,4062.50736199299,88,2
68,1046,563.537093979861,70,2
87,4642,3687.11804292941,87,0
4,5800,303.837753619646,83,79
57,9789,3782.88982857225,73,16
48,6380,1797.36949620391,63,15
53,6836,2304.8876071315,88,35
63,4372,2042.72246636801,79,16
12,9618,665.487148165274,80,68
15,6897,534.875671340309,81,66
87,5953,4728.43897233063,87,0
45,4055,1021.5040478414,71,26
46,1738,454.580972035605,86,40
91,2216,1856.76274470274,92,1
96,6699,6053.22475648728,96,0
30,4554,638.050559276394,72,42
55,3859,1394.19983501555,73,18
82,5193,3814.23664440496,89,7
91,2870,2404.74236340111,91,0
61,8582,3771.9671466719,84,23
30,6078,851.57472535835,68,38
24,3219,355.095631245945,83,59
62,1370,621.008216250314,81,19
94,7473,6519.72343871585,96,2
82,4281,3144.37648270704,88,6
89,3328,2716.81978250685,97,8
18,5258,457.928007772983,91,73
26,3357,400.988291695235,65,39
86,1538,1204.11183710642,92,6
99,4376,4167.61904761905,99,0
49,5612,1640.04100698651,74,25
87,3100,2462.31493603644,94,7
38,7226,1390.06587566402,67,29
45,4430,1115.97112994757,80,35
88,2409,1940.27948579723,88,0
13,9232,663.348728654449,77,64
97,4968,4576.53076648914,98,1
94,8856,7726.30413130838,96,2
74,6800,4254.38709921733,81,7
36,4843,861.166058360571,91,55
1,4320,209.229606009632,63,62
60,4256,1812.78431836913,91,31
59,2528,1042.93447118135,60,1
61,8551,3758.34200316843,65,4
7,4513,260.447814406683,80,73
30,5195,727.8596081337,80,50
83,2502,1869.08045299668,86,3
0,3981,257.300681350973,38,38
37,4550,841.58289170036,79,42
44,4539,1100.97811055709,80,36
21,1780,174.380709982719,42,21
16,3071,247.500713207731,82,66
61,1042,457.980630020056,66,5
70,2207,1253.17026195166,76,6
72,2056,1227.12043849042,87,15
18,4711,410.288863563812,69,51
80,3377,2392.94081564757,89,9
60,1973,840.372053604864,81,21
4,2210,115.772661293003,78,74
50,5848,1772.20573852346,70,20
65,7621,3776.46739178499,82,17
76,9185,6006.99433748769,88,12
65,2791,1383.03641129404,85,20
75,4162,2663.2249434416,85,10
43,6337,1479.63042936685,81,38
80,5814,4119.79801663458,91,11
10,3940,253.075165389218,88,78
85,7581,5846.77861092608,86,1
15,2313,179.377617487333,89,74
90,7701,6369.76068440843,98,8
1,5400,261.53700751204,63,62
0,8849,571.930100295092,80,80
41,8025,1735.06995730749,91,50
90,4752,3930.54184811178,98,8
69,8631,4775.34000868079,74,5
19,4113,372.49005816714,87,68
69,9941,5500.133822998,77,8
84,3439,2611.17937218747,84,0
1,7325,354.770107412165,68,67
58,3350,1337.94488364238,72,14
1,8445,409.014820081328,73,72
1,8351,404.462138839452,73,72
36,2777,493.796849900332,86,50
64,3162,1521.9203930829,77,13
66,3367,1716.70318814212,68,2
2,2249,111.507427546019,36,34
8,3668,219.196930300632,89,81
36,5902,1049.473895611,83,47
95,5240,4645.02088337742,97,2
10,1587,101.936621185962,58,48
31,3958,577.100940745036,85,54
31,1657,241.600873879364,87,56
56,1036,387.192769847737,83,27
80,9690,6866.3300277243,91,11
87,6767,5374.99521682536,96,9
94,3496,3050.04056493384,94,0
47,3468,941.533961418257,75,28
78,5303,3615.13583789926,89,11
97,2257,2079.15256440539,98,1
63,8246,3852.76520074809,84,21
4,6687,350.303975595616,17,13
40,6274,1304.91476569761,85,45
81,2713,1957.91927391069,83,2
5,5955,321.696905253056,68,63
36,1261,224.22680148517,69,33
80,6872,4869.49638292274,80,0
36,6409,1139.6269395071,57,21
76,5771,3774.23672527397,93,17
83,5957,4450.08483553206,83,0
96,8508,7687.83941307565,97,1
74,2173,1359.5269362646,83,9
8,4700,280.868476666568,42,34
77,2024,1351.92994224366,89,12
33,1849,291.930651885525,77,44
49,4239,1238.79790246183,90,41
14,6434,480.239077653089,71,57
37,4706,870.437162272944,87,50
47,2962,804.159052399331,70,23
41,5102,1103.09369746826,68,27
95,8720,7729.88208073494,97,2
23,1819,192.860093293069,62,39
81,8062,5818.18842103501,88,7
6,8705,485.713088110736,62,56
91,5577,4672.90876679023,93,2
29,5693,766.457458814005,73,44
11,2565,170.958592858257,77,66
36,3225,573.458711173413,88,52
95,7586,6724.64282849257,95,0
80,3278,2322.78945623119,86,6
50,9271,2809.52794149299,81,31
42,5997,1347.57466081258,84,42
28,7928,1025.61480219615,86,58
28,9383,1213.84254402201,89,61
67,4342,2276.40099924135,88,21
29,6231,838.889236934843,58,29
56,4091,1528.96295506476,78,22
48,1773,499.488419556353,75,27
78,3342,2278.29228177623,90,12
81,2595,1872.76097154377,83,2
86,1808,1415.49688003147,92,6
91,8523,7141.33071890858,94,3
84,2419,1836.70918910192,95,11
85,3100,2390.84734123082,87,2
12,5974,413.35207144306,83,71
12,1459,100.950899269405,87,75
3,4154,211.447009581235,73,70
59,3506,1446.41149365579,64,5
6,6913,385.724822298623,11,5
0,5433,351.146596779663,22,22
58,2195,876.653438685079,90,32
99,7310,6961.90476190476,99,0
21,8126,796.077331078412,90,69
4,4969,260.305137540693,74,70
71,3990,2323.5736896741,78,7
63,7613,3557.00963779956,73,10
5,7790,420.826010398204,51,46
25,2733,313.703234521148,56,31
93,9697,8340.91523270382,93,0
70,3063,1739.22089368279,74,4
10,3723,239.136761610168,70,60
75,1904,1218.35182419817,91,16
50,8074,2446.78336744844,73,23
16,7919,638.214961866501,90,74
91,3904,3271.11992568569,94,3
65,6436,3189.2591698633,82,17
14,2716,202.724484753775,79,65
26,3194,381.518201869103,36,10
46,4149,1085.1878325522,61,15
8,5386,321.863322409816,85,77
6,8536,476.283391167518,75,69
68,2579,1389.44757683945,83,15
5,7683,415.045730152683,85,80
4,7818,409.552337551447,79,75
32,3918,594.481198953595,71,39
12,6822,472.02675450026,81,69
60,3397,1446.90515260807,83,23
19,9527,862.803983505553,88,69
54,7110,2482.05558338289,79,25
67,5081,2663.84004540426,84,17
33,9252,1460.75845929955,61,28
85,5333,4113.02866799482,88,3
72,8804,5254.65386209615,75,3
28,8981,1161.83735349693,77,49
88,2229,1795.30218922459,88,0
62,9108,4128.5714113926,69,7
39,1628,325.672711821424,45,6
11,6280,418.56528777772,58,47
23,3601,381.797249009533,71,48
92,4778,4055.55618402304,97,5
84,1918,1456.30765799813,85,1
54,1320,460.803568222983,89,35
51,3821,1200.31623508162,63,12
63,6565,3067.35429819442,72,9
13,7472,536.887099274918,72,59
91,5518,4623.47329660185,94,3
32,2232,338.663102619812,74,42
22,2944,300.032156219971,63,41
50,5622,1703.71762345741,82,32
30,9922,1390.14880306113,50,20
58,5415,2162.67807311148,66,8
45,1128,284.156982975364,93,48
26,5844,698.056472048541,77,51
61,4785,2103.10682787521,88,27
93,4811,4138.20183402476,93,0
84,7421,5634.65022419401,86,2
3,3524,179.378734175318,67,64
17,1501,125.739427278521,84,67
2,8624,427.585618122218,55,53
13,7951,571.304781361734,71,58
96,1824,1648.16867529972,98,2
21,1914,187.508246576924,66,45
11,4946,329.65348938672,78,67
89,3975,3244.99958998339,89,0
74,7147,4471.48597030974,95,21
85,6481,4998.41342532804,93,8
99,9564,9108.57142857143,99,0
96,2511,2268.94273227938,99,3
20,6493,611.552453631242,79,59
77,1321,882.361390169896,84,7
33,4023,635.174154967802,78,45
97,3977,3663.61973798859,97,0
43,4653,1086.43212684929,67,24
15,2989,231.802723160241,82,67
13,3268,234.816252734266,86,73
44,5499,1333.83534477935,55,11
40,7132,1483.36820353129,92,52
37,6677,1234.99977316117,81,44
61,5966,2622.18084328182,73,12
59,4904,2023.16085707016,90,31
7,2401,138.563084952459,87,80
27,7918,984.276068092092,77,50
55,3527,1274.25312726091,89,34
50,1325,401.53430293153,90,40
3,3313,168.638407015559,82,79
88,5286,4257.49994268334,88,0
9,7942,491.857097913997,80,71
11,1684,112.239481627019,72,61
57,5705,2204.65690795839,57,0
32,1157,175.552513320396,54,22
89,3305,2698.04368425034,93,4
48,2939,827.97318955224,60,12
86,3310,2591.42404474789,98,12
31,7205,1050.53367308438,77,46
44,9785,2373.44587173412,71,27
2,3945,195.596621462448,70,68
71,5381,3133.62155993392,86,15
78,6832,4657.47841684476,81,3
73,2062,1260.48038662263,87,14
27,3877,481.944722908947,83,56
18,2271,197.785185555809,79,61
14,2822,210.636412361986,90,76
72,4923,2938.28497990679,90,18
47,7290,1979.17606076675,71,24
41,3386,732.080607531858,43,2
39,4911,982.419341372857,76,37
7,7287,420.536942960669,60,53
11,1345,89.644954149846,77,66
33,9523,1503.54548291285,40,7
56,2637,985.547619776528,69,13
40,6133,1275.58850143822,76,36
90,3773,3120.77743958875,91,1
41,3638,786.565047312729,74,33
52,6112,1989.53740201582,60,8
42,9207,2068.88776089735,60,18
91,1663,1393.40994785228,92,1
52,5438,1770.14142541918,78,26
75,1054,674.44475982399,89,14
65,8428,4176.36362392913,75,10
91,2432,2037.74683895174,91,0
73,1167,713.375660130269,86,13
30,1049,146.972998832002,83,53
52,8525,2775.00103929726,72,20
3,5123,260.771071277002,90,87
85,6462,4983.75984484953,91,6
75,2411,1542.77639083078,80,5
66,1767,900.925017358816,71,5
38,2949,567.299234338941,76,38
49,4893,1429.92171190039,85,36
16,4799,386.765197878184,84,68
93,1143,983.156245331594,94,1
85,6979,5382.49148208061,89,4
49,1343,392.475957302723,72,23
94,8433,7357.26318194711,96,2
9,1909,118.226542422289,85,76
62,3137,1421.97282801258,81,19
12,3319,229.64772767317,20,8
5,3823,206.523470828284,79,74
37,7624,1410.15999259858,64,27
1,3852,186.563065358588,68,67
94,1702,1484.88816977042,96,2
23,2396,254.036714420117,74,51
2,9008,446.624680895749,83,81
76,1327,867.858626657176,76,0
66,5913,3014.81020240106,83,17
50,4381,1327.63908010795,76,26
25,7743,888.768439406239,85,60
34,2908,477.738090656285,87,53
36,2638,469.080334907121,85,49
73,3835,2344.297906255,83,10
61,9955,4375.42914764842,91,30
11,7690,512.542525957112,77,66
22,5464,556.853159506087,60,38
94,7460,6508.38175469292,98,4
56,6972,2605.70269438072,71,15
39,5106,1021.42805071265,73,34
53,2953,995.660196585625,78,25
83,4363,3259.31175716407,85,2
70,5639,3201.91531814472,78,8
52,2634,857.402080646216,70,18
91,8946,7495.75790347954,94,3
55,3085,1114.56504043093,57,2
64,3697,1779.42431790876,68,4
84,3146,2388.70901567368,85,1
70,9245,5249.46038592798,73,3
93,6805,5853.34929963386,93,0
35,3479,594.64130305481,78,43
61,4564,2005.97274031817,91,30
52,4832,1572.88035447324,84,32
10,1683,108.102919631994,55,45
4,7355,385.297703081465,88,84
95,8915,7902.74068231101,96,1
50,1320,400.019079146883,58,8
23,1269,134.546156343543,34,11
31,5346,779.47994674658,75,44
40,6934,1442.18664095429,84,44
6,5388,300.634361716329,82,76
27,5632,700.10644297735,63,36
49,6666,1948.06011271776,80,31
67,7041,3691.41857108667,75,8
69,4249,2350.87703590368,79,10
19,8124,735.742580245525,80,61
87,4341,3448.03520559168,89,2
44,5250,1273.43799965295,65,21
99,8818,8398.09523809524,99,0
25,4992,572.99910235257,73,48
62,6668,3022.54217953073,85,23
7,1654,95.4532871767458,62,55
12,2922,202.178565911721,59,47
35,2057,351.588721007113,73,38
47,1388,376.830778099349,74,27
49,8302,2426.16187455488,62,13
92,2299,1951.38628444307,94,2
40,2954,614.395635618541,64,24
44,2584,626.774055448234,82,38
12,4582,317.03702566992,70,58
12,3317,229.509343986714,34,22
19,9772,884.992182934425,76,57
99,9799,9332.38095238095,99,0
72,5570,3324.4459350154,72,0
58,6567,2622.77135847149,90,32
60,7097,3022.86896322033,83,23
20,3913,368.551478678431,76,56
8,9281,554.625602540939,62,54
96,7706,6963.15121264233,97,1
89,3225,2632.73551640162,96,7
76,7509,4910.88954602015,86,10
73,6149,3758.82342257157,75,2
65,1369,678.386544988013,82,17
84,2716,2062.21668358859,86,2
23,5416,574.233240942968,87,64
37,6999,1294.55794703535,52,15
60,3692,1572.55632129202,84,24
38,4716,907.217086857392,78,40
12,7952,550.213537347709,83,71
47,8026,2178.99411024883,80,33
18,2317,201.791402436288,52,34
70,5399,3065.63944008926,88,18
53,9546,3218.61572523074,79,26
18,6573,572.453555551886,70,52
98,3351,3142.03705068721,98,0
77,9526,6362.88766295112,84,7
99,2871,2734.28571428571,99,0
38,4514,868.358339710404,55,17
16,4492,362.023185844718,71,55
78,3321,2263.97626205232,84,6
60,9305,3963.33601560733,94,34
23,9532,1010.63354000524,68,45
98,6249,5859.32244993864,98,0
38,1845,354.922715278178,82,44
63,6431,3004.74569561132,78,15
32,3862,585.984275231951,78,46
30,4131,578.784993493804,69,39
71,4377,2548.94286709362,78,7
12,1679,116.173104779528,86,74
98,5539,5193.59690353819,99,1
62,5962,2702.51896736086,84,22
70,8687,4932.61896944904,91,21
51,8684,2727.96288548778,74,23
0,7221,466.708922390198,73,73
1,2223,107.666068092456,76,75
43,5725,1336.73413415263,49,6
2,6683,331.349105509136,19,17
25,7035,807.501739793736,62,37
1,6011,291.129435584235,88,87
20,4203,395.865541754522,85,65
23,3682,390.385301542099,63,40
95,2234,1980.3390560048,97,2
55,6025,2176.74371753529,74,19
93,4905,4219.05632839149,97,4
91,9353,7836.77885884688,97,6
76,2387,1561.09912722734,77,1
6,5555,309.952464612882,84,78
18,3697,321.97790885065,85,67
8,5494,328.317321448111,64,56
16,3121,251.53035686139,74,58
9,7348,455.07000194813,85,76
20,8773,826.29750126396,58,38
10,5004,321.418306499403,83,73
84,2440,1852.65416345956,90,6
54,4151,1449.08758461637,92,38
88,9311,7499.35337993276,98,10
39,8159,1632.16440770946,79,40
18,1938,168.783659007995,87,69
35,8043,1374.73411913476,39,4
17,8188,685.912345474037,74,57
74,8048,5035.19226095604,84,10
9,8795,544.684358619189,85,76
38,1280,246.233645287842,65,27
18,3661,318.842608683319,85,67
71,1498,872.359244895188,81,10
75,1003,641.810335961538,75,0
73,5090,3111.46710373871,81,8
31,6458,941.616441468277,79,48
56,5031,1880.27685820846,60,4
20,2366,222.845080131144,65,45
22,5934,604.752314880879,86,64
90,3382,2797.36795671592,98,8
9,4588,284.140061096628,80,71
17,4410,369.427631111444,73,56
70,1219,692.167897290017,95,25
72,9398,5609.18184870282,82,10
59,4411,1819.77213306209,74,15
25,4808,551.878943131241,89,64
23,6508,690.012912122755,74,51
4,1175,61.5533380177731,61,57
65,3402,1685.80790799797,74,9
78,5353,3649.22159914666,85,7
6,5780,322.506794862729,88,82
85,1489,1148.37796486861,96,11
93,4263,3666.83733495064,94,1
44,5782,1402.47971695112,80,36
27,4758,591.460663296561,90,63
73,5607,3427.50413569016,73,0
42,9358,2102.81868865835,61,19
98,3122,2927.3171209327,99,1
97,2783,2563.70473493141,97,0
5,3902,210.791154374043,78,73
31,3823,557.417103705981,68,37
89,5576,4551.97929905594,93,4
95,9062,8033.04947426835,95,0
69,1055,583.707995499737,71,2
3,1920,97.731886951365,82,79
57,5796,2239.8232144657,94,37
79,6378,4434.44120590798,80,1
82,8783,6451.07653529921,84,2
37,5986,1107.19015158645,53,16
10,7095,455.727994527032,71,61
9,4151,257.07615379514,40,31
75,5402,3456.68936676394,80,5
99,4333,4126.66666666667,99,0
32,8207,1245.25451756308,91,59
81,5031,3630.77473905075,84,3
98,4440,4163.12876903946,99,1
1,4531,219.448922414269,85,84
26,1622,193.745311030584,79,53
87,1829,1452.7658122615,91,4
73,9623,5882.44556763803,80,7
42,7715,1733.623229643,67,25
98,1596,1496.47601697905,99,1
75,4491,2873.74897188761,79,4
27,5289,657.468568342899,59,32
83,7368,5504.15059059933,89,6
22,5175,527.400274605418,78,56
82,4640,3408.06047179646,82,0
92,4907,4165.05110820449,92,0
83,2163,1615.83573934125,95,12
99,3592,3420.95238095238,99,0
20,5238,493.348491008848,63,43
18,5432,473.08195858175,71,53
11,6228,415.099460554083,75,64
90,9829,8129.90232009485,97,7
46,4136,1081.78762965435,89,43
44,2064,500.643053577846,88,44
47,4881,1325.15203739404,80,33
9,6659,412.399447873244,89,80
92,5770,4897.56366299978,93,1
70,5886,3342.16590931013,82,12
8,9690,579.067135935966,23,15
18,7480,651.445701434369,64,46
41,4933,1066.55452951998,71,30
76,6051,3957.35685750005,88,12
64,1528,735.450461932534,88,24
61,4656,2046.40865007042,61,0
87,1957,1554.43559026559,87,0
99,1410,1342.85714285714,99,0
35,3584,612.588223670147,74,39
14,1801,134.428128513089,80,66
19,8873,803.575075642361,86,67
81,8555,6173.9769216019,91,10
69,9108,5039.25348152759,70,1
11,1027,68.4500876668341,67,56
72,4775,2849.95140748627,76,4
54,9432,3292.65095112059,71,17
47,8341,2264.51406349184,71,24
2,9407,466.407457058872,78,76
34,2223,365.203499150248,72,38
6,3391,189.207706121023,88,82
83,2681,2002.79963808317,86,3
94,3622,3159.96765623294,96,2
21,3867,378.837194102907,72,51
58,2871,1146.63873460814,71,13
14,5493,410.002059923596,76,62
26,3596,429.536460213305,76,50
94,3817,3330.09291657679,94,0
98,3641,3413.95311893528,98,0
44,6008,1457.29819084094,92,48
60,5345,2276.62880208718,75,15
65,1786,885.024374980709,67,2
72,4284,2556.89881249658,74,2
5,9491,512.716259908775,88,83
81,3703,2672.3829971586,93,12
92,5246,4452.793583379,98,6
92,9365,7948.99197642859,94,2
85,3092,2384.67741260829,97,12
7,9595,553.732944655911,85,78
58,1865,744.855882982994,77,19
32,3680,558.369273136608,75,43
49,6328,1849.28358735043,85,36
80,3244,2298.697070169,94,14
1,4485,217.2210145725,29,28
1,7055,341.693257036563,68,67
15,4145,321.452755938173,71,56
23,2753,291.887760767355,62,39
80,1524,1079.90577525819,86,6
42,5527,1241.96183930484,83,41
32,4029,611.32331561614,82,50
37,2956,546.751434695882,78,41
64,5377,2588.03477343667,70,6
43,7045,1644.94182971271,84,41
73,4886,2986.76390351028,89,16
38,5352,1029.56442935979,67,29
8,7646,456.919228211186,75,67
18,7418,646.046017812854,77,59
95,7340,6506.57505419661,96,1
20,7780,732.770381834447,79,59
59,6034,2489.34596483714,70,11
41,7731,1671.50477756314,66,25
47,3220,874.20396648408,78,31
63,7287,3404.69318673918,71,8
17,9949,833.432086604934,48,31
95,7514,6660.81811406449,96,1
93,4408,3791.5596932823,96,3
91,3968,3324.7448425002,93,2
53,3982,1342.60714622552,88,35
67,2637,1382.51253684925,72,5
50,7786,2359.50647745275,71,21
78,2702,1841.9945378095,79,1
13,2730,196.159231935295,73,60
97,4340,3998.01600776225,97,0
76,1837,1201.39886749754,80,4
13,3503,251.701754384373,56,43
95,9348,8286.57542324658,97,2
73,3597,2198.81083932183,87,14
77,7009,4681.65857963725,87,10
20,8643,814.053266091919,83,63
19,4251,384.987901110749,76,57
41,2709,585.70772764436,82,41
49,9856,2880.300100652,82,33
20,6745,635.287432580122,82,62
21,9543,934.896132227576,59,38
59,2717,1120.90702460433,69,10
56,1307,488.475820647676,74,18
97,5881,5417.58805107138,97,0
73,3146,1923.11896038546,75,2
26,4425,528.55918699774,80,54
70,7796,4426.69477216815,88,18
81,5685,4102.75380471149,83,2
76,3997,2614.0398875273,88,12
23,3040,322.317033321016,66,43
5,5215,281.721135330762,62,57
80,2473,1752.36678622933,92,12
97,9759,8990.00880639442,97,0
88,6916,5570.34990609118,89,1
43,6219,1452.0785293092,81,38
93,8084,6953.48651553859,93,0
44,1506,365.294786186161,55,11
1,3463,167.722714261888,71,70
82,3136,2303.37880162795,82,0
24,5835,643.67288236101,87,63
62,5687,2577.864033442,66,4
98,4661,4370.34756587678,99,1
68,3293,1774.11821269186,80,12
40,3909,813.023879361164,83,43
25,9856,1131.30592002943,77,52
60,8774,3737.16391197622,67,7
83,3954,2953.77462475974,96,13
23,2665,282.55753085543,89,66
14,5839,435.82778589002,60,46
66,7143,3641.93967119073,81,15
59,9400,3878.00001151295,59,0
75,4852,3104.74950158064,76,1
96,3954,3572.8393323109,98,2
40,1522,316.557263849499,69,29
30,1033,144.731275303583,89,59
32,4746,720.114285409332,76,44
87,3226,2562.39612375921,90,3
58,1333,532.382247729936,71,13
57,6648,2569.07258967702,86,29
4,8537,447.217741836365,77,73
41,3527,762.565948837822,77,36
33,2013,317.823906027886,83,50
92,1136,964.234371086265,92,0
78,9341,6367.9019162393,85,7
4,8568,448.841702243642,38,34
3,5550,282.50623571879,55,52
68,4728,2547.23076514033,69,1
31,4459,650.149847089973,86,55
73,6270,3832.78953643255,80,7
19,2661,240.991015021337,84,65
95,2737,2426.22560263435,98,3
97,3845,3542.02109443453,97,0
3,1152,58.639132170819,88,85
96,2309,2086.41528029991,99,3
9,6089,377.09869921913,84,75
24,1813,199.996390012084,89,65
56,1725,644.698386088173,86,30
75,7351,4703.83627084075,91,16
40,6836,1421.80384735557,69,29
10,2430,156.084429415178,87,77
67,1106,579.847882349362,73,6
98,7256,6803.5275558897,99,1
57,5161,1994.43195477183,73,16
62,6196,2808.58898385908,80,18
82,6574,4828.57533223921,84,2
22,1691,172.335046252707,74,52
97,9930,9147.53432190763,99,2
21,7409,725.835213630317,86,65
74,6095,3813.30726025436,87,13
59,9090,3750.10852177156,84,25
1,1368,66.25604190305,78,77
25,8102,929.975706582636,51,26
19,5705,516.668072415155,68,49
7,7450,429.943766303964,10,3
83,8256,6167.51727415691,95,12
81,7962,5746.02036818169,83,2
19,4133,374.30133975317,52,33
53,4920,1658.87171256393,84,31
77,5425,3623.62645092482,96,19
85,4524,3489.09463604136,98,13
21,3276,320.938879721004,59,38
36,2642,469.79160152563,86,50
18,9783,852.01782047225,26,8
9,8042,498.050211712964,86,77
54,2714,947.440063755436,54,0
19,3508,317.698790189722,45,26
38,4013,771.98095198446,59,21
39,7167,1433.72010173473,66,27
55,6166,2227.68493980458,78,23
77,2158,1441.43518545544,81,4
34,2340,384.424735947629,65,31
55,6293,2273.56816837338,72,17
40,2985,620.84325400181,74,34
84,1447,1098.68466169098,90,6
98,2385,2236.27525093673,98,0
21,2772,271.563667456234,75,54
41,9391,2030.41021421491,62,21
26,6576,785.49270366037,72,46
42,7985,1794.29442497723,82,40
38,1497,287.977942965546,91,53
79,5425,3771.8475293275,89,10
41,9372,2026.30226042191,61,20
74,7647,4784.30855113455,79,5
51,9461,2972.04708194379,80,29
45,3632,914.94517922564,85,40
96,6738,6088.46520513678,97,1
1,6440,311.907097847692,85,84
37,7392,1367.24851328551,60,23
44,9090,2204.86693654197,81,37
86,9326,7301.39596414465,96,10
67,5016,2629.76218613418,73,6
15,6015,466.474867784828,26,11
66,8792,4482.70104845428,90,24
41,5170,1117.79584788532,71,30
91,2293,1921.2802227452,93,2
60,8665,3690.73686998791,93,33
19,3541,320.687404806672,83,64
58,7159,2859.20818567038,72,14
29,7655,1030.60457530673,71,42
32,2176,330.166178898168,70,38
58,9411,3758.626656704,77,19
43,6911,1613.65407879979,67,24
27,9222,1146.37457690645,85,58
48,1952,549.9161844185,81,33
81,2577,1859.77072203017,81,0
5,3858,208.414216702987,68,63
61,9768,4293.23876586939,75,14
28,3826,494.954873007375,79,51
75,4710,3013.88502729696,86,11
52,3412,1110.65144235569,67,15
93,4023,3460.40032805687,95,2
77,6861,4582.80204235856,87,10
65,1470,728.435515801592,71,6
75,5364,3432.37352153309,94,19
12,5385,372.598075781868,76,64
36,4003,711.800068473542,90,54
23,9438,1000.66715805387,76,53
1,3915,189.614330446229,78,77
51,5096,1600.84049567546,87,36
54,5325,1858.92348544499,84,30
37,5242,969.577476547975,63,26
45,9273,2335.98200632141,80,35
37,2949,545.456691785574,59,22
85,4510,3478.29726095193,85,0
95,4103,3637.12226803388,97,2
81,7422,5356.31288277373,82,1
62,1893,858.079236030543,76,14
42,5114,1149.15738125655,66,24
52,7033,2289.33516825544,78,26
37,9197,1701.10722087213,74,37
12,7995,553.188786606505,25,13
55,2886,1042.66927283101,68,13
69,4481,2479.23746714154,88,19
65,6969,3453.37898613693,76,11
60,8833,3762.29414571301,94,34
11,2860,190.620497300044,78,67
53,2626,885.405918128632,62,9
4,1891,99.0615848439224,82,78
91,6688,5603.80380711728,91,0
35,7445,1272.52213315409,80,45
52,4566,1486.2938117808,83,31
83,6497,4853.48349445221,90,7
90,5465,4520.28855217401,96,6
28,4982,644.502137303383,91,63
80,7953,5635.49253978239,93,13
70,1221,693.303529607146,75,5
79,8174,5683.14870133142,85,6
3,6136,312.334822048737,74,71
62,9274,4203.81766241271,87,25
73,2375,1451.81421834566,78,5
45,5756,1450.006732275,63,18
96,7909,7146.58226586921,97,1
74,1509,944.098548929257,81,7
43,4535,1058.88022679164,79,36
10,6068,389.761447609588,86,76
99,3840,3657.14285714286,99,0
10,2493,160.131062770386,63,53
5,1709,92.3224199962171,90,85
45,9561,2408.53272537895,83,38
79,1835,1275.82308134856,86,7
25,1296,148.759382341533,70,45
60,3578,1523.99959847856,79,19
58,7715,3081.26709770177,72,14
44,2135,517.864786525534,76,32
41,4200,908.073996347845,53,12
54,4715,1645.976381948,90,36
83,6684,4993.17895596715,87,4
52,9250,3010.99819513193,78,26
39,5208,1041.83260636731,52,13
32,4023,610.412930931678,90,58
44,9792,2375.14378906699,70,26
2,5366,266.051069903041,82,80
44,6110,1482.03927197705,48,4
51,7350,2308.90456107038,78,27
25,9082,1042.46351113102,72,47
15,9098,705.567472503137,80,65
47,4595,1247.50534968769,74,27
93,6464,5560.03671900562,93,0
42,3796,852.992064773145,60,18
24,1747,192.715771291291,56,32
40,6503,1352.54394665788,74,34
46,2709,708.549973098075,49,3
15,2804,217.455615838513,33,18
92,2814,2388.517183307,96,4
7,9080,524.011999736912,82,75
67,4221,2212.9637535232,73,6
74,1202,752.025484302828,81,7
87,7536,5985.80817999052,93,6
33,5519,871.371156168854,59,26
48,1635,460.611148321848,67,19
78,9796,6678.08234359064,78,0
39,5612,1122.65065033282,81,42
98,4053,3800.26146417048,98,0
86,3210,2513.13328810898,86,0
95,7160,6347.01326812639,96,1
78,4411,3007.04585724564,88,10
43,3597,839.865970401222,71,28
19,4623,418.677738610914,75,56
56,4530,1693.03402259677,60,4
97,1566,1442.60208943679,98,1
33,4852,766.061396943519,88,55
92,9246,7847.98503086585,97,5
96,6432,5811.96322342531,99,3
31,2287,333.458780061621,90,59
81,2392,1726.25982425152,83,2
87,2704,2147.7740603363,92,5
84,4136,3140.4006639626,86,2
17,1089,91.2260068662954,78,61
21,3302,323.486013687044,69,48
97,3565,3284.0845778047,98,1
8,1454,86.8899500155722,82,74
40,3576,743.763978663474,86,46
19,5230,473.650134746934,69,50
75,5791,3705.60683504813,76,1
33,3339,527.180338910637,84,51
5,2389,129.056911276163,83,78
5,2377,128.408655547693,83,78
74,6392,3999.12387326429,88,14
6,3235,180.503370481129,60,54
65,4717,2337.43559730347,73,8
78,1037,706.938688271079,95,17
31,4214,614.427328019096,88,57
62,2183,989.53352998134,85,23
68,3839,2068.27811069664,86,18
47,7635,2072.84077146148,73,26
67,4112,2155.81780490106,77,10
69,4896,2708.84772129546,75,6
95,7155,6342.58099629111,98,3
20,4340,408.769081897365,76,56
18,4553,396.52837949608,82,64
21,9645,944.888734709732,55,34
19,4982,451.190243080158,88,69
24,4547,501.590504900687,78,54
18,3741,325.809942388499,78,60
3,5936,302.15441715797,58,55
13,4009,288.059472830989,80,67
70,2681,1522.31512111119,96,26
3,3308,168.383896893289,40,37
38,2888,555.564662180693,52,14
83,4030,3010.54925082998,86,3
2,4941,244.979190531294,73,71
98,5408,5070.76585201923,98,0
36,8029,1427.68992000352,89,53
93,1772,1524.19323423236,98,5
0,5927,383.074890320828,87,87
6,6449,359.835003472273,80,74
71,3492,2033.56374043658,79,8
59,3825,1578.0159621316,80,21
0,2995,193.573358614962,80,80
90,7362,6089.362181355,92,2
26,5709,681.930937529966,52,26
13,3636,261.258229786349,54,41
70,4406,2501.7979946348,76,6
43,8752,2043.51041783472,48,5
24,2421,267.066332167267,75,51
49,6004,1754.59839735335,74,25
75,3579,2290.1686863473,87,12
12,9713,672.060373271918,44,32
44,3303,801.174421495943,82,38
80,6619,4690.22068663644,80,0
36,4050,720.157451241031,76,40
4,6065,317.719995810888,82,78
86,5910,4626.98371735952,90,4
48,4614,1299.85311214496,80,32
57,6968,2692.73432684559,80,23
98,8918,8361.88791943556,99,1
85,3397,2619.90594134229,85,0
36,3907,694.72966962931,77,41
20,3553,334.644365894318,66,46
57,4074,1574.36849132734,83,26
14,7162,534.577599339668,71,57
33,8299,1310.29339102108,86,53
87,3608,2865.81686749016,91,4
42,8599,1932.26521732989,84,42
37,9601,1775.83238312421,75,38
76,6350,4152.90299869862,83,7
48,8878,2501.1044494198,74,26
73,5996,3665.29602240025,89,16
57,7658,2959.37994761531,67,10
4,6810,356.747431405136,80,76
41,3023,653.59706927608,71,30
92,5337,4530.03418880933,92,0
45,1268,319.424693628335,71,26
78,2226,1517.49809073425,92,14
36,5659,1006.26444853654,83,47
4,5768,302.161407392779,82,78
96,3517,3177.96558718701,96,0
38,4614,887.595343248517,66,28
99,3305,3147.61904761905,99,0
69,1638,906.268906756938,75,6
92,8376,7109.53089103746,92,0
31,4171,608.157661406656,80,49
44,7984,1936.59599794841,65,21
91,9456,7923.08145934525,94,3
0,5497,355.283055861919,85,85
68,7585,4086.45206294192,78,10
68,3353,1806.44347620887,80,12
22,3168,322.860689845403,77,55
34,8780,1442.41418017957,72,38
26,2938,350.939410485731,82,56
58,5036,2011.3105773203,78,20
85,3124,2409.35712709841,85,0
76,4213,2755.30398953028,82,6
11,5056,336.985046975183,80,69
1,5848,283.234892579705,60,59
61,4317,1897.41111304854,85,24
4,2076,108.752961467997,72,68
86,3272,2561.6735572251,88,2
41,6220,1344.81434697229,85,44
9,9268,573.977786888306,55,46
8,4490,268.319034092104,83,75
70,7259,4121.77749501906,79,9
4,8662,453.765969285064,44,40
49,9171,2680.11690575076,73,24
25,8066,925.843501517594,80,55
21,2591,253.831696384958,58,37
7,1495,86.277306124084,41,34
93,5990,5152.32363039042,97,4
85,8985,6929.60108418029,85,0
52,4489,1461.22928626457,83,31
96,2218,2004.18756678441,96,0
66,2814,1434.74985786514,79,13
59,3513,1449.29936600478,74,15
76,9731,6364.07859532854,88,12
26,2728,325.855245679059,64,38
84,2981,2263.42707429219,89,5
95,4579,4059.0745467529,95,0
86,5470,4282.50438814832,86,0
1,6727,325.807305469165,63,62
48,4638,1306.61437670748,81,33
25,6524,748.847384564937,68,43
10,4318,277.354965520468,84,74
2,8696,431.155442392255,86,84
40,5357,1114.19005416673,57,17
26,1485,177.380879704326,84,58
33,7877,1243.66562731329,85,52
30,3944,552.584849755402,75,45
73,4595,2808.87845612561,80,7
1,1185,57.392843315142,86,85
37,2686,496.811351012564,72,35
30,9484,1328.78162147065,75,45
93,4449,3826.82601529332,96,3
2,3315,164.360659099624,70,68
98,7347,6888.85294282272,98,0
82,5914,4343.80810995782,89,7
90,8529,7054.62782460972,91,1
30,1018,142.629659495689,78,48
86,7444,5827.96392420038,93,7
63,6511,3042.12396581019,64,1
94,7782,6789.30654356841,99,5
34,6842,1124.03164245884,79,45
75,7136,4566.25977808728,95,20
85,6449,4973.73371083792,93,8
67,3141,1646.74701488187,84,17
12,4460,308.595620796124,75,63
71,8870,5165.43825248352,92,21
93,5295,4554.51646459387,94,1
36,5285,939.761019705888,65,29
43,9093,2123.13073918774,88,45
69,1843,1019.69083953177,80,11
42,4063,912.989135714775,82,40
77,8401,5611.44438971787,85,8
41,4206,909.371244914057,85,44
83,9618,7184.97833609995,91,8
11,5136,342.317088857702,84,73
4,9289,486.61187816774,79,75
83,5180,3869.63898741918,92,9
59,9327,3847.88362844481,90,31
41,4114,889.480100232151,86,45
1,4292,207.873488192903,63,62
56,6008,2245.41907456101,86,30
42,4773,1072.53190863072,89,47
82,4424,3249.409380868,85,3
40,5863,1219.43182519685,53,13
78,6116,4169.37031578199,79,1
10,7496,481.48513699431,59,49
57,4926,1903.61786653866,69,12
13,3642,261.689348977416,74,61
62,9087,4119.05230734789,94,32
87,7571,6013.60850991352,91,4
58,8933,3567.71989420219,77,19
23,9478,1004.90817165019,66,43
42,7420,1667.33433103707,85,43
69,3239,1792.06653784232,77,8
53,1654,557.677604183076,79,26
0,9009,582.271248000733,10,10
44,7943,1926.65105357017,79,35
52,8820,2871.02746822309,74,22
82,9311,6838.89031312432,87,5
64,6360,3061.16815306997,72,8
72,1772,1057.615475197,79,7
24,1180,130.168637735388,67,43
8,5070,302.979399297765,39,31
76,8755,5725.7741344262,89,13
81,5436,3923.05535310671,85,4
10,3636,233.548553643451,82,72
27,5862,728.697437630189,64,37
33,9754,1540.01707868654,89,56
28,7290,943.079201313059,61,33
99,4438,4226.66666666667,99,0
3,5475,278.688583884752,69,66
46,5894,1541.59968307126,85,39
9,6511,403.233639450772,64,55
88,9444,7606.47549351144,93,5
25,9487,1088.95081811275,47,22
87,3227,2563.19041889987,89,2
96,1450,1310.22180876348,96,0
25,4200,482.090590921633,74,49
92,4204,3568.34621130868,92,0
44,8888,2155.8698935077,77,33
4,5020,262.976814339762,73,69
95,5816,5155.61859880211,98,3
43,2807,655.408334422082,90,47
88,3218,2591.87189094873,89,1
70,4630,2628.98881415322,86,16
72,3980,2375.45687995714,75,3
19,3618,327.660838912889,86,67
67,2934,1538.22213997561,68,1
94,6984,6093.10163200742,97,3
57,2603,1005.91094328058,69,12
2,1943,96.3356743983616,90,88
91,1569,1314.64835128095,92,1
63,6123,2860.83935534569,76,13
52,5963,1941.03591757532,87,35
90,4002,3310.19117763959,92,2
39,2155,431.096249370496,83,44
54,8477,2959.26655138351,82,28
61,6844,3008.08006896091,73,12
75,9443,6042.48753986521,92,17
59,5177,2135.78787868112,78,19
34,9198,1511.08492360953,83,49
73,2232,1364.39972014632,75,2
65,8067,3997.47571834792,73,8
21,7747,758.947955188833,51,30
5,5352,289.122054897457,58,53
82,3904,2867.47156937357,93,11
11,2553,170.158786575879,68,57
96,2625,2371.95327448561,98,2
17,4359,365.155338778863,70,53
73,2230,1363.17713975193,81,8
96,3494,3157.18275849627,96,0
78,4199,2862.52222955666,94,16
77,8778,5863.26137994803,77,0
93,4821,4146.80337597867,95,2
58,6313,2521.32717923412,85,27
52,3712,1208.30543787348,71,19
29,1084,145.940608704441,69,40
77,6222,4155.98226316207,85,8
35,5201,888.970801146326,92,57
77,2484,1659.18674729903,82,5
27,3467,430.978167223451,55,28
64,2696,1297.62725482337,73,9
30,7808,1093.96108186871,69,39
30,3485,488.275406033868,57,27
76,4393,2873.02407453276,85,9
59,6194,2555.3544756714,82,23
43,8663,2022.72974745226,62,19
76,8467,5537.42199842224,92,16
88,4169,3357.83527450754,94,6
71,3055,1779.07709823418,78,7
11,8626,574.927415982581,66,55
74,1843,1153.06403292023,93,19
77,5417,3618.28285431516,90,13
64,6741,3244.54945280577,70,6
91,2546,2133.2662220276,92,1
50,2289,693.669448611527,75,25
77,4095,2735.25351456906,77,0
13,3897,280.011914597746,52,39
86,6363,4981.64084493378,86,0
46,4589,1200.27162294096,77,31
93,7929,6820.16261525303,93,0
29,6455,869.046705892218,58,29
76,2929,1915.56738317925,78,2
4,1730,90.6274678899978,50,46
76,1773,1159.54283727443,78,2
50,7959,2411.93322040155,89,39
5,4509,243.582089972465,78,73
1,2983,144.474980260817,60,59
17,2637,220.902644725823,31,14
28,3940,509.70261360404,70,42
71,3240,1886.81171793085,84,13
21,2965,290.471238819529,75,54
1,7730,374.385382975568,41,40
76,1244,813.576587461588,79,3
27,2848,354.031099005592,57,30
85,2398,1849.43610460371,97,12
21,5134,502.960991601842,81,60
14,4691,350.140117076568,86,72
82,5849,4296.06588352101,93,11
44,5700,1382.58982819463,55,11
59,1764,727.743831947749,78,19
48,4423,1246.04471500155,61,13
95,2592,2297.68971941112,96,1
36,2895,514.779215146366,63,27
73,6326,3867.02178747565,86,13
60,5767,2456.37386372998,86,26
27,2137,265.647632926598,80,53
31,1355,197.567401391997,82,51
86,5060,3961.51228592879,87,1
89,1613,1316.77593424986,93,4
56,5683,2123.95416124005,69,13
48,9769,2752.11639630345,49,1
16,5632,453.899061148141,72,56
33,2566,405.134695910361,69,36
62,4400,1994.47894270174,87,25
13,5280,379.384888138593,66,53
2,8947,443.600246444746,88,86
33,3199,505.076341472036,77,44
32,1819,275.998290172688,80,48
25,1076,123.507018055161,81,56
63,2369,1106.86402626391,90,27
44,4044,980.911099161245,88,44
34,2043,335.632365615815,85,51
95,2769,2454.59214238017,95,0
27,5843,726.33557285452,70,43
29,4749,639.365268207923,78,49
3,4778,243.209872840428,69,66
0,3619,233.903834666961,90,90
45,1848,465.533780619213,81,36
93,9861,8481.9805207479,96,3
9,8857,548.524089174549,88,79
44,8885,2155.14221465076,80,36
1,9042,437.92918924516,74,73
8,5852,349.711133075054,78,70
63,5861,2738.4255204444,83,20
52,5656,1841.10332882878,53,1
63,6656,3109.87208054563,72,9
39,7491,1498.53457263777,80,41
50,4759,1442.18999822729,89,39
23,2130,225.833974004528,73,50
96,1837,1659.91549151622,97,1
41,8165,1765.33909051909,78,37
32,1116,169.331551309906,91,59
47,7603,2064.15303017965,84,37
87,3237,2571.13337030644,87,0
68,4384,2361.89925430948,83,15
37,9961,1842.41916136863,61,24
17,5110,428.06693763707,87,70
19,5446,493.211975876062,80,61
3,9673,492.375282541955,3,0
35,6274,1072.37123752972,82,47
84,1592,1208.78091320804,84,0
47,8189,2223.24729240315,68,21
63,9511,4443.80909826765,89,26
64,8609,4143.64726883324,70,6
78,2931,1998.1073243226,85,7
50,2148,650.940137884473,58,8
87,6990,5552.12303319185,90,3
73,3566,2179.86084320869,73,0
91,7715,6464.31614412527,99,8
9,5392,333.932696040326,82,73
55,2407,869.613631221153,90,35
21,2733,267.742966507175,86,65
35,6164,1053.56970164698,39,4
14,7047,525.993904293024,63,49
59,7518,3101.57490282493,79,20
31,8442,1230.89594284224,77,46
99,1998,1902.85714285714,99,0
13,9163,658.390857957183,75,62
94,9055,7899.91914058236,97,3
51,6324,1986.60033254545,89,38
48,2795,787.405602177104,74,26
7,3364,194.138366422354,81,74
1,3365,162.976301903336,77,76
4,4665,244.379848385456,70,66
82,5589,4105.0969777738,82,0
88,3961,3190.30595402359,93,5
43,2562,598.203118200703,76,33
94,8441,7364.24267980737,95,1
13,2549,183.153803004787,60,47
18,2087,181.760318033894,57,39
38,4415,849.313706207673,90,52
26,4577,546.715344381617,84,58
60,5335,2272.36944043687,79,19
75,4193,2683.06155402466,76,1
60,2158,919.170244135477,77,17
89,6952,5675.27978605397,97,8
89,2335,1906.18214908458,89,0
10,5245,336.898284889962,81,71
13,1440,103.46860585598,59,46
14,8191,611.383009800505,32,18
40,2237,465.268462044237,75,35
77,5724,3823.34337421082,77,0
4,4698,246.108580431913,75,71
20,9673,911.065283224243,52,32
47,1524,413.753678547123,87,40
6,2757,153.832393328122,76,70
94,2504,2184.58283026154,96,2
50,9183,2782.8600028832,76,26
27,4952,615.576545742869,72,45
87,9343,7421.09949915757,92,5
70,4209,2389.93821139761,96,26
44,1938,470.080541586175,78,34
73,6643,4060.80077998747,90,17
37,3886,718.767278493978,77,40
33,7687,1213.66734507519,51,18
77,9017,6022.90132866159,83,6
4,2293,120.120684318939,77,73
95,8040,7127.09311113634,98,3
54,7126,2487.64108117953,70,16
70,4941,2805.57963946676,91,21
9,9501,588.4077420399,78,69
82,1376,1010.66620887757,88,6
95,1390,1232.17157020889,97,2
60,5134,2186.75627126577,73,13
95,5814,5153.845690068,97,2
72,7618,4546.79158580742,87,15
84,3488,2648.3843123553,88,4
41,5984,1293.78923670131,92,51
72,4925,2939.47867683139,89,17
73,6355,3884.7492031944,75,2
88,2948,2374.40594608976,93,5
3,4455,226.768518941839,84,81
20,2330,219.454368852733,73,53
82,3450,2534.01048010728,85,3
90,5841,4831.2910216374,91,1
2,3775,187.167869713749,88,86
53,3375,1137.94553453318,81,28
53,9130,3078.3534015668,83,30
58,6643,2653.12473493621,76,18
28,6815,881.630282160288,81,53
23,2870,304.292725536617,68,45
13,4221,303.292350915341,80,67
45,9913,2497.20582644928,77,32
10,5938,381.411251797254,42,32
53,7516,2534.16255927449,70,17
7,4987,287.802625846694,82,75
5,2690,145.31732579861,65,60
44,2185,529.992767474609,72,28
12,5218,361.04303796282,88,76
44,7173,1739.8801469544,83,39
61,5709,2509.22400843042,88,27
24,5428,598.775733582787,65,41
47,4607,1250.76325266837,86,39
84,1715,1302.17290587424,84,0
39,5740,1148.25636723278,71,32
68,9423,5076.6826353463,73,5
74,9987,6248.31822939463,90,16
74,3741,2340.53854973118,76,2
3,3618,184.163524473978,12,9
42,6768,1520.82462971144,65,23
43,3452,806.009822025304,77,34
12,6056,419.025802587742,62,50
87,3756,2983.37254830738,87,0
40,2504,520.801175216258,74,34
50,6122,1855.24000192213,57,7
18,7997,696.472095504097,80,62
96,1105,998.479378402514,97,1
47,2364,641.806887195144,91,44
73,7975,4875.03932265544,74,1
19,3428,310.453663845601,68,49
73,8770,5361.01502942798,81,8
35,4994,853.589729076092,70,35
72,6699,3998.28784895299,73,1
52,6764,2201.77208560782,83,31
1,8422,407.900866160444,73,72
40,3695,768.514513747634,75,35
5,6943,375.069960230389,84,79
69,5856,3239.99433331418,78,9
50,5654,1713.41505567915,53,3
8,1413,84.439820751034,71,63
91,1550,1298.72845410164,96,5
40,9195,1912.44680755331,79,39
48,4374,1232.24046651973,85,37
9,1346,83.3593117341022,46,37
98,2863,2684.46794273873,98,0
71,4593,2674.73031495567,89,18
6,5306,296.059005803052,71,65
32,9661,1465.87107276434,76,44
78,9559,6516.51583527796,80,2
36,1841,327.360461169071,86,50
35,3695,631.560682606359,57,22
47,5100,1384.60876679155,76,29
6,8476,472.935569767558,67,61
51,8954,2812.77978773118,86,35
56,1608,600.971017292627,70,14
67,7048,3695.08849439268,78,11
79,7408,5150.57078290472,87,8
64,3187,1533.95328676635,93,29
26,1591,190.042410511504,74,48
26,6396,763.991990968937,83,57
50,6786,2056.46172052329,85,35
75,8943,5722.5422078804,88,13
3,2573,130.97090891972,66,63
47,3730,1012.66484316324,71,24
65,7363,3648.61952574634,68,3
56,9622,3596.10891069009,88,32
32,4303,652.897549539898,63,31
94,7900,6892.25413700725,96,2
56,3280,1225.86127905461,63,7
83,1748,1305.81639961559,83,0
56,3787,1415.34654383531,65,9
54,5349,1867.30173213995,88,34
88,3219,2592.67732037413,94,6
15,6685,518.434661868924,43,28
70,1965,1115.75875157907,85,15
48,6402,1803.56732205289,67,19
83,8909,6655.33083762886,94,11
73,1808,1105.2126765343,86,13
85,8623,6650.41181401076,87,2
58,1414,564.732556856812,77,19
51,8735,2743.98385591153,76,25
75,1705,1091.01358206822,75,0
78,5944,4052.11529709093,85,7
88,4272,3440.79450532411,96,8
80,2910,2062.02480708748,85,5
90,6721,5559.1691416581,97,7
94,3412,2976.75583740111,96,2
15,4201,325.795664100426,72,57
55,3482,1257.99529036645,92,37
38,5827,1120.94019616582,74,36
88,7947,6400.74764368228,91,3
47,6322,1716.37188699141,87,40
48,6099,1718.20635695104,86,38
4,3267,171.144472599204,52,48
0,8200,529.983819914087,77,77
65,2440,1209.10384935774,76,11
67,1821,954.704334320242,91,24
41,5659,1223.52160603154,52,11
1,3907,189.226868212877,56,55
37,5975,1105.15555558454,42,5
19,5766,522.192481252548,82,63
56,4519,1688.9229024536,76,20
4,8224,430.820980304822,80,76
56,8811,3293.00723467994,79,23
19,1888,170.984981721264,73,54
92,5379,4565.68369900794,97,5
89,7401,6041.82187810492,90,1
2,2556,126.728761586316,60,58
37,9449,1747.71796564323,44,7
60,4280,1823.00678632986,89,29
58,3154,1259.66512328599,81,23
70,2715,1541.62087050238,81,11
36,3697,657.388172157553,54,18
72,6572,3922.48809424079,86,14
99,2131,2029.52380952381,99,0
57,9529,3682.41466712279,64,7
19,7969,721.70514795379,60,41
35,6808,1163.64414808771,86,51
14,8025,598.992632602741,78,64
88,1230,990.678193246407,91,3
59,9592,3957.21022451406,76,17
84,1173,890.640710548386,93,9
54,8697,3036.06714608734,66,12
95,1255,1112.50023065623,96,1
22,3045,310.325378970724,91,69
78,6132,4180.27775938115,89,11
18,8906,775.638424729209,47,29
93,5936,5105.87530383932,97,4
52,8568,2788.99811198815,58,6
50,5412,1640.07822450222,89,39
71,5847,3404.99633171039,79,8
12,3800,262.929004265756,79,67
92,4419,3750.8377516111,92,0
78,5472,3730.34571091547,85,7
11,6461,430.629032536918,85,74
12,1104,76.3877949235249,85,73
23,7398,784.375464641078,86,63
6,6426,358.551671935622,47,41
45,1844,464.526131743414,71,26
96,7132,6444.48409662147,96,0
33,2878,454.395033059243,52,19
62,2848,1290.97182473058,94,32
5,1131,61.098102408263,62,57
95,3141,2784.35316692528,96,1
50,7108,2154.04213225458,76,26
19,4796,434.345324330076,34,15
66,9972,5084.33744940697,70,4
41,7572,1637.12769055854,67,26
80,9425,6678.55113635722,82,2
53,3528,1189.53239876535,80,27
89,1398,1141.26023315642,91,2
40,8989,1869.60134345805,69,29
14,9405,701.996973162465,72,58
20,7676,722.974993696815,71,51
75,9146,5852.44001266623,87,12
37,2131,394.156734552411,85,48
33,8533,1347.23864388274,73,40
94,7104,6197.79409991133,94,0
42,5524,1241.28771491224,57,15
44,9498,2303.83126108643,87,43
74,6563,4106.10919590637,93,19
48,6281,1769.4792798835,78,30
44,4251,1031.12094029042,80,36
67,4752,2491.35365002185,84,17
48,9437,2658.58556985522,86,38
19,4630,419.311687166024,68,49
73,4362,2666.44784017843,82,9
1,1348,65.2873863196721,70,69
58,8471,3383.20331621927,83,25
69,7736,4280.1564485175,82,13
50,4511,1367.03489850878,53,3
91,7775,6514.58950363888,93,2
22,1113,113.429276451368,79,57
4,5534,289.903125608814,48,44
26,5166,617.070454244141,42,16
46,7908,2068.36957816891,68,22
95,2178,1930.69761144962,96,1
94,5285,4610.8307739346,95,1
25,9185,1054.286208956,90,65
92,4252,3609.08850867852,97,5
81,2049,1478.72340296462,84,3
50,7655,2319.80761429499,88,38
74,3658,2288.61000131426,89,15
8,1743,104.160373368048,24,16
3,7671,390.469429585376,66,63
3,4273,217.504350491241,76,73
89,3133,2557.63112337559,90,1
28,1496,193.531753794834,54,26
50,3590,1087.93067737675,53,3
39,9697,1939.83309983559,70,31
86,3080,2411.3553044784,90,4
10,4978,319.748267336936,62,52
40,3841,798.88071645593,67,27
18,5605,488.148817719203,49,31
51,6535,2052.8831709653,67,16
96,3337,3015.31736265085,96,0
70,5962,3385.31993736102,78,8
71,5635,3281.53828103096,83,12
40,2750,571.96614690284,88,48
20,4520,425.722638289422,69,49
82,4682,3438.90929503255,89,7
50,2093,634.272676253353,65,15
12,7341,507.937321135504,74,62
14,9931,741.258047897548,79,65
32,7222,1095.79969853059,54,22
71,7890,4594.73594273901,71,0
59,5483,2262.02915565165,90,31
73,4782,2923.18972300167,91,18
8,1752,104.69820662124,57,49
31,7936,1157.11800549586,82,51
79,8360,5812.46918805122,86,7
46,3849,1006.72161183259,85,39
40,1060,220.466951169822,59,19
60,5632,2398.87248145088,82,22
42,1395,313.467842560205,83,41
15,7635,592.108996764283,82,67
26,1735,207.242980664651,76,50
18,9957,867.171771281017,86,68
29,2495,335.905736824335,75,46
27,7435,924.234979321129,79,52
44,9938,2410.55749343829,80,36
87,1910,1517.10371865471,93,6
90,4753,3931.36898233908,91,1
47,3847,1044.42939722492,58,11
58,4095,1635.48785030314,80,22
22,9218,939.434923925167,38,16
58,1024,408.971809208893,72,14
96,3261,2946.64366784669,96,0
60,6437,2741.75109430031,90,30
88,6440,5186.96549959908,90,2
66,4906,2501.37981616432,82,16
64,1171,563.620740132852,80,16
21,2941,288.120038235492,71,50
31,2805,408.986391811477,87,56
60,2961,1261.19698465484,84,24
79,2906,2020.45878713838,82,3
99,9002,8573.33333333333,99,0
1,7439,360.291444237419,72,71
68,8710,4692.55075388584,74,6
89,6684,5456.49742376075,93,4
40,1133,235.65005252397,79,39
93,2633,2264.78599646377,96,3
18,2396,208.671644470153,41,23
62,3565,1615.9812342572,82,20
67,4405,2309.43030899542,87,20
41,3353,724.945740417697,84,43
10,2530,162.507656963128,63,53
21,1028,100.70975834957,63,42
87,5893,4680.78126389121,98,11
48,5637,1588.05201412248,81,33
15,5950,461.433992239356,78,63
78,7497,5110.81904143518,92,14
32,7512,1139.80162494625,83,51
81,5281,3811.19487118406,83,2
34,3334,547.723106687776,89,55
28,6092,788.09855890249,89,61
42,5710,1283.0834272536,64,22
78,1572,1071.65633361826,81,3
43,4208,982.528774936987,89,46
89,7935,6477.75389849514,92,3
74,6244,3906.52838934015,80,6
75,7259,4644.96632975554,80,5
98,5077,4760.40647757057,98,0
70,1843,1046.48518023421,75,5
72,8904,5314.33870832623,90,18
22,1046,106.601098983047,76,54
48,8004,2254.88173160127,78,30
64,5393,2595.73582539408,78,14
27,1485,184.598378519419,81,54
9,7261,449.681992943028,73,64
97,6466,5956.49113045869,99,2
2,1315,65.198873820816,48,46
91,1360,1139.52948230854,95,4
5,6668,360.214099786293,71,66
75,7969,5099.28870117398,90,15
32,3451,523.622924346314,78,46
27,6754,839.580773414244,75,48
18,7912,689.069303442343,86,68
15,6320,490.128206882812,90,75
39,7407,1481.73082092216,52,13
12,7328,507.037827173542,70,58
39,2261,452.300983678279,89,50
6,1158,64.612953019211,67,61
91,6833,5725.29775927518,97,6
0,4055,262.083462164832,76,76
20,6139,578.210459393531,76,56
83,4932,3684.37441813734,85,2
26,6833,816.190943447584,69,43
63,3629,1695.57178189605,89,26
82,6350,4664.04827498007,87,5
16,3570,287.716556871247,89,73
81,5173,3733.25337410247,89,8
42,1512,339.758693871706,77,35
30,3489,488.835836915973,62,32
14,9035,674.37986736022,82,68
64,5291,2546.6416191656,81,17
45,9879,2488.64081100498,74,29
76,3323,2173.24356924024,92,16
10,5782,371.391016822452,91,81
17,5170,433.093163910695,87,70
35,1355,231.600737464578,57,22
85,1854,1429.88095827159,94,9
52,6471,2106.39668331878,77,25
70,8373,4754.32469565982,88,18
31,1892,275.865330947349,57,26
63,5821,2719.73638534497,70,7
66,3370,1718.23277221234,70,4
92,8900,7554.30097065824,96,4
90,7090,5864.38167153042,94,4
85,2154,1661.25328161651,91,6
0,1287,83.1816068572475,82,82
31,4448,648.545978886791,74,43
14,1096,81.8063458358386,89,75
43,8147,1902.24855736968,80,37
97,1384,1274.94335362741,98,1
59,3393,1399.79298287909,72,13
46,4329,1132.26756498397,72,26
39,2489,497.911166906341,84,45
31,8840,1288.92681055738,34,3
18,5236,456.011991004058,67,49
40,1883,391.640819861108,54,14
48,1020,287.353743907208,60,12
26,7660,914.974773424336,46,20
35,1844,315.182110616002,83,48
41,8921,1928.7924098617,81,40
98,1782,1670.87735730367,99,1
67,3306,1733.25234995207,85,18
67,6647,3484.85431643418,94,27
3,1164,59.2499564642651,56,53
99,7716,7348.57142857143,99,0
43,5492,1282.3308060727,79,36
20,1373,129.317960701632,67,47
88,8042,6477.26343909562,92,4
71,4764,2774.31204451314,80,9
81,3883,2802.28549229459,87,6
54,5118,1786.66110770093,70,16
70,3976,2257.6370464521,80,10
68,6531,3518.60493382646,78,10
23,7205,763.91257403879,87,64
86,6388,5001.2135340935,87,1
99,7434,7080,99,0
44,2416,586.024039459339,73,29
9,6830,422.989672469479,82,73
16,1454,117.182037448402,71,55
76,4031,2636.27590358333,85,9
42,1435,322.456167794906,69,27
69,4754,2630.28228493436,81,12
5,4455,240.664939194352,40,35
4,6361,333.226198409408,86,82
50,4788,1450.97829617824,62,12
66,8866,4520.43078885301,85,19
73,1738,1062.42236273043,82,9
89,5538,4520.9579193278,97,8
99,7876,7500.95238095238,99,0
92,5534,4697.24736759806,97,5
26,2589,309.251917545118,62,36
23,9845,1043.81947139651,75,52
15,9676,750.392488892103,89,74
79,7187,4996.91579599571,87,8
69,2387,1320.67391967571,73,4
75,2738,1752.02063794885,80,5
96,6599,5962.86463174497,98,2
45,5761,1451.26629336974,56,11
92,6036,5123.34389425766,93,1
79,3045,2117.10151646124,80,1
37,5947,1099.97658394331,64,27
39,1586,317.270835963623,56,17
14,8185,610.93516484155,73,59
75,5090,3257.04347960541,83,8
63,3332,1556.80495378276,87,24
14,1610,120.171730653011,79,65
91,1273,1066.6331110138,92,1
18,7703,670.867144137559,80,62
36,6975,1240.27116602622,36,0
90,4241,3507.8762579634,93,3
65,2660,1318.12140954574,76,11
16,8382,675.529462099382,60,44
70,4490,2549.49455195421,71,1
74,5234,3274.62677607404,83,9
57,1887,729.217806365905,94,37
63,7853,3669.14444839616,79,16
91,1163,974.465285238845,98,7
22,8538,870.134018276532,74,52
57,5424,2096.06644500724,68,11
79,7020,4880.80546652148,85,6
65,3131,1551.51809522094,76,11
71,3042,1771.50655739063,93,22
91,9114,7636.52331011766,95,4
93,3665,3152.46512610699,95,2
65,3854,1909.78944074785,81,16
22,3625,369.434974965148,79,57
67,4455,2335.64404689549,95,28
43,2138,499.20307053595,60,17
11,2858,190.487196252981,74,63
8,5492,328.197802947402,77,69
73,9748,5958.8568422878,79,6
52,2754,896.463678853333,85,33
60,9228,3930.53893089999,86,26
85,1974,1522.42988760956,85,0
89,5507,4495.65100428642,96,7
83,7184,5366.69623274506,84,1
19,1600,144.902526882427,63,44
83,5609,4190.11681089463,95,12
70,9291,5275.57992922195,89,19
15,1512,117.258520380825,76,61
20,5974,562.669699367479,85,65
64,9463,4554.69091705993,83,19
68,1473,793.585219342577,69,1
22,8654,881.955937475417,41,19
98,6705,6286.88702621837,98,0
87,3501,2780.82728743987,88,1
70,8518,4836.65803865166,78,8
42,4432,995.906436004894,86,44
79,2211,1537.24514052407,85,6
6,1360,75.8839517324067,81,75
5,6924,374.043555326979,68,63
80,1814,1285.39965637687,90,10
50,4560,1381.88409159832,83,33
4,7250,379.797192024557,88,84
6,8112,452.625453274473,84,78
4,2101,110.062606957737,77,73
45,8994,2265.69849723442,69,24
66,3958,2018.03124997521,80,14
5,1479,79.8975185338824,74,69
89,2105,1718.42116651951,97,8
75,4400,2815.51892146637,78,3
84,1198,909.622822878915,86,2
93,8892,7648.49110541429,93,0
65,2656,1316.13927208777,82,17
80,6477,4589.59954484729,85,5
66,5631,2871.0292998005,74,8
59,8545,3525.26703174235,69,10
58,4102,1638.28355603016,90,32
55,9659,3489.65436807857,79,24
78,1447,986.44193049976,84,6
71,4111,2394.03795444868,76,5
98,1795,1683.0666982941,99,1
7,1857,107.168533426371,66,59
32,4889,741.811787055673,63,31
0,5815,375.83608692688,34,34
25,5054,580.115677742365,71,46
89,5138,4194.41708008419,90,1
79,1392,967.817836096567,79,0
3,5171,263.214368450786,78,75
70,8361,4747.51090175704,81,11
53,4433,1494.67038654388,68,15
10,2750,176.638757568617,60,50
14,8966,669.229650332234,88,74
44,7335,1779.17480522941,92,48
31,7137,1040.61885146471,55,24
56,2650,990.406216309367,57,1
43,1050,245.165212377337,73,30
29,1311,176.501972335352,60,31
73,3555,2173.13665103951,73,0
68,8923,4807.30543937123,72,4
28,4404,569.728505155379,80,52
23,5876,623.004897300754,90,67
58,8759,3498.22663755927,72,14
36,2961,526.515114351776,62,26
52,6265,2039.3409397299,79,27
25,4551,522.379590305798,80,55
89,4058,3312.75681412644,96,7
98,7786,7300.47761165342,98,0
3,6563,334.069986490525,80,77
4,4570,239.403195524445,76,72
23,2933,310.972321950836,88,65
48,6894,1942.1732455846,57,9
5,5436,293.659844996744,87,82
27,5978,743.117243629013,57,30
9,5934,367.49937283073,85,76
77,7344,4905.42168766671,84,7
89,7851,6409.18032225398,92,3
33,8665,1368.07955575342,50,17
14,3976,296.771926134392,76,62
88,1409,1134.85006039365,88,0
51,6206,1949.53220489834,57,6
61,3796,1668.42079803852,72,11
15,6187,479.813799997462,83,68
93,4403,3787.25892230535,93,0
3,9952,506.576947364575,88,85
91,8298,6952.80562073254,91,0
80,6092,4316.78870267249,85,5
85,4994,3851.57794261507,86,1
53,6046,2038.52405978892,83,30
20,8286,780.428712581006,47,27
87,7932,6300.34905569066,88,1
38,3898,749.85839791563,70,32
44,3910,948.408110217722,82,38
54,2138,746.362143076317,84,30
3,6249,318.086750812021,74,71
0,3884,251.031360554428,65,65
40,1494,310.733608535579,84,44
93,7013,6032.26137227513,96,3
3,5266,268.0500607739,46,43
18,5600,487.713359362629,71,53
69,1333,737.519201896824,83,14
93,2058,1770.1973341141,93,0
11,2928,195.152732900185,87,76
4,5450,285.502716763288,74,70
97,3503,3226.9700634081,97,0
42,6850,1539.25069644258,56,14
90,2679,2215.89259492665,94,4
35,3524,602.332840461383,88,53
58,5775,2306.45722478648,76,18
85,3780,2915.29127414597,97,12
89,5955,4861.37674423927,93,4
13,2023,145.35902058795,62,49
23,7334,777.589842886952,82,59
12,6257,432.933363076536,72,60
63,9937,4642.84838707661,94,31
36,7129,1267.65493083884,83,47
13,6019,432.484401838294,89,76
0,1162,75.1025852122157,67,67
73,7437,4546.16519656282,74,1
61,4059,1784.01475743897,74,13
37,2041,377.510039991304,48,11
69,2317,1281.94447921601,82,13
49,3442,1005.88402459864,80,31
6,3196,178.327286571156,79,73
28,6417,830.142556217545,76,48
81,1033,745.495985974841,90,9
26,6261,747.866456450362,81,55
12,3860,267.080514859426,79,67
86,1145,896.429163515508,86,0
37,9742,1801.91220460328,69,32
94,2026,1767.55783311097,95,1
81,2115,1526.35431784781,83,2
2,9656,478.753099326083,81,79
17,8251,691.189883061344,51,34
19,2692,243.798501479684,44,25
98,8639,8100.28590894862,99,1
58,1254,500.830711667922,84,26
27,5503,684.07062423728,71,44
78,6258,4266.1738777246,80,2
99,9067,8635.2380952381,99,0
95,6196,5492.47125828368,98,3
8,4075,243.51894519495,69,61
2,8896,441.071620920136,89,87
40,2662,553.663230201949,90,50
31,2145,312.754299620541,80,49
70,3199,1816.44389124755,74,4
3,4711,239.799437202021,48,45
22,7235,737.341253482163,60,38
93,6727,5786.25727239338,97,4
30,8650,1211.93178255178,80,50
99,4695,4471.42857142857,99,0
25,2587,296.94484731292,83,58
79,6572,4569.3238640996,86,7
57,5030,1943.80793111844,67,10
28,3383,437.645670513317,39,11
37,2292,423.9358214895,73,36
17,8933,748.321321704882,21,4
45,9631,2426.16658070544,77,32
79,2635,1832.0402285305,81,2
98,3559,3337.0665065341,99,1
76,1056,690.624498681219,82,6
14,6159,459.712850367637,88,74
41,9260,2002.08695385263,86,45
21,7558,740.432250589544,77,56
15,4167,323.158898430487,63,48
10,5709,366.702060712449,77,67
22,1009,102.830314410989,66,44
85,4731,3648.74153914936,91,6
36,6003,1067.43337772837,88,52
93,7205,6197.41097779015,93,0
57,2369,915.483297976062,93,36
3,8616,438.571842694251,55,52
17,3200,268.065401260005,74,57
72,9368,5591.2763948338,91,19
60,4213,1794.46906327283,85,25
70,2155,1223.64382170631,78,8
21,4400,431.053440406721,90,69
53,1514,510.473937565404,75,22
61,8605,3782.07612410996,95,34
94,2470,2154.91996435543,96,2
63,9391,4387.74169296935,78,15
28,2968,383.958720095632,76,48
31,4826,703.660722596145,72,41
53,9064,3056.10024444704,63,10
11,5261,350.648404299138,85,74
4,2401,125.778352834615,76,72
4,6516,341.346000445795,70,66
57,1805,697.529486216459,86,29
18,4712,410.375955235126,63,45
12,7953,550.282729190936,60,48
41,5645,1220.49469271038,73,32
4,3232,169.310968913568,61,57
7,6905,398.491504205218,87,80
76,9488,6205.1564805752,78,2
75,9932,6355.39407454636,80,5
29,3110,418.704144899272,77,48
52,9632,3135.34428275792,84,32
71,2969,1728.99505880762,85,14
51,3636,1142.20095021114,87,36
76,7271,4755.23743362798,77,1
45,2965,746.91972918613,83,38
39,5726,1145.45574194685,65,26
1,6535,316.508211868737,72,71
32,6010,911.901992269298,38,6
28,2880,372.574499284172,73,45
24,9209,1015.86693636033,54,30
57,8419,3253.46301631932,70,13
66,3124,1592.80687845441,69,3
56,8577,3205.55249708884,77,21
69,3933,2176.04127611419,94,25
38,4379,842.388384933952,84,46
25,5759,661.038026932782,83,58
84,8651,6568.570150856,93,9
23,1245,132.001548185745,74,51
67,7411,3885.40023154713,77,10
33,8315,1312.81956215692,86,53
67,1154,605.013070733421,72,5
82,1948,1430.79780152145,85,3
35,7476,1277.82074781195,71,36
41,3176,686.676907714466,82,41
44,3315,804.085136923721,79,35
14,5217,389.401191811651,81,67
4,2208,115.667889653824,84,80
76,5103,3337.36440982032,86,10
84,7662,5817.6377870603,90,6
99,6412,6106.66666666667,99,0
81,1844,1330.7788946153,83,2
86,2056,1609.65795649597,97,11
22,4252,433.33448649705,68,46
77,1119,747.435575776014,80,3
93,2841,2443.69806910504,93,0
44,2214,537.026996425073,74,30
38,4589,882.786092363989,45,7
8,5769,344.751115295623,81,73
8,2919,174.437251785045,81,73
81,7766,5604.57098458917,84,3
82,8125,5967.77830460048,84,2
83,8457,6317.67121942163,86,3
54,9567,3339.77858877976,80,26
17,7728,647.377944042912,81,64
29,8589,1156.35045033436,85,56
3,2591,131.887145359889,58,55
19,3006,272.23562238036,78,59
80,9932,7037.81112851989,86,6
79,6356,4419.14523436047,86,7
14,2610,194.812557145564,58,44
41,3479,752.187960308132,89,48
59,5451,2248.82745348479,74,15
93,6587,5665.83568503868,95,2
19,6673,604.334101179024,87,68
95,5804,5144.98114639743,98,3
46,5787,1513.61339768127,84,38
31,7838,1142.82899786751,68,37
79,5014,3486.09096996278,86,7
17,2868,240.253615879279,88,71
58,1081,431.736841557435,76,18
25,5500,631.309107159282,74,49
41,7498,1621.12829157527,84,43
8,5416,323.656099920453,78,70
29,6042,813.443872502058,85,56
83,1457,1088.42934453084,85,2
80,8108,5745.32547624237,97,17
20,7240,681.909712658277,77,57
52,3695,1202.77171146081,82,30
62,8724,3954.50779457499,83,21
44,7541,1829.1420867396,71,27
72,5101,3044.52400619633,72,0
85,2619,2019.88038280113,94,9
27,4644,577.289474642545,79,52
3,9520,484.587272800518,63,60
35,3762,643.012527189479,65,30
18,6246,543.974579031961,88,70
64,2108,1014.6135953886,73,9
25,4602,528.233547481275,85,60
85,3119,2405.50092170933,85,0
65,6917,3427.61119918341,87,22
34,8425,1384.09333348666,62,28
66,2311,1178.28959542514,68,2
21,4806,470.827916953341,83,62
24,1310,144.509250367253,67,43
36,4202,747.185582744398,42,6
38,6854,1318.50422250224,45,7
32,3498,530.754271041265,82,50
30,6323,885.901116887273,89,59
6,3921,218.780128487329,79,73
26,6943,829.330267870126,76,50
72,5348,3191.94557638462,74,2
79,1838,1277.9088956505,93,14
62,7137,3235.13550319598,63,1
50,9715,2944.07981356967,72,22
59,8953,3693.58873436972,68,9
5,8847,477.926535814238,83,78
30,8307,1163.87483441129,77,47
62,2357,1068.40610635182,83,21
54,6348,2216.0462508178,76,22
77,6024,4023.72824707302,79,2
27,2290,284.666859804356,65,38
93,2502,2152.10579686758,98,5
98,2428,2276.59384036662,98,0
77,8535,5700.94963292965,85,8
57,5557,2147.46335451793,80,23
35,2131,364.237026964588,88,53
40,3402,707.574120641258,69,29
65,9661,4787.35749534638,86,21
67,6419,3365.3196716099,79,12
58,1731,691.338087637299,70,12
95,2919,2587.56029743868,98,3
3,3405,173.321393265311,70,67
40,5767,1199.4650069777,73,33
28,4580,592.496946778301,81,53
47,8605,2336.18792906693,52,5
17,6620,554.560298856635,90,73
22,3697,376.772717916179,42,20
67,4074,2135.89536409702,91,24
40,6970,1449.67419778647,74,34
78,3937,2683.91284062029,83,5
42,2390,537.052432773397,75,33
70,3272,1857.89447082275,75,5
25,1278,146.693279809011,81,56
67,7570,3968.75991806932,83,16
77,6329,4227.45286781626,81,4
18,6207,540.578003850685,80,62
38,1915,368.388617754857,63,25
35,4498,768.811894550313,68,33
73,1221,746.38533077897,76,3
95,5091,4512.93918268596,99,4
90,1611,1332.51324017426,91,1
61,1820,799.92777988148,65,4
3,5483,279.095800080383,75,72
60,4489,1912.0274448212,84,24
38,9520,1831.36273682832,77,39
27,5778,718.255509148283,79,52
48,6348,1788.35447678721,88,40
96,3943,3562.89971858924,99,3
6,3286,183.349018671095,88,82
90,3353,2773.38106412433,90,0
30,9158,1283.1065045791,76,46
87,4294,3410.7033339808,88,1
61,6285,2762.38796514017,75,14
22,4122,420.085783946576,87,65
49,7272,2125.15648660119,81,32
73,7008,4283.9217019648,93,20
32,4546,689.768129260604,81,49
3,4271,217.402546442333,86,83
38,5250,1009.94268575091,78,40
82,4114,3021.71568555402,90,8
26,1165,139.157390475111,79,53
17,3450,289.008010733443,78,61
43,2581,602.639441091341,66,23
78,7638,5206.94088815285,94,16
75,8067,5161.997986243,88,13
88,2016,1623.74572161362,89,1
27,5078,631.239438465729,78,51
57,4085,1578.61936354251,67,10
61,9072,3987.33231817845,87,26
21,1948,190.839114070975,73,52
8,3554,212.384375760209,76,68
86,8270,6474.64557403777,87,1
90,6926,5728.73165825383,90,0
54,8542,2981.95763618236,58,4
98,9994,9370.79029679737,99,1
60,2222,946.430158697419,69,9
55,9356,3380.18493298924,63,8
93,8250,7096.27211197345,94,1
29,7672,1032.8933117901,89,60
6,4048,225.866350450575,70,64
93,5609,4824.60488194656,94,1
66,1483,756.124392044779,84,18
14,4750,354.543925839629,37,23
16,4665,375.965752886378,84,68
71,7398,4308.22008927544,88,17
42,6782,1523.97054354359,88,46
66,6467,3297.27339403478,87,21
41,4924,1064.60865667066,76,35
16,3751,302.303866897493,82,66
81,5231,3775.1108447574,81,0
77,6828,4560.75970634372,93,16
42,5635,1266.23031743853,59,17
9,9570,592.680990561187,73,64
4,5900,309.076335578605,86,82
98,6469,6065.60360516131,98,0
15,1884,146.107838887218,71,56
13,8044,577.987128823266,65,52
51,5997,1883.87763982844,84,33
42,4995,1122.41711368331,79,37
93,6576,5656.37398888938,98,5
87,2310,1834.82177491748,87,0
33,6377,1006.83708332828,87,54
77,2774,1852.89212439916,89,12
4,7357,385.402474720644,77,73
8,3639,217.463912040349,79,71
42,9430,2118.99767408081,85,43
18,5302,461.760041310832,70,52
30,4304,603.02362914484,82,52
26,2220,265.17545652768,85,59
57,2307,891.523836399652,93,36
15,3825,296.636137868158,69,54
12,3336,230.823989008043,77,65
93,8836,7600.32247047241,93,0
35,1289,220.319815934938,78,43
50,3407,1032.47348685866,86,36
92,8633,7327.67194153849,93,1
88,4800,3866.0612419372,91,3
71,6730,3919.21075977611,73,2
47,5286,1435.10626299219,85,38
98,9397,8811.0182528522,99,1
2,8557,424.263698315378,68,66
62,6776,3071.49757176068,93,31
66,1657,844.840268117463,86,20
23,9891,1048.69663703229,73,50
54,2794,975.367552738648,84,30
49,7434,2172.49908159973,84,35
13,6435,462.37533241891,19,6
16,9889,796.982921820662,73,57
28,4989,645.407700322476,82,54
5,2165,116.956137678063,75,70
21,1131,110.800327522728,54,33
99,4737,4511.42857142857,99,0
47,4220,1145.69588154125,89,42
46,7222,1888.94348679007,87,41
47,1586,430.586177280668,71,24
41,4282,925.803060086065,61,20
65,6325,3134.25485540481,89,24
68,4724,2545.07574757253,86,18
67,1913,1002.93761205636,68,1
20,4882,459.818123922336,72,52
66,5470,2788.94162136543,90,24
55,2329,841.433380604099,82,27
50,3772,1143.08482313791,79,29
26,7862,939.103351000278,66,40
51,6723,2111.9408658607,72,21
5,4216,227.753845935665,81,76
97,5504,5070.29495546623,98,1
87,6281,4988.96777846609,90,3
91,3658,3064.99915167988,96,5
2,1810,89.7414156773209,38,36
90,2869,2373.04809811294,93,3
94,4183,3649.40494368371,96,2
62,6152,2788.64419443207,84,22
67,5961,3125.20183244534,77,10
85,4168,3214.53281233873,89,4
34,7381,1212.58075898695,70,36
99,2203,2098.09523809524,99,0
57,4032,1558.13788832397,61,4
50,5726,1735.23427817807,88,38
5,4014,216.841541173093,59,54
99,8724,8308.57142857143,99,0
36,5428,965.188801317609,80,44
72,2667,1591.79484895621,80,8
69,6853,3791.61222100445,83,14
34,3033,498.273600055197,70,36
48,3943,1110.8194237511,77,29
35,5104,872.391264958825,86,51
54,1773,618.942974590416,91,37
63,8790,4106.93743810037,88,25
21,4311,422.334404907585,79,58
8,3626,216.687041785739,83,75
99,3345,3185.71428571429,99,0
27,2887,358.879137229334,91,64
38,7921,1523.7630502539,73,35
92,3472,2947.02617641859,92,0
38,9127,1755.76131292354,44,6
28,4705,608.667714976398,70,42
26,8034,959.648476460982,80,54
0,8174,528.30338341192,71,71
98,4017,3766.50636604313,99,1
52,3767,1226.20867038508,72,20
26,2768,330.633181832711,85,59
87,1953,1551.25840970296,90,3
30,6632,929.194402529874,65,35
11,5728,381.774198788341,75,64
88,4390,3535.83517752173,90,2
4,5207,272.772962603016,66,62
88,2151,1732.47869404311,91,3
62,5558,2519.38953716733,86,24
97,7081,6523.03026519919,99,2
44,6310,1530.55119577336,68,24
68,1761,948.746484224222,88,20
84,6127,4652.13608996587,89,5
65,3879,1922.17779986012,79,14
1,7818,378.647467542431,89,88
30,2154,301.792030013472,85,55
77,5602,3741.85352591352,86,9
48,7092,1997.95367822541,74,26
49,6009,1756.05958855701,77,28
98,2787,2613.20718002544,98,0
73,2405,1470.15292426161,89,16
88,9498,7649.96868248323,89,1
29,8231,1108.15235262569,51,22
56,4290,1603.33685583667,91,35
47,6891,1870.85078665894,61,14
96,5021,4536.98186331133,96,0
25,2973,341.251268288099,63,38
97,5649,5203.86922300667,98,1
78,5520,3763.06804171298,90,12
83,2964,2214.21041673947,96,13
98,1908,1789.02020074939,98,0
58,9096,3632.81989898837,59,1
76,1714,1120.95680941251,93,17
62,4689,2125.47994598374,85,23
74,6815,4263.77177664207,76,2
20,1216,114.530692070782,90,70
98,2104,1972.7979572205,98,0
58,6105,2438.25478048857,75,17
47,2329,632.304670168143,62,15
16,6555,528.286282994685,70,54
43,5809,1356.34735114281,59,16
34,7483,1229.33773465646,82,48
11,8573,571.394938235413,67,56
28,7275,941.138709129287,69,41
69,2899,1603.95211275236,87,18
59,1001,412.965745906857,77,18
10,5045,324.051829794063,68,58
70,8824,5010.40978317237,80,10
49,8427,2462.69165464635,80,31
53,3630,1223.9236415868,79,26
96,7205,6510.44698768336,97,1
51,6916,2172.56924413099,86,35
73,4584,2802.15426395643,80,7
54,8559,2987.8922275913,90,36
61,7418,3260.3649841543,73,12
7,9479,547.038518227554,69,62
63,6389,2985.12210375692,86,23
24,5894,650.181314247779,81,57
67,9512,4986.90149810771,83,16
24,2066,227.90542844179,44,20
72,6453,3851.463127227,82,10
12,7850,543.15596933847,80,68
43,7156,1670.85929502117,66,23
32,2081,315.751754727522,85,53
66,3400,1733.52861291453,83,17
29,4731,636.941900166706,75,46
55,6466,2336.07051910095,83,28
63,3962,1851.15883159883,64,1
2,7438,368.782679451885,64,62
78,2343,1597.25877205317,87,9
7,8601,496.36863543361,88,81
68,1618,871.70460617535,76,8
21,2236,219.053521079415,49,28
0,1187,76.7183895412221,79,79
45,6213,1565.13061633505,77,32
56,9916,3705.9879399712,81,25
6,7919,441.856627771271,67,61
42,6500,1460.60285063895,86,44
90,2866,2370.56669543105,94,4
96,8253,7457.42109498276,97,1
31,9013,1314.15128320743,79,48
17,3012,252.316558935979,76,59
50,2707,820.34215700804,67,17
11,7749,516.47490684547,77,66
20,7758,730.69828049764,75,55
43,7133,1665.48900941671,87,44
14,7491,559.134431255718,84,70
75,6725,4303.26471519576,84,9
84,5859,4448.64784578261,85,1
15,8502,659.346521347732,63,48
29,6494,874.29733664819,81,52
94,9698,8460.8962811008,98,4
54,8014,2797.63620889317,76,22
63,3191,1490.92575255726,89,26
0,7236,467.678404987601,87,87
5,3820,206.361406896167,83,78
95,6555,5810.70837605705,96,1
69,8283,4582.799361824,75,6
23,3533,374.587525895773,84,61
8,1325,79.1810067198302,62,54
17,8867,742.792472803894,88,71
82,8080,5934.72599399039,82,0
84,7700,5846.49059780271,84,0
45,2085,525.236976510314,79,34
36,1395,248.054233205244,56,20
88,5050,4067.4185982881,95,7
28,8531,1103.62258798377,91,63
55,8090,2922.79778835859,82,27
46,3345,874.898361023648,90,44
74,1869,1169.33080712312,81,7
17,4833,404.862526340501,64,47
61,6656,2925.4501664237,74,13
45,8079,2035.19881689536,91,46
34,4132,678.821798690429,84,50
54,4654,1624.68167159831,79,25
31,4921,717.512311623629,83,52
60,5392,2296.6478018436,87,27
51,4806,1509.74085993255,70,19
49,2449,715.691451552024,81,32
7,9285,535.842667131853,81,74
50,4227,1280.97018754081,71,21
67,3590,1882.14638122442,77,10
27,1409,175.150919416741,67,40
64,8272,3981.44386198031,78,14
47,6780,1840.7151840876,75,28
39,7478,1495.93399201511,82,43
20,2170,204.384540948683,76,56
32,6600,1001.42315290805,73,41
95,9123,8087.12319065881,96,1
61,1981,870.690621947919,63,2
41,5610,1212.92740940748,72,31
55,5412,1955.27585050639,65,10
45,6182,1557.32133754761,62,17
29,8220,1106.67140548939,86,57
94,9712,8473.11040235625,94,0
11,8198,546.400991911106,76,65
23,3586,380.206868910909,70,47
3,7471,380.289024694608,70,67
12,7147,494.514103549305,76,64
37,8560,1583.28561603408,72,35
15,9174,711.461419294765,80,65
7,4768,275.164010434537,88,81
51,8140,2557.07253430107,78,27
84,5454,4141.13762602805,84,0
69,6558,3628.39529335287,74,5
3,7666,390.214919463106,78,75
24,3149,347.37376290571,73,49
89,3188,2602.53048877158,92,3
86,5020,3930.19598327323,88,2
94,7800,6805.01041375399,97,3
9,1170,72.4594314479195,73,64
20,1861,175.280935808985,79,59
57,1343,518.992853179338,67,10
86,7451,5833.44427716511,96,10
82,9243,6788.94459931351,84,2
9,7110,440.330391106588,77,68
84,6925,5258.04511555633,90,6
35,7301,1247.90921345305,75,40
71,3620,2108.10445028076,92,21
30,2268,317.764310153461,80,50
26,6026,719.796081547657,79,53
24,8836,974.720409347366,74,50
73,2603,1591.18838330685,79,6
87,1389,1103.27595037246,91,4
35,4952,846.410960829957,83,48
30,2593,363.299319324482,51,21
10,6834,438.963370626883,65,55
29,6410,862.988285789174,33,4
48,6794,1914.00130990742,64,16
87,1160,921.382363162023,89,2
15,1173,90.9684156129016,89,74
39,1969,393.887942000235,92,53
87,2229,1770.48386852427,91,4
82,2782,2043.36729149521,96,14
41,6151,1329.89598846086,63,22
18,3099,269.897089404426,86,68
45,3071,773.622424394807,84,39
0,3130,202.298701991597,69,69
76,6614,4325.55912336892,79,3
41,5952,1286.87057768152,43,2
2,9536,472.803392209355,75,73
52,3792,1234.34650334489,71,19
27,8702,1081.73406725655,74,47
25,5422,622.355996185023,91,66
37,8093,1496.90776758923,74,37
54,1449,505.836644208411,84,30
80,1001,709.308189654491,92,12
18,2653,231.054203998045,81,63
9,8692,538.305451406253,87,78
41,6005,1298.32960668305,93,52
13,5360,385.133144019481,90,77
18,2354,205.013794274934,42,24
44,2110,511.800796050996,74,30
88,6106,4917.95207151428,88,0
24,3448,380.357171958999,86,62
32,2603,394.955222275704,86,54
46,8634,2258.25783231037,84,38
91,5962,4995.49615700258,96,5
23,2199,233.149722458196,87,64
64,4676,2250.6324345527,68,4
1,3453,167.238386470199,57,56
58,4376,1747.71546591613,72,14
63,5515,2576.76450183431,85,22
37,5319,983.819648561366,69,32
11,5466,364.311761623092,77,66
61,9956,4375.8686684066,65,4
18,7109,619.134691376594,83,65
79,8018,5574.68635763094,82,3
75,7982,5107.60727980558,80,5
5,8824,476.684045668004,62,57
31,9729,1418.54852261457,48,17
91,1205,1009.65663689837,92,1
91,2431,2036.90894962651,95,4
58,7626,3045.72169631545,58,0
54,8261,2883.86233112884,76,22
3,8437,429.460380317014,48,45
42,3519,790.747912522839,52,10
57,1497,578.505064191711,61,4
83,5954,4447.84373187139,90,7
95,8697,7709.49363029263,97,2
78,7686,5239.66321895035,80,2
32,7805,1184.25874370414,76,44
55,8864,3202.43258294321,64,9
77,8943,5973.47306002224,81,4
0,4966,320.963371913824,84,84
88,2363,1903.22973222867,98,10
29,6572,884.798598160133,74,45
39,1223,244.65462319263,70,31
52,1989,647.445990282963,79,27
43,3014,703.740904862186,84,41
46,4818,1260.16750475693,87,41
11,7979,531.804527257711,88,77
35,6745,1152.87599571851,62,27
7,3684,212.605749672994,68,61
16,3332,268.535453079831,78,62
30,4729,662.569410368482,68,38
82,8375,6151.40225243435,86,4
69,7730,4276.83678219239,92,23
39,9662,1932.83153662076,89,50
14,5135,383.280644039262,89,75
24,2340,258.131027373567,53,29
74,2353,1472.14306536153,75,1
80,4962,3516.07116589969,92,12
94,3298,2877.29799289239,96,2
15,2502,194.034932534936,73,58
66,6599,3364.57509312441,79,13
26,4415,527.364702959327,76,50
66,6111,3115.7627510355,84,18
23,2881,305.459004275608,69,46
58,6584,2629.56092952281,71,13
51,2921,917.593227603616,75,24
63,1683,786.345359308638,93,30
27,4580,569.333719608712,78,51
76,4136,2704.94595316811,78,2
60,6718,2861.43915667384,80,20
90,7803,6454.12837559264,90,0
72,1868,1114.91292757788,81,9
32,4018,609.65427702796,83,51
0,4954,320.187785835901,73,73
36,3540,629.470957381049,89,53
67,7614,3991.82800742138,72,5
70,2367,1344.02084732196,77,7
5,5107,275.886833774535,77,72
63,4984,2328.66623338934,80,17
65,9534,4724.42463105604,73,8
97,2200,2026.64405923432,98,1
4,2574,134.841099623615,40,36
95,3673,3255.94689019948,96,1
42,8046,1808.00162096015,69,27
87,7242,5752.28540863739,92,5
7,2863,165.22536952057,64,57
40,4115,855.869343456431,81,41
83,3412,2548.88189673248,85,2
71,7405,4312.29653434504,78,7
16,1279,103.078284660595,70,54
18,3990,347.495768545873,74,56
44,9143,2217.72259634799,84,40
61,9412,4136.76937595851,81,20
67,3664,1920.94271331651,85,18
21,3624,355.031288189535,70,49
93,9416,8099.21190379903,94,1
57,5947,2298.17609669212,72,15
15,5217,404.588426472726,26,11
23,5649,598.937145141586,89,66
99,5115,4871.42857142857,99,0
90,3863,3195.21952004542,96,6
27,3611,448.878616049576,28,1
10,2538,163.021515166964,89,79
97,8997,8288.05300042326,98,1
65,1371,679.377613716995,66,1
18,9013,784.957233559888,70,52
1,4331,209.762366580489,39,38
78,1552,1058.0220291193,88,10
29,5681,764.84188011986,86,57
9,8052,498.669523092861,86,77
96,3246,2933.08964913535,96,0
4,4332,226.935370462122,50,46
73,4703,2874.89779742301,81,8
48,3993,1124.90539158969,62,14
62,8426,3819.42717527383,89,27
6,1105,61.6557107825805,76,70
60,4880,2078.56848534807,91,31
80,7049,4994.91851036414,89,9
2,1702,84.3866792722653,70,68
64,5239,2521.61320030402,86,22
26,5797,692.442397068,81,55
28,7233,935.705331014727,65,37
5,2850,153.960735511538,63,58
79,6293,4375.3431340199,83,4
25,2513,288.450870234777,78,53
39,6522,1304.6912939185,65,26
68,1013,545.758199045506,92,24
78,4190,2856.38679253213,79,1
16,2063,166.263097149967,85,69
6,5376,299.964797436337,65,59
39,4026,805.379814369196,58,19
30,9319,1305.66384758382,70,40
19,4945,447.839372146002,68,49
52,6781,2207.3058120205,90,38
55,5168,1867.12224601202,65,10
99,7613,7250.47619047619,99,0
74,8407,5259.79887398825,87,13
39,4050,810.180886287939,60,21
55,3819,1379.7484244427,85,30
20,6432,605.807081742823,53,33
29,5648,760.399038710961,52,23
9,2863,177.308848064439,83,74
87,3521,2796.713190253,96,9
12,2703,187.025552244826,90,78
9,2034,125.967934670998,48,39
26,3700,441.9590942128,76,50
1,7839,379.664555904977,82,81
90,5937,4910.69590745784,90,0
88,4534,3651.81701477985,88,0
28,7138,923.415547184172,81,53
75,1507,964.315230602232,87,12
44,3874,939.675963934387,77,33
59,9730,4014.14256510861,68,9
47,3857,1047.1443163755,81,34
88,6188,4983.99728439737,89,1
79,3773,2623.2591203968,83,4
54,3180,1110.11768708264,72,18
53,2954,995.997365632894,80,27
1,5241,253.836195624185,87,86
62,6566,2976.30653131355,66,4
9,8993,556.946723941145,87,78
66,1195,609.284321303783,78,12
32,1194,181.16655220791,81,49
43,7028,1640.97248817898,83,40
77,9164,6121.08991636407,91,14
66,4544,2316.81000502459,75,9
9,7321,453.397861222409,88,79
99,6607,6292.38095238095,99,0
50,1002,303.650846443316,74,24
72,5487,3274.90751264443,89,17
32,3890,590.232737092773,90,58
88,8954,7211.81507506368,90,2
72,3468,2069.87046725914,74,2
61,7204,3166.3075419045,83,22
88,8182,6590.02355865212,91,3
14,3666,273.633269921701,56,42
30,6533,915.323738197779,62,32
62,7782,3527.5079845693,85,23
92,3603,3058.21869632378,93,1
11,3071,204.683757765187,84,73
15,1894,146.883358201906,79,64
9,8781,543.817322687334,85,76
98,9531,8936.6622292151,98,0
60,8698,3704.79276343391,83,23
75,9307,5955.46240956534,87,12
98,9299,8719.12937461664,98,0
56,8191,3061.28955388303,75,19
97,8133,7492.13460625124,98,1
54,6071,2119.34732021343,60,6
6,4445,248.017768713638,68,62
15,1860,144.246592531967,72,57
74,9519,5955.51629374261,86,12
76,5720,3740.88270118994,79,3
17,8577,718.499045814707,57,40
88,9061,7297.99602358187,90,2
87,3133,2488.52667567812,93,6
91,4875,4084.71046048097,97,6
74,3641,2277.97403356622,88,14
10,9827,631.210571137018,36,26
22,2587,263.649180754438,76,54
97,8494,7824.68847233469,97,0
69,5406,2991.01935893041,72,3
8,5189,310.090750089961,85,77
11,4172,278.065984173351,49,38
19,8702,788.088618081802,85,66
32,5611,851.361410752584,60,28
5,7315,395.165887812948,37,32
76,3855,2521.17182046979,82,6
84,6506,4939.90491289668,85,1
25,9944,1141.40686574398,67,42
18,8414,732.78932244235,72,54
30,4109,575.702623642228,35,5
86,3041,2380.82190938922,90,4
35,4696,802.654659139232,73,38
55,3763,1359.51644964071,85,30
76,5337,3490.40052032355,86,10
66,1415,721.453819786488,87,21
79,5367,3731.52178615681,89,10
0,4893,316.245223273125,75,75
24,5818,641.797571478381,61,37
55,1216,439.322881414592,79,24
74,3581,2240.43532386724,81,7
38,2104,404.74655444189,46,8
55,2922,1055.67554234658,55,0
50,2684,813.372127598662,87,37
16,4421,356.301091856522,65,49
53,3480,1173.34828449644,73,20
25,2800,321.393727281089,49,24
47,6154,1670.76124526181,69,22
3,1195,60.827919222334,77,74
76,1862,1217.74887930344,85,9
32,2203,334.262909978247,78,46
6,6162,343.821257775802,33,27
33,2966,468.288974306364,46,13
39,1423,284.663555848824,70,31
35,9095,1554.54517139508,75,40
27,5784,719.001361182705,85,58
2,5858,290.444869081627,27,25
80,9173,6499.98403966099,80,0
67,1885,988.257918832321,73,6
63,3765,1759.11484123412,87,24
66,5480,2794.04023493283,89,23
8,4230,252.781628999911,89,81
81,2374,1713.26957473792,88,7
17,3475,291.102271680786,64,47
94,5482,4782.70090874351,94,0
55,8834,3191.59402501357,83,28
7,5274,304.365560199612,82,75
20,6258,589.418643897168,72,52
45,4093,1031.07671216149,77,32
79,1679,1167.36073764809,89,10
56,4527,1691.91280801227,82,26
25,7974,915.283421906929,72,47
61,5798,2548.34135590814,67,6
82,1633,1199.43162725078,93,11
33,6530,1030.99359481475,69,36
28,7120,921.086956563646,75,47
1,9752,472.316462455076,90,89
54,5986,2089.67436316877,70,16
38,5937,1142.10090005775,92,54
26,1444,172.483495146833,62,36
62,4806,2178.51495423285,65,3
1,4712,228.215255443839,79,78
33,6694,1056.88684895711,62,29
90,7043,5825.50636284749,93,3
49,4147,1211.91198431451,67,18
84,6482,4921.68208505937,84,0
49,6728,1966.17888364313,58,9
85,1304,1005.69836547258,97,12
36,6425,1142.47200598114,90,54
27,1316,163.590212883202,72,45
6,8137,454.020378857789,64,58
15,2174,168.59789901317,78,63
29,8605,1158.50455525988,79,50
46,5853,1530.87596623958,51,5
3,8295,422.232292844569,74,71
47,4810,1305.87611142498,66,19
42,3845,864.002763185654,80,38
27,4470,555.65976564431,86,59
28,9657,1249.28886791224,78,50
96,7097,6412.85805296167,97,1
2,4968,246.317874632558,75,73
5,7185,388.143117421193,66,61
26,6915,825.98571256257,76,50
41,6499,1405.13640530111,49,8
26,9659,1153.75213270309,86,60
55,1562,564.327582869731,65,10
12,8708,602.522570827949,35,23
55,3024,1092.52663930734,93,38
52,1143,372.061722922789,87,35
8,5803,346.782929807679,85,77
23,1766,187.240750277932,79,56
46,6778,1772.81348012505,84,38
85,8171,6301.81084683775,87,2
53,1745,588.359987484563,79,26
32,3279,497.525230058407,77,45
61,3152,1385.36942977276,74,13
14,1947,145.325689181002,45,31
8,6455,385.745961038871,66,58
25,3199,367.192333418644,57,32
53,8745,2948.5433183682,91,38
52,3426,1115.20862881319,90,38
48,6711,1890.61860329537,90,42
82,3020,2218.17728983304,90,8
19,5103,462.148496675642,79,60
62,2547,1154.53133342303,93,31
17,1400,117.278613051252,63,46
85,1415,1091.3061251102,88,3
33,7966,1257.7174542564,70,37
27,1652,205.357926810828,64,37
14,7217,538.682844796758,83,69
48,3306,931.36419348748,78,30
84,1465,1112.35178256896,92,8
63,6025,2815.05097435208,85,22
92,1539,1306.29990942057,94,2
45,7814,1968.44207887366,46,1
19,2540,230.032761425853,59,40
19,2360,213.73122715158,56,37
54,8180,2855.58574853333,76,22
95,9618,8525.91810235191,98,3
11,1612,107.440643932752,49,38
22,3775,384.721939446464,88,66
34,2177,357.646431691448,69,35
92,5158,4378.09937153429,92,0
29,7255,976.751952168559,76,47
97,8390,7728.88348044361,99,2
21,5271,516.382428269051,40,19
38,6447,1240.20961810212,89,51
87,1486,1180.32257901618,92,5
94,1969,1717.82891085662,95,1
77,8280,5530.62249099678,85,8
50,7224,2189.1953240584,85,35
7,8127,469.013823993599,80,73
63,4671,2182.42375123627,87,24
66,9198,4689.70475929054,90,24
46,7156,1871.68091823176,84,38
48,4609,1298.4445153611,80,32
58,1141,455.700033503269,83,25
44,7012,1700.82804829838,71,27
62,1696,768.780974277761,78,16
39,5987,1197.66739906318,67,28
20,2762,260.142904193669,79,59
80,7850,5562.50678200575,84,4
38,6609,1271.37356383386,45,7
2,3292,163.220298568917,72,70
85,3139,2420.92574326566,89,4
58,4429,1768.88295213495,76,18
74,2119,1325.74209753552,77,3
59,6921,2855.28064677458,84,25
47,3322,901.896141819911,71,24
25,3412,391.641213386812,80,55
50,4631,1403.40026934031,74,24
95,2784,2467.88895788602,96,1
5,8607,464.961421244845,44,39
24,1851,204.188261396783,71,47
72,9102,5432.51470386179,78,6
16,1336,107.672078425767,77,61
19,5252,475.642544491568,74,55
80,3942,2793.29958403397,85,5
23,7184,761.686041900717,71,48
32,9963,1511.69376854892,89,57
63,5829,2723.47421236486,67,4
93,2621,2254.46414611908,95,2
93,4934,4244.00080005782,96,3
99,7598,7236.19047619048,99,0
69,1169,646.78165567696,76,7
19,4158,376.565441735708,83,64
97,6783,6248.51211535745,97,0
83,3267,2440.56188646689,83,0
84,7410,5626.29809476858,86,2
62,2048,928.3392896939,74,12
47,3853,1046.05834871527,68,21
70,6140,3486.39121358549,72,2
24,2248,247.982286126401,91,67
4,8978,470.319888275376,69,65
40,6039,1256.03765859864,70,30
28,6795,879.042959248592,40,12
9,9160,567.289223985421,73,64
85,6023,4645.18501168814,87,2
30,4724,661.868871765851,72,42
25,1201,137.854952308781,87,62
15,4037,313.077147339543,73,58
88,7974,6422.49423816817,88,0
19,8646,783.017029640917,70,51
22,3306,336.924697168215,65,43
52,9202,2995.37355584908,86,34
98,4500,4219.38726591837,98,0
20,4073,383.621306582481,56,36
42,8384,1883.95296919337,89,47
11,3751,250.006113766597,89,78
6,9856,549.935461966618,83,77
64,4122,1983.98351052742,66,2
27,8121,1009.51072859003,81,54
5,6003,324.289928166934,86,81
69,2597,1436.8622410548,69,0
91,5505,4612.5807353739,94,3
86,2457,1923.60389061799,91,5
9,3198,198.05577929098,47,38
72,9917,5918.94620063693,85,13
55,3543,1280.03369149005,88,33
27,6111,759.650297058698,88,61
84,9993,7587.52994075876,93,9
47,3497,949.407226954915,93,46
36,3263,580.215744049255,80,44
29,6026,811.289767576531,57,28
70,9070,5150.09255817921,91,21
59,5177,2135.78787868112,84,25
47,8654,2349.49103290473,76,29
53,3670,1237.41040347756,80,27
98,9695,9090.43545401746,99,1
6,7751,432.482727851386,90,84
32,5554,842.712756250196,80,48
41,7031,1520.15911150517,84,43
64,9914,4771.76431910939,90,26
26,9487,1133.20700724239,82,56
69,4882,2701.10183320352,73,4
7,9743,562.274109409332,75,68
32,7488,1136.1600862084,82,50
3,4932,251.048784606319,78,75
85,5858,4517.93023384843,86,1
6,2200,122.753451331834,48,42
25,9099,1044.41483018951,61,36
86,5568,4359.22932965445,95,9
33,1640,258.932541423613,82,49
77,5279,3526.10581279855,93,16
8,3637,217.34439353964,71,63
90,2368,1958.65385023752,94,4
44,5855,1420.18656913677,85,41
74,8797,5503.8004870316,74,0
90,9266,7664.22575012706,92,2
97,6126,5643.28250312247,97,0
74,1478,924.70354891812,88,14
81,5166,3728.20161040274,82,1
0,1718,111.038073489317,76,76
79,9519,6618.28878003105,80,1
71,5338,3108.58054022064,82,11
33,2493,393.60904010309,63,30
74,3422,2140.95774316496,92,18
88,9738,7843.27174458009,92,4
8,4685,279.972087911249,26,18
77,2395,1599.73923501658,86,9
53,5895,1987.61153365129,84,31
20,1066,100.402728410735,75,55
83,4508,3367.63176742967,87,4
55,3549,1282.20140307598,74,19
42,9357,2102.59398052748,84,42
39,3209,641.943324468641,51,12
62,9992,4529.28036260813,62,0
6,4719,263.306153106785,75,69
46,5712,1493.99684250137,90,44
0,1314,84.9266755325744,71,71
52,9665,3146.08622226487,89,37
27,6698,832.61948775964,64,37
70,2682,1522.88293726975,79,9
27,2711,337.000810886292,70,43
28,5420,701.164509069517,79,51
82,6421,4716.19747616489,93,11
76,5333,3487.7845184346,85,9
64,5415,2606.32477183552,87,23
98,4458,4180.00631810313,98,0
80,5636,3993.66728960311,90,10
10,4447,285.640929057323,76,66
73,4155,2539.91076935841,73,0
16,2766,222.919886920412,89,73
95,2219,1967.04224049895,97,2
52,6104,1986.93329546868,78,26
49,2480,724.750837014708,78,29
77,6947,4640.24570591239,88,11
92,4923,4178.63187399444,94,2
48,8309,2340.80613541666,77,29
47,9169,2489.30936915917,72,25
3,9940,505.966123071129,71,68
69,6470,3579.70685391782,87,18
60,1814,772.64820336504,73,13
31,9764,1423.65173962469,77,46
78,9810,6687.62635673991,86,8
35,7662,1309.61243575911,55,20
47,6864,1863.5205049524,73,26
32,5598,849.388910602917,84,52
71,2037,1186.24551525467,81,10
46,9724,2543.35176759162,63,17
92,3333,2829.04327361842,94,2
74,9620,6018.70645506922,87,13
27,6351,789.484378435574,71,44
67,9295,4873.13387562145,70,3
44,1543,374.269492088477,65,21
25,7443,854.333397197551,81,56
85,4120,3177.51324060354,96,11
74,2890,1808.11451716736,90,16
89,9287,7581.46193513855,91,2
78,1988,1355.24986719663,80,2
45,5145,1296.08836649667,75,30
76,1771,1158.23483632996,84,8
43,1136,265.245410724434,84,41
28,5022,649.676783126774,73,45
26,6359,759.572400026809,82,56
14,7518,561.149733571017,42,28
10,7547,484.760983043764,66,56
50,4249,1287.63717219326,89,39
9,4468,276.708324537867,66,57
23,5770,611.766211270482,88,65
45,2754,693.766250987724,51,6
3,1568,79.8143743436148,54,51
24,5348,589.950741193947,73,49
23,4082,432.795437505391,35,12
94,9209,8034.27447439238,98,4
43,2079,485.427120507128,76,33
38,8663,1666.5016165067,78,40
90,8527,7052.97355615513,91,1
89,5431,4433.60824483013,92,3
92,2937,2492.91932031722,97,5
76,2685,1755.99126795367,88,12
51,6465,2030.89360371701,64,13
50,4977,1508.25375523791,77,27
19,1083,98.080897883543,60,41
44,1756,425.93469093154,82,38
68,4954,2668.98925772106,76,8
81,3221,2324.53298240558,87,6
93,9804,8432.95173161063,96,3
84,1181,896.714986494155,85,1
77,6724,4491.29295041816,77,0
80,5517,3909.34393838544,86,6
16,3839,309.396039727932,85,69
5,9434,509.637045198544,67,62
39,4545,909.202994612021,73,34
29,4457,600.052853317059,44,15
75,9805,6274.12796022222,78,3
24,5865,646.982254506825,42,18
71,4468,2601.93665299846,74,3
32,4611,699.63063000894,69,37
2,8140,403.588466084747,60,58
17,7437,623.00074661583,80,63
19,1799,162.924778663429,91,72
48,5337,1503.53620709095,74,26
13,4920,353.517736674598,59,46
71,9676,5634.81178478361,95,24
25,7352,843.888101060916,58,33
12,3943,272.823437847336,12,0
86,3754,2939.03500422464,90,4
84,3956,3003.72945518279,90,6
30,2140,299.830521926105,74,44
8,5841,349.053781321153,87,79
56,1392,520.243567208543,80,24
5,5193,280.532666495234,82,77
97,3815,3514.38503908133,97,0
54,6386,2229.31180808483,91,37
55,1916,692.222566439439,80,25
32,5169,784.296405663893,53,21
72,4479,2673.28426264524,81,9
20,6276,591.113999536374,76,56
59,1719,709.178938275612,79,20
16,4401,354.689234395059,88,72
3,6357,323.584169453035,77,74
1,6504,315.006795714501,74,73
0,8224,531.534992069933,79,79
61,6115,2687.66943625014,82,21
51,8316,2612.36058909677,87,36
74,8324,5207.87032557133,75,1
74,9231,5775.33048718752,88,14
74,9667,6048.11177766675,86,12
56,6173,2307.08587670857,84,28
98,4271,4004.66733616385,99,1
60,1258,535.82769560817,75,15
39,6896,1379.50799798559,69,30
11,6323,421.431260289574,76,65
81,9367,6759.98151077089,83,2
8,3090,184.65608359568,83,75
95,4992,4425.18020034734,97,2
17,1561,130.765653552146,76,59
92,3055,2593.07746801808,94,2
67,1556,815.771523449916,73,6
25,7796,894.851963529774,75,50
12,4284,296.417856388026,78,66
82,4137,3038.60908875473,86,4
40,3252,676.375967173831,77,37
94,5360,4676.26356637454,95,1
56,4342,1622.77124196803,80,24
26,8470,1011.72798053579,75,49
6,2594,144.737478524899,72,66
15,8094,627.705333308462,71,56
1,5690,275.582513471019,59,58
38,1292,248.542085712415,62,24
30,1469,205.818241453013,72,42
19,5411,490.042233100509,72,53
92,7685,6523.01156848411,93,1
22,4312,439.449272289577,63,41
7,4369,252.137491943895,59,52
55,3608,1303.51723367093,62,7
41,2048,442.794177266759,81,40
60,4436,1889.4528280746,85,25
0,4909,317.279338043689,86,86
87,6038,4795.95405928646,87,0
19,2133,193.173181150136,77,58
2,4611,228.617495960291,50,48
44,4451,1079.63286408672,81,37
85,9573,7383.09083793633,86,1
38,4198,807.569408529968,89,51
73,5938,3629.84119096276,85,12
9,7009,434.07534616963,76,67
85,4728,3646.42781591591,87,2
33,1686,266.195283439154,87,54
1,5695,275.824677366864,87,86
80,4465,3163.89716963767,93,13
4,5500,288.122007742768,87,83
65,1574,779.971089708643,68,3
57,8913,3444.3658230733,63,6
79,1158,805.124320545851,90,11
26,9114,1088.65275260958,66,40
20,1773,166.992530461758,91,71
73,2544,1555.12226167215,81,8
87,6803,5403.589841889,90,3
44,5485,1330.43951011361,78,34
46,4245,1110.29702318248,83,37
42,6880,1545.99194036861,92,50
98,5454,5113.89736629306,99,1
39,6677,1335.69821672705,67,28
72,1998,1192.50322767698,88,16
37,1234,228.244678760054,81,44
24,8767,967.108853411992,80,56
25,9133,1048.31746830649,69,44
6,3486,194.508423337625,74,68
70,6755,3835.5981511026,75,5
46,4279,1119.1898615307,66,20
53,3791,1278.20785819712,63,10
95,8307,7363.7764271405,99,4
98,8886,8331.8833877668,98,0
75,6770,4332.05979507439,87,12
49,4414,1289.93959458989,70,21
14,5828,435.006736798601,85,71
51,1938,608.796876102639,72,21
80,1780,1261.30727031468,94,14
81,2910,2100.09033803174,88,7
95,1629,1444.03416393546,98,3
56,9712,3629.74534822512,84,28
26,6958,831.121993927746,80,54
88,3840,3092.84899354976,93,5
91,9413,7887.05221836049,92,1
21,9260,907.171558674144,90,69
21,1870,183.197712172856,80,59
30,6209,869.928836747284,84,54
73,1532,936.496582107602,88,15
92,3806,3230.52466228374,95,3
54,9492,3313.596567858,78,24
33,4040,637.858211799632,78,45
74,9824,6146.33806804574,90,16
48,3435,967.705990511039,70,22
73,9427,5762.63268898719,75,2
69,9261,5123.90497281807,89,20
27,9578,1190.62846428215,89,62
57,9384,3626.38044246828,85,28
97,2884,2656.74612128717,97,0
4,4538,237.726849297578,84,80
52,1921,625.311084632263,82,30
89,3264,2664.57324822787,95,6
84,4426,3360.59316699672,90,6
2,7102,352.123499525046,76,74
15,1580,122.532051720703,82,67
21,1758,172.225442780685,84,63
5,3298,178.162282707738,73,68
95,7578,6717.55119355612,98,3
94,1456,1270.26861056741,95,1
47,5275,1432.11985192656,60,13
36,5338,949.185302401141,78,42
63,5107,2386.13532382009,75,12
53,1224,412.694913857367,80,27
96,7303,6598.99990993082,98,2
68,1253,675.059253113543,81,13
8,6566,392.37923782823,47,39
68,5745,3095.14398175364,83,15
24,4290,473.240216851539,64,40
0,5035,325.422991861881,86,86
10,9475,608.600810168235,90,80
56,9205,3440.26008344442,85,29
26,8855,1057.71561601469,67,41
24,3348,369.325931472949,77,53
56,2380,889.496903704261,87,31
27,6175,767.606052092532,86,59
8,2615,156.27043967725,87,79
40,2025,421.175071810273,88,48
48,1291,363.699689592358,79,31
1,9807,474.980265309365,89,88
78,6807,4640.43553622106,89,11
6,7689,429.023312404761,69,63
19,7182,650.431217543496,78,59
61,8249,3625.60673419908,74,13
39,9973,1995.04542690114,84,45
36,5024,893.350872848133,65,29
15,3977,308.424031451415,80,65
33,9771,1542.70113551837,82,49
64,6532,3143.95446161212,79,15
18,2329,202.836502492065,77,59
77,2673,1785.42921720222,88,11
6,1108,61.8231018525784,52,46
98,7590,7116.69985518231,98,0
41,7260,1569.67076511556,79,38
91,9012,7551.05859894452,98,7
10,6230,400.167076237267,82,72
77,1602,1070.05522108416,78,1
70,4306,2445.01637877836,78,8
57,2876,1111.40986280251,72,15
78,3064,2088.77544924068,86,8
92,8909,7561.94015141509,95,3
61,9653,4242.69387867908,75,14
18,3334,290.363632163394,84,66
35,6071,1037.6738576734,72,37
11,4696,312.990858503849,63,52
13,5799,416.676698165852,26,13
50,5104,1546.74043936795,63,13
52,5126,1668.58127008068,85,33
7,8101,467.513349104485,86,79
10,1479,94.9995354341762,45,35
58,5497,2195.42776877079,70,12
63,2058,961.556000865821,65,2
53,3723,1255.28036298282,70,17
96,2650,2394.54330567119,97,1
28,1869,241.785326097957,71,43
19,3086,279.480748724482,41,22
46,2147,561.55658628334,86,40
77,4399,2938.31018573609,82,5
80,2256,1598.60067518535,84,4
92,6854,5817.66054526872,94,2
70,4151,2357.00487420087,87,17
28,3419,442.302851754369,76,48
14,9527,711.103153994557,88,74
49,1119,327.014591378814,88,39
75,9839,6295.88424279718,88,13
77,5483,3662.36752634485,81,4
5,5149,278.155728824179,64,59
62,1335,605.143042842459,77,15
79,7383,5133.18899705528,94,15
94,6334,5526.01743086126,97,3
19,9188,832.102760622339,54,35
47,5230,1419.90271574899,84,37
21,3040,297.818740644643,84,63
35,5076,867.605419461402,84,49
14,6809,508.229387587796,66,52
63,6337,2960.82622812765,69,6
99,7979,7599.04761904762,99,0
26,8571,1023.79226932376,77,51
35,2577,440.468708816397,67,32
57,5472,2114.61570558253,87,30
54,8102,2828.3564467747,93,39
33,7831,1236.40288529775,59,26
50,2893,876.708481796919,80,30
86,8665,6783.89406276146,87,1
92,6553,5562.17238884533,96,4
69,3914,2165.52899941798,79,10
13,8044,577.987128823266,74,61
37,2988,552.67025942872,74,37
5,8673,468.526827751428,84,79
90,8491,7023.19672397246,91,1
90,1864,1541.77819968021,94,4
75,5059,3237.20686902236,84,9
55,3599,1300.26566629204,71,16
73,4785,2925.02359359326,76,3
27,2580,320.716374801414,38,11
11,1701,113.372540527054,73,62
80,1586,1123.83894984218,81,1
50,4667,1414.30988058978,67,17
57,4052,1565.866746897,74,17
55,8027,2900.03681670636,63,8
86,2630,2059.04689960331,89,3
54,5464,1907.44749755332,66,12
1,1907,92.3613098750851,84,83
97,2072,1908.73022306069,97,0
45,5067,1276.43921341859,59,14
8,4930,294.613104248123,90,82
97,2038,1877.40936032707,97,0
78,8556,5832.75546465511,83,5
48,3830,1078.98513643589,85,37
80,5014,3552.91834458304,81,1
18,3334,290.363632163394,84,66
26,6583,786.328842487259,88,62
82,8524,6260.84212534333,89,7
79,7611,5291.71088400213,81,2
50,7958,2411.63017564462,68,18
12,6862,474.794428229373,91,79
30,4000,560.43088210487,74,44
76,6070,3969.78286647254,83,7
40,7849,1632.4953771056,84,44
99,4736,4510.47619047619,99,0
55,6837,2470.10735216412,86,31
69,6865,3798.25155365469,78,9
51,6094,1914.34889730107,79,28
18,7096,618.002499649503,59,41
83,4605,3440.09411912458,84,1
11,6271,417.965433065936,83,72
36,2162,384.439607304471,78,42
11,6512,434.028209237024,83,72
56,3639,1360.03329099992,72,16
55,1455,525.670059587361,84,29
84,4277,3247.45977750678,87,3
30,8550,1197.92101049916,74,44
36,2171,386.039957196118,41,5
68,6262,3373.68000239187,70,2
68,3324,1790.81959884231,83,15
56,6569,2455.08620186273,79,23
85,6299,4858.04754916546,88,3
12,5306,367.131920166869,80,68
22,3372,343.650961539994,50,28
92,6879,5838.88049181551,95,3
46,3020,789.893288577404,72,26
35,7142,1220.73244794983,91,56
64,9846,4739.0348482904,77,13
44,8667,2102.26421771279,77,33
73,4384,2679.89622451679,95,22
83,5138,3838.26353616984,84,1
9,2065,127.887799948678,86,77
59,2968,1224.45787597558,87,28
79,2174,1511.52009746691,97,18
69,1428,790.080585377843,82,13
37,5444,1006.94005767401,89,52
88,7397,5957.7614597103,88,0
36,2484,441.696570094499,76,40
34,7514,1234.43054098739,38,4
81,6452,4656.28277009649,94,13
7,6939,400.453663675598,82,75
56,3655,1366.01310211726,92,36
42,8096,1819.23702750352,84,42
28,9684,1252.78175384303,75,47
34,8956,1471.32817741323,59,25
75,1707,1092.29336339616,85,10
29,6518,877.52849403648,78,49
96,6738,6088.46520513678,98,2
23,3210,340.341341105415,85,62
16,7261,585.184851384349,67,51
91,9840,8244.83096023236,92,1
96,5055,4567.70430572372,97,1
21,3013,295.173639987602,89,68
96,5792,5233.65842507453,98,2
90,9741,8057.11450809278,90,0
81,2329,1680.79395095392,87,6
40,5824,1211.32030529532,78,38
74,3379,2114.05500121402,83,9
5,8715,470.795722801072,36,31
91,1021,855.48500105663,94,3
13,4003,287.628353639922,35,22
33,6447,1017.88908204758,65,32
4,3024,158.414718438933,77,73
94,4728,4124.88323541396,98,4
54,7933,2769.35962629767,62,8
58,2545,1016.43872503577,62,4
94,1121,978.002137669003,94,0
36,5283,939.405386396634,39,3
50,5593,1694.92932550645,75,25
86,3420,2677.54387705069,86,0
31,7291,1063.07300630926,68,37
92,8516,7228.3625916995,94,2
84,2134,1620.31310853389,96,12
79,2441,1697.15757033888,95,16
2,8168,404.97673107865,90,88
48,2783,784.024969895843,81,33
0,4987,322.320647550189,81,81
78,8847,6031.13459511498,83,5
12,7188,497.350969121646,68,56
84,1026,779.02589004488,91,7
82,5809,4266.68605186759,86,4
96,3298,2980.07691400135,96,0
5,8784,474.523193239772,70,65
91,3930,3292.90504814158,93,2
7,2299,132.676606541317,49,42
77,1688,1127.49888463799,84,7
67,1746,915.38372747015,89,22
90,5941,4914.00444436702,97,7
85,8635,6659.66670694455,98,13
84,8672,6584.51512521365,98,14
82,5273,3872.9963077118,92,10
46,2966,775.769368847874,65,19
66,3511,1790.12322351262,87,21
17,6512,545.51309156411,64,47
91,9581,8027.8176249986,94,3
58,4671,1865.53449298315,88,30
79,4707,3272.64263973171,87,8
52,1501,488.595490907354,69,17
32,5683,862.286026966126,73,41
93,3440,2958.93043214408,93,0
98,6806,6381.58882929787,98,0
11,3938,262.469761666984,85,74
78,3551,2420.77076379036,93,15
77,6152,4109.22579282756,85,8
50,6187,1874.93791112255,83,33
2,3853,191.035179339623,68,66
40,2484,516.641421420601,75,35
72,3481,2077.62949726905,94,22
78,4010,2733.67805204149,91,13
57,3553,1373.03172549977,86,29
48,2630,740.921908309762,91,43
82,4121,3026.85715609337,85,3
96,3319,2999.05254019723,98,2
38,2100,403.977074300365,49,11
56,8133,3039.61273858267,69,13
88,1745,1405.47434732925,88,0
6,8586,479.07324233415,86,80
88,8260,6652.8470538336,88,0
19,5762,521.830224935342,62,43
68,6159,3318.188300021,77,9
78,9331,6361.08476398982,86,8
55,8394,3032.62850871224,74,19
84,2707,2055.3831231496,85,1
74,6357,3977.22629260655,90,16
63,6918,3232.28591544692,85,22
25,9726,1116.38406840567,73,48
66,1908,972.815468659095,75,9
45,5633,1419.02152934417,85,40
59,4870,2009.13404851788,72,13
4,2324,121.744644726217,82,78
81,7896,5698.38945329849,97,16
32,7990,1212.32893814171,89,57
99,3903,3717.14285714286,99,0
71,1122,653.395909727905,80,9
44,7151,1734.54383533681,84,40
35,5245,896.49141549942,80,45
85,3570,2753.33064780452,90,5
7,8837,509.988330580957,72,65
34,8974,1474.28529076668,80,46
48,1542,434.411248142073,62,14
39,3417,683.552614431084,85,46
70,8651,4912.17758774072,91,21
21,1672,163.800307354554,88,67
72,2812,1678.33787598982,75,3
76,4151,2714.75596025165,88,12
77,9064,6054.29495874333,85,8
81,8162,5890.35647388834,86,5
49,8298,2424.99292159196,71,22
71,4360,2539.04292906744,86,15
26,1196,142.860290994191,47,21
49,1852,541.225221835177,67,18
17,3617,302.997673861699,78,61
24,3435,378.923110695813,57,33
16,7696,620.242751171182,80,64
64,5367,2583.22161596329,79,15
93,9116,7841.16564518182,94,1
95,5745,5092.68033874108,95,0
96,2631,2377.37488197015,98,2
67,3879,2033.66178628678,86,19
83,1418,1059.29499694216,97,14
56,4945,1848.13537345276,81,25
86,7818,6120.7713540299,86,0
29,1114,149.979555439803,79,50
62,4413,2000.37172139608,89,27
22,2505,255.292306837985,50,28
44,8113,1967.88618879703,91,47
25,9084,1042.69307807908,58,33
72,8533,5092.90792881264,85,13
48,8682,2445.88745549253,75,27
58,4791,1913.46087687481,77,19
23,5806,615.583123507178,74,51
52,6545,2130.48466887984,57,5
52,9023,2937.1066718568,81,29
47,7309,1984.33440715284,81,34
62,4914,2227.47034646281,82,20
58,2015,804.763862847578,90,32
78,2371,1616.34679835172,95,17
19,6363,576.259236595553,69,50
25,1715,196.853657959667,73,48
68,5431,2925.97510268129,90,22
47,8134,2208.315237075,75,28
42,8285,1861.70686423749,67,25
3,6230,317.119612347398,90,87
47,9136,2480.35013596228,77,30
35,1106,189.040897148209,69,34
8,3082,184.178009592843,69,61
72,1600,954.957539681263,80,8
90,9362,7743.6306359475,93,3
64,6875,3309.04576294907,64,0
85,4096,3159.00345473595,87,2
33,8469,1337.13395933938,78,45
85,5630,4342.08726810629,88,3
88,8258,6651.23619498279,89,1
19,7428,672.709981051669,83,64
14,9879,737.376724919935,21,7
0,2633,170.17651193095,27,27
49,9150,2673.9799026954,61,12
95,4154,3682.33144075378,97,2
47,7601,2063.61004634953,57,10
65,1789,886.510978074182,74,9
59,1014,418.328937412141,89,30
61,1771,778.391262730825,82,21
68,8433,4543.31578731565,82,14
84,1727,1311.28431979289,86,2
99,2607,2482.85714285714,99,0
91,7733,6479.39815197936,91,0
31,3286,479.119174150629,81,50
27,9840,1223.1973364519,70,43
76,7149,4675.44937601518,80,4
25,8013,919.759977394059,86,61
30,8488,1189.23433182653,64,34
36,3397,604.043175769329,58,22
82,2074,1523.34427122971,92,10
35,7074,1209.10968031323,84,49
18,3577,311.526908292879,67,49
12,8987,621.827095088513,74,62
89,4841,3951.96050694581,91,2
1,3557,172.275395503764,86,85
39,4021,804.379591052791,58,19
71,1575,917.200140660829,95,24
26,9693,1157.81337843369,56,30
32,4776,724.666208831642,70,38
66,1995,1017.17340669544,84,18
82,9135,6709.61905384928,82,0
4,8473,443.865049382631,62,58
43,5418,1265.05249586706,80,37
60,7335,3124.24177049756,75,15
15,8818,683.852931691873,78,63
91,3234,2709.73407778368,98,7
48,3580,1008.55529724295,91,43
64,5928,2853.23975021994,80,16
34,1294,212.583593297535,76,42
41,1174,253.82830278866,49,8
62,1809,820.002819851692,82,20
76,6420,4198.68303175514,76,0
53,4544,1532.09615079075,80,27
38,7514,1445.46844585378,47,9
46,2567,671.409295290793,73,27
14,4756,354.991770798584,80,66
26,9874,1179.43353952897,75,49
38,6631,1275.60570461225,72,34
1,5575,270.012743866596,75,74
96,1395,1260.52374015521,96,0
91,2994,2508.64063972924,97,6
32,4726,717.079669794459,76,44
97,8849,8151.7151273475,99,2
87,6626,5262.99960199273,94,7
55,3209,1159.36441320676,75,20
36,2274,404.355072622742,64,28
22,6541,666.613564481939,46,24
23,9948,1054.74008140706,80,57
11,6862,457.355892473043,78,67
5,3702,199.986892232882,55,50
34,6225,1022.66836806581,61,27
74,8209,5135.92113198163,77,3
94,9833,8578.67530749269,94,0
7,3144,181.442040437539,82,75
59,7960,3283.92341400458,67,8
90,2844,2352.36974243054,91,1
69,6787,3755.09589142817,80,11
35,6186,1057.33000882353,89,54
21,9659,946.260268383754,84,63
73,9426,5762.02139878999,88,15
53,6952,2343.99921661472,88,35
1,3800,184.044560841806,83,82
4,1820,95.3421916530612,83,79
92,4330,3675.29474190451,92,0
83,2944,2199.26972566836,87,4
73,2569,1570.40451660211,78,5
27,2888,359.003445901738,75,48
62,7582,3436.84985081013,71,9
17,4560,381.993196795507,31,14
34,4841,795.299208001057,78,44
80,4074,2886.83472992248,86,6
5,4887,264.002145419259,57,52
86,1906,1492.2218215376,89,3
83,7539,5631.89349925738,96,13
94,5029,4387.48684240626,96,2
41,4811,1040.17714200702,81,40
96,3697,3340.61381172316,98,2
27,8012,995.961083298035,59,32
54,9017,3147.77710202018,75,21
21,5000,489.833455007637,63,42
4,3951,206.976373198486,63,59
51,1004,315.393221675464,76,25
70,2327,1321.30820097939,86,16
7,7160,413.207700233071,82,75
47,5220,1417.18779659841,86,39
13,5908,424.508696803562,72,59
96,2470,2231.89508113503,98,2
20,2340,220.396233096736,54,34
71,9938,5787.38730024591,85,14
24,1463,161.38704831091,80,56
93,9299,7998.57386293832,98,5
80,1699,1203.91070351946,93,13
63,3251,1518.95945520641,82,19
77,6519,4354.36328729565,87,10
91,1002,839.56510387732,98,7
26,9553,1141.09060189591,73,47
26,6689,798.990373294437,77,51
8,8650,516.917515567194,89,81
20,6145,578.775577939933,74,54
30,2331,326.591096546613,64,34
42,6085,1367.34897632892,73,31
12,6646,459.848990092162,84,72
88,1301,1047.86368245006,91,3
6,7858,438.45300934798,39,33
29,5120,689.313576168576,84,55
3,8738,444.781889677619,80,77
71,2322,1352.21506451711,93,22
79,3023,2101.80554491374,82,3
69,3654,2021.67679199625,81,12
23,7340,778.225994926401,66,43
68,1702,916.959975099163,91,23
89,7918,6463.87591282729,90,1
8,7516,449.15052566509,80,72
20,8005,753.962327324518,82,62
19,6617,599.262512738139,56,37
73,9876,6037.10198752917,81,8
17,8855,741.787227549169,68,51
42,4521,1015.9054596521,87,45
49,6873,2008.55342854923,76,27
22,3749,382.072198936369,80,58
32,4906,744.391210328315,69,37
73,1227,750.053071962159,77,4
88,3143,2531.46468404346,91,3
77,3247,2168.83227394523,96,19
80,4385,3107.20920243251,82,2
18,2891,251.782021770957,44,26
17,8588,719.420520631538,75,58
9,5768,357.218803924444,72,63
64,7246,3487.61390521148,87,23
30,5951,833.78104485152,58,28
31,9193,1340.3963992595,87,56
75,5016,3209.69157047166,83,8
3,5615,285.814867308289,75,72
28,6454,834.929103604181,73,45
25,7605,872.928319990243,76,51
63,1791,836.806024077107,71,8
40,4685,974.422326632656,48,8
57,4181,1615.71788469308,92,35
59,3603,1486.42915334906,66,7
90,3894,3220.8606810916,93,3
72,2262,1350.07122172439,81,9
62,2094,949.190660458509,88,26
44,9813,2380.2375410656,69,25
66,5857,2986.25796642365,86,20
57,7056,2726.74130456694,83,26
92,4272,3626.06446591596,94,2
14,8273,617.503557572895,83,69
75,3882,2484.0555575301,80,5
67,4982,2611.93684436213,95,28
84,5812,4412.96147460121,87,3
51,6643,2086.80993186266,86,35
51,9407,2955.08370149511,73,22
14,3924,292.89060315678,88,74
56,8802,3289.64359092643,71,15
47,2774,753.118572368583,60,13
89,2066,1686.58343469325,92,3
16,9292,748.868976595975,73,57
46,5552,1452.14819145091,69,23
10,7829,502.874484728982,51,41
90,8781,7263.06564988838,90,0
51,4386,1377.80345644281,51,0
11,9416,627.581329572454,68,57
19,8296,751.319601885386,50,31
16,8150,656.831915546405,79,63
65,6767,3353.28104450978,75,10
10,8752,562.160874996558,74,64
89,2295,1873.52806516022,89,0
55,7058,2549.9513955791,91,36
82,2780,2041.89829991253,91,9
27,7188,893.530737237428,89,62
78,8628,5881.83896085137,86,8
33,2026,319.876420075756,67,34
30,2155,301.932137733999,31,1
85,4182,3225.33018742816,90,5
26,8111,968.846003556761,58,32
72,4030,2405.29930307218,81,9
64,9378,4513.77907853619,81,17
72,8068,4815.37339384277,77,5
74,1641,1026.68371026701,80,6
18,7209,627.84385850807,69,51
27,4354,541.239959645487,79,52
72,2922,1743.99120684291,72,0
68,1223,658.896621355039,74,6
80,9480,6717.52411381077,86,6
19,8823,799.046871677285,66,47
72,3202,1911.10877628713,87,15
65,4411,2185.80208176927,84,19
8,1893,113.124260921237,81,73
74,8829,5523.82113220438,90,16
59,5155,2126.71170844141,73,14
68,4238,2283.24111308475,87,19
96,3511,3172.54397970247,98,2
24,2244,247.541036506959,81,57
19,4623,418.677738610914,77,58
65,5593,2771.52370059748,77,12
75,1276,816.500487225247,93,18
52,4371,1422.81871469423,80,28
31,7571,1103.89874239026,81,50
86,3530,2763.66370935349,91,5
46,6673,1745.35030287318,82,36
0,9887,639.018296035436,87,87
90,1707,1411.9181259947,93,3
65,4318,2139.71738587161,80,15
98,4522,4240.01538144063,99,1
31,8713,1270.40942312064,85,54
13,3530,253.641790744173,78,65
35,2623,448.331169276449,55,20
13,8832,634.60744925001,70,57
53,1178,397.185137682989,88,35
54,5054,1764.31911651436,74,20
3,8184,416.582168130194,72,69
69,2857,1580.71444847654,71,2
87,7118,5653.79281119593,97,10
14,8775,654.973252472156,85,71
42,7665,1722.38782309962,69,27
92,5013,4255.0236815629,96,4
60,5264,2242.12797271972,77,17
41,2138,462.252905759927,49,8
58,4390,1753.30687737016,89,31
89,4200,3428.67881205792,93,4
59,3071,1266.95085482513,83,24
95,8193,7262.72062929603,96,1
29,1119,150.652713229031,80,51
8,9531,569.565415129586,43,35
62,1021,462.809772840563,80,18
9,3612,223.695270418705,83,74
68,8395,4522.84312042154,69,1
1,2620,126.893881422508,66,65
51,5710,1793.72041411046,78,27
97,4489,4135.27508268312,98,1
88,4907,3952.24219045538,91,3
14,1715,128.009017434729,70,56
46,2318,606.282332093517,66,20
47,6443,1749.22240871333,82,35
11,4714,314.190567927416,88,77
41,7225,1562.10348181266,64,23
86,4466,3496.46519149367,95,9
0,8433,545.043116260426,80,80
54,6164,2151.81302615641,67,13
74,8715,5452.49758377633,91,17
96,1930,1743.95040752656,96,0
56,9879,3692.15962676235,73,17
30,9531,1335.36668433538,82,52
97,4332,3990.6463930014,98,1
96,6455,5832.74605211604,96,0
58,4601,1837.57743571301,89,31
13,6222,447.070601136047,77,64
60,5412,2305.16652514421,65,5
33,1978,312.297906668236,66,33
7,8719,503.178483007283,70,63
59,6743,2781.84617847147,86,27
89,8197,6691.63814819971,90,1
63,7073,3304.70631395722,70,7
68,4939,2660.90794184181,72,4
60,9269,3948.00231366624,81,21
50,7234,2192.22577162769,70,20
59,8518,3514.12809553907,83,24
63,3818,1783.87794524087,72,9
44,8653,2098.86838304705,66,22
80,6201,4394.02605798951,83,3
80,6046,4284.19312152952,84,4
61,2158,948.485796145183,64,3
37,8631,1596.41800841007,81,44
84,6677,5069.74256123749,97,13
52,5754,1873.00363403126,52,0
88,8203,6606.93757658559,89,1
28,2021,261.448980226844,81,53
51,6241,1960.52698852248,78,27
77,1697,1133.51043082386,91,14
16,5908,476.142694116339,83,67
7,5571,321.505600279112,71,64
90,5547,4588.1135588123,92,2
4,1994,104.457324261651,43,39
52,5295,1723.59302088903,80,28
98,4719,4424.73077952639,98,0
38,4873,937.419182412228,67,29
2,8707,431.700832211289,74,72
57,2947,1138.84731073679,67,10
59,1938,799.528087480009,80,21
68,6491,3497.05475814845,80,12
73,6294,3847.46050116531,77,4
74,4272,2672.75613056712,96,22
91,9854,8256.56141078554,91,0
95,7595,6732.62091779608,96,1
78,3336,2274.20199042654,84,6
92,4743,4025.84825885753,94,2
74,7035,4401.41371220499,85,11
1,2665,129.073356485108,46,45
17,7365,616.96927508748,48,31
53,2133,719.181577824971,85,32
34,6725,1104.81040566146,63,29
96,4481,4049.03718970286,97,1
13,4091,293.951435108899,59,46
84,5014,3807.05244901075,84,0
47,3873,1051.48818701641,82,35
66,5876,2995.9453322017,73,7
97,9172,8449.2633233169,98,1
95,4781,4238.13832889836,99,4
49,2620,765.664190717152,74,25
48,1887,531.604426228335,86,38
70,7134,4050.80047519851,70,0
32,7106,1078.19892796433,79,47
55,7411,2677.48509388449,67,12
79,7021,4881.50073795546,91,12
38,9038,1738.64037977462,66,28
80,8808,6241.34518928747,91,11
39,1899,379.884815570567,52,13
55,4459,1610.97099360828,83,28
76,8193,5358.22586902957,86,10
41,2665,576.194571492145,73,32
95,9172,8130.55945464459,97,2
47,7363,1998.99497056593,69,22
34,6137,1008.21136944898,82,48
70,9530,5411.28799111884,70,0
26,5038,601.781058552455,81,55
60,5373,2288.55501470803,82,22
24,4816,531.264541808162,71,47
33,3970,626.806213080332,75,42
78,9792,6675.35548269084,91,13
50,7696,2332.2324493291,61,11
18,9027,786.176516958295,77,59
5,4616,249.362370217986,83,78
28,8847,1144.50228998856,73,45
28,7481,967.788135119752,51,23
87,2007,1594.15034729843,88,1
28,3802,491.85008551334,88,60
69,7831,4332.71783199852,87,18
20,6042,569.074376226701,76,56
67,5913,3100.03664406128,90,23
7,9607,554.42547152781,81,74
21,4001,391.964730697111,82,61
51,3745,1176.44184778348,59,8
34,3248,533.594676221325,85,51
27,7668,953.198899991179,75,48
93,6335,5449.07682780022,98,5
73,1477,902.875621261703,90,17
34,2322,381.467622594186,86,52
58,8556,3417.15117147587,84,26
37,7921,1465.09408465023,69,32
48,3332,938.688896763546,69,21
24,8447,931.808883856632,76,52
80,1156,819.141126114477,86,6
70,5485,3114.4716297258,78,8
50,8319,2521.02933289615,83,33
38,6737,1295.99692836265,46,8
43,6149,1435.73418181738,58,15
92,4255,3611.63490226414,92,0
4,6188,324.163451620408,66,62
44,6683,1621.02593365346,74,30
86,2591,2028.51350451413,88,2
88,4407,3549.52747775359,88,0
40,2609,542.639882643458,65,25
87,5565,4420.25245775574,89,2
4,5252,275.130324484548,65,61
72,8424,5027.85144642185,83,11
61,3139,1379.65565991646,71,10
38,4702,904.523906362056,82,44
35,8341,1425.66918907162,62,27
20,2016,189.879831591034,81,61
86,7496,5868.67511765261,87,1
64,9154,4405.96435113247,88,24
83,5332,3983.18823955967,85,2
84,3061,2324.16983374988,85,1
45,4369,1100.60448459164,79,34
61,6908,3036.20939748421,88,27
23,6835,724.683198272745,38,15
85,4486,3459.78747508434,86,1
53,3613,1218.19176778323,80,27
76,7946,5196.68775238728,78,2
72,4370,2608.22778025445,74,2
33,2745,433.396235492572,80,47
46,5947,1555.46204873173,80,34
40,1689,351.291208043235,84,44
48,3367,948.549074250558,82,34
41,1519,328.420095345804,75,34
72,3238,1932.59532092996,87,15
94,2212,1929.83115836203,99,5
1,8717,422.188536015268,82,81
38,7340,1411.99605969747,84,46
10,5256,337.604839920237,77,67
47,6850,1859.7196181416,48,1
63,2358,1101.72451411157,64,1
88,8303,6687.48051912595,90,2
92,3043,2582.89189367562,93,1
95,3111,2757.75953591358,95,0
62,6484,2939.13669647229,76,14
66,1503,766.32161917957,74,8
75,5952,3808.62923194723,76,1
58,3239,1293.61297854258,90,32
51,6467,2031.52187706696,61,10
22,5674,578.25490977993,81,59
83,9915,7406.84759850603,90,7
97,1135,1045.56409419589,98,1
13,5006,359.697111746552,84,71
26,5104,609.664653205981,82,56
81,2345,1692.34083941046,91,10
74,1014,634.404193912702,83,9
47,8869,2407.86179464202,62,15
4,5035,263.762601633606,76,72
19,6245,565.572675237974,77,58
88,8836,7116.77440286606,98,10
57,7777,3005.36665612488,83,26
50,4977,1508.25375523791,75,25
49,4786,1398.65222014209,86,37
17,6651,557.157182431341,78,61
99,6318,6017.14285714286,99,0
32,7429,1127.20797014453,65,33
4,5860,306.980902795021,90,86
69,4250,2351.43031362453,83,14
36,6744,1199.19551880729,90,54
35,9362,1600.18162667408,87,52
68,3361,1810.75351134447,79,11
82,2304,1692.27830323686,86,4
68,6172,3325.19210711635,90,22
49,6297,1840.22420188775,85,36
5,5712,308.569726751546,79,74
53,5693,1919.50338610293,78,25
41,9278,2005.97869955126,79,38
29,5657,761.610722731569,90,61
17,5310,444.82102521582,80,63
48,9901,2789.30335139732,78,30
87,2997,2380.50253654878,95,8
73,1901,1162.06266487373,89,16
8,7985,477.177614081392,81,73
70,3656,2075.93587571149,88,18
86,8639,6763.53846603534,90,4
96,8026,7252.30361181772,99,3
99,9142,8706.66666666667,99,0
38,6862,1320.04318278529,64,26
33,7105,1121.77787000901,72,39
69,3701,2047.68084487633,72,3
8,2501,149.457885136827,71,63
7,3934,227.033392837556,83,76
22,7179,731.634120075805,73,51
3,7923,403.296739747742,78,75
55,1484,536.147332252676,87,32
41,7849,1697.01733269863,77,36
83,1269,947.986848462345,94,11
80,7475,5296.78193573159,87,7
62,2442,1106.93581319946,79,17
62,3495,1584.25088744149,83,21
98,2719,2549.44755022934,99,1
1,3077,149.027661502694,51,50
15,3588,278.256330110052,88,73
30,1002,140.38793596727,75,45
41,2957,639.327335047757,77,36
70,6383,3624.37054011664,78,8
83,3793,2833.50206163725,85,2
40,9078,1888.11224784872,85,45
36,7214,1282.76934648217,85,49
67,4053,2124.88559417899,81,14
71,9179,5345.38418484174,90,19
41,1714,370.580673747668,65,24
41,9324,2015.92427189222,85,44
40,1923,399.960327452422,60,20
89,5748,4692.3918599307,94,5
96,9716,8779.38971996274,98,2
84,7389,5610.35312041093,91,7
7,2328,134.350213148406,81,74
88,6280,5058.0967915345,98,10
6,5623,313.746662199502,83,77
96,6438,5817.38483090985,98,2
16,2131,171.743412518943,88,72
52,3378,1099.58398953034,89,37
56,9919,3707.1091545557,66,10
26,4380,523.184008824882,71,45
58,5091,2033.27683660398,80,22
97,4848,4465.98654507636,97,0
1,1030,49.8857625439631,56,55
48,6686,1883.57561937607,91,43
95,4646,4118.4669893457,95,0
14,3909,291.770990759391,70,56
23,7229,766.457182196588,23,0
85,9692,7474.86852619648,85,0
28,6293,814.101154165032,40,12
42,4226,949.616561046182,82,40
56,4136,1545.78117383228,78,22
76,1466,958.76469229798,87,11
38,7623,1466.43677971033,92,54
30,4409,617.734939800093,53,23
10,7350,472.107224774303,72,62
66,8341,4252.75357656473,75,9
85,2141,1651.2271476049,90,5
89,5554,4534.01955289755,94,5
99,1180,1123.80952380952,99,0
98,7403,6941.36087324304,99,1
69,4111,2274.52471042599,73,4
45,5213,1313.21839738526,88,43
75,2972,1901.75505331774,78,3
7,5392,311.175407773285,38,31
45,2034,512.389453343874,84,39
42,9139,2053.60760799836,58,16
70,9948,5648.63514539876,86,16
72,3994,2383.81275842935,73,1
47,1604,435.473031751697,75,28
10,5106,327.969998598312,86,76
97,1531,1410.36002485807,98,1
22,6241,636.039635519306,85,63
86,1255,982.548995818307,88,2
1,2890,139.97073179811,57,56
17,4830,404.61121502682,85,68
81,7193,5191.04804173962,85,4
87,4022,3194.65505572212,95,8
59,2113,871.724896204984,72,13
76,1999,1307.34694399977,78,2
73,2671,1632.75611671632,79,6
57,6854,2648.67983297929,70,13
79,4474,3110.64439561497,86,7
52,4154,1352.18232460303,60,8
16,3206,258.38075107261,79,63
94,3208,2798.77864196446,97,3
77,1891,1263.09264860808,96,19
6,2823,157.514996868077,57,51
81,7707,5561.99183340571,93,12
10,3197,205.350584707952,62,52
33,4374,690.592034260295,67,34
54,6613,2308.55605807469,69,15
32,4063,616.482162161424,81,49
6,7820,436.332722461339,69,63
41,8083,1747.61002678087,81,40
14,6569,490.315589229584,71,57
99,9129,8694.28571428571,99,0
75,4928,3153.38119204233,83,8
79,5439,3781.58132940318,81,2
40,9128,1898.51163233786,78,38
49,6513,1903.3476618858,57,8
7,8011,462.319397565242,74,67
87,6977,5541.79719636331,90,3
43,2421,565.280932538604,83,40
24,3779,416.870577967824,69,45
32,7453,1130.84950888238,68,36
21,6575,644.130993335043,77,56
72,4303,2568.2389332803,87,15
95,1378,1221.53411780421,96,1
5,7648,413.15498427798,27,22
16,3856,310.766118570176,79,63
6,7487,417.752313691566,51,45
15,2566,198.998256148939,73,58
48,9567,2695.20908623555,77,29
57,7785,3008.45819955409,72,15
8,4868,290.908030726139,67,59
99,1678,1598.09523809524,99,0
27,4030,500.963949786705,71,44
27,7676,954.193369370409,49,22
40,9332,1940.94112105356,67,27
20,6317,594.975642936787,72,52
17,3726,312.128651592118,82,65
59,2442,1007.45489660794,69,10
12,9761,675.381581746854,86,74
42,6304,1416.56005698891,72,30
27,5520,686.183871668142,81,54
91,5093,4267.37033338043,92,1
26,8903,1063.44913939907,30,4
94,8212,7164.45455355741,97,3
31,7484,1091.2136029651,76,45
95,1454,1288.90464970053,96,1
94,4581,3996.63496223167,98,4
5,2073,111.986177093129,75,70
73,6250,3820.56373248859,75,2
58,4171,1665.84122676787,64,6
70,6788,3854.33608433522,87,17
72,2830,1689.08114831123,73,1
76,5255,3436.7724816002,77,1
67,1075,563.595364851324,85,18
37,5710,1056.14028826573,55,18
95,3789,3358.77559677806,96,1
30,4498,630.204526926926,90,60
72,4944,2950.8187976151,81,9
40,9085,1889.5681616772,81,41
46,7113,1860.43409326195,75,29
97,7032,6477.89137478897,98,1
74,6315,3950.94919581727,91,17
48,2191,617.247110686954,63,15
85,7046,5434.1646342943,85,0
85,1181,910.83571290116,92,7
43,8050,1879.59996155959,74,31
43,7291,1702.38053661254,55,12
92,2209,1874.99447687461,95,3
19,6695,606.326510923657,90,71
21,4802,470.436050189335,83,62
93,1048,901.441596769476,98,5
31,7037,1026.03823143578,82,51
43,4883,1140.13498289385,86,43
60,9417,4011.04086609073,66,6
89,8336,6805.11108983686,96,7
71,1842,1072.68740260143,73,2
96,7190,6496.89296897201,98,2
66,8528,4348.09765027503,68,2
85,2728,2103.94566028312,90,5
97,8301,7646.89651622913,97,0
38,5598,1076.88745806354,65,27
65,9467,4691.22382863515,94,29
42,4078,916.359757677788,78,36
51,8487,2666.07796051759,82,31
70,7547,4285.30854868561,84,14
9,2084,129.064491570482,78,69
71,9663,5627.24124394006,78,7
36,5081,903.486422161896,81,45
57,9191,3551.79695723849,75,18
30,5174,724.917346002649,68,38
36,6289,1118.28894095181,83,47
96,4984,4503.54861715668,96,0
71,5306,3089.94536275959,90,19
69,8074,4467.16431816576,80,11
18,9907,862.817187715279,60,42
65,2911,1442.50053503295,69,4
37,2742,507.16929429503,91,54
90,6750,5583.15603424969,95,5
58,7056,2818.07137283003,74,16
15,4966,385.122891674058,84,69
67,5373,2816.92827474062,90,23
89,5015,4094.00577201678,91,2
83,9360,6992.24342128254,84,1
6,5346,298.290886736358,65,59
48,2258,636.122307590663,70,22
74,6950,4348.23387346477,84,10
52,9716,3162.6874015029,91,39
44,9783,2372.96075249616,91,47
63,2931,1369.44637441094,68,5
50,6699,2030.09682667043,65,15
21,1652,161.840973534523,74,53
58,5204,2078.40751476863,89,31
52,7500,2441.34988794481,82,30
27,8070,1003.17098629745,57,30
27,5741,713.656088269348,78,51
25,2706,310.604080722367,61,36
66,5548,2828.71080719112,84,18
86,2348,1838.26696588158,90,4
58,4212,1682.21607459752,77,19
60,5082,2164.6075906842,87,27
42,5294,1189.6048448127,85,43
79,1269,882.299449717344,81,2
87,8813,7000.12307460941,87,0
31,1519,221.479618239442,59,28
52,2631,856.425540691038,80,28
0,6344,410.026506528654,85,85
19,7920,717.267508068015,69,50
16,6667,537.312684778881,89,73
94,4561,3979.18621758102,94,0
46,1050,274.631772518634,92,46
67,3892,2040.47735814079,94,27
54,1142,398.664905235338,75,21
82,5842,4290.92441298167,84,2
37,9809,1814.30474388766,86,49
88,1550,1248.41560937555,98,10
28,2033,263.001373973861,36,8
27,2105,261.669755409681,76,49
59,5360,2211.28511294781,92,33
13,1017,73.0747028857858,86,73
48,6711,1890.61860329537,78,30
94,6216,5423.06983742241,96,2
18,5052,439.987123482143,84,66
99,6680,6361.90476190476,99,0
4,3201,167.687008506291,67,63
77,8781,5865.26522867666,92,15
36,5228,929.625470392126,46,10
72,2414,1440.79218799411,90,18
4,3865,202.471192713781,69,65
23,8651,917.225215546089,71,48
98,1816,1702.75717220172,98,0
10,9324,598.901736570831,90,80
3,3575,181.974737422464,71,68
51,9445,2967.02089514418,86,35
86,3531,2764.44661691987,87,1
68,9720,5236.6926897555,91,23
35,5112,873.75864938666,91,56
83,3423,2557.0992768216,86,3
46,1172,306.541368944609,64,18
76,6748,4413.19518664855,78,2
31,4254,620.259576030668,47,16
79,2813,1955.79854377848,79,0
45,5363,1351.00523022773,70,25
9,1437,88.9950452911626,90,81
28,3527,456.274395477525,81,53
35,2082,355.861797344098,66,31
24,4860,536.118287622023,85,61
78,9020,6149.07132903099,89,11
45,4791,1206.91144098845,81,36
99,9010,8580.95238095238,99,0
67,5986,3138.30870139537,84,17
76,7176,4693.10738876556,80,4
81,4567,3295.91497381132,87,6
48,5880,1656.50981781802,66,18
95,9157,8117.26263913874,98,3
96,4224,3816.81166911513,98,2
12,4729,327.208226624411,54,42
90,5132,4244.85285448436,97,7
23,3477,368.650106860912,85,62
67,3261,1709.65998584202,70,3
73,8825,5394.63599027388,76,3
51,4996,1569.42682817791,62,11
16,8306,669.404403745821,62,46
37,4082,755.020079982609,90,53
58,5788,2311.64924970808,79,21
14,3502,261.392174376922,69,55
89,3919,3199.28387248928,94,5
38,4578,880.670021974796,78,40
1,1767,85.5807207914396,73,72
90,7407,6126.58322158333,95,5
71,3628,2112.76324464602,74,3
4,8557,448.265458228157,76,72
0,7953,514.019673143504,88,88
8,4417,263.956608816219,34,26
61,2032,893.106180614927,87,26
36,1115,198.265569909568,77,41
70,9480,5382.89718319062,93,23
40,3328,692.183031597327,75,35
16,7731,623.063501728743,79,63
60,5056,2153.53325039341,67,7
23,4198,445.094376934746,76,53
69,3749,2074.23817547727,71,2
4,2820,147.728011242655,79,75
26,9046,1080.53026114837,81,55
2,6423,318.458073422891,81,79
20,4396,414.043521663783,61,41
46,3708,969.842488094376,75,29
75,3501,2240.25721455767,93,18
56,4015,1500.5588522574,85,29
7,3142,181.326619292222,60,53
18,5099,444.080432033937,73,55
78,2770,1888.35117310597,84,6
80,1168,827.644321195251,89,9
33,9506,1500.86142608102,59,26
88,2520,2029.68215201703,90,2
46,7943,2077.5239705862,69,23
81,6717,4847.5281101578,85,4
64,5911,2845.05738251519,79,15
71,9240,5380.90749187686,90,19
38,4985,958.964626374915,67,29
64,7801,3754.7441449841,80,16
46,4068,1064.00195295791,69,23
20,6167,580.84767927674,27,7
32,7943,1205.19759144676,91,59
88,9068,7303.63402955969,92,4
52,6720,2187.44949959855,64,12
68,1309,705.229499062752,77,9
69,5675,3139.85106583982,84,15
82,6245,4586.92621688985,83,1
96,5332,4818.00185125991,96,0
96,1252,1131.30876177371,98,2
87,5200,4130.33473141597,93,6
9,4780,296.030839590645,82,73
33,1431,225.934430961701,77,44
69,4295,2376.32781106291,82,13
38,5253,1010.51979585706,64,26
41,7928,1714.09777215374,69,28
97,9363,8625.21287573224,97,0
92,1646,1397.12128064084,92,0
59,9892,4080.9761823283,86,27
38,6099,1173.26484578949,77,39
34,2270,372.924850684239,69,35
82,4905,3602.70185650035,83,1
98,9103,8535.35161814553,99,1
47,6298,1709.85608103004,70,23
29,9971,1342.41126327673,61,32
48,2709,763.177737494732,78,30
52,8136,2648.37635844253,72,20
52,2140,696.598501360252,81,29
35,9045,1545.99901872112,82,47
17,3284,275.10211804308,86,69
53,7614,2567.20512590686,90,37
74,1320,825.851613377482,79,5
9,7877,487.831573944668,51,42
16,5853,471.710086097314,37,21
6,7585,423.220421978166,63,57
85,1311,1011.09705301729,88,3
2,5495,272.447005053524,66,64
52,2702,879.536986296916,78,26
38,5911,1137.09927913784,85,47
3,1067,54.312460092243,72,69
2,3653,181.119000811742,69,67
17,4016,336.422078581306,89,72
97,9845,9069.23216507358,98,1
82,2485,1825.22204146858,91,9
61,4238,1862.68897315259,71,10
29,2647,356.36973361684,52,23
9,6322,391.528654370724,58,49
87,7590,6028.700117586,91,4
53,1029,346.946949639894,82,29
19,2175,196.9768724808,73,54
29,1958,263.608590261342,85,56
57,1321,510.491108748999,59,2
69,3077,1702.43554706416,77,8
72,2876,1716.53617757707,92,20
15,1297,100.584855115033,83,68
48,3634,1023.76814250862,78,30
55,2254,814.336985780008,76,21
60,9900,4216.76803380038,86,26
33,2554,403.24006755848,80,47
79,2806,1950.93164374064,84,5
67,2834,1485.79466417549,83,16
70,1050,596.206966492632,85,15
42,8355,1877.43643339821,73,31
66,1823,929.477253336232,74,8
76,6648,4347.79513942495,91,15
98,5640,5288.29870661769,98,0
54,4987,1740.92984449092,76,22
53,5825,1964.00970034245,60,7
15,4619,358.212371454384,78,63
61,1748,768.282285292762,73,12
48,9615,2708.73161536059,71,23
5,7507,405.537979468462,73,68
10,9813,630.311319280305,80,70
74,3709,2320.51790455839,75,1
62,7912,3586.43577151276,71,9
24,5186,572.080131606546,67,43
75,3802,2432.86430441253,83,8
73,3580,2188.41890596946,83,10
31,8986,1310.21451579962,83,52
55,4837,1747.53682352169,63,8
37,5721,1058.17488426764,90,53
57,8763,3386.39938377553,74,17
84,1914,1453.27052002524,96,12
95,1680,1489.24333665535,96,1
95,6284,5570.47924258467,96,1
91,2339,1959.82313170564,93,2
84,1130,857.991477339878,88,4
17,2344,196.357906422954,75,58
67,1295,678.935811611595,70,3
52,1674,544.909294989281,58,6
21,3212,314.669011496906,78,57
81,6530,4712.57385132208,84,3
52,9433,3070.56713239778,89,37
30,2887,404.49098915919,84,54
66,7311,3727.59637912298,76,10
37,2729,504.764771747315,87,50
47,5453,1480.44541280674,82,35
78,9506,6480.38492835572,80,2
11,8539,569.128820435342,49,38
22,8873,904.274905618139,77,55
3,7428,378.100237643094,87,84
96,5624,5081.85341550745,98,2
70,4312,2448.42327572974,83,13
55,6572,2374.36675711899,59,4
12,3641,251.927501192531,52,40
0,1278,82.5999172988052,78,78
76,1741,1138.61482216288,88,12
25,7114,816.569634242023,74,49
78,5974,4072.56675383937,84,6
75,1381,883.689006942058,83,8
27,1241,154.267062452928,73,46
91,1843,1544.23002639311,91,0
74,9782,6120.06097125646,80,6
66,7896,4025.86527281563,79,13
5,1796,97.0222740276219,51,46
6,4418,246.511249083657,67,61
20,3071,289.246509333366,53,33
67,2084,1092.58859567457,79,12
25,1115,127.983573542291,61,36
19,6045,547.459859377671,88,69
25,9052,1039.02000691015,63,38
92,1638,1390.33089774587,97,5
65,3478,1723.46851969928,90,25
24,7196,793.808065376148,87,63
79,6862,4770.95257995305,90,11
81,5314,3835.01032862566,89,8
80,4849,3435.99941222241,89,9
47,9908,2689.94189438642,91,44
3,1434,72.9935030668008,78,75
36,1216,216.225052026937,65,29
65,2220,1100.08628916975,94,29
41,8264,1786.74369186157,80,39
71,5181,3017.15170080238,83,12
40,8676,1804.50119655601,57,17
77,2268,1514.90963883825,78,1
15,6486,503.001827506633,69,54
76,2749,1797.84729817677,82,6
29,4460,600.456747990596,91,62
4,2732,143.118059118771,46,42
59,6864,2831.76511478988,77,18
2,7771,385.293116700807,76,74
33,4506,711.432946130976,53,20
22,4826,491.832603912221,77,55
1,7467,361.647562054148,27,26
58,3155,1260.06450981842,76,18
76,1854,1212.51687552555,79,3
19,1290,116.827662298957,88,69
95,1433,1270.28910799234,97,2
43,6019,1405.38039361828,82,39
44,1724,418.172783124131,44,0
27,3032,376.903894727863,83,56
14,6331,472.551072524356,82,68
1,1554,75.2645388284647,63,62
85,1655,1276.40398378613,93,8
25,1841,211.316375687316,71,46
82,3051,2240.94665936444,82,0
86,2132,1669.15893154154,89,3
64,1724,829.788348410791,85,21
77,4836,3230.2041505387,91,14
80,1734,1228.71168917172,90,10
26,5048,602.975542590868,44,18
57,4796,1853.38028581393,78,21
58,4659,1860.74185459398,93,35
34,8693,1428.12146563792,76,42
13,4071,292.514371138677,73,60
33,5366,847.214644682383,81,48
68,1249,672.904235545743,72,4
39,9925,1985.44328306365,87,48
6,4588,255.996743050207,68,62
35,4011,685.572367505848,67,32
37,5462,1010.26939658623,83,46
4,2333,122.216117102523,69,65
67,8901,4666.56962096896,75,8
95,8584,7609.32428681522,97,2
7,8976,518.010100180454,77,70
86,6311,4940.92965148154,92,6
99,7807,7435.23809523809,99,0
26,5623,671.658374799614,58,32
37,8505,1573.11263602452,88,51
25,4939,566.915578229035,90,65
50,1120,339.410127760992,82,32
30,8923,1250.18119025544,58,28
31,3939,574.330622939539,79,48
56,2651,990.7799545042,64,8
43,1570,366.580365173733,77,34
41,5370,1161.03746675903,64,23
43,4311,1006.57831481781,81,38
52,2176,708.316980822387,83,31
72,3309,1974.97156175331,78,6
67,5133,2691.10233282032,88,21
75,4611,2950.53585156396,82,7
36,5386,957.720501823257,78,42
58,4239,1692.99951097314,76,18
85,1589,1225.50207265025,87,2
18,2602,226.612528760993,47,29
91,9802,8212.99116587374,95,4
69,8912,4930.81104824043,74,5
76,2164,1415.25702191871,83,7
86,5646,4420.2961198328,97,11
72,5377,3209.25418179135,84,12
34,2419,397.403177887742,35,1
61,8558,3761.41864847566,64,3
88,4974,4006.20596195742,92,4
34,4518,742.235451714269,88,54
23,5018,532.035155659493,81,58
39,9358,1872.01795898334,63,24
50,2970,900.042928080487,84,34
49,4971,1452.71629467747,68,19
43,2301,537.262051124051,59,16
51,3715,1167.01774753421,83,32
85,6259,4827.1979060528,91,6
78,7068,4818.36320993249,89,11
10,2901,186.337831166021,83,73
23,4021,426.327891770989,72,49
23,4517,478.916460365471,87,64
76,5053,3304.66438620852,92,16
42,6188,1390.49391380828,78,36
91,8423,7057.54178638589,94,3
32,2752,417.563108606507,64,32
92,1305,1107.68120974258,95,3
78,1305,889.638368557144,90,12
28,9271,1199.35353571651,55,27
90,5907,4885.88188063895,93,3
42,2408,541.097179129013,42,0
31,4313,628.862141847736,87,56
61,1297,570.058423355099,81,20
21,3405,333.576582860201,83,62
52,1563,508.777316647698,87,35
32,5283,801.593714668669,79,47
24,3053,336.783772039102,76,52
43,8746,2042.10947376399,78,35
19,8982,813.446560286227,86,67
98,7067,6626.31329072113,98,0
77,8276,5527.95069269195,92,15
19,5171,468.306854068145,54,35
32,7612,1154.97470302061,46,14
32,5961,904.467184012859,75,43
2,4180,207.248131232708,80,78
9,7733,478.913490074155,43,34
54,2721,949.883719041467,74,20
43,5358,1251.04305515979,75,32
43,5024,1173.05716855595,78,35
38,5221,1004.36395472486,72,34
61,4281,1881.58836575418,82,21
2,3224,159.848797869438,70,68
27,2479,308.161198888646,68,41
44,9973,2419.04708010264,54,10
53,2556,861.804084819796,71,18
41,3141,679.109624411567,82,41
39,8724,1745.18964246321,87,48
40,9660,2009.16108330234,88,48
75,5613,3591.70629686153,94,19
27,1259,156.504618556194,77,50
14,9137,681.993231662461,81,67
86,7215,5648.67809149728,90,4
99,8318,7921.90476190476,99,0
38,2853,548.831710942353,81,43
8,9523,569.08734112675,53,45
90,8392,6941.31043547013,90,0
95,8365,7415.19078042979,96,1
95,8714,7724.5633545326,95,0
75,4641,2969.73257148305,75,0
78,7543,5142.17794178279,83,5
5,5033,271.889256782306,59,54
37,7359,1361.14472527977,53,16
24,9216,1016.63912319436,76,52
79,7032,4889.14872372921,86,7
71,5225,3042.77506981132,86,15
53,2347,791.335753940556,86,33
10,6225,399.845914859869,66,56
50,5374,1628.5625237389,51,1
3,2900,147.615870916124,78,75
45,6895,1736.93474965881,65,20
36,9559,1699.74940158346,67,31
25,1144,131.312294289131,27,2
84,4950,3758.4582414446,86,2
6,2910,162.369337898017,37,31
68,5916,3187.27098277711,81,13
48,1568,441.735951418139,87,39
29,9706,1306.7339004477,83,54
18,1530,133.250257111575,78,60
66,9160,4670.33002773444,73,7
2,1494,74.0738536032693,85,83
24,6209,684.929721778836,88,64
40,8399,1746.88860648616,85,45
81,4956,3576.64869941076,84,3
52,6704,2182.24128650427,79,27
64,9597,4619.18722720323,70,6
63,6168,2881.86463233255,82,19
1,6213,300.912856976352,77,76
38,3015,579.995656674096,60,22
3,9515,484.332762678249,73,70
81,3132,2260.30341536612,92,11
27,5761,716.142261717421,91,64
4,1235,64.6964871931487,71,67
59,4286,1768.20298397282,68,9
40,9055,1883.32853098371,61,21
68,4619,2488.50653641776,90,22
22,2505,255.292306837985,74,52
71,8844,5150.29717079643,72,1
86,6601,5167.97284573438,92,6
90,4615,3817.2244589722,94,4
56,4481,1674.72085104991,83,27
8,2578,154.05934741413,71,63
54,6604,2305.41421556408,54,0
1,2553,123.648885218192,85,84
68,9790,5274.40549719201,80,12
5,3528,190.587184170072,77,72
2,1719,85.2295544471351,77,75
90,8575,7092.67599906535,96,6
53,2084,702.660294508785,71,18
26,8219,981.746431171622,87,61
38,4690,902.215465937482,56,18
46,2831,740.45956952405,87,41
64,5951,2864.31001240871,85,21
88,7776,6263.01921193826,95,7
46,7340,1919.80686693978,88,42
90,1069,884.206488979692,93,3
0,9130,590.091740953123,0,0
46,7489,1958.77842323052,89,43
48,9070,2555.19456591998,80,32
9,3197,197.99384815299,71,62
2,2628,130.298585856353,34,32
19,5220,472.744493953919,80,61
33,6410,1012.04731129595,46,13
61,8761,3850.64136238552,61,0
98,7214,6764.14660807447,98,0
56,3069,1147.0025199447,90,34
64,5337,2568.78214354315,85,21
21,4062,397.940698848204,50,29
61,2674,1175.27850736433,64,3
80,4454,3156.10257414696,92,12
7,1489,85.9310426881345,63,56
83,5856,4374.63434562292,92,9
44,2101,509.617759480162,55,11
89,6598,5386.29114332337,94,5
81,3654,2637.02065126047,95,14
54,3745,1307.35557802657,83,29
12,7173,496.313091473229,60,48
9,8954,554.531409559548,77,68
64,3283,1580.1595985108,94,30
59,2108,869.662130241414,63,4
26,2455,293.245831430385,85,59
85,1130,871.502417932524,90,5
33,2020,318.929105899816,55,22
36,1456,258.901049137516,81,45
37,2994,553.780039066127,86,49
25,8797,1009.75022103276,78,53
36,9404,1672.18782011621,62,26
48,6082,1713.41712788592,53,5
10,5395,346.533126211887,91,81
5,3478,187.886118634782,75,70
1,8246,399.376697026718,64,63
89,1445,1179.62878176755,95,6
20,1771,166.804157612957,74,54
57,5605,2166.01261509322,87,30
43,4332,1011.48161906536,52,9
6,6167,344.100242892465,71,65
60,3946,1680.74410720973,83,23
16,8567,690.43914361792,76,60
79,8181,5688.01560136926,80,1
41,1818,393.066315561996,78,37
99,7936,7558.09523809524,99,0
6,6964,388.570470488589,74,68
10,8841,567.877547514233,81,71
59,1333,549.933405887953,73,14
44,8452,2050.11389963176,91,47
60,3102,1321.25398392412,81,21
41,2595,561.060004886347,82,41
39,4859,972.017018882246,76,37
39,1138,227.650826813747,90,51
68,7156,3855.3264287953,81,13
96,5118,4624.63118431137,96,0
8,5381,321.564526158043,80,72
96,5653,5108.05785168272,98,2
17,6774,567.460946292273,75,58
64,1007,484.684957569412,85,21
60,3581,1525.27740697365,76,16
81,4783,3451.7979679745,87,6
89,3361,2743.75940174445,89,0
11,2782,185.421756464589,67,56
8,9599,573.629044153698,52,44
31,8161,1189.92440056095,54,23
24,1495,164.917045266445,41,17
64,5512,2653.01239932731,69,5
12,7375,510.28984380525,60,48
95,5282,4682.2519667938,97,2
55,9223,3332.13399283452,90,35
30,6573,920.928047018827,82,52
52,7580,2467.39095341622,65,13
38,3900,750.243137986393,74,36
43,2358,550.571019795964,65,22
67,9128,4785.57999103524,80,13
96,1492,1348.17306115525,97,1
83,2793,2086.46750808143,86,3
39,9181,1836.61005358261,70,31
54,1208,421.705083646488,83,29
63,6583,3075.76440898917,70,7
36,1665,296.064729954646,79,43
63,2543,1188.16176394645,85,22
29,4646,625.498217749845,76,47
96,4224,3816.81166911513,96,0
64,2921,1405.92329797443,88,24
99,8826,8405.71428571428,99,0
7,4186,241.576457147435,86,79
84,4436,3368.18601192894,86,2
96,7352,6643.27637105455,96,0
84,4547,3452.46659067648,84,0
88,4920,3962.71277298563,95,7
74,1400,875.90322630945,86,12
56,1190,444.748451852131,71,15
21,3832,375.408359917853,83,62
53,8034,2708.81612575988,65,12
55,6955,2512.73901335402,63,8
57,7644,2953.96974661419,76,19
23,9936,1053.46777732816,72,49
33,1588,250.722485232133,91,58
70,4647,2638.64168884882,92,22
41,3187,689.05519675252,53,12
99,7206,6862.85714285714,99,0
5,5365,289.824331936632,86,81
88,4830,3890.22412469931,93,5
73,3623,2214.70438444898,94,21
37,2983,551.745443064214,77,40
49,4784,1398.06774366063,54,5
84,3687,2799.48192650631,91,7
94,7348,6410.66878464928,94,0
35,4074,696.34051987505,84,49
34,6052,994.247223057715,68,34
38,3804,731.775614589804,70,32
2,2771,137.388653503788,73,71
4,6660,348.889558466697,80,76
11,9218,614.38452591322,82,71
98,7029,6590.68290936449,98,0
68,1404,756.411166298017,70,2
54,7014,2448.54259660303,90,36
85,8217,6337.2879364173,92,7
90,7278,6019.88290626211,91,1
98,1497,1403.64949712884,99,1
38,5027,967.044167860922,49,11
49,2025,591.782437481768,81,32
17,2128,178.263491837903,64,47
52,1471,478.830091355575,66,14
91,4177,3499.86371147262,94,3
14,4031,300.877171591483,84,70
7,2191,126.443864694226,71,64
60,2020,860.39105336129,80,20
68,5165,2782.66643442255,78,10
2,2962,146.858603997914,79,77
24,3416,376.827175003463,64,40
11,6782,452.023850590525,83,72
99,1563,1488.57142857143,99,0
98,5807,5444.88485626399,99,1
99,3537,3368.57142857143,99,0
2,7780,385.739344734562,70,68
11,3169,211.215509071273,76,65
22,7427,756.908568018249,74,52
59,5527,2280.18149613107,63,4
1,9510,460.595729896203,39,38
63,7818,3652.79145518416,86,23
54,3615,1261.97340842885,75,21
86,6560,5135.87363551243,97,11
11,5033,335.452084933959,82,71
43,1251,292.096838746714,75,32
76,2228,1457.11305214181,81,5
33,5740,906.263894982646,73,40
10,7270,466.968642735944,65,55
88,2302,1854.09853727905,91,3
50,7594,2301.3218841223,78,28
76,8890,5814.06419817807,85,9
80,4774,3382.85444296757,82,2
80,1790,1268.39326621532,96,16
35,2890,493.967624555448,71,36
56,7902,2953.27921557608,60,4
42,1584,355.937679294168,53,11
59,9224,3805.39064959526,75,16
5,6648,359.133673572177,59,54
24,3185,351.345009480688,76,52
59,6302,2599.91022048453,88,29
86,9304,7284.17199768409,89,3
51,2087,655.603240673997,81,30
58,5456,2179.05292094113,63,5
27,5670,704.830172528689,81,54
56,4654,1739.37755875615,63,7
54,3120,1089.17207034523,89,35
95,9106,8072.05346641885,95,0
43,2132,497.802126465222,77,34
39,7661,1532.54216539553,70,31
78,3387,2308.96946689889,81,3
55,9586,3463.28054378312,93,38
71,3802,2214.09202209046,78,7
35,7684,1313.37274293566,69,34
67,4495,2356.61503721553,85,18
25,4804,551.419809235125,77,52
2,3466,171.847373888174,90,88
34,9412,1546.24171570046,91,57
17,1883,157.739734553934,59,42
38,3997,768.903031418362,79,41
77,3502,2339.15941587811,80,3
81,1247,899.935619080955,89,8
45,2143,539.847885209402,82,37
8,8248,492.894296924649,79,71
27,3517,437.193600843633,38,11
53,2115,713.112534974127,60,7
94,1685,1470.05673681737,98,4
65,1901,942.01082689716,80,15
11,1419,94.5770928911759,84,73
16,4782,385.39511903594,72,56
95,7038,6238.86583534547,98,3
84,3669,2785.81480562833,87,3
86,3590,2810.63816333683,97,11
57,3743,1446.4558819436,87,30
98,2217,2078.75145967578,99,1
43,6461,1508.58327349522,66,23
51,1246,391.41429701955,87,36
53,1424,480.128723311185,76,23
12,3918,271.09364176664,77,65
50,1545,468.204149456011,91,41
61,1180,518.634494648432,72,11
15,8904,690.522397798189,81,66
14,5194,387.684452802323,83,69
72,5783,3451.57465748547,85,13
9,9018,558.495002390887,70,61
67,5921,3104.23084212529,82,15
20,3497,329.3699261279,65,45
12,9247,639.816974327749,74,62
64,4423,2128.85955047618,84,20
63,8847,4133.56945561707,83,20
60,6578,2801.80809356959,61,1
22,4558,464.519894038936,24,2
5,1986,107.286323061724,64,59
62,9723,4407.34517270205,72,10
10,6226,399.910147135349,66,56
13,9202,661.193132699116,86,73
26,1389,165.913832935562,68,42
18,4236,368.920319689303,31,13
73,9930,6070.11165817787,88,15
3,8126,413.629850711871,9,6
87,9880,7847.63598969034,92,5
43,8848,2065.92552296636,74,31
0,4045,261.437140433229,80,80
44,9738,2362.04556964199,53,9
44,2540,616.101432213047,75,31
89,3815,3114.38325428594,90,1
38,9665,1859.25639195859,65,27
68,9425,5077.7601441302,89,21
21,5903,578.297376982016,63,42
38,2168,417.058236706282,89,51
80,1282,908.424674462595,95,15
72,1915,1142.96480530601,84,12
99,2338,2226.66666666667,99,0
92,3992,3388.40106459188,93,1
95,7568,6708.68664988555,95,0
0,3338,215.742194008929,30,30
60,2504,1066.54415723598,93,33
41,6389,1381.35351492057,71,30
33,6479,1022.94142431926,76,43
59,9401,3878.41256470566,60,1
19,3749,339.524733301388,86,67
3,4723,240.410261495467,56,53
37,5289,978.270750374331,72,35
48,4195,1181.81270165759,88,40
3,4320,219.896745640571,78,75
32,2412,365.974643153668,66,34
38,6910,1329.27694448358,52,14
30,4933,691.151385355831,66,36
39,9153,1831.00880301074,92,53
71,5484,3193.60353738666,76,5
76,5581,3649.97663554913,87,11
80,8242,5840.27782131101,85,5
65,9707,4810.15207611296,80,15
43,9241,2157.68735959902,67,24
14,3133,233.84970940117,50,36
62,1376,623.727960263089,69,7
26,5905,705.34282468286,62,36
66,6755,3444.11346477578,85,19
33,4283,676.224435925204,54,21
79,3174,2206.79153144433,87,8
28,5060,654.592696658996,71,43
63,7770,3630.36449306484,66,3
17,2686,225.007396182617,62,45
97,8735,8046.69811700536,97,0
96,5301,4789.9902125898,97,1
53,8213,2769.16938522104,71,18
29,2327,313.287635106304,70,41
36,4471,795.018262839173,73,37
42,4908,1102.86750629784,72,30
30,4467,625.861187590613,89,59
0,4372,282.571861056633,68,68
47,2053,557.372901612365,92,45
25,7356,844.347234957032,86,61
90,5163,4270.49401553054,96,6
53,5045,1701.01784347256,86,33
8,5464,326.524543937473,88,80
68,8041,4332.12406567119,74,6
36,2141,380.705457557296,74,38
75,2746,1757.1397632606,82,7
1,5516,267.155209895632,82,81
81,6222,4490.29624853384,84,3
18,2418,210.587661239078,66,48
86,2713,2124.0282276136,93,7
42,5344,1200.84025135608,68,26
16,5490,442.45487317175,64,48
87,4339,3446.44661531036,95,8
36,8441,1500.95038171001,78,42
81,9228,6659.66791730477,85,4
45,7485,1885.56295883918,82,37
83,5271,3937.61913179277,88,5
60,4356,1855.37793487217,72,12
0,6661,430.514905420455,76,76
81,3507,2530.93361356609,86,5
42,9080,2040.34982827717,86,44
55,6132,2215.40124081766,78,23
11,3559,237.209213248552,70,59
15,6882,533.712392368277,74,59
16,5159,415.778632184528,44,28
40,9188,1910.99089372483,87,47
70,9049,5138.16841884936,85,15
8,6251,373.555073966535,64,56
80,3436,2434.74819146137,80,0
22,1057,107.72214304501,69,47
92,9599,8147.61067610657,98,6
95,8208,7276.01744480188,95,0
18,4409,383.987178826755,90,72
80,6834,4842.56959850029,81,1
8,6622,395.725755848087,81,73
80,4496,3185.86375692966,92,12
43,1460,340.896390543726,45,2
64,9647,4643.25301457013,83,19
35,8622,1473.69856709933,66,31
39,1218,243.654399876225,78,39
92,9393,7972.75831656099,97,5
87,1266,1005.57764807166,95,8
82,5366,3941.30441630599,96,14
41,6453,1395.19083296015,73,32
65,3374,1671.93294579222,90,25
53,2989,1007.79828228731,81,28
26,8852,1057.35727080316,35,9
4,5024,263.186357618121,70,66
20,8345,785.985711620625,75,55
44,1922,466.199587682471,66,22
41,3548,767.106318819561,82,41
18,7658,666.948018928395,82,64
60,3559,1515.90681134299,68,8
38,2137,411.094765609467,62,24
47,2540,689.589464245206,79,32
68,4129,2224.51688436219,71,3
63,2235,1044.25542368081,76,13
95,7588,6726.41573722669,95,0
82,3232,2373.89039759616,90,8
1,8054,390.07760342629,75,74
20,1122,105.677168177153,84,64
19,5285,478.631159108518,46,27
70,4913,2789.68078702695,75,5
14,5773,430.901491341511,79,65
87,1604,1274.04940561369,92,5
56,5712,2134.79256889023,67,11
68,1417,763.414973393369,85,17
79,3008,2091.37647340408,86,7
22,4545,463.195023783888,85,63
39,1260,252.056275734026,69,30
68,4675,2518.67678236697,70,2
58,7229,2887.16524294052,81,23
53,9803,3305.2681703789,77,24
37,1191,220.291258025303,81,44
0,7218,466.515025870717,79,79
87,9289,7378.2075615621,89,2
57,4732,1828.64793838021,65,8
12,7849,543.086777495242,87,75
35,3975,679.41913758059,73,38
0,2977,192.409979498078,0,0
43,1725,402.771420334197,77,34
31,7693,1121.68709882556,35,4
91,5185,4344.4561513013,92,1
2,4923,244.086734463785,83,81
58,9799,3913.58863128706,80,22
6,5289,295.110456406397,69,63
23,8042,852.655783541978,88,65
8,1963,117.307408446058,70,62
68,6355,3423.78416084323,82,14
2,5045,250.135603365792,72,70
88,1914,1541.59192022246,93,5
74,2189,1369.53725885099,81,7
85,9420,7265.09095303042,87,2
32,7968,1208.99086096535,85,53
81,2044,1475.11500032195,82,1
62,5547,2514.40333981058,75,13
25,8341,957.408956875558,79,54
63,4280,1999.73745563932,65,2
77,5859,3913.51656699881,77,0
90,3251,2689.01337294011,94,4
49,8402,2455.38569862806,85,36
83,8640,6454.37854272235,83,0
92,7982,6775.10453346001,92,0
29,8071,1086.61130337043,87,58
92,5258,4462.97915772146,94,2
27,6040,750.824381318039,55,28
65,5067,2510.87262487528,89,24
54,9344,3261.93071323906,74,20
23,1051,111.432632243549,61,38
51,4306,1352.67252244477,71,20
34,9967,1637.41937743163,80,46
65,2827,1400.87564841571,76,11
42,7377,1657.67188140977,87,45
3,7160,364.458495089465,82,79
73,8473,5179.46184086013,89,16
82,6539,4802.86797954247,90,8
20,3222,303.468659417813,62,42
60,5866,2498.54154406798,74,14
70,1305,741.000086926557,80,10
51,8105,2546.07775067693,67,16
68,1590,856.619483200745,75,7
41,5093,1101.14782461895,74,33
77,5540,3700.44065218867,84,7
70,6180,3509.10385992806,71,1
93,3527,3033.76384714307,94,1
95,2714,2405.83715219204,96,1
10,8682,557.664615712994,73,63
82,5707,4191.76748115138,85,3
88,9427,7592.78319327958,92,4
55,6217,2246.11048828496,84,29
62,4215,1910.62016897451,84,22
84,3551,2696.21923542824,88,4
16,2872,231.462731466169,75,59
8,5763,344.392559793496,65,57
16,2721,219.293207632119,60,44
30,9776,1369.6930758643,66,36
91,3347,2804.41557153432,94,3
93,6383,5490.36422917897,95,2
16,8870,714.858784159093,63,47
55,2023,730.880089721809,69,14
3,3385,172.303352776235,82,79
1,1522,73.71468989506,88,87
99,8836,8415.2380952381,99,0
16,1057,85.1866668383497,66,50
37,4069,752.615557434894,76,39
78,3485,2375.77755894379,91,13
85,1947,1501.60637850852,89,4
67,8383,4394.99529632432,67,0
35,7403,1265.34336490795,78,43
98,3586,3362.38283012961,99,1
21,6375,624.537655134737,79,58
78,5811,3961.44717217285,83,5
28,5758,744.890266277173,84,56
35,3532,603.700224889218,72,37
96,9872,8920.35151456074,96,0
2,4605,228.320010604454,78,76
79,9702,6745.52345244892,94,15
30,4831,676.860397862156,79,49
36,6990,1242.93841584563,41,5
50,8152,2470.42085848893,90,40
17,5356,448.674465358933,90,73
85,8492,6549.37923281681,86,1
83,2113,1578.48401166346,87,4
17,2113,177.006935269497,91,74
90,1053,870.972341342952,93,3
5,6012,324.776119963287,57,52
10,7069,454.057955364565,74,64
72,2977,1776.81787226945,91,19
59,4593,1894.85681413606,79,20
12,1179,81.5771831656122,82,70
57,4093,1581.71090697173,77,20
66,4416,2251.54775136193,86,20
37,8576,1586.2450284005,87,50
50,4945,1498.55632301616,81,31
85,3961,3054.88590923073,94,9
98,3774,3538.65945368354,98,0
61,8440,3709.55519901082,83,22
7,6977,402.646665436612,68,61
82,6143,4512.00764617363,84,2
81,6424,4636.07571529756,94,13
76,6821,4460.93722112178,84,8
79,7732,5375.8387275134,81,2
11,1914,127.56910203926,68,57
22,4140,421.920219684334,89,67
5,4366,235.857042541535,78,73
17,1612,135.037945884727,81,64
50,1633,494.872088065803,73,23
90,2719,2248.97796401851,92,2
73,4454,2722.68653832067,84,11
70,5027,2854.4118291033,86,16
76,4117,2692.51994419562,77,1
39,5387,1077.6406010946,72,33
6,1315,73.3730856824374,44,38
49,2747,802.778447290082,57,8
73,5336,3261.84449224946,82,9
63,2749,1284.41080970852,89,26
84,1343,1019.71907439598,94,10
94,4990,4353.46179033749,94,0
16,5805,467.841628189801,74,58
73,6786,4148.21527818681,86,13
92,3510,2979.28049516971,93,1
48,9001,2535.75593030273,86,38
59,3977,1640.72404742415,93,34
1,2986,144.620278598324,89,88
42,8906,2001.25061350622,87,45
41,6930,1498.32209397394,75,34
92,2069,1756.16277621257,97,5
89,1008,822.882914893901,93,4
85,8266,6375.0787492303,86,1
24,6085,671.250983576134,67,43
15,7965,617.701134148987,80,65
26,8193,978.640772671748,61,35
1,3855,186.708363696095,76,75
14,5035,375.816561390007,87,73
58,2810,1122.27615612987,91,33
39,1381,276.261679991023,70,31
76,2746,1795.88529676006,78,2
21,5847,572.811242285931,68,47
89,2957,2413.9531541084,89,0
74,2365,1479.65080730132,75,1
36,9329,1658.85157101915,92,56
79,4381,3045.98415225507,92,13
4,3033,158.886190815239,56,52
81,6292,4540.81388553117,94,13
29,7799,1049.99151963647,77,48
4,9826,514.743063287352,84,80
98,1494,1400.8365722849,98,0
41,7012,1516.05115771216,75,34
22,1708,174.067568893923,46,24
45,9092,2290.3858946915,92,47
71,9223,5371.00755385068,90,19
44,2569,623.135661163511,68,24
8,9074,542.255437717539,83,75
89,1780,1453.10673463407,89,0
60,8514,3626.42050906833,79,19
93,3053,2626.05075852787,95,2
86,4999,3913.75492437906,90,4
49,9121,2665.50499371418,93,44
66,5597,2853.69401367136,88,22
67,7552,3959.3229724253,73,6
59,9050,3733.606394063,73,14
80,1852,1312.32644079932,82,2
53,6643,2239.81398100857,90,37
14,7703,574.958286472139,88,74
14,8368,624.594436089687,75,61
87,8258,6559.28927154482,90,3
63,1612,753.172144507145,63,0
58,7250,2895.55236012156,80,22
75,8115,5192.71273811354,93,18
66,1049,534.844563219806,93,27
92,1208,1025.34781714103,98,6
68,5675,3057.43117431713,88,20
98,7126,6681.6341459854,98,0
91,6863,5750.43443903198,96,5
99,8236,7843.80952380952,99,0
32,4559,691.740629410271,86,54
11,3508,233.810036548446,78,67
71,9578,5577.74155380915,78,7
98,6654,6239.06730387129,99,1
68,7603,4096.14964199702,84,16
14,9758,728.345184914336,88,74
7,6256,361.037342550013,69,62
63,8083,3776.6069752179,84,21
99,8205,7814.28571428571,99,0
75,7767,4970.03078705211,82,7
81,8424,6079.43677236405,82,1
21,3471,340.042384466302,81,60
91,9964,8348.72923656049,97,6
0,8057,520.74141915217,70,70
7,5072,292.708024522645,80,73
43,2292,535.16063501796,71,28
70,5740,3259.26475015972,95,25
29,1269,170.847446905844,69,40
57,1356,524.016611251811,81,24
5,6085,328.71967564481,53,48
87,4245,3371.78287208861,87,0
46,3582,936.88667539214,73,27
2,3869,191.828473621853,51,49
50,5641,1709.47547383907,76,26
84,1728,1312.04360428611,88,4
58,1476,589.494521867506,75,17
15,7870,610.333700659451,75,60
0,4648,300.410340848863,57,57
96,8493,7674.2853943643,96,0
66,2567,1308.81410275047,90,24
14,6846,510.991098168021,56,42
21,1782,174.576643364722,78,57
9,1538,95.2500902281198,69,60
50,2959,896.709435754263,67,17
84,4067,3088.01003393034,90,6
66,4029,2054.23140630372,69,3
8,5901,352.639336342429,57,49
30,5856,820.470811401529,86,56
55,7868,2842.59245967928,67,12
76,4766,3116.96625067679,92,16
53,6246,2105.95786924274,87,34
76,4308,2817.4340343927,82,6
53,2701,910.693596673814,77,24
55,6197,2238.88478299854,86,31
25,7970,914.824288010813,43,18
77,5485,3663.70342549726,88,11
87,2697,2142.2139943517,93,6
12,5297,366.509193577819,60,48
25,1245,142.905425166056,76,51
29,7220,972.039847643969,80,51
13,8355,600.333473560217,71,58
98,4580,4294.39859509025,98,0
39,6088,1217.87191005456,88,49
95,4636,4109.60244567513,97,2
75,5576,3568.03034229465,78,3
54,1615,563.786183848574,77,23
79,8396,5837.49895967441,81,2
80,5133,3637.2416958007,81,1
48,1483,417.789806092539,72,24
27,2535,315.12248454325,43,16
18,2880,250.824013386495,62,44
71,9123,5312.77262428491,87,16
13,6194,445.058711577736,29,16
67,3339,1750.55341696611,87,20
86,2901,2271.21485009475,93,7
81,6686,4825.15601377327,85,4
4,1489,78.0024853689056,72,68
15,7608,590.015094614625,79,64
15,9809,760.706895777453,68,53
34,1530,251.354635042681,71,37
5,9230,498.61669781456,80,75
75,4299,2750.88996440544,92,17
69,6413,3548.17002382921,77,8
21,1599,156.648738911442,54,33
45,1018,256.446638890887,80,35
98,9544,8948.85157020553,99,1
10,4587,294.633447624453,68,58
27,7836,974.082756954992,39,12
18,9219,802.898117850728,90,72
69,1745,965.469622888191,86,17
93,8867,7626.98725052953,94,1
42,1325,297.738273399477,53,11
74,1930,1207.49516198374,79,5
37,1149,212.522800563454,85,48
11,2510,167.292814064025,77,66
39,9564,1913.22715961922,69,30
84,1571,1192.8359388504,85,1
35,5491,938.53848665535,82,47
1,7482,362.374053741681,79,78
61,7359,3234.43325942187,73,12
15,5312,411.955859962262,83,68
30,1207,169.110018675144,82,52
87,8410,6680.02213292467,98,11
37,7774,1437.90448353376,72,35
85,2347,1810.10280963507,95,10
4,6964,364.814847621933,73,69
92,3026,2568.4623300238,96,4
77,9313,6220.61440321896,86,9
92,3055,2593.07746801808,93,1
34,6461,1061.43940981095,77,43
63,2523,1178.81719639673,85,22
94,8938,7797.84398437605,97,3
7,3753,216.587779186413,67,60
99,5537,5273.33333333333,99,0
32,3109,471.730997331988,66,34
82,1245,914.447260212628,82,0
64,5401,2599.58635137279,90,26
46,5533,1447.17866413867,88,42
90,6070,5020.70475968824,93,3
45,5605,1411.96798721358,74,29
77,1812,1210.3246320877,82,5
54,1938,676.543420618289,85,31
32,6092,924.343916290277,45,13
78,6987,4763.1442767117,91,13
45,9291,2340.51642626251,88,43
82,1460,1072.36385534975,89,7
50,1817,550.632323340823,85,35
82,7452,5473.46263703173,86,4
41,2003,433.064813020175,84,43
7,9715,560.658213374901,67,60
95,9111,8076.48573825413,96,1
15,2173,168.520347081701,84,69
69,2645,1463.41957165574,87,18
58,7180,2867.59530285142,87,29
70,6915,3926.4487364729,82,12
57,1128,435.907623519205,80,23
1,2802,135.708647231247,79,78
21,9754,955.567104028899,82,61
51,7234,2272.46470677321,86,35
92,3542,3006.44202674961,92,0
75,7996,5116.56574910116,91,16
56,4232,1581.66004053632,77,21
54,2231,778.827849019299,84,30
10,5270,338.50409177695,84,74
27,1640,203.866222741984,54,27
31,7649,1115.27162601283,86,55
83,8114,6061.43836755198,90,7
78,5830,3974.39976144686,78,0
39,4733,946.811391308844,80,41
90,1092,903.230576207506,91,1
90,7042,5824.6792286202,97,7
84,9319,7075.77219232772,92,8
38,1340,257.775847410709,77,39
51,9614,3020.10999321505,80,29
16,8859,713.972262555289,64,48
19,4519,409.259074363556,77,58
80,9041,6406.44889377248,95,15
43,8356,1951.0481091667,83,40
2,4046,200.604291619028,85,83
23,3787,401.517962232463,70,47
74,4521,2828.54177581787,88,14
12,2745,189.931609660395,49,37
40,5218,1085.27976528692,51,11
67,5497,2881.93834473277,88,21
7,2595,149.758936048159,86,79
29,9727,1309.56116316245,70,41
8,2881,172.16640027157,19,11
18,6323,550.680637723197,83,65
37,7953,1471.01290938307,89,52
63,9971,4658.73415191113,91,28
96,6878,6214.96937977601,97,1
72,6344,3786.40664483621,83,11
20,5924,557.960378147463,75,55
83,5868,4383.59876026559,83,0
66,4280,2182.20660684535,89,23
32,6512,988.070844202607,84,52
90,9499,7856.94802508708,91,1
12,1850,128.004909971487,68,56
92,3365,2856.20480519831,93,1
76,2249,1470.84706205877,83,7
82,5178,3803.21920753493,94,12
55,5106,1844.7225596241,77,22
55,7352,2656.16926328954,74,19
69,4487,2482.55713346665,74,5
62,2371,1074.75217571496,92,30
44,2903,704.150573903337,54,10
72,3716,2217.88888590973,88,16
92,5425,4604.72840065404,94,2
8,4564,272.741218618344,68,60
83,4179,3121.8573993098,84,1
12,4586,317.313793042831,79,67
96,1748,1579.49498049556,96,0
40,5738,1193.433363974,49,9
47,5830,1582.79786478329,75,28
26,3389,404.810640618156,54,28
89,7334,5987.12628753162,97,8
28,6314,816.817843222312,79,51
86,1193,934.008726702184,95,9
7,4909,283.30120117935,63,56
28,9021,1167.01199932032,75,47
82,4168,3061.37845828613,84,2
2,4322,214.288617987503,59,57
61,9072,3987.33231817845,86,25
32,8823,1338.72067850117,63,31
74,1414,884.662258572545,78,4
98,3266,3062.33751344209,99,1
65,5530,2740.30503563456,66,1
14,7148,533.532627768772,86,72
52,1189,387.03533556885,88,36
60,9422,4013.17054691588,83,23
58,1542,615.854033007923,82,24
64,2069,995.842281242417,88,24
96,1365,1233.41570273252,97,1
9,6620,409.984133491647,80,71
77,3776,2522.17759975892,78,1
47,5612,1523.61262730082,80,33
56,5458,2039.86306740246,59,3
90,5575,4611.2733171766,92,2
99,1436,1367.61904761905,99,0
10,8289,532.421331449551,86,76
27,8040,999.441726125337,55,28
75,6795,4348.05706167363,88,13
98,8143,7635.21566808295,98,0
17,5272,441.637748575858,84,67
40,3122,649.33756750206,81,41
78,7684,5238.29978850046,91,13
83,5030,3757.58380438581,83,0
39,5722,1144.65556329373,88,49
16,5461,440.117679852628,61,45
19,6621,599.624769055345,63,44
73,5503,3363.92995518155,80,7
96,4295,3880.96735768217,96,0
45,7882,1985.57210976225,91,46
67,1860,975.15104988229,79,12
33,5936,937.209491396688,75,42
82,5875,4315.16277409573,88,6
37,6460,1194.86274294161,92,55
64,5465,2630.39055920242,82,18
3,2309,117.532774463907,69,66
91,9740,8161.04202770968,96,5
32,1088,165.083089449084,66,34
10,9028,579.888983028899,74,64
32,9861,1496.21722891307,56,24
68,5208,2805.8328732764,72,4
40,2839,590.477051293513,89,49
7,9703,559.965686503002,85,78
29,9411,1267.01759088329,82,53
69,8221,4548.49614313113,94,25
81,2798,2019.26211883602,95,14
65,6683,3311.65615789254,80,15
25,7814,896.918066062296,72,47
51,5519,1733.72030919013,73,22
68,9849,5306.19200631707,74,6
26,8323,994.169065171116,74,48
2,8990,445.73222482824,70,68
74,9820,6143.83548739914,87,13
24,9558,1054.36596565665,81,57
33,8665,1368.07955575342,81,48
76,5207,3405.38045893287,83,7
15,8397,651.203568543508,86,71
87,1702,1351.89032939807,94,7
11,5218,347.782431787284,74,63
2,9777,484.752387335451,89,87
68,3426,1845.77254682123,79,11
50,3056,926.10477717642,65,15
93,1302,1119.92076239872,95,2
25,4596,527.544846637101,63,38
26,5681,678.586382222409,73,47
72,6729,4016.19330282201,90,18
13,5713,410.497323093898,61,48
14,4827,360.291269479555,78,64
10,7500,481.742066096228,21,11
27,5351,665.175706031925,52,25
42,5510,1238.14180108009,81,39
38,2203,423.791187944621,79,41
99,7292,6944.7619047619,99,0
80,7971,5648.24733240355,89,9
36,4500,800.174945823368,84,48
5,8017,433.088847928421,82,77
52,7657,2492.45547893245,86,34
55,9771,3530.11831768255,85,30
78,7854,5354.19137674162,80,2
30,5835,817.528549270479,80,50
10,6475,415.903983729743,56,46
62,5575,2527.09547853686,87,25
24,5005,552.113586326796,80,56
19,5575,504.894742105958,81,62
23,4370,463.330735398961,55,32
98,8523,7991.51948164939,99,1
59,8720,3597.46384046733,89,30
77,1054,704.018853322537,77,0
69,1779,984.281065397187,69,0
78,9401,6408.80482973618,94,16
53,3733,1258.65205345552,67,14
80,2616,1853.69652760854,90,10
14,6039,450.75595118853,59,45
56,6181,2310.07578226724,88,32
97,5424,4996.5988078577,97,0
33,7633,1205.14151749173,56,23
39,9354,1871.21778033022,85,46
73,1565,956.669158615142,92,19
50,2032,615.786946080656,56,6
16,8426,679.075548514602,73,57
29,5468,736.165358298784,31,2
21,4657,456.230879994113,67,46
16,1175,94.6966258609848,79,63
75,5181,3315.27353002665,82,7
99,5068,4826.66666666667,99,0
38,1873,360.30907626885,71,33
55,8621,3114.64026371315,85,30
0,9862,637.40249170643,77,77
2,2624,130.100262285796,65,63
8,4956,296.166844757342,24,16
34,5435,892.883948664686,77,43
41,7235,1564.26556275635,87,46
78,9444,6438.11858440894,80,2
78,7297,4974.47599644558,83,5
3,2895,147.361360793855,90,87
53,8197,2763.77468046474,86,33
98,2144,2010.30362180644,98,0
23,2478,262.730792292592,43,20
93,3675,3161.0666680609,93,0
99,4599,4380,99,0
61,4721,2074.9774993519,82,21
47,5475,1486.41823493799,65,18
31,7906,1152.74381948718,49,18
10,1173,75.34445913745,51,41
14,6359,474.641015666147,66,52
63,4607,2152.52113507718,84,21
79,3167,2201.92463140649,81,2
11,8537,568.995519388279,60,49
0,6005,388.116199827328,0,0
58,7266,2901.94254464045,80,22
66,1307,666.388793258615,88,22
91,4024,3371.66664471291,96,5
82,5220,3834.06803077102,83,1
9,5850,362.297157239597,53,44
67,4385,2298.9448138354,67,0
11,7240,482.549790367944,55,44
66,3399,1733.01875155779,71,5
23,2611,276.832162500386,61,38
54,4564,1593.26324649219,77,23
48,3737,1052.78523625611,66,18
99,3264,3108.57142857143,99,0
88,5433,4375.89806821767,89,1
16,8601,693.179301302408,73,57
78,7346,5007.88004246803,86,8
5,7596,410.345876121278,58,53
43,5530,1291.20345185398,91,48
55,5882,2125.07992473736,77,22
98,8676,8134.97864869061,98,0
96,7777,7027.30690120937,97,1
0,6309,407.764380468046,80,80
73,7376,4508.87649453373,82,9
18,3999,348.279593587706,73,55
95,9627,8533.89619165542,98,3
95,2826,2505.1200413024,98,3
17,7010,587.230769635198,40,23
67,2868,1503.62000594753,74,7
95,3756,3329.52260266519,98,3
34,2174,357.153579465874,63,29
8,5727,342.24122678073,77,69
81,8331,6012.32048321045,86,5
56,1112,415.5968726551,87,31
87,7433,5903.99578050286,89,2
89,9387,7663.09714494945,94,5
91,4053,3395.96543514449,94,3
53,8194,2762.76317332293,68,15
88,4113,3312.73122668494,88,0
13,6137,440.963079262603,70,57
92,4597,3901.92377102426,96,4
72,6756,4032.30821130414,86,14
63,6415,2997.27004157155,74,11
50,3779,1145.20613643642,62,12
17,7104,595.105190797211,76,59
1,6196,300.089499730481,81,80
26,5434,649.082626473609,90,64
12,6318,437.154065513434,75,63
45,4071,1025.5346433446,81,36
24,1602,176.720472586519,70,46
15,9522,738.449491445907,54,39
13,5188,372.774393875572,78,65
98,9984,9361.41388065088,99,1
50,9408,2851.04507319233,78,28
95,7796,6910.79824557449,95,0
42,2571,577.72460446042,91,49
89,9439,7705.54745405112,89,0
73,6353,3883.5266228,82,9
20,6979,657.327055889795,67,47
49,6181,1806.32456596287,90,41
12,4262,294.895635837014,85,73
51,7129,2239.48035590078,56,5
12,4304,297.801693252583,84,72
68,1807,973.529186253929,92,24
17,6661,557.994886810279,73,56
13,2303,165.477916171057,64,51
49,1254,366.466753877598,57,8
62,2886,1308.19687014482,78,16
2,7253,359.610214313596,68,66
70,4162,2363.25085194508,76,6
74,8067,5047.07951902738,84,10
97,1448,1333.90027171423,97,0
84,9567,7264.07474664656,95,11
82,8545,6276.26653696137,84,2
32,9041,1371.79798870328,79,47
32,5873,891.114875307419,80,48
33,9241,1459.02171664366,89,56
44,4589,1113.10609150617,51,7
25,2425,278.349924520229,70,45
42,2757,619.520316801781,90,48
93,9541,8206.73117822287,95,2
75,1871,1197.23543228718,96,21
20,6856,645.742125688557,71,51
15,5563,431.421394760931,66,51
3,6224,316.814200200675,84,81
65,7044,3490.54406347375,83,18
38,3992,767.941181241456,57,19
98,9048,8483.78132933986,98,0
31,4144,604.220893998845,86,55
40,4694,976.294215840701,78,38
83,7868,5877.66786737725,84,1
79,1723,1197.95268074309,79,0
68,1457,784.965149071375,89,21
43,8921,2082.97034249355,88,45
64,6309,3036.62104995573,69,5
62,6145,2785.4711597505,78,16
16,8283,667.550767665138,88,72
24,3021,333.253775083566,63,39
24,4863,536.449224836605,74,50
28,5888,761.707865203195,64,36
23,6028,639.120748966805,45,22
46,5889,1540.29191272594,52,6
77,6077,4059.12957461201,92,15
40,8734,1816.56448256342,73,33
55,8600,3107.05327316241,68,13
49,1922,561.681898686399,64,15
68,5203,2803.13910131665,72,4
65,7747,3838.90472171084,71,6
31,3586,522.861034237418,68,37
79,1770,1230.63043814003,81,2
48,9006,2537.16452708658,72,24
54,5121,1787.7083885378,89,35
55,6202,2240.69120932015,90,35
93,8931,7682.03711903453,98,5
7,1096,63.2507876334422,27,20
6,3055,170.459906281252,75,69
9,9177,568.342053331245,74,65
59,2182,900.19106650226,75,16
46,1229,321.449950881334,74,28
38,4189,805.838078211538,76,38
70,1585,899.988611324592,78,8
97,2637,2429.20926554586,98,1
42,8401,1887.77300741812,83,41
4,7448,390.169584303297,76,72
46,6866,1795.8302382028,86,40
19,1667,150.970320195629,73,54
71,3299,1921.17032637465,88,17
77,9589,6404.96848625219,84,7
0,4497,290.650882701664,86,86
86,7113,5568.82151972559,86,0
20,9086,855.777852101258,59,39
46,7188,1880.05064844185,86,40
12,1997,138.176110925978,71,59
96,6762,6110.15163507493,96,0
48,6606,1861.03807083433,72,24
27,7936,986.513624195357,77,50
35,5822,995.11401735703,73,38
12,7106,491.677237976964,66,54
40,9042,1880.62469101654,70,30
80,2815,1994.70784603136,80,0
4,2305,120.749314154014,77,73
6,1784,99.5418896254512,63,57
20,2796,263.345242623279,82,62
39,8435,1687.376734775,74,35
76,7157,4680.68137979307,78,2
70,6179,3508.5360437695,74,4
75,4920,3148.26206673058,85,10
98,5506,5162.65473025478,98,0
43,4537,1059.34720814855,63,20
55,9630,3479.17709541326,87,32
97,4337,3995.25240222693,97,0
37,1443,266.9020027964,80,43
72,2302,1373.94516021642,72,0
58,3394,1355.51789106932,68,10
4,7656,401.065834777932,85,81
87,5374,4268.54208589027,95,8
16,6820,549.643394359078,73,57
63,9219,4307.37841204179,75,12
7,9411,543.114199286793,68,61
83,2343,1750.3019589813,88,5
2,1386,68.7191171982137,75,73
56,9588,3583.40181206574,76,20
30,9210,1290.39210604646,74,44
9,7379,456.98986722581,72,63
62,3467,1571.55874871521,76,14
16,4478,360.894885621693,37,21
3,4376,222.747259009986,70,67
61,2828,1242.96470412353,82,21
62,3954,1792.31130441879,76,14
74,5240,3278.38064704394,92,18
66,4573,2331.59598437004,83,17
37,3467,641.267667148384,38,1
68,1193,642.733989596534,77,9
65,6517,3229.39745338706,84,19
75,1681,1075.65620613295,85,10
74,3847,2406.85693686604,82,8
10,4283,275.106835878686,56,46
26,3471,414.605409733142,89,63
12,5935,410.653589557174,67,55
30,4434,621.237632813248,44,14
26,5222,623.759564859254,91,65
13,9974,716.663801949683,84,71
50,3694,1119.44733209741,77,27
92,9672,8209.5729200232,97,5
18,4726,411.595238633533,83,65
73,7811,4774.78773031494,92,19
1,7353,356.126225228894,88,87
25,8022,920.793028660319,83,58
76,5161,3375.29643721001,87,11
39,8966,1793.6004509772,72,33
26,7035,840.319521023526,74,48
29,2792,375.891309504427,79,50
34,2918,479.380931408198,80,46
80,2383,1688.59282312353,96,16
69,9640,5333.59722902129,89,20
76,5495,3593.73259493684,91,15
88,9961,8022.88250644509,90,2
37,1045,193.286620181731,90,53
30,6660,933.117418704608,58,28
27,8066,1002.67375160783,81,54
21,4314,422.628304980589,89,68
88,3930,3165.33764183608,89,1
20,5456,513.881131528116,62,42
70,4355,2472.83937054801,80,10
71,7081,4123.61536255195,85,14
72,4870,2906.65201140485,82,10
44,3330,807.723531208444,63,19
87,8154,6476.6825769165,96,9
25,2822,323.918963709726,56,31
33,4357,687.907977428465,77,44
59,4101,1691.8806433207,73,14
10,3157,202.781293688772,68,58
7,3122,180.172407839057,62,55
73,8642,5282.76988418662,76,3
90,2940,2431.77462825098,90,0
75,1087,695.561151734987,88,13
64,1533,737.857040669224,81,17
73,3953,2416.43014952438,87,14
82,2854,2096.25098847136,88,6
14,1177,87.8522527817354,62,48
55,9890,3573.11126413677,80,25
79,9614,6684.3395662589,80,1
80,3355,2377.35162466615,83,3
49,8850,2586.30843047587,70,21
83,6602,4931.92212257557,88,5
28,3895,503.881137052725,86,58
69,1946,1076.67844477961,93,24
72,4077,2433.35118080032,82,10
40,3210,667.640484202951,75,35
1,2782,134.739991647869,84,83
22,7700,784.730843374245,87,65
56,1659,620.031665229147,78,22
12,4286,296.556240074482,77,65
3,1941,98.8008294648956,72,69
94,6755,5893.31350575747,98,4
68,6871,3701.78142708951,75,7
20,3957,372.695681352045,50,30
48,4114,1158.99343375907,74,26
36,9673,1720.02050021099,39,3
17,4738,396.904334740595,91,74
35,9844,1682.56653845115,81,46
60,3549,1511.64744969268,79,19
7,7078,408.475433275095,85,78
47,2727,740.358452360896,77,30
96,5817,5256.24845626011,98,2
43,3843,897.304677301055,89,46
79,4210,2927.09273704493,89,10
45,1261,317.661308095686,79,34
82,9584,7039.4076641589,92,10
17,4526,379.145001907119,86,69
50,3690,1118.2351530697,73,23
45,5072,1277.69877451334,74,29
5,4748,256.493183231152,85,80
96,6177,5581.54490533242,97,1
23,9815,1040.63871119927,76,53
59,7372,3041.34213668866,82,23
55,5309,1918.06346828131,84,29
59,3152,1300.36766343498,90,31
51,1582,496.964219811339,78,27
16,5926,477.593365831656,36,20
24,4406,486.036455815357,68,44
23,2316,245.554687227458,88,65
38,2051,394.55094256669,82,44
33,5267,831.583960779372,82,49
6,8857,494.194235657299,62,56
55,1440,520.250780622543,87,32
99,8706,8291.42857142857,99,0
17,5461,457.470361337777,69,52
26,9615,1148.49640293407,86,60
48,3887,1095.04313977188,81,33
83,4252,3176.39092171938,91,8
73,5287,3231.89127258675,78,5
33,6492,1024.99393836713,84,51
39,3725,745.166370721623,51,12
89,9303,7594.52356870829,95,6
9,1511,93.5779495023986,80,71
86,7963,6234.29295115632,96,10
50,6511,1973.12441236769,83,33
49,1344,392.768195543455,88,39
77,2172,1450.78647952234,87,10
52,3315,1079.0766504716,68,16
59,8190,3378.81064832883,74,15
91,2258,1891.95409636226,94,3
57,2011,777.136729518725,75,18
89,4677,3818.07876285593,92,3
6,5300,295.724223663056,81,75
83,4914,3670.92779617333,94,11
71,3755,2186.72160519455,76,5
87,6492,5156.5640531447,98,11
35,8660,1480.19364313155,51,16
96,7886,7125.79943717848,97,1
27,5699,708.435124028395,83,56
51,1907,599.058639178396,77,26
3,6691,340.585445620616,41,38
81,6042,4360.39375339786,83,2
16,6350,511.764744014684,59,43
90,8691,7188.62356943171,97,7
14,9740,727.00165003747,62,48
80,2200,1558.91909814174,94,14
88,6808,5483.36352814759,89,1
72,6124,3655.09998313004,73,1
31,3659,533.504886858536,91,60
0,8510,550.019793593766,16,16
49,2971,868.239813213991,74,25
53,5471,1844.6518576092,83,30
56,1543,576.678034628435,62,6
42,7082,1591.38298280385,75,33
27,7609,945.864688319364,28,1
60,2780,1184.10253878435,75,15
20,9767,919.918807117872,78,58
79,1451,1008.83885070123,86,7
89,6217,5075.26099394383,89,0
62,7191,3259.61319931095,78,16
71,3864,2250.19767842123,79,8
8,5716,341.58387502683,80,72
28,5510,712.807462172148,50,22
69,2515,1391.49346794487,70,1
37,4051,749.286218522672,89,52
29,1120,150.787344786876,85,56
40,7889,1640.81488469691,61,21
26,9386,1121.14271845442,69,43
86,2505,1961.18345380467,86,0
66,3401,1734.03847427127,69,3
84,3375,2562.58516462132,93,9
4,1659,86.9080746991366,85,81
76,3502,2290.30965377048,83,7
16,1901,153.207051712112,58,42
93,3594,3091.39417823425,93,0
21,3866,378.739227411905,75,54
9,6709,415.496004772728,86,77
64,3354,1614.33301657181,79,15
9,6233,386.016783089643,60,51
16,4267,343.889789403253,77,61
16,4613,371.774923486573,79,63
98,6451,6048.72605609764,98,0
18,5558,484.055509167409,67,49
12,4114,284.655243039295,85,73
98,4788,4489.42805093714,99,1
71,8061,4694.31767229647,84,13
61,3778,1660.50942439134,66,5
13,4468,321.040090947582,87,74
38,4280,823.343751431221,88,50
43,6838,1596.6092592726,80,37
64,9883,4756.84353094191,87,23
65,2981,1477.18794054731,86,21
41,7105,1536.15851048844,72,31
25,1451,166.550820816021,77,52
85,9159,7063.79703172034,96,11
60,7695,3277.57878990848,71,11
98,2847,2669.46567690435,99,1
96,9936,8978.18199439582,97,1
66,5320,2712.4624178545,81,15
7,8806,508.199302828551,57,50
17,7361,616.634193335905,63,46
28,9210,1191.46220083584,84,56
61,4965,2182.220564347,69,8
97,5034,4637.33008826617,97,0
49,3658,1069.00748459669,79,30
37,8755,1619.35345424981,74,37
72,5959,3556.61998685041,78,6
48,8773,2471.52391695876,78,30
71,7473,4351.89628644976,77,6
50,1661,503.357341259828,53,3
40,1029,214.019332786553,81,41
60,4071,1733.98612783852,84,24
66,3060,1560.17575162308,80,14
52,4495,1463.18236617492,85,33
16,1949,157.075509619625,57,41
61,6047,2657.78202469413,81,20
1,1116,54.0509815524882,75,74
44,4748,1151.67307092423,61,17
47,4483,1217.09825520128,81,34
50,8192,2482.54264876611,71,21
55,4621,1669.49920642831,78,23
22,1541,157.048081771391,78,56
98,1088,1020.1540767376,98,0
87,4264,3386.87447976109,88,1
85,4964,3828.44071028057,91,6
21,5349,524.02383016717,88,67
79,8285,5760.32383050291,80,1
90,7380,6104.25059744633,94,4
79,5792,4027.01214559721,84,5
72,9295,5547.70645708584,81,9
82,1794,1317.68544965579,96,14
18,6033,525.424053041918,85,67
32,1482,224.86501706208,81,49
6,2377,132.629524461714,26,20
66,9821,5007.34838453929,84,18
48,4954,1395.63769344736,78,30
20,9903,932.728160836315,86,66
56,5006,1870.93340333762,77,21
98,4353,4081.55394856503,99,1
23,3496,370.664588319169,87,64
68,8597,4631.67150759548,72,4
17,4947,414.412356260389,63,46
21,1146,112.26982788775,64,43
18,1076,93.7106383346765,78,60
29,4429,596.283169697387,77,48
3,3561,181.26210908011,81,78
71,2500,1455.87323914417,85,14
56,1205,450.354524774637,84,28
71,1149,669.119340710662,81,10
44,3065,743.445232178342,89,45
33,2964,467.973202914384,62,29
0,4627,299.053065212498,53,53
83,1708,1275.93501747335,91,8
24,3335,367.891870209763,82,58
83,9736,7273.12841341953,84,1
69,5870,3247.74022140612,74,5
59,4225,1743.03723921725,91,32
50,8175,2477.39088789831,90,40
8,5108,305.25025081124,49,41
71,3666,2134.89251788101,83,12
58,4163,1662.64613450842,83,25
48,8339,2349.25771611981,75,27
14,5802,433.066075309795,72,58
19,6658,602.975639989501,78,59
76,9152,5985.4123219039,80,4
43,9389,2192.24398001031,60,17
19,1125,101.884589214207,71,52
68,6031,3249.22773785138,68,0
43,3856,900.340056120965,80,37
50,3502,1061.26273876696,73,23
75,5374,3438.77242817279,82,7
39,9141,1828.60826705137,81,42
6,1905,106.293329448702,72,66
34,4921,808.441934016361,60,26
3,7545,384.055774504192,90,87
72,3933,2347.40500222901,84,12
78,1314,895.773805581676,78,0
58,2306,920.985343784871,92,34
42,5543,1245.55716939872,84,42
61,1835,806.52059125413,73,12
22,1064,108.435534720805,30,8
4,5761,301.794706655652,84,80
75,8352,5344.36682547435,77,2
51,3324,1044.19030761877,62,11
51,3157,991.729482897848,64,13
28,3964,512.807401098075,77,49
34,3644,598.651169997078,57,23
23,9469,1003.95394359102,80,57
20,5517,519.626503416535,75,55
88,2582,2079.61877639205,89,1
42,1150,258.41435049766,74,32
11,2048,136.500272192479,88,77
62,7349,3331.2331249807,87,25
13,4241,304.729414885563,79,66
50,8756,2653.45989167432,67,17
46,2584,675.855714464905,72,26
60,1673,712.591204095762,83,23
28,2783,360.025983162448,80,52
16,2427,195.598902948604,62,46
20,1515,142.692432966477,76,56
90,1840,1521.9269782251,94,4
30,4417,618.855801564303,79,49
71,9361,5451.37175665144,81,10
26,2177,260.039175162504,84,58
95,1481,1312.83891761106,95,0
12,8120,561.837767009984,64,52
84,4310,3272.51616578307,87,3
21,5273,516.578361651054,87,66
0,4428,286.191262753607,78,78
86,2890,2262.60286686447,87,1
46,7098,1856.51078222596,80,34
84,3967,3012.08158460823,85,1
34,3823,628.058019456319,58,24
72,8466,5052.91908183849,86,14
76,5314,3475.35850946212,82,6
83,7524,5620.68798095404,88,5
6,1934,107.911443125349,87,81
75,1911,1222.83105884596,96,21
68,4145,2233.13695463339,79,11
70,3039,1725.59330587725,77,7
63,2906,1357.7656649738,82,19
56,1813,677.58734723354,62,6
35,5533,945.717254901485,70,35
7,1005,57.9991255215414,68,61
44,2907,705.120812379263,74,30
54,4146,1447.34211655492,84,30
8,2282,136.370609309172,51,43
7,5494,317.061886184427,69,62
1,2141,103.694580200607,71,70
32,4519,685.671398180525,79,47
32,3811,578.246005414026,79,47
30,1404,196.711239618809,66,36
19,8758,793.160206522687,68,49
70,7073,4016.16368952608,81,11
77,2104,1405.36590834024,95,18
61,3330,1463.6041247282,83,22
47,6960,1889.58372879789,63,16
52,1021,332.349098078886,83,31
70,4360,2475.67845134083,73,3
25,4366,501.144647610441,90,65
39,5178,1035.83126646888,71,32
27,5208,647.399565878203,89,62
67,5927,3107.3764906733,88,21
1,1466,71.0024542616018,75,74
89,1886,1539.64005703363,93,4
75,2931,1875.51953609498,85,10
86,6647,5203.98659378828,88,2
97,1926,1774.23475367514,99,2
85,1941,1496.97893204162,87,2
41,4926,1065.0410728594,68,27
61,9726,4274.77889402598,73,12
68,6581,3545.54265342397,82,14
17,5541,464.171996369277,88,71
94,2995,2612.94951143503,97,3
49,7973,2330.01549335414,74,25
45,2419,609.375657639544,90,45
71,1570,914.28839418254,95,24
60,6465,2753.67730692116,85,25
98,7752,7268.59779675537,98,0
18,6911,601.890540456273,66,48
50,1909,578.512440978333,58,8
44,8906,2160.23596664937,75,31
88,8726,7028.17716607167,88,0
77,7569,5055.71034231336,95,18
8,1213,72.4879706801163,77,69
11,1352,90.1115078145664,88,77
87,3081,2447.22332836396,89,2
89,7400,6041.00552600681,95,6
8,7474,446.640637150197,46,38
65,9402,4659.01409494324,81,16
78,7683,5237.61807327551,81,3
31,5703,831.532760249858,50,19
23,7321,776.211513468145,90,67
84,6893,5233.74801177325,98,14
45,1716,432.281367717841,67,22
36,2218,394.397339963607,88,52
9,3500,216.758982963862,65,56
61,1498,658.402095748603,89,28
95,3215,2849.95079008748,95,0
19,4864,440.503681722579,80,61
74,9719,6080.64532607253,87,13
33,3731,589.07153173872,77,44
81,9380,6769.36335764183,91,10
86,7696,6025.25663093043,86,0
49,5593,1634.48848041261,74,25
53,5844,1970.41591224057,91,38
92,3254,2761.98824253055,97,5
71,2567,1494.89064195324,77,6
99,8416,8015.23809523809,99,0
38,8980,1727.48291772251,70,32
24,2427,267.72820659643,76,52
2,2568,127.323732297989,2,0
91,2694,2257.27384216118,93,2
29,8167,1099.53593292359,90,61
77,7015,4685.66627709449,83,6
41,3833,828.725625714593,78,37
23,2322,246.190839266908,81,58
26,3657,436.822812847624,40,14
47,1912,519.092541589304,50,3
68,6562,3535.30631997691,89,21
49,4500,1315.07208329282,78,29
13,7311,525.318734314631,64,51
87,7508,5963.56791605213,95,8
39,2513,502.712238825084,50,11
33,8269,1305.55682014138,59,26
36,7455,1325.62316024738,81,45
32,6383,968.497573486677,81,49
67,8946,4690.16198507902,88,21
66,1915,976.384498156272,76,10
33,4290,677.329635797134,68,35
51,3808,1196.23245830694,74,23
20,5197,489.486847608435,71,51
21,8849,866.907248672516,73,52
55,3386,1223.31190499162,79,24
5,3457,186.75167110996,56,51
21,1730,169.482375432642,29,8
70,4995,2836.24171202923,75,5
81,1037,748.382708088974,87,6
43,3548,828.424927156946,74,31
1,6683,323.676263185733,35,34
29,2335,314.364687569067,65,36
95,2303,2041.50440733172,98,3
29,6666,897.453964597603,75,46
45,2395,603.329764384749,77,32
0,2526,163.260869402803,81,81
25,1154,132.46012902942,70,45
18,4890,425.878272729153,71,53
27,5494,682.951846185647,76,49
87,6915,5492.55089764258,87,0
49,7852,2294.6546662256,81,32
71,4672,2720.73590931263,85,14
38,1515,291.440603602406,79,41
33,4308,680.171578324955,74,41
64,3202,1541.17302297642,85,21
3,7465,379.983612547885,76,73
66,8770,4471.48409860601,70,4
5,6113,330.232272344573,61,56
68,2113,1138.38803019068,87,19
42,5815,1306.67778099469,75,33
73,5498,3360.87350419556,87,14
59,5304,2188.18213415582,77,18
81,7807,5634.15988625903,84,3
85,3440,2653.06930768839,85,0
13,4543,326.429080835914,62,49
13,6507,467.548762711709,71,58
92,4810,4082.71771560294,99,7
65,7056,3496.49047584764,71,6
97,6055,5577.87717211991,99,2
68,5162,2781.0501712467,73,5
47,5498,1492.66254898431,72,25
51,5653,1775.81462363685,84,33
47,6877,1867.04989984814,51,4
8,2880,172.106641021216,89,81
27,2312,287.401650597236,73,46
99,4939,4703.80952380952,99,0
73,3766,2302.11888264832,80,7
17,5714,478.664282124896,77,60
23,6442,683.015239688811,55,32
63,8438,3942.47304922537,83,20
5,9457,510.879535344778,85,80
50,2359,714.882581596589,78,28
46,5502,1439.07048799764,86,40
38,5135,987.820131682083,87,49
82,8076,5931.78801082505,84,2
75,5597,3581.46804623802,79,4
67,6676,3500.05828441622,95,28
1,9139,442.627168824542,81,80
13,3294,236.684435895554,33,20
54,5311,1854.03617487293,75,21
27,4771,593.076676037809,79,52
54,1226,427.98876866771,75,21
86,7017,5493.66239335224,88,2
3,2116,107.708683744317,84,81
16,2174,175.20890606109,62,46
65,2374,1176.39858130135,90,25
0,2457,158.801249454745,0,0
3,1440,73.2989152135238,79,76
7,6657,384.179282185972,87,80
65,1178,583.739481370255,71,6
44,7465,1810.70755569701,76,32
85,1308,1008.78332978384,85,0
44,4383,1063.13880999598,53,9
41,9211,1991.49275722857,78,37
52,2624,854.14694746229,81,29
8,5787,345.826781802006,90,82
56,6553,2449.10639074539,82,26
80,6127,4341.58968832474,81,1
42,5402,1213.8733229464,48,6
94,9563,8343.1172547089,94,0
22,8746,891.331942357291,78,56
5,2874,155.257246968477,87,82
60,6913,2944.49670885475,69,9
32,7948,1205.95624535048,75,43
29,3652,491.674449251492,81,52
34,6861,1127.15303988747,85,51
5,1818,98.2107428631496,75,70
4,6919,362.457485740402,84,80
52,4956,1613.24400595393,55,3
53,2556,861.804084819796,86,33
49,3994,1167.19953348256,80,31
44,9010,2185.46216702345,83,39
95,5271,4672.50096875618,95,0
60,3523,1500.57310940189,72,12
72,3811,2274.58948982831,85,13
40,2234,464.644498974889,84,44
90,4860,4019.87234465978,92,2
2,6075,301.203922784378,75,73
1,5516,267.155209895632,72,71
6,6357,354.701677325669,86,80
92,4110,3488.55921229274,94,2
94,6360,5548.7007989071,95,1
60,4787,2038.95642200025,81,21
16,3850,310.282561331737,55,39
35,1848,315.865802829919,51,16
48,9756,2748.45404466541,78,30
28,5401,698.706552303406,73,45
94,2086,1819.90406706293,98,4
81,1173,846.531259969495,94,13
73,8905,5443.53920604974,82,9
92,4166,3536.09189255755,92,0
49,7005,2047.12887632582,70,21
9,8363,517.93010700765,49,40
19,5106,462.420188913546,71,52
0,2404,155.375744277252,66,66
7,5004,288.783705581884,81,74
57,7815,3020.05148741364,82,25
62,2677,1213.45912036649,83,21
64,2253,1084.40437875262,84,20
52,2930,953.754022890438,80,28
42,9125,2050.46169416621,92,50
65,6184,3064.38451001159,72,7
67,2900,1520.39679820357,77,10
37,8705,1610.10529060476,79,42
35,4136,706.937749190772,78,43
8,6096,364.292390161574,75,67
28,2947,381.242031038352,80,52
75,8636,5526.09577404172,87,12
11,2476,165.026696263954,78,67
92,3288,2790.84736983419,92,0
74,5917,3701.94242148073,88,14
51,7519,2361.99365914125,86,35
75,2818,1803.21189106642,82,7
63,7069,3302.83740044728,76,13
76,5274,3449.19849057268,78,2
87,1775,1409.87387466603,90,3
42,6808,1529.81295494615,68,26
19,4686,424.383275606909,74,55
55,7949,2871.8565660893,84,29
76,7264,4750.65943032232,85,9
34,2064,339.082331194832,39,5
70,6569,3729.98434560962,70,0
60,2766,1178.13943247393,88,28
10,3626,232.906230888656,89,79
78,1377,938.7218647534,90,12
39,2447,489.50929104854,83,44
68,2350,1266.07282108286,88,20
43,9434,2202.75106054076,86,43
16,6144,495.162612161609,78,62
62,7949,3603.20752625821,78,16
59,4418,1822.66000541108,74,15
56,3038,1135.41663590485,92,36
46,2108,551.355977589791,76,30
92,2533,2150.00498412105,93,1
44,2047,496.51954005516,75,31
65,1315,651.627689305505,74,9
11,6651,443.2926320079,89,78
82,2468,1812.73561301588,86,4
93,8074,6944.88497358468,98,5
28,1176,152.134587207703,89,61
8,9191,549.247270009026,55,47
92,9647,8188.35297347641,92,0
11,9303,620.049820413396,86,75
0,4909,317.279338043689,61,61
12,6594,456.251014244315,52,40
45,2798,704.850388621515,80,35
20,6525,614.566419212052,61,41
42,9201,2067.53951211215,74,32
87,2474,1965.08617798521,87,0
53,5746,1937.3733456082,91,38
77,6672,4456.55957245537,90,13
28,6464,836.222765060029,82,54
67,4076,2136.94391361302,89,22
68,2156,1161.55446904453,79,11
29,9028,1215.4537042285,73,44
16,4321,348.241804549204,33,17
51,2038,640.210543600195,74,23
45,9323,2348.5776172689,74,29
5,1905,102.910596894554,90,85
36,4587,815.644994775953,82,46
61,4046,1778.30098758267,72,11
75,8828,5648.95478152389,80,5
42,2703,607.386077734934,82,40
96,5538,5004.14370822907,98,2
90,4822,3988.44124402252,90,0
11,8817,587.657665977095,64,53
60,7680,3271.18974743302,64,4
15,1978,153.397720445285,75,60
64,1174,565.064687374866,69,5
38,4481,862.010128542827,79,41
28,9960,1288.48681002443,88,60
58,9077,3625.23155487219,72,14
91,6567,5502.41919876483,95,4
45,1663,418.930020113502,72,27
37,2871,531.029556499282,68,31
82,1253,920.323226543312,92,10
63,9499,4438.20235773782,87,24
47,5594,1518.7257728298,73,26
63,2962,1383.930454113,64,1
97,6784,6249.43331720256,97,0
77,3170,2117.40015657727,90,13
70,9322,5293.18223013744,73,3
37,7949,1470.27305629146,79,42
23,6284,666.263235983311,79,56
4,3841,201.213933043631,69,65
45,2256,568.313965950728,82,37
63,2424,1132.56158702563,88,25
21,9341,915.106860645268,71,50
70,6757,3836.73378341973,80,10
7,6802,392.547315221418,86,79
50,2255,683.365926875925,73,23
77,4272,2853.48058955776,90,13
24,7299,805.17024307678,72,48
44,4723,1145.60908044969,81,37
75,2387,1527.41901489551,95,20
64,2269,1092.10543071003,88,24
31,8815,1285.28165555015,90,59
16,3120,251.449763988317,83,67
90,8309,6872.65829460455,91,1
45,8043,2026.12997701317,53,8
36,7377,1311.75346118644,64,28
33,5177,817.374248140271,65,32
73,7726,4722.82806355309,85,12
75,1093,699.400495718805,78,3
69,5157,2853.25320643805,85,16
79,6726,4676.39566493212,81,2
8,8268,494.089481931741,84,76
85,2727,2103.1744192053,97,12
96,9198,8311.32427379758,96,0
17,4761,398.831054812151,68,51
30,4952,693.813432045829,89,59
83,9069,6774.8563661978,93,10
43,1435,335.059123582361,63,20
74,2202,1377.67064595244,93,19
11,3657,243.740964554637,45,34
60,3827,1630.05770357112,89,29
82,8773,6443.73157738585,93,11
71,2951,1718.51277148578,83,12
12,7494,518.523673149362,87,75
51,6007,1887.0190065782,83,32
5,8168,441.246065844998,78,73
51,4887,1535.18593060557,79,28
40,8796,1829.45971932996,79,39
19,3799,344.052937266464,52,33
77,6164,4117.24118774205,82,5
49,7601,2221.30286780193,86,37
41,5572,1204.71150182147,68,27
95,7429,6585.46949286466,95,0
45,5091,1282.48510667338,71,26
57,2176,840.899812746269,65,8
43,8181,1910.18724043714,46,3
97,2310,2127.97626219604,98,1
16,1708,137.652627208989,23,7
94,6209,5416.96277679469,94,0
15,8147,631.815585676308,55,40
61,1112,488.747083092421,76,15
6,7386,412.116814334968,23,17
47,3395,921.715051619084,74,27
43,2400,560.377628291057,71,28
60,6723,2863.56883749899,71,11
87,8376,6653.01609814234,98,11
3,5393,274.514617879537,75,72
92,2391,2029.47568773526,97,5
10,2908,186.787457094377,87,77
79,1505,1046.38350813602,83,4
26,6588,786.926084506466,76,50
76,1413,924.102667269472,81,5
69,6121,3386.61292934018,84,15
3,6126,311.825801804199,79,76
97,3876,3570.57835163283,98,1
38,4948,951.846935065813,64,26
15,1473,114.233995053541,70,55
47,2304,625.517372291714,78,31
17,4693,393.134665035376,70,53
83,6657,4973.00902302114,87,4
10,8403,539.743810854214,89,79
0,3510,226.858927792493,82,82
11,9919,661.10654290879,81,70
70,6538,3712.38204469412,79,9
71,1048,610.302061849237,86,15
5,8588,463.935016341435,85,80
70,9884,5612.29491125064,80,10
94,9281,8097.08995513472,96,2
48,7033,1981.33223617588,69,21
97,3461,3188.27958591363,98,1
86,8432,6601.4765997928,97,11
27,2581,320.840683473818,59,32
81,2085,1504.70390199181,86,5
55,2895,1045.9208402099,82,27
16,2400,193.422895375628,45,29
31,8152,1188.61214475835,70,39
17,1845,154.556457913972,83,66
52,1791,582.99435324122,61,9
58,2078,829.925214390703,75,17
38,1119,215.26206959148,75,37
64,6513,3134.80946241269,86,22
64,5250,2526.90767352474,84,20
69,5551,3071.24462845407,72,3
40,3335,693.638945425807,93,53
36,5641,1003.06374875325,74,38
16,5463,440.278865598774,78,62
68,8929,4810.53796572293,77,9
21,5091,498.748423888776,55,34
65,7257,3596.09288311031,72,7
12,9129,631.652336826865,42,30
67,3508,1839.15585106832,90,23
10,5001,321.225609672965,87,77
58,5533,2209.80568393829,71,13
46,3987,1042.81607336361,81,35
45,1922,484.175284821498,69,24
6,2860,159.579486731385,77,71
50,9992,3028.02321123913,87,37
65,7401,3667.44983159699,80,15
73,9022,5515.06015912192,87,14
84,2331,1769.89215369846,86,2
34,2204,362.082101721613,72,38
13,9944,714.50820599435,89,76
8,7253,433.433842821833,67,59
28,5513,713.195560608902,42,14
75,7800,4991.14717896311,86,11
26,2731,326.213590890583,66,40
42,8819,1981.70100612075,78,36
23,6906,732.21099740623,85,62
30,1388,194.46951609039,71,41
84,9750,7403.02380890602,85,1
69,1958,1083.31777742984,76,7
71,7038,4098.57434283867,72,1
10,4634,297.652364571989,75,65
70,4996,2836.8095281878,95,25
67,8575,4495.65604986056,81,14
6,6750,376.629907495401,70,64
14,6609,493.301222289286,68,54
10,3366,216.205839263987,85,75
38,2498,480.540348382053,64,26
90,2817,2330.03711829354,90,0
65,7176,3555.95459958655,80,15
72,9531,5688.56269418883,86,14
19,7024,636.122093013856,75,56
62,2435,1103.76277851789,72,10
67,6619,3470.17462321015,85,18
41,4319,933.802759577701,63,22
11,1885,125.636236856847,79,68
15,2296,178.059234652363,77,62
5,3190,172.327981151511,76,71
10,4558,292.770711635548,40,30
12,3008,208.129064429314,16,4
53,5320,1793.73933147156,80,27
54,1507,526.084073721239,81,27
74,1538,962.242258617096,76,2
96,4868,4398.7308724556,96,0
23,9542,1011.69379340432,75,52
30,8400,1176.90485242023,72,42
56,5157,1927.36787075751,73,17
2,2665,132.133078884011,70,68
72,4785,2855.91989210928,75,3
32,3387,513.912154378721,77,45
9,2865,177.432710340418,85,76
61,7435,3267.8368370433,75,14
44,9933,2409.34469534338,76,32
24,6915,762.810279610348,70,46
57,7998,3090.77054335692,77,20
9,6544,405.277367004432,91,82
83,2777,2074.51495522453,83,0
15,7696,596.83966458388,74,59
79,6492,4513.7021493814,83,4
94,2057,1794.60338731948,94,0
21,3199,313.395444513886,59,38
90,7413,6131.54602694711,95,5
59,1856,765.69872567745,87,28
40,3045,633.322515388781,79,39
2,3595,178.243309038657,54,52
68,6010,3237.91389562043,90,22
22,6247,636.651114098559,77,55
1,2101,101.757269033851,69,68
34,6188,1016.58985728373,87,53
15,1469,113.923787327666,62,47
17,8308,695.964798021287,88,71
79,2964,2060.78453030907,84,5
36,4443,790.039396509605,76,40
1,4073,197.266709554914,79,78
58,7940,3171.12906749865,74,16
90,5205,4305.23365307698,92,2
95,9153,8113.71682167051,96,1
44,5574,1352.02731620296,88,44
70,9310,5286.36843623467,94,24
54,5830,2035.21575965151,68,14
94,8176,7133.04681318624,97,3
87,3565,2831.66217644191,91,4
68,4299,2316.10513099371,77,9
96,3930,3551.15290237274,96,0
24,1471,162.269547549794,57,33
62,1065,482.75456226758,82,20
13,3675,264.060504528282,75,62
62,7754,3514.81584584302,78,16
6,7984,445.483434287894,89,83
79,2022,1405.83883950234,88,9
93,4570,3930.9046729356,94,1
61,3043,1337.46166713151,87,26
73,2369,1448.14647716247,82,9
26,1216,145.249259071017,58,32
61,5855,2573.39403912421,74,13
87,2548,2023.86401839382,89,2
99,1854,1765.71428571429,99,0
5,2820,152.340096190364,87,82
26,4760,568.574402284575,81,55
44,5211,1263.97817451267,73,29
93,4392,3777.79722615605,93,0
11,5408,360.446031258266,72,61
69,2581,1428.00979752116,74,5
22,4553,464.010328556225,66,44
59,9373,3866.86107530966,70,11
61,5963,2620.86228100729,88,27
21,3791,371.391725586791,86,65
10,2866,184.089701524239,79,69
88,9643,7766.75594916675,90,2
46,1689,441.764822651402,63,17
73,7617,4656.19743205849,82,9
91,1350,1131.15058905627,92,1
95,2070,1834.96053980749,97,2
32,1716,260.370019756092,82,50
5,6373,344.277813128082,84,79
45,5571,1403.40297176928,65,20
13,2329,167.346099332345,89,76
56,3487,1303.22508538519,78,22
8,7646,456.919228211186,82,74
90,6316,5224.17977960312,93,3
56,8479,3168.92615399514,77,21
76,3339,2183.70757679601,95,19
56,4925,1840.66060955609,77,21
90,7466,6175.38414099381,91,1
84,7922,6015.0517552978,88,4
29,1469,197.773758474929,71,42
91,3154,2642.70293176554,97,6
40,3564,741.26812638608,72,32
49,5982,1748.16915605725,61,12
32,3550,538.644271639935,73,41
29,3542,476.864977888495,61,32
24,1541,169.991415890028,79,55
1,4697,227.488763756306,87,86
4,3957,207.290688116024,80,76
90,3922,3244.02043945589,93,3
94,9808,8556.86437667938,98,4
46,4431,1158.94608002863,83,37
18,3954,344.360468378542,72,54
58,8702,3475.46160521073,77,19
55,2405,868.891060692511,76,21
46,2988,781.523558367312,69,23
32,5292,802.959291695362,56,24
10,2871,184.410862901636,52,42
19,5325,482.253722280579,78,59
69,1451,802.805972957458,73,4
91,8711,7298.85391205123,96,5
24,7477,824.805851141948,83,59
75,3856,2467.41840026689,82,7
75,1123,718.597215637894,89,14
39,1678,335.674944985472,78,39
58,6591,2632.35663524982,86,28
93,4519,3887.03680897067,93,0
11,4839,322.521883368851,77,66
7,6730,388.392153990024,85,78
20,4265,401.705100067342,80,60
89,9840,8032.90464539284,98,9
40,2991,622.091180140507,68,28
17,9100,762.310984833139,83,66
88,2609,2101.36537087795,91,3
73,6605,4037.57175249394,80,7
66,2522,1285.87034169719,73,7
48,6299,1774.5502283054,87,39
39,7189,1438.12108432691,75,36
50,4163,1261.57532309733,87,37
63,4109,1919.84140308924,81,18
72,3114,1858.58611160466,88,16
56,8526,3186.49184915232,71,15
33,5592,882.896811976125,84,51
15,4682,363.098143136919,80,65
22,6355,647.657728525107,63,41
99,5662,5392.38095238095,99,0
45,1986,500.297666834284,88,43
71,4426,2577.47798258084,74,3
13,2409,173.094355213233,75,62
70,2424,1376.38636836013,75,5
7,8418,485.80760063715,82,75
88,4082,3287.76291449743,91,3
80,3763,2666.46025741244,85,5
9,2225,137.796782027026,37,28
87,6667,5295.56570275966,91,4
1,3909,189.323733771215,75,74
29,5481,737.915568550775,56,27
49,9014,2634.23550195588,83,34
74,4100,2565.14516276339,92,18
91,6345,5316.40776856447,93,2
64,7597,3656.55573252713,89,25
82,6967,5117.23217823404,87,5
17,4134,346.306990252769,25,8
97,4157,3829.43607010776,98,1
74,2046,1280.0700007351,80,6
66,1122,572.064442261795,79,13
79,6296,4377.42894832183,84,5
76,6286,4111.04696847551,94,18
79,5504,3826.77397261171,87,8
10,9204,591.193863513291,54,44
4,5180,271.358545474097,73,69
65,4747,2352.3016282382,82,17
9,4053,251.006902272152,71,62
86,3405,2665.80026355485,91,5
78,3348,2282.38257312591,78,0
30,1547,216.746643654058,70,40
17,1832,153.467442221353,65,48
10,5310,341.073382796129,73,63
90,1263,1044.67052907516,91,1
50,3120,945.499641619905,62,12
85,8095,6243.1965249237,86,1
2,1194,59.1995858114481,83,81
61,9233,4058.09516024489,74,13
87,1955,1552.84699998427,95,8
56,9388,3508.65417309899,84,28
20,9036,851.068530881242,72,52
96,5512,4980.65007579607,96,0
95,9033,8007.3422976237,97,2
53,3909,1317.99380577488,70,17
79,3395,2360.44651835334,87,8
81,6903,4981.76068846498,94,13
62,4566,2069.72519372185,68,6
58,1128,450.508008581672,75,17
87,2794,2219.26062299543,87,0
87,5699,4526.68800660377,91,4
44,4958,1202.61059091035,76,32
58,9334,3727.87389370685,59,1
36,8168,1452.40643499673,75,39
8,5548,331.544320967259,85,77
6,3536,197.298274504258,78,72
25,8548,981.169135999552,71,46
91,5193,4351.15926590312,91,0
13,6966,500.529380828303,67,54
26,6551,782.506493564338,72,46
44,8524,2067.57819219843,86,42
39,1307,261.458374908231,85,46
18,7601,661.983793663454,36,18
39,4303,860.792186098026,58,19
53,6328,2133.60573111881,75,22
35,9277,1585.65316712833,57,22
23,2696,285.844316392585,75,52
86,6772,5301.85003958691,87,1
36,4099,728.870467317774,70,34
36,6059,1077.39111038751,71,35
82,5425,3984.63966799478,87,5
90,3121,2581.4859233916,94,4
11,8088,539.069434322643,89,78
81,5664,4087.59851361229,81,0
62,9962,4515.68164254425,93,31
89,4188,3418.88258688061,89,0
5,5319,287.339351644165,53,48
23,9395,996.108068437812,81,58
68,6566,3537.46133754471,75,7
23,2248,238.344964113699,80,57
53,2815,949.130868062491,91,38
35,3511,600.110840766151,85,50
21,9347,915.694660791277,89,68
15,6055,469.57694504358,74,59
10,6301,404.727567796311,65,55
68,6370,3431.86547672248,70,2
87,6578,5224.8734352412,87,0
73,4151,2537.46560856962,85,12
62,2986,1353.52593702441,80,18
49,3893,1137.68347116865,82,33
19,4766,431.628401951031,19,0
50,3631,1100.35551241086,61,11
52,7274,2367.78387798807,82,30
55,4771,1723.69199607649,85,30
63,5168,2414.63625484673,67,4
54,2820,984.443986658191,91,37
17,3949,330.809459242425,88,71
92,5905,5012.15137435246,96,4
7,6775,390.989129759645,81,74
10,5392,346.340429385448,85,75
74,4215,2637.09435635309,79,5
80,3134,2220.75111526191,80,0
38,6334,1218.47180410405,72,34
97,8522,7850.48212399767,98,1
51,7474,2347.85750876735,64,13
7,1176,67.8676334461022,63,56
51,7338,2305.13492097067,61,10
18,6479,564.266938448299,75,57
11,2419,161.22761642266,82,71
51,4700,1476.44237238514,66,15
88,4874,3925.66301941706,98,10
51,7657,2405.34452028788,84,33
97,6619,6097.43501275998,98,1
42,4749,1067.1389134899,78,36
90,5512,4559.16386085693,91,1
55,4217,1523.53995964254,84,29
13,3208,230.5050608236,56,43
35,3211,548.833924722333,85,50
97,4421,4072.63335721588,99,2
95,5817,5156.50505316917,95,0
85,2705,2086.20711549334,90,5
74,6311,3948.44661517067,94,20
7,1230,70.9840043696477,44,37
70,6704,3806.63952701581,86,16
14,2626,196.006810369445,82,68
60,6176,2630.58175522739,66,6
96,2441,2205.69064495976,96,0
51,8077,2537.28192377761,82,31
90,8790,7270.50985793404,99,9
88,5620,4526.51337076814,93,5
20,8642,813.959079667518,55,35
80,9688,6864.91282854417,97,17
88,1112,895.637521048784,97,9
79,5800,4032.57431706903,89,10
89,9987,8152.90840381487,99,10
81,8648,6241.09321075549,84,3
27,1419,176.394006140778,38,11
95,9757,8649.1352593728,96,1
37,4794,886.713930288248,79,42
5,5468,295.38852693933,83,78
78,7857,5356.23652241646,83,5
35,4678,799.578044176603,68,33
25,7062,810.600893592517,76,51
20,2423,228.213706321962,66,46
36,1764,313.66857876276,84,48
5,7259,392.140694413423,89,84
7,1226,70.7531620790147,68,61
32,8617,1307.46413766798,33,1
99,4661,4439.04761904762,99,0
4,2445,128.083328896558,84,80
41,8882,1920.36029418132,70,29
5,8831,477.062194842945,68,63
0,5620,363.23281316063,76,76
5,9634,520.441307339705,88,83
19,7140,646.627526212832,77,58
41,4404,952.180447599026,74,33
88,3633,2926.12510249122,96,8
50,1835,556.087128965553,83,33
67,3192,1673.48502753993,78,11
20,7679,723.257552970015,54,34
93,3058,2630.35152950483,94,1
14,4841,361.336241050451,84,70
57,6612,2555.16064424556,84,27
44,7710,1870.13466234748,71,27
82,1491,1095.13322488115,89,7
97,3404,3135.77108074256,97,0
45,5489,1382.7461698154,78,33
72,8254,4926.38720783072,85,13
86,5514,4316.95232106944,88,2
23,9357,992.079105521299,80,57
41,4534,980.287499866936,64,23
85,3035,2340.71667117275,91,6
93,5903,5077.49021539143,98,5
44,1875,454.79928559034,77,33
68,7251,3906.50809603057,79,11
64,4216,2029.2271907772,88,24
42,7526,1691.15339290903,72,30
47,5968,1620.26374906118,64,17
32,6430,975.628920181628,76,44
73,4706,2876.73166801461,81,8
2,8493,421.090521186456,82,80
22,1110,113.123537161742,71,49
92,9877,8383.5764817069,95,3
14,2653,198.022112684744,65,51
89,7774,6346.32121069959,92,3
10,4186,268.876305157175,69,59
83,9228,6893.63486021317,85,2
90,5762,4765.947417681,90,0
0,5631,363.943767065393,29,29
60,5408,2303.46278048409,61,1
27,3996,496.737454924981,80,53
64,1593,766.735985509507,85,21
35,9844,1682.56653845115,82,47
27,5892,732.426697802299,66,39
6,3049,170.125124141256,51,45
35,9905,1692.99284471339,79,44
20,4582,431.562196602241,85,65
46,2664,696.780039990134,57,11
30,2026,283.858241786117,81,51
69,4375,2420.59002873114,91,22
32,7470,1133.42893215502,66,34
1,9954,482.099883847193,78,77
91,6413,5373.38424267989,92,1
84,6347,4819.17867847452,87,3
13,8368,601.267565140861,82,69
0,6344,410.026506528654,74,74
25,1203,138.084519256839,81,56
95,1405,1245.46838571475,97,2
48,8960,2524.20543667508,61,13
0,6592,426.055285472398,85,85
27,2801,348.18859140262,71,44
28,1659,214.618435525153,77,49
4,3101,162.448426547331,77,73
45,2532,637.84173838087,79,34
25,8448,969.690788596656,72,47
4,5667,296.87043961423,61,57
19,2210,200.146615256353,81,62
3,8197,417.243894448093,62,59
77,7823,5225.36953467002,91,14
68,9286,5002.87328364913,86,18
19,5752,520.924584142326,55,36
76,2623,1715.44323867504,81,5
37,1173,216.961919113082,66,29
40,3429,713.189788265395,51,11
20,6737,634.533941184919,70,50
74,8294,5189.10097072184,77,3
4,6378,334.116757342431,72,68
1,1393,67.4668613822724,37,36
12,3147,217.746730637983,69,57
58,3630,1449.77311272293,75,17
74,7877,4928.20693831396,76,2
3,3001,152.756975385962,79,76
67,1180,618.644214441453,82,15
4,6898,361.35738352902,86,82
23,3546,375.96585531458,90,67
11,4474,298.19444227986,30,19
49,3976,1161.93924514939,83,34
20,6175,581.601170671942,72,52
28,9783,1265.58900225592,84,56
5,4053,218.948372290619,69,64
89,4761,3886.65233909709,93,4
0,6089,393.54530237279,74,74
57,7765,3000.72934098105,78,21
46,3970,1038.3696541895,66,20
48,9752,2747.32716723833,84,36
43,6052,1413.08558600728,55,12
34,5153,846.555839460741,67,33
92,6324,5367.79767847671,94,2
49,1440,420.823066653702,64,15
30,1087,152.297092211998,85,55
17,4553,381.406803730251,84,67
34,3059,502.54498601017,74,40
62,1891,857.172654692952,93,31
9,4232,262.092575972304,82,73
35,5184,886.065109237177,82,47
54,4421,1543.3428599347,68,14
71,1867,1087.24613499287,87,16
29,4543,611.631167291766,91,62
45,7649,1926.87656274695,83,38
17,3130,262.201470607442,66,49
82,9456,6945.39220286796,92,10
91,6206,5199.94115235793,95,4
1,5681,275.146618458499,77,76
54,2905,1014.11694370285,63,9
95,3437,3046.74365957408,99,4
36,4749,844.451292825594,77,41
57,4216,1629.2433871959,82,25
30,5633,789.226789724183,77,47
5,7948,429.361377489721,80,75
19,8534,772.873852759147,85,66
92,9150,7766.50043612617,96,4
50,6334,1919.48549039118,79,29
89,6426,5245.87858244862,89,0
63,6419,2999.13895508149,86,23
7,3351,193.388128977796,84,77
86,8631,6757.27520550423,93,7
65,3127,1549.53595776298,77,12
26,8902,1063.32969099523,65,39
38,6481,1246.75019930508,39,1
53,7244,2442.45257841729,88,35
32,2770,420.294262659893,88,56
89,1022,834.311844267427,94,5
91,2831,2372.06467971726,93,2
84,7138,5419.77271261243,84,0
92,6062,5145.41263866632,93,1
46,5520,1443.77846124082,83,37
14,6123,457.025780613905,80,66
44,4918,1192.90820615109,76,32
49,6864,2005.92328438264,77,28
18,9294,809.429993199334,68,50
66,8698,4434.77408092076,66,0
27,3621,450.121702773612,54,27
33,4896,773.008367567079,91,58
47,3130,849.769694128935,79,32
23,5244,555.996882478753,69,46
87,2262,1796.69560816595,97,10
19,5002,453.001524666189,71,52
96,8281,7482.7219299106,98,2
85,6961,5368.60914267991,85,0
37,5007,926.111107416199,73,36
4,5325,278.954489314589,74,70
23,7652,811.305900977769,70,47
25,5155,591.70880861929,29,4
71,2532,1474.50841660522,83,12
7,1952,112.651037828904,66,59
0,3987,257.688474389935,84,84
33,2195,346.559102698068,43,10
76,2132,1394.32900680716,94,18
4,4793,251.085233292924,82,78
87,1855,1473.41748591858,94,7
45,6847,1724.84296314922,84,39
11,4688,312.457654315597,82,71
55,1948,703.783694897718,79,24
81,2621,1891.52466528563,87,6
95,7141,6330.17063515232,96,1
23,3361,356.351167431558,74,51
59,5869,2421.27468803931,88,29
82,2901,2130.77229066412,85,3
30,8306,1163.73472669076,81,51
94,1436,1252.81986591676,96,2
45,7329,1846.26465268302,87,42
2,3943,195.497459677169,60,58
12,3431,237.397214114687,63,51
11,7868,524.406319145716,78,67
22,9450,963.078762322936,87,65
4,3738,195.818193625903,57,53
45,3591,904.616778248699,81,36
89,4422,3609.90897783813,94,5
12,2668,184.603837731852,76,64
14,1951,145.624252486972,74,60
72,1685,1005.68965897683,75,3
69,3858,2134.54544705022,85,16
83,6804,5082.82310239385,86,3
2,8596,426.197353128315,76,74
91,3816,3197.38566506572,91,0
63,9401,4392.41397674421,65,2
35,1547,264.417963732622,80,45
85,4420,3408.88556394846,88,3
0,6480,418.816482078449,87,87
80,2223,1575.21688871322,89,9
92,8674,7362.47265387523,94,2
94,1279,1115.84722040915,95,1
87,9831,7808.71552779815,89,2
15,9799,759.931376462765,74,59
7,9755,562.966636281231,71,64
62,9714,4403.26555668288,65,3
65,5749,2848.82706145806,66,1
50,7358,2229.80332148694,59,9
88,5564,4481.40932294554,88,0
62,6857,3108.21411593314,87,25
56,7214,2696.14733753048,71,15
6,7903,440.963875397949,69,63
16,1367,110.170457491035,89,73
0,6106,394.644049316514,3,3
65,8777,4349.30511713644,85,20
86,3896,3050.20787865189,90,4
52,8979,2922.78408584752,81,29
54,1196,417.515960299006,69,15
61,1149,505.009351144956,71,10
32,9609,1457.98107216567,84,52
9,3910,242.150749539628,81,72
12,8966,620.374066380729,79,67
60,1312,558.828248519808,74,14
33,2653,418.870751461491,71,38
97,7665,7061.01214274139,98,1
69,6027,3334.60482358001,75,6
41,8077,1746.31277821465,54,13
74,5271,3297.77564705508,79,5
95,9214,8167.79053806098,96,1
16,7790,627.818481240061,85,69
78,5404,3683.98907561901,82,4
3,5734,291.872208218295,75,72
74,1571,982.888548951533,88,14
27,4143,515.010829768317,69,42
88,6233,5020.24160854053,96,8
28,6120,791.720810978864,87,59
72,5178,3090.48133779349,77,5
87,8346,6629.18724392263,91,4
14,6000,447.844958955321,65,51
73,3018,1844.87381514409,84,11
25,2990,343.202587346591,78,53
6,5230,291.81843202977,62,56
26,1020,121.837371918123,83,57
74,2353,1472.14306536153,78,4
86,2820,2207.79933721723,89,3
62,7317,3316.72782357923,83,21
19,9264,838.985630649255,67,48
39,1989,397.888835265855,78,39
75,3466,2217.86104131874,75,0
99,5270,5019.04761904762,99,0
90,5054,4180.33638475525,90,0
80,6574,4658.33370508354,92,12
38,9210,1771.72802586017,76,38
62,2506,1135.9464160024,80,18
25,3259,374.079341860382,65,40
88,8033,6470.01457426698,95,7
57,2444,944.466517624945,78,21
97,9720,8954.08193443527,98,1
20,4191,394.735304661718,55,35
38,8641,1662.26947572831,89,51
39,7775,1555.34725700956,70,31
10,6856,440.376480687432,61,51
90,3510,2903.24113780984,90,0
48,3648,1027.71221350343,64,16
90,6846,5662.56092007013,94,4
83,6545,4889.34115302289,88,5
28,8827,1141.91496707687,80,52
59,7802,3218.74000955575,83,24
97,1099,1012.40082777205,97,0
63,7837,3661.66879435639,67,4
10,2954,189.742141766434,85,75
78,6835,4659.5235625196,82,4
54,2797,976.414833575518,83,29
28,3745,484.476215215008,91,63
73,7164,4379.28297272772,80,7
87,5641,4480.61888844567,98,11
96,6172,5577.02689909531,98,2
27,8461,1051.77567720727,87,60
71,3336,1942.71725031398,81,10
43,5724,1336.50064347417,89,46
47,3426,930.131300985856,84,37
95,7921,7021.60504145659,95,0
19,4339,392.957540089283,83,64
86,5897,4616.80591899646,97,11
81,2584,1864.8224857299,94,13
71,4045,2355.60290093527,73,2
31,9465,1380.05568573819,82,51
94,4617,4028.04270260285,95,1
62,2483,1125.52073062009,70,8
97,5555,5117.27624956666,98,1
75,7945,5083.93132523871,77,2
86,9083,7111.1494255121,89,3
76,8933,5842.18621848421,78,2
56,8999,3363.27001530868,64,8
45,5756,1450.006732275,82,37
55,9223,3332.13399283452,80,25
85,1315,1014.18201732856,86,1
20,7218,679.83761132147,86,66
94,5711,4982.48903499347,94,0
50,8877,2690.12830726279,90,40
87,1308,1038.93804397925,89,2
85,1856,1431.42344042723,88,3
55,5350,1932.87616411848,90,35
69,2850,1576.84150443057,89,20
36,7881,1401.37305511866,84,48
73,1423,869.865950613001,76,3
4,6051,316.986594336634,72,68
31,4640,676.540769342336,64,33
18,5066,441.20640688055,87,69
58,9206,3676.75241755573,64,6
47,2791,757.733934924555,62,15
17,2839,237.82427318036,65,48
90,4560,3771.7320764709,93,3
36,5211,926.60258726346,89,53
40,6644,1381.87021091726,68,28
75,5997,3837.42431182587,92,17
29,8565,1153.11929294607,78,49
77,4903,3274.95677214459,85,8
36,8267,1470.01028380484,89,53
19,1765,159.845599967178,78,59
74,1475,922.826613433171,87,13
38,6365,1224.43527520087,65,27
0,7160,462.766359827422,89,89
0,5307,343.002942961471,78,78
42,2651,595.701254929822,88,46
33,4723,745.694142160808,54,21
76,9600,6278.40453346563,80,4
2,6473,320.937118054861,66,64
16,7440,599.610975664448,87,71
32,1359,206.202131030612,70,38
96,3333,3011.70295766116,96,0
20,2678,252.231244544042,64,44
94,6248,5450.98782886346,97,3
65,4715,2336.44452857449,81,16
42,1332,299.31123031555,79,37
10,2234,143.494903421196,86,76
36,4701,835.916093403478,86,50
94,5131,4476.47544012458,98,4
69,6061,3353.41626608901,82,13
89,3919,3199.28387248928,92,3
66,5322,2713.48214056798,89,23
68,8092,4359.60053966065,82,14
24,5668,625.250710749306,86,62
52,5743,1869.42298752894,85,33
13,1903,136.736636766618,91,78
59,1442,594.901703893794,75,16
2,7661,379.839218510472,83,81
80,7625,5403.07187424125,92,12
96,3946,3565.61052233151,98,2
16,2013,162.233453496308,65,49
40,6803,1414.94025359273,70,30
34,1462,240.183317929673,82,48
1,3672,177.845165108187,73,72
42,1202,270.099173302771,61,19
92,1985,1684.86375581535,97,5
20,6677,628.8827557209,79,59
98,8884,8330.0081045375,98,0
61,2382,1046.93844597675,71,10
21,2715,265.979566069147,88,67
46,6045,1581.09434750013,78,32
65,2295,1137.25136650657,90,25
97,4964,4572.84595910871,97,0
87,2046,1625.12785778405,90,3
26,1516,181.083780223407,58,32
68,7131,3841.85756899655,76,8
50,6047,1832.51164515243,60,10
49,9975,2915.07645129908,74,25
74,1340,838.364516610474,77,3
80,6263,4437.95923257351,81,1
72,9666,5769.13723659943,87,15
84,2088,1585.38602184572,84,0
72,2252,1344.10273710138,89,17
24,9453,1042.78316314629,61,37
73,3846,2351.02209842418,78,5
99,2780,2647.61904761905,99,0
50,9515,2883.47086218378,79,29
25,7991,917.234740965422,66,41
11,4718,314.457170021542,84,73
48,9691,2730.14228647525,93,45
39,6542,1308.69218718412,65,26
22,5507,561.235422657398,88,66
35,4812,822.481733342842,44,9
23,9630,1021.02402331625,44,21
79,6080,4227.25031858271,85,6
2,6745,334.423120852779,84,82
32,3777,573.087158868742,77,45
65,5149,2551.50644276353,76,11
49,6629,1937.24729781069,79,30
74,5087,3182.65693731155,84,10
68,5250,2828.46055773831,70,2
15,6736,522.389810373832,76,61
64,6170,2969.71816107574,83,19
27,3832,476.350832650782,54,27
14,3505,261.6160968564,84,70
57,9654,3730.72003320426,81,24
65,9003,4461.29588351138,72,7
63,5939,2774.8693338883,84,21
64,3944,1898.30930750125,86,22
49,3674,1073.6832964484,90,41
67,9836,5156.76651970011,67,0
31,1350,196.83837039055,83,52
94,5491,4790.55284383631,95,1
75,3332,2132.11569234681,80,5
19,2641,239.179733435307,65,46
14,6454,481.73189418294,66,52
80,8079,5724.7760881305,91,11
71,1284,747.736495624447,81,10
24,5075,559.835454667031,75,51
28,5831,754.333994904862,64,36
75,9010,5765.41488236636,83,8
45,6266,1578.48196393939,70,25
22,5494,559.910552402351,74,52
62,7601,3445.46237351725,70,8
96,8516,7695.06822305503,97,1
48,3118,878.400954414387,74,26
33,2365,373.399671016369,87,54
70,4874,2767.53595684294,70,0
0,9821,634.752572606859,82,82
69,1743,964.363067446485,74,5
53,2765,932.272415699036,72,19
6,8095,451.676903877818,46,40
24,3904,430.659628575387,74,50
36,8494,1510.37466440526,71,35
7,1692,97.6462889377593,82,75
19,3192,289.080541130443,87,68
15,3059,237.231358363057,74,59
8,3056,182.624269083624,66,58
19,3471,314.347919255566,76,57
18,7090,617.479949621614,48,30
84,7943,6030.99672965544,84,0
35,6202,1060.0647776792,63,28
20,1400,131.86099416044,80,60
65,6724,3331.97306683667,80,15
6,4286,239.146042003747,84,78
49,5473,1599.4198915248,82,33
76,9974,6523.00071008189,87,11
83,1769,1321.50412524026,83,0
37,4619,854.345357530542,91,54
33,2753,434.659321060492,82,49
18,8706,758.220090466258,29,11
89,6697,5467.11000103617,95,6
15,6566,509.205982024137,66,51
72,9751,5819.869355895,80,8
44,1312,318.238220103747,73,29
71,9061,5276.66696795414,85,14
56,2904,1085.33571779713,83,27
97,8096,7458.0501379823,99,2
88,4557,3670.34189156413,96,8
33,5112,807.111677900921,54,21
74,2121,1326.99338785882,87,13
9,7483,463.430705576736,39,30
53,4583,1545.24574363424,83,30
56,3352,1252.77042908264,92,36
44,9183,2227.42498110725,82,38
73,6526,3989.27982691528,88,15
70,1166,662.073640886104,76,6
27,8403,1044.56577420786,79,52
40,3429,713.189788265395,83,43
73,8855,5412.97469618983,77,4
19,9399,851.211781354959,84,65
98,1104,1035.15634257197,98,0
38,5899,1134.79083871326,52,14
30,2774,388.658816739727,82,52
72,3237,1931.99847246766,80,8
51,7113,2234.45416910117,72,21
91,9354,7837.61674817211,97,6
2,4127,204.620343922819,77,75
78,9632,6566.28104669916,78,0
12,2118,146.548323956545,12,0
10,9946,638.854211919078,60,50
59,8694,3586.73745745676,60,1
11,6335,422.231066571951,78,67
23,1514,160.522364621059,86,63
23,7030,745.35813955485,83,60
21,7878,771.781591710033,85,64
20,7486,705.079573060755,77,57
63,9212,4304.10781339939,65,2
38,2970,571.339005081945,60,22
5,8246,445.45972808005,85,80
94,4830,4213.87183313228,94,0
42,2415,542.670136045085,60,18
93,4534,3899.93912190153,97,4
42,4909,1103.09221442871,59,17
54,9014,3146.72982118331,82,28
16,3268,263.377509203147,70,54
28,1901,245.92504275667,58,30
58,7081,2828.05603614079,71,13
40,8174,1700.09137628502,81,41
44,6323,1533.70447082012,75,31
20,7490,705.456318758356,73,53
77,5916,3951.58969284263,89,12
98,2202,2064.68683545605,99,1
41,4583,990.881696490994,64,23
38,7555,1453.35561730441,81,43
43,4308,1005.87784278245,83,40
25,2320,266.297659747188,60,35
3,2614,133.057891922327,63,60
82,4108,3017.308710806,84,2
8,4824,288.278623710537,79,71
93,3154,2712.92633226233,99,6
90,6036,4992.58219596017,94,4
68,3769,2030.56530326013,69,1
4,3444,180.416762666562,87,83
97,1194,1099.91500305717,97,0
2,2605,129.158225325647,79,77
69,3983,2203.70516215683,74,5
85,6646,5125.66820316775,96,11
96,3127,2825.561100692,97,1
31,5924,863.755930513793,68,37
6,7441,415.185650618264,83,77
18,7134,621.311983159463,82,64
5,5486,296.360910532034,64,59
75,5965,3816.94781057884,85,10
49,4323,1263.3459146833,87,38
88,1299,1046.25282359925,94,6
20,1672,157.479701597326,74,54
78,3329,2269.4299838519,89,11
41,5665,1224.81885459775,59,18
70,9293,5276.71556153907,93,23
15,1127,87.4010267653369,62,47
58,1268,506.42212312195,86,28
39,5997,1199.66784569599,74,35
47,9372,2544.42222791578,80,33
44,2516,610.280001357491,86,42
56,5668,2118.34808831754,84,28
96,8912,8052.89431703457,99,3
94,7020,6124.50937237859,94,0
92,4749,4030.94104602876,92,0
22,5728,583.758216993204,76,54
30,4132,578.925101214331,89,59
71,1827,1063.95216316656,88,17
80,7765,5502.27581685027,90,10
86,6664,5217.29602241689,88,2
77,6061,4048.44238139269,82,5
5,4168,225.160823021786,73,68
10,1586,101.872388910482,65,55
25,6987,801.992133040345,84,59
19,9117,825.672710991931,55,36
56,9789,3658.52318922732,69,13
10,5389,346.14773255901,50,40
72,7852,4686.4541259858,81,9
92,6357,5395.80800791848,94,2
64,7682,3697.46757105087,75,11
90,4894,4047.99490838785,91,1
63,7105,3319.65762203676,80,17
23,9392,995.789992418087,68,45
66,4905,2500.86995480758,88,22
43,4392,1025.49105977263,79,36
15,6567,509.283533955605,68,53
53,3340,1126.14461787876,93,40
37,2647,489.597783369418,90,53
69,2744,1518.19406602017,71,2
78,4192,2857.75022298203,92,14
38,7109,1367.55858152443,59,21
72,2559,1527.33521502772,86,14
81,6719,4848.97147121486,82,1
96,5815,5254.44125376527,96,0
65,6996,3466.75841397819,83,18
86,5772,4518.94247319783,87,1
65,6926,3432.07100846383,68,3
73,7878,4815.74417352721,84,11
43,3179,742.266866807196,83,40
59,1904,785.501278927729,86,27
32,4903,743.936017986084,51,19
72,4688,2798.0255912661,74,2
44,7580,1838.60191187988,57,13
49,6150,1797.26518050018,54,5
67,4702,2465.13991212179,79,12
14,5367,400.597315785534,62,48
53,5824,1963.67253129518,68,15
21,9781,958.21220468594,67,46
96,5346,4830.65226872384,98,2
88,9252,7451.83304383395,93,5
97,9492,8744.04791375098,97,0
56,8931,3337.85581805998,79,23
64,9021,4341.94935673651,71,7
62,3107,1408.3741079487,84,22
45,3285,827.531639250063,74,29
28,6244,807.762213031377,66,38
43,6455,1507.18232942449,48,5
69,5559,3075.67085022089,73,4
7,2579,148.835566885627,79,72
72,2990,1784.57690227936,85,13
91,6633,5557.7198942298,91,0
2,6797,337.001327270028,59,57
72,3629,2165.96306968957,74,2
7,8323,480.325096234616,85,78
89,3109,2538.03867302097,94,5
15,8261,640.656505863751,90,75
64,5619,2704.51318429248,71,7
40,6312,1312.81829790935,92,52
11,6380,425.230340130868,79,68
38,8948,1721.32707659032,73,35
77,1587,1060.03597744105,97,20
6,3792,211.582312477416,68,62
97,9694,8930.1306864625,98,1
96,8344,7539.64880849826,96,0
42,3345,751.648697751888,65,23
5,9084,490.729586451513,85,80
60,7743,3298.02372582994,83,23
12,6621,458.119194011466,78,66
5,2079,112.310304957364,88,83
5,2595,140.185301281558,80,75
16,3286,264.828180918465,76,60
93,3633,3124.94019185449,95,2
93,6405,5509.28762147757,94,1
54,2806,979.556676086129,87,33
53,7663,2583.72640922304,63,10
20,6172,581.318611398741,73,53
2,4956,245.722903920885,58,56
60,5805,2472.55943800113,88,28
67,6357,3332.81463661383,92,25
25,6193,710.854054661351,83,58
76,3766,2462.96577844079,79,3
3,1048,53.3453216276201,87,84
13,6411,460.650855654644,85,72
56,4888,1826.83229634724,92,36
53,5764,1943.44238845904,68,15
10,4769,306.323721761721,61,51
43,3965,925.790540072517,83,40
51,5081,1596.12844555083,82,31
81,7091,5117.43662782923,89,8
23,2213,234.634077216911,70,47
48,6417,1807.79311240446,59,11
63,6456,3016.42640504847,80,17
81,4158,3000.74763764123,90,9
83,6498,4854.23052900576,83,0
23,4006,424.737511672366,23,0
47,3172,861.172354561336,56,9
17,6691,560.507999947091,74,57
25,3730,428.142358128022,82,57
28,2565,331.824163424965,89,61
23,7548,800.279265627313,73,50
97,7796,7181.68958445034,97,0
96,3180,2873.45196680542,96,0
94,8715,7603.29048152129,95,1
73,3581,2189.03019616666,93,20
54,8213,2867.10583773891,63,9
33,7588,1198.03666117218,73,40
91,4691,3930.53882463923,93,2
73,7429,4541.27487498523,87,14
99,2526,2405.71428571429,99,0
91,8142,6822.09488599714,96,5
4,2357,123.473376772673,39,35
19,5608,507.883356722908,82,63
78,6039,4116.87824346099,85,7
53,8468,2855.14749227466,87,34
77,5478,3659.02777846381,83,6
92,5153,4373.85538222493,93,1
86,2413,1889.15595769687,87,1
85,2429,1873.34457801602,85,0
59,7347,3031.02830687081,83,24
59,9238,3811.16639429325,84,25
39,5742,1148.65645655935,62,23
87,8620,6846.82411246262,95,8
33,5296,836.162645963082,59,26
48,1909,537.802252077314,81,33
40,3550,738.35629872912,64,24
12,4349,300.915326197835,86,74
47,1382,375.201826609006,81,34
63,5116,2390.34037921746,73,10
59,1316,542.920001611812,87,28
91,2474,2072.93819061127,93,2
44,3352,813.059842826037,79,35
39,4808,961.814741054917,87,48
27,5136,638.44934146514,64,37
64,5374,2586.59082619466,68,4
29,4681,630.210322274434,85,56
3,9553,486.267039607495,73,70
71,9056,5273.75522147585,96,25
89,6952,5675.27978605397,96,7
28,6225,805.304256265267,79,51
87,9551,7586.31288841421,95,8
88,5094,4102.85749300585,93,5
32,4728,717.383131355947,83,51
2,7824,387.920904010695,79,77
53,1483,500.021697100062,74,21
69,2950,1632.16927651585,87,18
80,5029,3563.547338434,90,10
76,4575,2992.05216047971,79,3
23,8801,933.129016532324,73,50
22,5436,553.999592802908,86,64
3,3056,155.556586730923,62,59
66,3703,1888.01660400662,87,21
54,7126,2487.64108117953,62,8
32,3380,512.850038913515,64,32
72,1929,1151.32068377822,79,7
86,9566,7489.29378007803,89,3
39,6373,1274.88463908964,76,37
95,1870,1657.66966639614,96,1
37,3444,637.013511871657,46,9
88,3542,2852.83102477949,95,7
26,4781,571.082818765242,86,60
52,7290,2372.99209108235,83,31
68,3004,1618.41819341826,74,6
23,7828,829.966360801617,79,56
93,1648,1417.53411400391,95,2
12,7950,550.075153661253,83,71
18,3568,310.743083251046,78,60
59,4627,1908.88362268834,91,32
82,2201,1616.62523672931,92,10
89,2251,1837.60857284342,94,5
27,2888,359.003445901738,75,48
39,1019,203.845511883311,78,39
8,4373,261.327201800617,81,73
20,6465,608.915233748034,73,53
96,6728,6079.42919266255,97,1
49,9163,2677.77899982491,87,38
38,6826,1313.11786151157,40,2
47,3127,848.955218383763,74,27
73,4325,2643.8301028821,90,17
31,6805,992.211192968663,82,51
72,2793,1666.99775520611,72,0
0,6961,449.904557368532,69,69
27,3075,382.24916764122,66,39
21,4136,405.190233982317,75,54
86,9102,7126.02466927349,87,1
93,3028,2604.5469036431,93,0
14,4700,350.811884515001,85,71
17,5068,424.548579245533,56,39
3,9698,493.647833153301,80,77
2,5316,263.572025271071,84,82
78,2893,1972.20214577457,78,0
83,7072,5283.02836274681,94,11
23,9145,969.601733460755,68,45
24,2695,297.291931099044,87,63
39,4346,869.394106619107,79,40
49,4326,1264.2226294055,52,3
33,3452,545.021422557508,61,28
56,1219,455.586859502309,73,17
50,5488,1663.10962602886,76,26
88,7671,6178.44912227089,91,3
86,5725,4482.14581757754,87,1
75,8888,5687.34822136207,82,7
38,6325,1216.74047378562,64,26
52,9077,2954.68439105,78,26
1,7419,359.322788654041,46,45
31,5177,754.838698897688,61,30
80,4657,3299.94829093004,91,11
17,1936,162.179567762303,90,73
6,4114,229.54895399053,79,73
19,3188,288.718284813237,77,58
85,8049,6207.71943534415,87,2
63,2275,1062.94455878024,81,18
92,1050,891.237754965298,94,2
83,1173,876.271531320985,83,0
21,6834,669.504366304439,83,62
31,1771,258.222780712344,78,47
4,6092,319.134412939807,71,67
91,8348,6994.70008699388,93,2
48,7832,2206.42600223652,86,38
19,9764,884.267670300013,84,65
27,6389,794.208107986913,82,55
56,3641,1360.78076738959,74,18
71,7629,4442.74277657236,80,9
46,8525,2229.74843878224,88,42
64,3628,1746.21353134243,67,3
78,2284,1557.03757378124,87,9
2,2181,108.13592684654,57,55
32,3466,525.898886057469,50,18
95,4122,3653.96490100796,95,0
28,4545,587.969131682833,80,52
48,1988,560.058081262284,79,31
85,3782,2916.8337563016,89,4
24,6607,728.834058913315,84,60
82,2319,1703.29574010689,89,7
54,7008,2446.44803492929,68,14
99,1011,962.857142857143,99,0
3,7753,394.64339559059,69,66
88,9976,8034.96394782615,90,2
13,5859,420.987890076518,68,55
7,2832,163.436341768165,90,83
73,2706,1654.15127361826,79,6
19,7856,711.471406992718,73,54
73,9126,5578.63433963053,85,12
89,2696,2200.88525650194,89,0
74,4668,2920.51161458037,91,17
48,5945,1674.82157600819,82,34
44,9959,2415.6512454369,65,21
64,3291,1584.01012448951,77,13
37,2741,506.984331022129,92,55
64,1492,718.123095028364,76,12
18,1075,93.6235466633618,76,58
34,1626,267.125906261045,67,33
67,8406,4407.05361575835,75,8
99,9533,9079.04761904762,99,0
92,5668,4810.98628108887,96,4
14,3193,238.328158990723,78,64
57,7934,3066.03819592321,69,12
21,1992,195.149648475043,80,59
91,6182,5179.83180855249,91,0
71,3322,1934.56436017478,83,12
77,5316,3550.81994711822,77,0
43,4432,1034.83068691082,58,15
15,6065,470.352464358268,72,57
86,3876,3034.54972732411,98,12
59,5808,2396.10894328374,59,0
69,6366,3522.16597094913,79,10
36,2688,477.971167638492,74,38
88,6253,5036.35019704861,90,2
50,4888,1481.28277187119,81,31
24,1909,210.586380878692,81,57
18,5674,494.158143039921,75,57
87,2972,2360.64515803236,87,0
67,5570,2920.21040206686,72,5
23,6029,639.226774306713,75,52
12,8192,566.819579722388,76,64
70,6582,3737.36595567096,76,6
19,2861,259.10383088164,64,45
27,6296,782.647401453373,87,60
2,1973,97.8231011775437,82,80
12,7401,512.088831729174,64,52
37,5840,1080.18551374288,42,5
38,8459,1627.25812928895,85,47
46,8662,2265.5813462442,82,36
72,4842,2889.94025446042,72,0
33,1506,237.775858160952,65,32
18,7597,661.635426978195,79,61
32,9045,1372.40491182626,75,43
38,3960,761.78534010926,90,52
79,1440,1001.19086492748,96,17
56,7560,2825.46075294295,57,1
39,4773,954.813177840083,82,43
60,1008,429.343654350584,70,10
28,4006,518.240779212636,91,63
28,3683,476.455514188751,75,47
30,4951,693.673324325303,81,51
24,3367,371.421867165299,67,43
58,4555,1819.2056552212,74,16
6,8911,497.207274917262,58,52
0,7952,513.955040970344,76,76
0,8631,557.840286546157,86,86
99,5596,5329.52380952381,99,0
30,2892,405.191527761821,57,27
91,2039,1708.45633413758,94,3
75,4673,2990.20907273008,86,11
83,3352,2504.05982351913,91,8
55,1505,543.734322803421,86,31
15,4699,364.416525971888,85,70
59,2626,1083.36468406734,78,19
34,4900,804.991968437344,72,38
70,8904,5055.83507585752,84,14
73,2093,1279.43038273578,83,10
29,3121,420.185092035571,83,54
79,1416,984.504350512025,94,15
58,5349,2136.31856197106,84,26
11,5108,340.45087419882,79,68
73,5852,3577.27023400371,75,2
67,7149,3748.0402449508,78,11
86,2447,1915.7748149541,95,9
80,1177,834.02171750583,86,6
17,8428,706.017250568538,83,66
79,6970,4846.04189482261,88,9
95,3137,2780.80734945705,97,2
61,7863,3455.9517215429,89,28
7,5977,344.936092778361,74,67
8,3639,217.463912040349,67,59
59,3882,1601.5314941163,70,11
8,8189,489.368501153728,51,43
87,3817,3031.82455188745,97,10
85,1168,900.809578889547,86,1
96,2755,2489.42143665061,99,3
98,8136,7628.65217678041,99,1
35,1995,340.99149169139,75,40
58,6540,2611.98792209586,63,5
84,8658,6573.88514230855,96,12
8,2159,129.020221515557,49,41
18,8133,708.316562802904,41,23
59,6229,2569.7938374164,78,19
32,5927,899.308337467575,55,23
73,5828,3562.59926927096,73,0
46,3919,1025.03039666717,81,35
94,6655,5806.06978250421,97,3
83,4598,3434.86487724969,93,10
66,6569,3349.27925242222,76,10
34,5102,838.177351625985,90,56
86,5736,4490.75780080782,87,1
37,2862,529.364887043172,74,37
91,8920,7473.97278102365,97,6
47,8374,2273.47329668872,83,36
4,1546,80.9884770855125,84,80
88,5505,4433.88898684673,93,5
80,7665,5431.41585784383,94,14
25,4815,552.682427449444,61,36
99,6067,5778.09523809524,99,0
16,5853,471.710086097314,81,65
69,6525,3610.13712856473,77,8
16,1412,113.797136779328,86,70
90,4441,3673.30310342265,92,2
96,6437,5816.48122966243,98,2
4,5064,265.281790401704,75,71
60,5062,2156.08886738359,91,31
73,1945,1188.95943355045,79,6
2,3420,169.566652826761,88,86
36,1982,352.432609471537,83,47
28,1112,143.855153890277,74,46
89,8724,7121.85570390317,96,7
68,3130,1686.30124680398,90,22
86,6424,5029.39820648351,93,7
7,9911,571.969485615918,77,70
52,1670,543.60724171571,79,27
5,1779,96.1039117456233,67,62
79,3339,2321.5113180506,86,7
0,5925,382.945625974508,75,75
66,6110,3115.25288967876,70,4
52,7038,2290.96273484741,56,4
52,5972,1943.96553744085,85,33
84,3265,2479.06387036699,88,4
90,5271,4359.82451207854,91,1
53,2609,879.674044325058,59,6
45,5867,1477.96898857842,90,45
19,9122,826.125531388439,83,64
3,4689,238.679592664037,66,63
60,4011,1708.4299579367,73,13
87,1133,899.936394364287,90,3
50,5443,1649.47261196703,73,23
19,9730,881.188491603761,44,25
58,4027,1608.32956609786,78,20
94,9487,8276.81202503643,99,5
88,3587,2889.07534892265,89,1
63,5715,2670.21017733147,65,2
65,8736,4328.98820819232,80,15
86,2365,1851.5763945102,87,1
28,3604,466.235588687554,34,6
96,8808,7958.91978730257,96,0
11,7489,499.145770727284,86,75
12,6430,444.903551954951,80,68
82,7558,5551.31919091329,84,2
97,8123,7482.92258780017,97,0
45,1777,447.648013073778,85,40
47,2037,553.02903097145,81,34
36,6124,1088.94919293829,51,15
5,4869,263.029761826554,73,68
97,3416,3146.82550288383,99,2
36,2219,394.575156618234,67,31
12,3222,222.93611888007,80,68
34,7420,1218.98783791941,92,58
22,5539,564.496641746745,90,68
63,7881,3682.22684296576,81,18
39,4386,877.395893150346,54,15
94,7087,6182.96266695828,94,0
91,6111,5120.34166646138,98,7
24,6871,757.956533796486,60,36
7,8467,488.635418697404,62,55
50,2630,797.007710724472,81,31
22,5739,584.879261055167,85,63
61,6699,2944.34955902529,72,11
68,8649,4659.68673597688,90,22
41,7168,1549.77962043366,74,33
57,3274,1265.21414840592,87,30
92,2481,2105.86749530372,94,2
72,2034,1213.98977231981,86,14
77,3381,2258.33751715702,81,4
74,4608,2882.97290488139,86,12
92,2072,1758.70916979819,95,3
6,6901,385.055258018632,79,73
80,9519,6745.15949782328,89,9
72,9529,5687.36899726423,74,2
91,5620,4708.93800777499,92,1
94,2037,1777.15464266883,96,2
68,8325,4485.13031298503,77,9
69,5267,2914.11375573186,91,22
64,7494,3606.98021055132,84,20
62,6398,2900.15369895585,62,0
61,3625,1593.26274839031,79,18
86,7245,5672.16531848895,94,8
94,1343,1171.68320329123,96,2
50,5075,1537.95214141699,69,19
60,3124,1330.62457955479,84,24
72,1827,1090.44214062354,82,10
83,5494,4104.20783723571,95,12
43,4648,1085.26467345701,72,29
67,7475,3918.9538160592,75,8
1,8962,434.054566911648,39,38
30,3364,471.322371850196,49,19
52,8121,2643.49365866664,77,25
68,1073,578.083462562516,74,6
18,6545,570.014988755072,65,47
86,5511,4314.60359837027,87,1
59,7488,3089.1983070435,73,14
28,7064,913.842452410898,64,36
22,7110,724.6021164144,56,34
5,9906,535.135103851683,60,55
40,5881,1223.17560361295,64,24
5,1032,55.7499926483885,81,76
40,7046,1465.48126220997,91,51
67,2898,1519.34824868757,80,13
51,7153,2247.01963610019,92,41
4,4779,250.35183181867,71,67
96,2148,1940.9354794648,98,2
51,3298,1036.0227540694,71,20
10,1051,67.5081215289514,83,73
99,7414,7060.95238095238,99,0
53,5191,1750.24452437385,70,17
55,9905,3578.53054310159,64,9
78,9522,6491.29237195488,93,15
50,1879,569.421098270449,61,11
48,8055,2269.24941879663,62,14
10,4678,300.478584693087,84,74
87,7182,5704.62770019798,88,1
37,3175,587.25839146124,88,51
39,8338,1667.97240243675,67,28
97,5185,4776.43156687725,97,0
59,5992,2472.01873074315,79,20
90,4391,3631.94639205784,91,1
47,7418,2013.92702589407,70,23
83,5779,4317.11268499913,89,6
70,1414,802.892048210078,79,9
21,5796,567.814941044853,68,47
7,3636,209.835642185398,77,70
56,6577,2458.0761074214,79,23
26,8249,985.32988328686,91,65
0,8160,527.398532987677,48,48
45,6744,1698.89600459739,77,32
8,7910,472.695670304798,88,80
29,1150,154.826291522239,89,60
92,3867,3282.30133185791,96,4
69,9845,5447.01916179613,91,22
55,1014,366.343258021707,89,34
87,4094,3251.84430584942,87,0
24,4714,520.012676512391,79,55
51,5206,1635.39552992277,62,11
94,3746,3268.14987306698,95,1
89,6403,5227.10248419211,92,3
92,2072,1758.70916979819,95,3
17,6999,586.309294818367,68,51
1,4540,219.884817426789,38,37
68,3232,1741.2541947829,82,14
76,4061,2655.89591775041,87,11
3,1373,69.8884795751168,90,87
1,5559,269.237819399894,30,29
17,6899,577.932251028992,27,10
50,2231,676.092852709618,79,29
30,8719,1221.59921526809,53,23
16,1674,134.912469524501,56,40
55,4358,1574.48118191183,85,30
70,2686,1525.15420190401,89,19
18,7090,617.479949621614,80,62
43,2701,630.658322505894,67,24
62,1078,488.647340961926,94,32
13,1863,133.862508826174,20,7
67,6129,3213.27999178955,78,11
64,6384,3072.71973100608,91,27
47,1238,336.106990840774,60,13
0,1552,100.309132744715,83,83
17,1332,111.582223274477,44,27
73,3703,2263.60760022484,76,3
56,1891,706.738926430571,84,28
90,2815,2328.38284983895,96,6
64,4770,2295.87611480248,80,16
40,3168,658.905001232071,60,20
26,1180,140.949116532731,78,52
23,3533,374.587525895773,87,64
71,3046,1773.83595457326,73,2
35,1242,212.286432421407,80,45
80,8170,5789.25865082637,85,5
75,4360,2789.92329490758,88,13
83,9479,7081.14053315569,90,7
14,1460,108.975606679128,68,54
66,1879,958.029489313647,88,22
75,9369,5995.13563073146,76,1
15,5485,425.372344106364,61,46
10,4020,258.213747427578,80,70
95,9615,8523.25873925074,96,1
75,3432,2196.10475874377,81,6
41,2542,549.600975884815,69,28
49,4315,1261.00800875745,85,36
67,5846,3064.9102352752,77,10
8,7101,424.350436767935,72,64
56,3950,1476.26586959321,86,30
68,4568,2461.0300624283,90,22
24,7416,818.076794445458,84,60
66,7452,3799.48683042326,82,16
84,9481,7198.77628022954,84,0
8,5878,351.264873584273,82,74
49,4336,1267.14501181281,93,44
57,5355,2069.40188293027,72,15
10,3843,246.844634667707,44,34
64,2018,971.295178128177,88,24
47,1137,308.68630742,61,14
79,6742,4687.52000787576,87,8
66,8332,4248.16482435408,77,11
90,8922,7379.69157593715,93,3
44,5018,1217.16416804924,74,30
14,3251,242.657326927291,85,71
33,9070,1432.02326262937,61,28
17,9756,817.26439209144,76,59
78,8528,5813.66743835657,87,9
12,2019,139.69833147699,86,74
46,2213,578.819154841654,76,30
2,8555,424.164536530099,86,84
90,2155,1782.47425982342,94,4
51,9935,3120.94786588221,67,16
87,5525,4388.48065212946,87,0
98,2552,2392.86140058304,99,1
45,9835,2477.55667337119,81,36
39,8771,1754.59174163741,88,49
76,9507,6217.58248954768,83,7
78,9661,6586.05078822266,91,13
38,8113,1560.69809704708,72,34
8,9332,557.673324309023,59,51
93,2677,2302.63278106096,96,3
96,9763,8821.85897859162,98,2
60,5329,2269.81382344669,91,31
81,2925,2110.91554595974,85,4
12,1309,90.5721227852302,81,69
86,7267,5689.38928494951,92,6
9,4025,249.272830408441,74,65
89,7687,6275.2985781641,93,4
24,3311,365.244372493111,80,56
14,1176,87.7776119552428,74,60
95,4525,4011.20601093183,96,1
44,5433,1317.82640992657,83,39
52,3172,1032.52824594146,93,41
33,1764,278.510367726374,85,52
62,9732,4411.42478872121,72,10
66,7224,3683.23844108664,66,0
50,9715,2944.07981356967,65,15
2,2470,122.464804819327,88,86
3,7658,389.807703267476,13,10
15,9830,762.335486338298,87,72
84,9386,7126.64425337353,89,5
93,3643,3133.5417338084,93,0
39,9866,1973.64064793008,92,53
35,2104,359.622104520644,76,41
17,7372,617.555668152736,87,70
31,2896,422.254756037803,85,54
28,5618,726.779005895304,85,57
19,4824,436.881118550519,65,46
51,6140,1928.79918434995,82,31
81,2902,2094.31689380347,88,7
60,7512,3199.63247170793,81,21
79,7103,4938.51299554161,80,1
56,4935,1844.39799150442,79,23
13,2978,213.978825166047,59,46
10,1274,81.8319189608792,79,69
9,7241,448.443370183235,86,77
13,6362,457.1300489276,74,61
28,8980,1161.70798735134,71,43
53,6725,2267.46184288464,86,33
15,3408,264.296982445668,82,67
91,1931,1617.96428701308,96,5
89,5634,4599.32772074627,91,2
58,3244,1295.60991120474,78,20
53,6028,2032.45501693808,81,28
9,4002,247.848414234678,64,55
57,3879,1499.01212024025,83,26
83,5613,4193.10494910886,84,1
54,1781,621.735723488737,71,17
62,1336,605.596333511255,62,0
28,2589,334.928950919,91,63
45,9291,2340.51642626251,61,16
43,5216,1217.88737881923,60,17
15,6245,484.311812022652,87,72
11,9000,599.854711783356,71,60
6,5750,320.832884162749,83,77
96,8780,7933.61895237473,97,1
99,4885,4652.38095238095,99,0
79,8317,5782.57251639019,79,0
79,8968,6235.19421990949,80,1
96,6740,6090.27240763162,98,2
90,6154,5090.18403478113,94,4
22,7282,742.131169019643,74,52
40,4647,966.518794420908,92,52
28,4589,593.661242088564,42,14
35,1765,301.67918939113,82,47
0,5104,329.882611809939,71,71
63,2948,1377.3892568282,87,24
76,2118,1385.17300019585,80,4
3,7796,396.832182642105,56,53
39,6680,1336.2983507169,78,39
84,6331,4807.03012658298,92,8
94,3916,3416.46420259752,96,2
44,2399,581.900525936653,46,2
78,6006,4094.38164103771,80,2
8,6302,376.602795734619,63,55
80,3089,2188.86413370901,86,6
18,9437,821.884102197344,46,28
32,9768,1482.10626630391,89,57
97,5629,5185.44518610454,97,0
78,4609,3142.02547178535,78,0
58,3169,1265.65592127244,74,16
27,1500,186.463008605473,80,53
67,3032,1589.60106625973,73,6
5,2737,147.856327401782,84,79
50,9405,2850.13593892154,68,18
53,1732,583.976789870065,82,29
44,7462,1809.97987684006,53,9
36,5664,1007.15353180968,59,23
44,6985,1694.27893858588,79,35
38,6676,1284.2623562044,89,51
95,1172,1038.92451819052,97,2
39,3481,696.355472881066,60,21
99,4266,4062.85714285714,99,0
57,4238,1637.74513162623,83,26
53,6925,2334.89565233845,88,35
11,3929,261.869906955201,83,72
57,2743,1060.01295329183,57,0
75,2477,1585.00917465277,90,15
87,6474,5142.26674061288,90,3
94,1347,1175.17295222136,95,1
38,8441,1623.79546865209,67,29
1,2294,111.104795413448,90,89
70,9679,5495.89259874494,70,0
51,2001,628.587486626099,60,9
22,8044,819.78894858473,75,53
74,3464,2167.23483995424,78,4
50,5782,1752.20478456612,84,34
91,5077,4253.9641041768,93,2
74,9098,5692.11968068813,84,10
48,3865,1088.8453139229,91,43
5,5562,300.466530145675,73,68
3,6756,343.894077210116,82,79
47,3565,967.868677178803,83,36
6,8225,458.930516911063,65,59
67,1926,1009.75318391037,85,18
96,2491,2250.87070733092,98,2
46,8453,2210.91654580954,66,20
14,2906,216.90624178736,89,75
12,1512,104.61806696048,90,78
89,5444,4444.22082210555,96,7
43,2307,538.662995194779,69,26
13,9959,715.586003972017,76,63
11,5741,382.64065559425,72,61
85,6570,5067.0538812537,91,6
10,2109,135.465868986259,83,73
92,8174,6938.07372293938,92,0
75,2878,1841.60533090459,94,19
64,3331,1603.26275438303,74,10
76,3146,2057.48548565447,90,14
93,5082,4371.30362097565,99,6
25,5796,665.285015471854,67,42
67,3710,1945.05935218457,68,1
58,9200,3674.35609836115,84,26
45,6269,1579.23770059624,67,22
86,7581,5935.22226079569,86,0
58,5063,2022.09401369592,70,12
76,8109,5303.28982936175,85,9
83,9191,6865.99458173161,91,8
53,3138,1058.03647033041,59,6
54,6514,2273.99579045796,63,9
32,3330,505.263499876333,84,52
78,6747,4599.53262272418,79,1
23,1838,194.874574751325,78,55
36,4965,882.859690225116,72,36
94,7042,6143.70299149431,96,2
71,1668,971.358625156992,87,16
17,5821,487.627718979527,69,52
21,7208,706.14390873901,79,58
79,1328,923.320464322012,79,0
81,6170,4452.76886105011,85,4
98,3574,3351.13113075383,98,0
63,6838,3194.90764524805,77,14
95,1258,1115.1595937574,96,1
60,5661,2411.22463023676,71,11
6,6311,352.135014252367,85,79
35,3322,567.806383658546,88,53
60,9964,4244.02794836232,75,15
0,2469,159.576835532668,82,82
18,4746,413.337072059828,84,66
55,3746,1353.37460014725,73,18
8,8635,516.021126811875,89,81
14,2348,175.256660604515,89,75
14,8681,647.957014781856,61,47
66,2484,1266.49561014109,78,12
30,4057,568.417022174864,84,54
69,6841,3784.97288835422,87,18
96,4237,3828.55848533163,97,1
6,6000,334.782139995912,84,78
44,4734,1148.27723625849,84,40
47,5050,1371.0341710387,89,42
13,1965,141.191535074306,42,29
17,3403,285.070800152436,79,62
8,8113,484.826798126779,10,2
1,9760,472.703924688427,82,81
97,9145,8424.39087349902,97,0
91,2839,2378.76779431907,97,6
36,8807,1566.03127730364,76,40
83,7279,5437.66451533287,87,4
22,4553,464.010328556225,48,26
95,4505,3993.4769235907,97,2
75,5254,3361.98554849643,88,13
19,5720,518.026533604678,59,40
14,2036,151.968722738839,84,70
21,1140,111.682027741741,79,58
53,3577,1206.05368208154,88,35
13,5976,429.394714302317,84,71
42,3257,731.874382235546,81,39
20,3925,369.681715771235,85,65
43,8635,2016.19200845553,87,44
4,1324,69.3588251366226,88,84
10,6254,401.708650848775,78,68
12,5000,345.959216139153,47,35
95,1018,902.41054566378,97,2
15,9228,715.64922359408,58,43
6,4076,227.42866710389,74,68
33,8047,1270.50619563159,87,54
5,7400,399.757699222941,59,54
47,3913,1062.3478636187,84,37
5,8773,473.928958822008,77,72
85,1443,1112.90087528905,85,0
31,4510,657.585963304728,83,52
31,6516,950.073201085057,83,52
48,5753,1620.73145950801,90,42
59,4391,1811.5210692078,76,17
36,3804,676.414554202687,78,42
56,5797,2166.56031545109,74,18
85,2049,1580.27296844579,98,13
32,3627,550.327541757195,84,52
19,5037,456.171267441742,77,58
43,9803,2288.90912089051,75,32
8,1488,88.9217645276282,65,57
71,9694,5645.29407210544,81,10
63,8023,3748.57327256875,95,32
71,8069,4698.97646666173,78,7
82,5778,4243.9166823362,92,10
11,5495,366.244626805505,80,69
10,7364,473.006476631016,22,12
80,4261,3019.34285326452,81,1
57,1337,516.674195607427,75,18
16,1637,131.930533220793,63,47
87,4278,3397.99461173029,88,1
61,8381,3683.6234742784,91,30
71,2048,1192.65135750691,77,6
71,7994,4655.30026948741,87,16
84,3074,2334.04053216176,92,8
20,9793,922.36765415228,70,50
67,9766,5120.06728664003,75,8
34,1412,231.969114170108,84,50
23,2781,294.856470284785,80,57
23,1602,169.852594532983,71,48
81,6762,4880.00373394179,81,0
96,4574,4133.07210571321,98,2
12,6754,467.321709160768,90,78
50,2125,643.970108475096,61,11
88,4351,3504.42342993099,90,2
79,2113,1469.10853999429,91,12
74,3645,2280.47661421282,88,14
16,6016,484.846724408242,77,61
5,6099,329.475973994692,84,79
31,3355,489.17980197059,64,33
91,7695,6447.55835762073,96,5
98,4871,4567.25230495297,98,0
10,5060,325.015313926255,87,77
27,8018,996.706935332456,71,44
58,7660,3059.30083841809,82,24
14,5227,390.147600076577,79,65
80,4070,2884.00033156222,83,3
86,7881,6170.09453071241,87,1
25,5978,686.175607745125,69,44
48,7288,2053.17067215268,84,36
37,3201,592.067436556671,74,37
83,7174,5359.2258872095,96,13
45,5687,1432.62478916746,67,22
90,3785,3130.70305031631,95,5
53,6814,2297.46988809158,80,27
72,3176,1895.59071626731,87,15
56,4424,1653.41777394439,85,29
64,5469,2632.31582219177,76,12
3,6834,347.864435117515,80,77
60,2285,973.264137094331,77,17
77,6637,4433.18133728812,77,0
7,1759,101.512897305862,80,73
51,5232,1643.56308347214,72,21
79,2643,1837.60240000232,86,7
67,7868,4124.99379595369,72,5
34,2826,464.266796490599,64,30
38,2384,458.610164348605,72,34
71,1601,932.341222347928,81,10
65,2986,1479.66561236976,76,11
85,1314,1013.41077625074,85,0
6,2766,154.334566538115,51,45
36,1656,294.464380062999,41,5
66,3476,1772.27807602674,79,13
45,2235,563.023809352782,89,44
43,7535,1759.35226215546,91,48
64,2175,1046.86175046025,90,26
28,2299,297.412768699413,84,56
88,2415,1945.11206234965,89,1
17,3693,309.364227141624,85,68
4,3823,200.270988291018,90,86
63,6040,2822.05940001436,79,16
58,6419,2563.66215167176,70,12
79,5037,3502.08221294426,80,1
10,7652,491.505371969111,85,75
84,8829,6703.72279064936,93,9
12,7184,497.074201748735,67,55
99,9866,9396.19047619048,99,0
9,5598,346.690510466199,81,72
8,4763,284.633309438907,73,65
25,2771,318.065006534249,67,42
72,3204,1912.30247321173,92,20
72,3889,2321.14366988777,94,22
32,2075,314.84137004306,82,50
62,2335,1058.43371163831,77,15
98,4501,4220.32490753302,98,0
60,8614,3669.01412557136,93,33
87,5075,4031.04783883385,89,2
47,2795,758.819902584784,64,17
46,7852,2053.72255030125,78,32
35,5316,908.626952296457,77,42
29,6003,808.193241746086,82,53
20,4196,395.20623678372,78,58
32,1462,221.830401447207,81,49
57,4397,1699.18955728187,62,5
9,7700,476.869762520496,56,47
82,1593,1170.05179559736,84,2
7,1097,63.3084982061005,83,76
61,7777,3418.15293633971,63,2
52,5695,1853.79834824609,78,26
3,4232,215.417367488634,71,68
18,1695,147.62038287851,74,56
53,2033,685.464673098062,61,8
78,5123,3492.42709740862,80,2
34,3292,540.823175529742,90,56
36,4822,857.431908613395,65,29
33,3072,485.024858081305,64,31
68,6092,3282.09175576034,84,16
63,6414,2996.80281319406,73,10
95,2783,2467.00250351896,95,0
25,4076,467.857440142042,85,60
50,3029,917.922568739325,61,11
9,3677,227.720794388034,76,67
5,7098,383.443263389789,84,79
83,8430,6297.50128647562,87,4
23,4321,458.135493743458,55,32
40,8019,1667.85328436868,73,33
48,8624,2429.54773279977,85,37
64,9389,4519.07355175691,87,23
49,6959,2033.68591725216,54,5
62,4527,2052.04685763881,88,26
32,6396,970.470073636344,88,56
62,2823,1279.63955801068,75,13
73,2974,1817.97704646737,82,9
4,4889,256.114271973526,78,74
93,6111,5256.4022880327,93,0
4,4613,241.655785766798,68,64
23,9318,987.944117264878,71,48
75,8677,5552.33129126448,86,11
65,7916,3922.6500293098,92,27
24,6349,700.373458459306,71,47
90,8971,7420.22115307466,94,4
63,7254,3389.27465028215,80,17
3,2648,134.788560753758,47,44
43,9784,2284.47279799988,83,40
84,9809,7447.82159400607,85,1
48,4424,1246.32643435832,65,17
98,4688,4395.66388947229,99,1
74,4211,2634.5917757065,77,3
11,5378,358.446515552321,78,67
32,8180,1241.157786483,72,40
48,3838,1081.23889129006,62,14
61,4167,1831.48299932205,79,18
51,8810,2767.5441065347,86,35
97,9436,8692.46061042502,98,1
14,9097,679.007598602759,77,63
45,6575,1656.32283959487,82,37
3,8830,449.464875927372,80,77
64,5763,2773.82265190916,74,10
0,5891,380.748132087059,77,77
94,3834,3344.92434952985,94,0
53,9005,3036.20727065816,60,7
65,9344,4630.27310180277,74,9
96,6172,5577.02689909531,97,1
57,5221,2017.61853049093,89,32
1,8878,429.986213461461,76,75
67,6065,3179.72640727747,79,12
44,9221,2236.64224662855,79,35
22,3980,405.614124237597,67,45
24,4709,519.461114488088,73,49
79,9136,6351.9998208177,90,11
56,8776,3279.92639786076,89,33
58,2353,939.756510809107,62,4
74,4076,2550.1296788838,76,2
13,5258,377.804117771349,65,52
44,3570,865.937839764007,59,15
91,8870,7432.0783147623,94,3
42,6458,1451.16510914251,66,24
90,1172,969.401314391206,90,0
34,2906,477.409522505902,68,34
44,3146,763.092561315845,77,33
82,4942,3629.87820077976,82,0
1,7928,383.975073251009,59,58
67,7794,4086.1974638616,70,3
63,9343,4365.31473085003,72,9
74,6469,4047.29855071131,75,1
55,1014,366.343258021707,94,39
64,3490,1679.79195820978,74,10
97,1278,1177.29595804612,97,0
96,4105,3709.28312067178,98,2
89,1237,1009.82754536087,98,9
47,5944,1613.7479430998,52,5
33,2249,355.084930281528,66,33
68,4236,2282.16360430085,77,9
96,3805,3438.20274644486,98,2
90,1408,1164.60499203312,94,4
16,9197,741.212653654023,78,62
21,9404,921.278762178364,55,34
59,5888,2429.11319870087,70,11
36,1713,304.599929376762,65,29
64,8909,4288.04199303465,89,25
40,8606,1789.94205827121,84,44
13,4927,354.020709064176,84,71
94,9473,8264.59790378097,94,0
86,8254,6462.11905297554,94,8
35,8167,1395.92857776621,90,55
64,1948,937.603075814513,82,18
24,1946,214.66793985853,85,61
68,8382,4515.83931332619,91,23
41,5320,1150.2270620406,58,17
34,5233,859.698565476045,82,48
64,6121,2946.13368945618,76,12
74,7697,4815.59080921703,82,8
45,4561,1148.97163063,81,36
53,9240,3115.4419967664,75,22
46,7276,1903.0674065196,69,23
29,1951,262.666169356424,83,54
76,4400,2877.60207783841,85,9
48,4596,1294.78216372307,76,28
53,3639,1226.95816301222,55,2
83,8047,6011.38705246374,85,2
75,7537,4822.8559343391,80,5
52,1943,632.472377636901,65,13
33,6354,1003.20571232051,52,19
78,2810,1915.61978210389,90,12
68,1418,763.953727785319,87,19
89,7447,6079.37407461794,92,3
6,1462,81.5752481123372,89,83
39,3461,692.354579615446,80,41
52,1123,365.551456554936,84,32
70,7590,4309.72464350388,93,23
40,1678,349.003343455624,83,43
40,1447,300.958187115785,80,40
58,3241,1294.41175160744,82,24
19,4696,425.288916399924,89,70
36,4644,825.780544089715,89,53
40,1541,320.509029955373,85,45
86,9337,7310.00794737493,89,3
41,6096,1318.00454327059,81,40
51,1193,374.765053245845,73,22
34,1348,221.454933357865,54,20
33,7201,1136.93489682405,60,27
6,2928,163.373684318005,70,64
20,6583,620.029231827271,22,2
65,8703,4312.63557416412,77,12
11,9841,655.907802073334,76,65
89,2764,2256.39719917336,89,0
6,9836,548.819521499965,67,61
79,5510,3830.94560121558,88,9
16,3677,296.339994290077,39,23
68,4814,2593.56364284804,76,8
95,4161,3688.53662132317,96,1
51,2352,738.849459542521,62,11
28,6341,820.310729153101,48,20
33,5687,897.895953095176,86,53
99,7382,7030.47619047619,99,0
23,3314,351.367976455871,81,58
21,3889,380.99246130494,67,46
74,1735,1085.49435546207,76,2
57,3573,1380.7605840728,78,21
18,9295,809.517084870649,80,62
97,2766,2548.0443035646,97,0
47,6470,1756.55269041987,89,42
58,4754,1898.68357517488,76,18
51,4209,1322.20126497214,80,29
93,1506,1295.39221825843,99,6
96,3271,2955.67968032093,96,0
17,7245,606.91682254023,84,67
62,7048,3194.79263367315,86,24
67,4223,2214.0123030392,92,25
32,1312,199.07078433566,78,46
67,3022,1584.35831867972,70,3
57,1234,476.870573956294,75,18
7,1372,79.1789056871193,86,79
84,5734,4353.73728412996,91,7
36,2635,468.546884943239,63,27
36,3451,613.645275119209,65,29
25,4744,544.532800793388,80,55
56,6418,2398.65173444284,77,21
14,4087,305.057057875066,85,71
21,8714,853.68174538731,77,56
6,4450,248.296753830301,80,74
25,4932,566.112093910832,74,49
10,9839,631.981358442772,70,60
78,3450,2351.91752607061,91,13
82,4423,3248.67488507667,82,0
15,2455,190.389991755902,65,50
91,4234,3547.62340301055,93,2
26,9617,1148.73529974175,77,51
6,2333,130.174455435077,42,36
49,6332,1850.45254031336,92,43
16,8841,712.521590839971,90,74
67,3854,2020.55491733675,72,5
93,7852,6753.93074220794,95,2
92,7479,6348.15920893854,96,4
56,9601,3588.26040859858,75,19
53,2760,930.586570462691,90,37
30,2873,402.529481071823,84,54
28,8670,1121.60448222006,69,41
69,2129,1177.92826769568,73,4
15,6281,487.103681555529,70,55
61,8625,3790.8665392735,79,18
65,6658,3299.26779878027,70,5
80,8501,6023.80511513769,92,12
92,8201,6960.99126520991,93,1
93,8445,7264.00218007464,95,2
93,7638,6569.85774439433,96,3
54,2927,1021.79700317324,81,27
78,1641,1118.69468413967,84,6
45,9590,2415.83817972849,76,31
77,4024,2687.82909465834,91,14
0,2558,165.329098943931,84,84
70,5931,3367.71763644552,77,7
9,2237,138.539955682902,56,47
85,1329,1024.97939241799,88,3
11,3746,249.672861148939,86,75
3,5334,271.511398436761,89,86
11,2186,145.698044439824,86,75
4,1457,76.3261391420386,70,66
24,8462,933.46356992954,81,57
36,4577,813.866828229679,81,45
49,6702,1958.5806893841,75,26
33,2524,398.50349667878,72,39
86,8815,6901.33019771982,93,7
35,5626,961.613098875069,89,54
27,5711,709.926828097239,82,55
4,5317,278.535402757872,36,32
80,1524,1079.90577525819,83,3
96,3751,3389.40827908401,98,2
85,3514,2710.14114744681,93,8
99,5509,5246.66666666667,99,0
10,1841,118.251619157754,58,48
67,4352,2281.64374682136,85,18
29,7985,1075.03298939572,87,58
46,9554,2498.8875758505,87,41
51,1308,410.890770868035,85,34
42,3084,692.999875595463,90,48
58,8572,3423.54135599476,61,3
78,8713,5939.78475497195,83,5
99,3804,3622.85714285714,99,0
73,6206,3793.66696381187,86,13
15,3513,272.439935249892,64,49
6,8936,498.602200500578,54,48
45,4180,1052.99307521013,65,20
10,7482,480.585885137597,78,68
39,4288,857.791516148811,74,35
29,2780,374.275730810282,73,44
29,5147,692.948628230403,82,53
79,7349,5109.54976830005,89,10
95,9040,8013.5474781931,98,3
79,4330,3010.52530912222,83,4
51,4105,1289.53105077468,86,35
57,8129,3141.3945670103,82,25
10,9524,611.74819166673,64,54
99,2579,2456.19047619048,99,0
15,2391,185.426668141899,74,59
28,8585,1110.60835984535,89,61
29,3121,420.185092035571,83,54
20,5226,492.218253916044,59,39
28,4893,632.988550346337,78,50
87,8862,7039.0435365016,89,2
84,3778,2868.57681538943,91,7
65,4951,2453.39063859434,83,18
50,8284,2510.42276640362,65,15
0,9968,644.253502061417,79,79
32,1446,219.402708955309,65,33
97,8311,7656.1085346802,97,0
37,7957,1471.75276247467,82,45
68,4712,2538.61069486913,90,22
54,4665,1628.5217013335,70,16
7,7791,449.623071580427,82,75
81,8966,6470.58761882906,84,3
0,2933,189.566163879026,80,80
60,2977,1268.01196329533,86,26
58,4469,1784.85841343217,64,6
48,2851,803.181886156324,81,33
12,9253,640.232125387116,76,64
93,7299,6278.26547215687,94,1
56,3145,1175.40662275206,78,22
32,4501,682.94024412714,80,48
14,3843,286.844696210883,81,67
70,3387,1923.19332905766,75,5
94,2754,2402.69213839468,99,5
1,7093,343.533702644981,64,63
58,3450,1377.88353688543,63,5
91,2873,2407.25603137679,94,3
25,9986,1146.2277716532,74,49
37,9174,1696.85306559541,62,25
93,1117,960.792236251436,94,1
94,3822,3334.45510273946,97,3
85,4667,3599.38211016911,85,0
52,3185,1036.75991908056,84,32
72,6972,4161.22747916111,73,1
10,9612,617.400631908926,42,32
55,4069,1470.069740523,88,33
75,6474,4142.65215853938,92,17
27,5105,634.595772620627,87,60
71,1696,987.664405435407,78,7
45,1399,352.425194310757,85,40
52,4262,1387.33776298944,91,39
3,7845,399.326381840343,87,84
40,3427,712.77381288583,79,39
37,4697,868.772492816834,75,38
49,8402,2455.38569862806,58,9
59,5874,2423.33745400288,94,35
17,5617,470.538549649202,60,43
79,1871,1300.85285297175,90,11
1,4502,218.044371818371,70,69
57,7431,2871.65740281136,81,24
47,1934,525.065363720562,79,32
36,3977,707.17683545323,71,35
46,3886,1016.39911238801,78,32
47,6388,1734.29035338519,68,21
57,1611,622.559558058014,74,17
49,3577,1045.33618709742,83,34
60,6859,2921.49615594311,91,31
56,1867,697.769209754561,77,21
80,8356,5921.05817457835,86,6
8,3129,186.986694359509,81,73
36,5043,896.729389286054,74,38
13,5076,364.726835642329,75,62
37,9715,1796.91819623495,78,41
32,5051,766.392173536144,50,18
37,2193,405.624457472284,75,38
64,8240,3966.0417580655,90,26
10,3614,232.135443582902,85,75
19,6056,548.456064249988,84,65
63,8430,3938.73522220548,64,1
24,6971,768.987774282536,73,49
59,6910,2850.74256165473,72,13
41,1485,321.069020137274,78,37
18,7009,610.425524245119,21,3
33,1613,254.669627631883,71,38
98,8250,7735.54332085034,98,0
51,5901,1853.72051903079,78,27
34,4908,806.306241038874,77,43
62,9403,4262.29215868737,72,10
53,7385,2489.99341408224,84,31
74,4989,3121.34371146989,83,9
39,1431,286.263913155072,84,45
92,5937,5039.31290593236,93,1
63,2412,1126.9548464958,72,9
42,4805,1079.72256881848,50,8
67,7737,4056.31380265553,74,7
70,6568,3729.41652945105,78,8
92,2664,2261.19750402624,96,4
93,3798,3266.86563409396,98,5
17,7196,602.812071083436,68,51
90,8321,6882.5839053321,91,1
65,7497,3715.02113058812,72,7
51,2893,908.7974007043,83,32
5,5096,275.292599356771,80,75
13,6476,465.321313557865,57,44
31,5047,735.88389286008,75,44
61,1136,499.29558128866,73,12
49,1752,512.001397762004,70,21
30,8071,1130.8094123671,61,31
3,2795,142.271158348472,84,81
65,8227,4076.76121666646,79,14
91,6490,5437.90172072236,98,7
83,2643,1974.41232504805,96,13
15,4236,328.509981701834,74,59
91,7098,5947.3384304603,91,0
89,3737,3050.70779063344,93,4
80,5396,3823.60338798765,95,15
32,3799,576.425236045102,79,47
81,4447,3209.31331038733,82,1
40,6282,1306.57866721587,63,23
41,1766,381.823494654832,91,50
39,2372,474.505941302467,68,29
28,5806,751.099841265243,81,53
16,7514,605.574848271864,89,73
38,3925,755.052388870921,80,42
68,6157,3317.1107912371,69,1
5,4212,227.537760692842,54,49
35,3414,583.53130457865,63,28
30,6842,958.61702384038,57,27
80,5150,3649.2878888318,91,11
30,3314,464.316985823885,82,52
0,4828,312.044132017709,88,88
48,2551,718.666079124792,85,37
41,5521,1193.68488900868,65,24
26,1974,235.791149182721,68,42
94,2653,2314.57597790889,96,2
0,2263,146.262607861656,84,84
16,5281,425.610962699456,76,60
74,4076,2550.1296788838,77,3
30,9247,1295.57609170593,86,56
74,6133,3837.08177639704,78,4
62,6227,2822.64099459176,71,9
45,1435,361.49403419295,77,32
61,2860,1257.02936838518,81,20
74,4900,3065.66129208308,79,5
24,8795,970.197600748086,80,56
29,4036,543.372967464135,63,34
98,1064,997.650677986032,99,1
72,6122,3653.90628620543,89,17
92,3624,3076.04345142309,98,6
3,1685,85.7699112047136,51,48
95,7545,6688.29819944325,95,0
14,9851,735.286781778144,85,71
80,8700,6164.81643356051,90,10
53,9465,3191.30503240194,91,38
94,5641,4921.41842871619,97,3
47,4105,1114.47431130967,92,45
6,6710,374.398026562095,57,51
99,9088,8655.2380952381,99,0
55,5243,1894.21864083611,75,20
30,6027,844.429231611513,73,43
57,5617,2170.64993023704,65,8
9,4988,308.912516292498,85,76
60,5510,2346.90826931718,89,29
55,2358,851.910653269414,72,17
70,6284,3568.15674041876,85,15
77,6447,4306.27091780872,89,12
16,5209,419.808275838187,81,65
76,7366,4817.3674784904,84,8
26,4828,576.696893745783,73,47
54,6426,2243.27555257643,87,33
9,4492,278.194671849619,82,73
59,5968,2462.11745411801,92,33
69,7402,4095.36168975266,84,15
89,7889,6440.20170198213,93,4
46,1764,461.381377831305,92,46
21,6331,620.22712073067,80,59
38,3501,673.487493869323,62,24
47,2484,674.385917002004,81,34
93,5749,4945.02646930126,93,0
40,4497,935.32064095348,46,6
10,3648,234.319340949205,55,45
8,9704,579.90376544093,73,65
50,6351,1924.63725125898,69,19
13,6516,468.195441498309,77,64
53,6715,2264.09015241194,80,27
92,8656,7347.19429236154,98,6
90,6906,5712.18897370791,96,6
15,5776,447.939956163785,83,68
10,4038,259.369928386209,76,66
44,3876,940.16108317235,77,33
4,4386,229.76420471996,81,77
51,2050,643.980183699902,87,36
43,9710,2267.19448779424,57,14
3,5167,263.01076035297,71,68
64,5386,2592.36661516271,89,25
53,2716,915.751132382851,90,37
83,2154,1609.11242835925,83,0
58,2708,1081.53872982196,78,20
54,6515,2274.34488407025,78,24
59,5995,2473.25639032129,71,12
31,2177,317.420098029799,73,42
40,9779,2033.9116183865,42,2
44,5499,1333.83534477935,78,34
8,3455,206.468209975104,56,48
87,1192,946.799807663045,88,1
5,9507,513.580600880068,64,59
74,3954,2473.80096916255,93,19
70,8099,4598.74306821317,94,24
24,1532,168.998604246284,81,57
64,7947,3825.01624409545,80,16
49,1922,561.681898686399,79,30
36,3493,621.113574613561,67,31
25,4283,491.617619266037,91,66
20,6518,613.90711424125,60,40
26,8520,1017.70040072785,89,63
54,1276,445.443449282217,63,9
15,9580,742.947503471098,65,50
9,5005,309.965345638322,41,32
25,6100,700.179191576658,75,50
98,2090,1959.67097461542,98,0
57,6672,2578.34721996466,83,26
10,8339,535.632945223526,80,70
78,8573,5844.34462347923,91,13
28,3379,437.128205930978,84,56
36,1389,246.987333277479,89,53
21,1217,119.225462948859,90,69
66,5150,2625.78598720877,67,1
85,3122,2407.81464494278,85,0
95,5760,5105.97715424693,97,2
42,7984,1794.06971684636,61,19
86,7536,5899.99142030818,93,7
52,4386,1427.70141447012,84,32
58,1792,715.700666115563,88,30
93,3209,2760.23481300882,97,4
8,6574,392.857311831067,73,65
21,5784,566.639340752835,77,56
1,4714,228.312121002177,62,61
87,5721,4544.16249969822,88,1
7,3501,202.044714876534,76,69
50,6783,2055.55258625251,70,20
30,8629,1208.98952042073,73,43
54,3269,1141.18701857646,77,23
36,7469,1328.11259341216,67,31
82,2525,1854.601873122,91,9
7,6931,399.991979094332,85,78
31,1155,168.406161334138,67,36
68,5700,3070.90003411588,68,0
68,7239,3900.04304332717,75,7
6,6145,342.872708379147,74,68
4,5033,263.657829994427,81,77
77,4256,2842.79339633844,84,7
20,3117,293.57908485578,85,65
77,9131,6099.04758034922,89,12
23,6491,688.210481344315,83,60
44,4302,1043.49148085848,72,28
65,2705,1340.42045594783,65,0
73,6249,3819.95244229139,87,14
61,2391,1050.89413280034,70,9
28,3553,459.63791526273,80,52
75,4780,3058.67737377483,92,17
77,7959,5316.21067703422,78,1
58,6453,2577.2412937744,63,5
8,1548,92.5073195489035,57,49
46,8697,2274.73573866148,63,17
75,5279,3377.98281509567,94,19
45,1826,459.991711802318,71,26
46,4092,1070.27925061548,67,21
87,2498,1984.14926136098,90,3
4,1268,66.4252192396053,39,35
4,8561,448.475001506515,51,47
80,4505,3192.24115324024,80,0
21,6634,649.911028104133,80,59
0,2508,162.097490285918,81,81
30,5166,723.796484238439,84,54
59,3550,1464.56383413521,71,12
71,2931,1706.86578557263,82,11
12,5439,376.33443531617,84,72
95,7305,6475.54915134962,98,3
29,7153,963.019533268325,90,61
29,7030,946.459851653338,83,54
18,4342,378.152036848667,86,68
42,8460,1901.03078713931,72,30
82,4835,3551.28715110687,82,0
24,6624,730.709369795943,60,36
25,1854,212.808560849692,87,62
53,8727,2942.47427551736,68,15
74,1040,650.670968115592,89,15
82,1077,791.051967268273,85,3
70,1657,940.87137474123,79,9
10,5162,331.567006025164,48,38
66,2692,1372.54677234292,68,2
49,8458,2471.75104010903,88,39
30,5590,783.202157741556,72,42
15,2080,161.308017455103,57,42
25,7325,840.788947262134,88,63
90,2497,2065.35416555874,91,1
98,9603,9004.17242546979,98,0
88,6140,4945.336671978,91,3
57,2127,821.964109242332,87,30
58,2823,1127.46818105147,72,14
83,9667,7221.58302922418,92,9
66,4135,2108.27671011811,81,15
1,5619,272.143786150028,82,81
65,5497,2723.95240160636,78,13
86,7015,5492.09657821946,93,7
54,6047,2110.96907351847,85,31
41,9968,2155.16228466555,63,22
91,3083,2583.21278967443,93,2
19,8636,782.111388847902,69,50
2,3732,185.035891330255,85,83
92,4457,3783.09207036222,94,2
86,3868,3028.286466793,88,2
53,2408,811.903065823971,86,33
8,6875,410.844846187798,37,29
0,4231,273.458724641037,44,44
40,5583,1161.19527205766,87,47
86,5732,4487.62617054226,87,1
49,4572,1336.1132366255,84,35
76,7865,5143.71371413616,84,8
14,1426,106.437818578381,89,75
51,4640,1457.59417188661,91,40
48,6873,1936.25713909239,60,12
78,7310,4983.3382943699,83,5
92,1835,1557.54407653459,92,0
50,4707,1426.43167086695,62,12
88,5669,4565.97941261291,93,5
73,7957,4864.03609910587,92,19
44,7947,1927.6212920461,58,14
82,7799,5728.33267662513,88,6
34,4585,753.242484752086,87,53
93,4869,4188.09077735742,95,2
17,9777,819.023571287208,46,29
20,1407,132.520299131243,91,71
58,4803,1918.25351526398,79,21
78,9755,6650.13201936777,90,12
71,3099,1804.70046724312,85,14
88,9295,7486.46650912631,92,4
88,6778,5459.20064538549,88,0
62,6692,3033.42115558183,83,21
29,5560,748.551461620563,76,47
6,8273,461.60877403103,48,42
18,6984,608.24823246225,88,70
82,5684,4174.87407795066,91,9
10,2857,183.511611044923,73,63
93,2940,2528.85333444872,93,0
8,9326,557.314768806896,84,76
44,7955,1929.56176899795,81,37
36,8002,1422.88887032857,67,31
40,5869,1220.67975133555,70,30
68,4041,2177.10649787057,81,13
63,9287,4339.14994171083,77,14
45,6746,1699.39982903529,88,43
24,7761,856.13457412233,82,58
11,6856,456.955989331855,82,71
54,6080,2122.48916272404,76,22
95,8154,7228.14890898081,98,3
61,9049,3977.22334074039,78,17
28,6038,781.112787040912,66,38
26,3028,361.689766831448,69,43
15,7328,568.300553803362,89,74
33,9499,1499.75622620909,92,59
55,5583,2017.05563070532,55,0
58,3674,1467.34612014988,88,30
81,3585,2587.22469479168,89,8
57,2200,850.174443033911,83,26
73,8527,5212.47151150883,91,18
92,2850,2419.07390633438,92,0
18,1050,91.4462548804929,63,45
82,4093,3006.29127393597,86,4
42,2624,589.634135396399,76,34
19,6575,595.458821407475,83,64
73,1675,1023.91108030694,75,2
43,4606,1075.45806496192,73,30
81,1919,1384.90493425529,81,0
25,5167,593.086210307638,33,8
51,8453,2655.39731356842,79,28
64,4604,2215.97770074436,75,11
12,3787,262.029510303794,84,72
46,5448,1424.94656826811,69,23
45,1622,408.601619136561,67,22
26,2349,280.584300623207,82,56
68,2753,1483.19084103877,79,11
14,4902,365.889331466497,85,71
44,8971,2176.00234188317,58,14
68,7944,4279.86488965203,81,13
91,7839,6568.2144204534,91,0
70,2555,1450.77028513207,76,6
76,4098,2680.09393522314,79,3
47,1333,361.898722771204,91,44
33,2084,329.033790443177,59,26
30,5384,754.339967313155,64,34
64,9273,4463.2409250657,89,25
97,4932,4543.3675000653,98,1
11,3663,244.140867695826,89,78
81,1542,1112.83137499826,84,3
33,9743,1538.28033603065,89,56
99,1975,1880.95238095238,99,0
98,1806,1693.38075605524,98,0
24,4756,524.645797516532,77,53
34,1595,262.033099930115,79,45
91,9323,7811.64217909007,96,5
59,1856,765.69872567745,78,19
65,5161,2557.45285513742,72,7
41,2777,600.409878061421,90,49
56,8161,3050.07740803802,92,36
81,7672,5536.73301490705,85,4
93,7481,6434.81353571799,97,4
96,9573,8650.17474158124,96,0
3,3167,161.206711445298,72,69
17,2074,173.739888191641,62,45
55,8356,3018.89966866803,78,23
25,1264,145.086311172606,78,53
28,4514,583.958781169705,82,54
11,9453,630.047398943119,82,71
87,3346,2657.71154063804,97,10
62,7926,3592.7818408759,75,13
10,6812,437.550260566334,69,59
65,6971,3454.37005486591,87,22
71,8215,4783.99946382775,72,1
24,5952,656.579433729688,46,22
57,2955,1141.938854166,89,32
37,4665,862.853668083996,76,39
42,9731,2186.63482147194,80,38
76,6430,4205.2230364775,85,9
60,1866,794.796883946618,86,26
62,1288,583.838381409054,83,21
68,8335,4490.51785690454,80,12
71,5753,3350.25549791857,72,1
37,1112,205.67915946611,84,47
79,5270,3664.080457061,91,12
74,7595,4751.77500272877,89,15
48,8212,2313.4793578098,90,42
6,9711,541.844893583384,86,80
96,1563,1412.32874972229,97,1
42,5595,1257.24199220383,57,15
81,5256,3793.15285797073,86,5
27,1925,239.294194377024,49,22
94,9480,8270.7049644087,98,4
58,1855,740.862017658689,87,29
2,4560,226.088870435681,13,11
98,2419,2268.15506583478,99,1
57,1344,519.379296107989,74,17
82,7680,5640.92767745621,84,2
98,3594,3369.8839630468,98,0
95,8634,7653.64700516806,99,4
16,1403,113.071800921669,68,52
71,4352,2534.38413470218,74,3
18,1955,170.264217420346,23,5
44,7695,1866.49626806275,77,33
13,4762,342.164931309845,70,57
66,4141,2111.33587825855,88,22
80,2981,2112.33537798206,90,10
90,8893,7355.70468334556,90,0
85,8102,6248.59521246842,85,0
93,3414,2936.56642306392,94,1
67,3835,2010.59369693472,82,15
1,9281,449.504623466526,84,83
67,3699,1939.29232984655,87,20
4,8291,434.330830217325,83,79
11,9123,608.052726177729,78,67
49,8894,2599.16691306807,73,24
67,3374,1768.90303349615,87,20
70,7195,4085.43726087094,83,13
44,4756,1153.61354787608,93,49
26,6791,811.174110486249,80,54
44,6609,1603.07652184883,78,34
61,6212,2730.30294979327,77,16
39,5067,1013.62630884469,78,39
97,6253,5760.275137451,98,1
83,3230,2412.92160798532,91,8
48,4543,1279.85103781416,88,40
1,3411,165.204209745105,57,56
91,5314,4452.54387425557,92,1
34,4058,666.664777126274,57,23
60,2907,1238.1964317432,76,16
39,7331,1466.52742651281,84,45
42,3510,788.725539345031,74,32
89,4166,3400.92284072221,96,7
62,3183,1442.82419877719,77,15
97,4980,4587.58518863041,97,0
31,2434,354.892291504148,79,48
23,2494,264.427197731123,76,53
91,2147,1798.94838126208,96,5
81,2239,1615.84270338593,84,3
35,9732,1663.42315646146,88,53
23,2591,274.711655702221,44,21
51,4535,1424.60982101417,85,34
95,5222,4629.0647047704,98,3
36,4022,715.178584911463,75,39
8,8809,526.419236373573,72,64
75,2159,1381.52394351043,81,6
31,8420,1227.68820643588,42,11
22,4961,505.590871945406,73,51
47,8241,2237.36487198612,54,7
85,6913,5331.58957094472,97,12
35,7900,1350.29212248721,72,37
45,7220,1818.80622081749,91,46
91,5645,4729.88524090566,95,4
30,3085,432.232317823381,78,48
90,5154,4263.04980748488,94,4
30,2199,308.096877437152,87,57
51,3729,1171.41566098387,68,17
94,2889,2520.47116478658,94,0
56,8769,3277.31023049692,59,3
19,1359,123.076583770762,82,63
38,3216,618.662033785702,85,47
66,7619,3884.63367699877,91,25
64,3767,1813.11642022242,77,13
11,3863,257.470972402123,76,65
58,2565,1024.42645568439,79,21
59,4036,1665.06468579428,60,1
26,7131,851.78656779229,59,33
81,5959,4300.4942695296,81,0
35,3388,579.087305188186,72,37
33,5719,902.948295366856,82,49
61,8648,3800.97551671156,79,18
50,3901,1182.17759678181,69,19
82,6788,4985.757431585,82,0
35,7247,1238.67936856517,79,44
24,5607,618.521654052816,60,36
38,6019,1157.875242959,85,47
14,2039,152.192645218316,89,75
85,6083,4691.45947635712,90,5
83,3590,2681.85404726542,89,6
8,5735,342.719300783567,73,65
21,4397,430.759540333716,84,63
90,5314,4395.39128385228,91,1
97,1765,1625.92125661299,98,1
33,3964,625.858898904392,84,51
95,2402,2129.26338967033,98,3
44,1347,326.7278067681,89,45
56,7767,2902.82455927353,86,30
14,3038,226.758830884377,84,70
19,6481,586.945797953132,78,59
33,5031,794.32293652573,63,30
28,6199,801.940736480062,89,61
88,1663,1339.42913444616,93,5
67,3666,1921.99126283251,78,11
23,3808,403.744494370536,79,56
32,4031,611.626777177627,84,52
32,6576,997.7816141702,84,52
69,7835,4334.93094288193,80,11
70,2373,1347.42774427335,70,0
26,1284,153.371750532226,87,61
56,7275,2718.94536741534,93,37
26,6628,791.704020660118,72,46
93,2929,2519.39163829942,96,3
26,3784,451.992760135469,84,58
21,4759,466.223482476269,76,55
10,5988,384.622865571228,11,1
59,4145,1710.03298380012,82,23
77,7398,4941.4909647819,83,6
85,6741,5198.9361055603,89,4
48,9078,2557.44832077415,82,34
15,2085,161.695777112447,85,70
2,2176,107.888022383343,26,24
51,9093,2856.44478555278,75,24
52,2780,904.927025131542,65,13
22,3759,383.09132990179,87,65
29,3454,465.017400798098,62,33
33,6536,1031.94090899069,72,39
50,4872,1476.43405576031,78,28
75,1545,988.631075833078,75,0
99,4753,4526.66666666667,99,0
68,1593,858.235746376596,85,17
9,5228,323.77598941002,66,57
66,1825,930.496976049711,84,18
86,3074,2406.65785908006,86,0
17,2313,193.761022848247,33,16
40,1520,316.141288469933,72,32
98,6673,6256.88249454961,98,0
16,5284,425.852741318675,89,73
44,8393,2035.80288211185,79,35
21,6790,665.193831900371,49,28
52,3696,1203.0972247792,85,33
71,7213,4200.48546957877,74,3
66,9683,4936.98751730923,77,11
5,4175,225.538972196727,73,68
68,5918,3188.34849156101,73,5
75,4963,3175.77736528127,75,0
88,3350,2698.188575102,89,1
29,6604,889.106808011187,69,40
23,2271,240.783546931588,80,57
58,2306,920.985343784871,84,26
37,2028,375.105517443589,69,32
48,3177,895.022396463922,76,28
30,4800,672.517058525844,83,53
40,4398,914.729859664978,40,0
85,3050,2352.28528734,88,3
17,6542,548.026204700922,80,63
74,8715,5452.49758377633,86,12
85,2196,1693.6454068848,89,4
41,1725,372.958962785722,57,16
88,2985,2404.2068348297,88,0
75,2383,1524.85945223963,83,8
61,4663,2049.48529537766,76,15
52,7337,2388.29121704681,81,29
75,1373,878.569881630301,77,2
13,6942,498.804904064037,73,60
60,4305,1833.65519045562,91,31
45,5555,1399.37237626609,59,14
48,4300,1211.39323411862,71,23
19,2510,227.315839046808,80,61
82,4735,3477.83757197333,83,1
56,8511,3180.88577622982,57,1
50,8578,2599.51792494088,69,19
23,4738,502.348060485189,88,65
45,4796,1208.1710020832,74,29
49,4731,1382.57911690185,88,39
73,6498,3972.16370139373,73,0
21,7909,774.818559131081,59,38
65,4241,2101.56123980582,76,11
23,4605,488.246690277395,75,52
47,4161,1129.67785855287,78,31
43,3621,845.469746684132,84,41
68,5792,3120.46543817529,89,21
54,2564,895.076021911916,77,23
99,9308,8864.7619047619,99,0
10,5912,379.741212634787,73,63
18,6797,591.962089926391,76,58
71,2045,1190.90430961993,75,4
16,4613,371.774923486573,91,75
38,3516,676.37304440004,71,33
70,4064,2307.60486840577,71,1
24,4623,509.974247670085,89,65
7,3688,212.836591963627,82,75
69,5917,3273.7442742862,78,9
90,1662,1374.69708576637,97,7
71,6460,3761.97644994854,86,15
62,9430,4274.53100674486,87,25
1,3740,181.138594091672,82,81
78,7586,5171.49169645555,81,3
98,7644,7167.33250237333,98,0
99,2333,2221.90476190476,99,0
47,2669,724.61192128758,80,33
40,1265,263.104427575306,73,33
49,2016,589.152293315182,52,3
51,4623,1452.25384841202,81,30
4,5859,306.928516975432,58,54
37,1271,235.088319857397,69,32
20,3748,353.010718652379,61,41
84,5138,3901.20372617017,91,7
48,1458,410.746822173244,70,22
46,8299,2170.63721917347,68,22
1,7006,339.320050857287,75,74
43,2788,650.972011531445,61,18
50,5553,1682.80753522927,52,2
86,7908,6191.23303500492,88,2
79,5453,3791.31512947886,89,10
60,5819,2478.52254431156,89,29
80,8752,6201.66361224386,87,7
43,4827,1127.05950490039,75,32
56,7592,2837.42037517763,78,22
11,3644,242.874507748728,76,65
66,6551,3340.10174800091,70,4
97,6609,6088.22299430892,97,0
96,1754,1584.9165879801,97,1
8,5951,355.627298860158,87,79
80,7532,5337.17211236526,92,12
72,9833,5868.81092980367,88,16
19,1855,167.996367104314,80,61
21,6221,609.450784720502,60,39
90,8577,7094.33026751994,94,4
25,3958,454.312990206625,74,49
10,3174,203.873242371924,85,75
78,5217,3556.50832855373,90,12
70,5837,3314.34291754047,75,5
80,9045,6409.28329213274,86,6
60,6748,2874.21724162475,80,20
41,4875,1054.01446004661,67,26
61,1107,486.549479301538,66,5
83,6211,4639.83161213524,84,1
11,2210,147.29765700458,50,39
23,5815,616.537351566352,85,62
12,6412,443.65809877685,60,48
92,3562,3023.41798398704,97,5
97,2721,2506.59022053481,98,1
38,2425,466.497335799231,74,36
0,7976,515.50621312619,81,81
81,5247,3786.65773321393,82,1
0,5366,346.816241177926,62,62
87,1259,1000.01758208706,87,0
35,2800,478.584549742302,68,33
43,6242,1457.44881491366,64,21
94,8459,7379.94654999295,98,4
58,6252,2496.96460075586,58,0
82,3605,2647.85732776428,86,4
16,8755,705.590603755678,79,63
28,3343,432.471024689925,73,45
32,4354,660.635819357824,86,54
48,2183,614.99335583278,86,38
10,8510,546.61666433052,64,54
85,3459,2667.7228881669,90,5
48,1393,392.435063983079,91,43
81,1097,791.683539800968,98,17
15,2724,211.251461321009,87,72
18,2969,258.575172133508,75,57
42,8885,1996.53174275801,86,44
44,1956,474.446614727842,60,16
71,4356,2536.71353188481,85,14
24,1960,216.212313526577,56,32
68,9944,5357.37367355233,79,11
97,4360,4016.44004466438,99,2
79,2063,1434.34496829541,93,14
33,4870,768.903339471339,51,18
74,4553,2848.56242099066,76,2
50,3467,1050.65617227443,65,15
92,3162,2683.89883923835,92,0
95,8192,7261.83417492897,98,3
96,6405,5787.56598974489,96,0
22,2861,291.573369206976,84,62
80,1453,1029.59520436361,82,2
86,5068,3967.77554645991,87,1
97,9858,9081.20778905996,97,0
23,9021,956.454591312134,84,61
51,2116,664.713204248289,63,12
69,2714,1501.59573439458,77,8
38,6927,1332.54723508506,90,52
69,9007,4983.37243172145,75,6
28,6451,834.541005167427,78,50
95,4606,4083.00881466343,95,0
92,1985,1684.86375581535,93,1
19,7096,642.642706723565,86,67
77,1470,981.88587702479,89,12
26,9928,1185.8837533364,83,57
23,5785,613.356591369105,28,5
18,7080,616.609032908466,79,61
41,7305,1579.40012936215,91,50
27,4566,567.593398195061,84,57
84,9354,7102.34714959046,86,2
87,8488,6741.97715389591,87,0
97,3146,2898.10100470508,99,2
99,9780,9314.28571428571,99,0
50,3101,939.741791238246,84,34
7,6476,373.733668534828,51,44
80,4887,3462.92619664485,90,10
87,5811,4615.64906235734,89,2
25,3335,382.802885886583,78,53
7,1219,70.349188070407,90,83
44,5440,1319.52432725944,56,12
70,6372,3618.12456237243,82,12
46,2807,734.182271866481,76,30
0,2752,177.86774053702,79,79
70,8926,5068.32703134594,73,3
80,6696,4744.7828550714,90,10
10,8175,525.098852044888,82,72
85,4123,3179.82696383699,96,11
96,9976,9014.32604429274,97,1
4,9745,510.499811900594,77,73
94,9036,7883.34283316424,94,0
52,6168,2007.76614784581,64,12
46,5199,1359.81960507084,62,16
98,4467,4188.44509263497,98,0
35,3406,582.163920150815,85,50
80,2705,1916.76189112427,94,14
18,9174,798.978992641564,83,65
31,7972,1162.36702870627,78,47
84,9866,7491.10081011968,90,6
55,1262,455.942003573367,85,30
78,7226,4926.07421547427,79,1
6,7559,421.769699371517,13,7
58,1330,531.184088132645,92,34
98,7181,6733.20443479107,98,0
59,3727,1537.58574924561,83,24
11,8462,563.996730123418,30,19
82,3646,2677.97165520903,85,3
27,1453,180.620501002502,84,57
16,5543,446.726295444629,61,45
85,5493,4236.42724044545,92,7
23,1217,129.032838668315,91,68
54,1558,543.887847948036,63,9
73,5313,3247.7848177139,85,12
43,4755,1110.24817605166,76,33
62,1660,752.46251020111,65,3
92,3347,2840.92644368462,96,4
61,3297,1449.09993970837,79,18
27,1486,184.722687191822,71,44
75,8589,5496.02091283515,89,14
60,3056,1301.66092033272,72,12
12,2947,203.908361992417,78,66
50,1371,415.474361750285,90,40
29,8596,1157.29287123927,55,26
82,3714,2727.91736901984,82,0
58,9824,3923.57329459782,74,16
58,1412,563.933783791951,91,33
17,7108,595.440272548786,60,43
84,7395,5614.90882737026,90,6
48,4720,1329.71536396277,75,27
5,9070,489.973288101632,83,78
1,2761,133.722903285322,47,46
3,9529,485.045391020603,66,63
97,6667,6141.6527013251,97,0
30,3135,439.237703849692,90,60
2,6584,326.440597137835,74,72
22,9284,946.161188296946,91,69
16,7279,586.635523099667,81,65
22,7298,743.761778564316,84,62
33,6857,1082.62221740348,62,29
5,9836,531.353612102277,75,70
26,8404,1003.84438588226,77,51
33,5895,930.736177861097,87,54
58,9702,3874.84813764129,85,27
54,3032,1058.4518324637,84,30
35,7939,1356.95812157291,72,37
97,3474,3200.25520990001,97,0
83,8327,6220.55672745937,85,2
39,5509,1102.04605001488,77,38
48,8035,2263.61503166119,83,35
10,8540,548.543632594905,85,75
3,1275,64.9000811786408,85,82
11,7983,532.071129351837,73,62
36,4705,836.627360021988,82,46
20,5039,474.605392553185,86,66
65,5557,2753.68446347581,82,17
73,4787,2926.24617398766,83,10
24,3532,389.623413967281,66,42
1,4456,215.816463976602,50,49
92,9227,7831.85787149029,96,4
81,6434,4643.29252058289,87,6
19,5749,520.652891904422,46,27
50,7744,2346.77859766171,83,33
71,1240,722.11312661551,77,6
55,7217,2607.39575260617,81,26
90,8651,7155.53820033986,95,5
7,7399,427.000527098393,83,76
57,8384,3239.93751381651,80,23
9,9619,595.715616322682,27,18
0,9923,641.345054269205,89,89
85,6134,4730.79277132575,91,6
53,7414,2499.77131645304,88,35
81,7381,5326.72398110387,87,6
90,9197,7607.15348844362,96,6
32,3858,585.377352108977,82,50
15,6242,484.079156228246,55,40
22,6344,646.536684463144,75,53
17,3890,325.867003406693,79,62
54,3677,1283.61721239084,66,12
0,7074,457.20799293564,71,71
77,1799,1201.64128759701,78,1
87,9744,7739.611850561,88,1
75,4364,2792.48285756346,85,10
71,5709,3324.63212890963,85,14
20,2990,281.61740895694,90,70
51,2308,725.027445843597,71,20
85,4847,3738.20550417606,87,2
8,6640,396.80142235447,17,9
42,1556,349.645851629877,75,33
83,7085,5292.73981194304,87,4
87,7285,5786.44009968564,92,5
72,4009,2392.76548536387,75,3
34,8751,1437.64994199902,88,54
15,7441,577.063922059336,68,53
57,5328,2058.96792385667,84,27
57,6464,2497.96709080509,82,25
74,1680,1051.08387157134,81,7
56,8433,3151.73419703279,61,5
25,7559,867.648280184911,84,59
76,2144,1402.17701247399,87,11
74,5347,3345.32467934045,86,12
71,4235,2466.24926711023,77,6
20,7049,663.920105597817,70,50
36,6787,1206.84163495627,56,20
6,5200,290.144521329791,68,62
71,8720,5078.08585813487,93,22
75,4681,2995.32819804184,80,5
33,6932,1094.46364460274,81,48
98,6702,6284.07410137442,98,0
5,5190,280.370602563117,60,55
41,7586,1640.1546038797,85,44
10,3722,239.072529334688,82,72
95,2133,1890.80716493207,96,1
45,9097,2291.64545578625,84,39
89,4867,3973.18566149664,90,1
74,5476,3426.03290519325,91,17
35,9845,1682.73746150463,73,38
0,3561,230.155168623666,79,79
19,7913,716.633559512905,63,44
33,5532,873.423670216724,74,41
49,2841,830.248841918865,85,36
85,9605,7407.77055242645,95,10
35,9516,1626.50377690991,54,19
22,2398,244.387605507979,87,65
4,2301,120.539770875656,81,77
20,5896,555.323158264255,53,33
57,4934,1906.70940996787,66,9
20,5855,551.461514863842,54,34
73,4689,2866.33973466224,82,9
66,6339,3232.01114037212,77,11
97,8985,8276.99857828198,97,0
66,1391,709.217147224738,84,18
98,6133,5750.55602263941,99,1
56,7482,2796.30917374592,92,36
23,6728,713.338486902565,36,13
6,1702,94.9665337121737,52,46
52,4763,1550.41993550415,86,34
6,3128,174.533088984536,54,48
40,8064,1677.21273040891,87,47
1,6745,326.679095494205,80,79
31,6049,881.981705549955,62,31
9,9311,576.640825821862,78,69
61,3734,1641.17051103156,72,11
75,2588,1656.0370383534,81,6
61,9308,4091.05921710814,64,3
36,8599,1529.04541314114,78,42
44,7412,1797.85189589099,71,27
97,1569,1445.36569497211,99,2
37,2343,433.36894840746,85,48
92,4956,4206.64220343621,94,2
41,4427,957.153233769503,77,36
21,2001,196.031348694056,86,65
37,5288,978.08578710143,66,29
24,8520,939.861689411448,70,46
59,7696,3175.00937112805,59,0
57,3924,1516.40205202958,73,16
51,8781,2758.43414296041,84,33
42,8961,2013.60956070394,53,11
56,1751,654.415579153849,71,15
95,5151,4566.12644470936,96,1
43,4308,1005.87784278245,89,46
7,3820,220.454387554516,73,66
61,7506,3299.04281087384,81,20
19,9348,846.593013310582,84,65
96,3907,3530.37007368201,98,2
45,4379,1103.12360678113,87,42
34,3634,597.008329245165,69,35
62,2149,974.121647242281,89,27
4,2950,154.538167789303,88,84
47,8413,2284.06148137595,80,33
69,7398,4093.14857886925,82,13
61,2589,1137.91924291931,70,9
61,7302,3209.38057620581,74,13
38,4941,950.500344818145,69,31
24,9438,1041.12847707339,88,64
65,2538,1257.66621707785,75,10
62,7478,3389.70762125536,68,6
82,9354,6870.47363215174,85,3
88,3764,3031.63635721909,96,8
7,3388,195.523420166152,74,67
6,6020,335.898080462565,71,65
95,8960,7942.63112882856,96,1
8,3658,218.599337797086,81,73
83,6550,4893.07632579067,85,2
35,7425,1269.1036720845,57,22
37,8855,1637.84978153993,62,25
91,1061,889.000574065705,95,4
17,3580,299.89816765963,73,56
98,5856,5490.82929538177,99,1
84,4165,3162.41991426601,88,4
1,4986,241.485836936116,57,56
50,2821,854.889259297998,80,30
97,4542,4184.09878047376,99,2
40,1630,339.019934346047,56,16
11,2350,156.628730298988,78,67
47,5587,1516.8253294244,77,30
13,1278,91.8283876971822,78,65
16,9387,756.525299537927,90,74
61,9545,4195.225636796,71,10
68,3669,1976.68986406512,69,1
98,2466,2312.22422172327,98,0
54,9633,3362.81876719091,66,12
56,2003,748.597604251948,68,12
47,6248,1696.28148527718,82,35
63,7173,3351.4291517058,84,21
91,7984,6689.7083726113,91,0
13,7086,509.151764649635,76,63
52,9937,3234.62584486767,65,13
99,6445,6138.09523809524,99,0
76,8452,5527.6119913387,85,9
59,7327,3022.77724301653,81,22
59,3027,1248.79851434571,75,16
14,8921,665.870813140069,64,50
5,2235,120.737629427469,45,40
12,2581,178.584147371031,68,56
87,2238,1777.63252479018,90,3
11,5851,389.972213182713,53,42
38,1809,347.997394004457,82,44
67,2353,1233.6185055769,75,8
53,3521,1187.17221543447,90,37
59,3237,1335.43468481568,91,32
89,4478,3655.62469533223,94,5
47,2477,672.485473596604,90,43
93,4326,3721.02704926026,96,3
4,6825,357.53321869898,68,64
71,3873,2255.43882208215,76,5
63,4896,2287.55013617058,76,13
93,4719,4059.06764804881,99,6
19,5060,458.254241265677,83,64
98,8681,8139.66685676385,99,1
65,7455,3694.2086872795,68,3
84,3458,2625.60577755867,86,2
63,6747,3152.38986289684,78,15
36,3565,633.916373746735,83,47
26,3220,384.623860368977,70,44
51,8873,2787.33471705816,81,30
41,7678,1660.04574856161,80,39
16,7866,633.943539593622,25,9
21,3450,337.98508395527,86,65
12,6140,424.83791741888,90,78
44,5184,1257.42906480017,67,23
86,5792,4534.60062452561,89,3
54,8894,3104.83858770849,81,27
81,1634,1179.22598362332,84,3
72,3326,1985.11798561243,84,12
11,5506,366.977782564351,47,36
4,6436,337.155134878628,54,50
74,2109,1319.48564591902,92,18
17,3476,291.18604211868,66,49
34,2340,384.424735947629,63,29
75,9397,6013.05256932261,88,13
59,5084,2097.4204317587,86,27
69,1493,826.043637233277,78,9
81,5254,3791.70949691366,91,10
18,8284,721.467405171432,68,50
64,6162,2965.86763509704,81,17
86,8904,6971.00897112845,93,7
48,3191,898.966467458726,79,31
13,3294,236.684435895554,38,25
53,4284,1444.43219850079,80,27
85,9549,7364.58105206874,93,8
27,2844,353.533864315977,82,55
4,4077,213.576986466775,83,79
32,6278,952.565841508594,85,53
46,9788,2560.0912280118,77,31
74,9435,5902.96210016404,84,10
36,6044,1074.7238605681,40,4
25,6676,766.294472617339,44,19
10,5945,381.86087772561,66,56
57,2719,1050.73832300418,71,14
70,4105,2330.88533090691,87,17
92,3211,2725.48993447007,95,3
66,9791,4992.05254383711,85,19
84,6364,4832.08651485928,93,9
12,1939,134.162984018763,84,72
29,6359,856.122076339058,69,40
45,2866,721.9804195101,87,42
53,6595,2223.62986673965,58,5
41,4248,918.451984877535,57,16
41,2818,609.274409930531,71,30
27,5850,727.205733561346,66,39
31,9398,1370.28667031881,85,54
11,4527,301.726920027028,84,73
40,9200,1913.48674600223,85,45
67,1320,692.042680561625,73,6
2,4099,203.232078928916,80,78
16,2517,202.85226152519,89,73
67,1544,809.480226353901,79,12
6,8320,464.231234127665,68,62
53,1962,661.525670741956,76,23
21,7740,758.262188351822,90,69
34,9251,1519.79197959467,86,52
34,8690,1427.62861341235,76,42
55,6942,2508.04230491784,71,16
73,1393,851.527244697056,81,8
41,1698,367.121344237772,80,39
14,6566,490.091666750106,40,26
17,6193,518.790321876003,63,46
69,5557,3074.56429477918,74,5
15,9815,761.172207366266,56,41
67,3836,2011.11797169272,86,19
7,2040,117.72956822283,86,79
23,6677,707.931194567245,71,48
63,2613,1220.86775037045,81,18
14,5593,417.466142572851,79,65
18,5232,455.663624318799,78,60
9,6047,374.497591423563,81,72
91,4814,4033.59921164213,96,5
19,8549,774.23231394867,80,61
29,6113,823.002713109083,65,36
0,1609,103.993166614849,52,52
17,4693,393.134665035376,22,5
70,8829,5013.24886396519,71,1
15,7369,571.480182993582,84,69
28,8443,1092.23836717231,79,51
49,2285,667.76438007202,71,22
48,6841,1927.2421196757,91,43
28,8995,1163.64847953511,82,54
74,9025,5646.44758388771,79,5
96,7650,6912.54954278663,96,0
57,8948,3457.89132557611,60,3
86,6056,4741.28822205233,88,2
15,4854,376.437075349552,58,43
98,8176,7666.15784136635,98,0
8,4056,242.383519438212,66,58
74,3665,2292.98951744581,75,1
7,5609,323.698602040125,74,67
86,4032,3156.68330768081,94,8
55,6546,2364.97334024664,85,30
87,5409,4296.34241581326,87,0
11,3353,223.479205401066,85,74
0,7265,469.552738009249,70,70
15,7656,593.737587325128,84,69
55,3273,1182.48667012332,78,23
87,1950,1548.87552428099,94,7
88,6891,5550.21417045609,90,2
94,5924,5168.31816552291,98,4
8,2481,148.262700129735,24,16
92,1877,1593.1935867332,92,0
34,1969,323.475344051659,75,41
63,7749,3620.55269713763,83,20
93,2302,1980.07495778944,97,4
3,2807,142.881982641918,62,59
26,5797,692.442397068,90,64
38,2718,522.861756165901,38,0
45,2952,743.644870339782,70,25
73,3630,2218.98341582937,85,12
89,2876,2347.82863416157,94,5
22,2776,282.910756000896,79,57
23,4324,458.453569763182,70,47
42,5351,1202.41320827215,93,51
15,3396,263.366359268043,80,65
55,9108,3290.58618743758,93,38
87,3297,2618.79107874585,88,1
28,3519,455.239466312847,86,58
23,1205,127.760534589416,77,54
64,2291,1102.69437715146,72,8
68,2869,1545.68635050499,79,11
27,1806,224.50146236099,91,64
44,1564,379.363244087089,81,37
92,4640,3938.42207908475,94,2
83,8908,6654.58380307531,89,6
13,2047,147.083497352216,72,59
5,7885,425.958034915255,57,52
31,1775,258.806005513501,51,20
11,4028,268.468308784818,87,76
94,6411,5593.19509776626,96,2
32,4802,728.611209130976,80,48
36,3096,550.520362726477,70,34
14,2503,186.825988710861,24,10
9,5298,328.111169069297,74,65
43,4679,1092.50288448911,74,31
89,5141,4196.86613637852,94,5
59,7633,3149.01851998705,89,30
68,3245,1748.25800187825,71,3
91,5165,4327.69836479676,97,6
47,5039,1368.04775997307,71,24
21,3917,383.735528652983,79,58
3,3833,195.107459731553,74,71
76,1863,1218.40287977567,78,2
71,5208,3032.87513178514,73,2
79,3453,2400.77226152403,85,6
30,5155,722.255299312651,84,54
22,2143,218.399765889741,83,61
80,9870,6993.87795393589,85,5
4,8883,465.343235414364,77,73
28,7170,927.555263842885,74,46
97,8371,7711.38064538659,98,1
70,5398,3065.07162393069,75,5
13,5575,400.581581699367,74,61
3,7236,368.327048947957,63,60
23,3376,357.941547530181,88,65
74,1742,1089.87387159362,85,11
73,9880,6039.54714831796,87,14
0,5279,341.193242112983,65,65
74,5127,3207.68274377754,76,2
43,4459,1041.13493522909,91,48
9,1374,85.0933835978131,85,76
25,6418,736.680336317867,88,63
23,6605,700.297370093853,44,21
1,1167,56.5210532901019,65,64
4,1767,92.5657432148128,39,35
48,2253,634.713710806804,68,20
85,1150,886.927239488852,85,0
85,9764,7530.39788379926,86,1
65,5205,2579.25636717502,90,25
95,3497,3099.93092159749,96,1
73,2099,1283.09812391897,76,3
45,3292,829.295024782711,70,25
51,5056,1588.27502867644,77,26
8,8352,499.109258961526,67,59
12,3550,245.631043458799,61,49
91,5759,4825.40462398152,95,4
8,2621,156.628995179377,78,70
62,3502,1587.42392212307,86,24
74,7811,4886.91435764508,79,5
39,4220,844.188479045705,71,32
25,9554,1096.64131087269,90,65
17,2971,248.881970982336,55,38
33,9823,1550.91119170985,73,40
37,5685,1051.5162064432,74,37
42,9024,2027.76617294859,71,29
97,3264,3006.80282242764,97,0
62,4756,2155.85042079306,84,22
45,5432,1368.38717333526,82,37
69,9772,5406.62988817387,88,19
63,6183,2888.87305799484,88,25
62,3325,1507.1914737462,73,11
83,3744,2796.89736851302,95,12
44,4777,1158.7072998747,76,32
83,2504,1870.57452210379,90,7
52,4821,1569.29970797092,81,29
77,2587,1727.98555364839,81,4
86,7523,5889.81362194512,95,9
30,4186,586.490918122746,79,49
8,5947,355.38826185874,74,66
18,5488,477.959092175376,83,65
70,1341,761.441468634876,74,4
34,4248,697.87875141262,89,55
28,2639,341.397258198239,92,64
71,6428,3743.3412724875,71,0
15,7996,620.10524402452,56,41
50,3448,1044.89832189277,84,34
11,6539,435.827773372374,87,76
28,9413,1217.72352838955,42,14
14,6524,486.956752037419,77,63
16,7097,571.967620200348,84,68
2,7999,396.597560222591,85,83
2,9128,452.574388012478,85,83
47,2833,769.136595356956,80,33
5,8642,466.852167119548,64,59
50,3065,928.832179988785,92,42
23,3056,324.013438759548,58,35
41,2327,503.11623559558,56,15
56,9190,3434.65401052192,77,21
33,5199,820.847733452052,62,29
77,2266,1513.57373968583,89,12
55,2101,759.060340338863,75,20
98,3975,3727.12541822789,99,1
77,6170,4121.24888519929,81,4
34,1030,169.212597447033,47,13
27,8398,1043.94423084584,63,36
57,1080,417.35836294392,72,15
47,1949,529.13774244642,87,40
48,6077,1712.00853110206,54,6
13,4332,311.268055950073,85,72
82,2327,1709.17170643758,82,0
78,5281,3600.1381029504,79,1
69,8254,4566.75430791927,79,10
58,5766,2302.86274599461,59,1
95,2353,2085.82712568455,97,2
7,1562,90.1439144921868,44,37
30,3084,432.092210102855,30,0
37,3913,723.76128686231,81,44
93,8471,7286.3661891548,96,3
5,1606,86.7582249935194,80,75
65,1748,866.194069130056,84,19
94,4549,3968.71697079063,94,0
59,9817,4050.03469287474,91,32
27,2100,261.048212047663,75,48
31,2540,370.347748734813,88,57
72,5319,3174.6369709779,76,4
35,6923,1183.30029923784,87,52
57,8724,3371.32810955811,85,28
94,1779,1552.06583667543,95,1
27,3584,445.522281894677,46,19
13,8427,605.506903853016,64,51
42,9528,2141.01907090583,80,38
2,6020,298.476973689211,54,52
59,2700,1113.89362032819,73,14
37,5367,992.697885660623,62,25
41,4468,966.017765638613,59,18
22,8553,871.662714724664,75,53
4,3322,174.025692676632,50,46
21,2195,215.036886748353,58,37
33,7223,1140.40838213583,39,6
57,8046,3109.3198039322,58,1
71,8065,4696.6470694791,86,15
32,1165,176.766359566345,86,54
9,9190,569.147158125111,65,56
30,2360,330.654220441873,86,56
4,3895,204.042767301469,77,73
1,5606,271.514160020832,51,50
34,6146,1009.6899261257,41,7
18,2642,230.096195613583,91,73
45,9528,2400.21962215361,65,20
35,5258,898.713415194652,87,52
39,9123,1825.00746311231,67,28
33,9416,1486.65171344192,65,32
98,7484,7017.30984402957,99,1
8,8181,488.890427150891,75,67
12,2718,188.063429893243,79,67
87,8328,6614.8899313908,92,5
77,8392,5605.432843532,86,9
19,6052,548.093807932781,71,52
42,4307,967.817919646452,80,38
99,5424,5165.71428571429,99,0
5,2899,156.607779736122,51,46
39,5086,1017.42715744703,46,7
13,4190,301.064901761497,82,69
54,6715,2344.16360652828,82,28
62,8144,3691.5992066734,70,8
73,3448,2107.7285999393,91,18
75,4756,3043.31999783956,96,21
90,2678,2215.06546069936,90,0
30,2300,322.2477572103,70,40
42,5003,1124.21477873025,73,31
71,4067,2368.41458543974,82,11
30,8044,1127.02650391289,88,58
76,6924,4528.29926976208,80,4
7,2345,135.331292883597,88,81
80,6626,4695.18088376689,84,4
69,7533,4167.84107118438,78,9
49,5810,1697.90417865139,72,23
5,4831,260.976952019734,85,80
14,6462,482.32902079488,52,38
32,3227,489.635229459738,87,55
22,1275,129.93919809119,64,42
52,2647,861.633753785321,71,19
4,8475,443.96982102181,88,84
67,7275,3814.09886445896,75,8
54,9333,3258.09068350386,89,35
55,6936,2505.87459333191,69,14
76,3010,1968.54142143037,76,0
7,3319,191.541390652732,73,66
61,9347,4108.20052667703,82,21
20,3108,292.731407036178,86,66
39,1772,354.479143333884,82,43
76,1761,1151.6948316076,84,8
73,8625,5272.37795083425,92,19
14,2147,160.253854479512,76,62
17,3682,308.442752324793,80,63
77,5973,3989.66281868644,86,9
77,4119,2751.28430439803,89,12
71,5871,3418.97271480617,82,11
27,5550,689.913131840251,83,56
2,3760,186.424156324158,74,72
0,7875,508.978363637004,85,85
79,6856,4766.78095134918,81,2
20,4475,421.484249191408,86,66
42,4644,1043.54455974881,62,20
84,4845,3678.73336965638,84,0
92,3123,2650.79572262536,97,5
93,4780,4111.53705396765,94,1
22,2160,220.132288530957,81,59
6,9631,537.381131716772,73,67
49,7922,2315.11134307682,87,38
13,8143,585.100595475864,74,61
29,5210,701.430416374664,91,62
71,5504,3205.25052329981,93,22
17,2639,221.07018560161,90,73
12,9161,633.866475810156,74,62
36,2181,387.818123742392,90,54
32,7806,1184.41047448488,72,40
56,7966,2977.19846004544,59,3
30,9780,1370.25350674641,53,23
35,9481,1620.52147003813,50,15
46,6372,1666.62252808451,82,36
4,7859,411.70015615462,30,26
35,9804,1675.72961631198,70,35
81,9417,6796.06553719756,86,5
54,8850,3089.47846876773,83,29
0,1126,72.7758269784466,0,0
97,5219,4807.75242961087,97,0
21,4425,433.502607681759,88,67
91,3967,3323.90695317498,91,0
6,9149,510.486966470433,70,64
18,5149,448.435015599674,67,49
43,7653,1786.90416221311,67,24
69,8073,4466.61104044491,89,20
26,6408,765.425371815032,86,60
34,9277,1524.06336554964,84,50
73,3518,2150.51891374318,80,7
5,1981,107.016216508195,65,60
82,8073,5929.58452345104,89,7
3,6496,330.659550852118,82,79
61,2572,1130.44739003031,70,9
20,4647,437.684314188262,79,59
16,2287,184.315900718359,84,68
52,2160,703.108767728104,70,18
82,1684,1236.89091260889,82,0
48,6187,1742.99766034696,84,36
89,5318,4341.36045774381,91,2
11,1220,81.3136387084105,62,51
65,8879,4399.84962231451,86,21
5,2301,124.303035934052,81,76
99,3546,3377.14285714286,99,0
52,6238,2030.55208013329,79,27
96,7006,6330.63033944616,97,1
83,1748,1305.81639961559,83,0
98,1878,1760.89095230993,98,0
80,4841,3430.33061550189,92,12
58,7874,3144.76955635823,84,26
5,8525,460.531673766969,74,69
39,4660,932.208130889333,84,45
47,8909,2418.72147124431,54,7
65,9604,4759.1120365704,92,27
29,9136,1229.9939124758,63,34
88,6053,4875.26431196789,95,7
37,8831,1633.4106629903,77,40
61,2856,1255.27128535248,63,2
8,9294,555.402472795549,71,63
16,2488,200.515068206068,79,63
16,7590,611.699906625425,85,69
95,3957,3507.69993044359,98,3
57,2967,1146.57616930982,77,20
38,4030,775.251242585939,57,19
0,7196,465.093118061191,65,65
55,3083,1113.84246990229,64,9
95,6167,5466.76408163903,99,4
71,5096,2967.65201067148,77,6
47,3194,867.145176692593,75,28
32,6824,1035.41084779462,79,47
93,5554,4777.29640120007,93,0
76,3108,2032.6334677095,78,2
63,7799,3643.91411601193,91,28
4,9287,486.50710652856,76,72
78,5847,3985.98892027097,90,12
42,4196,942.875317120157,60,18
70,6728,3820.26711482136,82,12
52,6387,2079.0535645738,86,34
31,9724,1417.81949161312,89,58
13,4214,302.789378525763,66,53
44,3616,877.095582237157,86,42
17,5896,493.910501821559,89,72
10,7204,462.729312554297,67,57
78,8047,5485.76241515658,79,1
63,9823,4589.58435204323,82,19
95,7243,6420.5889805921,98,3
92,4894,4154.01673600016,95,3
72,2760,1647.30175595018,74,2
88,4282,3448.84879957814,92,4
13,3932,282.526776545634,72,59
74,9272,5800.98193881516,75,1
69,1893,1047.35472557441,81,12
50,3872,1173.38929883086,72,22
58,2831,1130.66327331091,84,26
92,5921,5025.73214014241,93,1
33,8062,1272.87448107144,78,45
24,2459,271.258203551966,66,42
31,8804,1283.67778734697,70,39
18,5536,482.139492398484,85,67
36,2900,515.668298419504,72,36
91,8817,7387.67018052528,92,1
24,4847,534.684226358837,67,43
14,2718,202.87376640676,82,68
20,1616,152.205261830908,75,55
96,5273,4764.68937766195,98,2
16,3738,301.256159547541,34,18
98,5173,4850.42007257683,98,0
89,8245,6730.82304890894,90,1
73,5407,3305.24609625053,86,13
76,4040,2642.16190783345,90,14
82,1647,1209.71456832948,86,4
39,7184,1437.12086101051,76,37
50,4938,1496.43500971766,75,25
87,8191,6506.07149712081,88,1
65,5303,2627.81873489513,76,11
71,1719,1001.05843923553,88,17
68,2420,1303.78562851937,78,10
80,6404,4537.87177477259,88,8
21,4564,447.119977730971,82,61
22,3264,332.644347113446,85,63
13,9380,673.983002034091,44,31
19,3932,356.097959813565,79,60
12,3830,265.004759562591,85,73
79,2539,1765.29417086867,79,0
70,6643,3772.00274134338,80,10
29,6112,822.868081551238,90,61
82,7637,5609.34435842879,82,0
56,1361,508.657683168697,64,8
45,1936,487.702055886795,81,36
34,6002,986.03301929815,69,35
11,8705,580.192807341569,51,40
56,2377,888.37568911976,86,30
18,5037,438.680748412422,66,48
87,6131,4869.82350736756,87,0
29,9818,1321.81263492638,71,42
26,2654,317.016063794803,82,56
8,1820,108.761835645352,54,46
33,7403,1168.82780741403,76,43
18,8197,713.890429767048,57,39
48,4358,1227.73295681139,68,20
91,6628,5553.53044760367,91,0
88,1873,1508.56931378091,96,8
97,1852,1706.06581713725,99,2
21,6690,655.397162800219,74,53
8,5711,341.285078775057,82,74
29,1711,230.354595473522,68,39
35,3813,651.729602916928,88,53
20,4991,470.08444418197,73,53
20,9097,856.813902769661,88,68
35,1010,172.632284014188,79,44
68,3471,1870.01649445899,74,6
14,9005,672.140642565444,88,74
62,1296,587.464706759421,65,3
58,6550,2615.98178742017,91,33
80,1004,711.433988424685,84,4
30,7185,1006.67397198087,87,57
44,3145,762.850001696863,80,36
60,6311,2688.08313750649,89,29
80,8006,5673.0483180558,85,5
28,6482,838.551355680555,69,41
55,7467,2697.71706868648,68,13
68,5102,2748.72490772969,77,9
71,7800,4542.32450612982,73,2
78,2065,1407.74193951763,80,2
77,4523,3021.1359331858,91,14
89,2581,2107.0047652194,92,3
29,5118,689.044313052885,80,51
26,5699,680.736453491553,73,47
7,7459,430.463161457888,69,62
0,4769,308.230833801254,55,55
46,3467,906.807957449623,66,20
68,3134,1688.45626437178,89,21
95,4289,3802.00278030644,96,1
76,4235,2769.69199991947,82,6
84,6317,4796.40014367788,85,1
19,3702,335.268221574216,81,62
20,6944,654.030531035784,47,27
93,8821,7587.42015754155,93,0
47,9757,2648.94661521278,66,19
83,1390,1038.3780294426,91,8
56,2552,953.779873215662,70,14
80,4717,3342.4642663339,83,3
32,7823,1186.98989775752,53,21
40,8491,1766.02347394619,73,33
34,4192,688.678843201907,75,41
30,4067,569.818099380126,63,33
36,9097,1617.59810714559,84,48
70,6563,3726.57744865823,74,4
12,8697,601.761460552442,66,54
12,3431,237.397214114687,79,67
17,5565,466.182486878727,80,63
74,8575,5364.90726114538,82,8
98,5582,5233.91549296807,98,0
93,1166,1002.93979182558,94,1
58,4212,1682.21607459752,65,7
76,9719,6356.23058966171,77,1
56,3016,1127.19439561851,93,37
64,1892,910.649393963583,82,18
91,1532,1283.64644624756,96,5
0,2348,151.756342580278,63,63
57,4666,1803.1427050892,85,28
40,6729,1399.5491645488,72,32
55,1747,631.165356769154,56,1
93,8210,7061.86594415782,95,2
61,2363,1038.58755157139,78,17
69,9317,5154.88852518583,95,26
66,1375,701.059365516905,68,2
33,6787,1071.57021868418,85,52
13,2634,189.26132487823,65,52
49,3050,891.326634231798,75,26
62,6658,3018.00927284277,73,11
81,4896,3533.34786769876,91,10
16,1569,126.450217851817,76,60
4,7728,404.837613788383,43,39
94,1946,1697.76285450837,95,1
99,6123,5831.42857142857,99,0
78,2624,1788.82075026356,80,2
58,3354,1339.5424297721,88,30
32,9299,1410.94453013514,41,9
39,6038,1207.86967689051,65,26
84,7154,5431.92126450397,86,2
68,1208,650.815305475786,90,22
86,6210,4861.85598727625,89,3
11,3138,209.149342841797,55,44
73,4114,2514.84787127329,86,13
37,4990,922.966731776879,83,46
58,9330,3726.27634757712,74,16
8,9152,546.916659245197,26,18
5,7383,398.839336940942,85,80
63,4888,2283.8123091507,73,10
15,1701,131.915835428428,76,61
79,3969,2759.53232145638,81,2
41,8348,1804.90517178853,82,41
30,4432,620.957417372196,55,25
87,8753,6952.46536616999,89,2
85,2060,1588.75662030177,97,12
53,6608,2228.01306435415,75,22
91,4326,3624.70922093142,92,1
61,9351,4109.95860970974,79,18
41,1375,297.286129756735,85,44
91,9464,7929.78457394706,91,0
98,7683,7203.90052534463,98,0
69,4206,2327.08609390701,81,12
18,5465,475.955983735137,77,59
83,9184,6860.76533985672,85,2
47,1598,433.844080261354,85,38
12,6920,478.807555136587,65,53
30,6005,841.346861759936,76,46
85,4985,3844.63677291472,88,3
5,4507,243.474047351053,82,77
25,1329,152.547236984488,63,38
39,3136,627.34006404913,56,17
54,5594,1952.82966715104,88,34
91,6315,5291.27108880766,92,1
52,3389,1103.16463603266,60,8
14,1144,85.3891055074811,88,74
78,7330,4996.97259886886,91,13
55,1688,609.849526174203,72,17
45,9551,2406.01360318945,82,37
57,4403,1701.50821485378,78,21
96,5628,5085.46782049715,96,0
12,9442,653.309383757176,53,41
39,1203,240.65372992701,66,27
32,5740,870.934681468514,75,43
2,6128,303.831710094266,39,37
79,4345,3020.95438063188,80,1
6,2041,113.881724621943,77,71
36,3340,593.907626455566,76,40
11,4363,290.796234167865,83,72
81,7115,5134.75696051403,88,7
49,1861,543.855366001763,88,39
19,3477,314.891303731375,80,61
7,1987,114.670907871943,76,69
3,3374,171.743430507243,52,49
48,3640,1025.45845864925,92,44
70,1912,1085.66449517515,81,11
6,9183,512.384065263744,78,72
5,4591,248.011837450341,54,49
10,9124,586.055281474931,22,12
28,1748,226.132022482199,83,55
92,6524,5537.55725085105,94,2
43,5310,1239.83550259396,57,14
23,2876,304.928877576067,63,40
51,7600,2387.43872981427,88,37
83,3826,2858.15420190459,83,0
82,3966,2913.01030843637,94,12
68,4970,2677.60932799227,95,27
53,6750,2275.89106906636,80,27
38,4731,910.102637388109,83,45
47,2375,644.793298260773,54,7
30,5208,729.68100850054,79,49
10,6787,435.944453679347,74,64
93,4838,4161.42599730031,94,1
2,3368,166.988446409512,65,63
52,1348,438.79195319328,86,34
43,2055,479.823344224218,83,40
76,4267,2790.62001503102,82,6
48,4765,1342.3927350175,91,43
20,9761,919.35368857147,81,61
32,2224,337.449256373863,87,55
21,4690,459.463780797164,76,55
97,7638,7036.13969292352,97,0
64,7734,3722.49598991245,83,19
37,1373,253.954573693318,66,29
1,9245,447.761043416445,74,73
16,6650,535.942605936637,58,42
93,3818,3284.06871800177,95,2
69,7963,4405.7504911511,84,15
99,3245,3090.47619047619,99,0
27,6074,755.050876179763,87,60
90,4428,3662.5503584678,96,6
22,2985,304.210593178197,75,53
87,3431,2725.22662759388,94,7
71,3446,2006.77567283633,87,16
91,1018,852.97133308095,91,0
57,9505,3673.14003683515,80,23
51,3849,1209.11206198094,80,29
59,1850,763.223406521165,89,30
88,6517,5248.98356535515,92,4
68,6641,3577.86791694097,74,6
99,4117,3920.95238095238,99,0
97,5495,5062.00413886027,97,0
24,1824,201.20982646555,79,55
95,5996,5315.18038487233,96,1
94,6800,5932.57318122143,94,0
94,3295,2874.6806811948,96,2
53,4290,1446.4552127844,83,30
11,3598,239.80858366628,78,67
8,6018,359.631168633916,76,68
28,5162,667.788043508643,53,25
65,8323,4124.33251565758,80,15
45,2507,631.543932907126,82,37
37,7212,1333.9551241633,74,37
66,7267,3705.16247942644,78,12
32,9481,1438.55953223048,63,31
90,9316,7705.58246149187,95,5
10,5401,346.918519864764,77,67
90,4312,3566.60278810143,92,2
23,1394,147.799323832071,74,51
32,4063,616.482162161424,76,44
85,5240,4041.3032477579,93,8
74,1645,1029.1862909136,81,7
81,2138,1542.95297000408,82,1
1,9374,454.008871929233,66,65
67,5444,2854.1517825587,86,19
30,8529,1194.97874836811,46,16
80,2803,1986.20465095059,85,5
11,5331,355.313940946341,80,69
44,3285,796.808348354275,81,37
63,9450,4415.30816724102,74,11
23,8873,940.762841005716,78,55
97,6551,6034.79328729274,98,1
18,8421,733.398964141553,77,59
90,7182,5940.47802044167,95,5
22,5902,601.491095791531,72,50
98,3772,3536.78417045424,98,0
2,7805,386.978867050547,73,71
53,5940,2002.7841407784,82,29
48,3509,988.55322291215,71,23
73,2499,1527.61420279824,89,16
99,8460,8057.14285714286,99,0
14,3624,270.498355209014,68,54
29,7868,1059.2810971278,71,42
60,6828,2908.29213482717,83,23
43,6092,1422.42521314547,76,33
67,4100,2149.52650780505,92,25
94,5238,4569.82622400557,98,4
50,8929,2705.88663462312,85,35
97,4644,4278.06136867463,98,1
36,8900,1582.56822618399,89,53
61,9961,4378.06627219748,83,22
33,2901,458.026404067013,76,43
97,6703,6174.81596774893,98,1
3,2744,139.675155101326,80,77
48,3780,1064.8991685973,67,19
51,7340,2305.76319432062,57,6
37,9147,1691.85905722708,85,48
10,8664,556.508434754362,88,78
80,3825,2710.39343199643,90,10
26,6095,728.038021412706,85,59
67,4390,2301.56618762541,77,10
51,1389,436.335841541055,74,23
40,8840,1838.6111776804,64,24
55,1380,498.57366476327,87,32
71,3597,2094.71041648064,82,11
59,2465,1016.94362004036,88,29
29,6914,930.842590943269,56,27
32,3838,582.342736494104,71,39
89,8987,7336.55630570584,99,10
87,3315,2633.08839127768,93,6
58,2375,948.54301452258,93,35
56,3336,1246.7906179653,92,36
83,3841,2869.35972020793,91,8
97,5169,4761.69233735554,97,0
89,1218,994.316855496797,94,5
90,4311,3565.77565387414,93,3
42,8774,1971.58914023171,83,41
42,1717,385.823860699549,89,47
94,2835,2473.35955422982,94,0
66,1972,1005.44659549043,74,8
24,9754,1075.9871970093,88,64
88,2945,2371.98965781355,91,3
55,3123,1128.29388047514,78,23
95,8784,7786.61516022657,95,0
13,3744,269.018375225548,32,19
88,3081,2481.52805966844,91,3
28,3991,516.300287028864,68,40
72,7504,4478.75086110513,92,20
60,1208,514.530887356653,77,17
71,4782,2784.79433183497,74,3
37,5794,1071.67720318943,55,18
50,1407,426.383972999746,81,31
84,7872,5977.08753063674,88,4
9,3169,196.259776289279,83,74
12,9068,627.431634389968,89,77
10,2372,152.358957437367,65,55
6,7821,436.388519484671,83,77
0,4143,267.771093402934,67,67
87,3933,3123.96278820365,88,1
64,1740,837.4894003682,75,11
82,3089,2268.85749943519,88,6
9,6354,393.510450786393,75,66
82,2230,1637.92561467804,94,12
92,4118,3495.34959518771,95,3
95,6931,6144.0152180704,95,0
60,1962,835.68675578953,90,30
33,6652,1050.25564972553,84,51
59,2963,1222.39511001201,77,18
55,1221,441.129307736198,83,28
77,5449,3639.6572407538,85,8
97,2440,2247.73250205988,99,2
60,3820,1627.07615041591,69,9
58,8718,3481.85178972962,61,3
44,6020,1460.20890626872,91,47
23,9947,1054.63405606715,43,20
63,2364,1104.52788437648,85,22
52,1096,356.762596958334,70,18
21,1341,131.373332633048,74,53
46,3895,1018.7530990096,67,21
10,2981,191.476413204381,80,70
1,9901,479.532946551241,79,78
75,4485,2869.90962790379,90,15
89,4411,3600.92910475893,91,2
75,3160,2022.05449814403,79,4
26,3258,389.162899714946,41,15
87,7198,5717.33642244849,89,2
72,3490,2083.00113342976,89,17
77,3333,2226.27593749907,86,9
38,2807,539.982689314822,81,43
91,4127,3457.96924521128,95,4
15,9197,713.245113718548,75,60
15,9286,720.147235619271,53,38
30,2972,416.400145403918,65,35
52,1050,341.788984312273,64,12
79,8510,5916.75990314783,83,4
41,7622,1647.93809527697,82,41
52,3505,1140.92418096621,70,18
23,6991,741.223151298429,61,38
56,1151,430.172662253615,74,18
16,3344,269.502567556709,87,71
84,7369,5595.16743054651,85,1
8,6958,415.804863967229,59,51
79,8567,5956.39037488455,86,7
9,3252,201.400060742422,89,80
96,3532,3191.51960589835,97,1
65,6743,3341.38821976199,83,18
37,3790,701.010804295465,75,38
65,3596,1781.9415747092,74,9
3,3167,161.206711445298,67,64
72,5725,3416.95744667202,85,13
51,5138,1614.03423602444,74,23
44,9378,2274.72410680864,78,34
45,6215,1565.63444077295,91,46
76,7419,4852.02950351891,77,1
93,8751,7527.2093638642,98,5
19,5802,525.452788107402,53,34
73,7181,4389.67490608009,89,16
64,5548,2670.33976623148,94,30
57,3226,1246.66488783064,73,16
74,2503,1565.98983960897,76,2
81,1354,977.155435634012,85,4
49,6312,1844.60777549873,76,27
92,6011,5102.12394771086,92,0
2,2697,133.719667448472,49,47
49,1597,466.704470448584,73,24
13,2690,193.285103994851,63,50
16,6611,532.799483886783,74,58
11,3826,255.004903031458,81,70
43,9743,2274.89968018324,68,25
7,7972,460.068685231571,78,71
38,5354,1029.94916943055,62,24
53,5319,1793.40216242429,70,17
22,3080,313.892337349698,73,51
53,1259,424.495830511785,74,21
10,2937,188.650193083283,63,53
49,2205,644.385320813481,86,37
39,8800,1760.39303687256,89,50
53,6287,2119.78180018077,80,27
16,2373,191.246887802653,84,68
77,7264,4851.98572157012,87,10
40,6235,1296.80324579607,84,44
28,9077,1174.25650347306,80,52
34,7105,1167.23835423415,77,43
15,3986,309.121998834634,48,33
14,1456,108.677043373158,37,23
29,9196,1238.07180594653,60,31
16,3479,280.382605421588,53,37
15,5613,435.298991334371,72,57
97,2969,2735.04827812122,97,0
72,4467,2666.12208109763,88,16
77,8130,5430.43005456568,81,4
54,4104,1432.68018483873,69,15
57,9045,3495.37628965533,91,34
24,6619,730.157807771641,84,60
79,6561,4561.67587832584,79,0
92,1087,922.643275854551,92,0
79,1090,757.845863035386,80,1
75,2201,1408.39935139715,92,17
29,6667,897.588596155449,29,0
5,7396,399.541613980118,77,72
28,1838,237.774975584829,72,44
68,5178,2789.6702415179,75,7
72,9720,5801.36705356368,82,10
74,8056,5040.19742224924,74,0
54,3616,1262.32250204114,68,14
58,3300,1317.97555702085,62,4
1,1010,48.9171069605852,69,68
79,4655,3236.48852516488,84,5
93,8139,7000.79499628508,93,0
11,1081,72.0492159375342,82,71
29,4060,546.604124852426,91,62
19,3514,318.242174665531,60,41
0,2801,181.034717021873,81,81
34,6173,1014.12559615586,79,45
45,3679,926.78505351628,90,45
55,2842,1026.77272120088,80,25
5,4771,257.735673377385,80,75
58,3217,1284.82647482911,72,14
79,8616,5990.45867514944,86,7
39,6470,1294.28897142789,78,39
26,6878,821.566121620442,62,36
96,1312,1185.52483661909,99,3
36,6793,1207.90853488403,84,48
29,1042,140.286083274933,90,61
92,2298,1950.5374865812,98,6
7,1990,114.844039589918,51,44
88,7627,6143.01022755313,97,9
24,2345,258.682589397869,43,19
16,5562,448.257560033019,31,15
38,2153,414.172686175565,77,39
87,5023,3989.74449151969,94,7
89,6209,5068.73017715896,97,8
76,2062,1348.54897375064,88,12
96,5668,5121.61187039407,98,2
38,3357,645.786208774441,85,47
63,8612,4023.7707869079,85,22
50,8226,2492.84617050171,59,9
83,1143,853.86049471431,84,1
86,6276,4913.52788665793,93,7
57,6497,2510.7197074506,82,25
76,7479,4891.26953185307,89,13
79,6583,4576.97184987335,79,0
27,3336,414.693731138573,56,29
18,3035,264.323222440282,82,64
44,3531,856.478014623728,76,32
17,9905,829.746187337608,84,67
32,4487,680.816013196729,55,23
96,1669,1508.11048194914,96,0
90,4025,3329.21526486741,95,5
92,1906,1617.80872472748,93,1
17,3596,301.23849466593,75,58
78,8319,5671.18895634244,78,0
80,5089,3606.06331383787,88,8
39,1140,228.050916140309,79,40
38,9310,1790.96502939829,70,32
39,1203,240.65372992701,74,35
92,1081,917.550488683321,93,1
87,8394,6667.31341067416,92,5
42,7870,1768.45298992746,64,22
17,8013,671.252518842631,79,62
16,7761,625.481287920939,45,29
58,4522,1806.02589965099,68,10
22,6581,670.690088343624,54,32
57,3832,1480.84930259361,59,2
93,4233,3641.03270908892,98,5
57,9232,3567.64111731321,74,17
59,1732,714.542129780896,73,14
44,9115,2210.93092701651,75,31
12,4791,331.498120904536,73,61
74,8549,5348.64048694249,83,9
70,5904,3352.38660016428,92,22
5,1314,70.9840022674249,71,66
43,8059,1881.70137766568,86,43
34,9743,1600.61974458878,65,31
47,6276,1703.88325889878,75,28
87,5404,4292.37094010998,90,3
19,3781,342.422783839036,70,51
25,8804,1010.55370535097,55,30
80,2121,1502.93973052665,86,6
94,5405,4715.5232418385,95,1
50,7986,2420.11542883864,52,2
94,6477,5650.77595511341,96,2
47,9678,2627.49875392327,71,24
34,3939,647.11497217851,82,48
35,1951,333.470877338297,76,41
93,5888,5064.58790246057,95,2
86,2983,2335.41327053865,87,1
20,3688,347.35953318836,78,58
32,5909,896.57718341419,74,42
58,1055,421.352791714241,79,21
54,8544,2982.65582340694,77,23
72,7409,4422.05025718655,87,15
91,6360,5328.97610844287,93,2
12,1689,116.865023211806,82,70
1,8924,432.21412130323,89,88
62,3338,1513.08425244055,89,27
96,9712,8775.77531497305,99,3
50,1211,366.987200641572,70,20
44,1663,403.376646366259,69,25
56,7760,2900.20839190969,86,30
27,1890,234.943390842896,74,47
1,6625,320.867161993937,76,75
56,1385,517.627399844707,66,10
40,3433,714.021739024527,57,17
57,6431,2485.21447415958,68,11
87,6826,5421.85863012411,88,1
37,2838,524.925768493543,70,33
79,3736,2597.53407733964,83,4
32,2310,350.498103517817,65,33
62,2337,1059.3402929759,79,17
37,1681,310.92326174688,65,28
32,3729,565.804081393047,79,47
35,9905,1692.99284471339,73,38
0,7638,493.660538598024,83,83
1,5005,242.406059740326,80,79
81,8472,6114.07743773364,81,0
59,4505,1858.55213317721,81,22
2,8602,426.494838484151,79,77
84,4910,3728.08686171575,85,1
67,8521,4467.34521292849,73,6
27,6838,850.022701896151,75,48
19,3755,340.068117777197,68,49
43,9548,2229.36899788459,76,33
29,3213,432.571195357351,78,49
41,8493,1836.25534547196,82,41
59,9915,4090.46490576073,79,20
21,6663,652.752062143177,82,61
20,5488,516.895097108926,85,65
42,2936,659.743072227069,91,49
44,9739,2362.28812926097,83,39
85,4382,3379.57840299143,86,1
84,1338,1015.92265192987,89,5
38,5026,966.851797825541,83,45
15,8652,670.979311068052,61,46
13,8132,584.310210292242,90,77
38,6160,1184.99941794774,65,27
56,6690,2500.30852343761,84,28
54,7362,2570.02717368,64,10
60,9338,3977.39190905333,83,23
23,4511,478.280308326021,69,46
17,3095,259.269505281161,84,67
13,4850,348.488012778821,78,65
50,8530,2584.97177660827,76,26
28,8481,1097.15428070453,69,41
39,4110,822.183566084798,63,24
15,5413,419.788605040611,53,38
26,8841,1056.04333836091,77,51
44,6124,1485.4351066428,82,38
76,1247,815.538588878296,87,11
63,1028,480.310772055425,73,10
65,3631,1799.28527746638,86,21
6,6232,347.727049409087,54,48
71,4003,2331.14423051765,86,15
71,6003,3495.84282183299,85,14
86,1140,892.514625683562,87,1
12,5702,394.53189008509,85,73
63,3454,1613.80681583603,78,15
16,5627,453.496096782776,78,62
46,4384,1146.65303878256,85,39
43,8727,2037.67315087336,47,4
61,8656,3804.49168277697,79,18
77,1674,1118.14759057109,87,10
85,5419,4179.35540068703,87,2
88,9005,7252.89197575927,88,0
19,7632,691.185053229179,85,66
25,3549,407.36654932878,59,34
8,2578,154.05934741413,77,69
70,3722,2113.41174217674,94,24
51,8244,2589.74274849853,73,22
88,3899,3140.36932964857,89,1
0,4737,306.162604260126,34,34
66,1275,650.073229842949,70,4
93,4515,3883.59619218911,97,4
21,3092,302.913008576723,90,69
32,2002,303.765023048774,86,54
20,7244,682.286458355879,33,13
97,4008,3692.17699518689,97,0
10,4793,307.865296373229,76,66
55,3802,1373.60657494924,76,21
55,6703,2421.69512674507,70,15
34,5310,872.348439265774,68,34
59,2028,836.657874824282,76,17
29,2719,366.063205781711,82,53
23,3038,322.1049826412,72,49
95,1849,1639.05412468795,98,3
16,6626,534.008376982881,70,54
2,2459,121.919415000294,88,86
85,3221,2484.1675116466,89,4
3,7707,392.301902465714,83,80
81,3898,2813.11070022258,94,13
3,4411,224.52882986587,84,81
70,2009,1140.7426625559,71,1
23,2634,279.270745318275,75,52
60,1433,610.36652448848,79,19
68,1479,796.817745694278,70,2
8,1688,100.873614598546,72,64
97,5833,5373.37036250627,97,0
58,3411,1362.30746212064,73,15
6,9668,539.44562158008,82,76
6,8562,477.734113774167,84,78
94,9046,7892.06720548957,97,3
44,5486,1330.68206973259,61,17
18,4060,353.592185537906,84,66
27,6701,832.992413776851,65,38
40,7641,1589.23393763076,90,50
15,1928,149.520123871845,90,75
62,4174,1892.03525155388,75,13
13,5813,417.682642945008,67,54
48,1018,286.790305193665,77,29
97,5324,4904.47862334705,97,0
99,1392,1325.71428571429,99,0
11,9693,646.043524590675,83,72
21,3105,304.186575559743,84,63
3,7261,369.599599559303,81,78
57,6543,2528.49608216858,67,10
50,3731,1130.6599881038,87,37
38,8969,1725.36684733332,57,19
15,9229,715.726775525549,72,57
80,8330,5902.63458523668,90,10
17,7491,627.524350262092,47,30
67,6870,3601.76758746846,76,9
37,6341,1172.85211346637,74,37
41,3053,660.083312107136,83,42
84,7034,5340.80712531743,85,1
18,3273,285.051040213194,90,72
5,4502,243.203940797524,61,56
31,3668,534.81714266114,63,32
85,6127,4725.39408378104,86,1
32,1517,230.175594388107,46,14
31,6025,878.482356743012,85,54
60,4674,1990.82563535182,81,21
7,4103,236.786479616801,54,47
75,7344,4699.35703619296,86,11
18,9214,802.462659494154,82,64
25,1492,171.256943251209,51,26
13,2738,196.734057523384,62,49
80,2425,1718.35400590624,91,11
21,5205,509.91662666295,84,63
46,5316,1390.42143115148,68,22
42,5070,1139.27022349838,86,44
9,4408,272.992456258486,73,64
99,6088,5798.09523809524,99,0
3,8207,417.752914692632,72,69
69,3055,1690.2634372054,87,18
72,5832,3480.82023213821,83,11
29,6491,873.893441974654,65,36
4,9682,507.19950526645,60,56
47,4459,1210.58244923991,87,40
50,5549,1681.59535620156,77,27
38,4228,813.340509591402,77,39
13,3437,246.959443282641,51,38
29,1123,151.191239460412,80,51
25,2361,271.003782182375,62,37
44,6849,1661.29083040439,88,44
13,7131,512.385158582634,78,65
71,1469,855.471115321116,75,4
54,8262,2884.21142474113,60,6
42,2756,619.295608670913,63,21
72,2316,1382.30103868863,94,22
16,5453,439.472936868042,67,51
19,1463,132.49524801812,67,48
10,2476,159.039114087235,76,66
82,5953,4372.4534458199,91,9
98,4838,4536.31013166957,98,0
13,2457,176.543308741766,76,63
29,3025,407.260462482411,65,36
55,6390,2308.61283901253,72,17
9,7843,485.725915253019,88,79
54,5336,1862.76351518018,82,28
9,4831,299.189327628119,84,75
71,3728,2170.99817421179,84,13
21,6337,620.814920876679,77,56
57,3488,1347.9129351374,87,30
64,6358,3060.2055215753,91,27
88,6369,5129.78001039542,91,3
38,2573,494.968101035638,84,46
35,4419,755.30897332544,58,23
16,6770,545.613750705419,45,29
67,2867,1503.09573118953,75,8
49,4742,1385.7937375499,88,39
31,6550,955.030611894893,67,36
61,5895,2590.97486945128,65,4
20,6443,606.843132411227,40,20
93,1333,1146.58554245583,94,1
92,9810,8326.7070249615,95,3
51,8659,2720.10946861339,70,19
33,9157,1445.7593181805,90,57
30,1780,249.391742536667,79,49
10,7595,487.84413226678,87,77
50,2521,763.975832219161,79,29
32,7483,1135.40143230468,64,32
9,1179,73.0168116898265,74,65
75,2903,1857.60259750383,85,10
10,1761,113.113037119394,74,64
79,3266,2270.75650337025,82,3
4,7926,415.210006067123,72,68
51,4374,1374.03381634311,64,13
71,4356,2536.71353188481,79,8
72,2129,1270.69037623838,74,2
40,3701,769.762439886331,91,51
62,3714,1683.52154390779,78,16
64,2544,1224.46726122799,78,14
1,9780,473.672580271805,77,76
89,7296,5956.10490780347,98,9
4,1065,55.7908978629177,71,67
26,2230,266.369940566093,84,58
65,1481,733.886393810991,95,30
32,9885,1499.85876765092,68,36
10,2415,155.120945282985,72,62
56,4315,1612.68031070752,73,17
36,3064,544.8302297784,72,36
47,5115,1388.68114551741,83,36
63,2744,1282.0746678211,85,22
68,5481,2952.9128222788,68,0
96,4501,4067.10921465133,98,2
21,1759,172.323409471687,76,55
90,7425,6141.47163767466,92,2
25,8894,1020.88421801357,70,45
74,1792,1121.1561296761,90,16
8,5858,350.069688577181,58,50
63,6261,2925.31687143873,66,3
79,4385,3048.76523799098,89,10
83,1237,924.081742748558,93,10
31,4105,598.534452187562,71,40
27,2036,253.092457013829,79,52
64,1207,580.948107037021,80,16
58,6767,2702.6486649576,73,15
23,9141,969.177632101122,77,54
84,4317,3277.83115723562,95,11
85,6564,5062.4264347868,86,1
77,1896,1266.43239648912,78,1
98,3405,3192.66969787823,99,1
0,5039,325.681520554522,61,61
94,6446,5623.7304009049,94,0
26,6041,721.587807605276,63,37
42,9705,2180.79241006938,66,24
45,5062,1275.17965232384,67,22
18,7597,661.635426978195,83,65
73,1434,876.590142782181,90,17
32,3680,558.369273136608,41,9
2,6718,333.084436751515,75,73
20,8028,756.128615085725,81,61
39,6996,1399.51246431369,68,29
65,2613,1294.83129441467,69,4
76,5122,3349.79041879281,89,13
31,1444,210.544153217744,90,59
62,5694,2581.03706812357,78,16
88,2584,2081.22963524286,90,2
59,4904,2023.16085707016,81,22
30,3236,453.38858362284,77,47
42,7186,1614.75262841407,82,40
8,1131,67.58771215104,76,68
86,9097,7122.11013144155,89,3
51,1730,543.456447707722,71,20
94,3081,2687.97911343283,97,3
91,9008,7547.70704164361,91,0
96,7511,6786.94896939482,97,1
70,2085,1183.8966906068,88,18
51,8305,2608.90508567204,74,23
79,8353,5807.60228801338,88,9
33,1072,169.253466101289,61,28
15,4524,350.844937964848,38,23
0,1419,91.7130537144011,63,63
4,3605,188.850879620487,67,63
41,6902,1492.26826733163,84,43
11,3678,245.140625548798,68,57
80,2404,1703.47341451488,82,2
71,1505,876.435689964792,78,7
60,9022,3842.79608090374,76,16
15,4875,378.065665910397,49,34
8,4574,273.338811121889,76,68
73,7768,4748.50225183541,90,17
74,4672,2923.01419522697,87,13
74,2550,1595.3951622065,80,6
13,4170,299.627837791275,90,77
96,1766,1595.75980294918,97,1
43,6028,1407.48180972437,69,26
30,6318,885.200578284642,81,51
52,4213,1371.3876103882,79,27
22,6633,675.989569363813,68,46
70,5736,3256.99348552546,92,22
25,8818,1012.16067398737,75,50
87,4266,3388.46307004241,90,3
2,3057,151.568788798657,74,72
94,4820,4205.14746080696,99,5
61,2007,882.118161660511,81,20
55,5679,2051.73901608015,83,28
84,1777,1349.24854445395,94,10
98,8424,7898.69296179918,98,0
92,9119,7740.18770240815,93,1
63,4043,1889.00433017518,75,12
99,5752,5478.09523809524,99,0
86,1063,832.230743071602,95,9
25,5579,640.377001607569,73,48
8,7925,473.592059060117,76,68
84,6293,4778.17731584058,85,1
40,2020,420.135133361359,88,48
5,5452,294.524185968037,82,77
51,9061,2846.39241195356,67,16
47,4563,1238.81760840586,89,42
63,2903,1356.36397984134,72,9
42,5469,1228.92876771452,58,16
15,2655,205.900378049662,88,73
84,5110,3879.94376035998,95,11
34,1927,316.575412893625,85,51
36,1841,327.360461169071,71,35
53,8695,2931.68486600474,88,35
90,1502,1242.35560939897,90,0
93,7125,6128.59864215889,94,1
44,9860,2391.63784315773,80,36
10,5801,372.611430056562,48,38
96,3002,2712.61094476411,98,2
44,3859,936.037569649665,80,36
95,8730,7738.7466244055,96,1
26,7463,891.443437867601,55,29
42,6133,1378.13496661056,78,36
14,3289,245.493678334008,87,73
80,9984,7074.65830720324,83,3
23,2217,235.058178576544,87,64
24,2223,245.224476004888,91,67
1,1680,81.3670690037456,83,82
80,6887,4880.12537677371,82,2
60,4301,1831.9514457955,78,18
39,4314,862.992677394116,64,25
73,6063,3706.25246561253,79,6
72,8782,5241.52319592554,73,1
32,3127,474.462151385373,85,53
33,2422,382.399155687799,65,32
97,3175,2924.81585821317,97,0
1,3425,165.88226865347,72,71
37,5913,1093.68783266467,76,39
58,6186,2470.60508961544,85,27
74,2820,1764.31935585189,84,10
24,3014,332.481588249543,84,60
29,8534,1148.94571465286,78,49
9,1188,73.5741919317336,80,71
56,4865,1818.23631786606,71,15
79,5449,3788.53404374295,83,4
88,6206,4998.49501405464,89,1
74,9218,5767.19710008608,86,12
76,5030,3289.62237534709,78,2
84,3859,2930.07885934034,90,6
54,6501,2269.45757349819,64,10
41,6766,1462.86396649751,73,32
79,8031,5583.72488627265,86,7
12,3364,232.761360618422,78,66
51,4702,1477.07064573509,76,25
91,8016,6716.52083101856,91,0
84,5456,4142.65619501449,84,0
23,7808,827.845854003452,84,61
84,9292,7055.27151101075,91,7
88,4615,3717.05679823754,96,8
8,7492,447.71630365658,80,72
70,6009,3412.00729681355,73,3
48,8527,2402.2209551929,78,30
69,4092,2264.01243372979,89,20
75,3563,2279.93043572379,90,15
79,5628,3912.98763042491,79,0
34,1778,292.097085690122,85,51
28,3907,505.433530799742,72,44
24,8946,986.854773882021,90,66
29,5855,788.267771184964,78,49
41,9357,2023.05913900638,88,47
40,2630,547.007624128898,68,28
57,9435,3646.08903182952,72,15
92,3924,3330.6828099846,97,5
63,3773,1762.85266825401,75,12
50,2564,777.006756767127,69,19
13,6515,468.123588299798,83,70
43,1811,422.851618681294,81,38
2,8365,414.744166928613,86,84
28,6677,863.777754069588,90,62
11,1017,67.7835824315193,64,53
85,4876,3760.57149543273,90,5
33,2157,340.559446250447,78,45
60,7368,3138.29766394356,86,26
44,5753,1395.44548800065,79,35
12,1435,99.2902950319369,51,39
84,2777,2108.53303767508,84,0
89,9865,8053.31344784557,92,3
74,7527,4709.23113173659,94,20
43,9700,2264.85958100969,78,35
81,9170,6617.81044664985,88,7
0,9712,627.707665732392,0,0
66,9384,4784.5389716441,83,17
45,5101,1285.00422886288,92,47
90,6060,5012.43341741528,93,3
86,5973,4676.30689404203,86,0
48,5412,1524.66515884883,80,32
63,4045,1889.93878693015,87,24
63,3432,1603.52779153134,90,27
72,2373,1416.32140103977,89,17
45,6027,1518.27494361039,85,40
47,9933,2696.72919226285,80,33
71,4144,2413.25548120538,90,19
32,1370,207.871169618792,83,51
34,1653,271.56157629121,88,54
22,3121,318.070774307924,28,6
21,9370,917.947894684312,87,66
58,4521,1805.62651311856,93,35
18,4775,415.862730527956,74,56
52,5402,1758.42294595705,87,35
43,5036,1175.8590566974,52,9
46,1118,292.417449215079,72,26
32,9925,1505.92799888066,87,55
49,7874,2301.0839075217,78,29
49,2545,743.746322662271,73,24
32,9612,1458.4362645079,54,22
86,6227,4875.16541590486,91,5
87,3451,2741.11253040702,93,6
95,2527,2240.07018555243,98,3
88,5433,4375.89806821767,97,9
6,1312,73.2056946124394,47,41
85,5000,3856.20538908196,92,7
86,3742,2929.64011342797,93,7
3,6355,323.482365404128,81,78
64,4199,2021.04482307245,85,21
38,5573,1072.07820717902,85,47
12,7705,533.123152070434,86,74
82,5796,4257.13760658023,89,7
39,2438,487.708889079011,80,41
82,9799,7197.32425929602,85,3
74,9374,5864.79774530342,90,16
86,1042,815.789684177431,98,12
63,4891,2285.21399428315,92,29
45,7248,1825.85976294808,75,30
81,5378,3881.19788245178,85,4
0,9437,609.933818113322,2,2
23,8663,918.497519624988,65,42
94,5605,4890.01068834502,97,3
47,4870,1322.16562632841,70,23
70,7463,4237.6119913662,83,13
99,1906,1815.2380952381,99,0
94,3281,2862.46655993934,96,2
46,3180,831.741939627863,69,23
9,7912,489.999163774307,26,17
24,8267,911.952650981742,91,67
73,2119,1295.32392786293,76,3
74,1141,713.861129442202,74,0
20,2483,233.864891785981,81,61
90,7898,6532.70612718579,90,0
96,3280,2963.81209154773,97,1
0,7297,471.620967550377,85,85
17,3437,287.918995040824,58,41
9,2191,135.691123335377,81,72
11,7263,484.082752409169,86,75
78,8407,5731.17989613786,81,3
42,2158,484.92014641213,81,39
38,9301,1789.23369907986,66,28
55,4470,1614.94513151581,74,19
88,9624,7751.45279008408,92,4
63,6173,2884.20077421998,87,24
46,2157,564.172126973994,80,34
66,5568,2838.90803432591,82,16
27,4856,603.642913192119,80,53
78,3468,2364.18840011967,92,14
78,5360,3653.9936057213,92,14
36,4360,775.28061417553,48,12
47,2552,692.847367225892,76,29
23,6842,725.425375652103,86,63
62,8566,3882.88786890525,66,4
69,4729,2616.45034191304,73,4
86,8016,6275.78705217494,92,6
31,8868,1293.00938416548,84,53
21,3924,384.421295489994,56,35
22,5237,533.718886591028,79,57
28,6400,827.943331742603,70,42
76,3317,2169.31956640682,76,0
92,7243,6147.84291353681,94,2
61,7020,3085.43572239999,87,26
7,3149,181.73059330083,59,52
48,3025,852.201054234612,59,11
1,8316,402.766991568541,79,78
36,7734,1375.23400688843,91,55
29,6735,906.743542088937,74,45
62,7291,3304.94226619054,89,27
98,3046,2856.05635821941,99,1
26,2176,259.919726758663,84,58
82,1559,1145.07893869196,83,1
26,3308,395.135319907011,75,49
26,4654,555.912871477397,77,51
16,5959,480.252930643071,50,34
26,5426,648.127039242878,81,55
3,4685,238.475984566221,68,65
51,2975,934.556608052296,83,32
4,2595,135.941201834997,84,80
83,8433,6299.74239013629,89,6
30,4239,593.916627310636,70,40
93,8492,7304.429427258,94,1
31,7963,1161.05477290367,86,55
31,6518,950.364813485635,65,34
93,4697,4040.14425575022,97,4
51,3976,1249.00741970283,73,22
84,6589,5002.92552583403,85,1
77,3279,2190.20666038387,79,2
69,4822,2667.90516995235,77,8
31,1983,289.133695173675,74,43
58,4877,1947.80811866384,86,28
53,7409,2498.08547121669,68,15
40,1215,252.705043086164,80,40
55,5473,1977.31425162998,86,31
75,8309,5316.85152692365,77,2
20,4553,428.830790294632,64,44
94,5485,4785.31822044111,94,0
78,4588,3127.70945206144,93,15
72,8574,5117.37871576697,86,14
73,3332,2036.81893706432,93,20
82,9527,6997.54140405278,83,1
0,2838,183.426107428802,75,75
23,5183,549.529336744351,69,46
33,4992,788.16539438212,85,52
0,6178,399.297565784052,60,60
73,7612,4653.1409810725,75,2
31,6645,968.882200922376,67,36
2,5133,254.49872191806,84,82
53,9638,3249.6352775795,79,26
51,5990,1881.67868310361,88,37
76,7743,5063.92565652337,87,11
55,3372,1218.25391129112,66,11
95,2101,1862.44062518625,98,3
34,2333,383.27474742129,86,52
46,4308,1126.7749295336,76,30
46,5828,1524.33711451295,79,33
58,5224,2086.39524541724,78,20
44,2121,514.468951859792,87,43
22,6310,643.071639180712,60,38
38,6385,1228.28267590849,82,44
10,6583,422.841069481529,79,69
10,3029,194.559562427397,32,22
63,5585,2609.47048825832,88,25
90,9806,8110.87823286703,91,1
30,9324,1306.36438618645,82,52
1,2310,111.87971988015,60,59
18,5186,451.65740743832,80,62
66,6999,3568.51963582023,78,12
36,9997,1777.63309631027,60,24
37,9474,1752.34204746576,73,36
93,6153,5292.52876423911,94,1
53,6164,2078.31000736668,74,21
31,4593,669.687877928739,90,59
30,2731,382.6341847571,68,38
48,2595,731.06173082275,61,13
71,6059,3528.45438238982,79,8
58,5772,2305.25906518919,67,9
97,9740,8972.5059713374,99,2
49,3951,1154.63328913109,87,38
28,4283,554.07520153962,83,55
65,8779,4350.29618586542,90,25
94,4163,3631.95619903306,97,3
44,9299,2255.5618969091,77,33
44,7837,1900.93973395813,45,1
81,1796,1296.13822924571,84,3
57,3063,1183.6746904604,74,17
34,4881,801.870571008709,89,55
72,9587,5721.98620807767,76,4
11,8993,599.388158118636,82,71
34,5863,963.19753284656,73,39
40,7904,1643.93470004365,82,42
10,2291,147.156143123528,67,57
26,3144,375.545781677038,65,39
56,7607,2843.02644810013,86,30
71,6005,3497.0075204243,81,10
93,3599,3095.69494921121,96,3
86,1192,933.225819135795,87,1
75,2325,1487.74579372939,80,5
46,5259,1375.51284921476,82,36
64,9872,4751.54905772119,67,3
80,6089,4314.6629039023,84,4
70,7277,4131.99818587322,82,12
86,7613,5960.27530292014,87,1
4,8896,466.024251069029,61,57
71,4241,2469.74336288417,75,4
26,1522,181.800470646454,64,38
32,6421,974.263343154935,81,49
3,4614,234.861940829999,89,86
14,7019,523.903961151233,51,37
16,7617,613.875914198401,46,30
88,9271,7467.13620291662,91,3
67,3536,1853.83554429235,74,7
3,9696,493.546029104393,89,86
88,5384,4336.43202637289,92,4
90,1425,1178.66627389716,94,4
54,8195,2860.82215271769,65,11
24,3224,355.647193270248,87,63
55,1641,592.869118751106,91,36
87,3480,2764.14708948607,90,3
3,5021,255.57906478271,89,86
56,7994,2987.66312950078,84,28
74,2757,1724.90371066797,91,17
77,5085,3396.52359501433,89,12
1,5750,278.488480221153,63,62
80,8189,5802.72204303759,80,0
79,1863,1295.29068149993,91,12
21,8331,816.160502733725,62,41
66,8391,4278.24664440171,89,23
64,9441,4544.10197061849,83,19
43,1255,293.030801460532,67,24
35,9777,1671.11469386803,83,48
99,1290,1228.57142857143,99,0
84,6525,4954.33131826788,84,0
7,7906,456.259787436126,60,53
54,3740,1305.61010996512,66,12
34,1645,270.24730368968,67,33
68,4512,2430.8598164791,71,3
85,8582,6618.79092982028,89,4
3,6126,311.825801804199,62,59
15,9866,765.127355871174,68,53
99,2512,2392.38095238095,99,0
21,1609,157.628405821458,37,16
67,1894,992.976391654332,93,26
11,7946,529.605059981172,83,72
98,5971,5598.65808106635,99,1
5,7363,397.758910726826,59,54
40,2161,449.461397620741,81,41
89,5567,4544.63213017296,95,6
21,6289,616.112519708606,21,0
1,4088,197.993201242448,72,71
9,6235,386.140645365622,71,62
74,1095,685.08145200632,89,15
8,5915,353.475965847393,78,70
27,3795,471.751411771847,63,36
98,1380,1293.94542821497,98,0
16,9926,799.96485812437,59,43
60,5142,2190.16376058602,78,18
48,6554,1846.3886642822,68,20
96,5768,5211.97199513638,98,2
56,1871,699.264162533896,61,5
37,4595,849.906238980913,86,49
18,5683,494.941968081753,86,68
67,4046,2121.21567087298,80,13
94,1991,1737.02252997233,94,0
49,2378,694.942536460071,73,24
47,8513,2311.21067288167,69,22
80,1485,1052.27039124567,86,6
9,3165,196.012051737321,86,77
24,1894,208.931694805784,79,55
86,6441,5042.70763511213,89,3
18,9912,863.252646071853,82,64
87,4691,3726.0385048216,97,10
63,8318,3886.40564392707,64,1
29,4957,667.368632239772,67,38
88,5455,4393.61751557655,96,8
39,3675,735.164137557575,74,35
67,8019,4204.15928441187,88,21
18,2206,192.12422692035,65,47
35,7573,1294.40028399945,76,41
65,4911,2433.5692640147,85,20
88,2035,1639.04888069629,90,2
86,8493,6649.23396134254,88,2
12,5777,399.721278327177,56,44
77,4669,3118.65657131207,87,10
76,3363,2199.40358812968,77,1
51,5703,1791.52145738563,83,32
25,5593,641.983970243975,68,43
22,4379,446.277449757898,60,38
13,2905,208.733541674737,88,75
97,4165,3836.80568486861,99,2
7,9464,546.17285963768,65,58
58,3046,1216.53137778349,89,31
41,7541,1630.42523963312,61,20
4,5338,279.635504969253,87,83
15,3602,279.342057150615,39,24
7,8612,497.003451732851,85,78
68,5756,3101.07028006509,73,5
36,8599,1529.04541314114,56,20
77,8403,5612.78028887028,87,10
48,6698,1886.95625165733,75,27
45,7089,1785.80572013507,72,27
5,4546,245.58087846858,82,77
16,7846,632.331682132159,71,55
85,9638,7433.2215079944,91,6
15,4066,315.326153352138,88,73
48,1660,467.654132241143,77,29
60,4137,1762.09791473052,67,7
12,5534,382.907660422814,74,62
27,1744,216.794324671964,74,47
18,5260,458.102191115612,56,38
45,7237,1823.08872853964,64,19
5,1840,99.3992116986772,77,72
42,1381,310.321928728059,73,31
56,7146,2670.73314028179,78,22
14,9733,726.479164252023,73,59
67,2615,1370.97849217322,93,26
9,2636,163.250479740783,53,44
91,2150,1801.46204923776,91,0
84,9337,7089.4393132057,89,5
15,6754,523.785745140271,71,56
45,1639,412.884126858707,91,46
66,3812,1943.59149189123,70,4
18,3559,309.959258209214,62,44
72,3783,2257.87773288389,76,4
96,1400,1265.04174639233,96,0
12,2399,165.991231903566,69,57
21,1539,150.770737451351,77,56
21,5980,585.840812189134,82,61
82,7538,5536.62927508658,85,3
18,2014,175.402626027917,59,41
56,8831,3300.48199857661,60,4
47,6223,1689.49418740075,52,5
24,6091,671.912858005297,83,59
81,8315,6000.77359475392,83,2
3,2828,143.950925155448,61,58
30,9467,1326.3997902217,82,52
75,6818,4362.77454694493,85,10
64,2168,1043.49254022888,71,7
41,5516,1192.60384853684,71,30
82,4577,3361.78723694233,88,6
47,2311,627.417815697114,70,23
53,3530,1190.20673685989,68,15
74,3624,2267.33806581818,77,3
65,5624,2786.8852658967,65,0
30,3297,461.935154574939,72,42
40,1107,230.242372589616,76,36
53,1887,636.237992196774,80,27
80,3170,2246.26070050423,95,15
47,8435,2290.03430350721,72,25
8,9335,557.852602060087,42,34
81,5906,4262.24520151734,82,1
38,2491,479.193758134386,63,25
59,5577,2300.80915576678,78,19
62,6974,3161.24912418226,70,8
26,3575,427.028043732637,87,61
96,5840,5277.03128495084,99,3
51,4277,1343.56255887048,74,23
23,2007,212.792857195816,65,42
34,5846,960.404703568308,72,38
10,5870,377.043457064648,88,78
22,9030,920.27526177525,32,10
62,9468,4291.7560521591,76,14
81,2593,1871.3176104867,82,1
36,1060,188.48565390506,75,39
24,7452,822.048041020436,91,67
85,2930,2259.73635800203,85,0
47,4293,1165.51479134042,80,33
1,4568,221.240935243518,86,85
83,4230,3159.95616154115,88,5
10,2224,142.852580666401,84,74
33,6055,955.997889219498,87,54
53,1734,584.651127964603,71,18
82,1231,904.164319133932,87,5
66,4816,2455.49229405776,76,10
82,2654,1949.35183020427,86,4
45,3544,892.776903958058,56,11
4,9600,502.903868060103,55,51
46,9498,2484.24054798284,87,41
77,1336,892.380633813007,91,14
40,5738,1193.433363974,88,48
11,3629,241.874749895756,82,71
94,2658,2318.93816407155,94,0
46,6813,1781.96787254234,90,44
79,1165,809.991220583693,85,6
60,1975,841.223925934925,74,14
77,2953,1972.45509854028,93,16
69,8864,4904.2537176395,75,6
12,2136,147.793777134646,72,60
68,4150,2235.83072659314,85,17
80,9566,6778.46367855631,97,17
99,2373,2260,99,0
87,5293,4204.20417949706,97,10
30,6089,853.115910284138,44,14
48,4048,1140.39995621214,70,22
97,5453,5023.31366136579,97,0
35,9101,1555.57070971596,86,51
59,1759,725.681065984178,88,29
11,8261,550.59997489359,76,65
68,4777,2573.62973034589,70,2
48,8557,2410.67253589606,85,37
50,2909,881.55719790779,67,17
6,5304,295.947411756386,31,25
34,9480,1557.41303281347,65,31
72,3055,1823.37205232891,75,3
29,3308,445.361193352666,68,39
35,5502,940.418640243624,63,28
12,5060,350.110726732823,87,75
97,8680,7996.0320155245,98,1
75,4750,3039.48065385574,95,20
32,4263,646.828318310152,61,29
54,6120,2136.45290721565,71,17
91,1827,1530.82379718948,94,3
18,4711,410.288863563812,49,31
62,3234,1465.94202288578,87,25
5,4137,223.486162389906,14,9
72,5163,3081.52861085898,76,4
98,2457,2303.78544719143,99,1
31,6787,989.586681363456,60,29
67,6032,3162.42534026343,87,20
42,1096,246.280111430813,83,41
84,4800,3644.56556746143,86,2
35,6596,1127.40846075008,76,41
83,1551,1158.65059256509,97,14
68,8099,4363.3718204043,76,8
45,7795,1963.65574671362,81,36
77,6447,4306.27091780872,81,4
45,6129,1543.96998994327,66,21
38,3519,676.950154506183,74,36
59,5172,2133.72511271755,83,24
82,1013,744.044236622805,82,0
36,8287,1473.56661689739,55,19
95,4463,3956.24584017431,96,1
28,6570,849.935576492016,83,55
70,4776,2711.88997330363,73,3
2,7143,354.156316123261,28,26
9,3446,213.414701512419,79,70
87,3989,3168.44331608044,89,2
62,5437,2464.54136624303,78,16
83,7928,5922.4899405906,90,7
96,5853,5288.77810116734,96,0
93,2128,1830.40812779145,94,1
9,1434,88.8092518771936,77,68
49,5552,1622.5067125426,84,35
1,9917,480.307871017944,65,64
77,7745,5173.26946772585,81,4
93,4790,4120.13859592155,96,3
60,6350,2704.69464794267,87,27
40,4964,1032.45089208207,77,37
86,5497,4303.64289244083,91,5
1,4648,225.11555757703,85,84
34,2751,451.945490851252,79,45
28,5684,735.3171715039,69,41
31,5555,809.953442607043,69,38
22,6046,616.166581693595,85,63
84,2895,2198.12860787517,86,2
27,4524,562.372433954107,78,51
27,1712,212.816447155047,89,62
71,6505,3788.18216825314,79,8
82,2639,1938.33439333424,90,8
66,4693,2392.77934717879,75,9
55,1346,486.289965776349,79,24
44,2216,537.512115663036,72,28
36,6495,1154.91917180506,63,27
66,2491,1270.06463963826,93,27
81,9744,7032.05507002793,81,0
17,3409,285.573422779799,68,51
98,8859,8306.56706417129,99,1
59,1301,536.7317037211,81,22
79,2107,1464.93691139042,80,1
70,3151,1789.18871563646,73,3
86,3499,2739.39357479542,97,11
12,2880,199.272508496152,83,71
43,7667,1790.17303171147,79,36
50,4749,1439.15955065799,81,31
67,8226,4312.68415931813,78,11
40,8239,1713.61057612091,60,20
60,1028,437.862377651191,70,10
61,7014,3082.79859785093,72,11
92,3227,2739.07070026002,95,3
40,3390,705.078268363864,76,36
1,3299,159.779738478189,80,79
74,1067,667.563387480131,87,13
5,6399,345.682367206432,65,60
61,3196,1404.70834313253,77,16
65,5591,2770.5326318685,83,18
30,9739,1364.50909020483,65,35
57,1053,406.924403870322,76,19
63,4010,1873.58579371815,80,17
23,4683,496.516666790237,63,40
21,1450,142.051701952215,67,46
66,3317,1691.21012030515,78,12
70,8449,4797.47872371071,95,25
91,3729,3124.48929377098,96,5
34,5937,975.354554410716,84,50
90,2612,2160.47460169781,93,3
4,4955,259.571736066439,88,84
73,9215,5633.03916718117,75,2
86,8067,6315.71533806079,87,1
78,2472,1685.20003607146,87,9
72,1753,1046.27535441328,78,6
72,5162,3080.93176239668,78,6
24,4016,443.014617919763,68,44
75,4785,3061.87682709468,79,4
38,1523,292.979563885455,78,40
50,1425,431.838778624476,86,36
80,1278,905.590276102337,89,9
31,2838,413.797996421024,86,55
27,6278,780.409845350108,63,36
70,3096,1757.95882691542,70,0
40,3623,753.539400083268,79,39
1,6153,298.006890226218,62,61
23,4987,528.748370122338,73,50
7,4307,248.559436439084,78,71
2,5898,292.428104787204,68,66
56,9862,3685.80607745018,87,31
3,8279,421.417860453308,84,81
95,7586,6724.64282849257,98,3
48,3081,867.977338213831,87,39
90,6587,5448.3331552004,98,8
64,6401,3080.90209871083,85,21
39,8229,1646.16753413912,84,45
85,4196,3236.12756251758,90,5
60,9988,4254.25041632305,92,32
34,1932,317.396833269581,89,55
26,8946,1068.58542076424,80,54
29,5550,747.205146042109,39,10
40,6485,1348.80016824179,73,33
6,4575,255.271381746883,53,47
30,5267,737.947364011587,57,27
74,2061,1289.45467815984,82,8
34,4614,758.006722932633,72,38
27,2668,331.655537972935,73,46
18,2711,236.105520934301,82,64
4,6238,326.782742599888,85,81
64,3015,1451.16697822421,66,2
89,6186,5049.95407890245,93,4
41,6207,1342.00364174549,88,47
51,5307,1667.12333409531,80,29
45,6162,1552.28309316861,82,37
82,8781,6449.60754371654,83,1
56,1606,600.22354090296,56,0
47,2410,654.295515287774,75,28
75,7964,5096.08924785413,78,3
29,5413,728.760622617286,54,25
31,3883,566.165475723339,72,41
65,5441,2696.20247719487,86,21
0,7804,504.389479342626,82,82
25,7075,812.093078754894,67,42
48,7806,2199.10129896046,76,28
44,3548,860.601528146414,57,13
85,1809,1395.17510976985,98,13
3,2657,135.246678973842,76,73
83,3427,2560.08741503582,87,4
73,4107,2510.5688398929,85,12
68,4312,2323.10893808907,70,2
50,4254,1289.15239597791,75,25
68,4681,2521.90930871867,74,6
55,4551,1644.20923792583,68,13
56,6180,2309.70204407241,84,28
86,8240,6451.1583470461,87,1
51,2394,752.043199891495,66,15
9,1684,104.292036374612,86,77
35,8517,1455.751646484,45,10
80,4758,3371.51684952654,97,17
19,3494,316.430893079501,85,66
98,4089,3834.01656229782,99,1
55,2529,913.690433468341,86,31
29,8440,1136.29034821539,64,35
5,6548,353.731542501597,64,59
42,1807,406.047592477627,91,49
13,3986,286.406849265233,85,72
98,3517,3297.68555871887,99,1
85,1566,1207.76352786047,93,8
14,9053,675.723402237086,77,63
62,4192,1900.1944835922,79,17
50,8734,2646.79290702188,73,23
1,9183,444.758211107974,78,77
35,1686,288.176268166258,81,46
23,4967,526.627863324174,68,45
96,4042,3652.35624208413,97,1
30,4399,616.333862594831,82,52
61,5977,2627.01557162176,82,21
11,8434,562.130515464536,83,72
7,6200,357.805550481151,72,65
28,1041,134.670157553758,73,45
66,2291,1168.09236829035,91,25
66,5031,2565.11248575676,84,18
11,4606,306.992311386016,83,72
10,4270,274.271816297452,85,75
12,8981,621.411944029146,65,53
96,5399,4878.54313483726,97,1
83,8189,6117.46595906867,89,6
62,2121,961.429508515997,78,16
79,2914,2026.0209586102,84,5
55,3430,1239.20845662175,61,6
20,1462,137.70055247326,89,69
20,9838,926.606043250295,83,63
9,2678,165.851587536349,52,43
78,9649,6577.87020552328,93,15
47,2498,678.186803812805,87,40
97,8488,7819.16126126405,98,1
95,5494,4870.18029260983,96,1
19,6939,628.424146273227,69,50
66,8808,4490.85883016211,66,0
6,9873,550.884011363273,50,44
81,2240,1616.56438391447,88,7
66,6005,3061.7174472211,73,7
99,3653,3479.04761904762,99,0
99,4746,4520,99,0
68,4175,2249.29958639189,77,9
2,2691,133.422182092636,86,84
12,1059,73.2741619782726,82,70
34,4234,695.578774359941,46,12
73,3235,1977.52378793609,84,11
74,9242,5782.21258396567,88,14
2,2812,139.421470102003,72,70
73,8531,5214.91667229762,78,5
25,9505,1091.01692064527,86,61
7,8376,483.383756585504,74,67
69,5596,3096.14212589244,80,11
83,2805,2095.4319227241,94,11
4,7324,383.673742674187,84,80
3,7801,397.086692764374,87,84
34,6705,1101.52472415763,67,33
99,5291,5039.04761904762,99,0
87,6944,5515.58545672163,87,0
68,1946,1048.416046735,68,0
11,4150,276.599672655659,80,69
38,5249,1009.75031571553,62,24
24,8661,955.415738496779,83,59
82,2470,1814.20460459855,92,10
48,3862,1088.00015585259,76,28
82,6456,4741.90482886163,85,3
42,3568,801.758610935348,82,40
44,5005,1214.01089300248,81,37
83,9433,7046.77694369212,83,0
86,2942,2303.3140603167,89,3
51,2537,796.964744413,86,35
67,6084,3189.68762767949,74,7
16,8554,689.391436267969,44,28
75,2049,1311.13597047377,83,8
59,7434,3066.92043463694,81,22
70,9900,5621.37996978767,82,12
73,9366,5725.3439869581,78,5
54,2094,731.00202413555,92,38
62,5617,2546.13368662629,74,12
70,9171,5207.44199019422,78,8
68,1379,742.942306499263,77,9
47,3346,908.411947781283,74,27
12,7937,549.175659699291,74,62
46,6161,1611.43461951172,78,32
16,8686,700.029695513629,31,15
82,9824,7215.6866540794,85,3
1,1416,68.580815303157,78,77
59,1613,665.448299847913,90,31
73,8038,4913.55060507892,87,14
29,3277,441.187615059458,85,56
87,8096,6430.6134587584,89,2
52,4186,1362.5987507916,53,1
60,2078,885.09535093305,84,24
62,2606,1181.27548288198,71,9
40,9294,1933.03758884182,92,52
41,3239,700.298017659684,66,25
9,9820,608.163775058606,65,56
26,7573,904.582762290144,62,36
60,2302,980.505051899847,62,2
22,6485,660.906431075581,76,54
1,3715,179.927774612449,59,58
91,6290,5270.32385567699,92,1
99,3166,3015.23809523809,99,0
52,7871,2562.11532906848,64,12
38,3659,703.881959459541,71,33
90,3827,3165.44268786275,96,6
0,1992,128.747288935227,88,88
27,2023,251.476444272582,79,52
64,2343,1127.72279601304,78,14
51,7962,2501.15620615542,75,24
80,3071,2176.10934108785,89,9
27,2608,324.197017628716,52,25
71,3916,2280.47984179543,92,21
33,7602,1200.24706091604,70,37
91,3959,3317.20383857316,91,0
48,3794,1068.84323959211,65,17
82,5257,3861.24437505043,88,6
9,4525,280.238399403278,63,54
59,6908,2849.9174552693,93,34
4,8077,423.120264825152,69,65
33,3545,559.704792284578,60,27
83,6082,4543.46415472654,94,11
91,1085,909.10991787115,92,1
47,4370,1186.41966879982,79,32
22,8730,889.701332812617,84,62
18,8959,780.254283308891,55,37
1,7233,350.314291728626,70,69
54,3187,1112.56134236867,79,25
49,2824,825.280791826426,60,11
82,1992,1463.1156163402,91,9
24,6301,695.078463026002,47,23
73,4651,2843.11070716871,83,10
9,1442,89.304700981111,76,67
38,6083,1170.18692522339,78,40
30,9944,1393.23117291271,77,47
59,2937,1211.66872700144,87,28
36,4478,796.262979421565,69,33
75,5000,3199.45331984815,94,19
79,9008,6263.00507726859,84,5
35,7263,1241.41413742084,55,20
58,5023,2006.1185523987,66,8
29,3670,494.09781729271,49,20
22,5999,611.376666156116,82,60
68,5532,2980.38929626825,95,27
33,6227,983.15422892978,65,32
93,3325,2860.01269967415,95,2
58,8856,3536.96713120504,63,5
77,4167,2783.34588405599,82,5
19,8378,758.74585638811,82,63
12,6917,478.599979606904,87,75
52,9770,3180.2651206961,82,30
30,3184,446.102982155476,76,46
29,4316,581.069803660854,64,35
18,5892,513.144127386537,90,72
66,7905,4030.45402502628,69,3
65,4156,2059.44081882409,86,21
63,9765,4562.48510614905,86,23
89,2264,1848.22115011884,92,3
24,2482,273.795388863758,84,60
13,5072,364.439422848285,85,72
41,5786,1250.98003401634,64,23
87,5245,4166.07801274553,89,2
40,7586,1577.79461469271,74,34
7,8122,468.725271130308,87,80
81,4322,3119.10324432068,88,7
89,6305,5147.09997857743,91,2
12,6468,447.532841997608,18,6
27,4150,515.880990475143,66,39
32,2371,359.753681143179,65,33
22,6247,636.651114098559,86,64
3,6528,332.288415634641,84,81
38,2270,436.679980315157,87,49
29,4102,552.258650281933,83,54
48,7732,2178.25406655935,86,38
17,6564,549.869154334585,72,55
99,5778,5502.85714285714,99,0
37,6193,1145.477549077,85,48
90,4592,3798.20037174438,91,1
56,2618,978.446594074688,75,19
86,1299,1016.99692873943,86,0
99,8294,7899.04761904762,99,0
87,8240,6544.99195901299,91,4
96,6019,5438.77590823958,97,1
86,5513,4316.16941350305,92,6
10,1507,96.7980391476021,48,38
68,4737,2552.07955466788,92,24
93,2033,1748.69347922934,94,1
71,2629,1530.99629828401,88,17
11,3236,215.681094147882,66,55
37,2951,545.826618331376,73,36
17,5941,497.680171526778,86,69
80,7395,5240.09396852644,82,2
18,2140,186.376176613576,87,69
9,4533,280.733848507196,71,62
7,1195,68.964134326609,74,67
36,8505,1512.33064760616,48,12
85,5196,4007.36864033398,86,1
56,9999,3737.0082101424,77,21
98,7614,7139.20325393388,98,0
64,5368,2583.70293171063,90,26
47,3370,914.927753742655,77,30
63,7915,3698.11260780028,87,24
80,5046,3575.5935314651,82,2
7,4398,253.811098550984,73,66
91,6104,5114.47644118479,93,2
47,9767,2651.66153436336,77,30
34,4222,693.607365457646,84,50
70,8075,4585.11548040762,76,6
29,2292,308.575530581714,89,60
48,3424,964.60707758655,60,12
6,3048,170.069327117923,67,61
47,1795,487.327987527616,62,15
65,2049,1015.34991284181,86,21
5,4754,256.817311095387,74,69
39,6123,1224.8734732694,80,41
42,1944,436.832606406479,68,26
91,8986,7529.27347648862,95,4
99,6065,5776.19047619048,99,0
70,4003,2272.96808273334,76,6
9,9533,590.389538455569,57,48
67,8785,4605.75374904082,80,13
87,9168,7282.09784954261,90,3
26,8922,1065.71865907205,75,49
97,6135,5651.57331972843,97,0
41,1989,430.037899699015,68,27
41,1562,337.717043403651,47,6
65,2811,1392.94709858386,77,12
34,1193,195.990901703214,84,50
48,9309,2622.52549218843,83,35
70,5964,3386.45556967815,83,13
32,1474,223.651170816131,84,52
53,6169,2079.99585260302,71,18
53,6863,2313.99117140777,72,19
80,2696,1910.38449481369,96,16
49,5394,1576.33307050699,89,40
42,2931,658.619531572731,63,21
0,2522,163.002340710162,87,87
68,7662,4127.93615112208,75,7
7,4867,280.877357127704,78,71
24,1329,146.605186059603,83,59
7,7237,417.651414327757,70,63
26,9694,1157.93282683753,86,60
57,8904,3440.88783671543,86,29
71,5070,2952.51092898438,93,22
98,1437,1347.39100024993,98,0
34,5129,842.61302165615,67,33
52,4159,1353.80989119499,72,20
74,3603,2254.19951742353,83,9
97,8006,7375.14197192271,97,0
4,2802,146.785066490043,82,78
50,2435,737.913983123227,65,15
1,8513,412.308249064813,78,77
54,5366,1873.23632354888,79,25
80,4484,3177.36056184889,82,2
35,2825,482.857626079287,74,39
50,3340,1012.16948814439,75,25
86,3843,3008.71377763327,87,1
77,6775,4525.35837880473,78,1
1,3153,152.70855271953,57,56
50,3913,1185.81413386496,86,36
78,1271,866.460050908912,90,12
88,2186,1760.66872393223,99,11
75,8153,5217.02858334439,89,14
71,1947,1133.83407864548,86,15
16,8793,708.653132932459,81,65
51,9848,3093.61797515933,84,33
73,2779,1698.77545801373,92,19
92,2053,1742.58201042263,92,0
52,2904,945.290676612229,69,17
35,5262,899.397107408569,69,34
88,6467,5208.71209408497,98,10
5,8314,449.133177208045,81,76
1,7346,355.787195774712,48,47
25,6357,729.6785444021,70,45
64,7258,3493.38969417954,85,21
76,3212,2100.64951682204,89,13
56,6344,2370.99510802514,83,27
49,6296,1839.93196364702,61,12
62,7480,3390.61420259296,78,16
75,1220,780.666610042948,90,15
15,3755,291.207502665342,74,59
93,6731,5789.69788917494,97,4
43,6912,1613.88756947824,67,24
11,2263,150.830134751748,83,72
96,2733,2469.5422092073,96,0
83,2854,2132.03661584833,86,3
53,6474,2182.83241202009,81,28
33,5968,942.261833668368,51,18
29,8300,1117.44193011703,81,52
18,4764,414.904722143494,71,53
57,4477,1730.10499157401,76,19
34,6875,1129.45301694015,51,17
24,9370,1033.62723354287,79,55
61,4423,1944.00031341527,67,6
33,1550,244.722828784512,63,30
21,8437,826.544971979887,82,61
88,8735,7035.4260309003,89,1
97,5512,5077.66457022708,97,0
83,7502,5604.25322077581,88,5
28,1161,150.194095023932,81,53
19,9626,871.769827356404,45,26
44,6734,1633.39647422152,87,43
29,8295,1116.7687723278,70,41
39,2499,499.911613539151,89,50
88,2568,2068.3427644364,89,1
85,9050,6979.73175423836,86,1
67,1574,825.208469093938,89,22
45,2304,580.405752460318,87,42
66,5881,2998.4946389854,93,27
70,2948,1673.92203544788,90,20
74,7451,4661.68209945122,85,11
67,1861,975.675324640292,93,26
66,4407,2246.95899915127,69,3
89,8026,6552.04193942306,90,1
7,8152,470.456588310056,34,27
79,3569,2481.42374786541,83,4
6,2931,163.541075388003,77,71
83,2884,2154.44765245501,97,14
67,4488,2352.94511390953,82,15
16,3543,285.540549298272,86,70
59,2899,1195.9917056783,83,24
51,9143,2872.15161930156,84,33
36,6214,1104.95269185476,72,36
86,3126,2447.36905253229,86,0
60,2165,922.15179729069,71,11
21,7393,724.267746574292,54,33
9,2757,170.744147437533,71,62
85,6094,4699.9431282131,86,1
51,5799,1821.67857818328,88,37
0,6844,442.342593108782,88,88
38,2220,427.0614785461,80,42
82,1367,1004.05574675555,97,15
9,6812,421.874911985664,56,47
10,3004,192.953755540409,71,61
35,5719,977.508942848652,75,40
30,5022,703.620972482664,82,52
65,1863,923.180521046507,77,12
62,6513,2952.28212586737,76,14
93,2842,2444.55822330043,93,0
14,9805,731.853303759486,77,63
82,5605,4116.84891043516,91,9
39,4268,853.790622883192,83,44
64,1530,736.41309342721,86,22
14,9501,709.16249250575,61,47
56,8346,3119.21897408225,88,32
95,8884,7875.26059693225,96,1
7,1283,74.042664720535,63,56
92,5814,4934.91076892214,97,5
82,4225,3103.24471839225,92,10
89,2587,2111.90287780806,89,0
94,5516,4812.36377464962,95,1
36,3105,552.120712618124,39,3
6,3256,181.675107971115,77,71
68,1075,579.160971346416,80,12
91,1383,1158.80093678876,92,1
82,5543,4071.31017137237,85,3
45,4913,1237.64473170032,80,35
89,1980,1616.37715425588,89,0
12,9366,648.050803671861,53,41
76,2590,1693.86122309125,88,12
71,6642,3867.96402175824,87,16
51,7551,2372.04603274047,89,38
18,7479,651.358609763054,71,53
93,6325,5440.47528584631,96,3
18,5045,439.37748178294,65,47
69,5645,3123.25273421423,87,18
37,9850,1821.8882380766,60,23
9,6291,389.608789093044,63,54
32,9504,1442.04934018759,62,30
82,2570,1887.65418373209,94,12
50,3406,1032.17044210173,76,26
99,5481,5220,99,0
38,5406,1039.95241127037,74,36
14,7520,561.299015224002,21,7
82,8967,6586.22376090493,92,10
32,3907,592.812160365415,84,52
5,5568,300.79065800991,33,28
74,1416,885.913548895844,81,7
38,9229,1775.38305653241,90,52
78,4778,3257.23534480156,85,7
3,8084,411.49196568481,79,76
89,2796,2282.52046631284,89,0
38,2485,478.039537922099,73,35
58,2386,952.936266379316,79,21
12,3840,265.696677994869,60,48
25,8630,990.581380869927,84,59
30,6457,904.675551437786,88,58
43,5707,1332.53130194044,85,42
91,4199,3518.29727662761,99,8
46,7199,1882.92774320157,79,33
37,3609,667.532451900352,87,50
17,6501,544.591616747278,71,54
73,3281,2005.64313700721,88,15
25,1339,153.695071724778,89,64
2,5948,294.907149419174,77,75
68,4980,2682.99687191177,85,17
57,1134,438.226281091116,69,12
38,2107,405.323664548033,70,32
42,3400,764.007644949603,77,35
29,6736,906.878173646783,64,35
54,1230,429.385143116871,54,0
16,1374,110.734607602547,78,62
18,8535,743.327414671435,86,68
51,1289,404.922174043499,57,6
74,5407,3382.86338903943,82,8
15,1689,130.985212250802,56,41
86,6992,5474.08970419251,89,3
84,9669,7341.52176495511,86,2
74,2827,1768.69887198344,84,10
76,2402,1570.90913431088,82,6
5,1807,97.6165084453857,50,45
68,6483,3492.74472301285,76,8
98,6431,6029.97322380467,99,1
96,7419,6703.8176546319,96,0
34,3857,633.643678012823,86,52
53,5962,2010.20185981832,73,20
54,9847,3437.524800221,71,17
70,1133,643.335707653478,83,13
47,5852,1588.77068691454,88,41
20,1433,134.969146165651,81,61
85,6132,4729.25028917012,87,2
45,6844,1724.08722649237,64,19
88,2240,1804.16191290403,88,0
0,4527,292.589847896472,86,86
30,1794,251.353250624034,53,23
14,3594,268.259130414237,75,61
74,8604,5383.05097083322,75,1
36,3514,624.847724360736,74,38
52,5835,1899.37021282106,88,36
1,2538,122.922393530659,71,70
41,5798,1253.57453114876,72,31
46,1835,479.951716734946,82,36
35,1709,292.107498396284,61,26
70,3340,1896.50596960513,87,17
15,6421,497.960951961161,83,68
17,1130,94.6605948199392,22,5
52,2305,750.308198895037,76,24
14,9353,698.115650184852,77,63
3,4037,205.491472720136,49,46
79,1618,1124.94918017546,87,8
56,3862,1443.37690844784,81,25
56,8158,3048.95619345351,57,1
65,7393,3663.48555668107,84,19
88,6326,5095.14654510307,95,7
52,9129,2971.61108360642,54,2
98,2260,2119.07004910567,98,0
18,2857,248.820904946255,68,50
6,7843,437.61605399799,63,57
87,5270,4185.93539126195,92,5
55,4116,1487.0501479461,81,26
39,4873,974.81764416818,69,30
70,5099,2895.29459251993,78,8
46,5115,1337.84906326935,72,26
26,2802,334.694427563315,65,39
45,4472,1126.55144314346,83,38
21,6490,635.803824599913,34,13
8,7124,425.724899526091,55,47
38,9579,1842.71256891581,80,42
36,9508,1690.68075219746,74,38
30,9899,1386.92632548903,87,57
16,4925,396.919899885404,66,50
72,1652,985.993659720905,72,0
68,8321,4482.97529541723,84,16
52,5652,1839.80127555521,68,16
87,3725,2958.74939894701,91,4
87,5679,4510.80210379063,87,0
72,7897,4713.31230678934,74,2
4,9135,478.544461950942,72,68
5,7381,398.731294319531,89,84
75,3194,2043.810780719,80,5
38,1708,328.568020430964,92,54
49,6394,1868.57131123873,80,31
68,1811,975.684203821729,83,15
0,3169,204.819356744846,22,22
46,2817,736.797812557135,86,40
6,7339,409.494354238333,71,65
7,8041,464.05071474499,79,72
91,9575,8022.79028904724,91,0
66,6733,3432.89651492751,79,13
27,6746,838.586304035015,50,23
52,4744,1544.23518245469,87,35
66,3447,1757.49209668129,72,6
25,6370,731.170729564477,80,55
43,9864,2303.15205227624,78,35
56,6465,2416.21742960002,87,31
92,4703,3991.89634438266,92,0
68,6709,3614.50321559359,79,11
78,3106,2117.4074886885,81,3
43,7965,1859.75325389095,49,6
36,2295,408.089222369917,77,41
6,2335,130.286049481742,7,1
23,1055,111.856733603182,25,2
52,7164,2331.97741296488,87,35
38,3734,718.309712113126,90,52
7,3102,179.018196385892,77,70
35,6365,1087.92523539634,82,47
94,3610,3149.49840944255,98,4
22,7334,747.430650039832,79,57
23,4037,428.024297209521,84,61
18,8031,699.433212328799,67,49
68,9170,4940.37777418291,68,0
40,9257,1925.34204431985,71,31
70,2735,1552.97719367367,73,3
18,9739,848.1857869344,82,64
40,9750,2027.8799753828,78,38
93,4955,4262.06403816102,98,5
99,1127,1073.33333333333,99,0
57,1999,772.499414374904,73,16
34,1663,273.204417043123,60,26
62,2220,1006.30528472679,74,12
2,8232,408.149908207572,64,62
28,8382,1084.34703229164,63,35
42,5638,1266.90444183114,81,39
3,1726,87.8568942073209,78,75
86,2587,2025.38187424857,90,4
89,5065,4134.82337692223,91,2
74,8769,5486.28242250541,75,1
34,2293,376.703384413639,90,56
4,6356,332.96426931146,78,74
59,2085,860.173406808988,77,18
31,6194,903.123604591903,70,39
86,2840,2223.45748854501,87,1
73,4134,2527.07367521725,88,15
35,1661,283.903191829273,90,55
13,3767,270.670998791303,90,77
78,9435,6431.98314738441,78,0
55,1515,547.347175446634,80,25
59,3673,1515.30787683905,74,15
54,2586,902.756081382299,77,23
57,8363,3231.82221231482,83,26
82,6895,5064.34848125789,82,0
61,8035,3531.54929194928,77,16
54,2342,817.577239983505,73,19
48,9072,2555.75800463352,85,37
50,2792,846.100961347044,84,34
55,6666,2408.32757196519,91,36
56,3791,1416.84149661464,66,10
15,7717,598.468255144725,59,44
12,4340,300.292599608785,66,54
70,1451,823.901246076961,80,10
6,7772,433.654465341371,78,72
77,8413,5619.45978463235,92,15
79,3818,2654.54633492578,82,3
65,7727,3828.99403442102,65,0
69,4327,2394.0326981302,78,9
79,6627,4607.56379296835,79,0
30,2932,410.79583658287,80,50
56,2731,1020.6790100909,71,15
68,5975,3219.05749190217,70,2
43,7705,1799.04567749275,64,21
84,4027,3057.63865420149,91,7
48,3156,889.106289971714,80,32
77,1576,1052.68853210277,91,14
26,2953,352.731136543351,28,2
98,1439,1349.26628347923,98,0
17,3699,309.866849768987,82,65
27,2274,282.677921045897,57,30
23,2582,273.757427643047,91,68
55,3969,1433.94121409088,91,36
97,6472,5962.01834152933,98,1
62,4458,2020.7698014919,73,11
77,1499,1001.2564147348,91,14
40,2249,467.764314321631,85,45
47,1377,373.84436703372,89,42
13,6641,477.177091312196,42,29
51,8512,2673.93137739198,88,37
23,6340,672.200655018172,74,51
25,4864,558.306817676863,30,5
75,3526,2256.25448115691,90,15
38,8860,1704.39851347678,83,45
87,5348,4247.89041223319,89,2
66,4923,2510.04745922889,75,9
5,3407,184.05060557467,84,79
31,3277,477.806918348025,80,49
41,2196,474.792975233302,56,15
84,4381,3326.42536480177,86,2
89,3313,2704.57450103521,90,1
45,5652,1423.80786150422,66,21
32,1537,233.21021000298,65,33
64,9954,4791.01694900291,88,24
86,7701,6029.17116876238,89,3
18,6437,560.609088253079,40,22
33,7171,1132.19832594435,84,51
69,7921,4382.51282687528,87,18
34,1319,216.690695177318,90,56
57,8209,3172.31000130244,62,5
44,4125,1000.55842829875,91,47
98,7203,6753.83255031333,99,1
44,7357,1784.511116847,80,36
55,4410,1593.26801565654,70,15
75,1176,752.511420828284,75,0
31,6320,921.495185828354,75,44
16,4078,328.657736392422,78,62
63,5116,2390.34037921746,92,29
1,2100,101.708836254682,77,76
95,6805,6032.32196782124,96,1
48,7008,1974.28925225658,88,40
54,7187,2508.93579152923,87,33
66,4462,2275.00137377195,79,13
8,1240,74.1014704396902,60,52
1,5336,258.43730964523,65,64
64,4033,1941.14640901434,82,18
10,6492,416.995932412895,87,77
38,1848,355.499825384321,88,50
6,8422,469.922530507595,75,69
83,5370,4011.57555259479,92,9
58,6090,2432.26398250211,78,20
97,6979,6429.06767699833,97,0
99,2015,1919.04761904762,99,0
63,6240,2915.50507551153,75,12
11,1822,121.437253874364,44,33
59,6122,2525.65064579598,63,4
70,5698,3235.41647150002,91,21
16,1701,137.088477097477,91,75
37,6364,1177.1062687431,78,41
14,4305,321.328758050443,79,65
29,7099,955.749429144672,49,20
62,4797,2174.43533821369,89,27
24,9811,1082.27500408635,65,41
7,3878,223.801600768694,85,78
43,4372,1020.82124620354,90,47
24,1980,218.418561623787,89,65
2,2941,145.817405252487,61,59
70,5189,2946.39804679073,76,6
30,7984,1118.62004068132,62,32
53,2477,835.167730085538,88,35
78,5721,3900.09280192752,86,8
4,3340,174.968637429244,82,78
62,1447,655.911597747594,73,11
93,7703,6625.76776709473,97,4
1,3461,167.62584870355,86,85
66,5052,2575.8195742483,80,14
88,5590,4502.35048800603,89,1
62,7645,3465.40716294427,69,7
93,9927,8538.75069764369,94,1
81,1197,863.851592654293,92,11
69,4082,2258.47965652126,90,21
56,6391,2388.56080318233,87,31
42,1948,437.731438929949,86,44
41,6284,1358.65166501187,81,40
93,4878,4195.83216511594,96,3
28,5016,648.900586253265,84,56
19,5013,453.997729538505,64,45
38,9697,1865.41223309078,55,17
88,3745,3016.33319813642,91,3
62,2269,1028.51652749778,71,9
2,1296,64.2568368606673,52,50
16,9747,785.538733844271,83,67
22,6719,684.754095666435,75,53
70,1436,815.384003698495,72,2
47,4526,1228.77240754874,91,44
54,2014,703.074535152339,65,11
83,7717,5764.86564979032,84,1
1,5340,258.631040761906,79,78
25,5389,618.568141542067,69,44
22,4774,486.533122892032,65,43
77,1086,725.393239761172,84,7
19,5065,458.707061662184,61,42
29,4876,656.463476054292,85,56
34,7038,1156.23132119633,87,53
37,7331,1355.96575363854,55,18
99,6036,5748.57142857143,99,0
18,6957,605.896757336752,85,67
13,4688,336.847794620024,89,76
1,5267,255.095447882576,60,59
89,3578,2920.9078070341,96,7
36,2075,368.969558351886,56,20
84,2408,1828.35705967648,93,9
15,2544,197.292113656626,82,67
27,2282,283.672390425127,41,14
63,5882,2748.2373163716,68,5
7,6910,398.780057068509,49,42
18,2148,187.072909984094,79,61
70,7418,4212.0602642308,91,21
9,4330,268.161827495292,78,69
53,5073,1710.4585767961,74,21
77,9509,6351.5325201556,87,10
5,1430,77.2504743092981,68,63
90,2773,2293.6432122925,93,3
7,1540,88.8742818937053,89,82
44,2074,503.068649767661,80,36
66,7584,3866.78852951288,90,24
68,1401,754.794903122166,86,18
92,4087,3469.03686146969,94,2
87,6427,5104.934869002,90,3
67,5650,2962.15238270696,73,6
63,4614,2155.79173371958,72,9
86,2389,1870.36617610353,94,8
39,3176,635.341850580369,87,48
84,5953,4520.02058814539,84,0
79,6191,4304.4254477542,86,7
53,8057,2716.57101384706,67,14
31,4278,623.758924837611,59,28
34,3974,652.864914810205,69,35
1,5126,248.266426019762,72,71
93,5018,4316.25375247064,96,3
92,8375,7108.68209317559,93,1
77,7543,5038.34365333197,79,2
56,3410,1274.447244383,83,27
46,3701,968.011609610918,56,10
92,2434,2065.97399579575,92,0
0,3212,207.598540190737,68,68
86,5735,4489.97489324143,98,12
62,2523,1143.65235737193,93,31
87,6107,4850.76042399179,89,2
21,9550,935.581899064587,55,34
22,1108,112.919710968658,87,65
56,3195,1194.09353249375,69,13
51,7038,2210.893918478,62,11
32,4777,724.817939612385,86,54
3,1190,60.5734091000648,89,86
30,6513,912.521583787254,71,41
66,2880,1468.40070740995,66,0
34,3483,572.201433891279,86,52
61,4383,1926.4194830882,93,32
68,3092,1665.82857990988,93,25
10,3913,251.340893951272,80,70
82,5839,4288.72092560766,91,9
70,9430,5354.5063752624,79,9
15,1195,92.6745581052152,54,39
73,4302,2629.77042834654,90,17
78,3340,2276.92885132633,83,5
69,3096,1712.94782376037,71,2
44,9626,2334.87889231606,72,28
38,3129,601.925840707544,80,42
41,9922,2145.2167123246,59,18
74,8853,5538.83661608397,84,10
54,5315,1855.43254932209,56,2
14,9008,672.364565044921,84,70
39,9515,1903.42497111846,83,44
93,3839,3302.13195610498,95,2
78,5816,3964.85574829759,90,12
22,6460,658.358603662028,71,49
46,4900,1281.61493842029,61,15
96,2678,2419.84414059903,97,1
1,6020,291.565330596755,86,85
29,9410,1266.88295932545,81,52
57,6636,2564.4352745332,63,6
14,5310,396.342788675459,80,66
25,9443,1083.90034525547,82,57
53,2490,839.550927700036,81,28
58,5555,2218.59218765176,73,15
94,6171,5383.81016195845,96,2
96,9164,8280.60183138519,96,0
7,6754,389.777207733822,70,63
52,3319,1080.37870374518,71,19
43,6411,1496.90873957249,45,2
49,9102,2659.95246714027,77,28
15,7087,549.610538319381,61,46
56,5580,2085.45912717218,79,23
29,1071,144.19039845245,73,44
89,8365,6828.78530068203,90,1
85,1360,1048.88786583029,88,3
24,2598,286.591627827576,67,43
56,3871,1446.74055220134,70,14
82,6604,4850.61020597927,88,6
69,1174,649.548044281224,89,20
18,5269,458.886016157445,74,56
9,9900,613.11826609778,83,74
1,4973,240.856210806921,42,41
16,3630,292.552129255638,90,74
67,1231,645.382227099516,73,6
58,5305,2118.74555454412,81,23
26,6228,743.924659123599,64,38
43,6391,1492.23892600339,90,47
96,2661,2404.48291939284,98,2
94,5275,4602.10640160927,98,4
35,1904,325.437493824765,86,51
68,9420,5075.06637217045,80,12
59,2906,1198.8795780273,66,7
0,3675,237.523236363935,25,25
1,8069,390.804095113824,87,86
63,6586,3077.16609412162,65,2
57,1003,387.602257437733,89,32
74,8597,5378.67145470167,87,13
27,9448,1174.46833686967,81,54
79,7007,4871.76693787977,86,7
39,8441,1688.57700275469,84,45
41,2886,623.976560347591,42,1
79,2958,2056.6129017052,93,14
42,2137,480.201275663912,79,37
23,2318,245.766737907275,77,54
36,6137,1091.26080944845,66,30
22,1582,161.226518729618,69,47
77,8180,5463.82753337604,88,11
81,1894,1366.86292104196,82,1
59,1153,475.673831199407,79,20
86,4235,3315.61354365779,88,2
96,9113,8234.51816776661,97,1
94,9006,7857.16971618827,95,1
89,5854,4778.92518233025,92,3
19,7747,701.599922348853,75,56
4,3634,190.370068388585,84,80
3,6599,335.902459370863,80,77
60,1725,734.739884677339,92,32
95,5151,4566.12644470936,97,2
62,1542,698.9742112832,84,22
86,4365,3417.39152728838,96,10
99,9916,9443.80952380952,99,0
64,2289,1101.73174565679,91,27
41,4818,1041.6905986676,76,35
87,1296,1029.40650229136,87,0
96,4757,4298.43113399164,96,0
6,2184,121.860698958512,75,69
96,3340,3018.02816639312,96,0
7,5447,314.349489269489,67,60
0,1434,92.6825363118049,77,77
66,4199,2140.90783694944,85,19
71,1611,938.164715304505,74,3
92,4061,3446.96811706102,92,0
5,6579,355.406203133477,79,74
22,4093,417.130304146855,75,53
62,3537,1603.28909553092,75,13
14,5315,396.715992807922,81,67
59,9529,3931.21937337307,83,24
24,9446,1042.01097631227,89,65
15,4478,347.277549117284,79,64
55,4361,1575.5650377048,69,14
1,1050,50.854418127341,79,78
92,9803,8320.7654399284,94,2
29,5563,748.955356294099,57,28
11,9866,657.574065161622,87,76
26,1281,153.013405320702,75,49
66,8865,4519.92092749627,69,3
50,9406,2850.43898367847,71,21
1,7777,376.661723596506,57,56
60,9772,4162.2482046765,77,17
63,2052,958.752630600907,75,12
45,1563,393.738798218523,86,41
57,2452,947.558061054159,78,21
50,1111,336.682724948627,89,39
82,5465,4014.0194996482,92,10
11,9855,656.840909402775,47,36
24,5094,561.93139035938,79,55
69,6270,3469.05130974725,84,15
53,4505,1518.94655794725,76,23
78,5283,3601.5015334003,86,8
57,6278,2426.08870607586,86,29
48,3053,860.089196224222,80,32
71,3828,2229.23310377756,72,1
35,6803,1162.78953282031,61,26
38,9648,1855.98610135711,91,53
95,9751,8643.81653317045,95,0
17,7558,633.136969600974,50,33
89,9255,7555.33866799906,99,10
87,6479,5146.23821631616,93,6
85,4971,3833.83939782529,85,0
53,6336,2136.30308349696,72,19
35,3072,525.075620288697,84,49
77,6033,4029.73979325888,79,2
86,8281,6483.25755726805,88,2
38,1815,349.151614216744,76,38
91,4020,3368.315087412,91,0
42,8276,1859.68449105968,73,31
41,3672,793.916122521259,77,36
74,1050,656.927419732088,95,21
63,4978,2325.86286312442,86,23
35,1406,240.317813192027,84,49
97,1672,1540.24948501808,97,0
51,5731,1800.31728428494,79,28
75,9037,5782.69193029354,86,11
63,4371,2042.25523799053,87,24
77,2715,1813.48309940293,95,18
39,9312,1862.81590447242,73,34
51,6140,1928.79918434995,64,13
54,4325,1509.82987315485,60,6
44,9213,2234.70176967669,89,45
83,3920,2928.37544993884,90,7
34,4328,711.021477427923,80,46
64,4172,2008.04929789433,79,15
34,9256,1520.61339997062,57,23
55,4046,1461.76017944362,80,25
31,1264,184.299037165671,73,42
95,2537,2248.934729223,97,2
52,1911,622.055951448337,72,20
81,1703,1229.02194009211,81,0
12,9524,658.983114901858,70,58
31,4322,630.17439765034,87,56
87,4333,3441.68084446642,92,5
73,3375,2063.10441554384,94,21
69,3736,2067.04556510618,79,10
81,7246,5229.29710975188,82,1
17,2660,222.829364797379,46,29
3,2955,150.415482261085,65,62
19,4995,452.367576111078,61,42
31,8525,1242.99785746625,77,46
3,4026,204.931550451144,73,70
59,6823,2814.8504338886,85,26
68,5295,2852.70450537607,95,27
98,3796,3559.2875692058,98,0
29,7964,1072.20572668096,82,53
9,1551,96.0551950219855,81,72
0,1082,69.9320113593954,34,34
67,8385,4396.04384584033,83,16
19,2342,212.101073724153,79,60
9,4584,283.892336544669,72,63
33,8997,1420.4976068221,77,44
50,2721,824.584783605052,89,39
96,9527,8608.60908419977,97,1
5,1583,85.5157348472859,87,82
51,3422,1074.97570176637,85,34
92,4952,4203.24701198872,94,2
56,3446,1287.90181939701,76,20
29,5456,734.549779604639,50,21
72,1435,856.477543401633,72,0
1,3263,158.036158428108,88,87
30,5881,823.973504414685,45,15
30,3348,469.080648321776,82,52
42,4312,968.94146030079,91,49
78,6051,4125.05882616037,86,8
27,8744,1086.95503149751,86,59
10,6063,389.440286232191,84,74
9,1067,66.080524234983,32,23
15,6909,535.806294517935,49,34
61,7695,3382.11223416922,74,13
55,5460,1972.61754319381,82,27
91,6287,5267.81018770131,95,4
51,6658,2091.52198198729,85,34
47,5123,1390.85308083787,88,41
75,7148,4573.93846605491,78,3
45,5159,1299.61513756197,79,34
15,1333,103.37672464791,47,32
82,6118,4493.64525139025,90,8
99,5505,5242.85714285714,99,0
56,5306,1983.05486178774,73,17
68,4567,2460.49130803635,73,5
55,1151,415.839339233713,60,5
9,4170,258.252845416944,55,46
19,5668,513.317201480999,72,53
72,9798,5847.92123362314,74,2
70,7480,4247.2648660618,84,14
83,7416,5540.00824917001,88,5
29,1701,229.008279895068,47,18
23,9098,964.618542485068,66,43
33,8174,1290.55767902233,84,51
56,4813,1798.80193173471,76,20
60,5171,2202.5159093719,83,23
39,6540,1308.29209785756,81,42
70,3420,1941.93126229029,78,8
14,4072,303.937445477678,68,54
47,8280,2247.95305667335,75,28
67,3389,1776.76715486617,76,9
56,1159,433.162567812285,66,10
47,2596,704.793011488407,87,40
92,6683,5672.51611088865,92,0
94,7868,6864.33614556621,98,4
73,2961,1810.03027390379,85,12
38,1521,292.594823814693,87,49
78,7541,5140.81451133289,87,9
52,4215,1372.03863702498,79,27
73,1362,832.577248583913,75,2
71,5238,3050.34561065487,90,19
35,8877,1517.28394573658,67,32
81,4066,2934.35302901617,84,3
72,5087,3036.16812772412,96,24
61,1139,500.61414356319,67,6
95,4276,3790.4788735347,96,1
44,3197,775.463101883902,79,35
1,4312,208.84214377628,72,71
8,6542,390.94501581972,86,78
40,2871,597.132657366565,44,4
75,4903,3137.38392544309,92,17
48,1100,309.89129244895,88,40
82,1440,1057.67393952304,86,4
39,6279,1256.08044074123,59,20
40,3913,813.855830120295,83,43
82,8882,6523.79161864141,83,1
83,3963,2960.49793574174,87,4
88,2615,2106.19794743037,89,1
39,6083,1216.87168673816,73,34
99,2803,2669.52380952381,99,0
79,6799,4727.15047961247,82,3
1,9526,461.370654362905,85,84
22,5928,604.140836301626,84,62
83,6488,4846.76018347021,93,10
37,1163,215.11228638407,78,41
98,6178,5792.74989529859,98,0
90,9097,7524.44006571399,92,2
33,5269,831.899732171352,44,11
74,4465,2793.5056467655,89,15
64,4027,1938.25851453031,76,12
19,9871,893.958026785275,40,21
61,1994,876.404391804215,61,0
22,6665,679.250788453161,75,53
59,6138,2532.25149687941,71,12
56,5750,2148.99462029391,85,29
47,9759,2649.4895990429,80,33
38,7985,1536.07473251829,83,45
85,3407,2627.61835212045,85,0
2,8258,409.439011416197,81,79
92,8949,7595.89206588996,95,3
21,1844,180.650578206817,86,65
55,3253,1175.2609648369,69,14
86,9606,7520.61008273359,91,5
45,4391,1106.14655340853,78,33
69,3651,2020.01695883369,84,15
4,4122,215.934348348307,71,67
99,4965,4728.57142857143,99,0
58,8270,3302.92662320073,81,23
64,9988,4807.3816844124,70,6
54,4320,1508.0844050934,93,39
95,2764,2450.15987054488,97,2
17,6338,530.937035370597,33,16
94,3340,2913.94035665876,97,3
27,8624,1072.03799080907,87,60
41,3813,824.401463827222,83,42
36,5921,1052.85241204892,88,52
13,8942,642.511301086231,70,57
98,8194,7683.03539043002,98,0
0,8530,551.312437056971,78,78
70,5638,3201.34750198615,84,14
73,6462,3950.1572542946,84,11
61,2601,1143.19349201743,80,19
81,5193,3747.68698467313,86,5
9,1761,109.060733999817,82,73
27,6628,823.917880691385,84,57
51,1060,332.984875474095,64,13
96,2542,2296.95437094949,99,3
62,4364,1978.16047862509,85,23
98,6669,6253.13192809102,99,1
57,4023,1554.6599019661,67,10
67,3289,1724.33967906605,78,11
25,6727,772.148429792816,50,25
14,3075,229.520541464602,75,61
10,6446,414.041247740838,77,67
12,3707,256.494162845568,81,69
61,4913,2159.36548492182,74,13
36,3091,549.63127945334,60,24
1,4440,215.041539509899,90,89
65,5423,2687.28285863403,76,11
24,4466,492.655200106987,61,37
98,8247,7732.73039600639,98,0
52,8003,2605.08308709631,67,15
28,5748,743.596604821326,84,56
68,7063,3805.22227034394,91,23
87,1461,1160.46520049976,95,8
76,9783,6398.08661988482,76,0
96,1905,1721.36037634099,97,1
25,5598,642.55788761412,85,60
16,7477,602.592911968156,61,45
43,6207,1449.27664116775,84,41
13,5408,388.582097548014,89,76
81,9976,7199.48495264764,90,9
28,2834,366.623656587272,79,51
5,1119,60.4498466797934,57,52
71,7622,4438.66633150275,78,7
52,5044,1641.88917797248,89,37
66,8061,4109.99239667765,93,27
43,3710,866.250417066592,66,23
27,2987,371.310004469699,77,50
70,8388,4762.84193803828,72,2
26,8644,1032.51200280417,78,52
87,2250,1787.16406647806,89,2
73,5051,3087.62678604798,87,14
10,7359,472.685315253619,74,64
34,3181,522.587643183508,84,50
80,3994,2830.14676271732,89,9
26,5263,628.656949416747,33,7
97,4620,4255.95252439207,97,0
73,3256,1990.36088207725,82,9
33,3243,512.023312095596,71,38
56,9503,3551.63406550487,84,28
2,9552,473.596686491585,84,82
92,6865,5826.99732174931,97,5
76,8153,5332.06585014013,76,0
46,7933,2074.90842989555,71,25
23,4664,494.50218533198,89,66
59,9688,3996.81533101462,79,20
58,1341,535.577339989381,74,16
23,4868,516.131354673259,81,58
60,1843,785.00035215092,67,7
87,8809,6996.94589404678,91,4
12,3730,258.085575239808,84,72
73,9248,5653.21174368871,81,8
15,2388,185.194012347493,72,57
66,9767,4979.81587127536,75,9
44,1451,351.954007142178,64,20
39,4806,961.414651728355,83,44
68,9439,5085.30270561751,78,10
98,3879,3637.11182322163,99,1
17,2464,206.410358970204,70,53
46,3177,830.957277420667,56,10
78,1105,753.295323567543,81,3
62,9860,4469.44599432708,80,18
59,4359,1798.31936704095,86,27
43,8922,2083.20383317201,51,8
34,3186,523.409063559465,75,41
13,6596,473.943697379197,48,35
14,2026,151.222314473913,72,58
90,9120,7543.4641529418,95,5
86,4148,3247.50058538194,98,12
92,2701,2292.6030249155,92,0
73,1765,1078.92719805478,96,23
49,1559,455.599417300778,84,35
45,6068,1528.60334458733,48,3
83,9242,6904.09334396295,97,14
78,1708,1164.36960421119,91,13
13,4898,351.936966307354,67,54
46,8630,2257.21161603411,77,31
64,2071,996.804912737093,76,12
69,5453,3017.02341181049,77,8
85,6576,5071.6813277206,89,4
2,8815,437.055568616344,76,74
24,3119,344.064390759895,47,23
42,1889,424.473659208765,85,43
55,8555,3090.79543626795,83,28
78,6029,4110.06109121151,86,8
21,1287,126.083131318966,26,5
59,7638,3151.08128595063,83,24
19,3922,355.19231902055,80,61
60,5002,2130.53269748177,77,17
87,2089,1659.2825488323,90,3
29,9919,1335.41042226877,71,42
49,4059,1186.19501913012,62,13
41,6090,1316.70729470438,84,43
65,1312,650.141086212033,78,13
12,7203,498.388846770064,70,58
83,9190,6865.24754717805,98,15
56,5971,2231.59076135216,71,15
95,3964,3513.90511101299,97,2
37,1647,304.63451046824,56,19
0,4293,277.465919376973,63,63
9,7063,437.419627621073,64,55
18,3726,324.503567318778,69,51
28,3420,442.432217899954,82,54
4,1619,84.8126419155528,75,71
9,1292,80.0150302826598,82,73
35,6758,1155.09799541374,58,23
91,8628,7229.3090980574,91,0
95,5487,4863.97511204044,95,0
16,9090,732.589216235193,79,63
64,2026,975.145704106881,73,9
62,9140,4143.07671279407,74,12
70,4256,2416.62557085013,81,11
74,9586,5997.43451957313,79,5
84,7807,5927.73403857737,92,8
39,6830,1366.30505020904,81,42
8,8332,497.914073954434,86,78
91,4878,4087.22412845665,93,2
74,2206,1380.17322659903,84,10
52,7704,2507.75460489691,88,36
97,2552,2350.90710871181,97,0
65,3998,1981.14638923453,80,15
96,1917,1732.20359131006,96,0
47,1918,520.721493079648,54,7
41,7604,1644.04634957834,52,11
64,4505,2168.3274417579,76,12
72,9305,5553.67494170885,89,17
10,2033,130.584216049818,77,67
59,2074,855.635321689133,85,26
33,4685,739.694485713188,86,53
19,9909,897.399461798733,77,58
79,5041,3504.86329868017,79,0
89,5299,4325.84976787974,89,0
94,7286,6356.57767623226,94,0
53,4701,1585.031691212,88,35
30,8552,1198.20122594021,85,55
63,6057,2830.00228243162,85,22
13,3476,249.761718024574,79,66
72,6482,3868.77173263372,77,5
49,4942,1444.24138569625,88,39
62,1563,708.493315327913,90,28
61,7770,3415.07629103247,65,4
4,5269,276.020883417571,88,84
43,4648,1085.26467345701,70,27
47,8596,2333.74450183141,80,33
1,8026,388.721485609561,82,81
87,1957,1554.43559026559,89,2
24,8479,935.338880812168,84,60
46,5602,1465.22589490418,60,14
57,2798,1081.26731436767,75,18
49,5689,1662.54335152285,81,32
52,2076,675.765648983123,81,29
12,9924,686.65985219299,49,37
54,7430,2593.76553931573,77,23
14,6038,450.681310362038,84,70
79,8680,6034.956046924,94,15
25,7099,814.847882131589,76,51
66,3163,1612.69147136725,90,24
31,1498,218.417688033366,72,41
41,6560,1418.32509905759,81,40
51,7677,2411.62725378739,85,34
88,6565,5287.64417777452,93,5
86,3268,2558.54192695954,90,4
46,3933,1028.69215363408,93,47
24,3909,431.211190599689,80,56
20,9623,906.355962004227,62,42
9,9063,561.281903600422,79,70
71,8670,5048.96839335199,79,8
96,4184,3780.66761921821,96,0
9,3137,194.27797987361,87,78
50,3460,1048.53485897592,65,15
29,3757,505.810762825262,54,25
21,4016,393.434231062134,67,46
94,5041,4397.95608919665,95,1
36,8644,1537.04716259938,47,11
82,2385,1751.77246233503,86,4
75,3398,2174.3484761688,91,16
39,5740,1148.25636723278,89,50
16,3396,273.693396956514,79,63
90,3598,2976.02894981191,90,0
59,4180,1724.47234554512,69,10
29,3008,404.971725999038,70,41
49,3501,1023.12608080181,62,13
44,6111,1482.28183159604,91,47
57,1901,734.62800736703,80,23
60,1799,766.259160889585,80,20
93,1869,1607.62819118526,93,0
37,5673,1049.29664716838,43,6
78,9800,6680.80920449043,80,2
84,5704,4330.95874933333,87,3
2,1388,68.8182789834925,76,74
17,2654,222.326742170016,73,56
25,3028,347.564359359692,62,37
10,5056,324.758384824337,72,62
60,2332,993.283136850757,65,5
48,3362,947.1404774667,75,27
77,4449,2971.70766454646,88,11
79,9235,6420.83169278146,84,5
80,9140,6476.60025318886,95,15
31,3738,545.023576681391,91,60
86,5952,4659.86583514786,86,0
83,9765,7294.79241547265,86,3
48,1953,550.197903775272,91,43
51,8435,2649.74285341886,66,15
17,3521,294.955711823899,72,55
75,3866,2473.81730690659,80,5
28,5061,654.722062804581,66,38
1,6454,312.585156756056,56,55
66,4634,2362.69752713116,69,3
7,5307,306.270009097334,78,71
13,3876,278.502997429013,74,61
32,2267,343.97367994584,77,45
3,3140,159.832356785045,61,58
42,7375,1657.22246514803,61,19
56,1475,551.263837379742,88,32
2,1851,91.7742322755364,86,84
43,1287,300.502503171079,72,29
19,7348,665.464854707548,50,31
45,4751,1196.83495223046,83,38
10,2204,141.567935156812,70,60
42,8511,1912.49090181355,83,41
70,7942,4509.59593131855,89,19
89,4067,3320.10398300942,89,0
6,5119,285.624962439846,78,72
71,4513,2628.14237130306,76,5
86,8635,6760.40683576979,87,1
29,7604,1023.73836585661,74,45
39,1150,230.051362773119,82,43
88,3268,2632.14336221891,93,5
48,9637,2714.92944120957,74,26
0,8799,568.698491637079,66,66
46,8650,2262.44269741541,75,29
74,2718,1700.50354936363,81,7
48,9350,2634.07598581607,73,25
43,3910,912.948552757514,73,30
40,2171,451.541274518569,86,46
93,7253,6238.6983791689,98,5
79,9093,6322.10314915667,89,10
87,7267,5772.14278715381,89,2
50,3118,944.893552106047,83,33
16,4626,372.822630836524,75,59
62,3808,1726.1308667746,80,18
16,9417,758.943085730122,81,65
25,1578,181.128322017699,65,40
68,8342,4494.28913764819,82,14
81,2356,1700.27932522432,83,2
92,4043,3431.68975554733,94,2
96,1040,939.745297320013,97,1
2,7232,358.569015568168,86,84
94,2817,2457.65568404423,95,1
78,9003,6137.48217020687,89,11
60,3601,1533.79613027426,69,9
99,6064,5775.23809523809,99,0
72,5622,3355.48205505504,93,21
61,1307,574.453630936865,73,12
25,1936,222.220805720067,71,46
49,4095,1196.71559579646,84,35
84,8703,6608.0529445035,92,8
60,3913,1666.68821376373,75,15
81,7676,5539.61973702118,84,3
55,4937,1783.66534995382,66,11
51,4187,1315.29025812268,58,7
75,7685,4917.5597526066,89,14
57,8611,3327.66005862046,76,19
77,8481,5664.88035581445,92,15
20,9422,887.424490699764,85,65
60,1940,826.316160158863,78,18
11,6023,401.436103230128,86,75
87,3099,2461.52064089579,98,11
90,5998,4961.15109532291,99,9
82,9570,7029.1247230802,83,1
57,3829,1479.68997380766,81,24
98,3843,3603.35672509429,98,0
64,6087,2929.76895404668,88,24
75,3988,2551.88396791088,88,13
88,8015,6455.51684460972,92,4
17,3551,297.468824960712,77,60
43,5743,1340.93696636481,91,48
54,6298,2198.59157020329,64,10
54,7013,2448.19350299074,72,18
57,1118,432.043194232688,72,15
63,3583,1674.0792765317,93,30
56,3789,1416.09402022498,85,29
5,7657,413.641176074332,77,72
59,9567,3946.89639469621,68,9
75,8857,5667.51161077901,91,16
85,6352,4898.92332628973,85,0
52,1291,420.2376940449,78,26
25,8761,1005.61801596772,36,11
36,9482,1686.05751917715,64,28
61,3290,1446.02329440114,80,19
70,6262,3555.66478493034,89,19
11,2603,173.491312752453,90,79
91,5200,4357.0244911797,98,7
72,5329,3180.60545560091,85,13
39,5546,1109.44770255627,52,13
27,4256,529.057709749929,84,57
22,8352,851.1781823197,72,50
45,8442,2126.64295237413,75,30
2,6448,319.697595738876,58,56
67,1324,694.13977959363,82,15
74,4073,2548.25274339885,89,15
67,9977,5230.68926057829,76,9
89,4007,3271.12285712288,93,4
77,1756,1172.91945582009,83,6
50,2768,838.827887180737,56,6
8,8363,499.766610715427,75,67
87,4456,3539.37914676722,96,9
0,4255,275.009896796883,76,76
79,9614,6684.3395662589,79,0
35,3119,533.109003802229,82,47
52,3833,1247.69254939899,58,6
38,9131,1756.53079306506,72,34
34,2990,491.209384821971,63,29
8,5616,335.607949991371,62,54
28,1343,173.738733520362,82,54
61,3700,1626.22680525356,73,12
93,4242,3648.77409684744,96,3
22,6829,695.964536286067,61,39
74,6378,3990.3648410012,76,2
38,6912,1329.66168455434,67,29
18,2038,177.492826139471,78,60
68,4269,2299.94249923521,68,0
56,4205,1571.56910927581,85,29
27,9308,1157.06512273316,70,43
80,1715,1215.24829696049,83,3
59,6601,2723.26362510606,91,32
63,1662,776.533563381436,88,25
60,8594,3660.49540227076,90,30
88,5220,4204.3416006067,90,2
51,4074,1279.79281385044,75,24
40,4491,934.072714814783,75,35
57,3221,1244.73267318738,80,23
80,2059,1459.00655594265,86,6
45,8653,2179.79643057254,83,38
19,1835,166.185085518284,85,66
22,2770,282.299277421644,67,45
38,1858,357.423525738133,88,50
88,3590,2891.49163719886,97,9
27,4011,498.602085011036,63,36
27,4610,573.062979780821,39,12
71,8522,4962.78069759466,93,22
27,7588,943.254206198887,67,40
62,7835,3551.53239001548,64,2
86,1097,858.849600328831,87,1
85,4836,3729.72185232008,91,6
14,4680,349.31906798515,79,65
43,3969,926.724502786336,66,23
14,4189,312.670422177306,63,49
90,2221,1837.06511882497,94,4
10,4357,279.860024264169,73,63
30,7864,1101.80711421817,71,41
57,9150,3535.95279716377,85,28
13,6756,485.440209140973,81,68
19,5822,527.264069693433,66,47
15,2753,213.500467333605,67,52
56,6699,2503.67216719111,60,4
22,6533,665.798259709602,83,61
69,6587,3644.4403472576,90,21
82,5126,3765.02542638549,89,7
97,5515,5080.4281757624,97,0
58,3902,1558.40624954404,81,23
74,1857,1161.82306518332,77,3
77,9042,6039.60006806677,81,4
30,3148,441.059104216533,70,40
89,1863,1520.86395877712,89,0
6,9019,503.233353437189,70,64
67,3257,1707.56288681001,78,11
45,1136,286.172280726962,91,46
71,9540,5555.61228057416,81,10
47,9256,2512.92916576914,59,12
12,2777,192.145748643685,75,63
0,6726,434.715996675872,89,89
85,8346,6436.77803545562,87,2
96,8502,7682.41780559111,97,1
13,4840,347.76948079371,25,12
78,2129,1451.3717139143,96,18
27,1124,139.722947781701,68,41
48,3466,976.439290570964,76,28
77,6830,4562.09560549613,81,4
21,6230,610.332484939516,79,58
57,7694,2973.29189304678,61,4
35,7395,1263.97598048012,84,49
24,3202,353.220320363317,90,66
69,7431,4111.40674365739,74,5
55,4084,1475.48901948782,59,4
72,6378,3806.69949255444,78,6
12,2561,177.200310506474,60,48
13,1871,134.437334414263,62,49
45,9612,2421.38024854539,76,31
72,3976,2373.06948610794,78,6
62,4595,2082.87062311693,88,26
6,4688,261.576445383473,72,66
88,7580,6105.15504455916,99,11
34,5974,981.433065192794,83,49
18,1391,121.144514798824,69,51
21,8671,849.469177674244,85,64
5,8137,439.571405213118,83,78
88,7276,5860.30449923647,93,5
57,6240,2411.40387478709,78,21
69,7045,3897.8415434082,90,21
71,1060,617.290253397129,71,0
5,9104,491.810012665629,68,63
63,9204,4300.3699863795,90,27
52,3976,1294.24095392914,54,2
79,9417,6547.37109376535,88,9
51,2914,915.394270878787,72,21
68,9404,5066.44630189925,92,24
5,3924,211.97962320957,51,46
26,5508,657.921808357865,74,48
76,2092,1368.16898791772,91,15
79,5685,3952.61810216163,79,0
55,2047,739.550936065518,68,13
19,7769,703.592332093486,82,63
84,2417,1835.19062011547,88,4
1,8874,429.792482344785,74,73
39,7122,1424.71809188709,63,24
50,9073,2749.52507962096,82,32
77,1294,864.326751612298,78,1
58,3690,1473.73630466877,81,23
16,7950,640.713340931769,76,60
73,9418,5757.1310772124,82,9
81,8242,5948.090916171,88,7
98,7049,6609.43574165746,99,1
70,9373,5322.14085422423,76,6
77,2562,1711.28681424321,87,10
39,6008,1201.86833699208,69,30
55,4710,1701.6535949529,76,21
3,9619,489.626573221448,78,75
63,8452,3949.01424651017,69,6
1,3939,190.776717146282,36,35
54,9775,3412.39006013611,85,31
71,6985,4067.70983016882,84,13
32,1033,156.737896508184,86,54
74,1810,1132.41774258579,83,9
54,6671,2328.80348758752,86,32
82,5470,4017.69197860488,85,3
10,3278,210.553399021791,74,64
9,6954,430.669133580198,82,73
59,1103,455.0461715637,86,27
12,5832,403.526829704708,50,38
16,1420,114.441879763914,59,43
84,2665,2023.49317443431,92,8
16,8646,696.805980590702,30,14
83,6079,4541.22305106587,97,14
24,2008,221.507308959881,87,63
88,3974,3200.77653655384,94,6
72,6382,3809.08688640364,83,11
19,4656,421.666353227864,60,41
19,8366,757.659087436492,71,52
8,7328,437.915786598427,82,74
26,6314,754.19722185395,52,26
78,8797,5997.04883386758,79,1
57,5338,2062.83235314319,73,16
49,3637,1062.87048154133,74,25
58,3193,1275.24119805078,76,18
90,3477,2875.94570830906,96,6
70,7223,4101.33611331074,91,21
26,2528,301.965564910799,74,48
62,8812,3994.39737342903,63,1
44,8325,2019.30882802111,47,3
97,2123,1955.71151716112,98,1
95,3830,3395.12022582739,95,0
53,8112,2735.11531144686,77,24
74,6620,4141.7709701204,74,0
99,6374,6070.47619047619,99,0
78,1021,696.031244671911,83,5
26,6181,738.310584143058,66,40
16,3320,267.568338602953,71,55
61,1323,581.485963067691,84,23
60,3623,1543.16672590493,82,22
77,9854,6581.97512394713,86,9
97,1283,1181.90196727165,98,1
83,9914,7406.10056395247,86,3
29,3883,522.774339113785,83,54
73,4840,2958.64455443916,89,16
52,9339,3039.96888046887,81,29
22,1945,198.220972774403,85,63
83,7483,5590.05956425825,84,1
95,1319,1169.23331014786,96,1
73,3803,2324.73661994466,77,4
30,9261,1297.5375997933,82,52
62,6760,3064.24492105994,89,27
18,9165,798.195167599731,36,18
47,2180,591.852374824625,89,42
13,6746,484.721677155862,65,52
90,6399,5292.83192046871,90,0
81,6147,4436.17020889385,86,5
87,1976,1569.52719793807,92,5
87,3253,2583.84209255695,97,10
53,8917,3006.53639449848,85,32
32,3902,592.053506461697,65,33
63,3442,1608.2000753062,71,8
80,8160,5782.17265492572,85,5
67,5327,2792.81163587256,76,9
28,2352,304.269174415407,50,22
54,4617,1611.76520794357,89,35
23,6558,695.314179118166,74,51
32,6477,982.760266876579,77,45
59,5959,2458.40447538358,84,25
65,1196,592.659099931091,91,26
62,8970,4066.01729909877,74,12
73,1061,648.578899227262,96,23
39,4059,811.981288257468,45,6
86,3466,2713.55762510458,88,2
55,2281,824.091687916681,56,1
46,2117,553.709964211379,78,32
73,3293,2012.97861937359,73,0
83,2728,2037.9102621003,91,8
61,1663,730.923020847748,92,31
26,6418,766.619855853445,62,36
90,1131,935.488811072059,94,4
57,4210,1626.92472962398,57,0
84,1053,799.526571361851,89,5
83,7027,5249.4118078368,86,3
50,3588,1087.32458786289,85,35
57,5305,2050.07973649768,71,14
6,4280,238.811259863751,76,70
84,3271,2483.61957732632,86,2
85,8172,6302.58208791556,87,2
95,1830,1622.21149171387,98,3
87,6097,4842.81747258522,89,2
12,2260,156.373565694897,73,61
1,1164,56.3757549525952,65,64
98,5634,5282.6728569298,99,1
41,4375,945.910412862339,78,37
38,8398,1615.5235571307,68,30
80,4762,3374.3512478868,83,3
3,8992,457.711003888893,50,47
4,3443,180.364376846972,74,70
14,8655,646.01635329305,86,72
50,8258,2502.54360272346,72,22
78,1476,1006.21167202325,96,18
84,5583,4239.08532565357,91,7
34,6291,1033.51111702843,74,40
30,1654,231.738169750364,62,32
38,6111,1175.57328621406,56,18
28,3962,512.548668806905,75,47
49,2373,693.481345256412,62,13
27,4939,613.960533001622,71,44
23,5348,567.023517829209,84,61
71,9304,5418.17784679895,79,8
98,3372,3161.72752459483,98,0
65,3261,1615.93756260476,65,0
29,1699,228.739016779377,78,49
53,7584,2557.09005448878,58,5
85,8484,6543.20930419428,92,7
20,5586,526.125366700157,80,60
31,3561,519.215879230185,72,41
7,7163,413.380831951046,62,55
89,2472,2018.02238652552,91,2
67,4974,2607.74264629812,84,17
13,2865,205.859413734293,75,62
78,1646,1122.10326026441,84,6
86,6695,5241.56615697495,86,0
13,6885,494.709271748904,80,67
50,1887,571.845456325885,76,26
74,6889,4310.06951860414,83,9
38,3344,643.285398314486,65,27
72,3084,1840.68065773564,84,12
41,5366,1160.17263438156,85,44
22,7835,798.489111407429,75,53
69,9363,5180.33930034506,80,11
18,3127,272.335656201239,89,71
95,8253,7315.90789131943,97,2
99,5966,5681.90476190476,99,0
92,3430,2911.37666621997,96,4
58,8071,3223.44870324705,65,7
37,9945,1839.45974900222,90,53
62,8087,3665.76163855204,71,9
47,7545,2048.40649910633,86,39
73,4171,2549.69141251358,85,12
54,9508,3319.18206565464,63,9
39,4321,864.392990037083,77,38
1,4139,200.463272980061,66,65
21,2004,196.325248767061,86,65
28,6865,888.098589439527,63,35
11,4827,321.722077086473,25,14
43,8810,2057.05287718509,86,43
16,9372,755.316406441829,84,68
32,3641,552.451772687606,80,48
88,1464,1179.14867879085,93,5
52,5401,1758.09743263865,74,22
56,5146,1923.25675061434,72,16
34,1310,215.212138500596,87,53
39,1802,360.480483232313,70,31
89,4432,3618.07249881922,95,6
77,6948,4640.9136554886,80,3
52,5279,1718.38480779475,93,41
52,2875,935.850790378843,76,24
21,6466,633.452624015876,77,56
18,2436,212.155311322744,76,58
58,6774,2705.44437068461,80,22
4,6641,347.894227894494,79,75
32,6042,916.757377253094,75,43
9,6027,373.25896866377,62,53
68,1796,967.602887942477,86,18
60,5564,2369.90882222882,86,26
16,8235,663.682309757625,68,52
42,6686,1502.39856298031,74,32
72,8990,5365.6676760841,73,1
19,9461,856.826754271653,83,64
48,4448,1253.08769892084,60,12
43,3106,725.22204728001,83,40
71,1288,750.065892807078,72,1
75,9279,5937.54547097419,84,9
53,9442,3183.55014431476,73,20
62,8925,4045.61921900296,78,16
45,4405,1109.67332447383,80,35
33,8007,1264.19076779199,36,3
70,9745,5533.36846521019,72,2
86,8968,7021.11505537736,87,1
95,3516,3116.77355457156,95,0
39,6784,1357.10299569812,58,19
72,9672,5772.71832737324,85,13
6,4846,270.392375070032,86,80
22,4720,481.029815678758,88,66
62,2306,1045.28828224323,71,9
21,7117,697.228939857871,58,37
22,8411,857.191055015684,71,49
13,8923,641.14609031452,83,70
88,5939,4783.44535747188,88,0
12,8675,600.23924000143,82,70
7,4105,236.901900762117,65,58
44,4673,1133.48109950062,84,40
2,4231,209.776756757317,78,76
1,3321,160.845259619904,71,70
62,1831,829.975214565201,76,14
66,1714,873.902365451619,85,19
81,6934,5004.13278484951,83,2
58,5344,2134.32162930891,72,14
92,1954,1658.55102209733,94,2
74,1655,1035.4427425301,87,13
74,7581,4743.01597046567,75,1
78,4738,3229.96673580364,95,17
73,5199,3178.09773523331,94,21
46,8123,2124.60370301796,72,26
56,5560,2077.9843632755,85,29
61,7750,3406.28587586894,81,20
54,8973,3132.41698307941,82,28
92,7678,6517.06998345101,93,1
2,5131,254.399560132781,75,73
64,9039,4350.6130401886,93,29
87,4777,3794.34788691809,94,7
27,1617,201.0071232767,71,44
73,4927,3011.8268015954,82,9
13,7539,541.701263575162,89,76
58,6414,2561.66521900961,87,29
5,4772,257.789694688091,18,13
19,3609,326.845762199175,71,52
34,6907,1134.71010734627,84,50
20,3813,359.132836238399,74,54
33,2130,336.296532458717,51,18
91,4578,3835.85733088859,92,1
3,2105,107.148761475325,56,53
41,6077,1313.89658947758,68,27
26,4802,573.591235245909,87,61
64,6469,3113.63156952982,71,7
61,8893,3908.65810246484,63,2
38,9925,1909.27260115768,82,44
24,6751,744.719045213226,62,38
85,9981,7697.75719768542,85,0
5,9241,499.210932232324,77,72
84,4134,3138.88209497615,96,12
20,1512,142.409873693276,60,40
51,4289,1347.33219897018,93,42
56,7800,2915.15791970304,88,32
4,5743,300.851761903039,53,49
3,5314,270.493357947684,78,75
69,9305,5148.2491925356,87,18
97,7495,6904.40782907328,97,0
62,1663,753.822382207498,87,25
72,6480,3867.57803570912,74,2
82,3150,2313.66174270665,87,5
64,6549,3152.13682931686,88,24
36,7491,1332.02455981397,75,39
46,9292,2430.36040975538,74,28
5,7284,393.491227181068,80,75
72,5426,3238.49975644409,72,0
7,2672,154.202650142845,65,58
54,2887,1007.83325868163,69,15
57,5641,2179.92456052468,92,35
64,1699,817.75545472734,71,7
74,2055,1285.70080718994,76,2
34,5391,885.655449356269,60,26
52,8063,2624.61388619986,62,10
85,9276,7154.03223782486,97,12
89,3578,2920.9078070341,91,2
58,1185,473.273040930213,72,14
32,1304,197.856938089711,76,44
52,2214,720.686486921307,90,38
68,2223,1197.65101330519,84,16
51,6289,1975.60554892131,80,29
7,2136,123.269783198022,81,74
26,6053,723.021188451372,82,56
2,3372,167.18676998007,86,84
12,7534,521.291346878475,67,55
56,9835,3675.71514618967,85,29
67,7518,3941.49763065326,79,12
37,6009,1111.44430686318,81,44
7,8480,489.385656141962,77,70
6,8150,454.745740161114,72,66
43,7461,1742.07395194982,60,17
62,5640,2556.55937200859,89,27
13,2304,165.549769369568,82,69
94,1246,1087.05679173557,96,2
43,8867,2070.361845857,83,40
11,3544,236.209455395579,76,65
82,2959,2173.37304656158,85,3
23,4326,458.665620442999,78,55
57,5877,2271.1250916865,61,4
99,5565,5300,99,0
36,2233,397.064589783018,89,53
7,1009,58.2299678121744,18,11
10,6009,385.971743356298,90,80
41,3781,817.482804807429,76,35
90,3053,2525.24079593545,95,5
36,8096,1439.60363586355,92,56
74,5436,3401.00709872727,80,6
23,9169,972.146341618552,63,40
30,3277,459.133000164415,53,23
32,6667,1011.58911521787,61,29
64,4375,2105.75639460395,77,13
46,5478,1432.79319034007,82,36
44,1028,249.351288312997,91,47
19,7919,717.176943988714,55,36
2,1470,72.8839121799236,74,72
91,5475,4587.44405561709,97,6
13,6041,434.065172205538,88,75
85,3287,2535.06942278248,97,12
57,6529,2523.08588116746,73,16
46,6532,1708.47117913497,81,35
77,9059,6050.9552108623,93,16
28,9863,1275.9382939027,73,45
8,5703,340.80700477222,90,82
74,2275,1423.34274275286,76,2
19,1835,166.185085518284,87,68
52,6671,2171.49934699731,83,31
78,6370,4342.52598291878,87,9
67,6682,3503.20393296423,81,14
92,1303,1105.98361401884,98,6
83,6152,4595.75657347545,87,4
98,6161,5776.80998784957,98,0
97,4516,4160.14753250099,98,1
75,2568,1643.23922507401,91,16
62,1003,454.650540802237,81,19
41,4339,938.126921465072,72,31
61,9836,4323.12617742541,62,1
91,9867,8267.45397201349,94,3
67,3421,1793.54394712221,86,19
20,9818,924.722314762288,87,67
18,2374,206.755627701229,65,47
22,4518,460.443370177251,63,41
10,2551,163.856534748197,83,73
99,5239,4989.52380952381,99,0
48,9772,2752.96155437376,51,3
2,4227,209.57843318676,61,59
71,1268,738.418906893924,72,1
87,1316,1045.2924051045,92,5
35,3004,513.452852652098,76,41
17,5152,431.585296028608,84,67
21,5921,580.060777420044,85,64
98,9068,8502.53416163283,99,1
60,5871,2500.67122489314,86,26
73,5593,3418.94607292939,78,5
86,8264,6469.94812863944,92,6
95,6729,5964.95143592493,95,0
96,8585,7757.41670912722,96,0
3,5954,303.070653598139,88,85
67,7878,4130.2365435337,84,17
37,8237,1523.542478887,81,44
48,7680,2163.60466000721,69,21
83,3661,2734.89350056788,85,2
30,7579,1061.8764138682,84,54
3,3469,176.579122830357,65,62
7,5319,306.962535969233,83,76
93,1651,1420.11457659008,95,2
81,4357,3144.36206281934,93,12
61,2948,1295.70719510473,78,17
20,3382,318.538487321864,62,42
20,7726,727.68431491683,66,46
88,2787,2244.73180859979,88,0
71,2851,1660.27784192001,74,3
29,2831,381.141940260398,75,46
87,3563,2830.07358616059,88,1
25,7988,916.890390543335,74,49
44,5899,1430.85919237195,91,47
25,2087,239.55311029844,85,60
86,6518,5102.99151772409,88,2
2,3417,169.417910148843,82,80
66,2791,1423.02304666013,74,8
2,2074,102.830771334123,74,72
53,5991,2019.97976218912,84,31
31,1526,222.500261641467,83,52
15,1385,107.409425084287,69,54
6,3370,188.035968631037,87,81
59,4894,2019.03532514302,87,28
49,8426,2462.39941640562,67,18
14,2256,168.389704567201,80,66
31,9598,1399.44791037667,52,21
7,4834,278.972908229981,73,66
26,9023,1077.78294786002,80,54
73,5284,3230.05740199515,85,12
8,3378,201.866747697801,77,69
86,1007,788.387919353813,87,1
34,1232,202.397980635675,57,23
46,2728,713.519500410317,63,17
7,3028,174.747614009182,85,78
20,9372,882.715169479748,87,67
30,4730,662.709518089008,77,47
97,6166,5680.13057692673,98,1
20,8571,807.271843535096,62,42
36,9958,1770.6982467798,69,33
71,8325,4848.0578863501,73,2
5,7078,382.362837175673,86,81
16,7529,606.783741367961,89,73
56,1721,643.203433308838,74,18
1,1463,70.8571559240952,80,79
55,5766,2083.1708340761,75,20
10,3190,204.900958779596,81,71
54,8095,2825.91279148867,81,27
85,8548,6592.56873317453,97,12
53,5452,1838.24564571108,70,17
20,1407,132.520299131243,39,19
4,4339,227.302071199249,63,59
64,2988,1438.17145304608,83,19
68,1048,564.614602763762,86,18
22,2544,259.266917603127,74,52
11,3384,225.545371630542,81,70
62,6366,2885.64839755438,83,21
39,6110,1222.27289264674,83,44
55,2597,938.257831442183,74,19
71,2668,1553.70792081466,94,23
74,2989,1870.05338817068,85,11
12,7279,503.647426855379,65,53
8,6320,377.678462241002,83,75
73,5202,3179.9316058249,78,5
6,3343,186.529449001056,42,36
89,8262,6744.7010345768,90,1
74,1866,1167.45387163817,91,17
73,9306,5688.66657512621,81,8
6,1470,82.0216242989985,72,66
45,2579,649.68161267151,88,43
18,8583,747.507814894543,77,59
77,8535,5700.94963292965,89,12
80,7600,5385.35688448964,86,6
1,5094,246.716577086357,87,86
31,9249,1348.5615464757,81,50
90,8894,7356.53181757285,94,4
11,9382,625.315211772383,58,47
60,9246,3938.20578187054,81,21
43,6102,1424.76011993001,73,30
98,6554,6145.30314240644,99,1
96,1247,1126.79075553659,97,1
34,7986,1311.97262447768,73,39
54,3040,1061.24458136202,64,10
49,5600,1636.53414809773,55,6
28,5161,667.658677363059,78,50
9,3614,223.819132694685,70,61
12,3901,269.917380431767,78,66
80,2420,1714.81100795591,88,8
64,4447,2140.41112841229,84,20
92,8774,7447.35244006241,93,1
20,4537,427.323807504227,50,30
36,9379,1667.74240375053,50,14
74,5897,3689.42951824773,89,15
45,9924,2499.97686085772,54,9
25,9129,1047.85833441038,80,55
63,1637,764.85285394429,75,12
58,3916,1563.99766099807,78,20
33,5688,898.053838791166,74,41
52,4278,1392.54597608372,82,30
61,1227,539.291970282734,69,8
0,6477,418.622585558968,34,34
42,1076,241.785948813462,87,45
67,9495,4977.98882722169,68,1
36,5755,1023.33484738077,77,41
46,9303,2433.2375045151,81,35
44,8702,2110.75380437714,66,22
52,5033,1638.30853147016,78,26
44,1457,353.409364856067,88,44
81,7468,5389.51018708626,97,16
19,7165,648.89162819537,67,48
1,2339,113.284270476048,64,63
57,2083,804.960620381653,69,12
19,9701,878.562133304017,23,4
52,9240,3007.743061948,84,32
23,4066,431.099032066859,64,41
65,3916,1940.51257134628,87,22
31,1695,247.141509490358,43,12
62,8244,3736.92827355298,67,5
49,7559,2209.0288616912,83,34
63,5947,2778.60716090818,68,5
77,5450,3640.32519033,89,12
16,5952,479.688780531559,71,55
63,5487,2563.6821072647,88,25
73,3093,1890.72057993395,89,16
52,1313,427.398987049538,85,33
4,1698,88.9511216631308,56,52
2,4742,235.112592896053,42,40
53,7827,2639.02213297517,77,24
82,9552,7015.90379883616,86,4
62,1320,598.343682810522,82,20
38,3117,599.617400282971,83,45
63,9646,4506.88492922824,80,17
33,8100,1278.87413751906,54,21
66,9798,4995.62157333428,73,7
58,3642,1454.5657511121,89,31
52,7212,2347.60205224773,62,10
11,2720,181.289424005637,77,66
38,4688,901.83072586672,91,53
11,7505,500.212179103788,88,77
6,6114,341.143000655834,70,64
67,5135,2692.15088233632,88,21
36,9425,1675.92196986339,88,52
31,1736,253.119563702219,78,47
87,5755,4571.16853448056,94,7
17,6690,560.424229509198,62,45
70,4993,2835.10607971211,82,12
67,8568,4491.98612655455,81,14
96,9166,8282.40903388004,99,3
5,2641,142.670281574025,83,78
28,4350,562.742733293801,78,50
8,3835,229.176725109848,49,41
43,5030,1174.45811262667,49,6
27,8932,1110.32506190939,53,26
78,8987,6126.5747266077,90,12
71,9685,5640.05292844452,73,2
23,6498,688.952658723672,75,52
58,9024,3604.06406865337,75,17
61,8163,3587.80794899589,78,17
19,2597,235.19491394604,71,52
58,1400,559.141145402784,76,18
81,4214,3041.16174723909,93,12
24,9932,1095.62280507447,74,50
79,6115,4251.58481877192,85,6
88,6045,4868.82087656466,88,0
86,1376,1077.28081135139,94,8
38,1960,377.045269347008,59,21
19,5621,509.060689753828,86,67
51,7441,2337.49099849316,83,32
89,2736,2233.5393404263,90,1
15,3769,292.293229705905,71,56
86,6754,5287.75770339191,89,3
34,9481,1557.57731688866,55,21
19,2303,208.569074631394,77,58
83,6474,4836.30169972042,83,0
46,1093,285.878597488445,93,47
98,6761,6339.39495663868,98,0
36,6065,1078.45801031527,80,44
82,2714,1993.4215776844,86,4
11,3451,230.010956707151,82,71
49,8436,2465.32179881293,88,39
78,8551,5829.34688853037,93,15
45,9425,2374.27266360178,54,9
33,4601,726.432087250027,80,47
49,4853,1418.23218227112,54,5
55,9812,3544.93101351972,77,22
72,4911,2931.12279835918,86,14
88,6009,4839.82541725013,90,2
89,4726,3858.08001566327,90,1
73,7262,4439.18941205314,89,16
61,2653,1166.04857144262,78,17
93,6681,5746.69017940541,94,1
75,4346,2780.96482561201,79,4
36,1403,249.476766442263,78,42
20,7926,746.521599796893,66,46
43,5641,1317.12091716244,91,48
43,4646,1084.7976921001,50,7
65,5323,2637.72942218495,82,17
19,3325,301.125563677544,87,68
78,6579,4485.00446493291,87,9
34,6805,1117.95313167676,55,21
45,8775,2210.52972128441,77,32
28,5295,684.99374087142,80,52
83,8452,6313.93604665385,87,4
45,9968,2511.06099849151,73,28
15,6285,487.413889281404,78,63
12,5307,367.201112010097,77,65
32,9057,1374.22568119518,81,49
39,8411,1682.57566285626,71,32
58,2274,908.204974747093,68,10
99,6803,6479.04761904762,99,0
91,9932,8321.91677815323,93,2
30,7663,1073.6454623924,77,47
10,9837,631.852893891813,86,76
89,4959,4048.29005452267,98,9
67,1708,895.461286666103,88,21
26,3826,457.009593096803,69,43
61,6246,2745.24665557128,76,15
41,2512,543.114733053759,72,31
26,5610,670.105545549677,86,60
16,4141,333.735087396032,90,74
18,3341,290.973273862597,75,57
79,6556,4558.19952115596,91,12
31,8211,1197.21471057541,61,30
88,4515,3636.51385569718,92,4
65,2206,1093.14880806688,89,24
31,2006,292.487237780329,82,51
48,8985,2531.24842059438,61,13
76,4868,3183.67429884486,86,10
10,8974,576.420440153007,59,49
72,3274,1954.08186557279,84,12
51,5369,1686.59980794379,83,32
93,1553,1335.81946544179,97,4
52,5953,1937.78078439139,80,28
59,4787,1974.8921335226,71,12
38,4222,812.186289379115,59,21
44,1559,378.150445992181,82,38
43,3594,839.165498365858,60,17
20,1847,173.962325867381,87,67
70,6610,3753.26480811076,82,12
69,6282,3475.69064239749,82,13
84,7584,5758.41359658906,87,3
39,5359,1072.03935052273,88,49
71,8530,4967.43949195992,93,22
34,1382,227.040591914369,90,56
1,2935,142.15020686071,64,63
72,3697,2206.54876512602,80,8
83,7418,5541.50231827713,83,0
50,9940,3012.2648838788,89,39
57,4568,1765.27129808132,77,20
82,1538,1129.65452707391,95,13
21,6251,612.389785450548,70,49
34,1980,325.282468878763,59,25
90,8464,7000.86409983546,93,3
68,8643,4656.45420962518,79,11
64,3996,1923.33772636283,86,22
83,8974,6703.88808360999,83,0
13,9896,711.059252465818,78,65
96,6170,5575.21969660046,97,1
20,3150,296.687236860991,65,45
58,8003,3196.29041904177,80,22
14,5944,443.665072671738,90,76
32,6515,988.526036544838,90,58
95,1465,1298.65564773815,98,3
45,5618,1415.24284605992,69,24
88,7302,5881.24566429696,91,3
87,7829,6218.536656203,90,3
88,3284,2645.03023302537,88,0
39,3497,699.556187493562,74,35
62,1492,676.309677843408,69,7
18,1285,111.91279763946,78,60
84,1474,1119.18534300795,88,4
14,7916,590.856782515053,68,54
27,1490,185.219921881437,74,47
2,6193,307.054468115828,21,19
53,6657,2244.53434767034,72,19
67,4743,2486.63517719984,73,6
40,2449,509.361852278202,92,52
88,2586,2082.84049409367,88,0
32,5650,857.278911201586,71,39
11,6431,428.629516830974,72,61
87,6723,5340.04623063645,89,2
26,8650,1033.22869322722,79,53
3,6519,331.830297414557,67,64
40,8074,1679.29260730674,77,37
86,9742,7627.08551176251,87,1
92,9789,8308.88226986219,93,1
99,6344,6041.90476190476,99,0
12,2592,179.345257646537,55,43
81,5970,4308.43275534347,93,12
26,6592,787.403878121831,87,61
73,7764,4746.05709104662,96,23
51,5929,1862.51634593011,69,18
20,4231,398.502761637731,84,64
63,5005,2338.47802931654,79,16
67,5230,2741.95698434644,84,17
37,4588,848.611496070605,84,47
79,9570,6653.7476231639,82,3
52,1863,606.43131216549,79,27
94,2784,2428.86525537066,94,0
60,5158,2196.9787392265,71,11
53,8930,3010.91959211298,81,28
37,6527,1207.25528222599,74,37
68,3885,2093.06081272635,74,6
56,9851,3681.69495730701,64,8
10,7438,477.759665016499,52,42
26,2300,274.731328834984,79,53
94,1092,952.701457925559,96,2
79,9886,6873.45339630076,95,16
56,4547,1699.38757190894,87,31
40,9417,1958.62007468511,64,24
32,6017,912.964107734503,90,58
72,2977,1776.81787226945,93,21
82,9966,7319.98505644904,82,0
73,6172,3772.88309710713,85,12
83,8610,6431.96750611567,90,7
84,6649,5048.4825954273,87,3
94,1389,1211.81531598773,94,0
44,4038,979.455741447356,83,39
21,3096,303.304875340729,45,24
33,1170,184.726264308309,92,59
19,3292,298.136949060594,28,9
48,5476,1542.69519768223,91,43
10,8549,549.12172307422,85,75
92,9270,7868.35617955077,93,1
82,7382,5422.04793163825,87,5
86,4465,3495.68228392728,96,10
4,6413,335.950261028067,67,63
68,5228,2816.60796111541,71,3
53,1451,489.232287587451,70,17
72,8751,5223.02089359421,80,8
24,2391,263.756960021452,53,29
23,2385,252.870435681126,72,49
98,6111,5729.92790711714,98,0
15,2551,197.834977176907,52,37
87,2932,2328.87335240608,87,0
94,2975,2595.50076678438,95,1
18,2488,216.684078231111,26,8
23,1943,206.007235441689,88,65
46,3795,992.597692103063,76,30
32,8826,1339.1758708434,92,60
66,9139,4659.62293924291,77,11
38,9726,1870.99096411683,73,35
23,1710,181.303331243072,66,43
3,6221,316.661494127314,67,64
24,6323,697.505335932933,59,35
35,7116,1216.28844855936,73,38
52,4235,1378.54890339283,85,33
6,7154,399.171904921793,72,66
17,3709,310.704554147924,71,54
20,7717,726.836637097227,60,40
0,6947,448.999706944288,83,83
29,3724,501.367921416363,54,25
46,6066,1586.58698295051,54,8
7,7214,416.324071156617,55,48
27,9684,1203.80518355694,78,51
50,7937,2405.2662357491,87,37
45,8606,2167.9565562819,86,41
92,6135,5207.37488258296,92,0
86,2000,1565.81513277818,91,5
93,2696,2318.97571077338,93,0
62,8300,3762.31255100555,67,5
58,2551,1018.83504423036,74,16
53,3625,1222.23779635045,80,27
42,3958,889.394781973684,70,28
18,3756,327.11631745822,65,47
75,3507,2244.09655854149,80,5
92,4449,3776.30168746725,92,0
62,6550,2969.05388061282,66,4
91,5589,4682.96343869295,96,5
45,4947,1246.20974714461,64,19
19,9219,834.910247080686,83,64
47,3201,869.045620097994,59,12
88,7218,5813.58959256306,88,0
11,4100,273.267146479085,76,65
49,8251,2411.25772427756,85,36
91,5533,4636.04163648025,94,3
26,8191,978.401875864065,45,19
55,5928,2141.69904689613,71,16
58,4681,1869.52835830745,66,8
24,8491,936.662629670494,85,61
39,3274,654.946227581905,54,15
14,1922,143.459668518688,59,45
69,3811,2108.54139417014,73,4
32,6962,1056.34969553725,53,21
70,6753,3834.46251878547,86,16
57,6767,2615.05929818658,78,21
62,1934,876.664153451173,91,29
39,4666,933.408398869019,50,11
76,6371,4166.63700861557,76,0
90,8964,7414.43121348359,93,3
39,4275,855.190935526158,81,42
2,4514,223.808149374269,85,83
86,5745,4497.80396890532,91,5
91,3167,2653.59549299349,92,1
96,2945,2661.105673661,96,0
30,6179,865.725605131498,78,48
76,3875,2534.25182991451,83,7
53,3099,1044.88687748691,71,18
43,2495,582.559242744245,70,27
90,7659,6335.02104686198,90,0
61,4055,1782.25667440626,73,12
31,2256,328.938787852653,86,55
81,3032,2188.13536251279,85,4
4,2402,125.830738654205,79,75
62,1913,867.14504940646,78,16
96,8817,7967.05219852938,96,0
79,7337,5101.20651109232,84,5
77,1136,758.790718571539,86,9
11,9611,640.578181661093,76,65
83,2114,1579.23104621702,91,8
36,3635,646.363539570654,79,43
66,3709,1891.07577214706,85,19
75,5137,3287.11834081199,82,7
2,8303,411.67015158497,68,66
44,3074,745.628268749176,82,38
70,7051,4003.67173403766,93,23
12,9461,654.624028778505,84,72
61,6539,2874.02623771703,87,26
13,2577,185.165692563097,77,64
78,6502,4432.51239261191,91,13
84,8464,6426.58395062365,90,6
72,4785,2855.91989210928,76,4
40,3589,746.467818630651,80,40
85,3604,2779.55284445028,95,10
58,6239,2491.77257583426,77,19
46,4474,1170.19290499845,82,36
62,3496,1584.70417811029,92,30
37,4606,851.940834982826,74,37
44,6269,1520.60625139511,75,31
64,2684,1291.85146585531,65,1
48,4490,1264.91991190526,67,19
64,2549,1226.87383996468,69,5
76,6547,4281.74109172911,93,17
90,1264,1045.49766330246,93,3
28,1351,174.77366268504,86,58
63,5364,2506.21301683395,68,5
61,6375,2801.94483337606,64,3
8,2793,166.907586240367,57,49
61,6974,3065.21776752387,94,33
23,5650,599.043170481494,75,52
55,4027,1454.89575942151,75,20
92,4448,3775.45288960538,92,0
9,7231,447.824058803338,56,47
40,4933,1026.0032736988,61,21
14,7081,528.531692393771,75,61
75,2862,1831.36708028108,78,3
89,7663,6255.70612780949,94,5
23,6086,645.270218681482,61,38
83,2934,2191.7993801328,84,1
41,3436,742.891012250285,72,31
9,2809,173.964566612996,72,63
95,7509,6656.3858422292,97,2
76,6401,4186.25702278265,77,1
13,2079,149.382799704571,83,70
41,1129,244.098938542076,90,49
81,2050,1479.44508349315,81,0
29,5458,734.81904272033,77,48
36,6379,1134.29243986828,63,27
91,5403,4527.11602420076,96,5
88,1636,1317.68253996026,89,1
59,8527,3517.8410742735,85,26
73,9444,5773.02462233955,79,6
22,4923,501.718174276806,88,66
62,2400,1087.89760511004,88,26
40,5663,1177.83428724028,86,46
93,3157,2715.50679484851,96,3
83,8984,6711.35842914555,86,3
20,9571,901.458267935411,62,42
64,7780,3744.63651429,85,21
80,1015,719.228583915393,92,12
18,1527,132.988982097631,89,71
50,4152,1258.24183077111,73,23
87,5530,4392.45212783275,95,8
29,4676,629.537164485207,77,48
60,7054,3004.55370812403,63,3
59,2302,949.697449627958,87,28
15,3970,307.881167931133,81,66
73,2016,1232.36103755152,85,12
75,3627,2320.88343821785,82,7
31,6326,922.37002303009,81,50
79,4858,3377.6286262623,96,17
18,9396,818.313343673439,78,60
70,2334,1325.28291408934,90,20
26,5351,639.168408954781,64,38
32,7488,1136.1600862084,82,50
1,9391,454.832229175104,86,85
37,5675,1049.66657371419,51,14
89,1393,1137.17847266588,92,3
40,2430,505.410086172327,56,16
37,3994,738.743311967305,81,44
83,9715,7257.44068779486,93,10
83,7212,5387.61320024463,85,2
32,3495,530.299078699034,70,38
31,2204,321.35686543761,89,58
98,3351,3142.03705068721,98,0
19,6315,571.912160789081,78,59
78,5640,3844.87386870674,84,6
13,7563,543.425740339428,65,52
35,9711,1659.83377233839,72,37
83,4577,3419.17715162502,84,1
51,3325,1044.50444429374,75,24
28,1642,212.419211050212,79,51
56,5195,1941.56992216119,87,31
2,8884,440.476650208463,81,79
22,9615,979.894423252385,86,64
35,7045,1204.15291176233,86,51
70,9671,5491.35006947642,92,22
73,1799,1099.71106475951,81,8
2,4636,229.857018276276,70,68
85,4243,3272.37589317496,89,4
55,3324,1200.9122186037,87,32
91,3722,3118.6240684944,92,1
17,6026,504.800658747746,80,63
47,2034,552.214555226279,78,31
47,5016,1361.80344592675,68,21
79,8478,5894.51121726056,82,3
68,4582,2468.57262391561,78,10
78,3673,2503.94002123401,86,8
74,4079,2552.00661436875,82,8
35,5869,1003.14740087056,61,26
81,7826,5647.87181630117,92,11
56,8175,3055.30974276569,71,15
97,2218,2043.22569244624,97,0
63,6058,2830.46951080911,94,31
7,9517,549.231519988567,67,60
99,9918,9445.71428571428,99,0
98,8179,7668.97076621029,98,0
21,2124,208.081251687244,69,48
13,1796,129.048344525931,86,73
66,6220,3171.33763892011,71,5
42,6096,1369.82076576846,84,42
22,9694,987.945557879211,38,16
6,7671,428.018965984774,25,19
21,8411,823.997838013847,81,60
12,3485,241.13357364899,53,41
4,1984,103.933466065755,62,58
49,8327,2433.46783057318,51,2
76,9883,6463.48666710842,82,6
22,4183,426.302482835645,81,59
20,2310,217.570640364727,89,69
10,3907,250.955500298395,76,66
36,6951,1236.00356631516,75,39
75,1491,954.076979978718,89,14
15,9288,720.302339482208,55,40
94,3630,3166.9471540932,97,3
84,1248,947.587047539971,90,6
74,3918,2451.27774334316,84,10
45,3371,849.196090079745,85,40
45,2101,529.26757201351,80,35
31,7261,1058.69882030058,84,53
23,8002,848.414769945649,53,30
65,3698,1832.48607988727,82,17
69,3930,2174.38144295163,78,9
88,8300,6685.06423084974,97,9
38,1689,324.912989758722,92,54
92,9674,8211.27051574695,97,5
64,2132,1026.16517332471,74,10
78,1554,1059.3854595692,86,8
53,3554,1198.29879399435,91,38
84,2530,1920.98976784946,90,6
46,3393,887.452956338785,59,13
86,3186,2494.34350651564,87,1
43,3208,749.03809648238,82,39
74,7977,4990.77145447892,78,4
82,1444,1060.61192268838,90,8
84,4042,3069.02792159981,92,8
94,7200,6281.54807423446,96,2
25,2386,273.873369033099,85,60
25,6259,718.429763947262,89,64
30,2483,347.887470066598,80,50
45,8635,2175.26201063144,87,42
85,8174,6304.1245700712,87,2
43,8097,1890.57402344695,78,35
69,4188,2317.12709493166,69,0
3,5628,286.476593626189,89,86
49,4170,1218.63346385134,77,28
13,3512,252.348433170973,80,67
77,8442,5638.83032234237,88,11
59,9889,4079.73852275016,84,25
14,1391,103.825389651142,34,20
80,4820,3415.45002411054,82,2
76,1823,1192.24286088623,82,6
93,5720,4920.08199763493,94,1
28,2150,278.137213007281,87,59
0,7855,507.685720173799,68,68
46,6913,1808.12327944887,68,22
7,5912,341.184905555575,81,74
88,5303,4271.1922429152,93,5
23,3728,395.262467177878,87,64
0,5297,342.356621229868,15,15
87,3520,2795.91889511235,89,2
18,8878,773.199857932396,83,65
51,4684,1471.41618558553,78,27
14,9310,694.906094645673,75,61
52,5645,1837.52268232646,93,41
88,1592,1282.2436452425,89,1
29,3798,511.330656696924,75,46
1,6020,291.565330596755,62,61
13,8273,594.441511282307,23,10
88,3491,2811.75412408391,92,4
44,4260,1033.30397686125,74,30
65,8673,4297.76954322939,73,8
74,4355,2724.68467898404,83,9
84,4634,3518.52434158672,92,8
85,5542,4274.21805325845,94,9
54,8570,2991.73225732649,71,17
69,1582,875.285354389179,77,8
46,4769,1247.35135537273,75,29
25,3402,390.493378646523,87,62
22,2112,215.240459896936,61,39
84,9161,6955.80524239878,90,6
65,6739,3339.40608230403,75,10
52,4384,1427.05038783334,72,20
51,6951,2183.56402775513,72,21
18,5640,491.197026215219,80,62
37,5685,1051.5162064432,84,47
0,9136,590.479533992085,75,75
78,9064,6179.0667989287,86,8
27,1611,200.261271242278,76,49
74,9315,5827.88468076609,80,6
34,9581,1574.00572440779,85,51
7,5603,323.352338604176,72,65
11,6286,418.965190918909,61,50
85,4593,3542.31027041069,91,6
19,1002,90.7452074601201,60,41
86,3630,2841.95446599239,86,0
99,4165,3966.66666666667,99,0
14,4234,316.029259369471,86,72
64,9842,4737.10958530105,83,19
41,3725,805.375151522791,84,43
98,5472,5130.77491535673,99,1
14,9749,727.673417475903,72,58
99,2018,1921.90476190476,99,0
59,5165,2130.83724036855,84,25
60,7386,3145.9645149141,69,9
75,8912,5702.70559729734,86,11
79,6245,4341.97010518898,83,4
85,5741,4427.69502774391,85,0
45,4848,1221.27043746859,78,33
18,4154,361.778802641493,78,60
15,5738,444.992982767971,81,66
28,5957,770.634129248545,84,56
45,5838,1470.66353422888,71,26
30,4067,569.818099380126,72,42
84,8370,6355.21120826086,87,3
25,7103,815.307016027705,75,50
78,2823,1924.48208002821,87,9
49,8238,2407.45862714805,64,15
93,8173,7030.04023892836,95,2
17,1030,86.283551030564,66,49
58,5000,1996.9326621528,80,22
96,8397,7587.53967461168,97,1
13,2799,201.117102632561,54,41
51,6349,1994.45374941984,56,5
30,6161,863.203666162026,77,47
35,6940,1186.20599114699,64,29
36,8390,1491.88173232401,49,13
40,5077,1055.95350102753,71,31
9,1164,72.0878446199814,66,57
36,4848,862.055141633708,44,8
93,4764,4097.7745868414,94,1
80,2835,2008.87983783265,91,11
2,2799,138.776918497691,53,51
65,7848,3888.95369252442,82,17
40,8369,1740.64897579268,88,48
67,8910,4671.28809379097,82,15
44,5385,1306.18354821546,83,39
43,5389,1258.28126619188,51,8
94,6252,5454.47757779359,94,0
96,5815,5254.44125376527,98,2
49,8609,2515.87901445953,76,27
11,5338,355.780494611062,64,53
53,8972,3025.08069209828,77,24
9,2132,132.037186193987,79,70
54,2432,848.995665089617,91,37
19,2044,185.112978092301,75,56
40,1512,314.47738695167,78,38
67,7478,3920.52664033321,82,15
20,2605,245.355635562819,80,60
45,9592,2416.34200416639,67,22
12,6446,446.010621446596,47,35
83,3131,2338.96518718329,85,2
98,4038,3786.19683995075,98,0
28,5846,756.274487088634,81,53
1,1380,66.8372352530768,69,68
98,4373,4100.306780858,99,1
54,5699,1989.4844964415,84,30
34,9125,1499.09218612056,85,51
48,7586,2137.12304047067,69,21
2,3872,191.977216299771,62,60
49,3797,1109.62860005841,69,20
41,4944,1068.93281855804,62,21
36,6091,1083.08124333558,67,31
5,5640,304.680192380728,89,84
3,7519,382.732321868393,41,38
45,2242,564.787194885431,64,19
98,8537,8004.64646425447,98,0
86,6264,4904.13299586126,86,0
62,2607,1181.72877355078,80,18
46,3157,825.726196039359,71,25
76,3324,2173.89756971247,93,17
25,9327,1070.58546226811,80,55
62,1169,529.896791822348,77,15
50,3050,924.286508634843,78,28
27,4093,508.795396148135,88,61
42,9028,2028.66500547206,87,45
86,5232,4096.17238734772,92,6
50,2453,743.368788747958,60,10
25,5034,577.820008261786,73,48
14,3337,249.076438005651,86,72
10,3191,204.965191055075,74,64
40,4036,839.438315963586,74,34
12,8875,614.077608646996,66,54
49,5430,1586.85364717333,81,32
52,5698,1854.77488820127,90,38
8,2867,171.329770766606,26,18
0,4338,280.374367169184,83,83
51,7183,2256.44373634946,67,16
31,9747,1421.17303421977,67,36
59,2515,1037.57127967607,79,20
30,7162,1003.45149440877,75,45
85,6046,4662.92355647791,88,3
45,6814,1716.52985992387,79,34
63,3291,1537.64859030584,91,28
26,5055,603.811681417757,82,56
31,3357,489.471414371169,82,51
51,2821,886.17956010606,56,5
81,2751,1985.34313399495,87,6
2,9972,494.420661400135,64,62
36,7272,1293.08271245056,89,53
51,5461,1715.50038204154,86,35
92,1994,1692.50293657219,95,3
63,1556,727.007355367939,71,8
52,7801,2539.32939678099,61,9
85,1374,1059.68524091972,87,2
31,1238,180.508075958149,54,23
32,1554,235.789633275622,73,41
17,2458,205.907736342841,85,68
91,5542,4643.58264040729,92,1
65,4897,2426.63178291183,76,11
33,7499,1183.98483422907,68,35
36,1175,208.934569187213,63,27
31,9082,1324.21191102739,75,44
55,9254,3343.33383602848,73,18
18,7192,626.363300095719,89,71
42,9381,2107.9869756683,84,42
89,4286,3498.8850924953,91,2
94,4757,4150.1839151574,95,1
68,2804,1510.66731502823,78,10
15,1053,81.6621838366457,89,74
34,8559,1406.10739956229,78,44
30,6390,895.28833416253,87,57
43,8650,2019.69436863235,81,38
69,2792,1544.75139662111,72,3
93,2563,2204.57520278642,97,4
14,4099,305.952747792977,47,33
26,8404,1003.84438588226,83,57
33,1378,217.566489074231,74,41
83,1530,1142.96286694042,88,5
65,8000,3964.27491592703,88,23
19,3575,323.766583502924,72,53
58,6618,2643.14007162545,80,22
78,5149,3510.15169325727,90,12
21,7657,750.130952998696,64,43
34,6121,1005.58282424591,85,51
98,6026,5650.22836987202,98,0
98,1126,1055.78445809424,99,1
66,4978,2538.08983384957,74,8
23,8732,925.813268078656,88,65
9,1939,120.084476561979,81,72
49,3227,943.052802841316,81,32
9,5959,369.047651280472,58,49
99,7546,7186.66666666667,99,0
86,6173,4832.88840731985,89,3
95,3712,3290.51861051469,96,1
13,6790,487.88321789035,86,73
67,1574,825.208469093938,79,12
35,5479,936.487410013598,36,1
19,4177,378.286159242437,61,42
46,5236,1369.49710562625,76,30
40,1433,298.046359458825,66,26
50,2689,814.88735138331,68,18
90,6652,5502.09687997466,92,2
86,8813,6899.76438258705,91,5
84,9537,7241.29621184992,86,2
13,8623,619.590130761191,70,57
14,2125,158.611756296676,72,58
45,6532,1645.49061418003,80,35
50,4337,1314.30511080305,91,41
45,8351,2103.7189404497,52,7
27,5923,736.280266646812,73,46
63,5736,2680.02197325867,86,23
21,6175,604.944316934432,89,68
14,6143,458.518597143756,72,58
53,3305,1114.34370122435,83,30
29,1730,232.912595072585,84,55
53,4371,1473.7659056132,84,31
80,2217,1570.96529117283,90,10
25,4129,473.940964265577,90,65
64,6573,3163.68840725298,64,0
7,3111,179.537591539816,78,71
79,5876,4085.41494605131,80,1
39,4402,880.596607762842,69,30
41,1349,291.664719303153,91,50
43,6494,1516.28846588422,73,30
58,6006,2398.71551377794,94,36
91,5500,4608.39128874776,91,0
70,2891,1641.55651440971,93,23
83,3524,2632.54976673073,91,8
56,7169,2679.32911876296,78,22
29,2646,356.235102058995,86,57
16,5920,477.109808593217,42,26
66,5208,2655.35794589967,67,1
28,4715,609.961376432246,57,29
70,6358,3610.17513615253,70,0
27,4220,524.582597543398,76,49
60,3089,1315.71681377873,67,7
10,3534,226.996861544543,62,52
4,4102,214.886631956515,63,59
86,8052,6303.97172456495,86,0
80,2111,1495.85373462601,84,4
1,8663,419.573165940148,55,54
28,6872,889.00415245862,73,45
82,3945,2897.58589681833,83,1
92,7257,6159.72608360302,92,0
75,1144,732.034919581256,81,6
54,1873,653.85233581943,74,20
44,3854,934.824771554757,83,39
77,2372,1584.37639476381,84,7
26,2836,338.755673293919,77,51
32,4661,707.217169046123,61,29
17,6323,529.680478802191,78,61
99,8339,7941.90476190476,99,0
12,1063,73.5509293511839,40,28
67,3226,1691.31036931197,85,18
60,9445,4022.96707871158,89,29
14,2689,200.709182438476,65,51
2,3169,157.121848774271,71,69
87,8058,6400.43024341344,90,3
62,7671,3477.19272033296,72,10
60,7627,3248.61513068642,85,25
76,5771,3774.23672527397,85,9
16,6053,487.82866071195,64,48
46,8296,2169.85255696627,83,37
61,3955,1738.3045985886,77,16
7,7909,456.432919154101,78,71
28,6159,796.766090656671,70,42
1,4905,237.562781823436,73,72
39,2568,513.714695305538,56,17
63,3909,1826.39572759208,68,5
40,3842,799.088704145713,62,22
77,2609,1742.68044432495,85,8
88,5114,4118.96608151392,88,0
78,8452,5761.85708126052,84,6
98,8141,7633.34038485365,99,1
44,7276,1764.8637877095,62,18
52,5874,1912.06523223837,64,12
59,8007,3303.31341406214,76,17
92,4065,3450.36330850851,93,1
75,2453,1569.6517987175,88,13
94,5943,5184.89447294102,94,0
43,2965,692.29986161791,81,38
40,2340,486.691194091871,83,43
40,5660,1177.21032417094,75,35
91,3195,2677.05639409984,98,7
45,1500,377.868328424686,88,43
16,5654,455.672104355751,85,69
25,9295,1066.91239109919,77,52
52,4336,1411.42574855049,82,30
14,8838,659.675624541187,81,67
49,5497,1606.43360930236,84,35
91,7066,5920.52597205304,98,7
18,1897,165.212900484091,63,45
91,2513,2105.61587429511,91,0
51,5193,1631.31175314809,55,4
88,5315,4280.85739602004,94,6
54,4327,1510.52806037943,88,34
54,6862,2395.48036753493,74,20
3,6768,344.504901503562,17,14
26,1025,122.43461393733,78,52
59,5531,2281.83170890193,76,17
18,5331,464.28569977896,85,67
44,4056,983.821814589023,62,18
4,8406,440.355199470128,56,52
11,8176,544.934680393413,65,54
38,1750,336.647561916971,71,33
91,2816,2359.49633983885,91,0
85,5613,4328.97616978341,89,4
20,9182,864.819748843688,84,64
80,2722,1928.80808415537,80,0
21,4087,400.389866123243,38,17
98,3444,3229.23772084952,98,0
95,7703,6828.35798943821,97,2
86,2217,1735.70607468461,94,8
57,4016,1551.95480146554,82,25
27,4207,522.966584802151,73,46
42,4082,917.258590201258,58,16
80,6894,4885.08557390416,87,7
98,4221,3957.78525543143,98,0
45,2951,743.392958120833,85,40
64,1158,557.363635417457,94,30
48,2215,624.008375249476,79,31
98,5731,5373.6240935507,98,0
38,3339,642.323548137581,89,51
5,6328,341.84685414632,69,64
59,7601,3135.8168178202,90,31
96,3234,2922.24643416627,96,0
62,7082,3210.20451641221,83,21
54,2453,856.32663094771,91,37
57,5913,2285.03703711796,69,12
96,9185,8299.57745758108,96,0
89,6063,4949.54277083504,89,0
9,2029,125.65827898105,47,38
20,2403,226.329977833956,64,44
21,8918,873.666950351622,76,55
34,6244,1025.78976549444,67,33
9,8984,556.389343699238,62,53
75,9946,6364.35254384194,80,5
70,9926,5636.14318991035,86,16
47,3470,942.076945248372,70,23
68,2933,1580.1666315898,79,11
17,7969,667.566619575306,72,55
36,7952,1413.9980375972,80,44
1,2162,104.711668563154,76,75
85,1048,808.26064955158,93,8
40,4525,941.1442962674,69,29
75,2420,1548.5354068065,90,15
85,3065,2363.85390350724,96,11
57,2282,881.862763183357,76,19
71,9937,5786.80495095026,74,3
63,1271,593.84726778448,89,26
35,1804,308.345188476826,80,45
45,8577,2160.65110193236,80,35
67,3121,1636.26151972184,74,7
38,1888,363.194626799566,91,53
50,5418,1641.8964930438,80,30
57,7287,2816.00962108551,65,8
48,2226,627.107288173966,52,4
11,2667,177.756946258468,67,56
56,8105,3029.14806912733,77,21
26,3558,424.997420867335,83,57
20,9996,941.487498305544,59,39
85,1672,1289.51508210901,91,6
36,2203,391.730090144195,67,31
61,1760,773.556534390882,65,4
0,5573,360.195101022098,82,82
13,2045,146.939790955194,33,20
38,8027,1544.1542740043,73,35
15,5902,457.711499528854,85,70
43,2655,619.917751296982,51,8
36,7206,1281.34681324515,79,43
74,4625,2893.60887262943,86,12
81,8014,5783.54775566542,84,3
71,4492,2615.91303609425,85,14
1,1744,84.466766870555,85,84
76,3538,2313.85367077098,81,5
14,6002,447.994240608306,81,67
82,4767,3501.34143729606,87,5
54,8043,2807.75992364959,65,11
67,5359,2809.5884281286,84,17
5,1154,62.3405925544965,85,80
96,9299,8402.58799978731,96,0
41,3461,748.296214609498,79,38
51,8561,2689.32407446578,82,31
71,7900,4600.55943569559,94,23
13,2973,213.619559173492,85,72
1,1314,63.6406718279296,81,80
63,1109,518.156270631776,71,8
41,6177,1335.51739891444,67,26
89,7742,6320.1979435601,91,2
1,5233,253.448733390834,83,82
99,9678,9217.14285714286,99,0
68,6877,3705.01395344121,94,26
29,6127,824.887554918919,53,24
36,5048,897.618472559191,74,38
29,3259,438.76424701824,79,50
72,1387,827.828817211195,81,9
98,6350,5954.02425301814,98,0
97,4600,4237.52848748994,99,2
32,4485,680.512551635241,65,33
32,7682,1165.59585767267,61,29
76,2702,1767.10927598168,79,3
66,1947,992.700061571938,77,11
87,1127,895.170623520345,98,11
36,1840,327.182644514444,68,32
82,3003,2205.69086138034,82,0
85,8889,6855.56194070992,87,2
49,7116,2079.56732104704,84,35
0,2415,156.086698182015,89,89
4,5999,314.262531717975,71,67
46,2014,526.769895097646,66,20
50,9473,2870.74298239275,87,37
76,3159,2065.98749179353,82,6
16,6259,504.430792565024,59,43
66,2500,1274.65339184892,73,7
9,2183,135.19567423146,79,70
5,6669,360.268121096999,72,67
32,2339,354.898296159382,71,39
29,6240,840.100920955452,79,50
28,5233,676.973039845163,72,44
1,7156,346.584967732621,72,71
82,2210,1623.23569885133,82,0
80,4902,3473.55519049582,86,6
18,7884,686.63073664553,42,24
65,9069,4494.00115156778,86,21
93,4834,4157.98538051875,93,0
66,2313,1179.30931813862,81,15
84,8040,6104.64732549789,87,3
45,6860,1728.11782199556,91,46
19,3659,331.373966164251,65,46
32,2507,380.389067324314,68,36
41,6159,1331.6256532158,89,48
13,3913,281.161565773923,71,58
88,2835,2283.39242101916,90,2
10,6026,387.063692039449,91,81
27,2689,334.266020093412,82,55
90,8968,7417.73975039278,97,7
63,5874,2744.49948935172,89,26
81,9509,6862.46014582261,81,0
9,8087,500.8371129225,67,58
95,4846,4295.75786275705,95,0
55,5690,2055.71315398769,79,24
94,2999,2616.43926036516,95,1
35,3434,586.949765648238,71,36
37,3857,713.403343579844,61,24
56,9232,3450.35101470493,80,24
81,4687,3382.51663723531,95,14
91,1496,1253.48243053939,91,0
47,3982,1081.08080575764,88,41
50,2511,760.945384649866,70,20
98,6171,5786.18640399605,98,0
70,5167,2933.90609130231,74,4
94,9170,8000.24942232361,95,1
53,8335,2810.30400898787,64,11
71,8736,5087.4034468654,85,14
86,6547,5125.69583714937,91,5
21,3473,340.238317848305,80,59
73,1886,1152.89331191576,81,8
18,5007,436.067998272979,66,48
93,7679,6605.12406640535,94,1
5,5547,299.656210485088,22,17
20,7379,695.001625649921,90,70
56,9433,3525.47239186651,72,16
94,4534,3955.63041230264,96,2
87,6588,5232.81638664777,93,6
11,7423,494.746836174206,82,71
87,4173,3314.59362196131,93,6
43,2027,473.285605227489,60,17
29,3873,521.428023535331,51,22
97,5936,5468.25415255224,97,0
36,7217,1283.30279644605,82,46
0,7424,479.829253541729,82,82
21,8532,835.851807625032,61,40
54,4769,1664.82743701167,63,9
73,4709,2878.5655386062,77,4
74,3691,2309.2562916487,74,0
92,9733,8261.34958959738,92,0
23,1978,209.718122338477,57,34
9,2550,157.924401873671,45,36
94,3853,3361.50065694797,99,5
91,6834,5726.1356486004,93,2
26,6939,828.852474254761,68,42
56,3358,1255.01285825164,65,9
82,1431,1051.06347740102,93,11
60,6313,2688.93500983655,62,2
93,2442,2100.49654514414,93,0
49,2155,629.773408776894,76,27
93,7323,6298.90917284625,95,2
43,2184,509.943641744862,74,31
34,5228,858.877145100088,80,46
25,6406,735.30293462952,73,48
52,8333,2712.50248216588,93,41
49,4819,1408.29608208624,81,32
0,2381,153.889204294566,67,67
18,6279,546.848604185348,84,66
12,4626,320.081466771944,79,67
14,4774,356.33530567545,54,40
15,4733,367.053291641827,89,74
0,6256,404.338875290552,71,71
99,9865,9395.2380952381,99,0
25,4089,469.349625304419,37,12
20,3360,316.466385985057,80,60
16,9122,735.168188173535,59,43
66,4376,2231.15329709235,70,4
67,8429,4419.11193519238,71,4
56,3148,1176.52783733656,86,30
44,7328,1777.47688789654,81,37
43,9668,2257.38787929914,58,15
82,7728,5676.18347544031,84,2
85,7544,5818.24269104687,89,4
62,6684,3029.79483023146,76,14
49,2421,707.508780811536,72,23
84,6225,4726.54597030154,92,8
53,2898,977.115898985825,77,24
34,4674,767.863767444111,83,49
13,6754,485.29650274395,67,54
96,3478,3142.72513853751,96,0
53,7253,2445.48709984272,62,9
11,6998,466.420363673325,75,64
61,3594,1579.63760488683,91,30
29,3732,502.444973879126,83,54
58,2775,1108.2976274948,59,1
76,8585,5614.59405414608,76,0
97,4470,4117.7722476261,98,1
55,5426,1960.33384420689,87,32
13,9582,688.497348133333,72,59
88,1748,1407.89063560546,90,2
80,3612,2559.46171931271,86,6
63,9276,4334.01042955848,85,22
95,7676,6804.42372152768,96,1
16,7789,627.737888366988,82,66
5,4669,252.225499685394,87,82
56,2430,908.183813445948,72,16
0,7019,453.653223411826,83,83
3,3231,164.464441010344,86,83
30,1862,260.880575619817,88,58
41,2438,527.115334070487,67,26
63,2699,1261.04939083423,84,21
15,1651,128.038238854988,60,45
74,4475,2799.76209838199,81,7
49,1516,443.033172949314,73,24
76,5504,3599.61859918696,76,0
78,7171,4888.57987810213,84,6
15,1906,147.813981379532,83,68
27,6104,758.780136351873,85,58
54,1751,611.262915120033,59,5
12,3260,225.565408922728,22,10
30,9955,1394.77235783849,76,46
18,3581,311.875274978138,88,70
0,3980,257.236049177813,78,78
36,9485,1686.59096914103,73,37
85,4145,3196.79426754895,88,3
62,5049,2288.66458675024,91,29
85,2350,1812.41653286852,91,6
64,4340,2088.91034344712,70,6
1,1710,82.8200523788125,54,53
80,8564,6068.44688931175,91,11
97,7581,6983.63118775244,97,0
17,4999,418.768419030864,37,20
60,5515,2349.03795014233,69,9
75,7060,4517.62808762559,77,2
62,3181,1441.9176174396,91,29
78,1297,884.18464675756,91,13
78,4984,3397.66868114085,85,7
95,7217,6397.54116704863,97,2
99,2432,2316.19047619048,99,0
32,7324,1111.27623816645,59,27
96,1489,1345.46225741298,97,1
15,8446,655.003613185479,50,35
34,2599,426.974311422175,60,26
65,3974,1969.25356448675,87,22
22,2813,286.681540572955,39,17
6,7229,403.356681671741,68,62
8,2355,140.733034585057,20,12
73,2704,1652.92869322386,81,8
40,7030,1462.15345917344,55,15
1,9406,455.558720862638,87,86
27,2169,269.625510443514,47,20
16,2673,215.424749724606,74,58
55,2440,881.536044943753,73,18
22,1179,120.155540823147,89,67
10,4608,295.982325409522,27,17
87,3319,2636.26557184031,88,1
8,2641,157.824180186469,70,62
33,5254,829.531446731502,74,41
87,5715,4539.39672885428,98,11
39,2357,471.505271353253,84,45
49,3937,1150.54195376085,82,33
6,9397,524.324628256931,74,68
68,4831,2602.7224675112,94,26
99,6643,6326.66666666667,99,0
79,4655,3236.48852516488,84,5
38,4419,850.083186349197,91,53
75,2410,1542.13650016681,90,15
88,7623,6139.78850985151,98,10
40,2883,599.628509643959,85,45
19,4573,414.149534645838,74,55
60,9531,4059.59758890419,74,14
49,1497,437.480646375411,81,32
19,1156,104.692075672554,68,49
87,6282,4989.76207360675,87,0
17,1256,105.215669994552,75,58
41,3787,818.780053373641,91,50
94,6015,5247.70995368337,97,3
8,2515,150.294514641791,17,9
26,6099,728.515815028072,60,34
7,1034,59.6727321286307,79,72
74,6820,4266.90000245032,78,4
94,3633,3169.5644657908,94,0
65,9816,4864.16532184246,71,6
87,8787,6979.47140095233,89,2
54,2510,876.224966848248,59,5
93,6165,5302.8506145838,98,5
27,5156,640.935514913213,64,37
79,6522,4534.56029240073,94,15
82,4183,3072.39589515616,87,5
49,3011,879.929342843261,85,36
1,4565,221.095636906011,81,80
36,1540,273.837648126219,62,26
2,2270,112.548626291447,86,84
13,5709,410.209910299854,65,52
71,1569,913.706044886883,79,8
34,6946,1141.11718627873,84,50
41,9234,1996.46554339905,58,17
26,3337,398.599323618409,76,50
57,2199,849.78800010526,82,25
28,1235,159.767189797205,51,23
31,1595,232.560889461428,73,42
97,1913,1762.25912968875,98,1
77,5859,3913.51656699881,88,11
37,9871,1825.77246680753,69,32
11,3709,247.206791778274,50,39
62,5168,2342.60617633695,80,18
93,9600,8257.48027575092,94,1
48,1257,354.121231462118,79,31
32,1264,191.787706859965,76,44
50,3069,930.044359016503,62,12
38,7330,1410.07235934366,56,18
38,6843,1316.38815211305,41,3
40,6206,1290.77160279237,73,33
24,4742,523.101423848485,81,57
24,4897,540.199846601862,76,52
2,7131,353.561345411588,2,0
93,4963,4268.94527172415,96,3
48,8944,2519.69792696673,54,6
79,6540,4547.07517821232,84,5
88,3575,2879.41019581781,89,1
24,9436,1040.90785226367,72,48
73,6363,3889.63952477198,92,19
61,7572,3328.0511809135,74,13
41,7054,1525.13189767564,71,30
32,9554,1449.63587922477,70,38
39,4795,959.214160432264,59,20
49,9680,2828.86617028322,72,23
37,6485,1199.48682476414,83,46
33,6230,983.62788601775,90,57
95,9166,8125.24072844225,95,0
40,3295,685.319437834493,81,41
7,9037,521.530445112607,39,32
21,2689,263.432432103107,87,66
58,8221,3283.35668311163,79,21
38,1170,225.072941395918,76,38
94,7770,6778.83729677802,99,5
22,6286,640.625724863701,63,41
28,9692,1253.8166830077,74,46
40,1692,351.915171112583,87,47
84,6683,5074.29826819682,95,11
48,3043,857.272002656504,90,42
70,2599,1475.75419610891,78,8
96,2766,2499.36105037227,97,1
88,2492,2007.13012810573,96,8
48,7358,2072.8910271267,69,21
74,9080,5680.85806777843,89,15
44,6791,1647.22237250347,61,17
90,2159,1785.7827967326,94,4
65,7057,3496.98601021213,89,24
30,4365,611.570200096939,67,37
99,7520,7161.90476190476,99,0
77,6386,4265.52599366008,79,2
43,5640,1316.88742648398,62,19
58,2488,993.673692687233,84,26
17,8448,707.692659326413,89,72
62,1762,798.698158418287,83,21
70,8040,4565.24191485787,92,22
45,1583,398.777042597519,65,20
80,2231,1580.88568543374,89,9
15,9682,750.857800480915,51,36
97,4086,3764.0307391052,98,1
74,1225,766.415323020769,77,3
0,1150,74.3269991342927,72,72
55,6506,2350.52192967379,83,28
11,4033,268.801561402475,82,71
6,8293,462.724714497683,88,82
5,7285,393.545248491774,77,72
69,7939,4392.47182585063,92,23
78,3942,2687.32141674503,80,2
37,5000,924.81636450589,56,19
16,9848,793.678614024662,83,67
16,6875,554.076002378102,67,51
17,3608,302.243739920655,74,57
71,1729,1006.88193219211,78,7
35,9892,1690.77084501816,80,45
70,9828,5580.49720637103,71,1
53,5255,1771.82334339907,77,24
69,7375,4080.42319128963,79,10
49,7649,2235.33030335706,66,17
70,2702,1534.23926044104,77,7
63,5591,2612.27385852323,71,8
43,9118,2128.96800614911,86,43
46,1970,515.26151605877,72,26
47,4603,1249.67728500814,63,16
52,6133,1996.37318170207,82,30
15,7719,598.623359007662,69,54
58,1197,478.06567931938,68,10
67,9915,5198.18422558221,69,2
33,6447,1017.88908204758,73,40
57,8319,3214.81872345414,58,1
40,8205,1706.53899466829,69,29
41,6439,1392.16391963899,65,24
4,3084,161.557867614308,84,80
45,6762,1703.43042453849,86,41
97,1578,1453.65651157807,97,0
43,5581,1303.11147645516,57,14
66,5296,2700.22574529275,81,15
97,1375,1266.65253702145,99,2
93,2777,2388.64820060003,98,5
91,1315,1101.82446267333,98,7
3,8586,437.044781960636,72,69
40,5828,1212.15225605445,76,36
1,1368,66.25604190305,84,83
99,2657,2530.47619047619,99,0
53,1506,507.776585187251,81,28
61,9874,4339.82796623612,79,18
75,1874,1199.15510427909,86,11
63,1603,748.967089109772,80,17
24,4898,540.310159006722,73,49
34,8644,1420.07154595355,68,34
18,1363,118.705948002011,45,27
59,4360,1798.73192023366,84,25
14,9807,732.002585412471,73,59
76,3167,2071.21949557142,84,8
95,4085,3621.16608942686,95,0
20,8114,764.228647584152,63,43
19,5354,484.880080580323,66,47
36,3910,695.263119593193,71,35
83,7448,5563.9133548838,89,6
90,8089,6690.68876459937,93,3
45,5832,1469.15206091518,73,28
82,6798,4993.10238949835,84,2
54,3874,1352.388654012,85,31
55,8024,2898.95296091339,73,18
75,1826,1168.44035240854,83,8
4,5580,292.312873309935,77,73
43,8687,2028.33352373517,51,8
66,4689,2390.73990175183,87,21
56,4391,1641.08441351488,79,23
1,6219,301.203453651366,89,88
23,1159,122.883368953637,69,46
32,2128,322.883101422473,34,2
15,9015,699.130662191226,52,37
26,4319,515.897656190563,86,60
89,4216,3441.74044562767,89,0
27,4210,523.339510819362,83,56
45,6301,1587.29889160263,82,37
41,3291,711.540838566847,67,26
40,2334,485.443267953174,65,25
75,8161,5222.14770865615,75,0
75,4742,3034.36152854398,93,18
17,6960,583.04224774051,60,43
66,7079,3609.3085443594,90,24
12,7724,534.437797091763,87,75
17,4511,377.888445338713,55,38
12,3025,209.305325764187,47,35
96,4296,3881.87095892959,96,0
87,3457,2745.87830125096,88,1
50,3653,1107.02249706331,90,40
74,3254,2035.84935600782,83,9
2,6740,334.175216389582,79,77
92,3608,3062.46268563314,97,5
41,7252,1567.94110036061,82,41
9,7460,462.006289402974,83,74
48,3103,874.17516406281,68,20
17,1868,156.483177985528,85,68
32,7884,1196.24547538289,74,42
86,2745,2149.08126973805,87,1
89,2645,2159.25129949838,96,7
54,5552,1938.16773543485,84,30
23,4820,511.042138357664,85,62
79,9176,6379.81067817679,81,2
4,5317,278.535402757872,48,44
36,4618,821.157311069403,86,50
19,6128,554.976677959697,86,67
70,9708,5512.35926734331,82,12
17,8408,704.341841810663,64,47
90,2326,1923.91421269108,91,1
60,4865,2072.17944287261,88,28
2,3074,152.411663973527,74,72
65,1966,974.220560589067,83,18
65,7638,3784.89147598133,70,5
44,7028,1704.70900220208,45,1
47,2689,730.041759588724,64,17
72,6079,3628.2418023265,76,4
71,5393,3140.60975148181,86,15
34,2710,445.209843768408,72,38
15,7502,581.794589878933,63,48
26,5374,641.915722243131,70,44
3,8854,450.686524514264,68,65
74,7199,4504.01951871552,84,10
98,4402,4127.49838768281,99,1
96,4238,3829.46208657905,97,1
62,9396,4259.1191240058,83,21
57,7540,2913.77968203441,89,32
49,1092,319.124158879057,73,24
50,3608,1093.38548300148,57,7
89,1769,1444.12686155487,90,1
96,5807,5247.21244378588,96,0
95,2513,2227.65982441363,97,2
18,2274,198.046460569753,88,70
30,1541,215.905997330901,88,58
96,7562,6833.0326330134,96,0
53,4261,1436.6773104136,68,15
86,7618,5964.18984075208,91,5
17,9650,808.384725674702,69,52
9,2728,168.948144435833,66,57
96,8612,7781.81394280765,97,1
92,6609,5609.70506911015,93,1
33,4409,696.118033619945,84,51
4,4794,251.137619112514,84,80
7,9476,546.865386509579,81,74
77,5990,4001.01796148197,89,12
90,3771,3119.12317113416,90,0
5,5143,277.831600959944,71,66
89,1247,1017.99106634196,90,1
33,1347,212.672032498541,54,21
95,3525,3124.75164387507,96,1
33,8539,1348.18595805868,74,41
49,4705,1374.98092264282,54,5
34,8752,1437.81422607421,80,46
23,5554,588.864737850304,77,54
83,1821,1360.34992202516,85,2
76,7150,4676.10337648742,81,5
3,6571,334.477202686156,69,66
32,2701,409.824838788581,73,41
70,8177,4643.03272858119,94,24
15,4413,342.236673571812,69,54
30,7783,1090.45838885555,67,37
28,3300,426.90828042978,92,64
51,4915,1543.98175750489,86,35
85,7047,5434.93587537212,98,13
76,1364,892.056644129908,86,10
96,5519,4986.97528452803,96,0
31,8311,1211.79533060434,62,31
17,9903,829.578646461821,73,56
73,5051,3087.62678604798,82,9
78,3461,2359.41639354504,82,4
39,1491,298.26659295193,58,19
44,4954,1201.64035243442,61,17
56,1815,678.334823623208,70,14
43,2507,585.3611308857,70,27
55,1457,526.392630116003,55,0
46,7439,1945.70071977725,76,30
88,7506,6045.5532670793,89,1
5,1268,68.499021974958,56,51
24,2395,264.198209640894,57,33
80,5892,4175.0687846596,86,6
52,5186,1688.11206918424,63,11
65,6924,3431.07993973484,65,0
94,4197,3661.61906493917,98,4
38,6672,1283.49287606287,42,4
15,1209,93.7602851457784,70,55
31,2076,302.69367180058,38,7
29,3803,512.003814486151,83,54
52,7311,2379.8278707686,77,25
31,4100,597.805421186116,86,55
9,5136,318.07832471497,65,56
97,9243,8514.66865431946,97,0
37,3360,621.476596947958,71,34
14,8431,629.296808158718,82,68
58,4833,1930.2351112369,93,35
80,7566,5361.26449842745,82,2
46,6640,1736.71901859403,54,8
53,3727,1256.6290391719,73,20
8,5942,355.089465606967,74,66
64,2068,995.360965495079,88,24
25,5454,626.029067353949,77,52
94,6247,5450.11539163092,98,4
52,8556,2785.09195216744,73,21
62,2070,938.311684407409,77,15
95,6967,6175.92757528444,97,2
81,9575,6910.09106070581,88,7
25,2787,319.901542118712,79,54
41,2878,622.246895592643,78,37
30,2603,364.700396529744,73,43
71,8018,4669.27665258319,89,18
67,7633,4001.7892278234,83,16
30,4841,678.261475067419,85,55
66,4368,2227.07440623843,69,3
65,3919,1941.99917443975,76,11
9,7516,465.474433130395,88,79
76,6486,4241.84706292271,92,16
30,5073,710.766466229501,80,50
57,1701,657.339421636674,80,23
44,4674,1133.7236591196,77,33
95,5171,4583.8555320505,98,3
79,4301,2990.36243753688,80,1
54,2266,791.046125449454,66,12
22,4895,498.864607573627,87,65
41,3648,788.727128256414,86,45
41,8504,1838.63363451002,85,44
13,3523,253.138818354595,57,44
98,3181,2982.63797619696,98,0
93,8744,7521.18828449647,94,1
76,3074,2010.39745165347,95,19
5,5908,319.157903649883,80,75
66,4674,2383.09198140074,69,3
10,6903,443.395397634968,62,52
15,2491,193.181861288779,90,75
23,1244,131.895522845837,63,40
75,5938,3799.67076265166,75,0
22,1806,184.05505235505,46,24
35,9196,1571.8083997965,86,51
45,7930,1997.66389627184,81,36
94,4300,3751.48009989002,97,3
0,1620,104.704120519612,74,74
63,6533,3052.40299011487,65,2
77,5200,3473.33779627817,80,3
31,5047,735.88389286008,77,46
47,9747,2646.23169606221,53,6
65,6024,2985.09901169305,84,19
16,6134,494.356683430877,71,55
66,8816,4494.93772101603,73,7
48,1271,358.065302456923,66,18
61,2568,1128.6893069976,81,20
32,1584,240.341556697931,85,53
82,5810,4267.42054765893,82,0
58,2108,841.90681036362,61,3
47,5793,1572.75266392617,86,39
54,8242,2877.22955249532,70,16
46,3591,939.240662013728,72,26
45,4139,1042.66467423318,91,46
41,6112,1321.46387278048,65,24
60,2673,1138.5273691261,91,31
37,1190,220.106294752402,76,39
92,8708,7391.33178117887,93,1
49,4974,1453.59300939966,82,33
91,1533,1284.48433557279,93,2
52,2939,956.683642755972,60,8
26,9245,1104.30049351279,89,63
25,7697,883.488399600907,78,53
31,7193,1048.78399868091,78,47
78,7822,5332.37648954328,95,17
95,6548,5804.50319548766,98,3
61,1492,655.764971199543,67,6
98,2945,2761.35455513991,99,1
87,2923,2321.72469614017,96,9
82,3610,2651.52980672095,83,1
38,1429,274.896780559629,58,20
14,5843,436.12634919599,75,61
82,8726,6409.21027519309,83,1
94,6303,5498.97187665275,96,2
72,9757,5823.4504466688,82,10
82,3438,2525.19653061126,85,3
64,7224,3477.02495877004,87,23
59,2548,1051.18553503564,74,15
27,5213,648.021109240221,64,37
97,3858,3553.99671842091,97,0
57,9743,3765.11345385427,83,26
22,8306,846.490179878763,69,47
21,8294,812.535735166669,89,68
78,5751,3920.54425867597,89,11
74,2189,1369.53725885099,86,12
60,7292,3105.92651540125,73,13
75,8907,5699.50614397749,75,0
2,6610,327.729700346459,54,52
94,8442,7365.1151170399,97,3
46,5401,1412.65352702204,86,40
79,1505,1046.38350813602,87,8
39,9723,1945.0342610809,73,34
37,4549,841.397928427459,54,17
52,3123,1016.57809334022,92,40
9,8502,526.538535188215,24,15
63,7177,3353.29806521574,87,24
93,5452,4689.56067327021,93,0
48,2535,714.158569416444,68,20
10,5023,322.638719733514,86,76
24,4242,467.945221418235,61,37
84,5419,4114.56266876531,93,9
81,1841,1328.6138530297,83,2
37,1008,186.442979084388,86,49
11,9669,644.443912025919,75,64
39,7854,1571.15078540876,83,44
17,1207,101.110918537758,69,52
19,4005,362.709137602576,45,26
10,3229,207.406017523296,90,80
77,4257,2843.46134591465,91,14
35,3085,527.297619983929,36,1
80,3758,2662.91725946212,90,10
31,5164,752.943218293928,84,53
51,6937,2179.16611430547,89,38
19,4906,444.307373053243,75,56
78,6860,4676.5664431433,85,7
15,9779,758.380337833389,58,43
45,4246,1069.61928166081,81,36
23,5046,535.003865176924,57,34
6,6009,335.284313205906,37,31
79,8994,6253.2712771929,85,6
22,8490,865.242189642511,77,55
47,9220,2503.15545682709,66,19
85,9913,7645.3128043939,89,4
49,5622,1642.96338939383,82,33
31,6200,903.998441793639,83,52
36,8869,1577.05590989054,90,54
49,4740,1385.20926106843,76,27
29,8160,1098.59351201867,46,17
86,5809,4547.91005315422,96,10
78,5047,3440.61674031257,91,13
24,4205,463.863662438397,76,52
73,5168,3159.14773912016,91,18
16,2431,195.921274440897,75,59
35,5904,1009.12970774234,69,34
69,8328,4607.69685926238,90,21
47,1748,474.567867519929,74,27
87,9884,7850.81317025297,97,10
58,2081,831.123373987995,70,12
81,5287,3815.52495435526,82,1
85,2399,1850.20734568153,91,6
59,9792,4039.72086305689,61,2
12,8305,574.638258007133,68,56
64,1352,650.738890401038,83,19
99,4786,4558.09523809524,99,0
55,2944,1063.62381816164,90,35
93,6344,5456.81821555874,93,0
65,8261,4093.60938505915,75,10
10,2683,172.335195111491,78,68
86,8116,6354.07780881385,87,1
67,5643,2958.48245940095,67,0
99,1553,1479.04761904762,99,0
70,6899,3917.36367793587,82,12
94,5963,5202.34321759168,96,2
92,8213,6971.17683955237,96,4
73,9981,6101.28745823497,83,10
93,5389,4635.3709589606,94,1
65,4115,2039.12390987997,75,10
73,9762,5967.41490504857,85,12
11,5337,355.71384408753,48,37
42,3635,816.814055703472,61,19
72,4085,2438.12596849873,78,6
84,5484,4163.91616082468,89,5
58,5098,2036.07254233099,90,32
23,7780,824.877144486022,82,59
92,2315,1964.96705023301,97,5
27,7734,961.40327236982,87,60
24,9238,1019.06599610129,72,48
66,2612,1331.75786380375,86,20
53,7199,2427.27997129018,88,35
77,5569,3719.81118989868,83,6
24,1415,156.092052877606,73,49
3,6534,332.593827781364,76,73
30,5518,773.114401863668,69,39
87,7317,5811.85754418666,96,9
72,6148,3669.42434622526,73,1
5,3252,175.677302415271,84,79
42,6431,1445.09798960909,72,30
54,4381,1529.3791154431,80,26
44,1035,251.049205645868,50,6
69,9313,5152.67541430242,75,6
81,1016,733.227416989776,85,4
83,7903,5903.8140767517,87,4
66,6265,3194.28139997339,86,20
99,2262,2154.28571428571,99,0
84,8487,6444.04749396774,88,4
53,1704,574.536056546531,90,37
41,2414,521.926339805643,79,38
81,5942,4288.22570054453,81,0
68,3775,2033.79782961183,69,1
60,3302,1406.44121693019,85,25
57,4273,1651.27063412905,78,21
74,4189,2620.8275821502,81,7
8,1289,77.029673707065,74,66
84,2493,1892.89624160028,88,4
66,6076,3097.91760354961,80,14
92,2447,2077.00836800008,92,0
86,6074,4755.38055824733,92,6
95,4891,4335.64830927461,98,3
22,1289,131.365981442779,80,58
17,6759,566.204389723866,85,68
92,5396,4580.11326265976,95,3
91,3323,2784.30622772888,92,1
97,4348,4005.3856225231,98,1
83,1688,1260.99432640224,94,11
93,8153,7012.83715502055,94,1
7,5983,345.282356214311,76,69
17,9243,774.290157451945,86,69
82,6812,5003.38533057705,84,2
26,3958,472.776782403854,58,32
83,3454,2580.25734798183,92,9
31,4774,696.078800181102,64,33
0,2047,132.302058459041,70,70
62,4409,1998.5585587209,80,18
93,2465,2120.28009163813,97,4
0,7038,454.881234701871,1,1
32,4901,743.632556424597,77,45
51,6128,1925.02954425024,81,30
56,9726,3634.97768295279,82,26
62,1419,643.219459021311,68,6
15,5310,411.800756099325,81,66
26,9675,1155.66330716455,52,26
2,6215,308.145247753895,68,66
51,3818,1199.37382505669,66,15
75,6471,4140.73248654747,87,12
62,5099,2311.32912019004,76,14
77,1469,981.217927448583,77,0
90,7402,6122.44755044685,90,0
68,5953,3207.20489527927,88,20
4,9400,492.426704142185,33,29
50,3168,960.045789952519,75,25
24,8721,962.034482788409,50,26
68,8450,4552.4746119788,73,5
94,2137,1864.39836592209,94,0
11,7323,488.081783821058,64,53
87,9821,7800.77257639158,98,11
10,1334,85.6858554896491,73,63
74,3932,2460.03677560626,86,12
61,2749,1208.24256422758,86,25
9,1914,118.536198112237,89,80
87,1674,1329.65006545968,96,9
13,5577,400.725288096389,74,61
81,1274,919.420993351353,87,6
55,7240,2615.70531368556,84,29
21,8998,881.504285631744,46,25
64,1066,513.082586662357,92,28
22,3721,379.21863223319,89,67
46,2541,664.608889495094,68,22
87,8142,6467.15103522862,91,4
33,2573,406.239895782291,60,27
26,7485,894.071302752109,85,59
54,6278,2191.60969795749,81,27
81,5458,3938.93232473444,84,3
5,9866,532.974251423451,53,48
7,5383,310.656012619361,68,61
78,5471,3729.66399569052,78,0
27,8796,1093.4190824625,63,36
33,2288,361.242472425138,80,47
28,8470,1095.7312531031,76,48
28,1050,135.834452864021,63,35
91,8237,6901.6943718937,97,6
95,9345,8283.91606014541,98,3
56,4679,1748.72101362699,67,11
17,3441,288.254076792399,75,58
57,2331,900.798466687294,78,21
55,4302,1554.24920710985,85,30
49,9878,2886.7293419481,68,19
39,2421,484.308129803235,81,42
21,2304,225.715256067519,91,70
38,1956,376.275789205483,56,18
69,8707,4817.3891154656,70,1
2,5411,268.282210071814,84,82
36,5584,992.928199439486,81,45
90,3176,2626.97830589289,95,5
54,1861,649.663212471948,85,31
64,3693,1777.4990549194,72,8
95,2597,2302.1219912464,96,1
86,4522,3540.30801521146,88,2
63,5832,2724.87589749731,85,22
76,1773,1159.54283727443,93,17
79,3519,2446.66017616654,93,14
67,1457,763.868322407794,72,5
43,5754,1343.50536382781,86,43
53,7225,2436.04636651918,71,18
71,3418,1990.46989255791,77,6
91,2611,2187.72902816735,94,3
32,1866,283.129636867639,64,32
75,2020,1292.57914121865,82,7
34,1402,230.326273418195,81,47
89,3319,2709.47261362387,94,5
59,6927,2857.75596593087,83,24
82,7318,5375.04020099278,95,13
4,8798,460.890440749249,69,65
30,1141,159.862909120414,59,29
90,8373,6925.59488515151,95,5
66,4204,2143.45714373314,90,24
42,5632,1265.55619304593,80,38
56,9464,3537.05827590636,77,21
86,9654,7558.18964592027,96,10
39,5610,1122.25056100626,44,5
28,7374,953.945957542181,77,49
80,3531,2502.06515251749,84,4
63,2088,975.572852190396,71,8
57,4085,1578.61936354251,76,19
87,8861,7038.24924136094,89,2
88,2067,1664.82262230921,94,6
12,2631,182.043739532422,74,62
62,4272,1936.45773709587,91,29
76,1236,808.3445836837,82,6
32,8905,1351.16260252215,76,44
20,1306,123.007470266811,72,52
94,5144,4487.81712414751,94,0
12,2784,192.63009154628,91,79
40,2586,537.856165778452,79,39
18,4039,351.763260440296,58,40
55,7651,2764.19355732158,60,5
81,4475,3229.52036518627,82,1
31,8438,1230.31271804108,72,41
88,5785,4659.40922595973,91,3
62,9326,4227.38877719009,80,18
52,7459,2428.00384189071,85,33
87,3299,2620.37966902717,93,6
94,8245,7193.24498223098,94,0
53,1713,577.570577971953,81,28
31,8917,1300.15388797966,83,52
82,4812,3534.39374790616,82,0
80,2847,2017.38303291342,85,5
79,7127,4955.19950995706,79,0
45,4801,1209.43056317795,90,45
27,8130,1010.62950664167,44,17
33,9527,1504.17702569681,69,36
29,2002,269.532378806541,83,54
84,8865,6731.05703240532,85,1
72,2690,1605.52236358912,90,18
94,8723,7610.26997938155,94,0
13,9300,668.234746153204,75,62
98,7753,7269.53543837002,99,1
55,7679,2774.30954472257,91,36
63,1270,593.380039406994,74,11
76,1331,870.47462854612,93,17
19,3853,348.943397548745,87,68
47,9364,2542.25029259532,72,25
9,8302,514.15230759028,88,79
12,1948,134.785710607814,71,59
19,3793,343.509552790654,81,62
96,5876,5309.56092985807,97,1
96,4642,4194.51699053798,96,0
15,7221,560.0024971362,53,38
51,5988,1881.05040975366,81,30
50,6420,1945.54733948711,74,24
33,4669,737.168314577347,74,41
66,9074,4626.48195105484,82,16
29,5293,712.604835675835,89,60
6,8974,500.722487387219,87,81
26,2858,341.383538178427,69,43
33,8199,1294.50482142208,79,46
96,5185,4685.17246788872,98,2
26,8638,1031.79531238113,76,50
97,3055,2814.27163680038,98,1
40,4393,913.689921216063,86,46
40,5158,1072.80050389994,78,38
22,5687,579.579780034978,76,54
67,3639,1907.83584436648,76,9
46,6489,1697.22435416516,62,16
11,9174,611.451902877835,79,68
87,3495,2776.06151659592,88,1
27,2319,288.271811304062,74,47
24,5835,643.67288236101,74,50
44,4436,1075.994469802,81,37
96,6841,6181.53613362135,97,1
79,5436,3779.49551510125,83,4
0,2203,142.384677472041,81,81
56,2163,808.395715425343,72,16
70,5312,3016.23943429415,86,16
24,5095,562.041702764241,67,43
54,7788,2718.7410525156,83,29
50,9624,2916.50274068909,79,29
64,9945,4786.68510727687,65,1
20,5781,544.491719458218,79,59
87,9756,7749.14339224888,92,5
93,3862,3321.91550259897,95,2
3,6894,350.918556584745,77,74
39,3408,681.752212461555,82,43
29,5319,716.105256179816,80,51
41,6164,1332.70669368765,92,51
6,2026,113.044769271953,68,62
75,3411,2182.66705480041,76,1
78,5951,4056.88730366557,79,1
3,1739,88.5186205252207,26,23
6,1923,107.29767586869,75,69
66,5302,2703.28491343319,79,13
13,8022,576.406358456022,67,54
25,5010,575.065204885091,33,8
81,6925,4997.63766009271,83,2
32,5104,774.433904915557,78,46
57,7880,3045.17027777601,78,21
78,3479,2371.6872675941,89,11
32,1320,200.284630581609,76,44
77,4177,2790.02537981806,81,4
16,5484,441.971315933311,61,45
93,3781,3252.24301277232,98,5
34,7030,1154.9170485948,75,41
31,8286,1208.15017559711,92,61
84,8673,6585.27440970687,86,2
59,9491,3915.54235204993,87,28
85,2947,2272.84745632491,93,8
20,2788,262.591751228077,51,31
91,4097,3432.83256545447,93,2
86,5517,4319.30104376861,92,6
91,7759,6501.18327443525,94,3
67,2702,1416.59039611933,74,7
85,7057,5442.64828615029,86,1
60,4077,1736.5417448287,91,31
50,6456,1956.45695073657,68,18
63,6244,2917.37398902147,73,10
1,4651,225.260855914536,50,49
49,2789,815.052453400815,92,43
72,9251,5521.44512474461,88,16
96,8050,7273.99004175587,96,0
4,7126,373.301350395448,69,65
28,7029,909.314637315431,80,52
74,7763,4856.8833898859,84,10
90,4545,3759.32506306146,99,9
73,1626,993.957860644231,89,16
27,9299,1155.94634468153,86,59
26,1278,152.655060109178,76,50
3,3540,180.193166566579,55,52
92,9967,8459.96828927536,93,1
90,9270,7667.53428703624,90,0
87,2275,1807.02144499449,87,0
41,4011,867.210666512192,83,42
66,8932,4554.08163839782,73,7
36,1821,323.804128076523,90,54
9,2889,178.91905765217,80,71
91,3951,3310.50072397135,97,6
77,4737,3164.07714249417,85,8
41,4936,1067.20315380309,58,17
9,9495,588.036155211962,73,64
87,2133,1694.2315350212,92,5
5,3672,198.366252911708,50,45
95,3171,2810.94679793698,98,3
81,3217,2321.64626029144,87,6
44,8920,2163.63180131511,73,29
50,2669,808.82645624472,78,28
78,5397,3679.21706904437,81,3
55,5252,1897.470208215,79,24
9,1303,80.6962728005462,22,13
47,8316,2257.72676561541,92,45
39,9284,1857.21465390055,74,35
39,8614,1723.1847295023,71,32
10,6184,397.21239156521,65,55
22,6800,693.009056486346,76,54
19,6812,616.922508201935,73,54
15,8509,659.889384868014,59,44
94,4094,3571.75802998831,95,1
9,6656,412.213654459275,68,59
90,1186,980.981193573353,94,4
39,4585,917.20478114326,77,38
53,1062,358.073528199774,61,8
37,7754,1434.20521807573,76,39
29,9110,1226.49349197182,77,48
1,4490,217.463178468344,78,77
30,9596,1344.47368616958,82,52
90,7162,5923.93533589575,91,1
59,6283,2592.07170982296,70,11
53,3941,1328.78321528749,59,6
28,8066,1043.46733028685,89,61
55,8083,2920.26879150834,62,7
88,5386,4338.0428852237,94,6
61,6200,2725.02870069515,81,20
41,5764,1246.22345594023,78,37
86,3847,3011.84540789883,89,3
70,8687,4932.61896944904,79,9
23,2864,303.656573497168,68,45
24,9392,1036.0541064498,50,26
86,7530,5895.29397490984,88,2
49,1892,552.914751464447,75,26
55,1926,695.835419082651,80,25
32,3067,465.358304540755,68,36
39,8571,1714.58280898122,90,51
92,3218,2731.43151950317,99,7
63,5193,2426.31696428387,83,20
68,6199,3339.73847569901,90,22
73,2795,1708.5561011689,82,9
69,9158,5066.91736757023,88,19
48,5539,1560.44351715885,50,2
13,4086,293.592169116343,63,50
85,1389,1071.25385708697,85,0
86,9001,7046.95100506819,95,9
84,5092,3866.276639482,84,0
89,6528,5329.14649645574,96,7
77,2934,1959.76405659234,85,8
80,8581,6080.49308234285,87,7
25,6413,736.106418947722,84,59
9,6119,378.95663335882,54,45
20,4526,426.287756835824,82,62
65,1291,639.734864557724,81,16
15,1112,86.2377477933049,71,56
78,6293,4290.03391059778,89,11
85,8903,6866.35931579935,92,7
93,1799,1547.41739750791,93,0
65,5569,2759.6308758497,79,14
44,4141,1004.43938220245,63,19
39,3084,616.93774155852,56,17
93,7088,6096.77293692943,95,2
56,4353,1626.8823621112,66,10
15,7341,569.308728912456,82,67
24,7614,839.918650607837,78,54
79,4183,2908.32040832754,84,5
49,1910,558.175039797618,87,38
33,6665,1052.3081637734,85,52
64,4563,2196.2437551035,75,11
41,1566,338.581875781125,81,40
53,2766,932.609584746305,85,32
23,8451,896.020147564444,75,52
57,8619,3330.75160204967,70,13
72,9152,5462.35712697683,73,1
2,1252,62.0752775845336,13,11
32,2600,394.500029933473,89,57
9,7706,477.241349348434,90,81
79,1467,1019.96319364487,89,10
43,9156,2137.84065193038,85,42
16,2763,222.678108301192,87,71
60,3179,1354.05106863146,70,10
76,7868,5145.67571555287,84,8
47,5693,1545.60347242046,69,22
86,5123,4010.83546261131,95,9
63,4675,2184.29266474622,84,21
86,8958,7013.28597971346,90,4
30,2739,383.75504652131,67,37
40,7213,1500.2152064037,84,44
37,1546,285.953219905221,48,11
92,4213,3575.98539206552,95,3
13,8899,639.421613550254,82,69
37,4374,809.029355669753,85,48
80,7441,5272.6895496694,89,9
74,4095,2562.01693695514,88,14
8,9805,585.939449726744,81,73
20,9493,894.111726832186,82,62
26,5288,631.643159512779,87,61
54,2726,951.629187102918,78,24
77,2660,1776.74587271153,85,8
99,1523,1450.47619047619,99,0
66,1786,910.612383136868,91,25
54,7512,2622.39121552352,88,34
32,8504,1290.31855944394,35,3
2,5059,250.829735862744,84,82
98,7637,7160.76901107079,98,0
9,3498,216.635120687882,34,25
83,7166,5353.24961078106,83,0
52,3584,1166.63973311923,65,13
74,7105,4445.20887352046,89,15
85,4950,3817.64333519115,88,3
76,4189,2739.60797819662,77,1
21,2571,251.872362564927,88,67
44,6289,1525.45744377475,87,43
1,1282,62.0908228945249,79,78
99,1391,1324.7619047619,99,0
30,7029,984.817167578782,64,34
42,1204,270.548589564506,55,13
88,4205,3386.83073382207,94,6
67,4174,2188.32283989714,83,16
33,2368,373.873328104339,77,44
29,8686,1169.40971144536,88,59
9,8839,547.409328690735,66,57
45,9682,2439.01410387187,71,26
74,6522,4080.45774427874,85,11
65,1144,566.891312977565,88,23
51,7977,2505.86825628006,69,18
22,7990,814.285641371456,83,61
21,6626,649.127294576121,65,44
47,5416,1470.40021194962,76,29
30,2281,319.585710520302,30,0
66,4377,2231.66315844909,73,7
53,2913,982.173434694861,54,1
12,6915,478.461595920448,72,60
26,3010,359.539695562305,91,65
14,6447,481.209408397492,67,53
28,1372,177.490351742321,82,54
24,1338,147.597997703347,88,64
43,1390,324.552043051904,70,27
2,5473,271.356225415457,85,83
86,7661,5997.85486610682,94,8
39,1336,267.25967014338,76,37
5,3686,199.122551261589,90,85
78,3692,2516.89261050803,79,1
36,5258,934.959970030948,81,45
61,7453,3275.74821069048,81,20
93,2036,1751.27394181551,94,1
83,2706,2021.47550192207,96,13
47,6350,1723.97366061301,78,31
22,4194,427.423526897608,52,30
48,9942,2800.85384502496,58,10
21,7069,692.526538689797,88,67
73,3287,2009.3108781904,84,11
18,4881,425.09444768732,74,56
67,8726,4574.82153831874,86,19
86,9573,7494.77413304275,89,3
36,8842,1572.2548602156,47,11
58,1664,664.579189964452,66,8
3,5447,277.263327200044,47,44
78,9804,6683.53606539022,91,13
5,1850,99.9394248057353,77,72
0,6078,392.834348468027,79,79
66,7217,3679.66941158946,66,0
17,5579,467.35527300924,62,45
96,8362,7555.91363095187,96,0
91,5431,4550.57692530711,92,1
90,5098,4216.73029075629,97,7
61,5485,2410.77135859886,65,4
17,3405,285.238341028224,23,6
2,3553,176.160911547802,69,67
33,6575,1038.0984511343,77,44
13,2133,153.26287242417,82,69
24,8191,903.568908212344,85,61
29,7597,1022.79594495169,82,53
37,9206,1702.77189032825,75,38
9,5233,324.085645099968,62,53
65,2759,1367.17931163033,77,12
53,5099,1719.22497202509,90,37
49,1985,580.092907852498,92,43
43,6635,1549.21065154632,74,31
93,2589,2226.93921186658,97,4
34,4811,790.370685745318,78,44
67,9111,4776.66732014922,87,20
54,5663,1976.91712639906,89,35
86,5940,4650.47094435119,86,0
66,1812,923.868778412096,74,8
79,6992,4861.33786637011,85,6
45,7257,1828.12697291863,73,28
89,4504,3676.84984988307,89,0
60,8496,3618.75365809778,61,1
92,9344,7931.16722132928,96,4
66,3419,1743.21597869258,77,11
4,9083,475.820399332283,49,45
57,4345,1679.09452499197,59,2
6,3972,221.625776677294,74,68
44,1059,256.870636501424,67,23
47,2628,713.480752770237,71,24
74,3749,2345.54371102438,84,10
49,2186,638.832794239578,87,38
46,7340,1919.80686693978,78,32
66,2841,1448.51611449711,88,22
62,3646,1652.69777842967,83,21
61,1868,821.024776273959,89,28
82,7487,5499.16998972847,93,11
54,9532,3327.5603123496,67,13
45,3763,947.945679908063,75,30
93,1259,1082.93413199692,95,2
29,6468,870.796916144209,65,36
72,8414,5021.88296179884,80,8
82,7807,5734.20864295581,85,3
43,4554,1063.31654968228,49,6
95,4553,4036.02673320942,97,2
76,1733,1133.38281838499,93,17
33,3565,562.862506204379,69,36
92,4457,3783.09207036222,92,0
65,5876,2911.7599257484,86,21
34,6611,1086.08202108965,76,42
20,1298,122.253978871608,78,58
56,4757,1777.87259282402,89,33
6,9594,535.316641853463,81,75
89,1205,983.70427822138,91,2
60,4506,1919.26835962672,88,28
74,9835,6153.22016482389,82,8
87,3584,2846.75378411439,93,6
73,8367,5114.66507995712,87,14
90,8006,6622.03662373378,95,5
42,2382,535.254767726457,68,26
55,8171,2952.06189476861,80,25
92,2398,2035.41727276837,95,3
24,4614,508.981436026341,69,45
14,8680,647.882373955364,60,46
78,2920,1990.60845684817,88,10
95,1002,888.227275790872,99,4
72,4651,2775.94219816097,74,2
42,9861,2215.84687848472,53,11
81,8425,6080.15845289258,91,10
27,1459,181.366353036924,67,40
39,1735,347.077490792488,76,37
46,7770,2032.27511663789,82,36
97,8748,8058.67374099174,98,1
49,6392,1867.98683475726,74,25
86,1729,1353.64718228674,94,8
62,6665,3021.18230752434,72,10
51,6995,2197.38604145405,81,30
92,1638,1390.33089774587,92,0
64,5433,2614.9884552876,94,30
99,1518,1445.71428571429,99,0
25,5441,624.536882191573,83,58
54,3890,1357.97415180864,61,7
87,6836,5429.80158153068,87,0
30,6022,843.728693008881,83,53
80,3196,2264.68428984591,80,0
41,2817,609.058201836162,90,49
87,3169,2517.12130074177,89,2
12,7972,551.597374212265,86,74
52,2732,889.302385848695,75,23
99,1704,1622.85714285714,99,0
99,1731,1648.57142857143,99,0
8,5340,319.114396893504,72,64
49,5163,1508.82603689796,91,42
34,4332,711.678613728688,76,42
73,6520,3985.61208573209,77,4
97,4409,4061.5789350746,97,0
30,1424,199.513394029334,70,40
97,7824,7207.48323611333,97,0
97,9286,8554.28033365904,98,1
41,1629,352.202985726343,87,46
76,4261,2786.69601219761,76,0
29,5199,699.949469238365,73,44
22,7389,753.035870349648,75,53
77,8873,5926.71658968773,82,5
35,6158,1052.54416332611,79,44
75,1408,900.966054869238,84,9
92,5707,4844.08939770186,97,5
11,4276,284.997638620626,78,67
3,5300,269.780729605331,77,74
35,2560,437.563016907248,87,52
30,2146,300.671168249263,79,49
85,3974,3064.91204324235,94,9
66,1039,529.745949652411,74,8
41,6388,1381.1373068262,76,35
34,4755,781.170777534606,79,45
40,1910,397.256487485245,71,31
20,4799,452.00065069711,88,68
57,3639,1406.26581736382,60,3
87,4446,3531.43619536065,95,8
83,4522,3378.09025117945,89,6
10,3255,209.076056685763,83,73
28,1207,156.144937720832,66,38
69,7242,4006.83725441621,90,21
58,6890,2751.77320844656,73,15
84,8623,6547.31018504581,90,6
81,7327,5287.75323256308,81,0
24,1772,195.473581412804,82,58
29,4691,631.556637852889,75,46
41,1830,395.660812694418,72,31
35,1153,197.074280661741,76,41
2,4869,241.409366261257,61,59
8,7956,475.444595821109,62,54
13,6372,457.848580912711,60,47
55,6367,2300.30327793315,79,24
73,5187,3170.76225286693,88,15
85,5651,4358.28333074044,85,0
33,1817,286.878309613845,62,29
81,7468,5389.51018708626,96,15
77,8150,5443.78904608982,78,1
5,3648,197.069741454769,78,73
13,1855,133.287683238085,82,69
18,5449,474.562516994101,75,57
32,6499,986.098344052939,81,49
82,9449,6940.25073232861,83,1
3,7268,369.95591373048,82,79
73,4838,2957.42197404477,81,8
51,4113,1292.04414417449,66,15
57,6733,2601.92023861242,77,20
34,1442,236.897636425847,91,57
7,5990,345.686330222919,76,69
52,2724,886.698279301554,59,7
19,5474,495.747770096505,64,45
42,9504,2135.62607576501,75,33
88,5469,4404.8935275322,88,0
40,1417,294.7185564223,74,34
89,5511,4498.91641267886,92,3
50,1951,591.24032076937,93,43
3,9769,497.261876889523,83,80
68,4624,2491.20030837751,78,10
81,7130,5145.58216844203,90,9
86,5984,4684.91887727231,88,2
20,5408,509.360183156901,81,61
51,5241,1646.39031354692,76,25
21,5975,585.350978734126,83,62
47,3375,916.285213317941,74,27
99,3612,3440,99,0
52,2438,793.601470241259,79,27
56,8839,3303.47190413528,76,20
37,8341,1542.77865926873,81,44
69,5825,3222.84272396774,75,6
24,3012,332.260963439822,79,55
38,5048,971.083938603926,64,26
46,9489,2481.88656136125,82,36
3,9580,487.641394267748,81,78
48,2033,572.735452317014,75,27
31,6523,951.093844487082,71,40
81,9181,6625.74893246371,84,3
21,6245,611.801985304539,89,68
31,8533,1244.16430706857,72,41
42,2781,624.913311942601,64,22
2,3637,180.325706529512,71,69
41,6672,1442.54040562686,78,37
57,5536,2139.34805301624,83,26
11,3810,253.938494654954,75,64
39,7553,1510.93734176119,47,8
60,1988,846.761096080319,88,28
94,6468,5642.92402002062,96,2
1,5450,263.958646470484,90,89
62,4604,2086.95023913609,92,30
97,4285,3947.34990628139,97,0
88,1250,1006.78678175448,93,5
70,9462,5372.67649233646,89,19
68,4739,2553.15706345178,71,3
91,6605,5534.25899312345,92,1
90,5392,4459.90775358138,90,0
15,4659,361.314448713136,76,61
10,4090,262.710006711143,71,61
26,5781,690.531222606539,87,61
44,6635,1609.38307194235,83,39
18,6031,525.249869699288,60,42
3,1799,91.5727419924509,89,86
64,9290,4471.42329277045,82,18
37,2219,410.433502567714,70,33
28,9199,1190.03917323441,68,40
22,5177,527.604100798502,72,50
3,6414,326.485584846904,82,79
7,8932,515.470834983491,82,75
45,5059,1274.42391566699,65,20
89,6611,5396.90372059879,92,3
33,6833,1078.83296069972,78,45
82,9619,7065.11501685564,92,10
65,6620,3280.43749292962,66,1
96,5818,5257.15205750753,97,1
39,4166,833.386067228532,75,36
16,2718,219.051429012899,58,42
29,6450,868.373548102991,81,52
90,7866,6506.23783191231,91,1
62,7405,3356.61740243327,67,5
80,5110,3620.94390522922,81,1
53,3233,1090.06752982097,90,37
77,6948,4640.9136554886,79,2
92,3360,2851.96081588895,98,6
73,9613,5876.33266566605,80,7
11,6439,429.162721019226,75,64
48,9712,2736.05839296746,92,44
78,6580,4485.68618015786,85,7
48,6611,1862.44666761819,62,14
71,2878,1676.00127290277,76,5
39,7406,1481.53077625888,91,52
78,4864,3315.86285414709,89,11
9,5601,346.876303880168,71,62
65,5815,2881.53232951446,73,8
45,7478,1883.79957330654,77,32
91,5074,4251.45043620112,95,4
2,2728,135.256675120294,79,77
73,6878,4204.45397632904,87,14
9,5472,338.8871870795,69,60
31,3125,455.644375904052,42,11
84,6170,4684.78532317438,94,10
22,7372,751.303347708433,68,46
58,6029,2407.90140402385,74,16
17,7731,647.629255356593,84,67
95,4846,4295.75786275705,96,1
89,7472,6099.78287707066,92,3
76,5211,3407.99646082181,82,6
11,5806,386.972939623796,88,77
24,8300,915.592960342139,65,41
66,1376,701.569226873645,78,12
81,1863,1344.49082465743,82,1
45,3738,941.647874434318,76,31
21,6431,630.023789830823,74,53
11,2428,161.827471134443,62,51
62,4970,2252.85462391537,66,4
19,3009,272.507314618265,90,71
96,8549,7724.88706421999,97,1
25,6099,700.064408102629,72,47
30,5004,701.099033513192,87,57
96,2219,2005.09116803184,97,1
44,3374,818.39615444363,92,48
24,1729,190.730148003802,36,12
67,2206,1156.55011615072,78,11
4,8457,443.026876269197,84,80
5,1471,79.465348048236,85,80
87,3524,2799.09607567497,88,1
67,3706,1942.96225315256,89,22
12,8412,582.041785232511,84,72
86,1836,1437.41829189037,90,4
0,8611,556.547643082951,74,74
27,9585,1191.49862498897,86,59
63,3727,1741.36016288966,85,22
4,2663,139.503437567089,53,49
43,9318,2175.66614184003,43,0
58,6779,2707.44130334677,85,27
63,9497,4437.26790098285,77,14
56,3900,1457.57895985152,79,23
69,5612,3104.99456942609,73,4
80,8238,5837.44342295075,92,12
37,1690,312.587931202991,59,22
8,2075,124.000444485772,83,75
71,7721,4496.31891177286,79,8
51,9294,2919.58625722287,82,31
14,7917,590.931423341545,81,67
94,8138,7099.89419835,94,0
37,2164,400.260522558149,85,48
23,3403,360.804231707703,85,62
43,5813,1357.28131385663,74,31
98,6777,6354.39722247306,98,0
36,8475,1506.99614796734,78,42
5,2756,148.882732305193,77,72
1,6400,309.969786680936,82,81
22,5980,609.440317321816,89,67
42,3238,727.604927749063,57,15
69,7814,4323.31211074402,69,0
92,4313,3660.8651782527,98,6
31,8227,1199.54760978004,73,42
57,2849,1100.97590372892,92,35
49,9886,2889.06724787395,56,7
74,7696,4814.96516405538,74,0
13,9187,660.11533472145,62,49
69,5364,2967.78169465459,87,18
60,7240,3083.77783481967,84,24
16,1782,143.616499816404,64,48
90,1168,966.092777482021,94,4
75,6813,4359.57509362509,88,13
99,6090,5800,99,0
25,8960,1028.45992729948,83,58
30,2606,365.120719691323,82,52
56,2523,942.941465565484,90,34
74,7076,4427.06516383262,92,18
39,1005,201.044886597378,88,49
53,1361,458.887073333233,67,14
54,4540,1584.88499979723,54,0
66,5990,3054.06952687001,84,18
2,4225,209.479271401481,83,81
12,2531,175.124555209639,82,70
87,4620,3669.64354983496,89,2
36,8254,1467.69866729468,50,14
64,2361,1136.38647946513,74,10
9,4288,265.560719699725,79,70
57,1180,456.002655809098,62,5
23,3241,343.62812664257,65,42
47,8273,2246.05261326795,54,7
20,1614,152.016888982108,81,61
88,7031,5662.97429001259,89,1
11,8544,569.462073053,67,56
72,5798,3460.52738441998,79,7
86,6113,4785.9139533365,89,3
51,1995,626.702666576246,83,32
22,5747,585.694565827504,36,14
15,4516,350.224522513098,88,73
20,3090,291.036051396972,84,64
75,8403,5377.0012493368,92,17
70,4251,2413.78649005731,78,8
39,2211,442.298750514231,61,22
98,7137,6691.94820374653,98,0
36,3261,579.86011074,48,12
28,9473,1225.48549712464,78,50
48,2147,604.851458988996,85,37
37,8538,1579.21642403026,75,38
73,4546,2778.9252364629,86,13
11,3665,244.274168742889,51,40
44,2446,593.300828028785,86,42
83,3793,2833.50206163725,89,6
3,1824,92.8452926037968,3,0
73,6659,4070.58142314264,87,14
70,8204,4658.36376486243,71,1
61,1988,873.767267255155,89,28
24,4254,469.268970276561,52,28
41,6213,1343.30089031171,47,6
77,5855,3910.84476869398,88,11
43,9785,2284.70628867833,60,17
18,5384,468.901558358642,75,57
46,5453,1426.25433861344,87,41
53,9917,3343.70544176757,62,9
98,9211,8636.61691252757,98,0
54,4228,1475.96779276271,81,27
87,3218,2556.04176263396,87,0
37,3190,590.032840554758,85,48
82,1228,901.960831759925,84,2
62,8046,3647.17672113141,93,31
32,8137,1234.63336291103,81,49
65,8972,4445.93431821216,94,29
94,3948,3444.38219403856,96,2
4,8032,420.76290294362,82,78
77,6308,4213.4259267159,89,12
27,3415,424.514116258461,68,41
85,5046,3891.68247866152,85,0
34,3036,498.76645228077,91,57
21,2949,288.903771763504,46,25
35,4460,762.316818518096,75,40
91,8165,6841.36634047736,97,6
86,4553,3564.57814976952,87,1
68,7706,4151.64134436789,78,10
48,3731,1051.09492011548,65,17
40,1531,318.429153057545,58,18
14,8919,665.721531487084,87,73
40,1270,264.14436602422,68,28
88,7624,6140.59393927692,92,4
30,5766,807.86111655417,66,36
15,8096,627.8604371714,53,38
88,3190,2569.31986703743,90,2
55,3342,1207.41535336148,71,16
37,2931,542.127352873353,60,23
0,4846,313.207511134593,67,67
87,6695,5317.80596669806,98,11
3,2760,140.489587492587,67,64
6,7447,415.52043275826,52,46
48,6504,1832.30269644361,75,27
28,3051,394.696110179169,47,19
71,2908,1693.4717517725,86,15
66,9210,4695.82309557142,87,21
24,3090,340.865331018941,25,1
26,9231,1102.62821585901,85,59
41,2926,632.624884122332,71,30
1,2134,103.355550746425,22,21
46,8739,2285.72100956223,66,20
35,3464,592.07745725262,66,31
5,2030,109.66326073278,73,68
21,5519,540.67816763743,72,51
14,3308,246.911854037367,71,57
39,2209,441.898661187669,60,21
91,8920,7473.97278102365,92,1
16,8084,651.512785923575,67,51
71,1896,1104.13426456694,85,14
31,5650,823.805031634526,60,29
20,7602,716.005198291191,70,50
99,3923,3736.19047619048,99,0
13,4029,289.49653680121,76,63
39,2616,523.316839143025,46,7
52,4857,1581.01818743306,85,33
58,7635,3049.31617510732,70,12
72,8730,5210.48707588589,91,19
48,3165,891.64176418266,66,18
20,9380,883.468660874951,78,58
3,1365,69.4812633794861,54,51
9,9764,604.695631331184,82,73
45,9505,2394.42564111776,66,21
7,4374,252.426044807186,69,62
41,3796,820.725926222957,42,1
48,1350,380.321131641893,56,8
99,4929,4694.28571428571,99,0
93,2902,2496.16747502387,97,4
1,5063,245.215160932122,75,74
2,5571,276.215152894119,85,83
67,8679,4550.18062469269,90,23
89,4487,3662.97186421521,92,3
63,1398,653.185271725179,76,13
84,8775,6662.72142801542,84,0
53,2018,680.407137389025,71,18
51,1783,560.105691481427,83,32
6,4961,276.809032753287,79,73
29,4882,657.271265401365,56,27
39,3957,791.576732602809,79,40
10,9069,582.522506323559,90,80
7,7204,415.746965430034,84,77
48,7459,2101.34468216065,90,42
27,1559,193.797220277289,68,41
46,2632,688.410309780042,75,29
10,1731,111.186068855009,74,64
41,5103,1103.30990556263,87,46
57,7425,2869.33874523945,87,30
42,3780,849.396734679264,54,12
11,6252,416.699073118838,82,71
75,5351,3424.05494290149,79,4
89,9147,7467.17264140329,89,0
50,6840,2072.82613739749,77,27
36,2381,423.381454667875,66,30
6,3994,222.853311190612,88,82
49,8437,2465.61403705367,75,26
37,7383,1365.5838438294,85,48
74,2175,1360.7782265879,89,15
68,6198,3339.19972130706,90,22
95,2211,1959.95060556249,97,2
86,1925,1507.097065299,87,1
88,6500,5235.29126512329,90,2
13,4960,356.391864615042,55,42
59,3660,1509.94468533376,78,19
14,6621,494.196912207196,43,29
14,3128,233.476505268707,41,27
16,9521,767.324744529733,70,54
55,4947,1787.27820259703,55,0
22,6455,657.849038179318,69,47
22,4912,500.597130214843,82,60
78,5508,3754.8874590136,81,3
71,9802,5708.18779603647,79,8
21,3896,381.678228141951,53,32
92,5086,4316.98592547953,96,4
30,8496,1190.35519359074,78,48
63,8831,4126.09380157729,72,9
72,2773,1655.06078596009,83,11
81,6696,4832.3728190586,88,7
30,5678,795.531637147863,72,42
3,2451,124.760861936352,35,32
11,1391,92.7108782322943,78,67
81,9692,6994.5276825442,92,11
48,8531,2403.34783261999,80,32
50,3623,1097.93115435542,81,31
44,8111,1967.40106955906,71,27
12,6789,469.743423673742,53,41
14,4691,350.140117076568,78,64
74,5057,3163.88758246206,87,13
7,4355,251.32954392668,24,17
21,3513,344.156985488366,70,49
93,5626,4839.2275032682,96,3
8,3662,218.838374798504,48,40
41,9742,2106.29925533826,74,33
32,5725,868.658719757359,70,38
60,8567,3648.99512581494,89,29
66,3902,1989.47901399779,66,0
90,1886,1559.97515268073,94,4
38,8551,1644.95617254401,81,43
39,1613,322.672041872209,68,29
68,1001,539.293146342104,72,4
63,5050,2359.5033063034,83,20
43,2320,541.698374014689,79,36
14,2206,164.657663242573,49,35
27,5330,662.565223911448,69,42
57,3289,1271.0107923357,61,4
4,8507,445.646167248677,88,84
52,2237,728.173293244338,77,25
52,8189,2665.62856431734,76,24
30,7874,1103.20819142344,82,52
13,4007,287.915766433966,81,68
77,4432,2960.35252175093,91,14
65,7148,3542.0796373808,84,19
41,4695,1015.09700306027,64,23
37,6368,1177.8461218347,80,43
60,2765,1177.71349630889,85,25
1,1586,76.8143877618694,63,62
16,7474,602.351133348936,88,72
23,2121,224.879745945354,40,17
40,5788,1203.83274846314,75,35
97,4981,4588.50639047552,99,2
56,4791,1790.57969144837,73,17
84,8929,6779.65123997148,97,13
47,9023,2449.67154956082,88,41
97,9768,8998.29962300038,99,2
93,6122,5265.863984182,93,0
3,3375,171.794332531696,57,54
91,5482,4593.30928089368,92,1
72,7167,4277.61292930976,88,16
10,3806,244.468040474966,65,55
56,8325,3111.37047199075,77,21
13,2775,199.392625868295,80,67
12,6371,440.821233204509,75,63
88,4973,4005.40053253202,89,1
32,2922,443.357341332926,86,54
52,5610,1826.12971618272,64,12
17,1062,88.9642050431641,76,59
11,8310,553.865850546632,49,38
63,5688,2657.59501113935,84,21
29,9091,1223.93549237276,62,33
40,8099,1684.49229955131,50,10
89,8784,7170.83682978971,92,3
48,3486,982.073677706399,66,18
31,6643,968.590588521797,82,51
46,7071,1849.4488223612,89,43
94,3102,2706.30029531601,97,3
74,9169,5736.54048716525,92,18
83,8717,6511.90020334615,83,0
63,7830,3658.39819571399,72,9
27,3087,383.740871710064,58,31
91,8859,7422.86153218481,98,7
16,2960,238.554904296608,59,43
33,4905,774.429338830989,86,53
97,7081,6523.03026519919,97,0
46,6020,1574.5554957735,85,39
35,7877,1346.36089225718,74,39
96,6272,5667.38702383762,99,3
37,9581,1772.13311766619,70,33
75,6926,4431.88273865365,95,20
63,3819,1784.34517361835,64,1
74,4098,2563.89387244009,87,13
83,1441,1076.47679167395,86,3
6,2271,126.715039988453,77,71
87,7080,5623.60959585097,88,1
2,4740,235.013431110774,89,87
3,1609,81.9013573462221,67,64
32,2703,410.128300350069,74,42
9,6140,380.257187256603,66,57
97,6872,6330.49907957193,98,1
87,1325,1052.44106137041,91,4
10,5543,356.039502982852,66,56
90,1336,1105.05132766779,90,0
10,8293,532.678260551469,73,63
40,4859,1010.61218465487,74,34
96,7735,6989.3556488176,99,3
82,2026,1488.08847324561,86,4
39,4426,885.397679681585,78,39
19,8385,759.379804943221,84,65
43,4145,967.818862194347,82,39
5,7924,428.064866032782,85,80
19,6171,558.870933369662,79,60
64,2325,1119.05911256096,69,5
43,7497,1750.47961637419,90,47
47,2610,708.593898299207,70,23
46,6646,1738.28834300842,90,44
93,9625,8278.98413063569,98,5
42,9546,2145.06381726144,77,35
48,8558,2410.95425525283,83,35
98,1129,1058.59738293819,99,1
34,6788,1115.16030239851,84,50
70,7634,4334.70855448072,73,3
99,6244,5946.66666666667,99,0
37,3888,719.13720503978,81,44
5,1152,62.2325499330849,79,74
15,1521,117.956487764044,78,63
18,4759,414.46926378692,77,59
65,4089,2026.2400164032,82,17
20,8980,845.794091114825,63,43
90,8591,7105.91014670209,96,6
54,2304,804.311682716479,72,18
98,4271,4004.66733616385,98,0
4,5666,296.81805379464,85,81
3,8179,416.327658007924,70,67
4,3018,158.100403521395,88,84
33,8907,1406.287894183,85,52
97,9209,8483.34779158584,98,1
72,8513,5080.97095956662,72,0
13,1889,135.730691987463,73,60
4,4378,229.345118163243,79,75
35,9334,1595.39578117666,48,13
19,1756,159.030523253464,66,47
89,6605,5392.00560801013,90,1
86,1350,1056.92521462527,91,5
51,1445,453.927495339687,83,32
98,8413,7888.37890403805,99,1
29,9135,1229.85928091796,87,58
87,6917,5494.13948792389,87,0
95,6014,5331.13656347935,99,4
76,1037,678.198489708735,79,3
67,6360,3334.38746088783,78,11
57,5466,2112.29704801062,76,19
2,4868,241.359785368618,73,71
67,9841,5159.38789349012,77,10
63,8990,4200.38311359754,74,11
79,5908,4107.66363193859,96,17
11,8222,548.000604475862,83,72
39,7458,1491.93309874949,67,28
45,4853,1222.52999856333,91,46
48,5591,1575.09292371098,86,38
71,5715,3328.12622468358,88,17
37,7934,1467.49860719795,51,14
25,7728,887.046687295805,79,54
83,5160,3854.69829634807,83,0
58,2247,897.421538371468,89,31
16,9995,805.525766366419,83,67
23,1457,154.47892024629,75,52
89,4708,3843.38567789731,91,2
55,6876,2484.19747747264,61,6
19,8263,748.330987268436,59,40
35,1046,178.785513939446,56,21
42,5956,1338.36162744701,42,0
15,1511,117.180968449356,75,60
35,2450,418.761481024514,77,42
11,9714,647.443185584836,83,72
95,4473,3965.11038384488,98,3
83,3314,2475.67251048401,94,11
30,6014,842.607831244672,64,34
87,8358,6638.71878561051,91,4
31,7841,1143.26641646837,85,54
36,9176,1631.64562286116,86,50
65,1584,784.926433353552,77,12
9,1241,76.8565422451864,76,67
86,1159,907.389869444955,86,0
23,1320,139.953448678862,84,61
42,2024,454.809256875881,91,49
7,4070,234.882030719078,20,13
19,3381,306.197152118429,65,46
82,8392,6163.88868088705,83,1
78,1292,880.77607063282,90,12
4,9471,496.146097333046,76,72
30,4123,577.664131729595,52,22
2,3538,175.417198158211,64,62
5,1686,91.0799298499836,78,73
69,5074,2807.33115560727,87,18
88,7670,6177.64369284548,93,5
65,1864,923.676055410998,87,22
94,5406,4716.39567907104,96,2
45,2858,719.965121758502,85,40
88,5760,4639.27349032464,90,2
26,7290,870.778864003056,80,54
73,9646,5896.50524217359,88,15
83,4456,3328.78597064477,89,6
78,6571,4479.55074313333,91,13
47,3829,1039.54254275389,64,17
6,6645,370.771220045473,32,26
35,8349,1427.03657349946,90,55
94,1272,1109.74015978142,96,2
34,5680,933.133547086553,81,47
24,4127,455.259294859278,68,44
35,3459,591.222841985223,70,35
8,1596,95.3757635659238,56,48
44,1741,422.296296646817,66,22
82,2025,1487.35397745427,88,6
61,4304,1891.69734319225,63,2
74,9710,6075.01451961769,86,12
42,5636,1266.4550255694,91,49
17,5357,448.758235796827,40,23
65,5572,2761.11747894318,93,28
42,1634,367.173085837544,52,10
45,4683,1179.70492134187,92,47
79,7001,4867.59530927591,87,8
46,6042,1580.30968529294,88,42
29,6863,923.976381493152,58,29
16,6263,504.753164057317,63,47
31,4787,697.974280784863,58,27
34,8442,1386.88616276491,84,50
99,1482,1411.42857142857,99,0
15,8409,652.134191721134,79,64
9,3370,208.707935025204,81,72
86,5736,4490.75780080782,91,5
90,5208,4307.71505575887,93,3
30,5677,795.391529427336,83,53
77,2876,1921.02298117231,84,7
10,4524,290.586814269245,55,45
43,3444,804.141896597667,73,30
9,6114,378.646977668871,79,70
26,2195,262.189246431647,39,13
9,6183,382.920226190159,72,63
61,1691,743.229602076694,91,30
6,6509,363.182824872232,70,64
73,8107,4955.7296286856,90,17
75,3303,2113.55886309169,80,5
91,8802,7375.10184064688,94,3
38,5372,1033.41183006741,77,39
9,8828,546.728086172849,85,76
51,4846,1522.30632693157,59,8
80,8674,6146.39284421884,89,9
73,4771,2916.46553083249,78,5
33,7274,1148.46055263132,68,35
34,2871,471.659579874207,86,52
22,9923,1011.28365698735,76,54
17,5970,500.109514225696,23,6
20,5021,472.910036913979,70,50
31,8168,1190.94504396297,87,56
9,6544,405.277367004432,77,68
61,2012,884.315765451394,90,29
12,1230,85.1059671702316,60,48
93,5934,5104.15499544854,94,1
67,1926,1009.75318391037,85,18
19,7552,683.939926885057,90,71
12,3119,215.809359027604,82,70
77,4914,3282.30421748287,79,2
71,3508,2042.8813291671,72,1
12,4900,339.04003181637,65,53
11,2128,141.832314074998,81,70
85,4529,3492.95084143044,98,13
95,4598,4075.91717972698,98,3
56,1842,688.425754883718,67,11
36,8437,1500.2391150915,90,54
36,6296,1119.53365753421,72,36
53,8009,2700.38689957815,69,16
66,8464,4315.4665234437,73,7
23,2595,275.135757061854,48,25
66,9553,4870.70554093309,69,3
58,2155,860.677977387857,71,13
53,9321,3142.7526895952,80,27
32,1010,153.24808855108,77,45
71,5538,3225.05039935217,86,15
43,7546,1761.92065961847,63,20
36,8016,1425.37830349336,74,38
55,3223,1164.42240690726,91,36
43,1963,458.342201806394,91,48
87,5436,4317.788384611,92,5
54,2571,897.519677197947,56,2
69,6294,3482.32997504772,78,9
57,4251,1642.76888969871,90,33
61,3286,1444.26521136843,77,16
89,3945,3220.50902704012,95,6
97,5421,4993.83520232239,99,2
85,4382,3379.57840299143,96,11
89,4914,4011.55421010777,95,6
19,5861,530.796068786192,56,37
25,2276,261.247186889914,77,52
39,8608,1721.98446152261,84,45
17,9319,780.65671073187,66,49
22,9180,935.562226256567,69,47
59,4614,1903.52043118306,86,27
5,5898,318.617690542825,76,71
66,3259,1661.63816161425,84,18
93,4028,3464.70109903383,95,2
78,1602,1092.1077903667,87,9
55,9198,3323.10186122649,91,36
75,2212,1415.43814870082,83,8
63,6753,3155.19323316176,85,22
13,9290,667.516214168093,79,66
41,5151,1113.68789409232,61,20
82,3541,2600.84959711881,88,6
96,5957,5382.75263089934,98,2
22,4702,479.195379941,77,55
77,5923,3956.26533987608,85,8
29,6229,838.619973819153,43,14
1,4703,227.779360431319,84,83
87,9626,7645.88502396348,92,5
22,3805,387.779332342727,60,38
67,1745,914.859452712149,91,24
8,4134,247.04474096587,65,57
78,1519,1035.52542669602,82,4
36,3928,698.463819376486,69,33
23,9311,987.201939885521,84,61
20,8297,781.46476324941,69,49
54,1488,519.451295087726,72,18
41,4525,978.341627017619,48,7
5,3697,199.716785679353,84,79
91,7778,6517.10317161456,92,1
69,6655,3682.06323227559,88,19
51,2094,657.802197398826,84,33
63,3186,1488.58961066983,89,26
45,5351,1347.98228360033,93,48
24,6433,709.639700467588,81,57
56,2227,832.314959894702,87,31
69,8475,4689.02868422775,78,9
30,3414,478.327757876506,81,51
88,1933,1556.89507930513,88,0
43,2522,588.863491062519,81,38
16,9081,731.863880377534,41,25
40,8948,1861.07384817695,68,28
63,3476,1624.08584014072,81,18
4,8956,469.167400244405,77,73
99,9763,9298.09523809524,99,0
89,1886,1539.64005703363,92,3
86,4996,3911.40620167989,87,1
82,6925,5086.38335499795,82,0
69,4022,2225.28299327009,86,17
1,1609,77.928341682754,48,47
93,5601,4817.72364838343,96,3
58,8805,3516.59841805108,73,15
59,2596,1070.98808828592,83,24
36,5851,1040.40524622501,72,36
20,2894,272.57551221451,84,64
50,1640,496.993401364309,51,1
6,3355,187.199013281048,37,31
50,2467,747.61141534497,63,13
82,6057,4448.84100811879,95,13
65,1870,926.649261597943,70,5
72,9859,5884.32898982349,89,17
40,6631,1379.16637095008,77,37
66,9564,4876.31401585722,80,14
18,6480,564.354030119613,74,56
53,5644,1902.98210278675,70,17
38,9643,1855.0242511802,86,48
31,6652,969.902844324401,83,52
47,3357,911.398358846912,75,28
4,8067,422.596406629256,25,21
63,6202,2897.75039716707,81,18
4,2530,132.536123561673,50,46
32,7375,1119.01450798437,63,31
73,9437,5768.74559095917,78,5
14,6443,480.910845091522,78,64
7,3235,186.693702549439,90,83
60,2503,1066.11822107095,87,27
11,4867,324.388098027733,80,69
43,9098,2124.29819258002,74,31
48,1046,294.678447183274,85,37
55,1935,699.086986461542,70,15
68,6386,3440.48554699369,72,4
44,1975,479.055247488491,87,43
8,9463,565.501786105474,86,78
81,6944,5011.34959013484,87,6
6,7209,402.240741205088,53,47
10,4542,291.742995227876,71,61
87,7437,5907.17296106549,96,9
6,7281,406.258126885039,21,15
93,6390,5496.38530854671,93,0
72,5013,2992.00134151386,81,9
27,1602,199.142493190645,68,41
15,8598,666.791506768737,53,38
25,6962,799.122546189621,50,25
38,5460,1050.34039318095,75,37
94,2597,2265.71949288707,98,4
52,5931,1930.61949138675,76,24
50,7777,2356.77907464039,83,33
40,4276,889.35536151147,47,7
10,2848,182.933520565608,58,48
18,8153,710.058396229199,70,52
49,6950,2031.05577308557,64,15
48,7856,2213.18726679905,74,26
91,1007,843.754550503454,91,0
15,6121,474.695372520521,85,70
5,1808,97.6705297560916,90,85
90,1960,1621.18308550065,90,0
58,6082,2429.06889024267,90,32
0,8972,579.879857593803,68,68
38,9709,1867.72067351536,70,32
87,2727,2166.04284857141,88,1
52,4359,1418.91255487352,75,23
19,8821,798.865743518682,64,45
37,7583,1402.57649840963,72,35
80,4745,3362.30505485571,83,3
1,5905,285.995560992332,80,79
10,4061,260.847270722238,86,76
5,5283,285.394584458756,78,73
24,9161,1010.57194092703,88,64
57,1052,406.53796094167,68,11
23,4954,525.249533905367,79,56
40,6267,1303.45885186913,82,42
95,5746,5093.56679310814,97,2
90,1592,1316.79768985563,97,7
52,1520,494.780243956814,71,19
9,3072,190.252455904281,58,49
81,2616,1887.91626264297,81,0
16,9020,726.94771512007,88,72
57,6428,2484.05514537363,83,26
69,5416,2996.55213613894,75,6
67,5649,2961.62810794896,70,3
74,5261,3291.51919543858,90,16
75,2819,1803.85178173039,93,18
55,8402,3035.51879082681,63,8
65,3035,1503.94679622982,94,29
27,5644,701.598147046194,90,63
48,6542,1843.00803200094,79,31
65,9108,4513.32699178292,90,25
44,3978,964.902164308465,78,34
3,7304,371.788386610818,45,42
73,6910,4224.01526263938,76,3
80,2792,1978.41005545988,89,9
44,3020,732.530049324174,69,25
42,3247,729.62730092687,73,31
55,8391,3031.54465291928,65,10
31,9458,1379.03504233617,86,55
24,6068,669.375672693506,80,56
42,2457,552.107877541522,90,48
33,8933,1410.39292227874,81,48
12,4668,322.987524187513,75,63
13,1137,81.6970867071175,75,62
63,3785,1768.45940878384,75,12
41,4986,1078.01355852151,76,35
78,3465,2362.14325444483,92,14
62,4519,2048.42053228844,66,4
56,7720,2885.25886411634,88,32
2,9986,495.114793897086,76,74
75,6344,4059.46637222333,81,6
66,7053,3596.05214908417,83,17
32,3649,553.665618933555,62,30
5,6861,370.640212752513,75,70
89,4254,3472.76182535581,91,2
23,8426,893.369514066738,84,61
23,4083,432.901462845299,43,20
79,2788,1938.41675792904,89,10
9,3692,228.649761457879,76,67
5,8494,458.857013135089,71,66
77,6609,4414.47874915431,95,18
13,2665,191.488774032074,68,55
92,1284,1089.85645464328,98,6
80,6718,4760.37204605282,89,9
8,5111,305.429528562304,79,71
85,3701,2854.36322899847,87,2
40,1786,371.466013952171,82,42
15,8342,646.938212312724,69,54
33,3329,525.601481950737,85,52
61,5380,2364.62167899031,94,33
59,4258,1756.65149457682,78,19
97,3064,2822.56245340634,98,1
64,2919,1404.96066647976,91,27
83,6938,5182.92573257033,86,3
51,4529,1422.72500096432,78,27
30,3021,423.265423709703,70,40
45,2220,559.245126068535,88,43
20,8870,835.43358443079,81,61
92,6874,5834.63650250615,96,4
42,4692,1054.33055003045,77,35
5,6420,346.816814731254,67,62
55,1413,510.49607848587,61,6
11,4722,314.723772115668,47,36
1,6547,317.089405218763,74,73
81,4904,3539.12131192703,93,12
92,5576,4732.89687779667,93,1
78,3625,2471.21769043651,84,6
7,5712,329.642791023925,49,42
24,2664,293.872246548368,81,57
64,5858,2819.54764790627,67,3
72,6352,3791.18143253462,81,9
80,1811,1283.27385760668,87,7
28,4195,542.69098072816,62,34
20,5975,562.763885791879,87,67
82,8164,5996.42364046257,89,7
71,5379,3132.4568613426,78,7
99,7635,7271.42857142857,99,0
24,4553,502.25237932985,85,61
38,6288,1209.62278247652,75,37
87,3616,2872.17122861541,94,7
92,2725,2312.97417360042,97,5
47,1499,406.966380670694,81,34
21,7414,726.325047085324,71,50
57,9714,3753.90660892337,85,28
26,8199,979.357463094796,64,38
17,8361,700.404631229656,82,65
60,4250,1810.22870137895,67,7
96,9211,8323.07109001408,99,3
48,5592,1575.37464306775,82,34
72,8114,4842.82842310861,93,21
97,5584,5143.99110307475,97,0
14,4608,343.944928477686,71,57
88,1007,811.067431381408,90,2
63,3415,1595.58490911408,94,31
85,9541,7358.41112344621,86,1
10,5913,379.805444910266,74,64
89,1885,1538.82370493552,93,4
8,3271,195.47250790986,85,77
37,4626,855.64010044085,80,43
44,5517,1338.20141792102,71,27
76,5836,3816.74675596931,80,4
38,3736,718.694452183888,88,50
99,6239,5941.90476190476,99,0
65,2125,1053.01052454312,76,11
85,8739,6739.87577903746,85,0
31,9156,1335.0015698488,69,38
91,8898,7455.53921586865,93,2
77,3610,2411.2979701085,77,0
86,2632,2060.61271473608,93,7
54,6182,2158.09671117764,82,28
80,8818,6248.43118518812,85,5
16,7792,627.979666986207,27,11
79,4656,3237.18379659886,83,4
74,6059,3790.78403443497,79,5
1,7657,370.849790096238,57,56
29,3785,509.580446444934,59,30
78,5204,3547.64603062941,78,0
16,7259,585.023665638203,86,70
34,5156,847.048691686315,42,8
97,5494,5061.08293701516,98,1
20,4735,445.972719535489,61,41
94,6534,5700.50487736777,95,1
15,1090,84.5316053009913,66,51
41,3670,793.483706332522,92,51
22,2209,225.12603026152,84,62
47,2027,550.314111820879,79,32
6,4395,245.227917547006,70,64
55,6181,2233.1042187694,83,28
54,6421,2241.53008451498,78,24
42,4782,1074.55428180853,74,32
45,4491,1131.33777530351,84,39
56,7265,2715.207985467,72,16
89,7236,5907.12378191693,92,3
1,7360,356.465254683076,72,71
23,5018,532.035155659493,81,58
9,6752,418.159043706284,62,53
64,9343,4496.93302737936,66,2
41,6654,1438.64865992823,65,24
16,9825,791.824977943979,84,68
64,6275,3020.25631454624,77,13
41,1298,280.638106490358,79,38
61,7534,3311.34939210279,81,20
53,5906,1991.32039317125,93,40
68,1322,712.233306158104,94,26
92,5373,4560.59091183671,94,2
65,5132,2543.08235856719,89,24
46,9625,2517.45791475414,93,47
32,7389,1121.13873891478,62,30
18,9373,816.3102352332,80,62
4,5981,313.319586965362,69,65
15,4162,322.771138773143,67,52
58,9739,3889.62543934122,90,32
1,8361,404.946466631141,72,71
88,4704,3788.74001709846,91,3
28,9809,1268.95252204112,91,63
44,5494,1332.62254668444,92,48
44,7806,1893.4203857697,92,48
24,6109,673.898481292786,66,42
8,8557,511.359905284217,74,66
83,3389,2531.7001020007,89,6
52,2321,755.51641198932,87,35
54,2508,875.526779623668,85,31
68,3409,1836.61372215808,89,21
18,1848,160.945408589668,63,45
71,5400,3144.68619655141,96,25
91,9357,7840.13041614779,96,5
84,4490,3409.18737456288,93,9
84,6728,5108.46607039177,90,6
52,1718,559.231880998557,80,28
84,4015,3048.52724028284,90,6
91,3106,2602.48424415465,93,2
69,1667,922.31396066167,86,17
12,5127,354.746580229087,68,56
99,3093,2945.71428571429,99,0
92,5997,5090.24077764466,92,0
63,9097,4250.37654998852,90,27
78,8469,5773.44624008464,79,1
26,7171,856.564503945942,77,51
50,9168,2778.31433152926,77,27
78,2557,1743.14583019204,84,6
95,8011,7101.3859344917,96,1
20,9780,921.143230635076,67,47
8,7472,446.521118649488,70,62
8,3700,221.109226311979,84,76
9,4924,304.948923461158,16,7
50,7618,2308.5949582886,86,36
10,6559,421.299494870021,73,63
88,8680,6991.1274125031,93,5
19,7597,688.015310453625,70,51
81,4251,3067.86392679482,85,4
50,9044,2740.73678167001,75,25
67,2464,1291.81300371503,88,21
7,3612,208.4505884416,42,35
58,5474,2186.24187852488,87,29
22,7423,756.50091563208,63,41
16,5994,483.073681200632,73,57
9,5682,351.892726057332,74,65
70,1581,897.717346690334,88,18
30,5915,828.737166912576,86,56
81,5180,3738.3051378022,82,1
19,6873,622.446917039327,90,71
69,6317,3495.05536262734,72,3
92,7545,6404.17986782207,93,1
24,1314,144.950499986695,72,48
9,3406,210.937455992832,68,59
37,5826,1077.59602792226,67,30
17,5853,490.308372992127,77,60
71,5186,3020.06344728067,80,9
8,9540,570.103248382778,85,77
27,7644,950.215491853492,81,54
48,6147,1731.72888607609,83,35
0,7760,501.545663723575,70,70
10,3993,256.479475989632,88,78
22,5929,604.242749398168,73,51
4,6248,327.306600795784,74,70
93,1846,1587.84464469127,93,0
0,5243,338.866483879214,82,82
3,6461,328.877979996234,78,75
39,6543,1308.8922318474,79,40
10,8308,533.641744683662,68,58
85,2091,1612.66509371408,95,10
9,2646,163.869791120679,75,66
48,7532,2121.91019520499,79,31
55,8828,3189.42631342764,77,22
1,3779,183.027472479259,14,13
72,7721,4608.2669774244,75,3
73,2673,1633.97869711072,75,2
51,8794,2762.51791973509,88,37
80,5111,3621.65250481929,82,2
60,1031,439.140186146282,78,18
62,8546,3873.82205552933,87,25
61,1651,725.648771749628,90,29
4,6371,333.750056605304,66,62
51,7335,2304.19251094575,83,32
80,2009,1423.57657643943,83,3
39,3895,779.173963479389,89,50
77,1934,1291.814480385,78,1
39,6320,1264.28227193575,80,41
86,3974,3111.27466883024,96,10
81,4746,3425.09578841877,89,8
64,4224,2033.07771675591,89,25
21,7389,723.875879810286,73,52
32,5518,837.250448143425,64,32
60,6266,2668.91601008012,65,5
75,3975,2543.56538927928,88,13
37,8020,1483.40544866745,55,18
98,1961,1838.71520632576,98,0
26,6139,733.293751181723,80,54
94,5160,4501.77611986803,98,4
32,2288,347.160026341456,83,51
4,4167,218.291710229839,74,70
63,3822,1785.74685875081,79,16
77,3370,2250.99007181874,85,8
46,1275,333.481438058341,66,20
74,1326,829.605484347379,78,4
41,5166,1116.93101550785,78,37
37,6183,1143.62791634798,83,46
45,7933,1998.41963292869,66,21
82,4198,3083.41333202619,86,4
84,4957,3763.77323289715,85,1
64,3116,1499.77986870535,81,17
14,5446,406.493941078446,65,51
35,1484,253.64981136342,69,34
74,1998,1250.03903297592,82,8
13,7777,558.802324820803,88,75
65,2755,1365.19717417237,89,24
53,6236,2102.58617877005,81,28
1,6545,316.992539660426,75,74
39,3273,654.746182918624,68,29
75,4367,2794.40252955537,86,11
23,2623,278.104466579285,85,62
85,2377,1833.24004196957,86,1
90,3666,3032.27407726805,90,0
10,3618,232.39237268482,76,66
72,2751,1641.93011978947,88,16
68,1636,881.402185230452,89,21
99,9060,8628.57142857143,99,0
29,9995,1345.64242066502,61,32
62,5434,2463.18149423665,89,27
78,3619,2467.12739908682,86,8
69,2087,1154.69060341986,91,22
17,4925,412.569406626726,81,64
72,9102,5432.51470386179,76,4
43,2672,623.88709283071,85,42
40,5890,1225.04749282099,86,46
20,6672,628.411823598899,71,51
82,2342,1720.18914330761,82,0
90,2069,1711.34071627594,91,1
69,7232,4001.30447720768,85,16
36,6898,1226.57928361991,70,34
89,4382,3577.25489391376,93,4
50,2858,866.101915304388,73,23
94,3518,3069.23418404956,94,0
92,4962,4211.73499060744,96,4
91,3000,2513.6679756806,96,5
66,2131,1086.51455121202,72,6
15,4033,312.766939613668,59,44
74,6274,3925.29774418964,87,13
94,4821,4206.01989803949,98,4
78,1941,1323.20925162407,80,2
84,8628,6551.10660751192,86,2
25,4633,531.791835176173,69,44
28,7126,921.863153437155,81,53
64,2080,1001.13675446314,87,23
16,4547,366.455793863743,38,22
63,6934,3239.76156948669,70,7
36,3593,638.895240076302,83,47
55,1661,600.09482403753,82,27
19,2424,219.527328226877,57,38
85,5323,4105.31625721666,89,4
18,9010,784.695958545944,75,57
1,4357,211.021618838881,81,80
73,2724,1665.15449716783,80,7
81,2425,1750.07528169312,88,7
58,9888,3949.13403267338,59,1
22,8046,819.992774777814,81,59
56,7193,2688.29883543897,87,31
35,2892,494.309470662406,63,28
81,4507,3252.61414209933,85,4
60,1319,561.809801675021,77,17
85,5526,4261.87819601339,93,8
19,9966,902.56161431892,81,62
0,3028,195.706220329251,69,69
48,6366,1793.4254252091,69,21
82,5706,4191.03298536004,83,1
30,4832,677.000505582683,89,59
50,5354,1622.50162860031,79,29
85,5627,4339.77354487284,90,5
3,4032,205.236962597867,31,28
23,8919,945.640006641495,76,53
36,6285,1117.5776743333,64,28
85,6615,5101.75972975544,95,10
42,1840,413.462960796256,46,4
60,9636,4104.32088623237,64,4
64,5406,2601.99293010948,79,15
13,9296,667.947333359159,87,74
11,6982,465.353955296822,87,76
58,9988,3989.07268591643,92,34
54,6716,2344.51270014057,92,38
64,2892,1391.96514130163,67,3
20,9762,919.447874995871,88,68
78,4811,3279.73194722484,82,4
45,3148,793.019665253941,86,41
95,2460,2180.67774295963,96,1
32,4598,697.658129859273,91,59
64,6937,3338.88733928402,81,17
66,1873,954.97032117321,84,18
50,6550,1984.94315788794,72,22
58,7145,2853.61677421635,74,16
84,5203,3950.55721822954,90,6
25,3830,439.620705530918,78,53
82,2907,2135.17926541214,94,12
25,2738,314.277151891293,84,59
51,7159,2248.90445615005,52,1
72,2368,1413.33715872827,73,1
62,7288,3303.58239418415,79,17
62,4551,2062.92583368991,86,24
56,5203,1944.55982771986,59,3
68,7696,4146.25380044839,73,5
80,9208,6524.78502531324,95,15
34,2495,409.88876760228,55,21
80,6351,4500.31599649917,91,11
33,5766,910.368923078386,83,50
48,2259,636.404026947434,75,27
81,6135,4427.51004255145,85,4
58,1493,596.284092918826,80,22
62,5544,2513.04346780419,73,11
87,1733,1376.51347875844,88,1
35,4715,805.902197155341,53,18
15,2799,217.067856181169,67,52
25,4812,552.338077027357,38,13
1,5303,256.839027932657,75,74
65,1150,569.86451916451,89,24
27,6036,750.327146628424,70,43
4,8625,451.827693960249,58,54
7,2982,172.092927666902,57,50
65,6083,3014.33553919801,85,20
96,4721,4265.90148908441,99,3
97,8759,8068.80696128791,97,0
23,5763,611.024033891124,73,50
70,6674,3789.60504225888,85,15
77,1365,911.751171523019,80,3
6,3444,192.164948357654,70,64
17,5787,484.77952409114,24,7
50,5361,1624.62294189882,84,34
18,7734,673.566985948316,63,45
28,1835,237.386877148075,68,40
72,1388,828.425665673496,82,10
18,2478,215.813161517963,76,58
3,2824,143.747317057633,50,47
49,2796,817.098121085937,84,35
64,3300,1588.34196621555,76,12
8,7257,433.672879823251,69,61
61,7869,3458.58884609196,71,10
72,3709,2213.71094667363,79,7
74,9633,6026.83984217067,88,14
83,8947,6683.71815066399,93,10
84,6577,4993.81411191538,88,4
8,2993,178.859436311284,78,70
65,7099,3517.79845352075,69,4
39,3791,758.369318498168,73,34
21,4519,442.711476635902,77,56
4,9151,479.382635064376,60,56
38,7217,1388.33454534559,84,46
10,5668,364.068537417789,85,75
42,9978,2242.13772979622,82,40
34,8913,1464.26396218001,72,38
58,5483,2189.83635731676,79,21
94,5769,5033.09039448036,96,2
12,1113,77.0105215125754,87,75
89,1970,1608.21363327479,95,6
23,6859,727.227806430543,72,49
99,8543,8136.19047619048,99,0
31,3671,535.254561262008,74,43
26,5099,609.067411186774,85,59
43,2128,496.868163751404,85,42
18,6112,532.304295075783,83,65
1,7277,352.445334012058,76,75
71,8528,4966.2747933686,77,6
28,1071,138.551141921301,88,60
61,2710,1191.10125465869,62,1
65,5558,2754.1799978403,68,3
26,2510,299.815493641656,89,63
93,1120,963.372698837608,93,0
26,7424,886.78495011779,89,63
91,8853,7417.83419623345,98,7
64,2743,1320.24909494826,81,17
67,4384,2298.4205390774,80,13
82,3574,2625.08795823288,85,3
37,6027,1114.7736457754,80,43
3,6039,307.397325676715,76,73
64,2122,1021.35201585133,64,0
61,3542,1556.78252546165,79,18
75,8473,5421.79359581467,85,10
12,9655,668.047246364704,86,74
5,3227,174.326769647626,37,32
54,1990,694.696288457376,82,28
27,2758,342.843318489264,54,27
86,3632,2843.52028112517,91,5
50,9859,2987.71825856752,86,36
0,2260,146.068711342175,64,64
10,3585,230.272707593997,72,62
48,9220,2597.45246943574,51,3
18,2541,221.299936810793,71,53
95,9094,8061.41601401416,95,0
52,4157,1353.15886455821,78,26
99,6839,6513.33333333333,99,0
59,3744,1544.59915352175,89,30
14,9391,700.952001591569,75,61
37,6867,1270.14279501239,57,20
49,9434,2756.97556306321,64,15
63,2658,1241.89302735731,74,11
34,1524,250.368930591533,77,43
65,2935,1454.39335978073,89,24
45,2847,717.194087350054,61,16
17,3223,269.992121331561,86,69
71,1506,877.01803926045,79,8
79,7199,5005.25905320344,79,0
34,4118,676.521821637751,84,50
33,2175,343.401388778267,83,50
44,6461,1567.17769823957,91,47
44,9349,2267.68987785818,77,33
44,9240,2241.25087938919,73,29
86,2832,2217.1942280139,87,1
79,8470,5888.94904578874,95,16
13,8024,576.550064853044,85,72
18,4083,355.595293978145,51,33
92,4231,3591.26375357922,92,0
64,2821,1357.79172324063,83,19
0,4705,304.094374718997,76,76
96,7565,6835.74343675567,99,3
43,6302,1471.45825562093,82,39
80,7298,5171.35980829019,93,13
62,5557,2518.93624649854,83,21
88,7486,6029.44467857122,95,7
91,2273,1904.52243624067,91,0
31,3190,465.121778922856,72,41
2,4820,238.979902521926,70,68
14,5065,378.055786184783,83,69
29,4580,616.612534932047,85,56
48,6452,1817.65328989148,76,28
64,2526,1215.8035777759,68,4
90,1571,1299.42787108241,93,3
45,6721,1693.10202356154,76,31
9,6149,380.81456749851,77,68
1,9504,460.30513322119,61,60
9,3420,211.804491924688,79,70
85,7601,5862.2034324824,87,2
77,4913,3281.63626790666,88,11
85,6076,4686.0607888124,93,8
67,4739,2484.53807816784,70,3
57,6991,2701.62251420458,65,8
97,4025,3707.8374265537,97,0
48,5850,1648.05823711487,57,9
44,3632,880.976536140861,71,27
7,6428,370.963561047232,58,51
16,7952,640.874526677916,76,60
86,1152,901.909516480231,88,2
43,2176,508.075716317225,65,22
13,6573,472.291073813442,59,46
82,5556,4080.85861665973,89,7
57,1007,389.14802915234,71,14
66,9938,5067.00216327782,82,16
9,9582,593.424164217064,65,56
7,3391,195.696551884126,85,78
93,5543,4767.83470505077,94,1
99,5823,5545.71428571429,99,0
78,6905,4707.24362826596,85,7
73,8810,5385.46663731591,85,12
39,9174,1835.20974093964,63,24
35,2109,360.476719788041,86,51
43,5103,1191.50293215386,61,18
89,4046,3302.96058894913,97,8
79,6796,4725.06466531054,87,8
69,6518,3606.26418451876,79,10
79,2443,1698.54811320683,97,18
91,2828,2369.55101174158,95,4
68,2269,1222.4337153349,68,0
39,1954,390.887272051021,79,40
15,5082,394.118915724438,85,70
16,4024,324.30572124647,26,10
89,3042,2483.34308244767,89,0
5,7150,386.25237154649,65,60
42,7439,1671.60378552356,66,24
31,1113,162.282300921987,69,38
99,2165,2061.90476190476,99,0
72,3577,2134.92694964992,95,23
64,6920,3330.70497157928,81,17
14,6354,474.267811533685,87,73
61,3414,1500.52386841504,82,21
28,1991,257.5679958593,63,35
28,5569,720.44006476165,76,48
83,3735,2790.17405753101,84,1
18,8521,742.108131273029,73,55
99,3713,3536.19047619048,99,0
8,3343,199.775173935391,57,49
74,4504,2817.90580806983,78,4
83,9075,6779.33857351913,88,5
11,5608,373.776135964563,48,37
10,3720,238.944064783729,81,71
20,2646,249.217278963232,75,55
78,1017,693.304383772119,89,11
18,3016,262.668480685302,63,45
14,8732,651.763696932977,77,63
86,2936,2298.61661491837,89,3
84,1813,1376.58278620991,92,8
79,8792,6112.82644752947,82,3
86,2444,1913.42609225493,87,1
48,3046,858.117160726819,86,38
93,7492,6444.27523186728,95,2
89,8869,7240.22675812898,93,4
3,8929,454.504176348301,79,76
55,6051,2186.13713440764,94,39
20,9346,880.26632244534,73,53
31,4841,705.847815600485,83,52
75,4763,3047.79923248735,94,19
45,9280,2337.74539185406,66,21
22,5528,563.375597684782,88,66
89,1059,864.516871897461,95,6
80,2560,1814.01495056493,90,10
90,3148,2603.8185475286,94,4
4,3479,182.250266352198,72,68
4,6059,317.405680893351,68,64
70,5366,3046.90150685663,79,9
65,4081,2022.27574148728,74,9
38,9232,1775.96016663856,78,40
32,6783,1029.18988578413,76,44
75,2907,1860.16216015971,80,5
16,2538,204.544711859727,78,62
48,3893,1096.73345591251,85,37
57,3627,1401.62850222,65,8
13,6672,479.40454046604,73,60
80,2644,1873.53731613034,91,11
1,3453,167.238386470199,81,80
20,2489,234.430010332383,41,21
20,2322,218.70087745753,88,68
57,6223,2404.83434500001,89,32
93,7742,6659.31378071496,95,2
38,1362,262.007988189094,77,39
12,6945,480.537351217283,76,64
4,1545,80.9360912659229,83,79
87,3472,2757.79272836082,90,3
78,1672,1139.82785611306,83,5
38,7407,1424.884852068,82,44
54,7592,2650.31870450673,59,5
39,6172,1234.67566177016,67,28
76,2299,1503.54708567057,95,19
39,6157,1231.67499182095,69,30
1,6500,314.813064597825,44,43
29,6005,808.462504861777,83,54
1,3954,191.503208833816,85,84
8,1202,71.8306189262158,75,67
76,3114,2036.55747054291,86,10
63,5646,2637.97141928495,89,26
5,4922,265.892891293962,82,77
88,8061,6492.56659817828,89,1
56,8886,3321.03759929247,69,13
80,3076,2179.65233903818,80,0
19,8235,745.795193047993,90,71
11,2025,134.967310151255,74,63
56,3991,1491.58913558139,80,24
81,5126,3699.33438926141,87,6
11,7651,509.943155539384,86,75
11,7242,482.683091415007,70,59
89,5510,4498.10006058075,94,5
66,5334,2719.60047684885,86,20
4,2739,143.484759855898,63,59
85,1098,846.822703442399,88,3
31,2748,400.675438394987,79,48
16,4352,350.740183614473,67,51
83,6797,5077.59386051896,88,5
37,2621,484.788738273988,87,50
19,6388,578.523338578091,89,70
83,6472,4834.80763061331,88,5
52,1123,365.551456554936,58,6
33,8325,1314.39841911682,87,54
2,2072,102.731609548845,85,83
27,5391,670.148052928071,57,30
88,9229,7433.30816704967,91,3
50,4933,1494.91978593301,64,14
85,1815,1399.80255623675,89,4
36,5022,892.995239538878,76,40
92,1470,1247.73285695142,97,5
72,4588,2738.34074503602,76,4
30,7602,1065.09889144031,77,47
1,6458,312.778887872732,50,49
8,9706,580.023283941639,89,81
85,6942,5353.9555622014,92,7
82,4636,3405.12248863112,93,11
67,9029,4733.67678999312,92,25
50,4297,1302.18332052588,66,16
24,4727,521.446737775577,85,61
27,1953,242.774837204326,76,49
62,3369,1527.13626317322,86,24
76,1321,863.93462382376,82,6
22,2356,240.10725545321,86,64
7,7503,433.002426654851,9,2
84,7686,5835.86061489761,85,1
87,4216,3348.74831300956,89,2
28,5776,747.2188568977,87,59
6,6171,344.323430985796,86,80
98,1253,1174.8649431546,99,1
74,9256,5790.97161622877,77,3
39,6704,1341.09942263564,83,44
85,5629,4341.31602702848,88,3
72,7255,4330.13559399223,88,16
63,5716,2670.67740570896,78,15
29,7373,992.638475994319,75,46
33,9768,1542.2274784304,82,49
3,8728,444.27286943308,85,82
24,2832,312.404730564932,86,62
65,3432,1700.6739389327,85,20
71,2184,1271.85086171635,73,2
26,5127,612.411966494331,80,54
13,8957,643.589099063897,85,72
38,9958,1915.62081232526,76,38
31,2545,371.07677973626,64,33
13,7037,505.630957922591,77,64
44,5518,1338.44397754,90,46
31,5039,734.717443257765,75,44
66,6471,3299.31283946174,77,11
84,4409,3347.68533061197,88,4
89,7451,6082.63948301037,95,6
49,2309,674.778097849581,71,22
27,6061,753.434863438516,78,51
75,2475,1583.72939332483,82,7
32,2927,444.115995236645,65,33
40,8774,1824.88399015473,85,45
51,8281,2601.36580547263,87,36
44,1230,298.348331347263,64,20
24,7634,842.124898705047,60,36
63,2526,1180.21888152919,65,2
81,4933,3560.05004725449,95,14
54,5843,2039.75397661128,69,15
50,4495,1362.18618239791,68,18
79,5490,3817.04017253603,91,12
23,8020,850.323226063997,68,45
66,2462,1255.27866029282,90,24
21,5915,579.472977274035,75,54
22,1165,118.728757471558,84,62
53,1968,663.548685025571,86,33
84,4166,3163.17919875923,85,1
92,1431,1214.62974033842,95,3
53,5830,1965.6955455788,82,29
21,8257,808.910967599612,68,47
3,9691,493.291518982124,60,57
85,4202,3240.75500898448,94,9
98,7175,6727.57858510317,99,1
69,8422,4659.70496502255,93,24
31,6290,917.120999819675,79,48
30,4524,633.847327660608,54,24
7,7918,456.952314308025,80,73
90,1988,1644.34284386495,92,2
69,1944,1075.5718893379,91,22
2,6676,331.00203926066,11,9
83,7523,5619.94094640049,96,13
2,5789,287.023787489509,70,68
9,4796,297.02173779848,84,75
81,3822,2758.26298005406,85,4
70,3319,1884.58183027528,93,23
95,1194,1058.42651426577,95,0
32,6333,960.911034449495,80,48
32,8916,1352.83164111033,88,56
96,1498,1353.59466863979,98,2
28,9787,1266.10646683826,76,48
1,2777,134.497827752025,85,84
68,8153,4392.46455756961,92,24
29,1873,252.164907844481,86,57
7,4473,258.139391500353,77,70
61,6142,2699.53649672091,81,20
9,4688,290.333174895595,78,69
44,3823,927.30542336633,82,38
76,8277,5413.1619086974,76,0
92,1950,1655.15583064984,94,2
46,7229,1890.77436527353,68,22
20,6605,622.101333164078,78,58
89,3555,2902.1317087776,93,4
23,2779,294.644419604969,26,3
55,3793,1370.35500757035,71,16
78,6143,4187.77662685558,80,2
3,2492,126.847844938959,34,31
92,1623,1377.59892981779,92,0
62,5306,2405.16028863078,81,19
40,4271,888.315423062556,87,47
25,5947,682.617320050227,30,5
12,2238,154.851345143885,74,62
50,4162,1261.2722783404,51,1
18,3802,331.122534338699,51,33
34,1394,229.012000816665,65,31
55,7233,2613.17631683531,86,31
0,3006,194.284312519725,0,0
64,9654,4646.62222480149,64,0
36,6758,1201.68495197207,68,32
11,1706,113.705793144712,89,78
27,7488,930.823338958523,82,55
32,4762,722.541977901231,75,43
30,3029,424.386285473913,79,49
58,4737,1891.89400412356,78,20
99,8222,7830.47619047619,99,0
31,5801,845.821767878209,66,35
12,1006,69.6069942871976,58,46
34,5143,844.912998708828,85,51
41,3805,822.671799072274,84,43
62,6244,2830.34693596129,88,26
45,9256,2331.69949859926,69,24
28,5953,770.116664666206,75,47
1,1859,90.0365364749781,84,83
43,9324,2177.06708591076,76,33
39,5050,1010.22554956891,77,38
48,4829,1360.42277385089,85,37
72,4442,2651.20086954011,73,1
56,9793,3660.01814200665,71,15
33,9037,1426.8130346617,80,47
64,4864,2341.11979505226,74,10
90,4753,3931.36898233908,96,6
6,3435,191.66277514766,59,53
55,5233,1890.60578819289,77,22
35,4693,802.141889978794,50,15
2,1795,88.9977022877298,15,13
96,4572,4131.26490321837,97,1
25,1416,162.533399225008,85,60
95,6202,5497.78998448602,98,3
65,1687,835.966472896112,77,12
99,8114,7727.61904761905,99,0
62,9432,4275.43758808245,80,18
81,8200,5917.7803339726,82,1
30,4180,585.650271799589,85,55
78,2418,1648.38741392427,88,10
63,3860,1803.50153709527,75,12
71,8771,5107.78567221341,85,14
93,8951,7699.24020294235,93,0
83,5983,4469.50773392451,91,8
48,3141,884.880499620138,71,23
65,9561,4737.80405889729,88,23
45,3363,847.180792328146,84,39
46,5990,1566.70887370154,89,43
63,6022,2813.64928921962,69,6
39,9142,1828.80831171465,79,40
3,5895,300.067434155363,86,83
57,8058,3113.95711907603,64,7
99,4457,4244.7619047619,99,0
8,5554,331.902876469386,82,74
22,9484,966.543807605368,57,35
63,4392,2052.06703391773,90,27
54,2791,974.320271901777,87,33
79,4632,3220.4972821834,90,11
64,3379,1626.36591025526,85,21
70,3290,1868.11516167691,85,15
77,4342,2900.23705989227,87,10
3,1872,95.2885897775809,72,69
75,3371,2157.07142824162,85,10
33,9774,1543.17479260634,87,54
99,2672,2544.7619047619,99,0
98,6680,6263.44598585215,98,0
80,2653,1879.91471244092,87,7
71,3753,2185.55690660323,72,1
92,6695,5682.70168523112,93,1
65,8829,4375.07290408997,86,21
18,8846,770.412924450324,70,52
51,6643,2086.80993186266,78,27
6,8428,470.257312647591,64,58
19,2798,253.398293885645,67,48
47,7469,2027.77311356199,87,40
11,2669,177.890247305531,65,54
64,3180,1530.58407653499,69,5
20,8669,816.502113126327,84,64
55,3408,1231.26018080668,91,36
64,7135,3434.18785725696,80,16
67,4460,2338.26542068549,91,24
66,2975,1516.83753630021,78,12
41,7219,1560.80623324645,65,24
99,3431,3267.61904761905,99,0
95,1124,996.374708571797,97,2
98,9770,9160.7585751161,98,0
60,5899,2512.59743751399,76,16
79,5285,3674.50952857066,83,4
94,6614,5770.29985597037,94,0
66,5632,2871.53916115724,70,4
42,2821,633.901637177303,58,16
96,2109,1905.6950308153,97,1
25,9289,1066.22369025501,88,63
81,1711,1234.79538432038,81,0
70,1091,619.487428993773,93,23
83,4172,3116.62815743491,87,4
86,2504,1960.40054623828,87,1
74,2777,1737.41661390096,92,18
80,6186,4383.39706413854,94,14
28,7416,959.379335656742,90,62
66,9624,4906.9056972616,86,20
25,3479,399.331706146753,77,52
0,1786,115.433061264215,76,76
16,7844,632.170496386012,63,47
95,6153,5454.35372050024,97,2
84,6602,5012.79622424591,92,8
96,3139,2836.40431566108,96,0
29,9722,1308.88800537322,61,32
54,5851,2042.5467255096,83,29
34,1707,280.43291635154,46,12
62,6475,2935.05708045313,69,7
92,2910,2470.00177804668,98,6
93,1357,1167.22924314521,96,3
2,7252,359.560633420956,56,54
19,5788,524.184890997181,51,32
27,2904,360.992384660196,86,59
27,1723,214.183842551487,58,31
24,2173,239.708855761864,52,28
68,4447,2395.84078100234,93,25
88,2232,1797.7184775008,88,0
32,6148,932.84084001192,78,46
51,1628,511.414506860215,90,39
55,6371,2301.74841899043,65,10
68,7802,4203.3617659951,75,7
95,4718,4182.29170377379,96,1
95,2046,1813.68563499813,97,2
28,5441,703.881198126798,81,53
31,7068,1030.55822364475,59,28
1,8860,429.11442343642,74,73
64,4485,2158.70112681114,72,8
89,7850,6408.36397015588,92,3
72,9611,5736.31057117289,94,22
24,6134,676.656291414299,67,43
19,5260,476.36705712598,90,71
87,8171,6490.18559430767,90,3
80,6889,4881.54257595384,82,2
28,5893,762.354695931119,77,49
47,9432,2560.71174281921,67,20
54,2067,721.576496603717,92,38
4,3635,190.422454208175,65,61
57,4508,1742.08472236221,86,29
39,5481,1096.44479944301,63,24
75,6111,3910.37184751841,85,10
72,5131,3062.42946006535,76,4
65,1085,537.654785472603,93,28
66,1747,890.727790224024,79,13
36,2757,490.240516807783,67,31
57,3170,1225.02408382614,78,21
56,6843,2557.49046724717,80,24
48,3200,901.501941669672,88,40
96,9213,8324.87829250892,97,1
18,4552,396.441287824765,88,70
10,5554,356.746058013127,87,77
35,2813,480.806549437534,72,37
88,4186,3371.5275747394,91,3
53,8087,2726.68608526514,78,25
84,6218,4721.23097884899,94,10
45,8016,2019.32834710152,89,44
53,3175,1070.51172507936,79,26
20,2647,249.311465387633,86,66
18,5315,462.892233037924,73,55
88,5062,4077.08375139294,93,5
95,8305,7362.00351840638,96,1
75,7261,4646.24611108348,82,7
31,8496,1238.76947765786,83,52
70,4559,2588.67386689515,75,5
11,6351,423.297474948455,78,67
27,3899,484.679513701827,67,40
53,2076,699.962942130633,83,30
66,5180,2641.08182791096,78,12
24,9575,1056.24127653927,75,51
65,1058,524.27535763135,95,30
31,9835,1434.00397984523,67,36
95,6143,5445.48917682967,97,2
83,2622,1958.72459942338,87,4
95,8627,7647.44182459866,97,2
85,8471,6533.18317018266,89,4
48,8434,2376.02105501313,76,28
70,9076,5153.4994551306,84,14
83,6186,4621.15574829635,92,9
11,4587,305.725951438917,89,78
4,5824,305.095013289796,5,1
33,5084,802.690878413201,66,33
82,2479,1820.81506672057,91,9
72,8851,5282.70573982429,90,18
19,9591,868.600084580851,75,56
33,7528,1188.56351941278,86,53
27,8604,1069.55181736099,89,62
93,9531,8198.12963626896,95,2
16,3357,270.55027490666,82,66
37,3583,662.723406804921,76,39
60,4949,2107.95808073516,80,20
77,5195,3469.99804839713,86,9
74,5432,3398.50451808067,88,14
92,6348,5388.16882716163,94,2
49,9334,2727.75173899003,65,16
7,6134,353.996652685707,68,61
29,1865,251.087855381718,70,41
51,7061,2218.11906200244,73,22
71,7294,4247.65576252704,86,15
11,9854,656.774258879244,68,57
69,5810,3214.54355815495,80,11
69,3807,2106.32828328673,90,21
34,6093,1000.98287014056,69,35
52,5040,1640.58712469891,85,33
53,3743,1262.02374392821,60,7
65,8291,4108.47541599387,83,18
63,2237,1045.18988043578,76,13
42,1348,302.906560409431,48,6
80,5414,3836.35818060881,91,11
3,1049,53.3962236520739,65,62
47,2998,813.932761341389,80,33
67,8757,4591.07405581678,74,7
92,3285,2788.30097624858,93,1
55,9932,3588.28524523826,76,21
68,5320,2866.17336517482,69,1
95,3081,2731.16590490187,97,2
23,3010,319.136273123769,81,58
61,8960,3938.10599326267,78,17
62,9388,4255.49279865544,67,5
9,6566,406.639852040204,71,62
99,6255,5957.14285714286,99,0
38,8139,1565.69971796699,44,6
59,3604,1486.84170654177,91,32
23,2984,316.379614286155,71,48
59,1895,781.788300193301,79,20
52,3012,980.446114998635,92,40
37,8833,1633.78058953611,76,39
86,1222,956.713046127467,88,2
36,7343,1305.70769492911,75,39
59,9720,4010.01703318147,59,0
34,2705,444.388423392452,88,54
85,5915,4561.89097528396,86,1
19,4595,416.141944390471,57,38
96,4166,3764.40279676459,96,0
48,5529,1557.62632359113,73,25
3,7521,382.8341259173,77,74
84,8935,6784.2069469308,91,7
95,1389,1231.28511584184,97,2
20,3513,330.876908918305,84,64
45,5227,1316.74516845056,74,29
19,6179,559.595446004074,82,63
47,3124,848.140742638592,78,31
66,8181,4171.1757594864,78,12
58,7723,3084.46218996121,80,22
81,6444,4650.50932586822,81,0
98,5970,5597.7204394517,98,0
47,9941,2698.9011275833,91,44
14,8025,598.992632602741,73,59
97,4678,4309.38223140825,99,2
8,2355,140.733034585057,90,82
28,1080,139.715437231564,68,40
27,1438,178.755870916447,65,38
51,4111,1291.41587082453,69,18
85,2343,1807.01784532381,86,1
1,7680,371.963744017123,70,69
32,3122,473.703497481655,49,17
9,2781,172.230494749285,78,69
17,3810,319.165368375193,64,47
37,9790,1810.79044170253,92,55
86,3405,2665.80026355485,86,0
84,5632,4276.29026582141,85,1
77,8521,5691.59833886275,80,3
72,2996,1788.15799305317,80,8
64,1851,890.915448322723,87,23
50,9173,2779.82955531391,91,41
24,3637,401.206216477634,49,25
39,2118,423.6945968291,65,26
11,2918,194.48622766487,79,68
98,1365,1279.88080399524,99,1
95,8825,7822.9597892759,98,3
15,3728,289.113600515684,75,60
65,2873,1423.67022918229,88,23
60,9082,3868.35225080556,89,29
16,2607,210.105620101776,83,67
10,3446,221.344421302347,71,61
69,6731,3724.11233906041,86,17
50,7161,2170.10350437184,63,13
31,3379,492.679150777533,78,47
29,9033,1216.12686201772,77,48
31,8416,1227.10498163472,84,53
74,3333,2085.27532377814,92,18
78,2546,1735.64696271762,81,3
85,9539,7356.86864129057,88,3
45,3446,868.089506500979,80,35
57,1407,543.725200613051,80,23
32,4665,707.824092169097,76,44
79,2520,1752.0840136231,86,7
62,4865,2205.25910369181,63,1
15,5801,449.878754450505,85,70
25,2306,264.690691110782,65,40
70,9237,5244.91785665947,77,7
18,1667,145.181816081697,82,64
97,3407,3138.53468627788,98,1
56,3788,1415.72028203014,71,15
61,9251,4066.00653389207,85,24
70,3366,1911.26918972781,79,9
39,3175,635.141805917088,78,39
3,8453,430.274812708275,84,81
1,5168,250.300602744856,72,71
16,7220,581.880543588349,74,58
62,2022,916.553732305208,65,3
90,2930,2423.50328597801,97,7
48,4528,1275.62524746259,93,45
58,8078,3226.24440897406,73,15
49,8135,2377.35808835268,70,21
91,4535,3799.82808990384,94,3
78,7217,4919.93877844974,93,15
56,9033,3375.97711393302,69,13
79,5539,3851.10847280092,85,6
97,8516,7844.95491292703,97,0
83,3559,2658.69597610519,86,3
99,3788,3607.61904761905,99,0
97,8935,8230.93848602666,98,1
79,3961,2753.97014998456,88,9
55,9344,3375.84950981739,56,1
60,5976,2545.39452222132,75,15
95,3915,3470.46884702721,97,2
0,3757,242.823074563076,81,81
44,6851,1661.77594964236,86,42
78,2366,1612.93822222698,83,5
78,4351,2966.14294374876,86,8
58,1295,517.205559497575,83,25
46,2989,781.785112436378,83,37
6,8554,477.287737587505,47,41
80,6738,4774.54403785411,85,5
42,1135,255.043728534647,91,49
42,6101,1370.9443064228,61,19
50,5540,1678.86795338919,77,27
29,5438,732.126411563421,74,45
64,5721,2753.60739052096,92,28
92,9516,8077.16045357122,93,1
33,3947,623.174842072562,83,50
25,7470,857.432550996333,79,54
99,9719,9256.19047619048,99,0
99,4383,4174.28571428571,99,0
34,5841,959.583283192352,76,42
28,3976,514.359794845092,76,48
92,5768,4895.86606727604,94,2
0,2396,154.85868689197,65,65
90,2472,2044.67580987633,92,2
10,4381,281.401598875677,79,69
36,3276,582.527360559412,79,43
81,3171,2288.44895597892,89,8
80,5231,3706.68445562702,92,12
58,6365,2542.09527892051,87,29
84,3829,2907.30032454371,84,0
63,7073,3304.70631395722,88,25
11,4419,294.528663485628,60,49
25,7697,883.488399600907,88,63
51,1484,466.178825663734,77,26
98,3882,3639.92474806558,99,1
25,3336,382.917669360611,76,51
67,9855,5166.72774010213,91,24
90,8629,7137.34124733935,97,7
1,9866,477.83779928033,41,40
25,1133,130.049676074812,49,24
44,1498,363.354309234309,82,38
89,3075,2510.28270168526,89,0
13,3957,284.323106508412,82,69
77,4277,2856.82033743879,87,10
85,1175,906.208266434262,91,6
62,1021,462.809772840563,67,5
10,4626,297.138506368153,13,3
75,2412,1543.41628149475,75,0
16,3170,255.479407641976,76,60
36,3662,651.164589245594,90,54
49,3405,995.071209691565,68,19
41,7001,1513.67286867411,69,28
74,1675,1047.95564576309,88,14
20,2095,197.320559118659,68,48
80,1167,826.935721605186,93,13
42,2035,457.281046315424,77,35
44,6358,1542.19405748447,88,44
5,6430,347.357027838312,56,51
53,7827,2639.02213297517,70,17
16,5347,430.930092322286,82,66
43,4871,1137.33309475239,75,32
41,3012,651.218780238026,50,9
2,9957,493.676948010544,61,59
91,5963,4996.3340463278,92,1
43,3494,815.816430520397,65,22
22,5098,519.552966171675,55,33
9,1413,87.5086979794104,27,18
96,7979,7209.83435318883,96,0
75,7609,4868.92806214491,79,4
87,7960,6322.58931962906,89,2
39,9469,1894.22291660753,75,36
34,5172,849.677236889376,47,13
59,5758,2375.48128364804,79,20
32,5557,843.167948592427,48,16
71,2298,1338.23868142132,86,15
60,7699,3279.2825345686,76,16
70,7685,4363.6671785675,83,13
16,8895,716.873605985923,87,71
34,4609,757.185302556677,70,36
68,3752,2021.40647859698,90,22
14,2496,186.303502925413,85,71
73,4074,2490.39626338536,82,9
97,9870,9092.26221120124,99,2
94,9984,8710.41332960511,95,1
97,9314,8580.07398532202,99,2
24,3211,354.213132007061,69,45
37,6196,1146.0324388957,78,41
63,2460,1149.38180861512,89,26
49,5954,1739.98648531676,66,17
45,5599,1410.45651389988,59,14
47,1368,371.400939798205,75,28
72,5431,3241.48399875559,95,23
26,1241,148.23546916705,56,30
98,1149,1077.35021523116,98,0
97,9391,8651.00652739523,97,0
26,2953,352.731136543351,75,49
63,4840,2261.38534703138,85,22
39,1863,372.683207692452,59,20
44,1157,280.641479161612,47,3
12,1430,98.9443358157977,47,35
43,5692,1329.02894176362,75,32
37,9178,1697.59291868701,53,16
58,3323,1327.16144726675,86,28
48,1352,380.884570355437,85,37
13,8239,591.99850253293,83,70
36,3642,647.608256153046,86,50
54,1982,691.903539559055,85,31
38,9682,1862.52668256006,46,8
34,3086,506.980656040335,75,41
1,4543,220.030115764295,11,10
6,3416,190.602631704339,83,77
22,1374,140.028594648859,81,59
49,4135,1208.40512542573,62,13
16,5812,468.405778301314,64,48
76,6427,4203.26103506079,87,11
63,4642,2168.87412828919,65,2
96,3237,2924.95723790854,97,1
29,9663,1300.94474346034,74,45
20,6607,622.289706012878,59,39
84,4561,3463.09657358158,89,5
34,6462,1061.60369388615,83,49
62,1506,682.65574720655,70,8
86,4607,3606.85515835454,89,3
82,2063,1515.26481752502,82,0
44,3439,834.162529677429,49,5
1,6803,329.488196686001,57,56
47,5163,1401.71275744016,70,23
63,3891,1817.98561679733,84,21
0,8164,527.657061680318,78,78
58,7954,3176.72047895267,88,30
9,5109,316.406183989248,65,56
10,6923,444.680043144558,89,79
19,5967,540.395861192153,70,51
23,2671,283.19368289488,68,45
43,2683,626.455490293711,66,23
35,9910,1693.84745998079,78,43
75,5085,3253.84402628557,89,14
43,9237,2156.75339688521,59,16
30,4286,600.501690175368,53,23
60,5801,2470.85569334101,93,33
13,1243,89.3135257492938,75,62
48,8518,2399.68548098196,88,40
9,5166,319.93625885466,81,72
36,1058,188.130020595805,87,51
47,5461,1482.61734812719,86,39
41,5791,1252.06107448818,50,9
90,6682,5526.91090679355,92,2
82,6529,4795.52302162911,84,2
0,2531,163.584030268604,47,47
15,4207,326.260975689239,22,7
54,2310,806.40624439022,64,10
78,6233,4249.1309971009,86,8
22,5878,599.045181474521,55,33
38,8946,1720.94233651956,39,1
45,7575,1908.23505854466,74,29
69,7817,4324.97194390658,83,14
65,8166,4046.53362043251,71,6
94,7515,6556.36580248221,98,4
22,1368,139.417116069606,71,49
18,3541,308.391608125548,63,45
23,5308,562.78250423288,86,63
75,9320,5963.78098819695,79,4
34,2480,407.424506474411,77,43
9,6036,373.816348905677,81,72
17,5503,460.988719729314,65,48
59,2808,1158.44936514131,77,18
55,7642,2760.94198994269,58,3
33,4577,722.642830546267,80,47
56,9795,3660.76561839632,86,30
10,4019,258.149515152099,84,74
23,9943,1054.20995470752,42,19
84,6511,4943.70133536278,85,1
74,2933,1835.0172591183,84,10
14,8822,658.481371317306,80,66
33,4933,778.85013831871,80,47
43,1314,306.806751489354,71,28
45,2493,628.017161841828,74,29
68,8523,4591.80368259116,81,13
64,2458,1183.07410695692,77,13
95,7545,6688.29819944325,95,0
8,5309,317.261860132512,85,77
93,5820,5006.097417174,93,0
34,9054,1487.42801678198,76,42
48,1337,376.65878000386,71,23
86,8730,6834.78305457675,91,5
2,2777,137.686138859624,66,64
98,3705,3473.96218227279,99,1
70,5847,3320.02107912611,87,17
57,7331,2833.01310994618,79,22
19,3276,296.68792379177,23,4
69,3179,1758.86987459115,81,12
76,9217,6027.92235259924,80,4
76,2943,1924.72338979056,87,11
2,8507,421.784653683408,49,47
42,3179,714.347148027878,79,37
17,3520,294.871941386005,70,53
82,1636,1201.63511462479,83,1
55,6170,2229.13008086187,72,17
61,4602,2022.67452912889,93,32
48,4402,1240.12860850934,92,44
56,1749,653.668102764182,83,27
37,9326,1724.96748307639,48,11
49,1847,539.764030631519,88,39
33,2964,467.973202914384,89,56
17,2725,228.274443260473,78,61
19,8436,763.998572987598,82,63
45,9692,2441.53322606137,84,39
13,9970,716.376389155639,77,64
34,5372,882.534051927635,88,54
96,4881,4410.4776886721,97,1
48,4454,1254.77801506148,84,36
5,4761,257.195460270327,77,72
49,4894,1430.21395014112,92,43
37,6692,1237.77422225468,78,41
31,8369,1220.25209022112,86,55
2,5289,262.233341169807,64,62
50,5961,1806.44979605649,65,15
94,3987,3478.40724610733,96,2
4,4595,240.712841014185,37,33
47,5719,1552.66226221194,69,22
50,2111,639.727481878083,76,26
75,6532,4179.76581704962,78,3
36,8548,1519.97676375514,67,31
60,8730,3718.42272071488,71,11
90,6386,5282.07917551386,91,1
58,9189,3669.96284650441,80,22
45,2512,632.803494001874,81,36
30,6769,948.389160241966,86,56
29,6735,906.743542088937,70,41
12,3790,262.237085833478,81,69
68,6220,3351.05231792996,80,12
60,6402,2726.84332852425,61,1
89,1452,1185.34324645431,91,2
36,1500,266.724981941123,91,55
45,1592,401.044252568067,69,24
40,4427,920.76150266868,87,47
43,5166,1206.2128448965,62,19
79,4793,3332.43598305377,83,4
81,1902,1372.63636527023,86,5
89,6346,5180.5704145999,94,5
84,6300,4783.49230729312,96,12
71,3046,1773.83595457326,73,2
83,1584,1183.30273283243,88,5
64,3655,1759.20905652056,75,11
51,7110,2233.51175907624,84,33
13,8934,641.936475498142,87,74
59,4094,1688.9927709717,83,24
52,7526,2449.81323422302,62,10
81,8398,6060.67307862218,89,8
29,5866,789.748718321263,63,34
47,3298,895.380335858539,57,10
79,4166,2896.50079394993,81,2
47,2948,800.35816558853,63,16
21,2936,287.630204780485,77,56
19,4975,450.556294525048,79,60
26,8914,1064.76307184132,67,41
78,8074,5504.16872623018,86,8
45,2813,708.629071905761,81,36
11,1714,114.238997332964,76,65
61,7814,3434.41520439224,80,19
31,2079,303.131090401448,80,49
61,1680,738.394873736751,68,7
26,7522,898.490893694237,59,33
11,2143,142.83207192797,59,48
81,1759,1269.43604968998,91,10
30,5545,776.897310317876,84,54
9,3929,243.327441161432,77,68
95,1571,1392.61981064617,97,2
48,3537,996.44136490176,54,6
34,4540,745.849701368478,76,42
57,1104,426.632993231563,60,3
11,6791,452.623705302308,89,78
47,4419,1199.72277263762,91,44
79,4027,2799.85806462707,82,3
2,6696,331.993657113448,77,75
48,9819,2766.20236414204,58,10
73,3282,2006.25442720441,75,2
50,1930,584.876380873852,88,38
1,1146,55.5039649275551,62,61
83,1746,1304.32233050847,86,3
67,8926,4679.67648991899,67,0
5,6068,327.801313362812,86,81
35,2032,347.315644670128,77,42
67,9562,5013.11523600777,76,9
42,6493,1459.02989372287,87,45
50,7893,2391.9322664442,75,25
82,8034,5900.93918758896,92,10
39,2155,431.096249370496,83,44
67,3032,1589.60106625973,81,14
73,5718,3495.35734757916,73,0
68,4712,2538.61069486913,80,12
77,7096,4739.77019276729,93,16
3,4511,229.619032311254,85,82
64,6776,3261.3955039626,69,5
90,2783,2301.91455456547,92,2
55,4747,1715.02114973279,76,21
76,9647,6309.14255566072,76,0
20,3998,376.557324752458,73,53
95,9541,8457.66111608854,97,2
77,5711,3814.66002972012,77,0
31,9385,1368.39118971505,79,48
56,3011,1125.32570464434,89,33
25,6672,765.835338721223,87,62
60,4201,1789.35782929247,83,23
60,2170,924.281478115842,71,11
21,7432,728.088447523352,86,65
91,5798,4858.08230766537,98,7
50,9539,2890.74393635009,72,22
76,3710,2426.34175199557,80,4
4,6224,326.049341125634,62,58
16,9459,762.327986399196,62,46
42,9671,2173.15233361988,83,41
10,4847,311.333839249122,67,57
96,1546,1396.9675285161,97,1
0,2471,159.706099878989,70,70
29,5923,797.422717118452,81,52
0,1367,88.3521807100679,61,61
78,4960,3381.30751574209,90,12
1,1610,77.9767744619229,63,62
62,9573,4339.35157238267,63,1
66,6175,3148.39387786683,80,14
31,6546,954.447387093735,85,54
0,9128,589.962476606803,62,62
66,4462,2275.00137377195,71,5
83,2316,1730.1320260353,86,3
7,7519,433.925795817383,10,3
24,2122,234.082923113978,83,59
43,5299,1237.26710513096,54,11
35,4446,759.923895769384,84,49
55,4998,1805.70375107741,80,25
77,3801,2538.8763391641,79,2
79,6330,4401.06817707706,89,10
53,2466,831.458870565578,91,38
76,4048,2647.39391161134,86,10
13,5706,409.99435070432,73,60
87,2207,1753.00937542982,91,4
75,8937,5718.70286389658,85,10
9,2466,152.722186282538,73,64
0,8829,570.637456831887,85,85
17,7220,604.822561592886,86,69
51,9960,3128.80128275659,75,24
95,5863,5197.28195405378,97,2
74,4038,2526.35516274111,82,8
21,5810,569.186474718874,87,66
27,1816,225.744549085026,76,49
19,5858,530.524376548287,82,63
34,3926,644.979279201023,56,22
7,3673,211.970933373753,78,71
84,2754,2091.06949433099,95,11
53,4205,1417.79584376653,69,16
88,1605,1292.71422777275,95,7
95,1835,1626.64376354915,95,0
34,4768,783.306470512093,53,19
19,1535,139.015861727829,82,63
15,6979,541.234929720751,83,68
69,2398,1326.75997460509,93,24
47,7810,2120.35185659648,62,15
71,2272,1323.09759973422,81,10
64,5201,2503.32320190518,73,9
32,7441,1129.02873951345,88,56
33,3372,532.390566878307,65,32
89,6279,5125.87482402659,91,2
29,5013,674.907999479116,62,33
51,2025,636.126766825513,92,41
10,2039,130.969609702694,89,79
87,3413,2710.92931506206,98,11
21,6204,607.785350973476,64,43
44,4757,1153.85610749506,64,20
23,1396,148.011374511888,64,41
99,1403,1336.19047619048,99,0
96,2992,2703.57493228988,97,1
32,7549,1145.41566383377,76,44
16,2152,173.43586285348,61,45
90,8634,7141.47691847583,90,0
8,7613,454.947172949485,77,69
73,4240,2591.87043612026,78,5
63,5085,2375.8562995154,66,3
78,2235,1523.63352775879,78,0
66,9381,4783.00938757388,92,26
31,8757,1276.82489593337,83,52
3,6418,326.689192944719,39,36
63,4312,2014.68876371886,90,27
38,4432,852.583996809152,86,48
45,4976,1253.51520149416,68,23
9,4080,252.679042997873,64,55
55,7382,2667.00782121917,70,15
37,2010,371.776178531368,91,54
59,9509,3922.96830951879,80,21
48,6133,1727.78481508128,78,30
66,2968,1513.26850680304,81,15
58,2519,1006.05467519258,76,18
47,4779,1297.4598620582,64,17
70,2493,1415.56568330108,87,17
38,7324,1408.91813913137,87,49
85,1104,851.450149909298,91,6
12,5363,371.075855230855,81,69
97,6129,5646.04610865779,97,0
45,2211,556.977916097987,72,27
94,3191,2783.94720901141,97,3
34,6317,1037.78250298341,83,49
43,9920,2316.2275302697,91,48
69,9224,5103.43369714652,78,9
2,1403,69.5619923730835,80,78
84,6066,4605.81973587938,84,0
74,2242,1402.69645241842,91,17
56,5929,2215.89375716915,82,26
18,5782,503.564043541914,67,49
78,9264,6315.4098439183,96,18
62,3165,1434.66496673886,94,32
93,5960,5126.5190045287,97,4
89,1478,1206.56840100514,90,1
67,5592,2931.74444674289,82,15
93,8266,7110.0345790997,94,1
46,1329,347.605357787871,71,25
92,5733,4866.15814211053,92,0
2,8783,435.468980051884,23,21
64,7828,3767.73967016222,72,8
73,9113,5570.68756706696,79,6
90,8013,6627.82656332486,90,0
85,2201,1697.50161227388,85,0
79,3152,2191.49555989682,81,2
96,2870,2593.33558010427,96,0
25,6480,743.796911707663,76,51
95,7618,6753.00936823839,98,3
11,6491,432.628548242863,74,63
72,8079,4821.93872692808,75,3
74,8889,5561.35984190336,85,11
7,2971,171.458111367661,63,56
86,2567,2009.72372292079,90,4
70,2900,1646.66685983679,78,8
52,1975,642.888803825466,84,32
8,8006,478.432558338838,35,27
11,9799,653.108480085012,77,66
18,1532,133.424440454205,70,52
64,8316,4002.62175486319,92,28
99,7742,7373.33333333333,99,0
41,3570,771.862896895669,82,41
87,5845,4642.65509713968,88,1
15,2475,191.941030385278,70,55
24,4960,547.149528108073,58,34
89,5635,4600.14407284438,90,1
9,5379,333.12759124646,73,64
74,7010,4385.77258316375,74,0
23,2010,213.11093321554,81,58
76,1094,715.476516626187,81,5
37,9755,1804.31672715099,87,50
15,4471,346.734685597002,77,62
80,1831,1297.44584940797,95,15
69,8395,4644.76646655952,82,13
10,4892,314.2242916457,65,55
31,6575,958.675766902125,80,49
6,3077,171.68744079457,81,75
97,1768,1628.68486214831,97,0
94,2103,1834.73550001598,96,2
77,7386,4933.47556986742,83,6
63,9547,4460.62931985714,73,10
49,2887,843.691800992525,85,36
55,9794,3538.42787876193,64,9
74,5533,3461.69467940728,76,2
26,1732,206.884635453127,77,51
46,6872,1797.39956261719,90,44
72,5636,3363.83793352725,82,10
23,1737,184.166015420594,69,46
77,8009,5349.60815584459,89,12
64,9056,4358.79540789334,83,19
74,5467,3420.4020987384,77,3
8,3247,194.03828590135,73,65
9,7971,493.653100915698,65,56
50,1689,511.842594453853,58,8
22,9863,1005.16887119483,90,68
99,1141,1086.66666666667,99,0
43,2174,507.608734960316,65,22
82,8312,6105.12901758021,83,1
70,1528,867.623090286421,84,14
9,8273,512.356304588579,85,76
5,7522,406.348299129049,73,68
37,2067,382.319085086735,86,49
38,3895,749.281287809487,76,38
48,8422,2372.64042273187,65,17
14,5620,419.48144488815,70,56
11,5470,364.578363717218,81,70
31,3138,457.539856507813,90,59
96,1345,1215.34367778406,98,2
42,6335,1423.5260090458,82,40
97,7478,6888.74739770647,98,1
63,8026,3749.97495770121,78,15
16,5729,461.71656983624,55,39
20,3471,326.921079093492,50,30
93,1582,1360.76393710812,94,1
35,6533,1116.64030838088,78,43
51,9275,2913.61766039834,56,5
6,3113,173.696133634546,65,59
59,2724,1123.79489695333,75,16
49,5962,1742.32439124262,50,1
8,5656,337.998320005554,87,79
51,3143,987.331569448191,82,31
33,1100,173.674265589009,81,48
39,1578,315.670478657375,83,44
75,2093,1339.29115968843,77,2
29,4176,562.221385562495,65,36
24,5132,566.123261744079,81,57
36,7190,1278.50174677111,74,38
25,1898,217.859033706967,84,59
63,7139,3335.54338687128,81,18
11,3598,239.80858366628,73,62
1,3105,150.383779319423,82,81
44,1714,415.747186934316,80,36
24,5423,598.224171558484,64,40
36,7208,1281.70244655441,70,34
75,5160,3301.83582608329,83,8
60,8092,3446.67544742552,75,15
21,6342,621.304754331687,33,12
96,8501,7681.51420434368,97,1
80,1035,733.400575716682,90,10
49,3707,1083.32715839255,84,35
32,5975,906.59141494327,78,46
90,2746,2271.3105881555,94,4
94,3384,2952.32759489019,96,2
76,5405,3534.8725524356,78,2
38,5015,964.735727436348,82,44
3,3098,157.694471757984,62,59
72,9150,5461.16343005223,72,0
88,2884,2322.85846286393,90,2
87,5594,4443.28701683479,88,1
17,2559,214.36855057011,80,63
34,4774,784.292174963241,91,57
33,2227,351.611444969748,53,20
75,6101,3903.97294087871,85,10
6,1759,98.1469640421349,74,68
39,5812,1162.65958298901,72,33
22,4264,434.557443655556,32,10
20,5983,563.517377187082,81,61
42,8302,1865.52690246224,70,28
74,5982,3742.60935698795,87,13
89,9365,7645.13739879105,92,3
13,9823,705.813968974507,59,46
52,6837,2225.53455785049,75,23
41,7114,1538.10438333776,93,52
61,2148,944.090588563417,85,24
85,4867,3753.63032573238,85,0
34,1101,180.876766785615,61,27
54,7870,2747.36672872339,93,39
20,6389,601.75706549361,73,53
5,9711,524.600948264051,73,68
99,4607,4387.61904761905,99,0
33,2743,433.080464100592,42,9
97,3042,2802.296012814,97,0
67,4457,2336.69259641149,89,22
29,5250,706.815678688481,70,41
55,9732,3516.02819237402,72,17
90,9675,8002.52364909122,91,1
79,2835,1971.09451532598,82,3
74,4815,3012.48145334286,90,16
20,6127,577.080222300727,60,40
37,7075,1308.61515577583,40,3
38,8981,1727.6752877579,84,46
5,3921,211.817559277453,48,43
65,5968,2957.34908728156,82,17
89,4300,3510.31402186882,89,0
84,5315,4035.59708147031,90,6
69,4723,2613.13067558792,88,19
74,5668,3546.15677622997,80,6
30,2748,385.016016006046,84,54
74,1520,950.980645707403,93,19
54,3172,1107.32493818432,74,20
15,8228,638.097292125281,89,74
72,2968,1771.44623610874,84,12
76,8407,5498.18197008808,81,5
70,1180,670.023067106005,95,25
47,1112,301.89900954357,65,18
20,8461,796.911336851061,87,67
59,3076,1269.0136207887,63,4
56,7474,2793.31926818725,69,13
3,4964,252.677649388842,88,85
87,2631,2089.79051506835,98,11
74,2461,1539.71274281968,81,7
89,3307,2699.67638844656,90,1
57,4862,1878.88551910494,78,21
58,4327,1728.14552582703,81,23
34,7492,1230.81629133318,75,41
69,3128,1730.65271082766,80,11
1,5381,260.616784707831,57,56
97,3161,2911.91903238167,97,0
18,9508,828.067610860692,81,63
7,2011,116.055961615741,84,77
68,5085,2739.56608306653,81,13
59,5957,2457.57936899815,74,15
63,7624,3562.14914995191,70,7
60,7595,3234.98517340545,74,14
80,6008,4257.26633710708,94,14
73,6436,3934.26370916745,94,21
60,4389,1869.43382831817,64,4
62,9229,4183.4195823169,76,14
51,2403,754.870429966275,89,38
57,5727,2213.15865238873,72,15
6,6204,346.164732755773,82,76
14,4292,320.358427306039,86,72
40,6785,1411.19647517664,90,50
45,1310,330.005006824226,77,32
63,5941,2775.80379064327,86,23
31,7110,1036.6820840569,87,56
66,5665,2888.36458592965,81,15
96,7225,6528.51901263182,97,1
84,3382,2567.90015607386,89,5
26,6290,751.330460161759,88,62
63,1293,604.126292089168,86,23
20,5074,477.901917407196,31,11
44,5601,1358.57642591546,86,42
5,3750,202.579915146761,81,76
41,8052,1740.90757585544,89,48
9,9293,575.526065338047,77,68
73,6072,3711.75407738731,76,3
92,6483,5502.75653851431,94,2
39,1738,347.677624782331,67,28
66,5141,2621.19723499812,86,20
65,9545,4729.87550906544,75,10
69,2802,1550.28417382963,95,26
6,9049,504.907264137168,69,63
61,1845,810.915798835896,93,32
30,4975,697.035909617932,60,30
40,2648,550.751402544989,84,44
36,3903,694.018403010801,69,33
44,4754,1153.12842863812,79,35
50,5729,1736.14341244886,57,7
67,1865,977.772423672296,89,22
9,7036,435.747486895352,37,28
90,8871,7337.50773034504,92,2
38,2533,487.273299620393,70,32
39,1220,244.054489202787,60,21
16,5558,447.935188540726,71,55
23,1282,135.92448576235,43,20
21,8446,827.426672198901,77,56
2,3056,151.519207906018,16,14
73,3150,1925.56412117425,87,14
7,5668,327.103525826962,84,77
99,3909,3722.85714285714,99,0
18,4879,424.92026434469,45,27
0,4642,300.022547809901,82,82
52,6772,2204.37619215496,78,26
26,3065,366.109357773576,87,61
76,4999,3269.34836070778,80,4
70,4230,2401.86235072746,82,12
61,9460,4157.86637235099,83,22
72,4569,2727.00062425231,85,13
93,9494,8166.30393103951,96,3
73,7183,4390.89748647448,74,1
4,7261,380.373436040043,80,76
64,3422,1647.06248739079,67,3
16,6467,521.194110164246,88,72
24,1374,151.569244278325,39,15
74,2838,1775.58096876159,82,8
10,3901,250.570106645518,86,76
46,9781,2558.26034952834,60,14
62,5960,2701.61238602326,74,12
10,5352,343.771138366268,83,73
99,2121,2020,99,0
30,4275,598.96050524958,77,47
49,7164,2093.59475660217,68,19
7,8084,466.532269369295,74,67
75,9389,6007.93344401085,89,14
26,7517,897.893651675031,66,40
75,6516,4169.52756642611,86,11
94,3621,3159.09521900041,95,1
55,5815,2100.87381202784,73,18
63,2306,1077.42863848231,66,3
40,2346,487.939120230568,84,44
13,5326,382.690135270104,72,59
63,4229,1975.90880838754,72,9
81,6507,4695.97519916582,86,5
7,5446,314.291778696831,80,73
82,3373,2477.45430417445,97,15
30,6719,941.383774215655,84,54
19,5366,485.966849531941,44,25
26,6613,789.912294602498,81,55
56,5057,1889.99405127414,69,13
64,2377,1144.08753142253,81,17
82,7409,5441.87931800431,84,2
96,2598,2347.55604080519,96,0
72,4492,2681.04329265515,95,23
82,4637,3405.85698442245,97,15
68,4030,2171.18019955912,80,12
46,2335,610.728751267629,53,7
35,1604,274.160577780947,78,43
34,9009,1480.03523339837,72,38
0,5802,374.995868675797,87,87
81,2742,1978.84800923815,84,3
11,4412,294.062109820908,73,62
69,1748,967.129456050749,71,2
67,6010,3150.8912955874,69,2
93,7076,6086.45108658474,96,3
39,1398,279.6624392668,74,35
7,4185,241.518746574777,56,49
24,4614,508.981436026341,83,59
49,1202,351.270365359548,84,35
8,7547,451.003062426082,83,75
19,1100,99.6204872316688,90,71
35,2483,424.401941789334,64,29
47,9106,2472.20537851057,67,20
6,2376,132.573727438381,73,67
84,7070,5368.14136707339,87,3
55,5467,1975.14654004406,62,7
65,2225,1102.56396099221,78,13
78,5021,3422.89214446392,79,1
60,6227,2652.30449964394,71,11
11,4677,311.724498556751,90,79
25,4202,482.320157869691,84,59
50,2453,743.368788747958,71,21
43,2351,548.936585046781,81,38
31,3610,526.360383044361,84,53
13,5843,419.838238900341,49,36
74,2180,1363.90645239614,84,10
31,4034,588.182211967022,65,34
83,4342,3243.6240315394,83,0
10,5592,359.186884481348,71,61
69,1474,815.531360537074,70,1
90,8711,7205.16625397764,92,2
43,6575,1535.20121083904,67,24
74,5610,3509.8693568543,76,2
87,5805,4610.8832915134,95,8
71,7902,4601.7241342869,89,18
88,6281,5058.90222095991,94,6
88,3996,3218.49598391272,88,0
36,1701,302.466129521233,69,33
16,1911,154.012980442844,80,64
62,2006,909.301081604474,83,21
27,2364,293.865701562226,81,54
46,5806,1518.58292499351,77,31
32,4465,677.477936020368,71,39
86,8546,6690.72806236116,94,8
38,2652,510.165333830747,49,11
2,8954,443.947312693222,55,53
21,6922,678.125435112573,79,58
6,3210,179.108444897813,89,83
55,8745,3159.43963648898,92,37
97,5525,5089.64019421346,99,2
17,4908,411.145309182532,72,55
83,6048,4518.06497990564,91,8
94,1428,1245.8403680565,94,0
5,5990,323.587651127759,78,73
21,6548,641.485892678002,82,61
95,7184,6368.28817293576,96,1
35,6317,1079.72092882933,62,27
6,8788,490.344241047346,74,68
49,8229,2404.82848298147,60,11
84,3818,2898.94819511828,84,0
58,5447,2175.45844214926,71,13
98,2903,2721.97360732467,98,0
97,7870,7249.85852098822,97,0
7,2638,152.240490672464,74,67
7,3284,189.521520609694,42,35
59,9042,3730.30596852128,76,17
48,1669,470.189606452089,76,28
17,3225,270.159662207349,80,63
89,5865,4787.90505540945,94,5
87,2106,1672.78556622347,92,5
32,6598,1001.11969134656,85,53
30,8228,1152.80632448972,75,45
15,4861,376.979938869834,65,50
84,5842,4435.74000939785,84,0
9,9932,615.10006251345,63,54
43,7954,1857.18485642795,83,40
74,3572,2234.8045174124,95,21
22,7973,812.55311873024,65,43
74,1222,764.53838753582,95,21
70,9176,5210.28107098704,89,19
72,8591,5127.52513962608,76,4
55,7944,2870.05013976769,74,19
76,1566,1024.16473952158,86,10
7,6888,397.510424470027,74,67
41,3507,758.241786950451,64,23
18,3250,283.047931772954,65,47
48,1561,439.763915920737,84,36
94,5511,4808.00158848696,95,1
27,3437,427.248907051341,83,56
93,3977,3420.8332350689,93,0
20,1089,102.569016171943,83,63
70,5574,3165.00726783803,92,22
55,1556,562.159871283803,78,23
67,6129,3213.27999178955,79,12
65,9341,4628.7864987093,89,24
41,1893,409.281922639636,76,35
18,5348,465.766258191311,79,61
4,3257,170.620614403308,27,23
23,6081,644.740091981941,81,58
82,8997,6608.25863464499,82,0
24,2940,324.318470289866,79,55
96,6609,5971.9006442192,99,3
57,8639,3338.48046062271,88,31
77,4978,3325.05299036014,85,8
37,9431,1744.38862673101,76,39
68,9598,5170.96465393758,77,9
63,2738,1279.27129755618,91,28
9,4710,291.695659931368,75,66
21,3943,386.282662619023,73,52
70,2232,1267.36566591577,77,7
58,4715,1883.10750041009,87,29
71,2726,1587.48417996281,83,12
65,2756,1365.69270853686,89,24
99,1546,1472.38095238095,99,0
65,2146,1063.41674619743,89,24
39,1402,280.462617919924,75,36
93,5210,4481.40335798566,97,4
71,3031,1765.10071513839,72,1
99,4815,4585.71428571429,99,0
21,5137,503.254891674846,39,18
5,5558,300.250444902852,54,49
24,2718,299.829116410835,61,37
8,4837,289.055493965146,88,80
30,1949,273.069947305598,81,51
32,3979,603.736776578958,84,52
27,4139,514.513595078703,80,53
12,9168,634.350818712751,69,57
46,8019,2097.40207983517,85,39
5,3512,189.72284319878,71,66
70,8497,4824.7338993218,84,14
84,9231,7008.95515692426,85,1
89,1692,1381.26775000048,90,1
62,2769,1255.16186189571,69,7
9,2592,160.525509669237,48,39
62,5457,2473.60717961895,66,4
88,1225,986.651046119389,88,0
14,4289,320.134504826562,88,74
50,2847,862.768422978164,76,26
20,1412,132.991231253244,75,55
76,1924,1258.29690858207,89,13
60,2292,976.245690249543,80,20
43,4434,1035.29766826773,68,25
89,2301,1878.42617774888,93,4
2,3711,183.994692584827,68,66
62,6738,3054.27252634643,78,16
6,6297,351.35385592571,83,77
97,6496,5984.12718581188,98,1
61,9589,4214.56455015578,85,24
26,2632,314.388198910294,82,56
13,1868,134.22177481873,83,70
40,5366,1116.06194337478,66,26
14,6204,463.071687559801,64,50
69,8015,4434.52093263544,85,16
42,1983,445.596223510312,91,49
13,4228,303.795323304919,71,58
79,4280,2975.76173742335,85,6
27,9740,1210.76646921154,88,61
57,8892,3436.25052157161,85,28
95,3934,3487.31148000129,98,3
2,4580,227.080488288469,87,85
66,4868,2482.00508460821,70,4
48,2516,708.80590163778,71,23
90,6386,5282.07917551386,91,1
19,8358,756.93457480208,78,59
62,5299,2401.98725394921,86,24
46,3699,967.488501472787,82,36
71,7671,4467.20144698998,78,7
71,4066,2367.83223614408,82,11
57,5190,2005.63879970273,75,18
36,9798,1742.24758203941,91,55
91,2454,2056.18040410673,93,2
78,7236,4932.89136772375,79,1
95,2799,2481.18577339187,98,3
60,7858,3347.00638480843,64,4
77,2857,1908.33193922437,87,10
16,3567,287.474778252028,82,66
69,4729,2616.45034191304,75,6
14,5430,405.299687854565,82,68
70,4162,2363.25085194508,91,21
20,9280,874.050018434919,72,52
9,4351,269.462381393075,82,73
56,6660,2489.0963775926,60,4
43,8464,1976.26510243979,60,17
97,5533,5097.00980897431,97,0
40,3600,748.755683218263,91,51
65,9844,4878.04028404821,71,6
60,3702,1576.81568294233,83,23
13,1292,92.8343324763376,26,13
7,3364,194.138366422354,76,69
38,6253,1202.88983123818,87,49
48,7102,2000.77087179313,54,6
31,2714,395.718027585151,79,48
28,5956,770.50476310296,79,51
96,3133,2830.98270817654,98,2
54,6631,2314.83974309591,84,30
80,8710,6171.90242946116,90,10
50,1438,435.778360464559,66,16
53,2131,718.507239730433,74,21
27,2825,351.171999540308,84,57
8,1277,76.31256270281,47,39
87,1094,868.958883878667,96,9
77,5316,3550.81994711822,87,10
96,4753,4294.81672900194,98,2
66,9933,5064.45285649412,72,6
16,9114,734.523445188949,44,28
47,3801,1031.94076913229,75,28
89,5261,4294.8283881516,92,3
94,4222,3683.42999575248,97,3
64,9144,4401.15119365909,88,24
29,4653,626.440638654763,49,20
38,7512,1445.08370578302,79,41
74,4713,2948.6656468546,86,12
0,1480,95.6556162771766,69,69
56,7115,2659.14725624194,58,2
26,7025,839.125036985113,75,49
27,5569,692.27499661592,85,58
46,7368,1927.13038087361,68,22
68,4337,2336.57779788782,81,13
21,7584,742.979384555584,79,58
60,5439,2316.66680160003,81,21
30,7418,1039.31907086348,81,51
50,5897,1787.05493161301,71,21
54,7389,2579.45270121183,93,39
80,2910,2062.02480708748,88,8
74,5272,3298.40129221673,87,13
31,4706,686.16397856143,35,4
13,9643,692.88039324251,73,60
68,5712,3077.36508681928,74,6
26,8570,1023.67282091992,55,29
20,1990,187.430984556626,74,54
6,1127,62.8832452958988,53,47
24,1202,132.595510642319,74,50
79,7516,5225.66009777428,82,3
11,2713,180.822870340916,82,71
95,4147,3676.12626018438,98,3
7,2882,166.321870401077,71,64
38,3303,635.39822686386,72,34
82,4548,3340.4868589936,94,12
71,9259,5391.97212849436,84,13
68,5387,2902.26990943548,74,6
27,8323,1034.62108041557,34,7
37,1747,323.130837758358,69,32
83,9350,6984.77307574698,88,5
39,1410,282.062975226171,86,47
3,1348,68.6159289637709,79,76
49,5801,1695.27403448481,83,34
43,5195,1212.98407457168,44,1
23,2552,270.576667445801,68,45
43,1820,424.953034787385,82,39
38,4519,869.32018988731,79,41
37,6458,1194.49281639581,74,37
66,5471,2789.45148272217,83,17
98,4532,4249.39179758712,99,1
97,4715,4343.46669967719,99,2
86,8388,6567.02866687168,90,4
70,9160,5201.19601245001,79,9
14,4765,355.663538237017,89,75
43,5199,1213.9180372855,59,16
17,1357,113.676484221821,21,4
61,4209,1849.94287116547,93,32
66,5967,3042.342715665,76,10
61,1777,781.028387279885,81,20
77,9662,6453.72880531532,87,10
71,7391,4304.14364420583,87,16
74,9949,6224.54371325194,90,16
40,4849,1008.53230775704,75,35
13,3260,234.241427146177,76,63
86,2777,2174.1343118625,97,11
22,7800,794.922153028455,77,55
63,1308,611.134717751455,70,7
90,4292,3550.06010355551,98,8
39,9569,1914.22738293563,74,35
0,2349,151.820974753438,65,65
35,7801,1333.37074019275,76,41
16,6744,543.518336005516,84,68
52,3543,1153.29368706513,81,29
33,6644,1048.99256415761,85,52
95,2917,2585.78738870457,98,3
69,6529,3612.35023944814,88,19
74,3404,2129.69613025526,77,3
51,3148,988.902252823068,60,9
69,2815,1557.47678420072,88,19
86,9934,7777.40376450922,91,5
84,6788,5154.02313998504,89,5
29,3642,490.328133673038,68,39
7,8766,505.890879922221,56,49
35,4098,700.442673158555,83,48
12,5192,359.244050038896,52,40
86,9126,7144.81445086683,88,2
33,7594,1198.98397534812,75,42
49,1500,438.357361097606,83,34
80,8405,5955.77955449151,93,13
93,2442,2100.49654514414,95,2
83,5214,3895.03816224008,97,14
87,1449,1150.93365881187,94,7
36,8191,1456.49621805316,45,9
4,6336,331.916552919668,88,84
46,6654,1740.38077556094,88,42
45,9687,2440.27366496662,68,23
3,1194,60.7770171978801,88,85
36,5101,907.042755254444,86,50
48,8517,2399.40376162519,82,34
95,9447,8374.3344055852,97,2
39,5483,1096.84488876957,59,20
86,6995,5476.43842689168,89,3
92,7979,6772.55813987439,98,6
89,6783,5537.31628147354,91,2
61,8871,3898.98864578495,76,15
20,7832,737.668075903264,87,67
46,3180,831.741939627863,93,47
29,4984,671.003684301598,75,46
64,8839,4254.34989072099,85,21
81,9052,6532.65214428292,86,5
28,5665,732.859214737789,71,43
83,1643,1227.37777149222,94,11
24,7674,846.537394899467,73,49
13,8339,599.183822384039,80,67
0,8799,568.698491637079,63,63
13,9162,658.319004758672,84,71
91,5237,4388.0263962131,91,0
55,2732,987.031342125547,73,18
74,3708,2319.89225939674,80,6
26,4527,540.742924189552,79,53
0,9620,621.761505801648,46,46
72,2171,1295.75801165501,77,5
45,4659,1173.65902808708,64,19
8,9388,561.01984232888,73,65
4,5156,270.101285803947,88,84
61,3838,1686.88066988193,76,15
16,4843,390.311284293404,86,70
23,4333,459.407797822356,70,47
5,6359,343.5215147782,90,85
64,5833,2807.51475422282,85,21
84,5474,4156.32331589247,84,0
92,7921,6723.32786388583,92,0
99,9111,8677.14285714286,99,0
19,5609,507.973920802209,80,61
9,4217,261.163608902458,76,67
59,5588,2305.34724088663,80,21
55,8796,3177.86518496937,86,31
81,9900,7144.63723247911,83,2
82,2074,1523.34427122971,94,12
96,9005,8136.92923304492,97,1
64,7044,3390.38812424919,66,2
67,3610,1892.63187638445,71,4
24,2554,281.737882013714,72,48
0,3909,252.647164883435,86,86
11,9109,607.119618848288,83,72
94,6719,5861.90576538629,98,4
87,4952,3933.34953653305,92,5
34,4983,818.627546678221,80,46
50,8585,2601.63923823939,72,22
74,5116,3200.80064699939,82,8
88,3313,2668.38768636207,88,0
62,8037,3643.09710511224,94,32
94,9477,8268.0876527111,94,0
12,7314,506.069141368353,79,67
19,6236,564.757598524261,80,61
88,1094,881.13979139152,95,7
4,7290,381.892624808141,76,72
47,3734,1013.75081082346,74,27
19,9110,825.038762436821,75,56
93,2652,2281.12892617619,94,1
94,4956,4323.79892443138,95,1
26,7096,847.605873657845,81,55
74,4440,2777.86451772426,87,13
91,4040,3385.07287391654,97,6
83,1379,1030.16064935349,86,3
61,5368,2359.34742989219,91,30
83,1430,1068.25941158483,89,6
79,5574,3875.44297299013,81,2
52,1240,403.636514806875,74,22
82,7826,5748.16406299119,85,3
30,7280,1019.98420543086,81,51
98,4729,4434.10719567288,98,0
48,5498,1548.89302353121,80,32
14,6073,453.293739289277,78,64
20,5765,542.984736667813,42,22
33,1821,287.509852397805,86,53
69,4511,2495.83579876712,80,11
60,8936,3806.16557071113,74,14
90,9064,7497.14463621321,96,6
7,7033,405.878457505474,76,69
40,7742,1610.24069429883,90,50
21,4024,394.217964590146,83,62
34,7836,1287.33001319898,54,20
75,3744,2395.75064590229,76,1
67,4984,2612.98539387814,85,18
41,2743,593.05880285289,67,26
75,1999,1279.14143727529,77,2
30,3995,559.730343502239,85,55
58,6712,2680.68240567392,65,7
58,8210,3278.9634312549,72,14
52,9632,3135.34428275792,67,15
77,4101,2739.2612120263,92,15
55,5603,2024.28133599174,83,28
7,4906,283.128069461375,74,67
57,4950,1912.8924968263,65,8
91,3247,2720.62663901163,91,0
78,5145,3507.42483235748,88,10
75,3180,2034.85231142342,89,14
74,7121,4455.21919610685,89,15
34,2206,362.410669871996,50,16
51,3654,1147.8554103607,72,21
62,9592,4347.96409508979,72,10
80,8817,6247.72258559805,80,0
71,9593,5586.47679324402,76,5
73,8042,4915.99576586771,90,17
75,5869,3755.51830683776,88,13
12,3713,256.909313904935,87,75
75,7375,4719.19364677602,91,16
4,3887,203.623680744752,80,76
99,6887,6559.04761904762,99,0
83,4282,3198.80195832605,89,6
60,3595,1531.24051328408,84,24
48,7652,2155.7165180176,82,34
54,5417,1891.04009777568,69,15
29,4644,625.228954634154,73,44
8,1787,106.78978038365,52,44
21,1510,147.929703412306,57,36
68,2968,1599.02303530806,82,14
81,8370,6040.46602382325,84,3
58,8320,3322.89594982226,69,11
10,7236,464.784745369641,58,48
51,7080,2224.08765882698,93,42
69,2013,1113.74805207675,77,8
20,9418,887.047745002162,80,60
37,3790,701.010804295465,88,51
79,5254,3652.95611411736,86,7
76,2638,1725.25324575858,90,14
9,2505,155.137500664135,77,68
25,3654,419.418814101821,80,55
54,5995,2092.81620567938,71,17
79,2526,1756.25564222696,93,14
82,1858,1364.69318030126,93,11
93,1603,1378.82717521133,95,2
93,4214,3624.6897793765,95,2
1,9508,460.498864337865,65,64
99,7881,7505.71428571429,99,0
1,3237,156.776906169717,75,74
59,7455,3075.58405168394,85,26
23,5495,582.609242795719,78,55
67,6365,3337.00883467784,85,18
66,1434,731.14118556454,68,2
69,5405,2990.46608120955,77,8
11,6681,445.292147713845,88,77
20,8131,765.829816798958,77,57
35,6871,1174.41230045691,73,38
52,8664,2820.24739055384,57,5
18,5695,495.987068137531,75,57
29,2826,380.468782471171,70,41
55,1987,717.873820206245,87,32
85,1083,835.254087275154,91,6
15,3787,293.689164472343,74,59
43,5862,1368.72235710091,86,43
70,8158,4632.24422156847,74,4
65,6800,3369.63367853797,81,16
5,6942,375.015938919683,88,83
68,4834,2604.33873068705,77,9
71,2924,1702.78934050302,75,4
88,9901,7974.55674092088,96,8
74,9546,5972.40871310715,89,15
29,4637,624.286533729236,90,61
57,7752,2995.70558290858,74,17
37,6362,1176.7363421973,88,51
85,8092,6240.88280169025,85,0
37,6787,1255.3457331803,66,29
28,7721,998.8360100601,82,54
61,8105,3562.31574502165,79,18
16,2523,203.335818763629,31,15
34,2885,473.959556926885,83,49
42,1782,400.429889205939,68,26
61,2923,1284.71917615031,79,18
56,3513,1312.94227845087,73,17
58,9066,3620.83830301546,63,5
22,5466,557.056985699171,82,60
77,2629,1756.0394358491,92,15
24,3802,419.407763279616,54,30
16,9996,805.606359239493,74,58
55,5125,1851.5869796462,78,23
90,9327,7714.68093799213,90,0
87,7428,5900.02430479958,89,2
7,3486,201.17905628666,75,68
93,5385,4631.93034217903,93,0
66,9386,4785.55869435758,85,19
57,1841,711.441431647923,67,10
59,1667,687.726172254477,90,31
64,8583,4131.13305940245,89,25
85,6594,5085.5636671213,88,3
63,2462,1150.31626537009,68,5
90,3706,3065.3594463599,93,3
49,5979,1747.29244133506,89,40
94,9550,8331.77557068598,96,2
95,2782,2466.1160491519,96,1
8,3432,205.093747216949,46,38
77,3878,2590.30845653207,86,9
16,2079,167.552583119138,87,71
56,8897,3325.14871943564,89,33
82,2162,1587.97990086723,88,6
56,7097,2652.41996873493,93,37
87,6225,4944.48725058931,88,1
21,8507,833.402640349994,29,8
44,3418,829.068777678817,57,13
98,3027,2838.24116754109,98,0
94,2217,1934.19334452469,94,0
47,6816,1850.48889302965,77,30
65,6139,3042.0854636095,74,9
8,2030,121.311278219815,72,64
47,9458,2567.77053261069,92,45
54,6371,2224.07540390047,79,25
80,2309,1636.15645345876,93,13
89,9228,7533.29716135012,90,1
64,2924,1407.36724521645,77,13
41,5658,1223.30539793717,75,34
28,1077,139.32733879481,78,50
91,8602,7207.5239756015,91,0
19,1375,124.525609039586,57,38
91,6213,5205.80637763452,93,2
64,3061,1473.30750260176,74,10
41,5191,1122.33621786706,77,36
64,3301,1588.82328196289,71,7
5,6218,335.904509968682,54,49
52,7477,2433.86308162178,82,30
1,4625,224.001603656145,71,70
38,8575,1649.57305339316,84,46
94,1571,1370.59889230866,94,0
26,6757,807.112864755645,80,54
67,6039,3166.09526356944,72,5
84,2408,1828.35705967648,84,0
39,5674,1135.05341945624,78,39
41,9516,2057.43622601098,83,42
99,2475,2357.14285714286,99,0
69,5993,3315.79338107102,71,2
33,4459,704.012318419446,76,43
37,7814,1445.30301444981,74,37
16,7070,569.791612627372,87,71
33,9568,1510.6503392324,73,40
92,4709,3996.98913155389,98,6
69,3441,1903.82863745459,69,0
26,5794,692.084051856476,87,61
47,6393,1735.64781296047,85,38
33,3143,496.234742496595,68,35
4,4330,226.830598822942,83,79
37,8652,1600.30223714099,70,33
55,7811,2821.99919961297,78,23
84,6176,4689.3410301337,86,2
35,7114,1215.94660245241,61,26
74,4489,2808.52113064509,80,6
86,3159,2473.20500222313,89,3
26,7563,903.388278251731,59,33
15,4817,373.567653885206,73,58
74,2974,1860.66871074593,84,10
97,7144,6581.0659814409,97,0
83,5019,3749.3664242967,91,8
14,9793,730.957613841576,71,57
94,8714,7602.41804428876,99,5
30,5710,800.015084204702,67,37
21,2665,261.081231519071,84,63
62,7968,3611.82004896533,71,9
55,4469,1614.58384625149,57,2
40,3693,768.098538368068,78,38
24,7963,878.417679904151,89,65
55,7178,2593.30562729765,67,12
52,3469,1129.20570150407,78,26
18,3817,332.42890940842,35,17
42,3121,701.314076437562,78,36
35,8088,1382.42565654134,76,41
96,4608,4163.7945481256,98,2
60,6231,2654.00824430406,67,7
21,4813,471.513683790352,59,38
44,6476,1570.81609252429,71,27
95,5289,4688.4571473632,95,0
54,6116,2135.05653276649,91,37
63,8240,3849.96183048317,86,23
33,1609,254.038084847923,63,30
47,8949,2429.58114784659,62,15
31,2906,423.712818040696,76,45
54,8849,3089.12937515544,60,6
5,3098,167.358020566577,30,25
42,8901,2000.12707285189,68,26
40,7054,1467.14516372823,87,47
48,8001,2254.03657353095,74,26
53,5277,1779.24106243899,79,26
46,9000,2353.98662158829,90,44
81,7305,5271.87626093535,81,0
53,4328,1459.26763658063,68,15
7,3227,186.232017968173,75,68
22,6949,708.19410787112,88,66
69,3353,1855.14019801954,75,6
10,7751,497.864367241582,68,58
27,3903,485.176748391441,91,64
16,2979,240.086168884999,65,49
6,3839,214.204772574051,53,47
77,7715,5153.23098043963,82,5
33,4758,751.220141520458,75,42
22,4613,470.125114348752,67,45
19,1917,173.611340021008,77,58
79,7135,4960.76168142888,85,6
39,2633,526.717598418801,55,16
53,3585,1208.75103445969,92,39
20,3822,359.980514058002,43,23
21,6793,665.487731973376,81,60
5,1768,95.5096773278594,89,84
19,6467,585.677900842911,81,62
38,4133,795.065356230195,68,30
15,9210,714.253288827642,80,65
19,3423,310.000843449093,73,54
45,9001,2267.46188276707,84,39
32,5520,837.553909704912,86,54
24,3783,417.311827587266,88,64
82,3887,2854.98514092087,93,11
13,1869,134.293628017241,90,77
65,8319,4122.35037819962,71,6
6,4339,242.103284240377,65,59
77,7553,5045.02314909404,78,1
84,4793,3639.25057600888,90,6
51,1886,592.461769003909,63,12
65,6243,3093.62103751656,77,12
9,5772,357.466528476403,63,54
86,3195,2501.38967461314,88,2
68,8687,4680.15940287099,76,8
2,5502,272.794071302,80,78
68,4231,2279.4698323411,85,17
77,9351,6245.99648711484,93,16
23,5339,566.069289770035,74,51
59,7079,2920.46405122342,69,10
42,2028,455.708089399351,75,33
99,5945,5661.90476190476,99,0
92,6457,5480.68779410565,92,0
75,5274,3374.78336177583,81,6
6,8677,484.150771457422,66,60
35,5913,1010.66801522365,86,51
15,5290,410.249717469949,71,56
21,4988,488.657854715619,55,34
90,1019,842.849777614879,91,1
76,8676,5674.10809711956,88,12
53,5722,1929.28128847374,77,24
26,6375,761.483574488269,81,55
20,3209,302.244235900609,57,37
89,4674,3815.6297065616,90,1
69,2824,1562.4562836884,79,10
72,9716,5798.97965971447,76,4
77,1207,806.21513848226,84,7
99,5315,5061.90476190476,99,0
52,7123,2318.63136691078,56,4
82,8097,5947.21242244309,94,12
94,6384,5569.63929248788,95,1
15,4187,324.709937059863,38,23
62,5299,2401.98725394921,69,7
34,9971,1638.0765137324,73,39
40,8040,1672.22102585412,55,15
25,2984,342.513886502417,73,48
53,4837,1630.88668164059,60,7
55,4357,1574.11989664751,68,13
51,5194,1631.62588982307,82,31
5,6065,327.639249430694,90,85
83,2342,1749.55492442775,89,6
83,8844,6606.77359164773,88,5
36,9128,1623.11042343904,44,8
37,4607,852.125798255727,66,29
20,1892,178.200714965395,61,41
18,7418,646.046017812854,58,40
96,3835,3465.31078386755,97,1
19,7810,707.305459344849,83,64
82,5054,3712.14172940933,87,5
65,4332,2146.65486697449,75,10
18,3610,314.400933446266,71,53
38,7048,1355.82400936618,80,42
89,8679,7085.11985948826,93,4
42,9735,2187.53365399541,80,38
4,2371,124.206778246928,35,31
72,3791,2262.65252058229,80,8
35,5500,940.076794136665,78,43
59,3403,1403.91851480623,90,31
10,4544,291.871459778835,73,63
64,6576,3165.13235449499,67,3
96,6841,6181.53613362135,97,1
20,6277,591.208185960774,89,69
87,4407,3500.45868487503,90,3
53,4150,1399.25154616673,74,21
56,2176,813.254311958182,89,33
82,1943,1427.12532256477,84,2
88,4884,3933.7173136711,88,0
16,4323,348.402990295351,59,43
21,5892,577.219743381,77,56
70,6644,3772.57055750195,79,9
34,1162,190.898095372284,89,55
35,5972,1020.75247537894,72,37
31,1235,180.070657357281,82,51
54,5094,1778.28286100597,81,27
87,6778,5383.73246337258,90,3
71,3170,1846.04726723481,77,6
21,3808,373.057159333817,89,68
10,8195,526.383497554478,76,66
28,6052,782.923913079099,81,53
43,6877,1605.71539573233,73,30
42,9570,2150.45681240226,72,30
93,8292,7132.39858817986,96,3
2,5314,263.472863485792,68,66
45,5690,1433.38052582431,68,23
33,2899,457.710632675033,73,40
9,8062,499.288834472758,58,49
78,5892,4016.66610539363,92,14
62,2385,1081.0982450781,90,28
93,3573,3073.33094013105,97,4
53,5670,1911.74849801574,85,32
49,1131,330.521450267595,81,32
65,5872,2909.77778829044,70,5
92,8118,6890.54104267456,93,1
66,7528,3838.23629353546,84,18
92,1144,971.024753981239,98,6
53,6993,2357.82314755275,64,11
85,6363,4907.40697814571,90,5
41,9527,2059.81451504903,77,36
19,9649,873.852801180339,80,61
54,1730,603.93194926194,87,33
3,1767,89.9438772099281,60,57
7,5944,343.031643880639,11,4
40,8903,1851.71440213672,82,42
23,3903,413.816901661818,78,55
4,5679,297.499069449305,63,59
37,5333,986.409134381983,91,54
3,3392,172.659666947412,52,49
30,8566,1200.16273402758,89,59
43,3303,771.219710935567,51,8
93,4289,3689.2013440308,93,0
48,7268,2047.53628501724,81,33
76,3826,2502.20580677495,81,5
62,1873,849.013422654626,90,28
80,3154,2234.9231070632,83,3
9,9307,576.393101269903,56,47
17,3421,286.578668034524,83,66
27,3283,408.105371501179,69,42
50,4046,1226.11908653658,78,28
53,6997,2359.17182374183,67,14
95,4721,4184.95106687496,96,1
96,4185,3781.57122046563,98,2
43,9144,2135.03876378893,45,2
72,5679,3389.50241740618,75,3
64,8824,4247.13015451092,94,30
69,3248,1797.04603733,74,5
60,7431,3165.13164234047,77,17
56,8418,3146.12812411028,81,25
21,1141,111.779994432743,83,62
77,8451,5644.84186852823,80,3
46,6681,1747.44273542571,77,31
92,2757,2340.13570518031,95,3
57,9428,3643.38393132896,68,11
72,7920,4727.03982142225,73,1
13,6446,463.165717602532,65,52
32,5629,854.092564805969,90,58
63,7995,3735.49087799915,76,13
99,4092,3897.14285714286,99,0
95,3414,3026.35520913177,95,0
17,2311,193.59348197246,77,60
85,8317,6414.41204419894,88,3
49,2077,606.978825999818,69,20
90,4634,3832.94000929082,95,5
89,1212,989.418742908143,94,5
47,1000,271.491915057168,88,41
17,9843,824.552420188196,81,64
41,1359,293.826800246839,49,8
27,5310,660.079050463375,42,15
16,5253,423.354362253407,26,10
88,4393,3538.25146579794,92,4
17,8956,750.248041776438,81,64
4,2385,124.940179721182,89,85
31,2159,314.795586424591,68,37
99,4401,4191.42857142857,99,0
20,1206,113.588827826779,71,51
99,6708,6388.57142857143,99,0
4,6989,366.124493111673,83,79
2,6717,333.034855858875,83,81
21,6787,664.899931827367,83,62
61,3448,1515.46757419305,74,13
9,7826,484.673085907195,87,78
55,6537,2361.72177286775,88,33
13,4906,352.511791895443,62,49
70,1105,627.436855213675,84,14
28,1558,201.55245482109,83,55
12,8128,562.391301755807,25,13
2,4829,239.426130555681,75,73
93,4520,3887.89696316606,95,2
53,6391,2154.84738109676,90,37
69,7133,3946.52998284325,77,8
31,8772,1279.01198893771,86,55
8,9003,538.012530942363,79,71
37,4328,800.521045116299,87,50
83,5756,4299.93089026734,91,8
62,6513,2952.28212586737,72,10
21,3165,310.064577019834,77,56
51,2548,800.420247837731,80,29
66,5029,2564.09276304329,88,22
15,2550,197.757425245438,76,61
41,4409,953.261488070869,77,36
43,5156,1203.87793811195,83,40
64,6506,3131.44025218133,65,1
66,5319,2711.95255649776,75,9
4,1703,89.2130507610787,41,37
74,5611,3510.49500201595,78,4
34,3292,540.823175529742,59,25
82,3753,2756.56270488192,84,2
13,3179,228.421318066778,76,63
1,2369,114.737253851115,86,85
61,9209,4047.54666204865,80,19
83,4076,3044.91284029355,91,8
46,9696,2536.02825365778,73,27
85,3327,2565.91906589514,86,1
78,5461,3722.84684344104,78,0
28,6367,823.674248938305,81,53
48,3999,1126.59570773032,54,6
79,2377,1652.66019856432,86,7
82,3379,2481.86127892247,86,4
43,4232,988.132551219897,90,47
95,5596,4960.59863804962,98,3
24,1068,117.813648391013,70,46
51,3309,1039.47825749413,81,30
33,7656,1208.7728884995,84,51
61,3656,1606.88789189379,75,14
0,6503,420.303022061135,84,84
8,8569,512.077016288472,25,17
93,2150,1849.33152009005,93,0
51,5351,1680.94534779423,68,17
10,1296,83.2450290214282,51,41
98,8436,7909.94466117497,99,1
85,5198,4008.91112248961,93,8
24,6201,684.047222539952,83,59
3,7665,390.164017438653,70,67
68,8196,4415.63099642346,75,7
4,2741,143.589531495077,87,83
49,7058,2062.6175030846,71,22
59,4119,1699.30660078956,80,21
20,8572,807.366029959496,85,65
34,8115,1333.16527017736,76,42
21,9702,950.472836096819,90,69
79,4110,2857.56559364719,83,4
99,7208,6864.7619047619,99,0
55,3254,1175.62225010122,65,10
69,2470,1366.59597050649,85,16
58,4504,1798.83694206724,86,28
69,6498,3595.1986301017,80,11
98,7174,6726.64094348853,98,0
82,1080,793.25545464228,85,3
82,2950,2166.76258443956,85,3
51,2671,839.059058859725,87,36
87,3741,2971.45812119753,92,5
21,4315,422.726271671591,87,66
38,4307,828.537742386511,67,29
93,5069,4360.12161643557,94,1
29,2928,394.201201371404,91,62
48,4521,1273.65321196518,73,25
14,3310,247.061135690352,31,17
65,3588,1777.97729979327,86,21
18,8307,723.470513611671,78,60
54,9603,3352.3459588222,78,24
73,7645,4673.31355758004,77,4
69,4325,2392.9261426885,73,4
59,2515,1037.57127967607,89,30
0,9039,584.21021319554,90,90
95,9347,8285.68896887953,96,1
22,3454,352.007835456447,39,17
54,9173,3202.23570553744,68,14
89,5831,4760.14908407375,91,2
35,9860,1685.30130730682,54,19
7,1875,108.207323734219,60,53
72,6703,4000.67524280219,85,13
97,5051,4652.99051963298,98,1
30,1181,165.467217941463,81,51
51,2976,934.870744727272,83,32
59,6044,2493.47149676428,72,13
24,1039,114.614588650058,69,45
32,3360,509.815423298642,84,52
88,2793,2249.56438515221,94,6
92,6225,5283.76669015141,93,1
18,3804,331.296717681329,67,49
35,9322,1593.34470453491,43,8
64,1793,862.999134977116,76,12
51,8750,2748.69590603617,88,37
6,7306,407.653052468356,65,59
7,6450,372.233193645714,67,60
89,1751,1429.43252378891,96,7
62,9923,4498.00330646122,71,9
68,9970,5371.38128774304,81,13
5,2145,115.875711463947,66,61
29,9455,1272.94137942849,83,54
32,2712,411.493877376761,57,25
84,8911,6765.9841190935,85,1
59,4653,1919.61000569891,70,11
74,5964,3731.34774407826,89,15
83,3361,2510.78313450114,84,1
64,1158,557.363635417457,86,22
66,2698,1375.60594048335,69,3
27,5089,632.606833862169,83,56
32,8717,1322.63721574234,54,22
32,6907,1048.00450259635,83,51
1,3914,189.56589766706,89,88
11,4990,332.586112422105,88,77
46,2461,643.684563969865,68,22
16,3769,303.75453861281,75,59
66,9249,4715.70768848426,70,4
14,7336,547.565103149372,80,66
69,7626,4219.29589922369,87,18
62,7013,3178.92746026529,64,2
19,5692,515.490739384235,90,71
25,1151,132.115778607333,71,46
0,3012,194.672105558687,77,77
57,1516,585.847479836095,79,22
91,7919,6635.24556647155,92,1
42,8734,1962.60081499701,73,31
48,9760,2749.5809220925,68,20
9,8659,536.261723852594,83,74
9,3540,219.236228483449,81,72
36,6238,1109.22029156581,60,24
39,5078,1015.82680014078,68,29
16,9352,753.704548980366,84,68
44,9442,2290.24792242346,73,29
13,3787,272.108062761525,45,32
16,4388,353.641527045107,90,74
60,2486,1058.87730626543,74,14
32,2385,361.87791207359,74,42
9,2353,145.723967689705,32,23
60,5589,2380.55722635458,91,31
23,1713,181.621407262796,87,64
89,3034,2476.81226566279,98,9
13,3545,254.719588721839,90,77
51,2002,628.901623301075,85,34
44,2880,698.571702666762,69,25
77,7828,5228.70928255106,91,14
44,2630,637.931797921383,81,37
19,5760,521.649096776739,68,49
87,6167,4898.41813243121,87,0
51,4579,1438.4318347131,82,31
40,8152,1695.5156471098,84,44
5,1711,92.4304626176287,66,61
42,5422,1218.36748556375,66,24
38,2850,548.25460083621,77,39
21,1157,113.347461488767,75,54
1,9344,452.555888554166,33,32
65,7084,3510.36543805338,91,26
54,5343,1865.20717046621,87,33
25,5850,671.483323069418,87,62
94,7526,6565.96261204007,97,3
4,1321,69.2016676778538,38,34
37,2539,469.621749896091,72,35
48,7700,2169.23904714265,66,18
71,5478,3190.10944161271,85,14
71,6413,3734.60603305263,95,24
81,2464,1778.22082230591,89,8
47,5199,1411.48646638221,75,28
91,1412,1183.09972722033,91,0
87,6060,4813.42855238092,92,5
66,6227,3174.90666841729,79,13
67,8353,4379.26705358429,89,22
11,1421,94.7103939382388,59,48
67,6134,3215.90136557955,69,2
98,1565,1467.40912692494,99,1
80,9502,6733.11330479218,83,3
10,4479,287.696361872667,60,50
96,6070,5484.85957185815,97,1
56,5692,2127.31780499355,73,17
53,7336,2473.47213076605,59,6
56,9241,3453.71465845844,77,21
61,3406,1497.00770234963,94,33
45,2139,538.840236333602,87,42
69,8976,4966.22082237501,81,12
56,6751,2523.10655332247,62,6
82,3458,2539.88644643797,86,4
12,9200,636.564957696041,52,40
86,3420,2677.54387705069,93,7
83,6855,5120.92186462519,94,11
59,4972,2051.21447417472,70,11
20,1180,111.139980792371,66,46
38,1906,366.657287436427,86,48
4,3778,197.913626409486,83,79
96,5456,4930.04840594038,97,1
92,9665,8203.6313349901,92,0
40,7864,1635.61519245234,86,46
15,3087,239.402812444184,87,72
87,9259,7354.37870734239,89,2
18,6171,537.442703683354,37,19
17,4710,394.55876247957,84,67
44,3369,817.183356348723,50,6
65,5339,2645.6579720168,73,8
40,2816,585.693334428508,81,41
75,7085,4533.62535422483,82,7
68,6906,3720.63783080777,78,10
65,2685,1330.50976865801,94,29
15,1194,92.5970061737464,76,61
80,9279,6575.09559620782,81,1
73,4156,2540.52205955561,96,23
94,5248,4578.55059633089,96,2
8,3905,233.359872634669,80,72
90,7488,6193.58109399432,93,3
73,1665,1017.79817833496,87,14
31,3245,473.141119938767,53,22
0,9881,638.630502996475,89,89
30,7004,981.314474565627,77,47
5,8694,469.66127527625,86,81
61,2054,902.775637294813,94,33
47,6712,1822.25373386371,64,17
3,3808,193.834909120207,85,82
56,6063,2265.97467527686,91,35
31,5243,764.461908116782,66,35
41,4181,903.966042554843,80,39
24,9016,994.576642222256,51,27
27,6982,867.923150722276,50,23
21,7970,780.794527282174,43,22
76,7736,5059.34765321772,82,6
33,6949,1097.14770143457,78,45
78,3991,2720.72546276748,95,17
62,1535,695.801176601629,82,20
21,6450,631.885156959852,68,47
26,2452,292.887486218861,84,58
59,8577,3538.46873390921,77,18
54,1719,600.091919526748,76,22
9,6162,381.619672292376,87,78
1,3928,190.243956575424,57,56
78,3268,2227.84535513007,78,0
69,2697,1492.19001314009,90,21
91,1754,1469.65787644792,91,0
18,6603,575.066305691328,66,48
6,2249,125.487505475134,88,82
32,7397,1122.35258516073,81,49
43,7414,1731.09989006246,92,49
8,5438,324.970803428254,77,69
37,6443,1191.71836730229,82,45
6,6274,350.070524389059,78,72
20,6389,601.75706549361,76,56
34,4600,755.706745879955,68,34
5,3464,187.129820284901,64,59
22,2360,240.514907839379,90,68
14,6137,458.0707521848,55,41
21,4271,418.415737267524,84,63
9,2080,128.816767018523,62,53
53,1790,603.532594611672,82,29
94,2730,2381.7536448139,96,2
84,7754,5887.49196043665,84,0
75,7869,5035.29963477701,81,6
3,5691,289.68342116678,71,68
39,5119,1024.0286313353,73,34
14,8729,651.539774453499,83,69
85,7867,6067.35355918156,90,5
77,4015,2681.81754847247,95,18
9,7350,455.193864224109,76,67
67,9496,4978.51310197969,92,25
22,4092,417.028391050313,68,46
10,8340,535.697177499005,89,79
67,2524,1323.26948919511,70,3
14,4582,342.00426698888,80,66
73,1322,808.125640695986,83,10
3,9628,490.084691441533,65,62
93,5771,4963.94986159985,95,2
17,7843,657.011544400693,75,58
70,6713,3811.74987244289,92,22
3,4247,216.180897855441,21,18
80,1005,712.142588014749,83,3
98,3851,3610.85785801147,98,0
93,2044,1758.15517537863,93,0
31,3388,493.991406580137,67,36
42,6414,1441.27795138434,68,26
17,4242,355.354197545294,71,54
72,2014,1202.05280307379,72,0
66,8975,4576.00567673762,78,12
29,2009,270.474799711459,66,37
94,9197,8023.80522760199,95,1
81,3426,2472.47749075489,87,6
73,2578,1575.90612837689,89,16
45,1963,494.503685798439,84,39
65,9046,4482.60386118449,69,4
95,1379,1222.42057217127,97,2
65,1425,706.136469399502,75,10
36,2962,526.692931006403,88,52
75,3233,2068.76651661381,91,16
71,4037,2350.94410657001,72,1
52,9773,3181.24166065128,90,38
58,6615,2641.94191202815,83,25
79,6784,4716.72140810281,89,10
47,1708,463.708190917642,63,16
48,6495,1829.76722223266,93,45
17,3003,251.562624994936,86,69
85,1708,1317.2797609104,87,2
67,2241,1174.89973268076,90,23
38,2474,475.923467532906,71,33
87,4401,3495.69291403109,95,8
21,4008,392.650497534122,70,49
96,5239,4733.96693524957,96,0
27,9686,1204.05380090174,81,54
74,4718,2951.79387266285,86,12
52,7127,2319.93342018435,78,26
72,4119,2458.41881621695,81,9
5,1372,74.1172382883615,51,46
84,8694,6601.21938406451,93,9
31,7107,1036.24466545603,66,35
57,1508,582.755936406881,82,25
25,6184,709.82100339509,25,0
80,1465,1038.09839944439,93,13
13,4582,329.231355577847,77,64
26,3215,384.02661834977,83,57
18,1930,168.086925637477,59,41
51,4650,1460.73553863636,76,25
75,7752,4960.43242709257,81,6
31,9722,1417.52787921254,86,55
92,3963,3363.7859265976,92,0
26,9252,1105.13663233968,77,51
12,2755,190.623528092673,80,68
26,5653,675.241826914853,72,46
90,7245,5992.58747676133,92,2
36,7917,1407.77445468524,70,34
62,4904,2222.93743977485,84,22
50,1956,592.755544554018,86,36
82,3990,2930.63820742842,87,5
99,8951,8524.7619047619,99,0
74,6189,3872.11790544942,77,3
88,5950,4792.30508115132,90,2
37,6756,1249.61187172036,62,25
43,8891,2075.96562213991,73,30
56,2462,920.143435680627,77,21
14,7708,575.331490604602,69,55
3,7984,406.401763239426,19,16
42,2656,596.82479558416,80,38
79,4067,2827.66892198616,82,3
35,7250,1239.1921377256,47,12
80,6065,4297.65651374075,84,4
63,4260,1990.3928880896,89,26
82,5483,4027.24042389224,93,11
21,3170,310.554410474842,83,62
11,3889,259.203886013941,83,72
48,1928,543.154919855978,75,27
11,2170,144.63163606332,20,9
95,1511,1339.43254862276,97,2
69,8093,4477.67659486196,84,15
59,9029,3724.942777016,90,31
67,3534,1852.78699477635,74,7
55,6758,2441.56581628274,74,19
17,1295,108.482717072408,77,60
47,5778,1568.68028520031,76,29
86,9557,7482.24761198053,87,1
29,8851,1191.62391848986,81,52
64,4469,2151.00007485373,78,14
86,6734,5272.09955206413,86,0
83,6664,4978.23826489603,92,9
89,1410,1151.05645833373,91,2
18,8416,732.963505784979,58,40
42,8732,1962.15139873527,62,20
48,1471,414.409173811278,85,37
87,9410,7474.31727358159,91,4
70,6659,3781.08779988042,80,10
26,9882,1180.3891267597,86,60
95,1724,1528.24732880585,98,3
76,2704,1768.41727692615,91,15
75,4616,2953.73530488381,81,6
95,1405,1245.46838571475,96,1
76,3848,2516.59381716414,78,2
84,1323,1004.53338453156,90,6
77,6900,4608.85207583065,80,3
66,3507,1788.08377808566,82,16
61,1901,835.528961293788,95,34
26,4399,525.453528497866,89,63
51,7351,2309.21869774535,57,6
72,6315,3769.09803942949,84,12
54,2396,836.428295047172,61,7
72,3025,1805.46659845989,82,10
32,7850,1191.0866288376,86,54
95,2648,2347.3311639663,97,2
43,5488,1281.39684335888,87,44
48,7258,2044.71909144953,84,36
43,4750,1109.08072265938,79,36
59,2903,1197.64191844916,78,19
39,1411,282.263019889452,75,36
38,2397,461.11097480856,62,24
14,3945,294.458060513123,67,53
42,1568,352.342349200287,64,22
86,7489,5863.19476468789,92,6
60,8779,3739.29359280137,64,4
27,6988,868.669002756698,78,51
91,4306,3607.95143442689,91,0
54,5882,2053.3686274906,91,37
34,9030,1483.48519897739,79,45
54,7710,2691.51175075697,76,22
66,7362,3753.5993083167,77,11
34,7646,1256.11603891264,82,48
86,4204,3291.34340909973,86,0
77,1829,1221.67977488323,88,11
95,7863,6970.19068816729,96,1
74,4961,3103.8256469437,75,1
32,2568,389.644644949677,79,47
10,5834,374.731095147386,20,10
48,1722,485.120732360992,53,5
62,3230,1464.12886021059,75,13
57,2449,946.398732268204,59,2
65,8420,4172.3993490132,92,27
12,9483,656.146249329517,58,46
93,7259,6243.85930434125,94,1
81,6104,4405.13794616692,88,7
42,5915,1329.14859408144,77,35
44,7208,1748.36973361876,62,18
18,9203,801.504651109692,72,54
37,5065,936.838977244467,81,44
42,7553,1697.22051244246,70,28
30,7353,1030.21206902928,84,54
58,5511,2201.01918022482,86,28
91,6004,5030.6875086621,94,3
12,9723,672.752291704197,88,76
67,4613,2418.47945865968,73,6
11,7727,515.008595327777,71,60
77,7299,4875.36395673738,89,12
26,4358,520.556143940373,87,61
98,2552,2392.86140058304,99,1
20,2769,260.802209164471,83,63
39,3259,651.94555763269,77,38
88,8364,6736.61171407557,92,4
97,3486,3211.30963204129,97,0
44,6047,1466.75801598122,70,26
36,8304,1476.58950002605,90,54
44,5290,1283.14038441221,84,40
15,1949,151.14871443269,66,51
44,1842,446.79481816395,80,36
50,5212,1579.46927311633,91,41
55,2981,1076.99137294153,79,24
91,6219,5210.83371358588,94,3
65,3901,1933.07955587892,90,25
58,6338,2531.31184254489,82,24
43,8711,2033.93730001808,71,28
74,7182,4493.38355096748,93,19
9,1858,115.068054384816,68,59
31,7329,1068.61364192025,79,48
98,4163,3903.40204178181,98,0
77,3226,2154.80533284488,83,6
25,3060,351.237430528618,85,60
22,1693,172.538872445792,63,41
30,8074,1131.22973552868,67,37
12,4515,312.401172173655,69,57
75,8135,5205.51055139294,84,9
6,1415,78.9527880157026,84,78
58,2481,990.877986960219,73,15
99,3166,3015.23809523809,99,0
14,6612,493.525144768763,65,51
83,6205,4635.34940481391,84,1
95,8499,7533.97566561539,97,2
8,1129,67.4681936503308,72,64
8,5009,299.334085026136,31,23
1,4841,234.463083956627,87,86
98,7439,6975.11597137039,99,1
53,4864,1639.99024591686,82,29
67,2513,1317.50246685709,78,11
19,1863,168.720879738726,68,49
33,8634,1363.18509917773,84,51
47,3881,1053.66012233687,82,35
36,3781,672.324771146256,83,47
3,3671,186.861331770032,7,4
50,7899,2393.75053498578,73,23
67,7183,3765.86558672284,76,9
38,5032,968.006018037828,77,39
34,4783,785.770731639962,82,48
28,7662,991.203407470598,92,64
88,3721,2997.00289192673,97,9
11,9813,654.041587414453,40,29
26,3623,432.76156711702,78,52
52,5039,1640.26161138052,68,16
48,5503,1550.30162031506,92,44
29,3006,404.702462883348,84,55
39,1380,276.061635327742,92,53
36,1511,268.680965142024,86,50
71,2073,1207.21008989835,72,1
97,8991,8282.52578935262,98,1
40,4831,1004.78852934095,76,36
11,4920,327.920575774901,82,71
16,2474,199.386767983044,81,65
28,6696,866.235710835699,74,46
22,4125,420.391523236202,84,62
2,3990,197.827761631221,88,86
79,4442,3088.39570972769,82,3
93,9887,8504.34452982806,96,3
96,5472,4944.50602589915,96,0
90,7555,6248.99908722317,91,1
72,8980,5359.69919146109,88,16
34,4114,675.864685336986,78,44
23,1958,207.597615540312,86,63
31,7537,1098.94133158043,84,53
74,1075,672.568548773328,80,6
27,5789,719.622904544723,77,50
20,1258,118.486521895596,90,70
71,8434,4911.53395957678,87,16
3,6421,326.841899018081,90,87
23,6111,647.920852179188,85,62
1,1367,66.2076091238811,73,72
6,4594,256.331525190203,80,74
86,5932,4644.20768382008,89,3
68,5948,3204.51112331952,76,8
89,1859,1517.59855038468,97,8
32,3749,568.83869700792,80,48
0,6542,422.823676814385,76,76
34,5128,842.448737580959,82,48
55,4406,1591.82287459925,78,23
60,1549,659.775119631999,70,10
4,7705,403.632739937823,78,74
83,3969,2964.98014306308,84,1
76,8342,5455.67193939274,80,4
32,4051,614.6613927925,63,31
13,2076,149.167240109038,82,69
35,2180,372.612256585078,89,54
54,9725,3394.9353795216,82,28
45,2592,652.956471517858,53,8
90,6575,5438.40754447285,91,1
1,1075,52.0652376065634,90,89
76,5732,3748.73070685677,77,1
18,1956,170.351309091661,70,52
69,3826,2116.84055998293,94,25
52,5864,1908.81009905445,70,18
84,1312,996.181255106124,84,0
66,8789,4481.17146438406,71,5
35,6897,1178.85629984738,89,54
99,7162,6820.95238095238,99,0
96,6359,5746.00033236343,98,2
7,9260,534.399902815397,74,67
60,2941,1252.67826135424,89,29
94,2070,1805.94507134241,94,0
34,7397,1215.20930419001,74,40
21,7207,706.045942048008,78,57
60,6588,2806.06745521989,69,9
30,7856,1100.68625245396,68,38
63,9548,4461.09654823463,68,5
12,9627,666.109874754325,80,68
39,2676,535.319518939883,65,26
30,1964,275.171563113491,79,49
46,4823,1261.47527510226,67,21
75,3884,2485.33533885804,81,6
70,3442,1954.4232177787,89,19
71,7702,4485.25427515537,71,0
59,8322,3433.2676697671,72,13
60,1940,826.316160158863,74,14
11,5571,371.310066593898,31,20
87,8533,6777.72043522547,98,11
45,1149,289.44713957331,80,35
98,7575,7102.63523096258,98,0
1,3824,185.206947541859,89,88
3,4692,238.832298737398,12,9
35,7560,1292.17828430422,80,45
28,8539,1104.65751714845,80,52
23,1758,186.392547558667,84,61
84,2566,1948.32400960542,88,4
64,4066,1957.02982867649,80,16
70,1489,845.478260102409,85,15
20,5436,511.99740304011,54,34
26,6843,817.385427485997,42,16
89,4507,3679.29890617739,93,4
35,2997,512.256391277743,72,37
84,5698,4326.403042374,92,8
89,9718,7933.30968942354,90,1
35,7600,1299.01520644339,82,47
83,1185,885.235945963655,85,2
61,2568,1128.6893069976,85,24
17,5409,453.114298567302,73,56
73,1198,732.325656243412,81,8
33,9411,1485.86228496197,87,54
43,5760,1344.90630789854,80,37
65,3714,1840.41462971912,80,15
67,5371,2815.87972522461,94,27
60,4414,1880.08223244393,68,8
72,3967,2367.69784994723,73,1
74,7872,4925.07871250571,76,2
7,4395,253.63796683301,70,63
10,8678,557.407686611076,62,52
21,2152,210.824319035287,49,28
45,1055,265.767390992029,83,38
42,2083,468.067036597065,76,34
54,6847,2390.24396335058,76,22
57,1512,584.301708121488,67,10
97,5341,4920.13905471386,98,1
91,9490,7951.56969640296,93,2
3,6037,307.295521627808,51,48
19,7164,648.801064116069,50,31
50,8421,2551.93989810296,59,9
16,2916,235.008817881389,67,51
88,1881,1515.01274918414,97,9
79,1334,927.492092925877,84,5
91,7966,6674.62636475722,91,0
30,6106,855.497741533084,89,59
86,2779,2175.70012699528,96,10
60,7753,3302.28308748024,73,13
53,2789,940.364472833494,87,34
71,4786,2787.1237290176,86,15
91,7797,6533.02306879387,97,6
21,3918,383.833495343985,78,57
37,3238,598.911077654015,60,23
81,6196,4471.53255479198,86,5
52,3203,1042.61915881163,86,34
64,8572,4125.83858618173,85,21
51,7274,2285.03017377224,67,16
76,1824,1192.89686135847,89,13
50,3747,1135.50870421467,63,13
27,7414,921.624497200653,88,61
55,4651,1680.33776435795,71,16
63,1300,607.396890731569,81,18
84,9998,7591.32636322487,85,1
50,4154,1258.84792028496,83,33
53,6728,2268.47335002644,74,21
3,1410,71.7718544799087,79,76
13,5051,362.930505679552,73,60
80,8872,6286.69556305159,83,3
4,9195,481.687611126318,61,57
29,3897,524.659180923621,80,51
0,2676,172.955695376841,82,82
61,8901,3912.17426853025,70,9
46,2952,772.107611880959,79,33
74,2544,1591.6412912366,83,9
63,2729,1275.06624215881,63,0
67,6037,3165.04671405343,79,12
94,7384,6442.07652502045,94,0
80,1320,935.351458885043,86,6
49,7389,2159.34836076681,88,39
0,9749,630.099056139321,86,86
14,9776,729.688719791202,74,60
62,2080,942.844591095367,74,12
82,6632,4871.17608813667,86,4
52,6073,1976.84238259851,90,38
48,8000,2253.75485417418,75,27
75,3483,2228.73918260622,88,13
45,5785,1457.31218662454,90,45
48,2526,711.623095205498,56,8
20,1989,187.336798132226,77,57
12,2517,174.15586940445,18,6
12,7226,499.980259164304,70,58
30,7425,1040.29982490716,71,41
15,5546,430.103011925961,77,62
52,9333,3038.01580055852,64,12
58,1480,591.092067997229,84,26
46,6105,1596.78759164406,88,42
85,7505,5788.16428901203,89,4
24,7719,851.501453118189,83,59
78,3147,2145.35781291137,82,4
61,9562,4202.69748968501,84,23
38,1653,317.987668485002,74,36
26,6236,744.880246354329,76,50
2,8414,417.173630667944,84,82
12,2183,151.045793766354,34,22
66,2587,1319.01132988526,70,4
97,6843,6303.78422606384,97,0
79,2126,1478.14706863599,96,17
48,8796,2478.00346216451,83,35
76,1256,821.42459312842,83,7
97,9048,8335.03429452369,97,0
55,2732,987.031342125547,87,32
92,5867,4979.89705560134,93,1
24,4626,510.305184884667,87,63
45,2010,506.343560089079,81,36
95,7786,6901.93370190392,98,3
62,5389,2442.78341414083,77,15
24,3659,403.633089384565,85,61
16,9028,727.592458104656,66,50
39,1052,210.446985771583,59,20
45,7874,1983.55681201065,80,35
60,7609,3240.94827971587,82,22
92,9426,8000.76864600276,95,3
15,4988,386.829034166371,81,66
43,4331,1011.2481283869,76,33
60,1136,483.863483474468,75,15
36,3810,677.481454130451,53,17
91,4356,3649.84590068823,97,6
71,1132,659.219402684481,80,9
39,8563,1712.98245167497,86,47
83,5242,3915.95512973965,83,0
21,5599,548.515502917552,68,47
89,8695,7098.181493058,90,1
89,1250,1020.44012263629,97,8
56,9223,3446.98737095143,92,36
78,8087,5513.0310241545,84,6
86,2061,1613.57249432791,87,1
92,9158,7773.29081902114,93,1
69,6872,3802.12449770066,80,11
83,4197,3135.30402127381,90,7
46,5548,1451.10197517465,69,23
79,4822,3352.59885463911,92,13
47,9263,2514.82960917454,75,28
57,6834,2640.95097440625,74,17
99,3650,3476.19047619048,99,0
47,3958,1074.56499979627,87,40
74,1612,1008.54000057917,84,10
9,8067,499.598490162706,86,77
48,2951,831.353821833501,84,36
51,6938,2179.48025098045,74,23
91,7992,6696.41148721311,91,0
13,4874,350.212489543088,67,54
69,2420,1338.93208446385,76,7
8,8847,528.690087887048,38,30
35,3461,591.564688092181,42,7
63,4721,2205.78517011057,84,21
23,9820,1041.16883789881,89,66
9,9806,607.296739126751,65,56
64,5617,2703.5505527978,88,24
15,5457,423.200890025238,80,65
19,7593,687.653054136419,78,59
64,3436,1653.80090785353,75,11
5,2447,132.1901472971,64,59
77,7411,4950.1743092726,77,0
57,9912,3830.42230879642,71,14
59,5019,2070.60447423228,85,26
15,3462,268.484786744983,85,70
90,3011,2490.50115838901,92,2
87,7131,5664.11864802447,91,4
18,4763,414.817630472179,59,41
1,4855,235.141142864991,17,16
62,1823,826.348889214834,76,14
77,3312,2212.24899639871,88,11
39,2957,591.532069321836,80,41
51,5765,1810.99793123411,58,7
5,7587,409.859684324926,43,38
25,8532,979.332600415089,70,45
52,4088,1330.69844558912,83,31
6,3771,210.410574987431,82,76
82,3433,2521.52405165458,83,1
21,7416,726.520980467327,86,65
40,6644,1381.87021091726,72,32
4,3342,175.073409068423,36,32
79,2943,2046.18383019554,90,11
35,3984,680.957445061904,90,55
48,4051,1141.24511428245,70,22
70,3180,1805.65538423483,89,19
22,9465,964.607458771068,89,67
37,3376,624.436009314377,71,34
13,3212,230.792473617644,70,57
77,1963,1311.18501809501,84,7
48,7852,2212.06038937196,78,30
81,6635,4788.35030681807,86,5
73,6925,4233.18461559735,88,15
1,2776,134.449394972856,88,87
4,8250,432.183011614151,76,72
87,3142,2495.67533194403,90,3
74,1234,772.046129475615,86,12
59,5369,2214.99809168223,82,23
31,3966,578.26739034735,82,51
13,6518,468.339147895331,91,78
53,8483,2860.2050279837,69,16
67,9017,4727.3854928971,75,8
42,5617,1262.18557108292,78,36
70,3392,1926.03240985048,74,4
72,5904,3523.79332142386,84,12
98,3588,3364.25811335891,98,0
16,8558,689.713807760262,67,51
34,3484,572.36571796647,72,38
47,8500,2307.68127798592,85,38
77,4357,2910.25630353538,89,12
88,8961,7217.45308104151,94,6
25,6351,728.989843557927,45,20
88,5495,4425.83469259269,89,1
33,6628,1046.46639302177,85,52
81,2284,1648.31832716993,89,8
87,4092,3250.2557155681,96,9
84,2701,2050.82741619027,94,10
68,2498,1345.80847109149,88,20
45,9242,2328.17272753397,87,42
40,6792,1412.65238900512,81,41
20,5507,518.684639172532,64,44
68,4978,2681.91936312787,79,11
87,6876,5461.57338715696,95,8
8,5487,327.899006695629,84,76
32,5806,880.948912997594,43,11
55,7104,2566.57051773788,55,0
97,2073,1909.65142490579,98,1
44,3051,740.049397512601,93,49
15,5310,411.800756099325,84,69
28,8253,1067.6587995112,50,22
73,2389,1460.37228110644,88,15
1,6952,336.704680782166,80,79
48,7367,2075.42650133765,90,42
36,7889,1402.79558835568,69,33
94,2373,2070.29355279977,94,0
77,5866,3918.19221403226,93,16
76,7720,5048.88364566194,85,9
19,4188,379.282364114754,71,52
45,5505,1386.7767653186,85,40
64,5220,2512.4682011046,84,20
84,9479,7197.2577112431,89,5
68,9117,4911.82379140956,74,6
65,4885,2420.68537053794,84,19
13,8640,620.81163513588,73,60
16,3124,251.77213548061,69,53
11,1825,121.637205444958,87,76
72,9022,5384.76682687772,88,16
73,4506,2754.47362857497,73,0
24,2345,258.682589397869,87,63
30,4345,608.768045686415,82,52
24,6313,696.402211884328,63,39
80,4470,3167.44016758799,89,9
31,3428,499.823654591709,82,51
58,2341,934.963872419941,88,30
25,2818,323.45982981361,81,56
78,3423,2333.51121499701,95,17
77,4405,2942.31788319333,87,10
91,8061,6754.22585065377,91,0
84,5679,4311.9766370028,89,5
44,3838,930.943817651053,68,24
33,9904,1563.69993308504,86,53
73,6841,4181.83623903271,77,4
63,5779,2700.11279349056,78,15
39,5323,1064.83774264462,92,53
83,4327,3232.41851323606,85,2
69,4435,2453.78669198231,74,5
50,3007,911.255584086877,67,17
56,2599,971.345568372847,87,31
95,3846,3409.30349570029,95,0
72,7615,4545.00104042051,72,0
38,4235,814.68709983907,77,39
78,9051,6170.20450100437,83,5
55,2863,1034.35971175163,67,12
50,8389,2542.24246588121,82,32
60,8570,3650.27293431003,80,20
92,8565,7269.95368693122,92,0
74,8275,5177.2137126505,90,16
73,8468,5176.40538987414,81,8
64,5025,2418.61163037368,91,27
50,6240,1890.99928323981,88,38
13,8024,576.550064853044,88,75
75,8481,5426.91272112643,87,12
30,2242,314.121509419779,81,51
57,5446,2104.56818943758,87,30
65,6889,3413.73623697766,93,28
35,2529,432.264402249386,91,56
54,5184,1809.70128611208,89,35
77,9793,6541.23019979848,97,20
53,8779,2960.00706597535,87,34
20,5927,558.242937420664,82,62
32,1701,258.094058044938,77,45
91,2398,2009.25860189402,95,4
1,8902,431.148600161514,18,17
43,5124,1196.40623640141,87,44
14,3847,287.143259516853,88,74
16,6064,488.715182315755,65,49
35,6538,1117.49492364828,88,53
41,3500,756.728330289871,45,4
85,2260,1743.00483586505,88,3
53,6858,2312.30532617142,79,26
62,7135,3234.22892185839,78,16
42,1239,278.41337414487,88,46
65,5714,2831.48335870088,88,23
83,8833,6598.55621155862,87,4
85,3513,2709.36990636899,85,0
73,3394,2074.7189292906,80,7
96,3916,3538.50248490882,99,3
61,8866,3896.79104199407,84,23
57,7154,2764.61271157482,94,37
52,2768,901.02086531083,88,36
65,8379,4152.08244006907,88,23
76,8149,5329.44984825119,91,15
98,7804,7317.3551607171,99,1
36,4311,766.567598098786,86,50
81,6190,4467.20247162078,98,17
99,9215,8776.19047619048,99,0
49,7998,2337.32144937243,75,26
48,2216,624.290094606248,85,37
5,2425,131.001678461572,67,62
12,7830,541.772132473913,88,76
18,8434,734.531155868645,90,72
90,7233,5982.66186603378,96,6
15,8722,676.407946270868,37,22
31,4444,647.962754085634,68,37
63,1075,502.270505797259,94,31
66,2851,1453.61472806451,86,20
47,3661,993.931901024291,60,13
72,7064,4216.13753769278,78,6
48,4920,1386.05923531712,63,15
27,5275,655.728246929248,31,4
16,5189,418.196418376723,81,65
77,9541,6372.90690659423,89,12
74,2592,1621.67225899578,85,11
8,3080,184.058491092134,90,82
36,5489,976.035617249881,60,24
84,2890,2194.33218540907,91,7
95,3802,3370.2995035498,98,3
86,3066,2400.39459854895,86,0
58,5144,2054.4443228228,68,10
4,7144,374.24429514806,71,67
43,1917,447.601630597482,81,38
16,3212,258.864308311049,84,68
23,3639,385.826211926046,65,42
86,4356,3410.34535919087,92,6
96,8730,7888.43889000357,96,0
88,7229,5822.4493162425,90,2
67,4301,2254.9057341633,72,5
92,1189,1009.22065776547,94,2
29,5355,720.951992262251,80,51
72,4826,2880.39067906361,76,4
2,7820,387.722580440138,63,61
61,5873,2581.30541277139,70,9
97,9837,9061.86255031273,98,1
2,8105,401.853134842368,85,83
8,8548,510.822072031025,66,58
14,6893,514.499217013171,87,73
9,5537,342.912711048829,77,68
4,9152,479.435020883965,72,68
64,1506,724.861515491097,76,12
75,6393,4090.82101475784,75,0
48,2396,674.999578825167,74,26
71,1416,824.606602651259,77,6
73,8628,5274.21182142584,86,13
45,1583,398.777042597519,77,32
81,4757,3433.03427423264,94,13
70,4479,2543.24857421,72,2
45,5344,1346.21889806768,65,20
54,1727,602.88466842507,70,16
2,2609,129.356548896205,46,44
41,9786,2115.81241149048,78,37
23,6656,705.704662429172,81,58
50,4226,1280.66714278388,81,31
27,4793,595.811466830689,70,43
79,1550,1077.670722665,84,5
3,5891,299.863826057548,60,57
82,4032,2961.48703066451,85,3
34,9631,1582.21992816736,65,31
62,2052,930.152452369084,83,21
76,8701,5690.45810892546,76,0
54,6035,2106.77995017099,89,35
62,7790,3531.13430991967,71,9
34,1045,171.676858574903,74,40
97,2743,2526.85666112715,98,1
95,2679,2374.81124934506,98,3
38,9013,1733.83112889009,73,35
59,1458,601.502554977221,73,14
67,4783,2507.60616751989,95,28
37,6312,1167.48817855224,69,32
54,3151,1099.99397232623,92,38
82,2985,2192.4699371363,89,7
94,9176,8005.4840457188,94,0
45,2746,691.750953236125,58,13
90,3811,3152.20854022601,90,0
97,3449,3177.22516377235,97,0
27,5646,701.846764391001,72,45
15,1300,100.817510909439,90,75
38,9379,1804.23856183958,39,1
46,3648,954.149243950454,84,38
25,7745,888.998006354297,61,36
86,8849,6927.94905497705,89,3
86,7807,6112.15937079962,90,4
82,2757,2025.00489671182,94,12
7,7889,455.278707700936,81,74
49,3040,888.404251824481,62,13
28,8979,1161.57862120576,62,34
98,1633,1531.16875672104,98,0
61,8075,3549.13012227635,76,15
89,3760,3069.48388888995,91,2
22,8859,902.84812226655,66,44
42,8687,1952.03953284623,71,29
12,2226,154.021043025151,82,70
18,2539,221.125753468163,57,39
85,7195,5549.07955488895,85,0
89,5494,4485.038427011,89,0
28,4169,539.327460942955,71,43
91,2732,2289.1136365198,93,2
55,5614,2028.25547389927,76,21
29,6565,883.856177255215,74,45
89,9807,8005.96502615525,89,0
96,8336,7532.41999851887,99,3
51,9998,3140.73847640567,67,16
44,3702,897.955709469567,88,44
97,1158,1066.75173663334,97,0
35,8249,1409.94426815152,90,55
47,4228,1147.8678168617,92,45
54,7516,2623.78758997268,87,33
72,2900,1730.86054067229,81,9
39,2399,479.907147211053,73,34
21,7472,732.007115163413,63,42
11,4241,282.664870297024,87,76
8,2747,164.158660724056,72,64
83,3059,2285.17869932728,87,4
14,9266,691.62189828,70,56
72,9096,5428.93361308798,76,4
8,7351,439.290249356583,86,78
55,4883,1764.15594568047,91,36
55,6112,2208.17553553124,75,20
89,6283,5129.14023241903,95,6
71,1142,665.042895641058,80,9
35,5658,967.082636586409,65,30
29,9904,1333.39094890109,60,31
58,8263,3300.13091747372,85,27
25,8808,1011.01283924708,84,59
57,8685,3356.25683534069,64,7
81,7763,5602.40594300357,85,4
35,1150,196.561511501303,72,37
49,7291,2130.7090131751,82,33
7,3451,199.159186243621,15,8
0,9263,598.687819983437,87,87
76,1147,750.138541654695,91,15
12,1781,123.230672788766,43,31
16,4154,334.782794745984,70,54
3,3686,187.624862136839,80,77
77,4777,3190.79512554246,81,4
61,5405,2375.60969794473,71,10
48,4192,1180.96754358727,82,34
22,4741,483.169990706142,84,62
46,3501,915.700795797845,81,35
14,5592,417.391501746359,68,54
10,9319,598.580575193433,82,72
21,3462,339.160684247288,88,67
87,5272,4187.52398154327,87,0
14,6861,512.110710565409,45,31
98,1099,1030.46813449873,98,0
19,3595,325.577865088954,72,53
38,4659,896.251994840667,80,42
3,1385,70.4993038685628,85,82
70,3779,2145.77726321491,74,4
67,3365,1764.18456067414,94,27
80,9334,6614.06857366136,81,1
31,2509,365.827756525845,82,51
68,6192,3335.96719495536,90,22
63,5699,2662.7345232917,76,13
60,2657,1131.71239048562,67,7
70,2683,1523.45075342832,72,2
81,8187,5908.39848710167,90,9
51,9097,2857.70133225269,71,20
46,3063,801.140113547215,49,3
82,4937,3626.20572182309,92,10
30,8133,1139.49609103973,64,34
22,6790,691.989925520925,30,8
56,4907,1833.93332204908,84,28
13,4942,355.098507041842,83,70
64,7217,3473.65574853868,66,2
91,1535,1286.16011422324,96,5
15,2223,172.397943655141,65,50
62,8261,3744.63421492251,81,19
76,1510,987.540713076364,82,6
52,4182,1361.29669751802,69,17
76,2742,1793.26929487112,88,12
59,7765,3203.47554142532,83,24
22,8814,898.262032922155,80,58
46,4368,1142.46817367752,85,39
36,1822,323.98194473115,76,40
87,6526,5183.57008792704,93,6
74,1822,1139.92548452558,78,4
68,8907,4798.68536910002,89,21
33,5466,863.003214281384,58,25
41,3592,776.619474971776,79,38
89,2364,1929.85635992974,96,7
5,2614,141.211706184969,56,51
74,2508,1569.11806541722,95,21
63,9222,4308.78009717425,66,3
89,4473,3651.54293484169,93,4
55,4210,1521.0109627923,87,32
33,9432,1489.17788457776,63,30
10,1641,105.405164061855,84,74
4,3785,198.280327146614,81,77
46,4391,1148.48391726602,78,32
43,4351,1015.917941956,75,32
30,7393,1035.81637785033,78,48
57,4715,1822.07840859313,75,18
37,2587,478.499986995348,85,48
20,1761,165.862293368954,55,35
49,3543,1035.40008691255,73,24
4,4994,261.614783030433,66,62
51,9394,2950.99992472043,60,9
0,2182,141.027401835675,58,58
1,7767,376.177395804817,37,36
27,8018,996.706935332456,59,32
40,2354,489.603021748831,70,30
10,7793,500.562122811721,87,77
93,2711,2331.87802370425,93,0
74,4135,2587.04274342113,77,3
58,7561,3019.76157170746,77,19
71,5572,3244.85027540453,75,4
0,3110,201.006058528391,33,33
39,6016,1203.46869429833,79,40
26,5049,603.094990994709,52,26
77,5803,3876.1113907312,88,11
76,1644,1075.17677635599,82,6
85,5712,4405.32903648724,97,12
96,9034,8163.13366922019,96,0
88,9601,7732.9279132998,91,3
13,2311,166.052741759146,48,35
54,7309,2551.52521222862,86,32
78,5374,3663.53761887057,78,0
53,1363,459.561411427771,63,10
83,9777,7303.75683011532,84,1
74,1770,1107.3919361198,76,2
63,3489,1630.15980904803,75,12
58,2490,994.472465752094,81,23
92,7110,6034.95279790788,94,2
78,7543,5142.17794178279,82,4
92,5960,5058.83525675541,93,1
18,3549,309.088341496066,60,42
42,6678,1500.60089793337,88,46
45,9749,2455.89222254151,69,24
62,4054,1837.64037129837,68,6
57,3626,1401.24205929135,82,25
36,4656,827.914343945244,92,56
2,9696,480.736335031659,86,84
19,5092,461.152291803325,69,50
34,3416,561.194400853462,79,45
7,8567,494.406475963229,88,81
31,2086,304.151733803473,73,42
58,5825,2326.42655140801,81,23
76,8800,5755.20415567683,95,19
7,9675,558.349790468571,77,70
41,2345,507.007981294214,77,36
21,2371,232.279024364622,39,18
77,4116,2749.28045566941,79,2
42,8055,1810.02399413796,57,15
60,1212,516.234632016774,79,19
42,2682,602.667206986716,90,48
50,8000,2424.35805543565,85,35
16,2212,178.271435237871,90,74
65,6856,3397.38360294946,76,11
63,3627,1694.63732514108,86,23
28,2209,285.769815596783,90,62
68,5261,2834.38685604976,80,12
9,6928,429.058923992467,82,73
18,4061,353.679277209221,90,72
35,2556,436.87932469333,86,51
90,4993,4129.88119689018,92,2
68,3366,1813.44728330422,74,6
0,4537,293.236169628075,52,52
88,3616,2912.43280225936,90,2
62,7221,3273.21191937483,69,7
90,5234,4329.22054566858,91,1
89,7371,6017.33131516165,91,2
50,4833,1464.61531024007,82,32
80,3060,2168.31474559715,86,6
49,4168,1218.04898736988,62,13
25,4439,509.523841214555,47,22
5,4833,261.084994641145,89,84
97,2775,2556.33512017056,97,0
31,2201,320.919446836742,73,42
5,6772,365.832316099697,81,76
18,8848,770.587107792954,81,63
29,6678,899.069543291748,75,46
49,5882,1718.94533198408,74,25
84,3197,2427.43252482796,92,8
7,7361,424.80752533738,71,64
42,4353,978.154493666359,80,38
92,1044,886.144967794068,93,1
99,4030,3838.09523809524,99,0
98,3900,3656.80229712925,98,0
93,6466,5561.7570273964,96,3
98,4020,3769.31929088707,98,0
31,3976,579.725452350243,57,26
12,5186,358.828898979529,77,65
25,5747,659.660625244435,69,44
35,5498,939.734948029706,67,32
20,5137,483.835662144416,77,57
89,5158,4210.74412204637,89,0
3,5235,266.472098015831,87,84
82,7219,5302.32511765057,89,7
33,1169,184.568378612319,85,52
98,3135,2939.50646192313,98,0
74,6681,4179.93532498103,77,3
19,4250,384.897337031448,81,62
54,9409,3284.62179803792,62,8
80,9925,7032.85093138944,88,8
98,3173,2975.13684327977,98,0
28,6536,845.537127542134,73,45
42,3688,828.723586639451,49,7
7,2001,115.478855889159,85,78
33,7137,1126.83021228069,88,55
91,7747,6491.12860253253,93,2
84,9399,7136.51495178541,86,2
94,5174,4513.99024112348,99,5
75,3203,2049.56979669472,82,7
39,3113,622.739036793668,88,49
32,7707,1169.38912719126,74,42
70,4501,2555.74052969842,84,14
63,2918,1363.37240550363,70,7
25,2891,331.839023417724,55,30
69,9339,5167.06063504459,72,3
67,2588,1356.82307370719,81,14
87,4883,3878.54317182772,89,2
37,5896,1090.54345702535,83,46
77,3821,2552.23533068825,86,9
29,2997,403.490778862739,77,48
15,4017,311.526108710167,87,72
79,3635,2527.31166250792,88,9
77,1003,669.953424935962,85,8
87,5101,4051.69951249093,92,5
5,1297,70.0656399854263,58,53
36,9714,1727.31098305071,80,44
54,4351,1518.90630707439,91,37
73,1988,1215.24491202997,77,4
3,8885,452.264487272332,4,1
16,3507,282.639205867637,81,65
75,5289,3384.38172173537,81,6
84,7273,5522.27611919728,84,0
78,8480,5780.94510755907,85,7
49,3959,1156.97119505695,86,37
4,5975,313.005272047825,86,82
87,3136,2490.90956110009,88,1
86,9809,7679.54031871058,94,8
92,9791,8310.57986558594,92,0
55,6664,2407.60500143655,90,35
90,4201,3474.79088887155,95,5
10,1735,111.442997956927,77,67
59,4977,2053.27724013829,83,24
1,3986,193.05305776722,84,83
82,3587,2634.63640352024,96,14
10,4193,269.325931085531,39,29
38,9308,1790.58028932752,72,34
3,3649,185.741487232047,68,65
23,8379,888.386323091051,72,49
90,6540,5409.45784651748,92,2
46,3763,984.227961892971,85,39
29,5590,752.590408355926,83,54
42,8611,1934.9617149003,77,35
86,9542,7470.50399848469,94,8
35,4313,737.191129656625,87,52
99,4041,3848.57142857143,99,0
66,6662,3396.696358599,70,4
3,6917,352.089303147183,83,80
23,3811,404.062570390261,89,66
37,2247,415.612474208947,76,39
35,7632,1304.48474415473,86,51
39,5440,1088.24296824849,90,51
53,3928,1324.40001767299,85,32
11,5237,349.048791734382,77,66
73,4605,2814.99135809759,86,13
80,6764,4792.96762719578,82,2
73,2109,1289.21102589095,85,12
33,2690,424.712522213122,70,37
22,2015,205.354889532351,70,48
66,1537,783.656905308715,67,1
73,3395,2075.3302194878,75,2
47,4349,1180.71833858362,61,14
39,9163,1833.00924964355,88,49
94,5219,4553.24991658745,96,2
59,3151,1299.95511024227,79,20
4,1158,60.66277908475,85,81
49,3586,1047.96633126401,85,36
5,7049,380.796219165204,88,83
48,1005,283.127953555632,53,5
27,3583,445.397973222274,76,49
98,3997,3747.75353375016,98,0
29,6514,876.989967805099,87,58
76,6096,3986.78687875067,92,16
82,4644,3410.9984549618,91,9
98,6999,6562.55366092503,98,0
27,2714,337.373736903503,51,24
64,2051,987.178597790332,79,15
31,7950,1159.15929229991,87,56
47,5926,1608.86108862878,71,24
16,2226,179.399735460895,81,65
16,6687,538.924542240345,47,31
5,3381,182.646051496319,80,75
5,6640,358.701503086531,65,60
77,1795,1198.96948929218,82,5
81,6979,5036.60840863351,91,10
70,6535,3710.67859621843,78,8
34,5068,832.591693069481,74,40
17,1421,119.037792247021,75,58
91,3596,3013.05001351581,92,1
69,6353,3514.97336057804,82,13
42,3444,773.894802707774,81,39
61,7832,3442.32657803942,80,19
98,7535,7065.12956637664,98,0
57,1668,644.586804991166,79,22
41,2626,567.762455811772,79,38
90,2791,2308.53162838384,95,5
90,4919,4068.67326407026,91,1
3,1117,56.8575613149348,65,62
25,6392,733.695965993114,59,34
4,8757,458.742622146076,82,78
88,6848,5515.58070516374,92,4
61,6386,2806.77956171601,72,11
22,2804,285.764322704076,66,44
63,2047,956.416488713477,89,26
7,3478,200.717371705394,83,76
43,2564,598.670099557613,68,25
79,8281,5757.542744767,79,0
6,1499,83.6397379756454,62,56
52,9710,3160.73432159254,61,9
67,4025,2110.20590095496,85,18
27,8021,997.079861349667,61,34
69,2489,1377.1082472027,88,19
52,4447,1447.55772689207,59,7
68,9398,5063.21377554755,88,20
77,7650,5109.81425798615,78,1
80,3291,2332.00125090203,88,8
19,3315,300.219922884529,82,63
20,6059,570.675545441506,80,60
64,8902,4284.67278280328,86,22
2,1056,52.3574226272104,68,66
25,4901,562.553806215934,70,45
62,3850,1745.16907486402,86,24
90,4978,4117.47418348074,93,3
63,9221,4308.31286879676,72,9
83,9037,6750.95126048401,89,6
41,1170,252.963470411185,58,17
34,6092,1000.81858606537,81,47
48,9617,2709.29505407414,82,34
5,5873,317.26715777518,54,49
45,8889,2239.24771424469,71,26
55,8331,3009.86753706,85,30
61,2737,1202.96831512946,85,24
66,2580,1315.44230038808,79,13
65,3280,1625.35271553008,84,19
95,6619,5867.44145554869,96,1
30,9976,1397.71461996955,33,3
35,4034,689.503597735874,82,47
59,5004,2064.41617634157,87,28
89,5687,4642.59438194605,96,7
81,5626,4060.17465352803,92,11
12,3485,241.13357364899,64,52
56,8815,3294.50218745927,79,23
91,1303,1091.76979077061,95,4
31,5297,772.335442932404,67,36
7,7999,461.626870693343,80,73
56,8953,3346.07805834632,73,17
39,7605,1521.3396642518,54,15
92,3469,2944.47978283297,94,2
75,2355,1506.94251364848,85,10
25,2155,247.358386532409,69,44
63,6439,3008.48352263121,84,21
37,4540,839.733258971349,77,40
77,6140,4101.21039791307,80,3
81,5216,3764.2856368294,91,10
91,7912,6629.38034119496,98,7
16,7050,568.179755165909,88,72
44,5665,1374.10024153028,78,34
37,5340,987.703877292291,88,51
82,4387,3222.23303658859,89,7
73,5419,3312.5815786169,88,15
94,1908,1664.61023967213,94,0
44,6637,1609.86819118031,88,44
80,1091,773.08215276029,96,16
60,7944,3383.63689500103,91,31
45,1420,357.715350908703,78,33
65,1696,840.42628217653,66,1
14,7803,582.422369121394,79,65
13,3920,281.664538163501,39,26
56,2777,1037.87096705325,59,3
64,4888,2352.67137298837,72,8
54,8408,2935.17909213549,92,38
20,9998,941.675871154345,68,48
95,4560,4042.23191377882,97,2
50,5265,1595.53064523359,78,28
74,3069,1920.10500110264,90,16
77,2744,1832.85363711294,92,15
25,1462,167.81343903034,58,33
71,7251,4222.61474281376,79,8
84,4472,3395.5202536849,85,1
6,4227,235.85401762712,80,74
4,3113,163.077056382406,65,61
5,2337,126.247803119461,40,35
88,5420,4365.42748568742,96,8
55,2010,726.183381285633,68,13
37,4407,815.133143675492,78,41
67,1740,912.238078922143,90,23
75,2328,1489.6654657213,81,6
82,2018,1482.21250691493,95,13
9,5312,328.978205001152,82,73
11,2059,137.233427951326,75,64
98,2978,2792.29672842331,98,0
37,1133,209.563388197035,68,31
47,1373,372.758399373491,79,32
58,1365,545.162616767714,64,6
74,1154,721.994516543647,84,10
99,2746,2615.23809523809,99,0
5,1701,91.8902495105706,87,82
82,1643,1206.77658516413,87,5
5,9892,534.378805501802,68,63
27,8329,1035.36693244999,69,42
40,3124,649.753542881626,82,42
40,1905,396.216549036331,83,43
98,1771,1660.56329954254,99,1
6,6236,347.950237502418,69,63
37,1271,235.088319857397,53,16
69,4722,2612.57739786707,75,6
59,1401,577.987022992515,81,22
33,1739,274.563225326624,82,49
59,7904,3260.82043521259,78,19
88,7355,5923.93342384335,92,4
38,2570,494.390990929495,83,45
46,7698,2013.44322366518,85,39
25,3234,371.209755009658,85,60
49,7839,2290.85556909609,83,34
87,1042,827.655536564507,87,0
39,3052,610.536312333529,78,39
65,4692,2325.0472381912,84,19
97,9002,8292.65900964879,97,0
74,6374,3987.8622603546,79,5
7,5765,332.701451374812,88,81
94,1711,1492.74010486322,94,0
48,5383,1516.49529750245,56,8
36,5615,998.440515732935,64,28
0,9107,588.605200970438,87,87
74,9410,5887.3209711228,89,15
70,8448,4796.91090755215,80,10
84,6150,4669.59963330995,94,10
64,1096,527.522059082498,86,22
37,2223,411.173355659319,88,51
21,3507,343.569185342357,63,42
47,1568,425.699322809639,78,31
8,5426,324.253692423999,77,69
25,1496,171.716077147325,53,28
78,3570,2433.72335306437,83,5
47,1978,537.011007983078,68,21
78,2667,1818.13450493632,95,17
66,5482,2795.05995764631,74,8
66,8882,4528.58857056084,92,26
91,3922,3286.20193353977,94,3
34,4791,787.085004241493,71,37
4,7944,416.152950819736,71,67
46,6127,1602.54178116349,87,41
98,5697,5341.74427865265,98,0
27,4691,583.131982245517,63,36
15,5178,401.563901145443,90,75
17,7498,628.110743327349,63,46
74,9064,5670.84774519204,91,17
42,4265,958.380178150016,65,23
71,7263,4229.60293436165,71,0
25,8044,923.318265088956,27,2
15,4860,376.902386938365,82,67
75,9393,6010.49300666673,86,11
13,1906,136.952196362151,63,50
93,4802,4130.46044626624,97,4
24,9090,1002.73976018193,72,48
27,1720,213.810916534276,57,30
36,8762,1558.02952784541,79,43
34,2153,353.703613886857,69,35
56,2993,1118.59841713733,78,22
61,6351,2791.39633517982,84,23
35,2676,457.390091110857,68,33
68,1155,622.261322702428,85,17
65,8625,4273.98389373383,73,8
80,5350,3791.00780684468,84,4
46,7182,1878.48132402746,91,45
22,5620,572.751602566656,84,62
74,4675,2924.89113071191,84,10
73,5291,3234.33643337554,89,16
56,3082,1151.86111647754,83,27
89,5978,4880.15284249577,90,1
62,6292,2852.10488806349,67,5
61,2564,1126.9312239649,68,7
52,4636,1509.07974406828,86,34
5,2509,135.539468560859,67,62
84,4933,3745.55040505984,92,8
45,6325,1593.34478485743,53,8
40,2891,601.292411162222,78,38
69,3404,1883.35736178304,77,8
40,4958,1031.20296594337,88,48
85,1453,1120.61328606722,95,10
22,2256,229.915945798999,77,55
17,7054,590.916668902523,87,70
58,5571,2224.98237217065,75,17
62,5636,2554.74620933341,91,29
59,9755,4024.45639492647,76,17
24,9505,1048.51940819904,77,53
70,3927,2229.81405468244,83,13
44,4642,1125.96175131219,86,42
65,5443,2697.19354592385,85,20
3,8654,440.506119623496,83,80
29,6988,940.80532622383,66,37
27,3442,427.870450413359,89,62
79,1402,974.770550436341,84,5
31,5476,798.434752784188,76,45
38,8375,1611.09904631693,64,26
64,2416,1162.85884556872,65,1
37,1058,195.691142729446,61,24
34,3383,555.77302637215,44,10
71,5705,3322.302731727,84,13
2,2406,119.291627690406,68,66
93,6309,5426.71281872006,94,1
26,6297,752.166598988648,60,34
21,9201,901.391523905054,43,22
50,8060,2442.54074085142,89,39
56,1097,409.990799732594,63,7
94,8369,7301.42719906502,94,0
30,1548,216.886751374585,83,53
84,6488,4926.2377920187,87,3
46,7136,1866.44983685045,77,31
77,2813,1878.94215787125,80,3
90,1366,1129.86535448668,96,6
92,9114,7735.94371309879,94,2
98,1780,1669.00207407438,98,0
7,7539,435.080007270548,48,41
28,4480,579.560332219822,43,15
68,3784,2038.64661913938,77,9
46,3294,861.559103501314,74,28
45,5816,1465.12146541198,60,15
34,3289,540.330323304168,78,44
78,1907,1300.03093397584,79,1
9,5185,321.112950476464,72,63
61,7665,3368.92661142393,68,7
54,3154,1101.0412531631,94,40
41,8870,1917.7657970489,64,23
18,7526,655.451918314847,68,50
86,7148,5596.22328454921,86,0
59,3074,1268.18851440328,73,14
91,4300,3602.92409847552,94,3
88,5229,4211.59046543534,91,3
90,4541,3756.01652615227,91,1
91,7647,6407.33967000984,91,0
11,9527,634.979537684448,85,74
15,1473,114.233995053541,68,53
33,5676,896.159210439286,76,43
7,5515,318.27380821025,69,62
12,9110,630.337691805536,81,69
22,6375,649.695990455949,90,68
88,7978,6425.71595586979,91,3
68,3547,1910.9618282472,82,14
56,8286,3096.79468239223,76,20
22,6690,681.798615866714,79,57
22,7530,767.405616962086,61,39
8,3103,185.432953850289,76,68
66,1809,922.339194341878,67,1
67,8402,4404.95651672635,81,14
17,4644,389.029913578582,75,58
44,7535,1827.68672902571,86,42
13,1106,79.4696375532735,86,73
92,4110,3488.55921229274,93,1
1,8086,391.627452359695,83,82
59,4219,1740.56192006097,89,30
99,3148,2998.09523809524,99,0
14,2971,221.757895509376,83,69
29,2678,360.543311910048,62,33
31,9379,1367.51635251331,91,60
22,5479,558.381855954219,73,51
81,2810,2027.92228517841,81,0
12,3411,236.01337725013,51,39
78,1669,1137.78271043822,80,2
14,7474,557.865537205344,68,54
80,8979,6362.51571918849,89,9
23,7686,814.910762534648,48,25
15,4690,363.718558588669,74,59
43,9970,2327.90206419243,86,43
10,8124,521.823005995434,73,63
38,7703,1481.82638254082,69,31
57,8700,3362.05347927047,92,35
85,8708,6715.96730562515,87,2
58,7618,3042.526604056,64,6
24,5585,616.094781145885,52,28
47,6067,1647.14144865184,68,21
59,5936,2448.91575195115,80,21
52,3695,1202.77171146081,88,36
32,4883,740.901402371211,73,41
70,3893,2210.50830529125,79,9
0,9759,630.745377870924,80,80
11,6057,403.702221030199,59,48
2,2854,141.503867592858,34,32
61,6192,2721.51253462974,74,13
48,9317,2624.77924704261,72,24
45,6990,1760.86641045904,75,30
24,5298,584.435120950922,78,54
74,1335,835.236290802226,86,12
87,3118,2476.61224856827,96,9
24,3582,395.139034210306,86,62
51,1485,466.492962338709,62,11
6,2055,114.6628829486,90,84
41,6616,1430.43275234223,50,9
84,2956,2244.44496196166,90,6
86,9960,7797.75936123533,88,2
15,2196,170.304041505483,69,54
27,8033,998.571565418511,77,50
73,9586,5859.82783034169,88,15
9,9878,611.755781062007,88,79
7,5219,301.191478703408,42,35
89,1210,987.786038711925,91,2
79,4202,2921.53056557311,88,9
28,6298,814.747984892956,85,57
32,6335,961.214496010982,68,36
29,9343,1257.86264494981,50,21
79,7703,5355.67585592806,81,2
29,7274,979.309951767622,34,5
82,9357,6872.67711952575,89,7
59,4191,1729.01043066497,92,33
36,9805,1743.4922986218,58,22
24,3512,387.417165870071,71,47
77,3827,2556.24302814549,80,3
81,4264,3077.24577366575,92,11
6,5750,320.832884162749,82,76
90,7147,5911.5283224863,94,4
21,8297,812.829635239673,75,54
25,7859,902.083322393599,80,55
38,4909,944.344503685949,57,19
60,9522,4055.76416341891,83,23
10,1940,124.610614430224,38,28
80,7369,5221.67037918476,80,0
43,8059,1881.70137766568,71,28
89,2821,2302.92926876557,96,7
64,2398,1154.19516211663,67,3
58,2047,817.544231885356,76,18
19,8728,790.443284143641,78,59
21,7149,700.36387396992,87,66
66,9380,4782.49952621714,94,28
81,7670,5535.28965384998,86,5
85,7368,5682.50426135118,85,0
84,6997,5312.71359906825,93,9
9,1730,107.140868722137,67,58
6,7996,446.152998567886,89,83
74,7102,4443.33193803551,79,5
71,9851,5736.7229115237,71,0
20,9163,863.030206780082,68,48
10,3729,239.522155263045,70,60
81,8522,6150.1614641603,81,0
74,2324,1453.99935567369,91,17
77,7871,5257.43111432798,78,1
75,3857,2468.05829093086,79,4
52,6157,2004.18550134349,62,10
86,1095,857.283785196053,87,1
43,1112,259.641634441523,84,41
45,6356,1601.15406364487,60,15
4,4089,214.20561630185,71,67
31,3174,462.788879718227,83,52
78,3335,2273.52027520159,79,1
40,1347,280.1594181375,64,24
61,9055,3979.86046528945,93,32
64,2221,1069.0022748378,90,26
91,7396,6197.0294493779,92,1
20,7783,733.052941107648,76,56
90,8778,7260.58424720649,93,3
46,6823,1784.58341323299,87,41
70,6688,3797.55446847878,80,10
76,5338,3491.05452079578,86,10
50,2607,790.037681315094,57,7
59,3833,1581.31638767331,76,17
52,3676,1196.58695841135,81,29
62,5493,2489.9256436956,79,17
35,1479,252.795196096023,57,22
41,2939,635.435589349123,84,43
85,1807,1393.63262761422,87,2
66,7980,4068.69362678175,76,10
42,5221,1173.20115125937,72,30
67,4732,2480.86815486183,84,17
24,1611,177.713284230263,83,59
21,4062,397.940698848204,88,67
20,4583,431.656383026642,70,50
54,1725,602.186481200489,86,32
36,5836,1037.73799640559,62,26
93,7252,6237.83822497351,95,2
75,8406,5378.92092132871,80,5
90,7327,6060.41248339963,90,0
0,2959,191.246600381193,67,67
66,2181,1112.007619049,82,16
76,6507,4255.58107283967,84,8
98,1537,1441.15516171478,99,1
86,9162,7172.99912325684,93,7
27,3519,437.44221818844,86,59
88,5910,4760.08790413518,90,2
57,1049,405.378632155715,81,24
17,6737,564.361440090204,86,69
69,5210,2882.57692564325,70,1
25,8141,934.452262069766,80,55
39,5803,1160.85918101948,80,41
68,6567,3538.00009193666,73,5
91,5742,4811.16050545267,93,2
27,2480,308.285507561049,51,24
4,9841,515.528850581195,85,81
49,7522,2198.21604678413,92,43
0,8159,527.333900814516,80,80
11,6864,457.489193520106,73,62
60,6011,2560.30228799738,67,7
6,5868,327.416932916002,58,52
1,2744,132.899546039451,85,84
19,3658,331.28340208495,68,49
83,4578,3419.92418617858,89,6
46,7560,1977.34876213416,77,31
66,5614,2862.36165673593,70,4
90,2945,2435.91029938746,96,6
9,1058,65.5231439930759,76,67
43,6781,1583.30029060069,74,31
83,5331,3982.44120500611,84,1
65,7143,3539.60196555835,67,2
41,7696,1663.93749426024,73,32
39,8499,1700.17959322499,79,40
94,6670,5819.1563409922,95,1
27,4692,583.25629091792,86,59
38,5721,1100.54897241542,86,48
76,2992,1956.76941293012,93,17
80,7039,4987.8325144635,81,1
85,1896,1462.27308353988,96,11
55,9864,3563.71784726442,73,18
20,7923,746.239040523692,41,21
0,1578,101.989569246882,89,89
77,9571,6392.94539388045,85,8
72,6902,4119.44808680005,90,18
45,5217,1314.22604626106,86,41
55,4206,1519.56582173501,61,6
24,7642,843.007397943931,60,36
28,5029,650.582346145868,68,40
33,8273,1306.18836292534,86,53
97,8636,7955.49913433981,97,0
70,6724,3817.9958501871,84,14
64,9110,4384.7864582496,78,14
29,7161,964.096585731089,89,60
99,3037,2892.38095238095,99,0
62,6393,2897.88724561187,88,26
27,3386,420.909164758755,78,51
35,8308,1420.0287283068,89,54
5,6218,335.904509968682,62,57
49,3553,1038.32246931986,85,36
43,1036,241.896342878973,89,46
84,7221,5482.79332554979,84,0
22,3745,381.664546550201,85,63
93,8238,7085.95026162876,94,1
26,6909,825.269022139522,66,40
28,6781,877.231833210405,92,64
96,5451,4925.53039970326,96,0
87,3697,2936.50913500862,94,7
33,5154,813.742877132501,78,45
2,8155,404.332179474338,86,84
34,3579,587.972705109643,84,50
43,5663,1322.25771208844,79,36
26,9371,1119.3509923968,54,28
82,2387,1753.24145391771,89,7
56,7124,2662.51089999544,56,0
54,5007,1747.91171673672,88,34
71,6860,3994.91616821161,73,2
64,4032,1940.665093267,73,9
84,1012,768.395907139784,88,4
53,8662,2920.55828744486,63,10
44,8266,2004.9978105012,90,46
62,2669,1209.83279501612,71,9
19,8561,775.319082900288,72,53
67,4906,2572.09196275404,90,23
90,9529,7881.76205190597,91,1
61,1751,769.600847567292,79,18
47,1435,389.590898107036,88,41
83,5341,3989.91155054167,89,6
72,9645,5756.60341889112,87,15
46,3632,949.964378845408,81,35
28,6525,844.114099940701,81,53
5,8676,468.688891683546,90,85
78,8575,5845.70805392913,83,5
36,8978,1596.43792524493,88,52
42,4768,1071.40836797638,80,38
26,5994,715.973732624735,86,60
42,1265,284.255785547426,86,44
20,1876,176.69373217499,65,45
68,6634,3574.09663619732,85,17
80,7206,5106.16864600426,86,6
75,6296,4028.75162035279,78,3
76,2810,1837.74132698317,78,2
30,5601,784.743342667344,80,50
47,7127,1934.92287861243,79,32
93,3657,3145.58389254387,96,3
49,4141,1210.15855487012,66,17
47,3394,921.443559704027,75,28
92,9821,8336.04380144209,93,1
89,4102,3348.67630644324,90,1
47,7212,1957.99969139229,84,37
39,6429,1286.08714023337,78,39
64,7723,3717.20151669173,76,12
39,2520,504.112551468051,71,32
89,9093,7423.0896281054,91,2
39,3579,715.959849882601,80,41
14,5752,429.334033985167,75,61
57,1079,416.971920015268,84,27
10,7981,512.637790601866,77,67
41,8682,1877.11867530762,55,14
8,1989,118.861148955277,85,77
62,5452,2471.34072627497,82,20
94,1305,1138.530588455,96,2
61,2215,973.538479361252,83,22
72,3328,1986.31168253703,91,19
93,6650,5720.0253993483,93,0
76,5198,3399.49445468274,87,11
17,2101,176.001690014772,70,53
88,7755,6246.10519400479,91,3
30,1244,174.294004334614,79,49
44,4238,1027.96766524366,90,46
86,1915,1499.26798963511,90,4
62,7231,3277.74482606279,78,16
98,3031,2841.99173399968,98,0
24,9510,1049.07097022334,72,48
47,7545,2048.40649910633,74,27
54,9461,3302.774665877,88,34
23,2860,303.232472137535,81,58
12,3223,223.005310723298,32,20
94,7473,6519.72343871585,95,1
57,4286,1656.29439220152,84,27
37,7148,1322.11747469762,73,36
71,4467,2601.35430370281,88,17
40,3963,824.255214609438,65,25
80,1933,1369.72300759454,80,0
72,3394,2025.70368104888,74,2
56,5522,2063.78231187182,75,19
52,4439,1444.95362034493,69,17
73,5441,3326.02996295526,83,10
46,3455,903.669308620838,56,10
16,2473,199.30617510997,63,47
79,3166,2201.22935997251,80,1
88,6387,5144.27774005269,88,0
43,4177,975.290563904894,80,37
31,1036,151.055223499711,79,48
59,3679,1517.78319599533,66,7
5,3746,202.363829903937,89,84
86,1098,859.63250789522,94,8
45,8140,2050.5654622513,46,1
46,1574,411.686104708885,72,26
60,9327,3972.706611238,82,22
5,7047,380.688176543793,58,53
55,4667,1686.11832858709,85,30
81,7605,5488.38041949532,87,6
49,9759,2851.95299130102,69,20
54,5171,1805.16306915231,86,32
91,8594,7200.82086099969,92,1
56,8063,3013.45106494431,64,8
41,4746,1026.12361587307,71,30
69,1294,715.941370783564,80,11
40,7515,1563.02748871812,71,31
56,8924,3335.23965069615,71,15
5,8009,432.656677442775,68,63
97,4296,3957.48312657756,99,2
26,2270,271.147876719745,87,61
39,9666,1933.63171527388,81,42
54,3512,1226.01676636297,58,4
10,5888,378.199638023279,75,65
45,4783,1204.89614323685,86,41
15,5009,388.457624727216,77,62
49,8479,2477.8880431644,69,20
71,4780,2783.62963324366,76,5
28,8229,1064.55401201717,72,44
2,3670,181.961875986612,74,72
28,9936,1285.38202253039,62,34
76,1609,1052.28675982773,85,9
37,5226,966.618064181557,91,54
51,6659,2091.83611866227,70,19
93,9143,7864.38980845736,95,2
86,4445,3480.0241325995,86,0
53,8077,2723.31439479245,86,33
1,8220,398.117444768327,86,85
34,5868,964.018953222517,86,52
26,5237,625.551290916873,61,35
33,3834,605.333758425691,84,51
5,3420,184.752882613846,74,69
60,3045,1296.97562251739,84,24
58,2211,883.043623203968,77,19
59,5953,2455.92915622729,90,31
2,1067,52.9028124462438,72,70
68,4236,2282.16360430085,85,17
62,3399,1540.73498323709,81,19
90,8882,7346.6062068453,98,8
9,3192,197.684192463042,59,50
55,8803,3180.39418181961,90,35
43,4589,1071.48872342819,81,38
14,7462,556.969847287434,37,23
92,7138,6058.71913804028,92,0
53,8563,2887.17855176522,73,20
3,6834,347.864435117515,47,44
70,9452,5366.99833075082,75,5
6,7561,421.881293418182,63,57
5,4869,263.029761826554,61,56
12,1688,116.795831368578,77,65
66,1788,911.632105850347,68,2
20,8766,825.638196293157,66,46
12,5922,409.754095595213,62,50
32,5784,877.610835821234,89,57
16,2384,192.133409406458,41,25
95,3064,2716.09618066191,96,1
59,4226,1743.44979240997,69,10
85,1723,1328.84837707764,97,12
86,8593,6727.52471798145,95,9
59,6151,2537.61468838469,90,31
53,6662,2246.22019290668,81,28
28,2917,377.361046670808,87,59
50,4399,1333.09388573268,64,14
62,5190,2352.57857105046,69,7
12,5846,404.495515509897,51,39
88,1865,1502.12587837768,97,9
89,2784,2272.72424113554,95,6
28,8496,1099.09477288831,78,50
46,1250,326.942586331707,78,32
48,4627,1303.51546378299,67,19
77,2589,1729.3214528008,88,11
18,5656,492.590492956255,64,46
64,9514,4579.23802017417,73,9
81,8993,6490.07299309946,88,7
5,8134,439.409341281,85,80
28,8714,1127.29659262579,82,54
62,9305,4217.86967314538,65,3
9,7428,460.024492987304,76,67
93,4974,4278.40696787345,93,0
92,1537,1304.60231369682,95,3
10,9355,600.892937110695,68,58
79,6499,4518.56904941924,79,0
27,3244,403.257333277437,74,47
83,9756,7288.06910449065,83,0
39,1752,350.478250068264,81,42
93,7154,6153.54311382522,94,1
92,9297,7891.27372182131,96,4
31,5447,794.206372975798,75,44
88,7448,5998.83836040589,91,3
34,3359,551.830208567559,77,43
3,2820,143.543708959817,81,78
94,8212,7164.45455355741,95,1
41,2340,505.926940822371,68,27
28,5082,657.438751861861,83,55
34,3417,561.358684928654,82,48
45,3678,926.53314129733,87,42
84,8362,6349.1369323151,88,4
14,3059,228.326288240721,51,37
46,7834,2049.01457705807,83,37
86,8308,6504.39606156056,89,3
32,2518,382.058105912494,66,34
81,9849,7107.83152552392,95,14
4,7831,410.233353206111,62,58
1,4806,232.767936685715,78,77
83,1722,1286.39350122313,85,2
9,3215,199.108608636804,23,14
13,2455,176.399602344744,89,76
42,3276,736.143836722029,54,12
81,9553,6894.21408907808,85,4
65,2403,1190.76907787158,73,8
40,9018,1875.63298646175,56,16
90,3495,2890.8341244004,90,0
96,4887,4415.89929615664,97,1
39,2218,443.699063157197,91,52
13,6759,485.655768736506,30,17
7,7257,418.805625780922,79,72
57,9954,3846.6529117998,77,20
21,5185,507.95729284292,79,58
17,5093,426.642840192876,79,62
53,2003,675.349601679989,76,23
99,4757,4530.47619047619,99,0
98,2645,2480.06207074535,99,1
83,2136,1595.66580639525,94,11
59,6624,2732.75234853848,68,9
36,2108,374.837507954591,53,17
71,1248,726.771920980771,76,5
47,3603,978.185369950975,66,19
63,3331,1556.33772540527,65,2
4,4426,231.859637503543,61,57
77,5036,3363.79406578017,82,5
56,9034,3376.35085212786,75,19
30,4926,690.170631312147,69,39
20,3730,351.315363013173,83,63
0,3492,225.695548675609,86,86
53,3767,1270.11580106267,90,37
4,8127,425.739555804631,71,67
88,9263,7460.69276751339,88,0
86,3254,2547.5812210301,90,4
6,4592,256.219931143538,74,68
29,9897,1332.44852799617,81,52
97,2722,2507.51142237992,97,0
79,2018,1403.05775376643,85,6
1,7224,349.878396716106,23,22
71,9506,5535.8124045218,80,9
84,2556,1940.73116467321,87,3
57,5987,2313.63381383819,86,29
83,6332,4730.2227931155,87,4
89,7777,6348.77026699392,94,5
88,8633,6953.27222950913,97,9
0,9652,623.829735342776,46,46
59,5598,2309.47277281377,66,7
42,5805,1304.43069968601,69,27
41,2742,592.842594758522,67,26
68,5630,3033.18722667937,68,0
79,6665,4633.9841074595,87,8
10,3063,196.743459793699,20,10
76,9974,6523.00071008189,81,5
96,4965,4486.38019345564,99,3
36,7804,1387.68117271235,57,21
70,1121,636.521913750705,76,6
4,2921,153.018979021204,75,71
85,4114,3172.88579413664,94,9
12,1271,87.9428327425726,83,71
94,7841,6840.78034028783,97,3
64,1136,546.77468897602,77,13
8,2931,175.1543627893,48,40
89,9790,7992.08704048739,90,1
59,5088,2099.07064452956,73,14
74,8125,5083.36693840306,83,9
32,4506,683.698898030858,88,56
87,3570,2835.63365214519,88,1
11,6598,439.760154260732,59,48
80,5122,3629.44710030999,83,3
52,5998,1952.42888371906,86,34
73,4386,2681.11880491119,75,2
1,1963,95.0735455085433,73,72
93,3558,3060.42862720019,94,1
48,5083,1431.97949047092,71,23
76,4938,3229.45433190138,82,6
48,1987,559.776361905512,55,7
26,6417,766.500407449604,87,61
10,3340,214.53580010152,86,76
13,6068,436.005208565338,75,62
58,6125,2446.24251113718,92,34
54,1472,513.865797291084,74,20
12,4888,338.209729697636,90,78
37,3136,580.044823818095,57,20
37,5836,1079.44566065128,47,10
76,3146,2057.48548565447,80,4
55,7191,2598.00233573382,78,23
6,9931,554.120238716567,80,74
25,4763,546.713686799938,79,54
47,6477,1758.45313382527,73,26
2,6706,332.489466039842,10,8
80,5309,3761.95522365204,85,5
29,5621,756.763986649134,89,60
11,6085,405.56843568908,71,60
71,6282,3658.31827532148,85,14
19,3412,309.004638576776,88,69
23,2862,303.444522817352,73,50
37,9015,1667.44390520412,86,49
73,1984,1212.79975124118,84,11
51,6952,2183.87816443011,69,18
17,1086,90.9746955526141,76,59
79,7589,5276.41491245463,82,3
64,5307,2554.34267112301,86,22
54,7986,2787.86158774905,86,32
34,9373,1539.834636768,80,46
18,3864,336.522217960214,74,56
9,6881,426.148160506952,76,67
85,1689,1302.62618043189,93,8
33,7732,1220.77220139474,56,23
24,1033,113.952714220895,84,60
41,6378,1378.97522588251,68,27
98,7251,6798.83934781646,98,0
85,7567,5835.98123583665,90,5
94,5868,5119.46168050108,96,2
60,2084,887.650967923232,64,4
52,6970,2268.82782919671,61,9
88,3328,2680.46912774312,88,0
68,4347,2341.96534180732,79,11
21,4086,400.291899432241,80,59
51,1880,590.576948954056,56,5
60,9164,3903.27901633805,77,17
59,3510,1448.06170642664,83,24
12,2228,154.159426711606,76,64
98,8910,8354.38678651837,98,0
6,8362,466.574709107636,72,66
69,2696,1491.63673541923,86,17
59,3982,1642.78681338772,72,13
68,3837,2067.20060191274,68,0
25,3346,384.065504100901,87,62
63,8417,3932.66125329816,88,25
30,8963,1255.78549907649,74,44
51,4477,1406.38989386559,76,25
84,7265,5516.20184325152,92,8
19,1452,131.499043145803,85,66
57,2763,1067.74181186486,88,31
70,5576,3166.14290015516,78,8
32,2198,333.504256074528,84,52
54,8131,2838.48016153112,60,6
71,5028,2928.05225856676,84,13
24,1348,148.701121751952,37,13
17,2473,207.164292911247,79,62
0,9831,635.398894338462,43,43
52,8475,2758.72537337763,81,29
24,1155,127.410827613876,64,40
21,3969,388.829796585062,58,37
3,3978,202.488253277359,67,64
58,4812,1921.84799405585,68,10
72,3462,2066.28937648533,82,10
16,6136,494.517869177023,83,67
10,3042,195.39458200863,70,60
36,5124,911.132538310875,73,37
6,2864,159.802674824715,87,81
94,5344,4662.30457065402,97,3
71,4092,2382.97331783118,79,8
27,6559,815.340582295533,85,58
57,5010,1936.07907254541,68,11
94,5892,5140.40017408186,98,4
73,2308,1410.85777513339,80,7
47,5544,1505.15117707694,81,34
31,6822,994.689898373581,79,48
73,7087,4332.21362754346,82,9
50,3943,1194.90547657285,91,41
45,6117,1540.94704331587,81,36
97,6528,6013.60564485529,97,0
75,1479,946.398292011082,89,14
56,5257,1964.74169024088,85,29
80,2259,1600.72647395554,82,2
92,9502,8065.27728350501,95,3
1,4259,206.275206480329,79,78
7,8788,507.160512520703,69,62
53,8100,2731.06928287964,76,23
27,8788,1092.42461308327,90,63
67,6411,3361.12547354589,75,8
71,2134,1242.73339693347,88,17
2,2946,146.065309715684,83,81
37,8522,1576.25701166384,76,39
18,9056,788.702175426423,82,64
2,3683,182.606427590924,80,78
48,5356,1508.88887486961,64,16
65,7552,3742.27552063512,82,17
69,7122,3940.44392791387,79,10
53,7621,2569.56530923774,77,24
21,6087,596.323248126297,84,63
0,6121,395.613531913918,83,83
91,1685,1411.84351300727,93,2
90,2835,2344.92553438487,92,2
79,8738,6075.28179009468,84,5
66,3950,2013.95235912129,75,9
97,3782,3483.98537819282,98,1
53,7472,2519.32712119465,84,31
18,3557,309.785074866584,52,34
4,6616,346.584582404755,78,74
90,2454,2029.787393785,90,0
75,1509,965.595011930171,86,11
23,3815,404.486671749894,64,41
84,2363,1794.18925748153,97,13
23,2815,298.461331841665,72,49
38,4999,961.65780687025,88,50
58,3701,1478.1295565255,65,7
17,9364,784.426380437089,74,57
29,5258,707.892731151245,73,44
91,8393,7032.40510662909,91,0
37,9367,1732.55097726534,61,24
49,4522,1321.50132458892,78,29
20,1481,139.490094536866,23,3
13,4721,339.21895017089,71,58
33,2890,456.289661411123,74,41
85,6110,4712.28298545816,91,6
5,3140,169.626915616221,61,56
23,2462,261.03438685406,85,62
61,8403,3693.29293095828,92,31
88,3347,2695.77228682579,98,10
58,5884,2349.99035682141,81,23
44,5450,1321.94992344925,83,39
37,1303,241.007144590235,82,45
6,6616,369.153106368826,68,62
68,5214,2809.0653996281,70,2
9,1947,120.579925665897,87,78
61,3733,1640.73099027339,75,14
91,3948,3307.98705599567,96,5
82,8574,6297.5669149101,89,7
67,2954,1548.70763513564,82,15
34,1389,228.190580440708,88,54
55,4259,1538.71394074403,76,21
17,3472,290.850960367105,72,55
58,5627,2247.34801798676,76,18
56,6118,2286.53027599272,71,15
93,7649,6579.31944054363,94,1
24,3622,399.551530404726,68,44
45,7418,1868.68484016955,70,25
86,8076,6322.76150615829,87,1
87,1553,1233.54035344019,90,3
93,9019,7757.73068822891,95,2
35,5571,952.212330933702,83,48
26,5495,656.368979107928,76,50
63,4473,2089.91253249408,79,16
43,5889,1375.02660541918,68,25
34,2818,462.952523889068,80,46
88,7712,6211.47172871243,96,8
22,1237,126.06650042259,62,40
66,7658,3904.51826991161,74,8
74,8627,5397.44080955116,83,9
84,5860,4449.40713027583,88,4
80,2071,1467.50975102343,85,5
0,2995,193.573358614962,61,61
24,2111,232.869486660513,76,52
83,7413,5537.76714550935,91,8
65,5400,2675.88556825074,74,9
89,4312,3520.11024704613,93,4
28,5471,707.762182494341,79,51
19,1442,130.593402352788,79,60
47,5864,1592.02858989523,50,3
81,2601,1877.09105471497,84,3
0,3972,256.718991792531,18,18
22,6721,684.957921859519,56,34
21,5048,494.535856175711,84,63
42,2984,670.52906250871,89,47
98,1406,1318.32411019583,98,0
96,2484,2244.54549859895,97,1
90,7220,5971.90912107893,91,1
73,6221,3802.83631676984,84,11
80,4702,3331.83527248294,89,9
67,8441,4425.40323228839,71,4
45,1483,373.58582070254,66,21
12,6482,448.501527802798,80,68
79,6544,4549.85626394823,80,1
80,4847,3434.58221304228,84,4
96,2732,2468.63860795988,98,2
1,9279,449.407757908188,89,88
65,2398,1188.29140604913,94,29
51,9600,3015.71207976539,71,20
2,2949,146.214052393602,81,79
96,4160,3758.98118928005,98,2
78,8555,5832.07374943017,95,17
63,2031,948.940834673704,88,25
70,4643,2636.37042421456,81,11
70,8292,4708.3315868161,83,13
29,3403,458.151191347981,76,47
34,6835,1122.8816539325,85,51
21,5251,514.423094449021,59,38
97,2189,2016.51083893815,97,0
91,3808,3190.68255046391,94,3
94,5454,4758.2726662326,97,3
7,9257,534.226771097422,59,52
64,2645,1273.08015170913,76,12
68,7959,4287.94620553128,75,7
90,4544,3758.49792883416,90,0
77,8835,5901.33450579185,95,18
35,4016,686.426982773245,78,43
73,6025,3683.023438119,87,14
48,8834,2488.70879772184,87,39
97,4025,3707.8374265537,97,0
98,9967,9345.47397320186,99,1
13,7964,572.238872942378,85,72
15,6107,473.609645479958,58,43
99,1828,1740.95238095238,99,0
52,2189,712.548653961491,88,36
48,7038,1982.74083295974,91,43
97,2313,2130.73986773135,97,0
50,7458,2260.10779717989,76,26
33,5659,893.475153607455,77,44
33,5200,821.005619148042,80,47
28,2248,290.815095274589,78,50
40,3781,786.401455068959,81,41
35,5571,952.212330933702,75,40
89,4666,3809.09888977673,89,0
49,2934,857.426998306917,64,15
61,7102,3121.47642457048,77,16
41,8579,1854.84924158766,88,47
61,8059,3542.09779014552,79,18
59,3205,1322.23298264883,64,5
69,4252,2352.53686906624,94,25
39,7357,1471.72858775812,69,30
58,7319,2923.11003085927,59,1
53,3981,1342.26997717825,62,9
99,2557,2435.23809523809,99,0
72,2204,1315.45401091094,73,1
89,5207,4250.74537485371,96,7
62,1268,574.772568033137,69,7
97,3322,3060.23252944382,99,2
3,7580,385.837345360077,72,69
55,6714,2425.66926465261,84,29
60,6874,2927.88519841857,73,13
48,6559,1847.79726106606,80,32
50,5630,1706.14198151284,89,39
57,2318,895.774708614821,75,18
91,1039,870.567008910714,98,7
57,3850,1487.80527530934,64,7
87,8487,6741.18285875525,91,4
99,4358,4150.47619047619,99,0
46,6400,1673.94604201834,66,20
74,6129,3834.57919575044,75,1
55,2457,887.677894437214,93,38
20,2457,231.416044751573,71,51
36,5380,956.653601895493,86,50
17,8237,690.017096930831,87,70
29,4836,651.078213740475,49,20
57,5223,2018.39141634824,64,7
21,5971,584.95911197012,80,59
62,3214,1456.87620950986,85,23
84,4345,3299.09112304581,88,4
8,8483,506.937720757977,63,55
5,1261,68.1208728000174,65,60
24,9973,1100.14561367375,70,46
44,2454,595.241304980637,75,31
13,5411,388.797657143547,44,31
19,2116,191.63359180201,38,19
4,2565,134.369627247309,85,81
44,1980,480.268045583399,61,17
28,3175,410.737512231682,55,27
4,6640,347.841842074905,87,83
22,9356,953.498931247978,80,58
32,8282,1256.63432611886,82,50
56,6863,2564.96523114384,90,34
91,7715,6464.31614412527,91,0
44,4729,1147.06443816358,80,36
27,5751,714.899174993384,72,45
87,3350,2660.88872120067,96,9
8,3116,186.209824104899,86,78
61,8319,3656.37318727145,76,15
69,3343,1849.60742081102,77,8
56,1600,597.981111733957,75,19
5,3127,168.924638577045,49,44
91,6188,5184.85914450385,92,1
70,8551,4855.39597188428,87,17
74,3812,2384.9593562083,81,7
16,5213,420.13064733048,71,55
92,1915,1625.44790548433,92,0
4,6988,366.072107292084,85,81
28,1722,222.768502696994,51,23
27,8441,1049.2895037592,74,47
58,4007,1600.34183544925,63,5
30,1762,246.869803567195,75,45
28,2739,354.333872756717,52,24
89,7969,6505.50986983085,91,2
46,9082,2375.43405525165,68,22
16,9778,788.03711290954,50,34
56,2827,1056.55787679494,94,38
2,7528,373.244959789432,77,75
3,5486,279.248506153744,82,79
61,1109,487.428520817891,72,11
38,3966,762.939560321547,70,32
40,3746,779.121885926559,73,33
2,5349,265.208194728171,73,71
95,6234,5526.15652423183,96,1
71,8266,4813.69927790629,71,0
47,2599,705.607487233579,60,13
88,4987,4016.67654448767,95,7
22,2070,210.960109842167,72,50
34,4853,797.270616903353,76,42
47,2833,769.136595356956,74,27
50,6805,2062.21957090495,88,38
57,6508,2514.97057966577,70,13
94,3276,2858.10437377668,97,3
36,7631,1356.9188914618,72,36
54,5726,1998.91002397333,90,36
76,9972,6521.69270913742,84,8
86,6048,4735.02496152121,88,2
91,1212,1015.52186217496,95,4
23,3816,404.592697089802,73,50
41,9262,2002.51937004137,81,40
76,3613,2362.90370618868,83,7
86,3106,2431.71090120451,91,5
33,7319,1155.56540895087,91,58
80,1070,758.201561368937,89,9
49,9671,2826.23602611663,90,41
25,4295,492.995020954384,86,61
78,3821,2604.83387452632,81,3
89,2819,2301.29656456935,89,0
62,6931,3141.75762542403,77,15
55,6400,2312.22569165575,77,22
46,4823,1261.47527510226,83,37
26,4018,479.943686634332,36,10
14,2382,177.794448705262,68,54
51,2170,681.676584696969,89,38
22,5315,541.668108121313,82,60
73,3476,2124.84472546085,94,21
95,5304,4701.75396286905,97,2
61,8422,3701.64382536364,66,5
16,9652,777.882410902319,89,73
43,7243,1691.17298404672,77,34
94,7465,6512.74394085559,94,0
98,5476,5134.52548181533,98,0
26,4532,541.340166208759,82,56
88,5787,4661.02008481054,89,1
31,4571,666.480141522375,61,30
3,8298,422.384998917931,80,77
9,9276,574.473235992223,61,52
98,7549,7078.25654898172,98,0
17,2262,189.488730515666,87,70
64,4368,2102.38718437258,68,4
66,7149,3644.99883933117,93,27
45,4587,1155.52134832269,90,45
10,9047,581.10939626301,89,79
44,6041,1465.30265826733,92,48
51,1390,436.649978216031,67,16
64,7401,3562.21784604888,72,8
42,3329,748.053367658008,72,30
26,9349,1116.72312751229,79,53
32,7167,1087.45450558969,75,43
58,6772,2704.64559761975,90,32
56,4055,1515.50838005075,80,24
17,4773,399.836300066876,84,67
95,6807,6034.09487655536,95,0
6,2239,124.929535241808,73,67
53,3181,1072.53473936298,83,30
21,6892,675.186434382527,84,63
27,7504,932.812277716981,87,60
20,4980,469.048393513566,49,29
9,9306,576.331170131913,65,56
32,5816,882.466220805031,70,38
87,4515,3586.24256006598,90,3
40,6485,1348.80016824179,88,48
54,2461,859.119379846031,72,18
71,5230,3045.68681628961,81,10
68,9600,5172.04216272148,77,9
56,4736,1770.02409073251,79,23
16,6614,533.041262506003,84,68
14,4346,324.389031936637,61,47
61,6768,2974.67649133948,76,15
82,4754,3491.7929920087,85,3
26,8878,1060.46292930304,61,35
77,7884,5266.11445881867,81,4
50,6204,1880.08967199035,91,41
90,4918,4067.84612984296,91,1
85,6527,5033.8905149076,86,1
91,4913,4116.55025483959,96,5
37,8099,1498.01754722664,45,8
94,7288,6358.32255069732,95,1
15,6978,541.157377789282,70,55
28,7158,926.002870095868,82,54
92,6872,5832.93890678241,98,6
83,6794,5075.35275685829,85,2
78,6891,4697.69961511669,78,0
3,4044,205.847786891313,68,65
65,8834,4377.55057591242,71,6
25,5416,621.667295340849,77,52
47,5626,1527.41351411163,66,19
70,1867,1060.11276803976,71,1
31,2239,326.460082447735,57,26
30,2681,375.628798730789,83,53
12,3953,273.515356279614,88,76
77,1721,1149.54122065283,86,9
52,5067,1649.37598429551,80,28
23,3122,331.011111193491,61,38
71,5146,2996.76947545436,83,12
0,8027,518.802453957363,59,59
0,6713,433.875778424788,78,78
29,2174,292.689006755954,78,49
45,9183,2313.30990661593,77,32
20,2593,244.225398470016,67,47
38,5590,1075.3484977805,89,51
94,5169,4509.62805496082,98,4
74,7994,5001.40742222696,75,1
88,4470,3600.26953155402,90,2
77,8578,5729.67146470657,77,0
54,5232,1826.45777950201,87,33
43,7679,1792.97491985293,80,37
61,7226,3175.97699858438,76,15
1,3777,182.930606920921,79,78
68,4672,2517.06051919112,75,7
6,4907,273.795993493323,50,44
30,2497,349.848978153965,57,27
50,6532,1979.48835226321,72,22
32,9597,1456.16030279675,74,42
83,3010,2248.57400620304,83,0
36,9978,1774.25457987235,85,49
28,7756,1003.36382515557,50,22
24,7130,786.527446655355,79,55
87,4185,3324.1251636492,89,2
74,1506,942.221613444309,82,8
23,2159,228.908708861867,33,10
66,3597,1833.97130019222,74,8
85,4343,3349.50000095659,85,0
16,7441,599.691568537521,80,64
89,2485,2028.63496380094,93,4
84,8184,6213.98429252173,87,3
33,5506,869.318642120984,90,57
50,2718,823.675649334264,73,23
51,1062,333.613148824047,77,26
69,3705,2049.89395575974,83,14
33,8882,1402.34075178325,88,55
86,8453,6617.91765868697,90,4
61,7532,3310.47035058643,79,18
86,2078,1626.88192295653,88,2
84,8978,6816.85618013931,93,9
58,8997,3593.28063227775,76,18
93,2416,2078.13253606398,98,5
85,7295,5626.20366267059,86,1
69,2247,1243.21503875631,79,10
36,7550,1342.51574243698,85,49
48,9923,2795.5011772463,67,19
40,9375,1949.88459171423,80,40
16,9382,756.122335172561,83,67
98,9355,8771.63730503696,98,0
74,5759,3603.09048594009,93,19
38,1679,322.989289404911,67,29
76,9578,6264.01652307644,89,13
53,3871,1305.18138197865,69,16
84,3825,2904.26318657083,86,2
66,6836,3485.41223467168,86,20
29,2595,349.368892608878,75,46
72,2431,1450.93861185322,73,1
4,1150,60.2436925280332,55,51
93,4243,3649.63425104283,96,3
55,1868,674.880873752021,65,10
53,6576,2217.22365484154,74,21
29,3585,482.654134875849,87,58
1,2572,124.569108022401,72,71
59,5321,2195.19553843196,83,24
45,2135,537.832587457803,82,37
23,1444,153.100590827483,88,65
82,1195,877.722470645856,83,1
8,4200,250.988851489273,52,44
56,5405,2020.05494307627,91,35
36,4836,859.921341778179,76,40
28,9405,1216.68859922487,72,44
81,9935,7169.89605097778,83,2
7,6314,364.384555764192,72,65
12,7173,496.313091473229,85,73
30,4897,686.107507416887,88,58
1,3094,149.851018748565,77,76
4,2287,119.806369401402,10,6
75,5726,3664.0139418901,77,2
50,9384,2843.77199902602,80,30
84,3403,2583.84513043151,88,4
50,6641,2012.52023076852,65,15
68,5240,2823.07301381881,87,19
8,4038,241.30785293183,36,28
76,3169,2072.52749651589,81,5
38,4155,799.29749700858,84,46
85,2515,1939.67131070823,89,4
31,6635,967.424138919483,76,45
67,4856,2545.87822485398,67,0
65,4717,2337.43559730347,84,19
8,5706,340.986282523284,65,57
78,2155,1469.09630976295,80,2
3,1332,67.8014965725095,78,75
36,1860,330.738977606992,57,21
28,2405,311.1255801314,73,45
40,5834,1213.40018219315,57,17
34,4106,674.550412735456,56,22
40,4560,948.423865409799,58,18
93,9439,8118.99545029302,95,2
75,5533,3540.51504374396,93,18
15,4509,349.681658992816,81,66
18,8295,722.425413555894,76,58
64,2148,1033.86622528212,77,13
14,8423,628.699681546778,63,49
53,3469,1169.63942497648,86,33
82,5247,3853.89941713708,89,7
28,4849,627.296439940607,46,18
45,8322,2096.41348610016,64,19
27,1205,149.791950246397,76,49
71,6968,4057.80989214264,80,9
32,6543,992.77449840566,84,52
20,7566,712.61448701278,86,66
76,6241,4081.61694722489,76,0
7,8774,506.352564503487,75,68
16,4208,339.134809891935,37,21
83,2689,2008.77591451162,89,6
20,5425,510.961352371706,66,46
15,4794,371.783959461424,87,72
11,1170,77.9811125318363,61,50
88,4794,3861.22866538478,88,0
18,4416,384.596820525959,62,44
49,5416,1582.76231180309,88,39
49,2864,836.970321455695,65,16
93,1659,1426.99581015321,95,2
21,3662,358.754022447593,72,51
89,7563,6174.07091799858,90,1
34,7910,1299.48703476314,67,33
52,6685,2176.05653345481,77,25
41,5589,1208.38703942574,86,45
85,2019,1557.1357361113,97,12
13,9697,696.760465962109,79,66
57,1630,629.901973702398,75,18
82,3771,2769.78362912596,87,5
68,7504,4042.81295719396,87,19
70,9335,5300.56384019878,78,8
20,2868,270.126665180102,77,57
55,4396,1588.21002195604,90,35
29,3313,446.034351141893,60,31
71,8756,5099.05043277855,81,10
18,4407,383.812995484126,30,12
47,1680,456.106417296042,56,9
15,9426,731.004506024903,90,75
61,3417,1501.84243068957,93,32
32,6194,939.820455926128,61,29
60,5370,2287.27720621293,67,7
13,4094,294.166994704432,80,67
39,2970,594.132649944489,88,49
73,5205,3181.76547641649,83,10
60,9631,4102.19120540722,61,1
56,4116,1538.3064099356,74,18
98,8120,7613.64991094603,99,1
24,2226,245.55541321947,81,57
41,3984,861.373047964242,61,20
80,2505,1775.04197311139,85,5
13,5209,374.283311044305,63,50
47,2339,635.019589318715,64,17
52,3372,1097.63090961999,67,15
47,8844,2401.07449676559,83,36
51,5462,1715.81451871652,82,31
78,2954,2013.7867744964,81,3
32,1524,231.237709853313,53,21
86,5461,4275.45822005082,92,6
8,6652,397.518533358725,85,77
75,2424,1551.09496946238,81,6
16,1069,86.1537813152278,63,47
86,3542,2773.05860015016,88,2
1,3660,177.26397175816,40,39
44,5590,1355.90827010667,69,25
75,3325,2127.63645769902,75,0
82,7239,5317.01503347728,82,0
51,3752,1178.64080450831,83,32
78,2251,1534.54097135795,83,5
11,3214,214.21478263019,42,31
98,2562,2402.23781672952,98,0
28,8092,1046.83085007205,65,37
17,3711,310.872095023712,42,25
69,9769,5404.97005501131,94,25
43,1686,393.665283874468,77,34
63,6853,3201.91607091034,80,17
28,2888,373.60942844885,88,60
27,5193,645.534935792148,83,56
44,4813,1167.43944615803,79,35
6,2329,129.951267341747,86,80
79,5719,3976.25733091686,82,3
54,4011,1400.21447889575,92,38
46,4994,1306.20102091244,82,36
58,2637,1053.18228601939,69,11
83,4806,3590.24806438931,94,11
88,5863,4722.23272114121,89,1
27,2404,298.838048458372,75,48
7,6885,397.337292752053,47,40
9,6642,411.34661852742,61,52
57,5878,2271.51153461515,63,6
84,4811,3652.91769688686,92,8
44,9051,2195.40711140169,75,31
45,9640,2428.43379067598,86,41
10,6369,409.095362528917,48,38
23,7751,821.802409628683,86,63
96,7554,6825.80382303402,97,1
4,5081,266.172349334728,76,72
67,7309,3831.924206231,70,3
42,5971,1341.73224941002,88,46
11,6005,400.236393806562,68,57
84,8738,6634.62790176624,92,8
86,3147,2463.81011142646,98,12
22,4170,424.977612580597,88,66
59,2940,1212.90638657958,70,11
28,7674,992.755801217615,76,48
67,7446,3903.74984807717,81,14
99,2555,2433.33333333333,99,0
60,5859,2495.55999091277,76,16
77,9631,6433.02236845289,83,6
97,9905,9124.50427577997,97,0
83,6071,4535.24677463743,98,15
41,2550,551.330640639763,76,35
95,1815,1608.91467620802,95,0
82,6840,5023.95121273444,86,4
97,6222,5731.7178802527,98,1
89,7485,6110.39545434608,96,7
30,4348,609.188368847994,37,7
69,2471,1367.14924822735,95,26
59,2419,997.966173175512,80,21
4,3320,173.920921037452,88,84
75,2321,1485.18623107351,76,1
35,1292,220.832585095377,82,47
59,4210,1736.84894132654,90,31
24,5395,595.13542422239,72,48
92,6049,5134.37826646199,93,1
35,9171,1567.53532345952,68,33
4,3215,168.420409980545,12,8
49,4816,1407.41936736405,92,43
51,1402,440.419618315738,59,8
95,3610,3200.1002650749,96,1
15,8635,669.660928233082,88,73
45,9706,2445.05999712667,76,31
66,8604,4386.84711338724,74,8
23,2053,217.670022831594,61,38
73,3868,2364.47048276254,73,0
16,3498,281.913870009978,72,56
73,4697,2871.23005623982,89,16
78,8452,5761.85708126052,80,2
77,7541,5037.00775417955,82,5
70,1672,949.388617119696,82,12
21,3803,372.567325878809,76,55
81,1125,811.890594599899,91,10
89,7179,5860.59171232472,90,1
57,7108,2746.83633685684,85,28
47,6181,1678.09152696835,69,22
78,1320,899.864096931364,91,13
2,2918,144.67704472178,86,84
57,2970,1147.73549809578,81,24
96,4929,4453.85054854841,96,0
48,2821,794.730305453171,84,36
48,2932,826.001154054837,55,7
33,7204,1137.40855391202,67,34
10,4879,313.389272064466,78,68
79,5390,3747.51302913829,79,0
7,6293,363.172633738368,72,65
24,2539,280.083195940806,88,64
68,2615,1408.84273494965,84,16
55,2987,1079.15908452746,67,12
23,1841,195.19265077105,75,52
49,6851,2002.12418725313,79,30
90,2831,2341.61699747569,93,3
97,1763,1624.07885292278,98,1
25,5851,671.598106543447,72,47
79,7064,4911.39740961649,90,11
76,5607,3666.98064782727,89,13
22,8077,823.15208077062,72,50
59,5329,2198.49596397367,70,11
48,5289,1490.01367796591,70,22
99,6224,5927.61904761905,99,0
50,2110,639.424437121154,80,30
49,2041,596.458249333476,90,41
2,1760,87.2623710453507,45,43
72,3977,2373.66633457024,86,14
60,6911,2943.64483652469,89,29
27,3699,459.817779221097,89,62
8,5700,340.627727021156,82,74
43,2022,472.118151835216,66,23
48,1325,373.278147722599,72,24
28,3920,507.115290692345,84,56
32,4130,626.648124471248,71,39
54,1747,609.866540670872,82,28
27,1887,234.570464825685,90,63
73,4817,2944.5848799036,78,5
88,6663,5366.57626146408,91,3
33,8477,1338.3970449073,69,36
9,3143,194.649566701548,50,41
56,7750,2896.47100996136,73,17
1,6063,293.647940101018,79,78
50,7674,2325.56546467665,82,32
47,7592,2061.16661911402,86,39
43,5893,1375.960568133,68,25
27,3845,477.96684539203,79,52
14,1306,97.4809193992748,66,52
56,5198,1942.69113674569,63,7
88,3099,2496.0257893257,94,6
28,6173,798.577216694858,77,49
55,3354,1211.75077653334,69,14
96,6601,5964.67183423981,98,2
36,1528,271.70384827069,64,28
92,1539,1306.29990942057,96,4
77,9480,6332.16198244559,80,3
72,4133,2466.77469468916,93,21
78,8668,5909.10756984929,79,1
98,4898,4592.56862854848,98,0
45,7324,1845.00509158827,80,35
93,6115,5259.84290481426,97,4
86,7629,5972.80182398236,89,3
23,8015,849.793099364456,81,58
66,5043,2571.23082203764,92,26
44,2493,604.701130120916,56,12
94,6183,5394.27940874884,97,3
19,5639,510.690843181255,74,55
34,8001,1314.43688560555,67,33
97,7153,6589.35679804686,97,0
8,2207,131.888665532578,55,47
88,6756,5441.48119802661,92,4
99,1243,1183.80952380952,99,0
1,8372,405.479227201999,76,75
16,8246,664.56883136143,43,27
80,2375,1682.92402640301,88,8
71,6790,3954.15171751557,85,14
69,4465,2470.38502360789,88,19
93,3614,3108.59726214207,97,4
27,6633,824.539424053403,79,52
89,5061,4131.55796852979,92,3
77,3117,2081.99882903828,83,6
53,4111,1386.10195332323,71,18
86,2828,2214.06259774835,91,5
90,5941,4914.00444436702,92,2
51,5841,1834.87231853226,76,25
67,3358,1760.51463736813,82,15
36,2074,368.791741697259,63,27
20,6045,569.356935499902,65,45
35,9193,1571.29563063607,91,56
23,6273,665.096957244321,80,57
69,7197,3981.93975697783,71,2
84,4185,3177.60560413043,87,3
56,7840,2930.10744749639,87,31
31,4934,719.407792227389,72,41
44,6997,1697.18965401366,48,4
62,7144,3238.30853787755,81,19
85,3801,2931.48733678011,87,2
25,4971,570.588649397961,88,63
76,6276,4104.50696375315,83,7
55,9681,3497.60264389364,63,8
12,2320,160.525076288567,68,56
19,1416,128.238736290948,64,45
27,6070,754.553641490148,40,13
18,5040,438.942023426366,79,61
22,2364,240.922560225547,82,60
99,8710,8295.2380952381,99,0
33,5247,828.426246859572,80,47
37,2785,515.122715029781,91,54
96,4311,3895.42497764094,96,0
20,7837,738.139008025265,89,69
46,5896,1542.1227912094,68,22
71,4852,2825.55878253101,80,9
0,6536,422.435883775423,86,86
33,2517,397.39829680685,90,57
62,6618,2999.87764609093,86,24
53,1711,576.896239877414,89,36
20,5378,506.534590424892,87,67
7,7238,417.709124900415,79,72
75,4389,2808.4801241627,84,9
31,4457,649.858234689395,58,27
95,2799,2481.18577339187,99,4
77,1041,695.335508831841,84,7
41,1999,432.199980642701,55,14
50,2471,748.823594372688,73,23
58,8140,3251.00637398476,71,13
28,1452,187.839643389103,75,47
48,4553,1282.66823138188,80,32
87,5559,4415.4866869118,89,2
39,1863,372.683207692452,86,47
63,8371,3911.16874793382,69,6
83,2833,2116.34889022366,87,4
15,8856,686.799905087687,84,69
83,4584,3424.40639349991,87,4
81,6618,4776.08173783301,85,4
2,4550,225.593061509287,54,52
93,2747,2362.84357473831,93,0
59,6579,2714.18745486635,93,34
58,9017,3601.26836292636,78,20
81,1859,1341.6041025433,92,11
71,9490,5526.49481579128,74,3
50,1137,344.561888628792,83,33
40,1649,342.971700451921,63,23
86,6761,5293.23805635663,87,1
56,3515,1313.68975484054,81,25
41,8419,1820.25594648869,78,37
38,3848,740.239896146574,66,28
60,9711,4136.26609860965,60,0
40,7784,1618.97617726971,77,37
36,9063,1611.55234088826,62,26
68,6077,3274.01043988109,80,12
20,6980,657.421242314196,64,44
96,8569,7742.95908916845,96,0
91,2679,2244.70550228277,97,6
49,1385,404.749963413456,75,26
57,6526,2521.9265523815,76,19
52,5202,1693.32028227852,67,15
51,1643,516.126556984848,88,37
94,2108,1839.09768617864,94,0
71,8844,5150.29717079643,78,7
75,4535,2901.90416110227,78,3
94,4337,3783.76027749373,94,0
84,2385,1810.8935163324,84,0
60,8675,3694.99623163821,64,4
70,5929,3366.5820041284,93,23
4,3474,181.98833725425,87,83
8,1538,91.9097270453576,64,56
85,3218,2481.85378841315,85,0
8,1820,108.761835645352,60,52
89,2671,2180.47645404922,91,2
61,1148,504.56983038678,76,15
47,1557,422.71291174401,52,5
16,5098,410.862466927064,58,42
80,8713,6174.02822823135,91,11
10,3003,192.88952326493,56,46
98,3053,2862.61984952195,98,0
23,6682,708.461321266787,88,65
28,3315,428.848772613552,76,48
25,2054,235.765255655484,79,54
85,8060,6216.20308720013,97,12
60,3770,1605.77934216439,72,12
80,2922,2070.52800216826,81,1
87,1962,1558.40706596887,89,2
64,6492,3124.70183171859,70,6
26,4280,511.239168440752,77,51
75,9069,5803.16843154057,76,1
89,3480,2840.90530141942,95,6
66,3948,2012.93263640781,87,21
41,8996,1945.00801693934,60,19
7,3276,189.059836028428,65,58
87,5790,4598.96886440355,96,9
14,7856,586.3783329255,85,71
20,1941,182.815849761011,57,37
23,1371,145.360741014182,78,55
95,9580,8492.23283640375,95,0
19,5341,483.702747549403,26,7
38,1158,222.764500971344,68,30
54,6181,2157.74761756535,87,33
92,7660,6501.79162193732,92,0
47,1004,272.577882717396,79,32
62,1690,766.061230264986,83,21
45,7081,1783.79042238347,87,42
4,1868,97.8567109933618,72,68
45,4533,1141.9180884994,86,41
88,2706,2179.4920251421,89,1
51,1081,339.581745648582,84,33
15,8408,652.056639789665,87,72
81,2453,1770.28233649205,89,8
9,1651,102.248308820953,89,80
13,1365,98.0796159676476,85,72
61,6717,2952.26093267247,71,10
89,2653,2165.78211628325,91,2
82,1507,1106.88515754251,82,0
85,4041,3116.58519545604,94,9
35,8318,1421.7379588416,83,48
10,2455,157.690236302165,87,77
64,1242,597.794158193853,88,24
99,9673,9212.38095238095,99,0
5,1868,100.91180839844,62,57
61,1694,744.548164351224,85,24
76,7877,5151.56171980299,81,5
4,3322,174.025692676632,50,46
43,1805,421.450674610566,69,26
56,8428,3149.86550605862,81,25
15,2477,192.096134248216,76,61
94,2721,2373.9017097211,94,0
59,6012,2480.26979459743,78,19
64,8274,3982.40649347499,87,23
87,5381,4274.10215187487,96,9
71,3508,2042.8813291671,95,24
80,2899,2054.23021159677,81,1
47,3892,1056.6465334025,74,27
58,7834,3128.79409506101,58,0
49,1209,353.31603304467,61,12
98,7298,6842.90850370494,98,0
85,9215,7106.98653207806,98,13
61,7223,3174.65843630985,89,28
70,5294,3006.01874343999,72,2
4,5836,305.723643124871,87,83
7,2006,115.76740875245,64,57
9,2020,125.100898739143,88,79
57,7334,2834.17243873214,84,27
67,9054,4746.78365894315,75,8
28,3644,471.410234510945,86,58
4,7993,418.719855979626,59,55
50,7475,2265.25955804769,85,35
99,5109,4865.71428571429,99,0
50,1904,576.997217193686,68,18
76,1306,854.12461674022,80,4
57,7304,2822.57915087259,81,24
25,3578,410.69527007562,90,65
42,6506,1461.95109942415,85,43
79,1525,1060.28893681556,91,12
89,9234,7538.19527393877,91,2
56,7605,2842.27897171047,67,11
85,4477,3452.84630538399,90,5
63,7589,3545.7961567399,79,16
65,3075,1523.76817080945,65,0
18,1980,172.441509203215,85,67
48,8740,2462.22717818529,85,37
73,1411,862.530468246623,74,1
28,7581,980.724749678231,45,17
72,1428,852.299604165528,76,4
21,8973,879.055118356706,67,46
48,5113,1440.43107117407,84,36
49,6372,1862.14206994263,81,32
53,6616,2230.7104167323,72,19
19,2834,256.658600740499,79,60
49,8430,2463.56836936854,61,12
74,1886,1179.96677487116,82,8
44,1055,255.900398025498,75,31
92,5236,4444.30560476029,92,0
22,8215,837.216088093431,84,62
67,9696,5083.36805357994,91,24
1,1367,66.2076091238811,70,69
19,3141,284.461773086065,86,67
53,7003,2361.19483802544,84,31
23,8494,900.579237180497,48,25
67,9884,5181.93170808417,84,17
80,2551,1807.63755425435,82,2
38,4190,806.030448246919,75,37
22,8937,910.797343796834,49,27
5,5700,307.921471023076,55,50
54,4106,1433.37837206331,63,9
58,5831,2328.82287060259,92,34
64,6317,3040.47157593444,89,25
98,4725,4430.35662921429,98,0
23,5009,531.080927600319,28,5
29,4466,601.264537337668,72,43
73,6554,4006.39595243683,80,7
93,3319,2854.8517745018,93,0
5,9544,515.579389376182,61,56
61,2520,1107.59231060513,87,26
74,6084,3806.42516347621,93,19
45,5969,1503.6640349113,77,32
3,9050,460.663321307215,76,73
40,2983,620.427278622244,91,51
99,3876,3691.42857142857,99,0
57,5243,2026.12027492127,59,2
83,5460,4078.80866241482,93,10
50,8954,2713.46275354636,87,37
68,3685,1985.30993433632,72,4
69,7133,3946.52998284325,92,23
99,8447,8044.7619047619,99,0
82,5450,4003.00206277817,86,4
68,2698,1453.55934948152,91,23
47,3950,1072.39306447581,74,27
2,4453,220.783714923265,75,73
30,7963,1115.67777855027,87,57
26,7030,839.722279004319,73,47
71,2222,1293.98013495134,82,11
20,5392,507.853200366496,54,34
44,7078,1716.83698315116,80,36
80,2052,1454.0463588122,93,13
78,1198,816.694839487708,80,2
5,1652,89.2432052859863,82,77
71,5268,3067.8160895246,82,11
68,3370,1815.60230087202,85,17
10,2800,179.850371342592,79,69
93,2454,2110.81839548883,97,4
67,5276,2766.0736232145,82,15
30,2339,327.711958310823,81,51
98,3671,3442.08236737474,98,0
14,1456,108.677043373158,65,51
97,5295,4877.76376983896,99,2
59,4845,1998.82021870002,76,17
81,7315,5279.09306622068,83,2
33,1733,273.615911150684,84,51
16,5942,478.882851800827,86,70
94,3962,3456.59631529402,99,5
59,8143,3359.42064827127,77,18
31,4719,688.059459165191,89,58
65,4110,2036.64623805751,70,5
90,6180,5111.68952469083,91,1
28,2623,339.327399868883,90,62
6,2205,123.032436448498,79,73
44,1415,343.221860858843,81,37
60,6361,2709.379945758,87,27
1,3465,167.819579820225,89,88
41,3769,814.888307675007,84,43
48,9928,2796.90977403016,74,26
98,3298,3092.34204511084,98,0
13,1797,129.120197724442,78,65
44,2007,486.8171552959,73,29
28,2587,334.67021862783,49,21
92,5433,4611.51878354901,96,4
63,3047,1423.6448661993,77,14
63,7154,3342.55181253357,80,17
17,4064,340.443059600206,68,51
90,6963,5759.33562466379,93,3
16,6646,535.620234444345,77,61
13,8246,592.501474922507,77,64
42,8583,1928.66988723601,66,24
25,2437,279.727326208576,55,30
96,5494,4964.38525334245,97,1
9,7097,439.525286312722,69,60
18,9636,839.215344788981,69,51
78,7000,4772.00657463602,81,3
12,2459,170.142742497235,69,57
69,1337,739.732312780236,81,12
25,4591,526.970929266957,79,54
20,8201,772.42286650698,78,58
71,8278,4820.68746945418,73,2
9,4137,256.209117863284,62,53
82,7407,5440.41032642163,84,2
58,7070,2823.66278428406,84,26
62,3971,1800.01724578832,76,14
89,3768,3076.01470567482,92,3
83,4152,3101.68746636379,87,4
93,9443,8122.43606707458,96,3
20,2155,202.971744582678,78,58
69,5832,3226.71566801371,71,2
86,6214,4864.9876175418,87,1
69,3967,2194.85271862318,88,19
71,2461,1433.16161661352,90,19
25,8334,956.605472557355,54,29
71,8764,5103.70922714381,73,2
11,3112,207.416429229978,57,46
63,6680,3121.08556160529,71,8
26,6297,752.166598988648,62,36
2,3709,183.895530799549,76,74
37,5697,1053.73576571801,66,29
52,3733,1215.14121755973,87,35
89,3623,2957.64365144901,96,7
87,8300,6592.64966745241,98,11
65,2972,1472.72813126689,94,29
38,9807,1886.57293698271,62,24
25,4627,531.103134331999,81,56
35,6323,1080.74646715021,62,27
16,6733,542.631814401711,67,51
71,7886,4592.40654555638,84,13
21,8737,855.934979280345,31,10
89,8578,7002.66829757925,92,3
17,4352,364.568945713606,61,44
98,6953,6519.4221466512,98,0
35,5573,952.554177040661,75,40
37,3563,659.024141346898,90,53
63,9638,4503.14710220835,73,10
29,1473,198.312284706311,80,51
19,9377,849.219371610326,80,61
44,1435,348.073053238473,82,38
90,5397,4464.04342471786,95,5
56,4908,1834.30706024391,82,26
12,3682,254.764366764872,90,78
4,1218,63.8059282601256,66,62
37,4864,899.66135939133,73,36
76,8470,5539.38399983894,78,2
84,5816,4415.9986125741,95,11
93,6255,5380.26449216896,93,0
20,7019,661.094512865808,52,32
42,2144,481.774232579985,79,37
49,3689,1078.06687005938,75,26
45,5670,1428.34228144531,84,39
30,2393,335.277775219238,78,48
45,7097,1787.82101788667,73,28
43,6120,1428.9629521422,56,13
9,8287,513.223340520435,74,65
94,5620,4903.09724683301,94,0
78,4160,2835.93533578369,86,8
60,5269,2244.25765354487,74,14
76,1885,1232.79089016487,79,3
62,1723,781.019822335249,79,17
22,3738,380.951154874406,71,49
27,3838,477.096684685204,89,62
4,4017,210.433837291399,88,84
65,5183,2568.35461115622,85,20
51,6205,1949.21806822336,88,37
85,6437,4964.47881790412,94,9
74,1030,644.414516499095,82,8
34,5406,888.119710484139,70,36
47,5489,1490.21912174879,86,39
16,3175,255.882372007342,77,61
21,4917,481.70221965451,81,60
84,3419,2595.99368232305,89,5
57,3881,1499.78500609755,80,23
69,2960,1637.70205372438,85,16
99,8655,8242.85714285714,99,0
16,1843,148.532665073868,87,71
22,4265,434.659356752098,88,66
63,7499,3503.74560276618,84,21
70,3901,2215.05083455977,73,3
92,5898,5006.20978931936,94,2
67,6758,3543.04881457232,87,20
58,3760,1501.69336193891,64,6
58,7041,2812.08057484357,86,28
1,5204,252.044182794936,59,58
15,8831,684.861106800967,72,57
87,2456,1950.78886545339,89,2
60,8828,3760.16446488786,82,22
82,8155,5989.81317834055,98,16
92,5690,4829.65983405004,95,3
26,9813,1172.14718689465,76,50
37,6305,1166.19343564193,59,22
66,3852,1963.98594616081,92,26
94,5610,4894.37287450768,98,4
23,5110,541.78948693105,84,61
84,9152,6948.97168195979,85,1
16,6211,500.562334657512,70,54
70,5301,3009.99345654994,85,15
52,3106,1011.04436692754,83,31
66,5370,2737.95548569148,94,28
36,4980,885.526940044527,87,51
16,1972,158.929145700308,71,55
54,4253,1484.69513306996,74,20
64,8866,4267.34541589911,85,21
51,9930,3119.37718250733,76,25
15,2097,162.626400290072,88,73
41,1308,282.800187434043,59,18
82,4835,3551.28715110687,82,0
93,7484,6437.39399830416,93,0
27,9825,1221.33270636585,80,53
74,9442,5907.34161629559,80,6
10,4824,309.856496913094,66,56
1,1595,77.2502827743895,26,25
6,9435,526.444915143572,77,71
94,3930,3428.67832385297,94,0
89,1788,1459.63755141894,95,6
29,6080,818.559871700184,49,20
26,3964,473.493472826902,75,49
43,6236,1456.04787084293,82,39
72,9225,5505.92706472478,90,18
80,6491,4599.5199391082,89,9
66,2350,1198.17418833798,76,10
1,1994,96.574961662779,84,83
61,7958,3497.70619356968,81,20
36,6703,1191.90503596756,61,25
79,7497,5212.44994052871,92,13
26,1185,141.546358551937,65,39
83,6505,4859.45977088066,83,0
7,7401,427.11594824371,74,67
90,4922,4071.15466675215,92,2
1,9393,454.929094733442,72,71
12,3707,256.494162845568,69,57
0,1700,109.874694372433,80,80
76,1850,1209.90087363661,81,5
86,1438,1125.82108046751,87,1
74,2018,1262.55193620891,78,4
14,2856,213.174200462733,88,74
9,6584,407.754612524019,71,62
29,8751,1178.16076270531,79,50
73,9388,5738.79237129646,74,1
33,6770,1068.88616185235,71,38
55,5620,2030.4231854852,86,31
44,4207,1020.44831705523,76,32
43,3705,865.082963674319,74,31
0,5059,326.974164017727,87,87
77,4385,2928.95889166919,80,3
58,5738,2291.67992308655,85,27
88,3220,2593.48274979954,88,0
22,6524,664.881041840723,73,51
72,1071,639.224703124146,74,2
24,5810,640.915072239497,85,61
23,1194,126.594255850425,88,65
37,9845,1820.9634217121,80,43
70,5260,2986.7129940488,83,13
84,4356,3307.44325247125,97,13
92,3374,2863.84398595516,95,3
12,2852,197.335136885773,81,69
37,7115,1316.01368669188,44,7
47,5092,1382.4368314711,91,44
44,5319,1290.17461336268,90,46
76,4219,2759.2279923637,84,8
57,3772,1457.66272687451,72,15
92,3207,2722.09474302258,94,2
27,5571,692.523613960728,68,41
20,5796,545.904515824223,84,64
73,1761,1076.48203726598,82,9
25,9125,1047.39920051426,64,39
96,1934,1747.56481251625,97,1
48,5387,1517.62217492954,71,23
24,5513,608.152287995929,60,36
85,6679,5151.11915873569,92,7
74,5992,3748.86580860445,74,0
7,8693,501.678008118169,67,60
88,2587,2083.64592351907,91,3
23,2348,248.947498104522,88,65
85,3977,3067.22576647579,93,8
69,9129,5050.8723136655,71,2
35,7988,1365.3333511934,68,33
29,1699,228.739016779377,67,38
4,2202,115.353574736286,50,46
20,9589,903.153623574616,60,40
87,7792,6189.1477359987,90,3
73,8701,5318.83600582131,77,4
77,9120,6091.70013501094,92,15
21,4258,417.142170284504,61,40
18,3082,268.416530992075,60,42
26,8053,961.917996133966,80,54
62,1891,857.172654692952,76,14
83,4281,3198.0549237725,88,5
31,3144,458.414693709548,85,54
55,7365,2660.86597172571,77,22
54,6735,2351.14547877408,67,13
54,2301,803.264401879609,83,29
24,6075,670.147859527529,75,51
88,5386,4338.0428852237,89,1
70,4281,2430.82097481424,83,13
70,4400,2498.39109768341,91,21
13,7002,503.116095974702,38,25
50,9962,3018.93186853125,92,42
86,2086,1633.14518348764,95,9
93,8979,7723.32452041329,94,1
87,1481,1176.35110331289,90,3
3,1420,72.2808747244471,74,71
18,1590,138.475757390461,91,73
85,1225,944.770320325081,86,1
77,1915,1279.12343843706,91,14
1,3203,155.130191677975,39,38
98,1957,1834.96463986717,98,0
59,3420,1410.93191908237,84,25
24,3313,365.464997302832,69,45
64,5676,2731.94818189075,81,17
48,9278,2613.79219212851,84,36
59,8836,3645.32001082217,78,19
45,3309,833.577532504858,77,32
98,5451,5111.08444144912,98,0
16,5974,481.461823739169,30,14
46,3898,1019.5377612168,62,16
83,2640,1972.17122138738,91,8
64,1820,875.994660155243,74,10
2,5524,273.884850940067,84,82
29,5187,698.33389054422,82,53
1,1811,87.711763074871,83,82
57,7853,3034.73631870241,70,13
54,8717,3043.04901833314,67,13
55,7299,2637.02114428051,79,24
93,3984,3426.85431443663,93,0
13,4114,295.604058674654,84,71
5,2428,131.163742393689,81,76
80,1446,1024.63500723316,81,1
7,3410,196.793052764633,75,68
2,2387,118.349590730257,86,84
11,2478,165.159997311017,76,65
67,3687,1933.00103275054,84,17
16,5543,446.726295444629,86,70
30,7709,1080.09041753661,52,22
37,7331,1355.96575363854,85,48
25,9259,1062.78018603414,76,51
46,5868,1534.79927727557,81,35
37,4605,851.755871709925,78,41
27,8790,1092.67323042807,86,59
40,2439,507.281975380373,53,13
48,6361,1792.01682842525,91,43
45,3231,813.928379426774,75,30
97,1787,1646.18769720533,99,2
39,7751,1550.54618509082,80,41
61,7122,3130.26683973401,81,20
80,5629,3988.70709247266,85,5
66,5142,2621.70709635486,69,3
67,4944,2592.01440355809,78,11
94,7690,6709.04231817541,95,1
52,2624,854.14694746229,82,30
45,1082,272.569020903674,76,31
25,9688,1112.02229639257,84,59
59,1416,584.175320883227,85,26
97,1667,1535.64347579255,98,1
60,1409,600.144056527751,83,23
65,4751,2354.28376569616,66,1
34,7818,1284.37289984554,67,33
7,4273,246.597276968703,57,50
93,6809,5856.78991641542,97,4
15,5025,389.698455630717,81,66
74,2375,1485.90725891782,94,20
99,1336,1272.38095238095,99,0
69,6025,3333.49826813831,70,1
22,2064,210.348631262914,81,59
19,2086,188.916669422965,89,70
88,5330,4292.9388374011,91,3
94,9792,8542.90538095886,96,2
92,4250,3607.39091295478,94,2
8,6195,370.208555946678,89,81
17,8391,702.917744366469,90,73
42,3532,793.669118224117,45,3
27,7452,926.348226751991,59,32
60,3466,1476.29474799516,82,22
16,3739,301.336752420615,81,65
9,4292,265.808444251684,55,46
8,1984,118.562352703504,90,82
19,2755,249.50403847568,79,60
46,9701,2537.33602400311,86,40
71,3269,1903.69984750492,75,4
0,1783,115.239164744734,37,37
26,7503,896.221374021253,67,41
59,5834,2406.83532629431,89,30
63,2854,1333.46978934454,84,21
74,1377,861.513387591509,86,12
17,6824,571.64946818696,87,70
77,1854,1238.37851428841,84,7
63,7243,3384.13513812981,79,16
42,3085,693.224583726331,81,39
65,3332,1651.12050248361,77,12
98,4163,3903.40204178181,98,0
16,3823,308.106553758761,82,66
89,7497,6120.19167952339,92,3
10,3238,207.984108002611,76,66
31,7324,1067.88461091881,59,28
45,6633,1670.93374829396,65,20
42,3060,687.606880454642,57,15
89,2796,2282.52046631284,90,1
86,3060,2395.69715315061,89,3
92,2884,2447.93303363802,94,2
51,2350,738.22118619257,66,15
12,7899,546.546369656634,56,44
14,6697,499.86961502063,76,62
73,2694,1646.81579125188,76,3
37,1688,312.218004657189,91,54
98,2763,2590.70378127388,98,0
70,6433,3652.76134804486,92,22
14,9248,690.278363403134,71,57
53,9549,3219.62723237255,63,10
90,7864,6504.58356345771,97,7
24,5682,626.795084417353,65,41
14,6990,521.739377182948,65,51
12,8311,575.0534090665,60,48
10,1592,102.257782563359,70,60
19,8442,764.541957463407,73,54
68,3926,2115.14974279631,84,16
4,2980,156.10974237699,71,67
45,3427,863.303174340933,88,43
87,5581,4432.96118000625,87,0
3,8185,416.633070154647,51,48
15,4127,320.056821171735,73,58
36,1704,302.999579485115,45,9
96,8596,7767.35632284888,96,0
1,1525,73.8599882325667,65,64
23,4846,513.798797195278,66,43
20,7171,675.410849374656,83,63
81,1831,1321.39704774437,89,8
25,2416,277.316873253968,91,66
83,6174,4612.19133365368,90,7
9,7237,448.195645631276,89,80
22,1621,165.20112949476,75,53
68,3773,2032.72032082793,74,6
18,6166,537.00724532678,78,60
10,4938,317.178976317756,87,77
16,9086,732.2668447429,73,57
61,2869,1260.98505520877,89,28
90,2015,1666.67546800194,95,5
49,2747,802.778447290082,92,43
99,5402,5144.7619047619,99,0
79,6127,4259.92807597964,95,16
25,4598,527.774413585159,86,61
5,5519,298.143613785326,61,56
87,5466,4341.61723883071,90,3
30,1094,153.277846255682,78,48
75,1384,885.608678933967,80,5
96,9613,8686.31879147816,96,0
52,2237,728.173293244338,61,9
81,1845,1331.50057514383,84,3
79,7686,5343.85624155044,79,0
25,4004,459.593030011957,80,55
73,7222,4414.73780416521,84,11
60,5322,2266.83227029148,71,11
93,4533,3899.07896770614,96,3
7,8088,466.763111659928,48,41
93,3368,2896.99933007595,95,2
81,9987,7207.4234384615,95,14
57,2688,1038.75859221598,81,24
25,8120,932.041809115157,82,57
84,4068,3088.76931842356,86,2
94,8709,7598.05585812609,94,0
12,2325,160.871035504706,82,70
66,2635,1343.48467500876,69,3
72,2896,1728.47314682309,85,13
16,1498,120.728123863621,80,64
28,3991,516.300287028864,32,4
42,9685,2176.29824745203,74,32
99,7466,7110.47619047619,99,0
34,1038,170.526870048564,38,4
66,9975,5085.86703347719,87,21
11,1700,113.305890003523,72,61
86,6189,4845.41492838208,93,7
5,9724,525.303225303227,68,63
26,1823,217.754440202685,72,46
30,8208,1150.00417007919,82,52
36,4863,864.722391453119,83,47
21,3575,350.230920330461,48,27
97,4334,3992.48879669161,97,0
7,4047,233.554687547939,85,78
34,7580,1245.27328995001,71,37
49,9811,2867.14937981907,87,38
69,6249,3457.43247760934,71,2
88,3584,2886.65906064644,92,4
88,4658,3751.69026352989,91,3
82,2248,1651.14653892208,89,7
73,1057,646.13373843847,80,7
12,3578,247.568415069178,78,66
66,8605,4387.35697474398,76,10
78,1243,847.372024610368,82,4
67,2163,1134.00630155666,83,16
56,1307,488.475820647676,74,18
38,4976,957.233296056484,79,41
69,3901,2158.3363890469,92,23
29,4948,666.156948219163,88,59
16,9787,788.762448767198,66,50
53,4408,1486.24116036215,54,1
74,9296,5815.99742269475,86,12
91,5601,4693.01811059568,91,0
77,6370,4254.83880044076,81,4
24,6030,665.183801308807,29,5
77,3881,2592.31230526069,81,4
39,9394,1879.21956686146,76,37
65,5739,2843.87171781315,93,28
65,3562,1765.09340631651,94,29
88,2957,2381.6548109184,89,1
61,7814,3434.41520439224,63,2
94,9820,8567.33362346977,99,5
62,1984,899.328686890966,67,5
32,2246,340.787333550223,91,59
44,1753,425.207012074595,84,40
91,2276,1907.03610421635,93,2
62,4047,1834.4673366168,75,13
70,8452,4799.18217218641,70,0
61,8699,3823.39107537857,88,27
27,6179,768.103286782146,65,38
70,8942,5077.41208988297,76,6
6,2547,142.115018428265,70,64
63,2174,1015.75449265418,73,10
3,4901,249.47082184825,6,3
34,1229,201.905128410101,70,36
19,9746,882.637516872586,67,48
50,9520,2884.98608596843,72,22
27,6970,866.431446653432,80,53
8,8624,515.363775057974,59,51
19,4171,377.742774766628,75,56
4,9817,514.271590911045,72,68
41,2338,505.494524633634,49,8
92,4793,4068.28815195112,92,0
72,4023,2401.12136383608,75,3
69,8823,4881.56933108453,70,1
70,7970,4525.49478375836,86,16
65,5075,2514.83689979121,87,22
28,3543,458.344253806882,78,50
62,3443,1560.67977266411,80,18
12,7146,494.444911706077,30,18
99,4148,3950.47619047619,99,0
91,8917,7471.45911304796,93,2
61,3878,1704.461500209,78,17
6,9041,504.460887950507,27,21
32,1755,266.287520205094,80,48
21,4445,435.461941501789,80,59
18,9502,827.545060832803,69,51
23,2715,287.858797850842,79,56
43,3583,836.597100902857,69,26
51,4531,1423.35327431427,72,21
70,3254,1847.67377996859,74,4
9,3628,224.68616862654,68,59
57,9602,3710.62500091437,80,23
70,1958,1111.78403846912,83,13
73,5373,3284.46222954579,79,6
58,7009,2799.30020580579,85,27
10,8031,515.849404375841,66,56
80,8221,5825.39722991965,81,1
55,2423,875.394195450293,85,30
3,4482,228.142873602093,43,40
1,4784,231.702415543999,73,72
43,2535,591.898869882429,74,31
58,6246,2494.56828156128,87,29
67,5368,2814.30690095061,68,1
98,8391,7867.75078851578,98,0
5,8193,442.596598612643,84,79
81,2449,1767.39561437791,86,5
53,4644,1565.81305551766,68,15
13,8505,611.111453336881,79,66
55,1098,396.691220224689,74,19
72,3190,1903.94659473952,75,3
13,6833,490.972905426327,45,32
80,3025,2143.51375994489,83,3
90,5777,4778.35443109044,94,4
77,2212,1477.50446257064,87,10
36,6136,1091.08299279382,69,33
63,5454,2548.26357080767,69,6
15,6665,516.883623239548,88,73
6,3009,167.89324320795,84,78
32,3956,600.246968621854,75,43
42,8895,1998.77882406668,78,36
91,5893,4937.68179356192,91,0
9,5841,361.73977699769,67,58
6,2665,148.699067181518,68,62
56,9153,3420.82569731307,74,18
55,9376,3387.41063827567,75,20
93,6067,5218.55550343551,95,2
84,6398,4857.90218762879,90,6
83,3457,2582.49845164249,83,0
4,2830,148.251869438551,21,17
94,8345,7280.48870548424,96,2
66,5451,2779.25425558738,69,3
63,4269,1994.59794348697,84,21
93,4424,3805.32216040855,93,0
27,4386,545.217837162404,62,35
84,6812,5172.24596782234,87,3
46,4229,1106.11215807743,75,29
16,9142,736.780045634998,60,44
2,3356,166.393475697839,76,74
39,7824,1565.14944551033,79,40
69,9330,5162.08113555692,71,2
7,9043,521.876708548557,65,58
36,8727,1551.80594493345,66,30
68,3918,2110.8397076607,68,0
76,3403,2225.56360701912,77,1
77,1376,919.0986168613,80,3
29,5371,723.106097187778,81,52
27,3064,380.88177224478,79,52
71,6696,3899.41088372375,78,7
48,8563,2412.36285203669,90,42
66,7352,3748.5006947493,66,0
84,4290,3257.33047591865,84,0
21,3020,295.859406824613,67,46
76,2873,1878.94335673404,83,7
94,5912,5157.84891873251,98,4
74,8670,5424.34355150209,82,8
39,9525,1905.42541775127,74,35
64,2124,1022.31464734601,93,29
74,7760,4855.00645440095,82,8
53,5387,1816.32965763859,77,24
69,8535,4722.22534747892,91,22
8,7448,445.086896640978,85,77
61,9730,4276.53697705868,76,15
15,8852,686.489697361812,81,66
81,8943,6453.9889666728,85,4
83,4454,3327.29190153765,87,4
39,8703,1740.98870453431,85,46
21,2291,224.441689084499,77,56
81,2003,1445.52609865209,82,1
97,9909,9128.1890831604,97,0
64,7444,3582.91442318441,81,17
60,1754,747.092033463219,86,26
54,2366,825.955486678468,65,11
88,7944,6398.33135540607,92,4
80,9761,6916.64059861887,95,15
33,6638,1048.04524998167,84,51
85,8256,6367.36633845214,94,9
71,4872,2837.20576844416,79,8
97,5885,5421.27285845181,97,0
76,3446,2253.68562732527,84,8
93,4693,4036.70363896866,95,2
96,9912,8956.49556445766,99,3
21,4899,479.938819216483,59,38
84,4312,3274.03473476952,86,2
29,7507,1010.67910474561,52,23
67,1005,526.896131791238,90,23
20,8923,840.425464924007,60,40
98,3207,3007.01665817782,98,0
84,1995,1514.77256397616,85,1
90,6640,5492.1712692471,92,2
76,6706,4385.72716681463,87,11
28,9567,1237.64591480961,77,49
11,8311,553.932501070164,85,74
63,3557,1661.93133871707,82,19
8,7762,463.851301252319,45,37
25,7768,891.638026256963,69,44
6,2952,164.712812877989,58,52
55,3238,1169.84168587208,62,7
66,4556,2322.92834130547,72,6
3,6439,327.75813545825,77,74
77,2539,1695.92397399044,81,4
80,5439,3854.07317036042,80,0
21,3437,336.71151697225,79,58
91,3379,2831.22802994158,93,2
5,3974,214.680688744861,69,64
38,5459,1050.14802314557,84,46
26,1388,165.79438453172,80,54
40,9241,1922.01424128332,79,39
18,1520,132.379340398428,56,38
1,1012,49.013972518923,17,16
73,1355,828.298217203526,82,9
69,4595,2542.31112731876,73,4
63,7770,3630.36449306484,81,18
2,8223,407.703680173817,60,58
58,7766,3101.63581085573,66,8
80,8928,6326.3771400952,90,10
28,8219,1063.26035056132,86,58
3,1940,98.7499274404418,57,54
61,4159,1827.96683325663,88,27
80,3301,2339.08724680267,91,11
86,1717,1344.25229149007,94,8
21,8567,839.280641810086,89,68
87,3319,2636.26557184031,93,6
41,1837,397.174269354998,92,51
53,1090,367.514261523309,78,25
61,8699,3823.39107537857,84,23
34,5459,896.826766469277,68,34
59,9507,3922.14320313336,87,28
78,9091,6197.47311000229,80,2
53,7421,2502.13149978392,72,19
72,1288,768.740819443417,82,10
64,5432,2614.50713954027,77,13
8,7683,459.130320474306,38,30
80,4799,3400.56943271918,85,5
99,8187,7797.14285714286,99,0
58,4236,1691.80135137585,60,2
74,3044,1904.4638720614,93,19
45,7625,1920.83066949215,57,12
67,3593,1883.71920549842,67,0
31,1291,188.235804573482,68,37
88,6954,5600.95622425652,94,6
9,1349,83.5451051480712,48,39
77,3621,2418.64541544678,78,1
55,1450,523.863633265755,87,32
61,6057,2662.17723227589,82,21
59,2075,856.047874881847,73,14
36,6888,1224.80111707363,71,35
81,1088,785.188415044169,85,4
22,4476,456.163020122483,87,65
42,2871,645.137043720679,78,36
57,6301,2434.97689343485,67,10
76,9885,6464.79466805289,94,18
10,6830,438.706441524965,85,75
65,4542,2250.71708351757,78,13
34,6089,1000.32573383979,47,13
56,5234,1956.14571175971,65,9
28,5176,669.59916954683,69,41
67,5975,3132.54167905736,93,26
24,5011,552.775460755959,70,46
57,2376,918.188398476624,65,8
67,1522,797.946181677874,73,6
90,4285,3544.27016396443,99,9
16,1420,114.441879763914,88,72
24,3808,420.069637708779,48,24
25,1419,162.877749647095,76,51
30,5893,825.654797060999,78,48
9,7073,438.03893900097,81,72
30,6055,848.352247786247,76,46
45,3448,868.593330938879,56,11
7,9061,522.915498856405,59,52
68,2667,1436.85796333106,86,18
53,1172,395.162123399374,53,0
27,6278,780.409845350108,85,58
43,6414,1497.60921160785,65,22
25,8598,986.908309701,55,30
16,6057,488.151032204242,58,42
98,6651,6236.25437902735,99,1
85,7659,5906.93541499575,88,3
98,8325,7805.86644194898,99,1
39,5770,1154.25770713121,81,42
16,3372,271.759168002758,64,48
0,4281,276.690333299049,87,87
13,3706,266.287953682126,36,23
59,2699,1113.48106713547,59,0
69,5251,2905.26131219822,82,13
13,4580,329.087649180825,78,65
71,3830,2230.39780236887,91,20
51,6727,2113.1974125606,52,1
93,7606,6542.33281014183,97,4
55,7925,2863.18571974559,77,22
55,5931,2142.7829026891,83,28
12,8328,576.229670401373,75,63
86,1917,1500.83380476788,89,3
8,2293,137.027961063072,59,51
64,7966,3834.16124329487,65,1
85,3187,2457.94531500084,87,2
41,1962,424.200281151065,56,15
49,1234,360.621989062964,79,30
7,2631,151.836516663856,68,61
54,9028,3151.61713175537,75,21
8,3347,200.014210936809,85,77
33,2342,369.768300008599,79,46
27,2216,275.468018046486,27,0
62,3164,1434.21167607007,72,10
25,4611,529.266598747536,70,45
87,9007,7154.21633189685,88,1
41,9059,1958.62912688456,69,28
79,7083,4924.60756686206,93,14
13,3461,248.683920046907,88,75
60,8024,3417.71178820346,82,22
82,9134,6708.88455805795,83,1
78,9897,6746.93558131039,78,0
20,3482,327.957129761895,76,56
59,3382,1395.25489775923,86,27
43,3249,758.611214299019,81,38
71,2405,1400.55005605669,89,18
62,8304,3764.12571368074,84,22
48,8514,2398.55860355487,69,21
65,5413,2682.32751498913,69,4
61,9475,4164.45918372364,85,24
37,1322,244.521446775357,72,35
2,3780,187.415774176946,76,74
70,6287,3569.86018889445,78,8
69,9712,5373.4332249227,77,8
18,5492,478.307458860635,76,58
96,3382,3055.97941878489,96,0
35,9862,1685.64315341378,85,50
76,7150,4676.10337648742,82,6
78,8822,6014.09171449128,83,5
21,4460,436.931441866812,43,22
42,3036,682.213885313822,53,11
55,2029,733.047801307736,85,30
39,7722,1544.74488985567,64,25
15,9677,750.470040823571,63,48
74,3249,2032.72113019957,80,6
11,5864,390.838669988622,80,69
77,3211,2144.78608920177,88,11
70,1654,939.167926265536,80,10
93,4706,4047.88564350873,93,0
65,2708,1341.9070590413,89,24
73,9167,5603.69723771566,86,13
10,3211,206.249836564665,76,66
30,1416,198.392532265124,90,60
66,1806,920.809610271659,93,27
87,4107,3262.17014267796,87,0
95,8911,7899.19486484278,96,1
19,2247,203.497486190509,86,67
98,8299,7781.48775996812,98,0
92,2999,2545.54478775327,98,6
66,2201,1122.20484618379,66,0
97,7076,6518.42425597366,97,0
79,5307,3689.80550011816,83,4
52,6424,2091.09755735433,80,28
15,7764,602.113195923758,31,16
25,2527,290.057838871183,83,58
69,5929,3280.38360693644,88,19
40,2104,437.606099303118,65,25
98,8860,8307.50470578594,98,0
29,4350,585.647276627599,77,48
24,6063,668.824110669203,64,40
7,5050,291.438391924163,68,61
22,2620,267.012312940327,84,62
60,3260,1388.55189799891,72,12
24,4488,495.082073013918,84,60
93,9377,8065.66589017879,93,0
89,6158,5027.0962201554,91,2
39,8764,1753.19142899444,70,31
99,9805,9338.09523809524,99,0
46,7576,1981.53362723921,72,26
66,8511,4339.43000721046,81,15
81,5489,3961.30442111897,89,8
5,8826,476.792088289416,51,46
93,1724,1482.9058328536,96,3
96,3134,2831.88630942396,97,1
85,4464,3442.82017137238,89,4
37,2524,466.847300802573,71,34
16,4943,398.370571600721,87,71
2,1950,96.6827406468374,62,60
70,1157,656.963295459024,72,2
5,2204,119.062968795589,77,72
29,9537,1283.98116717182,73,44
21,7243,709.572742924063,62,41
25,5937,681.469485309937,73,48
94,2315,2019.69219331288,94,0
12,4932,341.25417079966,85,73
96,6628,5989.06906792024,97,1
32,6015,912.660646173016,84,52
67,4748,2489.25655098985,83,16
44,7706,1869.16442387155,64,20
26,1734,207.123532260809,71,45
35,2067,353.297951541907,92,57
80,2538,1798.42575958352,89,9
27,4766,592.45513267579,81,54
27,1922,238.921268359813,79,52
19,7279,659.215933235743,83,64
12,2224,153.882659338695,76,64
84,8410,6385.58258798971,90,6
18,7364,641.343067561857,90,72
8,4666,278.836662154512,89,81
83,1379,1030.16064935349,90,7
11,6316,420.964706624853,73,62
19,4162,376.927698052914,23,4
35,8980,1534.88902024495,80,45
67,6894,3614.35018166049,73,6
37,8704,1609.92032733185,86,49
37,9878,1827.06720971784,86,49
24,9106,1004.5047586597,83,59
60,7088,3019.03553773506,73,13
22,4275,435.678487717519,80,58
77,6395,4271.53753984594,88,11
28,5212,674.256350787883,66,38
17,8323,697.221354589694,82,65
27,4797,596.308701520304,82,55
64,4368,2102.38718437258,83,19
90,3713,3071.14938595098,97,7
8,3869,231.208539621904,90,82
19,4304,389.78779731373,65,46
61,4578,2012.12603093265,72,11
76,2911,1903.795374679,80,4
44,1190,288.645946588002,68,24
76,6190,4048.26292314086,77,1
79,2880,2002.38172985497,79,0
61,2262,994.195954995554,61,0
86,9559,7483.81342711331,91,5
46,7865,2057.1227531991,75,29
6,7825,436.611707578002,39,33
5,5827,314.782177482713,60,55
46,9822,2568.98406636002,79,33
32,1613,244.741749339497,56,24
96,9906,8951.07395697312,97,1
0,2502,161.709697246957,10,10
79,6534,4542.90354960845,79,0
47,2556,693.933334886121,57,10
87,2201,1748.24360458587,92,5
2,1189,58.9516813482511,82,80
61,1426,626.756601159885,61,0
23,2589,274.499605022405,55,32
12,4699,325.132471327576,78,66
26,1663,198.642695588077,75,49
34,8990,1476.91383596974,82,48
39,5905,1181.26373667414,82,43
70,6993,3970.73839684093,82,12
25,8414,965.788150479672,71,46
7,5581,322.082706005694,89,82
99,7152,6811.42857142857,99,0
55,9929,3587.2013894453,85,30
95,7908,7010.08113468485,95,0
97,4222,3889.31419003968,99,2
74,6395,4001.00080874924,90,16
80,8797,6233.55059379676,92,12
88,5205,4192.26015922565,91,3
35,2438,416.710404382762,79,44
40,1486,309.069707017316,75,35
14,8942,667.438270496413,79,65
87,5829,4629.94637488917,92,5
59,5739,2367.64277298647,75,16
91,4000,3351.55730090746,96,5
86,9732,7619.25643609862,91,5
62,5123,2322.20809624114,76,14
54,5219,1821.91956254223,56,2
79,2928,2035.75475868588,87,8
29,3934,529.640548563902,66,37
9,5567,344.770645188519,86,77
62,6879,3118.18651064665,86,24
30,8287,1161.07268000076,90,60
1,9004,436.088743636741,69,68
76,1952,1276.60892180468,82,6
19,6042,547.188167139766,67,48
93,3185,2739.59111231945,96,3
32,1030,156.282704165953,67,35
1,6729,325.904171027503,78,77
74,4971,3110.0820985602,90,16
97,4064,3743.76429851285,97,0
98,7706,7225.46628248154,99,1
52,8275,2693.6227096991,80,28
5,2887,155.959524007653,87,82
20,8195,771.857747960578,66,46
36,2396,426.048704487286,87,51
10,4614,296.367719062399,86,76
11,3375,224.945516918759,68,57
4,5336,279.530733330074,71,67
21,2801,274.404701495278,62,41
75,9357,5987.45694276382,84,9
92,9430,8004.16383745025,96,4
11,7483,498.745867586095,87,76
0,5297,342.356621229868,87,87
78,5648,3850.32759050632,83,5
75,2906,1859.52226949574,86,11
97,9461,8715.49065655268,97,0
71,2780,1618.93104192832,78,7
31,1963,286.217571167889,52,21
11,3507,233.743386024915,78,67
22,5207,530.661493694765,75,53
47,4832,1311.84893355623,87,40
51,2101,660.001154123655,88,37
79,9296,6463.24325025409,80,1
28,4954,640.879885227009,85,57
84,3830,2908.05960903693,90,6
2,2880,142.792970801483,87,85
65,6107,3026.2283639458,88,23
11,1790,119.304437121356,53,42
47,4419,1199.72277263762,85,38
18,4705,409.766313535923,80,62
5,5097,275.346620667477,59,54
34,2604,427.795731798131,87,53
69,3272,1810.32470263046,83,14
79,8447,5872.95780280726,89,10
82,6371,4679.47268659811,82,0
30,3625,507.890486907538,31,1
66,8717,4444.46144669881,75,9
18,5045,439.37748178294,87,69
29,5282,711.123888539535,60,31
84,5351,4062.93132322627,94,10
14,5160,385.146664701576,75,61
50,2976,901.861196622064,77,27
85,8422,6495.39235736966,87,2
16,3188,256.930079357293,89,73
75,6304,4033.87074566454,89,14
36,4124,733.31588368346,74,38
2,1339,66.3888152441617,69,67
3,1175,59.8098787332572,40,37
15,6614,512.928474734639,73,58
53,3534,1191.55541304897,78,25
1,6328,306.482626580775,70,69
1,7355,356.223090787232,74,73
51,6795,2134.55870645894,87,36
66,9950,5073.1204995587,80,14
88,3117,2510.52351898297,92,4
47,4175,1133.47874536367,75,28
5,9081,490.567522519396,62,57
12,7791,539.073650588028,81,69
31,8175,1191.965687365,86,55
67,1233,646.430776615518,72,5
86,1467,1148.52539989279,87,1
38,2996,576.340626001854,79,41
54,9818,3427.40108546458,76,22
91,8113,6797.79609556556,93,2
11,2442,162.760578463884,90,79
11,2692,179.423209346755,86,75
72,8400,5013.52708332663,74,2
79,1959,1362.03673916176,93,14
6,6046,337.348803069214,76,70
62,6801,3082.82983848057,73,11
56,9977,3728.78596985606,62,6
53,6153,2074.60114784672,68,15
71,6416,3736.3530809396,72,1
60,9800,4174.17441729735,66,6
26,2053,245.227573086183,79,53
93,4430,3810.4830855809,98,5
72,8993,5367.458221471,80,8
24,2565,282.951318467179,91,67
20,4236,398.973693759732,71,51
49,5900,1724.20562031725,68,19
57,9556,3692.84862619639,66,9
97,4567,4207.12882660143,97,0
6,3151,175.816420521187,62,56
58,1526,609.463848489034,68,10
96,6298,5690.88065627062,96,0
50,5409,1639.16909023143,84,34
94,1984,1730.91546934461,95,1
69,6554,3626.18218246946,87,18
41,5193,1122.7686340558,84,43
77,6981,4662.95599150344,85,8
33,5536,874.055213000684,65,32
12,6804,470.781301322159,79,67
96,4380,3957.77346371313,97,1
92,9515,8076.31165570934,96,4
82,4790,3518.23484049678,87,5
59,4852,2001.70809104902,77,18
80,3052,2162.64594887663,88,8
60,7214,3072.70349452889,70,10
77,6186,4131.93607841861,78,1
66,7667,3909.10702212226,81,15
38,7655,1472.59262084252,72,34
23,5930,628.730265655798,91,68
87,5470,4344.79441939333,87,0
29,3475,467.844663512852,76,47
73,1372,838.690150555895,88,15
34,4685,769.670892271215,78,44
70,3797,2155.99795406907,83,13
40,9196,1912.6547952431,66,26
17,4035,338.013716901287,31,14
75,6489,4152.25051849893,81,6
5,9244,499.372996164442,76,71
47,1405,381.446140655321,87,40
41,3478,751.971752213763,57,16
51,1675,526.178930584066,82,31
44,3989,967.570320117262,84,40
59,3801,1568.11468550646,69,10
55,8933,3227.36126618137,87,32
30,9334,1307.76546339171,68,38
58,7518,3002.58795081295,71,13
45,2949,742.889133682933,85,40
10,9631,618.621045143036,84,74
17,8104,678.875628690962,91,74
34,4845,795.956344301822,59,25
54,5248,1832.04327729865,89,35
10,9297,597.167465132884,79,69
45,2911,733.316469362841,45,0
14,8654,645.941712466557,74,60
41,2634,569.49212056672,58,17
38,9724,1870.60622404607,79,41
24,2272,250.629783843053,91,67
39,7069,1414.1157247332,92,53
89,3441,2809.06756959317,97,8
28,1745,225.743924045444,60,32
9,4508,279.185570057454,48,39
52,4462,1452.44042666796,69,17
67,8887,4659.22977435694,76,9
35,9621,1644.45069752525,87,52
47,3609,979.814321441318,62,15
19,1956,177.143339113767,65,46
7,2696,155.587703886643,14,7
85,2745,2117.056758606,89,4
52,9444,3074.1477789001,61,9
60,8459,3602.99401999166,72,12
85,2540,1958.95233765364,94,9
80,8989,6369.60171508913,80,0
82,5593,4108.03496093914,90,8
84,2684,2037.91957980552,97,13
22,5954,606.790576811721,80,58
54,4225,1474.92051192584,88,34
63,2494,1165.26757344964,65,2
34,4259,699.685876239724,62,28
67,5116,2682.1896619343,68,1
27,2348,291.876762803767,76,49
2,8459,419.404770836717,73,71
7,3055,176.305799470954,11,4
25,7947,912.184268108147,87,62
78,9234,6294.95838716986,78,0
93,1336,1149.166005042,93,0
99,1728,1645.71428571429,99,0
40,4471,929.912961019126,82,42
59,9983,4118.51852286529,73,14
91,5674,4754.18403133724,93,2
64,6613,3182.9410371465,88,24
1,4760,230.540028843946,87,86
96,7630,6894.47751783817,97,1
88,7593,6115.62562708941,94,6
9,6900,427.324852128756,87,78
20,3361,316.560572409457,84,64
68,8975,4835.32066775264,68,0
55,8327,3008.42239600272,69,14
41,2385,515.656305068955,68,27
80,6476,4588.89094525723,89,9
52,7271,2366.80733803289,74,22
85,2249,1734.52118400907,87,2
3,7918,403.042229625473,70,67
10,1255,80.6115057267688,71,61
94,2687,2344.238843815,94,0
36,7742,1376.65654012545,91,55
55,4401,1590.01644827765,76,21
9,3797,235.152530946795,82,73
8,6542,390.94501581972,71,63
12,1174,81.2312239494731,55,43
41,5340,1154.55122392797,91,50
53,7233,2438.74371889733,75,22
54,7579,2645.78048754696,77,23
8,1510,90.2364680354292,64,56
71,1671,973.105673043965,83,12
5,7979,431.036038121601,49,44
5,4810,259.842504494912,60,55
2,2696,133.670086555833,68,66
43,6252,1459.7837216982,56,13
41,3638,786.565047312729,81,40
96,4615,4170.11975685756,96,0
15,1742,135.095464618648,86,71
56,4503,1682.94309133626,82,26
72,1694,1011.06129513754,76,4
69,8418,4657.49185413914,77,8
89,6421,5241.79682195807,97,8
66,6018,3068.34564485872,84,18
19,7319,662.838496407804,64,45
36,4652,827.203077326735,68,32
1,7384,357.62764138313,80,79
61,8663,3807.56832808421,92,31
51,1410,442.932711715542,78,27
98,6393,5994.34284244803,98,0
49,8834,2581.63261862417,85,36
15,9106,706.187887954887,88,73
40,8561,1780.58261223099,68,28
29,7589,1021.71889248893,81,52
85,7932,6117.48422923963,90,5
14,3788,282.739450753792,57,43
49,8285,2421.19382446244,84,35
78,3752,2557.79552400491,79,1
84,5824,4422.07288851987,95,11
72,8494,5069.63083878291,83,11
94,4521,3944.28872827972,94,0
39,6462,1292.68861412165,75,36
58,3885,1551.61667849273,67,9
67,6225,3263.61036855766,80,13
76,4201,2747.45598386345,82,6
34,5397,886.641153807417,65,31
56,3655,1366.01310211726,88,32
40,4279,889.979324580818,55,15
32,1058,160.531166026775,69,37
26,1210,144.53256864797,85,59
84,4999,3795.66318161243,89,5
27,9387,1166.88550785305,48,21
35,6620,1131.51061403359,76,41
73,7553,4617.07485943781,74,1
94,9562,8342.24481747637,95,1
93,6747,5803.4603563012,97,4
81,2883,2080.60496376134,82,1
47,1960,532.124153512049,48,1
85,6341,4890.43967443375,89,4
41,4251,919.100609160641,57,16
84,4041,3068.26863710659,90,6
81,1386,1000.24921254708,82,1
14,4795,357.902763031794,76,62
83,1580,1180.31459461821,84,1
58,8109,3238.62539147941,88,30
64,7800,3754.26282923676,93,29
67,9500,4980.6102010117,76,9
58,3447,1376.68537728814,72,14
82,4283,3145.84547428971,82,0
3,6103,310.655055241761,71,68
96,2466,2228.28067614534,98,2
17,3999,334.997981137112,48,31
74,2247,1405.82467822667,94,20
2,4199,208.190168192857,81,79
95,9366,8302.5316018536,95,0
88,6940,5589.68021230087,91,3
45,6960,1753.30904389054,90,45
29,8051,1083.91867221352,79,50
87,8257,6558.49497640416,90,3
40,4050,842.350143620546,85,45
16,7063,569.22746251586,65,49
61,9738,4280.0531431241,70,9
81,9467,6832.14956362422,81,0
36,8720,1550.56122835106,85,49
19,7358,666.370495500563,31,12
61,2714,1192.85933769139,75,14
70,6159,3497.17972059821,72,2
89,1229,1003.296728576,92,3
38,6406,1232.3224466515,84,46
48,3958,1115.04521410268,83,35
21,4002,392.062697388113,82,61
89,7796,6364.28095685799,92,3
87,1583,1257.3692076599,89,2
34,7542,1239.03049509274,79,45
34,9493,1559.54872579096,81,47
94,2252,1964.72864766333,95,1
62,2551,1156.34449609821,62,0
24,6751,744.719045213226,41,17
29,2078,279.764377202793,79,50
21,3254,318.78361251897,85,64
6,5506,307.218410469582,70,64
96,4835,4368.91203129064,98,2
55,2956,1067.9592413335,82,27
18,6229,542.49402061961,72,54
66,4230,2156.71353900837,78,12
60,4690,1997.6406139923,74,14
10,5688,365.353182927379,68,58
93,1206,1037.34595964121,93,0
41,3981,860.724423681136,84,43
58,5239,2092.3860434037,89,31
1,1130,54.7290404608527,84,83
60,7794,3319.74647024648,89,29
18,4389,382.24534540046,76,58
76,5143,3363.52442870976,92,16
19,6855,620.8167636119,59,40
18,3273,285.051040213194,79,61
23,8224,871.952395405276,76,53
5,2463,133.054488268392,65,60
99,1246,1186.66666666667,99,0
67,3677,1927.75828517053,86,19
11,8036,535.603607099006,62,51
34,5388,885.162597130695,85,51
99,4078,3883.80952380952,99,0
96,8972,8107.11039187996,97,1
62,5406,2450.48935551036,69,7
8,5071,303.03915854812,68,60
31,3545,516.882980025556,84,53
89,9812,8010.04678664579,89,0
40,3895,810.112051704204,80,40
12,8175,565.643318387515,36,24
73,6679,4082.8072270866,84,11
13,6560,471.356982232797,84,71
35,2066,353.127028488427,71,36
66,2197,1120.16540075683,85,19
44,4246,1029.90814219551,45,1
18,2750,239.502096115577,57,39
77,4188,2797.37282515634,88,11
67,5205,2728.85011539641,69,2
1,1903,92.1675787584095,81,80
0,1371,88.6107094027089,69,69
19,4395,398.029128530168,51,32
56,5415,2023.79232502461,77,21
44,8431,2045.02014763315,80,36
1,4535,219.642653530944,81,80
39,1123,224.650156864532,60,21
80,7801,5527.78540209259,81,1
42,9328,2096.07744473232,56,14
84,4329,3286.94257115428,86,2
90,7932,6560.82869091386,95,5
24,1619,178.595783469147,73,49
28,9908,1281.75977045402,85,57
65,4908,2432.08266092123,68,3
72,1198,715.024457836346,81,9
69,3031,1676.98477190493,80,11
65,3468,1718.51317605437,77,12
54,7725,2696.74815494132,66,12
81,7261,5240.12231767988,83,2
46,6991,1828.52449683597,62,16
51,4595,1443.45802151271,88,37
37,7857,1453.25643518456,84,47
44,4160,1009.0480149631,86,42
18,7924,690.11440349812,84,66
25,5291,607.319361087229,46,21
65,5324,2638.22495654944,71,6
58,2837,1133.0595925055,86,28
23,2977,315.637436906798,84,61
4,6615,346.532196585165,90,86
99,1282,1220.95238095238,99,0
32,7868,1193.81778289099,89,57
48,8392,2364.18884202872,86,38
79,1334,927.492092925877,84,5
58,7526,3005.78304307239,92,34
80,6386,4525.11698215143,83,3
98,6320,5925.89500457868,98,0
43,6804,1588.67057620515,77,34
84,2722,2066.77239054792,88,4
68,7401,3987.32125482309,81,13
32,3217,488.117921652301,91,59
20,1279,120.464436808002,31,11
2,6654,329.911259622593,24,22
50,5193,1573.71142273467,84,34
63,1779,831.199283547277,78,15
11,6406,426.963253742687,65,54
47,2845,772.394498337642,72,25
59,4483,1849.4759629375,62,3
69,5446,3013.15046776452,86,17
4,1574,82.4552800340211,64,60
67,3431,1798.78669470222,90,23
21,9768,956.93863770292,66,45
83,8552,6388.63950200943,86,3
25,8782,1008.02846892233,60,35
79,4727,3286.54806841126,84,5
29,4967,668.714947818226,78,49
61,4207,1849.06382964911,88,27
19,1144,103.605306720936,86,67
71,4281,2493.03733471048,85,14
78,1070,729.435290694363,87,9
70,8972,5094.4465746399,79,9
0,9147,591.190487896848,88,88
57,7187,2777.36532822033,72,15
25,8426,967.165552168019,83,58
49,7651,2235.91477983852,54,5
65,2265,1122.38533557184,68,3
14,3645,272.065812565357,71,57
25,3397,389.919461276378,81,56
97,1212,1116.49663626909,97,0
84,3713,2819.22332333006,93,9
23,3920,415.619332440258,67,44
40,4597,956.119409931765,82,42
94,9695,8458.2789694032,98,4
97,6114,5632.2280809812,98,1
46,8322,2176.65296276197,55,9
75,9359,5988.73672409176,87,12
12,1748,120.947341962248,85,73
25,5794,665.055448523796,66,41
83,4825,3604.44172090687,83,0
87,7613,6046.96890582111,91,4
32,9499,1441.29068628387,91,59
36,6558,1166.12162104659,53,17
50,7966,2414.05453370005,74,24
53,3816,1286.63708437885,71,18
15,9440,732.090233065466,79,64
52,1693,551.094048038741,87,35
1,5317,257.517086841021,66,65
80,3404,2412.07300457931,82,2
46,4395,1149.53013354228,73,27
5,6136,331.474762490806,42,37
65,5091,2522.76544962306,71,6
9,5762,356.847217096506,86,77
20,7192,677.388764287062,71,51
27,3829,475.977906633571,85,58
68,2200,1185.25966229034,94,26
66,8298,4230.82953822493,67,1
86,5329,4172.11442128746,91,5
93,9036,7772.35330955056,96,3
69,2052,1135.32588319001,77,8
78,4684,3193.15411365645,86,8
25,2286,262.395021630203,66,41
63,3280,1532.5090781535,78,15
48,5347,1506.35340065867,77,29
96,9138,8257.10819895219,96,0
0,8445,545.818702338349,74,74
18,6030,525.162778027974,74,56
60,3952,1683.29972419991,80,20
54,1630,569.022588032926,68,14
73,4167,2547.24625172479,90,17
95,7338,6504.8021454625,95,0
66,5940,3028.57645903303,83,17
17,6307,528.340151795891,83,66
1,6476,313.650677897772,75,74
86,4060,3178.6047195397,86,0
31,4806,700.744598590359,52,21
78,1300,886.229792432404,81,3
74,7444,4657.30258331968,79,5
25,8539,980.136084733292,63,38
98,9695,9090.43545401746,99,1
99,3814,3632.38095238095,99,0
66,1265,644.974616275553,78,12
8,9870,589.823800999792,76,68
22,3199,326.019995838209,60,38
75,7593,4858.6898115214,79,4
48,3556,1001.79403268042,70,22
31,6046,881.544286949087,68,37
38,1430,275.089150595011,38,0
63,6022,2813.64928921962,70,7
3,2364,120.332385808868,3,0
51,4705,1478.01305576002,65,14
66,5918,3017.35950918476,88,22
5,5907,319.103882339177,78,73
69,3592,1987.37357330337,72,3
64,1056,508.269429188976,83,19
13,9217,662.270930676783,85,72
55,6036,2180.71785544283,76,21
46,7538,1971.59457261473,67,21
44,8224,1994.81030650398,65,21
81,3261,2353.40020354691,93,12
43,5092,1188.93453469086,83,40
41,8690,1878.84834006257,58,17
44,6368,1544.61965367428,76,32
36,9534,1695.30398521777,71,35
24,5222,576.051378181524,68,44
28,5559,719.146403305802,65,37
21,4728,463.186515055222,68,47
33,4321,682.224092372825,86,53
96,4043,3653.25984333155,99,3
18,6617,576.285589089735,74,56
61,9967,4380.70339674654,88,27
36,3850,684.594120315548,66,30
31,7044,1027.05887483781,75,44
49,4875,1424.66142356722,87,38
39,9307,1861.81568115601,73,34
46,8393,2195.22330166561,65,19
23,4340,460.149975201714,87,64
11,6597,439.6935037372,80,69
60,8704,3707.34838042409,79,19
13,4888,351.218434322243,56,43
35,6220,1063.14139264183,80,45
40,3045,633.322515388781,65,25
67,1347,706.198099027659,71,4
19,9827,889.973207296009,36,17
89,9853,8043.51722266826,98,9
76,6546,4281.08709125688,93,17
82,5736,4213.06785910011,92,10
33,6709,1059.25513439696,85,52
83,3524,2632.54976673073,98,15
77,5789,3866.76009666429,88,11
55,3917,1415.15438034618,73,18
90,4233,3501.25918414503,93,3
65,3440,1704.63821384862,84,19
65,7083,3509.86990368889,88,23
98,6307,5913.70566358825,99,1
4,4400,230.497606194214,80,76
80,9210,6526.20222449337,81,1
29,7846,1056.3192028552,85,56
15,3109,241.108954936497,82,67
43,2233,521.384684989138,67,24
14,5518,411.86808058591,76,62
65,9615,4764.5629145798,86,21
63,6082,2841.68299186877,70,7
64,9059,4360.23935513536,71,7
90,6238,5159.66330987401,97,7
99,7972,7592.38095238095,99,0
99,6346,6043.80952380952,99,0
67,6347,3327.57188903382,95,28
59,6035,2489.75851802985,74,15
34,6553,1076.55354472855,61,27
31,7142,1041.34788246616,77,46
13,5620,403.814975632366,76,63
95,5650,5008.46717387069,95,0
38,3865,743.510186748053,66,28
73,4297,2626.71397736055,84,11
92,8569,7273.3488783787,95,3
83,9309,6954.1446590512,88,5
94,6827,5956.12898649981,95,1
33,8543,1348.81750084264,89,56
77,8178,5462.49163422363,97,20
76,3911,2557.79584691501,90,14
6,1873,104.507824702057,85,79
80,2390,1693.55302025398,82,2
70,7372,4185.94072093684,92,22
17,8423,705.598398379069,82,65
83,5629,4205.05750196575,89,6
5,6070,327.909355984223,82,77
62,2874,1302.75738211927,77,15
60,2238,953.245137337905,71,11
39,3664,732.963646261484,79,40
78,7353,5012.65204904267,87,9
0,5894,380.94202860654,68,68
36,6487,1153.49663856804,83,47
99,3201,3048.57142857143,99,0
96,4527,4090.60284708433,97,1
97,3258,3001.27561135701,97,0
14,4630,345.587026660522,70,56
30,2596,363.71964248606,85,55
37,7214,1334.3250507091,88,51
17,2766,231.709031214117,67,50
85,9200,7095.41791591082,88,3
72,4060,2423.20475694121,81,9
93,1903,1636.87343382854,98,5
19,4613,417.772097817898,85,66
47,9013,2446.95663041025,54,7
99,6010,5723.80952380952,99,0
72,3240,1933.78901785456,81,9
41,3074,664.623682088875,81,40
96,7530,6804.11739309586,97,1
18,7268,632.98226711564,83,65
36,1600,284.506647403864,88,52
4,2775,145.370649361124,28,24
22,4888,498.151215897832,76,54
56,1147,428.677709474281,74,18
82,8975,6592.09972723561,82,0
96,6050,5466.78754690969,97,1
90,4642,3839.55708310919,94,4
44,2910,705.848491236207,79,35
63,1060,495.262080134971,72,9
11,4681,311.991100650877,72,61
18,3438,299.421165980128,89,71
6,1699,94.7991426421758,87,81
9,9572,592.804852837167,58,49
62,9352,4239.17433457879,91,29
40,1953,406.199958145908,87,47
86,5630,4407.76959877057,91,5
62,3533,1601.47593285574,70,8
57,6709,2592.64560832478,92,35
48,7656,2156.84339544469,76,28
50,9672,2931.04888902171,88,38
58,6259,2499.76030648287,91,33
41,1810,391.336650807048,71,30
14,4169,311.177605647455,78,64
44,1769,429.087965978299,55,11
97,2965,2731.3634707408,97,0
18,1867,162.600150344648,73,55
82,2940,2159.41762652621,82,0
87,8161,6482.2426429011,91,4
55,2841,1026.41143593656,80,25
2,4947,245.276675887131,79,77
57,2426,937.510544909213,71,14
16,2664,214.699413866948,77,61
50,5597,1696.14150453417,88,38
61,3977,1747.97405526849,69,8
78,6106,4162.55316353251,95,17
89,1066,870.231336584225,97,8
68,3408,1836.07496776613,86,18
10,9229,592.799670400278,80,70
21,8049,788.533895871294,82,61
6,7919,441.856627771271,73,67
47,4126,1120.17564152587,75,28
9,8925,552.735406557847,39,30
39,4516,903.401699376873,91,52
23,4104,435.127994983372,69,46
1,6128,296.796070746996,73,72
13,7152,513.894075751367,69,56
6,1821,101.606379488759,64,58
13,1084,77.8888671860293,77,64
16,1671,134.670690905281,58,42
24,5938,655.035060061641,72,48
43,9843,2298.2487480287,91,48
71,8049,4687.32948074858,83,12
96,9853,8903.1830908597,96,0
32,1407,213.485208506306,88,56
53,3654,1232.01569872126,74,21
77,3948,2637.06492686658,91,14
47,3833,1040.62851041412,78,31
29,1034,139.209030812169,80,51
92,3568,3028.51077115827,94,2
95,6344,5623.66650460808,98,3
66,8221,4191.57021375598,77,11
9,4384,271.506108946734,86,77
50,9508,2881.34954888528,84,34
58,3342,1334.74979138293,75,17
9,1902,117.793024456361,67,58
47,9478,2573.20037091183,75,28
9,7941,491.795166776007,82,73
92,5071,4304.25395755145,92,0
81,5158,3722.42816617447,88,7
76,6285,4110.39296800328,81,5
74,4841,3028.74822754575,87,13
68,3917,2110.30095326875,87,19
28,6589,852.393533258127,67,39
18,9664,841.653911585794,80,62
0,5485,354.507469783996,77,77
89,4747,3875.22340972356,92,3
90,3113,2574.86884957323,97,7
5,6597,356.378586726181,83,78
89,9434,7701.46569356058,93,4
84,3793,2879.96608278775,93,9
37,4128,763.528390536063,90,53
59,3527,1455.07511070278,82,23
12,7327,506.968635330315,65,53
83,9488,7087.86384413769,87,4
6,8046,448.942849734518,67,61
75,8388,5367.40288937725,89,14
87,3965,3149.38023270468,95,8
95,9109,8074.71282952002,98,3
6,5782,322.618388909394,84,78
78,5617,3829.19441853293,87,9
59,2131,879.150853673839,74,15
88,4757,3831.42777664485,91,3
50,2086,632.151362954847,64,14
62,7917,3588.70222485674,82,20
72,2854,1703.40551140645,89,17
80,3101,2197.36732878979,83,3
88,7788,6272.68436504311,89,1
22,5114,521.183575716349,83,61
0,4914,317.602498909491,76,76
46,8194,2143.17404192161,80,34
26,7478,893.23516392522,80,54
10,5413,347.689307170518,43,33
94,4494,3920.73292300134,94,0
13,2316,166.412007751701,68,55
35,9114,1557.79270941119,65,30
82,5971,4385.67437006394,82,0
55,5168,1867.12224601202,76,21
64,8030,3864.96545112451,94,30
19,5138,465.318239451195,52,33
12,9345,646.597774964077,74,62
24,4234,467.062722179351,78,54
26,1114,133.065521879205,76,50
11,9826,654.908044220362,68,57
68,6832,3680.77000580345,81,13
53,9805,3305.94250847344,86,33
65,6623,3281.92409602309,80,15
75,6084,3893.09479959123,82,7
70,6454,3664.68548737471,80,10
78,8620,5876.38523905179,83,5
19,8367,757.749651515794,86,67
95,1743,1545.08996177993,95,0
71,9008,5245.80245528428,71,0
60,2009,855.705755545956,83,23
78,3078,2098.31946238995,89,11
47,5892,1599.63036351683,76,29
72,5861,3498.12883754493,75,3
26,8333,995.363549209529,66,40
1,9859,477.498769826148,70,69
46,9592,2508.82663047499,87,41
2,3177,157.518495915386,90,88
17,9661,809.306200491533,90,73
67,5734,3006.19146237906,76,9
68,1309,705.229499062752,69,1
68,7585,4086.45206294192,74,6
95,5274,4675.16033185735,95,0
62,1644,745.209859500377,62,0
8,7722,461.460931238135,82,74
1,6087,294.810326801071,84,83
8,2498,149.278607385763,45,37
3,8911,453.587939908132,78,75
26,5498,656.727324319452,73,47
45,5895,1485.02253070902,59,14
11,5221,347.982383357878,74,63
16,3527,284.251063329101,65,49
68,1517,817.290412588384,69,1
9,6080,376.541318977223,78,69
10,2613,167.838935827926,89,79
66,4595,2342.81293421831,69,3
50,1133,343.349709601075,89,39
65,7380,3657.04360994268,80,15
60,7395,3149.79794039938,70,10
81,4430,3197.04474140227,82,1
38,8835,1699.58926259225,48,10
70,1526,866.487457969292,86,16
58,8514,3400.37693711379,87,29
72,7728,4612.4449166605,94,22
93,2775,2386.92789220925,95,2
57,7607,2939.67135825407,76,19
48,5307,1495.0846263878,62,14
22,1358,138.397985104185,78,56
84,7014,5325.62143545301,86,2
91,7126,5970.79933156665,99,8
18,1456,126.805473434283,85,67
98,9434,8845.71099259419,98,0
42,4101,921.528044687741,84,42
50,5143,1558.5591848882,82,32
64,6468,3113.15025378248,68,4
30,8079,1131.93027413131,85,55
31,2801,408.40316701032,69,38
67,6883,3608.58315932248,78,11
45,9876,2487.88507434813,77,32
66,9797,4995.11171197754,93,27
41,4174,902.452585894264,85,44
60,3999,1703.31872395634,69,9
26,2887,344.847541889825,83,57
46,6099,1595.21826722966,74,28
81,8086,5835.50875371981,83,2
36,6430,1143.36108925428,84,48
82,3261,2395.19077554488,83,1
61,5572,2449.00966456022,90,29
8,7868,470.185781789905,75,67
8,3488,208.440265236806,81,73
69,3324,1839.09514411481,72,3
64,1888,908.724130974231,81,17
79,8183,5689.40614423722,80,1
97,3185,2934.02787666423,97,0
69,6544,3620.64940526093,82,13
43,7389,1725.26262310109,61,18
84,3091,2346.94836854652,87,3
72,3089,1843.66490004714,89,17
47,3694,1002.89113422118,68,21
58,7288,2910.72904835392,87,29
82,8058,5918.56708658101,86,4
21,8343,817.336103025743,21,0
47,6514,1768.49833468239,66,19
84,1066,809.397269773725,90,6
35,7225,1234.91906138862,68,33
60,5154,2195.27499456638,73,13
86,8388,6567.02866687168,86,0
3,9860,501.893961114823,52,49
0,6278,405.760783100078,70,70
96,3983,3599.04376848617,98,2
80,4519,3202.16154750114,85,5
10,4357,279.860024264169,66,56
93,3892,3347.72012846069,95,2
49,2779,812.130070993498,77,28
10,2807,180.299997270948,76,66
55,2546,919.832282961802,78,23
70,1185,672.862147898828,77,7
23,9259,981.688622210293,38,15
21,2370,232.18105767362,87,66
63,6932,3238.82711273172,72,9
21,5884,576.436009852987,65,44
28,2939,380.207101873674,74,46
75,2998,1918.39221058095,90,15
69,4687,2593.21267763722,91,22
65,9040,4479.63065499754,70,5
95,7163,6349.67263122756,97,2
98,3459,3243.30234506925,98,0
31,3954,576.517715943879,46,15
43,1936,452.037953488119,90,47
17,4557,381.741885481826,60,43
66,6140,3130.54873038095,82,16
10,6628,425.731521878106,65,55
99,1324,1260.95238095238,99,0
73,6180,3777.77341868471,76,3
92,5362,4551.25413535612,98,6
56,5833,2180.01489046511,79,23
35,1965,335.863800087008,87,52
16,8308,669.565589491967,65,49
18,4386,381.984070386516,86,68
97,5256,4841.83689787981,99,2
47,1117,303.256469118856,53,6
4,6258,327.83045899168,54,50
71,8239,4797.97584692353,73,2
75,2788,1784.01517114733,93,18
96,8536,7713.14024800349,98,2
7,4214,243.192353181866,37,30
12,2739,189.516458601028,59,47
4,3865,202.471192713781,77,73
33,1830,288.930823661715,75,42
54,3803,1327.6030075394,90,36
30,8965,1256.06571451754,62,32
97,6145,5660.7853381795,97,0
81,4489,3239.62389258573,90,9
84,1285,975.680573789153,86,2
22,1922,195.876971553935,88,66
8,7541,450.644506923954,40,32
97,1158,1066.75173663334,99,2
6,3463,193.225091800974,49,43
78,8366,5703.22957191499,91,13
66,2905,1481.14724132844,84,18
89,3790,3093.97445183322,93,4
9,4462,276.336737709929,68,59
52,1318,429.026553641501,68,16
96,1723,1556.90494930998,98,2
10,1005,64.5534368568945,89,79
34,9211,1513.22061658701,64,30
26,9416,1124.72617056965,80,54
23,4292,455.060758886119,61,38
27,2682,333.395859386586,69,42
6,4419,246.567046106989,72,66
55,5326,1924.20531777477,85,30
20,6980,657.421242314196,81,61
31,6473,943.803534472617,65,34
77,4654,3108.63732766896,92,15
36,2907,516.913015001895,69,33
12,8928,617.744776338071,89,77
42,6523,1465.7711376489,72,30
32,2601,394.651760714217,52,20
61,1470,646.095514519657,65,4
39,8654,1731.18651603354,57,18
10,2772,178.051867629166,29,19
48,4101,1155.33108212104,66,18
49,3842,1122.77932089133,81,32
7,5120,295.478132010241,82,75
40,5104,1061.56916865167,81,41
38,6893,1326.0066538821,68,30
95,1059,938.755174713108,95,0
56,6481,2422.19724071736,60,4
75,6305,4034.51063632851,85,10
8,2528,151.071384896401,47,39
67,3518,1844.39859864833,76,9
15,5941,460.736024856137,80,65
81,9807,7077.52094332552,92,11
62,3257,1476.36770826808,82,20
29,4959,667.637895355463,83,54
23,6431,681.848960949821,84,61
52,8413,2738.54354763729,54,2
52,3484,1134.08840127996,77,25
73,7643,4672.09097718564,75,2
15,3168,245.684518893156,78,63
23,2929,310.548220591203,73,50
50,9651,2924.68494912619,78,28
23,6734,713.974638942014,71,48
24,9045,997.77570196321,80,56
9,3296,204.125030813968,74,65
86,5370,4204.21363150941,89,3
28,9557,1236.35225335376,87,59
29,2676,360.274048794357,89,60
73,9328,5702.11495946457,94,21
9,1855,114.882260970847,68,59
65,3315,1642.69641828726,76,11
13,4406,316.585192639894,38,25
71,8719,5077.50350883922,80,9
1,4762,230.636894402284,44,43
26,3063,365.870460965893,50,24
23,1629,172.715278710505,80,57
90,5294,4378.84859930635,90,0
81,6530,4712.57385132208,91,10
13,2397,172.2321168311,87,74
26,3965,473.612921230743,78,52
59,6355,2621.77553969838,64,5
10,2010,129.106873713789,75,65
8,3081,184.118250342488,25,17
55,8707,3145.71079644478,93,38
30,5967,836.02276837994,72,42
29,1051,141.497767295542,63,34
57,3471,1341.34340535032,70,13
2,8410,416.975307097386,85,83
58,3450,1377.88353688543,88,30
45,4160,1047.95483083113,66,21
18,3662,318.929700354633,83,65
77,6432,4296.25167416561,84,7
70,6173,3505.12914681811,85,15
27,3935,489.154625908358,88,61
81,1879,1356.03771311396,89,8
25,5206,597.562765794767,71,46
13,8360,600.692739552772,78,65
51,9914,3114.35099570772,76,25
68,3605,1942.20958298031,93,25
46,9823,2569.24562042909,87,41
45,4026,1014.19859349186,67,22
77,6636,4432.51338771191,93,16
87,2930,2327.28476212477,87,0
1,4424,214.266615043197,77,76
28,4630,598.96525405754,65,37
12,9928,686.936619565902,56,44
52,2894,942.035543428303,62,10
77,3440,2297.74654215325,79,2
71,2841,1654.45434896344,82,11
90,8447,6986.80281797143,98,8
48,3489,982.918835776715,59,11
28,7359,952.005465358409,79,51
85,6736,5195.07990017122,85,0
69,4842,2678.97072436941,94,25
77,3740,2498.13141501545,91,14
79,8938,6214.33607689017,85,6
67,4810,2521.76158598592,67,0
60,5440,2317.09273776506,63,3
28,7113,920.181393544553,91,63
27,9189,1142.27239071713,75,48
96,9587,8662.82515904516,98,2
33,9419,1487.12537052989,82,49
92,1154,979.512732599956,96,4
32,8356,1267.86240389389,74,42
67,1278,670.023140725574,95,28
37,6551,1211.69440077562,85,48
18,1595,138.911215747034,63,45
70,6730,3821.40274713849,84,14
87,4217,3349.54260815022,93,6
65,9292,4604.50531484924,73,8
19,4829,437.333938947026,84,65
59,6518,2689.02171011079,83,24
38,1619,311.447087282043,82,44
60,6241,2658.26760595436,67,7
19,2410,218.259431116656,87,68
81,1697,1224.69185692091,97,16
5,1719,92.8626331032751,13,8
22,6056,617.185712659016,79,57
68,4015,2163.09888367987,81,13
49,2861,836.0936067335,90,41
84,3988,3028.02655896587,94,10
56,3010,1124.95196644951,66,10
75,8623,5517.77719541012,78,3
75,5534,3541.15493440793,83,8
65,8893,4406.78710341738,76,11
43,4158,970.854241014256,79,36
29,6594,887.760492432733,72,43
54,6200,2164.38039619886,80,26
90,3566,2949.56065453843,91,1
58,2191,875.055892555357,62,4
69,8409,4652.51235465146,83,14
19,1510,136.751759745291,63,44
43,7072,1651.24607803098,82,39
70,3703,2102.62323516402,80,10
80,1740,1232.9632867121,90,10
50,8284,2510.42276640362,65,15
80,6807,4823.43740956855,89,9
69,8479,4691.24179511116,86,17
25,9393,1078.16117155402,68,43
69,2037,1127.02671737722,81,12
43,4732,1104.8778904472,78,35
55,3824,1381.55485076431,82,27
98,8593,8057.15439467478,98,0
76,6746,4411.88718570408,80,4
57,3568,1378.82836942954,76,19
75,6671,4268.7106193414,91,16
91,9179,7690.9861162574,95,4
87,6722,5339.25193549579,91,4
31,9038,1317.79643821466,87,56
33,5101,805.374935245031,67,34
34,4637,761.785256662033,86,52
62,3032,1374.37730778902,73,11
83,9376,7004.19597413944,84,1
27,3755,466.779064875701,74,47
99,1824,1737.14285714286,99,0
69,6139,3396.57192831553,93,24
68,8649,4659.68673597688,79,11
76,5561,3636.89662610441,76,0
66,8640,4405.20212222986,88,22
42,8596,1931.59109293729,60,18
69,2910,1610.03816768174,80,11
87,2742,2177.95727568127,93,6
59,6607,2725.73894426234,75,16
57,5159,1993.65906891452,84,27
87,5544,4403.57225980195,90,3
67,6647,3484.85431643418,82,15
18,2810,244.727596394462,75,57
90,5139,4250.64279407543,93,3
7,2890,166.783554982343,79,72
60,6491,2764.75164721195,83,23
67,4556,2388.59579745361,73,6
68,7288,3926.44200853272,76,8
99,8736,8320,99,0
82,7649,5618.15830792481,85,3
2,5714,283.305220541553,76,74
10,2141,137.521301801603,52,42
23,3328,352.852331214586,59,36
31,2721,396.738670987176,81,50
46,1469,384.222927457022,90,44
38,2948,567.10686430356,59,21
54,3767,1315.03563749695,68,14
22,8049,820.298514067441,70,48
43,4134,965.250464731346,70,27
79,7509,5220.79319773644,86,7
21,2344,229.63392370758,88,67
10,9678,621.639962090573,50,40
24,3910,431.32150300455,64,40
87,1236,981.748793851949,92,5
26,1086,129.720966571649,79,53
85,9686,7470.24107972958,89,4
52,1036,337.231797854776,78,26
3,6748,343.486861014485,62,59
54,6699,2338.57810873164,62,8
53,5815,1960.63800986976,64,11
58,5416,2163.07745964391,89,31
56,1528,571.071961705929,75,19
37,4530,837.883626242337,74,37
6,9574,534.20070138681,67,61
65,1996,989.086591523794,76,11
85,1390,1072.02509816479,85,0
17,1336,111.917305026052,80,63
12,2662,184.188686672485,76,64
0,3097,200.165840277308,80,80
65,4728,2342.88647531287,76,11
51,3490,1096.33699566471,83,32
85,5057,3900.1661305175,97,12
60,5474,2331.57456737609,78,18
16,2014,162.314046369382,50,34
95,4599,4076.80363409403,95,0
26,3426,409.230231560284,65,39
11,6809,453.823414725875,53,42
84,1598,1213.33662016737,89,5
88,4316,3476.23340004187,92,4
13,7863,564.981699892757,74,61
75,2754,1762.25888857236,91,16
20,1505,141.750568722473,82,62
63,4268,1994.13071510949,81,18
50,6145,1862.21003133151,56,6
32,1098,166.600397256521,85,53
8,2271,135.713257555271,78,70
7,1983,114.44006558131,74,67
30,4310,603.864275467997,67,37
42,5548,1246.68071005306,81,39
90,4295,3552.5415062374,95,5
42,1961,440.652644631227,90,48
87,8421,6688.7593794719,95,8
76,2450,1602.30115697821,80,4
41,1095,236.747863333545,72,31
6,1761,98.2585580888002,81,75
10,6370,409.159594804396,72,62
41,1537,332.311841044438,71,30
95,3874,3434.12421797788,96,1
62,5611,2543.41394261351,75,13
14,3290,245.568319160501,78,64
95,5666,5022.6504437436,97,2
69,7869,4353.74238539093,89,20
38,4127,793.911136017908,86,48
74,2778,1738.04225906261,75,1
28,8168,1056.6626771365,73,45
30,5450,763.587076867885,43,13
12,3166,219.061375659312,67,55
33,7620,1203.08900344386,82,49
31,1067,155.575215708679,87,56
91,2874,2408.09392070201,96,5
41,5100,1102.66128127953,92,51
0,9287,600.238992139283,65,65
60,3621,1542.31485357487,77,17
57,8416,3252.30368753336,59,2
93,2904,2497.88778341465,96,3
20,3170,298.570965348997,85,65
72,1771,1057.0186267347,78,6
87,4011,3185.91780917489,89,2
2,4812,238.583255380811,24,22
97,3489,3214.07323757661,98,1
44,3565,864.725041669099,74,30
15,5150,399.392447064317,84,69
22,7744,789.215019622097,79,57
42,5941,1334.991005484,81,39
35,2845,486.276087148875,81,46
19,1610,145.808167675443,90,71
82,3800,2791.08400707469,86,4
38,5214,1003.01736447719,66,28
77,5370,3586.88922423342,84,7
45,4431,1116.22304216652,87,42
49,9742,2846.98494120858,79,30
91,6433,5390.14202918443,91,0
70,4543,2579.58880835812,73,3
74,2404,1504.05096860566,79,5
70,8245,4681.64422736357,90,20
93,6594,5671.85676440642,96,3
64,8936,4301.03751821278,94,30
62,2434,1103.3094878491,73,11
54,4659,1626.42713965976,71,17
61,6122,2690.74608155737,75,14
36,6649,1182.30293661768,84,48
98,2765,2592.57906450317,98,0
10,6737,432.732839905372,48,38
51,7359,2311.73179114516,79,28
47,1867,506.875405411732,72,25
41,4630,1001.04347692632,92,51
44,5061,1227.59423166545,68,24
9,1205,74.6270212775581,77,68
76,1374,898.596648852268,76,0
65,8519,4221.4572510978,78,13
2,1712,84.8824881986593,83,81
53,2039,687.487687381676,88,35
8,1840,109.957020652443,61,53
76,3146,2057.48548565447,84,8
91,5130,4298.37223841382,97,6
26,2802,334.694427563315,88,62
5,6133,331.312698558689,79,74
65,6959,3448.42364249202,70,5
85,4826,3722.00944154191,97,12
30,9092,1273.85939502437,68,38
3,3856,196.278206293991,65,62
62,9389,4255.94608932423,64,2
79,2667,1854.28891441778,83,4
10,6532,419.565223432075,77,67
9,9917,614.171095443605,59,50
38,6380,1227.32082573159,90,52
44,6395,1551.16876338679,72,28
61,2177,956.83669055054,86,25
47,3085,837.552557951362,62,15
40,9360,1946.76477636748,87,47
96,1620,1463.8340208254,99,3
46,4727,1236.36608447198,88,42
4,5973,312.900500408646,53,49
17,9111,763.23245964997,53,36
74,2729,1707.38564614178,87,13
78,4721,3218.37757697952,83,5
38,1081,207.952008246998,73,35
9,2649,164.055584534648,50,41
50,6282,1903.72716303085,86,36
97,3448,3176.30396192724,97,0
16,6133,494.276090557804,86,70
45,4117,1037.12260541629,84,39
76,8652,5658.4120857859,85,9
8,7434,444.250267136013,68,60
7,8000,461.684581266002,16,9
64,6998,3368.24759987164,85,21
77,3182,2125.41555149176,80,3
2,6881,341.166122251738,74,72
97,3916,3607.42642543709,98,1
24,3344,368.884681853507,62,38
56,9901,3700.38186704869,71,15
37,2293,424.120784762401,79,42
66,8050,4104.38392175352,81,15
58,3244,1295.60991120474,70,12
84,1301,987.829125680691,86,2
0,7246,468.324726719204,83,83
40,6052,1258.74149856581,88,48
53,7925,2672.06469960754,53,0
40,9015,1875.0090233924,88,48
48,4741,1335.63147045497,90,42
45,9144,2303.48533007689,52,7
11,6025,401.569404277191,79,68
87,7392,5871.42967973593,98,11
20,6922,651.958429698977,81,61
82,6302,4628.79247699597,93,11
92,5184,4400.16811594296,99,7
62,1404,636.420098989373,82,20
4,5843,306.090343861998,86,82
98,1782,1670.87735730367,99,1
16,2145,172.871712741968,75,59
75,8849,5662.39248546725,89,14
60,7546,3214.11430131896,84,24
36,8586,1526.73379663099,78,42
40,3915,814.271805499861,61,21
80,1007,713.559787194878,92,12
84,2680,2034.88244183263,87,3
42,4651,1045.11751666488,71,29
16,1059,85.3478525844961,86,70
39,2225,445.099375800164,71,32
35,1795,306.806880995512,90,55
30,7584,1062.57695247083,88,58
78,5698,3884.41335175372,85,7
79,5438,3780.8860579692,85,6
21,3708,363.260490233664,68,47
10,5403,347.046984415723,67,57
1,9845,476.820710917783,77,76
27,8059,1001.80359090101,91,64
17,5975,500.528366415165,90,73
63,8522,3981.72023293417,79,16
45,3367,848.188441203946,82,37
49,7897,2307.80538705853,82,33
28,6858,887.193026420433,41,13
86,4747,3716.46221764901,87,1
7,5104,294.554762847709,50,43
67,9286,4868.41540279943,95,28
74,9932,6213.9077455039,82,8
25,1911,219.351218869343,91,66
76,4106,2685.32593900103,89,13
85,9032,6965.84941483766,87,2
30,8029,1124.924888105,72,42
48,4652,1310.55844770229,91,43
6,4726,263.696732270113,79,73
82,6310,4634.66844332665,85,3
1,5595,270.981399449974,62,61
60,5578,2375.87192853925,80,20
60,4048,1724.18959604282,76,16
13,4985,358.188194577819,76,63
14,8626,643.851769324766,77,63
99,4805,4576.19047619048,99,0
46,7693,2012.13545331986,68,22
70,2069,1174.81163206977,77,7
18,1913,166.606367225127,84,66
14,8797,656.615350654993,74,60
61,4177,1835.87820690381,81,20
56,9389,3509.02791129383,83,27
75,3256,2083.48400188511,77,2
75,2465,1577.33048668514,86,11
30,5143,720.574006666336,88,58
79,5502,3825.38342974376,84,5
36,9111,1620.08754031038,91,55
53,5348,1803.1800647951,71,18
12,5280,365.332932242945,82,70
17,5182,434.09840916542,74,57
49,4624,1351.30962514355,83,34
10,4884,313.710433441864,68,58
9,5184,321.051019338474,82,73
82,6778,4978.41247367164,85,3
65,2230,1105.04163281466,69,4
76,2031,1328.27495911132,94,18
53,2020,681.081475483563,67,14
43,3967,926.257521429427,78,35
91,9669,8101.55188561857,93,2
75,2597,1661.79605432913,84,9
78,9275,6322.90871139273,78,0
90,7734,6397.0561139092,92,2
15,5084,394.274019587376,27,12
37,1210,223.805560210425,84,47
56,2190,818.486646685854,72,16
22,2192,223.393507620304,57,35
10,1175,75.472923688409,78,68
95,5757,5103.31779114576,96,1
34,7844,1288.64428580052,78,44
88,1127,907.718962429838,97,9
54,2123,741.125738891964,82,28
81,5800,4185.74706549281,83,2
33,1045,164.990552309558,82,49
33,3571,563.809820380319,78,45
54,9094,3174.65731016652,90,36
93,4790,4120.13859592155,95,2
88,3623,2918.07080823718,88,0
57,9512,3675.84513733571,93,36
24,7998,882.278614074268,53,29
57,6949,2685.3919112012,87,30
67,7492,3927.86648694523,93,26
43,2068,482.858723044128,81,38
84,1339,1016.68193642309,92,8
71,4219,2456.93167837971,87,16
12,2180,150.838218236671,82,70
93,6863,5903.23824296652,99,6
20,7436,700.370251840739,76,56
37,8871,1640.80919390635,76,39
3,7947,404.518388334634,89,86
31,2754,401.550275596723,67,36
93,2378,2045.44667663914,97,4
76,2215,1448.61104600275,78,2
74,7439,4654.17435751143,84,10
24,4894,539.86890938728,55,31
98,9940,9320.15764960635,99,1
64,4893,2355.07795172506,94,30
5,6485,350.328199927131,81,76
9,4689,290.395106033585,81,72
74,4461,2791.0030661189,79,5
77,4492,3000.42949632337,81,4
42,8167,1835.19130479512,76,34
14,1571,117.260738419801,68,54
79,2911,2023.93514430827,79,0
29,4009,539.737915402309,88,59
24,7704,849.846767045282,86,62
41,4789,1035.42056393091,72,31
61,1866,820.145734757605,66,5
26,7400,883.918188425599,56,30
7,6871,396.529344734837,89,82
4,8678,454.604142398498,86,82
83,9484,7084.87570592346,88,5
33,2881,454.868690147213,73,40
31,6721,979.963472144362,70,39
45,5078,1279.21024782704,90,45
48,5384,1516.77701685922,70,22
88,2720,2190.76803709775,91,3
91,1526,1278.6191102962,96,5
88,8527,6867.89671041635,93,5
61,5539,2434.50547954039,80,19
72,2586,1543.45012350984,75,3
4,3985,208.757491064532,76,72
49,8568,2503.89724658952,50,1
67,1927,1010.27745866837,88,21
95,3129,2773.7157145206,98,3
79,4668,3245.52705380659,83,4
32,9124,1384.391643505,90,58
80,4854,3439.54241017273,82,2
48,1750,493.008874350602,78,30
50,2761,836.70657388223,88,38
13,5883,422.712366840785,72,59
97,6737,6206.13683048255,97,0
67,8057,4224.08172521592,86,19
33,7018,1108.04181445788,82,49
8,7657,457.576579965087,88,80
49,6251,1826.78124281409,63,14
75,8544,5467.22583295651,85,10
85,3316,2557.43541403916,85,0
44,9565,2320.08275555819,62,18
19,6712,607.866100271783,90,71
97,8529,7856.93053691341,97,0
44,1525,369.90341894681,72,28
82,9564,7024.71774833219,83,1
74,7338,4590.98419618482,82,8
55,6712,2424.94669412396,84,29
12,3936,272.339094944741,55,43
76,2469,1614.72716595069,78,2
7,4218,243.423195472499,81,74
89,3679,3003.35936894312,91,2
97,3430,3159.72232871533,98,1
99,6678,6360,99,0
66,5452,2779.76411694412,90,24
92,2112,1792.66108427306,92,0
87,4168,3310.62214625803,88,1
40,7973,1658.28585063867,74,34
83,8523,6366.97549995631,84,1
67,4671,2448.88739462375,82,15
55,6386,2307.16769795525,66,11
42,2561,575.477523151745,58,16
28,8445,1092.49709946348,49,21
91,5851,4902.49044190239,91,0
2,5551,275.22353504133,90,88
98,2911,2729.47474024186,98,0
60,6972,2969.62694259154,76,16
81,7760,5600.24090141797,81,0
8,6619,395.546478097024,83,75
30,1842,258.078421209293,70,40
1,9545,462.290877167114,70,69
6,4891,272.903241120001,85,79
95,1227,1087.67950837864,96,1
11,5332,355.380591469873,79,68
63,7026,3282.74658021538,65,2
14,1999,149.207012158614,67,53
89,2899,2366.60473241807,90,1
80,3761,2665.04305823231,88,8
74,1239,775.174355283863,89,15
52,1878,611.31401194138,75,23
82,4154,3051.09551720744,89,7
90,3211,2655.92800384826,93,3
59,5325,2196.84575120281,85,26
82,6472,4753.656761523,97,15
8,8934,533.889142667897,75,67
68,4305,2319.33765734541,86,18
95,2523,2236.5243680842,98,3
53,3738,1260.33789869186,65,12
36,1476,262.457382230065,56,20
97,8213,7565.83075385976,97,0
23,4646,492.593729213632,89,66
68,9686,5218.37504042919,74,6
99,3512,3344.7619047619,99,0
26,1539,183.831093511756,73,47
53,1397,471.02515903492,61,8
87,6127,4866.64632680493,93,6
89,8111,6621.43186776233,89,0
83,3951,2951.53352109907,83,0
5,1489,80.4377316409404,75,70
23,3553,376.708032693938,72,49
53,6188,2086.40206450113,84,31
42,2231,501.32383996546,87,45
3,6499,330.81225692548,79,76
59,8155,3364.37128658384,78,19
12,1913,132.36399609484,54,42
25,8542,980.480435155379,69,44
13,6504,467.333203116176,81,68
85,3193,2462.57276146774,90,5
48,2747,773.883073052059,68,20
52,9334,3038.34131387691,89,37
59,5309,2190.24490011939,74,15
31,2415,352.121973698651,87,56
86,4223,3306.21865286113,89,3
53,6800,2292.74952142982,77,24
38,2091,402.245743981935,54,16
95,4843,4293.09849965588,95,0
8,5513,329.452747204848,86,78
6,2404,134.136044091695,67,61
19,9750,882.999773189792,71,52
71,8207,4779.34066946249,83,12
92,1482,1257.91843129388,95,3
94,4090,3568.26828105818,98,4
85,2822,2176.44232159786,85,0
81,5168,3729.6449714598,86,5
15,3850,298.574936154877,73,58
92,3255,2762.83704039242,95,3
72,8367,4993.83108407071,81,9
21,6927,678.615268567581,82,61
57,3420,1321.63481598908,79,22
17,9555,800.426534074796,42,25
8,3304,197.444563171562,68,60
24,1846,203.636699372481,89,65
57,5481,2118.09369194039,83,26
87,5284,4197.05552323115,93,6
38,4767,917.027958661829,91,53
50,1005,304.559980714104,68,18
44,7267,1762.68075113867,79,35
58,3689,1473.33691813634,84,26
97,5815,5356.78872929435,98,1
20,2671,251.57193957324,68,48
68,4469,2407.69337762524,79,11
10,6598,423.804553613722,56,46
84,8467,6428.86180410331,91,7
16,3107,250.402056638366,88,72
90,5513,4559.99099508423,92,2
14,7905,590.035733423635,90,76
6,5017,279.933666059915,84,78
44,7093,1720.47537743588,73,29
10,1342,86.1997136934851,87,77
68,8005,4312.72890756099,83,15
82,4866,3574.05652063827,92,10
51,2427,762.409710165688,89,38
42,2913,654.574785217115,61,19
92,2651,2250.16313182191,97,5
97,4666,4298.32780926697,97,0
10,1568,100.716207951851,87,77
40,8791,1828.41978088104,68,28
97,4683,4313.98824063378,99,2
89,6471,5282.61442686353,90,1
82,1325,973.206923519464,89,7
6,7960,444.14430572791,73,67
58,6280,2508.14742366392,70,12
60,5870,2500.24528872811,81,21
35,3997,683.179444757136,66,31
76,2922,1910.9893798736,78,2
2,7830,388.218389366532,75,73
28,1524,197.154005871207,78,50
37,3868,715.437939581757,70,33
99,8425,8023.80952380952,99,0
31,5518,804.558613196339,74,43
3,6051,308.008149970161,83,80
8,2039,121.849111473007,38,30
73,3562,2177.4156824199,86,13
95,1492,1322.58991564868,95,0
5,1755,94.807400288684,74,69
46,2991,782.308220574508,68,22
65,1375,681.359751174958,89,24
52,6025,1961.21774331566,63,11
34,7371,1210.93791823503,76,42
23,1586,168.156189094451,69,46
26,3929,469.312778692457,81,55
5,9105,491.864033976335,70,65
63,9809,4583.04315475843,74,11
81,1332,961.278464006281,82,1
1,1299,62.9141801403962,84,83
3,2274,115.751203608023,74,71
76,3723,2434.84375813464,76,0
49,4529,1323.54699227404,82,33
20,4776,449.834362935902,32,12
24,6539,721.332815382801,71,47
40,4726,982.949821913753,76,36
39,2864,572.927915636706,86,47
22,2613,266.298921264533,84,62
17,9275,776.970811464545,53,36
89,1421,1160.03633141293,94,5
29,6179,831.888395926881,73,44
95,1857,1646.1457596244,98,3
67,2905,1523.01817199358,82,15
17,3390,283.981784459818,89,72
5,6804,367.560998042283,74,69
77,9391,6272.71447016313,93,16
73,1717,1049.58526858926,89,16
28,8239,1065.84767347302,66,38
47,3483,945.606340144115,85,38
63,5392,2519.29541140355,76,13
12,3475,240.441655216711,84,72
76,9664,6320.26056368873,84,8
84,8268,6277.76418995231,98,14
97,2815,2593.18319397482,97,0
95,6609,5858.57691187812,95,0
77,2836,1894.30499812402,84,7
24,9107,1004.61507106456,69,45
89,8146,6650.00419119615,92,3
44,3231,783.710128929274,80,36
41,7102,1535.50988620533,82,41
93,2060,1771.91764250489,98,5
69,2223,1229.93637345584,71,2
15,9687,751.245560138259,72,57
67,9120,4781.38579297123,82,15
44,5679,1377.49607619602,80,36
97,4432,4082.76657751205,97,0
98,3845,3605.23200832358,98,0
31,4408,642.713730875219,75,44
55,6226,2249.36205566386,78,23
50,3533,1070.65712623177,71,21
50,5480,1660.68526797342,70,20
42,5501,1236.11942790228,60,18
84,3362,2552.71446620944,85,1
7,4907,283.185780034034,87,80
20,1769,166.615784764156,87,67
66,6110,3115.25288967876,82,16
58,5260,2100.77316058474,71,13
80,1647,1167.06352483611,85,5
22,9499,968.0725040535,64,42
56,3798,1419.45766397848,65,9
26,4822,575.980203322735,84,58
32,4703,713.589861837356,86,54
66,3992,2035.36653610435,84,18
48,3198,900.938502956129,55,7
32,5618,852.423526217789,82,50
83,9079,6782.32671173335,97,14
71,5960,3470.80180211971,88,17
41,8456,1828.25564598033,90,49
7,3628,209.373957604132,57,50
8,9659,577.214599174974,86,78
0,4913,317.53786673633,69,69
47,2758,748.774701727668,87,40
65,4410,2185.30654740477,87,22
36,4838,860.276975087434,76,40
62,2346,1063.41990899506,78,16
61,5750,2527.24435951567,68,7
98,3539,3318.31367424113,98,0
16,6165,496.855062496146,61,45
78,1285,876.004064058184,80,2
83,4454,3327.29190153765,83,0
74,3754,2348.67193683263,94,20
68,7660,4126.85864233818,81,13
51,2616,821.78154173607,90,39
35,2795,477.729934474905,86,51
6,7796,434.993593901355,71,65
36,7118,1265.69894763794,83,47
32,1755,266.287520205094,85,53
38,6700,1288.87923705355,91,53
84,1712,1299.89505239458,85,1
77,1436,959.175591433741,89,12
57,3713,1434.86259408405,86,29
83,2992,2235.12738423903,87,4
50,6250,1894.02973080911,90,40
24,1133,124.983954706945,81,57
54,4994,1743.37349977695,68,14
26,1041,124.34578839879,60,34
84,2605,1977.93610484105,88,4
31,9048,1319.25450021756,48,17
84,3973,3016.63729156755,84,0
6,1756,97.9795729721369,70,64
52,9256,3012.95127504229,73,21
0,6690,432.389238442103,81,81
99,5902,5620.95238095238,99,0
27,4896,608.615260088265,68,41
40,1901,395.384598277199,43,3
16,5637,454.302025513507,81,65
14,1481,110.543064035472,79,65
4,5331,279.268804232126,59,55
13,2667,191.632480429096,76,63
72,4441,2650.60402107781,80,8
34,1799,295.547051269139,74,40
67,4425,2319.91580415545,69,2
1,6651,322.126414252329,63,62
82,4174,3065.78543303414,97,15
27,4171,518.491472595619,76,49
41,2180,471.333645723405,52,11
83,6642,4961.8035047178,95,12
68,2099,1130.84546870337,71,3
54,1625,567.277119971475,88,34
92,8853,7514.40747115027,92,0
51,4961,1558.43204455376,76,25
43,4143,967.351880837437,90,47
16,3014,242.90691944256,79,63
13,3730,268.012430446392,53,40
51,7631,2397.17696673851,79,28
4,2587,135.52211527828,65,61
54,4653,1624.33257798602,86,32
56,2065,771.769372331639,73,17
83,6120,4571.85146776166,86,3
64,9633,4636.5145941074,70,6
15,4000,310.207725875197,69,54
19,7716,698.792435890506,55,36
14,3276,244.523347589605,58,44
43,5181,1209.71520507332,54,11
65,4021,1992.54367961782,74,9
2,5049,250.33392693635,88,86
17,6996,586.057983504685,88,71
77,3861,2578.95331373654,86,9
19,7486,677.962697651157,58,39
86,3085,2415.26984231034,92,6
46,8591,2247.01100734056,88,42
41,1772,383.120743221043,83,42
95,3417,3029.01457223294,97,2
75,3899,2494.93369881759,91,16
46,9465,2475.60926370369,48,2
82,1793,1316.95095386445,96,14
96,2032,1836.11773476372,96,0
29,4018,540.949599422918,72,43
20,1820,171.419292408572,81,61
38,6455,1241.74857838517,73,35
47,9307,2526.77525343706,77,30
10,5610,360.343065439978,44,34
6,2299,128.277356641767,87,81
61,4817,2117.17149213686,93,32
34,8038,1320.51539638763,70,36
10,7952,510.775054612961,84,74
79,3229,2245.03146031309,88,9
15,3643,282.521686340836,75,60
40,2496,519.137273697996,90,50
49,2396,700.202824793242,67,18
90,4785,3957.83727761256,91,1
45,7545,1900.67769197617,72,27
18,5225,455.053982619596,81,63
93,2907,2500.46824600083,95,2
52,4678,1522.75130344077,68,16
1,8915,431.77822629071,84,83
58,4795,1915.05842300453,79,21
72,2908,1735.6353283707,78,6
25,8564,983.005671584016,83,58
3,2451,124.760861936352,65,62
43,8946,2088.80760945492,84,41
28,3883,502.328743305708,83,55
25,5840,670.335488329128,75,50
99,6613,6298.09523809524,99,0
16,9899,797.788850551394,50,34
87,9465,7518.00350631772,91,4
86,8291,6491.08663293194,87,1
92,6710,5695.43365315919,93,1
6,3101,173.026569354554,79,73
68,4191,2257.9196566631,69,1
96,9835,8886.91826840609,97,1
70,2845,1615.43697111575,74,4
38,4745,912.795817883444,86,48
35,9942,1699.31699769213,81,46
16,4095,330.027815234666,74,58
32,9471,1437.04222442305,87,55
20,1260,118.674894744396,82,62
61,1443,634.228454048888,81,20
54,5276,1841.81789844277,59,5
1,6423,311.08374060182,82,81
61,6636,2916.65975126017,72,11
70,4844,2750.50147208601,87,17
78,4562,3109.98485621279,94,16
12,7660,530.009519125182,75,63
56,7650,2859.09719047798,86,30
64,6438,3098.71078136234,87,23
63,3886,1815.6494749099,83,20
84,5789,4395.49793125713,92,8
93,4968,4273.2460427011,93,0
77,5814,3883.45883606948,77,0
81,2585,1865.54416625844,92,11
59,9011,3717.51681954714,90,31
59,5852,2414.26128376317,59,0
4,1989,104.195395163703,17,13
43,5733,1338.60205958026,73,30
79,5436,3779.49551510125,86,7
68,1388,747.791096026814,69,1
39,8651,1730.58638204369,68,29
30,3734,523.162228444896,64,34
89,5554,4534.01955289755,96,7
95,2784,2467.88895788602,98,3
33,4472,706.064832467316,68,35
31,6442,939.283542263649,85,54
25,4952,568.407763391411,86,61
62,1186,537.602733191878,67,5
75,7587,4854.85046753758,83,8
30,8159,1143.13889177341,74,44
2,6965,345.330917233447,70,68
0,5152,332.984956121631,70,70
97,4701,4330.5698738457,97,0
38,6125,1178.2664667094,84,46
86,6709,5252.5268629044,88,2
37,2518,465.737521165166,74,37
43,2526,589.797453776338,88,45
68,3970,2138.85493604211,79,11
7,7819,451.238967614858,87,80
88,7389,5951.31802430708,92,4
83,3305,2468.94919950201,89,6
8,1271,75.9540072006824,69,61
35,3169,541.655156476198,46,11
16,3580,288.522485601979,76,60
33,6744,1064.78113375661,68,35
81,7393,5335.38414744627,83,2
10,2129,136.750514495849,89,79
58,5826,2326.82593794044,75,17
16,3387,272.968061098856,35,19
0,3282,212.122792311955,63,63
71,3175,1848.9590137131,84,13
90,1434,1186.11048194282,92,2
59,3257,1343.68574866996,83,24
19,7102,643.186091199374,80,61
65,7742,3836.42704988838,84,19
64,5233,2518.72530581999,81,17
65,3328,1649.13836502564,82,17
4,4372,229.030803245705,76,72
10,9451,607.059235556727,60,50
18,6668,580.727264326787,76,58
57,2481,958.764905985061,58,1
77,1740,1162.23226260077,79,2
44,9881,2396.73159515635,74,30
83,7714,5762.62454612965,83,0
93,3397,2921.94380174228,97,4
13,6821,490.110667044194,70,57
2,1605,79.5773326862431,74,72
18,6115,532.565570089728,74,56
83,2853,2131.28958129477,88,5
84,5741,4359.05227558251,91,7
57,9910,3829.64942293912,87,30
68,8727,4701.709578549,78,10
25,5634,646.690092679162,58,33
2,1014,50.2750251363554,87,85
48,2831,797.547499020888,59,11
2,8768,434.725266662292,85,83
82,4084,2999.68081181395,82,0
54,8277,2889.44782892548,69,15
18,4076,354.985652278942,81,63
75,7823,5005.86466423441,85,10
61,2764,1214.83537560023,70,9
88,6831,5501.88840493188,96,8
42,8804,1978.33038415774,78,36
16,2630,211.95925618246,71,55
10,8745,561.711249068202,69,59
4,5267,275.916111778392,70,66
72,9519,5681.40051264122,80,8
17,5678,475.648546360721,81,64
26,7510,897.057512848142,81,55
66,6977,3557.30268597196,66,0
9,5331,330.154896622956,86,77
8,5582,333.576135479315,75,67
23,9534,1010.84559068506,83,60
69,2521,1394.81313426999,88,19
31,6906,1006.93761919788,71,40
44,7554,1832.29536178636,73,29
17,2871,240.504927192961,85,68
65,6284,3113.93794646068,78,13
42,1215,273.020379004049,86,44
88,5956,4797.13765770374,96,8
95,3693,3273.67597754061,98,3
38,2646,509.01111361846,81,43
98,1638,1535.85696479429,99,1
52,9403,3060.801732846,63,11
5,2690,145.31732579861,72,67
6,1646,91.8419004055452,84,78
31,9801,1429.0465690354,77,46
51,8242,2589.11447514858,68,17
28,5768,746.183927733021,84,56
23,3431,363.772941225134,55,32
18,8146,709.448754529995,82,64
90,5578,4613.75471985849,93,3
38,4356,837.963874120186,78,40
84,8855,6723.46418747311,90,6
57,1839,710.66854579062,87,30
12,9969,689.773485138243,79,67
37,1451,268.381708979609,61,24
62,2660,1205.75317899696,72,10
61,4815,2116.29245062051,61,0
30,3659,512.65414940543,84,54
50,4266,1292.78893306106,83,33
54,4728,1650.51459890778,85,31
86,4651,3641.30309127566,92,6
30,3012,422.004454224967,82,52
3,7762,395.101513810675,87,84
13,4685,336.63223502449,57,44
66,1710,871.862920024661,82,16
99,2533,2412.38095238095,99,0
82,8972,6589.8962398616,84,2
51,2625,824.60877181085,76,25
35,1172,200.321818677849,82,47
51,6650,2089.00888858749,71,20
53,8966,3023.05767781467,64,11
68,4175,2249.29958639189,71,3
89,1626,1327.38851152528,94,5
94,3104,2708.04516978108,95,1
71,9737,5670.33509181872,86,15
4,3127,163.810457856661,53,49
14,7999,597.051971113935,87,73
54,7789,2719.09014612789,79,25
4,2396,125.516423736667,86,82
28,4146,536.352039594505,83,55
1,8943,433.134344107439,64,63
35,5023,858.546497626994,80,45
37,9822,1816.70926643537,83,46
64,3046,1466.08776639169,71,7
59,2424,1000.02893913908,61,2
68,3323,1790.28084445036,90,22
67,6269,3286.67845790972,82,15
50,8572,2597.6996563993,77,27
15,7772,602.733611375509,59,44
32,3355,509.056769394924,62,30
33,4773,753.588426960308,50,17
49,5312,1552.36953476699,70,21
33,3742,590.80827439461,80,47
91,5035,4218.77275251727,92,1
74,4817,3013.73274366616,85,11
63,4780,2233.35164438223,78,15
21,1077,105.510126208645,58,37
26,3306,394.896423099329,69,43
38,9470,1821.74423505927,67,29
12,5048,349.280424614089,81,69
35,3843,656.85729452131,87,52
81,5337,3851.60898078192,86,5
13,7641,549.030289823294,80,67
52,8375,2726.17404153837,84,32
17,1365,114.346647724971,82,65
48,5030,1417.04836456202,73,25
28,3114,402.84617735101,92,64
32,5824,883.68006705098,75,43
79,3649,2537.0454625836,87,8
80,6933,4912.72095791667,86,6
79,3327,2313.16806084287,90,11
24,8118,895.516102657528,71,47
35,3521,601.820071300945,80,45
56,1669,623.769047177484,60,4
27,7058,877.370609824954,86,59
71,4716,2746.35927832157,89,18
18,3361,292.715107288892,64,46
44,3997,969.510797069114,90,46
46,4832,1263.82926172385,77,31
34,4510,740.921179112739,85,51
6,6548,365.358908782205,76,70
97,5251,4837.23088865428,98,1
27,7033,874.262893014862,74,47
70,1982,1125.41162627466,80,10
28,9969,1289.65110533469,62,34
58,2739,1093.9197123273,92,34
94,3396,2962.79684168059,95,1
89,3516,2870.29397695135,91,2
8,3592,214.655227273683,85,77
37,2864,529.734813588974,83,46
8,7117,425.306584773609,74,66
88,7663,6172.00568686766,96,8
67,1513,793.227708855863,73,6
17,1769,148.189904634046,70,53
83,3011,2249.3210407566,84,1
27,7212,896.514145375116,72,45
20,7932,747.086718343295,78,58
3,5511,280.52105676509,23,20
77,2625,1753.36763754427,80,3
52,1106,360.017730142261,84,32
83,9021,6738.99870762712,84,1
7,5387,310.886854909994,80,73
6,3053,170.348312234587,88,82
43,2356,550.104038439054,61,18
98,7606,7131.70212101669,98,0
52,5296,1723.91853420743,87,35
83,8088,6042.01546915953,94,11
66,8752,4462.3065941847,82,16
33,2902,458.184289763003,68,35
43,3131,731.059314241375,71,28
45,6758,1702.42277566269,85,40
61,9988,4389.93333266825,66,5
52,7886,2566.99802884437,78,26
36,7586,1348.91714200357,69,33
46,8806,2303.24513218961,92,46
80,8138,5766.58346394431,87,7
82,2188,1607.07679144195,83,1
37,4209,778.510415641059,44,7
22,5171,526.992622219249,84,62
56,6953,2598.60166867888,64,8
20,2393,225.388113589953,41,21
16,9746,785.458140971198,31,15
57,7431,2871.65740281136,76,19
55,4884,1764.51723094479,72,17
11,7249,483.149645079728,64,53
72,3294,1966.0188348188,73,1
83,7165,5352.5025762275,84,1
15,1698,131.683179634021,59,44
63,4643,2169.34135666667,79,16
3,9432,480.107894648581,54,51
48,2830,797.265779664117,86,38
29,5358,721.355886935787,73,44
9,8501,526.476604050225,73,64
81,5847,4219.66605033388,82,1
37,2756,509.758780115647,61,24
47,5749,1560.80701966366,50,3
62,8649,3920.5109944153,76,14
24,3749,413.561205822009,59,35
39,9562,1912.82707029266,88,49
71,1024,596.325678753453,93,22
36,1149,204.3113361669,82,46
87,8583,6817.43519225832,89,2
27,1311,162.968669521184,67,40
73,2814,1720.17061491566,79,6
13,6712,482.278668406484,79,66
12,4329,299.531489333279,77,65
29,9640,1297.8482176299,71,42
71,9478,5519.50662424339,91,20
50,4916,1489.76802506521,76,26
77,4565,3049.18981538651,78,1
70,7410,4207.51773496229,88,18
30,3397,475.945926627561,77,47
78,1396,951.674454027412,96,18
74,5028,3145.74387277423,84,10
16,3960,319.147777369787,88,72
16,6808,548.676279882199,71,55
55,3131,1131.18416258971,85,30
56,2808,1049.45685109309,64,8
16,3835,309.07366823564,79,63
81,2970,2143.39116974373,82,1
68,4509,2429.24355330325,82,14
9,9551,591.504298939384,76,67
30,1793,251.213142903508,63,33
19,6357,575.715852119744,22,3
49,2315,676.531527293972,93,44
56,3035,1134.29542132035,69,13
39,6207,1241.677224985,70,31
42,6253,1405.09994231467,56,14
63,2562,1197.03910311868,92,29
91,1574,1318.83779790709,93,2
56,2632,983.67892880236,70,14
71,6152,3582.61286688598,79,8
67,9696,5083.36805357994,82,15
46,2233,584.050236222961,66,20
69,5932,3282.043440099,85,16
27,1161,144.322368660636,78,51
73,7120,4352.386204051,78,5
13,5032,361.565294907841,65,52
89,9347,7630.44306102509,90,1
62,4150,1881.15627550278,76,14
28,3794,490.815156348662,57,29
98,3893,3650.23880582671,99,1
97,1680,1547.61909977893,97,0
92,4220,3581.92697709863,94,2
24,3976,438.602121725343,86,62
8,2667,159.377920695688,37,29
46,3459,904.7155248971,84,38
5,5748,310.514493936955,83,78
59,2555,1054.07340738464,82,23
87,3942,3131.11144446957,90,3
30,8874,1243.31591194965,40,10
37,9941,1838.71989591061,83,46
49,7761,2268.06098631901,88,39
32,1272,193.001553105915,74,42
18,4313,375.626378380539,68,50
6,2916,162.704120038013,76,70
70,4708,2673.27847452125,73,3
52,1698,552.721614630704,85,33
33,6825,1077.5698751318,80,47
49,5185,1515.25527819406,91,42
21,9184,899.726090158028,69,48
25,3430,393.707315919334,74,49
96,3188,2880.68077678481,97,1
77,2142,1430.74799223612,80,3
42,1971,442.899725939902,61,19
19,5518,499.732589585771,70,51
30,5357,750.557058858947,75,45
90,4503,3724.58542551502,93,3
40,6892,1433.45115798341,84,44
48,5712,1609.18096588037,78,30
66,5480,2794.04023493283,77,11
70,7814,4436.91546302231,84,14
20,8196,771.951934384978,64,44
90,5835,4826.32821627362,94,4
79,5197,3613.32564238065,85,6
66,7157,3649.07773018508,80,14
28,1437,185.899151205331,81,53
97,9555,8802.08362999269,98,1
10,9718,624.209253109752,43,33
80,6467,4582.51354894665,95,15
59,1989,820.568300308431,78,19
85,1643,1267.14909085233,87,2
95,4726,4189.38333871024,98,3
74,4647,2907.37306618572,75,1
9,9735,602.899628329484,78,69
40,3168,658.905001232071,84,44
65,3929,1946.95451808466,77,12
70,1244,706.363301254128,84,14
82,7233,5312.60805872927,87,5
59,1132,467.01021415241,79,20
82,9621,7066.58400843831,91,9
64,8933,4299.59357097076,72,8
16,9281,747.98245499217,80,64
18,1145,99.7199636553947,77,59
23,9385,995.04781503873,81,58
99,8279,7884.7619047619,99,0
89,2649,2162.51670789082,93,4
64,1277,614.640209350684,89,25
91,4283,3588.67997994667,92,1
79,3005,2089.29065910214,80,1
75,7745,4955.95319244478,84,9
57,2906,1123.00315066207,61,4
34,4331,711.514329653497,82,48
49,4336,1267.14501181281,73,24
79,5467,3801.04892955455,80,1
84,3709,2816.18618535717,95,11
59,2505,1033.44574774893,86,27
16,1620,130.560454378549,79,63
1,3749,181.574489104192,87,86
88,1510,1216.19843235941,95,7
0,4567,295.175134822882,69,69
47,7829,2125.51020298257,86,39
78,6194,4222.54410332793,95,17
49,5504,1608.47927698748,49,0
97,9990,9202.80643261402,98,1
13,5124,368.175789170862,57,44
68,8405,4528.23066434105,68,0
97,4851,4468.75015061168,98,1
59,4898,2020.68553791387,71,12
79,5416,3765.5900864217,82,3
68,6262,3373.68000239187,94,26
78,6007,4095.06335626265,82,4
71,2201,1281.75079974253,84,13
15,2626,203.651372037067,64,49
89,5088,4153.59947517874,96,7
31,4049,590.369304971362,84,53
84,7358,5586.81530112108,96,12
63,4303,2010.48370832149,90,27
55,9683,3498.32521442228,82,27
53,3997,1347.66468193456,69,16
75,2687,1719.38621408639,83,8
90,1235,1021.51077071087,91,1
52,8346,2716.73415530498,89,37
95,9272,8219.20489135027,96,1
65,1091,540.627991659549,77,12
15,5473,424.441720928739,84,69
26,1461,174.514118012135,82,56
75,5123,3278.15987151641,91,16
64,3516,1692.30616764057,89,25
98,9636,9035.1145987532,98,0
2,3101,153.750348074791,69,67
11,9975,664.838972226553,59,48
46,8714,2279.1821578356,60,14
67,3270,1714.37845866403,85,18
91,4650,3896.18536230493,92,1
87,3003,2385.26830739272,94,7
42,1752,393.688645279913,88,46
74,7970,4986.39193834737,84,10
7,1427,82.352987183323,80,73
32,6377,967.587188802215,67,35
45,1368,344.615915523314,77,32
35,6585,1125.52830716181,77,42
33,5371,848.004073162333,81,48
22,4558,464.519894038936,90,68
41,3024,653.813277370449,42,1
54,8791,3068.88194564261,59,5
27,3998,496.986072269788,68,41
93,4187,3601.46561610095,96,3
84,6167,4682.50746969471,84,0
48,7388,2081.34260782986,69,21
34,5815,955.311897237378,91,57
14,6351,474.043889054207,64,50
63,2080,971.83502517051,72,9
42,9542,2144.16498473797,71,29
34,8523,1400.1931728554,77,43
48,6742,1899.35190335529,72,24
67,6786,3557.72850779636,91,24
50,1106,335.167501163979,88,38
89,7523,6141.41683407422,98,9
73,5061,3093.73968801996,83,10
0,6070,392.317291082745,79,79
76,8407,5498.18197008808,86,10
46,9627,2517.98102289227,82,36
83,3863,2885.79448038616,91,8
1,5804,281.103850296274,80,79
55,1879,678.855011659554,93,38
23,1983,210.248249038018,67,44
53,2548,859.106732441643,69,16
92,2054,1743.4308082845,93,1
45,5334,1343.69977587818,87,42
38,3949,759.669269720068,66,28
75,9304,5953.54273757343,78,3
98,9434,8845.71099259419,99,1
7,9539,550.501152587049,68,61
27,6401,795.699812055756,90,63
24,1447,159.622049833142,73,49
33,4665,736.536771793387,80,47
9,9490,587.726499522013,72,63
94,2561,2234.31175251589,94,0
30,5211,730.101331662119,84,54
93,6637,5708.84339480822,94,1
21,2113,207.003618086227,70,49
39,5955,1191.26596983819,65,26
55,5491,1983.81738638777,74,19
64,9151,4404.52040389046,84,20
81,6710,4842.47634645807,89,8
20,1377,129.694706399233,78,58
6,6470,361.006740962259,78,72
29,4518,608.26537834563,62,33
66,4235,2159.26284579207,84,18
70,9286,5272.74084842912,86,16
22,2058,209.737152683662,75,53
35,3637,621.647145504555,84,49
74,3966,2481.30871110234,95,21
12,6824,472.165138186716,63,51
33,5469,863.476871369354,80,47
70,4099,2327.47843395552,74,4
10,3599,231.17195945071,89,79
7,5423,312.964435525691,89,82
72,5569,3323.8490865531,76,4
18,1665,145.007632739067,81,63
38,5716,1099.58712223852,77,39
29,7968,1072.74425291235,68,39
69,3581,1981.28751837399,82,13
51,8614,2705.97331823949,81,30
25,1269,145.660228542751,85,60
59,3690,1522.32128111519,68,9
29,4344,584.839487280526,69,40
64,6819,3282.09208109813,84,20
56,4264,1593.619662771,67,11
60,6026,2566.69133047284,72,12
75,7300,4671.2018469783,75,0
7,2827,163.147788904873,54,47
44,5800,1406.84579009278,85,41
65,3885,1925.15100604706,71,6
22,7130,726.640378345242,83,61
46,3800,993.905462448389,73,27
22,7895,804.603897199956,40,18
83,8039,6005.41077603529,95,12
98,6729,6309.39042496993,98,0
87,2987,2372.55958514221,90,3
3,2845,144.816259571163,67,64
27,4026,500.46671509709,66,39
1,4621,223.807872539469,52,51
65,4666,2312.16334471444,72,7
25,1598,183.423991498279,67,42
52,8746,2846.93948266204,84,32
68,9441,5086.38021440141,83,15
5,1455,78.6010070769431,10,5
25,1362,156.335091627444,80,55
1,4308,208.648412659605,32,31
68,4765,2567.16467764249,76,8
85,3094,2386.21989476392,87,2
5,7868,425.039672633257,85,80
20,3976,374.485223415651,70,50
70,8042,4566.377547175,88,18
8,4025,240.53098267722,71,63
40,1698,353.163097251281,61,21
31,5747,837.948233062588,80,49
17,3887,325.615692093012,84,67
79,6159,4282.17676186692,82,3
47,9201,2497.997110441,88,41
61,7722,3393.97929463999,92,31
78,2807,1913.57463642904,78,0
0,2158,139.476229679829,76,76
7,2460,141.968008739295,70,63
28,5034,651.229176873791,52,24
84,9658,7333.16963552968,85,1
4,8620,451.565764862301,78,74
89,3032,2475.17956146658,89,0
61,8895,3909.53714398119,92,31
43,4441,1036.93210301691,83,40
21,1198,117.36409581983,90,69
61,9558,4200.9394066523,72,11
0,5721,369.760662649816,25,25
55,3523,1272.80798620362,87,32
13,7000,502.97238957768,59,46
63,1898,886.79946046809,67,4
18,6704,583.862564494118,78,60
13,9783,702.939841034064,74,61
65,5857,2902.34477282308,85,20
78,6262,4268.90073862439,86,8
16,7917,638.053776120354,88,72
64,6042,2908.10974541647,77,13
89,9067,7401.86447355456,95,6
10,5144,330.410825066533,27,17
56,9785,3657.02823644798,68,12
23,7402,784.799566000711,82,59
57,5852,2261.4640184702,88,31
59,6438,2656.01745469365,85,26
94,3192,2784.81964624394,96,2
63,9691,4527.9102062151,78,15
48,3518,991.088697123096,90,42
43,6167,1439.93701402956,77,34
99,2706,2577.14285714286,99,0
73,3505,2142.5721411796,83,10
79,3554,2470.99467635575,83,4
2,6750,334.671025315976,86,84
20,4333,408.109776926563,83,63
21,9583,938.814799867637,84,63
83,4330,3234.65961689673,94,11
66,9846,5020.09491845778,89,23
9,2935,181.767889999695,53,44
6,1404,78.3390207590434,64,58
75,2888,1848.00423754429,91,16
17,4721,395.480237296401,61,44
39,6319,1264.08222727247,75,36
62,8626,3910.085309033,85,23
93,1830,1574.08217756502,97,4
63,5335,2492.66339388686,80,17
88,9037,7278.66571737218,88,0
65,2708,1341.9070590413,78,13
20,2325,218.983436730731,77,57
2,1343,66.5871388147193,79,77
3,3545,180.447676688848,77,74
86,2913,2280.60974089142,88,2
92,7649,6492.45484545673,92,0
96,2552,2305.99038342372,98,2
11,7312,487.348628062211,59,48
2,4348,215.577721196128,85,83
52,7060,2298.12402785205,83,31
66,3216,1639.71412327445,84,18
40,7686,1598.59338367099,48,8
91,5110,4281.61445190929,93,2
63,4500,2102.5276986862,79,16
35,1172,200.321818677849,77,42
39,7986,1597.55668096185,83,44
96,9973,9011.61524055047,96,0
66,1933,985.562002577584,84,18
28,1513,195.730978269775,78,50
98,1135,1064.22323262608,98,0
38,1891,363.77173690571,90,52
33,5011,791.16522260593,58,25
11,8133,542.06870788156,74,63
16,1718,138.458555939721,59,43
86,5400,4227.70085850108,96,10
93,4095,3522.331430125,96,3
98,2204,2066.56211868535,98,0
0,6967,450.292350407493,75,75
84,8092,6144.13011914539,84,0
37,5903,1091.83819993565,64,27
49,6398,1869.74026420165,63,14
40,6536,1359.40754042071,85,45
76,8342,5455.67193939274,95,19
20,5073,477.807730982796,50,30
83,8188,6116.71892451511,84,1
84,6543,4967.99843914586,89,5
96,7244,6545.68743633286,98,2
46,7251,1896.52855479297,58,12
77,8410,5617.45593590373,92,15
52,1240,403.636514806875,74,22
13,4517,324.560897674626,79,66
57,6027,2329.09153098427,86,29
0,8768,566.694894269111,84,84
71,5435,3165.06842189943,84,13
65,9270,4593.60355883044,70,5
30,6506,911.540829743571,68,38
13,2813,202.123047411716,61,48
89,5003,4084.20954683947,89,0
49,8809,2574.32666260587,73,24
92,9079,7706.23578793328,94,2
42,6682,1501.49973045684,86,44
4,9276,485.930862513075,67,63
82,5677,4169.73260741132,88,6
73,9059,5537.67789641826,96,23
99,3862,3678.09523809524,99,0
34,6829,1121.89594948135,78,44
54,1454,507.582112269862,72,18
3,3508,178.564301784057,54,51
80,4574,3241.13452495469,82,2
4,6508,340.926913889078,40,36
32,9480,1438.40780144974,77,45
65,5128,2541.10022110923,68,3
98,2278,2135.94759816934,98,0
20,1643,154.748295289717,71,51
12,3899,269.778996745311,90,78
92,5442,4619.15796430586,96,4
29,9007,1212.62644151374,74,45
34,2193,360.274976894509,67,33
12,8701,602.038227925354,85,73
33,7196,1136.1454683441,79,46
30,9500,1331.02334499907,56,26
87,6668,5296.35999790032,98,11
23,2424,257.005423937547,61,38
6,4671,260.627895986818,62,56
93,6232,5360.48094567497,95,2
6,2194,122.418669191839,86,80
71,4491,2615.33068679859,71,0
55,2429,877.56190703622,83,28
34,9038,1484.79947157892,76,42
97,1634,1505.24381490404,98,1
0,8252,533.34469291842,39,39
48,4483,1262.94787640786,63,15
83,6863,5126.89814105364,91,8
91,4065,3406.02010704721,93,2
45,5332,1343.19595144028,84,39
50,4712,1427.9468946516,77,27
32,8958,1359.20433390156,79,47
76,6843,4475.32523151097,88,12
7,5939,342.743091017348,75,68
91,7752,6495.31804915867,91,0
50,1634,495.175132822733,87,37
61,2287,1005.18397394997,74,13
40,6328,1316.14610094588,89,49
36,7515,1336.29215952502,90,54
40,7202,1497.92734181609,79,39
72,1656,988.381053570108,75,3
51,7120,2236.653125826,68,17
82,4052,2976.17694649122,95,13
59,9596,3958.86043728492,67,8
38,2756,530.171817510384,61,23
13,2419,173.812887198344,59,46
17,3498,293.028991752343,24,7
2,9873,489.512153028834,75,73
79,5854,4070.11897450381,83,4
57,1954,755.109482585574,70,13
20,9515,896.183828168993,82,62
74,7832,4900.05290603972,95,21
10,6471,415.647054627825,87,77
55,4075,1472.23745210893,83,28
81,4975,3590.36062945289,86,5
7,6286,362.768659729761,74,67
94,3785,3302.17492513575,97,3
62,5589,2533.4415479,80,18
14,6013,448.815289699724,81,67
59,5848,2412.61107099231,89,30
29,9155,1232.55191207487,41,12
5,3283,177.351963047151,83,78
57,9822,3795.64244521776,74,17
21,6972,683.023769662649,71,50
55,7622,2753.71628465627,75,20
4,3036,159.043348274008,66,62
24,8621,951.003242302359,84,60
53,6131,2067.1834288068,87,34
30,4665,653.602516254804,79,49
19,5320,481.800901884071,91,72
4,9599,502.851482240514,68,64
62,2447,1109.20226654344,69,7
60,7704,3281.41221539375,77,17
78,3117,2124.90635616293,85,7
43,7227,1687.43713319145,58,15
32,1075,163.110589299417,72,40
80,1098,778.042349890741,87,7
38,7985,1536.07473251829,87,49
20,1068,100.591101259536,87,67
88,4353,3506.0342887818,90,2
28,4038,522.380495871349,82,54
23,7708,817.24332001263,81,58
59,8004,3302.075754484,88,29
44,7268,1762.92331075765,60,16
55,4278,1545.57836076614,89,34
58,4855,1939.02161495037,87,29
60,1096,466.826036873255,61,1
68,3416,1840.38500290173,81,13
19,1545,139.921502520844,84,65
25,4404,505.506419623541,81,56
64,1924,926.0514978784,83,19
90,1424,1177.83913966986,92,2
21,7869,770.899891491019,34,13
17,7604,636.990409744086,82,65
70,6592,3743.0441172566,70,0
56,4010,1498.69016128323,84,28
45,5457,1374.68497880901,61,16
8,1199,71.651341175152,59,51
51,9361,2940.63341444623,78,27
16,2517,202.85226152519,88,72
96,6293,5686.3626500335,96,0
92,2022,1716.2692767046,97,5
93,6776,5828.40482796753,94,1
95,4371,3874.69203840509,96,1
11,2805,186.954718505813,81,70
50,6098,1847.96692775583,82,32
96,1378,1245.16251894902,96,0
31,1136,165.635843528641,74,43
57,5271,2036.94067692352,90,33
79,8769,6096.83520454799,90,11
33,1375,217.092831986261,57,24
43,9820,2292.87846242424,70,27
28,7780,1006.4686126496,72,44
75,1218,779.386828715009,89,14
27,1470,182.733748433364,76,49
15,6217,482.140357941526,57,42
28,1167,150.97029189744,46,18
7,9763,563.428320862497,69,62
88,5615,4522.48622364112,92,4
0,7108,459.405486823089,80,80
40,2059,428.24665326289,83,43
25,8369,960.622894148369,52,27
29,2804,377.506888198572,45,16
91,2419,2026.85427772379,95,4
13,4776,343.170876089,62,49
57,9940,3841.24271079867,85,28
29,9239,1243.86096293388,89,60
97,3127,2880.59816964805,97,0
28,8179,1058.08570473793,69,41
3,9046,460.4597132094,69,66
98,2917,2735.10058992975,98,0
36,5753,1022.97921407152,71,35
74,5800,3628.74193756772,85,11
58,5315,2122.73941986843,71,13
33,6996,1104.5683291461,36,3
84,4211,3197.34700095418,85,1
67,2051,1075.28752866053,77,10
48,3434,967.424271154267,75,27
48,5797,1633.12711120597,77,29
37,4678,865.258190631711,37,0
28,8775,1135.18792750646,72,44
96,7928,7163.75068957025,96,0
17,1148,96.1684627020267,80,63
71,6503,3787.01746966182,76,5
49,1708,499.142915169807,69,20
30,5951,833.78104485152,66,36
80,5414,3836.35818060881,86,6
62,3387,1535.29549521154,78,16
38,6847,1317.15763225457,80,42
74,4093,2560.76564663184,82,8
64,4844,2331.49348010549,75,11
8,2160,129.079980765912,60,52
0,1360,87.8997554979461,71,71
86,9083,7111.1494255121,97,11
90,3174,2625.3240374383,90,0
11,7098,473.085416026474,74,63
43,5366,1252.91098058742,76,33
9,3717,230.198039907621,72,63
83,6004,4485.19545954919,90,7
23,3498,370.876638998985,82,59
65,6742,3340.8926853975,75,10
1,5120,247.975829344749,70,69
51,6818,2141.78384998338,78,27
4,4768,249.775587803185,63,59
42,8504,1910.91794489748,81,39
91,4620,3871.04868254812,92,1
58,1234,492.842981019311,66,8
57,1561,603.237411625425,80,23
78,4363,2974.32352644814,88,10
74,8955,5602.65242257223,82,8
91,3178,2662.81227557098,92,1
97,1102,1015.16443330737,97,0
15,7853,609.015317824481,69,54
61,6454,2836.66697327202,67,6
66,3902,1989.47901399779,94,28
57,4227,1633.49425941107,62,5
76,4342,2839.67005044872,90,14
61,6297,2767.66221423829,61,0
99,5214,4965.71428571429,99,0
45,1295,326.226323539979,81,36
47,4560,1238.00313266068,75,28
13,8796,632.020734103611,84,71
99,2785,2652.38095238095,99,0
24,8242,909.19484086023,76,52
29,8870,1194.18191808892,80,51
53,7150,2410.758687974,65,12
73,1240,757.999844525736,75,2
6,6695,373.561071212105,84,78
32,2892,438.805417910617,88,56
47,3359,911.941342677026,87,40
72,5269,3144.79454786286,82,10
52,7307,2378.52581749503,84,32
89,8982,7332.4745452153,90,1
38,7578,1457.78012811818,57,19
62,8436,3823.96008196179,73,11
56,7674,2868.06690715399,89,33
93,8332,7166.80475599549,97,4
66,3866,1971.12400515517,83,17
75,1001,640.530554633599,81,6
26,4342,518.644969478912,83,57
3,1589,80.8833168571453,47,44
29,1568,211.102282701626,72,43
53,4830,1628.52649830971,56,3
24,8188,903.237970997763,83,59
77,1018,679.972668579072,84,7
36,4700,835.738276748851,56,20
96,8125,7341.7601353126,97,1
85,6540,5043.91664891921,92,7
92,7457,6329.48565597736,97,5
79,3725,2589.88609156588,82,3
14,8504,634.745588492674,48,34
58,8900,3554.54013863198,80,22
19,2065,187.014823757633,71,52
10,3890,249.863551615244,34,24
63,2784,1300.76380292053,88,25
13,3992,286.8379684563,76,63
80,9907,7020.09613876828,81,1
6,6861,382.823377085325,85,79
63,6688,3124.82338862518,76,13
2,4937,244.780866960737,83,81
56,2243,838.294771012041,84,28
33,3710,585.75593212293,86,53
51,5573,1750.68368963881,71,20
35,7753,1325.16643362574,73,38
8,3007,179.696065816249,84,76
90,2277,1883.38463555356,95,5
69,9686,5359.04800418053,85,16
39,6494,1299.09004334664,81,42
64,8077,3887.5872912494,72,8
28,2868,371.022105537154,74,46
91,2088,1749.5129110737,91,0
23,4730,501.499857765923,42,19
64,1706,821.124664958706,69,5
61,2925,1285.59821766666,87,26
47,1599,434.115572176411,55,8
80,1422,1007.62861707161,81,1
76,3459,2262.18763346433,95,19
1,6653,322.223279810666,76,75
4,9882,517.676669184369,77,73
28,9709,1256.01590748265,77,49
56,3860,1442.62943205817,70,14
69,3822,2114.62744909952,69,0
11,5680,378.574973658829,63,52
31,2032,296.278198987851,60,29
84,6765,5136.55959664095,88,4
18,2137,186.114901599632,58,40
27,7211,896.389836702712,72,45
96,1426,1288.53537882533,96,0
44,6433,1560.38602890808,53,9
56,8344,3118.47149769259,81,25
38,9774,1880.22472581513,82,44
45,1817,457.72450183177,90,45
80,2535,1796.29996081332,86,6
31,1686,245.829253687754,67,36
18,3119,271.638922830721,48,30
99,4026,3834.28571428571,99,0
16,5725,461.394198343947,66,50
52,9185,2989.83982943641,73,21
37,5204,962.548872177731,89,52
82,6610,4855.01718072729,88,6
85,9017,6954.28079867042,88,3
57,5117,1977.42846591115,81,24
50,1928,584.270291359993,69,19
55,1275,460.638712009543,75,20
79,4995,3472.88081271721,96,17
99,4347,4140,99,0
82,3918,2877.75451045227,83,1
15,6596,511.532539968201,78,63
91,9525,7980.8958227859,96,5
29,2290,308.306267466023,74,45
75,8350,5343.08704414641,80,5
30,1059,148.374076037264,77,47
35,9353,1598.64331919277,65,30
53,9531,3213.5581895217,93,40
7,8481,489.44336671462,56,49
90,8201,6783.32779805655,98,8
93,8331,7165.9446018001,98,5
50,4957,1502.19286009932,88,38
26,2095,250.244406047518,84,58
14,6375,475.835268890028,87,73
59,4803,1981.49298460603,80,21
26,8034,959.648476460982,46,20
5,6580,355.460224444183,83,78
74,5553,3474.20758264027,76,2
13,8056,578.849367205399,68,55
77,1761,1176.25920370113,92,15
47,9616,2610.66625518972,60,13
2,1300,64.4551604312249,84,82
58,7066,2822.06523815434,78,20
85,2309,1780.79564867805,86,1
46,3159,826.24930417749,63,17
16,1961,158.042624096503,79,63
57,1057,408.470175584929,76,19
82,1868,1372.03813821461,82,0
59,7982,3292.99958424429,71,12
47,2679,727.326840438152,57,10
95,8036,7123.54729366811,98,3
50,3510,1063.68709682239,79,29
97,9642,8882.22819051696,97,0
18,2063,179.67011792234,82,64
25,8918,1023.63902139027,79,54
23,4671,495.244362711338,72,49
14,4120,307.52020514932,84,70
77,2069,1381.98767317299,84,7
12,4705,325.547622386943,60,48
50,5878,1781.29708123135,89,39
54,3111,1086.03022783462,78,24
58,4075,1627.50011965453,68,10
0,5084,328.589968346734,53,53
46,5092,1331.83331968084,88,42
45,1597,402.303813662816,81,36
86,4436,3472.977964502,95,9
30,7383,1034.41530064506,70,40
94,2286,1994.39151356944,96,2
52,6595,2146.76033479947,77,25
6,9269,517.182609270352,70,64
46,7546,1973.68700516725,84,38
64,7533,3625.7515246975,69,5
95,8629,7649.21473333277,96,1
80,2667,1889.83510670183,96,16
80,9126,6466.67985892796,86,6
35,3367,575.497921065118,71,36
8,1726,103.14446611202,61,53
55,5828,2105.57052046401,80,25
80,3899,2762.8298016612,87,7
2,6602,327.333053205344,73,71
58,4052,1618.31422940863,86,28
82,7870,5780.48187780995,83,1
88,5381,4334.01573809668,95,7
33,9771,1542.70113551837,55,22
29,1337,180.002392839333,85,56
40,3817,793.889011901141,55,15
69,7219,3994.11186683659,84,15
4,4192,219.601355719578,59,55
70,4997,2837.37734434636,80,10
32,1843,279.639828910535,84,52
71,7611,4432.26048925052,77,6
74,3486,2180.99903351053,77,3
18,2371,206.494352687284,55,37
66,9926,5060.88382699695,82,16
90,2257,1866.84195100764,92,2
44,5993,1453.65979655622,79,35
71,4347,2531.47238822389,90,19
30,3269,458.012138400205,78,48
80,4181,2962.65488605937,80,0
58,6060,2420.28238652919,63,5
0,5490,354.830630649797,77,77
3,7630,388.382446582768,84,81
48,1616,455.258480543185,89,41
17,9640,807.547021295764,60,43
61,2306,1013.53486835533,77,16
47,5731,1555.92016519263,87,40
46,4830,1263.30615358572,82,36
15,8221,637.554428604999,87,72
91,5294,4435.78608775103,92,1
17,1719,144.001382739359,74,57
4,1558,81.6171069205876,81,77
79,2238,1556.01746924146,85,6
81,8577,6189.85389322963,92,11
72,5978,3567.96010763412,94,22
24,5803,640.142885405474,68,44
77,3937,2629.7174815283,86,9
44,5888,1428.19103656316,45,1
23,6239,661.492095687441,89,66
79,7836,5448.14695664705,82,3
56,7476,2794.06674457692,74,18
63,5063,2365.57727521072,85,22
40,3429,713.189788265395,71,31
30,3982,557.908943135398,78,48
24,6708,739.975611804225,50,26
83,2407,1798.11217040888,86,3
69,2555,1413.62457677898,83,14
8,1515,90.5352642872021,73,65
54,8506,2969.39026613992,82,28
0,6301,407.247323082764,83,83
71,8923,5196.30276515338,94,23
4,2982,156.21451401617,57,53
15,3217,249.484563535128,87,72
31,9425,1374.22343772662,90,59
18,4255,370.575061444283,87,69
32,9710,1473.30588102078,61,29
18,9020,785.566875259091,61,43
56,9814,3667.86664409816,69,13
62,6290,2851.19830672589,83,21
8,2699,161.290216707035,59,51
57,6642,2566.75393210511,58,1
15,6373,494.238459250658,71,56
87,7526,5977.86522858396,92,5
79,1823,1267.47982414083,91,12
69,5382,2977.74069362994,87,18
67,8215,4306.91713698012,75,8
12,9657,668.18563005116,77,65
51,7839,2462.51739513343,59,8
28,1205,155.886205429662,76,48
45,8727,2198.43793477482,91,46
59,4888,2016.56000598673,85,26
23,7007,742.919556736961,62,39
55,3304,1193.68651331728,83,28
34,3571,586.658432508113,68,34
40,6909,1436.98694870972,81,41
6,3713,207.174347634137,67,61
0,6206,401.107266632539,52,52
71,1093,636.507780153832,82,11
79,1706,1186.13306636548,88,9
78,3828,2609.60588110096,78,0
10,3932,252.561307185382,16,6
81,2818,2033.69572940668,92,11
40,4654,967.974708249387,84,44
99,5313,5060,99,0
83,2428,1813.79989603355,83,0
54,8899,3106.58405576994,75,21
94,2215,1932.44847005963,98,4
99,5850,5571.42857142857,99,0
0,5338,345.006540329438,76,76
69,4418,2444.38097072781,91,22
96,4025,3636.99502087794,96,0
14,4433,330.882783841489,79,65
70,1106,628.004671372239,92,22
20,6714,632.367653423712,68,48
35,8515,1455.40980037704,87,52
23,8222,871.740344725459,73,50
12,1596,110.430181791618,79,67
71,1255,730.848366050375,93,22
60,7252,3088.88906880004,65,5
32,5751,872.603720056694,89,57
72,6611,3945.76518427052,74,2
90,1020,843.676911842176,91,1
24,1657,182.787654853846,78,54
87,3756,2983.37254830738,87,0
72,5683,3391.88981125539,81,9
28,7350,950.841170048146,72,44
87,3956,3142.23157643876,94,7
43,6855,1600.57860080633,55,12
86,5426,4248.0564552272,86,0
26,7128,851.428222580766,69,43
31,5797,845.238543077052,88,57
52,3390,1103.49014935105,75,23
35,4971,849.658498846066,58,23
70,8831,5014.38449628232,76,6
99,7851,7477.14285714286,99,0
95,1694,1501.65369779415,98,3
85,6446,4971.41998760447,89,4
47,9634,2615.55310966075,82,35
28,3108,402.069980477502,75,47
83,2426,1812.30582692644,90,7
13,7654,549.964381403938,85,72
68,4578,2466.41760634781,70,2
58,6432,2568.85417659336,86,28
94,6374,5560.91492016256,94,0
72,4093,2442.90075619713,79,7
99,2948,2807.61904761905,99,0
88,7121,5735.46293829892,88,0
78,8999,6134.75530930708,80,2
18,9682,843.221561669459,86,68
97,2334,2150.08510647859,97,0
2,2517,124.795106773379,62,60
55,6218,2246.47177354929,57,2
99,9932,9459.04761904762,99,0
5,6288,339.686001718088,78,73
40,5047,1049.71387033405,79,39
25,5359,615.124637321198,63,38
72,5386,3214.62581795205,81,9
67,2836,1486.84321369149,67,0
16,4752,382.977332843744,83,67
41,2571,555.871010621502,84,43
18,4829,420.565680778953,21,3
86,4283,3353.19310684447,90,4
49,5612,1640.04100698651,70,21
1,3817,184.867918087677,82,81
46,5663,1481.18069311717,83,37
64,2729,1313.51067448553,76,12
80,5167,3661.33408186289,89,9
19,6113,553.618216770174,89,70
70,6586,3739.63722030521,84,14
80,7615,5395.98587834061,91,11
6,5259,293.436545706417,75,69
30,9441,1322.75698948802,85,55
13,2740,196.877763920406,78,65
80,4460,3160.35417168734,82,2
74,6987,4371.38274444581,81,7
81,6037,4356.78535075519,82,1
85,4427,3414.28425149317,95,10
72,2267,1353.05546403589,86,14
40,5664,1178.04227493007,62,22
85,2860,2205.74948255488,97,12
18,4087,355.943660663404,54,36
91,7102,5950.6899877612,95,4
86,9436,7387.51579644745,86,0
1,7606,368.379718358625,69,68
56,7599,2840.03654254146,81,25
21,2692,263.726332176112,67,46
21,7924,776.288059496103,65,44
42,2766,621.542689979588,91,49
32,8341,1265.58644218273,91,59
29,6249,841.312604976061,53,24
2,7889,391.143662032257,51,49
47,2234,606.512938237713,76,29
63,1092,510.213388214518,66,3
60,3149,1341.27298368055,71,11
10,5330,342.358028305719,57,47
87,7249,5757.84547462199,87,0
62,4096,1856.6785793878,88,26
50,9802,2970.44470742254,58,8
15,5987,464.303413703702,84,69
60,4408,1877.52661545375,80,20
81,7868,5678.18239849956,87,6
19,7467,676.241980144428,67,48
76,8340,5454.36393844826,89,13
35,2134,364.749796125026,65,30
50,6277,1902.2119392462,69,19
13,5755,413.515157431364,77,64
3,4131,210.276263018796,78,75
70,2914,1654.61628605669,84,14
88,5414,4360.594909135,93,5
20,6571,618.898994734467,82,62
45,2357,593.757100064657,68,23
1,3748,181.526056325023,75,74
1,4472,216.591388443304,83,82
82,9942,7302.35715745699,88,6
54,1778,620.688442651867,88,34
96,2724,2461.4097979805,98,2
69,1929,1067.27272352511,76,7
52,9967,3244.39124441945,86,34
14,1026,76.5814879813598,58,44
76,9920,6487.68468458115,80,4
80,1725,1222.33429286114,80,0
62,6017,2727.44995414463,93,31
88,4546,3661.48216788469,90,2
52,7767,2528.26194395564,86,34
10,4660,299.322403734456,52,42
95,5163,4576.76389711405,96,1
17,8962,750.750664403801,65,48
55,2695,973.663787345662,74,19
31,2713,395.572221384862,50,19
87,2799,2223.23209869871,92,5
27,3051,379.265759503533,86,59
80,2643,1872.82871654028,84,4
29,1625,218.776281498816,73,44
21,6349,621.990521168698,72,51
62,9815,4449.04791423126,92,30
68,6537,3521.83746017816,70,2
90,2082,1722.09346123079,91,1
19,4797,434.435888409378,78,59
7,3674,212.028643946411,81,74
70,9830,5581.63283868816,86,16
2,8738,433.23783988311,77,75
69,9775,5408.28972133643,81,12
32,7381,1119.92489266883,86,54
76,2757,1803.07930195466,96,20
6,1344,74.9911993590843,65,59
25,8982,1030.98516372812,90,65
84,1531,1162.46455912155,84,0
62,9708,4400.54581267011,64,2
9,5715,353.936453610991,68,59
15,2373,184.030733375461,55,40
7,1327,76.581929917498,67,60
51,3787,1189.63558813245,66,15
79,4993,3471.49026984925,80,1
33,2918,460.710460898843,51,18
96,6492,5866.1792982707,96,0
50,7068,2141.9203419774,75,25
91,1806,1513.22812135972,95,4
68,9580,5161.26707488248,82,14
58,5547,2215.39709539232,65,7
66,6453,3290.13533504043,76,10
66,8180,4170.66589812966,79,13
10,4308,276.712642765673,80,70
92,3805,3229.67586442187,95,3
41,4331,936.397256710123,72,31
53,4778,1610.99370785172,66,13
59,5556,2292.14553871978,68,9
92,8309,7052.66143429206,93,1
3,3847,195.820088073907,75,72
41,6077,1313.89658947758,78,37
69,8261,4570.62725196524,77,8
62,3079,1395.68196922242,85,23
95,2425,2149.65184011264,95,0
9,3711,229.826453079683,58,49
67,9546,5004.72683987975,82,15
9,5280,326.996408585483,88,79
33,1499,236.670658289022,60,27
76,9163,5992.60632709849,77,1
65,4794,2375.59174336927,67,2
50,5278,1599.47022707367,75,25
1,9195,445.339404458001,63,62
18,5946,517.847077637534,91,73
6,4295,239.64821521374,73,67
0,7105,459.211590303608,55,55
15,9030,700.293941163258,49,34
81,6770,4885.77717817006,82,1
42,6287,1412.74001876416,86,44
11,7707,513.675584857148,78,67
4,2053,107.548087617437,77,73
79,9359,6507.04535059466,91,12
98,6010,5635.22610403764,98,0
64,4667,2246.30059282666,89,25
36,4745,843.740026207084,78,42
33,8567,1352.6067575464,73,40
13,4415,317.231871426494,87,74
49,2968,867.363098491796,82,33
49,3239,946.559661730097,56,7
29,3212,432.436563799505,80,51
20,5029,473.663528309182,62,42
74,4281,2678.38693702197,92,18
31,5660,825.263093637419,75,44
32,6588,999.602383539124,69,37
93,5087,4375.6043919526,93,0
31,2554,372.389035538863,87,56
96,5655,5109.86505417757,97,1
35,5147,879.740956258439,82,47
11,2203,146.831103339859,61,50
63,6200,2896.8159404121,79,16
50,1046,316.984815748212,79,29
72,1845,1101.18541294496,86,14
17,1450,121.46713494594,86,69
89,4051,3307.04234943968,90,1
19,9899,896.493821005718,66,47
71,2165,1260.78622509885,74,3
5,3470,187.453948149136,9,4
5,5526,298.521762960267,52,47
9,5474,339.01104935548,57,48
86,9850,7711.63952893253,92,6
54,5905,2061.39778057327,77,23
49,8860,2589.23081288319,54,5
54,4714,1645.62728833571,82,28
45,9875,2487.63316212918,64,19
90,6479,5359.00265865241,90,0
49,5502,1607.89480050602,90,41
74,4491,2809.77242096839,75,1
90,9353,7736.18642790183,94,4
56,5710,2134.04509250056,67,11
0,2652,171.404523220995,44,44
47,3206,870.403079673279,54,7
69,4364,2414.50397380176,69,0
77,6594,4404.4595055112,87,10
56,5787,2162.82293350276,84,28
4,5029,263.448286716069,23,19
74,6820,4266.90000245032,93,19
91,6424,5382.60102525739,92,1
80,8286,5871.45620327384,94,14
97,3781,3483.06417634771,97,0
36,1878,333.939677390285,92,56
13,4656,334.548492267668,77,64
64,6646,3198.82445680865,64,0
30,5162,723.236053356334,58,28
72,7428,4433.39037797027,88,16
90,3292,2722.92587625926,90,0
65,7099,3517.79845352075,91,26
67,1788,937.403267306202,89,22
49,6472,1891.3658940158,64,15
6,4989,278.371349406601,71,65
78,1767,1204.59080248312,91,13
27,2636,327.677660456018,59,32
87,2376,1887.24525420083,91,4
69,4054,2242.98788033738,82,13
86,4361,3414.25989702282,88,2
80,1821,1290.35985350732,86,6
2,4230,209.727175864678,80,78
31,8307,1211.21210580319,79,48
99,2589,2465.71428571429,99,0
50,5107,1547.64957363874,80,30
8,5408,323.178025917616,71,63
59,1199,494.651278064258,85,26
69,2271,1256.49370405678,85,16
22,5821,593.23613497162,74,52
44,8221,1994.08262764703,91,47
89,6880,5616.50243499012,91,2
27,4599,571.695584384381,79,52
95,6662,5905.55899333213,99,4
95,5965,5287.70029949357,99,4
72,2227,1329.18152554386,90,18
65,2894,1434.0764508366,83,18
46,8232,2153.11309654609,79,33
29,3671,494.232448850555,73,44
58,4265,1703.38356081634,79,21
83,7986,5965.81794469684,83,0
23,2199,233.149722458196,74,51
47,5311,1441.89356086862,55,8
2,7926,392.978155059914,88,86
12,5669,392.248559258571,90,78
91,7532,6310.98239760876,94,3
48,6803,1916.53678411837,82,34
70,5786,3285.38429345368,87,17
83,2452,1831.72872531889,90,7
80,6356,4503.8589944495,85,5
89,4357,3556.84609146104,89,0
62,2748,1245.64275785099,81,19
80,3055,2164.77174764682,89,9
57,2699,1043.00946443115,75,18
55,2525,912.245292411056,71,16
61,9189,4038.75624688512,73,12
44,1612,391.006105798201,59,15
66,6432,3279.4282465489,74,8
74,7016,4389.52645413364,77,3
59,1105,455.871277949128,86,27
70,8855,5028.01208408786,89,19
57,9300,3593.91923646153,83,26
23,6471,686.08997454615,69,46
90,2102,1738.63614577672,91,1
75,1049,671.245306504141,86,11
17,6673,559.000132065004,69,52
6,9165,511.379718843756,76,70
62,1099,498.166445006639,64,2
80,6629,4697.30668253709,83,3
78,6311,4302.30478464685,84,6
94,6446,5623.7304009049,95,1
45,7816,1968.94590331156,85,40
29,7153,963.019533268325,67,38
54,7878,2750.15947762171,78,24
1,8781,425.288233882078,19,18
7,1002,57.8259938035667,82,75
72,4958,2959.17467608732,82,10
22,1812,184.666530934303,76,54
50,7084,2146.76905808827,75,25
84,4808,3650.6398434072,85,1
75,6144,3931.4882394294,81,6
16,9811,790.696677720955,41,25
5,3097,167.303999255871,88,83
96,9425,8516.44175696262,97,1
22,3761,383.295156094874,75,53
1,7412,358.983759199859,79,78
81,7905,5704.88457805529,84,3
13,1250,89.8164981388715,22,9
13,4339,311.771028339651,67,54
5,9823,530.651335063101,87,82
93,9459,8136.19853420083,96,3
87,2328,1849.1190874493,90,3
17,3733,312.715044657374,74,57
59,5947,2453.45383707101,90,31
57,3271,1264.05481961997,82,25
41,1256,271.557366526879,84,43
64,4655,2240.5248038586,67,3
73,7691,4701.43290665116,92,19
93,8373,7202.07107800651,95,2
17,5801,485.952310221652,60,43
98,7160,6713.51396088345,99,1
95,6811,6037.64069402358,96,1
11,9290,619.183363607487,48,37
84,7987,6064.40524735717,85,1
54,1065,371.784697088998,67,13
64,4137,1991.2032467375,78,14
85,7848,6052.69997870305,85,0
92,7262,6163.97007291238,94,2
46,2781,727.381866070782,86,40
57,6376,2463.96011308374,85,28
51,8250,2591.62756854838,90,39
54,3144,1097.5503170402,83,29
47,6477,1758.45313382527,68,21
23,4154,440.429261978783,77,54
22,1819,185.379922610097,87,65
92,7191,6103.70542471948,92,0
47,2495,677.372328067633,84,37
70,7215,4096.79358404223,71,1
83,8188,6116.71892451511,85,2
10,3279,210.617631297271,83,73
31,3199,466.43403472546,72,41
25,3183,365.355797834181,87,62
10,9208,591.450792615209,75,65
91,4763,3990.86685605556,94,3
76,7424,4855.29950588009,85,9
60,4005,1705.87434094652,86,26
26,7048,841.872350273463,64,38
47,6412,1740.80615934656,77,30
77,3478,2323.12862604913,82,5
88,7632,6147.03737468015,90,2
31,9583,1397.26081737233,80,49
87,3059,2429.74883526951,97,10
20,1331,125.362130876819,78,58
50,2657,805.189919161567,60,10
29,3908,526.140128059921,81,52
33,1819,287.194081005825,83,50
44,8871,2151.74637998502,70,26
83,2245,1677.09257273283,93,10
74,7310,4573.46613165863,78,4
13,7543,541.988676369206,41,28
77,5880,3927.54350809916,85,8
71,5403,3146.43324443839,84,13
65,4092,2027.72661949668,71,6
27,2620,325.68872169756,77,50
70,5551,3151.94749619105,82,12
40,9050,1882.2885925348,68,28
18,7461,649.790959679388,75,57
90,7808,6458.26404672912,94,4
51,7712,2422.62203741153,72,21
76,2116,1383.86499925138,90,14
91,9064,7594.62884385631,92,1
72,7927,4731.21776065836,86,14
24,2759,304.351925010116,64,40
22,8911,908.147603286739,73,51
92,3909,3317.95084205652,94,2
67,9431,4944.43524270961,68,1
36,3896,692.773686428409,75,39
48,2122,597.808475069702,85,37
81,5962,4302.6593111152,81,0
4,4384,229.659433080781,83,79
2,5365,266.001489010401,72,70
49,2200,642.924129609822,77,28
74,5908,3696.31161502588,83,9
99,2672,2544.7619047619,99,0
99,3400,3238.09523809524,99,0
79,3027,2104.58663064965,82,3
11,6793,452.757006349371,75,64
8,2062,123.223574231162,82,74
5,2841,153.474543715186,85,80
56,9944,3716.45260942654,56,0
60,1046,445.529228621737,83,23
48,6631,1868.08105475362,77,29
51,8419,2644.71666661925,77,26
27,3178,395.052960898796,74,47
48,4102,1155.61280147781,59,11
10,4208,270.289415217724,21,11
77,8578,5729.67146470657,77,0
85,1622,1250.95302821819,87,2
79,5997,4169.54278956258,86,7
13,9180,659.612362331872,69,56
37,4969,919.082503045954,86,49
27,1001,124.432981076052,82,55
35,5069,866.408958087046,79,44
30,9725,1362.54758211746,66,36
58,4053,1618.71361594106,80,22
37,2777,513.643008846572,91,54
18,5880,512.09902733076,73,55
76,6833,4468.78522678861,84,8
86,1104,864.329953293555,91,5
59,3759,1550.78745141246,84,25
20,7532,709.412148583169,58,38
78,3930,2679.14083404565,85,7
3,8794,447.632403047033,28,25
98,7789,7303.29053649737,98,0
56,9407,3515.75519880083,83,27
17,2324,194.682497665078,61,44
95,3293,2919.09423071791,98,3
96,6205,5606.84574026027,96,0
72,7180,4285.37195931967,80,8
66,2653,1352.66217943007,95,29
48,2104,592.73752664781,68,20
60,6040,2572.65443678326,70,10
22,8250,840.783046472405,84,62
56,4539,1696.39766635027,65,9
55,7906,2856.32129972349,74,19
56,7650,2859.09719047798,90,34
96,4143,3743.61996807386,96,0
97,5652,5206.63282854199,97,0
68,1377,741.864797715362,78,10
65,6092,3018.79534847843,93,28
80,7928,5617.77755003078,88,8
45,5419,1365.11231448892,67,22
99,6727,6406.66666666667,99,0
96,2751,2485.80703166092,99,3
73,4524,2765.47685212454,80,7
27,2109,262.166990099295,67,40
6,8283,462.166744264357,84,78
40,2747,571.342183833491,86,46
95,2817,2497.14195199889,97,2
1,9430,456.721107562691,83,82
74,9180,5743.42258394339,77,3
68,8369,4508.83550623084,85,17
67,2392,1254.06522113895,88,21
39,4361,872.394776568322,57,18
70,2346,1332.09670799211,76,6
12,6841,473.341399521589,57,45
22,4216,429.665615021534,70,48
0,6422,415.067816035154,69,69
11,4419,294.528663485628,72,61
94,9910,8645.8529743977,97,3
10,9722,624.46618221167,28,18
14,2630,196.305373675416,65,51
79,3602,2504.36770518666,91,12
69,8957,4955.70854567881,85,16
15,3636,281.978822820554,61,46
17,4687,392.632042408013,52,35
86,7528,5893.72815977707,91,5
80,2661,1885.58350916144,80,0
16,4516,363.957414798474,74,58
85,1622,1250.95302821819,93,8
89,8830,7208.38902630272,90,1
99,5529,5265.71428571429,99,0
20,2714,255.621955822454,88,68
34,6545,1075.23927212702,79,45
79,5343,3714.83527174135,79,0
34,4547,746.999689894817,76,42
60,6218,2648.47107415866,90,30
19,6276,568.380161696321,81,62
76,7258,4746.73542748891,85,9
39,3611,722.361279107592,70,31
85,3476,2680.83398648978,87,2
38,4299,826.998782103462,72,34
75,7484,4788.94172914871,91,16
51,8172,2567.12490790029,76,25
65,1102,546.078869668948,90,25
89,7902,6450.81427925755,89,0
57,4414,1705.75908706895,66,9
67,6845,3588.66071851843,91,24
8,3329,198.938544430426,73,65
70,2101,1192.98174914383,78,8
40,4723,982.325858844404,85,45
70,1705,968.126550352321,92,22
86,2285,1788.94378919907,89,3
71,1728,1006.29958289645,71,0
10,3248,208.626430757406,81,71
83,7946,5935.9365625546,87,4
1,1611,78.0252072410918,38,37
18,4782,416.472372227159,47,29
86,1338,1047.5303238286,88,2
23,2456,260.398234814611,61,38
43,1874,437.561531423934,60,17
77,8037,5368.31074397839,94,17
14,8972,669.677495291189,73,59
29,6785,913.475119981209,88,59
68,5654,3046.11733208617,89,21
93,8938,7688.05819840227,93,0
86,6623,5185.19681219494,98,12
92,4101,3480.92003153589,93,1
96,3908,3531.27367492943,96,0
35,7633,1304.65566720821,46,11
41,8502,1838.20121832128,68,27
49,4167,1217.75674912915,91,42
72,1104,658.920702380072,84,12
98,1136,1065.16087424073,98,0
82,9462,6949.79917761597,86,4
84,3071,2331.76267868209,86,2
2,3302,163.716107495311,82,80
15,5103,395.747506285283,42,27
37,6049,1118.84283777923,75,38
63,5584,2609.00325988083,73,10
74,6844,4281.91548632991,75,1
42,1982,445.371515379445,62,20
89,3334,2721.7178950955,97,8
97,7384,6802.15442426646,98,1
66,1150,586.340560250503,78,12
98,9390,8804.45476154966,99,1
16,2529,203.819376002069,86,70
79,3473,2414.67769020358,81,2
33,4556,719.327230930477,68,35
23,1212,128.502711968774,43,20
10,1144,73.4817231485446,90,80
25,1738,199.493677862333,60,35
24,9862,1087.90093673424,68,44
86,3003,2351.07142186644,94,8
71,5164,3007.2517627762,75,4
63,5041,2355.29825090603,75,12
69,2543,1406.98524412875,95,26
76,8541,5585.8180333677,76,0
80,8234,5834.60902459049,89,9
46,5601,1464.96434083511,93,47
47,5356,1454.11069704619,70,23
39,5322,1064.63769798134,79,40
95,4265,3780.72787549708,95,0
45,5427,1367.12761224051,84,39
14,9491,708.416084240825,82,68
50,5948,1802.51021421641,88,38
45,7995,2014.03819050358,51,6
52,6143,1999.62831488599,93,41
52,2688,874.979799839419,85,33
32,4987,756.68140356855,73,41
12,8313,575.191792752956,83,71
72,9658,5764.36244890103,79,7
72,4936,2946.0440099167,93,21
3,3074,156.472823171092,77,74
77,7895,5273.46190415695,94,17
96,8335,7531.51639727145,99,3
31,8141,1187.00827655516,69,38
89,4402,3593.58193587594,93,4
28,2645,342.173455071748,68,40
11,6109,407.168048253836,90,79
99,7292,6944.7619047619,99,0
46,8642,2260.35026486289,85,39
68,4092,2204.58297186003,78,10
45,8539,2151.07843761226,61,16
75,7384,4724.95266275174,92,17
93,2566,2207.15566537259,93,0
14,5512,411.420235626955,78,64
37,3524,651.810573703752,67,30
17,3615,302.830132985912,88,71
54,5418,1891.38919138797,79,25
41,2469,533.817784995912,78,37
41,2641,571.0055772273,88,47
95,3085,2734.7117223701,95,0
36,3813,678.014904094333,78,42
1,2654,128.540595914251,71,70
36,1241,220.670468392622,69,33
33,6642,1048.67679276563,60,27
67,6986,3662.5834593966,72,5
45,2357,593.757100064657,79,34
61,5482,2409.45279632433,86,25
19,2959,267.979110653189,83,64
25,3606,413.909207348431,77,52
90,1354,1119.93974375912,99,9
12,6111,422.831353965273,56,44
89,6444,5260.57292021458,90,1
36,6716,1194.21665247772,84,48
33,8650,1365.71127031357,88,55
27,5879,730.810685061052,43,16
32,2438,369.919643453003,90,58
84,5803,4406.12791416222,92,8
99,5275,5023.80952380952,99,0
47,4764,1293.38748333235,70,23
33,8906,1406.13000848701,53,20
2,7129,353.46218362631,58,56
9,3759,232.799147703187,72,63
1,6038,292.437120621795,67,66
83,4160,3107.66374279224,84,1
84,2148,1630.94309143899,84,0
57,3250,1255.93951811828,75,18
21,1947,190.741147379974,60,39
20,2653,249.876583934034,82,62
39,5359,1072.03935052273,80,41
27,6978,867.425916032662,89,62
55,3622,1308.57522737142,90,35
36,3222,572.925261209531,81,45
86,3826,2995.40434900466,88,2
53,9098,3067.56399205419,91,38
28,4226,546.701331241288,51,23
91,1631,1366.59748944502,94,3
20,7621,717.794740354797,60,40
52,6858,2232.37033753673,82,30
52,5607,1825.15317622754,77,25
97,1793,1651.71490827597,97,0
89,6408,5231.18424468266,90,1
7,1395,80.506248858259,88,81
53,3872,1305.51855102592,83,30
74,1424,890.918710189041,81,7
98,2880,2700.40785018775,99,1
62,6136,2781.39154373133,69,7
25,3127,358.927923288559,85,60
56,4059,1517.00333283008,73,17
79,2075,1442.68822550314,83,4
37,9441,1746.23825946002,71,34
14,1553,115.917203542935,73,59
84,8915,6769.02125706638,91,7
68,5815,3132.85678919015,73,5
18,6103,531.520470033951,91,73
0,6137,396.647646684482,69,69
58,7156,2858.01002607309,73,15
37,6183,1143.62791634798,91,54
93,7950,6838.22585335623,95,2
4,6155,322.434719573952,79,75
52,1601,521.146822746618,71,19
3,9582,487.743198316656,70,67
39,5565,1113.24855115861,86,47
11,6038,402.435861083101,87,76
84,3483,2644.5878898892,95,11
87,7217,5732.42803012097,90,3
1,5650,273.645202304264,79,78
88,1988,1601.19369770232,91,3
16,5686,458.251076294093,77,61
31,1319,192.318378181582,79,48
34,5131,842.941589806533,75,41
38,3998,769.095401453743,67,29
45,2395,603.329764384749,59,14
40,3961,823.839239229872,89,49
58,6702,2676.68854034961,59,1
12,4333,299.80825670619,85,73
4,2697,141.284555433135,79,75
93,8048,6922.52096450452,95,2
33,2835,447.605948131673,83,50
55,4424,1598.32600935703,89,34
1,7229,350.120560611951,77,76
30,7538,1056.13199732663,79,49
32,7371,1118.4075848614,66,34
26,6013,718.24325229772,67,41
53,1006,339.192061552705,70,17
10,7714,495.48777304884,88,78
79,5902,4103.49200333473,95,16
55,3938,1422.74137089693,81,26
30,9185,1286.88941303331,64,34
84,9410,7144.86708121084,94,10
43,4170,973.656129155712,91,48
41,1192,257.720048487293,88,47
48,5760,1622.70349500541,71,23
64,5929,2853.72106596727,83,19
16,3219,259.428458422562,78,62
61,7101,3121.0369038123,85,24
15,6023,467.095283236578,58,43
49,4547,1328.80728060721,65,16
66,9540,4864.07734329547,78,12
90,1314,1086.85437466727,91,1
99,4235,4033.33333333333,99,0
92,7166,6082.48547817269,93,1
88,8078,6506.25889841014,88,0
37,1668,308.518739199165,80,43
35,5240,895.636800232023,82,47
24,7748,854.700512859143,79,55
40,5722,1190.10556093747,57,17
66,4232,2157.73326172185,70,4
71,2873,1673.08952642448,89,18
55,5952,2150.36989323984,70,15
15,3964,307.415856342321,76,61
80,3018,2138.55356281444,95,15
92,2700,2291.75422705362,96,4
23,8118,860.713709375003,75,52
18,3992,347.669951888503,51,33
96,5281,4771.91818764133,97,1
94,9864,8605.7208617012,94,0
50,1249,378.502901404892,79,29
98,6084,5704.61158352163,98,0
10,4369,280.630811569923,78,68
65,5913,2930.09469723457,82,17
25,5865,673.205075179852,75,50
32,3614,548.355041607528,63,31
78,5298,3611.72726177452,92,14
60,3578,1523.99959847856,83,23
87,5128,4073.14548128867,89,2
82,6430,4722.80793828691,83,1
39,9556,1911.62680231298,73,34
41,7065,1527.5101867137,86,45
42,6943,1560.14855261326,73,31
51,2160,678.535217947213,71,20
44,3498,848.473547197338,84,40
11,9604,640.111627996373,68,57
2,7486,371.162562298577,80,78
81,2806,2025.03556306428,84,3
56,4851,1813.00398313839,70,14
23,2980,315.955512926523,55,32
66,2836,1445.96680771341,83,17
1,8909,431.487629615696,85,84
80,4263,3020.76005244465,87,7
95,4479,3970.42911004722,96,1
56,5369,2006.60036806226,63,7
52,5070,1650.35252425069,76,24
62,1558,706.226861983934,66,4
81,3953,2852.80312929191,85,4
9,8510,527.033984292132,90,81
16,6718,541.422921305613,79,63
65,7383,3658.53021303616,82,17
50,2720,824.281738848123,57,7
69,7085,3919.97265224231,80,11
52,8051,2620.70772637915,72,20
6,6960,388.347282395258,28,22
32,2786,422.721955151791,71,39
95,1314,1164.80103831258,97,2
35,9412,1608.72777934805,67,32
41,4298,929.262389595962,77,36
65,5765,2856.75561128992,89,24
15,8535,661.905735086202,54,39
15,3864,299.660663195441,84,69
17,6328,530.099330991659,68,51
61,1225,538.412928766381,65,4
59,4236,1747.57532433711,90,31
50,7376,2235.25812711167,87,37
4,1712,89.6845231373851,24,20
96,5069,4580.35472318764,98,2
44,6215,1507.50803197011,72,28
58,4386,1751.70933124044,86,28
32,6478,982.911997657323,72,40
45,1548,389.960114934276,87,42
62,6701,3037.50077160099,83,21
89,7953,6492.44823626111,89,0
1,3374,163.412196915856,79,78
48,3654,1029.40252964406,87,39
6,6933,386.840762765276,58,52
54,1276,445.443449282217,58,4
15,3330,258.247931791102,68,53
70,7716,4381.269479483,82,12
19,9197,832.917837336053,85,66
25,2879,330.461621729377,43,18
78,6589,4491.82161718239,93,15
45,6164,1552.78691760651,80,35
62,2576,1167.67676281811,84,22
97,6763,6230.08807845532,99,2
51,1586,498.220766511241,70,19
90,3209,2654.27373539367,90,0
98,4139,3880.89864303025,98,0
81,7875,5683.23416219929,91,10
39,1901,380.284904897129,67,28
72,6125,3655.69683159234,72,0
68,9259,4988.32691506648,88,20
0,4157,268.675943827178,57,57
49,2721,795.180253031057,75,26
58,9316,3720.6849361231,84,26
48,8875,2500.25929134948,82,34
33,4089,645.594610903143,66,33
46,4789,1252.58243675404,82,36
76,9376,6131.90842768476,86,10
43,3456,806.943784739122,86,43
81,6235,4499.67809540477,94,13
31,1913,278.927261153424,76,45
9,4923,304.886992323169,78,69
83,4676,3493.13357242705,91,8
6,4590,256.108337096873,57,51
41,2370,512.413183653427,77,36
31,1813,264.346641124495,77,46
8,7170,428.473825042402,82,74
20,3122,294.050016977782,81,61
65,6162,3053.48275399279,75,10
24,2699,297.733180718486,65,41
4,6750,353.60428222976,62,58
3,1472,74.9277799960465,84,81
77,2987,1995.16538413133,79,2
88,4776,3846.73093572751,88,0
54,2721,949.883719041467,93,39
45,8337,2100.19216938441,72,27
99,4119,3922.85714285714,99,0
66,6231,3176.94611384425,70,4
84,1613,1224.72588756568,86,2
10,4826,309.984961464053,82,72
80,3879,2748.65780985991,86,6
31,7039,1026.32984383636,79,48
90,4301,3557.50431160117,97,7
63,2601,1215.26100984062,84,21
12,4829,334.127410947194,66,54
40,7965,1656.62194912041,65,25
12,2653,183.565960083434,69,57
12,1263,87.38929799675,64,52
6,8954,499.606546920566,72,66
16,9602,773.85276724866,73,57
94,3555,3101.51436165326,95,1
18,3575,311.35272495025,72,54
30,2732,382.774292477626,84,54
57,1596,616.762914128238,75,18
0,2815,181.939567446116,68,68
90,5297,4381.33000198824,92,2
42,6873,1544.41898345253,87,45
50,1627,493.053819524226,79,29
49,6232,1821.22871624019,86,37
78,1412,962.58189762658,79,1
3,1743,88.7222286230361,79,76
33,1075,169.727123189259,74,41
22,5371,547.375241527671,72,50
81,7086,5113.82822518656,88,7
56,8589,3210.03735542685,71,15
43,4604,1074.99108360501,88,45
67,4735,2482.44097913583,89,22
36,2996,532.738697263735,92,56
50,4416,1338.24564660048,71,21
97,4920,4532.31307792402,97,0
31,6239,909.684883604921,78,47
95,3275,2903.13805211089,98,3
75,1929,1234.34909079742,78,3
61,2181,958.594773583246,89,28
71,7735,4504.47180191207,79,8
57,1578,609.806941412505,85,28
20,6600,621.630401042076,87,67
17,1021,85.5296170895203,74,57
67,2910,1525.63954578358,83,16
79,4651,3233.70743942897,88,9
56,4873,1821.22622342473,63,7
77,5480,3660.36367761622,89,12
13,3609,259.31819342655,65,52
34,6194,1017.57556173488,86,52
84,1089,826.860813117811,98,14
95,6696,5935.69844181206,97,2
18,7468,650.400601378591,69,51
19,5921,536.229913544283,79,60
45,5221,1315.23369513686,80,35
15,7410,574.659812183803,88,73
27,8985,1116.91342154678,80,53
31,3685,537.295848066058,67,36
80,5193,3679.75767120457,85,5
60,2501,1065.26634874088,71,11
7,2108,121.653887163591,71,64
63,4792,2238.95838491206,67,4
0,2238,144.64680353265,79,79
46,6113,1598.88002419658,83,37
46,6897,1803.93841434383,83,37
30,6725,942.224420538812,76,46
68,6338,3414.62533618008,74,6
93,5662,4870.19305430226,97,4
18,1420,123.670173266952,54,36
50,9473,2870.74298239275,77,27
10,5279,339.082182256265,59,49
70,5295,3006.58655959856,81,11
40,6753,1404.54086910359,85,45
91,2085,1746.99924309802,98,7
92,1065,903.969722893374,92,0
96,2367,2138.82415265045,96,0
37,7093,1311.94449468806,92,55
86,6887,5391.88440972166,97,11
81,6570,4741.44107246341,96,15
1,4801,232.525772789871,78,77
58,6158,2459.42226670739,80,22
33,6854,1082.14856031551,84,51
99,5356,5100.95238095238,99,0
60,3548,1511.22151352765,61,1
33,7345,1159.67043704661,71,38
1,2635,127.620373110042,77,76
88,3871,3117.81730573727,89,1
30,3567,499.764239117018,53,23
84,3197,2427.43252482796,90,6
83,6981,5215.04821837323,84,1
21,8831,865.143848234489,50,29
83,1782,1331.21557443648,83,0
41,5043,1090.33741990052,80,39
45,5163,1300.62278643777,75,30
90,6244,5164.62611523779,91,1
44,1295,314.114706581061,60,16
31,4334,631.924072053811,80,49
36,4041,718.557101349384,54,18
15,8563,664.077189167329,46,31
24,3139,346.270638857105,89,65
15,5238,406.217017033571,91,76
71,9103,5301.12563837176,80,9
0,3462,223.756583480801,83,83
85,8332,6425.98066036619,91,6
34,4347,714.142874856558,63,29
37,1141,211.043094380244,47,10
0,1577,101.924937073721,80,80
96,5886,5318.5969423323,97,1
49,6091,1780.02312429701,79,30
45,2256,568.313965950728,78,33
96,2516,2273.46073851649,99,3
9,3184,197.188743359124,87,78
27,6046,751.570233352461,87,60
80,6458,4576.13615263607,86,6
33,9979,1575.54136028429,72,39
81,4960,3579.53542152489,95,14
7,5471,315.734543013287,49,42
35,3107,531.057927160476,92,57
48,1533,431.875773931127,75,27
72,3475,2074.04840649524,80,8
10,6150,395.028494198907,77,67
89,6714,5480.98798670402,92,3
93,5821,5006.95757136939,97,4
4,3442,180.311991027383,55,51
99,1049,999.047619047619,99,0
49,1653,483.069811929562,77,28
50,5378,1629.77470276662,91,41
51,4519,1419.58363421456,84,33
64,2722,1310.14146425416,83,19
80,5260,3727.23384373889,95,15
87,6344,5039.00837232748,90,3
61,6034,2652.06825483783,82,21
87,9935,7891.32222242647,87,0
70,2229,1265.66221744007,91,21
66,4200,2141.41769830618,87,21
62,1918,869.41150275044,77,15
39,6601,1320.4948223177,72,33
17,9538,799.002436630602,88,71
46,9888,2586.24663491834,54,8
69,3119,1725.67321133998,77,8
0,3193,206.370528900693,75,75
95,7630,6763.64682064307,99,4
66,3113,1587.19840353027,78,12
48,5937,1672.56782115401,61,13
74,6432,4024.14967973027,85,11
25,7977,915.627772329016,54,29
95,4456,3950.04065960492,95,0
29,5476,737.242410761547,67,38
20,9991,941.016566183543,56,36
68,6224,3353.20733549776,85,17
43,1969,459.743145877121,70,27
21,6696,655.984962946228,84,63
44,6575,1594.82949480346,68,24
8,1987,118.741630454568,77,69
25,7014,805.091286839127,89,64
78,7280,4962.88683762146,80,2
12,7793,539.212034274484,69,57
68,1803,971.374168686128,81,13
91,6414,5374.22213200512,98,7
43,9219,2152.55056467302,86,43
67,1741,912.762353680144,85,18
9,5982,370.472067454234,70,61
61,8638,3796.58030912979,66,5
38,3515,676.180674364659,69,31
23,8765,929.312104295628,70,47
39,1633,326.672935137828,67,28
43,3768,879.79287641696,55,12
90,7939,6566.61863050493,90,0
29,6035,812.50145159714,89,60
25,4812,552.338077027357,77,52
12,5331,368.861716247565,63,51
29,4257,573.126541747974,89,60
14,2466,184.064278130637,78,64
13,6265,450.160288672024,27,14
76,6003,3925.96483483273,76,0
48,6160,1735.39123771412,86,38
6,1838,102.554928885414,75,69
16,2969,239.280240154267,86,70
79,7047,4899.57779523887,91,12
20,3483,328.051316186296,32,12
14,4179,311.924013912381,89,75
6,3245,181.061340714456,77,71
75,1351,864.49228702297,90,15
67,9173,4809.1723551453,78,11
30,9100,1274.98025678858,76,46
1,1326,64.2218651779564,40,39
21,7222,707.515442413031,81,60
25,1547,177.570034322802,39,14
7,1848,106.649138272446,72,65
27,3655,454.348197635337,78,51
59,6589,2718.31298679349,89,30
64,3662,1762.57826675192,76,12
17,3175,265.971140312661,80,63
65,2358,1168.47003146949,83,18
25,3936,451.787753777988,83,58
79,2008,1396.10503942666,86,7
81,6836,4933.40809305325,83,2
65,1538,762.131852586971,79,14
4,5595,293.098660603779,55,51
17,1494,125.153034213265,65,48
53,1306,440.342775733433,80,27
50,5892,1785.53970782836,80,30
3,1406,71.5682463820934,81,78
4,6999,366.648351307569,71,67
9,5821,360.501154237897,88,79
27,2041,253.714000375847,87,60
61,2245,986.724102106551,66,5
64,7901,3802.8757197179,82,18
77,2306,1540.29172273413,82,5
82,7346,5395.60608315017,92,10
42,3329,748.053367658008,74,32
28,4949,640.233054499085,75,47
46,8213,2148.14356923385,57,11
14,3799,283.560499845211,60,46
33,2454,387.45149795948,88,55
33,6098,962.786974147069,77,44
30,2045,286.520288476115,79,49
83,2789,2083.4793698672,89,6
69,4565,2525.71279569318,92,23
17,1152,96.5035444536017,68,51
46,6243,1632.88205317508,86,40
57,1088,420.449906373134,85,28
95,3257,2887.18187350386,99,4
54,2436,850.392039538778,70,16
63,3623,1692.76841163113,66,3
35,4370,746.93374370495,42,7
24,4917,542.406094699072,79,55
92,3265,2771.32501901114,94,2
45,6805,1714.26264995333,89,44
37,8582,1587.35480803791,70,33
56,6812,2545.90458320732,79,23
51,3028,951.205851826001,81,30
75,3934,2517.32987205652,78,3
72,9980,5956.54765376188,76,4
47,3235,878.276345209937,72,25
36,7475,1329.17949333993,76,40
71,8030,4676.26484413108,79,8
24,2929,323.105033836401,90,66
66,3611,1841.10935918658,67,1
50,6208,1881.30185101807,71,21
11,7375,491.547611044695,74,63
6,1692,94.4085634788472,63,57
75,9677,6192.22195523411,80,5
80,4428,3137.67898480528,93,13
21,4026,394.413897972149,90,69
92,8996,7635.78556539792,92,0
13,9442,678.437900341779,81,68
86,3233,2531.14016213593,91,5
35,9781,1671.79838608195,67,32
86,7859,6152.87056425185,93,7
62,6245,2830.80022663008,72,10
76,5644,3691.1786653,83,7
54,8881,3100.30037074872,70,16
2,2103,104.268617220666,71,69
15,2079,161.230465523634,69,54
78,4819,3285.18566902443,86,8
4,5565,291.527086016091,67,63
67,5679,2977.35635068899,79,12
94,7887,6880.91245298433,96,2
24,4348,479.638336333448,86,62
4,9117,477.601517198329,22,18
26,1757,209.870845549159,71,45
14,6382,476.357754675476,85,71
28,6853,886.546195692509,73,45
46,2900,758.50680028956,91,45
2,5545,274.926049685494,87,85
99,2095,1995.2380952381,99,0
0,6315,408.152173507007,79,79
26,6862,819.654947158981,60,34
45,1608,405.074848071264,80,35
83,6314,4716.77617115149,84,1
7,2748,158.588653664872,81,74
77,2219,1482.18010960409,87,10
28,5972,772.574621432317,83,55
77,5628,3759.22021489491,79,2
55,9546,3448.82913321027,61,6
78,2341,1595.89534160328,80,2
37,3014,557.479304524151,82,45
51,4783,1502.51571640811,70,19
78,8690,5924.10530479815,87,9
84,3754,2850.35398755213,85,1
40,4434,922.21741649716,65,25
28,2284,295.472276515642,73,45
45,6721,1693.10202356154,60,15
30,7590,1063.41759879399,79,49
6,4162,232.227211110498,86,80
12,5882,406.986421866099,78,66
2,1223,60.6374316979908,87,85
54,6227,2173.80592373069,85,31
84,6375,4840.43864428471,89,5
23,3029,321.150754582026,78,55
16,1333,107.430299806547,31,15
1,3712,179.782476274943,68,67
83,5789,4324.58303053468,85,2
56,1068,399.152392082416,85,29
20,6303,593.657032995183,69,49
17,4168,349.155185141156,79,62
97,6852,6312.0750426698,97,0
23,2776,294.326343585244,71,48
23,6603,700.085319414036,89,66
56,6242,2332.8738121521,80,24
31,5401,787.499287762491,65,34
50,3173,961.561013737167,67,17
60,3229,1375.34787688297,74,14
47,2333,633.390637828372,81,34
69,2829,1565.22267229266,82,13
97,3277,3018.77844641403,97,0
99,2303,2193.33333333333,99,0
21,4200,411.460102206415,83,62
21,5453,534.212366031329,64,43
25,8035,922.285213822696,52,27
75,9423,6029.68972658582,81,6
55,5800,2095.45453306302,74,19
58,9257,3697.12113070969,77,19
54,8748,3053.87092031413,82,28
33,7535,1189.66871928471,74,41
92,3606,3060.7650899094,92,0
19,5573,504.713613947355,77,58
44,8257,2002.81477393037,66,22
6,7412,413.567536941617,66,60
37,5695,1053.36583917221,41,4
91,2971,2489.36918524902,94,3
1,6707,324.838649885787,10,9
57,2027,783.319816377154,73,16
43,2122,495.467219680676,72,29
83,1730,1292.36977765158,87,4
39,8218,1643.96704284303,64,25
47,1380,374.658842778891,78,31
6,1209,67.4586012091763,66,60
22,7851,800.119720952103,48,26
44,9387,2276.90714337948,81,37
17,8079,676.781367743618,66,49
40,4443,924.089305705206,88,48
61,9957,4376.30818916478,75,14
2,3595,178.243309038657,85,83
21,2955,289.491571909514,45,24
0,7873,508.849099290684,58,58
17,4998,418.68464859297,88,71
2,2422,120.084921972636,85,83
44,5952,1443.71485217797,74,30
73,6727,4112.14915655212,81,8
58,6129,2447.8400572669,88,30
86,4063,3180.95344223887,87,1
5,2999,162.009910806703,69,64
64,1401,674.323362020602,80,16
41,3084,666.785763032561,70,29
65,3603,1785.41031526064,82,17
16,6187,498.628105703756,83,67
13,9694,696.544906366576,43,30
78,4332,2953.19035447475,86,8
34,7825,1285.52288837188,77,43
54,6606,2306.11240278866,83,29
73,8479,5183.12958204332,84,11
91,4179,3501.53949012307,95,4
44,8299,2013.00227792759,71,27
3,8977,456.947473522085,50,47
4,5983,313.424358604541,77,73
16,9178,739.681389065633,84,68
29,1064,143.247977547532,82,53
28,5445,704.398662709137,88,60
22,4346,442.914317572009,56,34
19,8780,795.15261626732,66,47
0,6633,428.705204571968,32,32
6,7785,434.379826644696,65,59
1,3256,157.697128973926,74,73
14,4056,302.743192253797,65,51
4,1140,59.7198343321373,21,17
42,9423,2117.42471716474,76,34
22,4184,426.404395932187,62,40
63,4597,2147.84885130232,72,9
90,4758,3935.50465347556,90,0
59,6975,2877.55851918115,88,29
84,2456,1864.8027153511,90,6
20,1646,155.030854562918,60,40
86,3756,2940.60081935742,94,8
22,2743,279.547623815007,75,53
73,6009,3673.24279496383,73,0
23,3540,375.329703275131,55,32
93,6339,5452.51744458178,93,0
25,9152,1050.49835431304,90,65
0,4632,299.376226078299,63,63
0,9426,609.222864208559,81,81
38,1582,304.329395972942,76,38
38,1762,338.956002341545,81,43
50,1664,504.266475530616,67,17
17,3403,285.070800152436,79,62
79,4190,2913.18730836538,93,14
88,6383,5141.05602235107,93,5
60,4561,1942.69484870339,92,32
21,2301,225.421355994515,83,62
17,2618,219.311006405841,84,67
58,2653,1059.57247053828,85,27
4,9610,503.427726255999,84,80
53,2801,944.410501400723,78,25
83,3421,2555.60520771448,87,4
12,2035,140.805400968635,83,71
72,5064,3022.4406130912,77,5
91,4318,3618.00610632961,95,4
15,9473,734.649446803936,77,62
44,6799,1649.16284945532,75,31
76,1980,1294.92093502729,88,12
3,3815,194.191223291384,48,45
78,5092,3471.29392543523,85,7
18,3716,323.63265060563,83,65
3,6583,335.088026979602,77,74
31,9718,1416.94465441138,75,44
9,5979,370.286274040265,68,59
81,1128,814.055636185499,81,0
48,1697,478.077748441698,81,33
78,2352,1603.3942090777,78,0
8,5491,328.138043697047,75,67
7,3939,227.321945700847,61,54
65,9152,4535.13050382052,75,10
41,9126,1973.11506920725,55,14
87,9078,7210.61128688349,87,0
46,2105,550.571315382595,63,17
23,4770,505.740871362253,75,52
81,2221,1602.85245387233,89,8
78,8506,5798.66970340771,78,0
94,6857,5982.30210347579,94,0
64,6937,3338.88733928402,73,9
96,6276,5671.00142882731,97,1
97,5683,5235.19008574029,97,0
32,3610,547.748118484553,80,48
2,4592,227.675459000142,81,79
78,2152,1467.0511640881,89,11
12,6801,470.573725792476,69,57
56,2345,876.416066885081,74,18
93,8103,6969.82944525101,94,1
6,8098,451.844294947816,47,41
96,1224,1106.00792684586,99,3
93,5353,4604.40540792653,93,0
79,7390,5138.05589709312,84,5
86,5121,4009.26964747853,91,5
6,4915,274.242369679985,58,52
23,2342,248.311346065072,79,56
58,4071,1625.90257352481,70,12
67,3214,1685.01907221596,80,13
88,6470,5211.12838236118,91,3
71,6364,3706.07091756541,84,13
18,3520,306.562683027938,63,45
48,4559,1284.35854752251,88,40
81,8621,6221.60783648509,88,7
86,3005,2352.63723699921,88,2
99,4052,3859.04761904762,99,0
69,2580,1427.45651980031,73,4
32,3533,536.064848367293,82,50
83,1294,966.66271230124,90,7
8,5574,333.098061476478,80,72
9,1764,109.246527413786,53,44
97,6785,6250.35451904766,97,0
18,7177,625.056925025998,54,36
75,8482,5427.5526117904,96,21
29,7666,1032.08552244303,60,31
83,1544,1153.4213506902,92,9
26,3867,461.906977654296,69,43
1,8689,420.832418198539,87,86
18,8064,702.307237482186,77,59
65,1308,648.158948754069,83,18
87,6605,5246.31940403894,92,5
74,7406,4633.52806717699,88,14
32,5237,794.614098754461,68,36
34,6156,1011.33276687761,59,25
71,2260,1316.10940818633,80,9
60,2110,898.725308214021,83,23
66,9229,4705.51046134947,69,3
4,3684,192.989359368065,89,85
46,5326,1393.03697184214,82,36
69,6182,3420.3628703122,82,13
12,2832,195.951300021216,79,67
94,3976,3468.81043654947,98,4
41,8547,1847.93058256787,73,32
57,1107,427.792322017518,79,22
0,6921,447.319270442121,69,69
81,8952,6460.4840914296,86,5
73,2107,1287.98844549655,80,7
52,4005,1303.68084016253,83,31
87,2191,1740.3006531793,89,2
70,5013,2846.46240288339,89,19
69,7767,4297.30805786394,80,11
75,6311,4038.34998031233,81,6
25,2700,309.915379878193,62,37
55,1279,462.083853066828,66,11
19,4150,375.840929101296,74,55
48,3192,899.248186815498,86,38
12,9148,632.966981848194,82,70
95,3724,3301.15606291937,95,0
24,9754,1075.9871970093,90,66
91,6639,5562.74723018116,94,3
58,1879,750.447294437022,81,23
51,2105,661.257700823557,63,12
21,5310,520.203129218111,87,66
83,3642,2720.69984405032,89,6
89,5148,4202.58060106528,94,5
27,8065,1002.54944293543,85,58
91,5341,4475.16688603669,94,3
90,1278,1057.07754248461,91,1
43,5597,1306.84732731044,68,25
1,8098,392.208645709722,55,54
38,9897,1903.88624016701,82,44
33,2999,473.499202274034,78,45
73,5286,3231.27998238955,77,4
65,8019,3973.69006885236,92,27
92,3328,2824.79928430906,93,1
7,3631,209.547089322106,75,68
95,1625,1440.48834646723,96,1
80,6433,4558.42116288446,80,0
56,4728,1767.03418517384,94,38
95,5069,4493.43718661071,98,3
9,1301,80.5724105245669,76,67
64,2025,974.664388359543,76,12
24,7115,784.872760582448,77,53
59,8075,3331.36703116671,91,32
85,1746,1346.58692186742,87,2
40,4479,931.576862537389,67,27
60,8002,3408.34119257279,72,12
26,5118,611.336930859759,85,59
66,7276,3709.75123163709,93,27
97,3224,2969.95474862338,97,0
64,5143,2475.40688855957,89,25
53,3918,1321.0283272003,62,9
67,3643,1909.93294339849,77,10
74,5025,3143.86693728928,86,12
88,3840,3092.84899354976,90,2
2,2536,125.737143733528,67,65
23,2534,268.668211327452,85,62
12,7835,542.118091690052,77,65
14,1438,107.333508496292,84,70
14,3653,272.662939177298,82,68
87,3697,2936.50913500862,90,3
32,2394,363.243489100283,86,54
97,2580,2376.70076037479,99,2
89,9797,7997.80150517415,91,2
5,2111,114.03898689995,72,67
16,1305,105.173699360498,79,63
84,2002,1520.0875554287,91,7
67,6042,3167.66808784344,82,15
40,4890,1017.05980303814,65,25
84,5806,4408.40576764189,86,2
41,2223,480.630593781252,75,34
52,1312,427.073473731145,79,27
24,6028,664.963176499086,74,50
6,6173,344.435025032461,61,55
30,8549,1197.78090277863,69,39
7,6264,361.499027131279,51,44
68,5744,3094.60522736169,81,13
60,6970,2968.77507026148,79,19
27,4740,589.223107193296,44,17
51,2589,813.299851511729,67,16
37,9184,1698.70269832442,85,48
69,3877,2145.05772374643,74,5
2,4788,237.393313957465,74,72
38,5017,965.120467507111,83,45
42,7405,1663.96370907406,65,23
37,7701,1424.40216461197,81,44
32,1172,177.82847503155,89,57
19,5503,498.374128396249,54,35
53,2406,811.228727729432,64,11
33,8810,1390.97298167197,56,23
69,1944,1075.5718893379,94,25
54,3095,1080.44473003798,79,25
55,3598,1299.90438102771,81,26
6,4297,239.759809260406,40,34
27,9079,1128.59843675273,80,53
6,5883,328.253888265992,87,81
70,9952,5650.90641003302,73,3
69,4788,2649.09372744336,76,7
61,1885,828.496629162961,83,22
18,7146,622.35708321524,59,41
22,3795,386.760201377306,70,48
80,3219,2280.98208041739,88,8
66,4651,2371.36517019573,84,18
15,7276,564.267853366984,73,58
83,6220,4646.55492311724,94,11
96,8594,7765.54912035403,96,0
56,2584,965.739495450341,87,31
93,2205,1896.64000083654,96,3
70,3643,2068.55426565015,79,9
54,2137,746.013049464026,79,25
42,5055,1135.89960153537,91,49
49,1185,346.302315267109,90,41
47,7554,2050.84992634184,79,32
70,6343,3601.65789377406,87,17
98,4036,3784.32155672145,98,0
86,3063,2398.04587584978,89,3
65,4092,2027.72661949668,93,28
77,8740,5837.87929605215,79,2
53,6207,2092.80827639925,82,29
27,6737,837.467525983382,83,56
71,5034,2931.54635434071,74,3
53,3978,1341.25847003644,72,19
24,6027,664.852864094225,88,64
32,8397,1274.08336590437,53,21
54,8722,3044.79448639459,76,22
63,8029,3751.37664283366,66,3
91,9602,8045.41330082837,92,1
22,4406,449.029103364535,74,52
42,7239,1626.66215935005,69,27
60,1360,579.273184441265,78,18
77,2828,1888.96140151436,82,5
93,5209,4480.54320379027,94,1
18,2117,184.373068173337,66,48
85,4795,3698.1009681296,95,10
32,1047,158.862127438595,75,43
17,8338,698.4779111581,47,30
47,3569,968.954644839031,81,34
21,4835,473.668950992385,59,38
10,2100,134.887778506944,74,64
44,6389,1549.7134056729,71,27
12,1097,75.9034520209301,62,50
63,3044,1422.24318106684,69,6
47,7618,2068.2254089055,76,29
46,4327,1131.74445684584,79,33
47,5801,1574.92459924663,84,37
44,4163,1009.77569382005,70,26
95,6541,5798.29801491826,99,4
93,5403,4647.41311769607,96,3
7,8511,491.174683894367,61,54
93,9542,8207.59133241826,93,0
86,1059,829.099112806046,95,9
60,1510,643.163609195816,81,21
1,9186,444.903509445481,47,46
81,9450,6819.88099463915,81,0
63,7511,3509.35234329601,88,25
50,1512,458.203672477339,77,27
12,3892,269.294653842717,71,59
38,2314,445.144261871926,81,43
19,9048,819.423789520127,46,27
23,8767,929.524154975444,59,36
93,6191,5325.21462366396,95,2
40,4214,876.460124744933,83,43
27,5813,722.606312682411,87,60
50,5132,1555.22569256197,85,35
91,3747,3139.57130162507,94,3
19,5391,488.230951514479,87,68
3,1897,96.5611403889268,82,79
24,3897,429.887441741363,60,36
74,7973,4988.26887383232,92,18
49,4569,1335.23652190331,75,26
79,7043,4896.79670950296,81,2
80,1764,1249.96967687365,85,5
97,6399,5894.77060683655,99,2
55,7549,2727.34246036082,74,19
82,2315,1700.35775694155,87,5
12,4983,344.78295480428,65,53
66,4421,2254.09705814563,89,23
20,5000,470.932122001573,79,59
14,2315,172.793513330261,89,75
79,1546,1074.88963692909,88,9
53,1400,472.036666176727,90,37
86,9952,7791.49610070422,88,2
57,3353,1295.74313976941,89,32
95,7403,6562.42167932119,97,2
8,4943,295.389974502733,78,70
44,4689,1137.36205340432,66,22
45,5992,1509.45801594715,81,36
78,3090,2106.50004508933,79,1
78,9341,6367.9019162393,80,2
36,3853,685.12757027943,85,49
61,6762,2972.03936679042,81,20
64,4732,2277.58611640363,66,2
66,2760,1407.21734460121,77,11
78,7190,4901.53246737614,82,4
54,2123,741.125738891964,75,21
43,2272,530.490821448867,62,19
53,2981,1005.10092990916,90,37
61,9133,4014.14308442723,61,0
67,6377,3343.30013177385,77,10
53,5953,2007.1673383929,75,22
66,8409,4287.42414882302,87,21
29,2052,276.263956698812,79,50
65,3718,1842.39676717709,70,5
9,1677,103.858518408685,83,74
49,9954,2908.93944824371,57,8
0,8719,563.527917784259,0,0
17,9485,794.562603422233,38,21
58,1135,453.303714308685,89,31
27,8877,1103.48808492719,72,45
6,1106,61.7115078059131,63,57
20,4443,418.470283610598,80,60
92,8170,6934.67853149189,93,1
13,5379,386.498354791192,86,73
55,6846,2473.35891954301,67,12
52,7868,2561.1387891133,68,16
13,7778,558.874178019314,85,72
23,4649,492.911805233357,77,54
15,7751,601.105020814664,79,64
76,5430,3551.2225642415,86,10
66,9471,4828.89690968044,75,9
51,2942,924.190097778103,86,35
28,5844,756.015754797465,57,29
70,2306,1309.38406164953,86,16
40,1090,226.706581863307,84,44
73,2212,1352.17391620236,87,14
90,6010,4971.07670605047,90,0
79,2168,1507.34846886304,89,10
75,4386,2806.5604521708,86,11
40,5758,1197.59311776965,79,39
95,3115,2761.3053533818,97,2
79,7401,5145.70388286688,88,9
21,1995,195.443548548047,49,28
55,7819,2824.88948172754,74,19
97,2430,2238.52048360882,98,1
10,4738,304.332521221857,74,64
0,9934,642.056008173968,3,3
13,9866,708.903656510485,89,76
69,3121,1726.77976678169,83,14
82,7912,5811.33070104603,88,6
31,9139,1332.52286444388,65,34
98,1182,1108.29238851456,98,0
89,1384,1129.8313037829,94,5
87,3368,2675.1860337325,88,1
33,8641,1364.29029904966,90,57
82,6470,4752.18776994032,91,9
97,1307,1204.01081155421,99,2
56,9600,3587.88667040374,76,20
36,5073,902.063888924876,69,33
51,1141,358.429946147116,54,3
53,1866,629.157442204123,86,33
6,2618,146.076607084883,57,51
96,2392,2161.41418383603,96,0
19,9505,860.81157376092,63,44
15,8224,637.787084399406,74,59
54,6988,2439.46616268349,62,8
57,7701,2975.99699354734,82,25
62,5076,2300.90343480773,82,20
39,2225,445.099375800164,55,16
66,6663,3397.20621995574,89,23
77,6453,4310.27861526597,81,4
9,5186,321.174881614453,87,78
34,8176,1343.18659876402,85,51
16,4573,368.551208563645,86,70
22,6882,701.365930402799,83,61
79,6230,4331.54103367932,82,3
64,3729,1794.82642182357,89,25
3,3313,168.638407015559,69,66
11,6736,448.957926508077,51,40
52,7591,2470.97159991854,84,32
96,8828,7976.99181225103,96,0
3,6129,311.978507877561,64,61
25,5360,615.239420795227,27,2
43,6142,1434.0997470682,64,21
46,5089,1331.04865747365,86,40
3,3602,183.349092082717,36,33
28,1255,162.354512708901,72,44
9,8103,501.828011130335,75,66
43,6922,1616.22247626279,67,24
44,6288,1525.21488415576,84,40
30,3508,491.497883605971,51,21
63,5575,2604.79820448346,84,21
31,3095,451.270189895373,56,25
28,1945,251.617153162401,90,62
39,2289,457.902234250147,79,40
22,6420,654.282079800344,76,54
96,5431,4907.4583747548,98,2
20,6034,568.320884831498,75,55
58,3442,1374.68844462599,84,26
21,1371,134.312333363094,68,47
73,1796,1097.87719416792,86,13
26,3389,404.810640618156,68,42
7,6851,395.375133281672,65,58
99,6016,5729.52380952381,99,0
77,6158,4113.2334902848,83,6
60,4587,1953.76918899418,76,16
18,7256,631.937167059863,72,54
22,5744,585.388826537878,89,67
81,3160,2280.51047016505,82,1
23,5112,542.001537610867,78,55
85,4154,3203.7354372493,92,7
12,4249,293.996141875052,48,36
49,5414,1582.17783532163,77,28
59,1161,478.97425674112,80,21
4,7803,408.766550257603,82,78
41,6401,1383.94801205299,73,32
5,7263,392.356779656246,86,81
16,1734,139.748041908892,82,66
47,1425,386.875978956464,87,40
58,3789,1513.27557137939,68,10
26,6719,802.573825409676,77,51
74,8324,5207.87032557133,81,7
8,8197,489.846575156565,79,71
68,2666,1436.31920893911,69,1
95,1667,1477.71942988362,97,2
76,8149,5329.44984825119,76,0
73,5818,3556.48636729898,79,6
86,8221,6436.28310328471,86,0
51,4438,1394.13856354154,86,35
77,1232,822.913877887443,90,13
41,1763,381.174870371727,68,27
38,2236,430.139399112198,90,52
39,8790,1758.39259023975,81,42
33,1278,201.77791947523,75,42
57,8775,3391.03669891935,69,12
91,1736,1454.57586859384,98,7
78,3845,2621.19503992507,89,11
13,1799,129.263904121464,85,72
80,7767,5503.6930160304,80,0
4,7028,368.167540075667,43,39
23,1403,148.753551891245,81,58
90,7749,6409.46312731865,93,3
14,6439,480.612281785552,64,50
60,5542,2360.53822659815,67,7
78,4087,2786.17012436249,87,9
64,3042,1464.16250340234,76,12
80,4571,3239.0087261845,93,13
41,1146,247.774476146341,88,47
23,4645,492.487703873724,86,63
6,1058,59.0332506859458,42,36
18,1304,113.567539394441,65,47
77,8219,5489.87756684813,89,12
82,5759,4229.96126230082,82,0
65,5729,2838.91637416824,83,18
48,5550,1563.54243008334,89,41
10,7875,505.829169401039,77,67
22,5937,605.058054170505,37,15
53,9653,3254.69281328853,81,28
31,6554,955.61383669605,77,46
17,7561,633.388280914655,62,45
57,6409,2476.71272972924,88,31
26,7456,890.607299040712,86,60
10,8030,515.785172100361,82,72
86,4837,3786.92389862403,87,1
84,9767,7415.93164529078,89,5
19,2461,222.878199161034,84,65
3,6552,333.510064221533,87,84
14,1305,97.4062785727822,83,69
76,4075,2665.05192436171,89,13
4,8247,432.025854155382,89,85
56,4267,1594.7408773555,60,4
85,4645,3582.41480645715,85,0
36,7986,1420.04380385454,89,53
6,5569,310.733622939539,84,78
58,7194,2873.18671430545,76,18
65,8754,4337.90782675315,89,24
72,8152,4865.50866467604,78,6
20,5288,498.057812228863,48,28
25,9178,1053.4827246378,68,43
46,5258,1375.25129514569,84,38
62,4248,1925.57876104477,71,9
47,6364,1727.77454742381,91,44
81,4591,3313.23530649612,81,0
72,2336,1394.23800793464,80,8
15,6121,474.695372520521,72,57
89,3490,2849.06882240051,90,1
71,2442,1422.09697999603,73,2
55,5402,1951.66299786318,91,36
44,6556,1590.22086204281,82,38
57,4571,1766.43062686728,82,25
67,5789,3035.02657406913,75,8
34,8013,1316.40829450784,74,40
81,3137,2263.91181800879,84,3
27,6881,855.367974809508,88,61
81,9428,6804.00402301142,81,0
78,1949,1328.66297342366,79,1
22,3367,343.141396057283,48,26
60,6712,2858.88353968365,76,16
29,4228,569.222226570457,86,57
7,3972,229.22639459857,78,71
57,5954,2300.88119719269,63,6
71,1358,790.830343503114,83,12
64,5779,2781.52370386657,83,19
80,2412,1709.1422112354,90,10
84,2850,2163.96080568022,84,0
82,2507,1841.38094887796,82,0
12,4306,297.940076939038,54,42
59,8696,3587.56256384219,87,28
4,8402,440.14565619177,65,61
18,4333,377.368211806834,74,56
56,4707,1759.18568308234,85,29
20,6742,635.004873306921,68,48
21,6370,624.04782167973,71,50
37,9285,1717.38398888744,61,24
56,9377,3504.54305295582,75,19
23,4431,469.798281133363,78,55
51,3328,1045.44685431867,84,33
62,3794,1719.78479741145,77,15
38,1831,352.229534782842,89,51
54,5669,1979.0116880728,72,18
40,1931,401.624228970685,57,17
58,5108,2040.0664076553,74,16
29,1920,258.492591063216,87,58
76,4623,3023.44418314704,80,4
15,7921,614.28884916436,88,73
98,5022,4708.8361887649,98,0
97,5127,4723.00185986107,97,0
31,4570,666.334335322085,59,28
17,6731,563.858817462841,67,50
94,9793,8543.77781819139,96,2
88,5259,4235.75334819744,89,1
13,1057,75.9488308262297,73,60
22,5362,546.458023658792,88,66
44,5549,1345.96332572842,82,38
7,3434,198.178106508431,83,76
78,4413,3008.40928769554,85,7
63,5393,2519.76263978104,94,31
6,7512,419.147239274882,90,84
76,8919,5833.03021187291,82,6
59,4594,1895.26936732877,72,13
22,3931,400.620382507033,87,65
72,6479,3866.98118724682,82,10
80,7122,5046.64628043885,85,5
26,4288,512.194755671482,68,42
65,3231,1601.07153167003,84,19
90,8296,6861.90554964969,92,2
28,5776,747.2188568977,71,43
97,2619,2412.62763233395,97,0
95,4442,3937.63029846612,98,3
28,3227,417.464551802091,82,54
96,3553,3210.49523209424,96,0
60,3892,1657.74355429809,86,26
88,7974,6422.49423816817,88,0
27,4016,499.223628373054,58,31
33,6605,1042.835022014,71,38
32,4737,718.74870838264,88,56
63,8889,4153.19304747147,89,26
16,1793,144.503021420209,39,23
90,6647,5497.96120883818,95,5
88,9902,7975.36217034628,91,3
65,4453,2206.61452507788,87,22
35,2069,353.639797648865,69,34
70,4417,2508.04397237901,82,12
22,3765,383.702808481043,72,50
15,1835,142.307794245247,88,73
42,4341,975.457996095948,66,24
78,2536,1728.82981046814,83,5
94,9941,8672.89852860621,97,3
61,1752,770.040368325469,87,26
5,9373,506.34174524549,71,66
51,2966,931.729377977516,62,11
29,4734,637.345794840242,83,54
86,2140,1675.42219207265,88,2
53,8487,2861.55370417277,71,18
53,1554,523.960699456167,89,36
29,8380,1128.21245474466,86,57
19,7799,706.309254472532,87,68
88,6892,5551.0195998815,96,8
23,8691,921.466229142419,60,37
39,4901,980.418894740047,76,37
99,8652,8240,99,0
40,6549,1362.11138038789,80,40
13,7776,558.730471622292,83,70
73,9387,5738.18108109926,73,0
42,1719,386.273276961284,87,45
55,6045,2183.96942282172,67,12
24,6935,765.016527707558,75,51
62,2273,1030.32969017297,93,31
51,5839,1834.2440451823,83,32
7,4248,245.154512652247,76,69
35,5675,969.988328495559,90,55
5,6398,345.628345895727,80,75
23,3252,344.794405381561,72,49
40,9767,2031.4157661091,78,38
52,8466,2755.7957535121,73,21
0,3667,237.006178978653,82,82
70,1257,713.744911315465,85,15
91,2907,2435.7442684345,91,0
76,9416,6158.0684465742,78,2
30,6744,944.88646722881,62,32
70,9593,5447.0604091084,78,8
34,4549,747.328258045199,86,52
63,6741,3149.58649263193,71,8
99,3480,3314.28571428571,99,0
85,2146,1655.08335299398,88,3
85,9421,7265.86219410824,85,0
75,7810,4997.54608560281,83,8
52,4028,1311.16764648556,90,38
6,3817,212.977238060733,63,57
87,1814,1440.85138515165,87,0
40,5767,1199.4650069777,88,48
48,7871,2217.41305715062,80,32
98,4665,4374.09813233537,98,0
48,9174,2584.49337902424,75,27
60,6295,2681.268158866,75,15
91,6522,5464.71417912962,95,4
54,1676,585.080894198272,75,21
21,1460,143.03136886223,84,63
49,5695,1664.29678096724,63,14
44,9505,2305.5291784193,68,24
56,2274,849.880655051887,78,22
17,8780,735.504444707138,84,67
90,6748,5581.5017657951,92,2
98,3790,3553.66171951791,99,1
84,8319,6316.48769910659,84,0
51,4361,1369.95003956842,69,18
30,8179,1145.94104618393,77,47
33,4894,772.692596175099,90,57
15,4275,331.534507029117,88,73
48,9515,2680.55967968342,70,22
56,7865,2939.45090236723,73,17
33,9834,1552.64793436574,79,46
44,5263,1276.59127469971,73,29
41,9522,2058.73347457719,85,44
17,3799,318.243893558362,80,63
67,3763,1972.84591435863,82,15
98,2672,2505.37839434086,99,1
61,9064,3983.81615211304,91,30
94,6759,5896.8032546876,97,3
58,6583,2629.16154299038,91,33
26,2692,321.555103140772,76,50
93,6963,5989.25366250559,94,1
83,2263,1690.53919469684,85,2
32,4929,747.881018285419,82,50
79,9507,6609.94552282332,79,0
51,3951,1241.15400282844,85,34
3,4600,234.149312487645,83,80
45,4596,1157.78855829324,59,14
48,5215,1469.16644556479,81,33
71,6781,3948.91057385465,76,5
65,7331,3632.76242608263,87,22
31,3526,514.11266222006,78,47
6,2511,140.106325588289,82,76
63,8509,3975.64626402686,87,24
11,8757,583.658634565206,84,73
95,6515,5775.25020137478,95,0
86,9423,7377.33799808439,90,4
22,2616,266.604660554159,83,61
73,2292,1401.07713197821,89,16
28,3944,510.220078186379,75,47
67,9859,5168.82483913414,67,0
60,4619,1967.39914627515,85,25
17,3447,288.756699419761,77,60
37,4655,861.004035354984,84,47
79,2305,1602.60065531795,82,3
65,5664,2806.70664047634,72,7
72,1852,1105.36335218106,76,4
72,6418,3830.57343104647,85,13
87,7488,5947.68201323899,90,3
91,6695,5609.66903239387,93,2
56,1842,688.425754883718,87,31
64,9193,4424.73566527866,72,8
37,4823,892.077865202382,64,27
32,6631,1006.1268071111,77,45
12,6567,454.382834477163,72,60
51,7629,2396.54869338856,87,36
74,2335,1460.88145245183,76,2
82,7379,5419.84444426424,96,14
63,8315,3885.00395879461,74,11
37,3880,717.657498856571,59,22
51,4698,1475.81409903519,74,23
17,4583,383.919916867063,57,40
41,6381,1379.62385016562,87,46
4,3778,197.913626409486,31,27
79,3377,2347.93163254174,81,2
31,4597,670.271102729896,83,52
95,2795,2477.63995592364,95,0
8,8720,521.100663092015,74,66
34,1699,279.11864375001,90,56
75,8447,5405.15643855146,78,3
62,5557,2518.93624649854,83,21
53,2618,882.70856575048,77,24
37,6470,1196.71237567062,82,45
29,4098,551.720124050552,91,62
54,7683,2682.08622322514,77,23
7,1398,80.6793805762338,88,81
63,2624,1226.0072625228,82,19
63,5988,2797.7635243851,84,21
28,8817,1140.62130562102,76,48
94,1950,1701.2526034385,94,0
11,7052,470.019491944025,90,79
67,8579,4497.75314889256,69,2
32,1918,291.019637466308,71,39
35,5037,860.939420375706,86,51
33,3489,550.863193309138,80,47
32,1211,183.745975480552,82,50
31,8044,1172.8650751271,74,43
5,4078,220.298905058264,59,54
93,2583,2221.77828669423,94,1
94,3943,3440.0200078759,98,4
64,5800,2791.63133456067,66,2
71,7406,4312.8788836407,93,22
98,6754,6332.83146533614,98,0
55,8121,2933.99763155255,91,36
22,1090,111.0852752309,74,52
69,2506,1386.5139684572,84,15
80,9799,6943.56738304132,88,8
78,6679,4553.17598742771,83,5
62,6476,2935.51037112192,63,1
54,8625,3010.93240600245,80,26
13,9173,659.109389942294,45,32
49,4482,1309.81179495965,85,36
53,8611,2903.36266603414,72,19
5,6401,345.790409827844,32,27
29,6569,884.394703486597,60,31
54,3189,1113.25952959325,63,9
88,7773,6260.60292366205,89,1
20,7222,680.214357019072,83,63
99,6686,6367.61904761905,99,0
71,2424,1411.61469267419,84,13
34,4132,678.821798690429,82,48
67,5883,3084.30840132124,90,23
56,6816,2547.39953598666,72,16
19,7947,719.712738209156,59,40
95,5688,5042.15243981884,98,3
2,9907,491.197903378573,90,88
11,1285,85.645922737957,80,69
16,4206,338.973624145789,50,34
12,6952,481.021694119878,62,50
16,1016,81.8823590423494,68,52
1,3968,192.18126774218,59,58
72,8839,5275.54355827668,78,6
36,9794,1741.5363154209,73,37
81,5555,4008.93533600217,89,8
58,4962,1981.75597392044,82,24
82,8964,6584.02027353092,87,5
49,9858,2880.88457713347,84,35
45,7228,1820.82151856909,79,34
95,4565,4046.6641856141,95,0
96,3725,3365.91464665101,98,2
14,6557,489.419899311673,72,58
31,5420,790.269605567987,84,53
25,2773,318.294573482307,90,65
36,9161,1628.97837304175,71,35
37,8317,1538.3395407191,87,50
38,3802,731.390874519042,75,37
86,9101,7125.2417617071,90,4
49,6170,1803.10994531482,78,29
55,1439,519.889495358222,72,17
95,2419,2144.3331139103,95,0
94,2061,1798.09313624961,94,0
54,7118,2484.84833228121,80,26
86,8047,6300.057186733,92,6
67,1357,711.440846607671,67,0
63,1175,548.993343545841,70,7
58,8783,3507.81191433761,85,27
22,3758,382.989416805248,75,53
95,7462,6614.72248697753,98,3
85,3368,2597.53995008561,86,1
30,5778,809.542409200484,91,61
55,3899,1408.6512455884,78,23
54,7902,2758.53772431668,75,21
24,4153,458.127417385651,58,34
30,3033,424.946716356018,61,31
42,3165,711.201234195733,70,28
58,4009,1601.14060851411,86,28
54,9593,3348.8550226993,84,30
1,8636,418.265480902588,88,87
98,6215,5827.44263504059,98,0
69,6471,3580.26013163867,87,18
10,1351,86.7778041728005,89,79
24,8931,985.200087809113,80,56
46,7363,1925.82261052829,59,13
97,7547,6952.31032501882,98,1
50,9508,2881.34954888528,66,16
18,2513,218.86137001398,79,61
88,6667,5369.79797916569,89,1
95,5323,4718.59659584313,98,3
56,7065,2640.46034650026,79,23
53,8381,2825.81378516225,86,33
64,4119,1982.53956328541,90,26
72,4565,2724.6132304031,72,0
40,5532,1150.58789987873,74,34
31,6329,922.807441630958,78,47
14,7044,525.769981813546,76,62
50,6880,2084.94792767466,60,10
28,3540,457.956155370127,58,30
82,5000,3672.47895667722,95,13
48,6064,1708.34617946403,81,33
97,1516,1396.54199718147,97,0
68,4019,2165.25390124767,71,3
49,1597,466.704470448584,84,35
36,2281,405.599789205134,71,35
0,1994,128.876553281547,0,0
18,7956,692.901336980192,77,59
21,1665,163.114540517543,69,48
97,2892,2664.11573604802,98,1
14,2223,165.926557292946,83,69
61,4395,1931.69373218632,70,9
79,4149,2884.68117957231,90,11
8,5908,353.057651094911,80,72
56,6146,2296.99494544806,63,7
18,9698,844.615028410495,86,68
47,8045,2184.15245663491,89,42
64,4645,2235.71164638522,76,12
69,5969,3302.51471577055,75,6
84,3408,2587.64155289761,90,6
52,2825,919.575124459211,86,34
18,4562,397.312204537913,80,62
0,4662,301.315191273106,84,84
74,5888,3683.79871179289,82,8
57,6518,2518.83500895229,79,22
18,4633,403.495713201261,31,13
45,3917,986.74016162633,84,39
41,3986,861.805464152979,48,7
83,3388,2530.95306744714,98,15
70,7103,4033.19817428301,73,3
7,4281,247.058961549969,62,55
70,3388,1923.76114521623,86,16
44,2481,601.790414693138,90,46
5,8556,462.206334398849,85,80
57,6632,2562.88950281859,90,33
79,4618,3210.76348210772,86,7
57,3817,1475.05265866384,75,18
31,7309,1065.69751791447,85,54
6,7095,395.879880545166,82,76
21,7095,695.073672655837,84,63
87,8878,7051.75225875211,90,3
24,7445,821.275854186412,73,49
10,1867,119.921658320221,78,68
22,3457,352.313574746073,43,21
79,8293,5765.88600197473,95,16
17,5188,434.601031792783,70,53
50,3358,1017.62429376912,62,12
84,2022,1535.27324529313,97,13
71,8224,4789.24060748867,84,13
62,3438,1558.41331932013,81,19
91,7566,6339.47063466647,91,0
67,5606,2939.0842933549,89,22
19,8860,802.397742611442,79,60
5,2341,126.463888362284,72,67
2,9749,483.364122341548,87,85
67,6322,3314.46502008378,84,17
4,4377,229.292732343653,83,79
22,6386,650.817034517912,58,36
82,4374,3212.68459130123,87,5
36,5880,1045.5619292092,65,29
18,5783,503.651135213229,61,43
51,6985,2194.2446747043,78,27
39,5945,1189.26552320538,91,52
61,3608,1585.79089550131,63,2
8,6415,383.355591024687,86,78
46,4115,1076.29499420398,54,8
78,4008,2732.3146215916,94,16
39,3576,715.359715892758,67,28
65,1046,518.328945257459,73,8
89,4741,3870.32529713491,91,2
57,4849,1873.86176103247,79,22
54,2352,821.068176106406,92,38
82,7590,5574.82305623602,87,5
73,3221,1968.96572517532,84,11
57,6543,2528.49608216858,86,29
78,5661,3859.18988843064,89,11
91,1307,1095.12134807151,94,3
7,4620,266.622845681116,83,76
65,2005,993.546400804212,66,1
88,6630,5339.99709042576,90,2
49,2980,870.869957380577,68,19
55,5704,2060.77114768818,61,6
57,3861,1492.05614752451,75,18
66,7263,3703.12303399948,78,12
27,5536,688.1728104266,69,42
2,1418,70.3057057626746,75,73
20,7593,715.157520471588,34,14
15,5235,405.984361239165,91,76
91,1823,1527.47223988858,94,3
66,3242,1652.97051854968,71,5
37,4187,774.441223637233,92,55
34,4465,733.52839572913,68,34
8,2507,149.816440638954,21,13
87,6528,5185.15867820835,89,2
8,7279,434.987583331052,89,81
23,9684,1026.74939167129,65,42
14,8352,623.400182865806,79,65
49,9549,2790.58296074736,66,17
16,7017,565.520190354494,87,71
67,6749,3538.33034175031,68,1
14,3339,249.225719658636,77,63
0,5882,380.166442528617,56,56
72,3106,1853.81132390625,85,13
56,5394,2015.9438229331,73,17
68,8847,4766.36010558301,82,14
15,3784,293.456508677937,86,71
87,1968,1563.17283681281,88,1
0,5098,329.494818770977,0,0
29,8651,1164.69760692077,77,48
32,4021,610.109469370191,81,49
55,7006,2531.1645618344,58,3
57,6179,2387.83085613934,60,3
44,6373,1545.83245176919,73,29
83,7096,5300.95719203215,86,3
49,9547,2789.9984842659,62,13
17,6986,585.220279125748,72,55
79,1047,727.949191374357,83,4
73,7518,4595.67970253587,74,1
46,7468,1953.28578778015,66,20
79,7855,5461.35711389262,84,5
54,3789,1322.71569696734,55,1
36,3991,709.666268618013,65,29
52,6067,1974.88930268815,84,32
7,6200,357.805550481151,83,76
81,4008,2892.49555836124,85,4
24,1586,174.955474108751,71,47
21,1479,144.892735991259,82,61
57,5214,2014.91342999037,77,20
82,1674,1229.54595469553,91,9
48,2593,730.498292109206,69,21
11,5378,358.446515552321,81,70
16,1551,124.9995461365,61,45
36,2970,528.115464243423,69,33
61,8349,3669.55881001675,63,2
80,1029,729.148978176295,82,2
77,8535,5700.94963292965,81,4
57,7525,2907.98303810463,84,27
10,7389,474.612283518004,84,74
17,8558,716.907407494725,57,40
97,5124,4720.23825432575,97,0
42,1992,447.61859668812,58,16
22,3576,364.441233234584,71,49
39,6303,1260.88151265997,82,43
35,3213,549.175770829292,91,56
98,3345,3136.41120099932,98,0
42,9199,2067.09009585041,63,21
38,9192,1768.26536522331,81,43
89,6175,5040.97420582325,97,8
77,1274,850.967760088152,82,5
82,4381,3217.82606184058,82,0
72,1667,994.946386655416,75,3
71,3290,1915.92918271373,79,8
41,1567,338.798083875494,82,41
2,2117,104.962749717618,77,75
55,3841,1387.69670025777,83,28
26,8810,1052.34043784183,51,25
32,3652,554.120811275786,66,34
72,3853,2299.65712524494,84,12
83,1471,1098.88782828062,93,10
18,5921,515.669785854665,56,38
75,2833,1812.81025102596,87,12
37,8679,1605.29624550932,58,21
96,2274,2054.78923664011,96,0
33,7313,1154.61809477493,86,53
95,4660,4130.8773504845,96,1
44,8301,2013.48739716555,56,12
39,2044,408.891291746308,56,17
85,6678,5150.34791765787,89,4
71,6806,3963.4693062461,74,3
46,5982,1564.61644114902,71,25
86,8313,6508.3105993925,91,5
36,7540,1340.73757589071,64,28
2,1455,72.1401987903325,81,79
43,8488,1981.86887872271,88,45
46,1099,287.447921902837,85,39
15,2158,167.357068109669,87,72
65,5147,2550.51537403455,87,22
20,4757,448.044820872296,84,64
77,8008,5348.94020626838,88,11
14,4675,348.945863852687,38,24
11,9783,652.042071708508,59,48
74,3824,2392.4670981481,76,2
95,7982,7075.67875784705,98,3
82,1240,910.774781255951,90,8
11,3050,203.284096771026,47,36
66,6739,3435.95568306795,86,20
60,2976,1267.5860271303,63,3
27,1993,247.747184100472,89,62
50,3316,1004.89641397808,71,21
93,2334,2007.59989204194,94,1
4,8264,432.916413088406,70,66
68,5643,3040.19103377472,74,6
71,2406,1401.13240535235,82,11
98,2633,2468.81037136957,99,1
82,4240,3114.26215526228,94,12
71,6923,4031.60417383804,90,19
15,1110,86.0826439303673,89,74
62,6212,2815.84163455982,62,0
15,1600,124.083090350079,71,56
65,6319,3131.28164921786,84,19
8,1998,119.398982208469,78,70
99,7148,6807.61904761905,99,0
25,2750,315.654553579641,80,55
72,9290,5544.72221477434,87,15
75,8344,5339.24770016259,78,3
62,5341,2421.02546203863,76,14
53,1497,504.742063761829,83,30
85,3271,2522.72956553742,89,4
5,2239,120.953714670293,55,50
46,4994,1306.20102091244,69,23
45,6174,1555.30603979601,76,31
2,6490,321.779993229731,47,45
73,6802,4157.99592134198,93,20
89,5861,4784.63964701702,95,6
94,1112,970.15020257621,96,2
27,9219,1146.00165088924,73,46
46,1571,410.901442501689,92,46
7,8345,481.594728833098,71,64
13,1501,107.851650965157,69,56
57,9815,3792.9373447172,62,5
25,8113,931.238324796955,36,11
87,7945,6310.6748925192,87,0
59,4595,1895.68192052149,67,8
50,4126,1250.36266709094,87,37
92,5153,4373.85538222493,97,5
12,2737,189.378074914572,86,74
84,2206,1674.98159204581,87,3
38,7510,1444.69896571226,88,50
64,3012,1449.72303098219,88,24
4,2433,127.454699061482,47,43
33,6174,974.786287042309,90,57
21,1414,138.52490107616,47,26
45,2944,741.629572588184,87,42
67,5001,2621.89806476416,86,19
24,5121,564.909825290614,89,65
87,6993,5554.50591861382,89,2
83,1166,871.042289446095,92,9
62,7199,3263.23952466132,79,17
8,7696,459.907190728916,69,61
8,2063,123.283333481517,58,50
34,6504,1068.50362504418,64,30
23,1371,145.360741014182,87,64
49,7362,2151.45792826705,66,17
43,2283,533.059218911868,67,24
69,3201,1771.04198444991,77,8
87,7838,6225.68531246891,95,8
96,2398,2166.83579132057,99,3
50,3742,1133.99348043003,71,21
6,8206,457.870373467742,52,46
1,1689,81.8029640162657,79,78
56,9133,3413.35093341639,76,20
38,9657,1857.71743167554,79,41
41,4337,937.694505276335,64,23
93,9769,8402.84633477196,96,3
81,1105,797.456984029234,81,0
41,2092,452.307333418974,83,42
8,5925,354.073558350939,69,61
29,5853,787.998508069273,78,49
44,1022,247.895930599108,75,31
77,7263,4851.31777199391,91,14
71,4139,2410.34373472709,77,6
7,5119,295.420421437583,77,70
50,9023,2734.37284177449,93,43
42,5517,1239.71475799616,90,48
93,2504,2153.82610525837,97,4
56,3912,1462.06381818953,83,27
76,7762,5076.35166549585,84,8
83,4147,3097.95229359602,88,5
21,2158,211.412119181296,76,55
39,8541,1708.58146908279,67,28
8,1475,88.1448942730186,57,49
80,2895,2051.39581323652,91,11
28,9108,1178.26685398619,52,24
13,9776,702.436868644486,82,69
58,9182,3667.1671407774,70,12
88,5358,4315.4908613124,88,0
46,7587,1984.41072199893,92,46
32,9230,1400.47510626383,74,42
65,3952,1958.35180846795,83,18
79,3855,2680.27137798295,84,5
3,2107,107.250565524232,72,69
54,4669,1629.91807578266,85,31
56,3694,1380.58889171577,82,26
17,4921,412.234324875151,62,45
36,7793,1385.72518951145,66,30
96,6642,6001.71948538416,98,2
7,6858,395.77910729028,81,74
29,5678,764.437985446323,69,40
83,3392,2533.94120566137,85,2
75,6038,3863.65982904862,84,9
67,3672,1925.13691138052,80,13
74,8080,5055.21290612883,76,2
36,4167,740.961999832438,69,33
77,4583,3061.21290775824,92,15
81,9867,7120.82177503752,84,3
70,3937,2235.49221626809,85,15
12,6923,479.015130666271,66,54
47,8780,2383.69901420193,74,27
70,8126,4614.07410449441,89,19
66,4753,2423.37102858316,76,10
6,5439,303.480009906294,88,82
86,8997,7043.81937480264,90,4
87,7870,6251.10275696993,90,3
85,2891,2229.65795596719,89,4
68,3519,1895.87670527259,86,18
24,7223,796.786500307382,57,33
42,6273,1409.59410493202,91,49
29,6443,867.431127198073,63,34
84,7595,5766.76572601449,87,3
61,5779,2539.99046150279,89,28
21,8220,805.286200032556,88,67
79,4082,2838.09799349582,87,8
11,9551,636.579150249204,62,51
69,3609,1996.77929455787,70,1
73,1581,966.449801770313,80,7
54,6640,2317.98158560652,89,35
54,3679,1284.31539961542,88,34
80,5283,3743.53163431037,88,8
23,1104,117.051975258685,83,60
93,7615,6550.07419790034,94,1
67,6681,3502.67965820623,69,2
60,5498,2341.79703533682,87,27
14,9883,737.675288225906,89,75
0,8636,558.163447411958,22,22
77,3963,2647.08417050969,84,7
26,8507,1016.14757147792,65,39
84,2284,1734.20578251706,87,3
44,8953,2171.6362687415,77,33
72,8275,4938.92102553903,82,10
28,9677,1251.87619082393,60,32
37,4845,896.147057206208,81,44
47,2409,654.024023372717,65,18
83,8527,6369.96363817054,95,12
50,1841,557.90539750713,93,43
16,5354,431.494242433798,43,27
67,7686,4029.57578999746,86,19
43,2281,532.592237554959,78,35
67,1285,673.693064031582,83,16
17,4157,348.233710324325,86,69
38,6395,1230.2063762623,82,44
83,9028,6744.22794950201,83,0
93,4160,3578.2414528254,99,6
88,8913,7178.79246862214,92,4
38,1690,325.105359794103,90,52
52,3883,1263.96821531862,61,9
23,7095,752.249786648885,74,51
84,3074,2334.04053216176,88,4
16,6448,519.662845575855,76,60
3,6891,350.765850511384,80,77
86,9285,7269.2967539227,86,0
10,2604,167.26084534861,61,51
10,3379,217.040858845221,81,71
53,4752,1602.22731262272,66,13
62,2405,1090.16405845402,82,20
92,9737,8264.74478104486,93,1
62,3676,1666.29649849354,74,12
80,5263,3729.35964250908,84,4
51,5267,1654.55786709628,77,26
8,1354,80.9140249801133,74,66
73,6058,3703.19601462654,84,11
7,9420,543.633594440717,74,67
96,6701,6055.03195898212,98,2
30,8848,1239.67311121597,69,39
85,4782,3688.07483411799,85,0
83,1925,1438.04151559497,87,4
27,9989,1241.71932864005,78,51
25,2907,333.675559002188,50,25
2,5834,289.254927658282,65,63
47,1013,275.021309952911,68,21
90,1266,1047.15193175705,93,3
52,3769,1226.85969702186,53,1
98,2848,2670.403318519,99,1
71,5616,3270.47364441347,75,4
4,2161,113.205756133113,56,52
48,3245,914.179312724402,81,33
7,9636,556.099078134899,20,13
53,5238,1766.0914695955,66,13
59,3499,1443.52362130679,84,25
81,7101,5124.65343311456,87,6
20,3572,336.433907957924,79,59
75,5486,3510.44018253739,78,3
36,3646,648.319522771555,88,52
87,7319,5813.44613446797,89,2
53,4136,1394.53117950496,70,17
6,9588,534.981859713468,84,78
0,1720,111.167337835638,76,76
94,4199,3663.36393940423,97,3
15,7778,603.198922964321,60,45
47,2791,757.733934924555,76,29
35,7120,1216.97214077328,80,45
75,7661,4902.20237667133,77,2
54,5432,1896.27650196003,87,33
35,8524,1456.94810785835,57,22
10,6736,432.668607629892,70,60
80,5239,3712.35325234753,85,5
85,5898,4548.77987696109,85,0
97,4009,3693.09819703199,99,2
69,7523,4162.30829397585,77,8
79,4007,2785.95263594752,79,0
57,4105,1586.34822211555,77,20
49,3587,1048.25856950474,71,22
77,2018,1347.92224478641,84,7
63,9343,4365.31473085003,64,1
35,3558,608.144224279682,70,35
32,2779,421.659839686585,79,47
86,8505,6658.62885213921,91,5
24,7403,816.642733182272,33,9
4,1850,96.9137662407491,84,80
78,7819,5330.33134386844,82,4
57,6691,2585.68963560905,87,30
71,6888,4011.22194849002,79,8
26,5547,662.580296107676,74,48
59,2447,1009.51766257151,90,31
45,8774,2210.27780906546,75,30
0,2480,160.287789437431,59,59
19,5790,524.366019155784,82,63
0,4007,258.98111785314,84,84
91,9428,7899.62055823889,99,8
27,8356,1038.72326660489,87,60
92,7116,6040.04558507911,92,0
44,3668,889.708682424195,57,13
50,5198,1575.22664651932,91,41
37,1521,281.329138082692,55,18
80,1999,1416.49058053879,80,0
75,8067,5161.997986243,80,5
70,2928,1662.5657122766,76,6
72,2951,1761.29981224963,76,4
95,8090,7171.41582948918,96,1
7,2375,137.062610063344,30,23
81,1407,1015.40450364627,81,0
9,6637,411.036962837471,67,58
98,6250,5860.26009155329,98,0
94,5242,4573.3159729357,97,3
17,8422,705.514627941175,59,42
13,8286,595.375602862951,63,50
55,5882,2125.07992473736,66,11
6,2871,160.193253988044,68,62
88,5028,4049.69915092922,93,5
66,5073,2586.52666273983,92,26
31,3956,576.809328344457,84,53
70,4378,2485.89914219499,70,0
69,7091,3923.29231856743,78,9
11,2601,173.35801170539,72,61
70,8795,4993.943114574,75,5
61,3456,1518.98374025846,84,23
42,5951,1337.23808679267,81,39
61,9056,3980.29998604763,81,20
71,8405,4894.64583000271,84,13
49,8613,2517.04796742245,91,42
57,2299,888.432292970437,75,18
80,7119,5044.52048166865,83,3
73,7698,4705.71193803154,76,3
54,2945,1028.08068819446,57,3
21,7333,718.389745114201,73,52
46,9230,2414.14405747332,71,25
42,9606,2158.54630511349,56,14
55,3309,1195.49293963888,92,37
13,7446,535.01891611363,78,65
2,9566,474.290818988537,80,78
74,3286,2055.87000118061,86,12
16,2785,224.451151508802,74,58
22,3773,384.51811325338,72,50
11,6515,434.228160807619,80,69
15,4703,364.726733697763,62,47
33,3706,585.12438933897,70,37
32,2613,396.472530083141,84,52
51,6070,1906.80961710166,79,28
43,6479,1512.7861057074,77,34
62,8406,3810.36136189791,76,14
78,8973,6117.03071345843,85,7
59,1446,596.551916664651,78,19
61,8316,3655.05462499692,61,0
11,7450,496.546400309556,57,46
16,8380,675.368276353236,90,74
72,6707,4003.0626366514,95,23
35,6514,1113.39277036477,78,43
50,2118,641.84879517659,85,35
45,2865,721.728507291151,62,17
51,6515,2046.60043746578,84,33
64,2553,1228.79910295403,69,5
72,3315,1978.55265252712,82,10
93,9604,8260.92089253249,93,0
24,4576,504.789564641642,82,58
14,2598,193.916867227654,27,13
89,9895,8077.80401078884,95,6
22,9943,1013.3219189182,80,58
80,3342,2368.13982999531,85,5
22,5603,571.01907992544,84,62
11,2115,140.965857269089,80,69
10,6480,416.225145107141,39,29
81,8252,5955.30772145633,83,2
96,5777,5220.10440636319,96,0
56,7925,2961.87519405726,76,20
37,5631,1041.52818970653,86,49
15,3566,276.550187617738,73,58
93,9409,8093.1908244313,96,3
21,3546,347.389886291416,77,56
17,6283,526.329661286441,44,27
72,9345,5577.54888020088,73,1
58,3841,1534.04367106578,88,30
50,6589,1996.76190340819,80,30
6,3515,196.126537014272,78,72
82,2684,1971.38670394433,82,0
26,1744,208.318016299222,75,49
56,6170,2305.96466212407,91,35
21,6262,613.467419051565,80,59
43,5844,1364.51952488872,58,15
15,5267,408.466023046166,87,72
83,4439,3316.08638323432,84,1
25,3377,387.623791795799,80,55
82,5535,4065.43420504168,91,9
13,9258,665.216911815738,89,76
32,2575,390.706760414882,70,38
24,4396,484.933331766752,71,47
48,1642,462.583183819251,72,24
47,4020,1091.39749852981,91,44
17,7659,641.597783828243,54,37
51,4907,1541.46866410508,64,13
94,4919,4291.51874682768,94,0
66,7504,3825.99962097372,91,25
83,2602,1943.78390835226,98,15
69,5249,2904.15475675651,78,9
74,2064,1291.33161364479,87,13
75,5392,3450.29046012424,84,9
43,5178,1209.01473303796,68,25
20,6397,602.510556888812,82,62
47,6279,1704.69773464396,67,20
15,7470,579.312928071931,84,69
60,1406,598.86624803266,80,20
1,1089,52.743296514928,72,71
89,6819,5566.70495700547,92,3
10,3350,215.178122856315,77,67
87,5322,4227.23873857611,91,4
14,2181,162.791642580259,68,54
52,9451,3076.42637212885,79,27
81,4742,3422.20906630464,84,3
1,3695,178.959119029072,60,59
45,6466,1628.86440772935,77,32
92,1482,1257.91843129388,93,1
48,1208,340.316982980301,72,24
42,9412,2114.95292772519,73,31
38,2459,473.03791700219,76,38
29,8060,1085.13035623413,86,57
67,2228,1168.08416082674,86,19
31,9689,1412.71627460299,62,31
84,2522,1914.91549190369,88,4
20,4353,409.993505414569,64,44
19,2939,266.167829067159,82,63
62,2602,1179.4623202068,87,25
60,8689,3700.95933794864,73,13
98,6464,6060.91539708807,98,0
12,5326,368.515757031426,88,76
91,3961,3318.87961722362,91,0
3,6757,343.94497923457,54,51
24,2414,266.294145333244,50,26
40,5324,1107.3264604039,51,11
88,3325,2678.05283946691,92,4
57,4894,1891.2516928218,70,13
67,1054,552.585594933298,75,8
91,9966,8350.40501521095,92,1
53,4709,1587.72904359015,56,3
18,7535,656.23574335668,83,65
61,9616,4226.43161062655,78,17
81,1399,1009.63105941801,88,7
42,1140,256.167269188984,74,32
61,5667,2490.764136587,91,30
16,7912,637.650811754988,42,26
84,7790,5914.82620219261,91,7
82,4253,3123.81060054964,87,5
14,3509,261.91466016237,77,63
6,5974,333.331417389263,60,54
51,4567,1434.66219461339,64,13
65,4663,2310.67674162097,71,6
65,6020,2983.11687423509,91,26
68,7299,3932.36830684418,77,9
30,8680,1216.13501416757,59,29
12,9207,637.049300598636,72,60
40,9320,1938.44526877617,74,34
27,8390,1042.94976146661,83,56
87,2988,2373.35388028287,92,5
40,4488,933.448751745434,92,52
48,9452,2662.81136020679,74,26
72,3276,1955.27556249739,73,1
97,8012,7380.66918299335,99,2
23,3931,416.785611179248,38,15
91,3503,2935.12630626971,92,1
24,4594,506.775187929131,55,31
95,4126,3657.51071847619,98,3
62,1603,726.624942079747,73,11
52,5820,1894.48751304517,70,18
68,4087,2201.88919990028,70,2
91,1191,997.926186345197,91,0
16,4661,375.643381394085,73,57
3,6088,309.891524874953,56,53
33,7685,1213.35157368321,59,26
36,7038,1251.47361526775,75,39
9,1565,96.922230953841,56,47
27,1839,228.60364855031,67,40
87,6441,5116.0550009712,97,10
81,7347,5302.18684313374,88,7
79,4856,3376.23808339435,83,4
66,2637,1344.50439772224,73,7
17,6552,548.86390907986,89,72
20,2928,275.777850644121,83,63
82,7514,5519.00137609453,85,3
65,2077,1029.22487504755,87,22
77,3907,2609.67899424208,81,4
6,2752,153.553408211458,55,49
59,7284,3005.03745572982,72,13
64,6681,3215.67050796548,66,2
2,6261,310.425968815307,87,85
87,1337,1061.9726030583,91,4
91,4538,3802.34175787952,91,0
7,1236,71.3302678055972,85,78
98,9627,9026.67582422136,98,0
16,6009,484.28257429673,68,52
11,7090,472.552211838222,72,61
53,9541,3216.9298799944,69,16
17,3252,272.42146403048,20,3
60,6126,2609.28494697587,78,18
18,1944,169.306209035884,68,50
27,1046,130.026871334217,55,28
41,5548,1199.52250755663,83,42
81,7424,5357.7562438308,85,4
33,5071,800.638364365331,76,43
65,2006,994.041935168702,69,4
97,4387,4041.31249448225,97,0
15,4853,376.359523418083,74,59
74,8518,5329.24548693135,85,11
45,8912,2245.04169528054,71,26
8,7207,430.684917305522,68,60
17,9794,820.447668731402,62,45
9,6826,422.74194791752,56,47
1,2945,142.634534652399,64,63
79,5280,3671.03317140077,89,10
27,4419,549.320023351724,81,54
47,5211,1414.7443693629,69,22
58,1824,728.481035153341,68,10
25,4568,524.330909364291,50,25
54,3800,1326.55572670253,77,23
28,6091,787.969192756906,71,43
97,5230,4817.88564990704,99,2
28,7125,921.73378729157,85,57
31,8521,1242.4146326651,86,55
11,3138,209.149342841797,73,62
77,4490,2999.09359717096,77,0
17,4759,398.663513936363,84,67
27,8690,1080.24236318771,89,62
27,5032,625.521239535161,79,52
77,1416,945.816599909594,89,12
60,1393,593.329077887266,82,22
95,4543,4027.16218953886,97,2
41,3914,846.238481358444,78,37
60,6319,2691.49062682673,88,28
76,4871,3185.63630026157,84,8
86,1859,1455.42516591732,87,1
68,9004,4850.94454511919,89,21
11,4100,273.267146479085,78,67
92,3146,2670.31807344841,94,2
70,8265,4693.00055053486,79,9
12,6081,420.755598668438,59,47
66,2034,1037.05799960828,78,12
92,1823,1547.35850219213,95,3
96,3020,2728.87576721773,96,0
30,3559,498.643377352808,73,43
25,5962,684.339072160661,69,44
21,2868,280.968469792381,84,63
23,6058,642.301509164052,84,61
3,5698,290.039735337957,72,69
13,6856,492.625528992082,78,65
23,7939,841.73517353143,85,62
4,4392,230.078519637497,80,76
51,3112,977.593332523948,76,25
82,6905,5071.69343917124,82,0
38,4727,909.333157246584,44,6
11,1609,107.240692362158,73,62
88,6599,5315.02877823825,89,1
23,6302,668.171692101659,47,24
8,4185,250.092462733954,81,73
80,7639,5412.99226850216,92,12
51,2663,836.545965459921,57,6
52,7467,2430.60794843785,78,26
29,6433,866.084811619619,84,55
7,9900,571.334669316677,73,66
3,6536,332.695631830272,23,20
15,3321,257.549964407883,73,58
94,8937,7796.97154714352,95,1
29,8674,1167.79413275122,88,59
21,5123,501.883358000825,81,60
21,8146,798.036664898442,80,59
43,2798,653.306918315991,68,25
33,1584,250.090942448173,63,30
23,1563,165.717606276562,68,45
31,4000,583.224801157186,64,33
15,5933,460.115609404387,62,47
86,6073,4754.59765068094,95,9
75,4999,3198.81342918418,89,14
48,7066,1990.62897494935,52,4
26,8380,1000.97762419007,74,48
37,7402,1369.09814601452,55,18
17,2313,193.761022848247,32,15
85,9884,7622.94681313723,88,3
41,7179,1552.15790947171,70,29
70,3074,1745.466871427,70,0
0,2667,172.374005818399,85,85
67,8907,4669.71526951697,78,11
12,9467,655.039179837872,71,59
30,6332,887.162086372009,78,48
34,2693,442.417014490156,61,27
60,5400,2300.05529116385,84,24
12,8916,616.914474219337,74,62
92,3658,3104.90257872672,92,0
68,5963,3212.59243919877,91,23
73,8816,5389.1343784991,84,11
43,2084,486.594573899401,74,31
49,4316,1261.30024699818,78,29
0,5761,372.345949576226,78,78
6,9848,549.489085779957,78,72
17,9418,788.949984083352,51,34
29,4022,541.488125654299,77,48
68,5114,2755.18996043309,73,5
43,3765,879.092404381596,57,14
21,1535,150.378870687345,46,25
43,5133,1198.5076525075,70,27
94,8905,7769.05355570248,98,4
62,1004,455.103831471033,84,22
52,6623,2155.87470771446,78,26
79,4743,3297.6724113549,83,4
17,1633,136.797125080496,65,48
82,3362,2469.37485046976,82,0
23,5765,611.23608457094,76,53
77,9133,6100.38347950164,82,5
51,5856,1839.58436865689,58,7
18,2315,201.617219093658,35,17
15,5419,420.253916629424,73,58
69,1848,1022.45722813603,92,23
55,5096,1841.10970698089,68,13
37,3693,683.069366824051,72,35
81,7327,5287.75323256308,81,0
70,5955,3381.34522425107,75,5
86,7062,5528.89323383975,97,11
88,5687,4580.47714227018,98,10
72,9407,5614.55348486353,78,6
3,9293,473.032513249498,80,77
4,7931,415.471935165071,57,53
5,3082,166.493679595284,82,77
74,6004,3756.37355054424,94,20
49,4510,1317.99446570013,79,30
21,9233,904.526458017103,60,39
3,7098,361.302569573328,83,80
33,2196,346.716988394058,65,32
61,9985,4388.61477039372,86,25
25,3735,428.716275498167,74,49
30,6783,950.350668329333,53,23
15,2667,206.831001227288,66,51
57,6888,2661.81889255345,93,36
43,2268,529.556858735049,82,39
41,6360,1375.08348018388,59,18
75,2775,1775.69659251572,86,11
66,8800,4486.77993930819,66,0
38,6263,1204.81353159199,89,51
41,1984,428.956859227173,72,31
27,8563,1064.45516179245,66,39
63,5474,2557.60813835739,80,17
84,6052,4595.18975297428,91,7
41,5909,1277.57362962367,72,31
50,6057,1835.54209272172,54,4
9,3633,224.995824316488,87,78
68,6048,3258.38656251453,74,6
11,5275,351.581511628578,63,52
89,4180,3412.35177009574,89,0
89,9342,7626.36130053455,91,2
98,7095,6652.56725593129,98,0
64,2174,1046.38043471291,85,21
94,4674,4077.7716248572,96,2
85,8479,6539.3530988052,98,13
29,8402,1131.17434901726,79,50
78,3674,2504.62173645896,83,5
12,8908,616.360939473515,78,66
51,5266,1654.24373042131,86,35
8,4231,252.841388250265,80,72
61,2681,1178.35515267156,83,22
94,7893,6886.14707637952,98,4
67,3143,1647.79556439787,84,17
16,9056,729.849058550705,78,62
69,6340,3507.78075020695,71,2
60,3096,1318.69836693394,70,10
39,3128,625.739706742883,68,29
41,7452,1611.18271923432,87,46
64,5074,2442.19610199324,87,23
94,3246,2831.9312568007,94,0
96,5171,4672.5220504248,99,3
23,3233,342.779923923305,72,49
11,1379,91.9110719499165,82,71
64,1961,943.860180529908,73,9
91,6538,5478.12040833325,91,0
92,5027,4266.9068516291,97,5
37,2592,479.424803359854,90,53
14,4464,333.196649462759,76,62
93,4386,3772.6363009837,97,4
68,5483,2953.9903310627,93,25
13,8161,586.393953049064,88,75
33,5251,829.057789643532,50,17
92,3425,2907.13267691062,97,5
59,5820,2401.05958159631,81,22
95,9813,8698.77670392798,98,3
82,4412,3240.59543137198,88,6
34,5192,852.962918393202,86,52
81,5760,4156.87984435148,94,13
99,1259,1199.04761904762,99,0
81,5889,4249.97663253227,85,4
14,5070,378.428990317246,55,41
59,2499,1030.97042859264,81,22
69,4524,2503.02840913821,71,2
85,5349,4125.36852523989,86,1
40,1945,404.536056627645,84,44
19,8903,806.291998021407,56,37
69,7119,3938.78409475131,70,1
13,3875,278.431144230502,80,67
85,1762,1358.92677911248,88,3
13,4445,319.387467381827,72,59
38,9148,1759.80108366654,46,8
40,6610,1374.79862946464,62,22
97,7617,7016.79445417628,98,1
40,6803,1414.94025359273,92,52
4,1745,91.4132551838417,63,59
9,6476,401.066049621134,19,10
0,6067,392.123394563264,81,81
40,6502,1352.3359589681,71,31
42,5004,1124.43948686112,89,47
35,7173,1226.03106260769,35,0
34,2254,370.296305481178,69,35
47,6921,1878.99554411066,59,12
10,2266,145.55033623654,79,69
70,7121,4043.41886513717,71,1
33,7427,1172.61706411779,91,58
40,9172,1907.66309068831,56,16
4,5707,298.965872397813,59,55
72,3076,1835.90587003723,88,16
0,5374,347.333298563208,68,68
4,2011,105.347883194674,60,56
9,9703,600.917831913814,73,64
5,2994,161.739804253174,10,5
36,2807,499.131349539154,85,49
19,2784,252.130396775424,71,52
94,2454,2140.96096863491,94,0
35,8686,1484.63764252201,48,13
64,4224,2033.07771675591,89,25
0,6497,419.915229022173,44,44
34,5141,844.584430558446,57,23
14,1330,99.2722992350961,85,71
4,4955,259.571736066439,53,49
71,3081,1794.21817992128,83,12
69,8700,4813.51617141963,81,12
51,5265,1653.92959374633,71,20
14,6867,512.558555524364,91,77
41,2481,536.412282128334,83,42
86,6273,4911.17916395876,90,4
10,7862,504.994149819806,72,62
60,6715,2860.16134817874,80,20
41,8372,1810.09416605337,85,44
12,7904,546.892328872773,65,53
17,8531,714.645605671594,81,64
72,9151,5461.76027851453,79,7
23,5336,565.75121375031,80,57
75,1105,707.079183686441,89,14
71,3880,2259.51526715176,82,11
41,9720,2101.54267726216,67,26
98,4072,3818.0766548488,99,1
55,4987,1801.72961316988,64,9
85,4181,3224.55894635034,87,2
78,9167,6249.28346709834,84,6
3,3144,160.03596488286,63,60
2,1871,92.7658501283245,84,82
15,6592,511.222332242325,50,35
21,3371,330.245715366149,79,58
83,8347,6235.49741853049,85,2
46,6030,1577.17103646415,76,30
94,7053,6153.29980105217,95,1
5,2234,120.683608116764,81,76
28,9236,1194.82572062104,85,57
70,2402,1363.89441287172,86,16
41,7544,1631.07386391623,57,16
7,3541,204.353137782864,72,65
51,2724,855.70830263343,67,16
98,2278,2135.94759816934,98,0
96,3428,3097.54507616635,96,0
2,4251,210.768374610106,71,69
8,7299,436.182768338144,52,44
52,2818,917.296531230462,78,26
9,6991,432.960585685816,84,75
58,5864,2342.0026261728,91,33
35,5046,862.47772785702,37,2
81,9208,6645.23430673411,88,7
90,9382,7760.17332049342,97,7
27,4106,510.411408889382,65,38
65,4930,2442.98441694003,72,7
51,8561,2689.32407446578,67,16
54,5518,1926.29855261699,80,26
81,9978,7200.92831370471,98,17
51,3211,1008.69286334653,71,20
24,9364,1032.96535911371,64,40
72,2166,1292.77376934351,75,3
82,6755,4961.51907047093,83,1
31,6341,924.55711603443,75,44
71,4216,2455.18463049273,80,9
73,2298,1404.7448731614,77,4
31,2247,327.626532050049,72,41
87,4261,3384.49159433912,89,2
38,6091,1171.72588550644,73,35
24,5865,646.982254506825,37,13
48,6056,1706.09242460986,86,38
55,5346,1931.43102306119,76,21
1,5034,243.810610336224,47,46
23,3913,414.8771550609,75,52
71,4374,2547.19581920664,90,19
33,1904,300.614365164975,78,45
13,9158,658.031591964628,82,69
23,7199,763.276421999341,71,48
97,5795,5338.36469239222,98,1
92,9841,8353.01975867952,92,0
3,3646,185.588781158686,84,81
64,3089,1486.78434352722,79,15
62,8891,4030.2073362639,64,2
56,1024,382.707911509733,70,14
86,4843,3791.62134402236,86,0
27,9028,1122.25869446014,81,54
99,7902,7525.71428571429,99,0
54,7735,2700.23909106422,78,24
78,6396,4360.25057876743,84,6
9,5926,367.003923726813,72,63
95,2613,2316.30526111931,96,1
49,3496,1021.66488959815,76,27
3,3972,202.182841130636,86,83
96,7569,6839.35784174536,96,0
46,3980,1040.98519488016,65,19
9,6635,410.913100561492,90,81
10,3834,246.266544188392,69,59
66,9971,5083.82758805023,77,11
54,4503,1571.96853614249,86,32
6,1300,72.5361303324476,85,79
69,7134,3947.0832605641,89,20
25,9900,1136.35639288671,86,61
64,1966,946.266759266598,76,12
87,9253,7349.61293649845,91,4
93,6650,5720.0253993483,95,2
61,5310,2333.85522591794,75,14
67,1912,1002.41333729835,79,12
25,4432,508.720356896352,65,40
5,9149,494.24097164739,70,65
22,7224,736.2202094202,85,63
66,6795,3464.50791904536,74,8
73,8765,5357.95857844199,83,10
88,7210,5807.14615715983,91,3
95,1801,1596.50431506922,98,3
12,1644,113.751390266553,82,70
83,8276,6182.45796522803,88,5
79,8814,6128.12241907697,82,3
60,5706,2430.39175766313,79,19
30,8138,1140.19662964236,79,49
78,6815,4645.88925802064,91,13
24,1001,110.422717265359,68,44
23,9958,1055.80033480614,65,42
48,9444,2660.55760535262,70,22
9,1703,105.468727996416,81,72
19,7783,704.860229203708,74,55
31,7955,1159.88832330135,71,40
97,6462,5952.80632307826,97,0
95,8081,7163.43774018567,99,4
95,9883,8760.82850962195,98,3
49,6097,1781.7765537414,76,27
25,2346,269.282030071941,60,35
21,9496,930.291697750505,87,66
23,6342,672.412705697989,56,33
4,6113,320.234515151189,73,69
93,4928,4238.83987488547,93,0
6,1147,63.9991857625519,49,43
18,4673,406.979380053851,77,59
63,5853,2734.68769342452,84,21
94,9594,8370.16280891741,97,3
52,4773,1553.67506868808,72,20
52,7227,2352.48475202362,76,24
33,4732,747.115113424718,69,36
64,5379,2588.99740493135,75,11
5,8787,474.68525717189,82,77
46,2839,742.552002076573,79,33
1,5870,284.300413721421,13,12
64,4286,2062.91929309086,80,16
41,6440,1392.38012773336,83,42
16,2701,217.681350170655,61,45
38,7993,1537.61369280134,77,39
60,8428,3589.78999887572,75,15
51,6441,2023.35432351759,74,23
53,3922,1322.37700338937,87,34
40,8973,1866.27354042152,82,42
47,7554,2050.84992634184,47,0
85,1213,935.515427391285,88,3
99,2744,2613.33333333333,99,0
22,1040,105.989620403794,75,53
43,3891,908.512229866876,81,38
88,8388,6755.94202028526,89,1
30,8911,1248.49989760912,51,21
71,2947,1716.18337430315,81,10
76,1663,1087.60278532847,85,9
35,4861,830.856962963332,88,53
18,2611,227.396353802826,77,59
50,1740,527.297877057255,89,39
0,7578,489.782608208409,79,79
34,5458,896.662482394086,80,46
49,1357,396.567292672967,90,41
84,7776,5904.19621928751,91,7
45,2853,718.705560663753,78,33
96,7329,6622.49354236382,99,3
20,5760,542.513804545812,75,55
12,5803,401.520266251101,77,65
81,5958,4299.77258900107,86,5
58,2813,1123.47431572717,93,35
24,9242,1019.50724572073,72,48
13,5290,380.103420123704,74,61
79,8340,5798.56375937167,85,6
72,2947,1758.91241840043,76,4
17,4169,349.23895557905,75,58
96,7502,6778.81655816802,97,1
23,5960,631.911025853045,90,67
17,7415,621.157796982167,91,74
88,2336,1881.48313774277,91,3
9,7630,472.534582861218,83,74
6,2920,162.927308131344,66,60
91,1133,949.328605482039,97,6
23,5732,607.737248353969,76,53
64,4356,2096.61139540453,88,24
54,5811,2028.582981018,72,18
89,1112,907.78353309724,98,9
31,5189,756.58837330116,92,61
4,1563,81.8790360185356,69,65
62,4576,2074.25810040981,78,16
63,5436,2539.85346001293,83,20
90,5134,4246.50712293895,95,5
87,2297,1824.49593808894,88,1
53,3132,1056.01345604679,93,40
54,3822,1334.23578617291,58,4
68,5815,3132.85678919015,91,23
5,6668,360.214099786293,83,78
75,7772,4973.23024037196,89,14
65,3834,1899.87875345803,87,22
79,1790,1244.53586681958,86,7
69,1576,871.965688064062,77,8
60,4096,1744.63453196428,89,29
79,6811,4735.4937368202,81,2
10,4715,302.855178885829,68,58
42,3312,744.23332943326,86,44
8,5887,351.802706837465,84,76
66,5284,2694.10740901188,72,6
90,6924,5727.07738979924,90,0
75,6179,3953.88441266834,93,18
67,8358,4381.88842737429,81,14
32,5529,838.919486731605,82,50
64,6298,3031.32657673501,68,4
14,4095,305.654184487006,91,77
75,7124,4558.58109011964,90,15
80,5442,3856.19896913061,81,1
33,8107,1279.97933739099,81,48
38,3860,742.548336571148,61,23
75,7705,4930.357565886,84,9
88,8440,6797.82435040624,91,3
56,3368,1258.75024019998,90,34
22,2955,301.153200281934,64,42
41,2121,458.577368155662,87,46
13,9058,650.846272113518,68,55
9,5053,312.938040261827,35,26
45,4286,1079.6957704188,72,27
42,2232,501.548548096327,54,12
66,2398,1222.64753346148,75,9
62,7693,3487.16511504647,74,12
51,6566,2062.62140788954,58,7
56,2823,1055.0629240156,84,28
1,8234,398.795503676691,89,88
70,8652,4912.74540389929,82,12
45,9260,2332.70714747506,57,12
45,2830,712.911579627908,79,34
66,1729,881.550285802712,88,22
48,9915,2793.24742239213,90,42
88,3165,2549.18413140234,96,8
95,5340,4733.66632008309,96,1
58,4721,1885.50381960467,91,33
73,4652,2843.7219973659,80,7
59,5754,2373.83107087718,94,35
12,9852,681.678039480587,55,43
56,3093,1155.97223662071,88,32
98,8597,8060.90496113338,98,0
95,6083,5392.30191480626,98,3
67,5655,2964.77375649696,87,20
6,2131,118.903456721881,84,78
84,6596,5008.24051728658,85,1
63,9863,4608.27348714266,68,5
2,6488,321.680831444452,90,88
38,1693,325.682469900247,76,38
13,2805,201.548221823628,83,70
23,9533,1010.73956534515,82,59
54,9213,3216.19945002905,87,33
73,6894,4214.23461948421,88,15
91,8991,7533.46292311475,91,0
12,4318,298.770379057772,69,57
44,4690,1137.6046130233,62,18
96,1863,1683.40912394922,98,2
26,2344,279.987058604001,88,62
73,3613,2208.591482477,81,8
85,9104,7021.37877244044,94,9
17,4899,410.391375241489,72,55
43,5954,1390.20349951873,87,44
37,1043,192.916693635929,48,11
97,4976,4583.90038124999,97,0
53,6882,2320.39738330588,86,33
66,7996,4076.85140848958,69,3
1,5241,253.836195624185,63,62
56,2021,755.324891758955,87,31
92,5934,5036.76651234674,97,5
80,7292,5167.1082107498,82,2
92,8102,6876.96027688461,93,1
81,6241,4504.00817857597,82,1
41,2863,619.003774177115,75,34
58,2240,894.625832644454,75,17
44,6812,1652.31612450208,90,46
99,4169,3970.47619047619,99,0
22,4351,443.423883054719,66,44
21,2498,244.720794121816,78,57
10,5412,347.625074895038,65,55
45,4000,1007.64887579916,61,16
50,4781,1448.85698287973,63,13
30,5080,711.747220273185,70,40
90,7442,6155.5329195387,93,3
65,9326,4621.35348324193,90,25
79,3340,2322.20658948458,89,10
37,4912,908.539596490587,84,47
98,3992,3743.06532567692,99,1
75,6433,4116.41664131663,90,15
54,2021,705.51819043837,87,33
75,9530,6098.15802763057,88,13
61,8560,3762.29768999202,69,8
19,3001,271.782801983853,74,55
96,1004,907.215652412782,97,1
7,5229,301.76858442999,77,70
43,2960,691.132408225637,61,18
15,3878,300.746390236004,79,64
75,1598,1022.54528102347,85,10
80,9964,7060.48631540195,91,11
66,5500,2804.23746206762,77,11
15,2723,211.173909389541,15,0
77,8323,5559.34432277369,77,0
82,5413,3975.82571849876,90,8
7,8141,469.821772010815,75,68
10,7799,500.947516464598,41,31
76,8832,5776.13217078838,94,18
6,4349,242.661254473704,77,71
8,4347,259.773461291398,67,59
48,4035,1136.7376045741,66,18
83,6446,4815.38473222086,88,5
12,9394,649.98817528224,73,61
23,1481,157.023528404087,69,46
30,9796,1372.49523027483,52,22
95,4097,3631.80354183154,95,0
48,8351,2352.63834840107,83,35
60,9084,3869.20412313562,81,21
94,2736,2386.98826820909,98,4
58,1832,731.676127412786,63,5
44,5203,1262.03769756082,83,39
39,3781,756.368871865358,84,45
44,6384,1548.50060757799,81,37
57,4254,1643.92821848466,82,25
73,6255,3823.62018347458,85,12
48,2938,827.691470195468,86,38
80,2996,2122.96437183302,89,9
28,6800,879.689789976516,80,52
8,9153,546.976418495552,79,71
50,1249,378.502901404892,73,23
45,9151,2305.24871560954,87,42
14,1556,116.141126022413,80,66
6,5983,333.833590599257,89,83
13,7041,505.918370716635,68,55
21,4685,458.973947342156,89,68
54,2020,705.16909682608,85,31
74,8633,5401.19468052106,81,7
8,7430,444.011230134595,75,67
18,2489,216.771169902426,85,67
52,9507,3094.65511795884,76,24
3,2857,145.427083864609,29,26
55,4438,1603.38400305753,72,17
93,9264,7968.46846609964,95,2
12,6268,433.694473352042,74,62
65,7302,3618.3919295124,79,14
14,9479,707.520394322914,52,38
22,1182,120.461280112774,41,19
24,6017,663.74974004562,36,12
56,4684,1750.58970460116,85,29
46,8754,2289.64432059821,82,36
47,8837,2399.17405336019,84,37
55,7872,2844.03760073657,92,37
35,1255,214.508432116639,92,57
11,3691,246.007082354708,81,70
80,2267,1606.39527067606,88,8
40,4335,901.626635208658,87,47
94,4416,3852.6828188638,96,2
38,9338,1796.35139038896,55,17
87,1645,1306.61550638063,97,10
76,9884,6464.14066758065,79,3
75,4702,3008.7659019852,87,12
39,5795,1159.25882371324,84,45
56,5108,1909.05469921066,78,22
41,2279,492.73824706589,66,25
82,2611,1917.76851117684,83,1
65,2417,1197.70655897445,77,12
72,9134,5451.61385465541,79,7
92,8963,7607.77523595616,97,5
18,4791,417.256197268992,61,43
57,7194,2780.07042872089,73,16
2,3505,173.78102870111,88,86
65,8767,4344.34977349153,80,15
74,2335,1460.88145245183,85,11
41,2378,514.142848408375,72,31
45,4576,1152.75031391424,86,41
73,6267,3830.95566584096,94,21
73,8423,5148.89733100022,76,3
19,7106,643.548347516581,37,18
91,1319,1105.17601997424,98,7
83,4476,3343.72666171588,83,0
10,3815,245.046130954281,77,67
93,2631,2263.06568807299,96,3
69,1334,738.072479617677,94,25
38,9990,1921.77665345745,69,31
7,5679,327.738342126203,69,62
82,9757,7166.47543605993,83,1
97,2355,2169.43034522583,97,0
65,5395,2673.40789642829,67,2
54,8242,2877.22955249532,87,33
14,1554,115.991844369428,75,61
13,6967,500.601234026814,83,70
56,9447,3530.70472659418,56,0
21,9646,944.986701400734,75,54
53,6772,2283.30878810628,90,37
77,9706,6483.11858666844,85,8
99,6076,5786.66666666667,99,0
8,6789,405.705550657304,75,67
6,2980,166.275129531303,89,83
92,3907,3316.25324633278,93,1
91,6101,5111.96277320911,96,5
39,6148,1229.87458985142,79,40
13,4012,288.275032426522,63,50
30,5712,800.295299645754,74,44
24,5051,557.187956950379,80,56
63,6380,2980.91704835954,94,31
35,2778,474.824242565755,90,55
84,8059,6119.07373086909,96,12
54,3632,1267.90799983778,75,21
90,2296,1899.10018587219,90,0
96,7988,7217.96676441564,97,1
2,5521,273.736108262148,90,88
19,4211,381.365337938689,65,46
57,9086,3511.22044973005,75,18
43,3208,749.03809648238,78,35
44,4066,986.247410778838,83,39
20,5880,553.81617547385,75,55
71,5662,3297.26171201372,80,9
13,4072,292.586224337188,90,77
92,7516,6379.56472982779,99,7
64,9010,4336.65488351579,84,20
37,6758,1249.98179826616,71,34
74,8852,5538.21097092232,90,16
33,1326,209.356432882751,77,44
87,3589,2850.72525981767,88,1
6,4123,230.051127200524,82,76
87,9752,7745.96621168625,93,6
24,5545,611.682284951465,55,31
22,4254,433.538312690135,25,3
21,6601,646.678127301083,71,50
94,2420,2111.2981027288,95,1
56,8266,3089.31991849556,80,24
97,3558,3277.63616488896,97,0
28,4104,530.918661479944,47,19
43,2653,619.450769940073,89,46
29,2713,365.255416434638,87,58
31,8906,1298.55001977648,71,40
82,2734,2008.1114935111,92,10
28,9620,1244.5023205256,73,45
1,7251,351.186081753666,55,54
89,6306,5147.91633067554,98,9
63,2875,1343.28158527174,84,21
31,7293,1063.36461870984,89,58
93,5941,5110.17607481628,95,2
18,5940,517.324527609646,72,54
10,6052,388.733731201916,74,64
51,1469,461.4667755391,65,14
54,9444,3296.84007446807,85,31
29,9772,1315.61958326549,75,46
80,7205,5105.4600464142,90,10
43,4783,1116.78591504839,67,24
52,3174,1033.17927257824,77,25
87,1185,941.239741678446,89,2
12,3859,267.011323016198,83,71
72,7301,4357.59062325807,89,17
78,6255,4264.12873204976,83,5
31,4879,711.388451211478,89,58
3,3038,154.640350290754,65,62
62,7246,3284.54418609473,74,12
96,6082,5495.70278682723,96,0
88,3135,2525.02124864023,91,3
69,2570,1421.92374259178,88,19
94,5443,4748.67585667474,95,1
37,2448,452.790092062084,50,13
79,4720,3281.68116837342,82,3
47,7220,1960.17162671275,82,35
28,4536,586.80483637257,66,38
56,1982,740.74910216044,88,32
1,3214,155.662952248832,80,79
90,7770,6426.83294609187,92,2
22,1238,126.168413519132,58,36
60,6432,2739.62141347516,89,29
25,6542,750.913487097458,67,42
97,1770,1630.52726583852,98,1
51,9014,2831.62798822971,91,40
3,4024,204.829746402236,34,31
93,9491,8163.72346845334,96,3
39,4220,844.188479045705,88,49
9,3681,227.968518939993,82,73
52,6026,1961.54325663405,92,40
85,2833,2184.92597345384,88,3
64,9279,4466.12881954973,83,19
72,3996,2385.00645535396,75,3
56,9487,3545.65425438753,58,2
65,4186,2074.30684975882,88,23
68,3470,1869.47774006704,68,0
97,1804,1661.84812857214,97,0
58,1827,729.679194750633,68,10
97,1561,1437.99608021126,98,1
56,6951,2597.85419228921,80,24
25,3190,366.159282152383,87,62
10,1615,103.735124899388,89,79
30,1053,147.533429714107,85,55
72,4345,2593.30656869693,80,8
46,6036,1578.74036087855,80,34
95,6346,5625.43941334219,96,1
60,3678,1566.5932149816,62,2
93,5141,4422.0527185037,96,3
67,4102,2150.57505732105,77,10
62,4001,1813.61596585219,86,24
21,2786,272.935201130255,86,65
52,5568,1812.45815681022,77,25
71,5778,3364.81423031001,86,15
71,3438,2002.11687847107,95,24
23,5968,632.759228572311,87,64
67,9529,4995.81416899373,80,13
24,4183,461.436789531466,74,50
39,2722,544.521573450808,71,32
88,2169,1746.97642370037,89,1
91,3561,2983.72388713287,91,0
32,6717,1019.17565425505,72,40
47,7109,1930.0360241414,76,29
93,9096,7823.962561274,97,4
22,4191,427.117787607982,69,47
12,2377,164.469011352553,76,64
11,2443,162.827228987416,73,62
5,3099,167.412041877283,74,69
78,6084,4147.55542858365,88,10
59,6304,2600.73532686996,71,12
50,6492,1967.36656198603,72,22
72,8112,4841.63472618401,79,7
61,3686,1620.07351463909,80,19
14,8697,649.151268005737,90,76
45,4281,1078.43620932405,91,46
29,8684,1169.14044832967,78,49
35,4751,812.055427080599,73,38
2,6490,321.779993229731,30,28
81,7248,5230.74047080895,82,1
88,3637,2929.34682019283,94,6
33,5781,912.737208518236,80,47
57,5010,1936.07907254541,57,0
9,5268,326.253234929607,79,70
15,7984,619.174620846894,58,43
12,7273,503.232275796012,73,61
41,8215,1776.14949523751,79,38
5,8504,459.397226242147,82,77
65,2383,1180.85839058176,87,22
54,3487,1217.28942605571,64,10
82,2051,1506.450868029,82,0
85,9294,7167.91457722556,92,7
16,5782,465.987992109118,82,66
95,5934,5260.22021411481,96,1
43,9285,2167.96094945103,80,37
68,9976,5374.61381409474,79,11
7,4466,257.735417491745,81,74
51,3224,1012.77664012121,93,42
39,6577,1315.69375039896,71,32
31,1580,230.373796457089,78,47
52,2035,662.419602929024,79,27
26,8317,993.452374748069,77,51
48,7047,1985.27630717068,68,20
80,3563,2524.74033939955,86,6
29,3121,420.185092035571,78,49
48,2569,723.737027546684,71,23
55,7384,2667.73039174782,66,11
87,4935,3919.84651914188,92,5
32,1723,261.432135221298,92,60
46,8206,2146.31269075039,84,38
21,1927,188.781813559943,66,45
73,7371,4505.82004354774,92,19
63,6501,3037.45168203533,85,22
64,8319,4004.0657021052,67,3
54,7896,2756.44316264294,74,20
28,3359,434.540883019282,42,14
47,8667,2353.02042780047,77,30
97,1441,1327.45185879848,97,0
77,4359,2911.5922026878,84,7
54,7558,2638.44952168887,84,30
17,1990,166.703171408565,69,52
33,6962,1099.20021548244,86,53
84,6315,4794.88157469144,88,4
60,3252,1385.14440867867,77,17
28,9684,1252.78175384303,64,36
26,6079,726.126846951246,74,48
73,2217,1355.23036718835,88,15
1,3072,148.785497606849,82,81
38,2787,536.135288607199,84,46
14,3162,236.014293369454,66,52
24,5455,601.75416851402,42,18
68,9512,5124.63177622987,81,13
84,3601,2734.18346008929,85,1
83,6138,4585.29808972567,90,7
94,6169,5382.06528749338,97,3
10,6052,388.733731201916,87,77
62,8881,4025.67442957594,67,5
38,4900,942.613173367519,88,50
5,4323,233.534126181186,65,60
95,7040,6240.63874407958,95,0
55,4424,1598.32600935703,60,5
72,9480,5658.12342261149,87,15
81,6599,4762.36980779088,90,9
66,2627,1339.40578415484,83,17
38,5993,1152.87362203909,84,46
50,7143,2164.64869874711,61,11
42,2083,468.067036597065,82,40
96,3393,3065.91903250654,96,0
82,4716,3463.88215193795,88,6
52,2984,971.331742083641,68,16
3,6618,336.869597835486,79,76
38,7219,1388.71928541635,87,49
67,2107,1104.64691510859,83,16
81,1763,1272.32277180411,88,7
52,5416,1762.98013241454,69,17
98,6244,5854.6342418654,99,1
76,1725,1128.15081460711,86,10
81,1325,956.226700306548,81,0
39,9123,1825.00746311231,84,45
60,5245,2234.03518558414,90,30
15,3251,252.121329205067,68,53
76,7525,4921.35355357592,90,14
0,6089,393.54530237279,66,66
16,3628,292.390943509492,75,59
52,1717,558.906367680165,90,38
97,6399,5894.77060683655,98,1
45,8348,2102.96320379285,78,33
14,8425,628.848963199763,58,44
85,6026,4647.49873492158,86,1
25,6478,743.567344759605,78,53
16,8035,647.563735142989,81,65
69,3603,1993.45962823275,92,23
54,3529,1231.9513577719,79,25
30,1992,279.094579288225,70,40
32,1292,196.036168720787,76,44
21,7090,694.58383920083,80,59
20,2830,266.54758105289,73,53
86,5906,4623.85208709396,92,6
69,6639,3673.21078874195,80,11
23,5802,615.159022147545,80,57
51,2802,880.210963281524,75,24
69,8168,4519.17242392593,80,11
83,5465,4082.5438351826,85,2
29,2743,369.294363170001,52,23
53,5223,1761.03393388646,80,27
38,6681,1285.2242063813,86,48
0,6720,434.32820363691,83,83
34,6403,1051.91093344986,71,37
48,9312,2623.37065025875,89,41
0,8891,574.644651567823,79,79
29,3264,439.437404807467,61,32
75,4561,2918.54131836548,75,0
88,3746,3017.13862756182,93,5
32,5334,809.331984486595,71,39
59,7480,3085.89788150179,86,27
76,4871,3185.63630026157,90,14
41,6803,1470.86366598914,82,41
5,3781,204.254575778641,74,69
23,4621,489.943095715926,86,63
98,2782,2608.5189719522,98,0
66,9897,5046.0978476515,66,0
33,9841,1553.75313423767,82,49
67,3491,1830.2431801823,71,4
17,9943,832.929463977571,69,52
22,8045,819.890861681272,77,55
87,2991,2375.73676570484,90,3
70,3924,2228.11060620675,79,9
12,7291,504.477728974113,62,50
65,1782,883.042237522746,85,20
65,6000,2973.20618694527,84,19
7,5552,320.409099398605,69,62
66,9563,4875.80415450048,78,12
63,1619,756.442743149546,78,15
87,2907,2309.01597388966,93,6
33,4738,748.062427600658,83,50
27,6137,762.882322541193,85,58
5,9994,539.888979193794,36,31
43,8002,1868.39240899377,76,33
5,8806,475.7116620753,51,46
12,1937,134.024600332308,25,13
73,4341,2653.61074603727,83,10
6,6108,340.808218515839,49,43
15,2915,226.06388023155,76,61
76,1486,971.8447017427,90,14
92,8041,6825.18360731044,92,0
7,4585,264.602975638077,68,61
57,4896,1892.0245786791,72,15
24,8254,910.518589718556,81,57
41,9065,1959.92637545077,73,32
55,8906,3217.6065640447,75,20
63,5859,2737.49106368943,78,15
89,4449,3631.95048448707,95,6
23,3176,336.736479548535,78,55
86,5556,4349.83443885778,92,6
68,5407,2913.04499727448,80,12
87,3924,3116.81413193774,87,0
18,9294,809.429993199334,84,66
92,3897,3307.76526771406,99,7
37,4713,871.731905183252,82,45
48,2161,608.795529983801,52,4
22,5614,572.140123987404,34,12
50,9787,2965.89903606859,65,15
59,3554,1466.21404690606,67,8
21,3198,313.297477822885,70,49
89,7357,6005.90238578812,94,5
98,9179,8606.61238085882,99,1
72,4341,2590.91917484773,76,4
21,9748,954.979303882889,73,52
67,9428,4942.86241843561,81,14
37,4517,835.479103694621,90,53
39,9760,1952.43591362229,69,30
84,1133,860.269330819541,84,0
78,4737,3229.28502057869,84,6
8,5668,338.71543100981,74,66
76,8770,5735.58414150975,82,6
10,8182,525.548477973245,68,58
83,7781,5812.67586121789,84,1
29,4540,611.22727261823,78,49
10,1005,64.5534368568945,64,54
44,7339,1780.14504370534,84,40
42,2967,666.709024283962,48,6
11,2924,194.886130806059,73,62
44,1001,242.802178600496,78,34
70,5149,2923.68540044815,74,4
62,9724,4407.79846337084,86,24
3,3873,197.143540709707,89,86
85,8185,6312.60822192718,91,6
99,3721,3543.80952380952,99,0
20,4104,386.541085738891,80,60
60,9576,4078.76471633055,81,21
86,2186,1711.43594012655,92,6
47,5386,1462.2554544979,60,13
64,9522,4583.08854615287,81,17
0,1230,79.497572987113,68,68
17,1654,138.556304276265,76,59
64,3391,1632.14169922331,77,13
30,4938,691.851923958462,74,44
21,8207,804.012633049536,67,46
13,3370,242.145278982397,64,51
52,9524,3100.18884437151,90,38
65,5705,2827.02354942046,90,25
22,9922,1011.18174389081,76,54
57,5034,1945.35370283305,75,18
28,5109,660.93163779265,78,50
95,6763,5995.09088440486,99,4
12,7991,552.912019233594,82,70
73,5635,3444.62026121171,89,16
38,5785,1112.86065467982,73,35
6,1602,89.3868313789085,59,53
82,5255,3859.77538346776,87,5
41,3027,654.461901653554,78,37
24,2722,300.270366030277,70,46
33,6910,1090.99015929096,39,6
97,5419,4991.99279863217,97,0
71,6021,3506.32510915482,86,15
16,7619,614.037099944547,32,16
64,9678,4658.17380273761,87,23
81,8638,6233.87640547016,83,2
55,9849,3558.2985682996,84,29
82,3950,2901.258375775,87,5
10,2785,178.886887210399,88,78
61,3317,1457.89035487191,89,28
49,4315,1261.00800875745,73,24
46,7619,1992.78045220902,90,44
8,4314,257.801406029696,69,61
41,3697,799.321324880473,84,43
62,6385,2894.2609202615,66,4
80,1787,1266.26746744513,88,8
63,5828,2723.00698398737,81,18
65,3835,1900.37428782252,87,22
36,7211,1282.23589651829,71,35
70,9508,5398.79603563042,74,4
95,1638,1452.01225323897,98,3
64,1203,579.022844047669,81,17
17,2124,177.928410086328,83,66
2,6921,343.149357957314,44,42
96,7895,7133.93184840529,98,2
19,7765,703.23007577628,83,64
23,3300,349.883621697156,66,43
28,3763,486.804805835534,91,63
52,4277,1392.22046276533,86,34
38,9079,1746.52755122525,77,39
36,5619,999.151782351445,73,37
72,1428,852.299604165528,76,4
56,3407,1273.3260297985,83,27
16,2076,167.310804499919,62,46
40,3133,651.625432089671,83,43
83,2732,2040.89840031452,83,0
1,3313,160.457797386553,60,59
86,3282,2569.50263288899,87,1
32,2789,423.177147494022,74,42
42,5681,1276.56689145844,86,44
31,3161,460.893399114466,64,33
96,8784,7937.23335736442,98,2
57,7636,2950.87820318498,77,20
65,6448,3195.20558223719,87,22
70,3243,1841.42780222439,81,11
0,2478,160.158525091111,60,60
94,7575,6608.71203643417,94,0
22,3524,359.141752214395,45,23
46,8142,2129.57323033021,62,16
55,1490,538.315043838603,84,29
44,9949,2413.22564924709,85,41
21,3466,339.552551011294,86,65
35,4410,753.770665844126,67,32
50,6052,1834.02686893707,87,37
34,5958,978.804519989733,91,57
23,7261,769.849993073651,77,54
19,1283,116.193713743846,80,61
84,4212,3198.1062854474,85,1
41,6919,1495.94380493589,79,38
48,7869,2216.84961843708,65,17
91,9861,8262.42663606213,91,0
73,6088,3721.53472054248,82,9
90,6516,5389.60662506237,97,7
2,6896,341.909835641329,68,66
47,4005,1087.32511980396,64,17
39,8528,1705.98088846014,70,31
35,2660,454.655322255187,73,38
6,6003,334.94953106591,89,83
23,1204,127.654509249508,60,37
11,9517,634.313032449134,75,64
43,3454,806.476803382213,75,32
14,8730,651.614415279991,88,74
59,4875,2011.19681448145,70,11
78,1412,962.58189762658,82,4
60,3763,1602.79778900918,85,25
73,8146,4979.56994637632,84,11
1,4427,214.411913380704,64,63
17,4994,418.349566841395,90,73
64,7236,3482.8007477381,80,16
42,8265,1857.21270162014,79,37
52,3798,1236.29958325525,66,14
86,1820,1424.89177082814,96,10
31,1519,221.479618239442,85,54
43,4549,1062.14909629001,78,35
72,7707,4599.91109895219,81,9
92,8001,6791.23169283557,98,6
37,5392,997.321967483152,81,44
31,5338,778.313497144265,78,47
45,1463,368.547576323544,72,27
33,6705,1058.623591613,75,42
99,1614,1537.14285714286,99,0
88,9116,7342.29464197906,90,2
69,4649,2572.18812424481,85,16
61,6849,3010.27767275179,76,15
68,5718,3080.59761317098,74,6
59,6825,2815.67554027403,74,15
15,4366,338.591732792778,72,57
22,8261,841.904090534368,62,40
41,2151,465.063610986718,90,49
43,4959,1157.8802744564,86,43
62,4570,2071.53835639703,77,15
67,5340,2799.62720772658,88,21
2,8157,404.431341259617,76,74
37,5348,989.1835834755,74,37
3,5571,283.57517823232,25,22
65,7011,3474.19142944555,76,11
35,9749,1666.32884837061,86,51
2,5573,276.314314679397,67,65
74,3997,2500.70371111348,81,7
21,4242,415.574703228479,32,11
21,3283,321.624646558015,73,52
81,4672,3371.69142930731,92,11
8,7788,465.405041761538,88,80
66,5112,2606.41125565267,86,20
5,6657,359.61986536853,82,77
99,4279,4075.23809523809,99,0
5,2099,113.39073117148,48,43
13,3243,233.019922771488,64,51
17,4083,342.034697920187,83,66
4,5587,292.679574047062,57,53
15,3662,283.995173038743,69,54
21,4823,472.493350700367,72,51
94,1971,1719.57378532168,94,0
30,2672,374.367829246053,71,41
63,9657,4512.02444138058,66,3
34,7431,1220.79496274651,81,47
51,9494,2982.41359221798,62,11
40,8679,1805.12515962536,84,44
43,8471,1977.89953718898,83,40
87,4469,3549.70498359576,87,0
38,8230,1583.20539118667,58,20
69,9720,5377.85944668952,74,5
93,4748,4084.01211971514,94,1
45,1566,394.494534875372,89,44
96,1599,1444.85839462952,98,2
95,5278,4678.70614932557,96,1
2,4122,204.372439459622,59,57
20,5068,477.336798860794,79,59
96,7154,6464.36332406478,97,1
93,8499,7310.45050662574,97,4
27,3945,490.397712632395,64,37
4,2699,141.389327072314,68,64
16,9661,778.607746759978,89,73
4,7066,370.158201220072,76,72
18,2100,182.892509760986,76,58
0,9391,606.96073814795,72,72
64,1017,489.498115042793,88,24
30,5383,754.199859592629,60,30
60,5509,2346.48233315215,87,27
54,6236,2176.9477662413,87,33
66,9756,4974.20739635122,86,20
66,1531,780.597737168278,89,23
48,1485,418.353244806082,58,10
96,7191,6497.79657021944,96,0
77,4281,2859.49213574362,81,4
42,9306,2091.13386585324,82,40
47,7132,1936.28033818772,80,33
53,4413,1487.9270055985,82,29
80,6437,4561.25556124472,89,9
42,1038,233.247039840496,70,28
0,4697,303.577317333715,54,54
23,1683,178.440647065549,33,10
31,2114,308.234307411573,57,26
2,7636,378.599696194487,54,52
77,8152,5445.12494524224,87,10
23,8856,938.960410227276,66,43
40,6754,1404.74885679337,76,36
13,2346,168.567603707034,79,66
15,9421,730.616746367559,87,72
14,1189,88.747942699646,46,32
82,3208,2356.26249860411,82,0
91,1577,1321.35146588277,93,2
63,7777,3633.63509170724,64,1
76,5234,3423.03847168324,88,12
59,6045,2493.884049957,69,10
48,3224,908.263206232195,89,41
50,8067,2444.66205414993,58,8
34,6273,1030.55400367499,78,44
63,2543,1188.16176394645,83,20
98,2469,2315.03714656721,99,1
75,7202,4608.49256190927,77,2
52,4544,1479.13251877616,71,19
80,3616,2562.29611767297,84,4
14,6866,512.483914697872,74,60
74,5894,3687.55258276279,82,8
43,2404,561.311591004876,59,16
39,1340,268.059848796503,69,30
14,1552,115.842562716443,79,65
48,7017,1976.82472646753,75,27
68,9904,5335.82349787433,76,8
75,9376,5999.61486537925,89,14
34,5641,926.726468154093,76,42
76,2365,1546.71111683815,77,1
61,9996,4393.44949873367,79,18
53,7548,2544.9519687871,68,15
84,6522,4952.05346478822,87,3
17,8521,713.807901292656,74,57
16,5839,470.581785874289,83,67
5,4997,269.944489596897,60,55
88,7050,5678.27744909526,94,6
97,7754,7142.99910695587,99,2
1,4249,205.79087868864,60,59
67,4216,2210.34237973319,68,1
28,4011,518.88760994056,64,36
72,7792,4650.64321824775,84,12
3,6686,340.330935498347,69,66
84,4861,3690.88192154792,90,6
71,3312,1928.7408672182,80,9
22,8923,909.370560445245,83,61
22,6859,699.02192918233,85,63
71,6414,3735.18838234829,76,5
92,5750,4880.58770576235,92,0
97,3773,3475.69456158686,97,0
44,5130,1244.33084537517,79,35
58,7414,2961.05175144017,63,5
46,4811,1258.33662627347,85,39
71,1305,759.965830833258,76,5
83,1815,1355.86771470383,96,13
77,5029,3359.11841874671,87,10
18,9532,830.157810972246,75,57
42,2662,598.173044369365,50,8
93,8266,7110.0345790997,93,0
89,8469,6913.68591888536,91,2
57,2400,927.463028764267,74,17
81,6464,4664.94293643889,86,5
21,1826,178.887177768789,66,45
61,4167,1831.48299932205,78,17
87,6036,4794.36546900515,95,8
19,5769,522.464173490452,72,53
53,4035,1360.47710573078,73,20
74,5060,3165.76451794701,76,2
48,7216,2032.88687846511,86,38
94,7487,6531.9375599713,97,3
72,5784,3452.17150594777,76,4
76,3383,2212.4835975744,77,1
85,3807,2936.11478324701,86,1
74,1567,980.385968304935,84,10
42,3360,755.019319714901,73,31
41,4695,1015.09700306027,80,39
61,8940,3929.31557809914,75,14
62,5693,2580.58377745477,63,1
33,2079,328.244361963227,61,28
52,5446,1772.74553196632,79,27
40,3918,814.895768569209,81,41
30,7456,1044.64316424348,60,30
89,5363,4378.09630215872,98,9
93,2099,1805.46365612512,93,0
19,8331,754.489344660939,50,31
21,8505,833.206706967991,67,46
39,2324,464.903797464981,58,19
39,5347,1069.63881456336,82,43
38,6139,1180.95964720473,79,41
93,2346,2017.92174238663,94,1
95,1977,1752.52028367121,95,0
74,8907,5572.62145481305,83,9
15,8151,632.125793402183,74,59
62,5052,2290.02445875663,70,8
24,2093,230.883863373024,68,44
27,6967,866.058520636221,77,50
93,1906,1639.45389641471,98,5
20,5738,540.441703209005,88,68
88,1427,1149.34779005091,88,0
24,7649,843.779584777954,57,33
80,5653,4005.7134826342,87,7
28,6534,845.278395250964,76,48
19,2297,208.025690155585,54,35
81,8740,6307.48781938055,84,3
50,3042,921.862150579408,67,17
44,2319,562.495756418132,81,37
35,8966,1532.49609749624,36,1
12,2575,178.168996311664,73,61
69,3932,2175.48799839333,93,24
6,6242,348.285019642414,67,61
6,8365,466.742100177634,89,83
87,6574,5221.69625467857,93,6
9,2972,184.059342105313,79,70
69,5467,3024.76929990243,71,2
64,7780,3744.63651429,95,31
16,2366,190.68273769114,79,63
21,4312,422.432371598586,74,53
18,5061,440.770948523976,57,39
71,5095,2967.06966137582,83,12
88,6415,5166.82976396399,89,1
70,1394,791.535725038789,76,6
90,5514,4560.81812931153,91,1
27,1215,151.035036970433,81,54
9,7851,486.221364356937,68,59
72,3943,2353.37348685201,75,3
43,2741,639.997949644078,85,42
57,3263,1260.96327619075,70,13
38,9058,1742.48778048224,64,26
96,7164,6473.39933653901,98,2
76,4729,3092.76823320406,86,10
24,2580,284.606004540087,78,54
67,2204,1155.50156663471,76,9
70,2148,1219.66910859636,74,4
93,1351,1162.06831797286,99,6
34,8610,1414.48588739705,90,56
33,2493,393.60904010309,84,51
22,8154,830.999389204362,72,50
52,1483,482.736251176287,78,26
81,1324,955.505019778015,93,12
81,1561,1126.54330504039,94,13
72,8330,4971.74769096558,79,7
62,2921,1324.06204355268,89,27
81,6459,4661.33453379622,83,2
40,9617,2000.21761264168,88,48
21,1035,101.395525186581,65,44
36,9660,1717.70888370083,90,54
31,6033,879.648806345326,33,2
88,5171,4164.87555876193,91,3
32,6149,932.992570792664,50,18
25,6322,725.661122811087,77,52
43,5841,1363.81905285336,83,40
69,2706,1497.16951262776,82,13
85,7153,5516.68742962066,91,6
79,2063,1434.34496829541,93,14
31,1505,219.438331435391,88,57
11,2729,181.88927871742,75,64
88,9571,7708.76503053769,95,7
52,8450,2750.58754041782,79,27
17,2065,172.985954250597,69,52
30,5438,761.90578422157,89,59
2,2495,123.704327135312,67,65
4,2439,127.76901397902,82,78
85,4996,3853.1204247707,86,1
14,8671,647.210606516931,82,68
28,9646,1247.8658403108,57,29
92,7475,6344.76401749105,97,5
54,4565,1593.61234010448,63,9
4,2915,152.704664103667,68,64
51,3646,1145.3423169609,61,10
89,8659,7068.79281752608,93,4
29,5194,699.276311449138,61,32
93,8922,7674.29573127601,99,6
10,3150,202.331667760416,58,48
14,9690,723.269608712843,79,65
71,9074,5284.23750879769,72,1
18,5456,475.172158693304,89,71
98,4534,4251.26708081642,98,0
6,1106,61.7115078059131,71,65
44,2180,528.779969379702,80,36
68,5208,2805.8328732764,87,19
96,6923,6255.63143591005,98,2
50,4241,1285.21281413783,80,30
56,2007,750.092557031283,84,28
42,5344,1200.84025135608,91,49
37,4335,801.815788026607,78,41
66,3295,1679.99317045688,79,13
30,3543,496.401653824388,85,55
27,6709,833.98688315608,48,21
14,3986,297.518334399318,90,76
25,2641,303.143154910484,75,50
31,5252,765.774163919386,70,39
24,5931,654.262873227617,78,54
61,4597,2020.476925338,84,23
6,7026,392.029885935213,64,58
48,3054,860.370915580994,67,19
6,5493,306.493049166258,79,73
95,1362,1207.35084793131,95,0
69,6217,3439.72759054205,73,4
42,7740,1739.24093291468,86,44
80,5687,4029.8058686964,82,2
23,8624,914.362531368567,80,57
71,6611,3849.91119359285,85,14
81,8739,6306.76613885202,83,2
64,1955,940.97228604588,77,13
19,9572,866.879367074122,85,66
86,6283,4919.00823962265,92,6
23,8002,848.414769945649,65,42
50,9914,3004.38572019864,54,4
17,6257,524.151629901203,81,64
47,3519,955.380049086173,89,42
71,3451,2009.68741931462,82,11
81,7145,5156.40737637003,86,5
48,3164,891.360044825889,75,27
4,8025,420.396202206493,79,75
13,6828,490.613639433771,66,53
18,1042,90.7495215099749,81,63
88,8462,6815.54379776512,89,1
9,5202,322.165779822288,69,60
72,4195,2503.77929935181,77,5
70,4398,2497.25546536628,71,1
36,1646,292.686213516725,84,48
42,6093,1369.14664137586,85,43
67,5836,3059.66748769519,79,12
20,3534,332.854823830712,45,25
66,1057,538.923454073723,85,19
48,3043,857.272002656504,80,32
44,8538,2070.97402686417,56,12
86,2326,1821.04299942102,87,1
38,5437,1045.91588236718,80,42
4,3732,195.503878708365,79,75
6,9024,503.512338553852,65,59
26,6553,782.74539037202,80,54
75,8021,5132.5630157004,79,4
70,1323,751.220777780716,87,17
28,3468,448.641792888023,87,59
37,1404,259.688435153254,82,45
95,9042,8015.32038692721,95,0
74,6280,3929.05161515953,89,15
57,9002,3478.7592437233,77,20
12,6109,422.692970278817,79,67
26,7299,871.853899637628,66,40
83,4062,3034.45435654377,86,3
70,4949,2810.12216873527,78,8
87,6916,5493.34519278324,91,4
89,3149,2570.69275694533,89,0
9,6718,416.053385014635,81,72
51,1088,341.780702373411,61,10
21,2869,281.066436483382,70,49
11,4120,274.600156949714,77,66
62,6468,2931.88404577156,89,27
90,3677,3041.37255376831,91,1
83,6966,5203.84270006989,88,5
28,5699,737.257663687671,90,62
19,2126,192.539232595025,78,59
93,6144,5284.78737648059,93,0
1,6076,294.277566230213,89,88
92,8297,7042.4758599496,95,3
49,4742,1385.7937375499,69,20
21,2403,235.41395847667,53,32
95,2618,2320.73753295459,98,3
23,1987,210.672350397651,42,19
25,5430,623.274263977254,74,49
87,6806,5405.97272731098,94,7
61,8200,3604.07021704843,72,11
55,6607,2387.01174137024,55,0
51,5418,1701.99250501759,74,23
10,6595,423.611856787283,83,73
25,7042,808.305224111938,82,57
94,1932,1685.54873325291,98,4
86,4511,3531.69603198118,89,3
25,5916,679.059032355329,79,54
27,8576,1066.07117453369,67,40
88,9876,7954.42100528579,88,0
99,8067,7682.85714285714,99,0
86,3183,2491.99478381647,89,3
4,8473,443.865049382631,75,71
38,6779,1304.07646984866,67,29
66,2224,1133.9316573888,78,12
57,3347,1293.4244821975,83,26
4,9792,512.961945421305,67,63
12,9692,670.607344564134,74,62
51,7530,2365.44916256598,75,24
66,3533,1801.34017336089,72,6
32,1710,259.45963507163,86,54
66,1095,558.298185629826,91,25
84,7317,5555.68463689901,85,1
6,7948,443.474741447918,78,72
84,4899,3719.73473229032,94,10
95,9155,8115.48973040463,96,1
45,5351,1347.98228360033,80,35
15,2949,228.700645901489,82,67
24,7304,805.721805101082,89,65
45,8770,2209.27016018967,60,15
49,4959,1449.20943578868,58,9
80,9460,6703.35212200948,80,0
95,3480,3084.86119735752,97,2
87,2686,2133.47674780448,98,11
85,3732,2878.27170241078,87,2
13,1591,114.318438831156,72,59
50,1301,394.261228765223,78,28
47,8001,2172.2068123724,81,34
32,1464,222.133863008694,71,39
22,3518,358.530273635142,83,61
16,8001,644.823577458501,81,65
80,7676,5439.21045333454,88,8
44,3897,945.254835170962,72,28
73,4007,2449.43982017308,84,11
4,9963,521.919920571126,59,55
57,7572,2926.14585575126,75,18
94,8719,7606.78023045142,99,5
17,6383,534.706705075816,87,70
67,5021,2632.38355992418,93,26
75,5364,3432.37352153309,88,13
29,1316,177.175130124579,69,40
29,4545,611.900430407457,82,53
10,1298,83.3734935723872,62,52
48,7205,2029.78796554062,64,16
27,6166,766.487274040899,69,42
89,1144,933.906800236729,92,3
78,9964,6792.6105013819,84,6
17,1853,155.226621417122,51,34
77,2124,1418.72489986439,83,6
59,8422,3474.52298903851,63,4
74,8952,5600.77548708728,84,10
18,9737,848.011603591771,71,53
36,7715,1371.85549045051,81,45
32,6240,946.800071840336,80,48
94,9803,8552.50219051672,95,1
63,1871,874.184294275973,79,16
92,4394,3729.6178050643,94,2
93,3386,2912.48210559298,98,5
82,7048,5176.72633733221,94,12
21,5132,502.765058219839,32,11
4,6333,331.759395460899,86,82
48,6799,1915.40990669128,76,28
1,1260,61.0253017528092,87,86
14,4143,309.236944158649,77,63
67,9808,5142.08682647608,69,2
92,5861,4974.80426843011,99,7
11,7378,491.747562615289,82,71
69,5620,3109.42079119291,70,1
98,6672,6255.94485293497,99,1
60,3637,1549.12983221535,70,10
84,7215,5478.23761859046,90,6
42,8233,1850.02204143238,79,37
81,6244,4506.17322016157,97,16
55,9149,3305.39888327475,81,26
78,2917,1988.56331117332,89,11
85,3717,2866.70308624353,85,0
91,6672,5590.39757791365,97,6
72,3558,2123.58682886621,76,4
49,3557,1039.49142228279,74,25
17,8694,728.300187048275,81,64
45,1695,426.991211119895,84,39
83,6413,4790.73259195352,84,1
21,2613,255.986963586991,60,39
59,2202,908.442130356543,68,9
2,7739,383.706528136346,50,48
48,5246,1477.89974562472,65,17
99,3555,3385.71428571429,99,0
31,3084,449.666321692191,80,49
97,1219,1122.94504918483,97,0
90,6813,5635.26549056935,90,0
46,2030,530.954760202692,69,23
13,8631,620.16495634928,80,67
47,4896,1329.22441611989,69,22
4,3688,193.198902646423,86,82
5,4793,258.924142212913,69,64
14,1991,148.609885546674,63,49
42,3663,823.105883367763,64,22
46,8108,2120.68039198198,67,21
38,8230,1583.20539118667,43,5
51,4905,1540.84039075513,61,10
51,9995,3139.79606638074,71,20
61,4284,1882.90692802871,79,18
55,2041,737.38322447959,88,33
9,3151,195.145015805465,86,77
17,9470,793.306046853827,54,37
27,6014,747.592355835544,84,57
72,7158,4272.24129314905,85,13
10,6859,440.56917751387,70,60
2,8131,403.142238050992,85,83
77,9766,6523.19556124089,80,3
0,7183,464.252899810108,88,88
60,2058,876.576627632443,74,14
86,6266,4905.69881099403,91,5
42,2479,557.051456420607,88,46
82,3875,2846.17119142485,95,13
43,8245,1925.13064385824,82,39
67,1573,824.684194335937,89,22
33,2252,355.558587369498,90,57
62,3077,1394.77538788483,79,17
97,5118,4714.71104325511,98,1
65,2653,1314.6526689943,76,11
48,6994,1970.34518126178,67,19
85,5741,4427.69502774391,86,1
15,2020,156.654901566975,47,32
87,2793,2218.46632785477,94,7
58,1603,640.216611486188,89,31
49,1981,578.923954889571,64,15
74,9586,5997.43451957313,86,12
38,3693,710.422540662499,73,35
39,8612,1722.78464017574,71,32
1,1748,84.6604979872306,73,72
62,3189,1445.54394278996,90,28
81,5628,4061.6180145851,87,6
75,1651,1056.45948621386,81,6
79,7121,4951.0278813532,83,4
45,1653,416.410897924004,74,29
33,6868,1084.35896005938,86,53
85,5341,4119.19859661736,96,11
3,2387,121.503132371306,63,60
19,8082,731.938888914861,46,27
29,4921,662.521896157337,70,41
56,9947,3717.57382401105,85,29
20,4032,379.759663182068,86,66
29,4345,584.974118838372,72,43
1,8403,406.980643356235,73,72
9,8826,546.604223896869,67,58
24,2696,297.402243503904,86,62
84,6678,5070.50184573071,88,4
75,2172,1389.84252214204,86,11
66,6246,3184.59403419534,83,17
5,5556,300.142402281441,85,80
72,2794,1667.59460366841,86,14
46,4181,1093.55756276229,63,17
99,4171,3972.38095238095,99,0
80,9501,6732.40470520212,82,2
26,9960,1189.70610225932,73,47
96,6659,6017.08070659035,98,2
40,1614,335.692131309521,85,45
83,4494,3357.17328367989,91,8
29,6507,876.047546900181,80,51
0,1365,88.2229163637474,78,78
88,8191,6597.27242348075,97,9
76,1171,765.834552988359,80,4
40,5213,1084.239826838,62,22
45,2083,524.733152072414,81,36
26,6251,746.671972411949,90,64
23,3086,327.194198956795,66,43
73,5216,3188.48966858568,87,14
57,1568,605.942512125988,80,23
0,7447,481.315793524415,89,89
30,7043,986.77867566615,90,60
50,5845,1771.29660425268,84,34
76,3844,2513.9778152752,79,3
96,4047,3656.87424832124,97,1
76,1101,720.054519931839,86,10
53,2331,785.941049184251,77,24
78,2675,1823.58822673591,90,12
29,4501,605.976641862258,79,50
49,9485,2771.87971334053,49,0
79,3703,2574.59012001838,82,3
43,1736,405.339817797198,54,11
14,2569,191.75228325937,80,66
29,6789,914.013646212591,78,49
69,9630,5328.06445181277,74,5
94,2568,2240.41881314362,98,4
46,4226,1105.32749587023,59,13
50,6085,1844.02734591575,57,7
9,1541,95.4358836420888,74,65
88,6193,4988.02443152439,91,3
69,6604,3653.8460685121,91,22
77,3664,2447.36724722369,81,4
89,9770,7975.75999852521,95,6
26,5340,637.854476512527,73,47
34,3234,531.294699168647,78,44
97,5107,4704.57782295894,98,1
13,1999,143.634543823683,68,55
4,5583,292.470030768704,76,72
70,2091,1187.30358755818,87,17
74,2935,1836.2685494416,76,2
58,5061,2021.29524063106,72,14
34,1868,306.882652457338,73,39
36,9933,1766.25283041411,68,32
51,4922,1546.18071422972,73,22
1,1288,62.3814195695383,28,27
76,2132,1394.32900680716,77,1
85,3017,2326.83433177206,97,12
78,7485,5102.6384587358,85,7
45,4601,1159.04811938799,90,45
54,7795,2721.18470780163,74,20
15,6598,511.687643831138,46,31
35,1608,274.844269994865,80,45
0,8710,562.946228225817,29,29
70,1180,670.023067106005,80,10
77,8958,5983.49230366535,79,2
0,5538,357.932974961489,17,17
93,9241,7948.68491960565,94,1
33,4763,752.009570000408,59,26
85,5747,4432.32247421081,89,4
8,1041,62.209379619127,48,40
86,2424,1897.76794092715,88,2
94,5235,4567.20891230797,99,5
93,1099,945.309460734403,98,5
10,9071,582.650970874518,57,47
47,2966,805.245020059559,72,25
93,3879,3336.53812392061,97,4
3,4925,250.692470435142,43,40
55,6268,2264.53603676535,74,19
71,7215,4201.65016817008,77,6
24,4950,546.046404059468,54,30
55,8094,2924.24292941588,63,8
70,4908,2786.84170623413,72,2
2,4704,233.228518975755,73,71
60,7377,3142.13108942883,93,33
57,2621,1012.86691599631,75,18
19,6441,583.323234781072,73,54
47,4443,1206.238578599,74,27
6,8367,466.853694224299,84,78
43,3680,859.245696712954,63,20
39,1324,264.859134184008,75,36
87,4188,3326.50804907117,89,2
15,2506,194.345140260811,69,54
84,4840,3674.93694719027,91,7
15,4442,344.485679584407,82,67
69,9720,5377.85944668952,88,19
85,1555,1199.27987600449,88,3
47,4494,1220.08466626691,83,36
28,5328,689.262823675717,37,9
64,3250,1564.27617884865,68,4
19,9155,829.114146005389,75,56
10,6736,432.668607629892,74,64
89,7536,6152.02941134964,93,4
30,5807,813.605533095745,64,34
63,3347,1563.81337944505,92,29
78,2182,1487.50262083654,81,3
57,2218,857.130415749643,84,27
18,6291,547.893704241125,68,50
22,4863,495.603388484279,71,49
2,6255,310.128483459471,68,66
55,4828,1744.2852561428,66,11
26,1484,177.261431300485,76,50
20,5336,502.578760600078,87,67
71,5277,3073.05723318552,71,0
79,5478,3808.6969153283,80,1
5,9290,501.857976456908,85,80
41,9470,2047.49065367002,78,37
63,7319,3419.64449481873,74,11
15,4646,360.306273604042,74,59
56,8644,3230.5929561427,87,31
64,3862,1858.84141621953,75,11
85,1857,1432.19468150504,85,0
90,9636,7970.26541422667,94,4
34,9995,1642.01933153699,49,15
2,4254,210.917117288024,69,67
36,6360,1130.91392343036,53,17
52,4009,1304.9828934361,93,41
19,7109,643.820039754485,90,71
73,2915,1781.91092483268,85,12
46,6381,1668.9765147061,67,21
15,7290,565.353580407547,79,64
42,5834,1310.94723548117,79,37
1,3534,171.161441582879,84,83
0,6932,448.030224346884,61,61
45,6083,1532.38202787158,75,30
9,2626,162.631168360886,51,42
39,6070,1214.2711061155,59,20
59,5654,2332.57575160577,91,32
2,4868,241.359785368618,7,5
99,9059,8627.61904761905,99,0
44,8343,2023.67490116278,54,10
82,8727,6409.94477098442,84,2
94,1713,1494.48497932828,98,4
14,3725,278.037078684762,37,23
87,8640,6862.71001527576,97,10
47,7506,2037.8183144191,82,35
9,1435,88.8711830151833,54,45
38,5746,1105.35822329995,90,52
65,4569,2264.09651135882,83,18
86,8209,6426.88821248804,86,0
67,4765,2498.16922187587,78,11
58,1992,795.577972601675,82,24
34,9007,1479.70666524799,50,16
76,2771,1812.23530856596,76,0
68,3697,1991.77498703972,94,26
57,9525,3680.86889540818,85,28
77,6400,4274.87728772698,96,19
97,8930,8226.33247680112,97,0
90,6094,5040.55598114335,92,2
92,5445,4621.70435789147,95,3
3,1774,90.300191381105,68,65
2,7304,362.138839838205,81,79
22,2367,241.228299515174,74,52
57,1063,410.78883315684,88,31
57,2607,1007.45671499518,90,33
22,6289,640.931464153328,49,27
61,1849,812.673881868603,92,31
69,5088,2815.07704369921,85,16
59,8862,3656.04639383274,78,19
66,9346,4765.164240088,80,14
73,3795,2319.84629836707,85,12
4,9006,471.786691223884,78,74
30,5538,775.916556274192,71,41
80,2370,1679.38102845269,95,15
45,2143,539.847885209402,71,26
24,9616,1060.76408513855,86,62
51,2495,783.771004064027,84,33
89,5434,4436.05730112446,91,2
16,7716,621.854608632646,87,71
82,6995,5137.79806039143,93,11
64,6078,2925.43711232064,84,20
57,3714,1435.2490370127,89,32
49,3723,1088.00297024426,61,12
56,9162,3424.18934106657,91,35
51,5423,1703.56318839247,81,30
82,5065,3720.22118311402,89,7
99,4433,4221.90476190476,99,0
61,8621,3789.10845624079,64,3
10,7025,451.231735243467,80,70
12,5528,382.492509363447,52,40
46,5251,1373.42041666223,85,39
21,5465,535.387966323347,71,50
40,6231,1295.97129503694,85,45
53,2186,737.051537330232,77,24
31,8702,1268.80555491746,81,50
94,5405,4715.5232418385,94,0
22,3866,393.996031231796,53,31
22,1148,116.996234830342,88,66
31,9077,1323.48288002595,82,51
65,5831,2889.46087934631,92,27
71,5192,3023.55754305462,84,13
32,3519,533.940617436882,78,46
28,5778,747.477589188869,58,30
73,6950,4248.46687052731,82,9
61,5401,2373.85161491202,62,1
30,8708,1220.0580303423,59,29
91,4439,3719.39071468206,96,5
2,6584,326.440597137835,67,65
20,7361,693.306270010715,86,66
89,1927,1573.1104930561,92,3
94,8405,7332.83493943619,95,1
39,6655,1331.29723413487,83,44
30,2625,367.782766381321,30,0
68,2730,1470.79949002392,79,11
19,3576,323.857147582225,78,59
31,3193,465.559197523724,75,44
61,8842,3886.24254379783,82,21
18,2205,192.037135249035,66,48
95,3475,3080.42892552224,97,2
56,2661,994.517336452538,74,18
21,6684,654.809362654209,80,59
9,5056,313.123833675796,82,73
90,3495,2890.8341244004,90,0
11,5394,359.512923928825,62,51
61,7990,3511.77085783133,71,10
60,9362,3987.61437701406,70,10
93,9505,8175.76562718881,93,0
22,2293,233.686730371057,68,46
71,2065,1202.55129553309,73,2
43,5256,1227.22700595742,80,37
84,8594,6525.2909347424,86,2
92,6863,5825.29972602556,98,6
16,7273,586.151965861227,72,56
37,5893,1089.98856720664,66,29
80,7354,5211.0413853338,82,2
65,2384,1181.35392494625,86,21
56,2485,928.739414161802,68,12
71,1651,961.458687130812,95,24
34,6320,1038.27535520898,90,56
66,7839,3996.80317548147,83,17
13,2631,189.045765282697,85,72
47,8597,2334.01599374647,79,32
34,4297,705.928671096993,91,57
24,6963,768.105275043652,83,59
48,9027,2543.08063357879,72,24
4,3032,158.833804995649,51,47
48,8401,2366.72431623966,73,25
10,1993,128.014925030638,56,46
29,3241,436.340878977022,77,48
65,9446,4680.81760698084,88,23
69,8228,4552.3690871771,75,6
60,2420,1030.76551937343,83,23
28,4745,613.84236079979,77,49
52,8691,2829.03625015044,70,18
64,1921,924.607550636386,79,15
37,3601,666.052745717142,70,33
52,8540,2779.88373907315,89,37
84,2767,2100.94019274287,84,0
77,4147,2769.98689253184,90,13
2,6445,319.548853060957,51,49
0,5950,384.561430303514,78,78
44,8627,2092.56183295353,79,35
6,6331,353.25095471902,70,64
33,4476,706.696375251276,80,47
8,5228,312.42136085379,83,75
13,4485,322.261595322271,81,68
53,3515,1185.14920115085,79,26
11,5675,378.241721041172,45,34
74,6342,3967.84161518181,89,15
74,8889,5561.35984190336,84,10
73,5313,3247.7848177139,80,7
53,6808,2295.44687380797,80,27
92,9735,8263.04718532112,92,0
19,1846,167.181290390601,40,21
12,1212,83.8605139921306,87,75
91,5239,4389.70217486355,95,4
23,2609,276.62011182057,70,47
89,9328,7614.93237116102,95,6
41,9856,2130.94697809628,87,46
63,1230,574.690904307561,89,26
64,7874,3789.88019453977,85,21
68,2088,1124.91917039192,76,8
50,6089,1845.23952494346,59,9
73,4831,2953.14294266438,89,16
99,5818,5540.95238095238,99,0
68,1848,995.618116323885,85,17
51,9744,3060.94776096187,74,23
30,2527,354.052209769751,37,7
17,8512,713.053967351613,68,51
68,4729,2547.76951953228,73,5
95,1382,1225.07993527244,98,3
17,5481,459.145770095652,78,61
43,3848,898.472130693328,86,43
5,1577,85.1916069830511,80,75
96,6543,5912.26296188927,97,1
80,2366,1676.54663009243,86,6
74,3964,2480.05742077904,87,13
4,5685,297.813384366842,64,60
96,5029,4544.21067329072,98,2
71,2722,1585.15478278018,81,10
16,1524,122.823538563524,57,41
86,5314,4160.37080779162,86,0
5,7061,381.444474893674,31,26
43,6643,1551.07857697396,87,44
17,7405,620.32009260323,89,72
60,2982,1270.14164412048,63,3
15,3911,303.305603974474,86,71
59,4522,1865.56553745336,87,28
18,2548,221.909578509996,81,63
25,8325,955.572421291094,80,55
15,6606,512.308059282889,69,54
58,4808,1920.25044792613,81,23
52,6686,2176.3820467732,76,24
11,2805,186.954718505813,73,62
41,8295,1793.44614278699,85,44
42,5322,1195.896672477,72,30
86,3186,2494.34350651564,87,1
90,5307,4389.6013442612,91,1
66,7168,3654.68620510922,86,20
7,9448,545.249490475148,86,79
42,3508,788.276123083296,83,41
73,3884,2374.25112591771,76,3
94,1848,1612.26400572018,98,4
22,5278,537.897323549255,56,34
63,6975,3258.91793296361,69,6
54,3630,1267.2098126132,86,32
44,2502,606.884166691749,78,34
36,6088,1082.5477933717,42,6
4,1242,65.0631879302759,54,50
89,3786,3090.70904344078,90,1
49,1375,401.827581006139,52,3
10,8737,561.197390864366,87,77
42,7111,1597.89951859901,61,19
84,3265,2479.06387036699,90,6
22,2383,242.858909059847,26,4
32,6095,924.799108632507,71,39
56,8173,3054.56226637602,84,28
22,2836,289.025541793423,65,43
57,5664,2188.81274788367,83,26
74,8792,5500.67226122335,94,20
58,4780,1909.06762501808,66,8
41,5981,1293.14061241821,50,9
72,5348,3191.94557638462,83,11
97,8611,7932.46908821215,99,2
43,2155,503.172412069678,63,20
96,1708,1543.35093059864,97,1
71,3644,2122.08083337655,85,14
49,3658,1069.00748459669,57,8
92,5502,4670.08583601816,99,7
57,9935,3839.31049615541,60,3
51,2732,858.221396033235,71,20
93,7643,6574.15851537128,97,4
36,4344,772.435547701491,82,46
51,2717,853.509345908601,57,6
88,6665,5368.18712031488,98,10
92,1660,1409.00445070704,93,1
94,3884,3388.54621115648,96,2
35,5123,875.638802974934,78,43
82,6016,4418.72668067403,83,1
99,3959,3770.47619047619,99,0
56,4081,1525.22557311642,85,29
57,1277,493.48761988832,84,27
31,3329,485.388840763068,75,44
45,5446,1371.91394440056,81,36
54,2303,803.962589104189,86,32
47,8420,2285.96192478135,72,25
50,4122,1249.15048806322,76,26
15,7218,559.769841341794,85,70
63,1575,735.88469454017,71,8
52,9856,3208.25926607787,61,9
42,3312,744.23332943326,83,41
7,2253,130.021920199038,84,77
86,2646,2071.57342066553,86,0
7,6913,398.953188786484,90,83
68,6645,3580.02293450878,74,6
61,6227,2736.89576116592,78,17
26,5241,626.029084532238,73,47
52,1657,539.375568576606,86,34
5,7784,420.501882533969,73,68
27,4305,535.148834697708,65,38
94,8291,7233.37709492748,97,3
82,1139,836.590706331071,87,5
76,1434,937.836677186428,90,14
44,3773,915.177442417254,85,41
14,6320,471.730023432938,71,57
0,3609,233.257512935358,83,83
48,7591,2138.53163725453,72,24
11,6451,429.962527301604,87,76
0,9548,617.10798933411,71,71
82,4590,3371.33568222969,93,11
65,8911,4415.70672197822,81,16
13,1347,96.7862583944479,80,67
71,1974,1149.55750962824,83,12
41,3102,670.677508731194,69,28
27,9303,1156.44357937115,51,24
44,3887,942.829238981147,68,24
80,1429,1012.58881420207,95,15
16,1016,81.8823590423494,84,68
25,8459,970.953406810975,69,44
83,3815,2849.93682181548,87,4
40,6914,1438.02688715863,85,45
84,2337,1774.44786065778,95,11
79,4633,3221.19255361738,91,12
21,2826,276.853868770317,72,51
54,9557,3336.28765265686,84,30
71,2953,1719.6774700771,82,11
51,4755,1493.7198895088,85,34
9,2002,123.986138255329,82,73
70,8645,4908.77069078934,74,4
59,6084,2509.97362447285,85,26
33,1899,299.824936685025,77,44
19,5538,501.543871171802,65,46
32,7516,1140.40854806922,91,59
25,8248,946.734093790864,85,60
76,1003,655.962473652711,76,0
57,8120,3137.91658065244,75,18
29,7821,1052.95341390907,71,42
65,6449,3195.70111660168,74,9
47,8694,2360.35070950702,80,33
97,1503,1384.56637319508,98,1
11,1726,115.038803615341,83,72
39,7007,1401.71295560978,70,31
9,8630,534.465720850893,83,74
93,2952,2539.17518479341,99,6
80,4735,3355.21905895506,82,2
37,9064,1676.50710557628,59,22
29,6004,808.327873303932,80,51
91,4942,4140.84904527117,91,0
74,2690,1682.98548483744,81,7
30,2143,300.250845087684,71,41
57,8183,3162.2624851575,76,19
87,7593,6031.08300300797,87,0
12,6811,471.265644224754,81,69
33,6630,1046.78216441375,70,37
80,8547,6056.40069628066,85,5
37,4094,757.239639257423,50,13
72,6112,3647.93780158243,89,17
95,7925,7025.15085892481,96,1
53,7570,2552.36968782702,77,24
51,7469,2346.28682539247,71,20
71,2044,1190.32196032428,77,6
41,6418,1387.62354965726,82,41
50,7137,2162.83043020553,79,29
95,3706,3285.19988431235,95,0
56,9047,3381.20944866069,65,9
98,6711,6292.51287590626,99,1
37,1030,190.512171088213,84,47
14,7796,581.899883335947,84,70
21,1687,165.269807719577,78,57
84,3005,2281.6499021295,94,10
7,8390,484.191704602719,45,38
21,6978,683.611569808658,87,66
18,2442,212.677861350632,85,67
92,2516,2135.57542046923,96,4
79,1388,965.036750360657,87,8
11,1091,72.7157211728491,60,49
99,4592,4373.33333333333,99,0
69,7878,4358.72188487861,86,17
25,8544,980.710002103437,32,7
71,9224,5371.58990314634,79,8
4,7408,388.074151519713,11,7
37,4468,826.415903322464,73,36
74,9811,6138.2046809443,76,2
27,2411,299.708209165197,84,57
43,6502,1518.15639131186,77,34
24,6648,733.356867512595,74,50
31,7546,1100.25358738303,79,48
83,6371,4759.35714070417,88,5
87,2408,1912.66269870186,95,8
98,7602,7127.9515545581,98,0
52,4720,1536.42286281327,72,20
44,3081,747.326186082046,69,25
61,3870,1700.94533414359,78,17
25,3166,363.404478775688,81,56
61,4258,1871.47938831612,70,9
86,8146,6377.56503580552,93,7
36,9066,1612.08579085214,91,55
94,6281,5479.77825753703,98,4
35,7194,1229.62044673076,88,53
26,2558,305.549017026038,43,17
4,3052,159.881521387441,74,70
47,2213,600.811608021512,80,33
68,1369,737.554762579761,68,0
53,1397,471.02515903492,84,31
30,4465,625.580972149561,73,43
0,8786,567.858273385996,74,74
60,8305,3537.39985057699,79,19
76,4497,2941.0401236453,93,17
18,3155,274.774222998052,76,58
84,4233,3214.05125980505,90,6
83,5402,4035.48065830858,86,3
78,5759,3925.99798047555,78,0
81,6721,4850.41483227193,82,1
86,2816,2204.66770695168,97,11
39,5394,1079.04091373757,84,45
69,2629,1454.56712812209,87,18
98,2316,2171.57797952599,98,0
44,9872,2394.54855858551,83,39
90,3935,3254.77318441075,96,6
90,5234,4329.22054566858,92,2
16,5193,418.518789869016,84,68
34,5058,830.948852317568,87,53
72,4505,2688.80232266506,89,17
43,5510,1286.53363828489,66,23
65,6917,3427.61119918341,79,14
78,9092,6198.15482522724,83,5
49,5485,1602.92675041358,64,15
78,3001,2045.82739006896,83,5
25,2600,298.437032475297,62,37
60,6128,2610.13681930593,78,18
86,7288,5705.83034384368,88,2
22,4080,415.805433891807,80,58
6,2231,124.483159055147,67,61
1,6844,331.473940631926,75,74
13,2969,213.332146379447,63,50
64,6606,3179.57182691513,85,21
94,5302,4625.66220688765,94,0
56,5270,1969.60028677372,93,37
10,3626,232.906230888656,63,53
36,7138,1269.25528073049,92,56
24,8358,921.991079824048,67,43
51,3484,1094.45217561486,66,15
19,1956,177.143339113767,87,68
21,2362,231.397324145608,76,55
60,8071,3437.73078795989,83,23
6,5263,293.659733799748,68,62
99,4150,3952.38095238095,99,0
21,2175,213.077552928322,70,49
51,5993,1882.62109312854,62,11
43,2893,675.488532769178,87,44
0,5934,383.52731553295,75,75
32,9206,1396.83356752598,84,52
27,2892,359.500680591352,62,35
68,2046,1102.29148593002,68,0
41,9667,2090.08364826062,76,35
24,1029,113.511464601453,79,55
79,8805,6121.86497617117,82,3
15,3747,290.587087213591,49,34
62,7326,3320.80743959839,81,19
69,2736,1513.76784425335,85,16
10,4134,265.536226832241,15,5
10,8516,547.002057983397,88,78
53,9551,3220.30157046709,80,27
9,4804,297.517186902398,73,64
74,5085,3181.40564698825,87,13
23,5912,626.82180953745,76,53
57,6246,2413.722532359,65,8
79,5943,4131.9981321278,83,4
93,2956,2542.61580157497,97,4
5,3864,208.738344567222,62,57
8,4082,243.937259947432,90,82
95,7847,6956.00741829439,95,0
89,8251,6735.7211614976,92,3
62,3508,1590.14366613584,83,21
57,9716,3754.67949478067,59,2
35,7374,1260.38659635705,80,45
90,6845,5661.73378584283,94,4
35,3934,672.411292387935,81,46
19,2082,188.554413105759,66,47
27,6757,839.953699431455,86,59
65,7201,3568.34295869882,78,13
29,5412,728.62599105944,77,48
36,9266,1647.64912177763,80,44
44,2008,487.059714914881,89,45
20,1022,96.2585257371215,86,66
70,5793,3289.35900656363,85,15
11,8971,597.921846600943,38,27
49,4272,1248.44176440598,87,38
13,6229,447.573573525624,75,62
91,9115,7637.36119944288,93,2
99,8570,8161.90476190476,99,0
19,3747,339.343605142785,61,42
74,3610,2258.57903355508,85,11
2,2011,99.707175097841,81,79
38,5757,1107.47429368914,89,51
92,8569,7273.3488783787,95,3
11,8912,593.989465712586,59,48
20,9348,880.45469529414,67,47
56,6871,2567.95513670251,76,20
80,2724,1930.2252833355,83,3
96,1792,1619.25343538218,97,1
52,1042,339.184877765132,69,17
57,7524,2907.59659517598,84,27
17,8883,744.132799810194,84,67
27,6394,794.829651348931,74,47
82,2154,1582.10393453655,96,14
16,6234,502.415970738195,83,67
47,4406,1196.19337774188,78,31
11,4883,325.454506404237,36,25
21,2931,287.140371325477,80,59
15,3853,298.807591949284,83,68
80,6845,4850.364193991,96,16
90,5784,4784.14437068151,91,1
76,7312,4782.05145298965,81,5
6,6172,344.379228009128,69,63
4,9717,509.033008952086,61,57
79,8479,5895.20648869453,85,6
0,7725,499.283537662966,68,68
72,2741,1635.96163516646,81,9
63,9242,4318.12466472397,73,10
6,9141,510.040590283772,70,64
0,6505,420.432286407455,88,88
25,1818,208.67635578465,89,64
3,8742,444.985497775434,75,72
1,1208,58.5067972360266,71,70
42,4454,1000.85001488398,46,4
41,8639,1867.82172724977,90,49
62,6688,3031.60799290664,73,11
13,3207,230.433207625089,78,65
34,6963,1143.91001555698,70,36
28,1343,173.738733520362,83,55
20,7284,686.053915331891,84,64
25,4130,474.055747739606,74,49
56,3821,1428.05364245966,80,24
99,8457,8054.28571428571,99,0
83,6769,5056.67689301939,88,5
85,5151,3972.66279183224,85,0
73,3937,2406.64950636921,83,10
34,5820,956.133317613335,61,27
83,7649,5714.06730014852,83,0
61,9029,3968.43292557686,84,23
85,5949,4588.11317192972,87,2
27,2706,336.379267524274,72,45
61,5753,2528.56292179019,89,28
23,1051,111.432632243549,85,62
46,4955,1296.00041221889,86,40
73,1294,791.009515174437,90,17
97,4605,4242.13449671547,98,1
71,4362,2540.20762765875,85,14
32,1804,273.722328461533,70,38
69,2243,1241.0019278729,94,25
0,2792,180.453027463431,52,52
73,8693,5313.94568424373,85,12
8,6011,359.212853881434,22,14
33,5316,839.320359882883,57,24
8,4427,264.554201319765,64,56
56,4683,1750.21596640633,89,33
66,3044,1552.01796991524,82,16
99,4896,4662.85714285714,99,0
92,5283,4484.19910426826,94,2
24,6373,703.020956175958,71,47
33,7100,1120.98844152906,70,37
82,4692,3446.2542529459,85,3
5,6348,342.927280360436,70,65
71,7900,4600.55943569559,88,17
29,4377,589.282328689425,75,46
77,8217,5488.54166769572,93,16
78,4225,2880.24682540531,80,2
40,5686,1182.61800410529,83,43
59,8219,3390.77469091754,88,29
38,6400,1231.16822643921,78,40
47,4456,1209.76797349474,74,27
72,4436,2647.6197787663,89,17
34,2935,482.17376068645,87,53
36,4195,745.940866162006,84,48
49,8977,2623.42268704881,71,22
65,5071,2512.85476233325,78,13
34,7896,1297.18705771046,79,45
68,1505,810.825359884982,87,19
17,1478,123.812707206965,72,55
5,2641,142.670281574025,58,53
12,9443,653.378575600404,58,46
56,6202,2317.92428435875,82,26
74,3940,2465.04193689945,79,5
91,4436,3716.87704670638,98,7
82,3121,2292.36136475792,89,7
28,3855,498.706491229334,81,53
62,5919,2683.02746860263,80,18
56,4542,1697.51888093477,75,19
18,6783,590.742806527984,87,69
8,1183,70.6951931694786,74,66
18,9784,852.104912143564,85,67
48,1837,517.518458389746,76,28
56,6113,2284.66158501855,79,23
85,1716,1323.44968953293,89,4
83,8950,6685.95925432465,97,14
25,8076,926.991336257883,55,30
74,4167,2607.06338859391,90,16
31,8444,1231.18755524282,72,41
29,1131,152.268291923176,76,47
87,1402,1113.601787201,92,5
11,6157,410.367273383347,73,62
60,9100,3876.01910177611,77,17
62,2431,1101.94961584271,67,5
78,7257,4947.20738744766,82,4
58,1220,487.251569565283,80,22
20,9651,908.993181887436,76,56
51,2574,808.587801387096,76,25
52,7569,2463.8103069139,71,19
94,2888,2519.59872755404,95,1
33,6202,979.20708653003,84,51
12,8924,617.46800896516,74,62
46,6357,1662.69921704853,52,6
62,8346,3783.16392177016,64,2
7,2252,129.964209626379,77,70
32,3724,565.045427489329,85,53
52,9139,2974.86621679035,76,24
73,5136,3139.58645280982,78,5
34,4687,769.999460421598,74,40
94,9603,8378.01474401021,96,2
31,7733,1127.51934683713,61,30
98,2818,2642.27407007955,98,0
15,5025,389.698455630717,78,63
1,8716,422.140103236099,43,42
63,3647,1703.98189269079,88,25
61,3634,1597.2184352139,75,14
17,8557,716.823637056832,57,40
66,5522,2815.45441191589,69,3
38,7902,1520.10801958166,66,28
91,1638,1372.46271472161,94,3
26,9158,1093.9084823786,60,34
32,6272,951.655456824132,75,43
56,3675,1373.48786601393,86,30
95,5767,5112.18233481633,97,2
5,4092,221.055203408145,61,56
53,5898,1988.6230407931,91,38
0,4384,283.347447134556,71,71
65,4171,2066.87383429145,82,17
93,2396,2060.92945215617,95,2
79,8278,5755.45693046507,90,11
22,9638,982.238424472853,76,54
18,9997,870.655438133607,48,30
50,4152,1258.24183077111,83,33
52,2912,947.89478315937,80,28
69,7148,3954.82914865604,95,26
68,2300,1239.13510148535,69,1
7,7201,415.57383371206,64,57
30,6805,953.43303818091,73,43
27,3756,466.903373548105,76,49
88,7036,5667.00143713961,94,6
84,5653,4292.23524017905,87,3
1,5601,271.271996124988,69,68
34,7935,1303.59413664292,37,3
17,9742,816.091605960927,76,59
52,6501,2116.16208287056,88,36
35,5403,923.497257949164,84,49
58,8103,3236.22907228483,70,12
19,4231,383.176619524719,74,55
58,2418,965.716635417094,68,10
5,5559,300.304466213558,82,77
37,6367,1177.6611585618,52,15
9,6554,405.896678384328,85,76
80,5509,3903.67514166493,82,2
23,2319,245.872763247183,42,19
78,1411,961.900182401632,80,2
6,5400,301.303925996321,55,49
53,9908,3340.67092034215,64,11
30,7896,1106.29056127501,43,13
14,2937,219.220107408629,78,64
98,1531,1435.52931202689,98,0
52,9252,3011.64922176871,56,4
16,6213,500.723520403658,67,51
27,1894,235.440625532511,57,30
4,1637,85.7555866681655,63,59
48,7077,1993.72788787383,79,31
16,6545,527.480354263953,62,46
73,8129,4969.17801302396,89,16
95,8259,7321.22661752177,96,1
97,6524,6009.92083747486,98,1
39,1272,254.456811693397,80,41
26,1954,233.402181105895,82,56
66,3639,1855.38547717529,82,16
23,4888,518.251861471424,29,6
7,8651,499.254164066522,69,62
61,8302,3648.90133438244,61,0
99,9515,9061.90476190476,99,0
92,8090,6866.77470254215,92,0
63,6090,2845.42081888866,87,24
47,7315,1985.96335864318,70,23
46,7518,1966.36349123342,81,35
40,6682,1389.77374312901,80,40
63,4211,1967.4986975928,79,16
32,1488,225.775401746542,72,40
61,3123,1372.62332778564,81,20
85,4429,3415.8267336488,86,1
59,7313,3017.00149831853,79,20
39,3578,715.75980521932,77,38
62,5896,2672.60178322033,67,5
74,5949,3721.96306665351,81,7
37,5766,1066.49823154819,79,42
23,1802,191.057662514629,66,43
30,2400,336.258529262922,62,32
55,4738,1711.76958235389,84,29
97,9958,9173.32797357062,97,0
47,6176,1676.73406739307,57,10
10,7335,471.143740642111,79,69
53,5416,1826.1075600094,79,26
6,4347,242.549660427038,80,74
51,8300,2607.33440229716,89,38
42,2841,638.395799794653,75,33
28,3008,389.133365919024,75,47
15,7879,611.03166804267,84,69
7,4288,247.462935558577,78,71
96,2166,1957.20030191841,98,2
35,9464,1617.61577812898,81,46
81,1730,1248.50731436251,83,2
32,9116,1383.17779725905,76,44
65,9775,4843.84841289834,66,1
76,9581,6265.97852449314,78,2
15,2117,164.177438919448,77,62
60,8807,3751.21980542222,82,22
65,2536,1256.67514834887,75,10
81,2469,1781.82922494858,81,0
13,4960,356.391864615042,76,63
67,5839,3061.24031196919,88,21
37,4641,858.414549534368,74,37
67,2427,1272.41483766899,72,5
52,6726,2189.4025795089,90,38
86,3376,2643.09594412957,95,9
49,1834,535.964933502006,63,14
56,4078,1524.10435853192,70,14
25,2062,236.683523447716,57,32
44,4224,1024.57183057792,67,23
32,9522,1444.78049424097,82,50
39,1049,209.84685178174,77,38
80,5610,3975.24370026143,91,11
90,8241,6816.4131671484,94,4
72,7181,4285.96880778197,86,14
39,2152,430.496115380653,63,24
44,6185,1500.23124340067,80,36
71,6461,3762.5587992442,90,19
45,8712,2194.65925149058,71,26
44,2182,529.265088617665,84,40
4,5081,266.172349334728,61,57
8,9944,594.245985526032,83,75
61,2703,1188.02460935145,63,2
42,3988,896.13602589971,49,7
88,2091,1684.15292851889,91,3
41,3608,780.078804481673,73,32
80,3443,2439.70838859182,85,5
18,2826,246.121063135498,81,63
37,7880,1457.51059046128,60,23
76,5663,3703.60467427248,88,12
45,7508,1891.35693987503,86,41
10,6991,449.047837877164,81,71
28,1720,222.509770405825,63,35
22,4470,455.55154154323,61,39
4,6067,317.824767450067,81,77
51,3205,1006.80804329668,52,1
86,5866,4592.5357844384,87,1
60,7340,3126.37145132271,89,29
18,2141,186.463268284891,50,32
45,7316,1842.98979383667,74,29
96,8585,7757.41670912722,96,0
82,2744,2015.45645142446,83,1
86,2546,1993.28266402662,88,2
40,5924,1232.11907427361,72,32
38,9058,1742.48778048224,78,40
86,2376,1860.18837774048,92,6
98,1935,1814.3365243449,98,0
25,6445,739.779490116649,79,54
38,4462,858.355097870585,87,49
71,9443,5499.12439889537,84,13
74,3779,2364.31306587387,84,10
23,7710,817.455370692446,77,54
65,5451,2701.15782083978,85,20
96,3073,2776.76663333115,97,1
19,1775,160.751240760193,65,46
42,9309,2091.80799024584,64,22
18,6629,577.330689145512,67,49
31,4060,591.973173174544,82,51
63,7276,3399.55367458684,65,2
60,2411,1026.93209388815,64,4
96,4015,3627.9590084037,96,0
69,2170,1200.61265425064,79,10
79,7579,5269.46219811486,80,1
27,6289,781.777240746548,79,52
57,6917,2673.02573748435,89,32
13,1476,106.055321002379,69,56
62,7735,3506.2033231359,64,2
22,1450,147.773989986059,81,59
92,5942,5043.55689524172,93,1
31,6003,875.274620336647,48,17
88,8664,6978.24054169664,99,11
72,7243,4322.97341244462,72,0
67,8321,4362.49026132825,68,1
38,5963,1147.10252097766,62,24
57,7562,2922.28142646474,68,11
61,5788,2543.94614832638,67,6
74,7594,4751.14935756712,92,18
10,3997,256.73640509155,35,25
76,9540,6239.16450513147,93,17
83,6515,4866.93011641621,94,11
82,1068,784.441505146254,83,1
42,8808,1979.22921668121,82,40
66,7218,3680.1792729462,67,1
96,5034,4548.72867952783,98,2
82,3706,2722.04140268916,88,6
94,1721,1501.46447718854,94,0
67,4699,2463.56708784779,90,23
61,8567,3765.37433529925,65,4
46,1650,431.564213957853,59,13
30,8862,1241.63461930334,76,46
92,4111,3489.40801015461,93,1
3,5130,261.127385448178,85,82
34,5711,938.226353417484,77,43
83,6872,5133.62145203564,97,14
50,2720,824.281738848123,86,36
44,6237,1512.84434358771,85,41
70,3612,2050.95196473465,82,12
74,5417,3389.11984065592,78,4
10,2662,170.986317326421,58,48
28,6125,792.367641706788,81,53
42,4182,939.729403288011,75,33
41,8218,1776.79811952062,73,32
32,6426,975.021997058653,88,56
80,5565,3943.35671870854,90,10
12,2425,167.790219827489,74,62
99,5300,5047.61904761905,99,0
57,5737,2217.02308167525,80,23
58,6405,2558.07074021774,92,34
19,9298,842.064809345506,78,59
6,1238,69.0767148858232,26,20
31,6074,885.626860557187,80,49
66,1794,914.691273990784,95,29
79,5295,3681.46224291043,93,14
1,2931,141.956475744035,82,81
27,5016,623.532300776703,80,53
67,1960,1027.57852568241,91,24
16,4681,377.255238855549,76,60
5,6523,352.381009733952,75,70
32,6582,998.691998854662,72,40
51,1228,385.75983686999,58,7
6,7945,443.30735037792,66,60
8,3117,186.269583355253,57,49
29,2110,284.072587053847,65,36
23,7746,821.272282929142,72,49
37,1964,363.267867977914,79,42
47,5895,1600.444839262,87,40
23,1715,181.833457942613,80,57
61,7282,3200.59016104227,76,15
0,6531,422.112722909622,82,82
74,6498,4065.44226039915,79,5
44,1244,301.744166013004,56,12
54,5213,1819.82500086849,80,26
93,4316,3712.42550730635,94,1
32,4532,687.643898330193,83,51
83,2400,1792.88292853399,90,7
81,5459,3939.65400526298,89,8
30,1094,153.277846255682,85,55
9,9104,563.821080257999,71,62
22,7787,793.597282773408,67,45
38,4768,917.22032869721,86,48
46,8499,2222.94803298654,55,9
67,3321,1741.11647132209,82,15
96,4083,3689.40389322847,96,0
78,1894,1291.16863605152,81,3
47,9084,2466.23255637931,68,21
21,1438,140.876101660196,75,54
19,3724,337.26063131885,84,65
95,6938,6150.22039863979,96,1
87,6898,5479.04788025141,97,10
49,3117,910.906596360825,93,44
94,8963,7819.65491518937,94,0
24,6990,771.083709974886,75,51
56,4108,1535.31650437694,72,16
10,9764,627.163937781809,67,57
70,2164,1228.75416713339,78,8
95,8883,7874.37414256519,99,4
29,1944,261.723748451506,82,53
34,4593,754.556757353616,83,49
31,3657,533.213274457958,79,48
97,5346,4924.7450639394,97,0
54,3496,1220.43126856632,68,14
85,7394,5702.55652937441,86,1
48,9064,2553.50424977935,82,34
69,3277,1813.09109123473,88,19
47,6634,1801.07736448925,62,15
73,5919,3618.22667721599,94,21
91,5798,4858.08230766537,97,6
63,9174,4286.35313505493,86,23
69,3005,1662.59955116276,84,15
55,9885,3571.30483781516,70,15
62,9570,4337.99170037628,77,15
48,7374,2077.39853683505,79,31
61,9900,4351.25550594871,73,12
83,2512,1876.55079853224,85,2
85,5602,4320.49251792743,85,0
39,3650,730.16302097555,83,44
61,4516,1984.87574392569,76,15
8,6754,403.613976894893,75,67
45,8521,2146.54401767117,84,39
22,4949,504.367914786901,76,54
31,7973,1162.51283490656,61,30
2,1206,59.794556523121,71,69
45,7716,1943.75468141659,77,32
26,6001,716.809871451624,75,49
7,8285,478.132094473603,85,78
16,4388,353.641527045107,71,55
67,7694,4033.76998806147,76,9
16,4798,386.684605005111,73,57
0,1007,65.0845983723763,40,40
88,1893,1524.67790228898,91,3
49,7266,2123.4030571568,77,28
1,7516,364.020768233424,79,78
3,5240,266.7266081381,85,82
9,2658,164.612964776556,56,47
94,4433,3867.51425181685,98,4
35,4526,773.597740047736,84,49
19,4922,445.756398322067,56,37
63,5118,2391.27483597244,64,1
15,8543,662.526150537953,63,48
12,9870,682.923492658688,85,73
9,4424,273.983354466321,77,68
82,6083,4467.93789869351,86,4
18,5204,453.225057521986,73,55
26,4336,517.928279055865,86,60
42,4336,974.334455441611,74,32
37,3029,560.253753617668,87,50
36,9251,1644.98187195822,75,39
24,3050,336.452834824521,75,51
2,5778,286.478397670475,85,83
84,1043,791.933726429639,87,3
73,1065,651.024060016055,85,12
93,7436,6396.1065969254,94,1
76,9718,6355.57658918948,90,14
44,3757,911.29648851355,73,29
44,5434,1318.06896954555,86,42
39,9864,1973.24055860351,91,52
82,3719,2731.58984797652,85,3
81,1429,1031.28147527401,87,6
32,9941,1508.35569137256,55,23
41,8545,1847.49816637913,65,24
7,6985,403.108350017878,70,63
60,6089,2593.52530886975,74,14
67,1915,1003.98616157236,84,17
0,2578,166.621742407136,57,57
49,9165,2678.36347630637,59,10
11,8873,591.390095294858,74,63
74,8810,5511.93387413304,83,9
91,8247,6910.07326514596,94,3
0,8785,567.793641212836,81,81
66,3612,1841.61922054332,74,8
12,5600,387.474322075851,54,42
42,7806,1754.07166955194,87,45
73,5487,3354.14931202638,87,14
35,3170,541.826079529678,74,39
38,3586,689.838946876719,76,38
73,1407,860.085307457831,73,0
24,5815,641.4666342638,73,49
13,7531,541.126437987073,76,63
22,1627,165.812608074012,68,46
13,9393,674.917093614736,65,52
92,5021,4261.81406445787,92,0
21,5773,565.561707151818,21,0
55,7322,2645.3307053599,83,28
6,5478,305.656093816268,89,83
43,1821,425.18652546584,78,35
54,2475,864.006690418093,79,25
17,8160,683.566773213012,62,45
49,4254,1243.18147607281,84,35
5,4206,227.213632828607,72,67
77,8214,5486.53781896709,85,8
21,4511,441.92774310789,74,53
48,8864,2497.16037842499,73,25
92,4057,3443.57292561354,92,0
35,7737,1322.43166477007,85,50
36,1667,296.420363263901,83,47
32,2340,355.050026940126,74,42
62,1464,663.617539117124,79,17
2,9207,456.491278530991,83,81
27,1191,148.051628832746,55,28
99,2364,2251.42857142857,99,0
13,7434,534.156677731496,63,50
15,3907,302.995396248599,82,67
16,3268,263.377509203147,81,65
36,5445,968.211684446275,53,17
96,2053,1855.0933609596,99,3
50,9245,2801.64877781283,70,20
5,5618,303.4917235452,72,67
58,8845,3532.5738793483,91,33
65,4925,2440.50674511758,72,7
85,8860,6833.19594945324,96,11
84,6905,5242.85942569191,89,5
17,3762,315.144387356293,65,48
61,5321,2338.68995425789,82,21
0,1871,120.926795982836,88,88
38,3413,656.558930755784,79,41
58,8084,3228.64072816865,84,26
62,9934,4502.98950381797,86,24
24,2741,302.366301722627,90,66
3,1677,85.3626950090829,74,71
86,5586,4373.32166584945,96,10
54,2737,955.46921683811,77,23
10,4225,271.381363900875,88,78
67,1233,646.430776615518,84,17
92,1236,1049.11415727344,94,2
6,1454,81.128871925676,90,84
14,8124,606.382074425504,80,66
54,4430,1546.48470244531,83,29
49,4269,1247.56504968379,76,27
41,5253,1135.74111971791,81,40
71,7444,4335.00815687569,91,20
43,4499,1050.47456236728,76,33
33,7376,1164.5648936223,88,55
54,5852,2042.89581912189,64,10
99,1553,1479.04761904762,99,0
55,8589,3103.07913525488,80,25
36,7398,1315.48761093362,74,38
77,8291,5537.96993633506,96,19
45,5228,1316.99708066951,54,9
5,2027,109.501196800662,86,81
46,1422,371.92988621095,57,11
27,9489,1179.56499243822,91,64
65,3248,1609.49561586637,87,22
3,2885,146.852340549317,65,62
42,6740,1514.53280204715,54,12
42,5357,1203.76145705736,91,49
15,2979,231.027203845553,76,61
42,4437,997.029976659231,78,36
41,8058,1742.20482442165,81,40
53,5282,1780.92690767534,78,25
2,7554,374.534062998056,85,83
12,5635,389.896036588825,88,76
4,1451,76.011824224501,62,58
97,1955,1800.94960718322,99,2
62,5312,2407.88003264355,88,26
91,2064,1729.40356726825,91,0
13,8802,632.451853294677,84,71
38,2300,442.45108137659,63,25
99,9144,8708.57142857143,99,0
12,8308,574.845833536816,87,75
29,3616,486.827713169057,91,62
68,4154,2237.98574416094,68,0
67,2604,1365.21146983521,70,3
21,3808,373.057159333817,75,54
27,8003,994.842305246402,41,14
72,7244,4323.57026090692,83,11
76,1300,850.200613906804,89,13
94,3054,2664.42330815445,95,1
20,6522,614.283859938851,46,26
78,1511,1030.07170489643,91,13
90,8931,7387.13578398281,93,3
30,5383,754.199859592629,68,38
96,8296,7496.27594862195,96,0
6,4805,268.104697113393,80,74
43,3252,759.311686334382,90,47
62,5670,2570.15809207247,72,10
33,2823,445.711319779793,76,43
68,7766,4183.9666078849,69,1
75,1446,925.281900100084,90,15
50,1198,363.047618801489,93,43
38,5651,1087.08306993874,80,42
64,5507,2650.60582059062,82,18
43,1921,448.5355933113,69,26
35,3851,658.224678949145,78,43
11,2450,163.293782652136,78,67
90,6728,5564.95908124917,91,1
40,9611,1998.96968650298,92,52
40,1530,318.221165367762,54,14
94,6283,5481.5231320021,96,2
51,1616,507.644866760508,78,27
58,4093,1634.68907723828,61,3
11,9799,653.108480085012,72,61
62,1537,696.707757939221,75,13
12,3135,216.916428519249,61,49
51,6950,2183.24989108015,71,20
84,4779,3628.62059310378,89,5
74,3648,2282.35354969777,95,21
49,4789,1399.52893486429,62,13
2,2915,144.528302043862,71,69
87,3895,3093.77957285869,89,2
92,7780,6603.64736536192,95,3
25,9127,1047.62876746232,88,63
84,4546,3451.70730618326,88,4
42,1946,437.282022668214,80,38
76,5146,3365.48643012647,84,8
25,4957,568.981680761556,90,65
61,8385,3685.3815573111,84,23
9,8284,513.037547106466,70,61
10,7588,487.394506338424,38,28
37,5067,937.208903790269,79,42
95,3485,3089.2934691928,96,1
62,4827,2188.03405827757,64,2
15,5975,463.372790526076,48,33
98,3693,3462.71048289701,99,1
99,4595,4376.19047619048,99,0
98,8287,7770.23606059233,99,1
51,9757,3065.03153773656,82,31
7,5246,302.74966416518,56,49
57,3741,1445.6829960863,70,13
53,6057,2042.23291930888,75,22
2,8333,413.157578364152,75,73
80,2097,1485.9333403651,85,5
41,6892,1490.10618638794,91,50
1,5797,280.764820842091,89,88
5,7392,399.325528737295,75,70
6,3269,182.400469274439,82,76
57,8587,3318.38542833282,68,11
33,1713,270.458197230884,83,50
91,1493,1250.96876256371,94,3
25,2430,278.923841890373,54,29
79,9457,6575.18195112445,90,11
84,5856,4446.36999230294,86,2
32,7884,1196.24547538289,86,54
18,4548,396.092921139506,68,50
86,1265,990.378071482198,90,4
63,6284,2936.0631241209,86,23
20,5109,481.198442261207,66,46
83,1496,1117.56369211952,87,4
26,7178,857.400642772831,79,53
77,4314,2881.53447175847,87,10
5,6657,359.61986536853,84,79
2,4828,239.376549663042,71,69
9,4211,260.79202207452,70,61
68,6963,3751.34683114892,87,19
84,5492,4169.99043677045,89,5
40,3531,734.404532623246,89,49
75,3793,2427.10528843681,90,15
65,2087,1034.18021869246,71,6
70,1609,913.616199130138,89,19
75,3385,2166.0298975372,84,9
21,6603,646.874060683086,79,58
30,6900,966.7432716309,49,19
26,5847,698.414817260065,88,62
81,5637,4068.1131393419,82,1
46,5352,1399.83737763784,78,32
13,3188,229.067996853378,72,59
45,6646,1674.20860714031,59,14
12,5975,413.421263286288,79,67
42,8767,1970.01618331564,70,28
64,9400,4524.36802497763,92,28
29,1116,150.248818555494,75,46
43,2971,693.700805688638,86,43
63,8418,3933.12848167565,73,10
48,9260,2608.72124370661,61,13
86,9059,7092.35964391876,93,7
79,6280,4366.30460537819,91,12
12,5647,390.726338707559,83,71
3,4799,244.278815353959,71,68
51,6051,1900.84102027712,79,28
7,3398,196.100525892734,74,67
64,9448,4547.47118084986,68,4
41,4154,898.128424006893,57,16
44,2778,673.830621530647,89,45
99,1401,1334.28571428571,99,0
54,1833,639.888591327824,79,25
35,3482,595.154072215249,69,34
52,3405,1108.37284912694,88,36
14,9213,687.665934475895,77,63
46,6560,1715.7946930688,76,30
76,1751,1145.15482688524,77,1
16,2450,197.452539029287,75,59
20,3446,324.566418483484,84,64
0,7271,469.94053104821,76,76
26,9002,1075.27453137936,29,3
39,3791,758.369318498168,78,39
80,5355,3794.55080479501,84,4
37,6507,1203.55601676797,87,50
12,6134,424.422766359513,77,65
1,1511,73.1819293242022,66,65
22,1992,203.010888311882,74,52
67,9141,4792.39556288926,79,12
51,1853,582.095258729716,81,30
49,9063,2648.55517575173,57,8
49,3410,996.532400895224,63,14
90,3427,2834.58899694425,95,5
51,5103,1603.03945240029,67,16
57,6967,2692.34788391694,74,17
94,1638,1429.05218688834,96,2
36,2975,529.00454751656,61,25
1,4338,210.101396034672,83,82
1,5579,270.206474983272,75,74
25,8083,927.794820576086,83,58
63,9603,4486.79410899635,83,20
98,1400,1312.69826050794,98,0
60,1319,561.809801675021,83,23
11,9308,620.383073031053,81,70
18,3706,322.761733892483,68,50
19,1748,158.306010619052,88,69
22,5780,589.057698013394,71,49
37,3450,638.123291509064,63,26
57,4350,1681.02673963523,67,10
54,3948,1378.22158132147,90,36
49,3160,923.47284071229,93,44
23,5043,534.685789157199,81,58
96,3239,2926.76444040339,97,1
4,6975,365.391091637419,72,68
74,7849,4910.68887378777,79,5
51,2316,727.540539243401,75,24
53,1645,554.643082757654,86,33
35,5122,875.467879921454,84,49
38,6736,1295.80455832727,73,35
3,6461,328.877979996234,85,82
41,9185,1985.87134677499,84,43
93,3725,3204.07437783044,96,3
50,8413,2549.51554004752,84,34
32,5109,775.192558819275,79,47
42,9195,2066.19126332694,68,26
90,4781,3954.52874070337,94,4
39,4789,958.013892452578,65,26
1,9266,448.778131778992,79,78
83,5977,4465.02552660318,83,0
44,2731,662.430319438516,69,25
58,7109,2839.23885904885,72,14
8,2309,137.984109068746,45,37
23,4539,481.249017843452,77,54
57,5432,2099.15798843646,87,30
60,6898,2938.1076663793,73,13
79,4065,2826.27837911821,81,2
41,5732,1239.30479692044,57,16
53,7924,2671.72753056028,76,23
16,5527,445.436809475458,80,64
22,3131,319.089905273345,88,66
27,5259,653.739308170789,58,31
96,2691,2431.59095681553,98,2
29,5683,765.11114323555,88,59
91,5377,4505.33090174486,93,2
30,5323,745.793396361055,75,45
56,1655,618.536712449812,82,26
78,3382,2305.56089077415,83,5
63,4371,2042.25523799053,91,28
39,4331,866.393436669893,88,49
35,9877,1688.20699921597,84,49
48,3343,941.787809688036,67,19
8,8577,512.555090291308,39,31
12,2961,204.877047797606,86,74
41,7239,1565.13039513382,82,41
35,1004,171.606745693311,87,52
97,4223,3890.23539188479,97,0
76,7465,4882.11352524176,93,17
77,5890,3934.22300386123,77,0
99,9112,8678.09523809524,99,0
62,5723,2594.18249751865,75,13
67,4323,2266.43977883932,82,15
94,3173,2768.24333882582,95,1
19,6059,548.727756487892,66,47
56,3403,1271.83107701916,78,22
95,3870,3430.57840050966,97,2
87,3382,2686.30616570169,95,8
42,3171,712.549482980938,92,50
67,3609,1892.10760162644,75,8
40,6823,1419.10000738839,70,30
97,6231,5740.00869685866,99,2
68,7101,3825.69493723805,93,25
31,4154,605.678956001738,84,53
56,8715,3257.1283679759,81,25
39,2650,530.118357694578,82,43
13,2555,183.584922195853,67,54
90,6774,5603.0072557048,90,0
98,6115,5733.67847357574,98,0
79,5895,4098.62510329688,82,3
58,5324,2126.3338986603,67,9
40,9209,1915.35863521027,76,36
34,6687,1098.56761080419,89,55
50,4825,1462.19095218463,81,31
4,8449,442.60778971248,26,22
62,8734,3959.04070126295,66,4
70,6650,3775.97745445334,71,1
11,7236,482.283188273818,85,74
20,9550,899.480353023004,77,57
70,2863,1625.65766196991,91,21
4,7998,418.981785077574,80,76
76,5952,3892.61081074869,95,19
60,4790,2040.23423049534,77,17
28,8054,1041.91493653983,74,46
46,5828,1524.33711451295,79,33
61,1462,642.579348454244,91,30
9,2504,155.075569526146,87,78
50,1524,461.840209560492,67,17
81,3068,2214.11586153999,88,7
50,6963,2110.10064249981,75,25
8,8485,507.057239258686,82,74
65,1093,541.61906038853,81,16
37,3777,698.60628174775,84,47
23,7675,813.744483795658,88,65
9,6837,423.423190435406,87,78
86,8850,6928.73196254344,86,0
84,6312,4792.60372121178,90,6
11,1854,123.570070627371,81,70
93,1462,1257.54543366123,93,0
35,2199,375.859794601187,75,40
13,1950,140.113737096639,38,25
81,9295,6708.0205127165,93,12
82,3435,2522.99304323725,88,6
71,1291,751.812940694051,81,10
95,4495,3984.61237992013,98,3
77,2020,1349.25814393883,81,4
61,3435,1509.75380433675,88,27
11,4296,286.330649091255,80,69
63,4207,1965.62978408285,84,21
95,7945,7042.87994626595,98,3
7,8164,471.149115181955,66,59
34,9552,1569.24148622725,84,50
26,2243,267.92276981603,77,51
39,6330,1266.28271856856,73,34
85,8197,6321.86311486097,86,1
98,3328,3120.47129355029,98,0
47,6314,1714.19995167096,84,37
21,4784,468.672649751307,21,0
9,1607,99.5233387494073,63,54
52,5720,1861.93618120591,56,4
0,9538,616.461667602507,86,86
23,6646,704.64440903009,73,50
13,8756,629.146606163167,69,56
86,5566,4357.66351452167,87,1
19,3394,307.374485149349,61,42
64,3928,1890.60825554384,83,19
67,4999,2620.84951524816,67,0
24,8396,926.182951208747,82,58
71,1464,852.559368842827,81,10
72,2103,1255.17231621856,81,9
9,8059,499.103041058789,66,57
52,1183,385.082255658494,69,17
7,9969,575.316698830096,84,77
20,9149,861.711596838478,46,26
58,5922,2365.16704505378,82,24
98,6134,5751.49366425406,98,0
66,1380,703.608672300603,90,24
3,7049,358.80837037509,86,83
96,2665,2408.09732438253,97,1
86,9994,7824.37821849256,87,1
23,5010,531.186952940227,69,46
45,2723,685.95697220028,81,36
91,7131,5974.98877819278,92,1
47,6639,1802.43482406454,90,43
0,3847,248.639970147499,45,45
84,9801,7441.7473180603,91,7
31,3078,448.791484490455,80,49
69,5270,2915.77358889442,71,2
6,5176,288.805392769807,76,70
0,6857,443.182811359865,55,55
90,1508,1247.31841476275,92,2
18,3700,322.239183864594,81,63
72,6931,4136.75669220677,89,17
44,8198,1988.50375641046,78,34
28,2550,329.883671241193,80,52
34,4385,720.385669713827,67,33
52,4405,1433.88616751958,73,21
42,1957,439.753812107757,64,22
35,6721,1148.773842435,67,32
95,7570,6710.45955861966,97,2
41,4921,1063.96003238756,57,16
42,8609,1934.51229863857,78,36
93,3481,2994.1967541551,94,1
38,4056,780.252863505848,85,47
18,9224,803.333576207301,66,48
54,7776,2714.55192916812,89,35
77,4482,2993.7500005613,81,4
48,2803,789.659357031279,85,37
45,5755,1449.75482005605,82,37
41,9906,2141.7573828147,80,39
82,1602,1176.66225771938,89,7
41,9700,2097.21851537479,81,40
40,4536,943.432160855011,77,37
74,2284,1428.9735492077,86,12
9,6056,375.05497166547,69,60
50,3410,1033.38262112945,79,29
40,8166,1698.42747476676,69,29
58,1660,662.981643834729,76,18
45,9031,2275.01924933556,53,8
64,6581,3167.53893323168,71,7
4,8653,453.294496908758,54,50
64,9599,4620.1498586979,73,9
66,2231,1137.50068688598,78,12
11,6243,416.099218407055,76,65
5,7890,426.228141468784,67,62
72,4552,2716.85420039319,91,19
90,3462,2863.53869489962,91,1
13,5652,406.114277984721,71,58
50,7322,2218.89371023748,90,40
87,3989,3168.44331608044,87,0
21,9313,912.363793297225,51,30
0,1455,94.0398119481703,87,87
2,6355,315.086572723411,58,56
34,7988,1312.30119262806,62,28
47,3313,899.452714584396,86,39
13,4890,351.362140719265,70,57
63,3605,1684.35830083639,78,15
22,5990,610.459448287237,82,60
16,1701,137.088477097477,75,59
95,3552,3148.68591178561,99,4
22,5665,577.337691911051,32,10
58,6464,2581.63454563114,81,23
86,5681,4447.69788465642,97,11
90,6212,5138.15781996431,96,6
45,8334,2099.43643272756,81,36
57,2896,1119.13872137555,93,36
77,7133,4764.48432708696,90,13
32,7746,1175.30662764026,87,55
56,7487,2798.17786472009,67,11
62,2612,1183.99522689476,87,25
43,6679,1559.48424139832,85,42
37,3412,631.09468713882,56,19
59,3524,1453.83745112464,72,13
49,6248,1825.90452809189,91,42
38,8921,1716.13308563503,70,32
13,1488,106.917559384513,79,66
67,4690,2458.84861502577,80,13
16,6050,487.58688209273,80,64
35,2297,392.610253842167,79,44
18,2917,254.046405225141,68,50
28,2204,285.122984868859,79,51
62,6803,3083.73641981817,80,18
16,4383,353.238562679742,72,56
47,1732,470.223996879014,90,43
94,3899,3401.63276964446,98,4
71,1028,598.655075936084,87,16
1,5402,261.633873070377,90,89
93,1917,1648.91559256401,96,3
99,2023,1926.66666666667,99,0
12,9188,635.734655577307,27,15
10,2862,183.832772422321,69,59
91,7319,6132.51197133543,94,3
69,5508,3047.4536864574,79,10
99,7242,6897.14285714286,99,0
5,6403,345.898452449256,73,68
38,8665,1666.88635657746,82,44
38,9170,1764.03322444493,76,38
1,2454,118.854040080471,73,72
90,8541,7064.55343533728,90,0
44,5848,1418.4886518039,45,1
92,8991,7631.54157608857,95,3
58,5460,2180.65046707086,77,19
67,2860,1499.42580788352,76,9
25,7422,851.922944242943,73,48
68,5183,2792.36401347765,84,16
56,8591,3210.78483181652,83,27
0,7285,470.845381472454,85,85
41,9847,2129.00110524696,84,43
48,5663,1595.37671739855,75,27
2,4626,229.361209349882,77,75
12,1227,84.8983916405481,72,60
26,5684,678.944727433933,66,40
50,9697,2938.62500794494,59,9
87,7349,5837.27498868768,88,1
10,1432,91.9806184866398,69,59
54,2739,956.16740406269,62,8
14,6843,510.767175688543,58,44
16,6607,532.477112394491,75,59
33,6809,1075.04370399596,55,22
62,2883,1306.83699813843,82,20
78,8730,5951.37391379607,89,11
28,3264,422.251099188728,74,46
63,7107,3320.59207879174,69,6
50,6500,1969.79092004147,60,10
35,8832,1509.59240833,61,26
0,1578,101.989569246882,66,66
80,9118,6461.01106220744,86,6
78,2066,1408.42365474257,85,7
3,5394,274.565519903991,65,62
10,6718,431.512426671261,87,77
13,8060,579.136779999443,42,29
16,6509,524.579010833319,82,66
24,2788,307.55098475107,67,43
24,5352,590.391990813389,75,51
42,5201,1168.70698864202,43,1
69,1385,766.289643381172,76,7
95,7941,7039.33412879772,95,0
53,6581,2218.90950007789,66,13
75,3593,2299.12715564288,78,3
4,5764,301.95186411442,65,61
26,5266,629.015294628271,68,42
85,2710,2090.06332088242,91,6
91,1279,1071.66044696516,96,5
20,2735,257.59987073486,55,35
98,5520,5175.78171285986,98,0
49,9549,2790.58296074736,69,20
36,1727,307.089362541546,69,33
31,8362,1219.2314468191,52,21
8,4780,285.649216694935,60,52
97,4679,4310.30343325336,98,1
36,6438,1144.7836224913,54,18
16,4250,342.519710561009,67,51
95,2242,1987.43069094125,98,3
44,5505,1335.29070249324,57,13
64,3720,1790.49458009753,73,9
77,7776,5193.97590458828,95,18
84,1246,946.068478553529,86,2
16,3285,264.747588045391,65,49
53,8278,2791.08537329353,76,23
9,4490,278.07080957364,67,58
17,1125,94.2417426304704,42,25
47,6052,1643.06906992598,67,20
44,5021,1217.89184690618,70,26
3,5118,260.516561154732,57,54
54,5026,1754.54449537024,93,39
57,7490,2894.45753560182,80,23
97,8275,7622.94526825636,97,0
20,1008,94.9399157955171,76,56
59,2052,846.559151449422,73,14
32,4708,714.348515741074,80,48
17,7801,653.493186009155,69,52
17,4910,411.31285005832,59,42
30,8215,1150.98492412288,67,37
96,6145,5552.62966541488,97,1
88,6322,5091.92482740145,90,2
91,6670,5588.7217992632,97,6
30,6152,861.94269667729,75,45
83,3510,2622.09128298095,90,7
4,3096,162.186497449383,74,70
78,1586,1081.20034676753,84,6
92,5219,4429.87604110847,93,1
28,5634,728.84886422466,59,31
50,1107,335.470545920909,86,36
89,9594,7832.08202925802,89,0
10,9003,578.283176141912,54,44
83,6588,4921.46363882579,91,8
28,4477,579.172233783068,70,42
62,6104,2766.88624232987,72,10
76,5712,3735.65069741205,76,0
85,3558,2744.07575487073,90,5
24,4787,528.065482067207,84,60
14,7770,579.95922184714,84,70
1,1671,80.9311739912256,20,19
76,3475,2272.65164102011,86,10
81,9965,7191.54646683377,93,12
45,3232,814.180291645724,88,43
58,7584,3028.94746195337,64,6
21,6452,632.081090341855,82,61
64,4024,1936.8145672883,72,8
53,4901,1652.46550066581,88,35
78,8820,6012.72828404139,85,7
56,5058,1890.36778946897,62,6
61,6775,2977.75313664672,73,12
67,8286,4344.1406447982,70,3
98,4430,4153.75235289297,98,0
24,1947,214.778252263391,60,36
75,8443,5402.59687589558,83,8
87,3160,2509.97264447586,90,3
57,1459,563.820232902944,80,23
24,9905,1092.64437014324,48,24
56,3015,1126.82065742368,76,20
45,5613,1413.98328496518,82,37
75,3406,2179.46760148056,82,7
22,1273,129.735371898106,82,60
28,9033,1168.56439306733,70,42
40,9038,1879.79274025741,78,38
78,3017,2056.73483366812,79,1
27,6631,824.290806708595,74,47
55,7858,2838.97960703607,73,18
87,7046,5596.60356106864,91,4
1,3082,149.269825398538,72,71
90,6261,5178.68739710182,90,0
70,1327,753.492042414974,84,14
38,5470,1052.26409353476,65,27
93,1988,1709.98654043675,96,3
72,3837,2290.10754984813,74,2
15,6597,511.610091899669,54,39
35,2518,430.384248661113,87,52
13,9077,652.211482885229,66,53
11,9262,617.317148948605,50,39
84,9938,7545.7692936316,93,9
12,1172,81.0928402630174,24,12
46,8954,2341.95513441128,68,22
66,8316,4240.00704264624,90,24
65,2314,1146.66651943189,79,14
66,4773,2433.56825571796,72,6
34,2810,461.638251287538,82,48
49,6881,2010.89133447508,65,16
96,2214,2000.57316179472,96,0
58,1957,781.599443966606,90,32
44,6956,1687.24470963542,87,43
54,5527,1929.4403951276,69,15
97,4185,3855.22972177074,98,1
68,3107,1673.90989578913,68,0
0,1326,85.7022616104975,69,69
55,7378,2665.56268016189,78,23
99,7742,7373.33333333333,99,0
46,4100,1072.371683168,85,39
69,5772,3193.51900476254,72,3
23,6671,707.295042527796,78,55
99,8330,7933.33333333333,99,0
12,7560,523.090334802399,86,74
67,6238,3270.42594041168,69,2
33,4423,698.328433363805,81,48
63,6040,2822.05940001436,67,4
60,5000,2129.68082515171,80,20
11,1391,92.7108782322943,69,58
58,1043,416.560153325074,74,16
51,4277,1343.56255887048,80,29
55,6385,2306.80641269093,92,37
48,9902,2789.58507075409,73,25
62,5163,2340.33972299297,80,18
30,3751,525.544059693842,75,45
17,3346,280.295885192493,68,51
20,2744,258.447548554463,69,49
99,7768,7398.09523809524,99,0
82,8701,6390.8478804097,84,2
12,5381,372.321308408956,88,76
43,3893,908.979211223786,64,21
75,4224,2702.89816460772,75,0
79,8396,5837.49895967441,89,10
7,1287,74.273507011168,74,67
26,8779,1048.63753732275,47,21
71,7985,4650.05912582649,80,9
99,8241,7848.57142857143,99,0
10,5618,360.856923643814,79,69
56,2897,1082.7195504333,90,34
55,8940,3229.89026303162,86,31
0,8929,577.100674147912,85,85
34,3626,595.694056643634,79,45
60,6704,2855.47605036341,74,14
26,4310,514.822620555991,66,40
63,2429,1134.89772891306,89,26
29,1431,192.657759276803,70,41
35,1855,317.062264204275,35,0
26,3531,421.77231396362,43,17
36,9614,1709.52931758797,76,40
1,1751,84.8057963247373,74,73
63,1892,883.996090203175,71,8
84,1275,968.087728856942,91,7
80,8792,6230.00759584644,84,4
75,1251,800.503220626007,80,5
97,2887,2659.50972682249,98,1
30,3367,471.742695011774,70,40
47,4158,1128.8633828077,67,20
15,5908,458.176811117667,87,72
1,4508,218.334968493384,54,53
75,4495,2876.30853454348,86,11
14,7398,552.19283439191,90,76
48,6640,1870.61652896457,48,0
55,6042,2182.88556702875,82,27
12,6656,460.54090852444,81,69
64,3816,1836.70089184198,79,15
78,4998,3407.21269429012,81,3
62,9979,4523.38758391378,67,5
79,3496,2430.66893318506,88,9
10,3127,200.854325424387,79,69
93,2337,2010.18035462812,98,5
99,1644,1565.71428571429,99,0
19,1159,104.963767910458,82,63
18,2737,238.369904388485,66,48
32,3787,574.604466676178,73,41
10,5930,380.897393593418,45,35
3,6953,353.921776027521,66,63
64,3023,1455.01750420291,81,17
87,7360,5846.01223523491,90,3
29,8990,1210.33770503037,63,34
84,6126,4651.37680547265,93,9
16,3014,242.90691944256,80,64
12,4858,336.133974400801,52,40
85,2627,2026.05031142366,95,10
67,9341,4897.2505144895,85,18
58,9141,3650.79229294775,67,9
86,1972,1543.89372091928,91,5
67,7749,4062.60509975154,75,8
68,9508,5122.47675866207,69,1
84,3256,2472.230309928,88,4
99,5965,5680.95238095238,99,0
66,1686,859.626247462911,85,19
88,9564,7703.12702455987,92,4
87,3852,3059.62488181044,88,1
27,8558,1063.83361843043,58,31
51,2112,663.456657548386,83,32
8,9150,546.797140744488,73,65
79,2954,2053.83181596929,89,10
97,9277,8545.98951705308,98,1
44,3309,802.629779209832,90,46
43,3606,841.967386507313,71,28
67,9716,5093.85354873996,82,15
25,7564,868.222197555056,77,52
64,6816,3280.64813385612,82,18
7,6208,358.267235062417,69,62
88,1038,836.035743568919,92,4
63,5687,2657.12778276187,83,20
6,4078,227.540261150555,41,35
24,7796,859.995508292447,81,57
18,1169,101.810163766949,53,35
30,8957,1254.94485275333,88,58
79,2726,1895.30992902244,85,6
47,8817,2393.74421505905,73,26
60,9593,4086.00563113607,66,6
21,8949,876.703917772669,54,33
91,9523,7979.22004413545,97,6
27,5775,717.882583131072,65,38
54,1675,584.731800585982,65,11
8,5531,330.528413711231,51,43
25,8030,921.711296452551,79,54
26,1740,207.840222683857,38,12
31,3409,497.053336786212,54,23
54,4394,1533.91733240287,85,31
42,7303,1641.04347972557,87,45
72,6541,3903.98579190947,84,12
69,7106,3931.59148438022,91,22
53,7459,2514.94392358015,56,3
95,4871,4317.91922193347,95,0
88,7596,6118.04191536562,97,9
10,4753,305.296005354049,62,52
77,5852,3908.84091996536,92,15
13,1816,130.485408496152,60,47
84,4225,3207.97698385928,87,3
40,9228,1919.31040131615,79,39
17,6594,552.382267471397,60,43
57,6544,2528.88252509723,60,3
26,7121,850.592083753877,62,36
3,8893,452.671703467963,83,80
99,1463,1393.33333333333,99,0
93,7292,6272.24439278914,96,3
59,2354,971.150215649093,64,5
89,1738,1418.81994651349,93,4
51,5979,1878.22317967888,87,36
59,7834,3231.9417117226,76,17
84,6077,4614.17186530481,85,1
52,8866,2886.00108086915,90,38
87,5071,4027.87065827122,87,0
9,4361,270.081692772972,87,78
77,3196,2134.76684555866,78,1
71,7792,4537.66571176456,78,7
92,5706,4843.24059983999,93,1
46,4730,1237.15074667918,70,24
53,6955,2345.01072375653,92,39
2,2958,146.660280427356,87,85
69,1213,671.125875394485,76,7
41,6578,1422.21684475622,73,32
56,5858,2189.35834533595,75,19
50,9220,2794.07265888959,72,22
84,6671,5065.18685427816,88,4
29,5083,684.332208528295,66,37
66,9094,4636.67917818963,90,24
43,4278,998.873122428809,74,31
11,9547,636.312548155078,73,62
78,3455,2355.32610219535,93,15
9,5462,338.267875699604,74,65
15,1622,125.789232842393,82,67
73,1373,839.301440753093,80,7
53,2374,800.439318216822,66,13
50,4439,1345.21567600986,73,23
17,5518,462.245276297721,84,67
44,2605,631.867807446845,80,36
75,7214,4616.17124987691,80,5
62,8126,3683.43997463507,83,21
93,5274,4536.45322649066,94,1
0,8485,548.403989264759,78,78
85,6899,5320.7921958553,94,9
66,2296,1170.64167507405,87,21
92,5346,4537.67336956618,92,0
91,6452,5406.06192636374,95,4
50,5113,1549.46784218031,66,16
77,9779,6531.87890573158,91,14
95,6300,5584.66251245758,96,1
93,6567,5648.63260113087,95,2
78,5712,3893.95736490299,78,0
66,7066,3602.68034672178,77,11
63,6633,3099.12582786346,71,8
90,4692,3880.91379447401,93,3
50,7292,2209.8023675296,80,30
9,2643,163.68399770671,89,80
80,3764,2667.1688570025,94,14
70,5694,3233.14520686576,94,24
49,4422,1292.27750051574,70,21
72,7753,4627.36612821802,84,12
70,1587,901.124243641721,76,6
81,1219,879.728564282024,82,1
6,7296,407.095082235029,89,83
13,5421,389.516189128658,65,52
64,1509,726.305462733111,87,23
43,2314,540.297429943961,74,31
29,4330,582.95464547069,64,35
99,9601,9143.80952380952,99,0
2,6263,310.525130600586,79,77
13,9693,696.473053168065,82,69
70,6985,3966.19586757241,89,19
59,9636,3975.36256499348,85,26
39,7969,1594.15592168607,76,37
82,9006,6614.86909676701,86,4
35,4979,851.025883273901,85,50
2,3182,157.766400378583,79,77
64,3616,1740.43774237437,81,17
99,9457,9006.66666666667,99,0
72,4343,2592.11287177233,72,0
75,3872,2477.65665089041,86,11
46,8506,2224.77891147,63,17
63,3297,1540.45196057075,65,2
10,2071,133.025042518038,73,63
25,9117,1046.48093272203,59,34
55,6694,2418.44355936618,75,20
55,3747,1353.73588541158,63,8
48,8881,2501.94960749011,83,35
45,4959,1249.23269377201,77,32
96,4009,3622.53740091917,96,0
76,2557,1672.27920750746,92,16
79,7426,5163.08566871631,80,1
38,3487,670.794313373987,79,41
14,7070,527.710643302353,70,56
65,2900,1437.04965702355,68,3
43,9651,2253.41853776541,52,9
34,2254,370.296305481178,73,39
96,9500,8584.21185051935,96,0
69,6946,3843.06704904377,90,21
98,7349,6890.72822605202,99,1
60,7873,3353.39542728388,91,31
53,9369,3158.93680386411,75,22
18,1048,91.2720715378634,64,46
69,3031,1676.98477190493,83,14
25,5981,686.519958167211,75,50
97,1688,1554.98871453979,98,1
75,5715,3656.97514458643,84,9
42,1468,329.871536113534,72,30
12,9293,642.999799116229,86,74
99,2595,2471.42857142857,99,0
12,5146,356.061225250416,83,71
51,3837,1205.34242188123,78,27
91,7143,5985.0434500955,93,2
82,9068,6660.40783582981,82,0
31,2706,394.551577982837,74,43
8,1501,89.6986347822379,77,69
54,6584,2298.43234331827,84,30
32,2571,390.099837291908,58,26
2,6189,306.85614454527,82,80
34,8765,1439.9499190517,78,44
10,8464,543.661979658463,79,69
32,3916,594.177737392108,73,41
45,4706,1185.49890237772,72,27
0,2618,169.207029333546,0,0
86,3142,2459.89557359452,86,0
5,9143,493.916843783155,83,78
8,8438,504.248554492021,71,63
80,1753,1242.17508138294,84,4
96,2434,2199.3654362278,96,0
66,8794,4483.72077116776,66,0
61,6525,2867.87294710256,70,9
88,2764,2226.2069318155,88,0
22,7990,814.285641371456,68,46
36,7984,1419.68817054528,76,40
67,9134,4788.72563958325,68,1
19,4496,407.176100539621,88,69
18,3207,279.30298990642,88,70
52,1733,564.114580774447,77,25
82,5647,4147.69773367125,87,5
12,9120,631.029610237815,54,42
35,3058,522.682697539986,81,46
17,1051,88.0427302263328,78,61
76,1458,953.532688520092,94,18
63,2824,1319.45293801996,80,17
26,8195,978.87966947943,82,56
30,5958,834.761798895204,46,16
99,6947,6616.19047619048,99,0
99,1909,1818.09523809524,99,0
55,4128,1491.38557111796,71,16
95,8286,7345.1608854323,97,2
87,7179,5702.24481477601,93,6
73,6804,4159.21850173638,93,20
25,1748,200.641512602623,85,60
25,5435,623.848181347399,64,39
49,7218,2109.37562160168,85,36
99,8079,7694.28571428571,99,0
81,9061,6539.14726903972,83,2
90,5112,4228.31016993843,92,2
50,2327,705.185149374846,64,14
83,3803,2840.97240717281,94,11
57,7287,2816.00962108551,84,27
82,1912,1404.35595303337,90,8
23,5129,543.803968389307,76,53
62,3445,1561.5863540017,68,6
95,1898,1682.49038867373,97,2
17,4605,385.762866500726,77,60
30,5645,790.908082370497,72,42
83,8518,6363.24032718854,94,11
78,1003,683.760370622847,82,4
93,3552,3055.26770202784,93,0
26,1626,194.223104645949,79,53
41,4193,906.560539687266,88,47
89,4586,3743.79072192801,90,1
51,8984,2822.20388798045,64,13
38,6562,1262.33217217095,90,52
20,5524,520.285808387338,75,55
75,3326,2128.27634836299,90,15
61,3446,1514.58853267669,82,21
80,9032,6400.0714974619,84,4
11,5878,391.771777318063,86,75
59,7026,2898.59873200957,73,14
79,7955,5530.88425729037,92,13
48,7057,1988.0935007384,73,25
21,4563,447.02201103997,71,50
59,3269,1348.63638698253,79,20
83,7805,5830.60469050323,83,0
30,3933,551.043664829613,58,28
5,3400,183.67245639973,65,60
51,3095,972.253009049364,77,26
35,5413,925.206488483958,57,22
55,8146,2943.02976316058,90,35
33,7320,1155.72329464686,45,12
79,9603,6676.69158048515,83,4
19,9755,883.452593586299,62,43
38,2015,387.625621292969,70,32
13,5920,425.370935185695,77,64
46,9630,2518.76568509947,77,31
15,6979,541.234929720751,80,65
0,3700,239.139040692942,53,53
93,4533,3899.07896770614,93,0
44,3420,829.55389691678,86,42
14,5428,405.15040620158,43,29
8,1837,109.77774290138,64,56
89,4668,3810.73159397295,94,5
43,4349,1015.45096059909,84,41
79,2347,1631.802055545,79,0
97,9498,8749.57512482162,97,0
99,8156,7767.61904761905,99,0
6,6792,378.973382475372,66,60
31,4013,585.120281760947,79,48
59,2654,1094.91617346334,69,10
8,8527,509.567127773579,52,44
96,4801,4338.18958887825,96,0
31,5201,758.338047704632,61,30
80,4155,2944.23129671769,88,8
23,1104,117.051975258685,74,51
72,2309,1378.12309945252,87,15
56,3313,1238.19463948413,85,29
3,4535,230.840680898146,78,75
41,8502,1838.20121832128,58,17
21,4180,409.500768386385,49,28
78,5006,3412.6664160897,83,5
14,1101,82.1795499683013,39,25
7,3085,178.037116650702,74,67
15,2796,216.835200386763,80,65
4,5601,293.412975521317,89,85
85,2161,1666.65196916123,92,7
27,9727,1209.15045647029,52,25
87,7907,6280.49167717424,89,2
94,9161,7992.39748723081,94,0
83,3654,2729.66425869299,94,11
35,5621,960.758483607672,76,41
35,5199,888.628955039367,75,40
95,5822,5160.93732500445,95,0
28,9745,1260.6730887237,64,36
85,1124,866.874971465626,95,10
44,9814,2380.48010068458,71,27
12,4637,320.84257704745,84,72
42,9904,2225.50932811202,80,38
11,2578,171.825049664166,78,67
17,7111,595.691583862467,78,61
99,6055,5766.66666666667,99,0
40,7249,1507.70276323589,89,49
56,3512,1312.56854025604,77,21
74,7270,4548.44032519265,85,11
74,5275,3300.27822770168,84,10
27,1080,134.253366195941,79,52
89,7411,6049.98539908601,89,0
38,4719,907.794196963535,83,45
29,1897,255.396065232771,75,46
13,3715,266.934632468726,75,62
24,6702,739.313737375062,71,47
2,4931,244.4833816049,45,43
77,4484,2995.08589971371,87,10
90,3621,2995.05303703972,90,0
67,6967,3652.62223899458,67,0
16,8641,696.403016225336,57,41
77,9184,6134.44890788821,88,11
7,3924,226.456287110974,78,71
86,4375,3425.22060295227,87,1
86,7952,6225.68096792604,90,4
91,9582,8028.65551432383,94,3
64,2369,1140.23700544383,79,15
62,2593,1175.38270418764,81,19
9,7124,441.197427038443,84,75
62,9296,4213.79005712622,64,2
4,6649,348.313314451211,83,79
48,1224,344.82449268865,77,29
41,2065,446.469714871024,90,49
6,9305,519.191302110327,72,66
89,3733,3047.442382241,91,2
47,2668,724.340429372523,93,46
16,4123,332.284415680715,85,69
29,7807,1051.06857209923,80,51
16,9737,784.732805113539,76,60
16,2017,162.555824988601,83,67
73,6377,3898.19758753275,83,10
88,9867,7947.17214045716,89,1
19,9555,865.339777725996,80,61
62,1724,781.473113004045,89,27
43,6132,1431.76484028365,68,25
1,9735,471.493105209205,72,71
37,5321,984.189575107169,87,50
29,8554,1151.63834580977,44,15
50,4176,1265.51490493741,72,22
94,9724,8483.57964914665,96,2
46,5980,1564.09333301089,73,27
52,2309,751.610252168608,62,10
76,2265,1481.31106961455,81,5
32,4647,705.092938115712,55,23
90,3808,3149.72713754412,92,2
82,4121,3026.85715609337,88,6
28,1516,196.119076706529,86,58
2,9784,485.099453583927,83,81
43,7797,1820.52681991057,91,48
0,3820,246.894901472172,83,83
91,1227,1028.09020205336,95,4
12,3393,234.767924072029,55,43
72,1987,1185.93789459167,74,2
15,7590,588.619159848187,65,50
3,2927,148.990225576378,80,77
76,7899,5165.94973019219,77,1
3,7961,405.231016676988,53,50
59,4840,1996.75745273645,75,16
25,4113,472.104428681114,78,53
70,4400,2498.39109768341,82,12
58,8031,3207.47324194983,86,28
77,3060,2043.92570319446,80,3
99,6184,5889.52380952381,99,0
34,5992,984.390178546237,78,44
85,4182,3225.33018742816,89,4
79,6012,4179.97186107224,89,10
48,4839,1363.23996741861,75,27
72,1374,820.069787201285,81,9
81,2838,2048.12933997735,86,5
27,4958,616.322397777291,85,58
48,4511,1270.83601839747,80,32
30,5335,747.47468900737,66,36
38,7430,1429.30936288177,77,39
27,2991,371.807239159314,78,51
21,6150,602.495149659394,89,68
26,1831,218.710027433415,51,25
5,9384,506.935979663254,53,48
79,6253,4347.5322766608,88,9
76,4688,3065.95421384238,83,7
77,3604,2407.29027265125,84,7
93,6487,5579.82026549961,94,1
43,7626,1780.59991389483,78,35
88,8284,6672.17736004328,89,1
4,9970,522.286621308253,37,33
38,7274,1399.29963736231,68,30
35,2712,463.543321036116,85,50
46,6763,1768.89016908907,67,21
46,3433,897.9151191014,67,21
19,9703,878.74326146262,80,61
52,3462,1126.92710827532,81,29
62,9863,4470.80586633347,64,2
58,5004,1998.53020828252,89,31
47,4849,1316.46429611221,84,37
56,9366,3500.43193281265,92,36
13,3991,286.766115257789,63,50
32,9739,1477.70607366234,54,22
34,4103,674.057560509882,81,47
30,7333,1027.40991461875,90,60
18,4456,388.080487378549,68,50
56,6334,2367.2577260768,78,22
19,6731,609.586817778512,58,39
97,7975,7346.58471472441,97,0
1,8685,420.638687081864,82,81
38,9718,1869.45200383379,91,53
53,4563,1538.50236268886,89,36
82,1131,830.714740000387,87,5
63,3631,1696.50623865102,85,22
14,1081,80.6867334384503,77,63
11,7612,507.343785121657,66,55
83,8365,6248.94404049449,88,5
73,1366,835.022409372706,87,14
68,3155,1699.77010660274,79,11
79,4858,3377.6286262623,95,16
25,3180,365.011447412094,59,34
83,7981,5962.08277192906,87,4
97,6272,5777.77797250802,97,0
18,2781,242.201937926334,85,67
60,1716,730.906459192066,82,22
58,1028,410.569355338616,76,18
98,3549,3327.69009038762,98,0
60,5502,2343.50077999694,83,23
2,4959,245.871646598803,20,18
9,8131,503.562082994045,76,67
53,4564,1538.83953173613,82,29
78,2350,1602.03077862781,86,8
30,2381,333.596482572924,82,52
41,7009,1515.40253342906,71,30
66,5316,2710.42297242754,69,3
94,6455,5631.5823359977,98,4
14,4962,370.36778105605,78,64
73,2086,1275.15135135539,85,12
64,5625,2707.40107877651,92,28
26,6378,761.841919699793,79,53
28,4302,556.533158305731,90,62
55,1085,391.994511788513,56,1
29,3929,528.967390774675,71,42
64,6455,3106.89314906709,92,28
60,9029,3845.77763405896,76,16
84,2305,1750.15075687471,85,1
74,4809,3008.72758237296,89,15
64,1402,674.80467776794,89,25
77,3318,2216.25669385596,87,10
22,2313,235.7249923019,82,60
83,7316,5465.30479381443,97,14
99,1378,1312.38095238095,99,0
37,1595,295.016420277379,83,46
4,3732,195.503878708365,62,58
78,6802,4637.02696009632,82,4
18,1440,125.412006693247,52,34
36,9765,1736.37963243671,78,42
25,6510,747.240415928531,80,55
25,5277,605.712392450823,73,48
13,7377,530.061045416364,90,77
81,5332,3848.00057813926,89,8
11,3059,203.88395148281,76,65
22,5151,524.954360288407,86,64
35,2878,491.916547913695,82,47
70,3687,2093.53817662698,86,16
75,2161,1382.80372483837,81,6
3,6660,339.007482862547,73,70
25,6279,720.725433427842,75,50
4,8755,458.637850506896,52,48
33,4621,729.589801169827,73,40
12,8863,613.247306528262,79,67
80,5903,4182.86338015031,89,9
11,7541,502.611597950921,69,58
59,6812,2810.31234876874,77,18
25,5180,594.578395470014,84,59
40,8770,1824.0520393956,88,48
43,5035,1175.62556601895,75,32
3,3678,187.217645941209,48,45
84,5770,4381.07152588592,89,5
23,5741,608.691476413143,61,38
19,8473,767.349443921754,72,53
62,5705,2586.02326548032,89,27
16,6129,493.953719065511,79,63
41,6651,1438.00003564512,83,42
54,7025,2452.38262633822,90,36
93,7398,6363.42073750056,96,3
10,4048,260.012251141004,68,58
69,9540,5278.26945693601,84,15
34,3559,584.687023605818,74,40
76,2969,1941.72740206869,84,8
19,7365,667.004444055674,73,54
68,8608,4637.59780590693,90,22
10,5617,360.792691368335,28,18
41,4884,1055.96033289592,80,39
60,2163,921.299924960629,76,16
88,5709,4598.19658962906,90,2
35,1573,268.861963123086,64,29
30,6541,916.444599961988,84,54
65,1346,666.989254604723,88,23
36,9174,1631.28998955191,87,51
28,3799,491.461987076586,81,53
91,1578,1322.18935520799,93,2
28,1043,134.928889844927,74,46
46,5915,1547.09231852164,69,23
88,3665,2951.89884410413,88,0
62,1205,546.215255898999,69,7
8,1082,64.6595088836651,74,66
70,6581,3736.79813951239,73,3
33,4439,700.854604499646,77,44
40,7194,1496.26344029783,78,38
24,9222,1017.30099762352,69,45
18,4613,401.753879774966,68,50
72,9383,5600.22912176831,77,5
63,2898,1354.02783795391,67,4
94,2828,2467.25249360209,96,2
73,3674,2245.88018450609,93,20
68,7529,4056.28181699271,69,1
49,4888,1428.46052069673,89,40
27,8492,1055.62924605179,86,59
44,4762,1155.06890558997,83,39
66,6250,3186.6334796223,80,14
85,7171,5530.56976902135,94,9
6,1520,84.8114754656311,23,17
1,6959,337.043710236349,77,76
93,6871,5910.11947652965,93,0
71,2096,1220.60412369847,87,16
3,7186,365.781947725265,79,76
46,9308,2434.54527486042,69,23
53,1267,427.193182889938,73,20
96,2731,2467.73500671246,96,0
69,9896,5475.23632555962,70,1
83,8702,6500.69468504281,87,4
74,6334,3962.83645388861,74,0
87,6077,4826.93156977208,92,5
12,2491,172.356881480526,65,53
0,7565,488.942389957325,67,67
86,9688,7584.8085031775,89,3
26,2232,266.608837373775,88,62
55,8297,2997.58383807308,77,22
13,6405,460.219736463577,74,61
51,8141,2557.38667097605,58,7
29,8811,1186.23865617604,84,55
46,4502,1177.51641893228,56,10
38,2596,499.392611849404,86,48
22,3586,365.460364200005,60,38
44,1408,341.523943525973,79,35
69,6572,3636.14118144481,80,11
5,5342,288.581841790399,86,81
51,8906,2797.70122733235,84,33
79,4916,3417.95436943299,87,8
73,7440,4547.99906715441,90,17
58,5079,2028.48419821481,79,21
15,5710,442.821528686844,67,52
90,1466,1212.5787772163,97,7
55,2774,1002.20532322704,83,28
77,6974,4658.28034446999,80,3
43,3291,768.417822794112,81,38
41,9923,2145.43292041897,78,37
93,5305,4563.11800654778,93,0
14,2641,197.126422766834,59,45
2,4478,222.02323723925,70,68
14,4122,307.669486802305,79,65
70,5020,2850.43711599334,74,4
26,7450,889.890608617664,49,23
8,9471,565.979860108311,73,65
0,6484,419.07501077109,72,72
76,5173,3383.14444287684,87,11
13,4385,315.076275471161,65,52
56,4134,1545.03369744261,65,9
3,5475,278.688583884752,85,82
45,5556,1399.62428848504,67,22
36,3922,697.396919448722,72,36
91,1797,1505.68711743268,94,3
30,5027,704.321511085295,79,49
10,9977,640.845412458942,88,78
63,4363,2038.51741097064,89,26
39,5589,1118.04962307736,75,36
40,4999,1039.73046122447,65,25
94,9392,8193.93048794583,96,2
82,1228,901.960831759925,88,6
67,2402,1259.30796871896,90,23
62,6451,2924.17810440203,80,18
58,4695,1875.11976976148,84,26
72,9114,5439.6768854094,85,13
4,3176,166.377363016551,87,83
88,4376,3524.55916556608,92,4
24,7563,834.292717959951,72,48
96,7702,6959.53680765263,97,1
35,1525,260.657656556075,78,43
95,2898,2568.94475573049,96,1
38,3868,744.087296854197,57,19
12,6088,421.239941571032,61,49
36,6449,1146.7396056922,72,36
50,8796,2665.5816819515,75,25
73,7076,4325.48943537428,87,14
94,8982,7836.23122260748,96,2
59,2594,1070.16298190049,74,15
84,2658,2018.17818298177,93,9
37,9258,1712.38998051911,84,47
38,6558,1261.56269202943,68,30
93,2656,2284.56954295776,95,2
1,1621,78.5095350327808,80,79
11,1235,82.3133965613828,54,43
37,1544,285.583293359419,64,27
78,4048,2759.58323058952,79,1
75,2419,1547.89551614253,94,19
12,3973,274.899193144171,78,66
23,1706,180.879229883439,45,22
97,8671,7987.74119891854,99,2
43,2833,661.479092061902,73,30
32,8493,1288.64952085576,65,33
11,2410,160.627761710877,21,10
8,9719,580.800154196249,81,73
24,3061,337.666271277986,81,57
36,1851,329.138627715345,89,53
97,5842,5381.66117911222,97,0
64,8189,3941.49465495126,90,26
0,5051,326.457106632445,71,71
56,3435,1283.79069925384,78,22
17,5923,496.17230364469,72,55
11,5906,393.637991976945,73,62
21,7402,725.149446793306,33,12
85,4772,3680.36242333983,87,2
7,6617,381.870859279642,56,49
56,3555,1328.63928263389,90,34
58,5287,2111.55659696037,91,33
40,5586,1161.819235127,80,40
11,2360,157.295235534302,81,70
51,3011,945.865528351416,75,24
30,9592,1343.91325528748,72,42
42,2996,673.22556007912,63,21
42,8854,1989.56579070111,65,23
39,4740,948.211703951811,81,42
52,1348,438.79195319328,52,0
71,9588,5583.56504676573,73,2
44,2661,645.45114610981,86,42
96,7449,6730.92569205459,96,0
4,6106,319.867814414062,75,71
81,3667,2646.4024981314,87,6
24,6301,695.078463026002,82,58
89,9768,7974.12729432899,91,2
73,4766,2913.4090798465,83,10
72,1193,712.040215524842,72,0
37,6173,1141.77828361897,72,35
61,4531,1991.46855529834,70,9
28,8101,1047.99514538232,71,43
90,1523,1259.72542817219,95,5
26,7358,878.901355464265,77,51
12,1883,130.288240798005,67,55
36,9395,1670.58747022456,80,44
79,1112,773.14183458289,87,8
41,8396,1815.28316031822,71,30
97,2274,2094.8129957722,97,0
47,7296,1980.8050122571,80,33
18,2648,230.618745641472,66,48
20,5318,500.883404960873,84,64
74,6236,3901.52322804695,75,1
84,3537,2685.58925252314,93,9
85,4954,3820.72829950241,91,6
36,7150,1271.38908058602,91,55
68,1241,668.594200410142,78,10
6,8760,488.781924394032,55,49
84,9133,6934.54527658859,92,8
45,7928,1997.16007183394,89,44
76,9174,5999.80033229309,84,8
80,6493,4600.93713828832,91,11
67,1799,943.170289644215,67,0
23,5161,547.19677926637,75,52
25,4069,467.053955823839,60,35
33,1754,276.931510766474,61,28
21,4200,411.460102206415,75,54
94,2884,2516.10897862391,94,0
79,2589,1800.05774256754,81,2
70,8583,4873.56608895834,73,3
52,4744,1544.23518245469,67,15
0,6833,441.631639204019,58,58
43,3205,748.337624447016,61,18
42,3231,726.03197083299,61,19
13,7351,528.192862255075,73,60
35,3878,662.839601393089,51,16
36,5760,1024.22393065391,72,36
66,6183,3152.47276872075,89,23
10,1718,110.351049273776,67,57
28,4142,535.834575012166,82,54
58,7631,3047.7186289776,92,34
41,8050,1740.4751596667,81,40
53,1441,485.86059711476,82,29
14,8399,626.908301710956,71,57
46,5529,1446.13244786241,67,21
66,4647,2369.32572476877,78,12
8,2518,150.473792392855,85,77
94,2123,1852.18424466663,95,1
90,6022,4981.00231677802,95,5
52,3248,1057.2672581393,76,24
49,6438,1881.42979383092,81,32
13,2319,166.627567347234,56,43
36,1108,197.020853327176,85,49
65,4294,2127.82456112383,78,13
91,3172,2657.78493961962,96,5
63,3963,1851.62605997631,76,13
36,1660,295.175646681509,80,44
50,3106,941.257015022893,71,21
66,1030,525.157197441755,80,14
74,1136,710.732903633954,89,15
46,5738,1500.79724829707,71,25
67,5760,3019.82260608709,85,18
34,6276,1031.04685590057,86,52
39,8679,1736.18763261556,49,10
62,3613,1637.7391863594,75,13
46,7900,2066.27714561639,48,2
28,2761,357.179927959582,88,60
47,2972,806.873971549902,72,25
8,7856,469.46867078565,72,64
81,7410,5347.65271643134,82,1
52,9022,2936.78115853841,84,32
37,3684,681.40469736794,69,32
46,8247,2157.03640758207,87,41
11,4677,311.724498556751,66,55
51,6830,2145.55349008309,65,14
73,9187,5615.92304165962,88,15
39,6542,1308.69218718412,79,40
31,2703,394.114159381969,76,45
59,2199,907.204470778401,62,3
41,2320,501.602778935,82,41
24,2538,279.972883535946,82,58
16,1155,93.0847683995212,84,68
35,7468,1276.45336338411,49,14
60,5395,2297.92561033869,73,13
61,3528,1550.62923484718,62,1
11,5212,347.382528646095,65,54
53,8175,2756.35696142482,58,5
95,7904,7006.53531721662,96,1
3,4955,252.219531168757,68,65
52,4449,1448.20875352886,54,2
94,3583,3125.94260416417,97,3
19,7562,684.845567678072,74,55
84,7589,5762.21001905516,90,6
18,9175,799.066084312879,74,56
65,1322,655.096429856942,72,7
94,4734,4130.11785880916,94,0
26,7784,929.786375500657,35,9
24,3388,373.738427667369,76,52
31,8914,1299.71646937879,54,23
2,8331,413.058416578873,83,81
39,3099,619.938411507734,88,49
96,1472,1330.10103620679,96,0
26,2432,290.498518142035,65,39
28,3756,485.89924281644,71,43
45,6786,1709.47631779328,68,23
42,8741,1964.17377191308,67,25
67,1044,547.342847353285,76,9
63,6130,2864.10995398809,90,27
66,3978,2028.22847711,72,6
63,7430,3471.50684471966,77,14
48,3381,952.493145245363,84,36
96,8283,7484.52913240545,98,2
39,5722,1144.65556329373,47,8
54,2658,927.890821467189,88,34
38,5277,1015.1366767062,60,22
18,2167,188.727651739074,81,63
70,5248,2979.89920014603,71,1
47,1870,507.689881156903,66,19
56,1684,629.37512009999,59,3
76,4140,2707.56195505705,76,0
52,4844,1576.78651429395,92,40
5,1851,99.9934461164411,73,68
80,6129,4343.00688750487,82,2
70,1020,579.1724817357,87,17
23,3409,361.440383747153,80,57
4,4160,217.925009492711,87,83
42,6063,1362.40539744984,58,16
71,9529,5549.20643832193,86,15
67,2491,1305.96842218107,83,16
36,8764,1558.38516115467,50,14
22,5519,562.458379815903,82,60
90,7525,6224.18506040428,93,3
23,1196,126.806306530242,82,59
53,3221,1086.02150125374,82,29
74,2528,1581.63096865021,82,8
62,4591,2081.05746044175,90,28
66,2186,1114.55692583269,73,7
20,3345,315.053589619052,62,42
65,3338,1654.09370867055,84,19
30,6030,844.849554773091,86,56
19,3373,305.472639484017,47,28
69,7479,4137.96407425833,76,7
34,5564,914.076594364363,85,51
15,3523,273.21545456458,73,58
35,4425,756.334511646317,82,47
94,3240,2826.69663340551,94,0
24,2233,246.327600053493,66,42
68,4006,2158.25009415232,71,3
94,5917,5162.21110489518,95,1
23,1820,192.966118632977,71,48
13,4692,337.135207414068,58,45
65,8511,4217.49297618187,84,19
44,3254,789.289000165848,47,3
22,9752,993.856517478653,78,56
4,7905,414.109903855741,82,78
83,4022,3004.57297440154,91,8
80,2533,1794.88276163319,86,6
97,3213,2959.82152832721,98,1
20,9080,855.212733554856,21,1
3,8326,423.810255602638,87,84
80,4959,3513.94536712949,93,13
46,2402,628.252873895008,81,35
70,6077,3450.61879559593,86,16
48,2250,633.868552736488,85,37
62,9740,4415.05111407158,90,28
15,9674,750.237385029165,88,73
58,6239,2491.77257583426,74,16
27,6690,831.625018380411,64,37
15,3306,256.386685435851,47,32
79,8674,6030.78441832013,89,10
78,4459,3039.76818804315,86,8
2,8573,425.056992597609,82,80
66,8862,4518.39134342605,80,14
19,8956,811.091894224387,54,35
62,7651,3468.12690695705,85,23
19,5293,479.35567174293,74,55
68,8243,4440.95245284512,89,21
8,9170,547.99232575158,73,65
99,2439,2322.85714285714,99,0
5,3936,212.62787893804,71,66
32,7542,1144.35354836856,77,45
19,1348,122.080378898445,87,68
12,1431,99.0135276590255,59,47
1,2917,141.27841683567,57,56
96,3698,3341.51741297058,96,0
34,2485,408.245926850367,43,9
13,7950,571.232928163222,48,35
32,9023,1369.0668346499,74,42
25,7843,900.246786809135,76,51
42,8590,1930.24284415208,82,40
31,2068,301.527222198265,79,48
62,9696,4395.10632464456,68,6
10,1251,80.3545766248508,80,70
70,4429,2514.85776628178,74,4
20,2745,258.541734978863,82,62
12,7562,523.228718488855,85,73
63,6871,3210.32618170508,90,27
49,5335,1559.09101430382,67,18
24,4226,466.180222940467,69,45
1,3714,179.879341833281,77,76
31,3126,455.790182104341,86,55
57,6019,2325.99998755505,86,29
17,6201,519.460485379153,29,12
34,8291,1362.07926741102,88,54
23,8987,952.849729755254,50,27
75,3132,2004.13755955288,82,7
58,9530,3806.15365406324,69,11
46,2491,651.531186041826,59,13
50,5493,1664.62484981351,70,20
80,4470,3167.44016758799,80,0
38,3033,583.458317310956,81,43
9,5436,336.657666111872,56,47
5,6467,349.355816334427,62,57
61,1659,729.164937815041,87,26
33,9071,1432.18114832536,84,51
31,7593,1107.10647879663,63,32
68,1161,625.493849054129,92,24
15,5823,451.584896942819,76,61
5,1739,93.9430593173912,65,60
52,8817,2870.05092826792,84,32
46,3083,806.371194928522,75,29
51,1601,502.932816635874,71,20
81,2752,1986.06481452349,82,1
14,2616,195.26040210452,38,24
42,1572,353.241181723757,63,21
44,4067,986.48997039782,56,12
43,8158,1904.81695483269,52,9
55,4637,1675.27977065745,58,3
0,5680,367.110743550246,70,70
74,9798,6130.07129384285,96,22
15,9579,742.869951539629,35,20
83,2377,1775.7011338022,84,1
62,1493,676.762968512204,88,26
98,8659,8119.03874124159,99,1
7,2616,150.970858073982,71,64
92,6725,5708.16562108727,95,3
70,1939,1100.99553145639,88,18
41,4891,1057.4737895565,78,37
49,4791,1400.11341134575,93,44
49,5084,1485.73921588015,75,26
83,8792,6567.92779486283,93,10
73,7370,4505.20875335054,78,5
22,1273,129.735371898106,87,65
20,3163,297.911660378195,62,42
22,7272,741.112038054222,83,61
82,5375,3947.91487842801,89,7
12,9643,667.21694424597,85,73
0,9775,631.779492641488,67,67
0,1148,74.1977347879722,67,67
30,5232,733.04359379317,74,44
39,8694,1739.18830256478,64,25
69,3894,2154.46344500093,84,15
41,2947,637.165254104071,70,29
68,4908,2644.20655569136,83,15
59,5776,2382.90724111689,73,14
82,5801,4260.81008553691,91,9
67,5783,3031.88092552112,70,3
98,2046,1918.41474357088,98,0
97,4551,4192.38959707972,98,1
72,2721,1624.02466592045,75,3
60,4823,2054.29012394134,66,6
40,5366,1116.06194337478,90,50
40,4373,909.530167420406,73,33
92,8574,7277.59286768806,93,1
0,6011,388.50399286629,27,27
32,2811,426.515224670382,62,30
42,1990,447.169180426385,91,49
87,1749,1389.22220100895,92,5
19,3195,289.352233368347,73,54
59,3533,1457.55042985907,85,26
71,4018,2339.87946995251,81,10
39,1414,282.863153879295,47,8
58,6507,2598.80816652565,84,26
82,6660,4891.74197029406,84,2
5,4696,253.68407507445,41,36
70,3221,1828.93584673597,83,13
80,7663,5429.9986586637,83,3
57,2816,1088.22328708341,77,20
29,3209,432.032669125969,53,24
66,3255,1659.59871618729,89,23
59,5291,2182.81894265053,72,13
2,2421,120.035341079997,76,74
85,1440,1110.58715205561,85,0
68,5040,2715.32213542878,82,14
78,6697,4565.44686147678,87,9
73,6707,4099.92335260815,77,4
77,4242,2833.44210227154,77,0
69,8978,4967.32737781672,87,18
62,2360,1069.76597835821,90,28
47,6099,1655.82918993367,65,18
58,1939,774.410486382856,84,26
44,2616,634.535963255642,55,11
32,4515,685.064475057551,65,33
73,6636,4056.52174860708,87,14
22,4380,446.37936285444,63,41
42,1188,266.953259470626,89,47
42,9394,2110.90818136958,74,32
7,6274,362.076132857862,66,59
73,5706,3488.02186521278,80,7
67,8049,4219.88752715191,75,8
46,3203,837.757683216366,76,30
46,7388,1932.36146225492,66,20
98,8636,8097.47298410467,98,0
58,2096,837.114171974453,89,31
62,6109,2769.15269567385,90,28
29,4011,540.007178518,75,46
26,6153,734.966028835502,70,44
54,1108,386.795722417474,83,29
53,7131,2404.35247607589,83,30
30,2618,366.802012337637,74,44
14,3957,295.353750431034,66,52
38,6717,1292.14952765503,77,39
37,9624,1780.08653840094,76,39
39,3563,712.759135270106,54,15
15,9407,729.531019326996,33,18
95,8489,7525.11112194483,99,4
74,4965,3106.3282275903,85,11
51,2694,846.284202384163,93,42
98,2137,2003.7401305039,98,0
56,1884,704.122759066735,91,35
61,6238,2741.73048950586,86,25
27,2123,263.907311512946,81,54
66,2307,1176.25014999818,83,17
79,8574,5961.25727492239,87,8
9,6755,418.344837120253,81,72
73,7991,4884.81996581061,93,20
29,4198,565.183279835094,64,35
98,9175,8602.86181440023,98,0
74,7759,4854.3808092393,83,9
28,9247,1196.24874822248,40,12
57,3173,1226.18341261209,66,9
75,5938,3799.67076265166,84,9
35,2486,424.914710949773,84,49
84,4573,3472.20798750023,90,6
16,9722,783.523912017442,67,51
60,1578,672.127268417879,86,26
11,9468,631.047156796091,90,79
28,6261,809.961437506319,67,39
29,7762,1045.01015199619,60,31
98,3358,3148.60054198975,98,0
22,9474,965.524676639947,71,49
86,2911,2279.04392575864,93,7
82,9954,7311.17110695301,85,3
36,7912,1406.88537141211,87,51
81,1343,969.216949820146,83,2
6,6653,371.217596232134,42,36
30,6461,905.235982319891,59,29
27,1688,209.833039017359,78,51
11,5637,375.709001146976,83,72
21,3645,357.088588700568,70,49
2,7862,389.804977930993,78,76
4,1677,87.8510194517493,75,71
57,2280,881.089877326054,83,26
59,5664,2336.70128353291,84,25
96,8611,7780.91034156022,99,3
81,3823,2758.98466058259,90,9
57,8144,3147.19121094008,88,31
3,4839,246.314896332112,66,63
19,6072,549.905089518812,69,50
68,9317,5019.57466979959,84,16
42,2441,548.512547447641,81,39
83,7101,5304.69236479993,88,5
45,6013,1514.74817254509,81,36
20,2235,210.506658534703,85,65
43,6585,1537.53611762359,67,24
31,5464,796.685078380717,73,42
61,4174,1834.55964462928,87,26
10,5140,330.153895964615,66,56
9,5674,351.397276953415,57,48
11,1656,110.373266968138,30,19
52,9379,3052.98941320458,74,22
80,2663,1887.00070834157,84,4
76,8038,5256.85579583299,93,17
39,2145,429.095802737686,85,46
59,3858,1591.63021749116,78,19
56,8659,3236.19902906521,74,18
69,5633,3116.613401564,89,20
82,2617,1922.17548592486,86,4
34,5972,981.104497042411,77,43
67,1832,960.471356658256,72,5
18,8672,755.258973641557,78,60
7,4066,234.651188428445,73,66
50,2875,871.253676172189,57,7
14,1761,131.442495453387,50,36
3,2512,127.865885428036,76,73
86,5374,4207.34526177497,96,10
52,8604,2800.71659145028,74,22
14,7812,583.094136559827,58,44
86,1300,1017.77983630582,88,2
35,5846,999.216170640535,67,32
25,8367,960.393327200311,84,59
3,9762,496.905562718347,81,78
80,4650,3294.98809379958,88,8
14,4320,322.448370447831,78,64
22,8109,826.413299859967,63,41
70,7216,4097.36140020079,95,25
32,4114,624.22043197935,38,6
79,6698,4656.92806478075,81,2
54,2309,806.05715077793,89,35
84,5131,3895.88873471762,88,4
84,1982,1504.90186556428,93,9
60,8083,3442.84202194025,88,28
0,8595,555.513528312387,54,54
17,9930,831.840448284952,53,36
73,6244,3816.8959913054,77,4
48,3734,1051.9400781858,74,26
89,6213,5071.9955855514,98,9
5,6140,331.690847733629,82,77
28,3548,458.991084534806,81,53
39,5555,1111.2481045258,74,35
94,9343,8151.18106355174,95,1
81,6509,4697.41856022288,82,1
63,6106,2852.89647292843,72,9
70,2722,1545.59558361233,85,15
54,6524,2277.48672658086,84,30
37,4958,917.047907044041,58,21
69,9419,5211.32285271282,75,6
0,6610,427.218664589282,89,89
75,6482,4147.77128385114,89,14
37,7435,1375.20193402026,79,42
10,1154,74.1240459033396,68,58
41,5232,1131.20074973617,91,50
34,8803,1446.19271390897,69,35
37,8963,1657.82581501326,69,32
14,3814,284.680112242599,74,60
83,7326,5472.77513934999,98,15
72,4322,2579.57905406401,78,6
53,4364,1471.40572228231,84,31
43,5999,1400.71058004919,71,28
87,5229,4153.36929049502,94,7
30,5502,770.872678335248,57,27
69,9791,5417.14216487007,78,9
56,5814,2172.91386476327,65,9
49,4306,1258.37786459086,77,28
12,9741,673.997744882298,46,34
81,6045,4362.55879498346,82,1
19,9294,841.7025530283,30,11
2,5645,279.884138949434,84,82
65,9916,4913.71875829155,81,16
73,8370,5116.49895054872,76,3
46,2598,679.51747143182,74,28
29,2677,360.408680352203,75,46
11,4181,278.665838885135,69,58
95,6338,5618.34777840574,96,1
23,7226,766.139106176863,87,64
4,4463,233.797912828358,90,86
69,7270,4022.32903060008,70,1
68,7631,4111.23476497163,82,14
89,5117,4177.2736860239,89,0
18,2602,226.612528760993,55,37
33,6709,1059.25513439696,89,56
39,7805,1561.34859690799,91,52
87,8945,7104.97003317612,97,10
66,1477,753.065223904341,86,20
12,4456,308.318853423213,88,76
44,3965,961.748889261705,93,49
26,4291,512.553100883006,72,46
37,4649,859.894255717577,62,25
10,7775,499.40594185309,74,64
93,7618,6552.65466048651,94,1
53,3712,1251.57150346287,67,14
55,5504,1988.51409482394,68,13
70,7305,4147.89703831303,77,7
67,6132,3214.85281606355,80,13
1,9279,449.407757908188,77,76
1,1260,61.0253017528092,71,70
90,2645,2187.77003119858,93,3
39,2343,468.704646067319,83,44
57,8702,3362.82636512777,62,5
31,6869,1001.54278978718,91,60
63,3983,1860.97062752603,80,17
22,4665,475.424595368942,67,45
4,3988,208.914648523301,81,77
97,4366,4021.96725573502,98,1
48,6071,1710.31821496143,70,22
62,5103,2313.14228286522,80,18
44,3688,894.559874803826,89,45
44,6866,1665.41434392708,75,31
8,7699,460.086468479979,63,55
74,7974,4988.89451899397,84,10
50,9715,2944.07981356967,84,34
39,7224,1445.12264754175,63,24
97,2483,2287.34418139946,97,0
36,8483,1508.41868120436,57,21
12,3223,223.005310723298,85,73
53,9555,3221.65024665616,77,24
75,3285,2102.04083114023,78,3
77,2653,1772.07022567807,89,12
26,4837,577.771929380354,57,31
81,7993,5768.39246456622,89,8
52,5566,1811.80713017344,78,26
41,4130,892.939429742048,93,52
48,5272,1485.22444890079,79,31
15,7233,560.933120313826,84,69
10,7098,455.92069135347,44,34
52,9297,3026.29732109638,85,33
87,1417,1125.51621431085,87,0
61,9287,4081.82928118643,91,30
70,1879,1066.92656194253,82,12
25,7143,819.898354988863,81,56
3,6054,308.160856043523,61,58
62,7421,3363.870053134,77,15
6,6318,352.525593415695,32,26
29,3470,467.171505723625,36,7
68,6557,3532.61254801716,78,10
2,8881,440.327907530545,59,57
38,6388,1228.85978601463,72,34
2,3561,176.557558688917,70,68
52,4402,1432.90962756441,62,10
91,8533,7149.70961216085,97,6
59,3278,1352.34936571696,81,22
76,8545,5588.43403525665,81,5
31,4949,721.594885231729,90,59
51,6756,2122.3073761349,69,18
68,2742,1477.26454272732,72,4
4,6011,314.89116155305,74,70
56,6085,2274.19691556321,91,35
86,8757,6855.92155886926,91,5
56,3605,1347.32619237557,69,13
68,2502,1347.96348865929,80,12
9,9433,584.196424656602,56,47
33,4702,742.378542545018,72,39
80,6294,4459.9258198655,83,3
79,8269,5749.19948755928,93,14
22,5007,510.278874386343,77,55
39,7910,1582.35328655249,60,21
29,6143,827.041659844446,85,56
49,6728,1966.17888364313,53,4
6,6728,375.402372982083,80,74
92,8603,7302.20800568234,92,0
21,1748,171.24577587067,41,20
93,2681,2306.07339784252,95,2
80,7957,5638.32693814264,80,0
0,8340,539.032324156522,64,64
35,7175,1226.37290871465,58,23
14,6063,452.547331024351,70,56
31,2129,310.421400415912,83,52
61,1650,725.209250991452,81,20
44,3953,958.838173833927,64,20
55,8455,3054.66690983583,64,9
41,7116,1538.53679952649,78,37
51,5855,1839.27023198191,77,26
60,4300,1831.52550963047,76,16
66,7969,4063.08515185761,93,27
38,8019,1542.61531372125,71,33
95,8119,7197.12300613382,98,3
13,1925,138.317407133862,65,52
83,3617,2702.02398021143,89,6
65,7938,3933.55178532859,82,17
18,3868,336.870584645473,50,32
3,2377,120.994112126768,59,56
29,2826,380.468782471171,67,38
30,7454,1044.36294880242,53,23
4,5290,277.120985628953,69,65
3,1530,77.880097414369,69,66
81,7615,5495.59722478065,88,7
9,1556,96.3648507119339,77,68
68,2821,1519.82613969139,84,16
92,5058,4293.21958534712,96,4
58,4997,1995.73450255551,86,28
70,8813,5004.16380542816,71,1
78,5832,3975.76319189675,82,4
43,5823,1359.61622064118,93,50
64,6704,3226.74077015426,76,12
22,9855,1004.35356642249,91,69
79,9160,6368.68633523316,97,18
38,1930,371.274168285574,78,40
44,4024,976.059906781615,72,28
45,7165,1804.95104877525,51,6
73,6747,4124.37496049608,82,9
63,3619,1690.89949812119,92,29
96,3678,3323.44538802212,98,2
17,2359,197.61446299136,73,56
99,8481,8077.14285714286,99,0
94,5300,4623.91733242259,97,3
19,6051,548.00324385348,67,48
38,2594,499.007871778642,79,41
67,2161,1132.95775204066,69,2
29,2931,394.605096044941,88,59
5,1937,104.63927883714,74,69
45,9989,2516.35115508946,88,43
51,9503,2985.24082229276,84,33
77,4941,3300.33885604047,81,4
68,3478,1873.78777520264,71,3
73,5301,3240.44933534752,77,4
85,1318,1016.49574056201,94,9
5,7570,408.941322042928,46,41
72,4883,2914.41104141476,82,10
24,5283,582.780434878014,75,51
37,2278,421.346335668884,84,47
1,6876,333.02378956533,77,76
94,5123,4469.49594226432,95,1
27,1087,135.123526902766,69,42
57,7787,3009.23108541139,82,25
56,9366,3500.43193281265,71,15
51,4284,1345.76151559531,80,29
12,4566,315.929956178274,83,71
7,7542,435.253138988523,58,51
17,1050,87.9589597884391,61,44
57,3294,1272.94300697896,81,24
10,1549,99.4957947177409,72,62
46,8426,2203.85458594477,78,32
24,3254,358.956565416063,33,9
48,4956,1396.20113216091,92,44
56,7257,2712.21807990833,73,17
95,1147,1016.7631590141,98,3
80,1986,1407.27878586795,88,8
76,6715,4391.61317106476,86,10
99,3385,3223.80952380952,99,0
73,1164,711.541789538674,81,8
89,3683,3006.62477733555,92,3
40,2717,565.102553140006,72,32
6,7525,419.872600578206,89,83
39,3855,771.17217694815,71,32
13,4663,335.051464657246,73,60
46,5811,1519.89069533884,89,43
37,1444,267.086966069301,80,43
59,9225,3805.80320278797,69,10
95,1181,1046.90260749403,95,0
21,1621,158.804006113476,79,58
16,4352,350.740183614473,69,53
13,3608,259.246340228039,87,74
47,2705,734.385630229638,85,38
98,6143,5759.9324387859,98,0
15,8521,660.820008045639,88,73
53,3899,1314.62211530218,72,19
72,3628,2165.36622122727,80,8
41,3294,712.189462849953,77,36
58,3547,1416.6240305312,75,17
16,3606,290.617900301882,85,69
68,5495,2960.4553837661,85,17
42,5078,1141.06788854532,42,0
90,9815,8118.3224409127,96,6
33,9032,1426.02360618175,71,38
51,8967,2816.86356450586,69,18
57,3987,1540.74795653464,75,18
80,7578,5369.76769350823,90,10
44,1137,275.790286781982,87,43
25,8625,990.007463499782,87,62
86,6739,5276.01408989607,87,1
51,3466,1088.7977154653,79,28
27,2360,293.368466872611,86,59
38,8152,1568.20052842694,80,42
96,5927,5355.64459347665,96,0
82,3802,2792.55299865736,96,14
28,5183,670.504732565924,81,53
35,1109,189.553666308648,61,26
8,3056,182.624269083624,56,48
77,9429,6298.09655405901,87,10
70,6853,3891.24413464191,75,5
15,5040,390.861734602749,70,55
60,5061,2155.66293121856,80,20
80,5607,3973.11790149124,82,2
24,1677,184.993902951056,63,39
55,4508,1628.67397156002,84,29
21,5534,542.147668002453,69,48
4,2221,116.348905308488,77,73
10,6548,420.592939839747,78,68
29,4170,561.413596215422,46,17
48,8492,2392.36077770589,54,6
29,7134,960.461533669262,58,29
61,5989,2632.28982071988,86,25
37,8658,1601.4120167784,64,27
81,7995,5769.83582562328,81,0
76,1693,1107.22279949555,82,6
86,4322,3383.72650193365,89,3
1,2844,137.742823956341,82,81
18,7357,640.733425862654,83,65
22,8840,900.911773432249,89,67
98,1084,1016.403510279,98,0
60,6042,2573.50630911332,83,23
73,9244,5650.76658289992,78,5
8,3557,212.563653511273,84,76
61,1328,583.683566858574,83,22
74,7625,4770.54435757826,77,3
33,2456,387.76726935146,68,35
26,1655,197.687108357347,62,36
52,5782,1882.11800694625,71,19
14,1238,92.4053431977811,83,69
85,5241,4042.07448883572,88,3
26,3108,371.245639138752,65,39
63,6837,3194.44041687056,85,22
94,5077,4429.36382956782,97,3
50,3319,1005.80554824887,77,27
9,5795,358.890944650165,38,29
87,4524,3593.39121633189,87,0
50,6671,2021.61157347641,59,9
78,4486,3058.17449911674,90,12
49,1597,466.704470448584,85,36
4,9280,486.140405791433,64,60
36,3757,668.057171435198,76,40
92,2259,1917.4343699682,92,0
75,4041,2585.79817310127,78,3
70,2583,1466.66913757187,74,4
31,3002,437.710213268468,62,31
86,2086,1633.14518348764,86,0
63,1434,670.005493314669,85,22
46,3280,857.897346534399,84,38
40,8793,1828.83575626061,79,39
30,7930,1111.0542237729,67,37
45,4223,1063.82530062497,86,41
78,7614,5190.57972275409,96,18
65,2838,1406.32652642511,91,26
85,5863,4521.78643923751,92,7
91,2754,2307.54720167479,94,3
80,1655,1172.73232155663,86,6
83,4407,3292.18127752053,87,4
38,5211,1002.44025437105,63,25
5,6280,339.253831232442,87,82
12,5168,357.583445801428,37,25
18,3851,335.390026233122,88,70
77,6377,4259.51444747421,94,17
58,9338,3729.47143983657,91,33
87,1869,1484.53761788778,88,1
90,9404,7778.37027349394,92,2
73,3846,2351.02209842418,79,6
32,2336,354.443103817151,80,48
69,2438,1348.8910834392,91,22
40,4848,1008.32432006726,76,36
52,2927,952.77748293526,53,1
22,1310,133.506156470164,84,62
38,2994,575.955885931092,69,31
21,3056,299.386207700668,60,39
29,5399,726.87578080745,47,18
93,2729,2347.36079922128,95,2
47,4086,1109.31596492359,83,36
67,6318,3312.36792105178,74,7
99,8771,8353.33333333333,99,0
32,5955,903.556799328397,70,38
7,4609,265.988029381875,78,71
95,7305,6475.54915134962,95,0
15,6926,537.124677352904,88,73
12,2983,206.399268348619,76,64
94,1635,1426.43487519074,95,1
60,4176,1778.70942516671,83,23
95,5993,5312.52102177116,95,0
54,3518,1228.11132803671,80,26
1,6819,330.263121152703,58,57
33,5865,925.999606981397,66,33
63,4334,2024.96778802355,84,21
62,5175,2345.77921101852,67,5
52,8516,2772.07141943173,88,36
92,5111,4338.20587202632,92,0
99,4198,3998.09523809524,99,0
21,8334,816.45440280673,77,56
46,2604,681.086795846212,72,26
24,9023,995.348829056279,64,40
47,6559,1780.71547085996,78,31
92,9418,7993.97826310779,94,2
12,8689,601.20792580662,54,42
34,6433,1056.8394557056,80,46
59,9166,3781.46256441784,92,33
93,2878,2475.5237743345,94,1
72,5510,3288.63502727735,75,3
37,5349,989.368546748402,55,18
33,3727,588.43998895476,64,31
76,2454,1604.91715886715,87,11
39,1412,282.463064552733,66,27
93,7617,6551.79450629112,96,3
63,2192,1024.16460344892,79,16
4,4117,215.672419250359,77,73
96,8919,8059.21952576653,96,0
73,3627,2217.14954523778,80,7
17,5522,462.580358049296,85,68
75,3936,2518.60965338446,96,21
70,1322,750.652961622152,84,14
29,4497,605.438115630876,72,43
41,5806,1255.30419590371,77,36
52,3445,1121.39338186265,70,18
18,3772,328.509784199256,83,65
29,4488,604.226431610267,50,21
14,6628,494.719397992644,76,62
25,9395,1078.39073850208,40,15
74,2804,1754.3090332655,74,0
78,8704,5933.64931794742,79,1
37,3541,654.954949343072,85,48
33,4283,676.224435925204,72,39
25,6217,713.608858038046,84,59
16,2230,179.722106953188,74,58
3,1276,64.9509832030947,64,61
52,1463,476.225984808434,60,8
49,1564,457.060608504437,73,24
23,1824,193.39021999261,76,53
11,3069,204.550456718125,46,35
57,9306,3596.23789403344,74,17
87,5505,4372.59474931633,88,1
70,4820,2736.87388428046,70,0
5,7262,392.30275834554,88,83
75,8524,5454.42801967712,91,16
35,2737,467.8163973731,75,40
97,2562,2360.11912716288,97,0
77,5735,3830.6908195491,85,8
19,9029,817.703072013398,88,69
41,8837,1910.63092993474,85,44
14,5608,418.58575497024,41,27
60,7286,3103.37089841107,87,27
81,5644,4073.16490304163,91,10
94,5672,4948.4639829247,96,2
11,8540,569.195470958874,84,73
36,6479,1152.07410533102,53,17
37,4228,782.024717826181,62,25
33,3924,619.543471064791,42,9
66,7577,3863.2195000157,90,24
68,5639,3038.03601620692,80,12
56,6596,2465.17713312324,84,28
67,9408,4932.37692327558,91,24
57,2877,1111.79630573116,60,3
7,3621,208.969983595524,82,75
48,9193,2589.84604680291,73,25
41,1601,346.149159084024,81,40
51,1430,449.215445215053,64,13
20,6556,617.486198368462,89,69
85,3221,2484.1675116466,86,1
30,2418,338.780468232394,68,38
91,5723,4795.24060827336,97,6
13,5857,420.844183679496,49,36
37,7095,1312.31442123386,78,41
69,7298,4037.82080678396,72,3
36,7030,1250.05108203073,77,41
34,7795,1280.59436611614,62,28
5,1930,104.261129662199,85,80
36,5807,1032.5813134214,71,35
26,5491,655.891185492563,76,50
9,1293,80.0769614206495,54,45
20,2489,234.430010332383,47,27
93,6306,5424.13235613389,94,1
38,1730,332.800161209348,49,11
12,5891,407.60914845515,71,59
27,7263,902.853887667702,88,61
57,2472,955.286919627195,80,23
7,1285,74.1580858658515,69,62
59,7929,3271.13426503044,81,22
74,1769,1106.76629095816,83,9
23,3207,340.023265085691,66,43
44,6719,1629.7580799368,86,42
63,2983,1393.74225004021,80,17
59,1755,724.030853213321,67,8
90,3974,3287.0314192753,90,0
65,1393,690.279369735794,90,25
50,7999,2424.05501067873,87,37
45,4377,1102.61978234323,60,15
29,3098,417.088566205127,73,44
14,8776,655.047893298649,85,71
88,8737,7037.03688975111,99,11
43,8983,2097.44676455774,62,19
25,9122,1047.05485009218,84,59
82,1899,1394.80750774601,91,9
66,1999,1019.2128521224,75,9
57,5511,2129.68697979995,76,19
65,9152,4535.13050382052,81,16
32,7271,1103.23450678703,89,57
25,4587,526.511795370841,72,47
2,8912,441.864915202367,64,62
78,6319,4307.75850644643,88,10
71,3071,1788.3946869647,78,7
61,8456,3716.58753114165,85,24
55,5234,1890.96707345721,75,20
59,8088,3336.73022267199,80,21
22,2472,251.929174652095,83,61
35,7856,1342.77150813412,69,34
11,8021,534.603849246034,88,77
71,9827,5722.74652842791,86,15
94,2639,2302.36185665343,96,2
56,9851,3681.69495730701,68,12
7,7843,452.624021358656,72,65
87,2927,2324.9018767028,87,0
31,7151,1042.66013826876,74,43
27,7485,930.450412941312,68,41
29,3193,429.878564200442,70,41
6,4051,226.033741520573,83,77
9,7436,460.519942091221,62,53
34,2342,384.753304098012,69,35
4,2462,128.973887829581,65,61
93,4836,4159.70568890953,96,3
41,4539,981.368540338779,78,37
40,1753,364.602420189337,81,41
62,4205,1906.08726228655,91,29
93,3477,2990.75613737354,96,3
43,1388,324.085061694995,90,47
65,6416,3179.34848257348,90,25
81,4075,2940.84815377297,92,11
59,1354,558.59702293495,77,18
97,5956,5486.67818945437,98,1
30,4495,629.784203765347,59,29
22,5106,520.368270944012,77,55
18,2615,227.744720488085,77,59
56,3470,1296.87153607302,65,9
66,9205,4693.27378878772,67,1
43,3779,882.36127387996,79,36
40,1439,299.294285597522,81,41
26,8668,1035.37876449636,79,53
70,3532,2005.5266720495,89,19
47,6603,1792.66111512248,89,42
73,3476,2124.84472546085,85,12
20,6476,609.951284416437,51,31
4,6389,334.693001357917,34,30
88,2535,2041.76359339808,95,7
25,6121,702.589644531266,81,56
13,7698,553.125922138426,73,60
2,6035,299.220687078802,74,72
53,1392,469.339313798574,76,23
63,6067,2834.67456620648,77,14
98,3923,3678.36805426617,98,0
22,2770,282.299277421644,70,48
85,4913,3789.10741531194,87,2
10,1964,126.152189041732,72,62
79,1113,773.837106016867,93,14
60,8376,3567.64131829414,71,11
42,4038,907.371432443087,89,47
39,9169,1834.20951762324,74,35
51,4671,1467.33240881085,89,38
4,1478,77.4262413534201,52,48
81,5911,4265.85360416,83,2
8,2218,132.546017286478,86,78
92,6090,5169.17897879873,96,4
76,3974,2598.99787666588,97,21
17,1608,134.702864133152,67,50
67,9738,5105.38759341599,84,17
6,9362,522.371732440288,51,45
16,9502,765.793479941342,78,62
14,3715,277.290670419836,51,37
82,1642,1206.0420893728,85,3
21,2504,245.308594267825,79,58
69,8872,4908.67993940632,81,12
81,1857,1340.16074148623,92,11
78,1043,711.028979620767,82,4
28,3702,478.913470954862,63,35
75,6670,4268.07072867743,90,15
10,9480,608.921971545632,66,56
78,7846,5348.73765494203,94,16
19,3305,299.314282091514,69,50
71,2121,1235.16285608992,84,13
9,1060,65.6470062690552,50,41
66,2616,1333.79730923071,69,3
71,1749,1018.52891810526,84,13
72,1851,1104.76650371876,77,5
52,6682,2175.07999349963,90,38
87,5425,4309.05113806377,89,2
61,9541,4193.4675537633,82,21
3,4969,252.932159511111,73,70
35,9031,1543.6060959724,76,41
61,1049,461.057275327293,66,5
49,6020,1759.27420920506,88,39
97,2536,2336.16787919011,97,0
37,3687,681.959587186644,64,27
34,4079,670.114742705291,64,30
21,6795,665.683665355379,82,61
72,1310,781.871485614035,77,5
23,6442,683.015239688811,81,58
53,1073,361.782387719734,86,33
77,8915,5954.77047188844,79,2
35,3286,561.653153733287,84,49
67,2710,1420.78459418334,76,9
96,7002,6327.01593445647,98,2
68,6581,3545.54265342397,87,19
63,3124,1459.62145126571,75,12
44,4328,1049.798030952,89,45
26,4085,487.946729691699,81,55
58,1667,665.777349561743,75,17
69,5268,2914.66703345272,70,1
71,2617,1524.00810673612,88,17
89,3480,2840.90530141942,97,8
0,8804,569.021652502881,74,74
29,3595,484.000450454303,70,41
64,4536,2183.24822992538,78,14
38,6940,1335.04804554502,90,52
33,5600,884.159897544045,90,57
70,1367,776.20468875755,76,6
77,8857,5916.02939646841,77,0
40,9887,2056.37428888305,86,46
3,8158,415.258715494394,90,87
7,3202,184.789253651717,49,42
22,1188,121.072758692026,70,48
74,4848,3033.1277436773,88,14
46,9685,2533.15115889807,73,27
29,1391,187.272496962986,74,45
2,4093,202.93459357308,88,86
64,9297,4474.79250300181,87,23
7,2606,150.3937523474,71,64
35,5625,961.442175821589,82,47
73,6558,4008.84111322562,74,1
93,5946,5114.47684579323,97,4
88,3512,2828.66814201738,89,1
39,9187,1837.8103215623,86,47
15,6682,518.202006074517,84,69
99,4611,4391.42857142857,99,0
82,7600,5582.16801414938,92,10
45,8262,2081.29875296317,78,33
28,8158,1055.36901568065,45,17
0,8309,537.028726788555,39,39
10,9355,600.892937110695,70,60
4,3714,194.560933955752,77,73
59,9676,3991.86469270205,84,25
53,6168,2079.65868355575,65,12
10,1749,112.34224981364,85,75
95,4282,3795.79759973704,98,3
98,5208,4883.23752908952,98,0
83,2484,1855.63383103267,87,4
44,4488,1088.60756998904,80,36
1,3295,159.586007361513,66,65
5,1571,84.8674791188163,81,76
28,7484,968.176233556507,74,46
44,2699,654.668411631108,82,38
4,9584,502.06569494667,64,60
33,3799,599.80775906604,64,31
82,6178,4537.71499887037,90,8
2,9583,475.133694163407,76,74
23,6140,650.995587036526,91,68
52,9234,3005.78998203765,78,26
94,7362,6422.88290590473,96,2
3,4122,209.818144798712,70,67
65,8693,4307.68023051921,66,1
73,1982,1211.57717084678,76,3
69,1489,823.830526349866,71,2
15,7160,555.271829316603,52,37
46,1237,323.542383433857,71,25
89,2436,1988.63371099359,90,1
60,7773,3310.80181078085,69,9
94,5612,4896.11774897275,98,4
80,8784,6224.33879912593,90,10
70,6606,3750.9935434765,71,1
67,3538,1854.88409380836,90,23
40,6525,1357.1196758331,53,13
44,5865,1422.61216532658,93,49
88,9208,7416.39414911619,88,0
21,8301,813.221502003679,81,60
53,8515,2870.99443749631,68,15
93,5622,4835.78688648664,94,1
6,4727,263.752529293446,70,64
98,7708,7227.34156571084,99,1
14,2004,149.580216291077,37,23
35,5060,864.870650605732,69,34
26,1622,193.745311030584,65,39
22,1944,198.119059677861,69,47
40,8264,1718.81026836548,70,30
28,4864,629.236932124379,74,46
36,2133,379.282924320276,73,37
64,4898,2357.48453046175,74,10
14,6970,520.246560653098,52,38
52,7634,2484.96867260942,77,25
43,8569,2000.78162367753,84,41
81,7997,5771.27918668035,92,11
37,5986,1107.19015158645,90,53
91,5190,4348.64559792744,96,5
44,8002,1940.96207109008,78,34
27,3897,484.43089635702,67,40
42,3379,759.288774201384,85,43
60,9307,3964.18788793739,69,9
51,6489,2038.43288391642,55,4
24,4743,523.211736253345,78,54
73,3968,2425.59950248235,90,17
59,6561,2706.76149739749,92,33
4,8493,444.912765774423,87,83
72,5480,3270.72957340833,83,11
72,6642,3964.26748660185,77,5
59,2906,1198.8795780273,83,24
63,2521,1177.88273964176,78,15
26,4001,477.91306376903,73,47
74,1694,1059.84290383443,90,16
73,4774,2918.29940142408,74,1
26,6429,767.9337882957,48,22
53,1321,445.400311442469,91,38
88,2822,2272.92183848891,88,0
31,6230,908.372627802318,78,47
83,4726,3530.48530010484,94,11
2,9306,461.399786902292,63,61
51,1325,416.231094342619,70,19
16,7916,637.973183247281,91,75
49,2369,692.312392293485,78,29
16,6339,510.878222410879,35,19
68,4810,2591.40862528024,70,2
27,9141,1136.30557444175,76,49
95,2883,2555.64794022464,99,4
17,8635,723.357731212544,86,69
77,7571,5057.04624146577,77,0
75,6346,4060.74615355127,90,15
4,5364,280.997536278583,70,66
92,8863,7522.89544976899,92,0
5,8131,439.247277348883,45,40
15,3847,298.342280360471,31,16
17,9207,771.27442168777,89,72
91,7734,6480.23604130458,96,5
26,4658,556.390665092762,89,63
6,9571,534.033310316813,61,55
67,9279,4864.74547949343,82,15
22,6521,664.575302551097,68,46
85,2014,1553.27953072222,93,8
49,7551,2206.69095576535,92,43
39,9513,1903.02488179189,67,28
71,6561,3820.79372880997,76,5
83,6161,4602.47988445745,85,2
79,8947,6220.59351979597,79,0
55,2741,990.282909504437,87,32
39,2423,484.708219129797,83,44
38,9037,1738.44800973924,53,15
44,1509,366.022465043106,75,31
75,2415,1545.33595348666,88,13
61,1563,686.970945030084,71,10
97,1624,1496.03179645297,97,0
77,4753,3174.76433571349,96,19
29,1182,159.134501373292,80,51
18,1299,113.132081037867,79,61
95,8209,7276.90389916893,98,3
10,8690,558.178473916829,63,53
28,6923,895.601825883444,49,21
22,3786,385.842983508427,38,16
61,5591,2457.36055896558,77,16
65,8024,3976.16774067481,70,5
48,4096,1153.92248533718,72,24
81,2043,1474.39331979342,88,7
76,2633,1721.9832433974,76,0
47,1083,294.025744006913,86,39
97,1825,1681.19336731938,99,2
88,1107,891.610373921767,98,10
91,3413,2859.71626699929,94,3
50,3099,939.135701724387,72,22
1,6153,298.006890226218,82,81
73,6694,4091.97658004458,95,22
5,9840,531.5696973451,61,56
2,2439,120.927797147506,77,75
64,4480,2156.29454807445,74,10
96,3238,2925.86083915596,98,2
16,2707,218.164907409094,81,65
31,2660,387.844492769529,70,39
52,5116,1665.32613689675,80,28
29,3175,427.455196159224,46,17
43,1518,354.438849894094,69,26
25,8821,1012.50502440946,72,47
26,4333,517.569933844341,73,47
27,8214,1021.07143512357,90,63
94,2120,1849.56693296903,97,3
93,1172,1008.10071699793,97,4
67,2040,1069.52050632251,72,5
69,8756,4844.49972378739,86,17
45,2870,722.9880683859,63,18
20,6298,593.186100873181,70,50
51,2777,872.357546407135,70,19
51,8758,2751.20899943597,73,22
95,3449,3057.38111197876,98,3
17,4633,388.108438761751,81,64
72,2310,1378.71994791482,74,2
25,7689,882.570131808676,89,64
10,8467,543.854676484902,84,74
53,9113,3072.62152776322,77,24
93,2691,2314.67493979643,94,1
76,2258,1476.73306630889,81,5
98,2653,2487.56320366254,98,0
93,6983,6006.45674641341,95,2
81,5620,4055.84457035683,83,2
66,8624,4397.04434052203,77,11
30,2327,326.030665664508,85,55
66,8906,4540.82524312259,72,6
70,1071,608.131105822485,75,5
75,2091,1338.0113783605,85,10
11,2578,171.825049664166,86,75
21,4982,488.07005456961,61,40
86,2972,2326.80128730837,87,1
46,5914,1546.83076445257,70,24
29,4031,542.699809674908,76,47
48,1252,352.712634678259,76,28
45,9826,2475.28946340064,70,25
23,2490,264.00309637149,90,67
21,5693,557.724371871696,47,26
21,4044,396.177298410177,84,63
91,2960,2480.15240267152,94,3
82,8511,6251.29368005597,94,12
72,3330,1987.50537946163,82,10
97,2852,2627.26766224376,98,1
88,7947,6400.74764368228,91,3
92,1297,1100.89082684761,98,6
5,1525,82.3824988263493,77,72
60,6425,2736.63986031995,80,20
77,6318,4220.10542247798,84,7
5,1167,63.0428695936719,68,63
5,1515,81.8422857192913,86,81
83,5250,3921.93140616809,85,2
57,8325,3217.13738102605,59,2
10,5789,371.840642750808,61,51
4,1776,93.0372155911191,85,81
44,6128,1486.40534511872,73,29
23,1153,122.247216914188,81,58
89,5291,4319.31895109487,91,2
41,9342,2019.81601759085,80,39
46,3446,901.31532199925,75,29
46,8401,2197.31573421814,90,44
41,6384,1380.27247444873,80,39
26,7529,899.327032521127,88,62
81,3286,2371.44221676024,84,3
88,6572,5293.28218375235,92,4
27,9804,1218.72222424537,90,63
98,6874,6445.34845909397,99,1
44,8586,2082.61688857528,71,27
59,3583,1478.17808949477,83,24
41,2893,625.490017008171,74,33
52,2494,811.830216071247,83,31
26,3315,395.9714587339,75,49
2,3690,182.9534938394,80,78
21,6722,658.532096912267,32,11
81,7959,5743.85532659609,93,12
41,4461,964.504308978033,59,18
85,3334,2571.31775343985,87,2
66,1185,604.185707736388,74,8
19,1123,101.703461055604,89,70
64,1666,801.872035065184,73,9
34,7983,1311.47977225211,88,54
81,7969,5751.07213188142,86,5
3,9556,486.419745680856,46,43
46,2975,778.123355469463,65,19
91,5648,4732.39890888134,94,3
83,4040,3018.01959636554,93,10
97,3630,3343.96269773663,99,2
24,1990,219.521685672392,88,64
76,7072,4625.09133965301,93,17
45,9558,2407.7769887221,79,34
98,3520,3300.49848356281,98,0
0,4488,290.069193143222,81,81
96,2927,2644.84085120738,97,1
33,2354,371.662928360479,83,50
19,5466,495.023257462092,74,55
19,7260,657.495215729014,83,64
66,9911,5053.23590664585,86,20
91,6892,5774.73322946356,96,5
35,4709,804.876658834465,83,48
33,4236,668.803808213674,50,17
84,5707,4333.23660281299,95,11
71,1896,1104.13426456694,82,11
17,4833,404.862526340501,59,42
42,6185,1389.81978941567,72,30
66,7534,3841.2954616759,80,14
29,4957,667.368632239772,81,52
83,4721,3526.75012733706,87,4
8,5161,308.417491080033,87,79
40,2014,418.887207222661,71,31
25,5411,621.093377970704,78,53
59,3054,1259.93745054899,76,17
38,9935,1911.19630151149,86,48
83,2724,2034.92212388607,87,4
0,4699,303.706581680036,53,53
57,6373,2462.80078429778,76,19
79,9463,6579.35357972831,83,4
21,8701,852.40817840429,69,48
83,4380,3272.01134457452,84,1
24,5515,608.37291280565,79,55
55,1042,376.459245422701,79,24
59,6660,2747.60426347619,81,22
19,3409,308.732946338872,86,67
0,6864,443.635236571987,60,60
82,2914,2140.32073595148,97,15
10,2282,146.578052644212,74,64
85,9269,7148.63355028015,95,10
40,1811,376.665706196743,83,43
15,3902,302.607636591255,88,73
60,4771,2032.14144335976,81,21
43,9112,2127.56706207838,59,16
96,8798,7949.88377482834,98,2
95,8605,7627.93982852341,97,2
21,2228,218.269787551403,81,60
2,7709,382.219101357164,80,78
49,9763,2853.12194426395,82,33
19,8692,787.182977288787,56,37
90,9816,8119.14957514,91,1
2,7379,365.857406786161,46,44
72,1417,845.734271080219,83,11
46,5623,1470.71853035455,88,42
8,8175,488.531871648764,81,73
84,7992,6068.20166982328,89,5
3,5814,295.944370174602,72,69
34,1119,183.833880139059,88,54
32,5690,863.348142431332,75,43
55,9087,3282.99919688684,75,20
98,5407,5069.82821040458,98,0
68,2520,1357.66106771439,82,14
27,6453,802.163863020746,66,39
97,9391,8651.00652739523,98,1
63,7473,3491.59766495155,72,9
71,6889,4011.80429778568,77,6
65,4756,2356.76143751862,80,15
14,9946,742.377660294937,85,71
65,9737,4825.01810704768,76,11
34,2007,329.718138908928,59,25
70,5503,3124.69232057996,83,13
29,5606,754.744513281453,82,53
33,2903,458.342175458993,87,54
26,8991,1073.9605989371,89,63
83,5197,3882.33857482963,85,2
66,3984,2031.28764525044,69,3
20,5939,559.373174513468,52,32
98,9495,8902.90713108776,98,0
25,9532,1094.11607444405,63,38
21,5043,494.046022720703,80,59
36,8788,1562.65276086572,76,40
7,5419,312.733593235058,69,62
47,4356,1182.61878198902,57,10
13,8502,610.895893741348,79,66
82,7679,5640.19318166488,93,11
27,2742,340.854379730805,82,55
58,7409,2959.05481877802,85,27
96,1390,1256.00573391809,96,0
65,8116,4021.75690220797,84,19
45,9183,2313.30990661593,67,22
30,8581,1202.26434983547,72,42
53,2211,745.48076351196,82,29
8,7875,470.604096542387,52,44
31,3707,540.503584472422,80,49
3,2756,140.285979394772,73,70
81,3913,2823.93590815058,89,8
84,7234,5492.66402396166,86,2
11,1857,123.770022197966,76,65
16,4691,378.06116758628,85,69
47,6626,1798.90542916879,81,34
83,1801,1345.40923095404,87,4
22,1978,201.584104960293,75,53
7,8504,490.77070988576,76,69
34,2870,471.495295799016,82,48
76,3061,2001.8954455144,78,2
10,3381,217.16932339618,54,44
82,5017,3684.96538512992,97,15
61,2152,945.848671596124,67,6
25,7822,897.836333854527,57,32
2,9634,477.662319688016,77,75
68,9933,5351.44737524088,83,15
82,9111,6691.99115485723,88,6
29,2627,353.677102459932,54,25
0,1028,66.4418740087416,88,88
15,9765,757.294610792826,43,28
58,1490,595.085933321534,72,14
30,7971,1116.79864031448,63,33
43,5103,1191.50293215386,85,42
17,8481,710.457083776906,55,38
40,4630,962.983003694599,79,39
47,3121,847.32626689342,72,25
69,1105,611.371881542379,72,3
24,1592,175.617348537914,33,9
55,3041,1098.6684888008,68,13
37,9647,1784.34069367767,54,17
71,8452,4922.01624689862,80,9
35,4101,700.955442318993,87,52
21,4003,392.160664079114,80,59
20,5977,562.95225864068,62,42
54,7883,2751.90494568316,76,22
78,4352,2966.82465897371,84,6
86,3026,2369.07829589339,98,12
91,1560,1307.10734735391,97,6
36,8259,1468.58775056782,91,55
38,6605,1270.60408369234,84,46
96,4543,4105.0604670431,96,0
4,5821,304.937855831027,76,72
41,2472,534.466409279018,73,32
41,2323,502.251403218106,85,44
44,3904,946.952752503833,80,36
69,1675,926.740182428493,81,12
91,5445,4562.30737586029,93,2
47,6390,1734.8333372153,81,34
69,9100,5034.82725976077,77,8
78,7686,5239.66321895035,84,6
97,1959,1804.63441456365,98,1
9,3202,198.303503842939,74,65
40,9098,1892.27200164438,72,32
76,6591,4310.51711250749,76,0
82,4163,3057.70597932945,93,11
61,2267,996.393558786437,87,26
1,5646,273.451471187588,87,86
82,4738,3480.04105934733,88,6
80,4708,3336.08687002332,84,4
35,5474,935.632794746201,83,48
32,2897,439.564071814335,40,8
55,6603,2385.56660031295,63,8
51,2642,829.949095285434,88,37
94,6678,5826.13583885246,94,0
34,7979,1310.82263595134,91,57
63,4391,2051.59980554024,68,5
22,9442,962.263457550599,57,35
15,2646,205.202410666443,87,72
42,4843,1088.26147779145,86,44
5,4872,263.191825758671,64,59
26,9154,1093.43068876323,90,64
1,6769,327.841482194258,20,19
14,6076,453.517661768755,74,60
76,5932,3879.53080130397,80,4
57,2211,854.425315249081,94,37
81,7757,5598.07585983237,86,5
46,9594,2509.34973861312,88,42
93,2857,2457.46053623129,97,4
74,2515,1573.49758154876,79,5
41,4504,973.80125703588,72,31
35,6698,1144.84261220498,49,14
21,3877,379.816861012922,81,60
74,4200,2627.70967892835,91,17
14,8562,639.074756429242,73,59
52,5199,1692.34374232334,83,31
56,6433,2404.25780736534,92,36
20,8129,765.641443950157,81,61
90,5345,4421.03244489846,94,4
90,7409,6128.23749003792,94,4
97,6558,6041.24170020849,98,1
24,7828,863.525505247983,74,50
50,9234,2798.3152854866,83,33
77,7218,4821.26004106458,78,1
4,7280,381.368766612245,87,83
25,5092,584.477449755466,65,40
5,7497,404.997766361404,84,79
39,8662,1732.78687333979,68,29
4,1557,81.564721100998,40,36
42,1795,403.351094907217,61,19
29,5980,805.096715915642,74,45
15,1657,128.503550443801,79,64
53,3665,1235.72455824122,63,10
95,1421,1259.65165558765,95,0
22,3128,318.784165983719,79,57
17,3187,266.976385567386,75,58
21,4829,473.081150846376,85,64
48,8619,2428.13913601591,91,43
93,3457,2973.55305346572,97,4
16,5985,482.348345342974,72,56
13,4789,344.104967669644,86,73
49,5887,1720.40652318774,70,21
50,6752,2046.15819878769,77,27
64,7093,3413.97259586876,87,23
63,8036,3754.64724147606,79,16
11,4813,320.788969757033,79,68
80,2523,1787.79676573255,96,16
98,1552,1455.21978593451,99,1
86,3225,2524.87690160481,92,6
58,2315,924.579822576746,80,22
21,4874,477.489651941445,70,49
20,4149,390.779474836905,88,68
50,5625,1704.62675772819,80,30
23,1905,201.978272525176,70,47
29,6139,826.503133613064,87,58
26,8565,1023.07557890071,75,49
40,4754,988.773477227673,48,8
4,4545,238.093550034705,65,61
75,2267,1450.63213521915,88,13
18,8845,770.325832779009,76,58
61,1828,803.443945946893,85,24
18,5043,439.20329844031,86,68
94,9545,8327.41338452332,96,2
18,3639,316.926591914394,84,66
70,9703,5509.52018655048,78,8
71,8281,4822.43451734116,73,2
13,1457,104.690110230669,69,56
0,7334,474.012357957306,78,78
59,4164,1717.87149446169,67,8
1,8264,400.248487051758,85,84
69,2821,1560.79645052584,77,8
13,6196,445.202417974758,88,75
57,5963,2304.35918355055,71,14
37,9240,1709.06064160689,58,21
62,5312,2407.88003264355,86,24
3,1684,85.7190091802598,77,74
0,1212,78.3341938702284,56,56
31,8407,1225.79272583212,77,46
2,4556,225.890546865124,83,81
96,6034,5452.32992695092,96,0
93,3527,3033.76384714307,97,4
18,6785,590.916989870614,37,19
25,7950,912.528618530234,79,54
35,3311,565.926230070272,87,52
23,8198,869.195736567662,68,45
4,4634,242.755887978179,62,58
0,2011,129.975300225272,87,87
66,4617,2354.02988406658,66,0
33,8699,1373.44766941708,70,37
20,7908,744.826244157687,87,67
36,4105,729.937367245539,76,40
19,5823,527.354633772734,46,27
76,1480,967.920698909284,80,4
90,1832,1515.30990440673,90,0
17,6320,529.429167488509,88,71
47,4844,1315.10683653692,73,26
73,6342,3876.80243063082,86,13
42,5583,1254.54549463342,69,27
1,4409,213.540123355663,36,35
24,6472,713.941884257147,77,53
2,5095,252.614647997762,75,73
83,4258,3180.87312904071,91,8
42,7327,1646.43647486639,77,35
86,4703,3682.01428472789,92,6
32,3469,526.354078399699,84,52
19,8239,746.157449365199,82,63
82,1474,1082.64679642844,93,11
1,2665,129.073356485108,66,65
60,3200,1362.99572809709,73,13
64,5899,2839.28159354713,91,27
69,5625,3112.18717979718,72,3
89,2111,1723.31927910816,96,7
82,6733,4945.36016306155,85,3
17,3237,271.164907462074,88,71
58,8839,3530.17756015372,86,28
14,1073,80.0896068265098,50,36
61,5277,2319.35104089812,74,13
2,7784,385.937668305119,62,60
96,6929,6261.05304339459,96,0
33,7172,1132.35621164034,79,46
61,9383,4124.02327397139,77,16
33,6782,1070.78079020423,55,22
4,5003,262.086255406739,70,66
91,3629,3040.7003612483,92,1
90,2767,2288.68040692873,94,4
42,6825,1533.63299317089,67,25
11,2548,169.825533958221,80,69
45,1915,482.411899288849,62,17
27,5777,718.131200475879,57,30
52,4640,1510.38179734185,62,10
6,1803,100.602033068772,73,67
48,1767,497.798103415722,64,16
93,7175,6171.60635192843,98,5
0,4027,260.273761316345,71,71
42,5421,1218.14277743288,92,50
95,3628,3216.05644368192,95,0
91,4522,3788.93552867589,92,1
65,5182,2567.85907679173,77,12
5,4933,266.487125711725,65,60
73,5906,3610.27990465242,88,15
94,1951,1702.12504067103,94,0
82,4757,3493.99647938271,86,4
15,9245,716.96760642905,64,49
23,2136,226.470126043977,85,62
5,5067,273.725981346303,70,65
60,3064,1305.06840965297,69,9
33,5153,813.584991436511,74,41
98,2881,2701.3454918024,98,0
72,3551,2119.4088896301,75,3
95,9963,8831.74485898649,99,4
84,4996,3793.38532813277,94,10
49,9385,2742.65588926735,82,33
14,2145,160.104572826527,71,57
59,4458,1839.16213311965,85,26
48,2831,797.547499020888,84,36
46,4034,1055.10911460968,84,38
71,2395,1394.72656310012,76,5
98,2289,2146.26165593048,98,0
23,5493,582.397192115902,73,50
41,1677,362.580974256033,77,36
66,4029,2054.23140630372,84,18
33,7924,1251.08625502482,60,27
32,4105,622.854854952657,87,55
33,9418,1486.9674848339,80,47
6,9463,528.007231796886,46,40
31,1305,190.277091377532,77,46
8,1336,79.8383584737307,54,46
47,1921,521.535968824819,64,17
95,4113,3645.98681170445,95,0
37,5063,936.469050698665,87,50
76,1026,671.004484514139,76,0
96,6840,6180.63253237393,96,0
19,2925,264.899931956938,88,69
59,4519,1864.32787787521,64,5
3,8428,429.002262096929,35,32
3,5581,284.084198476858,17,14
22,4118,419.678131560408,75,53
41,5586,1207.73841514263,88,47
13,2208,158.651862312503,47,34
62,6154,2789.55077576966,85,23
24,4161,459.009916624535,83,59
34,3267,536.71607364996,42,8
36,2577,458.233518974849,85,49
43,9528,2224.6991843155,78,35
94,4686,4088.24087164759,96,2
70,7631,4333.00510600502,75,5
59,3159,1303.25553578398,65,6
31,3308,482.326910556993,74,43
83,3048,2276.96131923816,85,2
22,8273,843.127047692873,42,20
69,8678,4801.34406156087,69,0
75,5250,3359.42598584056,78,3
42,4722,1061.07179395648,70,28
77,2602,1738.0047972915,91,14
0,3185,205.853471515411,56,56
35,7354,1256.96813528746,82,47
3,8706,443.153024895096,81,78
96,6374,5759.55435107477,98,2
45,2859,720.217033977452,84,39
70,2943,1671.08295465506,83,13
86,1594,1247.95466082421,92,6
17,9802,821.117832234552,37,20
93,1498,1288.5109846953,93,0
17,8342,698.812992909675,74,57
12,9267,641.200811192306,72,60
80,9744,6904.59440558778,84,4
37,5504,1018.03785404808,79,42
44,2270,550.610335088038,89,45
73,5542,3387.77027287228,84,11
50,1286,389.715557411282,78,28
47,2900,787.326553665786,53,6
47,8575,2328.04317161521,84,37
13,8458,607.73435300686,75,62
7,7163,413.380831951046,67,60
25,3822,438.702437738686,72,47
70,1994,1132.22542017744,89,19
82,3774,2771.98711649997,89,7
62,1211,548.934999911774,74,12
77,2670,1783.4253684736,77,0
23,1225,129.881041387581,85,62
81,5098,3679.12733446248,86,5
54,4134,1443.15299320743,71,17
74,5943,3718.20919568362,74,0
37,9164,1695.0034328664,62,25
53,1781,600.498073186251,84,31
0,3004,194.155048173404,51,51
89,9025,7367.57768543398,91,2
77,4721,3153.38994927485,78,1
13,7630,548.239904639671,77,64
91,1058,886.486906090024,92,1
63,4742,2215.59696603777,65,2
37,1117,206.603975830616,67,30
48,7150,2014.29340091817,66,18
83,6013,4491.91877053119,89,6
10,2735,175.675273436424,71,61
13,7790,559.736416401447,71,58
11,3101,206.683273471132,26,15
73,4826,2950.08649167839,83,10
90,2002,1655.92272304709,95,5
79,1914,1330.74952463278,80,1
9,1297,80.3246859726082,61,52
30,3870,542.216878436462,84,54
37,2356,435.773470955176,72,35
92,8802,7471.11878019481,93,1
30,5777,809.402301479958,45,15
46,4366,1141.94506553939,79,33
30,1672,234.260108719836,76,46
92,1060,899.725733584015,96,4
33,9247,1459.9690308196,69,36
91,6986,5853.49482603489,91,0
67,3215,1685.54334697396,92,25
65,4294,2127.82456112383,82,17
87,9131,7252.70892933831,88,1
39,3781,756.368871865358,63,24
92,5096,4325.47390409825,98,6
70,3543,2011.77264979371,80,10
37,8259,1527.61167089083,83,46
42,8153,1832.04539096297,80,38
27,3307,411.088779638867,75,48
83,7689,5743.94868229075,83,0
24,3410,376.1653005743,72,48
16,1027,82.7688806461543,74,58
73,4583,2801.54297375923,92,19
40,4281,890.395299960384,58,18
47,8327,2260.71317668103,87,40
34,4237,696.071626585515,76,42
99,6291,5991.42857142857,99,0
23,8659,918.073418265355,35,12
81,5048,3643.04330803581,87,6
76,6000,3924.00283341602,79,3
48,2102,592.174087934266,78,30
88,8055,6487.73402162586,91,3
7,3757,216.818621477046,61,54
51,3780,1187.43663140762,66,15
24,4741,522.991111443624,75,51
77,7270,4855.99341902736,83,6
29,3926,528.563496101139,84,55
63,9091,4247.57317972361,78,15
26,4163,497.26370519132,75,49
2,5055,250.631412292186,87,85
87,1620,1286.75812786421,88,1
84,1600,1214.85518915381,91,7
12,4241,293.442607129229,69,57
15,6765,524.638816386428,78,63
87,1277,1014.31489461888,91,4
49,5060,1478.72549810259,80,31
32,1286,195.125784036326,83,51
35,4228,722.662670110876,78,43
48,7611,2144.16602438996,90,42
45,2531,637.58982616192,80,35
61,9397,4130.17656458586,64,3
2,5307,263.125797237316,81,79
77,8950,5978.1487070557,88,11
73,1314,803.235319118401,74,1
54,1289,449.981666241989,72,18
59,1881,776.012555495303,68,9
74,3622,2266.08677549488,78,4
86,4793,3752.47596570291,91,5
2,3217,159.501731620962,50,48
83,7831,5850.02758889568,94,11
6,7553,421.434917231521,90,84
16,3607,290.698493174955,53,37
28,7157,925.873503950283,79,51
70,1336,758.602387842054,79,9
83,1829,1366.32619845361,96,13
23,3660,388.052744064118,89,66
68,6402,3449.10561726489,68,0
79,3183,2213.04897435012,93,14
47,8486,2303.88039117512,90,43
1,3153,152.70855271953,85,84
14,3342,249.449642138114,49,35
99,4762,4535.2380952381,99,0
8,8769,524.02886635939,89,81
97,1459,1344.0334920104,97,0
60,9823,4183.97094909305,72,12
45,6544,1648.51356080743,79,34
0,5651,365.236410528598,73,73
84,1869,1419.10271783029,86,2
3,4580,233.131271998569,79,76
60,9488,4041.28233380788,83,23
77,1293,863.658802036091,89,12
12,1892,130.910967387055,68,56
29,7634,1027.77731259197,91,62
51,5950,1869.11321610459,85,34
79,6641,4617.29759304404,85,6
94,5146,4489.56199861257,97,3
90,7548,6243.2091476321,95,5
24,8905,982.33196528274,55,31
31,1585,231.102827458535,80,49
13,2050,147.299056947749,61,48
85,9375,7230.38510452868,85,0
39,4666,933.408398869019,53,14
48,6805,1917.10022283191,89,41
15,8603,667.179266426081,89,74
63,5743,2683.29257190108,71,8
75,6682,4275.74941664507,76,1
20,6483,610.610589387239,56,36
96,9507,8590.53705925131,96,0
57,2658,1027.16530435643,69,12
91,4138,3467.18602778877,93,2
32,1943,294.812906984899,76,44
10,9986,641.423502938258,80,70
97,2951,2718.46664490931,99,2
12,3296,228.05631527893,51,39
46,7145,1868.80382347204,86,40
73,9630,5886.72459901841,84,11
94,6405,5587.96047437107,96,2
71,5582,3250.67376836111,92,21
1,8301,402.040499881007,75,74
20,7532,709.412148583169,83,63
77,4697,3137.35915944588,85,8
92,4865,4129.40159800588,93,1
5,8640,466.744124498137,85,80
60,6191,2636.97079770285,69,9
43,4334,1011.94860042227,59,16
17,9848,824.971272377665,78,61
66,9454,4820.22926661587,79,13
60,9261,3944.59482434599,90,30
79,5243,3645.30812834361,80,1
17,2703,226.43149362681,69,52
90,2441,2019.03464883015,97,7
17,6913,579.105037159504,63,46
99,1355,1290.47619047619,99,0
16,3946,318.019477146762,71,55
19,7201,652.151935050225,91,72
14,1110,82.8513174067343,90,76
79,1034,718.910662732651,94,15
15,9067,703.163362627604,68,53
49,5190,1516.71646939772,83,34
61,6257,2750.08138391122,85,24
71,1074,625.443143536336,84,13
65,5213,2583.22064209095,87,22
67,4174,2188.32283989714,86,19
20,4108,386.917831436492,80,60
55,4131,1492.46942691092,85,30
29,2287,307.902372792487,58,29
27,4097,509.292630837749,49,22
62,3254,1475.00783626169,82,20
27,5648,702.095381735809,65,38
39,1560,312.069674718317,67,28
35,1700,290.569190914969,74,39
68,1732,933.122606857667,95,27
41,5132,1109.57994029932,81,40
3,3962,201.673820886098,88,85
52,3880,1262.99167536345,62,10
77,1996,1333.22735410985,79,2
82,3177,2333.49312907271,84,2
33,4144,654.278324182593,87,54
16,4949,398.854128839161,76,60
63,1508,704.580393248619,78,15
17,5415,453.616921194664,70,53
33,8827,1393.6570385038,68,35
6,1557,86.8759653289392,59,53
51,2331,732.252589368034,82,31
15,8548,662.913910195297,46,31
9,2352,145.662036551715,57,48
44,5362,1300.60467697888,63,19
67,7936,4160.64447949777,91,24
28,1065,137.774945047793,79,51
60,6991,2977.71972972712,81,21
52,2737,890.929952440658,77,25
91,1672,1400.95095177932,98,7
34,1750,287.497131584766,82,48
50,1839,557.299307993271,74,24
71,7555,4399.64892869369,81,10
29,2239,301.440058015907,73,44
20,8981,845.888277539225,74,54
16,5512,444.22791637936,90,74
90,5672,4691.50533722433,91,1
81,1570,1133.03842979719,82,1
21,7811,765.217823412931,71,50
9,4768,295.287665934769,77,68
11,7228,481.749984085567,77,66
7,4282,247.116672122627,80,73
29,4036,543.372967464135,36,7
65,4721,2339.41773476144,74,9
84,9022,6850.26469784104,89,5
30,3309,463.616447221254,74,44
43,8902,2078.53401960291,84,41
26,6685,798.512579679072,87,61
69,8258,4568.96741880268,92,23
90,6099,5044.69165227983,96,6
44,1322,320.663816293562,75,31
69,9580,5300.40056577013,85,16
43,1570,366.580365173733,82,39
25,7905,907.363362198931,82,57
55,4051,1463.56660576522,64,9
66,2247,1145.65846859381,77,11
19,4859,440.050861326072,23,4
79,1345,935.140078699628,91,12
86,6156,4819.57897869124,93,7
90,9548,7897.4776022246,92,2
4,2656,139.136736829962,82,78
54,1192,416.119585849845,84,30
36,2160,384.083973995216,87,51
61,4343,1908.83865276114,61,0
52,1809,588.853592972288,64,12
3,2262,115.140379314577,89,86
28,8731,1129.49581710073,81,53
83,7131,5327.1034014066,89,6
70,5368,3048.03713917376,80,10
55,4482,1619.28055468766,88,33
81,6364,4592.77488358556,89,8
7,6131,353.823520967732,82,75
8,8744,522.534885100525,64,56
58,5316,2123.13880640086,84,26
98,7856,7366.11252467882,99,1
86,4121,3226.36208108944,97,11
22,1402,142.882161352038,83,61
74,5545,3469.20242134707,83,9
28,8771,1134.67046292412,62,34
96,9472,8558.9110155915,98,2
99,3447,3282.85714285714,99,0
81,9971,7195.87655000497,86,5
68,8631,4649.98915692178,90,22
20,7805,735.125042444455,28,8
87,5681,4512.39069407194,92,5
18,6758,588.565514745115,81,63
95,3778,3349.02459874044,98,3
55,2009,725.822096021312,92,37
95,4278,3792.25178226881,98,3
25,6051,694.554801349239,81,56
72,6696,3996.49730356609,92,20
53,3033,1022.63372036715,76,23
7,5110,294.901026283658,75,68
5,9845,531.839803898629,69,64
63,3453,1613.33958745854,74,11
62,2804,1271.02703530356,89,27
56,8971,3352.80534585333,68,12
34,8797,1445.20700945782,61,27
78,9324,6356.31275741518,84,6
28,9560,1236.74035179051,65,37
89,4040,3298.06247636048,98,9
21,4690,459.463780797164,77,56
59,1492,615.529363529502,64,5
41,1229,265.719747978929,53,12
94,6730,5871.50257494415,95,1
86,2734,2140.46928650777,90,4
55,1008,364.17554643578,56,1
53,3775,1272.81315344082,90,37
67,4981,2611.41256960413,74,7
30,4759,666.772641984269,75,45
76,5743,3755.92471205136,82,6
8,7910,472.695670304798,70,62
62,1918,869.41150275044,83,21
99,6296,5996.19047619048,99,0
91,9663,8096.52454966721,96,5
61,2324,1021.44624200251,85,24
68,1342,723.008393997107,82,14
53,5501,1854.76692902727,76,23
64,2477,1192.21910615634,85,21
29,2125,286.092060421528,68,39
56,8818,3295.62340204377,60,4
92,6190,5254.0587649859,95,3
14,2531,188.915931852653,68,54
76,4684,3063.33821195344,80,4
21,6153,602.789049732398,82,61
63,9873,4612.94577091752,69,6
98,1742,1633.37169271773,99,1
36,4010,713.044785055934,76,40
33,7220,1139.93472504786,76,43
38,9837,1892.34403804414,68,30
12,9130,631.721528670093,79,67
84,7323,5560.24034385834,93,9
96,2601,2350.26684454746,98,2
87,8496,6748.33151502116,87,0
71,2519,1466.93787576167,90,19
38,5885,1132.09765821793,78,40
43,1950,455.306822986484,77,34
78,8444,5756.40335946094,80,2
63,5182,2421.17745213153,81,18
73,5170,3160.37031951456,84,11
42,9588,2154.50155875788,80,38
46,2287,598.174155952491,65,19
7,7629,440.273958809791,38,31
27,2118,263.285768150928,70,43
36,7300,1298.06157878013,66,30
97,7972,7343.82110918909,97,0
12,3591,248.46790903114,54,42
32,5628,853.940834025226,91,59
36,2737,486.684183715235,84,48
59,3875,1598.6436217673,76,17
34,3607,592.572659215,67,33
11,4198,279.79889778517,81,70
29,6709,903.243121584956,66,37
66,2905,1481.14724132844,66,0
22,1577,160.716953246907,81,59
67,2582,1353.67742515918,81,14
22,6777,690.665055265877,66,44
8,2165,129.378777017685,45,37
41,7887,1705.23324028463,81,40
65,8495,4209.56442635001,87,22
3,4626,235.472765123445,79,76
74,7490,4686.08226075556,88,14
75,4122,2637.62931688281,89,14
11,9622,641.311337419939,48,37
98,6734,6314.07863304317,99,1
64,4416,2125.49034024481,87,23
26,3673,438.733987309085,53,27
61,8471,3723.1803425143,84,23
26,6994,835.422136466032,69,43
38,1765,339.533112447688,76,38
8,5184,309.791953838189,79,71
69,7648,4231.46800908245,76,7
40,3500,727.956914239978,66,26
18,5766,502.170576800878,66,48
54,1794,626.273940448509,83,29
5,8457,456.858224638975,70,65
8,1002,59.878768855298,83,75
57,1938,748.926395727146,68,11
79,2447,1701.32919894274,82,3
0,1054,68.1223105109082,73,73
83,7047,5264.35249890791,83,0
26,9267,1106.9283583973,75,49
97,5708,5258.22013186795,97,0
30,2290,320.846680005038,88,58
44,3540,858.661051194562,91,47
21,4187,410.186535223395,46,25
55,7968,2878.7209861114,83,28
32,8117,1231.59874729615,65,33
68,9063,4882.73105424425,69,1
77,4298,2870.84727853915,95,18
2,5598,277.553836995382,82,80
90,1751,1448.31203199573,93,3
29,1596,214.871966321298,86,57
53,7405,2496.73679502762,77,24
68,3758,2024.63900494868,81,13
47,2184,592.938342484854,74,27
16,4181,336.958802318959,84,68
19,3092,280.024133200291,69,50
78,3756,2560.5223849047,81,3
45,7921,1995.39668630129,48,3
63,8914,4164.87375690862,87,24
6,6966,388.682064535254,68,62
41,3505,757.809370761714,84,43
26,9673,1155.42441035687,41,15
36,4285,761.944365078473,49,13
53,6815,2297.80705713885,58,5
40,3212,668.056459582517,68,28
46,3517,919.885660902891,63,17
83,1633,1219.90742595667,85,2
40,1183,246.049437013112,73,33
24,3705,408.707460008148,89,65
83,9387,7012.41335422855,89,6
20,1685,158.70412511453,72,52
91,8506,7127.08660037972,97,6
24,9967,1099.48373924459,56,32
9,1205,74.6270212775581,49,40
33,2557,403.71372464645,86,53
36,9445,1679.47830295593,80,44
75,3212,2055.32881267045,87,12
2,4124,204.471601244901,65,63
43,7088,1654.98192888626,80,37
96,9125,8245.36138273569,96,0
63,2094,978.376222455311,73,10
97,8131,7490.29220256102,98,1
23,6274,665.202982584229,78,55
29,7682,1034.23962736855,46,17
67,6452,3382.62073862394,88,21
38,3826,736.007755368189,86,48
88,6202,4995.27329635302,96,8
80,1679,1189.73871171817,84,4
15,6409,497.030328783535,71,56
82,1413,1037.84255315698,89,7
86,2846,2228.15493394335,96,10
26,6880,821.805018428125,77,51
18,2924,254.656046924344,80,62
7,2023,116.74848848764,83,76
93,7718,6638.67008002559,97,4
59,4459,1839.57468631236,76,17
41,4469,966.233973732981,70,29
18,5639,491.109934543904,80,62
58,1841,735.270606204661,81,23
85,7557,5828.26882505848,90,5
94,4195,3659.8741904741,99,5
75,6417,4106.17839069311,86,11
81,3756,2710.63206517086,82,1
41,5833,1261.14181445166,85,44
56,9540,3565.46237871372,78,22
69,2728,1509.34162248652,75,6
0,5552,358.837825385733,69,69
23,3643,386.250313285678,75,52
98,7417,6954.48785584812,98,0
44,7331,1778.20456675348,70,26
95,4093,3628.25772436331,95,0
83,3140,2345.6884981653,84,1
61,7387,3246.73984065082,92,31
31,1432,208.794478814273,89,58
6,6637,370.324843858811,77,71
1,8152,394.824015784842,82,81
23,1684,178.546672405458,84,61
66,5668,2889.89416999987,76,10
43,5512,1287.00061964179,73,30
29,2499,336.444263055717,89,60
24,9779,1078.74500713082,46,22
83,4337,3239.88885877162,88,5
7,9477,546.923097082237,75,68
82,9835,7223.76610778409,83,1
10,4162,267.334730545667,37,27
87,4318,3429.76641735657,89,2
71,6505,3788.18216825314,71,0
25,8663,994.369235512883,65,40
64,3473,1671.60959050503,81,17
48,3849,1084.33780421455,61,13
9,3643,225.615135696385,78,69
4,9164,480.06365071904,45,41
54,6572,2294.24321997079,89,35
17,1827,153.048590031884,35,18
93,2822,2427.35513939262,93,0
20,2363,222.562520857943,65,45
29,1796,241.798277890383,62,33
90,5622,4650.14862585952,90,0
94,6393,5577.49122758068,97,3
66,6240,3181.5348660549,89,23
21,5858,573.888875886948,81,60
73,4239,2591.25914592306,82,9
25,9251,1061.86191824191,69,44
6,5715,318.879988346106,42,36
75,2224,1423.11683666846,86,11
68,3908,2105.4521637412,69,1
36,4685,833.071026929439,88,52
62,5727,2595.99566019383,68,6
12,4579,316.829450140236,88,76
60,7134,3038.62860132646,79,19
37,3990,738.003458875701,87,50
36,4755,845.518192753358,81,45
26,3275,391.193522580248,84,58
66,5301,2702.77505207645,71,5
74,2327,1455.87629115864,80,6
59,1419,585.412980461369,68,9
6,8000,446.376186661216,90,84
51,8473,2661.68004706793,68,17
81,1809,1305.52007611664,97,16
98,5734,5376.43701839465,98,0
18,3050,265.629597510003,84,66
26,2152,257.052965066472,77,51
17,1839,154.053835286609,60,43
14,9902,739.093463929264,82,68
16,8904,717.598941843582,81,65
97,4606,4243.05569856058,99,2
4,4081,213.786529745133,66,62
25,1147,131.656644711217,70,45
46,1663,434.964416855703,88,42
48,9571,2696.33596366264,58,10
65,7201,3568.34295869882,84,19
86,1719,1345.81810662284,93,7
88,1879,1513.40189033333,94,6
46,3715,971.673366577833,78,32
91,4185,3506.56682607443,94,3
51,5393,1694.1390881432,73,22
43,7566,1766.59047318756,75,32
80,4554,3226.9625331534,85,5
83,2782,2078.25012799231,90,7
82,2286,1679.05737899283,91,9
20,8384,789.658982172237,90,70
96,5537,5003.24010698165,99,3
15,3681,285.46865973665,82,67
56,1288,481.374794945836,84,28
40,7520,1564.06742716704,58,18
65,2830,1402.36225150919,66,1
12,1703,117.833709016995,82,70
44,3540,858.661051194562,50,6
9,1632,101.071617199149,88,79
67,4299,2253.85718464729,91,24
97,1429,1316.3974366572,98,1
10,7685,493.625037059935,63,53
74,5583,3492.97693748976,85,11
2,2241,111.110780404904,82,80
68,7776,4189.3541518044,73,5
65,5689,2819.09499958861,87,22
75,8614,5512.01817943439,83,8
43,1100,256.839746300068,87,44
54,3187,1112.56134236867,77,23
71,2112,1229.921712429,73,2
44,7745,1878.62424901183,44,0
47,8003,2172.74979620251,77,30
74,1463,915.318871493375,87,13
75,5116,3273.68063686862,83,8
62,3234,1465.94202288578,69,7
71,4217,2455.76697978839,73,2
79,4160,2892.32916534606,84,5
96,2356,2128.8845389288,97,1
37,5398,998.431747120559,85,48
63,8052,3762.12289551584,77,14
53,9020,3041.2648063672,73,20
28,9027,1167.78819619383,61,33
80,8934,6330.62873763559,94,14
93,3261,2804.96283116914,93,0
75,9322,5965.06076952489,77,2
34,8113,1332.83670202697,61,27
51,1631,512.356916885141,77,26
85,9729,7503.40444607569,85,0
51,5219,1639.47930669746,84,33
29,3833,516.042761221514,72,43
4,5080,266.119963515138,82,78
43,7909,1846.67777589749,81,38
14,3619,270.125151076551,77,63
10,2871,184.410862901636,46,36
73,6135,3750.2653598108,82,9
21,2787,273.033167821257,29,8
92,1108,940.468030953857,97,5
48,8234,2319.67718365878,83,35
7,2481,143.179930765119,66,59
30,3964,555.387004165926,92,62
7,4958,286.129019239604,61,54
26,2065,246.660953932279,71,45
22,9915,1010.46835221502,54,32
50,1034,313.348278665058,82,32
57,5689,2198.47382109996,77,20
55,2960,1069.40438239078,80,25
19,5503,498.374128396249,71,52
60,9278,3951.83573915151,66,6
59,2659,1096.97893942691,78,19
69,5197,2875.38431527217,75,6
30,5682,796.092068029968,53,23
44,1296,314.357266200043,70,26
28,4854,627.943270668531,91,63
8,5401,322.759711165134,74,66
15,9715,753.417014219386,73,58
49,7757,2266.89203335609,82,33
15,7105,551.006473085819,79,64
61,2118,930.904965818118,63,2
11,1000,66.650523531484,49,38
86,3716,2909.28451670186,91,5
28,9038,1169.21122379526,79,51
11,2488,165.826502546332,71,60
95,1011,896.205365094383,97,2
67,1247,653.770623227535,84,17
16,9329,751.850912899682,27,11
5,8589,463.989037652141,52,47
18,2564,223.303045251032,71,53
59,2675,1103.57979051033,84,25
24,1804,199.00357836834,69,45
84,3974,3017.39657606077,84,0
41,3932,850.130227057078,72,31
12,3211,222.175008604564,64,52
83,1434,1071.24754979906,91,8
78,8746,5962.28135739523,87,9
80,1546,1095.4949662396,86,6
87,3760,2986.54972887001,90,3
23,4692,497.470894849411,58,35
92,6571,5577.45075035902,98,6
53,6151,2073.92680975218,74,21
8,3020,180.472936070858,80,72
33,2330,367.873671656719,73,40
48,7146,2013.16652349109,83,35
26,3881,463.579255308074,34,8
44,7401,1795.18374008219,77,33
66,3763,1918.60828541099,89,23
99,2126,2024.7619047619,99,0
22,5254,535.451409232244,73,51
93,6037,5192.75087757378,98,5
51,9811,3081.99491818524,62,11
85,8789,6778.43783292828,89,4
47,8166,2217.00297835683,81,34
46,4092,1070.27925061548,86,40
91,2523,2113.99476754738,97,6
27,3982,494.99713351133,62,35
44,5729,1389.6240571451,82,38
61,1303,572.695547904159,65,4
38,6147,1182.49860748778,69,31
34,8950,1470.34247296209,81,47
25,1443,165.63255302379,76,51
53,5912,1993.34340745486,80,27
35,6004,1026.22201309028,83,48
83,1168,872.536358553206,94,11
15,2648,205.357514529381,78,63
89,1386,1131.46400797911,93,4
13,3560,255.797386699506,36,23
58,6404,2557.67135368531,91,33
50,8251,2500.42228942495,57,7
3,8308,422.894019162469,79,76
96,8616,7785.42834779734,97,1
7,1517,87.5469387225655,58,51
32,1370,207.871169618792,80,48
74,6220,3891.51290546056,86,12
61,5287,2323.74624847988,92,31
43,7002,1634.90173053916,81,38
68,5859,3156.56198243595,87,19
84,6011,4564.05908875222,97,13
65,4629,2293.82857322828,75,10
13,6344,455.8366913544,90,77
90,6749,5582.32890002239,95,5
13,9848,707.610298937285,54,41
17,3677,308.023900135324,58,41
35,3717,635.320989782906,75,40
19,5932,537.226118416599,25,6
39,2988,597.733453883546,76,37
0,8355,540.001806753926,69,69
16,1717,138.377963066648,72,56
72,6373,3803.71525024293,77,5
23,7268,770.592170453009,71,48
39,4541,908.402815958897,58,19
75,9091,5817.2460261479,80,5
34,2390,392.638939707194,78,44
26,8986,1073.3633569179,84,58
49,3690,1078.35910830011,70,21
91,6001,5028.17384068642,96,5
41,1888,408.200882167793,65,24
7,1929,111.323694657765,66,59
13,2010,144.424929007305,53,40
37,4796,887.08385683405,87,50
25,2966,340.447783969896,88,63
41,2566,554.78997014966,75,34
48,5466,1539.87800411451,76,28
20,1035,97.4829492543256,61,41
17,3660,306.59980269113,83,66
65,3478,1723.46851969928,88,23
78,3200,2181.48871983361,88,10
24,7453,822.158353425296,71,47
79,7201,5006.64959607139,82,3
98,5324,4992.00395638875,98,0
73,5655,3456.84606515567,82,9
65,8395,4160.01098990093,71,6
95,8701,7713.03944776086,95,0
79,7446,5176.99109739586,87,8
64,4376,2106.23771035129,74,10
60,3736,1591.29751255336,92,32
7,4427,255.484705158074,63,56
16,9525,767.647116022025,44,28
57,7619,2944.3086733979,82,25
83,3183,2377.8109839682,84,1
78,2110,1438.41912464029,85,7
92,3713,3151.58646112967,97,5
5,4391,237.20757530918,83,78
85,7792,6009.51047834533,93,8
57,1724,666.227608995665,86,29
51,8331,2617.07263922141,69,18
72,1034,617.141310019017,81,9
57,8184,3162.64892808615,67,10
27,9435,1172.85232412843,63,36
8,1098,65.6156568893386,77,69
33,1991,314.350420716106,88,55
59,7774,3207.18852015975,77,18
28,6323,817.982138532575,84,56
72,1103,658.323853917771,79,7
71,4332,2522.73714878902,77,6
35,4016,686.426982773245,92,57
80,2232,1581.5942850238,97,17
99,2246,2139.04761904762,99,0
85,3088,2381.59244829702,91,6
11,9323,621.382830884026,87,76
48,7770,2188.95940211667,80,32
58,1627,649.801888264521,93,35
58,1354,540.769364910978,80,22
93,3148,2707.76540708999,96,3
23,2853,302.490294758177,71,48
74,7539,4716.73887367639,79,5
95,2866,2540.57821598467,97,2
67,8305,4354.10186520023,83,16
79,7562,5257.64258373724,88,9
65,8809,4365.16221680015,69,4
27,7552,938.779093992356,88,61
12,6113,422.969737651728,61,49
27,9842,1223.44595379671,88,61
66,5325,2715.0117246382,79,13
51,3458,1086.28462206549,61,10
59,2115,872.550002590413,80,21
77,6596,4405.79540466362,84,7
64,1410,678.655203746645,82,18
20,5393,507.947386790896,91,71
11,1046,69.7164476139323,85,74
70,2090,1186.73577139962,81,11
28,2570,332.470994152889,31,3
58,3585,1431.80071876356,91,33
91,6496,5442.92905667372,93,2
52,6116,1990.83945528939,91,39
72,6207,3704.638405501,74,2
51,6566,2062.62140788954,66,15
14,2272,169.583957791081,74,60
47,5679,1541.80258560965,82,35
30,6521,913.642445551464,74,44
87,6695,5317.80596669806,92,5
13,1109,79.6851971488068,52,39
67,2968,1556.04748174765,88,21
84,7719,5860.91700317391,85,1
97,7104,6544.21790763664,99,2
20,2449,230.66255335637,88,68
89,9021,7364.31227704155,90,1
3,9208,468.705841170922,77,74
47,1300,352.939489574318,70,23
94,7929,6917.55481675069,97,3
76,8785,5745.39414859329,78,2
18,5845,509.050818834744,63,45
90,2232,1846.16359532523,92,2
48,7302,2057.11474314748,65,17
63,6342,2963.16237001508,75,12
45,1921,483.923372602548,84,39
37,9322,1724.22762998478,63,26
76,3436,2247.14562260291,82,6
25,8235,945.241908628488,89,64
97,8415,7751.91352657127,97,0
82,4098,3009.96375289265,86,4
7,3161,182.423120172729,82,75
67,2175,1140.29759865268,76,9
86,6016,4709.97191939676,89,3
44,5845,1417.76097294695,84,40
72,1266,755.6101532728,96,24
32,7633,1158.16104941623,71,39
50,2652,803.67469537692,57,7
87,3620,2875.34840917804,87,0
86,8889,6959.26535763262,95,9
89,2144,1750.25889834576,89,0
20,3749,353.104905076779,76,56
30,4077,571.219176585389,55,25
16,7886,635.555397055086,75,59
64,3910,1881.94457209176,77,13
90,5277,4364.78731744231,93,3
56,6117,2286.15653779789,81,25
91,4785,4009.30042121055,95,4
96,6235,5633.95377768296,98,2
99,7514,7156.19047619048,99,0
47,1107,300.541549968285,64,17
60,3708,1579.37129993251,70,10
42,6241,1402.40344474426,69,27
91,5001,4190.28451545956,93,2
84,1427,1083.49897182655,93,9
72,1988,1186.53474305397,83,11
60,9675,4120.93239666856,89,29
60,5949,2533.8942457655,85,25
89,8729,7125.93746439371,89,0
39,6073,1214.87124010535,79,40
88,7988,6433.77025012382,88,0
76,8377,5478.561955921,76,0
49,5168,1510.28722810162,57,8
43,1009,235.592094560699,70,27
64,9467,4556.61618004928,85,21
7,9458,545.82659620173,80,73
90,7748,6408.63599309135,90,0
12,4423,306.035522596695,29,17
77,6346,4238.80801061178,91,14
93,5905,5079.21052378221,97,4
65,3183,1577.28588217447,71,6
54,7638,2666.37701067208,93,39
80,3785,2682.04944839386,94,14
27,4154,516.378225164757,28,1
88,1930,1554.47879102892,93,5
85,7967,6144.4776669632,88,3
19,4515,408.89681804635,83,64
34,8424,1383.92904941147,36,2
65,8706,4314.12217725759,77,12
60,9213,3924.14988842454,88,28
44,3731,904.989938420031,51,7
71,1454,846.735875886251,83,12
72,8990,5365.6676760841,85,13
73,3671,2244.0463139145,85,12
62,4746,2151.3175141051,85,23
75,5760,3685.77022446507,85,10
3,5275,268.508178993985,78,75
72,7179,4284.77511085737,74,2
56,5225,1952.7820680062,91,35
28,2221,287.3222093438,85,57
7,2135,123.212072625364,82,75
65,6766,3352.78551014528,68,3
94,3753,3274.25693369471,97,3
47,9860,2676.91028246367,62,15
34,8750,1437.48565792383,59,25
47,4004,1087.0536278889,63,16
5,5374,290.310523732985,60,55
52,2812,915.343451320106,90,38
56,1847,690.294445857887,84,28
93,2487,2139.20348393672,97,4
27,4860,604.140147881733,89,62
27,5039,626.391400241987,60,33
63,4181,1953.48184626822,73,10
42,6639,1491.83728082953,62,20
35,6756,1154.75614930678,84,49
61,3604,1584.0328124686,84,23
99,8316,7920,99,0
71,8724,5080.4152553175,78,7
33,5450,860.477043145544,81,48
24,8465,933.794507144121,86,62
1,2916,141.229984056501,63,62
38,9549,1836.94146785437,82,44
82,1665,1222.93549257351,83,1
59,3053,1259.52489735628,69,10
1,6514,315.49112350619,81,80
75,1762,1127.48734991449,88,13
49,3272,956.203523674244,80,31
53,1737,585.662635106411,57,4
3,5482,279.044898055929,79,76
18,9275,807.775251444354,57,39
0,3415,220.718871342269,85,85
43,5362,1251.9770178736,86,43
28,4186,541.526685417896,84,56
14,1456,108.677043373158,77,63
23,5573,590.87921930856,37,14
86,3829,2997.75307170382,95,9
55,3970,1434.30249935521,64,9
68,8173,4403.23964540861,87,19
12,3874,268.049200664616,41,29
90,3234,2674.95209107607,90,0
24,3588,395.800908639469,80,56
74,9928,6211.4051648573,89,15
16,8761,706.074160994117,66,50
49,8570,2504.48172307099,73,24
58,7617,3042.12721752357,84,26
13,7806,560.886067577625,69,56
2,9128,452.574388012478,68,66
78,5604,3820.33212060861,87,9
21,3129,306.537776143779,73,52
82,8870,6514.97766914539,89,7
99,6782,6459.04761904762,99,0
20,8293,781.088017551809,58,38
59,1693,698.452555265044,84,25
49,9086,2655.27665528856,65,16
9,3837,237.629776466382,66,57
78,8159,5562.11452035076,84,6
76,9736,6367.34859768972,78,2
41,6629,1433.24345756902,68,27
2,4839,239.921939482075,54,52
10,1096,70.3985739255288,88,78
44,4556,1105.10162407978,49,5
88,8775,7067.64320791644,92,4
48,3770,1062.08197502958,62,14
56,3141,1173.91166997272,60,4
44,7514,1822.5929770271,87,43
68,3741,2015.48018028553,75,7
62,6464,2930.07088309637,75,13
97,9520,8769.84156541396,99,2
8,2376,141.987978842503,80,72
21,6869,672.933200489492,78,57
16,3576,288.200114109686,73,57
3,3422,174.186727681027,87,84
50,3134,949.742268216918,85,35
23,2810,297.931205142124,87,64
57,8507,3287.46999404067,76,19
54,8538,2980.5612617332,70,16
69,6476,3583.02652024294,75,6
1,5011,242.696656415339,82,81
22,5019,511.501831544848,80,58
93,4360,3750.27229190354,96,3
55,4251,1535.82365862947,83,28
38,3027,582.304097098669,71,33
83,8418,6288.53687183295,84,1
93,1033,888.539283838615,93,0
70,3942,2238.33129706091,79,9
30,7386,1034.83562380664,88,58
91,1314,1100.9865733481,92,1
21,5963,584.175378442108,71,50
26,2513,300.17383885318,86,60
21,1380,135.194033582108,71,50
63,5679,2653.38995574198,90,27
84,3304,2508.67596560262,94,10
40,6766,1407.24470907077,61,21
27,2299,285.785637855989,86,59
2,2654,131.587689064978,72,70
39,3581,716.359939209163,67,28
10,8367,537.431448936952,71,61
60,5509,2346.48233315215,74,14
35,4205,718.73143988085,73,38
7,1693,97.7039995104176,67,60
91,4649,3895.3474729797,91,0
49,1641,479.562953040781,57,8
83,3952,2952.28055565263,92,9
45,4831,1216.98792974644,81,36
64,3181,1531.06539228232,79,15
42,7662,1721.71369870702,69,27
21,2255,220.914888208444,56,35
59,5348,2206.33447463524,78,19
75,5039,3224.40905574296,89,14
45,2239,564.031458228582,53,8
87,1271,1009.54912377494,87,0
18,7247,631.153342018031,64,46
60,5295,2255.33199383566,90,30
12,8265,571.87058427802,74,62
66,1611,821.386645707443,75,9
28,4570,591.203285322453,72,44
38,4542,873.744700701076,82,44
15,5809,450.499169902255,41,26
41,1228,265.50353988456,76,35
61,4686,2059.59427281572,88,27
67,2625,1376.22123975323,86,19
45,4553,1146.9563328784,67,22
67,9619,5042.99889721384,69,2
97,3650,3362.38673463876,98,1
90,2263,1871.80475637141,94,4
83,9328,6968.33831556876,84,1
45,8202,2066.18401982618,83,38
65,9170,4544.05012238136,66,1
80,7797,5524.95100373234,84,4
73,1090,666.30631494601,81,8
74,1442,902.180323098734,88,14
38,9760,1877.53154531979,90,52
74,2060,1288.82903299819,85,11
76,4049,2648.04791208358,88,12
13,4101,294.66996709401,74,61
41,6429,1390.00183869531,74,33
2,3995,198.075666094418,70,68
76,6587,4307.90111061855,84,8
79,2003,1392.62868225677,86,7
7,2683,154.837466442085,66,59
44,3134,760.181845888067,92,48
63,9368,4376.99544028718,67,4
98,4240,3975.60044610975,98,0
39,3931,786.375571357504,53,14
54,1813,632.906719082021,83,29
2,8323,412.661769437758,82,80
38,7782,1497.02361533592,85,47
6,1375,76.7209070823965,82,76
58,1471,587.497589205354,70,12
87,1850,1469.4460102153,89,2
26,7886,941.97011269247,70,44
42,8674,1949.11832714496,74,32
23,9480,1005.12022233001,59,36
47,3448,936.104123117114,69,22
13,7467,536.527833282363,85,72
27,1939,241.034515790675,85,58
27,2275,282.802229718301,89,62
33,6638,1048.04524998167,83,50
10,3258,209.268753512201,56,46
14,6347,473.745325748237,76,62
64,7186,3458.7349603712,86,22
70,2830,1606.91972873728,85,15
65,1248,618.426886884616,81,16
39,4843,968.816304269751,54,15
89,9482,7740.65059426981,98,9
15,4439,344.25302379,82,67
11,2217,147.7642106693,79,68
45,7792,1962.90001005677,82,37
94,7214,6293.76219548991,95,1
96,5023,4538.78906580618,97,1
80,4784,3389.94043886822,80,0
64,6799,3272.46576615137,77,13
87,8556,6795.98922346058,92,5
71,4825,2809.83535154825,72,1
43,6338,1479.8639200453,87,44
63,1462,683.087887884272,75,12
5,8745,472.416362122246,87,82
60,1828,778.611309675465,75,15
50,5080,1539.46736520164,73,23
45,2704,681.170640040234,84,39
66,3436,1751.88362175715,85,19
78,6416,4373.88488326639,80,2
24,3663,404.074339004007,78,54
97,6967,6418.01325485705,97,0
7,3180,183.519621053236,59,52
99,9399,8951.42857142857,99,0
68,4933,2657.67541549011,81,13
37,1224,226.395046031042,37,0
35,7377,1260.89936551749,40,5
55,3263,1178.87381748011,82,27
66,9339,4761.59521059082,67,1
74,4086,2556.3861305003,75,1
39,8853,1770.99540402645,65,26
69,6713,3714.15334008506,82,13
36,2025,360.078725620515,76,40
64,7102,3418.3044375948,89,25
21,4970,486.894454277591,75,54
34,1050,172.498278950859,76,42
76,9760,6383.04460902339,92,16
90,5537,4579.84221653934,91,1
39,6631,1326.49616221613,73,34
90,1902,1573.20930031747,94,4
62,4600,2085.13707646091,66,4
20,2263,213.143878417912,66,46
31,1717,250.349245896722,92,61
80,1368,969.364239208136,89,9
33,9886,1560.85799055722,87,54
48,8421,2372.3587033751,58,10
17,3467,290.432108177636,71,54
74,4498,2814.15193709993,76,2
54,1982,691.903539559055,78,24
40,2171,451.541274518569,50,10
43,2497,583.026224101154,65,22
43,7337,1713.12110782145,85,42
55,8088,2922.07521782995,72,17
76,1649,1078.44677871717,85,9
55,3946,1425.6316530115,86,31
75,6732,4307.74394984355,89,14
42,1487,334.140990600017,82,40
47,3047,827.23586517919,82,35
74,1012,633.152903589403,75,1
11,2551,170.025485528816,23,12
48,5288,1489.73195860913,73,25
16,8409,677.705469672358,57,41
43,2331,544.266771477689,59,16
78,2606,1776.5498762145,85,7
53,2064,695.916913563403,84,31
25,8422,966.706418271903,75,50
58,1894,756.43809242348,89,31
68,1063,572.695918643014,74,6
33,3621,571.704105179819,61,28
99,8788,8369.52380952381,99,0
21,5499,538.718833817399,22,1
62,2938,1331.76798492221,67,5
71,4972,2895.44069800993,92,21
52,1163,378.571989290641,78,26
57,9330,3605.51252432109,73,16
98,2097,1966.23446591796,98,0
30,6815,954.834115386172,77,47
40,5795,1205.28866229162,72,32
33,5575,880.212755144295,79,46
95,8892,7882.3522318687,98,3
93,5586,4804.82133545257,95,2
55,8584,3101.27270893327,72,17
39,3423,684.75288241077,49,10
15,9670,749.92717730329,66,51
98,2603,2440.68112293011,98,0
46,7590,1985.19538420613,79,33
36,7932,1410.44170450466,58,22
7,1566,90.3747567828198,80,73
56,7022,2624.3896041224,83,27
69,9744,5391.13811198999,86,17
18,6326,550.941912737141,77,59
68,4059,2186.80407692568,78,10
99,9016,8586.66666666667,99,0
57,7154,2764.61271157482,87,30
0,1145,74.0038382684914,56,56
67,2023,1060.60783543649,70,3
73,1764,1078.31590785758,89,16
59,6349,2619.30022054209,69,10
8,7783,465.106245509765,88,80
36,9124,1622.39915682053,83,47
36,5018,892.283972920369,69,33
37,4341,802.925567664014,68,31
58,4446,1775.67252318627,74,16
49,9537,2787.07610185858,83,34
12,1329,91.9559596497868,66,54
20,3570,336.245535109123,70,50
54,5759,2010.43011317891,87,33
2,1708,84.6841646281017,59,57
34,5558,913.090889913216,77,43
22,5698,580.700824096941,85,63
52,7284,2371.039011172,89,37
52,7490,2438.09475476088,91,39
72,1824,1088.65159523664,76,4
8,8909,532.395161409032,82,74
64,2304,1108.95148186686,79,15
5,6691,361.456589932527,67,62
31,7964,1161.20057910396,77,46
2,7729,383.210719209952,58,56
42,9299,2089.56090893716,83,41
85,8752,6749.90191304907,90,5
20,3147,296.40467758779,62,42
96,4843,4376.14084127002,96,0
66,2378,1212.45030632669,78,12
14,3362,250.942458667965,44,30
35,4768,814.961118989749,79,44
85,5374,4144.6495521853,91,6
66,2346,1196.13474291103,86,20
12,4194,290.190590497521,80,68
77,3819,2550.89943153583,97,20
37,7067,1307.13544959263,80,43
98,5778,5417.69324943918,98,0
37,2081,384.908570907352,76,39
74,7449,4660.43080912792,80,6
87,8695,6906.39624801189,89,2
63,4724,2207.18685524302,76,13
71,4115,2396.36735163131,91,20
47,8429,2288.40535201687,71,24
12,2221,153.675083809012,71,59
87,3363,2671.21455802921,91,4
66,3304,1684.58192266753,79,13
12,2021,139.836715163446,77,65
66,7830,3992.21442327081,75,9
40,3517,731.492704966286,76,36
44,5285,1281.9275863173,88,44
60,6188,2635.69298920775,79,19
68,9960,5365.99374382354,89,21
20,7406,697.54465910873,73,53
34,7533,1237.55193841602,62,28
40,6397,1330.4972515409,64,24
19,5458,494.29874482768,79,60
12,2076,143.642266540976,79,67
10,2023,129.941893295023,48,38
35,3863,660.275755590898,78,43
40,5807,1207.78451456901,73,33
48,2720,766.276650419221,56,8
98,8121,7614.58755256068,98,0
20,7170,675.316662950255,65,45
31,9360,1364.74603470782,49,18
38,4024,774.097022373652,70,32
43,1387,323.85157101654,62,19
77,7471,4990.25128384504,90,13
64,2245,1080.55385277391,76,12
82,2500,1836.23947833861,97,15
81,5062,3653.14683543528,81,0
62,5044,2286.39813340627,68,6
68,3600,1939.51581102056,77,9
45,4101,1033.09200991309,61,16
17,3207,268.651794325261,83,66
32,2917,442.598687429208,35,3
83,1703,1272.19984470557,89,6
20,2571,242.153297133209,75,55
81,2042,1473.67163926488,84,3
27,5107,634.844389965435,71,44
52,9045,2944.26796486144,86,34
59,3424,1412.58213185323,71,12
66,5453,2780.27397830086,87,21
42,3130,703.336449615369,53,11
17,8067,675.776122488893,74,57
78,8014,5463.2658127333,85,7
36,7896,1404.04030493807,61,25
66,2807,1431.18082836797,95,29
39,6207,1241.677224985,72,33
19,4578,414.602355042345,79,60
46,4000,1046.21627626146,69,23
28,1593,206.080269916557,68,40
32,1921,291.474829808539,89,57
58,3491,1394.25838471508,74,16
33,3314,523.233196510887,89,56
44,5466,1325.83087735296,85,41
27,3954,491.516490684028,79,52
5,4422,238.88223594106,59,54
18,3658,318.581333669374,43,25
66,5015,2556.95470404893,83,17
96,9191,8304.99906506561,96,0
83,2116,1580.72511532413,83,0
86,6317,4945.62709687988,87,1
38,8046,1547.80930467654,52,14
22,9776,996.302431795664,78,56
4,4958,259.728893525208,88,84
73,2356,1440.1997045989,77,4
63,2948,1377.3892568282,83,20
49,3576,1045.04394885669,72,23
30,8505,1191.61616307548,63,33
77,3571,2385.24793663641,77,0
60,2728,1161.95385820277,71,11
68,3749,2019.79021542113,78,10
93,7860,6760.81197577107,93,0
38,4605,885.864012930087,77,39
60,4702,2002.75184797267,83,23
10,7147,459.068072851965,90,80
98,5952,5580.84289038803,98,0
98,4631,4342.21831743732,98,0
35,2817,481.490241651452,50,15
11,5879,391.838427841595,84,73
8,2885,172.405437272989,78,70
22,7402,754.360740604696,87,65
28,2385,308.538257219705,87,59
66,3499,1784.00488723175,83,17
25,5847,671.138972647331,70,45
66,7335,3739.83305168473,76,10
56,7218,2697.64229030981,85,29
53,5361,1807.5632624096,78,25
48,7007,1974.00753289981,74,26
51,6407,2012.67367656842,72,21
3,1254,63.8311386651103,36,33
85,6190,4773.98227168347,90,5
39,9163,1833.00924964355,80,41
8,8064,481.898594859404,71,63
18,6638,578.114514187345,66,48
99,7306,6958.09523809524,99,0
78,7394,5040.60237326553,92,14
30,9244,1295.15576854435,73,43
86,4534,3549.70290600813,87,1
74,1390,869.646774692954,77,3
13,7526,540.767171994517,88,75
32,5891,893.846029360804,70,38
54,9466,3304.52013393845,80,26
65,9181,4549.50100039076,85,20
76,2049,1340.04696761157,93,17
69,9196,5087.94192096264,73,4
27,7485,930.450412941312,72,45
41,9427,2038.19370561218,82,41
38,7620,1465.85966960418,49,11
30,9841,1378.80007769851,82,52
3,8223,418.567347083893,81,78
45,6656,1676.72772932981,82,37
29,7946,1069.78235863975,75,46
61,3251,1428.88198483225,64,3
62,2628,1191.24787759549,81,19
37,8570,1585.1352487631,84,47
2,8814,437.005987723705,69,67
94,4485,3912.88098790855,94,0
74,6788,4246.87935727753,81,7
33,6896,1088.7797595471,55,22
11,1500,99.9757852972261,86,75
0,1975,127.648541991503,52,52
88,8544,6881.58901064821,94,6
77,5542,3701.77655134108,82,5
47,3852,1045.78685680021,58,11
7,2266,130.772157643595,90,83
30,2966,415.559499080761,33,3
25,8130,933.189643855447,84,59
1,9333,452.023127983308,74,73
80,4290,3039.89224137639,87,7
23,2712,287.540721831117,58,35
23,8413,891.991184647931,85,62
44,1767,428.602846740336,52,8
22,7761,790.947542263313,67,45
46,3820,999.136543829697,77,31
8,1836,109.717983651025,69,61
67,2928,1535.07649142761,92,25
78,6206,4230.72468602731,91,13
88,3529,2842.36044224924,88,0
88,2682,2160.16171893241,89,1
0,5386,348.108884641131,70,70
45,4791,1206.91144098845,70,25
19,4253,385.169029269352,41,22
9,5883,364.340884793257,84,75
70,6524,3704.43261847422,76,6
89,4439,3623.78696350598,92,3
96,1993,1800.87728611422,97,1
81,2535,1829.46013983177,97,16
52,1937,630.519297726546,74,22
97,2846,2621.74045117312,97,0
0,3162,204.366931532725,53,53
93,6491,5583.26088228117,94,1
3,2492,126.847844938959,83,80
26,8980,1072.64666649485,75,49
48,1847,520.335651957464,83,35
73,1642,1003.7385037994,74,1
63,7108,3321.05930716922,82,19
26,9329,1114.33415943546,84,58
27,4271,530.922339835984,71,44
14,1690,126.142996772415,82,68
50,5653,1713.11201092222,68,18
87,2725,2164.4542582901,97,10
87,9520,7561.68973905385,93,6
8,3788,226.368040343183,59,51
36,2248,399.731839602429,85,49
84,5694,4323.36590440112,86,2
92,5183,4399.31931808109,98,6
60,9125,3886.66750590187,80,20
90,1319,1090.99004580375,93,3
46,7946,2078.3086327934,55,9
88,7928,6385.44448459961,88,0
52,7446,2423.7721687516,81,29
77,1383,923.774263894752,77,0
34,8179,1343.6794509896,82,48
95,6402,5675.08085789737,95,0
97,7866,7246.1737136078,99,2
10,2625,168.60972313368,78,68
9,9110,564.192667085937,66,57
31,6081,886.647503959212,84,53
32,3542,537.430425393985,62,30
92,2375,2015.89492194532,95,3
61,7841,3446.28226486301,93,32
98,7870,7379.2395072839,98,0
44,5887,1427.94847694418,79,35
64,1409,678.173887999307,83,19
62,3068,1390.69577186567,85,23
88,8132,6549.75208738194,95,7
74,1692,1058.59161351114,74,0
11,4893,326.121011639551,66,55
56,1657,619.284188839479,84,28
78,3125,2130.36007796251,82,4
11,7367,491.014406856443,80,69
21,5319,521.084829437124,77,56
55,2780,1004.37303481296,88,33
16,6350,511.764744014684,65,49
75,7743,4954.67341111684,81,6
18,9707,845.398853452328,68,50
95,7398,6557.9894074859,98,3
34,7790,1279.77294574019,87,53
59,8048,3320.22809496342,75,16
78,7304,4979.24800302021,83,5
14,2447,182.646102427278,90,76
5,8421,454.913457453566,61,56
57,6317,2441.15998029328,60,3
85,5605,4322.80624116088,87,2
82,2800,2056.58821573924,84,2
1,4687,227.004435964617,39,38
93,6031,5187.58995240144,93,0
59,8961,3696.88915991144,71,12
4,7435,389.488568648632,89,85
64,3317,1596.5243339203,81,17
98,8136,7628.65217678041,98,0
73,3186,1947.57056827338,76,3
46,8399,2196.79262608001,86,40
78,8228,5609.15287087217,81,3
25,9274,1064.50193814458,67,42
61,7225,3175.53747782621,73,12
71,1835,1068.61095753182,89,18
27,5790,719.747213217127,89,62
85,4049,3122.75512407858,90,5
86,1140,892.514625683562,90,4
80,1416,1003.37701953123,85,5
5,2243,121.169799913116,58,53
20,5622,529.516077978568,76,56
43,6084,1420.55728771783,91,48
37,7807,1444.0082715395,69,32
27,9193,1142.76962540674,70,43
98,2140,2006.55305534785,99,1
96,6283,5677.32663755927,97,1
31,1025,149.451355296529,86,55
49,9330,2726.58278602711,82,33
80,3686,2611.89808897748,86,6
66,1747,890.727790224024,84,18
97,3395,3127.4802641366,97,0
29,2876,387.200360363442,66,37
19,9059,820.419994392444,88,69
61,6214,2731.18199130962,83,22
33,2662,420.291722725401,69,36
74,8051,5037.06919644099,75,1
89,1353,1104.52438874152,90,1
67,8323,4363.53881084425,78,11
63,3710,1733.4172804724,75,12
99,1256,1196.19047619048,99,0
98,3213,3012.64250786571,98,0
0,4962,320.704843221183,43,43
11,3939,262.536412190516,79,68
47,7941,2155.91729746897,75,28
36,6948,1235.47011635128,69,33
21,4028,394.609831354153,53,32
74,2525,1579.75403316526,77,3
29,3724,501.367921416363,69,40
93,2565,2206.2955111772,95,2
92,4031,3421.50418120487,96,4
7,7174,414.015648250287,8,1
91,3886,3256.0379178316,93,2
23,9815,1040.63871119927,87,64
55,8781,3172.44590600455,69,14
18,7200,627.060033466237,70,52
97,5080,4679.70537314107,97,0
55,2568,927.780558776868,73,18
92,3835,3255.13980027802,97,5
21,1832,179.474977914798,80,59
19,8837,800.314768787507,81,62
14,6773,505.542317834064,79,65
63,3889,1817.05116004236,78,15
28,6464,836.222765060029,83,55
86,5726,4482.92872514393,92,6
12,7978,552.012525271632,37,25
64,2891,1391.48382555429,88,24
81,6363,4592.05320305703,91,10
54,9839,3434.73205132267,84,30
31,6580,959.404797903572,79,48
13,2185,156.999238746747,64,51
91,2463,2063.72140803377,96,5
26,5587,667.358232261327,55,29
40,1739,361.690592532377,68,28
92,3354,2846.86802871772,93,1
43,2975,694.634768402456,84,41
12,6590,455.974246871403,68,56
65,7400,3666.9542972325,92,27
36,6343,1127.89104030169,58,22
11,2787,185.755009082246,87,76
52,9060,2949.15066463733,71,19
11,3732,248.739753819498,80,69
81,6548,4725.56410083568,88,7
25,3421,392.674264653073,90,65
79,8901,6188.611033833,86,7
83,3787,2829.01985431592,92,9
97,4741,4367.41794764996,97,0
70,4060,2305.33360377151,91,21
7,8549,493.367685655381,26,19
22,8714,888.070723267944,75,53
88,5921,4768.94762781462,92,4
3,5811,295.791664101241,73,70
45,2758,694.773899863523,49,4
6,2831,157.961373054738,68,62
87,8327,6614.09563625015,90,3
74,4097,2563.26822727844,93,19
50,6883,2085.85706194545,71,21
30,3595,503.687255291752,85,55
33,2288,361.242472425138,60,27
66,3058,1559.1560289096,72,6
15,4928,382.175918278243,87,72
49,4041,1180.93473079695,78,29
94,3901,3403.37764410953,97,3
26,3397,405.766227848887,68,42
11,1857,123.770022197966,81,70
74,1054,659.430000378686,92,18
4,8924,467.491054017538,83,79
94,6236,5440.51858207306,97,3
90,8084,6686.55309346289,96,6
86,2443,1912.64318468855,93,7
18,5645,491.632484571793,90,72
83,2433,1817.53506880133,83,0
31,2083,303.714315202605,66,35
79,1296,901.071778434735,84,5
3,2289,116.514733974831,72,69
86,8627,6754.14357523868,90,4
69,6488,3589.66585289317,74,5
12,3655,252.896186997721,70,58
99,6892,6563.80952380952,99,0
10,9837,631.852893891813,15,5
63,5369,2508.54915872138,75,12
8,4357,260.371053794944,84,76
14,3671,274.006474054164,70,56
13,4052,291.149160366966,78,65
40,7169,1491.06374805326,88,48
67,4873,2554.79089574,89,22
89,3023,2467.83239258359,89,0
87,1106,878.49042556655,89,2
56,6173,2307.08587670857,88,32
16,2741,220.905065093582,76,60
74,3567,2231.67629160415,78,4
19,9374,848.947679372421,69,50
3,2867,145.936104109148,77,74
47,5582,1515.46786984911,82,35
78,1482,1010.30196337294,85,7
79,2079,1445.46931123905,95,16
24,1477,162.931421978957,90,66
67,8778,4602.08382573481,89,22
18,5707,497.032168193308,85,67
36,4919,874.680124112254,78,42
81,1263,911.482507537487,91,10
13,2678,192.422865612718,76,63
61,3965,1742.69980617037,62,1
51,5148,1617.17560277419,91,40
91,9926,8316.88944220187,91,0
65,2119,1050.03731835617,81,16
24,4802,529.720168140115,52,28
21,2754,269.800267018207,83,62
58,7433,2968.64009555635,83,25
36,4324,768.879214608943,85,49
68,5304,2857.55329490362,86,18
31,6752,984.483464353331,53,22
89,3533,2884.1719626192,97,8
35,3375,576.865305492953,40,5
53,5070,1709.44706965429,72,19
18,2426,211.284394609596,63,45
45,9253,2330.94376194241,86,41
34,4037,663.214811547256,42,8
77,4306,2876.19087514881,81,4
33,4642,732.905400785617,85,52
19,1238,112.118330175278,69,50
75,6059,3877.09753299199,83,8
71,2919,1699.87759402474,86,15
93,8165,7023.15900536524,97,4
96,3016,2725.26136222804,96,0
40,5908,1228.79127123708,61,21
44,2540,616.101432213047,85,41
73,9851,6021.81973259921,80,7
49,1010,295.160623139055,69,20
82,2837,2083.76456001866,91,9
30,9719,1361.70693579431,73,43
79,1449,1007.44830783328,88,9
95,4044,3584.82146037753,96,1
72,9409,5615.74718178813,76,4
23,9343,990.594750762584,78,55
93,5734,4932.1241563704,93,0
96,2002,1809.00969734103,97,1
16,3431,276.514147514076,89,73
80,6676,4730.61086327011,81,1
23,2410,255.521069178832,69,46
26,6666,796.243060006087,85,59
88,3857,3106.54129378162,89,1
92,1258,1067.78771023461,93,1
68,1605,864.700799079998,91,23
43,2090,487.995517970129,79,36
48,3526,993.34245197727,74,26
47,5330,1447.0519072547,75,28
4,1227,64.2774006364319,85,81
85,2317,1786.96557730058,85,0
74,8246,5159.07000296266,80,6
51,5827,1830.4744050826,71,20
18,1382,120.360689756992,78,60
23,2329,246.933016646265,68,45
34,4396,722.192794540931,54,20
0,3030,195.835484675571,87,87
98,4366,4093.74328955546,98,0
18,4245,369.704144731136,60,42
32,3717,563.983312024123,74,42
86,1160,908.172777011344,88,2
76,9291,6076.3183875447,78,2
98,5805,5443.00957303469,99,1
39,8002,1600.75739557434,82,43
52,8445,2748.95997382585,89,37
85,2586,1994.42942723319,86,1
11,5728,381.774198788341,74,63
56,7465,2789.95562443374,69,13
27,4683,582.137512866288,86,59
90,5589,4622.85319635874,92,2
50,2572,779.431114822563,73,23
38,6277,1207.50671208733,72,34
89,8465,6910.42051049293,95,6
48,2309,650.489994786023,87,39
95,1451,1286.24528659936,99,4
12,3695,255.663860726834,21,9
87,5371,4266.1592004683,90,3
19,4753,430.451068920111,42,23
29,3702,498.406027143763,63,34
36,6365,1131.8030067035,87,51
24,2608,287.69475187618,61,37
58,5464,2182.24801320058,87,29
28,6509,842.044241611345,31,3
72,4489,2679.25274726825,91,19
59,4154,1713.74596253455,70,11
25,2687,308.423194715816,78,53
41,7408,1601.6695630821,81,40
23,4733,501.817933785648,77,54
27,4414,548.698479989706,75,48
76,2924,1912.29738081807,84,8
87,8902,7070.81534212787,96,9
57,5125,1980.52000934036,79,22
44,3697,896.742911374659,69,25
28,9222,1193.01459458286,69,41
50,5990,1815.23809400745,86,36
59,4723,1948.4887291889,70,11
61,3034,1333.50598030792,93,32
32,1786,270.991174408147,79,47
46,3207,838.803899492627,81,35
90,9250,7650.99160249032,92,2
9,4409,273.054387396476,87,78
82,4627,3398.5120265091,92,10
17,1211,101.446000289333,75,58
82,4627,3398.5120265091,93,11
43,1231,287.427025177621,78,35
6,1817,101.383191395429,83,77
51,4562,1433.09151123851,51,0
31,6044,881.252674548509,53,22
34,5649,928.040740755623,55,21
3,4775,243.057166767067,75,72
69,1436,794.506807144666,96,27
14,1477,110.244500729501,52,38
71,7515,4376.35495686738,80,9
8,1396,83.423913495006,67,59
40,3759,781.825725893736,75,35
92,4289,3640.49402956777,92,0
93,2744,2360.26311215214,93,0
60,6025,2566.26539430781,68,8
96,8078,7299.29087668372,99,3
71,9260,5392.55447779001,82,11
6,5270,294.050312963076,67,61
45,4098,1032.33627325624,56,11
61,4890,2149.25650748376,74,13
60,5896,2511.31962901889,94,34
2,1046,51.8616137008164,89,87
94,8923,7784.75742588806,96,2
5,4042,218.354137872855,71,66
90,4663,3856.92690188242,90,0
25,1321,151.628969192257,83,58
67,1877,984.063720768311,79,12
19,5927,536.773298020092,76,57
45,5992,1509.45801594715,84,39
21,1720,168.502708522627,46,25
6,8690,484.876132760746,80,74
18,5610,488.584276075776,73,55
90,8184,6769.26651619251,93,3
34,5078,834.234533821394,60,26
55,7847,2835.00546912854,70,15
24,6031,665.294113713667,78,54
49,9934,2903.09468342908,56,7
57,6696,2587.6218502523,60,3
64,5886,2833.02448883174,78,14
9,6474,400.942187345154,79,70
67,9656,5062.39706325989,77,10
74,3875,2424.37500139223,79,5
21,6596,646.188293846075,61,40
95,1495,1325.24927874985,97,2
77,4874,3255.58623443458,78,1
92,7596,6447.46855877753,92,0
18,4377,381.200245344683,63,45
33,6879,1086.09570271527,46,13
9,8197,507.649538101364,74,65
26,4014,479.465893018967,65,39
96,3454,3121.03870859935,96,0
4,8136,426.211028180938,59,55
72,4386,2617.77735565126,78,6
20,8994,847.112701056429,64,44
96,4600,4156.56573814621,96,0
52,4377,1424.77179460459,55,3
15,1747,135.483224275992,87,72
8,4886,291.983697232521,75,67
78,7467,5090.36758468674,78,0
22,6356,647.759641621649,64,42
42,2334,524.468777444815,62,20
86,8941,6999.97655108485,89,3
84,5077,3854.88737208368,87,3
88,8097,6521.56205749281,88,0
10,3155,202.652829137813,79,69
9,5734,355.113145232795,63,54
22,7855,800.527373338271,48,26
6,3383,188.761329934362,42,36
55,9808,3543.48587246243,77,22
19,6656,602.794511830898,83,64
2,5286,262.084598491888,59,57
44,8166,1980.74184860305,65,21
42,4432,995.906436004894,65,23
43,5258,1227.69398731432,75,32
43,9472,2211.62370632204,91,48
69,1700,940.572125449813,87,18
92,1005,853.041851181071,96,4
73,2067,1263.53683760863,78,5
51,3832,1203.77173850635,76,25
14,3225,240.716665438485,72,58
94,7501,6544.15168122676,96,2
66,5747,2930.17321718229,75,9
60,4105,1748.46795744955,94,34
74,2824,1766.82193649849,79,5
71,9834,5726.82297349752,73,2
6,9862,550.270244106614,30,24
15,4155,322.228275252861,89,74
61,5046,2217.82174575931,78,17
83,5640,4213.27488205486,91,8
38,3993,768.133551276837,84,46
29,3711,499.617711164372,75,46
15,7694,596.684560720942,83,68
85,2979,2297.52717081503,85,0
45,1699,427.998859995694,61,16
98,2489,2333.78997886018,99,1
83,6174,4612.19133365368,85,2
84,6249,4744.76879813885,86,2
49,6436,1880.84531734946,65,16
42,8376,1882.15530414643,79,37
64,5993,2884.52527379691,83,19
17,8466,709.2005272085,74,57
38,7330,1410.07235934366,81,43
9,1046,64.7799703371998,59,50
59,7505,3096.21171131964,66,7
20,7840,738.421567298466,76,56
51,5624,1766.70466006256,90,39
21,3453,338.278984028274,26,5
36,4849,862.232958288335,62,26
48,9859,2777.47113841291,82,34
97,4114,3789.82439076818,97,0
3,3463,176.273710683634,54,51
25,2411,276.742955883823,30,5
89,8338,6806.74379403308,89,0
72,6079,3628.2418023265,84,12
11,1240,82.6466491790402,76,65
73,1164,711.541789538674,73,0
17,9597,803.944892466333,84,67
43,8340,1947.31225831142,92,49
88,4123,3320.78552093897,89,1
95,4217,3738.17806587835,98,3
41,2507,542.033692581916,69,28
98,1357,1272.37967107805,98,0
56,3838,1434.40719177183,72,16
27,4458,554.168061575467,67,40
57,8043,3108.16047514625,81,24
82,7515,5519.73587188586,83,1
18,3316,288.795982079728,82,64
84,6457,4902.69997272884,92,8
21,5618,550.376870046581,55,34
94,4872,4250.51419689865,94,0
57,5489,2121.18523536961,68,11
30,4435,621.377740533774,75,45
22,8061,821.521471225946,46,24
0,7289,471.103910165095,72,72
69,5459,3020.34307813561,82,13
20,4890,460.571615317538,78,58
49,6176,1804.86337475921,88,39
34,4208,691.307388404968,82,48
48,4277,1204.91368891287,77,29
82,5970,4384.9398742726,84,2
70,5490,3117.31071051862,71,1
2,3996,198.125246987058,60,58
74,5746,3594.95709883864,89,15
38,8431,1621.87176829828,82,44
52,8905,2898.69610028647,87,35
46,1540,402.793266360663,68,22
28,6595,853.169730131636,85,57
72,4156,2480.50220932208,94,22
87,8390,6664.13623011153,98,11
96,1945,1757.50442623791,97,1
41,3025,654.029485464817,72,31
31,7757,1131.01869564407,48,17
66,9723,4957.38197157881,85,19
74,5674,3549.91064719987,82,8
3,1624,82.6648877130296,83,80
25,1187,136.247983672376,72,47
63,7997,3736.42533475412,64,1
25,8918,1023.63902139027,62,37
78,3642,2482.80684926063,82,4
86,2021,1582.25619167235,86,0
64,6972,3355.73339044086,75,11
12,4712,326.031965289538,66,54
54,6056,2114.11091602908,84,30
44,1838,445.824579688024,84,40
3,6866,349.493299900038,60,57
10,6236,400.552469890144,78,68
18,9746,848.795428633604,90,72
53,9127,3077.34189442499,79,26
40,2183,454.037126795963,49,9
20,1166,109.821370850767,74,54
86,7522,5889.03071437873,97,11
22,4351,443.423883054719,80,58
1,7020,339.998109765651,58,57
72,5337,3185.38024329931,89,17
56,6845,2558.23794363684,79,23
40,1622,337.356032827784,83,43
7,8370,483.037493149554,64,57
53,3643,1228.3068392013,89,36
31,6685,974.714448933948,72,41
44,8056,1954.06029051508,83,39
72,7045,4204.79741690906,85,13
5,2267,122.466311370055,89,84
60,6018,2563.2838411526,91,31
3,3644,185.486977109778,26,23
6,2454,136.925895258328,52,46
8,7855,469.408911535295,66,58
90,4156,3437.56984864322,90,0
77,4155,2775.3304891415,78,1
82,1666,1223.66998836485,86,4
46,1092,285.617043419379,83,37
60,2953,1257.7894953346,87,27
5,4767,257.519588134562,75,70
50,8704,2637.70156431399,83,33
98,1542,1445.84336978803,98,0
53,2541,856.74654911076,88,35
47,2352,638.548984214458,69,22
43,8275,1932.13536421187,60,17
12,3173,219.545718561906,38,26
24,8527,940.633876245472,72,48
34,2133,350.417932383031,65,31
70,4635,2631.82789494605,81,11
0,8397,542.716358026657,82,82
8,4782,285.768735195644,35,27
13,9305,668.594012145759,86,73
66,1981,1010.03534770108,83,17
5,2059,111.229878743248,23,18
65,6327,3135.24592413379,69,4
74,3500,2189.75806577363,86,12
11,9404,626.781523290076,86,75
89,3584,2925.80591962276,92,3
16,1336,107.672078425767,73,57
96,1144,1033.71982705201,97,1
82,2514,1846.52241941731,82,0
22,4018,409.486821906197,75,53
88,8714,7018.51201296682,96,8
30,3030,424.526393194439,77,47
3,8317,423.352137382554,79,76
5,2257,121.926098262997,62,57
74,2301,1439.60951695575,93,19
92,7712,6545.92911075465,93,1
50,1997,605.180379588125,80,30
96,8763,7918.25773116853,98,2
78,3424,2334.19293022196,79,1
78,4053,2762.99180671426,82,4
58,6235,2490.17502970454,70,12
46,8464,2213.79364056925,67,21
54,4662,1627.47442049663,85,31
50,2154,652.75840642605,73,23
75,8563,5479.38375557194,82,7
34,7231,1187.93814770825,88,54
71,4880,2841.86456280943,79,8
90,9526,7879.28064922408,93,3
18,2042,177.84119282473,50,32
28,2723,352.264014427361,73,45
26,9964,1190.18389587469,76,50
10,4166,267.591659647585,87,77
5,4261,230.184804917426,55,50
71,3982,2318.91489530884,90,19
74,5744,3593.70580851534,80,6
39,7981,1596.55645764544,88,49
52,6650,2164.66356731106,85,33
42,1067,239.763575635655,68,26
83,2982,2227.65703870348,85,2
8,2256,134.816868799952,45,37
70,2634,1495.62776165866,86,16
78,1216,828.965713536772,82,4
57,6892,2663.36466426805,69,12
16,1704,137.330255716696,75,59
68,1186,638.962708852883,87,19
97,1459,1344.0334920104,97,0
21,6002,587.996079391168,87,66
9,7943,491.919029051987,90,81
13,2584,185.668664952675,72,59
73,7014,4287.58944314799,83,10
99,9927,9454.28571428571,99,0
57,1927,744.675523511976,81,24
87,3154,2505.20687363192,93,6
62,1237,560.720557300466,66,4
43,2327,543.332808763871,65,22
56,6065,2266.72215166653,80,24
92,1778,1509.1625984079,94,2
48,1173,330.456805493289,89,41
18,3870,337.044767988102,86,68
44,7569,1835.93375607108,81,37
90,5823,4816.40260554607,95,5
83,8281,6186.19313799581,88,5
42,6560,1474.085338491,83,41
54,5173,1805.86125637689,85,31
95,2772,2457.25150548134,95,0
80,8921,6321.41694296475,86,6
52,5677,1847.93910851502,90,38
36,2315,411.645555462466,43,7
34,4652,764.249517789903,57,23
17,2560,214.452321008004,82,65
63,7007,3273.86924104315,88,25
7,3995,230.55373776971,78,71
85,3577,2758.72933534924,85,0
78,3180,2167.85441533465,96,18
3,2819,143.492806935364,86,83
16,9954,802.221458570419,59,43
85,4874,3759.0290132771,91,6
2,8845,438.542995395527,59,57
40,3904,811.983940912249,75,35
65,3008,1490.56736838856,88,23
73,3769,2303.95275323992,77,4
14,6713,501.063868244511,87,73
29,2247,302.51711047867,85,56
58,9331,3726.67573410955,65,7
39,5543,1108.84756856643,62,23
93,1490,1281.62975113217,94,1
63,4389,2050.66534878527,89,26
50,1245,377.290722377174,86,36
19,3385,306.559408435635,77,58
30,2451,343.404023009759,79,49
33,5827,919.999950533777,84,51
83,9175,6854.04202887471,87,4
6,9598,535.539829946794,46,40
14,3537,264.004603304161,90,76
94,9770,8523.71176184314,94,0
78,5200,3544.91916972962,88,10
87,6042,4799.13123984909,91,4
6,5722,319.270567509435,85,79
81,5929,4278.8438536736,86,5
21,5140,503.548791747851,57,36
31,6366,928.202271041662,65,34
36,9288,1651.56108817943,70,34
60,5473,2331.14863121106,84,24
95,4210,3731.97288530895,96,1
71,4891,2848.27040506166,87,16
47,5352,1453.02472938596,82,35
40,4630,962.983003694599,70,30
73,9523,5821.31654791821,75,2
41,9231,1995.81691911594,78,37
12,8774,607.089232480985,75,63
19,4038,365.697752219526,75,56
46,1605,419.794280849912,65,19
50,2929,887.618093046379,79,29
90,4140,3424.33570100648,93,3
52,7072,2302.03018767276,60,8
55,6083,2197.69826286592,83,28
51,5267,1654.55786709628,89,38
62,7113,3224.25652714488,83,21
18,4723,411.333963619589,50,32
78,6573,4480.91417358322,89,11
42,3206,720.414267561302,66,24
64,9924,4776.57747658277,73,9
50,5266,1595.83368999052,56,6
11,9895,659.506930344035,74,63
8,4746,283.617402182879,78,70
61,9634,4234.34298427372,74,13
51,2922,917.907364278591,88,37
60,6861,2922.34802827317,92,32
35,2732,466.961782105703,58,23
30,1415,198.252424544598,79,49
15,2710,210.165734280446,60,45
28,1539,199.094498054979,85,57
29,3610,486.019923821984,87,58
76,8369,5473.32995214311,86,10
68,8738,4707.63587686045,81,13
85,9177,7077.67937112104,87,2
15,8885,689.048911100282,50,35
4,7759,406.461574195661,61,57
99,7792,7420.95238095238,99,0
64,3137,1509.88749939945,91,27
27,2750,341.848849110034,62,35
59,2317,955.88574751867,83,24
56,8199,3064.2794594417,86,30
53,8781,2960.68140406989,73,20
13,4919,353.445883476087,75,62
4,8280,433.754586201839,39,35
90,8874,7339.98913302693,91,1
48,4987,1404.93443222083,83,35
34,1576,258.91170250148,80,46
43,1766,412.344538150836,79,36
55,2922,1055.67554234658,78,23
11,7399,493.14722360945,82,71
84,2182,1656.75876420851,85,1
87,6086,4834.080226038,93,6
9,1555,96.3029195739443,81,72
90,9795,8101.77975636677,91,1
41,7120,1539.40163190397,49,8
64,5191,2498.5100444318,82,18
24,6175,681.179100013579,75,51
48,9187,2588.15573066227,63,15
63,2384,1113.8724519262,66,3
87,6693,5316.21737641674,89,2
69,8106,4484.86920523305,92,23
49,5291,1546.23253171162,74,25
45,4350,1095.81815243159,62,17
17,6384,534.79047551371,87,70
15,8577,665.162916207892,82,67
26,6936,828.494129043237,82,56
92,5191,4406.10970097606,98,6
76,4099,2680.74793569538,76,0
90,8415,6960.33452269795,90,0
93,5755,4950.1873944736,99,6
58,4961,1981.35658738801,86,28
54,5183,1809.35219249979,54,0
60,7541,3211.98462049381,81,21
10,9875,634.293720360033,26,16
28,2458,317.981985847394,56,28
62,9162,4153.04910750757,71,9
89,4090,3338.88008126593,91,2
45,5016,1263.59169025215,81,36
74,4557,2851.06500163726,82,8
88,8470,6821.98723316835,94,6
42,6949,1561.49680139847,90,48
85,6310,4866.53120102144,88,3
96,8966,8101.68878439542,97,1
17,2371,198.619708246085,52,35
88,7642,6155.09166893418,89,1
44,9189,2228.88033882114,80,36
90,3808,3149.72713754412,95,5
96,2497,2256.29231481545,96,0
30,5959,834.90190661573,72,42
32,3056,463.689265952575,69,37
47,9977,2708.67483652536,63,16
72,4914,2932.91334374608,76,4
76,5021,3283.73637109697,88,12
94,2923,2550.13403069268,95,1
18,8014,697.952653916448,76,58
14,5966,445.307170854574,83,69
10,1106,71.0408966803237,57,47
1,6378,308.90426553922,69,68
5,3400,183.67245639973,46,41
64,9402,4525.33065647231,82,18
9,6998,433.394103651744,57,48
74,6512,4074.20129266224,85,11
47,4263,1157.37003388871,74,27
37,4834,894.112461204295,74,37
44,3123,757.51369007927,72,28
78,8736,5955.46420514575,83,5
16,9539,768.77541624505,49,33
31,8357,1218.50241581765,56,25
90,3300,2729.54295007763,96,6
16,9677,779.897232729149,61,45
70,9136,5187.56842464446,73,3
36,1351,240.230300401638,83,47
26,4351,519.720005113484,61,35
20,6738,634.628127609319,80,60
86,4441,3476.89250233395,98,12
17,4436,371.605662496682,90,73
72,2064,1231.89522618883,89,17
3,2285,116.311125877015,79,76
8,3287,196.428655915534,74,66
85,6002,4628.98894905399,88,3
99,5574,5308.57142857143,99,0
1,4169,201.916256355128,66,65
79,1523,1058.89839394761,85,6
41,9150,1978.30406347209,70,29
56,5887,2200.19675298613,79,23
59,9740,4018.26809703575,83,24
12,6230,431.065183309384,72,60
52,6435,2094.67820385664,90,38
64,2931,1410.73645544781,73,9
37,2966,548.601067424894,90,53
3,9872,502.504785408269,67,64
25,1517,174.126530101933,78,53
26,8818,1053.29602507256,83,57
79,9619,6687.81592342879,80,1
32,8162,1238.42663242962,46,14
41,6402,1384.16422014736,72,31
94,8143,7104.25638451266,94,0
86,3605,2822.38177683267,91,5
19,8132,736.467092879937,73,54
91,4457,3734.47272253614,94,3
16,2773,223.484037031924,78,62
40,8534,1774.96694460685,66,26
27,5405,671.888374341722,48,21
57,5596,2162.53462873535,74,17
52,9483,3086.84279831741,80,28
47,4108,1115.28878705484,72,25
87,1562,1240.6890097061,95,8
38,1133,217.955250086816,54,16
48,6751,1901.88737756624,57,9
67,8508,4460.52964107448,85,18
52,9137,2974.21519015356,58,6
84,5130,3895.1294502244,91,7
94,1023,892.503288880812,94,0
52,2181,709.94454741435,78,26
28,5567,720.18133247048,76,48
66,7017,3577.69714024155,86,20
19,8020,726.323915998167,80,61
9,1212,75.0605392434858,85,76
14,1050,78.3728678171811,61,47
96,6747,6096.59761636358,99,3
39,9572,1914.82751692547,68,29
10,5038,323.602203865706,80,70
81,9934,7169.17437044924,96,15
39,1948,389.687004071335,83,44
41,4997,1080.39184755957,82,41
31,3202,466.871453326328,77,46
89,4912,4009.92150591155,95,6
24,7924,874.115496114591,78,54
13,6711,482.206815207973,68,55
6,3581,199.809140554227,77,71
8,6529,390.168145565111,75,67
81,6982,5038.77345021911,85,4
53,6689,2255.32375718295,76,23
30,4635,649.399284639018,73,43
22,2036,207.495064559735,54,32
9,5920,366.632336898875,76,67
2,7877,390.548691320584,86,84
1,5892,285.365934863136,68,67
17,9965,834.772413611234,77,60
98,3407,3194.54498110753,98,0
84,5287,4014.33711566012,88,4
79,6933,4820.31685176544,97,18
30,4556,638.330774717447,76,46
4,1067,55.8956695020969,64,60
20,3414,321.552452902674,90,70
27,4129,513.270508354666,66,39
23,5300,561.934301513614,84,61
17,6251,523.649007273841,80,63
84,6452,4898.90355026274,85,1
34,2754,452.438343076825,84,50
28,9325,1206.33930757809,86,58
22,5777,588.751958723768,61,39
82,1025,752.85818611883,86,4
42,7210,1620.14562355489,71,29
64,5319,2560.11846009107,92,28
80,2317,1641.82525017928,82,2
20,6153,579.529069335135,88,68
17,5258,440.464962445345,59,42
62,4851,2198.91303432867,62,0
81,3434,2478.25093498316,91,10
72,1014,605.204340773001,82,10
46,1841,481.521041149338,65,19
20,5712,537.992856174597,76,56
11,3759,250.539317954849,64,53
96,2145,1938.22467572253,97,1
95,4614,4090.10044959989,98,3
23,8630,914.998683408017,59,36
89,6656,5433.6395650137,91,2
65,3745,1855.77619501834,71,6
0,4218,272.618506389953,66,66
19,3013,272.869570935471,88,69
10,4427,284.356283547733,29,19
44,6004,1456.32795236501,67,23
64,3641,1752.47063605782,75,11
68,8851,4768.51512315082,84,16
20,3136,295.368626919386,84,64
96,3497,3159.89356223854,97,1
38,9420,1812.12573329021,64,26
17,8747,732.740020256644,56,39
74,1286,804.579677881395,83,9
94,9494,8282.91908566416,94,0
57,1214,469.141715383258,70,13
64,5567,2679.4847654309,80,16
71,7333,4270.36738505769,71,0
38,1581,304.137025937561,70,32
99,2355,2242.85714285714,99,0
52,9425,3067.96302585064,54,2
47,8146,2211.57314005569,73,26
16,1992,160.541003161772,17,1
86,9681,7579.32815021278,94,8
3,2468,125.626196352067,85,82
83,9375,7003.44893958588,86,3
72,8487,5065.4528995468,78,6
55,5637,2036.56503497866,74,19
40,6556,1363.56729421637,66,26
27,4638,576.543622608123,52,25
71,2043,1189.73961102862,85,14
28,8417,1088.87484738711,87,59
22,5530,563.579423877866,83,61
95,4424,3921.6741198591,96,1
12,5111,353.639510737442,85,73
19,5849,529.709299834574,65,46
96,5500,4969.80686082699,96,0
4,3792,198.647027883741,67,63
37,6567,1214.65381314204,65,28
94,9318,8129.37013273843,95,1
23,5958,631.698975173229,74,51
60,8260,3518.23272315062,85,25
77,4055,2708.53553152076,89,12
15,5335,413.739554386045,42,27
52,9297,3026.29732109638,74,22
39,4230,846.188925678515,80,41
7,1836,105.956611400547,81,74
29,2124,285.957428863683,87,58
30,6948,973.468442216159,72,42
31,2257,329.084594052942,68,37
62,6240,2828.5337732861,88,26
37,6791,1256.0855862719,85,48
44,3877,940.403642791332,71,27
79,8021,5576.77217193288,81,2
62,1676,759.715160901844,74,12
22,9900,1008.93965576689,78,56
64,9680,4659.13643423228,75,11
25,7576,869.599599243403,80,55
54,3310,1155.49985668036,62,8
33,8221,1297.97830673386,88,55
42,4691,1054.10584189958,55,13
74,4268,2670.25354992052,79,5
19,4407,399.115897481786,82,63
0,3909,252.647164883435,29,29
3,9502,483.671036360349,78,75
81,3445,2486.18942079702,87,6
41,7811,1688.80142511262,77,36
57,8959,3462.14219779128,63,6
93,7507,6457.17754479814,93,0
1,6452,312.488291197718,72,71
95,4438,3934.0844809979,96,1
33,3724,587.96633186679,83,50
92,8651,7342.95030305218,92,0
80,3661,2594.18309922587,83,3
68,9493,5114.39544278281,79,11
66,2913,1485.22613218236,78,12
34,5820,956.133317613335,71,37
99,7502,7144.7619047619,99,0
84,9541,7244.33334982281,86,2
17,7256,607.838297357061,38,21
66,4589,2339.75376607788,80,14
13,3424,246.025351701997,90,77
41,5409,1169.4695824394,84,43
0,7927,512.339236641337,79,79
88,5895,4748.00646275412,96,8
39,5316,1063.43743000165,78,39
40,4569,950.295754617845,73,33
52,6266,2039.66645304829,62,10
31,3900,568.644181128257,79,48
34,1573,258.418850275906,80,46
12,2260,156.373565694897,70,58
11,4009,267.201948837719,85,74
18,3188,277.648248151439,76,58
33,1918,302.824764908835,87,54
56,9840,3677.58383716384,62,6
77,4368,2917.60374887366,80,3
39,4919,984.019698679105,65,26
27,7923,984.89761145411,72,45
12,4448,307.76531867739,68,56
4,1785,93.5086879674255,83,79
82,5605,4116.84891043516,91,9
16,8011,645.629506189233,84,68
63,1482,692.432455433988,89,26
3,2529,128.731219843751,20,17
16,9014,726.464157881631,61,45
16,1438,115.892551479231,75,59
79,6631,4610.34487870426,80,1
19,2865,259.466087198847,85,66
69,3183,1761.08298547456,86,17
87,3043,2417.040113019,88,1
12,6641,459.503030876023,84,72
50,7852,2379.5074314101,86,36
51,7166,2251.10341287488,81,30
50,5135,1556.13482683276,85,35
82,9631,7073.92896635166,88,6
42,3741,840.63311757543,73,31
76,6299,4119.54897461458,82,6
93,3160,2718.08725743468,96,3
69,8824,4882.12260880538,75,6
42,4151,932.763451231118,92,50
22,1283,130.754502863527,72,50
34,9032,1483.81376712777,63,29
30,6513,912.521583787254,91,61
44,1277,309.748633439394,78,34
61,8144,3579.45705459053,84,23
1,5928,287.109514913217,58,57
28,1773,229.366176121818,86,58
36,3486,619.868858031169,85,49
54,1488,519.451295087726,88,34
20,5115,481.763560807609,83,63
11,2288,152.496397840035,54,43
47,5332,1447.59489108482,81,34
90,7123,5891.67710103119,91,1
81,4883,3523.96602082783,91,10
32,3830,581.128890248155,66,34
98,1864,1747.76396970485,98,0
44,2331,565.40647184591,90,46
37,3430,634.424026051041,90,53
1,8190,396.66446139326,61,60
68,7029,3786.90462101763,77,9
71,6350,3697.9180274262,84,13
68,3338,1798.36216032962,76,8
67,5107,2677.47118911229,80,13
62,2969,1345.81999565488,83,21
38,2332,448.606922508787,85,47
71,3229,1880.40587567861,74,3
22,2621,267.114226036869,82,60
42,8982,2018.32843145216,83,41
46,8235,2153.89775875329,83,37
78,5767,3931.45170227513,92,14
88,4111,3311.12036783413,92,4
38,7640,1469.7070703118,64,26
14,7790,581.452038376991,70,56
47,4313,1170.94462964156,84,37
76,8858,5793.13618306651,77,1
17,8934,748.405092142776,84,67
4,1638,85.8079724877551,81,77
45,9565,2409.54037425475,81,36
64,9927,4778.02142382478,78,14
50,5437,1647.65434342546,64,14
83,8340,6230.2681766556,88,5
72,3965,2366.50415302263,81,9
61,5133,2256.06005172068,79,18
80,6111,4330.25209488371,82,2
0,4596,297.04946784453,49,49
76,7157,4680.68137979307,92,16
94,8852,7722.81438237825,99,5
47,2558,694.476318716235,81,34
74,4431,2772.23371126941,89,15
81,4657,3360.86622137932,89,8
33,3349,528.759195870537,66,33
70,3885,2205.96577602274,74,4
61,1013,445.234528032934,83,22
78,7180,4894.71531512666,95,17
49,2893,845.445230436916,75,26
60,1461,622.292737109329,72,12
48,9779,2754.93358987116,84,36
29,8347,1123.76961333576,85,56
80,1535,1087.7003707489,91,11
91,6308,5285.40586353107,98,7
26,4522,540.145682170346,62,36
98,6262,5871.51179092907,98,0
43,5123,1196.17274572295,74,31
69,6336,3505.56763932354,94,25
79,2083,1448.25039697496,93,14
66,2848,1452.08514399429,81,15
38,7039,1354.09267904775,47,9
25,2674,306.93100955344,68,43
83,6605,4934.16322623624,87,4
82,6856,5035.70314539581,83,1
3,4952,252.066825095396,86,83
90,1917,1585.61631372691,92,2
92,3155,2677.95725420525,92,0
25,2856,327.821601826711,76,51
97,9415,8673.11537167778,98,1
71,5726,3334.53206693581,82,11
99,9408,8960,99,0
32,9202,1396.22664440301,78,46
9,6958,430.916858132157,68,59
88,2133,1717.98096438584,89,1
39,8070,1614.36043267745,76,37
19,4242,384.172824397036,66,47
93,2531,2177.05026853392,97,4
83,8643,6456.61964638301,85,2
40,5712,1188.02568403964,80,40
55,1774,640.920058905827,66,11
14,2875,214.592376166091,74,60
80,8083,5727.61048649076,80,0
53,4090,1379.02140333058,77,24
29,8885,1196.2013914566,85,56
97,2241,2064.41333488369,99,2
0,7899,510.52953579285,58,58
52,3991,1299.12365370503,86,34
95,2750,2437.74950940609,96,1
76,2070,1353.78097752853,95,19
69,6472,3580.81340935952,78,9
11,8279,551.799684317156,61,50
65,1592,788.890708269479,91,26
72,1111,663.098641616177,76,4
66,2945,1501.54169559803,81,15
18,9713,845.921403480217,67,49
17,4553,381.406803730251,31,14
19,1938,175.51318568634,89,70
54,5895,2057.90684445037,78,24
82,9271,6809.5104814709,82,0
35,7191,1229.10767757032,64,29
32,6091,924.192185509533,43,11
46,5137,1343.60325278878,83,37
91,6050,5069.23041762254,97,6
52,2785,906.554591723505,84,32
22,3752,382.377938225995,81,59
63,4444,2076.36290954699,88,25
47,5199,1411.48646638221,93,46
71,5227,3043.93976840264,74,3
67,6727,3526.79629707428,89,22
24,3821,421.503698971965,84,60
63,3484,1627.8236671606,64,1
93,5817,5003.51695458783,93,0
50,7983,2419.20629456785,85,35
52,1703,554.349181222668,67,15
46,9243,2417.54426037117,75,29
30,4109,575.702623642228,66,36
67,2870,1504.66855546353,82,15
33,6664,1052.15027807741,85,52
56,4130,1543.53874466328,70,14
77,4994,3335.74018357946,87,10
57,1694,654.634321136112,63,6
58,8648,3453.89473245948,67,9
81,1843,1330.05721408677,89,8
13,8807,632.811119287233,87,74
33,3225,509.181369567776,86,53
71,6602,3844.67004993193,91,20
10,7355,472.428386151701,70,60
67,4655,2440.49899849573,77,10
22,9590,977.346595838832,80,58
72,9471,5652.75178645078,88,16
75,9977,6384.18915442499,85,10
90,9233,7636.93032062628,91,1
25,8656,993.56575119468,72,47
44,8715,2113.9070794239,91,47
91,9299,7791.53283528463,98,7
0,5179,334.730024796958,75,75
94,9295,8109.30407639018,98,4
97,1325,1220.59244476612,97,0
84,1313,996.940539599345,92,8
87,8318,6606.94697998423,89,2
3,5983,304.546812307301,80,77
3,3959,201.521114812737,77,74
43,8806,2056.11891447127,84,41
93,6310,5427.57297291545,95,2
31,2130,310.567206616202,55,24
61,4990,2193.20858330142,80,19
6,2638,147.192547551536,86,80
61,9581,4211.04838409036,91,30
61,7723,3394.41881539817,83,22
92,6758,5736.17595052903,97,5
22,4305,438.735880613782,80,58
74,8104,5070.22839000842,78,4
7,5354,308.982406012272,63,56
28,1562,202.069919403429,58,30
48,2194,618.092268757269,85,37
75,4450,2847.51345466485,85,10
97,4013,3696.78300441242,97,0
71,5574,3246.01497399585,80,9
3,6115,311.265879535207,79,76
19,1910,172.977391465898,66,47
27,2586,321.462226835836,42,15
99,7849,7475.23809523809,99,0
30,8292,1161.77321860339,82,52
25,3473,398.643005302579,39,14
79,2103,1462.15582565451,92,13
90,1617,1337.47604553804,90,0
91,7737,6482.74970928026,93,2
23,9345,990.8068014424,86,63
14,8942,667.438270496413,81,67
7,6022,347.533068547983,85,78
39,4603,920.805585082317,73,34
84,1151,873.936451697522,84,0
61,5590,2456.9210382074,61,0
79,6678,4643.0226361012,82,3
88,6320,5090.31396855065,88,0
66,6036,3077.52314928003,80,14
76,5846,3823.28676069167,79,3
84,1219,925.567797236558,87,3
85,4536,3498.34952897516,92,7
0,8839,571.283778563489,57,57
42,6549,1471.61354905146,73,31
72,8701,5193.17847047917,87,15
83,1379,1030.16064935349,85,2
20,3954,372.413122078844,77,57
11,8357,556.998425152612,68,57
93,8443,7262.28187168386,98,5
52,1374,447.255299471489,84,32
51,5779,1815.39584468377,88,37
70,7622,4327.89476057794,80,10
89,6002,4899.74529285039,90,1
75,4092,2618.43259696372,76,1
18,1136,98.9361386135619,65,47
75,1395,892.647476237633,75,0
36,1002,178.17228793667,46,10
81,3799,2741.66432789779,95,14
47,7198,1954.19880458149,86,39
96,3953,3571.93573106347,96,0
47,1259,341.808321056974,50,3
31,7399,1078.82007594051,42,11
68,5522,2975.00175234875,77,9
1,1693,81.9966951329413,65,64
83,2350,1755.53120085619,89,6
45,8178,2060.13812657139,84,39
98,2499,2343.16639500667,98,0
72,8925,5326.87252603455,77,5
67,3942,2066.69109604085,86,19
70,3716,2110.00484522535,72,2
44,3002,728.163976182507,72,28
78,7805,5320.78733071916,88,10
41,4388,948.72111808913,76,35
35,5165,882.817571221068,81,46
33,4642,732.905400785617,74,41
28,7637,987.969253830978,84,56
98,4555,4270.95755472404,98,0
76,4207,2751.37998669686,82,6
52,3893,1267.22334850255,85,33
25,8934,1025.47555697473,76,51
15,2724,211.251461321009,76,61
28,9120,1179.81924773321,77,49
67,1577,826.781293367942,79,12
97,5600,5158.73033259645,99,2
79,1437,999.105050625551,91,12
89,4921,4017.26867479453,96,7
6,8757,488.614533324034,78,72
58,9375,3744.2487415365,79,21
99,9233,8793.33333333333,99,0
31,5556,810.099248807332,72,41
17,9769,818.353407784058,82,65
28,1376,178.00781632466,69,41
40,5191,1079.66409766278,48,8
88,4403,3546.30576005198,91,3
77,9985,6669.47651843029,89,12
29,7661,1031.4123646538,61,32
83,9426,7041.54770181723,83,0
81,4675,3373.85647089291,87,6
82,5261,3864.18235821577,93,11
3,4751,241.835518180175,67,64
74,8216,5140.30064811317,82,8
49,1646,481.024144244439,86,37
37,3277,606.124645297161,79,42
28,2648,342.561553508502,56,28
21,9414,922.258429088379,43,22
63,6727,3143.04529534712,78,15
88,2276,1833.15737221856,90,2
35,3982,680.615598954945,63,28
24,3731,411.57558253452,83,59
33,1809,285.615224045924,81,48
46,1014,265.215826032281,48,2
42,5150,1157.24687396778,71,29
66,4982,2540.12927927653,93,27
39,2688,537.720054899255,51,12
63,2584,1207.31812742336,93,30
17,5242,439.124635439045,70,53
90,2498,2066.18129978603,91,1
49,4446,1299.2912182933,76,27
17,1585,132.776144061596,83,66
82,2968,2179.9835086836,88,6
30,5524,773.955048186825,85,55
31,6066,884.460410954873,89,58
67,2366,1240.43407743091,91,24
65,9840,4876.05814659025,82,17
6,8370,467.021085294297,66,60
93,4858,4178.62908120812,99,6
91,3789,3174.7626532846,91,0
30,4401,616.614078035883,80,50
59,7463,3078.88447722565,60,1
57,2840,1097.49791737105,79,22
17,8374,701.493646922275,87,70
5,9486,512.446153355246,83,78
79,5375,3737.08395762863,82,3
95,2725,2415.58815022967,96,1
50,1273,385.775975571199,58,8
41,4512,975.530921790828,64,23
66,8372,4268.55927862366,74,8
27,4008,498.229158993825,86,59
2,3463,171.698631210255,39,37
61,7094,3117.96025850507,79,18
50,4331,1312.48684226148,69,19
73,8151,4982.62639736232,84,11
83,4123,3080.02346431068,87,4
15,1402,108.727807919257,75,60
51,3648,1145.97059031085,78,27
38,7662,1473.93921109019,78,40
98,3709,3477.71274873138,98,0
63,6178,2886.53691610741,63,0
27,5357,665.921558066347,50,23
98,1946,1824.65058210603,99,1
23,2247,238.238938773791,90,67
50,3028,917.619523982395,79,29
52,1644,535.143895437502,66,14
38,3192,614.045152936555,83,45
3,7660,389.909507316383,68,65
98,2018,1892.16077836073,98,0
2,1907,94.550762263343,79,77
46,3169,828.864844868144,84,38
51,2751,864.18999285777,92,41
14,5956,444.560762589648,71,57
19,4362,395.040513913218,47,28
2,2442,121.076539825424,77,75
81,2582,1863.37912467284,91,10
81,7371,5319.50717581854,88,7
80,4774,3382.85444296757,85,5
85,7358,5674.79185057302,95,10
46,6870,1796.87645447906,60,14
48,2487,700.636040291399,64,16
3,1649,83.9374383243755,87,84
58,3454,1379.48108301515,76,18
23,8676,919.875849043795,69,46
23,5002,530.338750220962,77,54
86,9306,7285.73781281687,89,3
19,9677,876.388595400781,51,32
17,3350,280.630966944067,56,39
72,6435,3840.71985490558,83,11
78,2557,1743.14583019204,82,4
54,2107,735.540241095322,86,32
13,6033,433.490346617449,87,74
62,3526,1598.30289817417,81,19
79,7787,5414.07865638216,88,9
2,2106,104.417359898584,37,35
76,4343,2840.32405092096,90,14
40,7255,1508.95068937458,68,28
22,8206,836.298870224552,75,53
15,1878,145.642527298405,83,68
82,8995,6606.78964306232,87,5
59,5018,2070.19192103957,87,28
57,9136,3530.54259616264,67,10
42,5891,1323.75559894062,66,24
2,9151,453.714748543184,89,87
73,9781,5979.02941879534,91,18
33,6329,999.258569920761,71,38
59,6265,2584.64575235411,87,28
1,9587,464.325053892208,81,80
19,4213,381.546466097292,83,64
62,5476,2482.21970232607,70,8
94,1991,1737.02252997233,96,2
99,8371,7972.38095238095,99,0
46,9303,2433.2375045151,80,34
14,4372,326.329693425444,68,54
46,3916,1024.24573445997,88,42
0,9954,643.348651637173,77,77
8,4906,293.178882239613,90,82
82,8881,6523.05712285008,84,2
61,6705,2946.98668357435,88,27
46,1484,388.146238493003,86,40
57,2500,966.107321629445,63,6
29,6873,925.322697071606,67,38
88,6878,5539.74358792585,94,6
99,3465,3300,99,0
28,1910,247.089338066933,78,50
50,2150,651.546227398332,76,26
38,4748,913.372927989588,64,26
25,8348,958.21244119376,70,45
30,1137,159.302478238309,76,46
27,5366,667.04033611798,74,47
92,6484,5503.60533637618,97,5
50,7738,2344.96032912014,67,17
86,1569,1228.38197166448,92,6
95,2193,1943.99442695547,98,3
31,4831,704.389753597592,80,49
43,2894,675.722023447633,70,27
94,7873,6868.69833172887,97,3
4,5212,273.034891700964,88,84
79,1653,1149.28368036467,88,9
26,2215,264.578214508473,43,17
65,6568,3254.66970597609,94,29
65,3009,1491.06290275305,93,28
26,7722,922.380574462497,88,62
51,4038,1268.48389355132,83,32
12,8239,570.071596354096,78,66
95,9069,8039.25465483775,98,3
96,4394,3970.42388117706,97,1
56,9946,3717.20008581621,65,9
74,2762,1728.03193647622,90,16
11,9759,650.442459143753,59,48
19,2817,255.119011392374,72,53
51,5965,1873.82526622923,74,23
62,2863,1297.77118476252,72,10
24,8007,883.271425718013,61,37
67,2479,1299.67712508505,88,21
0,4983,322.062118857548,83,83
11,6818,454.423269437658,89,78
54,7629,2663.23516816147,71,17
88,7517,6054.41299075873,92,4
61,1516,666.313469395782,81,20
92,2335,1981.94300747045,95,3
46,7348,1921.89929949231,71,25
21,5249,514.227161067018,75,54
23,3143,333.237643331564,52,29
6,1213,67.6817893025069,79,73
11,9063,604.05369476584,81,70
63,4462,2084.77302034174,73,10
52,4803,1563.44046823985,83,31
87,3596,2856.28532580227,87,0
40,6768,1407.66068445033,68,28
31,8387,1222.87660182633,69,38
70,9805,5567.43743472405,74,4
44,4914,1191.93796767516,83,39
91,3845,3221.6844554973,97,6
32,3720,564.438504366354,84,52
53,3380,1139.63137976953,86,33
29,8755,1178.6992889367,57,28
38,4315,830.07670266956,81,43
77,6576,4392.43641313947,90,13
20,5992,564.365055006685,66,46
68,4325,2330.11274518442,86,18
40,8761,1822.18015018756,92,52
98,4810,4510.05616645941,98,0
28,6347,821.08692602661,70,42
56,5323,1989.40841109991,66,10
15,4524,350.844937964848,51,36
73,4998,3055.22840559647,80,7
86,1551,1214.28963546948,88,2
20,5153,485.342644934821,63,43
92,5343,4535.12697598056,94,2
40,2248,467.556326631848,71,31
55,3604,1302.07209261364,73,18
47,4746,1288.50062886132,78,31
18,1802,156.939191709189,56,38
92,5595,4749.02403717223,93,1
56,9305,3477.6339029278,61,5
73,3209,1961.63024280894,81,8
11,6012,400.702947471282,47,36
64,3294,1585.45407173152,94,30
67,2723,1427.60016603735,80,13
34,3830,629.208007982658,66,32
67,8268,4334.70369915418,85,18
46,7338,1919.28375880165,78,32
88,5588,4500.73962915522,98,10
69,6335,3505.01436160269,84,15
99,6494,6184.7619047619,99,0
66,6025,3071.91467435589,82,16
88,2267,1825.90850738992,93,5
27,6124,761.266309799945,82,55
20,8416,792.672947753047,71,51
87,4973,3950.02973448685,87,0
11,4501,299.99400641521,66,55
10,5364,344.541925672022,58,48
16,6255,504.108421072732,54,38
87,6239,4955.6073825585,87,0
68,9516,5126.78679379767,91,23
92,5994,5087.69438405904,92,0
16,7118,573.660070534885,91,75
76,3477,2273.95964196458,85,9
21,3581,350.81872047647,91,70
2,5538,274.578983437018,78,76
38,3760,723.311333033035,90,52
37,5517,1020.4423765958,85,48
73,1666,1018.40946853216,74,1
12,9977,690.327019884066,84,72
67,3500,1834.96165300431,80,13
65,4344,2152.60127934838,66,1
37,1445,267.271929342202,66,29
10,6821,438.128351045649,73,63
80,5282,3742.8230347203,81,1
70,4815,2734.03480348764,83,13
10,5630,361.627710949568,17,7
52,2807,913.715884728143,71,19
79,3658,2543.3029054894,92,13
23,7761,822.862663027766,62,39
82,8104,5952.35389298244,88,6
4,1929,101.052245988327,85,81
30,5039,706.00280373161,31,1
29,8392,1129.82803343881,83,54
31,5582,813.890210014854,65,34
2,2760,136.843263684754,83,81
84,3093,2348.46693753296,88,4
21,6326,619.737287275663,80,59
78,5504,3752.16059811381,80,2
21,2526,247.463861469858,49,28
42,1888,424.248951077897,89,47
39,4173,834.786379871499,82,43
54,5132,1791.54841827299,66,12
55,6185,2234.54935982669,92,37
8,2989,178.620399309866,76,68
81,6204,4477.30599902024,87,6
55,1433,517.721783772294,84,29
33,3802,600.28141615401,81,48
48,7839,2208.39803773393,91,43
44,4741,1149.97515359136,90,46
91,2785,2333.52177075682,91,0
72,2769,1652.67339211089,81,9
66,8023,4090.61766512155,85,19
95,1190,1054.88069679754,95,0
58,6722,2684.67627099822,83,25
4,3203,167.79178014547,32,28
73,3224,1970.79959576691,84,11
52,8900,2897.0685336945,82,30
45,5062,1275.17965232384,58,13
51,4208,1321.88712829716,76,25
93,4419,3801.0213894316,94,1
35,7820,1336.61827820886,76,41
51,5515,1732.46376249022,92,41
8,9206,550.143658764345,63,55
7,8814,508.660987409817,71,64
0,8380,541.617611082933,76,76
51,9041,2840.10967845405,76,25
10,8609,552.97565960299,72,62
89,7721,6303.05454949981,89,0
1,5150,249.428812719815,83,82
48,5488,1546.07582996349,82,34
50,4526,1371.58056986272,69,19
69,6708,3711.38695148079,75,6
61,8353,3671.31689304945,73,12
25,3541,406.448281536548,83,58
56,2457,918.274744706458,81,25
11,5445,362.912100628931,54,43
88,9715,7824.74686779581,89,1
47,8018,2176.82217492837,90,43
73,2325,1421.24970848575,82,9
44,5878,1425.76544037334,68,24
22,1281,130.550676670442,85,63
77,8805,5881.29601850563,86,9
61,9869,4337.63036244523,89,28
75,9102,5824.28482345157,90,15
88,7318,5894.13253510342,90,2
79,6823,4743.83699402793,79,0
35,9319,1592.83193537447,72,37
47,4015,1090.04003895453,67,20
61,1381,606.978167041936,76,15
50,2344,710.336910242647,89,39
12,3742,258.915877358542,79,67
15,2512,194.810451849624,81,66
53,5939,2002.44697173113,55,2
67,7383,3870.72053832309,71,4
14,5218,389.475832638144,66,52
65,4732,2344.86861277084,71,6
84,4722,3585.34137699018,86,2
49,5336,1559.38325254455,70,21
21,7497,734.456282438451,77,56
67,4550,2385.4501489056,82,15
89,7375,6020.59672355409,92,3
9,2425,150.183009624961,75,66
39,2221,444.29919714704,85,46
59,8132,3354.88256315141,59,0
18,9529,829.896535958302,71,53
45,1900,478.633216004602,84,39
99,5417,5159.04761904762,99,0
12,7987,552.635251860683,42,30
47,4374,1187.50563646005,68,21
94,1412,1231.88137233598,96,2
76,1881,1230.17488827592,83,7
2,6764,335.365157812927,70,68
79,2109,1466.32745425838,85,6
41,2358,509.818686521005,86,45
8,3920,234.256261389988,87,79
23,8467,897.716553002975,71,48
39,3047,609.536089017124,88,49
41,6357,1374.43485590077,89,48
49,4192,1225.06270514744,65,16
71,7152,4164.96216254365,78,7
64,2347,1129.64805900239,68,4
69,8126,4495.93475965011,77,8
48,2093,589.63861372332,81,33
41,6668,1441.67557324939,75,34
92,4613,3915.50453681421,93,1
33,3504,553.231478748988,77,44
70,5511,3129.23484984847,88,18
37,8647,1599.37742077649,84,47
57,9984,3858.24619965935,78,21
52,1947,633.774430910472,61,9
72,6816,4068.11911904218,82,10
97,3772,3474.77335974175,98,1
63,8701,4065.35411250414,78,15
69,7282,4028.96836325032,74,5
85,5383,4151.59072188564,92,7
22,3015,307.267986074461,86,64
41,6210,1342.6522660286,84,43
0,1990,128.618024588906,67,67
37,6595,1219.83278478327,46,9
37,3665,677.890395182818,72,35
51,9174,2881.8898562258,67,16
73,6109,3734.37181468364,89,16
65,6778,3358.73192251918,83,18
19,1053,95.3639755044975,90,71
16,3979,320.679041958177,80,64
45,6147,1548.50440988436,61,16
93,6272,5394.8871134906,95,2
41,5544,1198.65767517916,67,26
20,1599,150.604092616103,79,59
64,1981,953.486495476669,88,24
30,4658,652.621762211121,65,35
9,5082,314.734043263527,86,77
1,4030,195.184100050652,76,75
62,3430,1554.78699396976,90,28
57,2768,1069.67402650812,77,20
25,3144,360.879242347051,86,61
34,1881,309.018345434825,75,41
25,9163,1051.76097252736,69,44
82,4318,3171.55282698645,84,2
48,7903,2226.42807656732,64,16
85,7675,5919.27527224082,92,7
94,8182,7138.28143658143,98,4
28,9021,1167.01199932032,70,42
58,8586,3429.13276744879,81,23
2,6501,322.325383048764,80,78
68,3662,1972.91858332146,91,23
24,6619,730.157807771641,52,28
71,3021,1759.27722218182,77,6
55,5480,1979.84324848023,84,29
78,7659,5221.25690787675,91,13
96,4038,3648.74183709444,98,2
23,5089,539.562954792978,77,54
38,4173,802.76015764544,73,35
23,2118,224.561669925629,88,65
63,6813,3183.2269358109,85,22
85,4728,3646.42781591591,95,10
68,5843,3147.94191216475,75,7
88,1902,1531.92676711762,93,5
39,2147,429.495892064248,72,33
58,1666,665.377963029313,82,24
35,5154,880.937417632795,84,49
36,7942,1412.21987105093,85,49
37,6673,1234.25992006956,56,19
51,7867,2471.31322203274,75,24
71,8803,5126.42084967446,80,9
79,1994,1386.37123935097,82,3
88,2945,2371.98965781355,95,7
6,2316,129.225906038422,27,21
12,4561,315.583996962135,65,53
80,1207,855.279705207763,89,9
87,3513,2790.35882912775,92,5
41,2051,443.442801549864,77,36
3,1036,52.7344973341741,73,70
76,5401,3532.25655054665,91,15
60,9675,4120.93239666856,71,11
49,2672,780.860579235202,52,3
51,5815,1826.70476498289,57,6
36,1698,301.932679557351,71,35
6,4032,224.973598077253,72,66
85,6562,5060.88395263117,88,3
38,3399,653.865750260448,79,41
89,2422,1977.20478162007,95,6
42,1431,321.557335271436,76,34
17,1563,130.933194427934,33,16
32,6210,942.248148418026,86,54
74,1459,912.816290846777,76,2
1,3526,170.773979349528,73,72
69,4580,2534.01196150597,92,23
43,8579,2003.11653046207,71,28
65,2202,1091.16667060891,93,28
76,1491,975.11470410388,80,4
85,1209,932.430463080019,92,7
63,4777,2231.94995924977,83,20
55,8324,3007.33854020975,84,29
72,3578,2135.52379811223,86,14
55,1746,630.804071504833,84,29
13,6586,473.225165394086,70,57
9,8839,547.409328690735,86,77
81,7655,5524.46444592198,90,9
63,7150,3340.68289902363,76,13
6,5755,321.111869279412,80,74
68,6074,3272.39417670524,77,9
29,6337,853.160182066458,71,42
38,7821,1504.52604671579,85,47
52,5847,1903.27637264177,82,30
40,6643,1381.66222322748,59,19
21,8996,881.308352249741,88,67
62,3863,1751.06185355837,79,17
33,7650,1207.82557432356,84,51
63,1511,705.982078381077,76,13
91,2573,2155.88923380873,91,0
13,6960,500.098261637236,61,48
45,7114,1792.10352560881,76,31
80,4908,3477.80678803621,84,4
17,7221,604.906332030779,72,55
68,1417,763.414973393369,73,5
7,4474,258.197102073011,36,29
0,8275,534.831232901106,88,88
37,1860,344.031687596191,85,48
33,2276,359.347844073258,89,56
84,1802,1368.23065678448,87,3
42,5071,1139.49493162925,55,13
13,3791,272.395475555569,50,37
98,4515,4233.4518901381,99,1
37,5651,1045.22745516456,88,51
27,1280,159.115100676671,75,48
62,2937,1331.31469425341,88,26
64,5836,2808.95870146484,69,5
63,3749,1751.63918719435,65,2
32,4726,717.079669794459,77,45
48,1762,496.389506631863,76,28
17,1102,92.3150225589142,91,74
47,9450,2565.59859729023,55,8
3,3793,193.0713787534,72,69
76,3961,2590.49587052681,89,13
3,5349,272.274928803569,72,69
44,3562,863.997362812155,79,35
99,9688,9226.66666666667,99,0
77,4934,3295.66320900702,83,6
29,6060,815.867240543276,52,23
50,6215,1883.42316431657,79,29
13,1706,122.581556659932,46,33
40,3334,693.430957736024,79,39
0,2256,145.810182649534,76,76
60,9897,4215.49022530529,82,22
65,7299,3616.90532641892,73,8
94,6170,5382.93772472592,95,1
42,7659,1721.03957431441,57,15
92,9448,8019.44219896394,95,3
59,7390,3048.76809415752,89,30
69,4318,2389.05319864253,69,0
97,4717,4345.3091033674,97,0
56,5430,2029.39839794712,60,4
14,1471,109.796655770546,76,62
0,5996,387.534510268886,43,43
26,7782,929.547478692975,52,26
47,5167,1402.79872510039,83,36
19,6735,609.949074095718,81,62
19,7885,714.097765292462,67,48
3,4339,220.863884105194,82,79
29,8926,1201.72128532826,83,54
89,5854,4778.92518233025,92,3
41,6508,1407.08227815042,90,49
82,6649,4883.66251658937,90,8
32,2545,386.154836992573,63,31
5,6043,326.450780595167,82,77
68,6457,3478.73710882215,70,2
28,9858,1275.29146317478,88,60
72,4114,2455.43457390545,87,15
20,4520,425.722638289422,70,50
96,2907,2626.76882625892,98,2
25,7713,885.324935185371,83,58
1,8158,395.114612459855,75,74
39,2110,422.094239522852,92,53
19,1615,146.26098807195,63,44
77,3606,2408.62617180367,90,13
63,9545,4459.69486310217,84,21
75,7686,4918.19964327057,78,3
52,4893,1592.73666689519,70,18
2,8714,432.047898459765,74,72
71,4560,2655.51278819897,73,2
82,1307,959.985999275426,90,8
6,3981,222.127949887288,40,34
81,4193,3026.00645613989,85,4
92,5224,4434.12003041783,94,2
89,3974,3244.18323788528,89,0
22,9682,986.722600720706,86,64
19,1685,152.600473623056,52,33
39,5684,1137.05386608905,86,47
59,6547,2700.9857526995,74,15
92,9487,8052.54531557694,96,4
66,3130,1595.86604659485,85,19
91,7336,6146.75608986429,95,4
44,8385,2033.86240516,86,42
22,4589,467.679200031741,53,31
14,7088,529.054178179219,75,61
76,3665,2396.91173074495,84,8
5,8563,462.58448357379,82,77
1,1385,67.0793991489213,79,78
88,1112,895.637521048784,88,0
82,8838,6491.47380382266,98,16
28,3336,431.565461670832,70,42
37,2945,544.71683869397,62,25
48,8591,2420.2509940263,80,32
52,2191,713.199680598276,61,9
59,8064,3326.82894604685,70,11
91,8133,6814.5538820701,96,5
55,6837,2470.10735216412,76,21
6,5141,286.852496953164,83,77
39,4538,907.802681969054,65,26
21,7749,759.143888570836,64,43
97,1156,1064.90933294312,97,0
5,8231,444.649408419463,76,71
93,8731,7510.00627995639,93,0
57,9526,3681.25533833684,82,25
51,9475,2976.44499539345,81,30
65,4070,2016.82486347788,80,15
67,5161,2705.78202604436,83,16
42,1365,306.726598634179,81,39
36,1668,296.598179918528,64,28
16,7330,590.745759626399,84,68
61,9037,3971.94909164227,78,17
72,4593,2741.32498734753,89,17
52,6205,2019.81014062634,91,39
32,5030,763.205827140527,75,43
97,6016,5541.95030016076,97,0
50,3430,1039.44351626804,54,4
93,4792,4121.85890431234,99,6
33,9250,1460.44268790757,76,43
66,4141,2111.33587825855,73,7
53,4405,1485.22965322034,71,18
6,1594,88.9404551922473,62,56
21,4919,481.898153036513,84,63
71,2807,1634.65447291108,88,17
18,5029,437.984015041904,53,35
25,2497,286.614334650314,79,54
13,6270,450.519554664579,88,75
89,3193,2606.61224926213,91,2
79,2680,1863.32744305948,87,8
48,4079,1149.13325627206,90,42
65,1669,827.046854335276,65,0
91,9023,7560.27538152201,91,0
18,3444,299.943716008017,80,62
22,2116,215.648112283104,80,58
97,3956,3644.27449924135,97,0
21,2710,265.489732614139,85,64
63,8434,3940.60413571542,94,31
31,3300,481.160460954679,70,39
33,4405,695.486490835985,79,46
5,8202,443.082790408995,88,83
3,9347,475.781222570005,86,83
50,9050,2742.55505021158,87,37
50,8900,2697.09833667217,83,33
13,1957,140.616709486217,61,48
58,2127,849.495154479801,64,6
65,2489,1233.3850332178,81,16
2,5938,294.41134049278,78,76
63,8381,3915.84103170867,87,24
45,8732,2199.69749586957,55,10
79,8022,5577.46744336685,93,14
90,3255,2692.3219098493,90,0
34,7574,1244.28758549887,78,44
15,6744,523.010225825583,61,46
81,3984,2875.17522567644,86,5
38,8298,1596.28655359259,88,50
36,3654,649.742056008575,84,48
81,9249,6674.82320840397,95,14
42,2210,496.604969217242,49,7
18,9029,786.350700300924,76,58
17,5676,475.481005484933,63,46
51,5310,1668.06574412023,80,29
20,7346,691.893473644711,62,42
91,9181,7692.66189490786,93,2
28,1526,197.412738162377,66,38
6,7090,395.600895428503,71,65
70,5222,2965.13598002336,80,10
12,6392,442.274261912293,70,58
68,6318,3403.85024834107,75,7
35,4683,800.432659444,50,15
60,8827,3759.73852872283,78,18
62,2200,997.239471350869,81,19
13,8139,584.81318268182,85,72
6,8037,448.440676524524,83,77
32,5593,848.630256699198,73,41
8,2931,175.1543627893,87,79
39,6906,1381.5084446184,74,35
47,8801,2389.40034441813,68,21
31,3319,483.930778760175,66,35
91,7527,6306.79295098262,94,3
82,9094,6679.50472640453,90,8
52,5782,1882.11800694625,93,41
27,2246,279.197278218595,77,50
58,3327,1328.75899339647,62,4
2,1262,62.5710865109276,87,85
47,3893,1056.91802531755,68,21
26,2850,340.427950947697,77,51
58,3273,1307.19212064522,84,26
97,6058,5580.64077765523,98,1
85,6104,4707.65553899126,90,5
87,6007,4771.3309099261,92,5
0,1848,119.44025600015,83,83
40,5231,1087.98360525409,88,48
72,3626,2164.17252430266,95,23
52,1006,327.466398302997,79,27
18,6088,530.214094964229,78,60
34,4368,717.592840435575,75,41
69,6206,3433.64153561267,74,5
33,8312,1312.34590506895,78,45
74,5936,3713.82967955207,89,15
11,1224,81.5802408025365,58,47
86,9040,7077.48440015737,86,0
27,4266,530.300796473966,74,47
1,3555,172.178529945426,80,79
32,1996,302.854638364313,78,46
38,9786,1882.5331662397,90,52
19,6798,615.654611091713,89,70
52,4119,1340.78935845929,72,20
7,5492,316.94646503911,81,74
73,5348,3269.17997461583,84,11
83,7862,5873.18566005591,83,0
37,2627,485.898517911395,57,20
18,2643,230.183287284898,64,46
98,8801,8252.18385052168,98,0
30,2730,382.494077036574,84,54
76,2852,1865.20934681708,94,18
99,6094,5803.80952380952,99,0
25,3218,369.373219425194,83,58
7,5603,323.352338604176,59,52
77,8976,5995.51539603709,83,6
62,3319,1504.47172973343,91,29
83,1143,853.86049471431,84,1
56,2980,1113.7398206045,78,22
57,1583,611.739156055764,89,32
28,6059,783.829476098193,58,30
17,8745,732.572479380857,61,44
8,2872,171.628567018379,76,68
2,8452,419.057704588241,37,35
81,6854,4946.39834256685,90,9
53,1948,656.805304080189,75,22
87,9997,7940.5685211472,88,1
68,3903,2102.75839178145,87,19
57,2000,772.885857303556,62,5
49,7265,2123.11081891607,58,9
32,7867,1193.66605211024,60,28
43,8905,2079.23449163828,63,20
18,4222,367.701036290896,87,69
23,1700,180.243077843989,71,48
90,1912,1581.48064259043,91,1
29,8835,1189.46981356433,80,51
42,5686,1277.69043211278,81,39
95,2408,2134.58211587268,98,3
94,5479,4780.08359704591,94,0
69,4920,2722.12638659593,78,9
98,1426,1337.0769424888,98,0
68,5228,2816.60796111541,90,22
38,5311,1021.67725790916,64,26
30,3074,430.691132897592,68,38
59,9663,3986.50150119677,80,21
45,9994,2517.61071618421,88,43
34,1458,239.526181628908,79,45
68,7348,3958.76727204973,79,11
78,5561,3791.01836593584,86,8
9,7452,461.510840299056,68,59
9,3674,227.535000974065,52,43
64,4654,2240.04348811127,85,21
0,9120,589.445419221521,68,68
49,3278,957.956953118635,81,32
30,6658,932.837203263556,90,60
37,5047,933.509638332246,63,26
25,6586,755.963959954732,85,60
92,8432,7157.06357130228,92,0
27,5389,669.899435583264,72,45
86,7215,5648.67809149728,86,0
28,7864,1017.33536887872,89,61
96,8628,7796.27156276642,97,1
87,5966,4738.76480915917,87,0
94,8279,7222.90784813709,94,0
1,9734,471.444672430036,75,74
39,3892,778.573829489546,87,48
28,5017,649.02995239885,73,45
28,4111,531.824224499038,78,50
35,7565,1293.03289957161,68,33
61,6365,2797.5496257943,92,31
63,2920,1364.3068622586,77,14
19,2468,223.512147716144,86,67
1,2418,117.110460030391,75,74
5,7751,418.719179280678,70,65
30,2959,414.578745037077,75,45
31,1355,197.567401391997,56,25
74,2505,1567.24112993227,87,13
1,2979,144.281249144142,79,78
54,7653,2671.61341485643,66,12
1,6262,303.286063155628,86,85
14,4538,338.720070623208,41,27
62,5834,2644.49776175499,87,25
53,5152,1737.09493153036,82,29
56,9263,3461.93689874478,85,29
83,6842,5111.21041542897,91,8
91,1348,1129.47481040582,94,3
15,9405,729.375915464058,75,60
64,9706,4671.65064366307,84,20
72,5455,3255.80836185081,83,11
17,4600,385.344014311257,76,59
46,9162,2396.35838077688,55,9
52,1283,417.633587497758,73,21
77,1433,957.171742705119,82,5
15,5196,402.959835911881,67,52
34,9363,1538.19179601609,80,46
7,4505,259.986129825417,55,48
92,4079,3462.24647857472,98,6
15,5987,464.303413703702,69,54
33,5597,883.686240456075,83,50
47,7793,2115.73649404051,65,18
27,2759,342.967627161667,90,63
97,4683,4313.98824063378,97,0
78,5722,3900.77451715247,87,9
61,8154,3583.8522621723,87,26
50,9866,2989.83957186602,71,21
51,9616,3020.738266565,78,27
73,5161,3154.86870773978,90,17
75,4640,2969.09268081908,79,4
10,7114,456.948407761142,76,66
81,3819,2756.09793846846,82,1
23,9128,967.799302682315,58,35
44,6619,1605.50211803864,86,42
18,6849,596.490856834758,80,62
31,9892,1442.31493326172,75,44
18,1432,124.715273322729,67,49
68,2184,1176.63959201914,76,8
17,6547,548.445056890391,78,61
19,3832,347.041551883414,50,31
95,5687,5041.26598545179,95,0
16,2136,172.146376884309,63,47
29,5307,714.489677485671,65,36
39,8520,1704.38053115389,89,50
6,2871,160.193253988044,84,78
65,3215,1593.14298183817,84,19
27,1711,212.692138482643,44,17
43,5599,1307.31430866735,49,6
27,4370,543.228898403945,78,51
90,5139,4250.64279407543,97,7
3,2456,125.015372058621,54,51
35,1087,185.793359132101,69,34
43,3087,720.785724389372,92,49
63,5121,2392.67652110489,81,18
66,7998,4077.87113120306,81,15
44,4845,1175.20135396544,65,21
52,8922,2904.22982669914,64,12
47,4191,1137.82261600459,81,34
41,8126,1756.90697483871,79,38
63,2829,1321.78907990739,85,22
17,3037,254.410819883323,90,73
27,5644,701.598147046194,88,61
15,2049,158.90390757957,88,73
75,9953,6368.83177848972,76,1
56,6510,2433.03564836754,82,26
41,2103,454.685622457028,74,33
38,9294,1787.88710883219,70,32
55,3049,1101.55877091537,84,29
14,3129,233.5511460952,88,74
22,5655,576.31856094563,80,58
95,4137,3667.26171651381,97,2
10,3584,230.208475318517,66,56
98,8297,7779.61247673882,99,1
99,5591,5324.7619047619,99,0
94,4607,4019.31833027752,95,1
34,4991,819.941819279751,77,43
55,3045,1100.11362985809,88,33
3,2816,143.340100862002,73,70
74,4552,2847.93677582901,77,3
82,8218,6036.08641319468,84,2
85,4111,3170.57207090319,90,5
48,2219,625.135252676563,92,44
69,4819,2666.24533678979,94,25
70,6324,3590.86938676134,81,11
29,1735,233.585752861812,91,62
45,1380,347.638862150711,54,9
81,6956,5020.00975647724,91,10
32,2844,431.522340434922,84,52
36,1460,259.612315756026,89,53
89,9236,7539.82797813499,90,1
36,6502,1156.16388838745,62,26
99,2179,2075.23809523809,99,0
57,5929,2291.22012397639,93,36
42,3342,750.974573359286,90,48
18,2398,208.845827812783,65,47
42,4044,908.719681228292,63,21
33,3791,598.54467349812,55,22
72,4533,2705.51407960948,79,7
74,1518,949.729355384104,81,7
90,3536,2924.74662771954,95,5
22,3157,321.73964578344,73,51
92,3727,3163.46963119587,93,1
81,3337,2408.24792371543,82,1
84,5268,3999.91071028892,84,0
86,4067,3184.08507250443,94,8
75,9340,5976.57880147634,85,10
43,4071,950.540551988706,85,42
83,2147,1603.88318648436,92,9
91,3104,2600.80846550419,91,0
73,4477,2736.74621285622,81,8
97,7923,7298.68221877887,98,1
97,5606,5164.25754366709,98,1
17,4343,363.815011772563,90,73
7,3594,207.411798133751,31,24
29,7084,953.729955776991,80,51
57,5029,1943.42148818979,75,18
53,7467,2517.6412759583,85,32
87,3495,2776.06151659592,94,7
81,1475,1064.47877958653,84,3
35,6518,1114.07646257869,58,23
78,3589,2446.67594233838,83,5
23,8789,931.856712453425,77,54
8,6138,366.802278676466,40,32
47,5498,1492.66254898431,90,43
75,8994,5755.17663174285,85,10
56,3233,1208.29558389743,56,0
33,5195,820.216190668092,85,52
67,1012,530.566055097246,67,0
74,5728,3583.69548592895,80,6
36,3810,677.481454130451,55,19
2,1937,96.0381890425251,85,83
81,4219,3044.77014988176,88,7
72,3931,2346.2113053044,91,19
98,8473,7944.63740091696,98,0
17,8389,702.750203490681,73,56
0,1973,127.519277645182,73,73
61,7338,3225.20332350016,75,14
76,4760,3113.04224784337,91,15
64,1521,732.081251701168,71,7
85,9551,7366.12353422437,89,4
37,1798,332.563964676318,78,41
33,3827,604.228558553761,88,55
59,3380,1394.4297913738,81,22
85,9162,7066.11075495379,87,2
35,8554,1462.07579946273,82,47
13,9718,698.269383130842,86,73
93,6280,5401.76834705373,94,1
66,2245,1144.63874588033,76,10
50,1020,309.105652068046,77,27
90,4010,3316.80825145796,91,1
70,5099,2895.29459251993,71,1
58,3266,1304.39641491821,87,29
26,6438,769.008823930271,77,51
69,5749,3180.79361718293,76,7
44,5478,1328.74159278074,85,41
46,8100,2118.58795942946,83,37
84,3660,2778.98124518934,90,6
32,9290,1409.57895310845,65,33
96,4184,3780.66761921821,98,2
40,7155,1488.1519203963,47,7
29,9016,1213.83812553435,74,45
9,1751,108.441422619921,81,72
68,9577,5159.65081170663,81,13
98,9968,9346.41161481651,98,0
83,5006,3739.65497510047,90,7
28,7419,959.767434093496,84,56
85,3059,2359.22645704035,88,3
75,2763,1768.01790454809,82,7
68,8413,4532.54069947665,88,20
72,3001,1791.14223536467,76,4
45,1185,298.515979455502,73,28
35,6657,1137.83476701232,86,51
55,3147,1136.96472681885,77,22
68,6047,3257.84780812258,95,27
83,8168,6101.778233444,88,5
13,4884,350.931021528199,82,69
88,1272,1024.50622911336,90,2
56,3950,1476.26586959321,78,22
82,1754,1288.30561800237,88,6
45,1899,478.381303785653,89,44
41,6865,1484.26856783999,84,43
89,7547,6161.00928442884,89,0
48,1532,431.594054574356,62,14
47,3142,853.027597109621,83,36
6,2845,158.742531381395,77,71
2,3326,164.906048918657,88,86
44,6241,1513.81458206363,85,41
39,5912,1182.66404931711,78,39
73,6577,4020.45562697239,73,0
51,9676,3039.58646706354,85,34
32,9946,1509.11434527628,69,37
16,6551,527.963911502393,56,40
22,2885,294.019283523986,75,53
44,2999,727.436297325562,60,16
67,6524,3420.36852120003,67,0
34,8083,1327.90817977123,81,47
27,1948,242.153293842308,80,53
26,1537,183.592196704074,69,43
7,5842,337.145165469498,73,66
68,6624,3568.70909227782,90,22
35,1583,270.57119365788,69,34
53,4271,1440.04900088629,65,12
22,9501,968.276330246584,87,65
3,6138,312.436626097645,52,49
72,5502,3283.86023957894,88,16
25,5195,596.300147580449,55,30
14,6326,472.177868391893,73,59
93,5657,4865.89228332531,93,0
52,5715,1860.30861461394,68,16
65,1582,783.93536462457,78,13
81,9631,6950.50517030367,81,0
48,1079,303.975185956743,82,34
24,9653,1064.84564411839,41,17
45,7826,1971.46502550106,66,21
95,7405,6564.1945880553,96,1
1,2787,134.982155543714,75,74
83,6525,4874.40046195177,91,8
35,7523,1285.85413132548,65,30
47,2281,619.273058245399,68,21
36,6833,1215.02120106913,87,51
81,6798,4905.98423296899,94,13
97,5055,4656.6753270134,97,0
40,6979,1451.54608699452,72,32
25,2354,270.200297864173,31,6
81,5302,3826.35016228326,88,7
13,5785,415.670753386697,71,58
4,1173,61.4485663785939,87,83
70,4026,2286.02785438032,90,20
60,7025,2992.20155933815,70,10
37,5007,926.111107416199,67,30
57,7741,2991.45471069341,66,9
50,5325,1613.71333064936,81,31
95,5930,5256.67439664658,97,2
84,8841,6712.83420456802,84,0
38,1971,379.1613397362,52,14
80,5357,3795.96800397513,84,4
41,6620,1431.2975847197,67,26
85,2776,2140.96523201831,86,1
24,3344,368.884681853507,61,37
73,7435,4544.94261616842,80,7
37,4357,805.884980030433,73,36
19,5025,455.084498490123,61,42
19,6099,552.350319659953,82,63
50,7859,2381.6287447086,68,18
17,8204,687.252672480337,74,57
85,6013,4637.47260090997,87,2
23,6798,720.760260696141,65,42
62,7098,3217.45716711294,84,22
24,2686,296.299119455299,82,58
27,8933,1110.4493705818,82,55
6,4757,265.426439993426,69,63
11,7399,493.14722360945,80,69
0,8255,533.538589437901,66,66
81,8592,6200.67910115763,92,11
3,3765,191.646122068692,70,67
39,1324,264.859134184008,91,52
35,1782,304.584881300279,81,46
31,4461,650.441459490552,77,46
31,3750,546.773251084862,90,59
12,3426,237.051254898548,15,3
95,8848,7843.3482397182,98,3
69,8510,4708.3934044576,73,4
44,9677,2347.24943288412,67,23
31,1417,206.607385809933,67,36
15,5557,430.956083172118,61,46
87,6627,5263.79389713339,88,1
18,9938,865.517029526037,80,62
14,5080,379.175398582171,42,28
29,4371,588.474539342353,70,41
28,3087,399.353291420221,76,48
49,4929,1440.44228856673,55,6
77,2193,1464.8134206227,88,11
25,1226,140.724539159505,28,3
11,6335,422.231066571951,88,77
97,8421,7757.44073764191,99,2
87,9949,7902.44235439566,88,1
24,9748,1075.32532258014,56,32
34,9306,1528.82760373019,81,47
67,5242,2748.24828144245,90,23
73,6573,4018.0104661836,76,3
65,4563,2261.12330517188,89,24
55,3270,1181.40281433036,69,14
50,2186,662.455838647793,85,35
54,6131,2140.29293695084,91,37
10,2049,131.611932457489,76,66
84,7426,5638.44664666012,98,14
4,9000,471.472376306347,53,49
0,3709,239.720730251384,51,51
51,9104,2859.90028897751,77,26
70,1732,983.45758663356,72,2
40,1842,383.113324580011,81,41
90,5603,4634.43307554089,94,4
27,3732,463.919965410417,38,11
97,2990,2754.39351686846,97,0
67,9555,5009.44531270177,89,22
26,6820,814.638114197647,84,58
68,3590,1934.12826710105,84,16
62,1667,755.635544882681,71,9
99,6098,5807.61904761905,99,0
52,3944,1283.82452774058,63,11
26,4859,580.399794264863,85,59
98,8433,7907.13173633102,98,0
45,5385,1356.54729904462,87,42
50,5737,1738.56777050429,79,29
79,1764,1226.45880953617,92,13
77,8746,5841.8869935094,89,12
65,5268,2610.47503213795,81,16
17,4280,358.537474185256,79,62
26,8366,999.305346536292,86,60
44,8682,2105.90261199751,69,25
64,5626,2707.88239452385,80,16
41,1422,307.447910192056,49,8
79,2610,1814.65844268106,89,10
23,9779,1036.82179896257,69,46
84,9884,7504.76793099766,94,10
25,7687,882.340564860618,75,50
32,6510,987.76738264112,86,54
52,5217,1698.20298205441,90,38
71,1918,1116.94594907141,96,25
20,1223,115.189997041585,78,58
5,8595,464.313165516375,73,68
55,6444,2328.12224328588,78,23
16,1139,91.7952824303503,74,58
57,1854,716.465189720396,87,30
65,5238,2595.60900120322,79,14
55,2128,768.815042475536,90,35
3,2560,130.30918260182,55,52
16,1724,138.94211317816,67,51
64,9491,4568.16775798539,79,15
91,7390,6192.00211342654,96,5
4,2557,133.950540690592,86,82
94,3337,2911.32304496116,94,0
42,6341,1424.87425783101,64,22
70,1544,876.708148823451,75,5
65,4156,2059.44081882409,69,4
8,9223,551.159566020373,44,36
92,2983,2531.96402196332,98,6
49,3421,999.747021543273,88,39
75,8864,5671.9908454268,79,4
59,6219,2565.66830548926,91,32
86,2121,1660.54694831126,90,4
76,8989,5878.81024492943,87,11
69,4397,2432.7621385899,88,19
42,5004,1124.43948686112,83,41
73,5137,3140.19774300702,83,10
26,5137,613.606450532744,80,54
87,1829,1452.7658122615,93,6
97,1817,1673.82375255853,97,0
62,3487,1580.62456209113,75,13
28,5723,740.362451181706,85,57
22,7621,776.679708747418,48,26
49,1474,430.759166838581,71,22
95,6112,5418.00909145091,98,3
31,5085,741.424528471073,57,26
32,2778,421.508108905842,76,44
40,2484,516.641421420601,43,3
49,2868,838.139274418622,88,39
69,2236,1237.12898382693,81,12
46,6544,1711.60982796375,50,4
47,3395,921.715051619084,81,34
62,4698,2129.5595620029,83,21
91,9541,7994.30205198953,91,0
40,4087,850.045688142511,78,38
42,3976,893.4395283293,74,32
96,7971,7202.60554320945,97,1
41,2604,563.005877735664,88,47
97,1778,1637.89688059937,97,0
51,7384,2319.58520801955,84,33
9,3167,196.1359140133,67,58
5,2375,128.300612926282,78,73
74,3586,2243.56354967549,82,8
1,1967,95.2672766252189,61,60
25,3888,446.278147024598,77,52
3,7109,361.86249184232,73,70
40,4698,977.126166599833,69,29
66,5921,3018.88909325498,68,2
13,1761,126.533482578042,72,59
41,5554,1200.81975612284,81,40
66,6551,3340.10174800091,67,1
55,1143,412.949057119143,92,37
10,7279,467.546733215259,89,79
87,5314,4220.88437745086,91,4
32,2144,325.310793914372,55,23
32,9813,1488.93415143737,51,19
86,4974,3894.18223521933,98,12
21,4377,428.800206513686,59,38
25,5289,607.089794139171,67,42
68,1382,744.558569675113,88,20
37,9673,1789.1497387731,91,54
32,8829,1339.63106318563,35,3
19,2073,187.739336392045,75,56
30,8509,1192.17659395758,90,60
82,4406,3236.18845662397,92,10
74,3225,2017.70564631998,81,7
8,1559,93.164671302804,68,60
72,7444,4442.93995336708,85,13
76,6362,4160.75100436545,81,5
29,6860,923.572486819616,90,61
71,2805,1633.48977431976,77,6
87,8338,6622.83288279737,87,0
59,2642,1089.96553515077,89,30
6,1462,81.5752481123372,56,50
16,4059,327.126471804032,74,58
24,6460,712.618135398821,81,57
96,9081,8205.60292784908,98,2
91,9694,8122.49911874924,93,2
16,2982,240.327947504218,76,60
50,3548,1075.20279758571,67,17
96,6428,5808.34881843562,96,0
22,9137,931.179963105256,63,41
53,1091,367.851430570578,58,5
60,1289,549.03171672411,94,34
35,3913,668.821908264867,49,14
71,5565,3240.77383033493,83,12
93,4180,3595.44453673321,94,1
36,6150,1093.5724259586,42,6
89,4729,3860.5290719576,90,1
48,8016,2258.26236388253,79,31
53,5476,1846.33770284554,86,33
88,3375,2718.32431073709,92,4
4,5627,294.775006830646,63,59
10,3738,240.10024574236,79,69
72,7829,4672.72661135288,82,10
40,1378,286.607036520768,68,28
58,2160,862.674910050009,81,23
7,1776,102.493977041052,77,70
96,9821,8874.26785094216,97,1
33,6639,1048.20313567766,76,43
81,9720,7014.73473734313,88,7
39,7447,1489.7326074534,71,32
13,1539,110.582072508579,88,75
45,1611,405.830584728113,87,42
98,5943,5572.40411585619,98,0
44,5754,1395.68804761963,74,30
60,7273,3097.83372826568,71,11
11,5418,361.112536493581,86,75
66,6001,3059.67800179415,77,11
10,7936,509.747338205289,70,60
65,4159,2060.92742191756,72,7
76,5667,3706.22067616143,77,1
86,4523,3541.09092277785,95,9
90,1973,1631.9358304555,91,1
88,2101,1692.20722277293,90,2
79,5372,3734.99814332669,86,7
82,1829,1343.39280235253,85,3
5,6647,359.079652261472,85,80
89,5586,4560.14282003703,98,9
81,2566,1851.8322362163,91,10
45,1956,492.740300265791,92,47
67,4446,2330.92557407347,90,23
43,1928,450.170028060483,72,29
56,4607,1721.81186359896,89,33
47,8593,2332.93002608624,66,19
16,7337,591.309909737911,58,42
19,9185,831.831068384435,47,28
73,4254,2600.42849888103,81,8
84,7248,5503.29400686676,92,8
92,9036,7669.73747987279,92,0
65,8794,4357.72920133279,74,9
40,1956,406.823921215256,74,34
63,3662,1710.99031835308,76,13
79,5807,4037.44121710687,85,6
97,2154,1984.26877435942,97,0
68,6370,3431.86547672248,85,17
53,2399,808.868544398549,84,31
71,5770,3360.15543594475,86,15
38,3706,712.923351122454,81,43
86,6117,4789.04558360206,95,9
56,3539,1322.65947151655,91,35
81,5681,4099.86708259736,81,0
7,1068,61.6348915990112,32,25
18,2171,189.076018424333,36,18
10,8701,558.885028947104,84,74
20,3130,294.803508372985,73,53
88,4247,3420.65876968902,91,3
76,7826,5118.20769571896,83,7
75,3765,2409.18834984566,90,15
88,2269,1827.51936624073,88,0
28,1615,208.926325119423,72,44
40,4080,848.589774314031,92,52
62,6442,2920.09848838286,83,21
59,1030,424.929788495567,79,20
67,5837,3060.19176245319,78,11
93,2953,2540.0353389888,97,4
6,6254,348.954583922406,58,52
74,2594,1622.92354931908,78,4
58,6446,2574.44558804739,81,23
46,9967,2606.9094063745,91,45
20,6161,580.282560730338,70,50
87,2767,2197.81465419769,93,6
81,4654,3358.70117979372,92,11
77,9577,6396.9530913377,87,10
91,6633,5557.7198942298,94,3
72,8450,5043.36950644167,75,3
65,5044,2499.47533449199,82,17
60,2659,1132.56426281568,68,8
49,6784,1982.54422512411,91,42
99,1246,1186.66666666667,99,0
51,5258,1651.7306370215,91,40
19,3203,290.076746002759,86,67
27,9927,1234.01219095102,69,42
61,8966,3940.74311781173,65,4
87,8257,6558.49497640416,92,5
35,4401,752.232358362811,90,55
17,4064,340.443059600206,90,73
33,2355,371.820814056469,50,17
60,6970,2968.77507026148,81,21
48,6690,1884.70249680316,87,39
72,5889,3514.84059448935,86,14
14,2931,218.772262449674,65,51
94,5110,4458.1542582414,95,1
52,6007,1955.35850358459,76,24
26,5545,662.341399299993,71,45
75,9303,5952.90284690946,82,7
65,4834,2395.41311794891,68,3
54,4855,1694.84948766862,86,32
66,8604,4386.84711338724,93,27
98,7087,6645.0661230141,98,0
13,1317,94.630662439115,88,75
65,1993,987.599988430321,67,2
22,5263,536.368627101123,86,64
27,7279,904.84282642616,88,61
17,9119,763.90262315312,85,68
9,1936,119.89868314801,27,18
31,8911,1299.27905077792,36,5
65,2454,1216.04133046062,68,3
67,7040,3690.89429632867,80,13
48,9438,2658.86728921199,83,35
55,4771,1723.69199607649,79,24
86,4267,3340.66658578224,90,4
53,3635,1225.60948682315,73,20
96,4229,3821.32967535225,96,0
34,4801,788.727844993405,58,24
8,4008,239.515075421192,52,44
50,7853,2379.81047616702,87,37
44,5173,1254.76090899137,83,39
34,3042,499.752156731918,70,36
79,3100,2155.34144533,80,1
31,4300,626.966661243975,87,56
52,8465,2755.47024019371,65,13
40,6347,1320.09786705175,75,35
5,6895,372.476937316511,84,79
71,1389,808.883171668502,87,16
18,3794,330.425800968181,87,69
17,7804,653.744497322837,57,40
1,5038,244.004341452899,83,82
24,5501,606.828539137603,75,51
45,9247,2329.43228862872,74,29
7,1849,106.706848845105,80,73
60,7136,3039.48047365652,79,19
27,2481,308.409816233453,68,41
51,1706,535.917167508308,59,8
84,1905,1446.43695958625,86,2
28,3289,425.485252828347,69,41
59,9432,3891.2017136798,80,21
38,7143,1374.09916272739,84,46
71,1190,692.995661832626,80,9
49,4972,1453.0085329182,80,31
37,8108,1499.68221668275,83,46
59,5375,2217.47341083852,78,19
21,6013,589.073712992184,85,64
17,9547,799.756370571645,88,71
39,8358,1671.97329570237,75,36
96,3790,3424.64872773351,96,0
36,3705,658.810705394573,83,47
55,3526,1273.89184199659,74,19
47,1323,359.183803620633,68,21
34,1166,191.55523167305,91,57
86,1002,784.473381521868,93,7
44,8883,2154.65709541279,55,11
98,4849,4546.6241894307,98,0
10,2706,173.812537447519,73,63
4,4722,247.365840102063,64,60
58,8813,3519.79351031052,58,0
49,7216,2108.79114512022,75,26
95,5137,4553.71608357057,97,2
51,2073,651.205327224339,87,36
96,5294,4783.66500385784,98,2
14,3354,250.345332056024,80,66
19,1758,159.211651412067,81,62
3,8331,424.064765724907,43,40
6,6347,354.143707092342,86,80
46,5319,1391.20609335868,77,31
84,1821,1382.65706215568,85,1
27,4802,596.930244882322,78,51
32,6725,1020.389500501,53,21
34,4742,779.035084557119,84,50
5,3991,215.599051026859,87,82
9,2175,134.700225127543,21,12
96,1414,1277.69216385625,98,2
64,7413,3567.99363501693,72,8
5,9400,507.800320634547,86,81
94,1926,1680.31410985772,97,3
70,2870,1629.63237507986,85,15
0,5357,346.234551619483,85,85
30,6053,848.072032345194,64,34
16,6120,493.228383207853,77,61
70,5986,3398.94752516657,82,12
75,1185,758.270436804011,84,9
62,1497,678.576131187387,64,2
55,4934,1782.58149416085,64,9
69,7330,4055.52569385125,87,18
71,5525,3217.47985850862,88,17
59,4568,1884.54298431821,78,19
37,1938,358.458822882483,59,22
16,7998,644.581798839282,87,71
99,9223,8783.80952380952,99,0
0,4133,267.124771671332,66,66
34,6118,1005.08997202034,50,16
14,9342,697.294601093434,74,60
89,3337,2724.16695138983,90,1
56,9124,3409.98728966289,78,22
94,6221,5427.43202358508,96,2
83,7023,5246.42366962257,83,0
35,1120,191.433819896921,92,57
26,8051,961.679099326284,91,65
69,6858,3794.37860960872,89,20
44,5206,1262.76537641776,76,32
54,6075,2120.74369466259,83,29
25,9802,1125.10761243187,91,66
47,3276,889.407513727281,51,4
17,9384,786.101789194964,71,54
61,2049,900.57803350393,76,15
37,3628,671.046754085474,73,36
22,8206,836.298870224552,42,20
68,7403,3988.39876360699,69,1
76,5883,3847.4847781644,90,14
65,9647,4780.42001424351,85,20
77,5828,3892.81013013638,80,3
68,3596,1937.36079345275,74,6
54,6765,2361.61828714279,83,29
93,1290,1109.59891205403,93,0
45,2667,671.849887939092,75,30
99,3680,3504.7619047619,99,0
28,7202,931.694980501598,55,27
12,7022,485.865123145826,85,73
60,1156,492.382206775075,91,31
64,2417,1163.34016131606,82,18
6,7228,403.300884648409,82,76
74,1843,1153.06403292023,94,20
17,2313,193.761022848247,90,73
29,9643,1298.25211230343,82,53
88,4645,3741.21968099964,90,2
2,3555,176.26007333308,84,82
0,9285,600.109727792963,82,82
68,6143,3309.5682297498,89,21
9,1473,91.2245662587909,38,29
4,4080,213.734143925544,65,61
44,1351,327.698045244026,79,35
69,1675,926.740182428493,85,16
29,9744,1311.84989964582,83,54
79,6469,4497.71090639992,81,2
47,9412,2555.28190451806,76,29
28,1739,224.967727171935,85,57
32,2454,372.347335944901,64,32
85,7340,5660.90951117232,91,6
77,5198,3472.00189712576,93,16
81,6279,4531.43203866024,90,9
73,3014,1842.4286543553,76,3
0,5317,343.649264693073,83,83
9,3836,237.567845328392,75,66
85,6158,4749.30255719335,86,1
75,7653,4897.08325135958,75,0
50,6969,2111.91891104138,86,36
16,5752,463.570205916923,84,68
17,1410,118.11631743019,84,67
56,2508,937.335392642978,87,31
36,9255,1645.69313857673,61,25
39,2549,509.913846703199,58,19
50,5692,1724.93075644247,91,41
9,5698,352.883624265167,60,51
87,7070,5615.6666444444,95,8
15,5342,414.282417906326,43,28
17,2007,168.127268852759,57,40
29,1487,200.197126516147,57,28
82,1238,909.30578967328,85,3
74,5265,3294.02177608518,81,7
80,7076,5014.05069929588,82,2
2,2859,141.751772056055,90,88
50,6588,1996.45885865126,80,30
28,4957,641.267983663763,84,56
80,8470,6001.8385278457,83,3
93,9201,7914.27875179003,94,1
55,3832,1384.44513287888,68,13
26,5552,663.177538126882,63,37
33,6121,966.418345154839,72,39
77,3574,2387.25178536503,78,1
87,2233,1773.6610490869,90,3
82,8807,6468.70443429126,91,9
24,4036,445.220866016973,74,50
53,5759,1941.75654322269,87,34
41,2365,511.332143181584,90,49
83,4122,3079.27642975712,83,0
36,9178,1632.00125617042,78,42
89,2663,2173.94563726434,94,5
76,2178,1424.41302853001,81,5
38,2745,528.055747121192,77,39
43,9747,2275.83364289706,81,38
26,5864,700.445440125367,78,52
27,1632,202.871753362755,71,44
61,7088,3115.32313395601,90,29
33,6724,1061.62341983681,75,42
85,4291,3309.39546491014,96,11
4,6226,326.154112764813,87,83
31,8786,1281.05327574176,75,44
57,9012,3482.62367300982,81,24
75,2052,1313.05564246568,96,21
92,2248,1908.09759348761,93,1
65,8212,4069.3282011991,74,9
71,3734,2174.49226998574,86,15
39,3656,731.363288955236,44,5
5,7878,425.579885740315,55,50
84,3656,2775.94410721645,89,5
39,2475,495.110541620407,83,44
75,1729,1106.37095800349,77,2
96,5061,4573.12591320826,97,1
27,6884,855.740900826719,44,17
88,3275,2637.78136819674,88,0
23,5853,620.566314482865,83,60
32,1810,274.632713145995,79,47
7,2038,117.614147077514,65,58
44,3065,743.445232178342,51,7
46,3786,990.243705481474,91,45
11,2172,144.764937110383,85,74
92,5735,4867.85573783427,94,2
42,4006,900.180772255326,86,44
51,7466,2345.34441536754,55,4
74,7779,4866.8937124723,95,21
70,7074,4016.73150568465,77,7
63,6522,3047.26347796253,80,17
7,9235,532.95713849894,62,55
95,7544,6687.41174507619,95,0
85,8399,6477.65381257988,86,1
30,4207,589.433180253797,86,56
64,7435,3578.58258145837,69,5
91,2758,2310.8987589757,92,1
28,6030,780.077857876234,77,49
50,6869,2081.61443534844,65,15
66,6424,3275.34935569498,71,5
97,2204,2030.32886661475,97,0
88,8722,7024.95544837005,98,10
78,3524,2402.36445271676,88,10
35,6553,1120.05876945047,69,34
98,1680,1575.23791260952,98,0
87,7475,5937.35617641045,89,2
0,7904,510.852696658651,56,56
29,6049,814.386293406976,88,59
24,3288,362.70718718132,54,30
95,8251,7314.13498258532,97,2
49,7603,2221.8873442834,88,39
55,8521,3078.51173728103,55,0
16,9600,773.691581502514,88,72
46,9129,2387.72709649772,78,32
24,1860,205.181073040527,82,58
24,2493,275.008825317223,60,36
48,4484,1263.22959576463,88,40
87,1401,1112.80749206034,91,4
60,9612,4094.09841827164,83,23
12,3165,218.992183816084,90,78
18,4437,386.425745623569,81,63
30,9757,1367.0310291743,38,8
99,1316,1253.33333333333,99,0
37,4166,770.556994906308,59,22
86,8182,6405.74970819553,91,5
24,1707,188.303275096871,80,56
54,4472,1561.1466341615,81,27
26,6410,765.664268622715,64,38
42,2804,630.081598952555,75,33
36,8925,1587.01364254968,43,7
58,7126,2846.02843010017,64,6
88,5269,4243.80764245148,91,3
30,5063,709.365389024239,56,26
49,6091,1780.02312429701,63,14
35,4548,777.358047224282,65,30
91,5518,4623.47329660185,91,0
84,6675,5068.22399225105,90,6
2,7162,355.09835308341,32,30
20,3377,318.067555199862,85,65
72,9732,5808.52923511129,84,12
16,3941,317.616512781397,82,66
75,2176,1392.40208479791,78,3
47,5324,1445.42295576436,58,11
56,5795,2165.81283906143,64,8
80,4355,3085.95121473058,81,1
35,6808,1163.64414808771,80,45
18,7445,648.397492938352,22,4
39,1817,363.481153181527,80,41
36,1851,329.138627715345,86,50
30,1753,245.608834082459,67,37
34,3896,640.050756945284,87,53
50,4641,1406.43071690961,87,37
10,8071,518.418695395021,65,55
23,1188,125.958103810976,51,28
83,9798,7319.44455573999,86,3
36,3165,562.789711895769,78,42
26,6546,781.909251545131,87,61
69,9626,5325.85134092936,71,2
56,2109,788.213852904322,64,8
89,3445,2812.3329779856,91,2
54,1296,452.42532152802,65,11
54,5260,1836.23240064613,88,34
11,7685,512.209273339455,80,69
19,9418,852.932498861688,62,43
96,7736,6990.25925006502,98,2
85,8698,6708.25489484699,87,2
91,9414,7887.89010768572,91,0
58,2694,1075.94731836793,78,20
72,4378,2613.00256795286,73,1
69,2490,1377.66152492355,71,2
80,6494,4601.64573787839,80,0
25,6395,734.040316415201,74,49
28,2788,360.672813890372,76,48
33,2657,419.502294245451,77,44
14,1273,95.0177721250205,88,74
14,7153,533.905831901235,66,52
65,8128,4027.70331458186,76,11
10,4460,286.475948638557,65,55
90,1753,1449.96630045033,98,8
83,1691,1263.2354300629,94,11
97,7811,7195.50761212694,97,0
78,2780,1895.16832535545,83,5
86,1508,1180.62461011475,93,7
89,9749,7958.61660446492,89,0
82,7685,5644.60015641289,96,14
38,2703,519.976205635184,71,33
73,3450,2108.9511803337,92,19
2,5858,290.444869081627,62,60
68,8412,4532.0019450847,68,0
79,1745,1213.2486522906,86,7
94,5310,4632.64170474791,96,2
94,9591,8367.54549721981,97,3
2,6599,327.184310527426,59,57
73,6960,4254.57977249929,93,20
20,5688,535.732381988989,74,54
82,4834,3550.55265531554,86,4
37,7397,1368.17332965001,71,34
80,1399,991.330826500133,85,5
33,5356,845.635787722483,85,52
0,4048,261.63103695271,60,60
6,1244,69.4114970258191,66,60
66,4506,2297.43527346849,82,16
57,1201,464.117957310785,60,3
94,5854,5107.24755924563,97,3
22,7483,762.615701424607,65,43
72,3757,2242.35967286407,88,16
30,2197,307.8166619961,77,47
41,1305,282.151563150938,72,31
55,3201,1156.47413109219,70,15
37,5488,1015.07844168167,90,53
62,9263,4198.83146505596,93,31
72,5129,3061.23576314075,92,20
56,3473,1297.99275065752,79,23
69,1959,1083.8710551507,88,19
29,5803,781.266930177001,31,2
89,1525,1244.93694961627,96,7
68,8803,4742.65491233721,78,10
67,8317,4360.39316229624,81,14
92,7270,6170.76045580735,93,1
67,8062,4226.70309900593,67,0
11,1586,105.707730320934,84,73
17,6469,541.910962734678,68,51
70,4481,2544.38420652713,89,19
77,8590,5737.68685962105,92,15
10,8480,544.689696066135,80,70
30,8898,1246.67849724228,89,59
1,4664,225.890482043732,83,82
51,6239,1959.89871517253,62,11
49,6874,2008.84566678996,93,44
41,5686,1229.35922457949,74,33
87,3035,2410.68575189374,94,7
71,9037,5262.69058485835,78,7
58,3023,1207.34548753758,81,23
8,5165,308.656528081451,89,81
49,3243,947.728614693024,60,11
33,6538,1032.25668038267,88,55
61,6444,2832.27176569025,74,13
76,2863,1872.40335201168,88,12
27,7055,876.997683807743,86,59
78,2416,1647.02398347438,87,9
72,7766,4635.12515822793,79,7
47,1559,423.255895574124,88,41
22,2918,297.382415709876,65,43
94,8020,6996.94660491116,98,4
87,9370,7442.54546795531,88,1
6,9385,523.655063976939,70,64
39,3429,685.953150390455,77,38
17,8939,748.823944332245,63,46
28,9394,1215.26557162344,71,43
5,1926,104.045044419376,85,80
30,2270,318.044525594514,71,41
51,8290,2604.19303554741,89,38
80,8574,6075.5328852124,93,13
20,5641,531.305620042174,83,63
74,8954,5602.02677741058,76,2
11,9022,601.321023301049,71,60
43,6021,1405.84737497519,61,18
55,2774,1002.20532322704,84,29
45,3505,882.952327419017,72,27
24,1514,167.012980958795,86,62
45,8398,2115.55881474034,87,42
68,5492,2958.83912059025,83,15
7,5035,290.57273333429,78,71
89,7373,6018.96401935787,89,0
73,5663,3461.73638673326,91,18
32,9837,1492.57569017522,59,27
62,3904,1769.646770979,76,14
28,1274,164.812469475012,89,61
93,2968,2552.93765191966,94,1
92,4807,4080.17132201732,97,5
93,5312,4569.13908591551,94,1
70,5191,2947.53367910786,84,14
18,8271,720.33521344434,79,61
61,4935,2169.03494160171,86,25
1,5027,243.471580882041,69,68
89,5005,4085.84225103569,93,4
45,3669,924.265931326782,79,34
58,9124,3644.00272189643,62,4
48,8960,2524.20543667508,74,26
48,5500,1549.45646224475,49,1
55,2683,969.328364173807,80,25
93,5314,4570.85939430629,93,0
49,1535,448.585699523217,71,22
98,1979,1855.59275538943,98,0
82,1226,900.491840177255,97,15
51,8371,2629.63810622043,67,16
63,1271,593.84726778448,71,8
14,9015,672.887050830369,88,74
68,9037,4868.72344005354,84,16
56,5937,2218.88366272782,80,24
25,3641,417.926628939444,81,56
91,5003,4191.96029411001,92,1
92,4605,3908.71415391924,96,4
3,8781,446.970676729134,76,73
42,1209,271.672130218844,86,44
88,4605,3709.0025039835,89,1
94,2904,2533.55772327456,96,2
54,2714,947.440063755436,80,26
21,2064,202.203250227153,78,57
54,6116,2135.05653276649,58,4
18,2994,260.752463916377,88,70
36,2451,435.828620491794,53,17
47,2120,575.562859921195,82,35
3,2177,110.813707236001,4,1
61,6951,3055.10879008581,85,24
11,8521,567.929111011775,80,69
45,4437,1117.73451548022,69,24
61,6361,2795.79154276159,64,3
43,5713,1333.93224601117,63,20
29,6744,907.955226109546,82,53
19,6948,629.239222986941,62,43
4,1798,94.1897036220902,57,53
48,3451,972.213500219387,73,25
54,3617,1262.67159565343,92,38
26,4509,538.592852920409,40,14
81,2735,1973.79624553842,83,2
45,7334,1847.52421377777,79,34
75,9273,5933.70612699038,86,11
17,9196,770.352946870939,69,52
40,5242,1090.2714698417,50,10
18,9658,841.131361557905,67,49
89,5560,4538.9176654862,93,4
26,1865,222.771273164019,74,48
63,4207,1965.62978408285,89,26
78,3013,2054.00797276833,90,12
75,6489,4152.25051849893,84,9
4,3572,187.12214757403,77,73
3,1595,81.1887290038684,84,81
73,1036,633.296644297308,84,11
5,9114,492.350225772687,62,57
54,4203,1467.24045245545,88,34
38,7746,1490.0982940622,73,35
61,8631,3793.50366382256,68,7
22,1158,118.015365795763,60,38
71,6084,3543.01311478126,85,14
71,5704,3321.72038243134,84,13
35,4540,775.990662796447,75,40
76,7817,5112.32169146883,81,5
40,5885,1224.00755437208,85,45
98,3820,3581.79096795737,99,1
76,4719,3086.2282284817,89,13
86,2316,1813.21392375713,96,10
46,9158,2395.31216450062,78,32
4,4439,232.540653158208,77,73
40,1207,251.041141567901,76,36
29,5091,685.409260991059,80,51
16,9939,801.012565474321,57,41
22,2381,242.655082866763,76,54
49,9795,2862.47356796737,77,28
91,7167,6005.15279390095,97,6
84,6700,5087.20610458158,84,0
55,4452,1608.44199675803,61,6
68,7510,4046.04548354566,88,20
93,2231,1919.0040099167,96,3
74,5096,3188.2877437664,80,6
43,1560,364.245458389187,71,28
44,4071,987.460208873746,71,27
23,5291,560.98007345444,76,53
64,6351,3056.83631134393,72,8
78,9987,6808.28995155571,89,11
27,1612,200.385579914682,76,49
97,2231,2055.20131643262,98,1
73,3866,2363.24790236814,78,5
38,1307,251.427636243132,83,45
61,9864,4335.43275865435,83,22
63,1500,700.842566228733,86,23
71,4784,2785.95903042629,73,2
40,2881,599.212534264393,81,41
50,8558,2593.45702980229,81,31
89,9206,7515.33741519172,91,2
23,4413,467.889825015015,73,50
85,1514,1167.65899181402,94,9
96,7312,6607.13232115763,98,2
29,5882,791.90282324679,78,49
79,3809,2648.28889201999,85,6
16,8867,714.617005539874,76,60
2,3779,187.366193284307,62,60
5,8348,450.969901772042,62,57
17,2933,245.698694342373,81,64
6,8380,467.579055527624,73,67
99,2445,2328.57142857143,99,0
54,7491,2615.06024966543,73,19
13,5664,406.976516366854,88,75
56,2226,831.941221699868,83,27
5,4155,224.458545982611,87,82
90,1355,1120.76687798642,91,1
87,6507,5168.47848025456,91,4
70,5890,3344.43717394438,81,11
17,7648,640.676309011411,30,13
0,6374,411.965471723462,82,82
87,8422,6689.55367461255,90,3
69,3900,2157.78311132604,69,0
58,2711,1082.73688941925,87,29
94,4930,4301.11555638554,97,3
58,8065,3221.05238405247,65,7
46,6163,1611.95772764985,62,16
33,1576,248.827856880253,65,32
80,9804,6947.11038099164,86,6
6,7984,445.483434287894,75,69
93,4450,3827.68616948871,94,1
3,8448,430.020302586006,16,13
91,9561,8011.05983849407,95,4
54,3036,1059.84820691286,67,13
96,5624,5081.85341550745,98,2
68,8771,4725.4147717948,88,20
8,6389,381.801850515468,60,52
63,2834,1324.12522179482,77,14
14,3611,269.52802446461,84,70
26,3404,406.602366675776,61,35
75,6187,3959.0035379801,90,15
84,7906,6002.90320340626,93,9
68,1239,667.516691626241,70,2
99,1077,1025.71428571429,99,0
35,1845,315.353033669481,64,29
85,9518,7340.67257865643,87,2
69,3152,1743.93137612812,83,14
58,1219,486.852183032853,80,22
28,3532,456.921226205449,75,47
48,9321,2625.90612446969,92,44
19,5647,511.415355815667,59,40
17,8773,734.918051641882,48,31
2,4003,198.472313235533,63,61
15,6494,503.622242958383,80,65
57,4640,1793.09518894425,89,32
26,2443,291.812450584289,88,62
57,5086,1965.44873512294,82,25
54,6473,2259.68295235407,76,22
70,9730,5524.85122283172,72,2
4,3910,204.828554595313,68,64
95,4752,4212.43115225372,97,2
17,1338,112.08484590184,84,67
46,1077,281.693732383399,72,26
24,4139,456.583043717604,42,18
42,2325,522.446404267008,78,36
62,1344,609.222658861622,70,8
70,2394,1359.3518836032,93,23
30,3153,441.759642819164,83,53
58,8134,3248.61005479017,69,11
74,9885,6184.50242290637,76,2
42,5273,1184.88597406449,85,43
63,5232,2444.53887100582,74,11
49,5059,1478.43325986186,83,34
35,4982,851.538652434339,80,45
0,3164,204.496195879045,78,78
34,5954,978.147383688968,66,32
48,7649,2154.87135994729,83,35
58,9605,3836.10764399553,63,5
95,5596,4960.59863804962,95,0
8,9668,577.752432428165,64,56
61,7775,3417.27389482336,75,14
4,6776,354.96631353909,62,58
51,3361,1055.81336459286,81,30
25,3988,457.756494427494,81,56
81,8720,6293.05420880989,96,15
98,6093,5713.05035805347,98,0
47,7865,2135.28391192462,90,43
44,4460,1081.81590065755,68,24
49,5762,1683.87674309627,86,37
90,2128,1760.14163568642,97,7
95,6209,5503.99516505542,95,0
1,1596,77.2987155535584,62,61
32,1760,267.046174108813,89,57
10,8578,550.984459063126,72,62
16,3072,247.581306080804,86,70
28,6673,863.260289487249,36,8
68,7947,4281.48115282788,80,12
96,8338,7534.22720101372,97,1
72,6407,3824.00809796116,84,12
17,5755,482.09887007854,75,58
93,9012,7751.70960886118,95,2
95,1236,1095.65759768215,97,2
67,9588,5026.74637971581,89,22
15,9713,753.261910356448,86,71
24,1440,158.849862999118,34,10
84,2167,1645.36949681019,84,0
83,3837,2866.37158199371,86,3
45,7185,1809.98929315425,82,37
44,2096,508.404961385255,61,17
25,3253,373.390641016208,79,54
27,5473,680.34136406517,34,7
60,8964,3818.09178333198,70,10
65,4622,2290.35983267684,75,10
1,2984,144.523413039986,88,87
14,2158,161.07490357093,43,29
93,2269,1951.68986934155,93,0
3,5278,268.660885067346,44,41
29,1499,201.812705210292,75,46
41,5887,1272.81705154756,65,24
74,1990,1245.03387168272,94,20
30,2054,287.781257960851,71,41
73,5160,3154.25741754258,80,7
47,6937,1883.33941475157,80,33
16,9359,754.268699091878,86,70
10,8976,576.548904703966,72,62
82,4022,2954.14207275116,88,6
79,5413,3763.50427211977,82,3
54,3653,1275.23896569588,63,9
9,1815,112.40501545126,69,60
18,1754,152.758791486081,69,51
39,6838,1367.90540751529,76,37
5,6351,343.089344292554,75,70
18,7389,643.520359344726,90,72
73,3266,1996.47378404924,76,3
87,5296,4206.58706491903,90,3
22,3028,308.592856329508,88,66
77,3082,2058.62059387102,90,13
47,3582,972.484039734774,62,15
1,2306,111.685988763475,59,58
51,5950,1869.11321610459,72,21
24,3023,333.474399893287,68,44
19,1343,121.627558501937,78,59
52,5738,1867.79542093697,52,0
22,6130,624.727281803132,69,47
49,2590,756.897043495199,76,27
95,3023,2679.75155161258,98,3
27,7188,893.530737237428,81,54
58,1438,574.317833635145,90,32
86,7512,5881.20163871484,86,0
64,9562,4602.34117604639,74,10
10,7137,458.425750097171,73,63
48,9315,2624.21580832906,81,33
40,4289,892.059201478647,82,42
67,7051,3696.66131866668,74,7
65,6002,2974.19725567425,75,10
2,1889,93.6583061958338,80,78
51,7508,2358.53815571652,60,9
48,4119,1160.40203054293,92,44
64,2991,1439.6154002881,89,25
30,2664,373.246967481843,72,42
69,6586,3643.88706953675,89,20
82,8525,6261.57662113466,87,5
75,1586,1014.86659305583,77,2
97,8077,7440.54730292527,97,0
25,8990,1031.90343152035,74,49
95,4715,4179.63234067262,97,2
32,6626,1005.36815320738,84,52
21,4877,477.783552014449,52,31
90,4009,3315.98111723067,92,2
34,9409,1545.74886347489,40,6
93,1796,1544.83693492174,96,3
52,4403,1433.2351408828,88,36
65,8814,4367.6398886226,72,7
11,2835,188.954234211757,63,52
75,4755,3042.68010717559,85,10
14,6078,453.66694342174,20,6
83,5709,4264.82026625022,85,2
26,4906,586.013869245404,89,63
8,9806,585.999208977098,76,68
25,6002,688.93041112182,68,43
99,7272,6925.71428571429,99,0
96,4294,3880.06375643475,96,0
39,3270,654.146048928781,83,44
40,8040,1672.22102585412,82,42
57,4939,1908.64162461113,74,17
62,8891,4030.2073362639,65,3
19,9153,828.933017846786,70,51
17,4669,391.124174525926,84,67
93,4717,4057.34733965803,98,5
97,8130,7489.37100071592,97,0
64,4483,2157.73849531646,78,14
45,3298,830.80649809641,65,20
82,2145,1575.49347241453,85,3
0,8885,574.256858528861,90,90
4,8678,454.604142398498,70,66
45,7758,1954.33499461248,61,16
35,3449,589.513611450429,83,48
81,4187,3021.67637296869,89,8
8,4575,273.398570372244,84,76
84,6595,5007.48123279336,93,9
37,9403,1739.20965508978,77,40
4,9271,485.668933415127,55,51
91,2928,2453.33994426426,92,1
20,4336,408.392336199764,69,49
61,2711,1191.54077541686,85,24
10,7771,499.149012751172,82,72
77,5208,3478.68139288783,77,0
66,6328,3226.40266544798,91,25
5,1190,64.2853597399054,68,63
16,3290,265.150552410757,32,16
64,1740,837.4894003682,83,19
39,3318,663.748192766267,66,27
11,4311,287.330406944228,78,67
94,7783,6790.17898080094,98,4
4,3326,174.23523595499,75,71
76,4142,2708.86995600152,81,5
99,5814,5537.14285714286,99,0
82,7333,5386.05763786281,93,11
31,6944,1012.47825480888,83,52
50,3106,941.257015022893,81,31
92,8142,6910.91219135948,93,1
22,8699,886.542026819812,84,62
53,5897,1988.28587174583,81,28
50,6254,1895.24190983682,86,36
41,5776,1248.81795307266,49,8
32,8877,1346.91414066132,71,39
37,4265,788.868358923525,86,49
65,9271,4594.09909319494,78,13
41,5359,1158.65917772098,84,43
33,6745,1064.9390194526,69,36
67,8668,4544.41360235467,81,14
69,6839,3783.86633291251,75,6
53,5252,1770.81183625726,86,33
28,3454,446.830666849836,65,37
46,6473,1693.03948906011,72,26
82,1094,803.538395720976,86,4
31,7240,1055.63689009451,70,39
77,2242,1497.54294985686,95,18
15,7364,571.092423336238,69,54
44,6417,1556.50507500438,78,34
62,6020,2728.80982615101,82,20
95,9852,8733.34842424319,95,0
3,7373,375.300626298132,83,80
99,9808,9340.95238095238,99,0
67,1476,773.829542809817,78,11
36,8854,1574.38866007113,65,29
59,4217,1739.73681367554,69,10
96,1939,1752.08281875337,97,1
85,6928,5343.15818711197,86,1
76,9498,6211.69648529756,79,3
38,8950,1721.71181666108,80,42
63,7191,3359.83926250055,94,31
46,2584,675.855714464905,79,33
40,8885,1847.97062372063,83,43
83,3243,2422.63305718155,83,0
4,5243,274.658852108242,21,17
8,3268,195.293230158796,87,79
99,1424,1356.19047619048,99,0
75,5897,3773.43524542891,75,0
63,2222,1038.1814547735,64,1
61,2156,947.60675462883,64,3
57,2259,872.974575824366,79,22
62,8747,3964.9334799573,84,22
72,5315,3172.2495771287,79,7
57,5154,1991.72685427126,75,18
51,9917,3115.29340573265,78,27
80,8509,6029.47391185821,82,2
43,3080,719.15128964019,90,47
43,3516,820.953225446399,74,31
52,3665,1193.00631190903,63,11
25,2515,288.680437182835,87,62
97,4244,3909.58063063202,97,0
92,3690,3132.06411030662,97,5
62,7391,3350.27133307012,88,26
52,6903,2247.0184368644,89,37
33,8092,1277.61105195114,88,55
26,9820,1172.98332572154,77,51
6,2988,166.721505717964,78,72
4,2489,130.3883049585,79,75
85,9705,7484.89466020809,87,2
30,7544,1056.97264364978,81,51
82,2756,2024.27040092048,85,3
21,3891,381.188394686943,46,25
46,8453,2210.91654580954,84,38
10,7282,467.739430041698,60,50
25,8456,970.609056388888,54,29
72,5876,3507.08156447944,81,9
96,1605,1450.28000211406,97,1
88,1387,1117.13061303477,88,0
31,9518,1387.78341435352,88,57
32,5805,880.797182216851,38,6
0,8262,533.991014650023,62,62
81,7263,5241.56567873695,81,0
15,1783,138.275093808869,90,75
53,7746,2611.71144014638,66,13
59,4778,1971.17915478818,82,23
66,6528,3328.3749367959,67,1
26,8250,985.449331690702,86,60
7,7299,421.229469832568,85,78
96,4337,3918.91861007394,99,3
99,2770,2638.09523809524,99,0
56,3972,1484.48810987955,79,23
51,1804,566.702561655913,86,35
21,2024,198.284582587092,86,65
69,2958,1636.59549828268,72,3
25,4695,538.908410565968,77,52
95,8476,7513.58721517309,99,4
1,4015,194.457608363118,71,70
65,9500,4707.57646266335,79,14
83,5975,4463.53145749607,94,11
52,3098,1008.4402603804,84,32
73,6047,3696.47182245736,83,10
40,3812,792.849073452227,88,48
26,4486,535.845539632059,78,52
73,1427,872.311111401794,76,3
32,9490,1439.92510925718,91,59
52,6821,2220.3263447562,80,28
19,4081,369.592007629491,78,59
73,7613,4653.7522712697,74,1
57,4043,1562.38876053914,67,10
44,7314,1774.0810532308,86,42
43,2797,653.073427637536,58,15
21,9198,901.097623832049,67,46
83,9055,6764.39788244801,93,10
2,7718,382.665329390918,76,74
42,1982,445.371515379445,71,29
7,3073,177.344589778803,72,65
52,7660,2493.43201888763,84,32
90,7300,6038.07985926263,90,0
74,8546,5346.76355145754,90,16
67,1914,1003.46188681436,80,13
36,2513,446.853253078694,86,50
72,6517,3889.66142881425,75,3
21,6405,627.476655864783,78,57
16,9341,752.818027376561,89,73
48,8411,2369.54150980738,51,3
41,1663,359.554060934873,75,34
48,6795,1914.28302926419,86,38
41,8103,1751.93418866824,80,39
84,3674,2789.61122809443,85,1
1,9233,447.179850066419,89,88
10,4743,304.653682599255,60,50
45,7474,1882.79192443074,78,33
28,4359,563.907028604064,81,53
63,3794,1772.66446418121,66,3
65,5480,2715.52831741002,73,8
95,7266,6440.97743103441,99,4
67,2754,1443.85268353539,94,27
51,2565,805.760571312316,64,13
76,7056,4614.62733209724,87,11
47,7885,2140.71375022577,78,31
15,4815,373.412550022269,86,71
48,5830,1642.42384997943,77,29
76,5023,3285.04437204144,81,5
46,2613,683.4407824678,73,27
30,6893,965.762517587217,88,58
17,7984,668.823176143712,65,48
83,8831,6597.06214245151,92,9
60,4882,2079.42035767813,84,24
45,4740,1194.06391782201,86,41
53,6579,2218.23516198335,63,10
82,2483,1823.75304988591,92,10
39,5363,1072.83952917586,87,48
17,5688,476.486250739658,55,38
60,8147,3470.10193650219,83,23
82,4464,3278.78921252142,82,0
21,1545,151.35853759736,50,29
39,5930,1186.26485325617,71,32
48,3487,982.355397063171,74,26
34,6073,997.697188636732,86,52
14,1192,88.9718651791237,78,64
19,2612,236.553375135563,83,64
80,3413,2418.45040088989,87,7
91,5749,4817.02573072925,92,1
31,1584,230.957021258246,47,16
42,4261,957.481345626546,69,27
88,6411,5163.60804626237,98,10
96,4321,3904.46099011517,96,0
11,9668,644.377261502388,81,70
60,7849,3343.17295932315,77,17
62,9455,4285.86327346476,72,10
64,5193,2499.47267592647,74,10
5,4988,269.458297800545,72,67
71,1059,616.707904101472,89,18
76,3590,2347.86169532725,84,8
33,4252,671.329979349514,60,27
49,2363,690.558962849095,65,16
28,4082,528.072606277079,73,45
18,1014,88.3109547131617,84,66
38,1280,246.233645287842,61,23
78,7364,5020.15091651709,93,15
93,5421,4662.8958932131,95,2
93,8081,6950.90605295242,95,2
35,3681,629.167759857648,86,51
23,1830,194.026372032059,79,56
5,7994,431.846357782188,67,62
56,5892,2202.0654439603,73,17
31,3458,504.197840600388,85,54
30,5908,827.756412868893,86,56
28,2597,335.963880083678,72,44
30,7458,1044.92337968453,83,53
95,3406,3019.26357419532,95,0
14,3555,265.348138181027,75,61
43,1771,413.511991543109,45,2
9,6123,379.204357910779,33,24
73,6530,3991.72498770408,92,19
76,5516,3607.46660485379,76,0
46,4860,1271.15277565768,68,22
70,6900,3917.93149409444,79,9
56,6403,2393.04566152033,89,33
35,4653,795.304967839619,60,25
83,2802,2093.19081906343,93,10
69,6686,3699.21484162203,69,0
63,8889,4153.19304747147,91,28
46,9885,2585.46197271114,89,43
71,4313,2511.67251217153,73,2
75,2558,1636.84031843431,76,1
55,7967,2878.35970084708,61,6
43,2776,648.170123389989,57,14
66,9838,5016.01602760387,83,17
69,7170,3967.0012585148,85,16
62,4103,1859.85161406937,81,19
15,1639,127.107615677362,90,75
92,3124,2651.64452048723,92,0
27,5838,725.714029492502,73,46
52,7050,2294.86889466812,87,35
73,6705,4098.70077221376,86,13
74,2405,1504.67661376731,79,5
76,4846,3169.28628845567,80,4
71,1576,917.782489956486,93,22
50,8572,2597.6996563993,85,35
38,2645,508.818743583079,42,4
80,3006,2130.05036773367,94,14
70,6414,3641.97284103213,84,14
68,6747,3634.97588248769,92,24
58,3171,1266.45469433731,77,19
36,2235,397.420223092273,84,48
21,3269,320.253112883993,85,64
18,2657,231.402570683304,69,51
2,7952,394.267258268539,74,72
21,3140,307.615409744796,46,25
17,5150,431.41775515282,81,64
52,3221,1048.4783985427,81,29
48,2719,765.99493106245,71,23
21,1484,145.382569446267,42,21
6,4129,230.38590934052,82,76
24,5841,644.334756790173,62,38
16,8981,723.804593070216,33,17
49,6637,1939.58520373654,71,22
17,9152,766.667047603614,61,44
4,2339,122.530432020061,81,77
37,4922,910.389229219599,66,29
98,2834,2657.27633591392,98,0
59,8661,3573.12320209719,65,6
65,1897,940.028689439197,67,2
99,2260,2152.38095238095,99,0
53,5356,1805.87741717325,75,22
31,7522,1096.75423857609,45,14
31,5730,835.469527657669,66,35
18,4170,363.172269382529,86,68
33,3903,616.227871449001,76,43
24,1991,219.631998077253,89,65
1,2201,106.600546950741,73,72
44,3081,747.326186082046,72,28
46,3738,977.689110166337,76,30
36,2567,456.455352428574,84,48
75,4701,3008.12601132123,84,9
9,4378,271.134522118796,68,59
21,8540,836.635541153044,76,55
31,9047,1319.10869401727,52,21
88,5442,4383.1469330463,91,3
0,8725,563.91571082322,66,66
0,5802,374.995868675797,72,72
66,5382,2744.07382197235,95,29
78,8201,5590.74655979857,89,11
84,7941,6029.478160669,86,2
16,3205,258.300158199537,68,52
75,2168,1387.28295948616,80,5
70,2925,1660.8622638009,70,0
6,5264,293.71553082308,66,60
84,3818,2898.94819511828,92,8
3,8992,457.711003888893,34,31
69,5936,3284.25655098241,80,11
41,4539,981.368540338779,86,45
78,9372,6389.03508821268,92,14
84,5417,4113.04409977887,88,4
91,2033,1703.42899818622,93,2
47,9187,2494.1962236302,67,20
5,1273,68.769128528487,61,56
68,6862,3696.93263756196,68,0
35,3137,536.185618764858,61,26
2,4324,214.387779772782,58,56
20,6596,621.253655344475,64,44
80,5694,4034.76606582685,80,0
58,7285,2909.53088875663,85,27
11,4463,297.461286521013,85,74
48,6077,1712.00853110206,91,43
70,6295,3574.40271816297,75,5
9,9529,590.141813903611,84,75
70,5464,3102.54749039594,89,19
88,8876,7148.9915798822,90,2
38,9946,1913.31237190068,76,38
86,1944,1521.97230906039,91,5
10,3754,241.127962150032,62,52
80,3895,2759.99540330094,90,10
50,9919,3005.90094398328,73,23
59,4889,2016.97255917945,67,8
23,7960,843.961705669503,54,31
23,5543,587.698459111314,75,52
96,2413,2180.38981003191,97,1
88,7657,6167.17311031524,90,2
29,6135,825.964607381683,83,54
10,5958,382.695897306843,85,75
87,7753,6158.17022551308,89,2
38,4267,820.842940971266,79,41
71,9918,5775.74031433276,83,12
92,2229,1891.97043411205,98,6
38,4272,821.804791148171,72,34
25,5481,629.128221152731,65,40
69,3496,1934.2589121015,87,18
84,9351,7100.06929611079,92,8
97,3594,3310.79943131279,98,1
64,1094,526.559427587822,84,20
38,3962,762.170080180022,82,44
8,8480,506.758443006913,60,52
0,8833,570.895985524528,62,62
47,3010,817.190664322075,73,26
52,2982,970.680715446855,82,30
8,4074,243.459185944595,72,64
69,4856,2686.71661246135,76,7
93,2464,2119.41993744274,93,0
72,5471,3265.35793724762,84,12
87,8431,6696.70233087847,88,1
13,3659,262.910853352105,64,51
66,9306,4744.76978581842,82,16
97,2353,2167.58794153562,98,1
28,9170,1186.28755501245,42,14
50,7096,2150.40559517143,67,17
26,4910,586.491662860769,57,31
65,5001,2478.16735681888,66,1
24,5565,613.888533048675,76,52
56,2852,1065.90133166578,78,22
94,2200,1919.36191157164,97,3
47,7971,2164.06205492068,87,40
82,3030,2225.5222477464,85,3
80,7507,5319.45712261365,87,7
75,6530,4178.48603572168,77,2
7,6118,353.073283523175,67,60
50,4109,1245.21090622314,69,19
32,3946,598.729660814417,89,57
37,1432,264.867406794487,46,9
59,3281,1353.5870252951,78,19
75,9484,6068.72305708797,85,10
61,8466,3720.98273872341,92,31
55,1062,383.684950709125,64,9
4,4027,210.957695487295,81,77
59,5445,2246.35213432851,68,9
86,1375,1076.497903785,91,5
96,7430,6713.75726835355,96,0
8,9886,590.779949005465,60,52
82,1705,1252.31532422693,82,0
23,7159,759.035408403012,75,52
84,7914,6008.97747935203,85,1
31,3172,462.497267317649,80,49
90,5995,4958.66969264102,91,1
92,1218,1033.83579575975,93,1
80,8808,6241.34518928747,97,17
56,4445,1661.2662760359,89,33
16,7315,589.536866530301,74,58
81,1546,1115.71809711239,89,8
30,8896,1246.39828180123,43,13
62,2943,1334.03443826619,67,5
47,8298,2252.83991114438,84,37
38,2209,424.945408156908,62,24
68,7119,3835.39251629315,85,17
15,7764,602.113195923758,83,68
31,2482,361.890989118034,68,37
59,8722,3598.28894685276,83,24
63,6974,3258.45070458612,77,14
20,2234,210.412472110303,73,53
41,9789,2116.46103577359,80,39
4,7132,373.615665312985,64,60
83,8065,6024.83367442775,87,4
17,1596,133.697618878427,47,30
74,2156,1348.89096851655,82,8
14,1293,96.5105886548716,31,17
70,7900,4485.74765265885,95,25
66,4158,2120.00352132312,78,12
33,3359,530.338052830437,54,21
67,9505,4983.2315748017,79,12
42,4376,983.322780676312,77,35
54,8622,3009.88512516558,87,33
41,7360,1591.29157455241,71,30
34,2703,444.059855242069,70,36
62,5445,2468.1676915934,86,24
12,2508,173.533142815399,84,72
71,7097,4132.93295128248,85,14
45,4161,1048.20674305008,74,29
88,7282,5865.13707578889,89,1
52,7741,2519.79859767743,64,12
35,3905,667.454523837032,67,32
69,2270,1255.94042633593,69,0
42,1462,328.523287328329,83,41
59,4368,1802.03234577538,76,17
17,4974,416.67415808352,79,62
56,9126,3410.73476605256,69,13
35,8046,1375.2468882952,82,47
65,1005,498.012036313333,91,26
38,7882,1516.26061887404,64,26
53,2168,730.982494479389,77,24
45,3251,818.96662380577,86,41
70,9293,5276.71556153907,81,11
85,2780,2144.05019632957,92,7
84,2684,2037.91957980552,85,1
92,9333,7921.83044484869,93,1
7,4046,233.49697697528,77,70
28,4503,582.535753568272,86,58
18,8727,760.049015563868,78,60
62,2160,979.107844599035,82,20
44,4111,997.162593633006,84,40
54,2589,903.803362219169,81,27
3,8854,450.686524514264,79,76
59,8995,3710.91596846372,90,31
39,6721,1344.50018191142,64,25
42,1782,400.429889205939,72,30
15,9825,761.947726680954,84,69
64,7558,3637.78441838095,80,16
34,1062,174.469687853155,91,57
31,9236,1346.66606587194,40,9
98,5946,5575.21704070014,98,0
54,4340,1515.0662773392,69,15
19,1976,178.954620699798,59,40
54,3868,1350.29409233826,84,30
48,5331,1501.84589095032,82,34
96,4098,3702.95791193982,97,1
15,5495,426.147863421052,54,39
26,8331,995.124652401847,67,41
12,2227,154.090234868379,79,67
57,4635,1791.16297430099,81,24
62,2208,1000.86579670124,77,15
98,9915,9296.71660924013,98,0
59,9982,4118.10596967258,85,26
55,7235,2613.89888736396,69,14
38,2431,467.651556011518,75,37
1,8629,417.926451448405,77,76
96,6669,6026.11671906458,98,2
66,5033,2566.13220847024,93,27
2,2494,123.654746242673,81,79
65,6010,2978.16153059018,95,30
50,2010,609.119961428208,64,14
72,3087,1842.47120312254,89,17
40,3044,633.114527698998,78,38
13,1237,88.8824065582272,80,67
46,2272,594.250844916511,64,18
36,4740,842.850942933947,87,51
45,4444,1119.49790101287,68,23
88,6835,5505.11012263349,93,5
90,6927,5729.55879248113,90,0
84,2440,1852.65416345956,87,3
69,2294,1269.2190916364,79,10
73,6943,4244.18783914692,82,9
41,6013,1300.059271438,79,38
54,6434,2246.06830147475,88,34
31,4909,715.762637220157,69,38
28,8253,1067.6587995112,77,49
3,5391,274.41281383063,86,83
11,4276,284.997638620626,77,66
14,2660,198.544598470192,60,46
61,5075,2230.56784774643,79,18
44,5351,1297.93652117008,87,43
8,3379,201.926506948156,71,63
41,8909,1926.19791272927,69,28
56,1855,693.284351416557,80,24
60,5362,2283.86971689269,76,16
80,4668,3307.74288642074,87,7
87,6963,5530.67706439411,87,0
10,9559,613.996321308512,76,66
30,1897,265.784345838235,89,59
18,5743,500.167468360639,83,65
74,7832,4900.05290603972,93,19
98,1287,1206.74475805265,98,0
98,2460,2306.59837203537,98,0
34,3090,507.6377923411,81,47
48,5997,1689.47098256032,77,29
30,7383,1034.41530064506,81,51
12,7589,525.096898256006,76,64
62,3849,1744.71578419523,74,12
95,2370,2100.89684992452,96,1
64,4503,2167.36481026322,69,5
30,3775,528.906644986471,70,40
75,2212,1415.43814870082,84,9
10,2601,167.068148522172,88,78
67,7957,4171.6542494158,78,11
92,7251,6154.63329643179,93,1
0,7032,454.49344166291,22,22
64,2558,1231.20568169072,87,23
58,5225,2086.79463194968,87,29
58,7947,3173.92477322566,82,24
99,5104,4860.95238095238,99,0
38,6857,1319.08133260838,64,26
78,6547,4463.18957773458,78,0
28,1077,139.32733879481,58,30
87,1395,1108.0417212164,91,4
43,4736,1105.81185316102,82,39
87,2606,2069.93313655193,96,9
22,1914,195.061666781598,79,57
26,6001,716.809871451624,72,46
2,8237,408.397812670769,48,46
91,7327,6139.21508593725,98,7
4,7933,415.57670680425,76,72
82,8696,6387.17540145302,87,5
17,2665,223.248216986848,77,60
34,3085,506.816371965144,69,35
5,2125,114.795285249831,77,72
70,7604,4317.67406972378,88,18
13,6878,494.206299359326,29,16
33,2694,425.344064997082,81,48
88,5376,4329.98859096966,90,2
50,1833,555.481039451694,90,40
77,1372,916.426818556471,90,13
10,8571,550.534833134769,48,38
99,5080,4838.09523809524,99,0
69,9993,5528.90426448234,82,13
58,5049,2016.5026022419,89,31
91,4667,3910.42948083378,92,1
18,4689,408.372846794887,89,71
30,9265,1298.0980306754,82,52
42,5571,1251.84899706301,74,32
98,5647,5294.86219792023,98,0
10,1677,107.717525979117,70,60
63,1633,762.983940434347,91,28
50,4096,1241.27132438306,80,30
87,2276,1807.81574013514,87,0
55,7415,2678.93023494177,80,25
37,7724,1428.6563198887,77,40
3,6599,335.902459370863,61,58
4,7006,367.015052044696,86,82
59,6481,2673.75724198036,72,13
89,5105,4167.47746084659,93,4
7,3733,215.433567733248,75,68
17,2687,225.09116662051,78,61
15,6874,533.091976916527,74,59
24,4721,520.784863346414,86,62
60,6071,2585.8584578992,93,33
42,4541,1020.39962226945,80,38
11,5348,356.446999846377,70,59
3,6471,329.387000240772,74,71
2,3696,183.250979195236,90,88
18,1926,167.738558952218,76,58
30,8177,1145.66083074288,76,46
85,9354,7214.18904189454,90,5
8,8798,525.761884619673,66,58
14,4870,363.500825018735,88,74
19,7019,635.669272617349,68,49
6,5195,289.865536213127,78,72
48,6216,1751.16752169334,53,5
7,2939,169.611373042597,75,68
36,8373,1488.85884919535,87,51
70,1015,576.333400942878,81,11
54,1833,639.888591327824,87,33
25,3558,408.399600595041,84,59
42,4347,976.806244881154,87,45
61,9904,4353.01358898142,63,2
7,1328,76.6396404901563,74,67
45,9141,2302.72959342004,84,39
54,2355,822.115456943277,77,23
56,3245,1212.78044223543,69,13
62,1610,729.797976761318,78,16
56,6904,2580.28849713203,82,26
99,5814,5537.14285714286,99,0
73,3361,2054.54635278306,82,9
82,5662,4158.71517054129,97,15
49,6164,1801.35651587043,69,20
55,3826,1382.27742129295,56,1
12,8561,592.351369873457,70,58
47,4608,1251.03474458343,83,36
65,2241,1110.49251082406,87,22
83,9306,6951.90355539053,92,9
45,5614,1414.23519718413,65,20
92,4097,3477.52484008841,92,0
84,7425,5637.6873621669,87,3
50,9030,2736.494155073,75,25
81,4903,3538.39963139849,87,6
91,1082,906.596249895469,95,4
4,2916,152.757049923256,40,36
72,1696,1012.25499206214,91,19
31,2347,342.207152078979,73,42
48,8390,2363.62540331517,87,39
87,6903,5483.0193559547,88,1
48,7755,2184.7336117651,82,34
90,6938,5738.65726898139,96,6
76,5366,3509.36653401839,89,13
3,4994,254.204710122457,71,68
49,8020,2343.75069066853,90,41
97,2502,2304.84701645649,97,0
18,1264,110.083872541851,88,70
57,4233,1635.81291698298,77,20
8,4123,246.38738921197,65,57
76,7545,4934.43356302064,87,11
98,6335,5939.95962879841,98,0
43,8923,2083.43732385046,84,41
52,9304,3028.57591432513,83,31
85,6097,4702.25685144655,87,2
19,3769,341.336014887418,78,59
79,4020,2794.99116458922,84,5
30,3759,526.664921458051,87,57
25,7355,844.232451483003,72,47
56,7820,2922.63268359972,93,37
42,1790,402.227554252879,79,37
22,5065,516.189833985786,87,65
56,8466,3164.0675574623,68,12
75,6353,4065.22538819906,80,5
81,5591,4034.91583502937,81,0
78,5550,3783.51949846142,80,2
82,4865,3573.32202484694,97,15
9,9866,611.012607406131,71,62
14,2620,195.55896541049,80,66
10,4688,301.120907447882,28,18
83,4661,3481.92805412371,83,0
52,1414,460.275832207194,78,26
37,9473,1752.15708419286,72,35
4,2362,123.735305870621,8,4
44,3587,870.061353286693,91,47
66,7227,3684.76802515685,85,19
89,4053,3308.67505363589,93,4
77,5820,3887.46653352672,82,5
83,4414,3297.41051939542,88,5
66,9344,4764.14451737452,67,1
49,7751,2265.1386039117,90,41
60,4755,2025.32646471927,70,10
74,7122,4455.8448412685,82,8
77,7645,5106.47451010512,91,14
98,4597,4310.33850253927,99,1
22,1117,113.836928837537,76,54
99,2253,2145.71428571429,99,0
33,4779,754.535741136248,84,51
98,6416,6015.90859958494,99,1
40,1671,347.547429627144,74,34
90,2581,2134.83344065162,93,3
95,6235,5527.04297859889,97,2
39,2440,488.108978405573,86,47
69,9581,5300.95384349098,82,13
31,7058,1029.10016164186,33,2
36,1902,338.207277101343,39,3
15,8542,662.448598606484,81,66
89,9096,7425.53868439973,96,7
62,7332,3323.52718361117,92,30
78,5840,3981.21691369634,96,18
12,5547,383.807154384776,86,74
36,3777,671.613504527747,66,30
0,6484,419.07501077109,2,2
50,8009,2427.08545824802,74,24
54,3981,1389.74167052704,64,10
62,6735,3052.91265434005,65,3
90,2080,1720.4391927762,94,4
45,1850,466.037605057113,53,8
33,5681,896.948638919235,72,39
21,6140,601.515482749379,74,53
94,8471,7390.41579678334,95,1
69,4407,2438.29491579843,91,22
68,2087,1124.38041599997,71,3
30,3254,455.910522592312,70,40
34,5572,915.390866965894,74,40
32,3261,494.794076005022,72,40
66,3275,1669.79594332208,77,11
41,3020,652.948444992974,66,25
40,9761,2030.16783997041,67,27
8,9765,583.54907971256,83,75
23,1813,192.223941253619,66,43
2,7064,350.239425604748,70,68
1,2671,129.363953160122,88,87
9,4478,277.327635917764,65,56
83,5557,4151.27101410973,85,2
46,3330,870.975049987667,90,44
88,5740,4623.16490181657,92,4
36,2118,376.615674500865,83,47
70,5645,3205.3222150961,80,10
14,5021,374.771589819111,69,55
93,3820,3285.78902639256,99,6
31,5759,839.697907466059,86,55
4,9873,517.205196808063,67,63
61,8886,3905.5814571576,66,5
69,6139,3396.57192831553,74,5
73,9220,5636.09561816716,93,20
61,8004,3517.92414844581,72,11
85,4705,3628.68927112613,89,4
85,7259,5598.4389838692,87,2
27,8520,1059.10988887909,90,63
12,6477,448.155568586659,80,68
32,2904,440.626187279541,83,51
91,4961,4156.76894245048,93,2
75,7797,4989.2275069712,80,5
16,1193,96.147297576302,71,55
92,2608,2213.66482376143,93,1
8,1139,68.0657861538767,57,49
77,6146,4105.21809537031,78,1
52,6034,1964.1473631812,80,28
92,3069,2604.96063808429,94,2
27,1836,228.230722533099,51,24
60,2269,966.449158453845,65,5
60,3640,1550.40764071044,84,24
48,9016,2539.9817206543,73,25
45,3412,859.524491056686,79,34
86,9842,7705.37626840142,88,2
63,1253,585.437156989735,77,14
62,2391,1083.81798909088,71,9
70,3204,1819.28297204037,84,14
82,6025,4425.33714279605,87,5
18,1321,115.048097806792,88,70
78,4968,3386.76123754168,83,5
35,7722,1319.86781896788,85,50
93,9804,8432.95173161063,94,1
9,3702,229.269072837776,62,53
15,3466,268.794994470859,21,6
76,4330,2831.82204478189,81,5
52,9501,3092.70203804848,91,39
81,1497,1080.35575121427,89,8
52,8807,2866.79579508399,80,28
0,2653,171.469155394155,77,77
37,6740,1246.65245935394,40,3
34,2800,459.995410535625,70,36
67,4644,2434.73197615772,76,9
84,9092,6903.41461236652,92,8
32,5648,856.975449640099,59,27
14,7507,560.328684479599,73,59
79,9275,6448.64255014056,79,0
44,1766,428.360287121355,66,22
15,4290,332.697786001149,80,65
82,5067,3721.6901746967,84,2
95,6071,5381.66446240158,96,1
40,5826,1211.73628067489,63,23
88,7269,5854.66649325865,90,2
28,2920,377.749145107563,61,33
9,9305,576.269238993924,73,64
62,8446,3828.49298864975,74,12
50,6259,1896.75713362147,75,25
49,5656,1652.89948957871,62,13
85,9102,7019.83629028481,86,1
87,2494,1980.97208079835,91,4
67,9378,4916.64868053555,76,9
36,5117,909.887821728483,54,18
43,4018,938.165546030611,87,44
32,8710,1321.57510027714,83,51
73,4594,2808.26716592841,90,17
90,5144,4254.77846521191,91,1
86,8592,6726.74181041506,90,4
74,5656,3538.64903429018,76,2
51,6430,2019.89882009286,82,31
52,8281,2695.57578960946,82,30
66,8234,4198.1984113936,88,22
93,3310,2847.11038674329,96,3
74,7151,4473.98855095634,75,1
66,3324,1694.77914980232,74,8
76,8393,5489.02596347677,93,17
68,8412,4532.0019450847,70,2
19,6465,585.496772684308,68,49
45,5221,1315.23369513686,64,19
80,3427,2428.37079515079,95,15
52,5505,1791.95081775149,79,27
82,9397,6902.05695117917,90,8
4,2237,117.187078421922,66,62
36,2412,428.893770961325,82,46
0,5983,386.694292017803,21,21
24,6473,714.052196662008,64,40
23,4798,508.709580879683,84,61
94,8308,7248.20852788054,98,4
88,4283,3449.65422900355,92,4
14,4780,356.783150634405,73,59
9,7039,435.933280309321,83,74
46,8012,2095.57120135171,87,41
21,2667,261.277164901074,74,53
90,9663,7992.59803836367,96,6
11,8641,575.927173835554,76,65
86,4851,3797.88460455347,92,6
56,8153,3047.08750247935,73,17
66,6387,3256.48448549562,69,3
48,6284,1770.32443795382,72,24
90,4494,3717.14121746935,91,1
49,6083,1777.68521837116,92,43
6,1138,63.497012552558,89,83
66,9057,4617.81430799026,75,9
44,5544,1344.75052763352,85,41
75,5736,3670.4128485298,90,15
94,5031,4389.23171687133,94,0
45,4749,1196.33112779256,87,42
68,7455,4016.4139919884,80,12
49,1254,366.466753877598,90,41
84,1775,1347.72997546751,90,6
75,4180,2674.74297539305,86,11
27,1249,155.261531832157,72,45
63,2274,1062.47733040276,73,10
35,8810,1505.83210115346,56,21
68,9379,5052.9774421005,93,25
61,3225,1417.45444511966,76,15
97,2400,2210.88442825562,97,0
41,6376,1378.54280969378,84,43
62,1535,695.801176601629,77,15
95,4997,4429.61247218262,96,1
15,9658,748.996554125664,72,57
73,2915,1781.91092483268,86,13
12,2236,154.712961457429,64,52
2,1888,93.6087253031944,73,71
99,7094,6756.19047619048,99,0
74,4850,3034.3790340006,93,19
73,6420,3924.48306601228,91,18
26,3795,453.306692577723,73,47
2,2663,132.033917098732,75,73
8,2985,178.381362308448,79,71
97,2442,2249.57490575009,97,0
4,2503,131.121706432754,56,52
53,9566,3225.35910617612,81,28
28,1458,188.615840262612,83,55
39,7428,1485.93175885107,75,36
33,2880,454.710804451223,68,35
63,8781,4102.732382703,68,5
54,1366,476.861874388329,79,25
66,8668,4419.47824021857,83,17
31,4147,604.658312599713,85,54
68,4768,2568.78094081834,92,24
58,2346,936.960805082093,74,16
5,2048,110.635644325484,44,39
9,9096,563.325631154082,79,70
7,1029,59.3841792653394,76,69
49,7344,2146.19763993388,87,38
87,3048,2421.01158872228,87,0
38,1611,309.908126998994,78,40
82,2199,1615.15624514664,84,2
32,6277,952.414110727851,91,59
62,5475,2481.76641165728,90,28
83,2544,1900.45590424602,89,6
56,2923,1092.43674349897,81,25
52,9310,3030.52899423549,61,9
51,7358,2311.41765447018,84,33
41,7773,1680.58551752662,77,36
18,2949,256.833338707213,72,54
30,3286,460.393969649151,70,40
10,2348,150.817382825859,62,52
47,2667,724.068937457466,75,28
80,7174,5083.4934591222,86,6
28,1332,172.315705918929,39,11
78,3770,2570.06639805397,86,8
22,2233,227.571944578531,44,22
97,9297,8564.41355395521,99,2
32,5580,846.657756549531,61,29
35,8061,1377.81073409739,84,49
10,9451,607.059235556727,69,59
94,8640,7537.85768908135,95,1
48,2558,720.638114622194,81,33
6,9341,521.199994950303,74,68
21,9186,899.922023540031,58,37
85,3683,2840.48088959778,85,0
29,7496,1009.19815760931,85,56
98,5631,5279.85993208585,98,0
18,2940,256.04951366538,55,37
89,4264,3480.9253463369,92,3
12,9908,685.552782701345,73,61
49,3797,1109.62860005841,63,14
76,5224,3416.49846696088,89,13
43,6018,1405.14690293983,60,17
94,5879,5129.05849005894,94,0
97,7611,7011.26724310564,99,2
22,7120,725.621247379821,57,35
17,1452,121.634675821727,81,64
75,7664,4904.12204866324,79,4
99,6445,6138.09523809524,99,0
17,2501,209.509865172272,82,65
94,8574,7480.2768317342,96,2
3,8758,445.799930166695,74,71
15,1282,99.4215761430008,46,31
50,6222,1885.54447761508,88,38
64,2480,1193.66305339835,68,4
46,1497,391.546441390852,78,32
49,1917,560.22070748274,65,16
68,2927,1576.9341052381,86,18
51,6604,2074.55860153861,58,7
91,3136,2627.62092391145,94,3
28,9349,1209.44409507212,77,49
46,5877,1537.15326389715,75,29
53,4887,1647.74513400405,58,5
32,1826,277.060405637893,71,39
1,6530,316.266047972892,78,77
69,8465,4683.49590701922,74,5
63,6446,3011.75412127361,73,10
73,9795,5987.58748155611,85,12
98,7201,6751.95726708404,98,0
63,6085,2843.08467700123,79,16
36,6947,1235.29229969665,61,25
93,5730,4928.68353958883,94,1
18,2270,197.698093884494,86,68
73,1795,1097.26590397072,86,13
85,1070,825.22795326354,85,0
78,3936,2683.23112539534,83,5
39,5175,1035.23113247903,80,41
14,5997,447.621036475843,48,34
97,5653,5207.55403038709,97,0
5,6013,324.830141273993,82,77
37,8029,1485.07011812356,42,5
88,6543,5269.92473041565,90,2
1,1802,87.275868062351,75,74
12,3857,266.872939329743,55,43
23,1733,183.741914060961,89,66
29,6555,882.509861676761,89,60
7,5089,293.689104257835,68,61
16,8253,665.132981472942,32,16
96,3533,3192.42320714577,97,1
31,5648,823.513419233947,84,53
63,3613,1688.09612785627,79,16
55,1729,624.662222011373,81,26
51,2167,680.734174672042,86,35
28,6662,861.837261885816,48,20
67,6520,3418.27142216803,80,13
21,4683,458.778013960153,73,52
6,6524,364.019780222222,82,76
21,2791,273.425034585263,88,67
95,2545,2256.02636415945,99,4
22,7176,731.328380786179,83,61
68,2655,1430.39291062766,87,19
64,3848,1852.1029957568,80,16
71,9964,5802.52838193301,72,1
91,1830,1533.33746516516,94,3
49,2642,772.09343201325,82,33
56,7610,2844.14766268463,79,23
80,7017,4972.24332348208,86,6
21,4248,416.162503374489,52,31
47,5634,1529.58544943208,77,30
93,3690,3173.96898099176,97,4
33,2060,325.244533739417,91,58
38,7939,1527.22571089076,47,9
86,5212,4080.51423601993,93,7
92,1659,1408.15565284517,92,0
36,5089,904.908955398915,78,42
97,3195,2943.2398951153,98,1
64,7398,3560.77389880686,73,9
12,3080,213.110877141718,88,76
48,3253,916.433067578576,78,30
37,6909,1277.91125247424,72,35
6,8085,451.118933644492,73,67
44,4533,1099.52275284321,75,31
84,4488,3407.66880557643,93,9
93,5628,4840.94781165898,94,1
54,1833,639.888591327824,91,37
19,7132,645.90301357842,80,61
76,9144,5980.18031812601,81,5
88,7925,6383.0281963234,88,0
21,2843,278.519302517343,78,57
70,1188,674.565596374521,80,10
91,1592,1333.91980576117,91,0
46,1483,387.884684423937,84,38
95,7160,6347.01326812639,98,3
5,2641,142.670281574025,84,79
21,7327,717.801944968192,63,42
17,1986,166.36808965699,59,42
53,2131,718.507239730433,86,33
22,5141,523.935229322986,81,59
22,9120,929.44744046404,75,53
36,2846,506.066199069623,77,41
94,3729,3253.31844011393,96,2
81,1885,1360.36779628516,87,6
50,7941,2406.47841477682,70,20
36,6793,1207.90853488403,62,26
14,5997,447.621036475843,61,47
80,1861,1318.7038371099,89,9
43,6303,1471.69174629939,52,9
14,6635,495.241883778092,62,48
67,3136,1644.12564109186,80,13
53,8103,2732.08079002144,83,30
64,2460,1184.03673845159,69,5
45,4462,1124.03232095397,87,42
81,9646,6961.33037823167,85,4
40,7224,1502.50307099131,71,31
36,5709,1015.15528126791,50,14
9,9620,595.777547460671,86,77
79,4627,3217.02092501352,86,7
39,5893,1178.86320071477,55,16
67,5672,2973.68642738298,88,21
35,6841,1169.28460885253,81,46
38,3557,684.260215850666,51,13
3,7562,384.921108919908,79,76
22,6254,637.364505774354,68,46
74,1233,771.420484313966,81,7
51,9806,3080.42423481036,76,25
54,9416,3287.06545332395,83,29
61,4657,2046.8481708286,66,5
53,4655,1569.52191503762,65,12
48,8849,2492.93458807342,88,40
22,5779,588.955784916852,76,54
73,4803,2936.02681714283,80,7
22,7314,745.39238810899,84,62
20,7350,692.270219342312,79,59
27,9513,1182.54840057591,89,62
84,6430,4882.19929141187,86,2
39,5711,1142.45507199764,75,36
11,4579,305.192747250665,82,71
12,7422,513.541860436958,80,68
17,4905,410.893997868851,79,62
71,3638,2118.5867376026,81,10
14,9977,744.691525916206,61,47
26,1279,152.774508513019,91,65
27,9169,1139.78621726906,75,48
4,5594,293.046274784189,85,81
27,6599,820.312929191679,65,38
22,1152,117.40388721651,86,64
52,2405,782.859530734302,76,24
91,7084,5935.60797990712,93,2
96,5578,5040.28775812599,97,1
1,4194,203.127075834351,69,68
90,5461,4516.98001526482,91,1
31,8471,1235.12432265063,87,56
22,9519,970.110765984342,68,46
13,9549,686.126192582467,84,71
73,6313,3859.07501491207,87,14
18,4538,395.222004426359,75,57
64,6318,3040.95289168177,89,25
57,2821,1090.15550172667,80,23
28,2781,359.767250871278,59,31
80,2743,1943.68867554672,81,1
64,2450,1179.22358097821,89,25
44,3233,784.195248167237,52,8
41,5609,1212.71120131311,67,26
90,9069,7501.2803073497,90,0
57,9081,3509.28823508679,87,30
66,2140,1091.10330342267,78,12
34,2162,355.182170563579,80,46
42,7339,1649.1329724368,87,45
46,1992,521.015705578208,84,38
12,4870,336.964276519535,82,70
3,8005,407.470705752957,69,66
80,3498,2478.68136604536,91,11
79,6638,4615.21177874211,83,4
26,5964,712.390280509496,60,34
8,3103,185.432953850289,90,82
73,9437,5768.74559095917,88,15
94,1638,1429.05218688834,99,5
30,7539,1056.27210504715,89,59
19,4534,410.617535553079,80,61
70,2238,1270.77256286715,81,11
63,7058,3297.69788829493,71,8
64,2690,1294.73936033934,88,24
97,5898,5433.24848243819,98,1
72,5299,3162.70000173188,92,20
43,7887,1841.54098097149,88,45
26,7336,876.273490579756,76,50
48,2440,687.395230523125,65,17
97,4872,4488.09538935891,98,1
86,6646,5203.20368622189,90,4
88,3389,2729.60032269274,92,4
61,8559,3761.85816923384,72,11
70,6665,3784.4946968318,71,1
3,2902,147.717674965032,85,82
80,7706,5460.46844103647,94,14
87,4435,3522.69894881343,92,5
55,1359,490.986674212525,78,23
57,4902,1894.34323625102,75,18
55,8745,3159.43963648898,89,34
33,6515,1028.6253093749,79,46
75,3003,1921.5916639008,83,8
96,1055,953.299316031359,98,2
77,5525,3690.42140854556,83,6
24,9832,1084.59156458842,77,53
37,5814,1075.37646864745,85,48
92,8004,6793.77808642119,93,1
34,6388,1049.44667232199,80,46
76,9964,6516.46070535953,81,5
41,3099,670.028884448089,75,34
72,5003,2986.03285689085,95,23
73,4334,2649.33171465689,87,14
3,5933,302.001711084609,27,24
87,1131,898.347804082973,93,6
98,6953,6519.4221466512,98,0
44,4678,1134.69389759553,74,30
37,5343,988.258767110995,87,50
81,5499,3968.52122640431,85,4
47,4900,1330.31038378012,83,36
8,5374,321.14621140556,90,82
26,3660,437.181158059148,55,29
13,4015,288.490592022055,60,47
61,6138,2697.7784136882,69,8
39,7289,1458.12555065501,81,42
97,9290,8557.96514103947,99,2
26,7229,863.492511368737,44,18
75,1719,1099.97205136379,85,10
91,9188,7698.52712018445,93,2
19,5063,458.525933503581,71,52
86,8799,6888.8036766576,92,6
32,1783,270.535982065916,62,30
33,3707,585.28227503496,80,47
48,2302,648.517959288621,73,25
56,8017,2996.25910798196,93,37
7,3129,180.576381847665,60,53
6,3729,208.067100007459,73,67
25,7204,826.90014690463,52,27
45,5544,1396.60134185764,80,35
43,7178,1675.99608994717,75,32
85,4895,3775.22507591124,98,13
2,4948,245.32625677977,78,76
24,6676,736.445614848689,90,66
91,1716,1437.8180820893,93,2
66,5804,2959.23531451645,70,4
88,5563,4480.60389352013,97,9
31,2643,385.365787364611,69,38
71,4019,2340.46181924817,87,16
9,7096,439.463355174732,80,71
58,3130,1250.07984650765,84,26
12,5224,361.458189022187,82,70
20,8575,807.648589232697,73,53
27,3369,418.795917327893,77,50
43,3585,837.064082259767,82,39
8,2343,140.015923580802,71,63
89,8597,7018.17898744332,89,0
52,6860,2233.02136417352,63,11
4,1544,80.8837054463333,83,79
78,6986,4762.46256148675,81,3
31,3723,542.836483677051,68,37
40,7694,1600.25728518925,64,24
28,1630,210.866817303194,48,20
23,1301,137.938967220606,71,48
86,4328,3388.42394733198,90,4
96,3287,2970.13730027969,96,0
44,4668,1132.26830140571,78,34
70,8372,4753.75687950125,81,11
5,1652,89.2432052859863,86,81
4,1320,69.1492818582642,80,76
93,2060,1771.91764250489,96,3
21,5246,513.933260994013,79,58
11,3902,260.070342819851,63,52
99,5060,4819.04761904762,99,0
70,9555,5425.48339508295,78,8
68,1498,807.054079141331,78,10
41,7354,1589.9943259862,81,40
10,3519,226.03337741235,87,77
79,2869,1994.73374408121,95,16
32,8697,1319.60260012747,82,50
57,4884,1887.38726353528,86,29
87,6980,5544.18008178528,88,1
0,1273,82.276756433004,67,67
4,6241,326.939900058657,74,70
27,5955,740.258144163729,83,56
92,2017,1712.02528739524,95,3
79,1013,704.309962619125,79,0
58,5270,2104.76702590905,74,16
19,4359,394.768821675313,68,49
89,9323,7610.85061067048,92,3
34,5016,824.048921159534,47,13
91,2516,2108.12954227079,94,3
15,1694,131.372971908146,71,56
19,6661,603.247332227405,55,36
5,5487,296.41493184274,87,82
67,2120,1111.46248696261,81,14
72,4711,2811.75310589902,94,22
8,4692,280.390402663731,68,60
39,4514,903.001610050311,61,22
97,3958,3646.11690293156,97,0
31,5784,843.343062473291,85,54
39,6272,1254.68012809826,92,53
79,7736,5378.61981324931,80,1
43,6961,1625.32861272252,89,46
81,1897,1369.02796262756,90,9
72,6615,3948.15257811972,80,8
95,5034,4462.41128376372,97,2
33,1469,231.934087409322,75,42
18,7839,682.711611436366,81,63
54,2324,811.293554962282,87,33
68,5766,3106.45782398459,95,27
4,1934,101.314175086275,84,80
97,3423,3153.27391579958,98,1
24,8899,981.670090853577,67,43
80,2032,1439.87436701092,84,4
82,9883,7259.0219057682,84,2
43,1619,378.021408418009,82,39
18,2121,184.721434858596,84,66
45,9733,2451.86162703831,59,14
59,5870,2421.68724123202,75,16
1,4861,235.431739540004,13,12
1,5139,248.896052148958,70,69
19,2434,220.432969019893,52,33
98,5461,5120.4608575956,98,0
47,1231,334.206547435373,66,19
13,3328,239.127444644931,79,66
4,9152,479.435020883965,81,77
33,3313,523.075310814897,77,44
73,7890,4823.07965589359,84,11
26,1989,237.58287524034,78,52
22,2894,294.936501392865,66,44
89,3398,2773.96442937448,92,3
54,5583,1948.98963741584,92,38
5,2924,157.958312503768,86,81
13,5376,386.282795195658,88,75
50,2737,829.433499715923,65,15
54,3899,1361.11599431925,57,3
83,5795,4329.06523785602,90,7
97,4205,3873.65375867287,98,1
33,3506,553.547250140968,88,55
8,4367,260.968646298489,57,49
19,5403,489.317720466097,90,71
27,1771,220.150658826862,80,53
19,5825,527.535761931337,60,41
76,7801,5101.85768391306,87,11
1,8062,390.465065659641,63,62
48,3810,1073.35074930045,83,35
26,5736,685.156044433681,26,0
10,5122,328.997715005984,76,66
18,1386,120.709056442251,85,67
25,2615,300.158784585731,64,39
41,6517,1409.02815099974,67,26
84,2292,1740.28005846283,87,3
46,9803,2564.01453904778,72,26
5,2226,120.251437631117,89,84
57,9759,3771.2965407127,69,12
77,6344,4237.47211145937,91,14
68,5246,2826.30554017051,68,0
56,8224,3073.62291431254,56,0
49,9543,2788.82953130297,88,39
58,6865,2741.78854513579,73,15
4,6909,361.933627544506,66,62
84,3039,2307.46557489902,95,11
46,4088,1069.23303433921,74,28
3,3916,199.332327761222,71,68
1,4500,217.947506260033,1,0
90,6584,5445.85175251851,94,4
12,4899,338.970839973142,81,69
25,3965,455.116474524827,62,37
32,7221,1095.64796774985,67,35
14,5170,385.893072966501,78,64
40,1268,263.728390644655,67,27
16,3061,246.694784476999,84,68
53,1275,429.890535268091,75,22
30,1834,256.957559445083,71,41
99,4273,4069.52380952381,99,0
21,4573,448.001677949985,73,52
63,8260,3859.30639803289,79,16
46,2513,657.285375561264,86,40
77,7448,4974.88844359227,79,2
68,4924,2652.82662596256,83,15
98,9980,9357.66331419229,98,0
28,6192,801.035173460969,66,38
81,5304,3827.79352334032,81,0
83,6659,4974.50309212825,93,10
2,9109,451.632351052329,62,60
66,6351,3238.12947665299,83,17
44,3834,929.973579175127,57,13
18,5866,510.879743932354,62,44
95,5415,4800.15039761235,95,0
85,8901,6864.81683364371,87,2
44,3976,964.417045070502,76,32
3,3173,161.512123592022,79,76
81,7908,5707.04961964089,94,13
74,4040,2527.60645306441,81,7
82,6560,4818.29239116051,87,5
65,7853,3891.43136434687,93,28
58,9847,3932.75918484372,64,6
47,5859,1590.67113031995,88,41
7,5189,299.46016152366,65,58
80,5537,3923.51593018673,97,17
89,2473,2018.83873862363,90,1
46,2192,573.326519391281,70,24
56,1982,740.74910216044,76,20
27,6566,816.210743002358,88,61
56,1670,624.142785372318,81,25
77,5782,3862.08444963084,85,8
59,3813,1573.06532381903,62,3
30,7544,1056.97264364978,81,51
11,6528,435.094617613528,65,54
15,9702,752.408839110291,91,76
18,7091,617.567041292929,87,69
34,4805,789.384981294171,90,56
34,4090,671.921867532395,69,35
58,9077,3625.23155487219,77,19
71,9436,5495.04795382577,86,15
38,9228,1775.19068649703,79,41
90,2954,2443.35450743312,94,4
38,4999,961.65780687025,70,32
1,1586,76.8143877618694,61,60
27,8271,1028.15702945058,54,27
62,4420,2003.54475607766,83,21
88,4040,3253.93487863048,92,4
77,6584,4397.78000974913,90,13
14,1040,77.6264595522556,88,74
44,4088,991.583722396432,83,39
51,2656,834.347008735092,82,31
49,6651,1943.67653910678,73,24
77,9363,6254.01188202933,87,10
18,4897,426.487914428356,61,43
43,1240,289.528441283713,89,46
56,4383,1638.09450795621,87,31
88,6740,5428.59432722015,88,0
38,5985,1151.33466175604,82,44
99,3657,3482.85714285714,99,0
33,1126,177.779293684749,74,41
58,4039,1613.12220448703,67,9
61,9492,4171.93103661264,88,27
65,4356,2158.54769172227,83,18
14,7370,550.102891250119,90,76
23,7686,814.910762534648,69,46
86,5077,3974.82171455741,95,9
74,4585,2868.58306616345,78,4
37,1108,204.939306374505,74,37
24,4628,510.525809694388,72,48
16,5907,476.062101243266,85,69
75,6979,4465.79694384405,80,5
76,4406,2881.52608067183,90,14
32,1576,239.127710451982,75,43
96,7239,6541.16943009574,96,0
7,6358,366.923820961155,70,63
41,6055,1309.14001140148,84,43
14,2234,166.747606384364,78,64
59,7533,3107.76320071564,61,2
16,5513,444.308509252433,86,70
13,5747,412.940331843275,63,50
71,2512,1462.86143069206,76,5
36,8502,1511.79719764228,39,3
70,8537,4847.44654566438,76,6
79,5616,3904.64437321718,87,8
46,9952,2602.98609533852,79,33
65,3835,1900.37428782252,65,0
27,2297,285.537020511181,76,49
82,6924,5085.64885920662,86,4
90,5332,4410.27969994361,90,0
59,2750,1134.52127996389,75,16
54,6111,2133.31106470504,57,3
89,8908,7272.06448995523,89,0
16,2096,168.922661961382,61,45
52,9322,3034.4351540562,80,28
78,8711,5938.42132452205,93,15
34,4449,730.89985052607,88,54
83,2325,1736.8553370173,88,5
21,4748,465.145848875252,67,46
76,2816,1841.66532981658,79,3
94,7104,6197.79409991133,94,0
20,1650,155.407600260519,37,17
28,4813,622.639258699555,78,50
36,5264,936.026869958713,38,2
18,6975,607.464407420417,73,55
50,1436,435.1722709507,59,9
92,9928,8426.86517266236,94,2
88,7257,5845.0013401538,89,1
57,3626,1401.24205929135,75,18
1,9802,474.738101413521,68,67
55,7180,2594.02819782629,88,33
33,6208,980.15440070597,68,35
45,7865,1981.2896020401,90,45
53,7203,2428.62864747926,87,34
48,3083,868.540776927375,92,44
15,5813,450.809377628131,76,61
87,5756,4571.96282962121,88,1
33,7229,1141.35569631177,74,41
21,3331,326.327047726088,61,40
59,7281,3003.79979615168,78,19
75,5956,3811.18879460311,76,1
5,4263,230.292847538838,74,69
74,4829,3021.24048560595,86,12
47,5477,1486.96121876811,86,39
88,4360,3511.67229475962,92,4
94,6716,5859.28845368869,95,1
87,5087,4040.57938052174,87,0
85,6332,4883.4985047334,88,3
80,6853,4856.03299071152,83,3
76,6258,4092.73495525291,80,4
15,3533,273.990973879268,78,63
56,6666,2491.3388067616,82,26
83,5755,4299.18385571379,91,8
65,1041,515.851273435005,79,14
62,4296,1947.33671314697,71,9
53,3147,1061.07099175583,79,26
24,1110,122.446769395153,83,59
12,4350,300.984518041063,75,63
9,5618,347.929133225993,75,66
64,5300,2550.97346089164,75,11
92,3746,3179.59679057144,94,2
35,8308,1420.0287283068,81,46
35,3551,606.947762905327,85,50
49,8851,2586.60066871661,63,14
43,6493,1516.05497520576,79,36
96,1960,1771.05844494926,97,1
86,5221,4087.56040411744,88,2
48,2225,626.825568817194,86,38
87,4208,3342.39395188431,90,3
62,6788,3076.93705978623,92,30
43,1435,335.059123582361,81,38
91,3151,2640.18926378985,95,4
24,6812,751.448101909717,79,55
0,8600,555.836689178189,72,72
2,2734,135.55416047613,77,75
16,3774,304.157502978176,78,62
21,1377,134.900133509103,30,9
62,2101,952.36369514008,92,30
62,3310,1500.39211371426,78,16
63,3409,1592.78153884917,80,17
44,5614,1361.72970096222,93,49
96,1387,1253.29493017583,96,0
92,2073,1759.55796766006,97,5
94,5904,5150.86942087225,96,2
40,8088,1682.2044349637,81,41
67,7359,3858.13794413106,94,27
66,9407,4796.26578284911,71,5
22,6316,643.683117759965,67,45
30,2032,284.698888109274,35,5
33,3421,540.126965981817,56,23
62,3236,1466.84860422337,67,5
55,1133,409.336204475931,89,34
38,5675,1091.69995078789,74,36
67,5474,2869.88002529874,81,14
80,4972,3523.15716180033,92,12
23,4669,495.032312031521,69,46
70,5841,3316.61418217473,70,0
82,2017,1481.47801112359,92,10
36,5929,1054.27494528594,82,46
11,3632,242.07470146635,85,74
68,1514,815.674149412534,88,20
67,6267,3285.62990839372,69,2
19,4792,433.98306801287,89,70
87,3488,2770.50145061133,96,9
93,9976,8580.89825321783,98,5
94,7159,6245.77814770062,94,0
72,1325,790.824212548546,79,7
24,9645,1063.96314487951,35,11
85,2588,1995.97190938882,90,5
49,5435,1588.31483837699,80,31
46,8356,2185.5458011102,82,36
55,6449,2329.92866960749,85,30
29,3357,451.958139687092,81,52
9,9982,618.196619412933,87,78
65,3704,1835.45928607421,69,4
20,4474,421.390062767007,63,43
39,4866,973.417331525213,71,32
89,4848,3957.67497163257,99,10
36,6444,1145.85052241906,67,31
75,9244,5915.14929773526,96,21
27,3784,470.384016375407,77,50
39,1178,235.652613344986,79,40
57,6104,2358.84763649045,91,34
6,6335,353.474142812351,46,40
22,3175,323.574081521198,55,33
7,9946,573.989355658956,61,54
12,6784,469.397464457603,83,71
83,7155,5345.03223069194,84,1
75,3713,2375.91403531923,92,17
33,3912,617.648842712911,84,51
5,6095,329.259888751868,78,73
95,3059,2711.66390882663,95,0
18,4952,431.277956350667,88,70
45,6047,1523.31318798938,57,12
45,5652,1423.80786150422,74,29
80,5606,3972.40930190118,92,12
93,2345,2017.06158819124,93,0
85,5354,4129.22473062897,97,12
66,8154,4157.40950285443,68,2
55,4840,1748.62067931466,82,27
67,2595,1360.4929970132,68,1
83,7115,5315.15084854971,87,4
49,2601,760.111664143249,62,13
74,5688,3558.66967946297,86,12
23,2062,218.624250890768,66,43
96,8611,7780.91034156022,97,1
36,2922,519.580264821307,69,33
56,8959,3348.32048751533,70,14
49,5118,1495.67531606503,81,32
61,1732,761.249953161936,88,27
69,6550,3623.96907158605,92,23
49,4902,1432.55185606698,89,40
20,2294,216.063657574322,70,50
32,5921,898.397952783113,90,58
61,8003,3517.48462768763,76,15
44,2363,573.168379653319,91,47
32,6454,979.270458919475,82,50
61,6109,2685.03231170108,81,20
96,7934,7169.17229705479,99,3
62,9584,4344.33776973942,76,14
17,3030,253.824426818067,73,56
18,9247,805.336684647541,48,30
93,2827,2431.65591036957,97,4
49,5882,1718.94533198408,85,36
88,4772,3843.5092180259,96,8
24,9959,1098.60124000571,72,48
25,1282,147.152413705127,60,35
41,3897,842.562943754179,69,28
88,6880,5541.35444677665,90,2
83,4666,3485.66322689149,88,5
97,9701,8936.57909937824,97,0
50,3287,996.108116027125,69,19
60,8504,3622.16114741803,76,16
48,6756,1903.2959743501,91,43
57,5503,2126.59543637073,74,17
2,3916,194.158775575905,84,82
31,8123,1184.38376494996,42,11
13,8442,606.584701830682,50,37
34,5917,972.06887290689,80,46
73,4817,2944.5848799036,83,10
41,6611,1429.35171187038,72,31
73,3216,1965.90927418933,91,18
39,4646,929.407505603399,90,51
79,5286,3675.20480000464,97,18
60,4375,1863.47072200775,67,7
29,3311,445.765088026202,40,11
26,6112,730.068644278008,78,52
49,6080,1776.80850364896,85,36
62,7985,3619.52599033486,71,9
30,6275,879.175946302014,73,43
5,9150,494.294992958096,74,69
27,9495,1180.31084447265,63,36
77,8599,5743.69840580692,78,1
16,5990,482.751309708339,83,67
88,2397,1930.61433269239,92,4
36,7174,1275.65668029708,79,43
99,3728,3550.47619047619,99,0
16,8287,667.873139157431,69,53
94,1804,1573.87676748874,95,1
71,7240,4216.20890056152,81,10
36,8954,1592.17032553387,57,21
95,9040,8013.5474781931,95,0
5,6330,341.954896767732,67,62
69,2129,1177.92826769568,77,8
67,4819,2526.48005880793,78,11
86,9860,7719.46860459642,87,1
43,1557,363.544986353823,71,28
58,8262,3299.73153094129,76,18
24,7972,879.410491547895,70,46
72,9731,5807.93238664898,82,10
61,4612,2027.06973671065,76,15
20,5530,520.85092693374,36,16
3,6013,306.073873040916,89,86
51,4873,1530.78801715591,85,34
5,2692,145.425368420021,71,66
16,6374,513.69897296844,63,47
16,8184,659.572073230893,64,48
4,5819,304.833084191848,61,57
61,4764,2093.8768919535,69,8
69,8457,4679.0696852524,76,7
26,7829,935.161553673516,79,53
75,1007,644.369898617417,88,13
8,9249,552.713306529592,76,68
87,7916,6287.64033344015,91,4
75,2480,1586.92884664468,87,12
34,6088,1000.1614497646,78,44
2,6206,307.69901972014,86,84
10,1640,105.340931786375,59,49
25,7964,914.13558716664,58,33
39,7718,1543.94471120255,91,52
25,7730,887.276254243863,49,24
69,7726,4274.62367130898,93,24
64,4622,2224.64138419645,78,14
74,2255,1410.82983951986,90,16
16,4821,388.538241085794,87,71
5,5444,294.092015482391,78,73
21,4032,395.001698118159,86,65
79,3359,2335.41674673015,95,16
43,4221,985.564153756897,73,30
34,9375,1540.16320491839,74,40
39,3615,723.161457760716,76,37
45,8931,2249.82802744058,84,39
28,6044,781.888983914421,68,40
52,5474,1781.85990488132,84,32
44,2166,525.384134713961,86,42
78,5211,3552.41803720404,81,3
69,9489,5250.05229317252,88,19
60,9750,4152.87760904583,75,15
39,7410,1482.33095491201,84,45
95,3511,3112.34128273628,98,3
82,1379,1012.86969625158,89,7
32,6256,949.227764332234,61,29
20,1591,149.8506012209,64,44
59,5556,2292.14553871978,81,22
20,1880,177.070477872591,72,52
44,3707,899.168507564474,56,12
44,6174,1497.56308759187,80,36
97,3869,3564.12993871708,98,1
90,5150,4259.74127057569,95,5
39,1335,267.059625480099,79,40
9,8173,506.163190789612,68,59
72,8129,4851.78115004312,80,8
55,6965,2516.35186599723,76,21
26,8910,1064.28527822596,87,61
84,9830,7463.76656836372,98,14
1,4909,237.756512940111,84,83
85,1389,1071.25385708697,93,8
48,6322,1781.02977351115,54,6
49,3420,999.454783302541,79,30
44,2623,636.233880588513,80,36
25,1684,193.295370264769,70,45
94,4135,3607.52795652215,94,0
64,4342,2089.87297494179,78,14
8,7204,430.505639554458,89,81
63,2130,995.196444044801,67,4
99,6236,5939.04761904762,99,0
52,3953,1286.75414760611,64,12
94,3892,3395.52570901674,97,3
7,3693,213.125144826918,63,56
63,3021,1411.49692838467,78,15
72,2552,1523.15727579162,82,10
99,4816,4586.66666666667,99,0
23,6492,688.316506684223,68,45
31,7196,1049.22141728178,62,31
89,9917,8095.76375694724,97,8
69,6339,3507.2274724861,85,16
91,9572,8020.27662107156,95,4
95,6957,6167.06303161387,95,0
75,2139,1368.72613023104,83,8
79,4008,2786.64790738149,85,6
11,7347,489.681396385813,88,77
51,1317,413.718000942815,84,33
16,9837,792.792092420857,75,59
38,4873,937.419182412228,90,52
55,2322,838.90438375385,74,19
75,2543,1627.24195847477,91,16
72,2929,1748.16914607901,89,17
74,2960,1851.90967848284,88,14
89,8690,7094.09973256746,94,5
70,2112,1199.22772688804,77,7
14,2300,171.673900932873,60,46
6,3967,221.346791560631,61,55
79,6125,4258.53753311169,88,9
31,3111,453.603089100002,61,30
5,9180,495.91563227927,73,68
92,8016,6803.96366076365,92,0
90,8880,7344.9519383907,95,5
31,8561,1248.24688067667,85,54
67,3423,1794.59249663821,78,11
24,7289,804.067119028175,78,54
86,3102,2428.57927093896,93,7
88,7558,6087.43559720028,91,3
62,9860,4469.44599432708,84,22
21,5846,572.713275594929,76,55
43,2757,643.733800499352,57,14
36,7515,1336.29215952502,82,46
79,3442,2393.12427575028,96,17
44,6050,1467.48569483816,85,41
23,3078,326.345996237529,73,50
23,2517,266.865780549013,68,45
69,5119,2832.22865304564,69,0
37,4614,853.420541166036,47,10
1,8804,426.402187802962,64,63
58,7061,2820.06830549218,66,8
57,7475,2888.66089167204,81,24
7,4286,247.34751441326,88,81
30,2191,306.976015672942,78,48
61,9904,4353.01358898142,73,12
66,3897,1986.92970721409,68,2
92,5586,4741.38485641539,93,1
59,3194,1317.69489752897,86,27
58,1065,425.346657038546,76,18
89,4033,3292.34801167371,92,3
67,6682,3503.20393296423,82,15
22,6882,701.365930402799,89,67
43,4460,1041.36842590755,59,16
49,4391,1283.21811505306,82,33
72,3516,2098.51919344958,81,9
68,7737,4168.34273051834,79,11
88,8203,6606.93757658559,98,10
39,1336,267.25967014338,73,34
86,3808,2981.31201280965,90,4
22,9697,988.251297168837,60,38
5,4788,258.654035659384,63,58
70,6328,3593.1406513956,70,0
20,1036,97.5771356787259,73,53
11,4006,267.001997267125,80,69
3,7987,406.554469312788,45,42
9,4420,273.735629914362,88,79
70,3021,1715.37261502309,70,0
31,1653,241.017649078207,62,31
40,8091,1682.82839803305,70,30
38,2153,414.172686175565,75,37
37,5703,1054.84554535542,78,41
45,1755,442.105944256883,92,47
48,3458,974.18553571679,79,31
22,9583,976.633204163037,83,61
92,8243,6996.64077540853,97,5
14,2346,175.10737895153,66,52
10,5866,376.78652796273,77,67
49,6494,1897.7951353119,83,34
73,2521,1541.0625871366,78,5
64,8076,3887.10597550206,66,2
76,1408,920.832664908292,78,2
72,6569,3920.69754885389,72,0
28,2519,325.873320728065,49,21
8,1618,96.6904670737247,87,79
51,2071,650.577053874388,70,19
4,8011,419.662800732238,84,80
50,9240,2800.13355402818,64,14
32,4586,695.837360490349,45,13
77,5495,3670.38292125934,86,9
76,2152,1407.40901625188,81,5
89,2940,2400.07516844054,94,5
92,6160,5228.59482912975,94,2
19,1007,91.1980278566277,75,56
98,7050,6610.37338327211,98,0
81,6300,4546.58732975944,88,7
47,6895,1871.93675431917,73,26
62,2126,963.695961859976,75,13
47,5621,1526.05605453634,79,32
99,4972,4735.2380952381,99,0
91,8979,7523.40825121203,93,2
2,5626,278.942101989286,67,65
24,2734,301.594114888603,87,63
71,3016,1756.36547570353,77,6
78,8593,5857.97892797819,91,13
54,9656,3370.84792027358,83,29
57,5195,2007.57101434599,74,17
18,5441,473.865783623583,71,53
82,8428,6190.33052937512,90,8
66,8404,4284.87484203933,78,12
46,3709,970.104042163441,75,29
7,1218,70.2914774977487,78,71
31,4857,708.180714805114,80,49
72,6331,3778.6476148263,72,0
73,7173,4384.7845845025,84,11
73,7066,4319.3765334023,80,7
70,3318,1884.01401411672,74,4
98,3421,3207.67196371261,98,0
59,1740,717.842555322609,61,2
61,2603,1144.07253353379,80,19
73,6353,3883.5266228,88,15
47,2425,658.367894013631,77,30
45,8455,2129.91781122048,65,20
34,1226,201.412276184527,69,35
6,1779,99.2629045087879,87,81
65,8990,4454.853936773,91,26
72,1873,1117.89716988938,79,7
78,1568,1068.92947271847,84,6
59,2311,953.410428362385,61,2
80,1370,970.781438388265,97,17
60,4709,2005.73340112788,72,12
91,5407,4530.46758150167,95,4
38,6003,1154.7973223929,89,51
61,1007,442.597403483874,76,15
0,6719,434.26357146375,41,41
84,2301,1747.11361890182,84,0
92,3972,3371.42510735444,94,2
47,5672,1539.90214220425,68,21
96,1350,1219.86168402117,96,0
57,1733,669.705595353531,57,0
20,4593,432.598247270645,65,45
65,1806,894.935062270527,82,17
11,9016,600.92112015986,64,53
73,2523,1542.28516753099,88,15
43,7948,1855.78391235722,74,31
13,2126,152.759900034593,65,52
39,2490,498.111211569622,81,42
70,3766,2138.39565315357,81,11
78,2702,1841.9945378095,82,4
63,5334,2492.19616550937,86,23
42,9036,2030.462670519,80,38
73,2864,1750.73512477557,88,15
62,6349,2877.94245618485,82,20
12,3019,208.89017470482,48,36
66,2373,1209.90099954299,78,12
62,8162,3699.75843871172,68,6
40,4572,950.919717687194,57,17
97,4717,4345.3091033674,97,0
59,7761,3201.82532865447,81,22
71,4564,2657.8421853816,74,3
34,9809,1611.46249355141,82,48
55,1007,363.814261171459,92,37
8,4473,267.303126836076,86,78
60,6652,2833.32736978183,76,16
25,4329,496.897659071369,65,40
81,7345,5300.74348207667,83,2
52,3650,1188.12361213314,84,32
66,1855,945.792816751898,86,20
35,4221,721.46620873652,82,47
97,1212,1116.49663626909,97,0
90,6345,5248.16667219471,92,2
41,6776,1465.02604744119,74,33
35,3719,635.662835889865,87,52
11,7624,508.143591404034,66,55
71,4125,2402.19084458788,83,12
86,2221,1738.83770495017,94,8
19,5009,453.635473221299,71,52
31,1586,231.248633658824,83,52
94,1738,1516.2959101416,96,2
89,3410,2783.76065455179,92,3
1,2797,135.466483335403,87,86
96,3069,2773.15222834146,96,0
81,9999,7216.0836048039,97,16
34,6843,1124.19592653403,75,41
61,3345,1470.19693610085,82,21
61,9436,4147.31787415475,62,1
83,1350,1008.49664730037,91,8
51,4453,1398.85061366618,76,25
67,3208,1681.87342366795,82,15
99,1139,1084.7619047619,99,0
42,4064,913.213843845643,85,43
19,5492,497.377923523932,89,70
17,8512,713.053967351613,75,58
34,1213,199.27658320704,72,38
88,1455,1171.89981396221,93,5
60,8478,3611.08680712724,61,1
49,3755,1097.35459394767,75,26
28,2464,318.758182720902,81,53
46,4627,1210.21067756545,85,39
22,9966,1015.66592013867,73,51
37,9126,1687.97482849615,79,42
81,2736,1974.51792606695,92,11
30,9808,1374.17652292114,86,56
70,7810,4434.64419838805,79,9
95,2956,2620.35910901978,98,3
12,3281,227.018437630512,79,67
80,9430,6682.09413430755,80,0
85,4477,3452.84630538399,91,6
85,8773,6766.09797568322,94,9
81,6093,4397.19946035305,81,0
35,1425,243.565351208136,87,52
35,8305,1419.51595914636,66,31
45,9473,2386.36445011137,78,33
86,1258,984.897718517475,98,12
40,3245,674.920053345351,82,42
12,6927,479.291898039182,85,73
72,5092,3039.15237003562,75,3
53,8698,2932.69637314655,59,6
95,8719,7728.99562636788,95,0
64,8182,3938.12544471989,80,16
46,7464,1952.23957150389,76,30
61,1591,699.27752625903,86,25
81,6956,5020.00975647724,95,14
61,1188,522.150660713845,67,6
49,8866,2590.98424232758,90,41
6,6642,370.603828975475,87,81
49,5039,1472.58849504722,73,24
15,9546,740.310737801159,82,67
4,5533,289.850739789224,30,26
69,1468,812.211694211957,93,24
26,2410,287.870653257526,63,37
55,4102,1481.9921542456,62,7
25,6264,719.003681317407,83,58
36,5367,954.341985385336,75,39
9,3296,204.125030813968,67,58
71,9558,5566.094567896,73,2
26,9814,1172.26663529849,40,14
58,9373,3743.44996847164,83,25
63,2552,1192.36681934382,93,30
94,9637,8407.67760991631,97,3
12,8302,574.430682477449,81,69
38,1464,281.629731797969,79,41
41,6077,1313.89658947758,81,40
79,5609,3899.77747317934,80,1
21,4390,430.073773496705,72,51
65,2033,1007.42136300996,77,12
67,7128,3737.03047503278,91,24
55,5729,2069.80327929621,87,32
7,4690,270.662585767193,78,71
96,9128,8248.07218647796,99,3
94,6281,5479.77825753703,96,2
87,6918,5494.93378306455,88,1
69,4572,2529.58573973915,78,9
71,7319,4262.21449491848,86,15
30,2535,355.173071533961,91,61
30,1168,163.645817574622,90,60
86,8540,6686.03061696282,97,11
55,3322,1200.18964807506,89,34
95,6604,5854.14464004284,96,1
75,1074,687.242573103382,96,21
44,9510,2306.7419765142,62,18
11,4265,284.264482861779,88,77
38,9242,1777.88386699237,85,47
18,8147,709.53584620131,88,70
81,6878,4963.71867525165,86,5
37,9137,1690.00942449806,83,46
74,6419,4016.01629262883,74,0
49,2648,773.84686145764,80,31
7,6419,370.444165893308,76,69
38,9104,1751.33680210977,69,31
24,3775,416.429328348382,74,50
17,6754,565.785537534398,80,63
5,3833,207.063683935342,79,74
32,8550,1297.29817535815,66,34
20,6403,603.075675435214,89,69
97,7396,6813.20884640774,98,1
90,1569,1297.77360262782,90,0
70,8656,4915.01666853354,81,11
77,3861,2578.95331373654,78,1
83,3780,2823.79061244103,93,10
78,1286,876.685779283132,88,10
42,7326,1646.21176673553,75,33
60,2892,1231.80738926775,67,7
77,7298,4874.69600716117,82,5
18,1050,91.4462548804929,60,42
10,1669,107.203667775281,76,66
80,1835,1300.28024776822,88,8
74,2160,1351.39354916315,92,18
16,2721,219.293207632119,83,67
0,3979,257.171417004653,80,80
9,4646,287.732067100029,62,53
57,9481,3663.86540654751,78,21
43,9598,2241.04353180732,81,38
75,1581,1011.66713973598,78,3
45,3271,824.004868184766,81,36
33,2437,384.76744112765,71,38
85,3174,2447.91918098923,86,1
74,6917,4327.58758313033,74,0
39,7692,1538.74354995724,84,45
70,3629,2060.60483943025,76,6
58,4082,1630.29582538155,88,30
87,5045,4007.21898461415,87,0
46,6697,1751.62760053075,83,37
32,4876,739.839286906006,79,47
70,6640,3770.29929286769,77,7
30,2588,362.598780721851,73,43
20,2270,213.803183388714,73,53
14,2446,182.571461600786,88,74
31,5347,779.625752946869,84,53
88,5412,4358.98405028419,92,4
8,6538,390.705978818302,79,71
32,6880,1043.90777151627,48,16
36,8030,1427.86773665814,66,30
79,6004,4174.40968960042,80,1
21,8056,789.219662708305,53,32
20,3905,367.797987283228,74,54
70,5484,3113.90381356723,81,11
55,9394,3393.91377303345,76,21
37,8020,1483.40544866745,61,24
65,4292,2126.83349239485,80,15
75,3297,2109.71951910787,85,10
58,9369,3741.85242234192,68,10
68,6879,3706.09146222511,68,0
54,6436,2246.76648869933,61,7
83,6498,4854.23052900576,86,3
76,1500,981.000708354004,90,14
93,6241,5368.22233343349,98,5
86,2767,2166.30523619861,91,5
31,2240,326.605888648024,52,21
96,4786,4324.63557016691,96,0
38,4842,931.455711315414,74,36
40,8886,1848.17861141041,80,40
76,2191,1432.91503466908,76,0
22,9950,1014.03531059399,70,48
54,9984,3485.35062510474,78,24
69,6743,3730.75167171064,90,21
78,3636,2478.71655791094,79,1
65,1558,772.042539876789,83,18
45,3470,874.135399755774,69,24
56,1848,690.668184052721,61,5
24,7026,775.054956549864,59,35
17,8709,729.556743616682,72,55
11,9554,636.779101819798,61,50
94,8759,7641.67771975272,97,3
57,1471,568.457548046765,57,0
25,5612,644.164856250525,82,57
57,4490,1735.12874964648,84,27
10,4637,297.845061398428,90,80
67,3010,1578.06702158371,68,1
62,8892,4030.6606269327,64,2
79,8787,6109.35009035958,80,1
63,7858,3671.48059028359,70,7
56,4974,1858.97378110294,66,10
76,6456,4222.22704875563,80,4
8,3228,192.902860144613,81,73
64,6448,3103.52393883572,82,18
47,8407,2282.43252988561,74,27
35,4987,852.393267701736,81,46
36,5731,1019.06724766972,91,55
12,7804,539.97314454999,47,35
73,7331,4481.36843565981,87,14
61,9800,4307.30343013105,85,24
72,7343,4382.6582586747,89,17
74,1822,1139.92548452558,88,14
88,2576,2074.78619983963,94,6
11,3864,257.537622925654,61,50
53,7662,2583.38924017577,72,19
22,6258,637.772158160522,87,65
10,4907,315.187775777892,88,78
69,8941,4946.85610214517,70,1
66,1302,663.839486474917,80,14
93,5532,4758.37300890147,93,0
53,1458,491.592470918334,76,23
74,4072,2547.6270982372,83,9
9,8432,522.203355528938,78,69
89,2603,2124.9645113778,92,3
2,5805,287.817081771739,83,81
35,1099,187.844435773854,72,37
51,5367,1685.97153459384,82,31
13,6933,498.158225277437,82,69
24,1733,191.171397623244,64,40
6,7445,415.408838711594,68,62
35,5199,888.628955039367,70,35
89,3607,2944.58201787927,89,0
38,6922,1331.58538490816,66,28
71,6235,3630.94785842557,72,1
97,1837,1692.24778946066,98,1
61,4573,2009.92842714176,72,11
20,3308,311.568691916241,78,58
95,6598,5848.82591384049,98,3
75,2678,1713.62719811067,83,8
74,9196,5753.43290652979,86,12
46,8872,2320.50770074792,89,43
85,8040,6200.7782656438,96,11
1,1825,88.3898219832356,73,72
56,6155,2300.35858920157,82,26
26,6673,797.079198832976,81,55
33,7251,1144.82918162355,74,41
88,2064,1662.406334033,92,4
38,9724,1870.60622404607,73,35
72,2650,1581.64842509709,74,2
5,4715,254.71047997786,61,56
45,5988,1508.45036707135,77,32
67,3679,1928.80683468653,82,15
39,5761,1152.45730516168,69,30
90,9854,8150.58067577725,96,6
79,6998,4865.50949497398,85,6
90,6236,5158.00904141942,91,1
50,2161,654.879719724556,76,26
59,3154,1301.19276982041,77,18
44,2832,686.928840955649,77,33
4,9310,487.711980379121,38,34
26,6839,816.907633870631,72,46
44,5929,1438.1359809414,79,35
73,3386,2069.82860771302,76,3
17,2983,249.887216237061,85,68
18,5188,451.83159078095,71,53
54,2673,933.127225651541,86,32
63,8534,3987.326973464,85,22
91,3413,2859.71626699929,94,3
25,3975,456.264309265117,77,52
10,5303,340.623756867773,86,76
86,6326,4952.67326497738,94,8
94,7759,6769.24048722016,96,2
43,6402,1494.80732346639,76,33
19,4564,413.334457932124,89,70
48,4663,1313.65736062678,71,23
49,1670,488.037862022001,85,36
27,2887,358.879137229334,79,52
52,3923,1276.98874805433,84,32
90,8885,7349.08760952719,97,7
53,7430,2505.16602120934,87,34
55,2527,912.967862939699,62,7
38,5836,1122.67152648425,55,17
8,9255,553.07186203172,71,63
32,5547,841.650640784991,83,51
41,4598,994.124817906522,76,35
77,9582,6400.29283921874,86,9
69,1912,1057.86700227061,73,4
27,6700,832.868105104447,66,39
37,2017,373.070921441676,69,32
14,2202,164.359099936603,79,65
72,1488,888.110511903575,77,5
99,6301,6000.95238095238,99,0
36,1057,187.952203941178,45,9
89,4348,3549.49892257806,93,4
52,2143,697.57504131543,72,20
22,4214,429.46178882845,79,57
91,2812,2356.14478253795,94,3
1,3106,150.432212098592,33,32
37,6892,1274.76687683492,88,51
26,6642,793.376298313896,79,53
19,4884,442.31496330861,75,56
69,6752,3735.73117119832,79,10
55,4790,1730.5564160986,57,2
92,5078,4310.19554258456,94,2
32,5538,840.285063758298,75,43
48,6779,1909.77551955585,75,27
18,7061,614.954291153486,83,65
94,2554,2228.20469188817,96,2
89,9028,7370.02674172831,93,4
66,8415,4290.48331696346,69,3
54,5860,2045.68856802021,78,24
79,4329,3009.83003768825,85,6
14,8903,664.527278263203,66,52
93,5925,5096.41360769002,97,4
40,3307,687.815290111887,62,22
4,3042,159.357663191545,47,43
39,9782,1956.83689621448,42,3
75,5169,3307.59484205902,85,10
22,6307,642.765899891086,67,45
75,1223,782.586282034857,83,8
98,1544,1447.71865301732,98,0
65,3181,1576.29481344548,75,10
58,5499,2196.22654183565,83,25
72,6017,3591.23719766385,85,13
25,1911,219.351218869343,77,52
84,8603,6532.12449518139,85,1
24,3007,331.709401415519,54,30
2,7942,393.771449342145,71,69
56,4695,1754.70082474433,75,19
67,2737,1434.94001264937,89,22
81,5070,3658.92027966355,86,5
71,6676,3887.7638978106,77,6
62,4696,2128.65298066531,74,12
33,3108,490.708743136945,90,57
49,4295,1255.16324394281,68,19
47,9631,2614.73863391558,55,8
88,3195,2573.34701416445,98,10
39,4016,803.379367736386,71,32
76,6556,4287.62709597923,77,1
76,6217,4065.92093589123,76,0
58,2272,907.406201682232,89,31
48,3188,898.121309388411,79,31
9,5917,366.446543484906,46,37
90,4488,3712.17841210557,95,5
97,1346,1239.93768351336,97,0
71,4501,2621.15417975517,86,15
96,4790,4328.2499751566,97,1
94,3399,2965.41415337818,96,2
33,7395,1167.56472184611,78,45
25,1808,207.52852104436,53,28
74,6466,4045.42161522636,82,8
96,7995,7224.2919731476,97,1
56,4586,1713.96336150745,77,21
57,4844,1871.92954638921,74,17
66,2284,1164.52333879317,72,6
58,9625,3844.09537464414,80,22
79,1681,1168.75128051604,83,4
64,4548,2189.02401889343,89,25
49,4470,1306.30493607087,78,29
98,4710,4416.29200499456,98,0
88,5055,4071.44574541511,92,4
65,5825,2886.48767315937,78,13
78,6845,4666.34071476908,79,1
27,6930,861.459099757286,84,57
64,4327,2082.65323873172,70,6
71,4851,2824.97643323535,84,13
38,5839,1123.2486365904,92,54
15,6411,497.185432646473,75,60
50,7467,2262.83519999225,81,31
48,2240,631.051359168771,59,11
70,1735,985.161035109254,88,18
32,3316,503.139268945922,67,35
23,5772,611.978261950298,79,56
11,6244,416.165868930586,87,76
83,6088,4547.94636204788,84,1
61,8842,3886.24254379783,80,19
68,2339,1260.14652277141,89,21
46,9287,2429.05263941005,85,39
41,4370,944.829372390496,90,49
35,2874,491.232855699777,70,35
25,8615,988.859628759493,80,55
14,9722,725.658115160605,84,70
79,5266,3661.29937132509,81,2
19,7277,659.03480507714,84,65
84,9053,6873.8025171309,85,1
10,5583,358.608794002032,91,81
58,7248,2894.7535870567,80,22
66,8123,4141.60380079551,69,3
46,2230,583.265574015765,80,34
48,9571,2696.33596366264,77,29
49,2315,676.531527293972,87,38
10,3228,207.341785247817,56,46
20,9037,851.162717305643,72,52
2,6982,346.173792408317,75,73
28,3785,489.650861038399,52,24
7,8744,504.62124732374,78,71
60,6109,2602.04403217036,86,26
45,2295,578.13854248977,64,19
40,2718,565.310540829788,83,43
63,1198,559.739596228015,87,24
41,6019,1301.35652000421,50,9
51,1602,503.24695331085,71,20
66,6203,3162.66999585554,86,20
93,4347,3739.09028736347,96,3
17,8376,701.661187798063,85,68
7,3578,206.488428971219,25,18
62,3046,1380.72337715216,81,19
96,9521,8603.18747671523,98,2
18,4114,358.295135788903,66,48
0,2310,149.300320000188,60,60
18,1078,93.884821677306,45,27
15,5747,445.69095015119,76,61
84,1141,866.34360676531,88,4
86,1686,1319.982156932,95,9
8,6805,406.661698662977,67,59
96,5363,4846.01348993003,97,1
13,1023,73.5058220768524,79,66
25,2877,330.232054781319,69,44
29,3841,517.119813684277,78,49
46,1091,285.355489350314,86,40
5,3156,170.491256587514,68,63
82,4567,3354.44227902897,85,3
14,8872,662.213412641934,82,68
11,3522,234.743143877887,83,72
63,8902,4159.26701637879,80,17
71,1944,1132.08703075851,96,25
23,3095,328.148427015969,76,53
38,4571,879.323431727128,90,52
19,4347,393.682052723695,83,64
13,1444,103.756018650024,56,43
14,4065,303.41495969223,90,76
88,7268,5853.86106383324,92,4
2,4578,226.981326503191,54,52
36,9146,1626.31112322234,81,45
57,6019,2325.99998755505,77,20
4,3740,195.922965265082,69,65
36,2432,432.450104053873,80,44
12,5165,357.375870271745,84,72
12,3540,244.93912502652,89,77
36,6151,1093.75024261323,89,53
20,2198,207.021760831891,78,58
30,5962,835.322229777308,73,43
33,9585,1513.33439606423,84,51
42,6703,1506.21860120505,61,19
41,9651,2086.62431875073,79,38
13,4695,337.350767009601,69,56
73,1487,908.988523233685,88,15
44,3802,922.211671367718,80,36
91,4459,3736.1485011866,92,1
77,5037,3364.46201535637,83,6
2,1969,97.6247776069861,5,3
76,8046,5262.08779961088,83,7
5,1795,96.9682527169161,86,81
40,1590,330.700426754733,76,36
82,4777,3508.68639520942,88,6
72,1582,944.214267359849,91,19
85,5268,4062.89799793676,91,6
4,3755,196.708752558926,57,53
11,2435,162.294024799164,70,59
40,3565,741.476114075863,66,26
41,5850,1264.81735205593,70,29
96,5279,4770.11098514649,96,0
56,8560,3199.19894777667,78,22
96,8682,7845.06603012726,96,0
52,1049,341.46347099388,61,9
35,4212,719.927901255206,71,36
63,8643,4038.25486660996,80,17
67,4329,2269.58542738733,80,13
43,5030,1174.45811262667,83,40
97,3195,2943.2398951153,97,0
71,1334,776.85396040733,76,5
20,5148,484.871712812819,53,33
30,8065,1129.96876604394,59,29
8,2698,161.230457456681,74,66
45,2249,566.550580418079,57,12
9,9541,590.884987559487,87,78
33,5081,802.217221325231,77,44
94,4189,3654.63956707891,95,1
58,2031,811.154047366467,80,22
86,2642,2068.44179039997,89,3
48,1621,456.667077327043,80,32
56,4207,1572.31658566547,81,25
23,9176,972.88851899791,65,42
84,3613,2743.29487400795,87,3
57,2222,858.67618746425,81,24
27,6439,800.423541607095,57,30
23,1983,210.248249038018,86,63
5,2716,146.721879876961,68,63
32,3874,587.805044600875,78,46
45,6052,1524.57274908413,80,35
33,2868,452.816176099343,76,43
81,5992,4324.3097269712,85,4
25,6161,707.180983492424,87,62
6,5468,305.098123582941,89,83
6,1194,66.6216458591865,57,51
26,2762,329.916491409663,70,44
32,2397,363.698681442514,84,52
91,7219,6048.72303881275,91,0
57,6229,2407.15300257192,65,8
37,9064,1676.50710557628,76,39
98,7228,6777.27359067955,99,1
99,8781,8362.85714285714,99,0
70,6747,3831.05562183408,94,24
93,8327,7162.50398501854,94,1
45,5683,1431.61714029166,73,28
93,9116,7841.16564518182,95,2
44,3037,736.65356284686,78,34
73,1893,1157.17234329614,75,2
78,9756,6650.81373459272,89,11
48,6258,1762.99973467775,86,38
97,7623,7022.32166524692,98,1
6,5745,320.553899046086,59,53
12,6558,453.760107888113,80,68
29,4792,645.154425195277,74,45
97,5992,5519.8414558782,97,0
27,5149,640.065354206388,81,54
94,5470,4772.23166195312,94,0
70,7405,4204.67865416947,84,14
84,1722,1307.48789732679,86,2
70,6588,3740.77285262234,87,17
1,1227,59.4270200402357,88,87
1,5785,280.183627492065,84,83
49,6180,1806.03232772214,51,2
43,6383,1490.37100057576,77,34
99,3467,3301.90476190476,99,0
62,8213,3722.87626282031,71,9
25,4187,480.598405759257,90,65
72,3190,1903.94659473952,81,9
87,1223,971.422957023409,90,3
38,6747,1297.92062871646,61,23
2,1985,98.4180718892165,83,81
87,6069,4820.57720864683,92,5
30,8668,1214.45372152125,73,43
19,9516,861.807778633237,89,70
5,1088,58.7751860479135,85,80
25,3485,400.020406990927,91,66
57,4091,1580.93802111442,70,13
23,8700,922.420457201593,44,21
48,8010,2256.5720477419,86,38
34,7224,1186.78815918191,79,45
3,4695,238.98500481076,61,58
67,8020,4204.68355916988,83,16
40,4656,968.390683628953,81,41
45,5154,1298.35557646722,85,40
8,5707,341.046041773639,49,41
50,8349,2530.12067560404,78,28
83,6568,4906.52294775467,91,8
42,4243,953.436599270931,67,25
24,8710,960.821046334943,82,58
76,2416,1580.06514092218,89,13
87,2349,1865.7992854031,93,6
94,1623,1415.96562840035,98,4
73,3221,1968.96572517532,76,3
44,6795,1648.19261097939,46,2
35,2577,440.468708816397,91,56
75,1810,1158.20210178503,78,3
47,7517,2040.80472548473,82,35
2,9730,482.422085381399,85,83
76,5564,3638.85862752112,76,0
5,9289,501.803955146203,62,57
56,5645,2109.75210983637,90,34
5,8695,469.715296586956,30,25
40,3108,646.4257398451,73,33
60,8677,3695.84810396828,91,31
53,8390,2828.84830658767,67,14
32,5841,886.259490323622,66,34
75,3596,2301.04682763479,81,6
35,8904,1521.89886818052,82,47
20,2291,215.781098301121,73,53
66,3155,1608.61258051334,85,19
2,4040,200.306806263191,35,33
48,9931,2797.75493210047,75,27
18,3392,295.414949099649,58,40
56,7237,2704.74331601166,86,30
55,9688,3500.13164074389,91,36
9,8782,543.879253825324,79,70
35,5385,920.420642986535,86,51
55,5264,1901.80563138685,73,18
36,9829,1747.75989833286,80,44
19,2719,246.243731620825,88,69
88,6358,5120.92028671598,92,4
30,5661,793.149805898917,71,41
28,6598,853.55782856839,78,50
26,5918,706.895653932797,89,63
68,6176,3327.34712468415,73,5
12,4823,333.712259887827,74,62
56,3184,1189.98241235058,73,17
37,5117,946.457067435328,89,52
70,6287,3569.86018889445,79,9
34,2642,434.0385266554,74,40
71,5892,3431.20205001499,74,3
54,3374,1177.84184786693,73,19
98,5211,4886.05045393347,99,1
86,1303,1020.12855900498,94,8
36,2151,382.48362410357,79,43
52,7918,2577.41445503293,89,37
35,5335,911.874490312565,91,56
68,1284,691.760639263998,87,19
10,4238,272.216383482109,84,74
75,4768,3050.99868580719,88,13
49,4744,1386.37821403136,60,11
30,7595,1064.11813739662,57,27
56,5615,2098.53996399136,89,33
75,2815,1801.29221907451,76,1
95,6700,5939.24425928028,98,3
37,7212,1333.9551241633,83,46
75,3357,2148.11295894605,88,13
93,4972,4276.68665948267,95,2
34,8274,1359.28643813277,74,40
55,3852,1391.6708381653,84,29
1,3462,167.674281482719,88,87
40,1444,300.334224046436,86,46
39,5685,1137.25391075233,74,35
58,4089,1633.09153110856,68,10
47,5449,1479.35944514651,50,3
44,3201,776.433340359828,82,38
22,1726,175.902004631681,50,28
30,9211,1290.53221376699,87,57
13,8042,577.843422426243,67,54
35,8755,1496.43133321209,35,0
92,3068,2604.11184022241,97,5
50,8460,2563.7586436232,72,22
69,1396,772.375698310553,92,23
91,8377,7018.99887742546,92,1
62,5475,2481.76641165728,92,30
91,2759,2311.73664830092,97,6
98,4866,4562.56409687973,98,0
94,2710,2364.30490016325,95,1
18,3652,318.058783641486,80,62
66,1275,650.073229842949,80,14
47,4615,1252.93518798883,90,43
28,4990,645.537066468061,85,57
81,4658,3361.58790190785,88,7
24,8503,937.98637852882,82,58
31,4093,596.784777784091,84,53
84,5149,3909.5558555956,87,3
35,6468,1105.53030990472,86,51
67,7111,3728.11780414676,86,19
86,2448,1916.55772252049,91,5
9,6601,408.807441869843,85,76
35,3627,619.937914969761,69,34
2,4002,198.422732342894,80,78
11,6296,419.631696154224,70,59
83,8090,6043.50953826664,87,4
39,6876,1375.50710471997,74,35
48,1114,313.835363443755,91,43
88,1447,1165.45637855898,90,2
23,2891,306.51925767469,81,58
63,6219,2905.69327958433,73,10
66,4527,2308.14236196002,69,3
8,9550,570.700840886323,45,37
35,3837,655.831756200433,71,36
47,7898,2144.24314512151,82,35
74,1475,922.826613433171,76,2
15,2422,187.830778017432,71,56
64,6593,3173.31472219974,74,10
54,6393,2231.75546337086,79,25
47,3651,991.216981873719,51,4
99,6449,6141.90476190476,99,0
10,1078,69.2423929668978,86,76
30,9015,1263.07110054385,67,37
84,9962,7563.9921214689,88,4
91,7135,5978.34033549369,93,2
85,3293,2539.69686924938,88,3
28,6207,802.97566564474,77,49
18,4676,407.240655067795,56,38
59,7641,3152.31894552877,88,29
62,9334,4231.01510254046,80,18
12,1538,106.417054884403,79,67
94,9107,7945.28587667405,94,0
30,1519,212.823627479324,87,57
0,8809,569.344813368682,67,67
66,2925,1491.34446846324,93,27
1,7200,348.716010016053,77,76
17,7241,606.581740788655,22,5
49,5687,1661.95887504139,87,38
16,6222,501.448856261317,76,60
86,4358,3411.91117432365,89,3
93,6908,5941.9451817591,94,1
61,9383,4124.02327397139,84,23
79,7277,5059.49022505368,87,8
92,3806,3230.52466228374,96,4
93,2636,2267.36645904994,96,3
11,9026,601.587625395175,90,79
20,2243,211.260149929906,86,66
44,3371,817.668475586686,84,40
8,9100,543.809178226758,57,49
67,9964,5223.87368872427,78,11
31,6707,977.922185340312,90,59
9,4400,272.497007154569,67,58
72,8607,5137.0747150229,88,16
61,6095,2678.87902108661,90,29
51,4285,1346.07565227028,56,5
31,5468,797.268303181874,79,48
70,9480,5382.89718319062,90,20
67,9949,5216.00956735425,87,20
2,6848,339.529952794637,56,54
64,1139,548.218636218034,85,21
3,9505,483.823742433711,86,83
94,3722,3247.2113794862,96,2
6,4955,276.474250613291,86,80
88,5423,4367.84377396363,88,0
67,3395,1779.91280341418,77,10
98,4760,4463.17408572698,99,1
44,5313,1288.71925564879,63,19
52,6842,2227.16212444245,71,19
40,2693,560.110848585217,57,17
91,3225,2702.19307385664,91,0
64,1599,769.623879993535,85,21
79,3385,2353.49380401356,80,1
94,8752,7635.57065912499,94,0
33,5792,914.473951174126,81,48
99,4881,4648.57142857143,99,0
75,7843,5018.6624775138,84,9
56,3990,1491.21539738656,86,30
63,7230,3378.06116922249,91,28
5,2032,109.771303354191,54,49
46,6247,1633.92826945134,87,41
73,4546,2778.9252364629,94,21
17,2573,215.541336700623,41,24
39,4207,841.587898423052,76,37
76,2150,1406.10101530741,91,15
84,3687,2799.48192650631,84,0
81,1824,1316.34528404464,81,0
48,8944,2519.69792696673,72,24
65,5626,2787.87633462568,86,21
20,6421,604.77103107442,61,41
58,6119,2443.8461919426,86,28
50,9272,2809.83098624992,83,33
43,2118,494.533256966858,82,39
32,1220,185.111552507245,77,45
39,8533,1706.98111177654,55,16
35,8065,1378.49442631131,69,34
9,6407,396.792801099846,65,56
5,4637,250.496817742808,78,73
60,7894,3362.34008674952,77,17
40,9704,2018.31254165278,70,30
87,9915,7875.43631961333,91,4
43,2773,647.469651354626,85,42
38,3137,603.464800990593,58,20
30,2721,381.233107551838,88,58
51,7747,2433.61682103568,86,35
18,4124,359.16605250205,89,71
57,5307,2050.85262235499,75,18
18,7516,654.5810016017,63,45
44,8148,1976.37577546138,69,25
76,3806,2489.12579733023,86,10
95,7026,6228.22838294079,99,4
93,4890,4206.15401546063,94,1
65,3637,1802.25848365333,91,26
98,2204,2066.56211868535,98,0
71,6595,3840.59360486233,92,21
52,6378,2076.12394470826,78,26
52,5752,1872.35260739447,74,22
75,5359,3429.17406821324,88,13
30,3898,546.139894611196,64,34
52,5089,1656.53727730015,76,24
80,6658,4717.85607064895,80,0
4,4004,209.752821636735,72,68
9,3379,209.265315267111,83,74
65,6005,2975.68385876773,73,8
20,8378,789.093863625835,52,32
9,6226,385.583265123715,63,54
15,9226,715.494119731143,80,65
98,2400,2250.33987515646,99,1
78,1011,689.214092422431,81,3
43,3233,754.875363443745,74,31
12,9608,664.795229732996,70,58
32,7630,1157.705857074,76,44
19,9062,820.691686630348,78,59
62,2273,1030.32969017297,65,3
59,1624,669.986384967768,85,26
85,4896,3775.99631698906,86,1
31,6528,951.822875488528,66,35
69,5081,2811.20409965324,80,11
40,8123,1689.4840041061,84,44
11,4342,289.396573173704,86,75
4,3930,205.876270987105,76,72
4,9453,495.203152580433,76,72
97,1614,1486.81977800191,97,0
34,1912,314.111151765755,91,57
66,5300,2702.26519071971,84,18
78,9421,6422.43913423514,82,4
23,1036,109.842252144925,74,51
49,5573,1628.64371559797,89,40
10,3287,211.131489501107,57,47
76,1130,739.020533626683,83,7
20,6839,644.140956473751,78,58
76,6555,4286.973095507,78,2
27,4177,519.237324630041,84,57
88,3374,2717.51888131169,90,2
27,7660,952.20443061195,27,0
10,1045,67.1227278760744,71,61
92,5455,4630.19233651019,93,1
38,8769,1686.8928402571,78,40
73,3071,1877.27219559559,75,2
39,6629,1326.09607288957,72,33
93,8821,7587.42015754155,93,0
99,3465,3300,99,0
86,9204,7205.88124104518,88,2
22,1345,137.073114849138,86,64
20,8513,801.809030919878,88,68
30,1122,157.200862430416,67,37
0,9151,591.449016589489,42,42
64,1851,890.915448322723,92,28
45,4328,1090.27608361469,78,33
86,8060,6310.23498509606,91,5
6,7885,439.959528977961,87,81
48,1140,321.160066719821,83,35
26,8545,1020.68661082388,81,55
93,8181,7036.92147249149,95,2
87,9860,7831.7500868772,98,11
52,6121,1992.46702188136,81,29
75,7912,5062.81493332771,77,2
86,6293,4926.83731528654,87,1
5,4045,218.516201804973,57,52
69,5617,3107.76095803035,93,24
25,2007,230.370432376123,74,49
91,4279,3585.32842264576,97,6
63,6325,2955.21948759782,72,9
77,2458,1641.82005831764,81,4
66,1857,946.812539465377,90,24
23,5681,602.329956018649,74,51
56,2664,995.638551037039,74,18
24,8160,900.149223661669,76,52
89,4498,3671.95173729441,93,4
57,1611,622.559558058014,73,16
8,7454,445.445452143105,55,47
9,9388,581.409523447067,81,72
62,2369,1073.84559437737,80,18
54,5215,1820.52318809307,60,6
46,5007,1309.60122381029,82,36
0,7617,492.303262961658,82,82
76,2000,1308.00094447201,81,5
82,4723,3469.0236224773,93,11
54,1961,684.572573700962,74,20
40,8396,1746.26464341682,72,32
45,5705,1437.15920910856,69,24
82,1344,987.162343554837,93,11
4,3853,201.842562878706,64,60
19,8655,783.832106354631,73,54
9,9621,595.839478598661,63,54
52,1016,330.721531486923,58,6
29,5809,782.074719524074,82,53
97,2859,2633.71607515951,97,0
62,4575,2073.80480974101,65,3
32,9150,1388.33664380434,87,55
24,6074,670.037547122669,71,47
88,8917,7182.01418632375,88,0
56,8234,3077.36029626088,82,26
15,3286,254.835646806475,72,57
0,2692,173.989810147405,65,65
15,5425,420.719228218236,90,75
61,8136,3575.94088852512,84,23
29,4483,603.55327382104,71,42
60,9458,4028.50424885697,85,25
18,1795,156.329550009985,67,49
39,7472,1494.73372403543,81,42
43,1594,372.184141456644,79,36
7,5030,290.284180470998,66,59
11,5429,361.845692252427,80,69
71,9339,5438.56007214697,72,1
93,9860,8481.12036655251,94,1
2,9310,461.598110472849,76,74
99,7788,7417.14285714286,99,0
90,4171,3449.97686205266,92,2
71,4458,2596.11316004189,71,0
7,8063,465.320347343471,59,52
0,4910,317.34397021685,63,63
7,4063,234.478056710471,86,79
88,3810,3068.68611078765,95,7
61,5266,2314.51631255817,64,3
68,9129,4918.28884411296,78,10
13,3696,265.569421697015,91,78
69,3697,2045.46773399292,71,2
70,2016,1144.71737566585,73,3
32,5084,771.399289300684,75,43
22,7328,746.81917146058,76,54
51,9727,3055.60743748729,92,41
0,2065,133.465437575926,86,86
38,4838,930.686231173889,77,39
43,4002,934.429695175338,51,8
1,3203,155.130191677975,73,72
34,2479,407.260222399219,62,28
88,5566,4483.02018179634,91,3
16,5382,433.750842879847,79,63
5,5001,270.16057483972,81,76
23,1780,188.725105036648,84,61
30,4762,667.192965145848,84,54
74,3467,2169.11177543919,78,4
1,5341,258.679473541075,67,66
46,9864,2579.96933726077,82,36
20,7481,704.608640938753,84,64
84,3382,2567.90015607386,94,10
97,4128,3802.72121659967,98,1
61,1994,876.404391804215,91,30
67,8183,4290.14034472408,95,28
78,5862,3996.21464864519,84,6
32,5440,825.415447245421,64,32
89,8226,6715.31235904487,93,4
53,5847,1971.42741938237,80,27
0,8957,578.910374996399,53,53
88,5955,4796.33222827834,92,4
95,6630,5877.19245358631,97,2
33,5083,802.532992717211,85,52
38,1477,284.130542257924,78,40
34,9921,1629.86230997283,72,38
21,2779,272.249434293245,88,67
63,6407,2993.53221455166,78,15
98,8000,7501.13291718821,98,0
21,1722,168.69864190463,72,51
42,1400,314.591383214542,72,30
17,1795,150.367936019284,53,36
88,8168,6578.74754669647,92,4
45,3316,835.340918037506,82,37
10,3464,222.500602260978,29,19
41,7519,1625.66866155701,67,26
6,6140,342.593723262483,88,82
76,4703,3075.76422092592,85,9
0,3532,228.280835602019,62,62
71,4844,2820.89998816575,91,20
95,3427,3037.87911590351,95,0
5,6643,358.863567018648,56,51
81,2594,1872.03929101523,84,3
22,9706,989.168515037716,67,45
13,3728,267.86872404937,43,30
69,1610,890.777130573059,73,4
22,4355,443.831535440888,72,50
49,8671,2533.99778538489,68,19
96,3155,2850.86193561985,96,0
62,9023,4090.04170454495,81,19
1,4437,214.896241172392,88,87
41,3915,846.454689452813,84,43
1,2316,112.170316555164,56,55
32,8431,1279.24221244966,76,44
53,5980,2016.27090266916,77,24
51,7491,2353.19783224193,71,20
8,5166,308.716287331806,67,59
78,5839,3980.53519847139,90,12
15,4174,323.701761950769,81,66
24,9080,1001.63663613333,75,51
42,9776,2196.74668736098,87,45
65,7371,3652.58380066227,89,24
0,2310,149.300320000188,83,83
47,3441,934.203679711714,87,40
46,1606,420.055834918977,92,46
83,2253,1683.06884916128,95,12
27,5549,689.788823167847,78,51
38,3750,721.387632679224,74,36
73,4917,3005.71389962342,84,11
47,4003,1086.78213597384,78,31
85,4504,3473.66981448503,97,12
94,8630,7529.13331675602,94,0
68,8426,4539.544506572,82,14
48,8785,2474.90454924002,81,33
96,8733,7891.14969374584,96,0
70,1372,779.043769550372,70,0
93,5910,5083.51129475916,96,3
11,1933,128.835461986359,81,70
50,7823,2370.71913345914,68,18
7,1714,98.9159215362408,89,82
49,8222,2402.78281529634,89,40
25,4787,549.468490176633,84,59
3,4096,208.494692162912,38,35
68,1640,883.557202798253,83,15
37,2744,507.539220840833,82,45
81,6956,5020.00975647724,84,3
28,4751,614.618557673298,83,55
72,7608,4540.82310118441,88,16
46,2662,696.256931852003,65,19
78,8453,5762.53879648547,91,13
5,2857,154.338884686479,84,79
9,6619,409.922202353657,85,76
85,6133,4730.02153024794,88,3
99,5569,5303.80952380952,99,0
95,7074,6270.77819255951,95,0
1,5577,270.109609424934,74,73
78,8606,5866.84122590251,79,1
54,5421,1892.43647222484,75,21
93,6803,5851.62899124308,93,0
55,6108,2206.73039447395,73,18
40,6634,1379.79033401943,79,39
73,4394,2686.00912648878,92,19
10,7635,490.41342328596,64,54
27,6249,776.804893850402,89,62
24,2182,240.701667405608,78,54
16,8468,682.460449183676,80,64
82,2114,1552.72410288313,94,12
76,9205,6020.07434693241,77,1
7,9667,557.888105887305,78,71
99,7638,7274.28571428571,99,0
19,4365,395.312206151122,75,56
21,3411,334.16438300621,72,51
23,4281,453.894480147129,84,61
89,8599,7019.81169163954,94,5
5,3220,173.948620472685,62,57
59,9234,3809.5161815224,70,11
49,2445,714.522498589097,77,28
18,4009,349.150510300853,50,32
89,2748,2243.33556560361,90,1
89,8026,6552.04193942306,91,2
6,7781,434.156638551365,66,60
68,2224,1198.18976769714,89,21
79,3573,2484.20483360132,96,17
89,3338,2724.98330348794,92,3
66,7775,3964.17204865014,69,3
84,9044,6866.96895669191,94,10
73,2090,1277.59651214418,86,13
41,8880,1919.92787799259,78,37
71,1719,1001.05843923553,88,17
14,1505,112.334443871293,88,74
65,5071,2512.85476233325,81,16
40,6665,1386.2379524027,88,48
41,3518,760.620075988505,71,30
81,5981,4316.37124115733,88,7
55,4454,1609.16456728667,72,17
94,5854,5107.24755924563,96,2
49,1415,413.517110635408,61,12
26,5071,605.722855879218,81,55
89,2432,1985.36830260116,92,3
38,4618,888.364823390041,82,44
87,8933,7095.43849148824,93,6
75,5236,3350.46751654498,76,1
64,1349,649.294943159024,68,4
90,9888,8178.70323950532,96,6
37,6582,1217.42826223555,82,45
2,2578,127.819541224383,71,69
28,7466,965.847642935981,80,52
21,1158,113.445428179769,82,61
18,7310,636.64011731086,78,60
50,4776,1447.34175909509,73,23
19,8808,797.688410487763,87,68
92,5853,4968.01388553513,93,1
91,1678,1405.97828773068,92,1
26,8981,1072.76611489869,90,64
26,9338,1115.40919507003,79,53
86,3941,3085.4387191394,95,9
88,5614,4521.68079421572,96,8
84,5102,3873.86948441421,85,1
13,6136,440.891226064092,83,70
73,4257,2602.26236947263,86,13
50,6067,1838.57254029101,69,19
84,7639,5800.17424371622,90,6
49,3053,892.203348953994,58,9
60,4046,1723.33772371276,77,17
32,5683,862.286026966126,48,16
0,4362,281.92553932503,66,66
23,8008,849.050921985098,57,34
7,5824,336.106375161649,66,59
70,4791,2720.40721568209,86,16
30,7549,1057.67318225242,74,44
27,5442,676.487795220657,77,50
12,2777,192.145748643685,36,24
42,9769,2195.1737304449,62,20
65,2818,1396.4158391353,70,5
65,2404,1191.26461223607,81,16
88,5982,4818.07882276423,90,2
50,6922,2097.6758074657,77,27
69,6170,3413.72353766197,92,23
67,3243,1700.22304019799,81,14
5,6768,365.616230856874,84,79
93,4981,4284.42804724118,94,1
99,2914,2775.23809523809,99,0
6,1074,59.9260030592683,80,74
90,8408,6954.54458310687,93,3
34,8156,1339.9009172602,78,44
21,4980,487.874121187607,40,19
2,3016,149.535972200442,88,86
85,3435,2649.21310229931,87,2
39,8380,1676.37427829455,51,12
79,2028,1410.01046810621,84,5
34,1525,250.533214666724,74,40
25,9639,1106.39790616515,87,62
99,2938,2798.09523809524,99,0
40,3148,654.745247436414,69,29
45,4559,1148.4678061921,69,24
89,6067,4952.80817922748,96,7
31,7540,1099.3787501813,79,48
32,3860,585.680813670464,86,54
62,9586,4345.24435107702,79,17
70,5051,2868.03941690884,75,5
11,9251,616.583993189759,70,59
58,9397,3753.03524524997,82,24
48,5560,1566.35962365106,69,21
95,7924,7024.26440455776,95,0
55,4113,1485.96629215314,90,35
68,7627,4109.07974740383,86,18
86,4458,3490.20193096256,88,2
39,4721,944.410855349472,74,35
61,3067,1348.01016532775,79,18
70,8270,4695.83963132768,72,2
97,8839,8142.50310889643,97,0
77,1804,1204.98103547804,87,10
28,4072,526.778944821231,74,46
84,8656,6572.36657332211,84,0
42,3151,708.055320363587,72,30
70,5575,3165.57508399659,77,7
9,9586,593.671888769022,78,69
84,3900,2961.20952356241,88,4
39,7352,1470.72836444171,73,34
25,4951,568.292979917382,55,30
82,8995,6606.78964306232,82,0
2,2818,139.71895545784,81,79
49,8979,2624.00716353027,81,32
55,4926,1779.69121204628,77,22
32,1926,292.233483712257,85,53
16,2584,208.251984021093,62,46
66,1500,764.792035109351,87,21
7,5456,314.868884423413,81,74
56,2264,846.14327310355,77,21
79,3671,2552.3414341311,93,14
31,8185,1193.42374936789,79,48
33,4211,664.856665813924,67,34
46,8071,2111.00289142657,58,12
45,3037,765.057408950515,68,23
88,8963,7219.06393989232,96,8
49,6113,1786.45236559311,77,28
12,8325,576.022094871689,79,67
37,4212,779.065305459762,74,37
59,7707,3179.5474562479,59,0
6,2201,122.809248355167,85,79
67,6307,3306.60089871377,81,14
16,2761,222.516922555046,84,68
98,5511,5167.34293832803,98,0
26,8054,962.037444537807,85,59
43,5843,1364.28603421027,64,21
22,7752,790.030324394434,70,48
52,4337,1411.75126186888,79,27
89,4757,3883.38693070465,90,1
29,1237,166.539237054791,86,57
57,4780,1847.1971989555,71,14
22,2798,285.152844124823,76,54
94,1206,1052.15930243427,96,2
90,2330,1927.22274960026,92,2
65,9391,4653.56321693384,65,0
10,7317,469.98755968348,48,38
49,7118,2080.15179752851,84,35
22,7006,714.00315437402,89,67
7,8437,486.904101517657,83,76
44,6366,1544.13453443632,70,26
38,9422,1812.51047336097,67,29
97,5557,5119.11865325687,98,1
22,3732,380.339676295153,87,65
72,5574,3326.8333288646,76,4
45,4672,1176.93388693342,72,27
12,4375,302.714314121759,80,68
55,4499,1625.42240418113,55,0
27,9802,1218.47360690057,91,64
3,6294,320.377341912444,89,86
56,2300,859.597848117564,60,4
31,4074,594.014459978594,52,21
70,4276,2427.98189402142,77,7
92,4671,3964.73481280277,92,0
71,6679,3889.51094569757,87,16
95,8733,7741.40598750668,98,3
79,1994,1386.37123935097,87,8
98,5593,5244.22955072921,99,1
91,6018,5042.41795921528,96,5
20,6141,578.398832242332,87,67
49,5314,1552.95401124845,84,35
61,4132,1816.09977278587,86,25
84,6382,4845.75363573726,85,1
25,2903,333.216425106072,79,54
75,2245,1436.55454061182,77,2
15,7932,615.141920410516,72,57
28,8487,1097.93047757804,61,33
41,2111,456.415287211977,66,25
89,8460,6906.33875000238,92,3
62,8333,3777.27114307582,80,18
1,4926,238.579870185983,75,74
28,6780,877.10246706482,72,44
51,4425,1390.05478676686,82,31
92,2912,2471.69937377043,95,3
62,5432,2462.27491289906,92,30
40,3307,687.815290111887,84,44
28,1862,240.879763078864,58,30
79,6787,4718.80722240474,83,4
14,9959,743.34799103934,40,26
19,2854,258.46988232653,67,48
9,8746,541.649732857695,69,60
29,4986,671.272947417289,72,43
26,7834,935.758795692722,84,58
55,4473,1616.02898730877,70,15
62,2343,1062.06003698868,82,20
6,4282,238.922853910416,67,61
60,6426,2737.06579648498,93,33
99,1771,1686.66666666667,99,0
59,5441,2244.70192155765,78,19
79,6503,4521.35013515515,85,6
43,4583,1070.08777935746,47,4
12,3013,208.475023645453,87,75
13,7186,516.337084500744,75,62
28,3967,513.195499534829,68,40
24,2485,274.126326078339,31,7
85,4848,3738.97674525387,87,2
25,1393,159.893379322342,50,25
61,5980,2628.33413389629,90,29
63,3686,1722.20379941274,81,18
82,4174,3065.78543303414,83,1
7,4349,250.98328049073,81,74
40,7897,1642.47878621517,82,42
49,8849,2586.01619223514,81,32
20,2551,240.269568645202,82,62
38,2548,490.15885015111,81,43
91,2251,1886.08887108568,95,4
50,5898,1787.35797636994,78,28
74,2494,1560.35903315412,86,12
38,6093,1172.1106255772,75,37
63,1929,901.28354017015,84,21
76,4173,2729.14397064084,76,0
44,5770,1399.56900152334,80,36
26,6143,733.771544797089,68,42
96,3605,3257.48249696024,96,0
51,6696,2103.45917563636,62,11
59,3296,1359.77532318582,94,35
79,3091,2149.0840024242,83,4
97,7610,7010.34604126053,99,2
11,5940,395.904109777015,56,45
10,3652,234.576270051123,84,74
7,3081,177.806274360069,43,36
18,9395,818.226252002125,68,50
52,5568,1812.45815681022,83,31
9,1487,92.0916021906464,66,57
50,7358,2229.80332148694,85,35
95,4123,3654.85135537502,99,4
57,4868,1881.20417667685,93,36
85,3731,2877.50046133296,88,3
69,8971,4963.45443377075,82,13
0,4889,315.986694580484,78,78
27,5199,646.28078782657,65,38
84,8428,6399.24970886769,91,7
8,4936,294.971659750251,70,62
58,7815,3121.20575094483,80,22
75,9434,6036.72852388949,84,9
9,2192,135.753054473367,64,55
86,1466,1147.74249232641,96,10
35,3403,581.651150990377,78,43
9,1624,100.576168095232,68,59
26,4428,528.917532209264,73,47
54,6831,2384.65846555394,73,19
85,6751,5206.64851633847,85,0
2,5402,267.835982038059,64,62
64,6771,3258.98892522591,79,15
24,4503,496.736759086825,87,63
82,8288,6087.50111858816,88,6
29,4553,612.97748287022,88,59
79,1521,1057.50785107965,90,11
37,6659,1231.67043424894,76,39
0,6662,430.579537593615,67,67
10,5308,340.94491824517,36,26
99,9455,9004.7619047619,99,0
6,5451,304.149574186286,70,64
72,9407,5614.55348486353,76,4
16,8447,680.767998849139,70,54
62,5704,2585.56997481153,78,16
52,5861,1907.83355909927,69,17
72,4027,2403.50875768528,77,5
53,1078,363.46823295608,77,24
98,6017,5641.78959534018,98,0
77,5930,3960.94098690953,80,3
51,9323,2928.69622079716,86,35
29,3815,513.619393180296,67,38
92,1867,1584.70560811449,93,1
3,4747,241.631910082359,32,29
66,4214,2148.55575730054,72,6
7,7944,458.45278919714,67,60
51,1770,556.021914706744,73,22
90,5686,4703.08521640648,92,2
59,3754,1548.72468544889,70,11
89,7434,6068.76149734252,89,0
41,8865,1916.68475657706,74,33
0,7296,471.556335377217,89,89
92,4154,3525.90631821509,94,2
3,9998,508.918440489452,86,83
57,3826,1478.5306450217,61,4
81,6893,4974.54388317965,89,8
25,4964,569.785165079759,37,12
72,1671,997.33378050462,85,13
94,9837,8582.16505642283,94,0
21,3003,294.193973077587,75,54
67,6205,3253.12487339764,80,13
17,9195,770.269176433045,64,47
17,4316,361.553209949431,79,62
98,1770,1659.62565792789,98,0
99,8494,8089.52380952381,99,0
49,8365,2444.57288372098,84,35
91,1759,1473.84732307406,93,2
78,3485,2375.77755894379,84,6
19,5209,471.748289081603,85,66
91,3618,3031.4835786708,93,2
16,4006,322.855049531153,55,39
82,9729,7145.90955390254,92,10
57,3364,1299.99401198458,76,19
75,3524,2254.97469982897,90,15
3,5229,266.166685869108,60,57
53,6845,2307.92212855693,78,25
1,7574,366.82986942522,86,85
96,5101,4609.26996310518,96,0
52,4444,1446.5811869369,82,30
90,3379,2794.88655403403,91,1
35,4427,756.676357753276,67,32
87,8054,6397.25306285081,89,2
58,6188,2471.4038626803,87,29
1,9870,478.031530397006,75,74
33,3344,527.969767390587,88,55
47,2848,773.208974082813,52,5
69,5856,3239.99433331418,77,8
41,5020,1085.36463373004,77,36
53,2917,983.522110883938,55,2
85,9264,7144.77734489106,86,1
81,4466,3223.02524042947,82,1
19,7458,675.426903430715,79,60
34,1295,212.747877372727,86,52
14,2049,152.939053483242,85,71
77,3866,2582.29306161758,91,14
59,3951,1629.99766441358,83,24
3,5296,269.577121507515,74,71
51,5356,1682.51603116911,70,19
41,9299,2010.519069533,60,19
73,7364,4501.54101216735,88,15
20,5276,496.92757513606,86,66
72,3566,2128.36161656462,87,15
76,3390,2217.06160088005,78,2
7,2386,137.697426362585,46,39
89,1687,1377.18598950993,93,4
89,5592,4565.04093262569,90,1
68,8061,4342.89915351019,70,2
89,1964,1603.31552068613,92,3
20,5457,513.975317952517,88,68
64,4635,2230.89848891184,70,6
82,1853,1361.02070134458,87,5
93,4838,4161.42599730031,96,3
78,8122,5536.89105702768,90,12
31,9173,1337.48027525372,53,22
81,1799,1298.30327083131,84,3
69,2969,1642.68155321206,82,13
21,3210,314.473078114903,78,57
78,9929,6768.75046850872,79,1
91,8571,7181.54940651947,95,4
98,4223,3959.66053866073,98,0
57,2043,789.502903235582,75,18
44,4600,1115.77424731497,63,19
63,2688,1255.90987868189,87,24
70,8441,4792.9361944422,71,1
95,5490,4866.63447514161,95,0
79,3742,2601.7057059435,95,16
65,3397,1683.33023617551,79,14
41,1377,297.718545945472,92,51
98,2979,2793.23437003796,98,0
55,4282,1547.02350182342,89,34
75,1407,900.326164205269,82,7
20,5346,503.520624844082,71,51
20,8957,843.627803353617,68,48
6,9191,512.830441450405,88,82
14,8586,640.866136265064,72,58
2,4409,218.602155647131,82,80
83,2888,2157.43579066923,95,12
18,2019,175.838084384491,60,42
28,4133,534.670279701903,91,63
78,7766,5294.20043694619,91,13
94,5083,4434.59845296302,94,0
28,5584,722.380556945421,84,56
49,5577,1629.8126685609,81,32
41,6355,1374.00243971204,87,46
26,4664,557.10735551581,63,37
65,6099,3022.26408902987,69,4
56,6289,2350.43950730929,65,9
16,5753,463.650798789996,86,70
37,1590,294.091603912873,47,10
1,9168,444.03171942044,79,78
84,2809,2132.83014145816,88,4
50,5654,1713.41505567915,71,21
48,4560,1284.64026687928,88,40
26,1741,207.959671087698,63,37
11,4962,330.719897763224,68,57
72,4852,2895.90873908343,90,18
11,3384,225.545371630542,75,64
18,7283,634.288642185362,85,67
10,2464,158.268326781481,46,36
28,1413,182.794363711297,71,43
69,6122,3387.16620706103,95,26
49,2788,814.760215160083,72,23
57,9666,3735.35734834808,62,5
14,6916,516.2159560225,71,57
73,1832,1119.88364126705,89,16
54,7350,2565.83805033252,85,31
96,1941,1753.89002124822,96,0
24,6193,683.164723301068,67,43
5,8680,468.904976926369,90,85
67,3639,1907.83584436648,75,8
94,9661,8428.61610349709,94,0
94,2402,2095.59423254322,99,5
21,5662,554.687404450648,68,47
2,4809,238.434512702893,81,79
54,4791,1672.50749648205,89,35
5,7691,415.47790063833,75,70
42,2064,463.797582110582,63,21
81,2428,1752.24032327872,92,11
84,9075,6890.50677598176,86,2
0,3263,210.89478102191,73,73
40,7481,1555.95590726551,57,17
58,3889,1553.21422462245,77,19
25,3385,388.542059588031,65,40
56,8843,3304.96685691462,89,33
37,6877,1271.9924277414,81,44
24,7557,833.630843530788,77,53
21,3540,346.802086145407,86,65
71,3493,2034.14608973224,74,3
36,6985,1242.04933257249,70,34
9,7087,438.905974932825,58,49
8,6329,378.216295494193,71,63
76,8811,5762.39816087142,77,1
45,8634,2175.01009841249,83,38
61,5361,2356.27078458495,88,27
20,6916,651.393311152575,63,43
36,7972,1417.55437068975,55,19
9,1552,96.1171261599752,65,56
66,8127,4143.64324622247,85,19
42,1209,271.672130218844,71,29
32,5576,846.050833426556,82,50
44,1166,282.824515732446,48,4
13,4361,313.351798706895,68,55
47,2642,717.281639581037,51,4
90,5855,4842.87090081955,97,7
50,1057,320.318308074436,92,42
23,3281,347.869140238899,75,52
80,9317,6602.02238063026,83,3
54,5642,1969.58616054096,76,22
24,8546,942.729811937821,82,58
48,1006,283.409672912403,53,5
31,2420,352.851004700098,82,51
59,2960,1221.15745043386,70,11
67,7948,4166.93577659379,67,0
44,5874,1424.79520189742,70,26
73,6522,3986.83466612649,83,10
4,5993,313.948216800437,68,64
98,5616,5265.79530786612,98,0
3,9466,481.838563480011,61,58
26,3935,470.029469115504,37,11
63,9815,4585.84652502334,80,17
7,4955,285.95588752163,71,64
15,3498,271.27665627786,51,36
4,8133,426.053870722169,54,50
68,1584,853.386956849044,72,4
54,2816,983.047612209031,74,20
63,2796,1306.37054345036,71,8
34,8787,1443.56416870591,71,37
82,4472,3284.66517885211,87,5
5,9598,518.496540154296,43,38
87,4471,3551.29357387707,89,2
54,8081,2821.02548091661,91,37
51,6425,2018.32813671798,67,16
23,6961,738.042391101182,78,55
38,8877,1707.66880407826,82,44
2,9634,477.662319688016,79,77
36,7222,1284.19187971919,83,47
73,2436,1489.10292037475,77,4
52,7189,2340.1152459247,66,14
35,3906,667.625446890512,71,36
59,7679,3167.9959668519,70,11
94,5548,4840.28176609066,98,4
36,8285,1473.21098358813,79,43
72,7321,4369.52759250408,83,11
9,3360,208.088623645307,75,66
34,9890,1624.7695036419,72,38
15,3302,256.076477709975,82,67
12,5316,367.823838599147,76,64
88,1108,892.41580334717,90,2
97,9853,9076.60177983443,98,1
97,8194,7548.32791880273,99,2
93,3686,3170.5283642102,94,1
93,4857,4177.76892701273,93,0
35,3967,678.051753152754,86,51
28,8554,1106.59800933222,43,15
97,6185,5697.63341198376,97,0
92,3014,2558.27675568134,92,0
79,1716,1193.08578070525,81,2
64,8907,4287.07936153997,86,22
74,2402,1502.79967828236,75,1
63,5789,2704.78507726542,85,22
13,8048,578.27454161731,82,69
50,9322,2824.9832240964,87,37
58,6355,2538.10141359621,64,6
37,7819,1446.22783081431,68,31
57,7892,3049.80759291983,93,36
36,8184,1455.25150147076,47,11
47,4919,1335.46873016621,70,23
20,3250,306.105879301022,61,41
89,8036,6560.20546040416,97,8
7,1651,95.2801554587711,71,64
44,3662,888.253324710306,79,35
21,2835,277.73556898933,74,53
37,4960,917.417833589843,48,11
94,5498,4796.65990446403,98,4
12,6560,453.898491574568,82,70
91,1632,1367.43537877025,97,6
33,6565,1036.5195941744,90,57
83,1811,1352.8795764896,86,3
75,1274,815.220705897308,85,10
62,5634,2553.83962799582,66,4
31,1875,273.386625542431,85,54
88,8780,7071.67035504346,97,9
94,3882,3386.80133669141,96,2
21,5018,491.596855445665,60,39
50,8586,2601.94228299632,66,16
60,1688,718.980246571217,65,5
39,7202,1440.72166494957,69,30
97,2063,1900.43940645473,97,0
6,3832,213.814193410723,60,54
50,8347,2529.51458609018,62,12
81,8676,6261.30026555442,81,0
72,2649,1581.05157663479,81,9
1,7814,378.453736425755,51,50
45,6251,1574.70328065514,87,42
34,3713,609.986771185277,45,11
9,2629,162.816961774855,84,75
53,4708,1587.39187454288,85,32
5,3361,181.565625282203,58,53
38,5573,1072.07820717902,76,38
9,2278,141.079132340479,81,72
16,5688,458.412262040239,84,68
66,1480,754.59480797456,67,1
18,1857,161.7292336315,54,36
40,5587,1162.02722281679,84,44
97,6652,6127.8346736485,97,0
10,5188,333.237045187631,60,50
97,8414,7750.99232472617,98,1
20,5827,548.824294980633,66,46
68,2773,1493.96592887778,86,18
16,3966,319.631334608226,75,59
85,4307,3321.7353221552,93,8
78,4281,2918.4228780024,78,0
55,2716,981.250777896407,57,2
27,9046,1124.49625056341,52,25
38,1579,303.752285866798,88,50
90,1576,1303.56354221889,91,1
18,1441,125.499098364562,59,41
51,1032,324.18904857478,87,36
34,9013,1480.69236969914,79,45
3,8487,432.005481539706,83,80
9,4640,287.360480272091,88,79
10,5549,356.424896635729,82,72
37,7071,1307.87530268423,85,48
20,3136,295.368626919386,81,61
44,3641,883.159572711695,87,43
54,5289,1846.35611540254,58,4
44,3297,799.719063782054,67,23
56,3406,1272.95229160366,57,1
16,9905,798.272407789833,57,41
51,9502,2984.92668561779,65,14
68,5219,2811.75917158786,74,6
88,5529,4453.21929305641,90,2
76,5588,3654.55463885478,94,18
59,4358,1797.90681384824,82,23
89,2699,2203.33431279627,94,5
83,6912,5163.50283417788,83,0
49,2413,705.170874885682,61,12
81,6211,4482.35776271998,83,2
42,9244,2077.20196173945,56,14
97,8586,7909.43904208449,99,2
22,6970,710.334282898504,72,50
74,3497,2187.88113028868,88,14
14,8966,669.229650332234,41,27
25,3264,374.653259230526,67,42
23,1566,166.035682296287,36,13
5,4649,251.145073471277,65,60
35,8916,1523.94994482227,62,27
92,5697,4835.60141908315,95,3
20,3000,282.559273200944,90,70
93,6172,5308.87169395153,95,2
43,5617,1311.51714087953,50,7
21,2778,272.151467602243,21,0
25,6302,723.365453330508,75,50
81,6024,4347.40350388426,81,0
57,9022,3486.48810229634,70,13
96,8215,7423.08424758068,99,3
32,6871,1042.54219448957,81,49
47,7629,2071.21181997113,83,36
6,5834,325.519834122692,61,55
97,7498,6907.1714346086,99,2
14,3424,255.570189910503,59,45
21,3536,346.410219381401,33,12
0,2451,158.413456415784,72,72
89,4578,3737.25990514313,89,0
10,5001,321.225609672965,74,64
12,3480,240.78761443285,83,71
77,7980,5330.23761813458,95,18
46,3819,998.874989760631,78,32
63,7310,3415.43943942136,75,12
41,3436,742.891012250285,55,14
31,1373,200.191912997204,65,34
38,1906,366.657287436427,79,41
24,6384,704.234392629423,84,60
9,3298,204.248893089947,52,43
91,5975,5006.38871823053,97,6
86,9769,7648.22401605502,88,2
14,2594,193.618303921684,71,57
60,2033,865.928223506685,72,12
0,9524,615.556817178264,86,86
69,9897,5475.78960328047,84,15
52,8560,2786.39400544101,54,2
74,5328,3333.43742126911,78,4
9,8421,521.522113011051,84,75
36,5639,1002.70811544399,64,28
90,7961,6584.81558350545,97,7
65,8063,3995.49358088995,73,8
94,5040,4397.08365196412,94,0
7,3441,198.582080517039,65,58
63,1149,536.845405731209,71,8
90,4923,4071.98180097944,91,1
91,4984,4176.0403969307,91,0
16,7458,601.061647379765,72,56
7,1427,82.352987183323,73,66
34,5945,976.668827012247,89,55
66,1941,989.640893431501,90,24
27,5123,636.833328723893,78,51
98,9493,8901.03184785846,99,1
72,8387,5005.76805331672,92,20
51,3425,1075.9181117913,91,40
31,3996,582.641576356029,77,46
33,4559,719.800888018447,85,52
68,1103,594.24609432102,74,6
17,4448,372.610907751407,71,54
42,5962,1339.70987623221,69,27
11,4841,322.655184415914,69,58
61,8249,3625.60673419908,85,24
63,7406,3460.29336366,77,14
50,4247,1287.0310826794,64,14
3,3714,189.050118821547,74,71
31,2948,429.836678452846,74,43
82,6060,4451.04449549279,86,4
74,9288,5810.99226140155,75,1
50,8778,2660.12687632677,70,20
71,4179,2433.6377065534,74,3
97,4471,4118.6934494712,99,2
28,4565,590.556454594529,59,31
64,3209,1544.54223320779,88,24
44,2031,492.638586151456,77,33
35,5371,918.027720237823,83,48
46,5786,1513.35184361221,90,44
82,4013,2947.53161062914,85,3
66,4456,2271.94220563151,83,17
56,6053,2262.23729332853,79,23
67,5108,2677.99546387029,82,15
15,2288,177.438819200613,47,32
88,2988,2406.62312310591,92,4
35,6860,1172.53214686864,69,34
66,3213,1638.18453920423,79,13
32,4520,685.823128961269,72,40
10,6132,393.872313240276,77,67
38,1168,224.688201325156,85,47
95,5690,5043.92534855296,96,1
20,1363,128.376096457629,87,67
45,8472,2134.20031894263,72,27
59,3839,1583.7917068296,94,35
22,2459,250.604304397048,67,45
0,7295,471.491703204057,76,76
63,2862,1337.20761636442,68,5
62,6029,2732.88944217018,74,12
97,7359,6779.1243781388,97,0
91,6996,5861.87371928715,97,6
66,4457,2272.45206698825,89,23
71,5441,3168.56251767338,73,2
82,6625,4866.03461759732,88,6
30,5854,820.190595960477,62,32
14,5332,397.984886858295,57,43
58,1457,581.906177751326,81,23
40,6733,1400.38111530793,79,39
66,3853,1964.49580751755,82,16
41,3842,830.67149856391,77,36
40,3280,682.199622487751,40,0
80,5279,3740.69723595011,85,5
81,8537,6160.9866720883,88,7
55,9737,3517.83461869563,74,19
44,4749,1151.91563054321,86,42
64,6477,3117.48209550852,69,5
57,2066,798.391090594573,86,29
50,5766,1747.35606845525,83,33
46,6633,1734.88814011057,89,43
88,8315,6697.14567223079,91,3
19,1846,167.181290390601,79,60
56,5873,2194.96441825846,71,15
14,1219,90.9871674944226,83,69
5,3064,165.52129600258,71,66
76,5138,3360.25442634858,88,12
63,6343,2963.62959839257,72,9
17,6475,542.413585362041,77,60
41,1283,277.39498507483,87,46
54,6472,2259.33385874178,86,32
69,4584,2536.22507238938,81,12
44,3728,904.262259563086,76,32
78,4032,2748.67578699035,81,3
46,8255,2159.12884013459,82,36
21,5403,529.314031481253,83,62
54,5900,2059.65231251182,68,14
79,4023,2797.07697889116,87,8
51,3112,977.593332523948,75,24
64,2556,1230.24305019605,81,17
96,6476,5851.72167831193,98,2
84,4114,3123.69640511173,88,4
85,7154,5517.45867069848,91,6
47,6717,1823.611193439,88,41
5,1353,73.0908333849513,51,46
35,5364,916.831258863467,63,28
23,6393,677.819998033308,42,19
89,9672,7895.75749291053,98,9
51,5895,1851.83569898094,90,39
55,8860,3200.98744188592,70,15
11,2802,186.754766935218,63,52
28,9159,1184.86452741102,86,58
7,3243,187.155387130705,79,72
18,6189,539.01035376702,66,48
40,6066,1261.65332622277,73,33
29,3994,537.718442034628,87,58
44,2995,726.466058849636,76,32
86,4604,3604.50643565537,91,5
49,5512,1610.81718291334,74,25
56,6830,2552.63187071433,58,2
19,2304,208.659638710695,70,51
44,8437,2046.47550534704,79,35
80,1991,1410.82178381827,81,1
93,3312,2848.83069513407,93,0
14,7558,564.135366630719,53,39
74,9695,6065.62984219294,82,8
23,3519,373.103171137058,74,51
92,5707,4844.08939770186,93,1
27,7401,920.008484459405,89,62
69,5478,3030.85535483181,74,5
86,5711,4471.18511164809,89,3
2,1316,65.2484547134554,71,69
3,5497,279.808428422736,82,79
5,1887,101.93821330185,55,50
30,7347,1029.37142270612,56,26
0,2425,156.733019913617,83,83
27,9671,1202.18917081569,87,60
8,3076,183.819454090715,85,77
58,9090,3630.42357979379,68,10
60,1624,691.720332009275,63,3
29,4013,540.276441633691,85,56
89,4053,3308.67505363589,94,5
83,3514,2625.07942119518,95,12
74,3360,2102.16774314268,75,1
30,2930,410.515621141817,91,61
3,7537,383.648558308562,80,77
60,8134,3464.5647663568,73,13
5,6040,326.288716663049,6,1
11,8552,569.995277241252,71,60
65,5711,2829.99675560741,85,20
14,7803,582.422369121394,84,70
95,1886,1671.85293626905,95,0
34,3537,581.072773951609,71,37
58,8749,3494.23277223497,77,19
61,5011,2202.43851922313,84,23
5,1347,72.7667055207164,87,82
31,5978,871.629465329415,67,36
64,7984,3842.82492674696,87,23
12,1270,87.8736408993448,38,26
83,9597,7169.29061047527,86,3
19,7697,697.071718383777,65,46
37,8577,1586.4299916734,76,39
87,5875,4666.48395135939,88,1
66,9769,4980.83559398884,79,13
88,4429,3567.24692511247,97,9
47,5499,1492.93404089936,84,37
7,2121,122.404124608149,76,69
43,5047,1178.4274541604,82,39
9,9808,607.42060140273,64,55
21,6333,620.423054112673,86,65
8,5491,328.138043697047,89,81
52,4361,1419.56358151031,69,17
79,2736,1902.26264336222,95,16
46,2828,739.674907316854,93,47
74,4144,2592.67354987597,85,11
44,4107,996.19235515708,72,28
96,3958,3576.45373730059,97,1
68,8361,4504.52547109524,76,8
13,4074,292.72993073421,83,70
20,2247,211.636895627507,77,57
20,1354,127.528418638026,63,43
68,1346,725.163411564908,85,17
77,2070,1382.65562274919,82,5
60,3954,1684.15159652997,73,13
66,5406,2756.3104945341,87,21
60,3698,1575.1119382822,85,25
94,9814,8562.09900007458,94,0
67,9447,4952.82363883763,67,0
44,5563,1349.35916039417,72,28
29,9802,1319.65853000086,73,44
27,4439,551.806196799797,62,35
38,5084,978.009259877646,89,51
29,2326,313.153003548459,79,50
51,3791,1190.89213483235,55,4
46,6664,1742.9963162516,92,46
86,6704,5248.61232507246,89,3
14,2822,210.636412361986,82,68
81,9131,6589.66490603705,90,9
52,1615,525.704009204115,78,26
24,3443,379.805609934697,78,54
87,1654,1313.76416264654,93,6
42,1171,263.133221245878,69,27
74,1771,1108.01758128145,79,5
69,9101,5035.38053748162,90,21
92,5106,4333.96188271696,98,6
69,7220,3994.66514455744,77,8
47,7376,2002.52436546167,84,37
2,6978,345.97546883776,83,81
24,5615,619.4041532917,88,64
92,5838,4955.28191760706,93,1
51,3982,1250.89223975269,83,32
30,6784,950.490776049859,39,9
25,6036,692.833049238804,61,36
51,8679,2726.3922021129,83,32
36,8825,1569.23197708694,73,37
39,4607,921.605763735441,68,29
17,6699,561.178163450241,84,67
10,3117,200.212002669592,64,54
87,6752,5363.0807897155,90,3
29,2529,340.48320979108,79,50
15,9055,702.232739449978,80,65
80,2552,1808.34615384442,91,11
13,3934,282.670482942656,78,65
73,5020,3068.67678993483,81,8
93,3327,2861.73300806493,93,0
94,7947,6933.25868693628,97,3
71,9734,5668.58804393175,93,22
81,8899,6422.23502341734,84,3
33,3572,563.967706076309,65,32
84,7938,6027.20030718934,87,3
63,9713,4538.18923051979,92,29
3,4843,246.518504429928,72,69
38,7365,1416.805310582,77,39
86,6456,5054.45124860796,90,4
4,2697,141.284555433135,69,65
43,7229,1687.90411454835,72,29
77,4569,3051.86161369134,88,11
7,8708,502.543666708043,63,56
28,4581,592.626312923885,63,35
21,6803,666.467398883391,69,48
67,8213,4305.86858746411,67,0
29,2970,399.855726800912,81,52
72,1073,640.418400048747,86,14
19,6980,632.137273524589,63,44
72,5581,3331.01126810071,73,1
39,6614,1323.09540294035,68,29
52,1262,410.797807811513,63,11
24,6907,761.927780371464,68,44
33,2167,342.138303210347,86,53
47,3958,1074.56499979627,92,45
92,6010,5101.27514984899,93,1
1,6447,312.246127301874,89,88
67,6368,3338.58165895184,84,17
94,4850,4231.32057778293,95,1
6,3117,173.919321727876,70,64
84,3508,2663.57000221973,87,3
52,2521,820.619075667848,78,26
99,3753,3574.28571428571,99,0
28,2642,341.785356634993,88,60
59,2260,932.370215533963,67,8
24,1113,122.777706609735,79,55
72,3693,2204.16137127682,88,16
29,3794,510.792130465543,70,41
43,3943,920.653745146516,89,46
61,3735,1641.61003178974,75,14
93,8184,7039.50193507766,94,1
28,8389,1085.25259531073,73,45
74,4591,2872.33693713335,80,6
99,8258,7864.7619047619,99,0
51,7199,2261.46992314907,80,29
67,1633,856.140679816011,76,9
76,6987,4569.50129951295,85,9
54,1588,554.36065631674,63,9
89,1572,1283.30549822739,92,3
47,2041,554.114998631679,73,26
41,8263,1786.5274837672,49,8
59,2268,935.670641075677,80,21
8,1631,97.4673373283344,77,69
28,3054,395.084208615924,78,50
27,4786,594.941306123863,54,27
60,4242,1806.82121205871,72,12
45,2661,670.338414625393,89,44
60,9928,4228.69424642123,75,15
8,9860,589.226208496246,90,82
40,1289,268.096132130095,86,46
2,1090,54.0431729769501,88,86
75,2296,1469.18896447427,81,6
63,9304,4347.09282412809,64,1
21,1507,147.635803339302,86,65
58,1397,557.942985805492,73,15
41,9179,1984.57409820878,71,30
93,5249,4514.9493716059,97,4
43,4068,949.840079953342,60,17
36,1158,205.911686058547,75,39
41,5747,1242.54791833597,53,12
77,5290,3533.45325813683,77,0
72,7519,4487.70358803964,90,18
33,7848,1239.08694212958,85,52
21,1344,131.667232706053,77,56
82,1222,897.553857011913,91,9
0,2619,169.271661506707,53,53
7,6957,401.492453983447,66,59
46,2831,740.45956952405,54,8
27,2633,327.304734438807,85,58
42,8735,1962.82552312788,86,44
1,7039,340.91833256986,59,58
75,6042,3866.2193917045,77,2
66,2817,1436.27944193536,71,5
73,2303,1407.80132414739,84,11
73,8240,5037.03122491295,78,5
95,9380,8314.9419629924,95,0
8,8217,491.041760163657,20,12
40,9286,1931.37368732355,88,48
30,9408,1318.13343471065,54,24
79,1800,1251.48858115935,91,12
56,9975,3728.03849346639,76,20
14,6934,517.559490899366,86,72
82,8027,5895.79771704961,89,7
37,9618,1778.97675876353,62,25
65,1684,834.47986980264,85,20
15,9136,708.514445898951,47,32
73,4733,2893.23650333896,95,22
29,1672,225.103964717551,92,63
25,9515,1092.16475538556,78,53
27,4747,590.093267900121,76,49
35,4063,694.460366286776,75,40
23,4492,476.265826867765,59,36
59,2968,1224.45787597558,71,12
60,9388,3998.68871730485,71,11
15,6013,466.319763921891,84,69
52,8033,2614.84848664808,88,36
8,1224,73.1453224340167,87,79
15,5994,464.846277223983,74,59
78,1177,802.378819763799,87,9
30,3614,506.34930198175,87,57
86,2244,1756.84457897712,87,1
98,5804,5442.07193142005,99,1
66,6939,3537.92795441586,90,24
81,2433,1755.84872592138,83,2
5,2671,144.290920895199,74,69
33,5038,795.42813639766,64,31
78,4168,2841.38905758328,83,5
66,3304,1684.58192266753,78,12
78,5410,3688.0793669687,84,6
46,1609,420.840497126173,85,39
37,5143,951.266112530759,55,18
95,9724,8619.88226525992,97,2
5,5010,270.646766636072,85,80
69,8142,4504.78720318375,70,1
85,1639,1264.06412654107,97,12
59,3614,1490.96723846891,93,34
94,2469,2154.0475271229,94,0
24,6666,735.342490800084,68,44
98,5274,4945.12187565633,98,0
21,7204,705.752041975004,48,27
14,5809,433.588561095243,88,74
14,3049,227.579879975795,42,28
95,1263,1119.59186559269,96,1
59,4676,1929.09872913133,88,29
47,6443,1749.22240871333,81,34
14,6996,522.187222141904,87,73
41,9081,1963.38570496066,80,39
92,9882,8387.82047101626,92,0
74,7230,4523.41451872666,79,5
71,7908,4605.21823006085,93,22
38,9572,1841.36597866814,73,35
37,3094,572.276366356245,77,40
16,2935,236.540082469779,50,34
26,8154,973.982284921937,88,62
60,3623,1543.16672590493,92,32
79,3286,2284.6619320498,82,3
7,6277,362.249264575836,40,33
16,9094,732.911587727486,65,49
31,2695,392.947709779654,66,35
22,8721,888.784114943738,60,38
30,3004,420.883592460757,84,54
45,2107,530.779045327209,73,28
79,2017,1402.36248233245,82,3
73,8507,5200.24570756487,83,10
2,9463,469.183987046678,24,22
65,1740,862.229794214129,71,6
89,5058,4129.10891223547,97,8
98,2823,2646.96227815279,98,0
75,1628,1041.74200094256,77,2
25,5870,673.778992549997,74,49
52,3836,1248.66908935417,61,9
7,7312,421.979707277125,89,82
15,4953,384.114716564963,53,38
60,7056,3005.40558045409,71,11
43,2784,650.038048817626,85,42
82,6234,4578.84676318516,94,12
5,2057,111.121836121836,89,84
62,3804,1724.31770409941,62,0
14,2283,170.405006882499,33,19
1,7496,363.052112650046,54,53
77,5957,3978.97562546713,78,1
92,3324,2821.40409286157,92,0
73,5396,3298.52190408135,76,3
93,4647,3997.13654598068,95,2
98,6235,5846.19546733356,98,0
78,9205,6275.18864564637,92,14
16,5370,432.783728402969,43,27
36,1373,244.142266803441,74,38
24,4060,447.868363733625,67,43
59,1068,440.606809818705,63,4
79,7355,5113.72139690391,87,8
21,8074,790.983063146333,72,51
35,1228,209.893509672695,76,41
55,6508,2351.24450020244,83,28
88,8401,6766.4126028155,93,5
95,9076,8045.45983540714,98,3
24,3508,386.975916250629,81,57
57,5303,2049.30685064038,61,4
16,4668,376.207531505597,81,65
77,6277,4192.71948985348,83,6
80,7192,5096.24825174336,83,3
42,3058,687.157464192907,73,31
11,1398,93.1774318970147,69,58
97,3470,3196.57040251959,97,0
42,3977,893.664236460167,72,30
12,3119,215.809359027604,80,68
47,4961,1346.87139059861,87,40
67,4356,2283.74084585336,73,6
44,8983,2178.91305731095,81,37
40,9044,1881.0406663961,59,19
98,8839,8287.81423187832,99,1
87,6650,5282.0626853685,95,8
12,8863,613.247306528262,85,73
66,2895,1476.04862776105,82,16
73,2217,1355.23036718835,76,3
25,8726,1001.60059437671,73,48
27,4735,588.601563831277,64,37
82,7452,5473.46263703173,82,0
52,5860,1907.50804578088,73,21
73,1106,676.08695810118,87,14
3,4711,239.799437202021,72,69
23,7014,743.661734116318,78,55
48,4757,1340.13898016332,74,26
82,6068,4456.92046182348,91,9
46,7961,2082.23194382938,74,28
70,6606,3750.9935434765,86,16
57,5830,2252.96227403986,92,35
35,9526,1628.2130074447,87,52
19,6119,554.161601245983,88,69
31,1323,192.901602982739,82,51
29,5219,702.642100395273,85,56
93,2502,2152.10579686758,96,3
28,4603,595.47236812675,90,62
74,1433,896.549516643887,80,6
11,4161,277.332828414505,38,27
22,9502,968.378243343126,71,49
75,5940,3800.9505439796,86,11
51,5516,1732.7778991652,72,21
51,8439,2650.99940011877,74,23
86,4261,3335.96914038391,90,4
93,6509,5598.7436577982,95,2
99,8602,8192.38095238095,99,0
61,1942,853.54931237903,83,22
84,7349,5579.98174068209,94,10
96,7740,6993.87365505471,96,0
40,9340,1942.60502257183,92,52
48,2101,591.892368577494,81,33
62,3927,1780.0724563613,65,3
70,9683,5498.1638633792,87,17
34,2477,406.931654248837,77,43
93,8086,6955.20682392937,96,3
99,5293,5040.95238095238,99,0
47,1812,491.943350083588,72,25
68,4979,2682.45811751982,69,1
24,6212,685.260658993418,76,52
87,1798,1428.14266290114,89,2
33,2449,386.66206947953,68,35
99,8562,8154.28571428571,99,0
96,4324,3907.17179385744,96,0
32,6238,946.496610278848,85,53
49,7359,2150.58121354485,83,34
94,4473,3902.41174111816,96,2
97,7803,7188.13799736609,97,0
27,4953,615.700854415273,83,56
8,4109,245.550759707006,67,59
55,5662,2045.59716658669,77,22
35,6736,1151.3376882372,88,53
44,1194,289.616185063928,90,46
31,1927,280.968547957475,55,24
99,5875,5595.23809523809,99,0
48,4515,1271.96289582455,82,34
3,8403,427.729711485584,73,70
83,7951,5939.67173532238,84,1
1,2430,117.691653380418,88,87
57,5098,1970.08605026676,78,21
3,9231,469.87658773336,88,85
17,2140,179.268737092628,48,31
92,9187,7797.90595701542,94,2
94,3123,2724.6214771992,99,5
7,4502,259.812998107442,74,67
8,3539,211.48798700489,64,56
13,1060,76.164390421763,71,58
61,3914,1720.28424750336,63,2
58,3250,1298.00623039932,77,19
77,3664,2447.36724722369,79,2
62,1109,502.699351694597,83,21
23,6186,655.872752672305,64,41
23,2796,296.446850383408,74,51
8,4273,255.351276765158,42,34
33,9651,1523.75485199957,66,33
18,2344,204.142877561786,65,47
75,9087,5814.68646349202,85,10
96,6647,6006.23749162128,96,0
11,6992,466.020460532136,76,65
25,4661,535.005772448984,70,45
70,5654,3210.43256052318,92,22
27,2459,305.675025440572,74,47
23,5280,559.813794715449,71,48
85,3312,2554.35044972789,93,8
9,4588,284.140061096628,87,78
33,4824,761.640597455799,74,41
26,3723,444.706407501149,75,49
46,8109,2120.94194605105,53,7
34,9695,1592.7341089796,75,41
19,4244,384.353952555639,69,50
99,5650,5380.95238095238,99,0
82,5762,4232.16474967483,87,5
86,9658,7561.32127618583,89,3
69,4424,2447.70063705293,75,6
50,1787,541.540980632939,75,25
22,3553,362.097232014116,70,48
58,4608,1840.37314144002,62,4
53,5551,1871.62538139072,81,28
44,8646,2097.17046571417,81,37
87,5887,4676.01549304727,90,3
32,8168,1239.33701711408,70,38
88,1658,1335.40198731914,90,2
62,4198,1902.91422760498,66,4
18,2391,208.23618611358,68,50
12,9752,674.758855157804,75,63
91,9885,8282.53597986757,93,2
67,6980,3659.43781084859,84,17
85,9588,7394.65945410358,85,0
23,4133,438.202729840711,75,52
77,5107,3411.21848569089,85,8
91,3907,3273.63359366137,91,0
4,3999,209.490892538787,86,82
46,8255,2159.12884013459,73,27
53,1549,522.274854219822,84,31
74,3384,2117.18322702227,85,11
25,5138,589.757489560798,68,43
62,4325,1960.48214254205,81,19
78,4428,3018.63501606976,85,7
80,1708,1210.28809983004,82,2
41,7338,1586.53499647631,84,43
97,7347,6768.06995599752,99,2
74,4271,2672.13048540547,82,8
85,8104,6250.13769462405,90,5
73,1273,778.172421033275,85,12
89,2469,2015.57333023119,96,7
84,5880,4464.59282014025,87,3
65,9512,4713.52287503724,70,5
61,5890,2588.77726566039,80,19
48,8163,2299.67510932798,62,14
6,4663,260.181519800156,68,62
29,1474,198.446916264156,77,48
40,8893,1849.63452523889,71,31
61,1708,750.701454965697,70,9
38,8227,1582.62828108053,80,42
50,8600,2606.18490959333,85,35
25,1444,165.747336497819,72,47
29,2946,396.624569412622,87,58
99,8643,8231.42857142857,99,0
85,8913,6874.07172657751,88,3
94,5162,4503.52099433309,94,0
86,7148,5596.22328454921,92,6
9,1541,95.4358836420888,64,55
5,3731,201.55351024335,69,64
31,8847,1289.94745395941,87,56
28,8897,1150.9705972678,64,36
44,1412,342.494182001899,75,31
61,2545,1118.58032955954,71,10
84,3324,2523.86165546704,85,1
83,1989,1485.85172702254,86,3
41,3200,691.865901979311,89,48
56,3655,1366.01310211726,89,33
98,4949,4640.38835089556,98,0
25,5399,619.715976282357,59,34
63,8932,4173.28386770336,84,21
30,4921,689.470092709516,81,51
87,6081,4830.10875033471,96,9
34,7474,1227.85917797974,86,52
59,6517,2688.60915691807,69,10
7,6536,377.196302894323,86,79
33,6138,969.102401986669,76,43
80,2002,1418.61637930898,90,10
28,2667,345.019510274613,55,27
83,3304,2468.20216494845,93,10
59,2953,1218.26957808486,67,8
10,1812,116.388883168849,78,68
42,4317,970.065000955128,85,43
37,3001,555.074781976435,66,29
29,3618,487.096976284748,85,56
10,2793,179.400745414235,52,42
90,4224,3493.81497609936,95,5
98,4280,4013.10611069569,98,0
0,1773,114.592843013131,77,77
31,9755,1422.33948382209,76,45
73,5655,3456.84606515567,91,18
84,9941,7548.04714711126,88,4
16,1473,118.713302036792,64,48
81,4189,3023.11973402576,86,5
91,5009,4196.98763006137,97,6
94,6893,6013.70984384696,96,2
73,1702,1040.41591563129,87,14
11,9653,643.377503649415,78,67
30,4708,659.627148237432,87,57
62,8774,3977.17232801478,72,10
1,1955,94.6860832751921,79,78
90,4465,3693.15432487776,95,5
56,2601,972.093044762514,81,25
97,4346,4003.54321883289,97,0
68,9500,5118.16672352647,81,13
75,6631,4243.11499278261,80,5
53,6458,2177.43770726379,76,23
5,7357,397.434782862592,88,83
3,2961,150.720894407808,83,80
23,6968,738.78456848054,89,66
13,3908,280.802299781368,85,72
78,7810,5324.1959068439,87,9
38,8501,1635.33767077495,88,50
64,5775,2779.59844087721,80,16
89,7009,5721.81185564618,91,2
13,7680,551.832564565226,77,64
96,6281,5675.51943506443,96,0
4,9414,493.160105616439,84,80
79,9249,6430.56549285715,79,0
49,3018,881.975010528383,71,22
1,7549,365.619049945998,14,13
85,6730,5190.45245370432,90,5
11,5518,367.777588846729,75,64
87,7192,5712.57065160455,89,2
18,3444,299.943716008017,80,62
76,4474,2925.99811278388,91,15
80,4996,3540.16355196188,88,8
36,4613,820.268227796265,65,29
59,2690,1109.76808840105,91,32
34,5615,922.455082199119,86,52
36,4941,878.592090514058,69,33
31,9991,1456.74974709036,84,53
82,2976,2185.85947501428,83,1
2,4267,211.561668892336,72,70
24,8034,886.249860649246,66,42
82,1117,820.431798921691,85,3
26,1533,183.114403088709,82,56
33,4276,675.119236053274,81,48
98,5858,5492.70457861107,98,0
13,1749,125.671244195909,82,69
11,9674,644.777164643577,58,47
79,4134,2874.25210806265,79,0
72,8642,5157.96441120342,72,0
24,3408,375.944675764579,73,49
44,8607,2087.7106405739,91,47
91,8161,6838.01478317645,98,7
44,3181,771.582147980198,61,17
97,9445,8700.75142703098,98,1
41,6763,1462.2153422144,76,35
92,3081,2615.14621242675,97,5
13,3326,238.983738247909,90,77
50,4761,1442.79608774114,82,32
59,9672,3990.21447993119,65,6
21,7759,760.123555480851,80,59
81,2929,2113.80226807387,86,5
57,4896,1892.0245786791,64,7
8,5654,337.878801504845,65,57
59,5279,2177.86830433796,79,20
55,1713,618.881657782233,63,8
65,6167,3055.96042581525,89,24
4,3804,199.275657718816,72,68
33,9144,1443.70680413263,78,45
28,9833,1272.05730953516,76,48
31,8680,1265.59781851109,61,30
81,6761,4879.28205341326,86,5
69,2585,1430.22290840457,95,26
92,8518,7230.06018742325,93,1
17,5090,426.391528879195,82,65
2,6309,312.805851661999,90,88
41,2365,511.332143181584,89,48
47,3363,913.027310337255,64,17
34,3678,604.236828553582,87,53
74,4160,2602.68387246237,90,16
55,3342,1207.41535336148,60,5
57,5862,2265.32844775672,87,30
75,5217,3338.30959392956,76,1
62,3346,1516.71057779091,79,17
9,3418,211.680629648708,76,67
25,6233,715.445393622509,75,50
0,3608,233.192880762198,83,83
37,3947,730.05003814095,82,45
64,9037,4349.65040869392,93,29
6,5019,280.04526010658,56,50
50,1877,568.815008756591,70,20
86,9446,7395.34487211134,94,8
59,3828,1579.25362170974,73,14
34,3086,506.980656040335,82,48
23,6810,722.03256477504,70,47
23,2500,265.063349770573,75,52
38,9526,1832.51695704061,76,38
4,8811,461.571456403914,81,77
39,7565,1513.33787772056,68,29
20,2620,246.768431928824,60,40
0,2101,135.792195809695,72,72
64,1717,826.419138179425,85,21
51,2381,747.959423116813,80,29
7,4032,232.689028958065,18,11
63,9650,4508.75384273818,79,16
65,4598,2278.46700792906,85,20
35,5200,888.799878092847,83,48
79,2308,1604.68646961988,81,2
39,4682,936.609113481514,72,33
10,1015,65.1957596116895,76,66
56,5988,2237.94431066433,72,16
15,6331,490.981278128969,21,6
28,5650,730.918722554017,52,24
24,3638,401.316528882494,78,54
18,5614,488.932642761035,77,59
31,1856,270.616307736934,66,35
51,9063,2847.02068530352,63,12
35,5962,1019.04324484414,57,22
54,2178,760.325887567922,86,32
59,9924,4094.17788449516,81,22
2,4501,223.163597769956,72,70
48,1909,537.802252077314,72,24
0,5050,326.392474459285,70,70
79,4294,2985.49553749904,86,7
27,8286,1030.02165953663,27,0
74,1642,1027.30935542866,91,17
35,3861,659.933909483939,78,43
99,4119,3922.85714285714,99,0
4,2419,126.721297587228,79,75
34,5020,824.706057460299,75,41
28,5879,760.543569892932,58,30
38,5269,1013.59771642315,78,40
69,8275,4578.37314005718,75,6
77,9362,6253.34393245312,77,0
65,2331,1155.09060362824,81,16
4,3898,204.199924760238,71,67
31,2779,405.195430603955,64,33
5,7011,378.743409358384,88,83
90,2870,2373.87523234024,92,2
95,7362,6526.07705027186,95,0
79,1076,748.112062959703,90,11
7,1524,87.9509127311733,78,71
92,7554,6411.81904857892,92,0
16,1716,138.297370193574,17,1
6,7598,423.94578328149,75,69
53,1536,517.891656605324,67,14
6,4277,238.643868793753,83,77
95,3533,3131.84327881153,95,0
77,1392,929.785810080618,96,19
93,1468,1262.70635883358,93,0
73,6709,4101.14593300255,80,7
99,1012,963.809523809524,99,0
87,5325,4229.62162399808,92,5
19,8748,792.254565729672,80,61
55,3357,1212.8346323263,88,33
23,1192,126.382205170609,57,34
62,3790,1717.97163473627,78,16
51,5812,1825.76235495796,80,29
83,5690,4250.62660973266,87,4
84,7169,5443.31053190229,86,2
20,5082,478.655408802399,81,61
9,2290,141.822305996355,40,31
24,6117,674.78098053167,75,51
79,2315,1609.55336965772,85,6
32,2632,399.35541491727,65,33
87,8756,6954.84825159196,94,7
84,4975,3777.44035377513,85,1
8,1483,88.6229682758553,81,73
94,8697,7587.5866113357,94,0
25,8588,985.760474960711,25,0
50,1112,336.985769705556,89,39
63,3790,1770.79555067127,77,14
1,4990,241.679568052792,77,76
64,1480,712.347306060308,85,21
5,3195,172.59808770504,75,70
84,4646,3527.63575550537,93,9
98,1907,1788.08255913474,98,0
94,7826,6827.69378179984,94,0
74,8116,5077.73613194821,78,4
61,6136,2696.89937217185,91,30
67,4797,2514.94601413191,86,19
25,8741,1003.32234648714,81,56
24,1484,163.70360881298,60,36
6,4636,258.675000170175,21,15
60,6276,2673.17537173042,86,26
37,4295,794.41725711056,47,10
17,3059,256.253769516986,57,40
97,1827,1683.03577100959,97,0
45,6516,1641.46001867684,45,0
71,8164,4754.29964974921,85,14
16,1556,125.402510501866,90,74
54,5776,2016.36470458784,73,19
5,5855,316.294774182476,87,82
19,6043,547.278731219068,78,59
61,5059,2223.53551561561,65,4
8,2287,136.669405560945,86,78
38,7651,1471.823140701,87,49
37,1341,248.03574896048,85,48
1,1120,54.2447126691638,76,75
84,9437,7165.36776252781,92,8
8,1731,103.443262363793,75,67
76,4885,3194.79230687287,78,2
91,8757,7337.39682101167,93,2
46,1426,372.976102487211,89,43
19,2249,203.678614349112,90,71
59,8935,3686.16277690087,69,10
95,1392,1233.94447894301,95,0
87,9041,7181.22236667918,89,2
71,5943,3460.90186409353,75,4
56,9652,3607.3210565351,76,20
29,7526,1013.23710434467,85,56
83,5765,4306.65420124934,88,5
31,5485,799.747008586792,80,49
62,8485,3846.17132473278,90,28
20,2823,265.888276082088,81,61
58,5967,2383.13943901315,73,15
46,7744,2025.47471084219,67,21
26,3744,447.214823981817,88,62
80,5306,3759.82942488185,91,11
32,1515,229.87213282662,65,33
60,3059,1302.93872882782,65,5
25,7883,904.838125770294,53,28
84,2385,1810.8935163324,93,9
56,5564,2079.47931605484,62,6
56,1595,596.112420759789,64,8
52,3872,1260.38756881631,77,25
20,4410,415.362131605387,76,56
80,8366,5928.14417047899,88,8
25,5916,679.059032355329,91,66
95,7962,7057.94967050591,98,3
11,2549,169.892184481753,54,43
55,3419,1235.23431871422,67,12
87,5206,4135.10050225991,97,10
58,6383,2549.28423650426,88,30
29,6843,921.283750336243,67,38
75,2168,1387.28295948616,81,6
12,8946,618.990229516172,69,57
42,3865,868.496925803004,62,20
47,3827,1038.99955892378,91,44
74,3630,2271.09193678807,74,0
35,3193,545.757309759704,88,53
64,6252,3009.18605235746,92,28
6,1298,72.4245362857823,56,50
3,2502,127.356865183498,47,44
83,4549,3398.26018412546,88,5
96,8006,7234.23158686925,97,1
17,5348,448.004301855783,71,54
81,8201,5918.50201450113,92,11
44,2833,687.171400574631,90,46
8,3486,208.320746736097,82,74
98,2908,2726.66181539791,99,1
8,3548,212.025820258081,74,66
42,3526,792.320869438911,54,12
29,9269,1247.89990966924,77,48
87,4883,3878.54317182772,88,1
78,7505,5116.27276323476,81,3
54,5332,1861.36714073102,82,28
34,2599,426.974311422175,68,34
37,3430,634.424026051041,81,44
63,8258,3858.37194127792,87,24
33,7890,1245.71814136116,91,58
54,3049,1064.38642387263,79,25
17,8325,697.388895465481,86,69
0,4167,269.32226555878,61,61
3,8592,437.350194107359,45,42
12,6264,433.417705979131,64,52
26,1889,225.63803485621,88,62
41,2008,434.145853492018,62,21
28,4652,601.811309260405,63,35
27,6881,855.367974809508,88,61
75,4430,2834.71564138546,78,3
89,3424,2795.18958392531,95,6
21,4668,457.30851359513,84,63
86,6096,4772.60452470789,86,0
33,4019,634.542612183842,48,15
51,7904,2482.93627900684,85,34
57,4772,1844.10565552628,82,25
34,7250,1191.05954513689,82,48
47,9490,2576.45827389252,56,9
58,9199,3673.95671182872,70,12
58,1141,455.700033503269,90,32
80,4322,3062.56742825845,92,12
8,7094,423.932122015453,66,58
33,5619,887.159725767855,65,32
83,1250,933.793191944784,90,7
61,2827,1242.52518336535,76,15
89,5969,4872.80567361279,91,2
20,4648,437.778500612662,81,61
18,7353,640.385059177395,72,54
73,3344,2044.15441943069,86,13
0,5740,370.988673939861,75,75
13,3896,279.940061399235,65,52
51,2207,693.299641671065,87,36
38,9537,1834.6330274298,88,50
84,2955,2243.68567746844,93,9
71,3960,2306.10321080437,89,18
94,1673,1459.58749002698,94,0
98,2127,1994.36371435741,98,0
91,2248,1883.57520311,95,4
63,8632,4033.11535445761,90,27
0,4348,281.020688900787,87,87
90,2150,1778.33858868694,92,2
21,6346,621.696621095693,77,56
16,6510,524.659603706392,61,45
65,1169,579.279672089837,88,23
73,1540,941.386903685188,83,10
18,8344,726.692905450317,76,58
81,5982,4317.09292168586,85,4
69,2582,1428.56307524201,71,2
17,1372,114.933040790227,78,61
41,5074,1097.03987082594,69,28
13,4660,334.835905061713,72,59
33,9350,1476.23125750657,73,40
29,3881,522.505075998095,67,38
90,2103,1739.46328000401,92,2
3,8113,412.968124393971,83,80
55,5151,1860.98039651855,92,37
98,6333,5938.08434556912,98,0
13,8544,613.913728078814,86,73
86,5882,4605.06230550062,87,1
1,7970,386.009249976103,82,81
30,5876,823.272965812054,78,48
1,7795,377.533513621546,89,88
14,6374,475.760628063536,80,66
22,7853,800.323547145187,69,47
2,9566,474.290818988537,20,18
76,4638,3033.25419023058,80,4
64,2627,1264.41646825705,85,21
2,2968,147.15608935375,5,3
23,8925,946.276158680944,57,34
76,5870,3838.98277202534,94,18
51,2886,906.598443979471,62,11
47,6949,1886.59731773226,79,32
76,5052,3304.01038573629,77,1
26,9701,1158.76896566442,47,21
48,9520,2681.96827646728,84,36
40,2519,523.920990563001,75,35
90,8766,7250.65863647893,90,0
76,2997,1960.0394152913,83,7
3,2148,109.33754852684,80,77
21,5339,523.044163257155,39,18
16,7031,566.648490577518,37,21
57,1962,758.201026014788,78,21
10,1069,68.6643024875824,72,62
76,8870,5800.98418873335,87,11
84,1674,1271.04224165217,92,8
67,6067,3180.77495679347,83,16
6,5107,284.955398159854,80,74
91,2314,1938.87589857497,93,2
19,2529,229.036556553537,50,31
13,7428,533.72555854043,87,74
56,4582,1712.46840872812,84,28
26,2754,328.960904178932,56,30
8,8610,514.52714555301,84,76
47,2116,574.476892260967,80,33
39,3185,637.142252549898,76,37
42,9743,2189.33131904235,60,18
71,6074,3537.18962182468,92,21
77,4079,2724.56632134974,80,3
47,6833,1855.10425558563,92,45
6,7546,421.044338068192,82,76
44,1728,419.143021600057,51,7
12,1007,69.6761861304254,84,72
4,1786,93.5610737870151,89,85
5,2479,133.918829239685,62,57
97,7464,6875.85057187498,97,0
53,3304,1114.00653217708,80,27
83,7631,5700.62067818452,84,1
21,7332,718.291778423199,73,52
84,6602,5012.79622424591,92,8
72,2301,1373.34831175412,83,11
52,1273,414.378454313832,92,40
3,5754,292.890248707372,82,79
72,5149,3073.17273238677,72,0
13,2646,190.123563260363,57,44
21,5982,586.036745571137,71,50
35,9136,1561.55301658774,86,51
28,8098,1047.60704694556,87,59
45,3653,920.235335823586,87,42
54,8844,3087.38390709399,80,26
70,3000,1703.44847569323,91,21
29,7902,1063.85857009455,86,57
67,5953,3121.00763438133,84,17
83,6731,5028.28957998427,83,0
89,8831,7209.20537840083,89,0
33,4259,672.435179221444,71,38
91,6826,5719.43253399859,96,5
50,5048,1529.7699329799,80,30
28,4435,573.738855668507,84,56
96,9441,8530.89937692139,97,1
7,5141,296.690054036064,70,63
96,1261,1139.44117300052,96,0
91,2500,2094.72331306717,95,4
32,2493,378.264836393903,55,23
41,4039,873.264493154511,81,40
45,6331,1594.85625817113,88,43
71,4138,2409.76138543143,81,10
24,2237,246.768849672935,72,48
0,5713,369.243605264534,80,80
30,2862,400.988296146034,64,34
88,6948,5596.1236477041,96,8
20,3468,326.638519820291,67,47
78,3702,2523.70976275751,84,6
20,8391,790.318287143039,66,46
58,1706,681.353424326535,77,19
89,2093,1708.6249413422,95,6
58,2653,1059.57247053828,76,18
26,4973,594.016912302771,87,61
63,5134,2398.75049001221,92,29
23,3373,357.623471510457,89,66
2,7658,379.690475832554,58,56
48,4020,1132.51181422253,91,43
96,2817,2545.44471399084,97,1
75,3199,2047.01023403885,89,14
52,2603,847.311167776044,80,28
93,2088,1796.00195997583,94,1
86,2582,2021.46733641663,96,10
6,1480,82.579594532325,61,55
97,2640,2431.97287108118,98,1
0,4840,312.819718095632,52,52
83,5898,4406.00979687227,88,5
34,3315,544.601709259142,87,53
9,5429,336.224148145944,86,77
27,7672,953.696134680794,78,51
71,3654,2127.90432633312,79,8
76,3001,1962.65541718024,94,18
81,3649,2633.41224861781,90,9
88,9390,7562.98230453965,88,0
52,4001,1302.37878688896,70,18
1,3726,180.460535183307,64,63
89,9403,7676.1587785192,92,3
2,5486,272.000777019769,83,81
22,2029,206.781672883941,65,43
10,3197,205.350584707952,71,61
82,1423,1045.18751107034,88,6
55,4226,1526.79152702143,76,21
83,8482,6336.34708326053,84,1
34,3790,622.636644975007,57,23
0,7432,480.346310927011,80,80
46,1985,519.184827094751,87,41
11,5114,340.850777340009,72,61
82,8137,5976.59225409651,86,4
99,8946,8520,99,0
2,3079,152.659568436724,67,65
15,8122,629.876787389588,64,49
36,2156,383.372707376707,91,55
66,8903,4539.29565905237,85,19
62,9386,4254.58621731784,85,23
70,5218,2962.8647153891,92,22
90,2815,2328.38284983895,90,0
10,8137,522.658025576668,63,53
89,2868,2341.29781737669,91,2
74,9793,6126.9430680346,82,8
82,7536,5535.16028350391,86,4
75,4155,2658.74570879381,89,14
73,2095,1280.65296313017,80,7
33,9570,1510.96611062438,72,39
76,3279,2144.46754846185,93,17
66,1132,577.163055829191,67,1
91,9171,7684.28300165559,93,2
99,5048,4807.61904761905,99,0
48,3236,911.643838513456,67,19
17,6511,545.429321126216,74,57
97,8525,7853.24572953299,98,1
75,9726,6223.57659776862,79,4
96,4744,4286.68431777514,98,2
86,6436,5038.79309728018,87,1
50,3689,1117.93210831277,57,7
37,7189,1329.70096888657,65,28
12,9695,670.814920093817,82,70
84,2563,1946.04615612576,92,8
82,2239,1644.53607680006,90,8
51,3751,1178.32666783333,78,27
17,8694,728.300187048275,62,45
14,1614,120.470293958981,62,48
51,4348,1365.86626279374,86,35
93,2317,1992.9772707203,97,4
45,1226,308.844380432443,60,15
50,2757,835.494394854513,89,39
90,3565,2948.73352031113,90,0
30,6644,930.875695176189,59,29
74,7630,4773.6725833865,74,0
89,2678,2186.19091873598,91,2
93,9603,8260.0607383371,94,1
78,6761,4609.07663587345,80,2
47,9802,2661.16375139036,91,44
57,4398,1699.57600021052,70,13
23,6028,639.120748966805,45,22
34,5908,970.590316230169,76,42
45,8978,2261.66790173122,87,42
23,2489,263.897071031582,80,57
53,5484,1849.03505522369,60,7
88,3223,2595.89903807575,89,1
30,3400,476.366249789139,59,29
68,6187,3333.2734229956,81,13
98,7420,6957.30078069206,99,1
19,6199,561.406727590105,82,63
23,6590,698.706989995229,86,63
72,5710,3408.00471973751,76,4
61,6215,2731.6215120678,82,21
69,4014,2220.85677150327,75,6
60,9861,4200.1565233642,78,18
5,5575,301.168807184851,79,74
49,3003,877.591436917407,75,26
4,8537,447.217741836365,65,61
69,4302,2380.20075510888,77,8
49,7167,2094.47147132436,87,38
62,5979,2710.22490873039,88,26
95,4908,4350.71803351457,96,1
66,9907,5051.1964612189,89,23
22,6386,650.817034517912,48,26
67,3843,2014.78789499873,77,10
58,2219,886.238715463412,92,34
66,1610,820.876784350704,83,17
61,6377,2802.82387489242,72,11
29,9107,1226.08959729829,84,55
23,9035,957.938946070849,84,61
32,5070,769.275058370273,53,21
66,5654,2882.75611100551,89,23
21,3618,354.443488043526,60,39
93,7641,6572.4382069805,96,3
10,3476,223.271389566732,72,62
91,7761,6502.85905308571,93,2
3,2979,151.637130847977,76,73
97,4403,4056.05172400396,98,1
79,4966,3452.71794113186,93,14
76,3672,2401.4897340506,80,4
94,7675,6695.95575968742,94,0
56,4800,1793.94333520187,93,37
47,2670,724.883413202638,71,24
21,2703,264.803965777129,70,49
7,9765,563.543742007813,63,56
73,3159,1931.06573294903,78,5
72,6935,4139.14408605598,79,7
32,2260,342.911564480634,77,45
62,8028,3639.01748909308,68,6
96,4437,4009.27873481625,97,1
88,9297,7488.07736797711,89,1
5,8903,480.951729213763,86,81
10,2683,172.335195111491,67,57
29,4651,626.171375539072,69,40
65,1922,952.417048551469,83,18
55,5001,1806.78760687037,86,31
88,9073,7307.66117668671,94,6
85,5257,4054.41434608078,86,1
75,2796,1789.13429645908,93,18
81,7329,5289.19659362014,83,2
2,1934,95.8894463646069,81,79
98,8294,7776.79955189487,98,0
97,6606,6085.4593887736,98,1
37,5699,1054.10569226381,78,41
98,6843,6416.28156903986,98,0
54,9554,3335.24037181998,89,35
85,3135,2417.84077895439,87,2
44,8878,2153.44429731789,87,43
78,4922,3355.40233719407,92,14
99,4646,4424.7619047619,99,0
9,4194,259.739192728696,77,68
78,1170,797.606813189164,92,14
91,2853,2390.49824487225,92,1
0,3161,204.302299359564,85,85
47,9691,2631.02814881901,61,14
43,3714,867.184379780411,84,41
8,4033,241.009056680057,49,41
65,1648,816.640632680968,65,0
10,6361,408.581504325081,87,77
8,3575,213.639320017655,83,75
67,9663,5066.0669865659,76,9
43,3051,712.380059965006,82,39
54,6152,2147.62390280893,81,27
15,6363,493.46293993597,71,56
2,3355,166.3438948052,90,88
66,4272,2178.12771599143,69,3
66,2578,1314.42257767461,85,19
28,4377,566.23561922459,63,35
3,4014,204.320726157698,87,84
82,6197,4551.67041890575,83,1
36,3871,688.328270062724,65,29
54,7008,2446.44803492929,57,3
46,6094,1593.91049688434,73,27
58,6059,2419.88299999676,92,34
25,1110,127.409656172146,71,46
3,5698,290.039735337957,58,55
9,2371,146.838728173519,68,59
58,8866,3540.96099652934,70,12
80,7680,5442.0448516948,82,2
68,5694,3067.66750776418,81,13
51,2853,896.231933705278,65,14
43,5031,1174.69160330513,81,38
11,6587,439.026998501885,64,53
76,7923,5181.64574152585,91,15
42,9565,2149.33327174793,70,28
60,7193,3063.75883506325,94,34
57,5071,1959.65209119317,82,25
72,6560,3915.32591269318,79,7
45,3122,786.469947561247,66,21
83,4872,3639.55234492399,85,2
10,8890,571.024929012729,51,41
12,2218,153.467508279328,23,11
77,6216,4151.97456570483,82,5
85,7314,5640.8572431491,86,1
83,7698,5750.67199327276,88,5
92,8568,7272.50008051683,93,1
86,9988,7819.68077309423,87,1
58,2529,1010.04854051689,81,23
48,4960,1397.32800958799,64,16
13,1531,110.00724692049,69,56
93,4390,3776.07691776527,93,0
33,9856,1556.12141967752,58,25
20,2718,255.998701520055,85,65
37,5888,1089.06375084214,85,48
83,5116,3821.82877599161,89,6
91,4187,3508.24260472489,93,2
88,2749,2214.12549043445,91,3
44,6416,1556.2625153854,84,40
61,7210,3168.94466645356,83,22
30,3788,530.728045353312,72,42
14,2486,185.557094660488,57,43
33,6937,1095.25307308269,79,46
34,6904,1134.2172551207,85,51
4,7001,366.753122946748,75,71
16,2572,207.284869544215,85,69
45,6402,1612.74202571656,92,47
61,3224,1417.01492436148,66,5
80,4819,3414.74142452047,85,5
24,2262,249.526659794448,49,25
27,5542,688.918662461022,75,48
0,7822,505.552858459511,56,56
68,5665,3052.04363039762,89,21
34,2787,457.859717558138,89,55
76,2247,1469.5390611143,78,2
96,9460,8548.06780062243,96,0
12,9900,684.999247955523,80,68
53,3915,1320.01682005849,80,27
68,2404,1295.16555824817,78,10
6,2632,146.85776541154,73,67
15,4997,387.52700154959,77,62
77,6623,4423.83004322121,78,1
24,2555,281.848194418574,80,56
93,5908,5081.79098636838,93,0
28,6403,828.331430179358,89,61
37,3067,567.282357987913,58,21
73,8923,5454.54242959931,90,17
78,1582,1078.47348586774,81,3
46,5162,1350.14210451542,78,32
24,7234,797.999936760847,41,17
78,7397,5042.64751894038,80,2
53,3365,1134.57384406049,64,11
3,8233,419.076367328431,68,65
29,4398,592.109591404179,48,19
6,8091,451.453715784487,61,55
57,3806,1470.80178644867,80,23
70,3031,1721.05077660873,81,11
8,7777,464.747690007637,62,54
21,6649,651.380528469156,86,65
34,2288,375.881964037682,71,37
60,6956,2962.81196395106,84,24
86,3327,2604.7334733765,89,3
59,8272,3412.64001013139,71,12
37,9006,1665.77923574801,68,31
37,5725,1058.91473735924,76,39
20,3123,294.144203402182,65,45
29,8512,1145.98382038026,71,42
27,3289,408.851223535601,84,57
98,3869,3627.73540707515,98,0
7,1218,70.2914774977487,62,55
31,5814,847.71724848197,86,55
2,5513,273.339461121033,82,80
65,5272,2612.45716959591,79,14
14,2365,176.525554654889,86,72
94,5387,4699.81937165292,94,0
73,2304,1408.41261434459,76,3
51,8557,2688.06752776588,76,25
77,1727,1153.54891811008,79,2
28,9196,1189.65107479765,88,60
51,5635,1770.16016348729,70,19
69,3583,1982.3940738157,78,9
29,3956,532.602442836501,52,23
80,3008,2131.4675669138,82,2
22,2400,244.591431701063,78,56
51,3911,1228.58853582942,80,29
73,3251,1987.30443109126,89,16
66,2658,1355.21148621377,69,3
68,1963,1057.57487139815,87,19
13,3185,228.852437257844,80,67
23,4465,473.403142690243,57,34
67,4210,2207.19673118518,83,16
41,9952,2151.70295515566,65,24
72,4357,2600.46875024454,89,17
50,2352,712.761268298083,90,40
77,6245,4171.34510341484,77,0
35,5851,1000.07078590793,71,36
96,2967,2680.98490110431,96,0
55,9612,3472.67396065547,89,34
99,8838,8417.14285714286,99,0
48,6171,1738.49015063861,74,26
78,2417,1647.70569869932,85,7
33,8487,1339.9759018672,88,55
42,5783,1299.48712080693,61,19
97,8688,8003.40163028535,99,2
2,6890,341.612350285492,81,79
0,7070,456.949464242999,79,79
68,4888,2633.43146785235,77,9
85,8658,6677.40525173433,94,9
6,7561,421.881293418182,72,66
4,1297,67.9444080077035,88,84
2,5043,250.036441580513,88,86
67,2400,1258.25941920296,78,11
19,2095,189.731746136678,83,64
36,9083,1615.10867398081,78,42
32,7829,1187.90028244199,86,54
70,3929,2230.94968699957,91,21
1,6187,299.653604717961,60,59
71,4719,2748.10632620854,80,9
83,8609,6431.22047156212,88,5
26,7854,938.147763769548,84,58
56,2697,1007.97191146655,70,14
95,2183,1935.1298832849,95,0
2,7982,395.754685047721,70,68
65,7092,3514.32971296931,92,27
12,3595,248.744676404051,55,43
24,5958,657.241308158851,88,64
6,9764,544.802135820014,79,73
38,2545,489.581740044966,56,18
88,2675,2154.52371295458,89,1
18,7009,610.425524245119,64,46
6,5411,301.91769325298,32,26
2,6591,326.78766338631,71,69
83,6058,4525.5353254412,87,4
80,1080,765.287557269581,87,7
42,1283,288.300531903041,90,48
68,8164,4398.39085588106,87,19
31,6036,880.086224946194,76,45
31,6813,993.377642570978,72,41
66,1474,751.535639834123,78,12
39,9607,1921.8290801403,54,15
74,8093,5063.34629323027,90,16
59,5029,2074.73000615943,81,22
30,8783,1230.56610938177,61,31
30,3338,467.679571116514,80,50
95,6617,5865.66854681457,95,0
96,6753,6102.01922384812,98,2
63,3270,1527.83679437864,84,21
99,3574,3403.80952380952,99,0
86,1383,1082.76116431611,89,3
12,5853,404.979858412492,59,47
26,1077,128.645930937077,78,52
44,5399,1309.5793828812,65,21
65,4105,2034.16856623506,66,1
97,1974,1818.45244224025,98,1
18,5103,444.428798719196,85,67
32,5917,897.791029660139,91,59
82,2587,1900.14061218479,94,12
23,8715,924.010837300216,87,64
24,3811,420.40057492336,63,39
5,4319,233.318040938363,35,30
1,9735,471.493105209205,11,10
50,1610,487.902058656426,69,19
66,1907,972.305607302355,88,22
55,3077,1111.67475831636,74,19
87,7292,5792.00016567024,89,2
82,5027,3692.31034304328,87,5
62,2593,1175.38270418764,78,16
35,1905,325.608416878245,65,30
61,3036,1334.38502182427,93,32
55,5369,1939.74058414058,72,17
21,3874,379.522960939917,84,63
96,5574,5036.6733531363,96,0
2,8822,437.40263486482,85,83
61,8092,3556.60197516535,94,33
11,9201,613.251467013185,48,37
36,5134,912.910704857149,78,42
2,2126,105.408977751372,81,79
51,1426,447.958898515151,64,13
74,3252,2034.59806568452,84,10
82,6853,5033.4996580218,82,0
13,5112,367.313550788729,27,14
90,9271,7668.36142126354,96,6
87,8165,6485.41982346373,90,3
35,5611,959.049253072878,61,26
16,8933,719.936135162704,42,26
9,2329,144.237620377953,20,11
15,5075,393.576052204157,80,65
94,5287,4612.57564839966,94,0
59,5107,2106.90915519113,78,19
90,4377,3620.36651287569,90,0
96,4639,4191.80618679571,96,0
13,6933,498.158225277437,90,77
51,3688,1158.53605730987,75,24
36,7901,1404.92938821121,90,54
58,1444,576.714152829729,87,29
77,5681,3794.6215424339,85,8
40,9120,1896.8477308196,63,23
7,6163,355.670259292796,82,75
77,7811,5217.35413975554,85,8
46,5790,1514.39805988847,81,35
1,1966,95.2188438460499,40,39
52,7543,2455.34696063569,68,16
69,5829,3225.05583485115,82,13
95,7271,6445.40970286969,96,1
47,4719,1281.17034715477,83,36
31,2956,431.003128055161,74,43
9,1315,81.4394464564223,72,63
51,6995,2197.38604145405,90,39
52,3372,1097.63090961999,91,39
81,3919,2828.26599132178,94,13
75,9948,6365.63232516988,88,13
80,4420,3132.01018808477,84,4
74,2810,1758.0629042354,80,6
58,5636,2250.94249677864,65,7
7,1068,61.6348915990112,49,42
15,8425,653.375022624635,74,59
72,3471,2071.66101264604,81,9
21,8688,851.13461142127,42,21
26,9376,1119.948234416,89,63
45,7282,1834.42477839238,78,33
19,7831,709.20730501018,35,16
5,4344,234.668573706008,72,67
18,8285,721.554496842746,44,26
44,1589,385.427234561627,71,27
59,4672,1927.44851636048,88,29
29,5606,754.744513281453,68,39
91,5333,4468.46377143488,91,0
21,1745,170.951875797665,79,58
67,2665,1397.19223007328,73,6
67,1704,893.364187634098,89,22
84,5329,4046.22706437541,86,2
45,6531,1645.23870196108,79,34
10,8643,555.159556969293,70,60
78,8456,5764.58394216031,83,5
10,9651,619.905690652626,82,72
66,5994,3056.10897229697,89,23
48,6213,1750.32236362302,75,27
9,4028,249.45862382241,57,48
56,6926,2588.51073741837,89,33
28,7467,965.977009081565,73,45
61,9088,3994.36465030928,78,17
74,2814,1760.56548488199,75,1
17,5103,427.480544571814,85,68
20,5878,553.627802625049,65,45
45,3491,879.42555635372,92,47
55,7603,2746.85186463416,73,18
86,8371,6553.71923824307,87,1
88,4174,3361.86242163456,93,5
64,1356,652.66415339039,79,15
99,3163,3012.38095238095,99,0
58,6786,2710.23700907378,82,24
36,4374,777.770047340313,65,29
3,6973,354.939816516598,83,80
52,6482,2109.9773298211,56,4
97,6830,6291.80860207746,97,0
30,3326,465.998278470199,44,14
58,1998,797.974291796259,76,18
31,2020,294.528524584379,61,30
66,4847,2471.29799611668,87,21
11,1128,75.181790543514,84,73
85,8317,6414.41204419894,96,11
71,6722,3914.55196541085,81,10
90,9537,7888.37912572434,92,2
99,2961,2820,99,0
23,9265,982.324774249742,90,67
90,1836,1518.61844131592,98,8
61,4339,1907.08056972843,87,26
97,5183,4774.58916318704,97,0
2,3614,179.185345998805,73,71
75,2944,1883.83811472659,77,2
54,3599,1256.38791063221,82,28
50,7549,2287.68487006047,81,31
48,2975,838.115086396024,72,24
39,3693,738.764941496632,61,22
99,5744,5470.47619047619,99,0
34,5452,895.676777942938,87,53
27,5958,740.63107018094,68,41
85,2581,1990.57322184411,90,5
38,1948,374.736828922434,67,29
76,1583,1035.28274754959,82,6
42,7071,1588.91119336431,76,34
61,2433,1069.35400464376,77,16
69,4087,2261.24604512552,84,15
39,8066,1613.56025402433,63,24
82,1581,1161.23784610134,93,11
50,5683,1722.2033536301,93,43
18,4727,411.682330304848,79,61
68,6423,3460.41945949584,81,13
76,4745,3103.23224075983,92,16
40,7370,1532.86927369961,79,39
34,9118,1497.94219759422,88,54
84,3427,2602.06795826882,97,13
40,1803,375.00180467848,89,49
97,3383,3116.42584199532,98,1
88,5524,4449.19214592939,92,4
90,3913,3236.57623141023,92,2
12,4555,315.168845902768,53,41
10,6931,445.193901348394,70,60
97,6193,5705.00302674461,98,1
99,3969,3780,99,0
7,4569,263.679606475545,90,83
12,1832,126.759456793386,80,68
1,3851,186.514632579419,86,85
17,1887,158.074816305509,72,55
70,7481,4247.83268222036,85,15
93,2564,2205.43535698181,94,1
79,9768,6791.41136709143,92,13
68,2101,1131.92297748727,71,3
0,8194,529.596026875125,50,50
43,7669,1790.64001306838,78,35
42,2101,472.111782952681,56,14
20,3256,306.670997847424,69,49
36,2684,477.259901019982,74,38
61,7193,3161.47281356455,66,5
67,6818,3574.5053000524,68,1
1,2762,133.771336064491,76,75
70,9331,5298.29257556452,88,18
7,7620,439.754563655866,85,78
89,1780,1453.10673463407,92,3
63,2845,1329.26473394716,91,28
51,9357,2939.37686774633,73,22
19,7183,650.521781622797,47,28
89,2982,2434.36195656112,97,8
89,2496,2037.61483688014,90,1
65,7870,3899.85544854321,88,23
80,3983,2822.35216722661,83,3
29,3045,409.953093639319,73,44
7,7481,431.73279405637,87,80
48,2061,580.623594306623,72,24
42,5063,1137.69726658231,61,19
78,1764,1202.54565680828,86,8
72,4810,2870.8411036668,82,10
17,9900,829.32733514814,35,18
2,9698,480.835496816938,89,87
96,2858,2582.49236513519,96,0
12,4186,289.637055751699,76,64
9,1724,106.769281894199,79,70
40,4534,943.016185475445,73,33
90,8302,6866.86835501347,93,3
60,4241,1806.39527589368,73,13
31,2123,309.546563214177,80,49
42,6556,1473.18650596753,91,49
83,5725,4276.77281910711,84,1
50,9863,2988.93043759523,59,9
1,1846,89.4069103457824,73,72
31,4193,611.365397813021,73,42
11,9698,646.376777208332,83,72
2,8052,399.225347532479,81,79
33,6927,1093.67421612279,87,54
50,6509,1972.51832285383,69,19
33,5255,829.689332427492,58,25
2,2016,99.955079561038,85,83
33,5491,866.950356681134,41,8
83,1832,1368.56730211428,97,14
57,5646,2181.85677516794,65,8
3,4090,208.189280016189,57,54
23,5934,629.154367015431,81,58
59,4010,1654.33830278371,66,7
61,3094,1359.87722579852,80,19
84,7976,6056.05311793174,88,4
19,9336,845.506244358964,74,55
76,4650,3041.10219589741,81,5
97,2715,2501.06300946417,99,2
11,8679,578.45989372975,83,72
70,6500,3690.80503066867,89,19
2,1219,60.4391081274332,69,67
16,4030,324.789278484909,79,63
1,5985,289.870183325844,30,29
69,1735,959.936845679663,73,4
41,2505,541.601276393179,92,51
25,7460,856.284716256044,62,37
93,1604,1379.68732940672,93,0
58,8043,3212.26588033899,84,26
47,8886,2412.47715719799,79,32
97,4994,4600.48201446191,98,1
40,5325,1107.53444809368,78,38
5,7140,385.712158439432,60,55
76,2493,1630.42317728436,82,6
96,7253,6553.81984755967,98,2
16,2732,220.179729235924,66,50
46,2906,760.076124703952,70,24
87,6625,5262.20530685207,88,1
90,8069,6674.14608005345,97,7
47,8181,2221.07535708269,87,40
73,3054,1866.88026224322,75,2
18,3923,341.660626567784,90,72
28,2230,288.486504654063,49,21
78,5474,3731.70914136537,94,16
2,8119,402.547267339319,90,88
23,5295,561.404174814073,85,62
60,6146,2617.80367027648,89,29
37,5427,1003.79568203469,67,30
54,1472,513.865797291084,76,22
78,1850,1261.17316615381,85,7
97,9787,9015.8024580574,99,2
81,2537,1830.90350088884,81,0
22,8211,836.808435707263,78,56
98,5755,5396.12749230227,99,1
83,6661,4975.99716123536,84,1
40,5334,1109.40633730173,88,48
71,7497,4365.87266954554,86,15
63,9479,4428.85779018811,69,6
66,7832,3993.23414598429,79,13
28,9296,1202.58768935613,28,0
50,6693,2028.27855812885,84,34
4,5311,278.221087840334,76,72
33,4908,774.902995918959,62,29
99,1953,1860,99,0
63,1284,599.921236691795,73,10
43,2954,689.73146415491,84,41
99,4266,4062.85714285714,99,0
86,6498,5087.3333663963,86,0
13,7945,570.873662170667,73,60
49,9303,2718.69235352735,78,29
86,1422,1113.29455940529,89,3
63,6403,2991.66330104172,82,19
65,3604,1785.90584962513,81,16
7,8303,479.170884781451,74,67
20,4909,462.361157381144,54,34
99,6141,5848.57142857143,99,0
30,7602,1065.09889144031,90,60
89,8445,6894.09346853075,92,3
51,8863,2784.1933503084,59,8
12,9091,629.023046784208,26,14
43,9219,2152.55056467302,73,30
81,2667,1924.72196959816,93,12
43,7575,1768.69188929365,93,50
3,9787,498.178113329693,78,75
26,5596,668.433267895899,72,46
60,2139,911.077456999901,79,19
64,3524,1696.15669361927,67,3
99,3533,3364.7619047619,99,0
93,3716,3196.33299007192,93,0
7,8914,514.432044675642,83,76
93,4124,3547.27590179133,94,1
39,8358,1671.97329570237,92,53
43,8639,2017.12597116935,77,34
21,2372,232.376991055623,30,9
6,5626,313.9140532695,63,57
65,1577,781.457692802116,82,17
2,6768,335.563481383485,87,85
22,1525,155.417472226717,85,63
26,1906,227.668657721512,72,46
68,3725,2006.86011001432,93,25
66,1134,578.18277854267,74,8
64,1042,501.531008726244,74,10
14,5793,432.394307871362,87,73
80,5787,4100.66582770284,96,16
25,2672,306.701442605382,71,46
81,6421,4633.91067371196,84,3
75,6476,4143.93193986732,93,18
95,7559,6700.70856058204,95,0
4,5064,265.281790401704,65,61
44,6430,1559.65835005114,67,23
97,6688,6160.99794007233,98,1
38,9974,1918.69873289135,74,36
58,4778,1908.26885195322,70,12
13,6206,445.920949959869,23,10
74,4382,2741.57709834858,87,13
77,2062,1377.31202613954,89,12
39,3109,621.938858140544,49,10
79,9640,6702.41662354232,88,9
85,3504,2702.42873666864,89,4
31,3100,451.999220896819,81,50
49,8792,2569.35861251343,86,37
79,6351,4415.66887719059,87,8
8,3314,198.042155675107,81,73
30,6432,901.172858424631,78,48
94,4596,4009.72152071966,96,2
99,8162,7773.33333333333,99,0
18,1160,101.026338725116,77,59
22,2224,226.654726709652,85,63
61,9900,4351.25550594871,66,5
77,8519,5690.26243971033,83,6
93,2426,2086.73407801789,93,0
33,9509,1501.33508316899,86,53
88,8478,6828.43066857158,88,0
50,9304,2819.52841847167,58,8
58,8048,3214.26281300115,68,10
48,1311,369.334076727794,53,5
66,7947,4051.86820200934,83,17
87,9818,7798.38969096961,89,2
79,3458,2404.24861869391,87,8
91,4610,3862.66978929585,91,0
7,7716,445.294778631058,84,77
69,6365,3521.61269322827,78,9
93,9297,7996.85355454754,96,3
85,1354,1044.2604193634,93,8
25,1977,226.926928155254,80,55
46,8535,2232.3639794729,46,0
77,5435,3630.30594668689,93,16
74,6099,3815.80984090095,78,4
84,3922,2977.91378241327,88,4
43,3151,735.729127810467,86,43
49,8837,2582.50933334636,59,10
80,3512,2488.60176030627,88,8
72,1072,639.821551586447,83,11
22,1439,146.652945924096,73,51
56,5796,2166.18657725626,82,26
32,9940,1508.20396059182,85,53
35,8779,1500.5334864956,73,38
11,9862,657.307463067496,64,53
81,6220,4488.85288747678,92,11
61,6059,2663.05627379225,62,1
85,5958,4595.05434163007,86,1
56,5162,1929.23656173168,77,21
93,1210,1040.78657642277,97,4
38,8024,1543.57716389816,88,50
8,4775,285.350420443162,74,66
88,1028,827.981449314884,94,6
95,5561,4929.57273520264,95,0
68,8960,4827.23935187338,82,14
47,1221,331.491628284802,63,16
67,4360,2285.83794488537,86,19
20,2706,254.868464427251,77,57
59,3911,1613.49553670501,87,28
85,5002,3857.7478712376,86,1
46,7511,1964.53261274996,49,3
42,6623,1488.24195073565,75,33
42,7585,1704.41117263022,91,49
17,4505,377.38582271135,84,67
92,5715,4850.87978059684,98,6
44,9887,2398.18695287023,80,36
0,6860,443.376707879346,80,80
29,6095,820.579345067865,82,53
51,6079,1909.63684717644,69,18
63,5761,2691.70268269582,73,10
37,5477,1013.04384567975,82,45
85,6437,4964.47881790412,91,6
99,4696,4472.38095238095,99,0
86,2953,2311.92604354698,87,1
44,5895,1429.88895389603,54,10
87,5144,4085.85420353918,88,1
3,1696,86.3298334737058,70,67
95,1053,933.436448510767,95,0
84,4472,3395.5202536849,87,3
3,6064,308.669876288061,57,54
83,8345,6234.00334942338,85,2
52,1726,561.835987545698,90,38
54,4041,1410.68728726445,82,28
52,3843,1250.94768258292,69,17
64,6145,2957.68526739229,77,13
2,5956,295.303796560289,68,66
7,3012,173.82424484665,81,74
97,5210,4799.46161300491,97,0
22,6314,643.47929156688,90,68
52,6618,2154.2471411225,81,29
27,9588,1191.87155100619,67,40
93,7995,6876.93279214882,93,0
32,6213,942.703340760257,53,21
87,7515,5969.12798203673,88,1
5,1790,96.6981461633871,69,64
90,7599,6285.39299322421,90,0
60,9165,3903.70495250308,74,14
11,3176,211.682062735993,31,20
0,6454,417.136045576282,64,64
28,9360,1210.86712267356,82,54
8,2959,176.827621799228,73,65
50,2466,747.308370588041,78,28
10,1864,119.728961493783,74,64
6,5598,312.351736616186,79,73
50,6961,2109.49455298595,52,2
95,8986,7965.67894237203,96,1
92,3146,2670.31807344841,98,6
16,7385,595.178367645423,72,56
48,2942,828.818347622555,58,10
98,3589,3365.19575497356,98,0
29,2426,326.616159333001,58,29
18,1624,141.436874215162,87,69
47,7216,1959.08565905252,77,30
26,1795,214.409884895128,62,36
6,1103,61.5441167359152,69,63
4,2977,155.952584918222,86,82
69,2999,1659.27988483764,71,2
11,4568,304.459591491819,77,66
77,5378,3592.23282084308,92,15
54,8624,3010.58331239016,72,18
9,4644,287.60820482405,30,21
62,3536,1602.83580486212,76,14
45,6374,1605.68848358597,80,35
82,3451,2534.74497589862,84,2
86,1494,1169.6639041853,86,0
69,6691,3701.9812302263,77,8
6,9642,537.994898973431,41,35
29,8317,1119.7306666004,79,50
83,1827,1364.8321293465,86,3
76,4403,2879.56407925512,86,10
41,7977,1724.6919687778,88,47
23,3253,344.900430721469,58,35
58,5349,2136.31856197106,63,5
45,5258,1324.554447238,47,2
91,2687,2251.40861688459,91,0
66,3752,1912.99981048686,93,27
43,9098,2124.29819258002,71,28
90,9353,7736.18642790183,96,6
85,7478,5767.34077991099,87,2
68,1046,563.537093979861,80,12
62,2655,1203.48672565298,79,17
53,9710,3273.91144898287,68,15
27,2272,282.42930370109,78,51
26,7398,883.679291617917,49,23
27,7159,889.925785737722,60,33
83,3853,2878.3241348506,90,7
26,6244,745.83583358506,87,61
16,5214,420.211240203553,66,50
10,1663,106.818274122404,55,45
70,2925,1660.8622638009,81,11
2,7216,357.775721285938,90,88
91,4994,4184.41929018297,92,1
66,5926,3021.43840003868,76,10
81,4222,3046.93519146735,91,10
16,6506,524.337232214099,57,41
7,9785,564.697953460978,78,71
83,2585,1931.08432094181,88,5
44,4836,1173.0183173946,53,9
51,4452,1398.5364769912,76,25
45,7662,1930.1514215933,91,46
51,6337,1990.68410932013,65,14
52,7502,2442.00091458159,81,29
14,1041,77.7011003787481,86,72
2,1650,81.8084728550163,67,65
31,5540,807.766349602703,75,44
2,4630,229.55953292044,55,53
22,7581,772.603184885733,54,32
86,3424,2680.67550731624,95,9
78,2563,1747.23612154173,97,19
99,7109,6770.47619047619,99,0
74,2107,1318.23435559572,91,17
79,5326,3703.01565736373,88,9
41,6809,1472.16091455535,78,37
63,4120,1924.98091524159,66,3
88,4187,3372.3330041648,91,3
73,5590,3417.11220233779,87,14
42,2419,543.568968568555,82,40
65,3436,1702.65607639066,84,19
13,8084,580.86125676371,81,68
45,7401,1864.4023324474,72,27
26,2793,333.619391928743,87,61
48,7958,2241.92264118977,76,28
63,3939,1840.41257891665,72,9
33,2803,442.553605859992,90,57
17,6521,546.267025505153,76,59
31,3911,570.248049331439,83,52
37,5213,964.213541633841,80,43
79,1915,1331.44479606676,93,14
63,2641,1233.95014494006,67,4
0,6417,414.744655169353,86,86
32,7487,1136.00835542766,70,38
54,2143,748.107611137767,85,31
91,9358,7840.96830547301,91,0
50,8178,2478.3000221691,60,10
84,6328,4804.75227310332,95,11
32,6225,944.524110129181,66,34
10,9646,619.584529275229,82,72
15,9733,754.812948985824,77,62
62,1678,760.621742239436,86,24
54,7382,2577.0090459258,76,22
20,1667,157.008769475324,32,12
53,4864,1639.99024591686,70,17
13,7189,516.552644096278,77,64
61,7803,3429.5804760523,76,15
42,1574,353.690597985493,72,30
88,5161,4156.82126450789,93,5
26,5892,703.789995432923,61,35
68,1290,694.993165615699,84,16
80,8492,6017.42771882711,83,3
88,7981,6428.132244146,88,0
27,3236,402.262863898208,62,35
14,1031,76.9546921138226,86,72
99,4680,4457.14285714286,99,0
52,6214,2022.73976049187,87,35
69,6486,3588.55929745146,83,14
83,7212,5387.61320024463,87,4
90,4168,3447.49545937077,96,6
86,3489,2731.56449913153,90,4
65,1329,658.565170408378,93,28
59,4025,1660.52660067443,90,31
40,1981,412.023613459827,59,19
45,7550,1901.93725307092,63,18
97,8831,8135.13349413558,98,1
86,3879,3036.89845002328,89,3
52,2706,880.839039570486,61,9
12,2439,168.758905632679,88,76
5,5340,288.473799168987,69,64
10,7751,497.864367241582,82,72
12,2362,163.431133704136,67,55
97,8632,7951.81432695938,98,1
15,7098,550.463609565538,81,66
43,6653,1553.4134837585,76,33
71,2157,1256.12743073359,87,16
22,6108,622.485193679206,63,41
51,3823,1200.94450843157,62,11
89,9728,7941.47321040463,95,6
83,5284,3947.33058098899,91,8
5,2559,138.24053409615,79,74
26,4847,578.966413418767,81,55
73,5797,3543.64927315781,82,9
83,6704,5008.11964703827,85,2
6,6399,357.04515230564,81,75
26,9168,1095.10296641701,80,54
98,7502,7034.18739309324,98,0
88,1779,1432.85894779297,89,1
75,4318,2763.04788702086,76,1
24,3085,340.313768994638,84,60
84,7339,5572.38889574988,87,3
59,3843,1585.44191960045,83,24
23,4411,467.677774335198,57,34
14,8036,599.813681694159,51,37
90,7966,6588.95125464193,90,0
71,9499,5531.7359594522,93,22
74,5950,3722.58871181516,81,7
72,2877,1717.13302603937,73,1
68,2304,1241.29011905316,78,10
67,4587,2404.84831495165,85,18
72,8616,5142.4463511836,82,10
32,2227,337.904448716094,79,47
87,9168,7282.09784954261,89,2
27,3007,373.796177917772,89,62
69,5491,3038.0479652029,89,20
67,4474,2345.60526729751,74,7
69,3257,1802.02553681767,84,15
62,8569,3884.24774091164,79,17
1,5974,289.337422754986,71,70
78,1767,1204.59080248312,87,9
1,6225,301.494050326379,89,88
35,4414,754.454358058043,90,55
24,1275,140.648316197136,86,62
77,9827,6563.94048538953,79,2
47,1902,516.377622438733,72,25
84,6013,4565.57765773866,84,0
67,1774,930.063420694184,82,15
35,1551,265.101655946539,68,33
66,5793,2953.62683959231,91,25
18,5685,495.116151424383,83,65
71,8539,4972.68063562084,80,9
31,9777,1425.54722022845,78,47
9,4818,298.384222834253,77,68
31,8985,1310.06870959933,77,46
69,4706,2603.72495433342,75,6
42,6392,1436.33437250525,89,47
0,4178,270.033219463543,8,8
5,5876,317.429221707298,79,74
68,9731,5242.61898806695,78,10
81,5183,3740.4701793878,86,5
24,4309,475.336152543889,54,30
84,6131,4655.17322793875,84,0
44,9361,2270.60059328596,66,22
48,2202,620.346023611443,74,26
17,6049,506.727378819303,53,36
14,7169,535.100085125116,48,34
19,4488,406.451587905209,79,60
47,3007,816.376188576903,78,31
47,5032,1366.14731656767,81,34
76,1010,660.540476958363,87,11
45,9316,2346.81423173625,85,40
49,5413,1581.88559708089,72,23
46,3859,1009.33715252325,66,20
1,2346,113.623299930231,86,85
98,6673,6256.88249454961,98,0
6,2452,136.814301211663,72,66
58,3043,1215.33321818619,92,34
42,3843,863.553346923918,76,34
31,4007,584.245444559211,88,57
62,4528,2052.50014830761,87,25
47,9813,2664.15016245599,73,26
13,1675,120.354107506088,76,63
61,3527,1550.189714089,93,32
34,2474,406.438802023263,83,49
18,2613,227.570537145455,66,48
70,6739,3826.51309256557,76,6
49,2711,792.25787062374,68,19
93,9134,7856.64842069885,98,5
44,6770,1642.12862050485,56,12
49,3391,990.979874321321,73,24
25,2674,306.93100955344,89,64
80,5822,4125.46681335509,96,16
57,6704,2590.71339368152,83,26
82,1644,1207.51108095547,83,1
34,7957,1307.20838629713,81,47
34,1773,291.275665314165,78,44
68,3870,2084.9794968471,85,17
50,5714,1731.59774109492,77,27
36,6640,1180.70258672604,59,23
32,4505,683.547167250114,58,26
61,2737,1202.96831512946,71,10
51,4811,1511.31154330743,86,35
54,7172,2503.69938734487,67,13
51,7380,2318.32866131965,72,21
83,5342,3990.65858509523,90,7
73,6057,3702.58472442934,76,3
13,1806,129.766876511041,26,13
22,9309,948.709015710499,61,39
15,9500,736.743348953594,73,58
94,9826,8572.56824686497,95,1
38,1698,326.644320077152,46,8
45,6220,1566.8940018677,83,38
57,5551,2145.14469694602,65,8
48,6463,1820.75220281597,93,45
70,8485,4817.92010541903,80,10
46,6350,1660.86833856507,78,32
18,5569,485.013517551871,77,59
90,6616,5472.32004779199,93,3
10,2692,172.913285590806,62,52
64,5348,2574.07661676387,95,31
42,3819,858.160351783098,76,34
44,3010,730.104453134359,59,15
51,2402,754.556293291299,70,19
30,4892,685.406968814256,65,35
84,4238,3217.84768227115,88,4
90,7084,5859.41886616664,96,6
44,1378,334.247154956527,73,29
53,5855,1974.12477176053,75,22
71,5138,2992.1106810891,81,10
42,1965,441.551477154697,85,43
50,1798,544.874472959163,91,41
73,8561,5233.25537821357,86,13
10,6308,405.177193724667,26,16
2,2132,105.706463107209,69,67
56,2270,848.385702272552,66,10
60,1512,644.015481525877,87,27
30,2123,297.44869067716,63,33
37,7265,1343.75817762706,87,50
27,6102,758.531519007065,88,61
36,7242,1287.74821281174,86,50
10,8671,556.958060682719,87,77
57,1954,755.109482585574,72,15
80,3434,2433.33099228124,92,12
78,1333,908.726394855688,80,2
43,3738,872.788156063321,74,31
96,9977,9015.22964554016,96,0
28,8390,1085.38196145632,78,50
50,1892,573.360680110532,81,31
2,5653,280.28078609055,86,84
9,8428,521.955630976979,81,72
55,5135,1855.19983228942,86,31
6,4054,226.201132590571,77,71
48,2381,670.773788473591,90,42
54,5206,1817.38134558246,92,38
93,3848,3309.8733438635,97,4
26,9277,1108.12284243571,85,59
4,9725,509.452095508803,85,81
76,4951,3237.95633804045,79,3
97,1531,1410.36002485807,98,1
90,3296,2726.23441316844,99,9
58,1804,720.49330450473,75,17
28,2691,348.124297768648,76,48
95,7894,6997.67077354605,96,1
50,1737,526.388742786467,84,34
78,1974,1345.70585404736,79,1
56,3968,1482.99315710021,87,31
35,5799,991.182787127004,83,48
68,6241,3362.36616016091,72,4
71,3917,2281.06219109109,90,19
39,6903,1380.90831062855,81,42
42,2234,501.997964358062,79,37
28,3648,471.927699093284,91,63
50,2076,629.120915385553,63,13
53,8999,3034.18425637455,66,13
45,6436,1621.30704116085,86,41
36,3803,676.236737548059,44,8
22,6368,648.982598780154,28,6
25,5592,641.869186769946,72,47
45,4063,1023.519345593,72,27
31,1557,227.020253850435,32,1
77,3186,2128.08734979659,85,8
96,4114,3717.41553189859,96,0
50,5635,1707.65720529749,79,29
91,5385,4512.03401634667,91,0
79,3303,2296.48154642741,89,10
7,2372,136.889478345369,70,63
39,3727,745.566460048185,72,33
0,3122,201.781644606315,71,71
34,7624,1252.50178925843,85,51
24,3340,368.443432234065,72,48
8,2481,148.262700129735,58,50
52,7531,2451.44080081498,69,17
62,6614,2998.06448341575,86,24
2,2642,130.992718353305,85,83
49,9344,2730.67412139735,92,43
88,9441,7604.05920523523,92,4
31,4148,604.804118800002,74,43
86,7673,6007.24975690348,90,4
31,8580,1251.01719848216,64,33
24,5929,654.042248417897,74,50
27,6648,826.404054139458,87,60
89,9357,7638.60658200618,89,0
65,6721,3330.4864637432,87,22
82,6950,5104.74574978134,90,8
24,2825,311.632543730909,76,52
22,9381,956.046758661531,69,47
41,4146,896.398759251945,60,19
19,7148,647.352038847244,60,41
6,1643,91.6745093355473,71,65
58,1666,665.377963029313,68,10
63,7106,3320.12485041425,82,19
44,9118,2211.65860587345,65,21
0,3607,233.128248589038,56,56
63,6154,2875.32343504775,70,7
14,5005,373.57733659523,48,34
7,2408,138.967058961066,87,80
54,9114,3181.63918241232,58,4
91,5119,4289.15545583633,94,3
16,8826,711.312697743874,64,48
21,1831,179.377011223797,67,46
2,2988,148.147707206539,75,73
26,3180,379.845924215325,78,52
47,3518,955.108557171116,85,38
27,6220,773.199942350696,79,52
11,3757,250.406016907786,74,63
25,9018,1035.11736879316,27,2
62,8934,4049.69883502212,76,14
74,4810,3009.35322753461,92,18
14,6065,452.696612677337,83,69
8,4142,247.522814968707,84,76
44,6655,1614.23426432198,73,29
27,8821,1096.52679927259,75,48
14,9739,726.927009210978,49,35
53,4460,1503.77395082015,78,25
44,1859,450.918331686636,73,29
19,6061,548.908884646495,67,48
71,7205,4195.82667521351,78,7
14,5300,395.596380410533,51,37
5,2406,129.975273558162,57,52
12,3585,248.052757971773,51,39
42,2506,563.118575954031,64,22
89,4244,3464.59830437472,89,0
8,6432,384.371498280715,50,42
17,2369,198.452167370297,70,53
7,2713,156.568783621833,55,48
30,6915,968.844887438794,81,51
55,6754,2440.12067522545,69,14
67,6305,3305.55234919776,76,9
87,7134,5666.50153344644,94,7
57,3036,1173.2407313868,83,26
26,3953,472.179540384648,75,49
28,3127,404.527937243613,71,43
23,2752,291.781735427446,82,59
53,7234,2439.0808879446,91,38
45,4802,1209.6824753969,72,27
27,5846,726.708498871731,58,31
0,1452,93.8459154286895,81,81
49,5469,1598.25093856187,91,42
92,2230,1892.81923197392,92,0
36,1242,220.848285047249,65,29
58,2842,1135.05652516765,89,31
85,9161,7065.33951387598,92,7
63,5234,2445.47332776079,79,16
98,4563,4278.45868764122,98,0
79,1353,940.702250171448,82,3
64,2793,1344.31488231516,77,13
3,1258,64.0347467629256,76,73
30,2451,343.404023009759,77,47
80,5797,4107.75182360348,82,2
87,9081,7212.99417230546,90,3
23,3989,422.935080893926,85,62
50,6683,2025.24811055956,87,37
6,6690,373.282086095442,76,70
32,1582,240.038095136444,69,37
39,4262,852.590354903506,90,51
42,5841,1312.52019239724,61,19
21,9713,951.550469697836,70,49
33,7070,1116.25187064936,80,47
76,8789,5748.01015048223,95,19
66,8955,4565.80844960283,68,2
94,6895,6015.45471831202,94,0
51,1399,439.477208290811,62,11
80,4519,3202.16154750114,83,3
97,6461,5951.88512123315,97,0
26,4206,502.399986556496,67,41
55,4624,1670.58306222128,86,31
86,8479,6638.27325541309,92,6
17,2587,216.714122831135,66,49
58,8895,3552.54320596983,93,35
54,5390,1881.61457024385,86,32
73,4584,2802.15426395643,87,14
39,3451,690.354132982637,77,38
40,3721,773.922193681988,77,37
91,5054,4234.69264969658,95,4
66,9687,4939.02696273619,70,4
44,9211,2234.21665043873,82,38
39,2685,537.119920909412,74,35
13,3621,260.180431808683,57,44
70,4836,2745.95894281749,81,11
7,5085,293.458261967202,22,15
19,2600,235.466606183944,64,45
15,2116,164.099886987979,91,76
13,2120,152.328780843526,87,74
94,1704,1486.63304423549,96,2
43,4611,1076.62551835419,89,46
0,8450,546.14186320415,72,72
59,1367,563.960214440234,70,11
20,5139,484.024034993216,84,64
11,1108,73.8487800728843,89,78
51,3362,1056.12750126784,52,1
35,8473,1448.2310321309,73,38
21,8822,864.262148015475,27,6
92,3429,2910.5278683581,95,3
11,8227,548.333857093519,82,71
58,9715,3880.04016256289,70,12
4,9073,475.296541136387,52,48
54,3289,1148.16889082227,85,31
94,7542,6579.92160776059,95,1
50,2093,634.272676253353,90,40
80,4267,3023.59445080491,84,4
9,2777,171.982770197327,60,51
51,8334,2618.01504924633,77,26
8,2183,130.454443524067,34,26
81,5648,4076.05162515576,81,0
55,8296,2997.22255280876,77,22
8,5509,329.21371020343,90,82
59,1077,444.319788553132,93,34
57,8696,3360.50770755586,89,32
41,6369,1377.0293530332,87,46
22,6423,654.58781908997,61,39
81,2058,1485.21852772142,83,2
15,8480,657.640378855418,86,71
75,4202,2688.82057000038,85,10
80,3632,2573.633711114,86,6
13,8193,588.693255401419,83,70
18,4266,371.533069828745,79,61
29,7480,1007.04405268378,48,19
33,5238,827.005275595662,64,31
10,6061,389.311821681232,91,81
50,8840,2678.9156512564,92,42
60,5350,2278.75848291233,80,20
41,2656,574.248698642828,75,34
15,6572,509.671293612949,71,56
35,3069,524.562851128259,81,46
57,1036,400.354874083242,83,26
38,5460,1050.34039318095,60,22
20,2514,236.784670942391,61,41
34,5991,984.225894471046,54,20
68,7530,4056.82057138466,77,9
75,6247,3997.39697781828,87,12
1,6119,296.360175734476,87,86
20,3350,315.524521741054,74,54
48,5769,1625.23896921636,49,1
10,1123,72.1328453634752,75,65
77,6763,4517.34298389024,87,10
1,3065,148.446468152667,82,81
13,9042,649.696620937341,75,62
1,8044,389.593275634601,82,81
0,8164,527.657061680318,83,83
49,8883,2595.95229242002,80,31
30,5309,743.831888273688,74,44
73,8365,5113.44249956273,78,5
16,4701,378.867096317012,79,63
17,5645,472.884121910227,79,62
80,6836,4843.98679768042,80,0
79,1216,845.450063716541,89,10
53,6762,2279.93709763359,68,15
20,1679,158.139006568128,86,66
39,6949,1390.11036513948,62,23
99,1381,1315.2380952381,99,0
88,3242,2611.20219715842,91,3
56,3972,1484.48810987955,94,38
57,6405,2475.16695801464,80,23
43,5768,1346.77423332617,76,33
96,5354,4837.88107870322,97,1
62,6494,2943.66960316025,70,8
54,3603,1257.78428508137,60,6
90,5495,4545.1025789929,97,7
49,5129,1498.88993671308,51,2
99,8635,8223.80952380952,99,0
42,2158,484.92014641213,52,10
12,4879,337.587003108585,85,73
0,6443,416.42509167152,71,71
58,9435,3768.21193348233,75,17
77,4826,3223.52465477662,84,7
3,7953,404.823800481357,81,78
8,6487,387.658257050218,82,74
41,1163,251.450013750606,76,35
25,4924,565.1938261186,57,32
61,2894,1271.97307416319,82,21
11,4893,326.121011639551,27,16
1,3875,187.677019279473,88,87
54,6182,2158.09671117764,81,27
80,5324,3772.58421750301,83,3
88,3662,2949.48255582792,94,6
51,2277,715.289208919354,73,22
13,3611,259.461899823572,78,65
31,1227,178.904207754967,60,29
62,2862,1297.31789409372,72,10
75,9133,5844.12143403463,89,14
9,2666,165.108413880473,72,63
38,6417,1234.43851704069,89,51
36,4381,779.014763922705,78,42
16,6514,524.981975198685,69,53
77,8783,5866.60112782907,81,4
25,2043,234.502637441166,89,64
69,6882,3807.65727490919,88,19
32,2731,414.376762210891,63,31
13,9079,652.355189282251,75,62
4,3399,178.05940078503,69,65
69,7883,4361.48827348287,72,3
20,6730,633.874636214117,51,31
32,6020,913.419300076734,75,43
69,3637,2012.27107074175,75,6
15,8947,693.857130851348,59,44
38,5183,997.053893380378,65,27
22,9239,941.575098952551,57,35
50,9295,2816.8010156593,80,30
46,6426,1680.74644781404,77,31
70,1536,872.165619554936,87,17
75,4966,3177.69703727318,92,17
69,4293,2375.22125562121,87,18
62,4415,2001.27830273368,81,19
70,2097,1190.71048450957,84,14
90,3025,2502.08103757116,99,9
90,8973,7421.87542152926,93,3
87,4629,3676.79220610087,88,1
41,1870,404.30913646916,60,19
75,9431,6034.80885189758,85,10
29,4463,600.860642664132,71,42
52,5924,1928.34089815801,76,24
42,1439,323.355000318376,55,13
48,7254,2043.59221402244,89,41
35,3531,603.529301835739,74,39
0,4892,316.180591099965,77,77
28,9305,1203.75198466639,78,50
42,8386,1884.40238545511,75,33
25,6175,708.78795212883,63,38
53,6477,2183.8439191619,88,35
54,3770,1316.08291833382,76,22
76,6853,4481.86523623333,87,11
14,6893,514.499217013171,80,66
65,3984,1974.20890813166,89,24
25,2391,274.447286403244,68,43
67,1793,940.024641096208,94,27
89,3286,2682.53299438627,99,10
18,4076,354.985652278942,73,55
81,1468,1059.4270158868,93,12
6,2455,136.981692281661,70,64
52,4430,1442.0240004794,68,16
13,2127,152.831753233104,76,63
88,8106,6528.81092232145,93,5
84,4438,3369.70458091538,84,0
75,5257,3363.90522048834,83,8
45,9008,2269.22526829972,83,38
79,1448,1006.7530363993,81,2
53,7184,2422.22243558115,73,20
52,6700,2180.93923323069,88,36
69,2014,1114.3013297976,76,7
47,5675,1540.71661794943,69,22
46,4007,1048.04715474492,90,44
61,2828,1242.96470412353,79,18
44,8606,2087.46808095491,57,13
99,6988,6655.23809523809,99,0
26,6038,721.229462393752,74,48
82,2666,1958.16577970029,85,3
1,3789,183.511800270948,51,50
10,3595,230.915030348792,52,42
81,8460,6105.41727139124,86,5
52,3612,1175.75410603422,86,34
60,5545,2361.81603509324,92,32
58,1513,604.271823567437,93,35
91,4892,4098.95457900983,98,7
37,7737,1431.06084243641,68,31
69,7138,3949.29637144751,75,6
97,9091,8374.64597386327,97,0
97,2971,2736.89068181144,97,0
59,8011,3304.963626833,82,23
1,9525,461.322221583736,87,86
44,5007,1214.49601224044,68,24
51,6555,2059.16590446481,59,8
37,3252,601.500563474631,70,33
35,3667,626.774837108936,86,51
57,4041,1561.61587468183,88,31
73,5383,3290.57513151777,84,11
44,6734,1633.39647422152,78,34
88,4577,3686.4504800722,90,2
57,5799,2240.98254325166,85,28
68,7103,3826.77244602195,75,7
79,1780,1237.58315247981,91,12
50,2494,755.793623782065,80,30
85,6156,4747.76007503772,87,2
28,1027,132.859031515571,56,28
78,8313,5667.09866499275,82,4
28,5256,679.948461193613,80,52
34,9777,1606.20540314529,86,52
6,4894,273.070632189999,86,80
82,9696,7121.67119278847,83,1
10,1511,97.0549682495201,77,67
83,2885,2155.19468700856,90,7
77,1859,1241.71826216945,77,0
99,2743,2612.38095238095,99,0
79,2034,1414.18209671007,84,5
33,9378,1480.6520569943,90,57
89,4698,3835.22215691622,89,0
39,5674,1135.05341945624,61,22
13,4871,349.996929947554,26,13
36,9586,1704.5504512584,74,38
54,7994,2790.65433664737,68,14
58,3079,1229.71113335369,75,17
7,6847,395.144290991039,26,19
74,9054,5664.59129357554,76,2
6,7458,416.134200014919,75,69
33,4119,650.331181782843,74,41
78,9285,6329.72586364221,83,5
74,8086,5058.96677709872,95,21
31,4958,722.907141034332,65,34
98,2006,1880.90907898494,98,0
28,3333,431.177363234078,71,43
88,5798,4669.87980848998,89,1
11,3545,236.276105919111,66,55
98,4058,3804.94967224372,99,1
59,7223,2979.87171097426,86,27
94,2582,2252.63293439908,98,4
26,3548,423.802936828922,79,53
30,6567,920.08740069567,86,56
39,6479,1296.08937339742,89,50
0,3082,199.196357679904,87,87
45,6909,1740.4615207241,55,10
0,8898,575.097076779944,84,84
33,6281,991.68005651324,83,50
20,8664,816.031181004325,86,66
17,3901,326.788478223525,37,20
13,3378,242.720104570486,87,74
1,5362,259.696561903622,75,74
22,6017,613.211101893874,50,28
17,2334,195.520202044016,89,72
97,6004,5530.89587801948,97,0
40,9210,1915.56662290006,86,46
93,4587,3945.52729425724,94,1
72,4533,2705.51407960948,72,0
87,5075,4031.04783883385,88,1
3,2410,122.673878933745,80,77
15,7427,575.978195018773,85,70
78,5646,3848.96416005642,79,1
50,7651,2318.59543526727,65,15
75,9813,6279.24708553398,86,11
42,7783,1748.90338254199,81,39
9,6339,392.581483716548,65,56
15,8365,648.721906736507,89,74
89,2241,1829.44505186233,89,0
7,4327,249.713647892249,89,82
54,4326,1510.17896676714,86,32
12,3949,273.238588906703,69,57
80,6387,4525.82558174149,94,14
46,1756,459.288945278782,82,36
21,3596,352.288220841493,88,67
12,6241,431.826293584891,68,56
85,7640,5892.28183451724,86,1
86,6952,5442.77340153695,86,0
85,9322,7189.50932740441,95,10
96,4101,3705.66871568209,96,0
62,6521,2955.90845121774,88,26
59,2083,859.34830042356,89,30
88,6975,5617.87024218999,92,4
90,7518,6218.39512081321,90,0
79,7584,5272.93855528474,80,1
46,3656,956.241676502977,84,38
23,2435,258.171702676538,79,56
25,2169,248.965355168815,27,2
53,5544,1869.26519805984,88,35
64,1911,919.794393163006,67,3
21,8151,798.52649835345,57,36
80,7179,5087.03645707252,82,2
41,1944,420.308535452431,53,12
93,1197,1029.60457188269,94,1
57,2090,807.665720882216,85,28
23,5288,560.661997434715,65,42
76,2751,1799.15529912124,78,2
94,3678,3208.82414125477,95,1
69,2006,1109.87510803078,89,20
90,1872,1548.39527349858,92,2
26,4887,583.744349572419,65,39
97,8236,7587.01839629721,97,0
66,5568,2838.90803432591,71,5
19,6918,626.522300607895,77,58
64,6755,3251.2878732685,70,6
4,2331,122.111345463344,66,62
96,6959,6288.16108081728,97,1
23,7679,814.168585155291,81,58
25,5753,660.349326088608,66,41
45,2104,530.02330867036,86,41
5,8247,445.513749390756,78,73
4,3421,179.211888816001,90,86
25,8425,967.05076869399,85,60
29,7237,974.328584127341,70,41
69,2829,1565.22267229266,86,17
70,8566,4863.91321426275,71,1
89,9479,7738.20153797548,89,0
91,4738,3969.91962292489,93,2
55,1564,565.050153398373,91,36
90,7569,6260.57896640532,93,3
46,6668,1744.04253252786,90,44
35,4771,815.473888150187,79,44
60,6887,2933.42236856396,85,25
43,9345,2181.9703901583,90,47
69,7080,3917.20626363805,69,0
3,9394,478.173617719335,88,85
60,6922,2948.33013434003,70,10
59,4543,1874.22915450035,75,16
86,5032,3939.5908740699,86,0
37,2476,457.969063703317,91,54
73,5852,3577.27023400371,86,13
92,5262,4466.37434916895,96,4
3,2322,118.194500781807,54,51
28,2477,320.439942613504,71,43
71,7304,4253.47925548361,89,18
77,1339,894.384482541629,79,2
35,5732,979.730942543884,83,48
48,3076,866.568741429973,87,39
88,3427,2760.20664085808,93,5
3,3205,163.140988374544,78,75
79,5869,4080.54804601347,80,1
4,6463,338.569552007547,57,53
45,9904,2494.93861647873,72,27
72,5730,3419.94168898352,95,23
37,6154,1138.26398143385,60,23
19,6770,613.118816871271,59,40
48,5488,1546.07582996349,77,29
69,5243,2900.8350904314,72,3
48,2077,585.131104014972,66,18
51,9491,2981.47118219306,78,27
8,3934,235.092890894953,86,78
74,5377,3364.09403418994,78,4
70,4305,2444.44856261979,89,19
48,6789,1912.59271312356,75,27
11,4516,300.993764268182,56,45
46,5972,1562.00090045836,82,36
11,3225,214.947938389036,72,61
9,9596,594.291200148919,65,56
83,5153,3849.46905447318,91,8
12,6467,447.46365015438,78,66
65,9278,4597.56783374637,83,18
39,7055,1411.31509944726,71,32
11,5741,382.64065559425,83,72
54,6187,2159.84217923909,70,16
89,5380,4391.97428782658,96,7
47,9030,2451.57199296622,92,45
42,3158,709.62827727966,68,26
88,3717,2993.78117422512,88,0
37,9887,1828.73187917395,68,31
8,5406,323.058507416907,89,81
68,1763,949.823993008122,91,23
51,9827,3087.02110498485,85,34
71,3287,1914.18213482676,83,12
96,2268,2049.36762915557,97,1
28,5100,659.767342482387,87,59
91,7788,6525.48206486683,96,5
70,8795,4993.943114574,76,6
3,6499,330.81225692548,87,84
22,9424,960.429021812842,82,60
30,2959,414.578745037077,63,33
78,3782,2578.24698075335,91,13
21,4405,431.543273861728,91,70
99,1581,1505.71428571429,99,0
66,6031,3074.97384249633,70,4
14,5366,400.522674959042,69,55
57,9425,3642.22460254301,83,26
36,3894,692.418053119154,65,29
62,5485,2486.29931834524,66,4
81,7526,5431.36765774119,96,15
74,7944,4970.12516414448,91,17
83,8540,6379.67508736676,86,3
93,7680,6605.98422060074,96,3
27,8965,1114.42724809871,63,36
34,3949,648.757812930422,49,15
7,1506,86.9121224233248,72,65
69,3463,1916.00074731336,93,24
66,2291,1168.09236829035,83,17
43,6464,1509.28374553058,82,39
39,4265,853.190488893349,82,43
31,5030,733.405187455162,86,55
22,4210,429.054136442282,90,68
77,9906,6616.70850190991,87,10
44,1338,324.544770197266,68,24
1,4828,233.833457827431,43,42
98,8168,7658.65670844916,98,0
17,2556,214.117239256429,63,46
86,6289,4923.70568502098,86,0
59,1365,563.135108054805,64,5
65,1654,819.613838867913,85,20
86,6342,4965.19978603961,94,8
69,4444,2458.76619146998,75,6
32,2693,408.610992542632,78,46
75,6176,3951.96474067643,78,3
53,6399,2157.54473347491,60,7
62,4521,2049.32711362604,75,13
5,6664,359.99801454347,44,39
71,7637,4447.40157093762,77,6
69,1615,893.543519177323,78,9
23,8529,904.290124077286,91,68
85,5155,3975.74775614351,88,3
72,2487,1484.36212574206,79,7
69,2578,1426.3499643586,83,14
69,4294,2375.77453334206,87,18
86,3071,2404.30913638089,89,3
31,3031,441.938593076858,90,59
90,1112,919.773260753431,90,0
36,4152,738.294750013027,63,27
3,7478,380.645338865785,76,73
70,1834,1041.37483480713,90,20
68,2070,1115.22159133682,80,12
10,2681,172.206730560532,74,64
74,5099,3190.16467925135,80,6
42,8914,2003.04827855316,86,44
12,1212,83.8605139921306,85,73
92,5974,5070.71842682161,92,0
8,3058,182.743787584333,76,68
1,4845,234.656815073302,56,55
30,8422,1179.9872222718,68,38
70,1252,710.905830522643,82,12
23,2343,248.417371404981,78,55
64,8680,4177.82068689424,73,9
0,5855,378.42137385329,44,44
66,8210,4185.96173883185,71,5
28,5561,719.405135596971,76,48
67,1180,618.644214441453,67,0
31,6223,907.351984400293,79,48
83,6056,4524.04125633409,91,8
90,2287,1891.65597782653,98,8
37,3904,722.096617406199,91,54
92,1685,1430.22439725384,94,2
82,9303,6833.01434679364,86,4
54,1839,641.983153001565,57,3
73,4172,2550.30270271078,90,17
26,4651,555.554526265873,85,59
65,8622,4272.49729064036,74,9
19,4273,386.980310855383,72,53
2,8761,434.378200413817,86,84
31,3345,487.721739967697,61,30
99,9037,8606.66666666667,99,0
35,1248,213.311970742283,66,31
26,7875,940.656180250215,77,51
33,3727,588.43998895476,84,51
2,8743,433.485744346307,79,77
77,4063,2713.87912813042,78,1
28,3569,461.707773592086,64,36
68,4381,2360.28299113363,81,13
54,3662,1278.38080820649,80,26
30,3230,452.547937299682,78,48
66,4943,2520.24468636368,68,2
78,2180,1486.13919038665,84,6
94,4783,4172.86728320325,98,4
19,8254,747.515910554722,69,50
14,6538,488.001723608314,56,42
96,8698,7859.52365008603,98,2
51,2096,658.430470748777,63,12
73,6624,4049.1862662407,96,23
28,8058,1042.43240112217,76,48
57,1263,488.077418887195,67,10
28,7040,910.737664916864,77,49
19,5479,496.200590493012,75,56
93,9654,8303.92860230202,93,0
75,9465,6056.56513447254,84,9
97,3595,3311.7206331579,97,0
17,1610,134.87040500894,66,49
62,1502,680.842584531366,91,29
56,1422,531.455713053555,72,16
11,6373,424.763786466148,90,79
52,4482,1458.95069303582,89,37
37,2744,507.539220840833,86,49
10,9421,605.132267292342,78,68
20,4479,421.860994889009,72,52
75,6583,4212.40024091207,77,2
31,7618,1110.75163380386,52,21
75,1395,892.647476237633,87,12
37,3261,603.165232930742,83,46
12,3829,264.935567719363,66,54
70,6219,3531.24869011207,84,14
20,9555,899.951285145005,82,62
86,1650,1291.797484542,86,0
6,7161,399.562484085121,87,81
8,4252,254.096332507712,68,60
17,3914,327.877493916143,70,53
94,9314,8125.88038380829,97,3
26,4765,569.171644303781,91,65
48,4017,1131.66665615221,85,37
96,9691,8756.79968877716,97,1
26,9701,1158.76896566442,50,24
23,7589,804.62630456355,57,34
95,7114,6306.23636724178,97,2
69,9742,5390.03155654828,84,15
51,6958,2185.76298447996,76,25
75,5812,3719.04453899149,83,8
94,3235,2822.33444724284,96,2
38,2747,528.440487191954,91,53
8,2430,145.214978361651,85,77
39,3122,624.539438763197,70,31
54,5534,1931.88405041363,79,25
54,3868,1350.29409233826,69,15
1,3032,146.848186440093,89,88
75,5110,3269.84129288481,89,14
76,2270,1484.58107197573,77,1
92,7977,6770.86054415065,98,6
9,6908,427.820301232673,23,14
62,2209,1001.31908737003,88,26
22,3654,372.390454764869,87,65
10,4145,266.242781862515,76,66
58,7489,2991.00574137246,91,33
87,6444,5118.43788639317,88,1
35,4634,792.05742982351,40,5
47,9712,2636.72947903521,78,31
90,8891,7354.05041489096,91,1
68,2708,1458.94689340102,88,20
55,8678,3135.23352377946,79,24
85,7439,5737.26237787615,87,2
60,7705,3281.83815155878,85,25
78,6712,4575.672589851,86,8
78,1760,1199.81879590849,95,17
5,2032,109.771303354191,56,51
84,6130,4654.41394344553,84,0
90,9322,7710.54526685565,91,1
9,2481,153.651153352383,68,59
17,9755,817.180621653546,83,66
71,1786,1040.0758420446,83,12
75,5497,3517.47897984105,78,3
37,5831,1078.52084428677,76,39
63,8411,3929.85788303325,77,14
67,1159,607.634444523427,82,15
44,6478,1571.30121176225,60,16
7,7526,434.329769825991,64,57
91,8806,7378.45339794778,91,0
98,4132,3874.33515172771,98,0
39,5379,1076.04024378835,75,36
60,6191,2636.97079770285,70,10
39,2096,419.293614236919,84,45
73,5560,3398.77349642185,83,10
46,7719,2018.93585911556,87,41
42,8725,1960.5784418192,76,34
4,9280,486.140405791433,86,82
83,6636,4957.32129739647,91,8
73,8457,5169.68119770496,82,9
86,2069,1619.83575485903,89,3
20,2715,255.716142246854,90,70
54,9997,3489.88884206452,69,15
97,4007,3691.25579334178,99,2
12,1954,135.200861667181,66,54
51,9130,2868.06784252688,60,9
50,3967,1202.17855073916,84,34
72,9385,5601.42281869291,79,7
97,3595,3311.7206331579,98,1
11,3029,201.884435776865,82,71
52,7082,2305.28532085668,83,31
93,3309,2846.2502325479,93,0
39,6930,1386.30951653714,88,49
76,9785,6399.39462082929,76,0
20,2202,207.398506529493,90,70
6,9080,506.63697186048,82,76
18,5358,466.637174904458,86,68
67,9308,4879.94944747546,74,7
83,8140,6080.86126594443,86,3
99,2558,2436.19047619048,99,0
35,3662,625.92022184154,84,49
3,5019,255.477260733803,80,77
90,6622,5477.28285315577,95,5
88,4295,3459.31938210839,95,7
82,3693,2712.4929574018,90,8
34,5971,980.94021296722,52,18
13,8474,608.884004183037,86,73
51,2843,893.090566955522,73,22
44,7851,1904.33556862387,84,40
24,7738,853.597388810539,61,37
30,2123,297.44869067716,77,47
39,2270,454.101385647808,60,21
57,9419,3639.9059449711,88,31
55,3073,1110.22961725908,73,18
45,7238,1823.34064075859,75,30
85,8108,6253.22265893531,89,4
2,3863,191.530988266017,83,81
98,6459,6056.22718901483,98,0
25,3173,364.207963093891,69,44
3,2817,143.391002886456,42,39
18,6129,533.784853488134,66,48
85,9632,7428.5940615275,85,0
89,5393,4402.58686510199,93,4
37,9452,1748.27285546194,82,45
44,7637,1852.42781016183,82,38
48,9730,2741.12934138935,70,22
46,5853,1530.87596623958,54,8
55,5170,1867.84481654066,65,10
81,4633,3343.54588869452,91,10
90,9695,8019.06633363715,91,1
55,5300,1914.81190090241,80,25
78,8134,5545.07163972706,81,3
57,3012,1163.96610109915,73,16
14,4009,299.235073408647,80,66
39,6278,1255.88039607795,68,29
39,8155,1631.36422905633,87,48
85,8222,6341.14414180638,93,8
26,4208,502.638883364179,78,52
14,1148,85.6876688134513,26,12
33,9217,1455.2324599399,72,39
76,2226,1455.80505119734,88,12
98,4601,4314.08906899787,98,0
3,9685,492.986106835401,70,67
51,5725,1798.43246423509,85,34
59,7864,3244.31830750402,90,31
6,4129,230.38590934052,74,68
72,6478,3866.38433878452,84,12
18,8420,733.311872470238,84,66
37,2507,463.702925163253,85,48
34,4298,706.092955172184,83,49
15,9438,731.935129202528,58,43
98,7618,7142.95382039247,99,1
8,9604,573.927840405471,67,59
46,4782,1250.75155827058,69,23
16,4786,385.717490528232,90,74
36,2692,478.682434257001,60,24
88,4701,3786.32372882224,94,6
31,8745,1275.0752215299,32,1
11,8954,596.788787700908,86,75
38,3131,602.310580778306,67,29
77,1244,830.929272801931,84,7
26,1227,146.563191513272,87,61
80,9712,6881.91921870571,85,5
42,8326,1870.91989760306,81,39
39,3234,646.944441050666,46,7
30,5507,771.573216937879,73,43
0,6370,411.706943030821,77,77
25,7975,915.398205380958,74,49
32,6650,1009.00969194523,70,38
18,2858,248.90799661757,85,67
54,6543,2284.11950521438,87,33
34,3356,551.337356341985,73,39
7,2524,145.661485389423,83,76
36,5100,906.864938599817,76,40
98,8488,7958.70202513669,98,0
84,6711,5095.55823400701,84,0
10,9846,632.430984371128,90,80
88,1848,1488.43357814582,93,5
37,1882,348.100879600017,61,24
67,3222,1689.21327027997,71,4
5,9361,505.69348951702,78,73
69,5307,2936.24486456598,74,5
1,9567,463.35639830883,87,86
6,7793,434.826202831357,78,72
25,4569,524.445692838319,91,66
69,1706,943.89179177493,78,9
6,2876,160.472239104707,84,78
41,6307,1363.62445118235,47,6
63,4215,1969.36761110274,74,11
90,7627,6308.5527515885,93,3
86,6988,5470.95807392696,86,0
83,3201,2391.2576059322,85,2
78,8279,5643.92034734452,87,9
56,4026,1504.66997240057,71,15
30,7011,982.295228609311,64,34
47,9013,2446.95663041025,74,27
3,7351,374.180781760148,61,58
81,2734,1973.07456500989,96,15
1,9484,459.336477637812,73,72
3,1434,72.9935030668008,88,85
55,2886,1042.66927283101,88,33
80,5593,3963.19750723034,84,4
61,5008,2201.1199569486,72,11
70,3086,1752.28066532977,75,5
12,5017,347.135477474026,89,77
14,6645,495.988292043018,68,54
91,1219,1021.38708745155,92,1
99,5044,4803.80952380952,99,0
36,5393,958.965218405649,88,52
4,9451,495.098380941254,81,77
54,3699,1291.29727186122,88,34
46,3493,913.608363245322,91,45
43,5919,1382.03132577282,75,32
33,9432,1489.17788457776,68,35
11,8514,567.462557347055,84,73
85,7736,5966.32097798762,90,5
71,8779,5112.44446657868,90,19
88,8031,6468.40371541618,88,0
95,7630,6763.64682064307,98,3
41,7400,1599.93989832716,86,45
60,5025,2140.32922927747,66,6
23,6388,677.289871333767,66,43
79,3330,2315.2538751448,82,3
26,9360,1118.03705995454,75,49
72,4824,2879.19698213901,76,4
32,4794,727.397362885027,54,22
49,2029,592.951390444695,59,10
83,4766,3560.36668224707,96,13
85,2522,1945.06999825294,93,8
27,1232,153.148284401295,37,10
86,5675,4443.00043925808,86,0
47,4008,1088.13959554913,62,15
51,2298,721.886079093841,67,16
28,2035,263.260106265031,57,29
41,1850,399.984974581789,87,46
85,6287,4848.79265623166,86,1
75,5767,3690.24945911285,79,4
13,7247,520.720129609921,38,25
99,7227,6882.85714285714,99,0
51,6537,2053.51144431525,70,19
74,7135,4463.97822836995,93,19
97,3626,3340.2778903562,97,0
94,6025,5256.43432600869,94,0
56,4136,1545.78117383228,56,0
43,2807,655.408334422082,70,27
37,9384,1735.69535290466,87,50
52,4215,1372.03863702498,73,21
23,5479,580.912837357187,79,56
40,9570,1990.44219122188,75,35
11,5320,354.580785187495,82,71
65,1178,583.739481370255,78,13
78,4115,2805.25815066103,82,4
57,3566,1378.05548357224,85,28
64,3944,1898.30930750125,83,19
21,5910,578.983143819027,76,55
5,4870,263.08378313726,80,75
77,3723,2486.77627221993,89,12
81,6637,4789.79366787514,91,10
84,9884,7504.76793099766,87,3
95,7643,6775.17072741481,99,4
84,6605,5015.07407772557,85,1
3,4718,240.155751373198,84,81
33,6657,1051.04507820548,90,57
88,3860,3108.95758205783,91,3
99,3422,3259.04761904762,99,0
59,8224,3392.83745688111,78,19
67,4643,2434.20770139972,74,7
97,5057,4658.51773070362,98,1
68,7600,4094.53337882117,86,18
75,2062,1319.45454910538,87,12
30,5656,792.449267296286,66,36
88,5276,4249.44564842931,89,1
5,5987,323.425587195642,69,64
52,7180,2337.18562605916,87,35
96,1204,1087.9359018974,98,2
26,4510,538.71230132425,41,15
18,6786,591.004081541928,46,28
98,2432,2280.34440682522,98,0
49,9147,2673.1031879732,83,34
26,3353,400.510498079869,77,51
61,6018,2645.035922707,83,22
45,9888,2490.90802097553,69,24
86,6992,5474.08970419251,86,0
18,1787,155.632816639467,80,62
4,9894,518.305299019444,82,78
92,5837,4954.43311974519,96,4
91,4403,3689.22669897389,97,6
89,4280,3493.98697990664,96,7
72,8507,5077.38986879282,86,14
1,4295,208.018786530409,72,71
21,4419,432.91480753575,86,65
72,5636,3363.83793352725,87,15
60,2764,1177.28756014386,94,34
25,5929,680.551217517705,70,45
93,3805,3272.88671346169,98,5
15,6043,468.646321865954,78,63
91,5124,4293.34490246246,92,1
65,6599,3270.03127127531,69,4
48,1943,547.380710207554,74,26
86,4317,3379.8119641017,94,8
56,3953,1477.38708417771,87,31
61,8241,3622.09056813367,85,24
56,8675,3242.17884018255,90,34
25,2623,301.077052377963,74,49
64,4302,2070.62034504827,70,6
14,1933,144.280717610106,77,63
34,2909,477.902374731476,81,47
11,6973,464.754100585038,52,41
34,4974,817.148990001499,69,35
61,5692,2501.75215554142,83,22
68,6364,3428.63295037078,86,18
65,7802,3866.15911175784,93,28
90,5979,4945.43554500428,91,1
26,5040,602.019955360138,66,40
57,9234,3568.41400317052,86,29
90,4861,4020.69947888707,94,4
71,3012,1754.0360785209,88,17
90,2780,2299.43315188358,92,2
91,1466,1228.34575078259,93,2
38,2046,393.589092389784,80,42
55,5525,1996.10108537469,76,21
98,1565,1467.40912692494,98,0
56,5616,2098.91370218619,75,19
27,3624,450.494628790823,65,38
15,9834,762.645694064173,91,76
72,8268,4934.74308630293,72,0
8,1984,118.562352703504,71,63
94,6983,6092.22919477489,95,1
51,2975,934.556608052296,77,26
67,1859,974.626775124289,73,6
75,2062,1319.45454910538,84,9
27,3526,438.312378895266,76,49
61,5216,2292.54027464934,74,13
85,6394,4931.31545155802,85,0
66,5842,2978.61004607255,83,17
91,6298,5277.0269702788,92,1
77,7557,5047.69494739887,78,1
23,4111,435.87017236273,79,56
39,9704,1941.23341247856,62,23
86,9683,7580.89396534555,94,8
26,4813,574.905167688163,84,58
45,4875,1228.07206738023,78,33
17,2422,202.892000578666,80,63
17,2811,235.478700919335,89,72
80,3645,2582.84550578484,88,8
19,6988,632.861786159002,88,69
93,7974,6858.86955404561,93,0
89,2085,1702.09412455732,91,2
41,1961,423.984073056696,78,37
27,3884,482.814883615772,62,35
54,6512,2273.29760323338,59,5
60,9865,4201.86026802432,65,5
39,5242,1048.63412491886,81,42
76,8373,5475.94595403205,95,19
66,8915,4545.41399533325,76,10
60,5188,2209.75682417741,69,9
82,3783,2778.59757862199,89,7
71,4018,2339.87946995251,88,17
73,4314,2637.10591071292,89,16
69,2818,1559.13661736328,69,0
7,6360,367.039242106471,65,58
89,6371,5200.97921705262,90,1
2,5549,275.124373256052,78,76
82,4538,3333.14190108025,82,0
29,8897,1197.81697015075,76,47
32,9347,1418.22760761084,83,51
5,5299,286.258925430049,77,72
80,9342,6619.73737038188,81,1
52,5168,1682.25282945317,73,21
17,9471,793.38981729172,80,63
51,5846,1836.44300190713,62,11
47,7266,1972.66025480538,66,19
19,6712,607.866100271783,62,43
38,2921,561.91287334827,47,9
32,4697,712.679477152894,54,22
93,4687,4031.54271379631,97,4
20,3617,340.672297055938,84,64
52,6513,2120.06824269127,74,22
61,4755,2089.92120512991,79,18
87,9779,7767.41218048399,92,5
58,1147,458.096352697852,89,31
3,9492,483.162016115811,45,42
13,2481,178.267785506032,83,70
1,2580,124.956570255752,68,67
6,7724,430.976208221404,55,49
65,9510,4712.53180630826,92,27
87,1185,941.239741678446,90,3
26,8801,1051.26540220726,78,52
2,4773,236.649600567874,85,83
44,1433,347.58793400051,74,30
28,1060,137.128114319869,84,56
56,2982,1114.48729699416,82,26
38,8384,1612.83037663536,88,50
66,1566,798.442884654163,71,5
6,3409,190.212052541011,79,73
1,9320,451.393501854113,65,64
36,4480,796.618612730819,88,52
83,5662,4229.70964223309,84,1
59,7261,2995.54873229739,75,16
15,1879,145.720079229874,49,34
76,1378,901.212650741212,78,2
50,2661,806.402098189285,68,18
35,5288,903.841106799033,76,41
8,7810,466.719745269339,85,77
0,5579,360.58289406106,68,68
24,9459,1043.44503757546,80,56
21,3634,356.010955099551,70,49
42,3758,844.453155800178,77,35
16,7323,590.181609514886,90,74
0,5229,337.961633454971,82,82
51,1283,403.037353993646,89,38
9,2611,161.702201291041,85,76
29,8187,1102.22856408049,36,7
46,5390,1409.77643226232,82,36
9,6866,425.219193437107,77,68
4,6832,357.899919436107,80,76
86,5918,4633.24697789063,88,2
71,8894,5179.41463557931,85,14
42,8698,1954.51132228578,43,1
33,9109,1438.18080477298,55,22
47,9463,2569.12799218598,73,26
37,5041,932.399858694839,54,17
54,6618,2310.30152613614,81,27
4,2464,129.07865946876,68,64
77,3323,2219.59644173699,90,13
48,6713,1891.18204200891,90,42
91,1576,1320.51357655754,93,2
20,3769,354.988633564786,65,45
22,8716,888.274549461028,81,59
80,5357,3795.96800397513,81,1
21,4019,393.728131135139,61,40
96,5293,4782.76140261041,97,1
54,5548,1936.77136098569,83,29
16,1107,89.2163104920086,67,51
41,9909,2142.40600709781,87,46
75,4750,3039.48065385574,77,2
22,6297,641.746768925665,84,62
82,4092,3005.55677814464,88,6
0,2993,193.444094268642,66,66
82,9378,6888.1015311438,82,0
56,3307,1235.95221031512,87,31
52,6585,2143.50520161554,77,25
78,7722,5264.20496704848,92,14
34,5421,890.583971612008,79,45
94,4668,4072.53700146201,94,0
11,5295,352.914522099208,77,66
88,2227,1793.69133037378,98,10
86,2749,2152.21290000361,92,6
91,4364,3656.54901529004,96,5
47,3277,889.679005642338,78,31
17,3177,266.138681188449,61,44
78,6633,4521.8170870801,94,16
16,6485,522.644781879563,78,62
90,8763,7248.17723379704,91,1
1,5107,247.346203215553,30,29
0,3746,242.112120658313,78,78
0,6758,436.784226217,78,78
93,9440,8119.85560448841,97,4
50,2914,883.072421692437,67,17
25,6667,765.261421351078,40,15
26,3323,396.927045964631,52,26
91,3897,3265.2547004091,97,6
28,1883,243.596452136144,69,41
24,5991,660.881617519247,88,64
41,5160,1115.63376694164,74,33
23,2122,224.985771285262,71,48
50,9518,2884.37999645457,86,36
35,5696,973.577712618626,89,54
4,8250,432.183011614151,83,79
49,5880,1718.36085550261,73,24
62,1843,835.414702590751,71,9
3,4923,250.590666386234,75,72
76,9002,5887.3122510685,78,2
4,1096,57.4148582701951,76,72
46,1632,426.856240714677,79,33
94,9691,8454.78922047307,96,2
63,8448,3947.14533300022,69,6
51,6954,2184.50643778006,76,25
72,5677,3388.30872048158,72,0
98,4252,3986.85214548553,99,1
50,3721,1127.62954053451,81,31
56,6008,2245.41907456101,82,26
51,7279,2286.60085714711,81,30
44,1301,315.57006429495,79,35
13,9212,661.911664684227,81,68
45,2791,703.087003088866,79,34
98,2254,2113.44419941778,98,0
0,1333,86.1546868226192,72,72
70,5205,2955.48310532776,81,11
70,2443,1387.17487537286,79,9
65,4686,2322.07403200426,73,8
58,5959,2379.94434675371,88,30
56,9529,3561.35125857055,72,16
18,8493,739.669564476215,47,29
86,2469,1932.99878141466,86,0
66,9405,4795.24606013563,90,24
6,4343,242.326472333708,78,72
61,8089,3555.28341289082,74,13
63,5614,2623.0201112054,76,13
97,8660,7977.60797862237,97,0
31,5324,776.272210340215,51,20
61,1328,583.683566858574,86,25
1,4270,206.807967051187,80,79
97,4322,3981.43437455033,98,1
63,5190,2424.91527915142,68,5
68,7405,3989.47627239089,90,22
83,2505,1871.32155665735,90,7
6,6305,351.800232112371,50,44
37,8117,1501.34688613886,72,35
10,6509,418.087881096046,78,68
55,3342,1207.41535336148,71,16
28,5047,652.910936766394,90,62
7,9062,522.973209429063,71,64
76,2739,1791.30729345441,90,14
72,7820,4667.35497519218,93,21
99,1447,1378.09523809524,99,0
48,3305,931.082474130709,91,43
55,8595,3105.2468468408,81,26
34,5710,938.062069342292,71,37
38,6730,1294.65033811498,77,39
73,1861,1137.6110569858,83,10
29,3430,461.786243409808,75,46
87,6510,5170.86136567653,89,2
22,5915,602.815966046579,81,59
17,3014,252.484099811767,81,64
43,8349,1949.41367441752,88,45
19,6577,595.639949566078,56,37
96,3462,3128.26751857874,96,0
25,4800,550.960675339009,89,64
55,8754,3162.69120386788,55,0
70,6303,3578.94524743148,80,10
62,5422,2457.7420062111,91,29
33,5520,871.529041864844,82,49
66,4714,2403.48643567032,83,17
95,8756,7761.79443794898,99,4
68,3888,2094.6770759022,83,15
62,3815,1729.30390145617,83,21
45,9264,2333.71479635086,67,22
82,9441,6934.37476599793,87,5
24,6508,717.913130832125,85,61
42,2889,649.181790076295,65,23
58,3027,1208.9430336673,75,17
13,2472,177.621106719432,73,60
38,8967,1724.98210726256,88,50
27,4719,586.612625072819,77,50
15,4889,379.15139295096,87,72
49,8803,2572.57323316148,73,24
53,2296,774.140132529832,73,20
12,2727,188.686156482294,68,56
47,4504,1222.79958541748,82,35
55,8186,2957.48117373343,71,16
26,3123,373.037365196371,79,53
40,5270,1096.09512515562,61,21
15,2732,211.87187677276,69,54
75,2882,1844.16489356047,84,9
64,4641,2233.78638339587,79,15
16,2243,180.769814303139,75,59
23,4511,478.280308326021,84,61
56,3391,1267.34621868116,82,26
55,5622,2031.14575601384,70,15
52,7990,2600.8514139572,83,31
41,5751,1243.41275071344,44,3
48,8360,2355.17382261202,48,0
1,2995,145.056173610844,90,89
62,7456,3379.73522654186,91,29
61,3732,1640.29146951521,87,26
85,6509,5020.0081755069,90,5
34,3480,571.708581665705,61,27
7,5420,312.791303807716,68,61
14,8990,671.021030168055,81,67
57,1131,437.066952305161,82,25
59,6358,2623.01319927652,78,19
57,7158,2766.15848328943,83,26
60,3106,1322.95772858424,66,6
30,5403,757.002014003153,86,56
91,9612,8053.79219408064,98,7
24,1131,124.763329897224,81,57
51,5463,1716.12865539149,80,29
17,9789,820.028816541933,86,69
68,5282,2845.70069828071,80,12
35,9314,1591.97732010707,88,53
16,9125,735.409966792754,56,40
68,7702,4149.48632680009,75,7
0,7877,509.107627983325,71,71
54,5704,1991.22996450295,93,39
69,4217,2333.17214883639,77,8
77,5072,3387.84025052363,93,16
78,6540,4458.41757115994,89,11
82,7742,5686.46641651901,89,7
14,2782,207.650779302284,81,67
38,6324,1216.54810375024,82,44
23,2129,225.72794866462,68,45
84,3626,2753.16557241982,86,2
17,7705,645.451223971355,84,67
43,7302,1704.94893407554,68,25
59,5849,2413.02362418502,72,13
46,3652,955.195460226715,80,34
33,7066,1115.6203278654,59,26
82,6642,4878.52104605002,83,1
87,6568,5216.93048383463,96,9
87,5710,4535.42525315099,91,4
68,1326,714.388323725905,75,7
1,4554,220.562876335153,80,79
16,1200,96.7114476878142,80,64
30,4276,599.100612970106,71,41
6,2512,140.162122611622,72,66
96,5966,5390.88504212615,98,2
43,2856,666.849377666358,93,50
17,2234,187.143158254641,66,49
74,5940,3716.33226019867,85,11
5,6701,361.996803039585,16,11
83,1483,1107.85224292329,84,1
22,3655,372.492367861411,65,43
93,4708,4049.60595189952,93,0
64,9482,4563.83591625935,87,23
85,6726,5187.36748939306,89,4
86,8786,6878.62587829454,93,7
24,1067,117.703335986152,62,38
26,9592,1145.74908964572,68,42
59,2296,947.222130471673,72,13
48,8880,2501.66788813334,55,7
84,3506,2662.05143323328,95,11
78,8517,5806.16857088214,93,15
19,9529,862.985111664157,73,54
77,4542,3033.82697513374,85,8
19,2176,197.067436560101,90,71
58,3993,1594.75042399523,72,14
65,3472,1720.49531351233,76,11
62,4590,2080.60416977295,92,30
27,1197,148.797480867168,78,51
55,8317,3004.80954335951,84,29
82,8728,6410.67926677576,83,1
86,7533,5897.64269760901,91,5
89,2493,2035.16578058581,91,2
68,1970,1061.3461521418,68,0
30,9665,1354.14111888589,45,15
17,5413,453.449380318877,68,51
86,9966,7802.45680663367,93,7
15,6914,536.194054175279,72,57
69,7703,4261.89828372936,87,18
63,7464,3487.39260955417,94,31
90,3774,3121.60457381605,99,9
21,5061,495.80942315873,55,34
82,3478,2554.57636226468,82,0
21,4889,478.959152306468,89,68
0,5727,370.148455688777,74,74
27,9858,1225.43489255517,88,61
36,1144,203.422252893763,38,2
37,2354,435.403544409373,92,55
82,5540,4069.10668399836,88,6
21,4978,487.678187805604,59,38
53,3188,1074.89492269386,88,35
97,2622,2415.39123786927,99,2
20,7193,677.482950711463,86,66
74,5043,3155.12855019897,82,8
96,6806,6149.91008996155,98,2
19,5784,523.822634679975,77,58
92,2978,2527.72003265396,93,1
33,9325,1472.28411510682,64,31
98,8472,7943.69975930231,98,0
30,1349,189.005314989867,91,61
41,5534,1196.49559423547,90,49
31,4333,631.778265853522,44,13
75,2563,1640.03977175416,90,15
19,1717,155.498524160705,86,67
35,3491,596.692379696563,74,39
9,2956,183.068443897479,65,56
58,7968,3182.3118904067,79,21
89,5569,4546.26483436918,95,6
90,4820,3986.78697556793,90,0
83,2113,1578.48401166346,85,2
67,1655,867.674724492038,78,11
78,1712,1167.09646511098,85,7
12,1433,99.1519113454812,75,63
5,8889,480.195430863882,69,64
36,5903,1049.65171226563,78,42
24,6273,691.989715689908,79,55
16,9528,767.888894641245,62,46
58,7101,2836.04376678941,78,20
42,5106,1147.35971620961,81,39
3,1463,74.469661775962,75,72
57,5380,2079.06295614656,79,22
2,4556,225.890546865124,63,61
20,6904,650.263074059772,66,46
52,5770,1878.21184712554,78,26
72,1570,937.05208581224,80,8
81,9091,6560.79768489572,89,8
5,9218,497.968442086091,88,83
57,2612,1009.38892963844,81,24
18,7001,609.728790874601,76,58
76,8208,5368.03587611311,84,8
82,2575,1891.32666268877,84,2
50,1605,486.386834871778,78,28
33,6178,975.41782982627,59,26
54,4901,1710.90779383397,66,12
23,2185,231.66536769948,70,47
64,3777,1817.9295776958,84,20
40,2867,596.300706607433,56,16
80,6586,4666.83690016432,81,1
31,4449,648.69178508708,47,16
60,1576,671.275396087819,94,34
24,2594,286.150378208133,86,62
9,2837,175.698638476707,86,77
37,8190,1514.84920506065,77,40
42,6083,1366.89956006719,85,43
96,4989,4508.06662339379,99,3
2,5227,259.159325826164,74,72
61,2046,899.2594712294,93,32
3,9371,477.002871156897,56,53
9,9674,599.121828912114,56,47
12,2121,146.755899486229,87,75
58,6559,2619.57626621204,83,25
8,4087,244.236056199205,71,63
0,9937,642.249904693449,67,67
78,4677,3188.38210708181,82,4
2,2194,108.780478450852,49,47
84,7426,5638.44664666012,87,3
12,2238,154.851345143885,81,69
0,3017,194.995266424488,43,43
94,2754,2402.69213839468,96,2
4,5976,313.057657867414,90,86
90,3205,2650.96519848448,90,0
4,4579,239.874667900751,71,67
63,6099,2849.62587428603,85,22
97,6575,6056.9021315753,97,0
49,7394,2160.80955197046,74,25
89,4869,3974.81836569286,89,0
78,2142,1460.23401183862,82,4
23,2442,258.913880055895,72,49
42,6008,1350.04645025212,64,22
10,3957,254.16711407237,85,75
34,6094,1001.14715421575,83,49
20,3631,341.990906997542,54,34
90,2792,2309.35876261113,90,0
92,1764,1497.2794283417,94,2
48,2812,792.194831242225,78,30
95,2659,2357.08216200392,96,1
39,5004,1001.02349505799,73,34
95,2669,2365.94670567449,97,2
26,2550,304.593429795308,55,29
5,2109,113.930944278538,90,85
8,2424,144.856422859523,86,78
29,4235,570.164647475375,77,48
5,8479,458.046693474502,84,79
36,7709,1370.78859052274,81,45
70,9104,5169.3983075704,74,4
24,9185,1013.21943864368,66,42
92,5988,5082.60159688781,93,1
6,9347,521.534777090298,79,73
66,8784,4478.62215760036,89,23
25,7823,897.951117328556,80,55
49,1381,403.581010450529,85,36
96,5801,5241.79083630134,99,3
9,3573,221.279956037108,83,74
96,9164,8280.60183138519,98,2
30,7776,1089.47763481187,85,55
29,3127,420.992881382644,70,41
31,1377,200.775137798361,90,59
51,4257,1337.27982537097,74,23
27,8783,1091.80306972125,72,45
97,1420,1308.10662005124,97,0
88,8552,6888.03244605144,90,2
58,8425,3364.83153572747,93,35
35,1950,333.299954284818,87,52
42,6467,1453.18748232032,82,40
42,2553,573.679858104805,77,35
53,3215,1083.99848697013,72,19
64,7004,3371.13549435567,87,23
40,1448,301.166174805568,73,33
7,1405,81.0833545848415,79,72
32,5072,769.57851993176,89,57
79,7704,5356.37112736203,87,8
95,4480,3971.31556441428,98,3
27,2909,361.613928022215,46,19
69,8110,4487.08231611646,93,24
67,3289,1724.33967906605,68,1
2,7500,371.856694795528,78,76
37,9325,1724.78251980349,70,33
24,1711,188.744524716313,87,63
96,8276,7478.20392367349,98,2
46,4301,1124.94405105014,66,20
87,6192,4918.27551094763,97,10
35,5384,920.249719933055,65,30
48,7093,1998.23539758218,70,22
33,4466,705.117518291376,84,51
45,3160,796.042611881339,80,35
41,4181,903.966042554843,85,44
26,7924,946.509152038439,78,52
76,5145,3364.83242965424,94,18
38,1013,194.870845841081,43,5
80,8963,6351.17812574746,81,1
87,2424,1925.37142095237,89,2
46,2107,551.094423520725,70,24
65,6507,3224.44210974215,82,17
60,6664,2838.4386037622,75,15
81,6008,4335.85661542773,87,6
74,5945,3719.46048600692,86,12
98,4944,4635.70014282231,99,1
27,5152,640.438280223599,80,53
48,7216,2032.88687846511,72,24
7,6200,357.805550481151,72,65
46,8140,2129.05012219208,87,41
2,9019,447.170070714783,76,74
19,5623,509.241817912431,69,50
9,8077,500.217801542603,90,81
75,7008,4484.35377309916,82,7
81,9638,6955.5569340034,83,2
95,1678,1487.47042792124,96,1
79,7842,5452.31858525092,90,11
72,3349,1998.84550024534,78,6
58,5443,2173.86089601954,64,6
38,3459,665.407952383316,74,36
8,9950,594.604541028159,81,73
51,9142,2871.83748262659,63,12
27,3277,407.359519466757,82,55
39,4856,971.416884892403,77,38
75,1327,849.134911087698,82,7
48,1332,375.250183220001,80,32
58,2404,960.125223963066,78,20
37,6221,1150.65652071823,91,54
51,3164,993.928439622677,51,0
26,7118,850.233738542353,81,55
33,6288,992.78525638517,74,41
77,3596,2401.9466760416,87,10
25,2877,330.232054781319,70,45
3,7370,375.147920224771,52,49
49,1841,538.010601187128,90,41
68,2790,1503.12475354093,72,4
76,2993,1957.42341340236,77,1
61,9255,4067.76461692478,92,31
38,1707,328.375650395583,83,45
97,4932,4543.3675000653,97,0
54,6113,2134.00925192962,90,36
39,7466,1493.53345605574,85,46
96,4942,4465.59736476491,98,2
27,1072,133.258896816712,59,32
31,6320,921.495185828354,86,55
52,8235,2680.6021769634,88,36
33,5532,873.423670216724,69,36
73,8834,5400.13760204867,73,0
71,4337,2525.64889526731,75,4
27,3004,373.423251900561,82,55
51,3532,1109.53073601368,80,29
58,4004,1599.14367585196,89,31
40,4019,835.902525237277,59,19
58,5474,2186.24187852488,64,6
51,3427,1076.54638514125,74,23
67,7613,3991.30373266337,88,21
46,4958,1296.78507442608,81,35
69,5002,2767.49515970586,85,16
75,2865,1833.28675227299,82,7
71,6755,3933.76949216755,76,5
10,2495,160.259527321345,62,52
2,8434,418.165248520732,86,84
84,7416,5630.85380172791,91,7
46,5384,1408.20710784793,63,17
52,8790,2861.26206867131,90,38
1,4240,205.35498367612,68,67
32,1387,210.450592891434,70,38
45,4996,1258.55344587315,60,15
19,6139,555.972882832014,75,56
27,3409,423.768264224039,85,58
66,1891,964.147825594522,92,26
6,5842,325.966210309353,72,66
34,8604,1413.5001829459,67,33
77,3950,2638.40082601899,79,2
74,3003,1878.81242043377,75,1
98,4644,4354.40765842775,98,0
57,3469,1340.57051949302,70,13
79,6032,4193.87728975179,81,2
7,5970,344.532118769754,83,76
18,3919,341.312259882525,43,25
42,1798,404.025219299819,81,39
54,1371,478.60734244978,54,0
58,6446,2574.44558804739,76,18
7,2314,133.542265131191,42,35
37,5305,981.23016274075,87,50
1,3725,180.412102404138,51,50
45,7166,1805.2029609942,87,42
12,1567,108.42361833801,65,53
61,1087,477.759064138005,85,24
71,1626,946.89995473937,89,18
52,5621,1829.71036268503,81,29
13,4676,335.98555623789,63,50
52,6341,2064.07995192774,89,37
4,2868,150.242530582956,64,60
0,7461,482.220643948659,44,44
9,2554,158.172126425629,70,61
37,6413,1186.16946911525,74,37
71,9999,5822.91060728103,87,16
17,7282,610.016328742298,74,57
8,3444,205.810858221204,74,66
52,1976,643.214317143859,90,38
48,1789,503.995929264701,83,35
40,5121,1065.10495937798,73,33
36,1140,202.710986275253,64,28
26,3301,394.299181080122,34,8
94,6470,5644.66889448569,96,2
65,8623,4272.99282500485,90,25
77,4339,2898.23321116365,88,11
27,2376,295.35740563107,89,62
2,8301,411.570989799691,65,63
81,3241,2338.96659297624,91,10
10,2363,151.780866958052,74,64
84,5255,3990.04001187704,85,1
17,7369,617.304356839055,72,55
71,7678,4471.27789205958,80,9
89,3095,2526.60974364744,89,0
4,9966,522.077078029895,72,68
26,3595,429.417011809463,73,47
69,8757,4845.05300150824,83,14
49,3431,1002.66940395059,68,19
1,7717,373.755756846372,78,77
24,3504,386.534666631187,64,40
22,5985,609.949882804526,72,50
35,2783,475.678857833152,91,56
59,8206,3385.41149941226,81,22
23,5786,613.462616709013,84,61
94,4181,3647.66006921865,97,3
15,1668,129.356621689957,69,54
89,4475,3653.1756390379,91,2
61,2603,1144.07253353379,91,30
81,7765,5603.84930406064,96,15
64,7017,3377.39259907107,74,10
72,2696,1609.10345436293,84,12
68,9940,5355.21865598453,86,18
79,1216,845.450063716541,86,7
46,3521,920.931877179152,84,38
12,4523,312.954706919478,77,65
93,7686,6611.14514577308,96,3
3,6305,320.937264181436,51,48
59,5519,2276.88107058936,72,13
92,5199,4412.90008387103,95,3
59,5105,2106.0840488057,60,1
46,7042,1841.8637543583,72,26
96,2565,2317.73719964022,99,3
84,2659,2018.93746747499,89,5
88,3989,3212.85797793489,91,3
55,8216,2968.31973166306,87,32
25,6463,741.84559264917,71,46
57,6990,2701.23607127593,80,23
39,4238,847.789282984762,71,32
29,2579,347.214787683351,66,37
54,7118,2484.84833228121,88,34
70,4535,2575.04627908961,80,10
71,7422,4322.19647237122,75,4
52,6062,1973.26173609619,71,19
20,8996,847.30107390523,81,61
53,3429,1156.15266308571,69,16
39,8950,1790.39973636471,58,19
4,4445,232.854968075746,80,76
76,1968,1287.07292936045,93,17
8,5443,325.269599680027,70,62
63,1026,479.376315300453,82,19
74,1099,687.584032652918,75,1
10,7771,499.149012751172,64,54
80,4324,3063.98462743858,80,0
87,3335,2648.97429409082,89,2
51,3879,1218.5361622302,86,35
97,5417,4990.15039494196,97,0
90,2328,1925.56848114567,93,3
22,1332,135.74824459409,68,46
59,6754,2786.38426359132,78,19
21,3894,381.482294759948,61,40
13,2986,214.553650754136,74,61
76,4673,3056.14420675884,81,5
14,2710,202.27663979482,75,61
57,3901,1507.51386467059,80,23
60,2706,1152.5832625721,69,9
75,9481,6066.80338509606,76,1
9,6837,423.423190435406,56,47
15,6122,474.77292445199,82,67
92,2673,2268.83668478309,94,2
70,4974,2824.31757269938,74,4
59,9420,3886.25107536723,80,21
37,3576,661.428663894613,69,32
40,1680,349.419318835189,73,33
60,7298,3108.48213239143,62,2
14,5745,428.811548199719,80,66
37,3586,663.278296623625,89,52
3,3946,200.859388494837,85,82
28,3581,463.260167339104,75,47
21,2294,224.735589157504,87,66
71,2253,1312.03296311673,75,4
22,6240,635.937722422764,74,52
73,9847,6019.37457181042,85,12
47,4576,1242.3470033016,86,39
54,9355,3265.77074297425,75,21
99,1480,1409.52380952381,99,0
53,6565,2213.51479532158,69,16
35,2847,486.617933255834,81,46
2,7344,364.122075543781,68,66
92,8327,7067.93979580575,94,2
84,3833,2910.33746251659,88,4
3,7769,395.457827981852,48,45
42,9285,2086.41499510502,85,43
79,6734,4681.95783640394,93,14
38,8407,1617.25488744913,86,48
12,3385,234.214389326206,69,57
43,2502,584.193677493427,51,8
3,4416,224.78333998814,52,49
35,1663,284.245037936232,68,33
83,6070,4534.49974008387,85,2
10,6873,441.468429370583,85,75
5,4247,229.428506567545,80,75
91,8005,6707.30404844106,91,0
19,8675,785.643387940661,90,71
86,7803,6109.02774053407,88,2
61,3302,1451.29754349926,81,20
68,5183,2792.36401347765,84,16
1,2516,121.856872388943,76,75
59,9600,3960.51065005577,70,11
64,7289,3508.31048234702,75,11
40,5715,1188.64964710899,86,46
26,3016,360.256385985352,76,50
90,1842,1523.58124667969,96,6
94,5389,4701.56424611798,94,0
92,2063,1751.06998904134,96,4
51,8351,2623.35537272092,91,40
21,1019,99.8280581305565,69,48
8,5485,327.77948819492,67,59
18,8749,761.965032332793,83,65
61,2080,914.203177007406,63,2
24,2413,266.183832928383,64,40
20,8021,755.469310114923,88,68
99,2289,2180,99,0
47,1292,350.767554253861,70,23
29,5426,730.510832869276,63,34
24,5446,600.761356870276,56,32
75,3052,1952.94630643531,83,8
70,5769,3275.73141875809,88,18
63,3682,1720.3348859028,78,15
56,1436,536.688047781227,82,26
11,1346,89.7116046733775,80,69
97,7611,7011.26724310564,98,1
79,4368,3036.94562361337,79,0
2,9865,489.115505887718,75,73
95,4616,4091.873358334,97,2
52,5367,1747.0299798133,81,29
55,2205,796.634007828269,82,27
67,6599,3459.68912805013,68,1
42,5965,1340.38400062482,87,45
22,8685,885.115243468223,54,32
28,4304,556.791890596901,77,49
20,2211,208.246184349095,79,59
62,2646,1199.40710963382,86,24
18,8490,739.408289462271,74,56
37,9770,1807.09117624451,43,6
24,1727,190.509523194081,61,37
9,1665,103.115344752808,58,49
69,1443,798.379751190636,69,0
26,3148,376.023575292404,72,46
78,6045,4120.96853481068,91,13
41,9480,2049.65273461371,92,51
96,4658,4208.97461049675,99,3
1,1196,57.9256038859999,55,54
56,3720,1390.30608478145,75,19
19,5532,501.000486695993,76,57
77,3534,2360.53380231674,90,13
38,7875,1514.91402862637,85,47
66,7644,3897.38021091725,94,28
39,5444,1089.04314690162,78,39
23,1165,123.519520993087,78,55
90,8090,6691.51589882667,98,8
34,9659,1586.81988227271,47,13
42,8299,1864.85277806963,91,49
30,4272,598.540182088001,74,44
5,3415,184.482776060317,55,50
98,8749,8203.42648655995,98,0
44,6970,1690.64054430116,88,44
74,4198,2626.45838860505,90,16
55,6147,2220.82051978248,68,13
79,8627,5998.10666092319,87,8
11,6792,452.69035582584,71,60
76,2915,1906.41137656795,84,8
35,2100,358.938412306727,60,25
73,4931,3014.2719623842,94,21
63,1776,829.79759841482,78,15
41,7980,1725.34059306091,43,2
81,3666,2645.68081760287,93,12
67,3686,1932.47675799254,81,14
64,8204,3948.71439116133,82,18
89,4513,3684.19701876605,92,3
27,3453,429.237845809799,76,49
9,3354,207.717036817369,86,77
82,2825,2074.95061052263,84,2
85,4611,3556.19260981139,87,2
74,3986,2493.82161433533,81,7
56,8835,3301.97695135595,87,31
36,1254,222.982084902778,91,55
94,4793,4181.59165552858,98,4
82,5410,3973.62223112475,91,9
85,9337,7201.07794357166,91,6
39,5040,1008.2251029361,88,49
22,3356,342.02035199532,84,62
2,4301,213.247419242076,60,58
52,3231,1051.73353172662,67,15
83,4659,3480.4339850166,89,6
52,6842,2227.16212444245,53,1
25,9012,1034.42866794899,58,33
70,8712,4946.81437341315,80,10
99,3166,3015.23809523809,99,0
63,1517,708.785448645992,70,7
97,9914,9132.79509238593,99,2
99,5226,4977.14285714286,99,0
60,5283,2250.2207598553,66,6
62,5039,2284.13168006229,90,28
89,9285,7579.82923094233,97,8
85,6014,4638.24384198779,93,8
74,5034,3149.49774374412,75,1
81,9457,6824.93275833889,91,10
31,2049,298.756904392769,78,47
17,5064,424.213497493958,88,71
95,9748,8641.15717006929,97,2
67,7813,4096.15868426362,92,25
24,5631,621.169151769468,86,62
55,5361,1936.85030202601,55,0
60,6800,2896.36592220632,85,25
4,2523,132.169422824546,20,16
63,6245,2917.84121739896,92,29
32,5828,884.286990173955,71,39
62,5780,2620.02006564001,87,25
83,5279,3943.59540822121,91,8
98,1410,1322.07467665442,98,0
16,9879,796.176993089931,89,73
99,6960,6628.57142857143,99,0
56,4544,1698.26635732444,72,16
64,8952,4308.73857017019,80,16
73,6080,3716.6443989649,74,1
66,9374,4779.44035807671,71,5
13,2984,214.409944357114,86,73
93,1493,1284.21021371835,93,0
98,1277,1197.36834190617,98,0
89,3415,2787.84241504233,90,1
13,3760,270.168026401725,65,52
44,5557,1347.90380268028,74,30
54,1308,456.614444875501,60,6
49,7776,2272.44455992999,79,30
89,8266,6747.96644296923,90,1
18,6567,571.931005523997,82,64
40,1454,302.414100944265,77,37
15,1364,105.780834523442,82,67
39,6103,1220.87258000378,74,35
73,2426,1482.99001840277,75,2
0,2995,193.573358614962,87,87
90,9330,7717.16234067402,94,4
1,1965,95.1704110668811,49,48
89,3028,2471.91415307414,96,7
2,8869,439.732936818872,30,28
18,4325,376.671478436316,76,58
87,4266,3388.46307004241,88,1
93,3622,3115.47849570519,96,3
76,9152,5985.4123219039,78,2
38,7290,1402.37755792841,89,51
58,7922,3163.9401099149,94,36
71,7206,4196.40902450916,78,7
40,3605,749.795621667177,70,30
26,3642,435.031086790004,74,48
69,6216,3439.1743128212,94,25
80,2547,1804.8031558941,85,5
49,6320,1846.94568142458,79,30
97,4859,4476.11976537253,98,1
18,5477,477.001083790914,89,71
66,9706,4948.71432851424,78,12
11,4793,319.455959286403,83,72
12,1398,96.7301968325071,78,66
69,4808,2660.15928186041,91,22
10,4619,296.688880439797,56,46
70,5031,2856.68309373755,76,6
76,1210,791.340571405564,91,15
11,4188,279.132392549855,83,72
82,7013,5151.01898463547,83,1
20,5371,505.875285454089,88,68
33,5173,816.742705356311,83,50
42,2470,555.0290832428,77,35
38,2570,494.390990929495,72,34
67,3923,2056.72987563883,86,19
14,5795,432.543589524347,81,67
95,3307,2931.5045918567,97,2
57,7253,2802.87056151134,92,35
81,9847,7106.38816446685,82,1
43,3830,894.269298481145,80,37
84,7711,5854.84272722814,93,9
55,5193,1876.15437762005,56,1
60,4577,1949.50982734387,78,18
57,3732,1442.20500972844,89,32
23,4500,477.114029587031,60,37
85,4453,3434.3365195164,93,8
97,3552,3272.10895381832,97,0
29,8993,1210.74159970391,75,46
91,2468,2067.91085465991,92,1
57,1713,661.976736780495,91,34
20,6171,581.224424974341,77,57
4,9954,521.44844819482,68,64
70,4699,2668.16812909417,73,3
27,5848,726.957116216538,62,35
10,5773,370.812926343136,64,54
50,4135,1253.0900699033,79,29
84,2633,1999.19607065124,88,4
98,5199,4874.79875455769,99,1
94,8683,7575.37249008025,97,3
49,6488,1896.04170586751,80,31
90,3364,2782.47954062459,91,1
99,7454,7099.04761904762,99,0
92,6037,5124.19269211953,99,7
54,6552,2287.26134772499,70,16
24,3793,418.414951635871,69,45
70,2518,1429.76108726519,84,14
77,5400,3606.92771151964,78,1
61,5448,2394.50909054632,76,15
29,3457,465.421295471634,84,55
74,3914,2448.77516269656,78,4
37,1487,275.040386804052,65,28
89,1321,1078.40112160203,90,1
49,7911,2311.89672242877,86,37
45,6518,1641.96384311474,73,28
77,1514,1011.27565837791,93,16
73,5055,3090.07194683677,88,15
34,8269,1358.46501775682,86,52
71,6289,3662.39472039108,74,3
68,1473,793.585219342577,93,25
13,3307,237.618527476198,85,72
63,9601,4485.85965224138,75,12
75,1475,943.838729355204,76,1
41,5643,1220.06227652164,72,31
88,4848,3904.72185435657,90,2
3,3989,203.048175546352,57,54
78,3473,2367.59697624441,91,13
57,7661,2960.53927640127,67,10
20,8430,793.991557694652,47,27
44,5939,1440.56157713122,67,23
57,2351,908.52732526033,79,22
63,9304,4347.09282412809,77,14
19,5907,534.962016434062,89,70
43,3587,837.531063616676,75,32
85,6387,4925.9167640133,89,4
17,6850,573.827499572198,62,45
95,5979,5300.11066063236,98,3
1,5920,286.722052679866,72,71
63,5196,2427.71864941633,67,4
61,3906,1716.76808143795,89,28
77,4258,2844.12929549085,81,4
81,9109,6573.78793440932,92,11
85,8472,6533.95441126048,88,3
63,7271,3397.21753269941,91,28
77,5999,4007.02950766783,83,6
98,7849,7359.54903337628,98,0
20,4945,465.751868659555,69,49
58,5941,2372.75538916996,75,17
21,1699,166.445408011595,75,54
24,9835,1084.922501803,78,54
62,2196,995.426308675686,74,12
26,2618,312.715921256516,79,53
67,3622,1898.92317348046,85,18
59,5309,2190.24490011939,81,22
38,4153,798.912756937817,50,12
87,4859,3859.48008845196,92,5
80,9695,6869.87302567462,85,5
8,7582,453.094636188493,68,60
46,3790,991.289921757736,68,22
76,3889,2543.40783652582,82,6
56,5639,2107.50968066737,58,2
7,8751,505.025221332347,56,49
24,6213,685.370971398278,68,44
37,7985,1476.93173411591,84,47
94,2866,2500.40510843833,94,0
44,7579,1838.3593522609,65,21
89,8471,6915.31862308158,98,9
90,6963,5759.33562466379,92,2
12,2323,160.73265181825,65,53
65,3116,1544.08507975358,79,14
62,2049,928.792580362696,86,24
12,2349,162.531639742174,84,72
55,2374,857.691217498553,75,20
92,5136,4359.42581857312,97,5
80,8610,6101.04247045471,92,12
4,8864,464.347904842162,58,54
46,2896,757.460584013299,75,29
94,6443,5621.11308920731,97,3
54,1057,368.991948190677,64,10
31,2739,399.363182592383,85,54
6,9483,529.123172263539,67,61
62,4535,2055.67318298918,78,16
16,2850,229.689688258559,76,60
36,8707,1548.2496118409,45,9
25,9779,1122.4675925292,60,35
70,3622,2056.6301263203,82,12
90,2928,2421.84901752342,94,4
53,2308,778.186161097062,74,21
51,2480,779.058953939393,75,24
51,5596,1757.90883316324,80,29
74,1232,770.794839152316,78,4
33,9511,1501.65085456097,88,55
81,1777,1282.42629920357,83,2
64,4899,2357.96584620909,78,14
55,1485,536.508617516997,72,17
4,3225,168.944268176441,64,60
6,4436,247.515595503644,72,66
6,6996,390.355975235234,85,79
38,8325,1601.48054454788,86,48
79,8214,5710.95955869052,82,3
60,6524,2778.80754065795,63,3
69,6940,3839.74738271865,73,4
46,4345,1136.45243008901,80,34
50,2480,751.550997185053,89,39
32,2968,450.336957247134,78,46
74,3553,2222.91725934105,95,21
94,5894,5142.14504854693,99,5
8,4262,254.693925011258,71,63
62,2564,1162.23727479256,83,21
66,7644,3897.38021091725,88,22
10,2067,132.76811341612,85,75
18,3019,262.929755699246,55,37
75,6770,4332.05979507439,77,2
98,9974,9352.0374645044,98,0
91,5815,4872.32642619423,94,3
71,1765,1027.84650683579,85,14
66,2512,1280.77172812979,80,14
21,4219,413.321469335444,59,38
55,1769,639.113632584221,68,13
38,1972,379.353709771581,82,44
0,7040,455.010499048192,78,78
62,4035,1829.02784859125,71,9
53,1699,572.850211310185,72,19
28,1799,232.729695907022,67,39
4,8336,436.688192098856,69,65
3,4660,237.203433954876,79,76
8,3757,224.51550358219,72,64
12,1690,116.934215055034,82,70
19,6205,561.950112065914,72,53
73,8577,5243.03602136874,73,0
30,1168,163.645817574622,77,47
57,3757,1451.86608294473,76,19
48,7640,2152.33588573634,72,24
73,1251,764.724036694916,78,5
18,5518,480.571842314819,81,63
15,7985,619.252172778363,73,58
7,6244,360.344815678114,71,64
98,1116,1046.40804194776,98,0
77,5497,3671.71882041175,82,5
61,4019,1766.43392711191,90,29
70,1963,1114.62311926194,82,12
93,4291,3690.92165242158,95,2
78,3118,2125.58807138787,78,0
62,9001,4080.06930983144,89,27
9,3133,194.030255321651,76,67
38,7969,1532.9968119522,67,29
57,9732,3760.8625816391,86,29
2,7313,362.58506787196,69,67
87,2970,2359.05656775104,87,0
44,4671,1132.99598026265,75,31
82,7337,5388.99562102815,84,2
90,7947,6573.2357043233,96,6
59,6417,2647.35383764666,63,4
91,5880,4926.78923233397,92,1
81,7107,5128.98351628576,83,2
34,6583,1081.48206698429,39,5
12,2690,186.126058282864,67,55
56,5380,2010.71148820543,90,34
0,8962,579.233535862201,82,82
62,6216,2817.654797235,83,21
24,4728,521.557050180438,73,49
84,7748,5882.93625347732,88,4
35,3824,653.609756505201,75,40
67,3243,1700.22304019799,80,13
64,5612,2701.14397406111,70,6
17,7037,589.492571458329,67,50
40,4927,1024.75534756011,84,44
36,1425,253.388732844066,74,38
49,1847,539.764030631519,75,26
98,1267,1187.99192575968,98,0
76,5372,3513.29053685181,96,20
53,4943,1666.62660065112,71,18
36,3884,690.63988657288,57,21
98,3999,3749.62881697946,98,0
37,8517,1575.33219529933,89,52
87,6841,5433.77305723397,87,0
51,8409,2641.5752998695,80,29
19,1082,97.9903338042415,61,42
21,8549,837.517241372058,89,68
73,6895,4214.84590968141,87,14
3,7888,401.515168891858,41,38
19,5087,460.699471406818,48,29
41,2693,582.248398134464,65,24
13,5026,361.134175716774,88,75
98,1919,1799.33425851052,99,1
19,2799,253.488857964946,89,70
65,2444,1211.08598681571,73,8
90,3184,2633.59537971126,91,1
78,6570,4478.86902790838,92,14
34,3000,492.852225573884,86,52
40,2778,577.789802216759,73,33
9,4987,308.850585154508,37,28
53,5125,1727.99136725409,76,23
41,9150,1978.30406347209,70,29
67,8606,4511.9085673586,73,6
86,8347,6534.92945664973,95,9
43,2973,694.167787045547,83,40
85,8588,6623.41837628718,91,6
27,7862,977.314782437487,59,32
24,3300,364.030936039646,59,35
89,9221,7527.58269666335,89,0
4,4428,231.964409142723,80,76
19,7782,704.769665124406,84,65
8,4163,248.777759226153,69,61
4,3999,209.490892538787,67,63
44,6509,1578.82055995068,85,41
55,7262,2623.65358950063,77,22
78,6574,4481.59588880817,80,2
14,6409,478.373056990775,90,76
5,1797,97.0762953383277,53,48
30,3761,526.945136899104,68,38
32,4314,654.566588128078,38,6
7,1123,64.808973095215,79,72
1,3468,167.964878157732,74,73
66,3119,1590.25757167071,80,14
32,1882,285.557329359537,79,47
10,8065,518.033301742144,59,49
21,7205,705.850008666005,67,46
49,1486,434.266025727361,53,4
73,7948,4858.53448733109,78,5
53,4355,1468.37120085689,85,32
58,1768,706.11538933723,75,17
58,1290,515.208626835422,74,16
25,8650,992.877050350506,44,19
99,8428,8026.66666666667,99,0
5,1135,61.3141876510862,47,42
21,5741,562.426773039769,78,57
31,8027,1170.38636972218,60,29
39,2172,434.497008646273,73,34
54,8404,2933.78271768633,63,9
8,9921,592.871522767876,70,62
27,1447,179.87464896808,78,51
65,4021,1992.54367961782,73,8
11,8069,537.803074375545,46,35
4,6306,330.34497833198,81,77
1,3551,171.98479882875,66,65
95,3667,3250.62816399713,98,3
23,5942,630.002569734697,80,57
55,3159,1141.3001499907,81,26
85,5232,4035.13331913537,92,7
3,1670,85.0063808379061,78,75
15,1822,141.299619136152,70,55
41,3339,721.918827096537,67,26
79,5927,4120.87378918416,81,2
30,3577,501.16531632228,64,34
89,9158,7476.15251448249,91,2
40,9837,2045.9749043939,78,38
36,3054,543.052063232126,74,38
35,6396,1093.2238500542,82,47
9,2101,130.117320916307,55,46
46,9487,2481.36345322312,72,26
58,9261,3698.71867683941,70,12
37,4472,827.155756414068,69,32
80,6628,4696.59808294702,91,11
33,5644,891.106868167605,73,40
11,9037,602.320781154021,62,51
19,9621,871.317006959896,76,57
29,5863,789.344823647727,69,40
62,5953,2698.43935134169,76,14
52,8346,2716.73415530498,84,32
85,3656,2819.65738049673,87,2
96,9050,8177.59128917896,97,1
28,7890,1020.69888866393,74,46
64,2058,990.547808021698,74,10
61,3550,1560.29869152706,85,24
60,2680,1141.50892228132,63,3
23,2677,283.829834934329,83,60
44,9186,2228.15265996419,60,16
20,2239,210.883404232304,69,49
4,7486,392.160245447701,83,79
48,3235,911.362119156684,75,27
56,8306,3104.26944628891,74,18
46,5236,1369.49710562625,52,6
30,2291,320.986787725564,74,44
59,6850,2825.98937009188,81,22
54,2046,714.245530745624,67,13
43,8907,2079.70147299519,86,43
67,6505,3410.40730079801,69,2
54,1272,444.047074833056,71,17
90,7310,6046.35120153559,94,4
75,1918,1227.31029349375,92,17
37,8095,1497.27769413504,78,41
60,1274,542.642674248655,88,28
82,3938,2892.44442627898,86,4
83,7124,5321.87415953171,91,8
94,8624,7523.89869336083,96,2
87,5741,4560.04840251136,89,2
11,9329,621.782734025215,56,45
25,7044,808.534791059996,89,64
37,3237,598.726114381113,85,48
70,3900,2214.4830184012,88,18
0,1328,85.831525956818,72,72
94,4208,3671.21587449703,97,3
71,8108,4721.68808919238,85,14
54,3190,1113.60862320554,91,37
73,6695,4092.58787024177,87,14
35,4096,700.100827051596,75,40
24,8250,910.077340099114,79,55
34,1080,177.426801206598,67,33
56,9811,3666.74542951366,63,7
49,2376,694.358059978608,65,16
30,1604,224.732783724053,88,58
1,5790,280.425791387909,27,26
63,6805,3179.48910879102,69,6
25,8981,1030.87038025409,71,46
45,1499,377.616416205736,63,18
27,3063,380.757463572376,38,11
85,3781,2916.06251522378,85,0
71,1305,759.965830833258,77,6
1,8132,393.855360201464,69,68
95,5302,4699.98105413494,98,3
21,3183,311.827977457862,46,25
76,6571,4297.43710306278,77,1
44,3424,830.524135392706,76,32
23,7382,782.679059202547,76,53
15,2294,177.904130789426,81,66
42,5070,1139.27022349838,87,45
11,6200,413.233245895201,80,69
85,3559,2744.84699594854,86,1
31,1898,276.740168149085,73,42
15,3293,255.378510326756,84,69
62,1539,697.614339276813,80,18
77,2060,1375.97612698712,84,7
91,7634,6396.4471087819,92,1
67,5898,3092.17252269126,70,3
62,5876,2663.53596984441,66,4
7,2031,117.210173068906,68,61
61,6586,2894.68371335133,71,10
38,7859,1511.83610806027,83,45
71,3618,2106.93975168945,85,14
91,5970,5002.19927160439,98,7
48,6132,1727.50309572451,67,19
40,3651,759.363055397188,79,39
91,7445,6238.08602631402,91,0
6,9856,549.935461966618,77,71
9,2288,141.698443720376,89,80
95,5979,5300.11066063236,97,2
74,5481,3429.1611310015,96,22
59,5689,2347.01511335076,90,31
22,7453,759.558308528343,62,40
61,9598,4218.52023697937,88,27
27,1373,170.67580721021,78,51
66,2355,1200.72349512168,66,0
43,3374,787.797549105844,64,21
44,1880,456.012083685247,83,39
94,3014,2629.52581885315,97,3
48,3345,942.351248401579,71,23
16,9312,750.480834057438,66,50
66,3198,1630.53661885314,67,1
86,7159,5604.83526777949,87,1
19,8552,774.504006186574,43,24
66,5631,2871.0292998005,73,7
49,8389,2451.58660149854,73,24
93,3446,2964.09135731643,96,3
4,4846,253.861681731173,85,81
76,5719,3740.2287007177,85,9
33,1305,206.04083326696,86,53
57,3727,1440.27279508518,69,12
78,6590,4492.50333240734,81,3
14,6374,475.760628063536,78,64
64,3397,1635.02959370734,92,28
58,6323,2525.32104455843,79,21
65,3910,1937.53936515934,89,24
64,8119,3907.80255263759,65,1
7,9794,565.217348614902,73,66
46,3467,906.807957449623,80,34
59,6488,2676.64511432936,80,21
83,4671,3489.39839965927,84,1
58,2668,1065.56326852473,67,9
16,9615,774.900474598612,17,1
82,7314,5372.10221782744,83,1
13,4592,329.949887562958,58,45
26,5588,667.477680665169,63,37
21,8111,794.607830713389,81,60
75,6648,4253.9931340701,77,2
17,5173,433.344475224376,55,38
93,4676,4022.08101764701,95,2
71,3246,1890.30581370479,85,14
97,9818,9044.3597152557,98,1
50,1420,430.323554839829,79,29
71,5902,3437.02554297156,79,8
86,2380,1863.32000800603,91,5
22,8142,829.776432045857,83,61
61,6000,2637.12454905982,67,6
66,1420,724.003126570186,81,15
76,4624,3024.09818361928,88,12
25,4547,521.920456409682,74,49
0,5955,384.884591169316,73,73
55,1930,697.280560139936,60,5
20,1579,148.720364128097,77,57
60,7121,3033.09143118106,89,29
68,7526,4054.66555381686,90,22
83,4870,3638.05827581688,83,0
67,7061,3701.90406624669,86,19
44,7168,1738.6673488595,71,27
85,6189,4773.21103060566,88,3
99,8569,8160.95238095238,99,0
16,5999,483.476645565998,71,55
97,6824,6286.28139100682,98,1
46,3853,1007.76782810885,86,40
98,5593,5244.22955072921,98,0
88,8929,7191.67933942859,90,2
19,6679,604.877485654833,64,45
3,8605,438.011920425258,30,27
41,4507,974.449881318985,68,27
52,1065,346.671684088163,65,13
61,1332,585.441649891281,77,16
41,6387,1380.92109873183,68,27
42,8951,2011.36247939526,90,48
17,6585,551.628333530354,31,14
37,7622,1409.79006605278,59,22
96,5739,5185.76755896111,97,1
84,8331,6325.59911302524,86,2
59,5917,2441.07724128958,80,21
39,4825,965.215500330693,66,27
32,4041,613.144084985064,36,4
10,8588,551.626781817921,49,39
35,4381,748.813897293223,61,26
81,5898,4256.47175728907,93,12
60,6446,2745.58451978558,74,14
69,5652,3127.1256782602,78,9
74,9119,5705.25822908277,80,6
47,1014,275.292801867968,53,6
63,3443,1608.66730368368,82,19
36,6780,1205.59691837387,87,51
38,1403,269.89515963972,70,32
77,1038,693.331660103219,82,5
64,8683,4179.26463413625,69,5
75,7986,5110.16684246146,79,4
23,6925,734.225478864486,46,23
6,4437,247.571392526977,80,74
39,1905,381.085083550253,91,52
39,9822,1964.83868274571,55,16
63,6198,2895.88148365712,67,4
2,1522,75.4621185971726,55,53
14,4613,344.318132610149,77,63
61,7836,3444.08466107213,91,30
81,5520,3983.67651750351,83,2
2,9791,485.446519832403,60,58
5,3683,198.960487329472,12,7
37,6092,1126.79625851398,77,40
5,6674,360.538227650528,23,18
99,5095,4852.38095238095,99,0
55,9788,3536.26016717601,84,29
98,7113,6669.44480499497,98,0
78,8381,5713.45530028921,90,12
51,5078,1595.1860355259,78,27
69,8186,4529.13142290128,75,6
45,1732,436.311963221038,65,20
78,2687,1831.76880943528,88,10
44,9240,2241.25087938919,62,18
51,2178,684.189678096773,72,21
32,7019,1064.99835003963,77,45
0,3405,220.072549610667,69,69
35,9893,1690.94176807164,74,39
81,2993,2159.9898219,89,8
49,4038,1180.05801607475,78,29
49,2339,683.545245071533,54,5
92,4372,3710.94425210313,96,4
93,7869,6768.55336352959,94,1
57,8778,3392.19602770531,74,17
66,5111,2605.90139429593,80,14
76,6288,4112.35496941999,94,18
76,3720,2432.88175671793,84,8
67,1629,854.043580784006,70,3
33,3577,564.757134556259,85,52
28,5266,681.242122649461,74,46
38,8166,1570.89370892228,67,29
96,9488,8573.36863555027,98,2
18,1090,94.9299217330831,79,61
79,4647,3230.92635369306,79,0
35,5173,884.184955648903,76,41
38,7949,1529.14941124457,65,27
12,7593,525.373665628917,71,59
52,9591,3121.99823670382,90,38
55,3585,1295.20767259154,80,25
99,3090,2942.85714285714,99,0
70,3589,2037.89219308767,83,13
65,5112,2533.17167127737,70,5
15,7058,547.361532306786,80,65
59,1993,822.218513079287,68,9
2,7339,363.874171080584,47,45
61,10000,4395.20758176637,72,11
11,7132,475.351533826544,49,38
18,9253,805.859234675429,88,70
25,3283,376.834145237077,90,65
81,5296,3822.02007911206,83,2
18,7847,683.408344806884,65,47
45,6280,1582.00873500469,63,18
0,1900,122.801129004484,83,83
34,7153,1175.12398984333,69,35
58,1899,758.435025085633,59,1
48,7792,2195.15722796565,57,9
89,3773,3080.09646616537,91,2
41,5807,1255.52040399808,86,45
64,1350,649.776258906362,71,7
11,3200,213.281675300749,60,49
87,1359,1079.44709615275,94,7
14,8777,655.122534125142,60,46
20,2518,237.161416639992,77,57
25,3362,385.902039685364,83,58
60,8382,3570.19693528432,80,20
53,6468,2180.80939773648,88,35
79,6017,4183.44821824213,90,11
96,7317,6611.65032739475,96,0
69,4283,2369.68847841268,70,1
89,5245,4281.76675458186,91,2
61,3865,1698.7477303527,87,26
39,2187,437.497678595487,82,43
38,9026,1736.33193935005,91,53
62,8669,3929.57680779122,71,9
51,7956,2499.27138610557,91,40
92,2572,2183.10810073404,93,1
87,9014,7159.77639788145,93,6
96,1652,1492.74926074294,98,2
34,8458,1389.51470796797,83,49
0,6174,399.039037091411,68,68
50,9496,2877.71301180212,66,16
21,4619,452.508145736055,84,63
40,1976,410.983675010913,88,48
86,5070,3969.34136159268,88,2
46,8046,2104.46403969993,80,34
92,7286,6184.3412215973,94,2
67,3509,1839.68012582632,86,19
96,9779,8836.31659855039,96,0
56,4999,1868.31723597378,84,28
86,5478,4288.76764867943,87,1
95,9730,8625.20099146226,96,1
11,2627,175.090925317209,79,68
60,2392,1018.83930675258,62,2
46,1591,416.132523882997,78,32
11,9332,621.982685595809,85,74
81,2189,1579.75867695927,90,9
95,5045,4472.16228180135,95,0
15,6428,498.503815481442,46,31
20,9410,886.29425360696,87,67
78,4512,3075.89909496539,84,6
39,6688,1337.89870802315,62,23
5,5255,283.881987758994,63,58
26,1577,188.370132857726,32,6
4,7680,402.323094448083,40,36
14,2063,153.984025054138,77,63
53,9655,3255.36715138307,81,28
19,5266,476.910441601789,74,55
45,6481,1632.64309101359,58,13
95,4384,3886.21594517683,95,0
41,2178,470.901229534668,58,17
80,2416,1711.97660959566,93,13
81,5974,4311.3194774576,86,5
46,3182,832.265047765993,73,27
84,7319,5557.20320588546,92,8
53,3314,1117.37822264977,56,3
80,7649,5420.0782644028,87,7
18,4639,404.018263229149,63,45
4,7223,378.382774895638,61,57
65,4098,2030.69982568362,71,6
47,3447,935.832631202057,85,38
28,4921,636.610802422711,65,37
49,2307,674.193621368118,74,25
10,8748,561.90394589464,90,80
59,7482,3086.72298788722,77,18
38,8230,1583.20539118667,63,25
34,5376,883.1911882284,77,43
91,4607,3860.15612132017,96,5
28,7090,917.205972196103,87,59
65,7574,3753.17727665391,86,21
22,5874,598.637529088352,76,54
15,9842,763.266109515923,71,56
46,1331,348.128465926002,84,38
63,8514,3977.98240591429,75,12
36,3925,697.930369412604,90,54
15,4942,383.261645318806,87,72
9,9547,591.256574387425,84,75
16,1329,107.107928314254,61,45
14,7519,561.224374397509,43,29
68,4082,2199.19542794053,90,22
57,6147,2375.46468242248,57,0
36,7303,1298.59502874401,38,2
87,1048,832.421307408449,88,1
74,2206,1380.17322659903,85,11
36,1504,267.436248559632,74,38
8,2899,173.242066777953,70,62
79,6411,4457.38516322923,84,5
5,5734,309.758195587074,57,52
56,6964,2602.71278882205,88,32
24,1364,150.46612022972,83,59
64,2998,1442.98461051946,92,28
96,7310,6605.32511866278,98,2
76,3457,2260.87963251986,80,4
85,6244,4815.62928988556,90,5
42,5635,1266.23031743853,73,31
94,5630,4911.82161915833,95,1
14,9512,709.983541597168,81,67
35,7903,1350.80489164765,56,21
79,2302,1600.51484101602,85,6
93,7715,6636.08961743941,94,1
41,8520,1842.09296401991,79,38
14,5455,407.165708516879,54,40
32,1037,157.344819631158,83,51
97,1697,1563.27953114575,98,1
40,7134,1483.78417891086,71,31
37,8478,1568.11862765619,69,32
3,3844,195.667382000545,81,78
34,4869,799.899162106414,80,46
43,6906,1612.48662540752,86,43
54,4429,1546.13560883302,75,21
93,6020,5178.12825625214,96,3
80,4757,3370.80824993648,81,1
49,8116,2371.80556177878,72,23
28,8980,1161.70798735134,85,57
46,2661,695.995377782938,83,37
95,3139,2782.58025819117,96,1
6,3883,216.659841600688,75,69
26,1122,134.021109109935,74,48
19,8933,809.008920400452,65,46
6,7366,411.000873868315,76,70
93,7555,6498.4649461769,95,2
48,1444,406.80275117844,91,43
87,5574,4427.40111402165,93,6
57,4666,1803.1427050892,86,29
17,7442,623.419598805299,82,65
71,2182,1270.68616312503,89,18
54,2110,736.587521932193,77,23
66,2858,1457.18375756168,69,3
24,8825,973.506972893901,84,60
44,4510,1093.94388160663,80,36
10,7467,479.622401005405,82,72
38,3963,762.362450215403,67,29
93,5492,4723.96684108584,97,4
78,2447,1668.15715544776,85,7
47,3285,891.850940962796,81,34
64,4147,1996.01640421088,72,8
11,6167,411.033778618662,76,65
69,7131,3945.42342740154,69,0
16,6347,511.522965395464,69,53
70,2493,1415.56568330108,84,14
89,4906,4005.0233933229,90,1
2,9185,455.400498892924,49,47
83,1698,1268.46467193779,89,6
50,8669,2627.09499782146,56,6
24,2818,310.860356896885,58,34
4,5695,298.337242562738,26,22
58,5814,2322.03329955128,83,25
75,8224,5262.46082048623,82,7
98,3966,3718.68664369605,99,1
50,7838,2375.26480481308,78,28
58,8228,3286.15238883865,83,25
46,6657,1741.16543776814,87,41
88,6845,5513.16441688753,93,5
90,5992,4956.18828995913,92,2
81,1603,1156.85388723879,82,1
27,5094,633.228377224187,89,62
39,7537,1507.73662714869,68,29
54,9930,3466.49957004108,73,19
43,6458,1507.88280145985,85,42
50,6467,1959.7904430628,76,26
18,7410,645.349284442336,79,61
69,2277,1259.8133703819,86,17
9,2661,164.798758190525,76,67
3,5770,293.704681098634,77,74
23,1939,205.583134082056,75,52
88,6469,5210.32295293578,98,10
73,5236,3200.71547252964,73,0
22,7859,800.93502572444,44,22
96,3266,2951.16167408381,96,0
11,1091,72.7157211728491,71,60
45,1406,354.188579843406,80,35
0,2299,148.589366095425,51,51
68,6434,3466.34575780729,81,13
94,2102,1833.86306278345,97,3
78,3698,2520.98290185771,93,15
63,5980,2794.02569736521,75,12
3,3803,193.580398997938,67,64
72,7799,4654.82115748386,89,17
51,2292,720.001259043987,61,10
31,2581,376.325802946674,73,42
17,8345,699.064304223356,28,11
25,1186,136.133200198347,62,37
58,4481,1789.65105182134,58,0
12,7024,486.003506832282,65,53
17,7378,618.058290780099,91,74
22,9658,984.276686403695,86,64
74,1671,1045.45306511649,84,10
78,7930,5406.00173383766,84,6
77,2613,1745.35224262978,83,6
1,9071,439.333739841058,80,79
10,8183,525.612710248724,80,70
7,8753,505.140642477664,65,58
72,6612,3946.36203273282,81,9
26,2207,263.622627277743,71,45
50,8370,2536.48461549955,86,36
16,3727,300.369637943736,84,68
5,7116,384.415646982493,60,55
70,4415,2506.90834006188,88,18
96,3819,3450.85316390878,96,0
75,1288,824.179175192883,90,15
14,7682,573.390829115795,78,64
94,3574,3118.09066907138,94,0
80,2216,1570.25669158277,88,8
51,1706,535.917167508308,82,31
64,3818,1837.66352333666,83,19
59,8435,3479.8861805438,93,34
51,5651,1775.1863502869,76,25
85,3352,2585.20009284055,87,2
85,9211,7103.9015677668,85,0
55,8766,3167.02662703973,73,18
45,2749,692.506689892975,71,26
34,6743,1107.7675190149,87,53
66,3349,1707.52568372081,85,19
59,7057,2911.38788098371,90,31
90,9369,7749.42057553857,97,7
61,6433,2827.43703735031,72,11
39,2050,410.091559725994,54,15
31,2458,358.391640311091,85,54
22,7523,766.692225286291,80,58
30,6148,861.382265795185,70,40
64,7281,3504.45995636831,65,1
37,8230,1522.2477359767,37,0
32,1103,167.359051160239,81,49
0,9505,614.328805888219,29,29
77,3896,2602.3315489038,80,3
74,8954,5602.02677741058,78,4
95,6711,5948.99525731791,99,4
23,9066,961.225731608004,79,56
72,1717,1024.78880977046,75,3
78,7163,4883.12615630255,89,11
2,9274,459.813198337831,81,79
33,6678,1054.36067782127,87,54
98,1723,1615.55650203941,98,0
27,2628,326.683191076789,76,49
75,4841,3097.71070427698,90,15
71,1482,863.041656164665,74,3
24,3713,409.589959247031,90,66
52,3590,1168.59281302958,66,14
15,1558,120.825909228389,76,61
11,1999,133.234396539437,65,54
23,1064,112.810961662356,85,62
19,1373,124.344480880983,72,53
48,8298,2337.70722249217,59,11
76,4642,3035.87019211953,78,2
18,5810,506.002610338727,63,45
19,6547,592.923027187033,89,70
61,4694,2063.11043888114,84,23
88,3875,3121.03902343888,90,2
63,6881,3214.99846547994,75,12
50,6475,1962.21480111823,88,38
69,2362,1306.84197665439,84,15
92,7602,6452.56134594876,94,2
99,3651,3477.14285714286,99,0
19,3815,345.501962535288,78,59
13,9689,696.185640374021,70,57
31,6524,951.239650687371,83,52
40,2910,605.244177268096,87,47
44,9687,2349.67502907393,70,26
34,5935,975.025986260334,72,38
57,1058,408.856618513581,61,4
19,3627,328.475915626603,75,56
7,4295,247.866909567185,86,79
37,6056,1120.13758068953,84,47
80,4740,3358.76205690538,84,4
77,6197,4139.28352375689,79,2
82,3696,2714.6964447758,84,2
45,8333,2099.18452050861,79,34
43,5562,1298.67515356452,93,50
38,7396,1422.76878167881,87,49
65,6763,3351.29890705181,79,14
43,4787,1117.7198777622,89,46
38,9275,1784.23207815995,89,51
53,3079,1038.14349654153,79,26
22,7606,775.151012299286,86,64
1,3728,180.557400741645,90,89
18,2832,246.643613163387,27,9
43,6870,1604.08096098315,71,28
48,4470,1259.28552476982,86,38
31,5189,756.58837330116,58,27
1,9655,467.618482875693,83,82
10,1511,97.0549682495201,68,58
82,9987,7335.40946806708,86,4
91,6518,5461.36262182871,91,0
64,9625,4632.66406812869,69,5
78,6178,4211.63665972876,87,9
13,5191,372.989953471105,75,62
89,2208,1802.50543262474,91,2
36,9653,1716.46416711844,73,37
40,2694,560.318836275,72,32
43,3078,718.684308283281,86,43
86,5551,4345.91990102584,90,4
21,6342,621.304754331687,71,50
18,3079,268.155255978131,66,48
9,5734,355.113145232795,80,71
41,6463,1397.35291390384,60,19
64,8484,4083.48280041598,78,14
18,6712,584.559297864637,62,44
64,6771,3258.98892522591,82,18
20,8353,786.739203015827,88,68
53,9681,3264.13354661207,81,28
2,9597,475.827826660358,76,74
15,3102,240.566091416216,33,18
8,1430,85.455728007062,75,67
97,6417,5911.35224004847,97,0
20,4972,468.294902118364,70,50
36,2539,451.476486099007,72,36
92,1277,1083.91486961018,97,5
68,3335,1796.74589715376,80,12
70,7264,4124.61657581188,92,22
16,7436,599.288604172155,57,41
78,4433,3022.0435921945,78,0
74,3166,1980.79258178266,75,1
52,2327,757.469491899676,76,24
43,8796,2053.78400768672,77,34
3,5863,298.43856937284,69,66
2,2245,111.309103975462,86,84
49,2233,652.567991553969,89,40
48,4836,1362.39480934829,83,35
88,1781,1434.46980664378,90,2
27,1992,247.622875428069,67,40
92,8702,7386.23899400764,98,6
73,1778,1086.87397061835,92,19
93,9344,8037.2808017309,98,5
67,8785,4605.75374904082,77,10
47,6020,1634.38132864415,74,27
90,8732,7222.53607275086,91,1
25,1367,156.909008997589,55,30
17,4747,397.658268681638,39,22
71,5289,3080.04542473341,77,6
45,4156,1046.94718195533,90,45
95,3323,2945.68786172961,98,3
26,4200,501.683296133448,81,55
2,3738,185.333376686091,78,76
61,8245,3623.84865116638,75,14
32,7344,1114.31085378132,56,24
74,6878,4303.187421826,76,2
54,5964,2081.99430369839,80,26
1,9755,472.461760792583,72,71
97,6709,6180.34317881957,99,2
32,6937,1052.55642601866,80,48
31,2794,407.382523608295,67,36
51,8636,2712.88432508895,63,12
62,3857,1748.34210954559,84,22
40,6426,1336.5288945446,76,36
63,4662,2178.2186958389,70,7
5,7644,412.938899035157,63,58
91,9221,7726.17746791693,97,6
64,5320,2560.5997758384,73,9
8,6795,406.064106159431,81,73
4,9095,476.449029167358,79,75
47,7386,2005.23928461224,83,36
61,3281,1442.06760757755,77,16
58,3221,1286.42402095883,63,5
48,1825,514.137826108485,85,37
26,6876,821.327224812759,59,33
23,9311,987.201939885521,32,9
65,2956,1464.79958143504,86,21
30,4252,595.738027677477,63,33
44,6486,1573.2416887141,82,38
86,5551,4345.91990102584,91,5
90,6191,5120.78800119109,92,2
7,4975,287.110098974795,82,75
14,8392,626.385815925508,50,36
55,1083,391.271941259871,61,6
33,9732,1536.54359337476,78,45
65,5763,2855.76454256093,77,12
27,5737,713.158853579733,61,34
58,6765,2701.84989189274,58,0
30,3568,499.904346837544,81,51
87,6563,5212.95900813134,94,7
8,7565,452.078728932465,84,76
46,6505,1701.4092192702,66,20
5,8297,448.214814926046,50,45
30,2352,329.533358677663,81,51
96,2498,2257.19591606288,97,1
98,9438,8849.46155905279,98,0
55,5857,2116.04779312933,84,29
89,1076,878.394857565315,90,1
0,6163,398.328083186648,66,66
1,8903,431.197032940683,71,70
22,5955,606.892489908263,72,50
81,5060,3651.70347437821,91,10
85,4460,3439.73520706111,96,11
57,1467,566.911776332158,77,20
94,1522,1327.84946791456,97,3
18,1038,90.4011548247158,77,59
94,9261,8079.64121048407,94,0
96,4964,4485.47659220822,97,1
42,6049,1359.25948361769,90,48
69,7897,4369.23416157481,90,21
99,7412,7059.04761904762,99,0
31,9322,1359.20539909682,46,15
60,7479,3185.57657826193,76,16
8,9910,592.214171013975,67,59
38,2187,420.713267378523,89,51
15,4514,350.06941865016,70,55
20,1674,157.668074446127,60,40
1,4103,198.719692929981,74,73
56,2757,1030.39620315657,73,17
74,9536,5966.15226149066,83,9
53,4020,1355.41957002175,80,27
81,5064,3654.59019649235,88,7
14,3849,287.292541169838,88,74
33,4391,693.276091092125,41,8
94,4550,3969.58940802316,95,1
50,1984,601.240797748042,80,30
76,3609,2360.28770429973,90,14
65,9449,4682.30421007431,77,12
32,9133,1385.7572205317,76,44
62,1259,570.692952013975,69,7
79,2143,1489.96668301361,97,18
14,4413,329.389967311638,79,65
24,2111,232.869486660513,70,46
94,4272,3727.05185737911,94,0
57,4208,1626.15184376668,62,5
54,2336,815.482678309764,71,17
8,8253,493.193093176422,66,58
26,3510,419.263897482953,90,64
86,3106,2431.71090120451,92,6
8,6113,365.308297417602,85,77
54,5492,1917.22211869744,72,18
2,3366,166.889284624233,68,66
73,3850,2353.46725921297,80,7
65,3076,1524.26370517394,71,6
48,8148,2295.4493189764,62,14
8,3021,180.532695321213,79,71
35,3437,587.462534808676,62,27
96,6399,5782.14438226035,97,1
85,7584,5849.09233415952,86,1
43,3587,837.531063616676,92,49
2,5007,248.251529445495,56,54
42,9060,2035.85566565982,72,30
3,5457,277.772347444583,62,59
22,5714,582.331433641615,36,14
60,6785,2889.97687973087,66,6
44,9872,2394.54855858551,81,37
42,9344,2099.6727748262,64,22
56,1502,561.354768640252,67,11
73,4758,2908.51875826891,77,4
12,3025,209.305325764187,89,77
39,7771,1554.54707835644,76,37
46,1450,379.25340014478,85,39
95,9040,8013.5474781931,95,0
5,8819,476.413939114475,56,51
33,2868,452.816176099343,86,53
30,6334,887.442301813061,78,48
9,4883,302.409746803582,85,76
50,8218,2490.42181244628,60,10
36,6415,1140.69383943487,52,16
3,2161,109.99927484474,69,66
18,2280,198.569010597642,51,33
97,6248,5755.66912822547,98,1
3,3374,171.743430507243,77,74
73,2577,1575.29483817969,74,1
83,1778,1328.22743622226,90,7
72,8297,4952.05169170965,91,19
29,3194,430.013195758288,86,57
99,8844,8422.85714285714,99,0
63,8742,4084.51047598106,79,16
87,6653,5284.44557079047,90,3
9,6692,414.443175426903,82,73
68,8436,4544.9320504915,82,14
79,6892,4791.81072297237,81,2
72,4590,2739.53444196062,77,5
10,6300,404.663335520831,86,76
85,4364,3365.69606359074,86,1
62,5620,2547.49355863268,74,12
19,3616,327.479710754286,73,54
40,2613,543.471833402589,86,46
41,2491,538.57436307202,80,39
26,2182,260.63641718171,88,62
9,8775,543.445735859396,71,62
12,6357,439.852547399319,82,70
0,3555,229.767375584705,80,80
75,7428,4753.10785196641,77,2
13,2017,144.927901396883,74,61
74,7361,4605.37403490276,77,3
70,3502,1988.49218729257,70,0
57,3636,1405.10648857786,66,9
81,1514,1092.62432019933,91,10
38,4677,899.714655477528,65,27
36,2419,430.138487543717,79,43
80,3718,2634.57327585954,95,15
90,4209,3481.40796268992,93,3
75,5786,3702.40738172828,76,1
10,2256,144.908013481745,68,58
57,7284,2814.85029229955,80,23
42,5081,1141.74201293792,75,33
98,5738,5380.18758485324,99,1
62,6144,2785.0178690817,77,15
63,2734,1277.40238404624,77,14
6,8244,459.990660354383,66,60
44,7666,1859.46203911229,79,35
36,5071,901.708255615622,57,21
51,3824,1201.25864510655,85,34
4,4817,252.342492963075,85,81
74,4386,2744.07967899518,78,4
12,2523,174.571020463817,39,27
52,7137,2323.18855336828,78,26
3,2553,129.952868430643,66,63
5,5703,308.083534955194,68,63
98,4219,3955.90997220213,98,0
9,2103,130.241183192286,54,45
29,7358,990.619002626637,56,27
38,5439,1046.30062243795,74,36
16,3301,266.037074014562,69,53
37,2121,392.307101823399,86,49
89,5984,4885.05095508443,92,3
26,7084,846.172492811749,63,37
90,6651,5501.26974574736,93,3
36,7049,1253.42959846865,80,44
41,7371,1593.66986359047,74,33
57,9973,3853.99532744418,65,8
21,1220,119.519363021863,89,68
23,2339,247.993270045348,76,53
53,8383,2826.48812325679,63,10
81,2899,2092.15185221787,91,10
64,6144,2957.20395164495,81,17
63,8865,4141.97956641181,82,19
5,6437,347.735177013253,87,82
50,9641,2921.65450155689,63,13
16,2264,182.462264637676,87,71
8,7852,469.229633784232,44,36
76,5878,3844.21477580323,81,5
44,7901,1916.46354957295,79,35
1,1099,53.2276243066169,74,73
36,6575,1169.14450417525,88,52
62,6698,3036.1408995946,83,21
63,3093,1445.13737156365,88,25
50,6370,1930.39510164064,64,14
65,7774,3852.28414955209,76,11
64,6185,2976.93789728581,86,22
17,2814,235.730012233017,89,72
5,8760,473.226681782833,68,63
35,7943,1357.64181378682,47,12
73,6976,4264.36041565446,93,20
97,4257,3921.55625461841,97,0
46,7205,1884.49706761596,65,19
72,6009,3586.46240996545,83,11
15,5435,421.494747532924,69,54
56,8585,3208.54240264751,56,0
66,2614,1332.77758651723,92,26
17,3958,331.563393183468,66,49
75,1379,882.409225614119,80,5
13,7179,515.834112111167,83,70
10,6964,447.313566439218,56,46
58,4963,1982.15536045287,86,28
22,8547,871.051236145411,79,57
45,4114,1036.36686875944,70,25
54,3569,1245.9151022635,72,18
19,1425,129.053813004662,80,61
48,5563,1567.20478172137,62,14
39,1787,357.479813283098,92,53
35,3097,529.348696625682,45,10
92,2763,2345.22849235154,93,1
53,5961,2009.86469077105,89,36
53,2930,987.905308498436,83,30
35,4312,737.020206603145,71,36
70,1704,967.558734193757,73,3
66,6986,3561.89143818262,80,14
8,8109,484.587761125361,85,77
72,7356,4390.41728868461,82,10
83,8932,6672.51263236065,85,2
18,2907,253.175488511993,42,24
64,2886,1389.0772468176,64,0
90,3847,3181.98537240868,91,1
20,1128,106.242286723555,72,52
90,1188,982.635462027946,94,4
51,9511,2987.75391569257,56,5
21,5421,531.07743191928,79,58
93,5501,4731.70822884436,94,1
9,9385,581.223730033098,88,79
35,5486,937.683871387953,81,46
23,9932,1053.04367596853,67,44
2,4238,210.123823005793,70,68
71,1717,999.893740644218,85,14
70,4111,2334.2922278583,81,11
66,2134,1088.04413528224,82,16
4,3642,190.789154945302,39,35
87,3088,2452.78339434856,87,0
1,6544,316.944106881257,77,76
5,2925,158.012333814473,76,71
90,7915,6546.76740904982,95,5
8,1056,63.1057683744458,10,2
80,4156,2944.93989630776,80,0
92,2267,1924.22475286317,95,3
81,3972,2866.51505933404,91,10
82,6062,4452.51348707546,97,15
71,5698,3318.2262866574,88,17
9,8707,539.234418476098,51,42
20,2983,280.958103986138,74,54
8,3512,209.874487245316,68,60
73,4908,3000.21228784864,84,11
65,5292,2622.36785688573,85,20
28,1606,207.76202980916,61,33
72,7574,4520.53025346618,78,6
91,5968,5000.52349295394,92,1
10,4479,287.696361872667,59,49
8,7599,454.110543444521,82,74
34,9105,1495.80650461674,57,23
96,1219,1101.48992060875,97,1
54,4043,1411.38547448903,70,16
24,8662,955.526050901639,84,60
14,6485,484.045759804209,76,62
55,3049,1101.55877091537,73,18
80,6354,4502.44179526937,93,13
56,5033,1881.02433459813,67,11
57,1339,517.447081464731,66,9
26,6377,761.722471295952,84,58
38,3865,743.510186748053,78,40
58,3790,1513.67495791182,71,13
69,2797,1547.51778522537,87,18
37,6705,1240.1787448024,58,21
8,7815,467.018541521112,84,76
68,1437,774.190061232372,94,26
27,2296,285.412711838778,64,37
50,3748,1135.8117489716,86,36
75,4284,2741.29160444589,75,0
88,6048,4871.23716484087,92,4
1,3913,189.517464887891,75,74
19,2257,204.403126983524,65,46
28,2076,268.564118234007,66,38
48,7110,2003.0246266473,71,23
89,7418,6055.69986377278,94,5
95,7698,6823.92571760293,98,3
70,1870,1061.81621651545,90,20
42,3100,696.595205689344,86,44
24,2433,268.390081025593,72,48
25,8283,950.751515381878,81,56
25,5392,618.912491964154,74,49
70,9213,5231.29026885392,85,15
6,5904,329.425625755978,53,47
94,2896,2526.5782254143,95,1
77,9232,6166.51048754617,81,4
69,4861,2689.48300106561,73,4
94,6080,5304.41837379798,97,3
96,3414,3084.89465870243,97,1
91,5897,4941.03335086283,99,8
3,4411,224.52882986587,75,72
5,9043,488.514712712575,61,56
87,3311,2629.91121071505,89,2
54,1645,574.258992217278,86,32
97,3652,3364.22913832897,97,0
45,3152,794.02731412974,46,1
19,1230,111.393817540866,77,58
21,4107,402.349199943273,78,57
73,2134,1304.4932808209,82,9
59,4267,1760.36447331125,86,27
35,9118,1558.47640162511,83,48
87,4010,3185.12351403424,90,3
37,2159,399.335706193643,60,23
71,2471,1438.9851095701,73,2
1,4361,211.215349955556,56,55
91,6659,5579.5050166857,97,6
44,7049,1709.8027542007,87,43
15,7861,609.635733276232,81,66
77,4001,2672.46625440557,84,7
38,4610,886.825863106992,85,47
35,8076,1380.37457989958,86,51
29,5198,699.814837680519,55,26
46,2927,765.568760154325,59,13
22,4822,491.424951526053,86,64
43,6043,1410.98416990119,70,27
75,7080,4530.42590090498,86,11
83,3077,2298.62532129128,98,15
65,2024,1002.96155372954,79,14
72,9065,5410.43131075666,87,15
73,5441,3326.02996295526,89,16
23,4890,518.46391215124,44,21
73,8076,4936.77963257245,74,1
98,3183,2984.51325942626,98,0
60,8404,3579.56753091499,81,21
92,5095,4324.62510623638,98,6
25,2317,265.953309325101,85,60
75,6543,4186.80461435329,78,3
13,8092,581.436082351798,74,61
77,5978,3993.00256656748,97,20
64,5643,2716.06476222859,85,21
52,1541,501.61602364306,84,32
58,4441,1773.67559052412,63,5
86,3550,2779.32186068127,87,1
81,4664,3365.91798507905,81,0
31,5307,773.793504935297,67,36
77,4853,3241.55929333422,89,12
11,9114,607.452871465946,80,69
3,5723,291.312285949303,15,12
25,8929,1024.90163960459,79,54
31,6603,962.758340510225,75,44
64,3602,1733.69932191164,69,5
74,4208,2632.71484022155,79,5
35,4027,688.307136361518,70,35
99,6740,6419.04761904762,99,0
9,6423,397.783699307681,84,75
1,5158,249.816274953167,87,86
92,6553,5562.17238884533,93,1
27,4386,545.217837162404,54,27
38,9532,1833.6711772529,60,22
58,5746,2294.875015346,74,16
34,2259,371.117725857135,54,20
96,6197,5599.61693028089,96,0
96,2122,1917.4418470318,98,2
26,1409,168.302801012388,67,41
70,7389,4195.59359563244,82,12
14,2433,181.601130856382,88,74
34,5915,971.740304756508,84,50
81,2041,1472.94995873635,86,5
0,4354,281.408481939748,48,48
52,6797,2212.51402511478,84,32
21,6285,615.7206529446,54,33
49,7861,2297.28481039219,73,24
73,7582,4634.80227515655,74,1
58,5292,2113.55352962252,67,9
52,2624,854.14694746229,75,23
14,5090,379.921806847097,62,48
85,9219,7110.07149638933,86,1
42,1926,432.787860050863,88,46
37,1657,306.484143197252,81,44
26,1596,190.63965253071,67,41
50,7701,2333.74767311375,89,39
42,7827,1758.79054030016,87,45
20,9162,862.936020355682,90,70
20,2090,196.849626996657,75,55
9,5247,324.952681031823,32,23
54,3899,1361.11599431925,63,9
11,4676,311.657848033219,77,66
44,9320,2260.65564890772,74,30
92,5261,4465.52555130708,93,1
27,3427,426.005820327305,80,53
55,4585,1656.49293691275,70,15
43,2397,559.677156255693,91,48
13,2601,186.890169327364,61,48
76,8607,5628.98206453528,83,7
89,3500,2857.2323433816,95,6
23,5322,564.266858991595,74,51
87,5287,4199.43840865312,88,1
85,7525,5803.58911056836,91,6
15,1875,145.409871503999,89,74
5,4886,263.948124108553,70,65
15,1418,109.968638822757,27,12
53,2181,735.365692093887,74,21
27,4411,548.325553972495,58,31
97,5066,4666.80854730957,97,0
97,5234,4821.57045728747,99,2
72,8868,5292.8521636834,83,11
4,3250,170.253913666181,51,47
2,8237,408.397812670769,75,73
84,9326,7081.08718378027,85,1
89,1990,1624.54067523697,89,0
25,5044,578.967843002076,80,55
4,6637,347.684684616136,77,73
78,8684,5920.01501344846,89,11
1,4467,216.349224547459,75,74
87,3956,3142.23157643876,87,0
2,1961,97.2281304658708,78,76
91,3788,3173.92476395937,98,7
97,9897,9117.13466101912,97,0
35,7917,1353.19781439636,82,47
64,3227,1553.20591665987,68,4
79,2282,1586.60941233647,79,0
65,4057,2010.38291673949,78,13
56,2187,817.365432101353,70,14
52,5410,1761.02705250419,53,1
11,6047,403.035715794884,74,63
57,2795,1080.10798558172,88,31
25,1146,131.541861237188,84,59
59,8723,3598.70150004547,65,6
93,5328,4582.90155304176,96,3
98,9531,8936.6622292151,98,0
62,6416,2908.31293099417,80,18
44,6512,1579.54823880762,77,33
27,8483,1054.51046800015,78,51
93,2067,1777.93872187262,98,5
51,7169,2252.0458228998,76,25
35,8198,1401.22719242407,45,10
9,4141,256.456842415243,77,68
0,4531,292.848376589113,66,66
41,9921,2145.00050423023,74,33
75,9683,6196.06129921792,88,13
29,9921,1335.67968538446,86,57
57,8191,3165.35402858671,71,14
72,2884,1721.31096527548,81,9
9,9690,600.112727119948,83,74
87,6607,5247.90799432025,90,3
11,5786,385.639929153167,87,76
81,2365,1706.77444998112,89,8
43,4700,1097.40618873665,51,8
74,5183,3242.71887282991,95,21
63,1737,811.575691692873,94,31
85,1036,799.005756617783,89,4
58,1069,426.944203168269,58,0
10,2731,175.418344334506,66,56
44,2241,543.576106137574,80,36
62,9750,4419.58402075953,81,19
31,3389,494.137212780426,71,40
6,4119,229.827939107194,80,74
57,3880,1499.3985631689,72,15
93,1607,1382.26779199289,94,1
88,6060,4880.90231794571,90,2
36,6146,1092.86115934009,89,53
67,6288,3296.63967831174,74,7
83,1126,841.160907303861,95,12
21,5159,505.41015887688,74,53
46,5583,1460.25636759194,89,43
90,7821,6469.01679168398,91,1
73,4332,2648.10913426249,78,5
51,5008,1573.19646827761,70,19
24,6265,691.107216451024,88,64
32,1803,273.570597680789,55,23
2,2268,112.449464506168,76,74
9,9112,564.316529361916,85,76
72,6653,3970.83281968715,91,19
1,1773,85.871317466453,66,65
26,1753,209.393051933794,69,43
34,1619,265.975917734706,64,30
38,7567,1455.66405772898,52,14
29,9328,1255.84317158212,77,48
73,6638,4057.74432900148,80,7
83,5772,4311.88344312423,96,13
92,6741,5721.74638687721,95,3
50,5063,1534.31560433384,59,9
48,4280,1205.75884698319,60,12
34,5924,973.218861433229,81,47
91,2181,1827.43661831979,95,4
84,8822,6698.40779919682,96,12
92,8656,7347.19429236154,99,7
86,3864,3025.15483652744,87,1
59,2358,972.80042841995,76,17
99,1709,1627.61904761905,99,0
84,8462,6425.06538163721,87,3
31,6673,972.964774530476,31,0
91,4285,3590.35575859712,93,2
50,7522,2279.50266162337,89,39
35,4420,755.47989637892,87,52
91,1150,963.572724010896,94,3
20,8929,840.990583470409,60,40
16,6291,507.009764503366,71,55
33,3150,497.339942368525,71,38
10,3939,253.010933113739,59,49
27,2812,349.555986799061,87,60
98,5487,5144.83953957646,98,0
71,5717,3329.29092327489,87,16
42,6907,1552.05905990203,61,19
29,2405,323.788896618247,75,46
98,5643,5291.11163146163,99,1
7,1449,83.6226197818045,84,77
69,8382,4637.57385618843,73,4
90,6943,5742.79294011787,92,2
24,3126,344.836577593919,87,63
96,3902,3525.8520674449,97,1
21,2516,246.484194559843,78,57
62,4052,1836.73378996078,83,21
12,9064,627.154867017056,77,65
69,4158,2300.52876330607,88,19
58,1010,403.380397754865,78,20
57,9428,3643.38393132896,85,28
38,8296,1595.90181352182,75,37
38,6161,1185.19178798312,84,46
43,7650,1786.20369017774,91,48
56,2296,858.102895338229,81,25
28,7340,949.547508592298,78,50
3,6154,313.251058488906,13,10
60,6660,2836.73485910208,87,27
37,3506,648.48123479153,82,45
38,2649,509.588223724604,54,16
63,6709,3134.63518455238,84,21
60,2352,1001.80186015136,75,15
6,6904,385.22264908863,80,74
27,2557,317.85727533613,75,48
80,2332,1652.45424403024,86,6
14,4811,359.097016255675,82,68
53,9742,3284.70085849548,66,13
38,1237,237.961733766453,77,39
99,7728,7360,99,0
13,7267,522.157193580143,60,47
88,4246,3419.85334026361,89,1
53,1065,359.085035341582,69,16
66,3962,2020.07069540217,72,6
58,7930,3167.13520217434,83,25
94,3697,3225.40044867289,97,3
28,9368,1211.90205183824,71,43
20,1763,166.050666217755,79,59
89,6242,5095.66979639656,91,2
16,6184,498.386327084536,64,48
16,6440,519.01810259127,73,57
57,9566,3696.71305548291,77,20
4,1176,61.6057238373627,74,70
23,6309,668.913869481017,69,46
30,3529,494.440145737021,70,40
8,1008,60.2373243574256,66,58
62,7459,3381.09509854824,83,21
88,1536,1237.1395974199,92,4
46,2038,533.047192755215,84,38
79,2379,1654.05074143228,83,4
52,2215,721.0120002397,78,26
87,5838,4637.09503115508,87,0
15,6060,469.964704700924,74,59
25,9140,1049.1209526247,53,28
10,4968,319.105944582141,50,40
51,3358,1054.87095456794,71,20
39,1761,352.278652037793,72,33
94,7560,6595.62547794618,98,4
20,5186,488.450796940031,75,55
45,8396,2115.05499030244,90,45
56,2535,947.426323903489,64,8
21,5119,501.491491236819,55,34
88,8399,6764.8017439647,94,6
77,7432,4964.20125037295,79,2
4,4543,237.988778395526,77,73
57,2067,798.777533523225,73,16
34,5363,881.055495250913,70,36
62,8971,4066.47058976757,75,13
63,2440,1140.03724106541,88,25
59,6514,2687.37149733993,81,22
53,8618,2905.72284936502,74,21
97,4629,4264.24334099803,97,0
4,3754,196.656366739336,90,86
27,4200,522.096424095325,72,45
76,7000,4578.00330565202,79,3
92,5238,4446.00320048403,98,6
18,4913,427.881381169392,73,55
97,3329,3066.68094235957,97,0
42,9771,2195.62314670664,70,28
97,4458,4106.71782548482,97,0
91,2825,2367.0373437659,91,0
95,9781,8670.41016418216,97,2
46,1804,471.84354059392,66,20
94,8077,7046.67552716551,95,1
97,4885,4500.0710133453,97,0
8,3433,205.153506467304,51,43
50,7069,2142.22338673433,91,41
74,4141,2590.79661439102,78,4
11,4424,294.861916103285,77,66
47,8172,2218.63192984717,71,24
68,1156,622.800077094378,72,4
65,4919,2437.53353893063,70,5
10,9485,609.24313292303,46,36
13,5520,396.629655781256,58,45
70,4374,2483.62787756074,82,12
99,5593,5326.66666666667,99,0
9,6168,381.991259120314,42,33
84,6427,4879.92143793221,92,8
36,3887,691.173336536762,61,25
85,1651,1273.31901947486,91,6
34,1235,202.890832861249,55,21
85,3366,2595.99746792998,85,0
70,1265,718.28744058398,83,13
98,6424,6023.40973250213,98,0
26,1921,229.460383779132,70,44
12,5917,409.408136379073,73,61
21,4424,433.404640990757,89,68
87,5272,4187.52398154327,90,3
7,9119,526.262712070583,81,74
50,9186,2783.76913715399,84,34
27,2267,281.807760339072,72,45
35,5079,868.11818862184,73,38
60,7066,3009.66494210439,85,25
90,6661,5509.54108802032,90,0
13,5140,369.325440347039,81,68
2,7160,354.999191298131,60,58
38,2174,418.212456918569,90,52
42,4183,939.954111418879,68,26
74,2533,1584.75919445846,76,2
70,1457,827.308143028347,88,18
12,5122,354.400621012948,71,59
29,4671,628.86400669598,86,57
95,7470,6621.81412191399,98,3
78,5705,3889.18535832836,79,1
96,7471,6750.8049194979,96,0
19,1524,138.019656855512,53,34
7,6703,386.833968528251,88,81
67,3612,1893.68042590045,69,2
63,8318,3886.40564392707,93,30
53,1412,476.082694743956,89,36
89,3321,2711.10531782008,89,0
65,1188,588.694825015164,81,16
13,1050,75.445858436652,43,30
83,8490,6342.32335968897,87,4
59,1961,809.016810912435,61,2
60,6744,2872.51349696462,80,20
57,7901,3053.2855792777,88,31
28,4092,529.366267732927,71,43
68,2868,1545.14759611304,75,7
28,5943,768.823003210358,90,62
60,9952,4238.91671438196,85,25
1,8785,425.481964998753,59,58
60,2339,996.264690005969,81,21
46,4701,1229.56567867628,88,42
4,7935,415.681478443429,67,63
41,9110,1969.65573969735,51,10
26,6766,808.187900390217,60,34
53,6030,2033.12935503262,90,37
71,3950,2300.27971784779,87,16
99,1539,1465.71428571429,99,0
7,8977,518.067810753112,78,71
75,3590,2297.20748365097,80,5
71,7887,4592.98889485204,87,16
53,5055,1704.38953394525,81,28
4,4668,244.537005844225,90,86
19,7892,714.731713847573,84,65
88,6433,5181.32749362125,94,6
94,4951,4319.43673826872,94,0
68,7408,3991.09253556674,91,23
78,3023,2060.82512501781,86,8
77,2387,1594.39563840692,89,12
29,4551,612.708219754529,59,30
7,1615,93.2025748430741,80,73
97,7961,7333.68788889292,97,0
69,2291,1267.55925847384,90,21
18,1000,87.0916713147551,77,59
90,1934,1599.67759559095,91,1
43,3229,753.941400729926,74,31
89,7915,6461.42685653296,93,4
77,3830,2558.24687687411,80,3
81,7878,5685.39920378489,84,3
79,2139,1487.1855972777,86,7
78,1300,886.229792432404,95,17
80,1696,1201.78490474927,82,2
83,4508,3367.63176742967,96,13
69,2924,1617.78405577368,84,15
83,2066,1543.37338764634,83,0
38,4596,884.132682611656,67,29
83,9255,6913.80479315918,89,6
39,3758,751.767844609895,62,23
23,1776,188.301003677015,85,62
21,2413,236.393625386686,76,55
12,8314,575.260984596183,88,76
26,7963,951.167639788249,83,57
48,3305,931.082474130709,90,42
19,9733,881.460183841666,76,57
95,3664,3247.96880089596,95,0
33,7335,1158.09158008671,65,32
12,6320,437.292449199889,76,64
44,5116,1240.93501070943,73,29
87,1322,1050.05817594844,93,6
70,5893,3346.14062242008,86,16
15,7318,567.525034488674,59,44
43,1621,378.488389774918,79,36
5,4105,221.757480447321,81,76
55,3611,1304.60108946389,63,8
78,3300,2249.66024232841,83,5
34,5696,935.762092289614,83,49
56,7294,2726.04639311718,74,18
27,9940,1235.62820369227,86,59
79,1686,1172.22763768593,97,18
27,5448,677.233647255079,77,50
88,1817,1463.46526595831,88,0
9,7475,462.935256472819,61,52
86,4608,3607.63806592092,94,8
97,5733,5281.25017799562,97,0
55,5988,2163.37616275541,68,13
45,4644,1169.88034480283,76,31
14,2253,168.165782087723,70,56
90,2998,2479.74841343416,95,5
75,3013,1927.99057054049,88,13
64,6664,3207.48814026074,89,25
70,8628,4899.11781609374,75,5
39,8024,1605.15837816652,68,29
22,2181,222.272463558341,31,9
93,1268,1090.67551975543,95,2
86,2876,2251.64216093502,87,1
21,8101,793.628163803374,82,61
35,1653,282.535807401438,79,44
86,7588,5940.70261376041,89,3
77,2300,1536.28402527688,86,9
53,9535,3214.90686571078,88,35
38,6248,1201.92798106128,84,46
39,7504,1501.13515326042,86,47
29,1272,171.251341579381,83,54
79,2674,1859.15581445562,87,8
58,9599,3833.71132480094,75,17
74,3035,1898.83306560656,86,12
26,6817,814.279768986123,60,34
71,1884,1097.14607301905,71,0
72,9840,5872.98886903977,83,11
82,5720,4201.31592643874,92,10
87,7730,6139.90143727797,95,8
88,6301,5075.01080946798,96,8
67,9161,4802.88105804928,72,5
30,5670,794.410775383653,62,32
1,3223,156.098847261352,86,85
65,8492,4208.07782325654,66,1
47,6007,1630.85193374841,79,32
13,6804,488.889162669505,72,59
76,1380,902.520651685684,84,8
97,8228,7579.64878153636,99,2
99,1865,1776.19047619048,99,0
40,6511,1354.20784817614,85,45
82,1650,1211.91805570348,87,5
36,7457,1325.97879355663,82,46
21,1160,113.641361561772,86,65
25,9474,1087.45863295037,83,58
6,5314,296.505381989713,68,62
87,5557,4413.89809663049,87,0
4,9795,513.119102880074,87,83
44,2701,655.153530869071,79,35
87,3530,2803.86184651892,87,0
31,6691,975.589286135683,87,56
22,1903,193.940622719635,85,63
24,5479,604.401666230672,91,67
46,3458,904.453970828034,81,35
62,8657,3924.13731976567,84,22
51,7249,2277.17675689785,60,9
36,9111,1620.08754031038,77,41
53,3554,1198.29879399435,76,23
80,1751,1240.75788220281,96,16
83,9186,6862.25940896383,90,7
63,8135,3800.90285084716,74,11
13,7036,505.55910472408,76,63
17,6243,522.978843770691,60,43
90,1589,1314.31628717374,98,8
13,3735,268.371696438948,57,44
16,4678,377.013460236329,90,74
87,3238,2571.9276654471,88,1
37,9108,1684.64548958393,74,37
23,7646,810.669748938319,27,4
73,7685,4697.76516546797,80,7
37,1307,241.74699768184,61,24
88,2285,1840.40623704719,94,6
93,1231,1058.84981452598,95,2
53,3864,1302.82119864777,69,16
79,5676,3946.36065925583,84,5
36,1602,284.862280713119,55,19
99,7693,7326.66666666667,99,0
37,1076,199.020481641668,70,33
56,3956,1478.50829876221,68,12
53,8990,3031.14973494913,77,24
77,4387,2930.2947908216,77,0
10,2063,132.511184314202,68,58
21,3398,332.89081602319,86,65
50,9852,2985.59694526901,58,8
71,9026,5256.28474260612,79,8
36,9937,1766.96409703262,51,15
54,4859,1696.24586211778,74,20
29,5688,765.784301024778,85,56
80,8089,5731.86208403115,92,12
31,5739,836.781783460273,70,39
12,4491,310.740567936187,89,77
24,9098,1003.62225942082,69,45
73,6802,4157.99592134198,82,9
16,2015,162.394639242455,86,70
72,8409,5018.89871948734,83,11
3,5668,288.512674604342,84,81
58,1167,466.084083346463,70,12
56,6160,2302.22728017574,71,15
66,4921,2509.02773651541,85,19
62,1941,879.837188132744,64,2
70,9860,5598.6673234451,78,8
35,1563,267.152732588292,81,46
61,7892,3468.69782353002,88,27
79,9892,6877.62502490463,91,12
6,6058,338.018367349206,69,63
9,1850,114.572605280898,64,55
37,5247,970.502292912481,65,28
97,9656,8895.12501634845,97,0
43,8722,2036.50569748108,64,21
38,5684,1093.43128110632,86,48
48,3252,916.151348221805,60,12
0,4579,295.950720900805,82,82
27,5417,673.380078410566,86,59
94,5322,4643.1109515383,96,2
62,8570,3884.70103158043,75,13
53,6268,2113.37558828266,81,28
51,2202,691.728958296187,81,30
63,5641,2635.63527739752,86,23
75,5455,3490.60357195433,82,7
69,1284,710.408593575036,87,18
22,8794,896.223770991312,80,58
26,6673,797.079198832976,36,10
10,8128,522.079935097352,62,52
66,3361,1713.64402000169,74,8
85,7875,6073.52348780409,89,4
26,5393,644.185241916116,56,30
59,8748,3609.01532986332,85,26
16,5835,470.259414381997,67,51
47,1539,417.826057272981,68,21
3,4981,253.542983804557,86,83
17,5804,486.203621535334,85,68
1,9743,471.880567442556,56,55
63,4841,2261.85257540886,65,2
75,3563,2279.93043572379,77,2
77,6452,4309.61066568976,89,12
39,7958,1591.95543038998,90,51
28,3088,399.482657565806,86,58
63,5980,2794.02569736521,82,19
73,2150,1314.27392397607,84,11
54,2377,829.79551641366,79,25
3,3159,160.799495249668,79,76
41,3981,860.724423681136,81,40
84,4176,3170.77204369144,86,2
62,4118,1866.65097410131,65,3
12,7879,545.162532792077,68,56
39,3699,739.965209476318,70,31
98,1845,1729.94877902653,99,1
57,5476,2116.16147729714,75,18
74,3093,1935.12048498224,94,20
19,1496,135.48386263507,81,62
3,1329,67.648790499148,84,81
4,2505,131.226478071933,87,83
3,4294,218.573293004772,85,82
13,7569,543.856859530494,18,5
61,6858,3014.23335957538,64,3
51,4102,1288.58864074975,84,33
32,1441,218.64405505159,70,38
68,5770,3108.61284155239,73,5
63,4940,2308.10818477996,80,17
32,1183,179.49751361973,70,38
13,2248,161.525990252946,88,75
21,5252,514.521061140022,83,62
59,4911,2026.04872941916,87,28
49,6269,1832.04153114726,74,25
96,2154,1946.35708694933,96,0
60,5751,2449.5588850895,76,16
35,3890,664.890678034841,43,8
80,5918,4193.49237400128,87,7
78,3081,2100.3646080648,93,15
49,1171,342.210979896864,66,17
74,7548,4722.36968013124,83,9
86,6495,5084.98464369714,94,8
42,7495,1684.18744085214,76,34
3,7418,377.591217398555,67,64
41,1742,376.634500389987,77,36
29,7518,1012.16005188191,79,50
45,7629,1921.83831836795,82,37
51,2300,722.514352443792,76,25
88,1786,1438.4969537708,91,3
15,4928,382.175918278243,86,71
99,2266,2158.09523809524,99,0
64,1306,628.598366023488,85,21
81,2883,2080.60496376134,92,11
67,5295,2776.03484361652,88,21
92,4272,3626.06446591596,93,1
56,3328,1243.80071240663,69,13
98,3170,2972.32391843583,98,0
84,4857,3687.84478357503,84,0
17,8540,715.399539612638,60,43
44,7974,1934.1704017586,61,17
44,2642,640.842513349161,88,44
6,7390,412.340002428298,86,80
0,2642,170.758201489392,69,69
11,4465,297.594587568076,90,79
77,6944,4638.24185718377,83,6
36,3218,572.213994591022,63,27
66,9240,4711.1189362736,85,19
68,3992,2150.70753266502,86,18
15,8217,637.244220879124,78,63
80,3026,2144.22235953496,84,4
93,5564,4785.89794315397,97,4
27,4079,507.055074734484,47,20
87,3290,2613.23101276126,98,11
44,3848,933.369413840868,62,18
95,5183,4594.49298445518,98,3
4,7471,391.374458153858,73,69
72,1600,954.957539681263,90,18
64,1294,622.822577055431,95,31
7,2923,168.688003880065,22,15
39,5371,1074.4398864821,79,40
24,1753,193.377645720454,50,26
25,1201,137.854952308781,76,51
58,9279,3705.90763442317,67,9
68,9300,5010.41584513643,72,4
62,4209,1907.90042496173,88,26
91,8408,7044.97344650749,97,6
6,7527,419.984194624872,77,71
83,3600,2689.32439280098,95,12
16,5536,446.162145333116,66,50
82,9987,7335.40946806708,83,1
77,3637,2429.3326086661,78,1
21,7214,706.731708885019,80,59
3,3469,176.579122830357,76,73
59,9401,3878.41256470566,84,25
96,1180,1066.24947195925,97,1
63,1974,922.308817157012,72,9
3,4054,206.356807135851,67,64
5,9776,528.112333459929,74,69
88,7936,6391.88792000284,93,5
75,8877,5680.3094240584,79,4
54,6686,2334.03989177187,61,7
82,6717,4933.60823040018,94,12
33,9741,1537.96456463867,68,35
17,7678,643.189422148224,85,68
3,6698,340.941759791793,27,24
76,1919,1255.02690622089,84,8
34,6753,1109.41035976681,91,57
44,1426,345.89001666764,87,43
8,2819,168.461326749586,80,72
14,8688,648.479500567304,74,60
89,4797,3916.04101462901,89,0
34,5894,968.290339177491,80,46
23,3635,385.402110566413,64,41
8,6642,396.920940855179,80,72
59,9537,3934.51979891478,84,25
4,8460,443.184033727966,65,61
56,5838,2181.88358143928,67,11
21,8241,807.343500543588,67,46
94,9982,8708.66845514005,94,0
74,2553,1597.27209769145,87,13
15,3408,264.296982445668,59,44
7,2855,164.763684939304,72,65
30,7778,1089.75785025292,63,33
70,5477,3109.92910045728,70,0
4,6686,350.251589776026,21,17
76,6580,4303.3231073129,86,10
21,5778,566.051540606826,88,67
18,4728,411.769421976162,88,70
49,7696,2249.06550067145,81,32
27,2208,274.473548667257,88,61
22,2816,286.987279862581,82,60
47,7403,2009.85464716821,81,34
27,2474,307.539655526627,46,19
87,5849,4645.83227770231,89,2
20,7313,688.7853216395,82,62
11,3918,261.136751196354,74,63
25,4924,565.1938261186,84,59
70,9326,5295.4534947717,77,7
71,2145,1249.1392391857,80,9
67,2639,1383.56108636525,72,5
12,5998,415.012675680528,59,47
33,5703,900.422124231016,91,58
31,1126,164.177781525748,77,46
35,5288,903.841106799033,76,41
66,5396,2751.21188096671,93,27
58,1815,724.886556361466,69,11
8,5056,302.142769792801,78,70
70,7015,3983.23035232935,78,8
72,5344,3189.55818253542,80,8
6,3463,193.225091800974,49,43
37,5567,1029.69054024086,55,18
9,6200,383.973055535983,55,46
29,1328,178.790708818724,64,35
20,6700,631.049043482107,90,70
36,6021,1070.63407751167,72,36
21,7848,768.842590979987,66,45
42,3546,796.815032056262,68,26
35,7876,1346.1899692037,75,40
11,2808,187.154670076407,71,60
59,9881,4076.43809720845,66,7
56,5526,2065.27726465115,76,20
35,2554,436.537478586371,73,38
36,3287,584.483343760313,87,51
24,6264,690.996904046164,51,27
24,7623,840.911462251581,91,67
70,3164,1796.5703256978,87,17
86,4200,3288.21177883418,88,2
6,3849,214.762742807378,65,59
5,9493,512.824302530186,78,73
33,2715,428.659664612872,55,22
90,9746,8061.25017922926,95,5
66,1513,771.420232746966,90,24
78,8769,5977.96080756904,81,3
13,6983,501.750885202992,56,43
30,9892,1385.94557144534,62,32
94,1598,1394.15469758704,95,1
93,9765,8399.40571799039,95,2
67,5554,2911.82200593884,76,9
45,1660,418.174283456653,77,32
81,3650,2634.13392914634,86,5
44,8000,1940.47695185212,74,30
58,9186,3668.76468690712,59,1
80,8957,6346.92652820707,87,7
4,3626,189.950981831868,72,68
94,4862,4241.78982457332,97,3
43,5581,1303.11147645516,73,30
5,3258,176.001430279506,75,70
28,8046,1040.88000737515,58,30
1,2007,97.2045877919747,73,72
73,8443,5161.12313494418,80,7
93,1919,1650.63590095479,94,1
42,1603,360.207133780651,63,21
30,1697,237.762801732991,66,36
12,1971,136.377123002054,88,76
10,5118,328.740785904066,66,56
70,2609,1481.43235769455,79,9
57,3343,1291.87871048289,80,23
12,7437,514.579738085376,58,46
54,6539,2282.72313076522,66,12
40,1594,331.532377513864,90,50
95,2715,2406.7236065591,95,0
22,5622,572.955428759741,63,41
86,5480,4290.33346381221,88,2
55,9142,3302.8698864245,76,21
81,8881,6409.24477390374,84,3
77,8726,5828.52800198525,83,6
50,3582,1085.50631932131,93,43
7,3651,210.701300775271,68,61
81,7551,5449.40967095452,86,5
76,5810,3799.74274369118,92,16
58,3062,1222.92156230237,86,28
48,6214,1750.6040829798,53,5
91,7662,6419.90800988825,91,0
84,7315,5554.16606791257,92,8
93,8748,7524.62890127803,94,1
20,9465,891.474506948977,70,50
48,6538,1841.88115457385,75,27
8,3444,205.810858221204,87,79
20,8742,823.37772210755,91,71
65,1775,879.57349697131,78,13
18,3664,319.103883697263,73,55
65,3702,1834.46821734523,78,13
61,2150,944.96963007977,68,7
99,1142,1087.61904761905,99,0
78,5080,3463.11334273585,78,0
99,5523,5260,99,0
9,1180,73.0787428278162,69,60
38,2214,425.907258333814,91,53
19,3206,290.348438240664,81,62
58,7335,2929.50021537816,64,6
75,4735,3029.8822938962,79,4
18,6005,522.985486245105,71,53
60,6087,2592.67343653969,85,25
28,1229,158.990992923697,78,50
4,6604,345.955952569679,75,71
66,3583,1826.83324119787,83,17
49,2792,815.92916812301,79,30
87,2358,1872.94794166901,89,2
76,8507,5563.58201731168,88,12
49,3641,1064.03943450426,70,21
50,4664,1413.40074631899,77,27
61,6703,2946.107642058,78,17
56,7243,2706.98574518066,94,38
17,7838,656.592692211224,82,65
86,8452,6617.13475112058,90,4
53,4712,1588.74055073196,91,38
67,7663,4017.51747056344,77,10
16,9970,803.51094453959,79,63
60,1661,707.479970115398,80,20
1,8032,389.012082284574,84,83
86,9095,7120.54431630877,94,8
59,6999,2887.45979580629,79,20
45,7671,1932.41863156384,75,30
31,5023,732.384544053137,88,57
85,2928,2258.1938758464,85,0
86,5496,4302.85998487444,90,4
95,3730,3306.47478912171,96,1
64,3856,1855.9535217355,71,7
26,2286,273.059051181205,86,60
83,6142,4588.28622793989,89,6
66,4802,2448.3542350634,88,22
62,8515,3859.77004479666,88,26
30,5773,808.841870597853,61,31
29,5971,803.885031895033,80,51
60,3899,1660.7251074533,83,23
56,1247,466.051528957653,85,29
31,4004,583.808025958343,70,39
91,7874,6597.54054683634,93,2
19,3486,315.706380445089,87,68
44,3222,781.52709235844,82,38
44,2600,630.655009351938,81,37
9,1796,111.228323829456,82,73
42,3875,870.744007111679,56,14
21,8216,804.894333268549,90,69
83,9062,6769.62712432291,96,13
1,9712,470.37915128832,75,74
32,5110,775.344289600019,76,44
37,7736,1430.87587916351,80,43
53,8681,2926.96449934298,89,36
50,2953,894.891167212686,87,37
97,1195,1100.83620490228,98,1
89,9585,7824.73486037504,92,3
22,6845,697.595145830741,79,57
62,5048,2288.21129608145,69,7
17,4484,375.626643515582,85,68
79,2612,1816.04898554902,79,0
83,4534,3387.05466582212,87,4
89,3183,2598.44872828104,96,7
91,4240,3552.65073896191,91,0
47,9454,2566.68456495046,91,44
12,6305,436.254571551472,88,76
17,9951,833.599627480721,54,37
85,3665,2826.59855019708,93,8
93,2488,2140.06363813211,94,1
18,3109,270.768006117574,78,60
59,8233,3396.55043561554,73,14
57,3113,1202.99683689298,85,28
17,8795,736.761001275544,68,51
33,8509,1343.44938717898,43,10
74,3559,2226.67113031095,87,13
99,1064,1013.33333333333,99,0
5,6821,368.479360324281,82,77
20,1207,113.68301425118,67,47
47,9937,2697.81515992307,70,23
18,1020,88.8335047410502,79,61
75,9352,5984.25748944398,81,6
49,8235,2406.58191242586,75,26
7,3397,196.042815320076,79,72
30,5955,834.341475733625,75,45
68,8455,4555.16838393855,94,26
41,9028,1951.92667595913,69,28
28,5356,692.885075752091,71,43
82,7610,5589.51297206273,86,4
54,3196,1115.70318487928,82,28
36,6056,1076.85766042363,52,16
54,6401,2234.54821226918,77,23
73,9854,6023.65360319081,73,0
12,4531,313.5082416653,58,46
74,5327,3332.81177610746,74,0
4,4009,210.014750734683,70,66
38,2615,503.047642521645,69,31
28,2184,282.535661957163,79,51
57,6202,2396.71904349833,87,30
0,6368,411.577678684501,78,78
85,2374,1830.92631873612,93,8
64,3091,1487.7469750219,87,23
16,7825,630.639231797622,30,14
84,3639,2763.03627083169,89,5
29,4954,666.964737566235,74,45
0,2518,162.743812017521,17,17
21,5720,560.369472528737,82,61
83,7399,5527.30866175957,85,2
30,8297,1162.47375720603,75,45
18,1123,97.80394688647,87,69
99,4255,4052.38095238095,99,0
18,3374,293.847299015984,90,72
95,1666,1476.83297551656,95,0
39,5656,1131.45261551718,69,30
17,7078,592.927159411973,56,39
28,4836,625.614680048005,74,46
41,7152,1546.32029092376,81,40
87,6198,4923.04128179157,91,4
68,7655,4124.16487037843,83,15
50,9968,3020.75013707283,81,31
54,1109,387.144816029764,74,20
46,9722,2542.82865945348,52,6
9,5065,313.681213917703,86,77
67,3357,1759.99036261013,74,7
80,5059,3584.80532613594,95,15
34,3620,594.708352192486,72,38
63,4688,2190.36663365353,87,24
96,3048,2754.17660214558,98,2
42,5617,1262.18557108292,82,40
12,8295,573.946339574855,83,71
78,1406,958.491606276892,95,17
44,6270,1520.8488110141,93,49
22,9201,937.702401283951,81,59
79,8560,5951.5234748467,84,5
67,1512,792.703434097862,78,11
18,7209,627.84385850807,82,64
77,2357,1574.3571511207,92,15
9,3504,217.00670751582,82,73
80,4826,3419.70162165092,86,6
45,2561,645.147192730414,78,33
0,3972,256.718991792531,89,89
16,9747,785.538733844271,85,69
48,3328,937.562019336459,63,15
11,3478,231.810520842501,62,51
66,8318,4241.02676535972,74,8
12,3922,271.370409139551,55,43
57,1948,752.790825013663,75,18
13,1277,91.7565344986711,78,65
35,5201,888.970801146326,50,15
3,4298,218.776901102587,57,54
51,9952,3126.28818935679,90,39
6,2024,112.933175225288,71,65
72,2759,1646.70490748788,85,13
41,5655,1222.65677365406,90,49
40,2065,429.494579401587,80,40
87,7169,5694.30186336944,94,7
6,9624,536.990552553443,48,42
38,2900,557.873102605266,82,44
47,2870,779.181796214071,66,19
15,8924,692.073436427565,62,47
64,1304,627.635734528812,92,28
61,4742,2084.20743527361,67,6
86,6120,4791.39430630123,87,1
70,8523,4839.49711944448,83,13
23,3869,410.212040104938,50,27
43,5827,1360.550183355,89,46
28,4448,575.420615561109,90,62
55,4107,1483.79858056721,72,17
13,1644,118.126658352244,74,61
3,2613,133.006989897873,68,65
2,5667,280.974918587501,71,69
97,2767,2548.96550540971,99,2
38,3835,737.739085686619,90,52
39,8022,1604.75828883996,75,36
20,6226,586.404678316358,23,3
89,8153,6655.71865588291,90,1
41,8575,1853.98440921018,75,34
59,2207,910.504896320114,90,31
3,7162,364.560299138373,81,78
91,9782,8196.23337936921,98,7
23,3095,328.148427015969,25,2
21,7070,692.624505380799,85,64
41,4264,921.911314387432,72,31
10,5008,321.675235601321,59,49
35,9136,1561.55301658774,68,33
5,8681,468.958998237075,79,74
4,9997,523.701038437172,83,79
57,4873,1883.13639132011,61,4
38,4288,824.88271171427,71,33
86,7471,5849.10242849289,88,2
63,2986,1395.14393517266,95,32
26,3322,396.807597560789,82,56
81,9075,6549.25079643919,82,1
45,5599,1410.45651389988,62,17
61,3690,1621.83159767179,79,18
65,3283,1626.83931862355,84,19
23,2722,288.600975230199,62,39
4,4747,248.675485591803,76,72
96,6121,5530.94323547673,98,2
18,9131,795.234050775029,78,60
50,4644,1407.3398511804,81,31
58,2366,944.948535730705,77,19
29,8812,1186.37328773389,67,38
31,6403,933.597100452366,60,29
8,6836,408.514235423969,82,74
74,2256,1411.45548468151,94,20
17,2445,204.818720650222,82,65
17,7493,627.69189113788,67,50
51,8551,2686.18270771603,88,37
41,5669,1225.68368697522,71,30
56,6429,2402.76285458601,84,28
64,5181,2493.69688695842,84,20
17,4812,403.103347144732,80,63
44,4902,1189.02725224738,64,20
40,1331,276.831615100974,63,23
8,1016,60.7153983602623,87,79
8,2946,176.050751544619,56,48
73,3089,1888.27541914516,75,2
33,6632,1047.09793580573,39,6
69,6537,3616.77646121496,77,8
69,1528,845.408357463126,75,6
33,2377,375.294299368249,84,51
2,5739,284.544742857538,74,72
71,6862,3996.08086680292,85,14
70,7744,4397.1683319228,83,13
87,2099,1667.22550023887,90,3
47,5288,1435.6492468223,89,42
51,9657,3033.617870239,60,9
86,1248,977.068642853584,87,1
43,5652,1319.68931462544,64,21
93,3773,3245.36177920919,93,0
17,5164,432.590541283333,58,41
80,4385,3107.20920243251,87,7
29,4279,576.088436020574,86,57
89,2408,1965.77585224654,91,2
11,6426,428.296264213316,86,75
75,9578,6128.87277950111,81,6
0,7056,456.044613818756,59,59
33,8929,1409.76137949478,87,54
45,2578,649.429700452561,85,40
49,4765,1392.51521708673,75,26
81,8910,6430.1735092312,92,11
40,8855,1841.73099302714,91,51
77,2622,1751.36378881565,77,0
29,8882,1195.79749678307,51,22
29,3010,405.240989114729,84,55
61,4724,2076.29606162643,84,23
5,2546,137.538257056974,81,76
78,3009,2051.28111186854,94,16
82,7617,5594.65444260208,84,2
54,3430,1197.39109015518,81,27
91,8535,7151.3853908113,92,1
37,6551,1211.69440077562,65,28
52,7312,2380.15338408699,74,22
37,9724,1798.58286569106,59,22
49,1794,524.275403872737,78,29
58,2531,1010.84731358175,86,28
79,9508,6610.6407942573,93,14
15,5008,388.380072795747,71,56
93,2826,2430.79575617418,94,1
42,4960,1114.55232910295,71,29
55,5698,2058.60343610226,64,9
24,4067,448.640550567648,88,64
51,4081,1281.99177057527,88,37
48,6242,1758.4922249694,68,20
2,4367,216.519758156276,84,82
10,2522,161.993798759292,82,72
41,5868,1268.70909775456,66,25
10,3927,252.240145807985,74,64
81,5435,3922.33367257818,89,8
45,3392,854.48624667769,82,37
50,1127,341.531441059498,75,25
5,5376,290.418566354396,70,65
4,4270,223.687449647567,42,38
75,5053,3233.36752503854,80,5
15,9323,723.016657083616,67,52
44,9801,2377.32682563782,84,40
79,4552,3164.87556746521,89,10
28,4373,565.718154642251,81,53
62,1025,464.622935515746,66,4
85,9550,7365.35229314655,91,6
3,4558,232.011427460584,89,86
60,5596,2383.53877950979,70,10
95,2553,2263.11799909591,98,3
13,1115,80.1163163398734,75,62
62,8559,3879.71483422368,73,11
80,9603,6804.68186338869,85,5
12,3300,228.333082651841,90,78
61,4538,1994.54520060558,78,17
11,5533,368.777346699701,58,47
34,8690,1427.62861341235,79,45
96,1518,1371.66669358825,96,0
93,8161,7019.71838858368,98,5
21,3927,384.715195562998,63,42
0,4678,302.349306043671,76,76
8,6389,381.801850515468,83,75
89,5289,4317.68624689865,92,3
94,5381,4694.58474825772,96,2
12,7437,514.579738085376,75,63
29,3070,413.318882585455,55,26
53,6537,2204.07406199805,73,20
94,1710,1491.86766763068,95,1
41,7151,1546.10408282939,65,24
65,1311,649.645551847542,86,21
45,8952,2255.11818403853,74,29
98,8120,7613.64991094603,98,0
8,3852,230.192632365876,66,58
0,4754,307.26135120385,76,76
81,8147,5879.53126596034,94,13
47,1217,330.405660624573,85,38
76,4279,2798.46802069786,80,4
29,8571,1153.92708229314,64,35
85,4197,3236.8988035954,88,3
37,4889,904.28544121386,81,44
67,1253,656.916271775543,76,9
62,5828,2641.77801774221,80,18
73,6532,3992.94756809847,91,18
0,9049,584.856534927143,82,82
27,8342,1036.98294519124,47,20
40,1544,321.132993024722,55,15
80,6268,4441.50223052383,85,5
4,4149,217.348765477226,76,72
0,4385,283.412079307716,86,86
71,1771,1031.34060260973,94,23
78,9411,6415.62198198566,90,12
65,7028,3482.61551364189,71,6
15,6932,537.589988941717,81,66
4,6290,329.506805218547,88,84
19,2477,224.327224429858,29,10
91,4577,3835.01944156337,95,4
42,3412,766.704142520013,74,32
96,3923,3544.82769364078,96,0
13,5555,399.144517729145,78,65
67,3902,2045.7201057208,88,21
53,9883,3332.24169416042,59,6
12,1468,101.573625858455,86,74
12,5170,357.721829487884,88,76
86,5037,3943.50541190184,93,7
85,6001,4628.21770797617,92,7
34,4759,781.827913835371,89,55
64,2994,1441.05934753011,91,27
68,7107,3828.92746358975,82,14
55,1277,461.361282538186,83,28
52,1464,476.551498126826,79,27
27,7227,898.37877546117,80,53
16,7614,613.634135579181,68,52
87,5037,4000.86462348889,96,9
14,9665,721.403588050529,30,16
94,1550,1352.27771042547,96,2
50,5304,1607.34939075384,83,33
14,6798,507.408338496378,85,71
69,8801,4869.39722122577,84,15
2,2866,142.098838304531,24,22
81,2304,1662.75193774059,85,4
1,1599,77.444013891065,63,62
37,1407,260.243324971958,87,50
6,8295,462.836308544348,55,49
98,9516,8922.59760499537,98,0
3,5696,289.93793128905,47,44
75,9676,6191.58206457014,80,5
10,4638,297.909293673907,55,45
9,5947,368.304477624596,89,80
9,3925,243.079716609473,58,49
64,9624,4632.18275238135,68,4
4,4918,257.633460741624,53,49
7,8563,494.175633672596,62,55
24,6330,698.277522766956,80,56
9,2627,162.693099498876,73,64
39,6173,1234.87570643344,66,27
20,4338,408.580709048565,78,58
40,5994,1246.67821255841,88,48
20,6430,605.618708894023,86,66
86,3438,2691.63621324569,93,7
91,2208,1850.05963010092,91,0
55,3031,1095.05563615759,55,0
61,6213,2730.74247055145,76,15
74,8081,5055.83855129048,75,1
75,9476,6063.60393177621,77,2
28,8738,1130.40138011982,62,34
81,1390,1003.13593466121,82,1
23,6296,667.53554006221,86,63
11,4731,315.323626827451,56,45
56,8369,3127.81495256343,83,27
91,6564,5499.90553078915,93,2
35,6181,1056.47539355613,83,48
60,6210,2645.06358483842,82,22
93,4287,3687.48103564002,94,1
20,8320,783.631051010617,64,44
52,2186,711.572114006313,81,29
77,7790,5203.32719865518,81,4
81,9201,6640.18254303438,82,1
17,4604,385.679096062832,62,45
23,2534,268.668211327452,64,41
31,5453,795.081210177534,80,49
22,5376,547.884807010382,61,39
67,5153,2701.58782798035,88,21
9,6351,393.324657372424,80,71
75,4422,2829.5965160737,89,14
44,7835,1900.45461472017,88,44
27,9220,1146.12595956164,76,49
9,3689,228.46396804391,74,65
22,3370,343.44713534691,60,38
42,1775,398.856932289866,70,28
41,7934,1715.39502071995,88,47
42,1601,359.757717518916,79,37
51,8334,2618.01504924633,86,35
49,3571,1043.58275765303,85,36
14,5190,387.385889496352,66,52
11,8551,569.92862671772,81,70
78,8188,5581.88426187425,96,18
57,3653,1411.67601836494,91,34
29,2168,291.881217408881,77,48
80,4092,2899.58952254363,96,16
67,5092,2669.60706774227,70,3
82,2812,2065.40216523527,86,4
58,9255,3696.32235764483,66,8
8,5112,305.489287812658,69,61
61,5054,2221.33791182473,80,19
51,4381,1376.23277306794,71,20
23,7716,818.091522731895,78,55
32,1718,260.67348131758,73,41
45,6606,1664.13211838232,51,6
41,6979,1508.916290598,78,37
51,3061,961.572362100194,71,20
1,7573,366.781436646051,85,84
70,5092,2891.31987940998,87,17
42,3669,824.454132152968,44,2
79,9332,6488.27302187727,81,2
45,1073,270.301810933125,57,12
42,9802,2202.58909876353,79,37
43,7044,1644.70833903425,73,30
93,3894,3349.44043685147,96,3
26,9380,1120.42602803137,71,45
41,3688,797.375452031156,84,43
83,6268,4682.41258168793,84,1
83,8515,6360.99922352787,86,3
64,5391,2594.77319389941,82,18
29,4179,562.625280236031,89,60
49,1990,581.554099056157,85,36
26,7227,863.253614561055,76,50
77,5893,3936.22685258986,81,4
22,1733,176.615396307476,68,46
8,9006,538.191808693427,64,56
72,4710,2811.15625743672,84,12
50,3055,925.801732419491,76,26
83,9267,6922.76920780185,85,2
65,8719,4320.56412399597,81,16
11,1223,81.513590279005,62,51
99,4553,4336.19047619048,99,0
81,6400,4618.75538261276,87,6
21,4451,436.049741647799,85,64
88,6815,5489.00153412542,91,3
68,5028,2708.85708272538,94,26
54,6521,2276.43944574399,90,36
72,2087,1245.62274082175,73,1
70,2380,1351.4024573833,90,20
16,8107,653.366422004258,62,46
9,9142,566.174463501607,52,43
70,2099,1191.8461168267,73,3
98,3478,3261.11753574757,98,0
76,4069,2661.1279215283,90,14
44,8632,2093.77463104843,84,40
95,7902,7004.76240848251,98,3
64,2928,1409.2925082058,88,24
56,6715,2509.65197830845,93,37
89,7196,5874.46969799257,90,1
45,9118,2296.93561238419,67,22
55,5673,2049.57130449423,88,33
44,6256,1517.45297634836,74,30
37,9555,1767.32407257076,86,49
99,2851,2715.23809523809,99,0
57,6287,2429.56669243373,77,20
52,5254,1710.24697483494,66,14
48,6370,1794.55230263619,66,18
2,6719,333.134017644154,72,70
59,5167,2131.66234675398,79,20
10,6342,407.36109109097,78,68
50,9606,2911.04793506436,91,41
57,3695,1427.90662136832,66,9
15,4532,351.465353416599,80,65
89,1913,1561.68156368257,89,0
82,4708,3458.00618560727,82,0
75,2297,1469.82885513824,77,2
45,9888,2490.90802097553,88,43
43,5673,1324.59261887299,65,22
57,9040,3493.44407501207,67,10
34,5941,976.011690711481,65,31
32,5780,877.00391269826,86,54
69,3689,2041.0415122261,71,2
12,1436,99.3594868751647,76,64
46,4029,1053.80134426436,90,44
78,5561,3791.01836593584,91,13
18,5336,464.721158135533,68,50
2,8459,419.404770836717,43,41
75,8610,5509.45861677851,87,12
31,4059,591.827366974255,87,56
88,9278,7472.77420889445,96,8
39,5649,1130.05230287421,88,49
69,2856,1580.16117075569,79,10
50,9695,2938.01891843108,86,36
25,3824,438.932004686744,35,10
88,1998,1609.24799195636,90,2
82,3427,2517.11707690657,88,6
60,4653,1981.88097588618,73,13
82,3054,2243.15014673845,96,14
84,1883,1429.73270073539,95,11
77,2465,1646.49570535109,84,7
28,9762,1262.87231319864,91,63
30,2185,306.135369349785,89,59
41,1035,223.775377671433,83,42
79,6861,4770.25730851907,80,1
87,4386,3483.77848692124,88,1
53,2681,903.950215728432,65,12
12,9204,636.841725068953,84,72
3,4664,237.407042052691,54,51
62,1055,478.221655579621,79,17
13,3201,230.002088434022,56,43
45,5914,1489.80886286906,78,33
18,2339,203.707419205212,78,60
93,2498,2148.66518008602,94,1
30,6345,888.98348673885,81,51
95,2684,2379.24352118034,99,4
40,7144,1485.86405580869,87,47
21,7597,744.252951538604,79,58
61,7910,3476.6091971772,91,30
99,1791,1705.71428571429,99,0
86,1770,1385.74639250869,89,3
99,4717,4492.38095238095,99,0
83,8108,6056.95616023065,89,6
15,7564,586.602809629998,21,6
34,4444,730.078430150113,68,34
54,8937,3119.84961303697,88,34
35,2682,458.415629431734,90,55
13,5738,412.293653056676,72,59
49,9725,2842.01689111614,65,16
48,9553,2691.26501524074,81,33
75,8814,5639.99631222832,76,1
69,7321,4050.54619436358,71,2
11,6962,464.020944826192,83,72
27,6931,861.58340842969,68,41
58,6931,2768.14805627621,85,27
17,5266,441.135125948495,34,17
35,3070,524.733774181738,51,16
22,9742,992.837386513232,84,62
2,7386,366.204473034636,76,74
21,8423,825.173438305866,70,49
81,6357,4587.72311988583,86,5
70,6083,3454.02569254731,89,19
75,9142,5849.88045001035,82,7
4,2582,135.260186180332,59,55
35,7018,1199.53798931838,78,43
82,2790,2049.24325782589,88,6
25,3363,386.016823159393,61,36
2,4085,202.537946431965,75,73
14,6962,519.649434041157,80,66
27,2025,251.725061617389,70,43
25,7952,912.758185478292,59,34
38,4810,925.299870183217,74,36
75,1471,941.279166699325,84,9
96,1349,1218.95808277375,96,0
60,6209,2644.63764867339,60,0
9,4039,250.139866340296,82,73
3,7833,398.715557546897,77,74
16,6906,556.574381443371,74,58
15,1663,128.968862032613,76,61
7,5085,293.458261967202,72,65
8,8072,482.376668862241,78,70
5,4433,239.476470358824,81,76
78,2882,1964.70327830014,82,4
40,5642,1173.46654575484,89,49
53,7191,2424.58261891203,65,12
20,4022,378.817798938065,90,70
19,1257,113.839047682007,90,71
38,2931,563.836573702081,61,23
16,3455,278.448376467832,84,68
7,4064,234.535767283129,75,68
61,3637,1598.53699748843,61,0
81,6291,4540.09220500264,86,5
54,5912,2063.8414358593,71,17
54,9700,3386.20803921435,93,39
78,2794,1904.71233850472,80,2
63,2652,1239.0896570924,86,23
19,5079,459.974958772405,62,43
85,2685,2070.78229393701,86,1
58,4436,1771.67865786196,81,23
57,3255,1257.87173276154,86,29
71,8640,5031.49791448226,72,1
41,7003,1514.10528486285,70,29
57,6789,2623.56104261692,72,15
51,9140,2871.20920927663,76,25
73,9561,5844.54557541174,77,4
21,3518,344.646818943374,81,60
55,4232,1528.95923860736,62,7
80,2044,1448.37756209169,96,16
70,4517,2564.82558823545,85,15
44,4272,1036.21469228903,86,42
96,4975,4495.41620592987,98,2
4,3504,183.559911841938,73,69
28,4281,553.816469248451,71,43
25,6636,761.70313365618,80,55
70,2573,1460.99097598623,74,4
22,7847,799.712068565935,84,62
27,1667,207.222556896883,80,53
93,5440,4679.23882292552,95,2
35,7471,1276.96613254455,86,51
16,5726,461.47479121702,82,66
24,7857,866.724564988938,87,63
19,4278,387.43313125189,85,66
15,9608,745.118957552224,60,45
58,7913,3160.34563112302,79,21
25,9651,1107.7753078535,66,41
81,4055,2926.4145432023,94,13
55,1023,369.594825400598,74,19
22,3776,384.823852543006,63,41
49,3168,925.810746638143,71,22
43,7063,1649.14466192489,77,34
66,1817,926.418085195794,85,19
60,3940,1678.18849021955,80,20
44,1133,274.820048306056,75,31
80,6077,4306.15970882152,80,0
56,1655,618.536712449812,65,9
18,5749,500.690018388527,71,53
41,3320,717.810873303535,82,41
23,4309,456.863189664559,84,61
68,6452,3476.0433368624,81,13
73,4070,2487.95110259657,81,8
87,8009,6361.50978152125,91,4
31,2567,374.284516142624,68,37
27,7754,963.889445817893,85,58
3,3052,155.352978633107,79,76
17,2562,214.619861883791,77,60
2,4909,243.392601966833,81,79
22,4277,435.882313910603,88,66
92,8759,7434.62047213433,94,2
97,9546,8793.79281338673,98,1
16,4619,372.258480725012,81,65
78,2255,1537.26783225775,85,7
54,2324,811.293554962282,81,27
99,1502,1430.47619047619,99,0
22,8638,880.325327930743,75,53
6,2177,121.470119795183,64,58
27,2299,285.785637855989,79,52
61,1267,556.8728006098,84,23
7,9804,565.794454341485,62,55
53,8111,2734.7781423996,88,35
58,2830,1130.26388677848,78,20
37,1629,301.305171556019,71,34
34,8221,1350.57938214763,80,46
20,6926,652.335175396579,85,65
3,2972,151.2808166768,76,73
49,3198,934.577893860096,81,32
34,7292,1197.95947629492,44,10
31,2271,331.125880856993,74,43
61,6239,2742.17001026404,66,5
51,6067,1905.86720707673,67,16
54,7663,2675.10435097933,78,24
72,5036,3005.72885614678,89,17
34,6636,1090.18912296943,66,32
56,9353,3495.57333627981,89,33
18,7261,632.372625416437,86,68
86,3072,2405.09204394728,86,0
15,5829,452.050208531631,66,51
39,4514,903.001610050311,62,23
84,7308,5548.85107646002,97,13
49,7742,2262.50845974511,74,25
10,1467,94.2287481284222,77,67
18,5699,496.33543482279,77,59
34,6782,1114.17459794736,77,43
9,9776,605.43880498706,58,49
78,1348,918.952123229908,81,3
17,9470,793.306046853827,80,63
35,7485,1279.35905529326,83,48
74,5876,3676.29096985309,77,3
63,6271,2929.98915521359,87,24
73,3973,2428.65595346834,74,1
40,1772,368.554186295212,71,31
16,7711,621.45164426728,82,66
52,4164,1355.43745778696,79,27
66,9601,4895.17888605659,71,5
16,4932,397.484049996916,84,68
54,4314,1505.98984341966,76,22
33,8913,1407.23520835894,83,50
65,9084,4501.43416703514,80,15
15,1850,143.471073217279,63,48
82,6278,4611.16457800392,87,5
53,1514,510.473937565404,77,24
79,5734,3986.68640242652,83,4
10,3017,193.788775121643,86,76
21,6299,617.092186618621,62,41
39,1383,276.661769317585,90,51
54,8814,3076.91109872528,70,16
96,1041,940.648898567436,96,0
18,6724,585.604397920414,55,37
32,5146,780.80659770679,77,45
26,6454,770.919998391732,69,43
24,1589,175.286411323332,75,51
92,5307,4504.57025295318,96,4
49,9256,2704.95715621296,61,12
55,3418,1234.8730334499,82,27
48,2945,829.66350569287,81,33
52,1508,490.874084136103,60,8
33,3935,621.280213720682,77,44
26,8873,1059.86568728383,32,6
48,5682,1600.72938517721,70,22
65,7100,3518.29398788524,71,6
73,4583,2801.54297375923,85,12
95,8877,7869.05541636285,97,2
14,7223,539.130689755713,58,44
6,6799,379.363961638701,77,71
9,4539,281.105435335134,64,55
73,8592,5252.20537432671,94,21
4,8088,423.696508840637,89,85
14,6012,448.740648873231,37,23
51,9071,2849.53377870332,72,21
16,8321,670.613296841919,69,53
19,3715,336.445554605136,81,62
71,9562,5568.42396507863,72,1
79,1209,840.583163678699,79,0
99,8081,7696.19047619048,99,0
5,7726,417.368646513033,75,70
63,2600,1214.79378146314,69,6
62,1948,883.010222814315,87,25
90,8622,7131.55130774827,93,3
99,9341,8896.19047619048,99,0
39,1497,299.466860931616,52,13
58,4401,1757.70012922689,69,11
86,2086,1633.14518348764,98,12
36,4815,856.187192031003,62,26
99,5247,4997.14285714286,99,0
33,9639,1521.86022364769,79,46
34,2510,412.35302873015,76,42
40,4953,1030.16302749446,85,45
48,3208,903.755696523847,88,40
92,9712,8243.52483449807,92,0
5,3542,191.343482519954,85,80
26,3790,452.709450558516,78,52
55,6229,2250.44591145682,78,23
34,1811,297.518460171435,68,34
91,2633,2206.16259332234,94,3
60,9250,3939.90952653066,76,16
44,6644,1611.56610851318,69,25
48,9579,2698.58971851681,88,40
19,3060,277.126082662642,71,52
29,8796,1184.21918280836,77,48
16,2942,237.104232581291,85,69
89,6836,5580.58294267332,92,3
23,1393,147.693298492163,73,50
84,8077,6132.74085174707,84,0
9,5009,310.213070190281,84,75
30,6934,971.506934128792,83,53
43,2586,603.806894483614,79,36
97,4481,4127.90546792227,97,0
58,7923,3164.33949644733,58,0
16,1328,107.027335441181,73,57
66,5537,2823.10233226699,87,21
65,6048,2996.99183644083,70,5
11,3604,240.208486807468,60,49
27,3161,392.939713467934,87,60
88,1766,1422.38836526273,92,4
99,3941,3753.33333333333,99,0
15,4588,355.808261578851,18,3
83,8358,6243.7147986196,86,3
44,4346,1054.16410409366,78,34
87,6373,5062.04293140653,89,2
19,2515,227.768659443316,21,2
67,2836,1486.84321369149,73,6
30,8253,1156.30901750287,79,49
32,5700,864.865450238768,52,20
13,6764,486.015034729061,84,71
19,9991,904.825716301457,70,51
28,4618,597.412860310522,75,47
28,9638,1246.83091114613,78,50
15,3116,241.651818456779,91,76
15,4950,383.882060770557,65,50
25,6012,690.078245862109,61,36
34,8259,1356.8221770049,63,29
19,9489,859.362548492096,79,60
25,3093,355.025285171574,67,42
34,7340,1205.8451119041,51,17
95,7086,6281.41564496419,95,0
71,4382,2551.85461357191,79,8
86,1640,1283.96840887811,86,0
89,4761,3886.65233909709,95,6
11,4090,272.60064124377,85,74
79,7405,5148.48496860279,87,8
74,7226,4520.91193808006,84,10
21,3416,334.654216461218,74,53
42,3255,731.424965973811,64,22
92,5817,4937.45716250775,94,2
82,8286,6086.03212700549,83,1
91,4395,3682.52358437208,92,1
50,2277,690.032911528373,88,38
63,4724,2207.18685524302,76,13
83,8322,6216.82155469159,84,1
97,6691,6163.76154560765,97,0
71,3868,2252.52707560386,80,9
13,9705,697.335291550198,66,53
3,6278,319.562909521182,76,73
44,9084,2203.41157882808,78,34
21,2895,283.613570449422,31,10
72,7478,4463.23280108531,75,3
95,2984,2645.17983129737,98,3
23,4546,481.991195222809,75,52
5,2444,132.028083364982,72,67
75,5389,3448.37078813233,84,9
32,4131,626.799855251992,47,15
65,2868,1421.19255735984,66,1
66,4588,2339.24390472114,88,22
34,1650,271.068724065636,71,37
78,2982,2032.87480079494,85,7
84,6028,4576.96692513698,89,5
89,2655,2167.41482047947,98,9
81,2147,1549.44809476087,97,16
80,6200,4393.31745839945,88,8
82,4791,3518.96933628811,89,7
71,9350,5444.96591439921,94,23
25,2961,339.873866599751,69,44
71,3493,2034.14608973224,76,5
45,9629,2425.66275626754,57,12
39,2716,543.321305471122,83,44
22,3656,372.594280957953,72,50
0,5326,344.230954251515,83,83
89,5863,4786.27235121324,90,1
80,1582,1121.00455148192,94,14
95,8609,7631.48564599164,96,1
33,8037,1268.92733867169,64,31
49,8842,2583.97052455002,73,24
17,4702,393.88859897642,41,24
68,4766,2567.70343203444,82,14
79,1518,1055.42203677772,94,15
39,2148,429.695936727529,77,38
82,6076,4462.79642815416,91,9
23,1246,132.107573525653,79,56
55,4192,1514.50782803451,78,23
0,4138,267.447932537133,86,86
76,8535,5581.89403053428,90,14
42,9450,2123.49183669816,60,18
15,1671,129.589277484364,18,3
24,7978,880.072365977058,82,58
68,7194,3875.79909568941,71,3
86,3972,3109.70885369746,97,11
30,9669,1354.701549768,77,47
85,1238,954.796454336695,92,7
0,5023,324.647405783958,86,86
35,3003,513.281929598619,86,51
36,9026,1604.97312466705,46,10
29,2875,387.065728805597,62,33
32,5340,810.242369171057,87,55
19,9671,875.845210924972,39,20
55,2220,802.053286793087,68,13
45,2457,618.948321959636,62,17
35,6867,1173.728608243,62,27
84,8423,6395.45328640158,92,8
6,4781,266.765568553409,83,77
8,8786,525.044773615418,56,48
49,4806,1404.49698495673,53,4
98,4962,4652.57769188599,98,0
64,9189,4422.8104022893,84,20
93,9228,7937.50291506558,96,3
87,9530,7569.63269046042,88,1
4,3793,198.69941370333,52,48
27,5514,685.43801963372,46,19
88,4136,3331.25610346922,89,1
80,3900,2763.53840125126,87,7
66,6738,3435.44582171121,74,8
19,7796,706.037562234627,64,45
79,6869,4775.81947999089,89,10
47,9204,2498.81158618617,75,28
87,8099,6432.99634418037,88,1
4,4748,248.727871411393,85,81
40,5306,1103.58268198781,69,29
65,7572,3752.18620792493,89,24
5,9352,505.207297720668,9,4
99,4169,3970.47619047619,99,0
19,9956,901.655973525904,85,66
10,2547,163.599605646279,73,63
98,4500,4219.38726591837,99,1
88,5645,4546.64910640323,88,0
90,8105,6703.92291223611,92,2
26,1820,217.396094991161,86,60
32,2519,382.209836693238,65,33
72,1286,767.547122518816,77,5
23,9251,980.840419491027,79,56
51,5711,1794.03455078543,68,17
42,8311,1867.54927564004,86,44
31,8353,1217.91919101649,57,26
5,8670,468.364763819311,75,70
83,8634,6449.89633540101,89,6
44,7206,1747.88461438079,73,29
45,7086,1785.04998347822,92,47
99,7310,6961.90476190476,99,0
9,7992,494.953654813481,78,69
84,3476,2639.27289843665,87,3
78,7715,5259.43296047384,86,8
67,9520,4991.09569617172,80,13
21,1551,151.946337743369,70,49
84,6391,4852.58719617625,86,2
13,9113,654.798198031629,82,69
4,8985,470.686589012503,68,64
25,3169,363.748829197775,56,31
21,3994,391.278963860101,83,62
32,4075,618.302931530347,79,47
7,2191,126.443864694226,74,67
35,4190,716.167594078659,91,56
87,7195,5714.95353702652,95,8
41,6580,1422.64926094496,85,44
0,6056,391.412440658501,2,2
93,2322,1997.27804169725,94,1
4,6641,347.894227894494,89,85
34,9036,1484.47090342854,87,53
26,6505,777.011866987638,60,34
3,5334,271.511398436761,49,46
73,3967,2424.98821228516,74,1
62,2882,1306.38370746964,83,21
76,9918,6486.37668363668,81,5
7,5312,306.558561960625,67,60
17,2447,204.98626152601,82,65
52,5790,1884.72211349339,82,30
54,2672,932.778132039251,70,16
71,3569,2078.40463620222,76,5
53,3194,1076.91793697748,77,24
0,5116,330.658197887862,71,71
24,3823,421.724323781686,29,5
35,5185,886.236032290656,89,54
65,4809,2383.02475883664,75,10
47,5114,1388.40965360236,90,43
29,5735,772.111984243512,63,34
84,8847,6717.38991152734,86,2
31,5942,866.380442119,68,37
79,7975,5544.78968596991,81,2
23,5388,571.264531425538,77,54
40,6752,1404.33288141381,78,38
26,8644,1032.51200280417,78,52
16,4241,341.79437470335,91,75
26,5330,636.659992474114,67,41
51,3348,1051.72958781818,78,27
49,1733,506.448871188101,79,30
9,4227,261.782920282355,73,64
70,4553,2585.26696994377,91,21
78,1027,700.121536021599,86,8
56,4621,1727.04419832664,72,16
34,3538,581.2370580268,80,46
73,6215,3799.16857558665,79,6
50,9087,2753.76770621797,69,19
26,4538,542.056856631807,85,59
96,7179,6486.95335525036,98,2
25,4442,509.868191636642,44,19
75,2116,1354.00864495974,83,8
31,5575,812.869566612828,70,39
85,8156,6290.2422306705,89,4
78,3221,2195.80473955752,82,4
46,3668,959.380325331761,81,35
37,9838,1819.66867880179,81,44
19,4519,409.259074363556,64,45
67,4938,2588.86875501008,85,18
92,1016,862.37862766166,93,1
86,8747,6848.09248320537,92,6
3,6780,345.115725797008,43,40
69,5503,3044.68729785313,70,1
57,8319,3214.81872345414,93,36
4,1696,88.8463500239516,78,74
67,2323,1217.89026283686,69,2
32,7434,1127.96662404825,58,26
52,1702,554.023667904275,71,19
5,1264,68.2829367321348,57,52
56,5242,1959.13561731838,58,2
9,8150,504.738774615849,83,74
59,7892,3255.86979690002,70,11
0,5188,335.3117143554,71,71
44,6503,1577.36520223679,60,16
96,1243,1123.1763505469,98,2
66,6174,3147.88401651009,78,12
56,8350,3120.71392686159,81,25
12,3748,259.331028417909,88,76
91,4104,3438.69779073106,91,0
15,6740,522.700018099708,67,52
98,1541,1444.90572817338,99,1
24,6235,687.797844305209,62,38
66,2432,1239.98281959063,68,2
53,2909,980.824758505785,70,17
44,1810,439.032910356541,57,13
83,2685,2005.7877762974,88,5
21,5722,560.56540591074,66,45
5,6265,338.443511571855,87,82
1,9996,484.134060572287,56,55
21,7196,704.968308446992,88,67
32,3416,518.312347020286,72,40
89,1868,1524.94571926767,90,1
63,4375,2044.12415150047,89,26
82,3513,2580.28371496142,83,1
70,1884,1069.76564273535,90,20
11,7388,492.414067850604,79,68
25,7196,825.981879112398,77,52
29,3351,451.150350340019,76,47
68,9570,5155.87953096298,70,2
57,4140,1599.87372461836,83,26
14,1323,98.7498134496482,73,59
29,2227,299.824479321762,76,47
71,1808,1052.88752654907,80,9
71,7826,4557.46558781692,94,23
36,8942,1590.03652567835,77,41
23,1090,115.56762049997,90,67
51,2371,744.818056367057,65,14
12,5898,408.093491357745,70,58
8,3657,218.539578546731,71,63
24,4213,464.746161677281,90,66
38,5703,1097.08631177856,62,24
93,9514,8183.50701494732,95,2
1,9306,450.715442945748,85,84
25,6093,699.375707258455,86,61
57,9794,3784.82204321551,88,31
31,3945,575.205460141275,82,51
47,8274,2246.32410518301,83,36
21,1424,139.504567986175,49,28
92,7126,6048.53356369782,92,0
68,3543,1908.8068106794,79,11
55,2516,908.993725032165,88,33
90,9530,7882.58918613327,94,4
96,4929,4453.85054854841,96,0
63,1394,651.316358215236,91,28
57,6327,2445.0244095798,64,7
22,1900,193.634883430008,38,16
97,1353,1246.38609642911,98,1
64,9544,4593.67749259431,80,16
37,4087,755.944896347115,90,53
31,1124,163.886169125169,85,54
74,4688,2933.02451781336,88,14
46,3397,888.499172615047,88,42
85,9538,7356.09740021276,86,1
42,6139,1379.48321539577,71,29
45,1288,324.462938007331,52,7
47,6515,1768.76982659745,59,12
13,4544,326.500934034426,83,70
40,4607,958.199286829593,86,46
82,5448,4001.5330711955,93,11
5,4021,217.219690348033,90,85
24,1213,133.808947095785,87,63
27,3033,377.028203400267,72,45
22,6901,703.302279237099,68,46
94,9930,8663.30171904835,96,2
43,3089,721.252705746281,71,28
59,7141,2946.0423491717,85,26
51,5699,1790.26491068573,83,32
65,3108,1540.12080483765,75,10
76,2101,1374.05499216784,87,11
79,2678,1861.93690019153,83,4
47,6270,1702.25430740844,73,26
62,4286,1942.80380645901,73,11
98,3705,3473.96218227279,98,0
98,7313,6856.97312792467,98,0
35,2060,352.101490167551,72,37
17,3876,324.694217276181,78,61
66,6544,3336.53271850373,83,17
1,3791,183.608665829286,61,60
65,7212,3573.79383670822,87,22
46,2107,551.094423520725,87,41
40,9477,1971.09933607208,70,30
67,8884,4657.65695008294,85,18
52,3949,1285.45209433254,71,19
4,1258,65.9013610437094,17,13
22,9699,988.455123361922,65,43
11,5174,344.849808751898,84,73
46,4750,1242.38182806049,90,44
54,3394,1184.82372011273,70,16
8,3529,210.890394501344,86,78
77,4255,2842.12544676223,81,4
62,8956,4059.67122973563,86,24
90,3872,3202.66372809108,96,6
25,6998,803.254751254664,88,63
48,5804,1635.09914670337,89,41
64,2940,1415.06829717385,92,28
32,8109,1230.38490105021,72,40
21,5846,572.713275594929,56,35
79,2701,1877.92814317301,83,4
38,3764,724.080813174559,84,46
41,9319,2014.84323142037,66,25
8,9743,582.234376204759,73,65
37,5776,1068.3478642772,78,41
57,1344,519.379296107989,86,29
1,1107,53.6150865399681,61,60
86,3740,2928.07429829519,94,8
6,7980,445.260246194563,74,68
92,8194,6955.04968017681,95,3
10,6634,426.116915530983,82,72
63,7753,3622.42161064758,87,24
63,6292,2939.80095114079,89,26
39,6642,1328.69665351222,80,41
30,6997,980.333720521944,90,60
61,3926,1725.55849660148,80,19
76,3272,2139.8895451562,85,9
74,1483,927.831774726368,84,10
79,2957,2055.91763027123,79,0
41,4675,1010.7728411729,87,46
21,4029,394.707798045154,89,68
3,1416,72.0772666266317,46,43
41,5495,1188.0634785551,78,37
23,3540,375.329703275131,80,57
6,3933,219.44969276732,69,63
70,8408,4774.19826120957,92,22
77,3938,2630.38543110451,80,3
37,5009,926.481033962001,66,29
52,3673,1195.61041845617,52,0
36,5710,1015.33309792254,76,40
72,2768,1652.07654364859,74,2
21,1453,142.345602025219,66,45
52,4213,1371.3876103882,70,18
70,4929,2798.76584556398,81,11
33,5417,855.266815177873,75,42
57,2191,846.696456676045,81,24
16,2070,166.82724726148,63,47
79,2131,1481.62342580588,90,11
67,6456,3384.71783765595,79,12
98,9549,8953.53977827877,98,0
57,9368,3620.19735560986,84,27
39,1679,335.874989648753,89,50
97,5380,4956.06592667302,98,1
97,1515,1395.62079533636,97,0
22,7533,767.711356251712,80,58
62,6715,3043.84684096413,75,13
68,2964,1596.86801774026,78,10
82,7398,5433.79986429962,93,11
91,6047,5066.71674964686,91,0
45,6453,1625.589548883,91,46
47,4944,1342.25602804264,78,31
58,2352,939.357124276677,79,21
91,4479,3752.90628769113,95,4
96,2920,2638.51564247542,99,3
68,3680,1982.61616237657,86,18
83,4202,3139.03919404159,88,5
45,6950,1750.78992170105,67,22
8,6763,404.151810148084,68,60
34,2216,364.053510623909,63,29
61,4084,1795.00277639339,63,2
37,7521,1391.10877548976,76,39
25,5929,680.551217517705,33,8
90,9929,8212.61574282447,90,0
20,3486,328.333875459497,73,53
34,7047,1157.70987787305,68,34
35,9285,1587.02055155617,83,48
51,4697,1475.49996236021,65,14
48,5517,1554.24569130987,84,36
71,7704,4486.41897374668,71,0
48,4825,1359.2958964238,73,25
29,5082,684.19757697045,83,54
76,7692,5030.57163243933,84,8
51,2959,929.530421252687,68,17
18,6139,534.655770201282,79,61
63,1098,513.016758479432,81,18
86,8179,6403.40098549636,91,5
32,5964,904.92237635509,74,42
31,8087,1179.13474173954,83,52
92,6593,5596.1243033202,93,1
42,9782,2198.09493614618,84,42
91,4902,4107.3334722621,97,6
97,5229,4816.96444806194,99,2
12,9648,667.562903462109,69,57
69,8454,4677.40985208984,77,8
9,4265,264.136303525963,59,50
52,8725,2840.10370297579,77,25
39,5412,1082.64171767662,81,42
41,8543,1847.06575019039,81,40
36,1959,348.342826415106,87,51
84,4008,3043.21224883029,92,8
27,9150,1137.42435249339,86,59
6,2606,145.407042804891,85,79
41,7305,1579.40012936215,83,42
0,5197,335.893403913843,77,77
37,4972,919.637392864657,77,40
55,1914,691.499995910797,64,9
1,6687,323.869994302409,74,73
15,7482,580.243551249557,73,58
93,1958,1684.18191457503,95,2
45,2569,647.162490482012,62,17
27,7075,879.483857255816,81,54
17,2447,204.98626152601,75,58
27,3393,421.779325465581,89,62
47,8663,2351.93446014024,76,29
37,6641,1228.34109533672,79,42
66,4399,2242.88010829736,66,0
88,4696,3782.29658169523,90,2
96,7399,6685.74562968344,96,0
80,1763,1249.26107728358,90,10
58,4302,1718.16086251627,74,16
9,3536,218.98850393149,30,21
73,3659,2236.71083154812,78,5
80,8171,5789.96725041643,91,11
1,5683,275.243484016837,75,74
5,8182,442.002364194879,69,64
43,3487,814.181995771215,68,25
71,4684,2727.72410086052,71,0
16,4703,379.028282063159,80,64
2,8455,419.206447266159,89,87
35,1045,178.614590885966,81,46
43,6551,1529.59743455613,72,29
71,1104,642.913622406067,85,14
82,5873,4313.69378251306,90,8
87,3269,2596.55081480746,95,8
4,3717,194.718091414521,73,69
80,7000,4960.19713045099,90,10
11,6881,458.622252420142,82,71
52,4168,1356.73951106053,67,15
82,9553,7016.6382946275,95,13
97,3378,3111.81983276979,97,0
24,5160,569.212009080173,49,25
53,1040,350.655809159854,72,19
42,3609,810.971644300916,69,27
54,4666,1628.87079494579,72,18
16,4571,368.390022817499,53,37
95,7643,6775.17072741481,95,0
21,1704,166.935241466603,32,11
90,9790,8097.64408523029,93,3
44,9296,2254.83421805216,75,31
93,1141,981.435936940813,93,0
91,5134,4301.72379571473,94,3
98,6258,5867.76122447048,98,0
41,4337,937.694505276335,53,12
95,8780,7783.06934275834,95,0
47,3064,831.851227735162,60,13
54,4424,1544.39014077157,83,29
51,6642,2086.49579518768,92,41
86,5032,3939.5908740699,96,10
6,8054,449.389225921179,81,75
79,3790,2635.07873477442,82,3
17,2700,226.180182313129,83,66
31,5594,815.639884418325,68,37
76,1722,1126.1888131904,77,1
5,5751,310.676557869072,83,78
89,6495,5302.20687721814,93,4
59,4783,1973.24192075175,80,21
1,7474,361.98659150833,39,38
66,8411,4288.4438715365,90,24
54,6936,2421.3132948444,72,18
93,3075,2644.97415082647,96,3
24,4176,460.664602697442,74,50
95,1099,974.213349395378,96,1
99,7004,6670.47619047619,99,0
93,6148,5288.22799326215,99,6
28,3018,390.427027374871,76,48
90,1207,998.351012346574,93,3
68,7497,4039.04167645031,75,7
42,5798,1302.85774276994,65,23
0,9260,598.493923463957,84,84
55,2124,767.369901418251,77,22
90,6233,5155.52763873753,90,0
80,4354,3085.24261514051,93,13
41,1457,315.015193494955,65,24
5,1262,68.1748941107232,52,47
46,9748,2549.62906524918,50,4
97,4520,4163.83233988142,97,0
57,7329,2832.24022408888,70,13
92,8021,6808.20765007301,95,3
30,6173,864.88495880834,44,14
61,1013,445.234528032934,85,24
87,6612,5251.87947002353,95,8
74,7382,4618.5125832974,83,9
52,5922,1927.68987152122,75,23
52,3983,1296.51954715789,72,20
40,3270,680.119745589922,91,51
5,7221,390.087884606602,79,74
49,8392,2452.46331622074,80,31
61,5785,2542.62758605185,93,32
86,9478,7420.39791423579,87,1
7,7906,456.259787436126,85,78
84,5986,4545.07697642169,84,0
43,8584,2004.28398385435,45,2
89,9163,7480.23427497303,90,1
12,2356,163.015982644769,85,73
85,5670,4372.93691121895,91,6
28,4988,645.278334176891,63,35
15,5420,420.331468560892,86,71
88,4346,3500.39628280397,89,1
83,1946,1453.72924121964,85,2
4,3625,189.898596012279,56,52
62,1033,468.249260866113,87,25
98,1169,1096.10304752413,98,0
74,6486,4057.93451845935,83,9
48,2965,835.297892828306,80,32
84,2480,1883.0255431884,88,4
65,9543,4728.88444033645,78,13
50,7411,2245.86469360421,82,32
86,3585,2806.72362550489,92,6
66,9194,4687.66531386358,83,17
57,6305,2436.52266514946,76,19
74,5222,3267.11903413425,84,10
79,1319,917.063021416215,83,4
66,3326,1695.7988725158,83,17
56,2782,1039.73965802742,75,19
73,5269,3220.88804903718,75,2
74,7304,4569.71226068873,77,3
18,7984,695.339903777005,62,44
30,6656,932.556987822503,75,45
77,7439,4968.8768974064,85,8
99,6707,6387.61904761905,99,0
44,5795,1405.63299199788,81,37
18,8942,778.773724896541,81,63
49,6636,1939.29296549581,70,21
78,1758,1198.45536545859,84,6
56,3276,1224.36632627528,82,26
16,8205,661.26452356543,72,56
41,7558,1634.10077723738,77,36
6,6498,362.569057615573,75,69
58,2656,1060.77063013557,90,32
27,9860,1225.68350989998,47,20
77,8133,5432.4339032943,84,7
92,5824,4943.39874754085,94,2
99,4858,4626.66666666667,99,0
36,2637,468.902518252493,54,18
67,5801,3041.31787116514,78,11
96,1367,1235.22290522736,98,2
15,8959,694.787754028973,69,54
28,7468,966.10637522715,83,55
44,9161,2222.08866948965,81,37
18,2812,244.901779737091,75,57
48,2210,622.599778465618,77,29
22,1228,125.149282553711,90,68
32,3934,596.908891445494,82,50
7,1627,93.8951017149731,90,83
97,2214,2039.54088506581,99,2
57,6355,2455.84481158205,85,28
90,9961,8239.08403809795,92,2
51,3354,1053.61440786803,81,30
32,5678,861.527373062408,74,42
89,1654,1350.24637027233,94,5
77,6198,4139.9514733331,92,15
4,3281,171.877874073458,49,45
34,1493,245.276124260603,76,42
76,5715,3737.61269882876,93,17
61,1019,447.871652581993,71,10
95,1551,1374.89072330503,95,0
37,6753,1249.05698190166,78,41
39,8359,1672.17334036565,66,27
32,2395,363.395219881026,85,53
23,8748,927.509673517188,87,64
43,7145,1668.29089755817,73,30
96,7769,7020.07809122998,98,2
55,2487,898.51645236685,71,16
85,2120,1635.03108497075,86,1
2,6650,329.712936052035,66,64
86,9706,7598.9008393725,98,12
77,1454,971.198683805473,90,13
11,2018,134.500756486535,76,65
69,8502,4703.96718269077,70,1
32,5273,800.076406861232,78,46
54,7504,2619.5984666252,62,8
96,5488,4958.96364585792,96,0
26,2268,270.908979912062,90,64
10,2858,183.575843320403,77,67
99,3836,3653.33333333333,99,0
65,7800,3865.16804302885,84,19
73,9283,5674.60690059065,77,4
67,6640,3481.18439312818,77,10
57,1753,677.434453926567,71,14
30,4541,636.229158909553,48,18
58,2392,955.332585573899,79,21
84,7908,6004.4217723927,85,1
37,3847,711.553710850832,49,12
61,8549,3757.46296165207,84,23
94,4780,4170.24997150565,98,4
70,2235,1269.06911439146,82,12
34,4584,753.078200676895,85,51
67,5198,2725.1801920904,73,6
87,3697,2936.50913500862,92,5
42,1010,226.955212176205,64,22
14,1869,139.503704714582,90,76
82,1012,743.30974083147,85,3
30,1064,149.074614639895,63,33
61,1914,841.242731150084,68,7
87,5332,4235.18168998268,89,2
54,1286,448.934385405118,94,40
57,5437,2101.09020307972,81,24
80,1352,958.026645767105,90,10
46,5899,1542.90745341659,85,39
98,4614,4326.2784099883,99,1
32,6299,955.752187904211,81,49
8,5469,326.823340189246,90,82
0,9677,625.445539671783,63,63
83,5859,4376.87544928359,84,1
89,6225,5081.7918107287,95,6
62,2580,1169.48992549329,74,12
27,7698,956.928160163289,63,36
28,8002,1035.18789696942,80,52
5,4591,248.011837450341,50,45
65,2925,1449.43801613582,88,23
96,6116,5526.42522923961,97,1
62,4089,1853.50554470623,72,10
68,3834,2065.58433873689,86,18
39,7558,1511.93756507759,87,48
47,4271,1159.54196920916,62,15
71,1703,991.74085050501,87,16
76,6477,4235.96105867259,82,6
38,5594,1076.11797792202,64,26
47,6684,1814.65196024211,69,22
22,1224,124.741630167542,72,50
85,8278,6384.3336421641,85,0
56,6148,2297.74242183773,89,33
35,2819,481.832087758411,59,24
1,3857,186.805229254433,74,73
67,4479,2348.22664108752,89,22
2,5066,251.17680211122,61,59
20,5014,472.250731943177,70,50
94,3846,3355.39359632024,95,1
17,6806,570.141600304873,35,18
25,2191,251.490591597452,82,57
16,3901,314.392797858469,47,31
62,4584,2077.88442576017,85,23
81,2250,1623.7811891998,88,7
93,2751,2366.28419151987,93,0
6,5835,325.575631146025,52,46
15,6130,475.39333990374,35,20
97,6414,5908.58863451315,98,1
89,5244,4280.95040248375,98,9
48,6691,1884.98421615993,77,29
84,8908,6763.70626561383,85,1
40,4209,875.420186296019,81,41
90,6591,5451.64169210959,96,6
98,3459,3243.30234506925,98,0
43,3060,714.481476071098,74,31
68,7738,4168.88148491029,92,24
28,4571,591.332651468038,67,39
68,4274,2302.63627119496,75,7
75,2261,1446.79279123533,81,6
62,3223,1460.95582552902,77,15
22,7908,805.928767455003,90,68
37,2890,534.543858684405,88,51
98,7948,7452.37555322648,99,1
27,6102,758.531519007065,43,16
6,9724,542.570254886708,77,71
17,9329,781.494415110808,71,54
57,2713,1048.41966543227,58,1
23,8676,919.875849043795,87,64
81,5429,3918.00358940698,81,0
24,1845,203.52638696762,33,9
45,2534,638.34556281877,76,31
67,2023,1060.60783543649,85,18
7,8249,476.054513857906,53,46
48,9381,2642.809285876,72,24
76,9790,6402.66462319047,79,3
55,4514,1630.84168314594,80,25
54,8321,2904.80794786624,87,33
18,2761,240.460104500039,85,67
70,5174,2937.88080441226,70,0
44,1447,350.983768666252,84,40
72,7992,4770.01291070791,80,8
80,6441,4564.08995960497,82,2
53,1175,396.173630541182,85,32
74,7860,4917.57097056591,85,11
26,4293,512.791997690689,88,62
74,1189,743.892097201383,91,17
72,1425,850.509058778625,81,9
74,9265,5796.60242268361,80,6
22,9468,964.913198060694,49,27
89,2389,1950.26516238247,95,6
62,3501,1586.97063145427,90,28
66,6425,3275.85921705172,75,9
39,8645,1729.38611406401,60,21
36,3875,689.039536681233,91,55
5,2421,130.785593218749,64,59
66,9626,4907.92541997508,89,23
68,5587,3010.02078782551,79,11
90,7573,6263.88750331451,94,4
45,1469,370.059049637243,77,32
70,1551,880.682861933402,83,13
19,1322,119.725712836606,68,49
91,5515,4620.95962862617,93,2
33,3063,483.603886817395,85,52
7,8704,502.31282441741,81,74
43,9750,2276.53411493242,67,24
58,5963,2381.54189288343,70,12
26,7826,934.803208461992,85,59
27,4581,569.458028281115,81,54
88,5396,4346.09717947774,95,7
66,7441,3793.87835549912,82,16
54,4702,1641.43816498823,77,23
51,5202,1634.13898322287,87,36
74,4703,2942.4091952381,77,3
96,4302,3887.29256641413,96,0
39,5156,1031.4302838767,83,44
20,3142,295.933745465788,82,62
92,3484,2957.21175076105,98,6
1,6220,301.251886430534,46,45
89,9937,8112.09079890942,92,3
70,2071,1175.9472643869,83,13
14,5120,382.161031641874,69,55
17,1512,126.660902095352,83,66
40,2808,584.029432910245,92,52
84,3129,2375.80117928892,85,1
37,1771,327.569956307986,73,36
4,3231,169.258583093979,61,57
53,8483,2860.2050279837,82,29
88,1385,1115.51975418396,89,1
97,8180,7535.43109297124,98,1
35,9323,1593.51562758839,82,47
87,7410,5885.72699226775,88,1
96,6410,5792.083995982,97,1
31,6804,992.065386768374,60,29
76,6103,3991.36488205633,80,4
81,3223,2325.97634346264,83,2
38,8782,1689.39365071705,88,50
97,5982,5510.62943742714,97,0
6,1047,58.4194834292867,62,56
15,1925,149.287468077439,75,60
52,5584,1817.66636990451,56,4
91,1931,1617.96428701308,91,0
7,9075,523.72344687362,77,70
21,8206,803.914666358534,65,44
11,5582,372.043222352744,43,32
11,6614,440.826562637235,70,59
80,2699,1912.51029358389,85,5
79,5363,3728.7407004209,86,7
45,7301,1839.21111055242,66,21
4,6119,320.548830068726,77,73
15,2621,203.263612379723,79,64
41,5127,1108.49889982748,82,41
77,2074,1385.32742105402,89,12
7,3287,189.694652327668,45,38
67,6371,3340.15448322585,85,18
77,5317,3551.48789669443,93,16
35,1025,175.196129816378,84,49
59,5994,2472.84383712857,87,28
96,1236,1116.85114181494,98,2
0,2810,181.616406580315,24,24
24,1649,181.905155614962,76,52
97,1060,976.473955812899,97,0
39,4420,884.197411701899,82,43
58,2807,1121.07799653258,64,6
14,4196,313.192907962754,38,24
2,6665,330.456649441626,83,81
33,2200,347.348531178018,67,34
93,8350,7182.28753151252,95,2
99,6448,6140.95238095238,99,0
2,2713,134.512961730703,50,48
36,3395,603.687542460074,75,39
43,8271,1931.20140149806,84,41
77,5042,3367.80176323741,79,2
93,1657,1425.27550176243,95,2
73,4428,2706.79299319351,81,8
86,3790,2967.21967661465,88,2
83,3783,2826.03171610169,83,0
67,5145,2697.39362991634,71,4
29,6428,865.411653830392,73,44
83,4822,3602.2006172462,93,10
63,9869,4611.07685740758,70,7
45,9111,2295.17222685154,77,32
44,1045,253.474801835683,65,21
5,2553,137.916406231915,61,56
50,5249,1590.68192912272,63,13
72,8322,4966.97290326717,80,8
33,3763,594.1238740104,91,58
25,9230,1059.4514652873,54,29
46,2187,572.018749045955,82,36
46,7984,2088.24768741788,89,43
64,4262,2051.36771515475,93,29
52,3137,1021.13527979771,71,19
89,3528,2880.09020212865,92,3
80,1456,1031.72100313381,84,4
83,5703,4260.33805892888,98,15
97,6559,6042.16290205359,98,1
64,1518,730.637304459154,70,6
90,4948,4092.66015666185,92,2
38,4301,827.383522174224,77,39
60,5845,2489.59688460235,91,31
70,5097,2894.1589602028,74,4
94,2257,1969.090833826,98,4
53,2576,868.547465765178,57,4
32,3014,457.316573161342,80,48
10,3461,222.307905434539,71,61
66,3117,1589.23784895723,68,2
67,2712,1421.83314369934,86,19
85,7636,5889.19687020598,89,4
31,6729,981.129921746677,66,35
39,9221,1844.61184011385,64,25
20,7177,675.975967921058,82,62
34,4286,704.121546269889,76,42
35,3131,535.160080443981,75,40
18,4629,403.147346516002,75,57
14,2456,183.317869865711,82,68
89,1020,832.679140071209,91,2
58,6618,2643.14007162545,81,23
53,4128,1391.83382712681,62,9
88,3618,2914.04366111016,88,0
23,6178,655.024549953039,47,24
80,1965,1392.3981944766,92,12
50,6189,1875.54400063641,90,40
60,2587,1101.89685893349,69,9
78,2235,1523.63352775879,82,4
73,7975,4875.03932265544,93,20
68,9013,4855.79333464674,77,9
67,8775,4600.51100146081,71,4
56,2385,891.36559467843,70,14
11,6594,439.493552166606,60,49
97,1548,1426.02045622488,98,1
41,8760,1893.98290666836,91,50
10,2918,187.429779849172,46,36
6,2347,130.955613761734,83,77
28,1075,139.06860650364,72,44
97,6980,6429.98887884343,98,1
69,8188,4530.23797834298,78,9
43,4594,1072.65617682047,71,28
66,1828,932.02656011993,77,11
77,8399,5610.10849056545,92,15
28,5357,693.014441897676,63,35
9,9821,608.225706196596,78,69
18,4133,359.949877543883,34,16
83,9251,6910.81665494496,83,0
83,6541,4886.35301480867,83,0
28,5027,650.323613854698,90,62
93,2603,2238.98137060205,99,6
40,4161,865.436777186442,81,41
27,5416,673.255769738162,87,60
87,8641,6863.50431041642,91,4
16,9914,798.997743647492,89,73
42,9111,2047.31578033407,79,37
73,6966,4258.24751368248,93,20
74,7618,4766.16484144671,82,8
41,9887,2137.6494290217,67,26
88,1236,995.510769798829,96,8
0,8270,534.508072035305,62,62
67,6258,3280.91143557171,69,2
80,8216,5821.85423196933,83,3
99,8245,7852.38095238095,99,0
87,8272,6570.40940351402,88,1
87,4756,3777.6676889643,88,1
64,4819,2319.46058642204,82,18
79,1034,718.910662732651,85,6
48,3545,998.695119755934,80,32
65,5293,2622.86339125022,76,11
33,6752,1066.04421932453,85,52
39,4688,937.8093814612,67,28
79,3055,2124.05423080101,84,5
10,4199,269.711324738408,67,57
76,6075,3973.05286883372,77,1
26,4585,547.670931612348,50,24
66,3601,1836.01074561918,83,17
33,9316,1470.86314384291,70,37
41,7547,1631.72248819933,84,43
67,7853,4117.12967458367,82,15
95,6179,5477.40153404371,95,0
91,9975,8357.94601913799,95,4
50,2701,818.523888466463,67,17
28,8717,1127.68469106254,65,37
49,8736,2552.99327103246,83,34
25,1446,165.976903445877,51,26
34,4271,701.657285142019,55,21
14,7920,591.155345821023,61,47
67,4816,2524.90723453393,69,2
49,4541,1327.05385116282,72,23
26,4842,578.369171399561,57,31
24,9539,1052.2700299643,49,25
97,4315,3974.98596163459,98,1
53,8271,2788.72518996265,56,3
56,2969,1109.62870046132,71,15
36,1733,308.15626246931,69,33
57,2878,1112.18274865982,90,33
89,2506,2045.77835786123,97,8
12,3049,210.965930001655,46,34
51,2346,736.964639492668,84,33
31,1182,172.342928741949,78,47
16,3230,260.314980026367,55,39
92,3647,3095.56580224614,97,5
78,9128,6222.69657332537,92,14
18,6002,522.72421123116,63,45
29,2319,312.210582643541,61,32
51,4759,1494.9764362087,54,3
89,7193,5872.02064169824,90,1
16,3380,272.403910987343,84,68
90,1123,928.871737253689,91,1
42,9167,2059.89943566265,77,35
96,2042,1845.15374723795,99,3
95,6179,5477.40153404371,96,1
4,8990,470.948518110451,81,77
46,5487,1435.14717696166,83,37
71,4201,2446.44939105787,87,16
71,9297,5414.10140172935,86,15
85,2588,1995.97190938882,85,0
17,5261,440.716273759027,86,69
2,3392,168.178387832858,82,80
45,6290,1584.52785719418,72,27
83,4382,3273.50541368163,84,1
31,3256,474.74498814195,65,34
93,6565,5646.91229274008,98,5
69,3043,1683.62410455517,75,6
58,3553,1419.02034972578,88,30
23,4624,490.261171735651,71,48
89,6371,5200.97921705262,97,8
90,9281,7676.6327635365,93,3
24,6252,689.673155187838,89,65
19,7514,680.4984918716,54,35
15,1529,118.576903215794,63,48
76,8087,5288.90181897256,77,1
83,1911,1427.58303184519,86,3
92,2350,1994.67497539852,93,1
57,1217,470.301044169214,64,7
72,5181,3092.27188318039,90,18
95,4956,4393.2678431333,98,3
25,8456,970.609056388888,72,47
26,6396,763.991990968937,69,43
15,9056,702.310291381447,65,50
0,2930,189.372267359546,57,57
26,1210,144.53256864797,84,58
38,3538,680.605185178425,48,10
21,3767,369.040525002754,89,68
47,5803,1575.46758307674,77,30
48,6373,1795.39746070651,66,18
7,6169,356.016522728745,73,66
87,5267,4183.55250583998,95,8
76,2056,1344.62497091722,83,7
76,2292,1498.96908236492,88,12
41,3200,691.865901979311,76,35
69,3473,1921.53352452188,70,1
91,2076,1739.45823917097,91,0
45,3929,989.763108253728,69,24
48,7639,2152.05416637957,81,33
30,3019,422.98520826865,69,39
40,4281,890.395299960384,66,26
22,2461,250.808130590132,90,68
70,1553,881.818494250531,75,5
25,2718,311.981482410714,72,47
40,6860,1426.79555191036,65,25
39,6991,1398.51224099728,89,50
48,2917,821.775363703261,84,36
38,2780,534.788698359531,77,39
73,5429,3318.69448058889,84,11
5,8662,467.932593333664,90,85
31,8871,1293.44680276635,79,48
28,3305,427.555111157704,78,50
96,1083,978.600150959206,96,0
20,2749,258.918480676465,71,51
46,4308,1126.7749295336,92,46
40,6142,1277.46039064627,68,28
69,6367,3522.71924866998,78,9
97,7574,6977.1827748367,97,0
33,3698,583.86130377105,92,59
86,2935,2297.83370735198,87,1
26,8128,970.876626422064,90,64
49,3321,970.523197470099,81,32
46,7027,1837.94044332232,70,24
8,7260,433.852157574315,73,65
76,6125,4005.75289244552,79,3
97,7924,7299.60342062398,99,2
32,2192,332.593871390067,52,20
28,8212,1062.35478754223,53,25
79,1115,775.227648884822,80,1
74,3246,2030.84419471463,74,0
82,6384,4689.02113188548,89,7
97,5467,5036.21048719728,99,2
29,2650,356.773628290376,71,42
87,8221,6529.90035134051,95,8
82,9489,6969.63056398203,94,12
24,3699,408.045585578985,64,40
40,5121,1065.10495937798,59,19
33,3571,563.809820380319,79,46
97,1049,966.340735516728,99,2
15,4905,380.392223854461,82,67
36,2417,429.782854234462,90,54
23,7312,775.257285408971,79,56
72,5403,3224.77224181117,74,2
7,6586,380.081831527236,70,63
83,6185,4620.40871374279,86,3
27,1298,161.352656779936,62,35
92,8010,6798.87087359242,93,1
47,3275,889.136021812224,59,12
7,1663,95.9726823306701,85,78
83,7312,5462.31665560021,95,12
6,2286,127.551995338443,89,83
9,2881,178.423608548253,57,48
14,5890,439.63446804114,61,47
11,8314,554.132452640758,78,67
7,8502,490.655288740443,82,75
91,4711,3947.29661114377,91,0
39,8842,1768.79491273036,59,20
14,2819,210.412489882508,86,72
22,6155,627.275109216685,82,60
5,9557,516.281666415358,90,85
77,2679,1789.43691465946,87,10
32,2613,396.472530083141,75,43
26,1394,166.511074954768,82,56
38,7727,1486.44326338996,82,44
91,4923,4124.92914809186,96,5
40,6805,1415.3562289723,69,29
42,1732,389.194482662562,82,40
88,4172,3360.25156278375,88,0
30,7100,994.764815736144,85,55
6,9420,525.607959793582,81,75
46,5543,1449.79420482932,84,38
56,8988,3359.1588951655,57,1
98,6396,5997.15576729197,98,0
30,3723,521.621043519108,88,58
77,9245,6175.19383203686,96,19
60,4211,1793.61719094277,81,21
6,6432,358.886454075618,89,83
13,4781,343.530142081556,76,63
12,3662,253.380529900316,70,58
79,7737,5379.31508468329,91,12
11,5353,356.780252464034,63,52
72,9175,5476.08464160975,95,23
0,2415,156.086698182015,82,82
36,2366,420.714204848464,86,50
11,7233,482.083236703224,77,66
44,7406,1796.3965381771,83,39
39,4341,868.393883302703,64,25
79,6942,4826.57429467124,87,8
99,2146,2043.80952380952,99,0
26,7860,938.864454192596,85,59
90,1183,978.499790891464,91,1
7,2519,145.372932526132,80,73
11,7613,507.410435645188,78,67
95,5105,4525.34954382475,97,2
42,5974,1342.40637380263,44,2
45,2530,637.337913942971,53,8
16,6040,486.780953361998,89,73
26,7363,879.498597483471,80,54
42,5019,1127.81010882413,81,39
74,9878,6180.12290677482,76,2
67,6304,3305.02807443976,77,10
8,9330,557.553805808314,89,81
63,6081,2841.21576349128,86,23
44,6058,1469.42617179002,59,15
43,9163,2139.47508667957,78,35
67,1734,909.092430374135,81,14
2,9925,492.090359446083,27,25
82,7140,5244.29995013507,85,3
47,3800,1031.66927721724,87,40
99,5486,5224.7619047619,99,0
51,4839,1520.10737020674,88,37
58,5417,2163.47684617634,74,16
5,4955,267.675594547253,50,45
32,1211,183.745975480552,70,38
78,1155,787.381084814943,78,0
64,1238,595.868895204501,74,10
30,5183,726.178315487385,77,47
50,5161,1564.01399051293,82,32
30,8406,1177.74549874338,62,32
90,6162,5096.8011085995,96,6
58,7753,3096.44378593413,78,20
47,6015,1633.02386906886,47,0
76,5126,3352.40642068175,89,13
26,3462,413.530374098571,68,42
78,1351,920.997268904752,86,8
1,5129,248.411724357269,80,79
55,6573,2374.72804238332,60,5
71,1239,721.530777319852,91,20
31,6323,921.932604429222,67,36
8,8519,509.089053770742,76,68
79,7810,5430.06989936364,83,4
31,8883,1295.19647716982,75,44
62,2449,1110.10884788104,62,0
9,8815,545.922981378983,76,67
52,5821,1894.81302636356,89,37
28,6110,790.427149523017,75,47
32,2138,324.40040922991,80,48
64,2577,1240.35068089014,84,20
61,8420,3700.76478384729,69,8
23,8782,931.114535074067,41,18
54,7073,2469.13911972815,78,24
10,4865,312.490020207753,85,75
66,1030,525.157197441755,90,24
9,5817,360.253429685938,13,4
67,7580,3974.00266564933,79,12
23,8110,859.865506655738,82,59
28,6921,895.343093592275,78,50
51,3173,996.755669697457,74,23
38,4398,846.043415606193,84,46
80,7404,5246.47136483702,87,7
63,3844,1796.0258830555,92,29
44,1394,338.128108860231,87,43
18,2152,187.421276669353,62,44
84,3947,2996.8958947438,84,0
29,5621,756.763986649134,76,47
48,2336,658.096417418861,89,41
71,8600,5008.20394265595,76,5
91,2565,2149.18611920691,93,2
88,6664,5367.38169088948,92,4
95,2930,2597.3112954763,98,3
91,5873,4920.92400705738,94,3
71,6475,3770.71168938341,74,3
49,3335,974.614532840344,80,31
27,9294,1155.32480131951,59,32
53,9890,3334.60187749131,87,34
19,1864,168.811443818028,68,49
91,8385,7025.70199202727,91,0
83,4992,3729.19649135069,85,2
46,3734,976.642893890075,70,24
65,3086,1529.21904881885,69,4
10,9811,630.182854729346,58,48
81,5765,4160.48824699415,89,8
54,2365,825.606393066178,57,3
55,8458,3055.7507656288,73,18
37,2464,455.749504428503,44,7
85,8402,6479.96753581333,92,7
4,2397,125.568809556257,87,83
88,1591,1281.4382158171,97,9
60,4905,2089.21688947383,74,14
42,3306,742.885080648055,84,42
0,3714,240.043891117185,66,66
16,4171,336.152873588228,81,65
99,5081,4839.04761904762,99,0
50,1192,361.229350259913,76,26
66,3901,1988.96915264105,80,14
27,7060,877.619227169761,76,49
84,1061,805.60084730762,92,8
99,4272,4068.57142857143,99,0
15,8530,661.517975428858,22,7
48,8284,2333.76315149736,71,23
26,9038,1079.57467391764,71,45
51,2342,735.708092792766,73,22
10,6293,404.213709592475,70,60
40,3460,719.637406648664,61,21
29,8789,1183.27676190344,65,36
49,6013,1757.22854151994,59,10
66,6077,3098.42746490635,91,25
91,7963,6672.11269678153,91,0
39,2913,582.730104137474,91,52
57,6277,2425.70226314721,57,0
38,4463,858.547467905967,63,25
89,6819,5566.70495700547,93,4
99,4101,3905.71428571429,99,0
27,6811,846.666367741252,60,33
25,6977,800.844298300056,90,65
34,9243,1518.47770699314,71,37
75,3525,2255.61459049294,88,13
83,6956,5196.37235453433,86,3
82,3266,2398.86325450156,89,7
80,7050,4995.62710995421,94,14
88,4817,3879.75354216906,96,8
71,3292,1917.09388130505,75,4
5,3473,187.616012081253,78,73
60,7109,3027.9801972007,78,18
29,1323,178.117551029497,78,49
4,2323,121.692258906627,87,83
85,2006,1547.10960209968,91,6
46,3323,869.14417150421,85,39
52,3505,1140.92418096621,84,32
77,4470,2985.73460564681,87,10
58,9195,3672.359165699,81,23
30,3302,462.63569317757,83,53
98,1281,1201.11890836476,98,0
87,3828,3040.56179843468,92,5
68,1727,930.428834897916,86,18
5,4474,241.691344097762,87,82
41,4169,901.371545422421,69,28
33,1551,244.880714480502,84,51
64,2769,1332.76330437905,81,17
24,2432,268.279768620733,86,62
71,6904,4020.53953722055,84,13
44,5635,1366.82345296083,83,39
74,3665,2292.98951744581,79,5
25,1191,136.707117568492,70,45
79,4061,2823.4972933823,93,14
45,5566,1402.14341067454,85,40
83,7904,5904.56111130526,87,4
62,6309,2859.81082943302,68,6
15,7201,558.451458506824,81,66
70,8390,4763.97757035541,94,24
53,3726,1256.29187012463,81,28
15,3292,255.300958395287,80,65
78,6625,4516.36336528052,78,0
53,4716,1590.08922692103,82,29
85,6581,5075.53753310968,85,0
98,7349,6890.72822605202,98,0
39,6606,1321.49504563411,44,5
59,1673,690.201491410761,84,25
57,1981,765.543441659172,79,22
98,8382,7859.31201398394,98,0
27,8158,1014.11014946897,61,34
1,1056,51.1450148023544,68,67
70,8856,5028.57990024643,85,15
63,5204,2431.45647643622,64,1
74,9829,6149.46629385399,81,7
81,2728,1968.74448183869,90,9
20,8173,769.785646623771,87,67
31,8797,1282.65714394494,71,40
64,4641,2233.78638339587,92,28
99,3038,2893.33333333333,99,0
48,6755,1903.01425499332,93,45
89,9696,7915.34994326514,92,3
16,6323,509.588736441708,74,58
12,6050,418.610651528375,84,72
37,1815,335.708340315638,71,34
54,3493,1219.38398772945,80,26
68,3665,1974.53484649732,81,13
64,6920,3330.70497157928,81,17
46,4189,1095.64999531482,84,38
51,7541,2368.90466599071,70,19
35,6637,1134.41630594274,66,31
47,3770,1023.52451976552,80,33
53,5937,2001.77263363659,88,35
94,6080,5304.41837379798,96,2
21,6717,658.04226345726,71,50
16,9094,732.911587727486,75,59
49,1164,340.165312211742,80,31
37,2028,375.105517443589,44,7
9,8719,539.977592131974,81,72
38,1887,363.002256764185,74,36
77,7233,4831.27928470769,87,10
42,6899,1550.26139485509,70,28
86,9786,7661.53344468363,97,11
72,1656,988.381053570108,75,3
64,5016,2414.27978864764,78,14
49,6973,2037.7772526224,52,3
54,1987,693.649007620506,84,30
62,6085,2758.27371962275,84,22
51,2378,747.017013091886,77,26
29,8025,1080.41825170954,66,37
4,4741,248.361170674266,68,64
94,3639,3174.799089186,98,4
82,5435,3991.98462590814,84,2
0,8441,545.560173645708,83,83
43,5717,1334.86620872499,70,27
19,8783,795.424308505225,64,45
12,5315,367.754646755919,78,66
40,5565,1157.45149364156,80,40
57,4063,1570.11761911217,79,22
90,8173,6760.16803969226,96,6
17,4458,373.448612130344,64,47
39,5349,1070.03890388992,77,38
61,8289,3643.18756452615,88,27
82,7410,5442.61381379564,83,1
22,8208,836.502696417636,91,69
13,6534,469.488799071509,68,55
1,8429,408.239895614626,69,68
26,5939,709.404070413464,44,18
20,8804,829.217280420369,23,3
47,9778,2654.64794542899,83,36
44,8820,2139.37583941696,56,12
81,5326,3843.67049496806,83,2
55,8371,3024.31894763285,87,32
30,4607,645.476268464284,69,39
12,8632,597.263990742633,61,49
74,4627,2894.86016295273,80,6
96,1810,1635.51825783579,97,1
59,5767,2379.19426238246,68,9
54,8906,3109.02771105598,84,30
72,5528,3299.37829959877,87,15
25,1894,217.399899810851,50,25
41,2654,573.816282454091,68,27
40,6363,1323.42567008828,88,48
87,6584,5229.63920608514,90,3
21,5847,572.811242285931,47,26
93,4229,3637.59209230736,95,2
23,5908,626.397708177817,72,49
20,2464,232.075349722375,37,17
44,5816,1410.72674399649,90,46
81,2455,1771.72569754911,82,1
9,3791,234.780944118857,89,80
6,6223,347.224876199094,66,60
84,4509,3423.61377993408,93,9
49,5289,1545.64805523016,69,20
6,2593,144.681681501567,78,72
62,6283,2848.02527204432,77,15
24,4115,453.935546000952,51,27
46,2654,694.16449929948,81,35
68,2301,1239.6738558773,94,26
52,1036,337.231797854776,83,31
85,9267,7147.09106812451,86,1
7,2328,134.350213148406,60,53
95,7913,7014.51340652013,97,2
6,5023,280.268448199911,77,71
6,1844,102.88971102541,68,62
10,5670,364.197001968748,78,68
13,3499,251.414341590329,82,69
33,2262,357.137444329398,84,51
12,3509,242.794177886457,78,66
51,3990,1253.40533315249,91,40
25,3348,384.295071048959,72,47
94,6748,5887.20644512974,95,1
14,2366,176.600195481381,76,62
60,3313,1411.12651474552,65,5
35,2084,356.203643451056,61,26
28,3320,429.495603341475,59,31
97,5146,4740.5046949181,97,0
53,3234,1090.40469886824,66,13
8,4778,285.529698194225,77,69
19,5995,542.931655412595,86,67
40,4859,1010.61218465487,74,34
65,2705,1340.42045594783,79,14
90,8397,6945.44610660662,92,2
43,8375,1955.48443205733,69,26
83,5896,4404.51572776516,92,9
57,2477,957.219134270454,71,14
38,5364,1031.87286978436,86,48
53,1334,449.783509056967,73,20
69,1980,1095.48988728861,86,17
4,6739,353.028038214275,78,74
84,5186,3937.64938184478,85,1
29,1785,240.317330754084,70,41
99,6794,6470.47619047619,99,0
30,9821,1375.99792328798,75,45
0,5681,367.175375723406,82,82
49,8519,2489.57757279367,86,37
77,2508,1675.21753712801,95,18
69,7124,3941.55048335557,71,2
80,1257,890.709684710985,91,11
79,2293,1594.25739811022,88,9
63,8289,3872.85602097998,89,26
6,6634,370.157452788813,55,49
5,1779,96.1039117456233,65,60
69,3011,1665.91921748788,75,6
91,9307,7798.23594988644,91,0
72,1138,679.213550098299,84,12
4,6571,344.227220523223,19,15
5,8677,468.742912994251,73,68
71,8058,4692.5706244095,86,15
10,5336,342.743421958596,52,42
55,2780,1004.37303481296,79,24
42,8990,2020.1260964991,77,35
72,4553,2717.4510488555,82,10
62,3499,1586.06405011668,80,18
10,7442,478.016594118417,58,48
39,3090,618.138009538206,88,49
84,1738,1319.63644921833,84,0
96,7771,7021.88529372483,98,2
92,1448,1229.05930399024,95,3
22,4594,468.188765514452,76,54
6,3537,197.35407152759,74,68
3,3919,199.485033834583,67,64
10,2919,187.494012124652,88,78
30,2446,342.703484407128,91,61
41,1704,368.418592803983,91,50
51,5661,1778.32771703666,64,13
44,4953,1201.39779281544,71,27
57,5102,1971.63182198137,85,28
23,2814,298.355306501757,82,59
77,4107,2743.26890948355,77,0
14,3694,275.723213063492,85,71
29,8458,1138.7137162566,67,38
38,1967,378.391859594675,68,30
2,3614,179.185345998805,61,59
68,1092,588.319796009568,75,7
61,1254,551.159030753503,84,23
8,3874,231.507335873677,86,78
0,3583,231.577076433192,74,74
10,4613,296.30348678692,84,74
30,8693,1217.95641453441,83,53
76,7941,5193.4177500261,88,12
19,8099,733.478478262987,89,70
42,5456,1226.00756201324,67,25
79,4619,3211.4587535417,83,4
44,7632,1851.21501206692,89,45
56,3639,1360.03329099992,85,29
39,6084,1217.07173140144,57,18
16,1132,91.2311323188381,76,60
92,7499,6365.13516617597,96,4
44,1401,339.826026193102,85,41
90,2362,1953.69104487374,90,0
94,2403,2096.46666977575,94,0
48,5939,1673.13125986756,76,28
44,5705,1383.80262628954,77,33
6,9134,509.650011120444,80,74
84,8059,6119.07373086909,90,6
6,9634,537.54852278677,70,64
19,5031,455.627882965933,65,46
36,5979,1063.16577801731,68,32
73,2005,1225.63684538234,81,8
67,2979,1561.81450408567,72,5
35,2970,507.641468833799,80,45
16,9417,758.943085730122,29,13
22,5152,525.056273384949,65,43
34,8233,1352.55079104993,68,34
75,4634,2965.25333683526,93,18
27,1865,231.835674032805,90,63
62,9490,4301.72844687261,90,28
81,7077,5107.33310042977,90,9
41,3114,673.272005863617,88,47
30,1168,163.645817574622,55,25
99,4050,3857.14285714286,99,0
57,5232,2021.8694027061,85,28
48,4114,1158.99343375907,71,23
82,4298,3156.86291115974,82,0
1,9467,458.51312039194,74,73
48,2780,783.179811825528,74,26
97,9765,8995.53601746506,98,1
91,5033,4217.09697386682,98,7
45,9885,2490.15228431868,61,16
46,3640,952.056811397931,79,33
44,2268,550.125215850075,65,21
11,5964,397.503722341771,89,78
87,8207,6518.78021937132,90,3
8,6738,402.65782888922,67,59
3,4734,240.970183764459,67,64
87,3998,3175.59197234635,98,11
43,8479,1979.76746261661,66,23
54,9606,3353.39323965907,88,34
30,7359,1031.05271535243,60,30
60,1148,488.974717454832,73,13
26,6676,797.4375440445,85,59
3,1937,98.5972213670803,75,72
74,3134,1960.77193660987,81,7
62,8785,3982.15852537154,67,5
26,1643,196.253727511251,87,61
24,9820,1083.2678157301,87,63
57,8645,3340.79911819462,74,17
72,4583,2735.35650272452,80,8
72,2838,1693.85593600964,86,14
56,2698,1008.34564966139,90,34
77,4039,2697.84833830145,86,9
10,7070,454.122187640044,25,15
18,5600,487.713359362629,80,62
35,8447,1443.78703274044,62,27
89,1563,1275.95832934441,91,2
33,3436,542.495251421667,77,44
46,8598,2248.84188582401,71,25
86,6714,5256.44140073635,88,2
90,3927,3248.15611059238,93,3
90,3521,2912.3396143101,92,2
47,6054,1643.61205375609,77,30
42,6672,1499.25264914816,84,42
78,9386,6398.57910136196,88,10
19,2450,221.881994288717,55,36
83,3418,2553.36410405382,91,8
9,1119,69.3009434104461,69,60
10,4415,283.58549624198,47,37
1,4900,237.320617927591,29,28
66,2841,1448.51611449711,83,17
90,6464,5346.59564524296,95,5
54,1473,514.214890903374,74,20
25,6940,796.597309760984,75,50
73,4178,2553.97044389397,75,2
0,9362,605.086405126303,82,82
98,5568,5220.78851036299,99,1
32,2367,359.146758020204,34,2
69,7818,4325.52522162744,73,4
5,9842,531.677739966512,86,81
50,5551,1682.20144571542,86,36
85,2298,1772.31199682207,89,4
53,6847,2308.59646665146,86,33
28,6452,834.670371313012,69,41
9,4937,305.754028255024,78,69
2,1481,73.429301998957,56,54
81,1928,1391.40005901209,83,2
79,6361,4422.62159153036,90,11
86,9673,7573.06488968166,87,1
22,3130,318.987992176803,27,5
81,2250,1623.7811891998,90,9
29,7502,1010.00594695638,85,56
39,9481,1896.6234525669,59,20
38,5526,1063.0368155161,70,32
30,2463,345.085315656074,75,45
48,5744,1618.19598529706,71,23
51,4215,1324.08608502199,69,18
18,3534,307.781966426345,55,37
91,8347,6993.86219766865,97,6
78,2698,1839.26767690971,86,8
70,7495,4255.78210844026,91,21
98,8692,8149.98091452499,98,0
55,4967,1794.50390788345,70,15
57,5856,2263.00979018481,79,22
14,9045,675.126275625146,79,65
32,9958,1510.9351146452,61,29
14,2058,153.610820921675,81,67
15,9734,754.890500917293,63,48
81,2080,1501.09549934915,91,10
44,7011,1700.5854886794,83,39
49,3568,1042.70604293084,71,22
84,1468,1114.62963604862,85,1
29,8104,1091.05414477932,73,44
93,8260,7104.87365392736,93,0
62,8691,3939.54920250473,62,0
11,4029,268.534959308349,81,70
82,4204,3087.82030677421,91,9
30,1552,217.447182256689,78,48
15,4082,316.566984255639,78,63
51,1475,463.351595588954,63,12
3,1359,69.1758512327631,72,69
74,5873,3674.41403436814,79,5
78,4127,2813.43873336041,92,14
86,1302,1019.34565143859,86,0
22,8122,827.738170115015,79,57
92,6018,5108.06553274397,93,1
69,6821,3773.90733393716,71,2
6,6624,369.599482555487,79,73
34,2291,376.374816263256,76,42
42,1296,291.221737604319,70,28
47,7788,2114.37903446522,64,17
94,4979,4343.86498077963,98,4
75,5573,3566.11067030275,78,3
26,4837,577.771929380354,40,14
27,4121,512.276038975437,46,19
28,1038,134.282059117003,88,60
94,2262,1973.45301998866,97,3
94,4912,4285.41168619995,96,2
60,5964,2540.28328824096,71,11
41,6244,1350.00334123713,85,44
67,4688,2457.80006550977,84,17
49,9303,2718.69235352735,56,7
57,8061,3115.11644786198,84,27
32,1543,234.120594687442,72,40
97,2492,2295.63499800542,98,1
98,4440,4163.12876903946,98,0
90,2199,1818.86816582445,92,2
22,6587,671.301566922876,84,62
37,6669,1233.52006697796,78,41
85,4743,3657.99643208315,96,11
67,1463,767.013970955801,67,0
70,8036,4562.97065022361,87,17
44,5326,1291.87253069555,71,27
87,3653,2901.56014881972,90,3
88,2108,1697.84522875075,98,10
5,1576,85.1375856723453,75,70
17,2243,187.897092195685,76,59
62,8377,3797.21593250283,83,21
9,4043,250.387590892255,57,48
25,7707,884.636234341197,72,47
67,6165,3232.15388307759,72,5
26,1074,128.287585725553,82,56
34,9662,1587.31273449829,84,50
15,9066,703.085810696135,70,55
73,1941,1186.51427276166,86,13
58,8500,3394.78552565976,78,20
26,2075,247.855437970692,82,56
36,9243,1643.5593387212,84,48
86,5867,4593.31869200479,86,0
58,1596,637.420905759174,79,21
72,2187,1305.30758705183,82,10
84,9682,7351.39246336699,86,2
56,9393,3510.52286407316,83,27
15,8179,634.29724748331,83,68
86,1489,1165.74936635335,87,1
20,3362,316.654758833857,69,49
72,3687,2200.58028050301,79,7
35,9838,1681.54100013027,70,35
18,3613,314.66220846021,53,35
94,5174,4513.99024112348,96,2
97,5795,5338.36469239222,97,0
80,8627,6113.08866348581,94,14
14,1738,129.725756444058,87,73
51,5208,1636.02380327273,72,21
17,8878,743.713947620726,71,54
95,6774,6004.84188244248,97,2
11,4666,310.991342797905,84,73
14,1676,125.09802520152,69,55
14,5930,442.620101100842,70,56
78,8917,6078.85466086134,79,1
89,3078,2512.73175797959,93,4
73,9424,5760.79881839559,78,5
1,7226,349.975262274444,23,22
6,2761,154.055581421452,69,63
21,3241,317.51004553595,79,58
43,5657,1320.85676801771,89,46
72,3293,1965.4219863565,86,14
81,4721,3407.05377520544,90,9
99,6629,6313.33333333333,99,0
33,3645,575.493361883579,51,18
65,8586,4254.65805351868,70,5
95,1339,1186.962397489,98,3
54,9624,3359.67692468029,86,32
32,1892,287.074637166974,63,31
91,2605,2182.70169221599,94,3
41,2264,489.495125650362,48,7
80,6859,4860.2845882519,80,0
58,9047,3613.24995889928,73,15
75,7037,4502.91060235428,97,22
29,5475,737.107779203702,74,45
86,5299,4148.62719429579,86,0
26,7697,919.394364366464,61,35
94,1647,1436.90412198113,94,0
21,3679,360.419456194619,61,40
74,4503,2817.28016290818,92,18
60,2802,1193.47313441502,63,3
3,2542,129.392946161651,72,69
84,1963,1490.47546019308,87,3
64,5363,2581.29635297394,73,9
47,9421,2557.72533175358,54,7
4,6270,328.459088826755,61,57
80,5824,4126.88401253522,86,6
99,2118,2017.14285714286,99,0
47,1847,501.445567110589,83,36
66,6065,3092.30912862548,86,20
75,1095,700.680277046744,77,2
46,3306,864.697752330099,76,30
18,1888,164.429075442258,71,53
61,9516,4182.47953480888,77,16
44,4660,1130.32782445386,76,32
47,1705,462.893715172471,90,43
64,7844,3775.44072211963,64,0
97,3192,2940.47628957998,99,2
66,6463,3295.23394860783,81,15
74,4268,2670.25354992052,79,5
37,2983,551.745443064214,85,48
77,6214,4150.63866655241,81,4
62,2717,1231.59074711832,66,4
33,7979,1259.76996830427,88,55
6,3035,169.343965814599,77,71
34,3987,655.000607787692,74,40
95,2527,2240.07018555243,95,0
39,3018,603.734793781976,70,31
85,9573,7383.09083793633,90,5
85,9593,7398.51565949266,87,2
65,4070,2016.82486347788,75,10
83,3373,2519.7475491438,91,8
6,5835,325.575631146025,54,48
37,5227,966.803027454458,71,34
2,5101,252.912133353599,86,84
72,6293,3755.96737325887,84,12
40,1549,322.172931473636,67,27
25,5635,646.804876153191,62,37
57,9928,3836.60539565485,88,31
22,1768,180.18235468645,47,25
38,8917,1715.3636054935,82,44
63,3085,1441.39954454376,79,16
93,4954,4261.20388396563,98,5
0,6497,419.915229022173,40,40
4,9530,499.236860688832,65,61
72,7310,4362.96225941877,79,7
40,5298,1101.91878046954,80,40
67,2239,1173.85118316476,69,2
85,2505,1931.95889993006,89,4
98,1958,1835.90228148181,99,1
25,6747,774.444099273395,68,43
79,7225,5023.33611048685,91,12
87,4281,3400.37749715226,91,4
74,1440,900.929032775435,82,8
79,8566,5955.69510345057,94,15
7,2482,143.237641337777,64,57
38,5315,1022.44673805069,70,32
56,7374,2755.94544870388,89,33
36,2182,387.99594039702,80,44
26,4751,567.499366650003,86,60
65,2614,1295.32682877916,88,23
75,9278,5936.90558031022,89,14
0,8565,553.57456311758,88,88
99,2064,1965.71428571429,99,0
82,2485,1825.22204146858,90,8
40,6097,1268.10094460604,81,41
93,4982,4285.28820143657,97,4
89,7720,6302.2381974017,92,3
75,3594,2299.76704630685,81,6
8,5008,299.274325775781,53,45
25,9975,1144.96515343888,75,50
38,9854,1895.61432864562,75,37
13,6412,460.722708853155,61,48
93,6702,5764.75341750861,95,2
23,6973,739.314695180081,82,59
93,4325,3720.16689506487,93,0
27,8497,1056.2507894138,76,49
26,2256,269.475599065966,78,52
27,5620,698.614738908507,78,51
22,7642,778.819883774802,68,46
30,2309,323.508726695036,75,45
36,6931,1232.44723322261,86,50
59,9830,4055.39788438003,82,23
0,6344,410.026506528654,78,78
55,6733,2432.53368467471,80,25
37,5350,989.553510021303,75,38
6,3797,211.86129759408,83,77
34,7125,1170.52403573797,71,37
80,6667,4724.23346695953,92,12
54,7292,2545.59062081969,94,40
64,8038,3868.81597710321,88,24
39,6868,1373.90674741372,82,43
10,3199,205.479049258911,65,55
20,5996,564.741800704286,83,63
29,7774,1046.62573069033,91,62
11,5057,337.051697498715,67,56
23,2873,304.610801556342,35,12
52,3672,1195.28490513778,67,15
22,9899,1008.83774267034,64,42
31,8388,1223.02240802662,67,36
45,9911,2496.70200201138,66,21
92,1475,1251.97684626078,95,3
83,1687,1260.24729184868,89,6
40,1380,287.023011900334,56,16
88,5031,4052.11543920543,88,0
0,2881,186.205290874693,82,82
10,5484,352.249798729562,61,51
39,6345,1269.28338851777,84,45
36,9018,1603.55059143003,74,38
29,2117,285.015007958765,86,57
3,4388,223.358083303432,47,44
35,3742,639.594066119891,90,55
29,4720,635.460953030406,91,62
7,1948,112.420195538271,75,68
52,3010,979.795088361849,81,29
4,1654,86.6461456011886,66,62
74,2135,1335.75242012191,90,16
85,4763,3673.42125363948,87,2
99,9468,9017.14285714286,99,0
17,2724,228.190672822579,75,58
98,5789,5428.00730720032,98,0
0,3493,225.760180848769,89,89
22,4211,429.156049538824,68,46
56,1723,643.950909698505,83,27
45,4582,1154.26178722794,76,31
26,5392,644.065793512274,86,60
87,7108,5645.84985978936,87,0
51,3656,1148.48368371065,55,4
3,5774,293.908289196449,86,83
37,1789,330.899295220208,44,7
9,6081,376.603250115212,64,55
73,7876,4814.52159313282,77,4
8,5766,344.571837544559,78,70
74,1945,1216.87983940849,81,7
91,3917,3282.01248691363,93,2
54,3432,1198.08927737976,72,18
93,4095,3522.331430125,97,4
45,3131,788.737157531795,67,22
35,9291,1588.04608987705,74,39
61,9583,4211.92742560672,67,6
15,4348,337.19579802634,72,57
86,5387,4217.52306013803,87,1
36,1802,320.425611638602,82,46
88,7614,6132.53964502288,90,2
73,4315,2637.71720091012,90,17
78,5814,3963.49231784769,95,17
99,2682,2554.28571428571,99,0
36,3697,657.388172157553,77,41
20,2537,238.950958703598,91,71
13,4653,334.332932672135,51,38
98,6765,6343.14552309728,98,0
30,6534,915.463845918305,40,10
36,4432,788.083413308703,72,36
78,5492,3743.98001541443,89,11
4,1839,96.3375222252635,32,28
47,8630,2342.97522694336,79,32
18,1865,162.425967002018,51,33
75,4479,2866.07028391997,90,15
0,2175,140.574976623554,79,79
79,9142,6356.17144942156,82,3
41,7105,1536.15851048844,83,42
19,5615,508.517305278019,76,57
12,2325,160.871035504706,79,67
95,5162,4575.87744274699,98,3
65,2852,1413.26400752799,87,22
70,1096,622.326509786595,89,19
19,4338,392.866976009981,80,61
2,2155,106.846823637915,90,88
69,1203,665.593098185956,85,16
7,6387,368.597427568244,78,71
8,9890,591.018986006884,45,37
49,8837,2582.50933334636,76,27
85,5028,3877.80013926082,87,2
44,5618,1362.69993943815,83,39
15,9782,758.612993627795,56,41
8,1609,96.1526338205335,9,1
33,9857,1556.27930537351,71,38
63,2684,1254.04096517195,79,16
40,4840,1006.660418549,81,41
58,5271,2105.16641244148,70,12
2,7763,384.896469559692,63,61
60,8115,3456.47197922122,87,27
1,4029,195.135667271483,62,61
86,3397,2659.53700302374,90,4
83,4224,3155.47395421981,86,3
63,1264,590.576669142079,84,21
72,1048,625.497188491228,72,0
7,4314,248.963410447691,62,55
1,9452,457.786628704407,81,80
28,2505,324.062194689878,51,23
4,7414,388.388466437251,85,81
90,5282,4368.9229885788,96,6
65,2212,1096.12201425382,78,13
92,1073,910.760105788347,97,5
70,6035,3426.77051693622,82,12
38,9401,1808.47070261797,76,38
2,8771,434.874009340211,69,67
78,7652,5216.48490130212,80,2
64,4548,2189.02401889343,72,8
9,6726,416.548834118552,51,42
27,2908,361.489619349811,85,58
38,9719,1869.64437386917,90,52
97,5170,4762.61353920065,97,0
65,5365,2658.54186549356,83,18
71,4466,2600.77195440715,82,11
85,6494,5008.43955933966,94,9
44,2678,649.574659632496,82,38
68,8856,4771.20889511057,88,20
0,4904,316.956177177888,27,27
9,4271,264.507890353901,78,69
23,7716,818.091522731895,89,66
71,1520,885.170929399657,90,19
24,6620,730.268120176501,89,65
67,1222,640.663754277505,72,5
22,6762,689.136358817746,90,68
1,8425,408.046164497951,79,78
17,4744,397.406957367957,71,54
54,6685,2333.69079815958,87,33
81,6462,4663.49957538182,82,1
36,3897,692.951503083036,56,20
59,8635,3562.39681908663,84,25
2,8133,403.241399836271,69,67
60,8244,3511.41774451014,93,33
9,2030,125.72021011904,86,77
36,2909,517.26864831115,76,40
33,5265,831.268189387392,90,57
64,7481,3600.72310583592,83,19
89,4923,4018.90137899075,91,2
52,8105,2638.28544557236,80,28
49,9756,2851.07627657883,76,27
55,8680,3135.95609430811,90,35
86,6970,5456.86573773195,88,2
37,9756,1804.50169042389,46,9
95,9458,8384.08540362282,95,0
16,5130,413.441438865406,62,46
74,3502,2191.00935609692,77,3
20,1044,98.3306270739284,87,67
55,5429,1961.41769999985,60,5
62,3356,1521.24348447887,72,10
4,4889,256.114271973526,64,60
41,7094,1533.78022145038,82,41
44,7622,1848.7894158771,83,39
10,4536,291.357601574999,89,79
49,1064,310.941488138568,76,27
31,1245,181.528719360174,58,27
73,5795,3542.42669276342,87,14
10,4098,263.223864914979,57,47
67,2174,1139.77332389468,69,2
4,6617,346.636968224344,87,83
12,9482,656.077057486289,88,76
67,4075,2136.41963885502,82,15
8,4244,253.618258504875,67,59
41,8116,1754.74489389503,80,39
21,4099,401.565466415261,71,50
45,6609,1664.88785503917,83,38
81,2623,1892.9680263427,81,0
89,4202,3430.31151625414,90,1
43,4506,1052.10899711646,60,17
98,3695,3464.5857661263,98,0
23,9002,954.440109853878,25,2
43,1454,339.495446472999,69,26
68,8401,4526.07564677325,82,14
73,6002,3668.96376358344,84,11
42,8380,1883.0541366699,88,46
83,9407,7027.35404529967,91,8
91,8608,7212.55131155286,93,2
40,8945,1860.4498851076,85,45
73,6442,3937.93145035064,84,11
8,6072,362.858168153063,68,60
74,7715,4826.85242212672,75,1
65,6510,3225.92871283562,76,11
62,3320,1504.92502040222,73,11
64,5850,2815.69712192757,85,21
35,3709,633.953605355071,87,52
60,6423,2735.78798798988,81,21
10,2825,181.456178229579,44,34
64,5468,2631.83450644443,76,12
70,4528,2571.07156597965,76,6
44,9204,2232.51873310586,75,31
3,8599,437.706508278535,52,49
80,7602,5386.77408366977,85,5
99,7408,7055.23809523809,99,0
56,7349,2746.60199383303,68,12
98,1868,1751.51453616345,99,1
73,5248,3208.05095489602,79,6
30,9229,1293.05415273646,74,44
11,1900,126.63599470982,81,70
43,6112,1427.09502671456,76,33
6,6099,340.306045305845,79,73
24,2886,318.361600427399,81,57
59,6423,2649.82915680294,88,29
44,7065,1713.6837081044,70,26
51,9854,3095.50279520919,69,18
25,1367,156.909008997589,75,50
66,7534,3841.2954616759,73,7
70,4845,2751.06928824457,87,17
3,4686,238.526886590675,64,61
42,2541,570.983360534394,55,13
11,3895,259.60378915513,64,53
92,5602,4754.96562220533,94,2
15,3634,281.823718957617,89,74
20,1210,113.965573524381,70,50
81,1875,1353.15099099983,89,8
25,8474,972.675158921409,73,48
54,5247,1831.69418368636,92,38
63,1118,522.361326029149,63,0
64,5450,2623.17082299235,76,12
28,7883,1019.79332564483,62,34
29,8380,1128.21245474466,87,58
89,2035,1661.27651965187,96,7
28,1171,151.487756479779,61,33
69,9093,5030.9543157148,81,12
80,4554,3226.9625331534,97,17
70,7180,4076.92001849247,84,14
14,7331,547.191899016909,73,59
8,5983,357.539594871505,68,60
57,3214,1242.02757268681,74,17
73,7223,4415.34909436241,88,15
52,5304,1726.52264075457,90,38
18,2207,192.211318591665,88,70
49,1651,482.485335448098,63,14
43,1174,274.118056505709,69,26
79,9708,6749.69508105278,88,9
90,1618,1338.30317976533,92,2
60,5793,2467.44820402077,83,23
10,9709,623.631162630437,65,55
47,1380,374.658842778891,78,31
18,1190,103.639088864559,77,59
53,4950,1668.986783982,87,34
93,3394,2919.36333915611,97,4
88,2195,1767.91758876087,91,3
1,3142,152.175792148672,57,56
31,2759,402.279306598169,80,49
66,5155,2628.33529399247,71,5
55,4885,1764.87851620911,88,33
60,3444,1466.9241523645,76,16
42,7413,1665.761374121,79,37
17,1832,153.467442221353,43,26
39,5939,1188.0652552257,73,34
96,2642,2387.3144956918,97,1
37,6365,1177.291232016,75,38
20,7308,688.314389517499,60,40
64,9172,4414.62803458456,76,12
87,4047,3214.51243423854,90,3
18,9012,784.870141888573,77,59
54,3862,1348.19953066452,63,9
24,1793,197.790141914874,84,60
15,7423,575.667987292898,83,68
86,2826,2212.49678261557,87,1
16,8886,716.148270128264,79,63
33,9628,1520.1234809918,75,42
66,4691,2391.75962446531,68,2
95,5869,5202.60068025612,98,3
28,2510,324.709025417802,64,36
6,4367,243.665600893691,88,82
67,7297,3825.63290913499,84,17
4,4193,219.653741539168,86,82
40,2598,540.352018055846,42,2
18,3823,332.951459436309,91,73
24,6702,739.313737375062,61,37
57,2909,1124.16247944802,69,12
36,1043,185.462770776394,79,43
37,4863,899.476396118429,67,30
49,5959,1741.44767652042,73,24
43,2366,552.438945223601,73,30
40,3519,731.908680345852,54,14
53,4052,1366.20897953436,84,31
72,1167,696.522155505022,87,15
37,4723,873.581537912264,78,41
40,1489,309.693670086665,60,20
28,4367,564.941957768742,63,35
49,5476,1600.29660624699,80,31
22,8632,879.713849351491,66,44
84,1237,939.234918114539,88,4
3,8254,420.145309841962,82,79
32,5438,825.111985683934,70,38
33,7581,1196.93146130025,82,49
94,7880,6874.8053923566,94,0
87,8771,6966.76267870182,89,2
29,3375,454.381507728309,33,4
40,6159,1280.99618137258,58,18
70,1955,1110.08058999342,83,13
65,8509,4216.50190745289,87,22
27,8862,1101.62345484114,80,53
49,4253,1242.88923783208,64,15
80,8205,5814.05963647862,80,0
88,5835,4699.68069722991,96,8
49,9091,2656.73784649222,83,34
54,4905,1712.30416828313,84,30
56,4298,1606.32676139534,88,32
22,8278,843.636613175584,62,40
65,4534,2246.75280860164,93,28
2,4042,200.40596804847,66,64
99,9608,9150.47619047619,99,0
76,1892,1237.36889347052,80,4
18,7647,665.990010543933,64,46
89,4960,4049.10640662078,94,5
63,3080,1439.06340265633,80,17
37,3556,657.729398436589,92,55
20,2612,246.014940533622,59,39
37,6785,1254.97580663449,91,54
81,4901,3536.95627034143,91,10
28,5058,654.333964367826,87,59
7,1778,102.609398186369,78,71
15,9279,719.604372098989,78,63
27,1793,222.885449619742,82,55
54,4475,1562.19391499837,80,26
31,9108,1328.00287223491,79,48
37,9873,1826.14239335333,88,51
47,5000,1357.45957528584,59,12
49,4801,1403.03579375307,49,0
60,1696,722.38773589146,72,12
1,5826,282.169371437989,67,66
14,4998,373.054850809782,89,75
88,6172,4971.11041359092,96,8
77,1898,1267.76829564153,77,0
35,6433,1099.54800303294,85,50
74,5096,3188.2877437664,88,14
40,1431,297.630384079259,72,32
48,7282,2051.48035601205,84,36
94,2053,1791.11363838935,94,0
67,6273,3288.77555694172,90,23
68,7246,3903.81432407082,79,11
91,1505,1261.02343446643,95,4
89,8828,7206.75632210651,89,0
71,4743,2762.08270930432,95,24
28,6923,895.601825883444,77,49
61,6247,2745.68617632945,80,19
13,5472,393.180702252724,58,45
28,2839,367.270487315195,62,34
74,3165,1980.16693662101,82,8
20,4090,385.222475797287,26,6
86,2656,2079.40249632942,88,2
29,8932,1202.52907467534,65,36
44,7191,1744.24622009607,52,8
21,8217,804.992299959551,77,56
68,3032,1633.50331639287,91,23
62,5842,2648.12408710535,66,4
91,2660,2228.78560510346,93,2
29,6974,938.920484413994,38,9
71,6040,3517.38974577232,79,8
72,9486,5661.70451338529,86,14
72,9963,5946.40122990277,86,14
36,6575,1169.14450417525,66,30
24,8503,937.98637852882,82,58
83,7613,5687.17405622051,87,4
12,5957,412.175810108187,83,71
47,2962,804.159052399331,79,32
97,8625,7945.36591404364,97,0
42,3309,743.559205040657,85,43
90,6244,5164.62611523779,91,1
78,1319,899.182381706416,86,8
16,9384,756.283520918707,78,62
38,1262,242.770984650981,82,44
78,5596,3814.87839880902,85,7
30,9000,1260.96948473596,51,21
24,3061,337.666271277986,65,41
72,5028,3000.95406844837,72,0
37,1910,353.27985124125,84,47
27,5807,721.860460647989,89,62
69,1955,1081.65794426729,80,11
69,9722,5378.96600213123,73,4
87,5618,4462.35010021056,93,6
34,1737,285.361438607279,56,22
80,4199,2975.40967868053,80,0
27,3959,492.138034046046,83,56
88,6072,4890.56747105056,90,2
42,3274,735.694420460294,75,33
5,3615,195.287038201477,76,71
68,9877,5321.27712929167,92,24
85,1047,807.489408473763,91,6
64,2614,1258.15936354165,79,15
52,4519,1470.99468581634,77,25
73,1825,1115.60460988667,80,7
41,7855,1698.31458126484,80,39
27,2825,351.171999540308,68,41
90,6116,5058.75293414387,90,0
45,5803,1461.84660656564,76,31
64,4563,2196.2437551035,70,6
47,5037,1367.50477614295,76,29
17,1519,127.247295160609,84,67
36,4216,749.675015909182,85,49
84,5721,4343.86658571809,88,4
62,8090,3667.12151055842,75,13
30,1861,260.740467899291,37,7
11,1743,116.171862515377,58,47
15,4645,360.228721672573,62,47
6,5763,321.558245466074,80,74
14,4518,337.227254093356,85,71
40,8545,1777.25480919446,64,24
43,7209,1683.23430097926,83,40
29,2929,394.33583292925,74,45
7,2569,148.258461159045,46,39
92,3641,3090.47301507491,92,0
83,3667,2739.37570788922,87,4
10,3975,255.323295031001,42,32
72,6522,3892.64567112575,85,13
47,5113,1388.1381616873,56,9
66,1618,824.95567520462,70,4
67,6764,3546.19446312033,91,24
42,2465,553.905542588462,65,23
44,1018,246.925692123182,89,45
50,2238,678.214166008124,53,3
58,6273,2505.3517179369,88,30
69,1751,968.789289213308,79,10
26,2791,333.38049512106,66,40
7,2529,145.950038252715,50,43
22,7986,813.877988985288,61,39
87,6959,5527.49988383148,89,2
27,7650,950.961343887914,88,61
72,6251,3730.89973784224,89,17
14,4819,359.694142867615,73,59
91,4934,4134.14593066936,99,8
83,2274,1698.75657478595,89,6
29,8860,1192.83560251047,54,25
23,1194,126.594255850425,67,44
32,2205,334.566371539734,50,18
44,5915,1434.74014627566,77,33
94,7886,6880.04001575179,96,2
73,6697,4093.81045063617,78,5
76,3198,2091.49351021074,87,11
24,8717,961.593233168967,53,29
11,1567,104.441370373835,87,76
35,5855,1000.75447812185,77,42
12,3504,242.448218670318,81,69
34,1432,235.254795673934,86,52
44,6611,1603.56164108679,87,43
5,2955,159.632973135647,83,78
69,6619,3662.14523432489,91,22
4,8121,425.425240887094,4,0
15,2200,170.614249231359,75,60
50,8373,2537.39374977034,88,38
92,8582,7284.38325058304,92,0
77,3312,2212.24899639871,87,10
73,9909,6057.2745640367,92,19
38,4746,912.988187918825,91,53
29,8296,1116.90340388565,51,22
55,5458,1971.89497266517,65,10
82,6494,4769.81566893237,87,5
99,3003,2860,99,0
78,3792,2585.06413300283,92,14
72,4941,2949.0282522282,87,15
15,8138,631.117618293089,72,57
97,5482,5050.02851487388,98,1
67,7997,4192.62523973585,69,2
97,1754,1615.78803631682,98,1
69,3852,2131.22578072511,77,8
41,3340,722.135035190906,79,38
65,2919,1446.46480994887,73,8
25,4019,461.314782122391,48,23
55,2071,748.221782409227,67,12
42,9392,2110.45876510784,49,7
46,1736,454.057863897475,65,19
44,3984,966.357522022354,79,35
79,8530,5930.66533182738,81,2
65,2663,1319.60801263921,82,17
59,7298,3010.81320042782,87,28
66,9758,4975.2271190647,71,5
0,6991,451.843522563339,81,81
64,4239,2040.29745296598,67,3
40,8992,1870.22530652739,92,52
90,8426,6969.43299919821,94,4
71,7991,4653.55322160043,95,24
70,8024,4556.15685632084,86,16
14,9130,681.470745877013,80,66
80,5316,3766.91542078249,89,9
45,5347,1346.97463472453,57,12
36,5128,911.843804929384,87,51
2,3883,192.522606118805,70,68
62,7859,3562.41136606658,82,20
73,7298,4461.19585915227,75,2
70,3218,1827.23239826028,77,7
8,8993,537.414938438817,84,76
36,9106,1619.19845703724,84,48
59,5207,2148.16447446254,66,7
76,8398,5492.29596583795,86,10
19,7735,700.513153397235,80,61
62,6036,2736.06247685175,74,12
90,7474,6182.00121481218,91,1
70,3945,2240.0347455366,85,15
49,4618,1349.55619569916,70,21
59,8392,3462.14639325709,73,14
67,8053,4221.98462618392,82,15
30,4627,648.278422874808,68,38
66,6476,3301.86214624544,82,16
95,7235,6413.49734565565,96,1
26,2147,256.455723047265,88,62
97,1654,1523.66785180617,97,0
68,1048,564.614602763762,73,5
8,7325,437.736508847363,72,64
32,5157,782.47563629497,80,48
96,6345,5733.3499148995,97,1
34,6743,1107.7675190149,83,49
89,5753,4696.47362042124,95,6
37,5708,1055.77036171992,71,34
68,3117,1679.29743970863,75,7
53,4369,1473.09156751866,66,13
87,2910,2311.39885931163,91,4
95,5046,4473.04873616841,98,3
4,7332,384.092829230904,80,76
7,6472,373.502826244195,83,76
86,7420,5809.17414260704,87,1
16,8081,651.271007304356,69,53
30,5534,775.356125392087,71,41
27,8003,994.842305246402,91,64
67,7756,4066.27502305755,79,12
53,7826,2638.6849639279,69,16
63,4470,2088.51084736162,72,9
12,7011,485.10401287032,72,60
82,9285,6819.7934225496,87,5
67,2070,1085.24874906255,85,18
3,5052,257.157027540779,62,59
10,2922,187.68670895109,89,79
21,9766,956.742704320917,48,27
13,4838,347.625774396688,87,74
0,8415,543.879737143542,86,86
25,8790,1008.94673671456,77,52
78,5552,3784.88292891131,86,8
79,8633,6002.27828952706,92,13
87,1302,1034.17227313531,88,1
63,5609,2620.68396931797,81,18
50,1256,380.624214703398,87,37
42,8709,1956.98311172532,77,35
0,2746,177.479947498059,69,69
4,3209,168.106095063007,72,68
51,5698,1789.95077401075,54,3
31,2575,375.450965744939,86,55
98,1873,1756.20274423669,98,0
97,6984,6433.67368622386,97,0
40,5899,1226.91938202904,65,25
1,2844,137.742823956341,79,78
34,6014,988.004428200446,83,49
30,4209,589.713395694849,74,44
85,9360,7218.81648836144,90,5
57,8315,3213.27295173953,88,31
23,6215,658.947487529643,70,47
44,6031,1462.87706207751,57,13
33,2260,356.821672937418,80,47
56,5253,1963.24673746155,64,8
87,3782,3004.02422196446,95,8
30,4057,568.417022174864,69,39
79,8174,5683.14870133142,86,7
68,4247,2288.08990261231,83,15
64,2835,1364.53014370336,84,20
98,3625,3398.95085310091,98,0
25,2114,242.652264097222,88,63
16,5707,459.94352662863,89,73
89,5219,4260.54160003102,96,7
35,1984,339.111338103117,90,55
64,9505,4574.90617844813,64,0
22,7982,813.470336599119,86,64
34,2450,402.495984218672,74,40
40,9459,1967.35555765599,79,39
23,7765,823.286764387399,77,54
49,8226,2403.95176825927,70,21
25,2044,234.617420915195,86,61
36,3758,668.234988089826,70,34
98,9061,8495.97067033029,98,0
90,5087,4207.63181425603,91,1
71,5554,3234.36798808269,74,3
0,1184,76.5244930217413,89,89
29,6015,809.808820440231,82,53
89,2724,2223.74311524899,89,0
95,7716,6839.88189620995,96,1
33,6334,1000.04799840071,81,48
17,8048,674.184484168912,69,52
28,9039,1169.34058994084,77,49
26,1281,153.013405320702,66,40
47,5063,1374.56356593444,76,29
30,8915,1249.06032849123,90,60
17,4154,347.982399010644,67,50
47,7684,2086.14387529928,57,10
17,2376,199.038560435554,51,34
51,6923,2174.76820085581,70,19
2,3920,194.357099146463,57,55
55,1115,402.83306971815,89,34
74,7880,4930.08387379891,82,8
42,2637,592.555341097677,83,41
45,2816,709.384808562611,80,35
28,1715,221.862939677901,81,53
99,7288,6940.95238095238,99,0
15,9630,746.825100044538,75,60
21,9671,947.435868675772,75,54
85,4184,3226.87266958379,95,10
63,5641,2635.63527739752,80,17
85,7844,6049.61501439179,87,2
87,6428,5105.72916414266,92,5
32,8049,1221.28105420559,89,57
17,8567,717.661341435769,77,60
3,8666,441.116943916942,67,64
16,1388,111.862907825572,66,50
77,4319,2884.8742196395,88,11
94,2731,2382.62608204643,94,0
33,8434,1331.60795997973,78,45
31,9180,1338.50091865574,91,60
75,7086,4534.26524488879,76,1
65,9034,4476.6574488106,92,27
68,4613,2485.27401006606,73,5
36,1600,284.506647403864,82,46
69,1655,915.674628011436,83,14
75,3700,2367.59545668763,75,0
53,2506,844.945632456342,86,33
61,5671,2492.52221961971,81,20
42,2269,509.862748938426,82,40
60,8275,3524.62176562608,69,9
46,3765,984.751070031101,70,24
63,8906,4161.13592988873,83,20
9,2403,148.820524589188,62,53
80,3877,2747.24061067978,88,8
34,3596,590.765534387895,69,35
6,9630,537.325334693439,77,71
90,8953,7405.33273698333,92,2
64,4487,2159.66375830581,70,6
69,3196,1768.27559584565,88,19
6,5650,315.253181829484,64,58
71,5071,2953.09327828004,91,20
1,6559,317.67059856879,25,24
61,1232,541.489574073617,64,3
48,1942,547.098990850782,77,29
36,1018,181.017354410708,68,32
56,8237,3078.48151084538,59,3
83,6298,4704.8236182946,86,3
44,4602,1116.25936655293,81,37
18,3321,289.231440436302,63,45
55,6600,2384.48274451999,77,22
60,3497,1489.49876911111,77,17
33,3242,511.865426399606,76,43
30,8309,1164.15504985234,70,40
75,2813,1800.01243774657,89,14
25,6713,770.54146115641,85,60
58,9516,3800.56224260921,82,24
44,2323,563.465994894058,75,31
28,2054,265.718063031142,52,24
30,1970,276.012209436648,74,44
34,2038,334.810945239858,83,49
37,8321,1539.0793938107,87,50
57,4642,1793.86807480155,91,34
4,7708,403.789897396591,90,86
99,6999,6665.71428571429,99,0
60,7240,3083.77783481967,82,22
96,6502,5875.21531074493,97,1
19,3946,357.365856923787,90,71
2,5621,278.694197526089,82,80
38,3502,673.679863904704,68,30
94,6132,5349.78510988968,97,3
0,6198,400.590209247257,69,69
26,7319,874.242867714454,84,58
72,6495,3876.53076264363,75,3
40,4164,866.060740255791,73,33
28,3214,415.782791909489,81,53
39,1447,289.464627767567,65,26
84,3264,2478.30458587377,86,2
73,7831,4787.0135342589,84,11
43,1467,342.530825292909,89,46
90,3556,2941.28931226547,91,1
70,1069,606.995473505356,96,26
78,3959,2698.91057556914,92,14
94,9374,8178.22661776025,98,4
3,6142,312.64023419546,60,57
65,4269,2115.43620201156,83,18
52,7761,2526.30886404529,83,31
57,2266,875.679676324929,86,29
91,4497,3767.98829554522,98,7
35,2871,490.720086539339,64,29
29,8316,1119.59603504255,78,49
25,6430,738.057738006215,70,45
69,3156,1746.14448701154,88,19
81,2116,1527.07599837634,91,10
58,1069,426.944203168269,82,24
20,4620,435.141280729453,80,60
34,6376,1047.47526341969,79,45
93,9194,7908.25767242229,99,6
75,9532,6099.43780895851,80,5
10,1657,106.432880469527,76,66
18,9924,864.29774612763,76,58
93,5034,4330.01621959689,94,1
68,5965,3213.66994798267,74,6
34,5831,957.940442440439,80,46
68,1442,776.883833192122,77,9
91,8425,7059.21756503635,91,0
87,3385,2688.68905112366,90,3
77,5230,3493.37628356439,92,15
44,8314,2016.64067221231,71,27
14,8771,654.674689166186,82,68
55,1818,656.81661053596,90,35
76,3844,2513.9778152752,83,7
90,4811,3979.34276752226,94,4
96,3296,2978.2697115065,96,0
91,4321,3620.51977430529,91,0
60,4035,1718.65242589743,72,12
42,4061,912.53971945304,84,42
52,1665,541.979675123747,70,18
66,8481,4324.13416650827,89,23
42,3449,775.018343362112,69,27
87,2886,2292.33577593586,87,0
91,4255,3565.21907884032,92,1
65,4246,2104.03891162827,92,27
57,7438,2874.36250331192,80,23
84,4649,3529.91360898504,87,3
29,3147,423.685512539553,51,22
62,1218,552.108034593345,75,13
47,6958,1889.04074496777,72,25
86,2049,1604.17760353124,90,4
66,8012,4085.00919019742,78,12
76,4903,3206.56431537312,90,14
10,5520,354.562160646824,69,59
82,5222,3835.53702235369,89,7
74,6814,4263.14613148042,75,1
91,5107,4279.10078393361,93,2
68,9477,5105.77537251161,77,9
62,1154,523.09743179041,91,29
4,1230,64.4345580952007,60,56
66,9340,4762.10507194756,77,11
64,4326,2082.17192298439,67,3
59,1655,682.775533941907,86,27
71,5890,3430.03735142367,78,7
78,8043,5483.03555425679,85,7
32,4251,645.007548941229,81,49
52,4823,1569.95073460771,52,0
73,7030,4297.37008630316,90,17
10,5227,335.742103931331,76,66
71,5948,3463.81361057182,78,7
6,3373,188.203359701035,73,67
49,8203,2397.23028872244,88,39
0,2849,184.137061333565,4,4
82,2007,1474.13305321024,82,0
78,9893,6744.20872041059,81,3
27,2921,363.105632091058,76,49
33,9524,1503.70336860884,65,32
99,8076,7691.42857142857,99,0
86,2383,1865.6687307052,86,0
59,3248,1339.97276993554,81,22
58,2891,1154.62646525675,77,19
54,8028,2802.52351946523,85,31
63,6686,3123.88893187021,71,8
48,4921,1386.34095467389,56,8
89,4621,3772.36304536182,89,0
91,2436,2041.09839625265,93,2
50,3436,1041.26178480961,77,27
86,1171,916.784760241624,87,1
96,9582,8658.30715280804,97,1
53,9436,3181.52713003114,72,19
22,2040,207.902716945904,66,44
54,5582,1948.64054380355,80,26
73,5372,3283.85093934859,80,7
67,2160,1132.43347728266,83,16
71,3799,2212.34497420348,85,14
49,1544,451.215843689802,52,3
88,9262,7459.88733808799,88,0
69,2003,1108.21527486822,93,24
3,6772,344.708509601377,81,78
40,3039,632.074589250083,80,40
89,1016,829.413731678773,94,5
10,3326,213.636548244807,60,50
11,6997,466.353713149794,64,53
12,1646,113.889773953009,52,40
16,4443,358.074135064132,53,37
93,9772,8405.42679735813,93,0
13,3369,242.073425783886,84,71
18,4158,362.127169326752,81,63
99,4537,4320.95238095238,99,0
70,5262,2987.84862636593,89,19
68,1854,998.850642675586,72,4
48,1150,323.977260287539,89,41
22,4036,411.321257643955,83,61
72,3453,2060.91774032463,88,16
33,3526,556.704964060768,65,32
18,4027,350.718160384519,76,58
42,5081,1141.74201293792,84,42
42,8724,1960.35373368833,88,46
27,8509,1057.74249348265,91,64
39,1542,308.46887077926,74,35
78,9136,6228.15029512495,86,8
66,9173,4676.95822537205,93,27
56,8888,3321.78507568213,83,27
76,9558,6250.93651363172,83,7
36,3290,585.016793724195,92,56
68,8711,4693.08950827779,82,14
55,1234,445.826016172374,86,31
97,7672,7067.46055565714,98,1
56,7293,2725.67265492234,92,36
50,9822,2976.50560256113,80,30
65,8956,4438.00576838031,81,16
23,9433,1000.13703135432,86,63
94,6039,5268.64844726415,94,0
24,3287,362.596874776459,68,44
28,3048,394.308011742415,81,53
75,6312,4038.9898709763,77,2
45,3707,933.838595646874,60,15
74,7266,4545.93774454605,85,11
70,1169,663.777089361797,93,23
31,8155,1189.04956335921,74,43
68,1146,617.412533174877,78,10
72,4786,2856.51674057158,93,21
38,1373,264.124058578286,82,44
63,7424,3468.70347445474,91,28
75,8233,5268.21983646196,89,14
98,3184,2985.45090104091,98,0
59,4746,1957.97745262132,83,24
80,7231,5123.88363575587,86,6
20,8055,758.671648544534,89,69
45,2962,746.16399252928,68,23
82,6573,4827.84083644787,85,3
84,8433,6403.0461313338,85,1
35,6207,1060.9193929466,74,39
36,3809,677.303637475824,86,50
42,2953,663.563110451817,59,17
73,3655,2234.26567075933,90,17
7,1050,60.5961012911627,78,71
59,3040,1254.161705851,82,23
73,5068,3098.01871940035,76,3
55,4578,1653.9639400625,78,23
59,1425,587.888299617654,70,11
8,9855,588.927412244473,48,40
44,3639,882.674453473732,76,32
43,7769,1813.98908091384,81,38
51,1414,444.189258415444,77,26
26,5349,638.929512147099,69,43
77,1185,791.520247805698,84,7
5,6388,345.088132788669,79,74
71,5568,3242.5208782219,76,5
79,5696,3960.26608793538,83,4
16,3347,269.744346175929,70,54
53,8879,2993.72397070226,83,30
17,1950,163.352353892815,68,51
65,8677,4299.75168068735,88,23
17,7694,644.529749154524,88,71
98,4917,4610.3838192268,99,1
37,1901,351.61518178514,57,20
33,5719,902.948295366856,83,50
45,2749,692.506689892975,72,27
67,3123,1637.31006923785,90,23
98,4737,4441.60832859007,99,1
64,5692,2739.64923384816,81,17
8,8669,518.052941323931,63,55
42,9653,2169.10758726427,73,31
58,9131,3646.79842762344,86,28
34,4158,683.093184645403,82,48
17,6350,531.942280625322,67,50
74,3991,2496.94984014358,86,12
31,2789,406.653492606848,88,57
11,6719,447.824867608041,66,55
78,3224,2197.84988523236,81,3
72,2531,1510.6234580833,88,16
21,8291,812.241835093664,76,55
94,4467,3897.17711772296,99,5
66,3946,2011.91291369433,74,8
49,6381,1864.77221410922,68,19
3,2940,149.651951894278,60,57
28,1586,205.174706897464,83,55
69,2153,1191.20693299615,75,6
78,3446,2349.19066517082,78,0
78,5790,3947.13115244894,81,3
63,5756,2689.36654080839,78,15
23,7341,778.332020266309,74,51
67,8546,4480.45208187852,78,11
50,2756,835.191350097583,84,34
88,3123,2515.35609553539,95,7
40,6024,1252.91784325189,73,33
48,5460,1538.18768797388,57,9
54,1963,685.270760925542,93,39
14,6884,513.827449574738,78,64
18,9759,849.927620360696,83,65
62,4870,2207.52555703579,69,7
31,6845,998.043440980235,76,45
35,9612,1642.91239004393,78,43
99,6785,6461.90476190476,99,0
89,9966,8135.76500975458,94,5
35,4728,808.124196850573,83,48
58,1665,664.978576496882,87,29
18,1493,130.027865272929,90,72
31,2323,338.707803272036,66,35
72,8914,5320.30719294924,86,14
35,3667,626.774837108936,70,35
21,2805,274.796568259284,83,62
14,3462,258.40654131722,78,64
11,3998,266.468793078873,72,61
91,3256,2728.16764293868,95,4
76,7798,5099.89568249635,80,4
45,3354,844.913582357598,78,33
15,6517,505.405937382165,62,47
10,2085,133.924294374751,50,40
79,6449,4483.80547772037,80,1
5,4548,245.688921089991,83,78
70,3469,1969.75425405994,94,24
78,5056,3446.7521773371,86,8
63,8958,4185.43180551799,77,14
51,6299,1978.74691567106,75,24
65,5505,2727.91667652229,92,27
5,9384,506.935979663254,58,53
63,6272,2930.45638359107,89,26
37,4890,904.470404486761,83,46
57,6757,2611.19486890006,75,18
31,5734,836.052752458827,73,42
70,2889,1640.42088209258,79,9
64,3475,1672.57222199971,69,5
0,4331,279.921941957062,66,66
5,4068,219.758691951206,89,84
33,4857,766.850825423469,79,46
34,5421,890.583971612008,56,22
96,4912,4438.48932734222,96,0
34,3062,503.037838235744,54,20
97,8434,7769.4163616283,98,1
72,6128,3657.48737697924,85,13
16,4859,391.600770262574,36,20
46,5448,1424.94656826811,79,33
68,5496,2960.99413815805,81,13
74,2000,1251.29032329921,92,18
5,4394,237.369639241298,89,84
0,6338,409.638713489693,80,80
37,8400,1553.6914923699,86,49
14,5143,383.877770651202,27,13
71,6291,3663.5594189824,84,13
57,9433,3645.31614597222,78,21
57,1972,762.065455301306,85,28
10,6933,445.322365899353,43,33
12,10000,691.918432278306,80,68
70,9322,5293.18223013744,83,13
45,8148,2052.5807600029,77,32
37,6844,1265.88863973566,53,16
4,3388,177.483156769545,73,69
84,8010,6081.86879070126,96,12
32,2593,393.437914468268,61,29
68,3581,1929.2794775735,72,4
98,3089,2896.3749476493,99,1
31,4381,638.776963467408,85,54
53,8061,2717.91969003614,67,14
41,7653,1654.6405462024,79,38
38,9114,1753.26050246358,79,41
3,6650,338.498462618009,42,39
40,5517,1147.46808453199,87,47
64,1961,943.860180529908,83,19
36,5412,962.34373484357,82,46
43,7907,1846.21079454058,69,26
60,4790,2040.23423049534,62,2
29,6030,811.828293807913,60,31
88,8464,6817.15465661593,96,8
24,6976,769.539336306839,69,45
42,3555,798.83740523407,50,8
57,2664,1029.48396192834,81,24
95,5758,5104.20424551282,99,4
12,6300,435.908612335333,86,74
12,1445,99.9822134642152,71,59
97,9089,8372.80357017306,98,1
25,2648,303.946639228687,85,60
68,3939,2122.15354989166,75,7
4,8760,458.899779604844,80,76
87,4818,3826.91398768502,92,5
39,6798,1359.90362098405,85,46
46,1106,289.278800386294,73,27
74,8035,5027.05887385459,94,20
22,4487,457.284064184446,76,54
76,1350,882.900637518604,88,12
35,7627,1303.63012888734,81,46
0,1707,110.327119584554,57,57
29,5198,699.814837680519,84,55
87,3103,2464.69782145841,90,3
80,1728,1224.46009163133,85,5
69,9785,5413.82249854496,77,8
80,8708,6170.48523028103,85,5
43,7749,1809.31926734475,83,40
91,1808,1514.90390001017,91,0
49,7451,2177.46713169217,78,29
47,2149,583.436125457853,55,8
62,6648,3013.47636615481,67,5
29,9981,1343.75757885519,90,61
54,7830,2733.40298423179,85,31
77,7903,5278.80550076661,90,13
61,5316,2336.492350467,71,10
5,5281,285.286541837345,15,10
42,7294,1639.02110654776,92,50
43,2887,674.087588698451,92,49
21,7845,768.548690906983,67,46
2,9465,469.283148831957,64,62
40,2195,456.532979073357,86,46
37,5368,992.882848933524,77,40
86,2505,1961.18345380467,96,10
33,9083,1434.07577667724,77,44
16,2400,193.422895375628,89,73
74,2844,1779.33483973148,88,14
65,3467,1718.01764168988,88,23
50,9085,2753.16161670412,73,23
87,7915,6286.8460382995,88,1
56,1520,568.082056147259,83,27
32,2152,326.524640160321,63,31
1,8204,397.342520301625,72,71
99,8998,8569.52380952381,99,0
9,3347,207.283518851441,75,66
10,7816,502.039465147749,70,60
88,5469,4404.8935275322,93,5
34,6332,1040.24676411128,73,39
97,3141,2893.49499547954,97,0
6,8883,495.644958263948,79,73
67,2013,1055.36508785648,71,4
1,8902,431.148600161514,56,55
5,1480,79.9515398445882,86,81
22,2521,256.922916382658,54,32
81,1767,1275.20949391824,94,13
8,9040,540.223623205483,82,74
6,1442,80.4593076456842,78,72
71,2900,1688.81295740724,73,2
60,9045,3852.59261269944,80,20
63,3600,1682.02215894896,78,15
90,1774,1467.33611922355,94,4
93,5493,4724.82699528123,93,0
37,2979,551.00558997261,77,40
71,5637,3282.70297962228,71,0
92,8890,7545.81299203952,92,0
32,9485,1439.16645535346,49,17
5,4589,247.903794828929,76,71
39,4152,830.585441942599,62,23
6,1327,74.0426499624292,43,37
13,4173,299.843397386808,87,74
79,9930,6904.04533939577,89,10
63,1269,592.912811029508,77,14
69,2633,1456.78023900551,71,2
20,4912,462.643716654345,77,57
77,5882,3928.87940725158,77,0
28,9623,1244.89041896235,77,49
97,7884,7262.75534681972,97,0
37,1453,268.751635525412,84,47
24,6825,752.882163172903,90,66
72,2771,1653.86708903549,82,10
13,7676,551.545151771182,78,65
16,5152,415.214482073016,78,62
9,7977,494.024687743636,68,59
98,3375,3164.54044943878,98,0
28,5293,684.73500858025,69,41
42,4505,1012.31012955822,73,31
8,3983,238.021094162327,27,19
40,3928,816.975645467038,66,26
82,5923,4350.41857207984,91,9
69,1123,621.33088051773,79,10
46,1921,502.445366674567,54,8
99,2680,2552.38095238095,99,0
71,4888,2846.52335717469,81,10
21,3367,329.853848602143,67,46
44,2936,712.155041329727,67,23
35,4504,769.837432871189,89,54
99,4015,3823.80952380952,99,0
59,7101,2929.54022146313,86,27
46,8446,2209.08566732608,69,23
4,3577,187.384076671978,72,68
73,3988,2437.82530642632,87,14
77,4195,2802.04847218979,81,4
91,7045,5902.93029622327,94,3
40,6258,1301.58696266108,88,48
28,3441,445.148906957234,67,39
31,4904,715.03360621871,37,6
21,4429,433.894474445765,23,2
68,5908,3182.96094764151,68,0
7,6562,378.696777783438,73,66
87,6608,5248.70228946091,95,8
6,3187,177.825113361162,23,17
84,1489,1130.57461040626,90,6
31,6117,891.896527169627,88,57
38,6179,1188.65444861998,80,42
4,2696,141.232169613546,84,80
65,4514,2236.84212131183,92,27
45,1107,278.866826377418,74,29
73,5799,3544.87185355221,79,6
79,2346,1631.10678411102,91,12
58,3898,1556.80870341432,67,9
14,6150,459.041082929204,82,68
6,5816,324.515487702704,54,48
44,3129,758.969047793159,57,13
98,5554,5207.66152775791,98,0
14,9379,700.056311673659,88,74
90,6869,5681.58500729794,90,0
75,4597,2941.57738226839,84,9
18,3400,296.111682470168,79,61
41,3469,750.025879364447,76,35
85,4602,3549.25144011104,94,9
13,4005,287.772060036944,72,59
49,1619,473.133711744683,72,23
34,9035,1484.30661935335,59,25
70,3110,1765.90825313532,85,15
51,4656,1462.62035868622,74,23
65,3920,1942.49470880424,84,19
76,2042,1335.46896430592,85,9
32,6293,954.841803219749,67,35
10,4360,280.052721090607,90,80
60,6475,2757.93666857146,91,31
77,7112,4750.4573859866,80,3
35,9713,1660.17561844535,83,48
87,3376,2681.54039485775,93,6
43,2040,476.320984047399,88,45
33,1967,310.561164012346,85,52
60,2186,931.096456756327,92,32
77,3781,2525.51734763995,82,5
18,3196,278.344981521957,76,58
19,9796,887.165720837662,77,58
99,5383,5126.66666666667,99,0
68,3609,1944.36460054811,69,1
94,5480,4780.95603427845,97,3
96,9237,8346.56472244708,97,1
5,6373,344.277813128082,63,58
32,1793,272.053289873353,87,55
56,6520,2436.77303031588,66,10
16,2057,165.779539911528,81,65
80,3628,2570.79931275374,88,8
5,6576,355.24413920136,37,32
79,9382,6523.03659357614,83,4
68,6362,3427.55544158688,77,9
30,2693,377.310091377104,30,0
15,2923,226.6842956833,75,60
56,4460,1666.87234895841,81,25
83,9228,6893.63486021317,90,7
17,1184,99.1841984662018,61,44
55,3658,1321.58149688699,91,36
21,5596,548.221602844548,64,43
45,8579,2161.15492637025,77,32
8,4798,286.724883201317,81,73
93,8925,7676.87619386219,95,2
12,9585,663.203817338756,72,60
91,1593,1334.7576950864,93,2
52,3370,1096.9798829832,79,27
45,4049,1019.9925745277,89,44
25,1341,153.924638672836,52,27
99,8451,8048.57142857143,99,0
26,8849,1056.99892559164,80,54
76,3712,2427.64975294004,86,10
64,2935,1412.66171843716,68,4
58,8209,3278.56404472247,89,31
36,6673,1186.57053632874,91,55
83,5939,4436.63821356806,90,7
41,5885,1272.38463535883,89,48
80,4893,3467.17779418524,82,2
27,7749,963.267902455875,72,45
85,1772,1366.63918989065,91,6
65,7357,3645.64631955939,74,9
51,2828,888.378516830889,65,14
84,5502,4177.58328170266,85,1
79,9503,6607.16443708741,79,0
98,4742,4446.29653666331,99,1
49,4874,1424.36918532649,66,17
5,3429,185.239074410198,89,84
2,4875,241.706851617093,82,80
63,6964,3253.77842081126,75,12
6,1370,76.4419219657333,69,63
9,6457,399.88935799933,67,58
2,5317,263.62160616371,65,63
91,5561,4659.5025375866,96,5
69,5415,2995.99885841808,89,20
10,3640,233.805482745369,65,55
62,5009,2270.53295999841,75,13
33,6854,1082.14856031551,71,38
34,1224,201.083708034145,74,40
4,1422,74.4926354564028,82,78
14,3646,272.14045339185,58,44
86,1085,849.454709532162,88,2
78,8976,6119.07585913327,84,6
33,2096,330.928418795057,66,33
82,8063,5922.23956553769,83,1
18,3838,334.25783450603,91,73
29,9617,1294.75169179945,63,34
85,5813,4483.22438534669,96,11
85,6987,5388.66141070314,93,8
34,9731,1598.64833568649,86,52
52,3618,1177.70718594458,78,26
47,5891,1599.35887160177,80,33
80,4396,3115.00379792322,85,5
97,2691,2478.95416518162,97,0
24,4807,530.271730164417,72,48
5,3298,178.162282707738,72,67
40,7966,1656.82993681019,75,35
55,2060,744.247644501693,86,31
3,7439,378.660159912086,80,77
41,1477,319.339355382326,78,37
10,8138,522.722257852147,81,71
7,3035,175.151588017789,62,55
52,5518,1796.18249089059,79,27
20,2916,274.647613551317,71,51
30,5907,827.616305148366,78,48
53,7428,2504.49168311481,80,27
31,7180,1046.88851807715,73,42
50,2920,884.890690234014,72,22
6,1365,76.16293684907,66,60
30,7195,1008.07504918613,83,53
73,1788,1092.98687259033,80,7
38,5642,1085.35173962031,90,52
28,8281,1071.28105158758,31,3
93,2224,1912.98293054896,96,3
25,6205,712.231456349699,78,53
80,9478,6716.10691463064,85,5
74,4645,2906.12177586243,74,0
78,2324,1584.30618277916,90,12
57,4188,1618.42298519365,74,17
36,7810,1388.74807264011,70,34
33,7922,1250.77048363284,50,17
42,6710,1507.79155812113,72,30
64,5482,2638.57292690717,76,12
29,2282,307.22921500326,84,55
92,8880,7537.32501342081,92,0
70,9933,5640.1179030203,90,20
32,6214,942.855071541001,83,51
34,6108,1003.44713126843,77,43
57,1677,648.064791349031,60,3
95,9163,8122.58136534108,95,0
41,2508,542.249900676285,54,13
40,5177,1076.75227000582,77,37
60,9038,3849.61105954423,79,19
6,7432,414.68347740827,83,77
63,3575,1670.34144951181,82,19
9,4134,256.023324449315,69,60
52,2813,915.668964638499,82,30
24,4664,514.497056269366,78,54
33,1723,272.037054190784,69,36
11,9286,618.916761513361,82,71
67,9721,5096.47492252997,79,12
41,6384,1380.27247444873,56,15
87,2195,1743.47783374193,88,1
20,5049,475.547256797188,75,55
58,8088,3230.23827429837,81,23
12,5917,409.408136379073,78,66
5,3627,195.935293929947,71,66
9,6039,374.002142319646,86,77
88,2262,1821.88136026291,97,9
10,4182,268.619376055257,55,45
57,8981,3470.64394222162,91,34
21,3677,360.223522812616,76,55
18,6117,532.739753432357,78,60
39,8503,1700.97977187811,81,42
18,5381,468.640283344697,76,58
32,9947,1509.26607605702,90,58
51,1541,484.084616137341,80,29
68,6077,3274.01043988109,80,12
65,6251,3097.58531243248,87,22
75,3533,2260.7337158047,84,9
86,1576,1233.86232462921,86,0
71,1604,934.088270234901,84,13
77,3882,2592.9802548369,83,6
22,4042,411.932736223207,85,63
21,7511,735.827816112473,76,55
72,7696,4593.34576586688,83,11
6,2875,160.416442081375,39,33
56,4871,1820.47874703507,76,20
99,3350,3190.47619047619,99,0
69,9600,5311.46612018718,71,2
33,3701,584.33496085902,73,40
72,7549,4505.60904190866,73,1
46,2521,659.377808113787,72,26
50,3873,1173.69234358779,72,22
78,7701,5249.88894732457,78,0
94,2353,2052.84480814912,94,0
85,4048,3121.98388300076,88,3
78,4865,3316.54456937203,84,6
18,4277,372.491078213208,58,40
89,1917,1564.94697207501,92,3
24,9060,999.430388036118,58,34
64,4867,2342.56374229427,70,6
45,3219,810.905432799377,78,33
49,4408,1288.1861651455,74,25
86,6745,5280.71153529441,86,0
37,4012,742.072650879526,92,55
78,5039,3435.16301851299,80,2
59,1170,482.687235475547,84,25
27,1356,168.562559779348,83,56
74,7599,4754.27758337537,78,4
96,9551,8630.29551413793,97,1
3,2968,151.077208578985,73,70
39,6997,1399.71250897697,77,38
77,5643,3769.23945853802,95,18
13,7446,535.01891611363,88,75
13,1326,95.2773412257148,77,64
30,3425,479.868942802295,86,56
85,4476,3452.07506430617,85,0
94,5427,4734.71686095422,97,3
17,7382,618.393372531674,89,72
23,9118,966.739049283232,82,59
61,1493,656.20449195772,87,26
44,3261,790.986917498719,76,32
69,4271,2363.04914576244,70,1
2,4590,227.576297214863,71,69
48,3543,998.13168104239,70,22
22,9019,919.154217713287,89,67
32,1881,285.405598578794,69,37
19,5101,461.967368517039,78,59
79,5222,3630.70742823008,83,4
51,8324,2614.87368249658,63,12
32,9857,1495.61030579009,79,47
28,3523,455.756930895186,87,59
80,7040,4988.54111405357,88,8
37,2311,427.450123674623,81,44
50,9300,2818.31623944395,85,35
65,3002,1487.59416220162,93,28
36,4497,799.641495859485,84,48
82,6045,4440.02705862276,87,5
1,9050,438.316651478511,71,70
78,1568,1068.92947271847,79,1
50,5370,1627.35034471118,84,34
83,3565,2663.17818342652,91,8
97,1020,939.625882008639,97,0
37,4014,742.442577425329,40,3
36,5150,915.755771331187,84,48
78,4843,3301.54683442318,89,11
29,2217,298.478163743307,65,36
53,7444,2509.88638787111,74,21
1,5618,272.095353370859,50,49
88,5646,4547.45453582863,97,9
51,9941,3122.83268593206,85,34
34,3041,499.587872656727,48,14
36,3693,656.676905539044,73,37
8,3889,232.403724628996,75,67
18,1176,102.419805466152,67,49
46,7811,2042.99883346957,67,21
60,7415,3158.31666369998,81,21
37,8447,1562.38476619625,85,48
28,3610,467.011785561062,76,48
43,3493,815.582939841943,84,41
49,6190,1808.95471012945,89,40
14,9383,700.354874979629,75,61
38,9964,1916.77503253754,46,8
51,2111,663.142520873411,84,33
78,9409,6414.25855153576,79,1
31,2104,306.77624540868,67,36
17,3571,299.144233718587,72,55
89,9465,7726.77260860196,94,5
56,6435,2405.00528375501,68,12
15,1312,101.748134087065,69,54
14,3018,225.266014354526,83,69
41,1149,248.423100429446,73,32
39,7383,1476.92974900342,84,45
16,6916,557.380310174103,59,43
73,1980,1210.35459045238,80,7
85,3011,2322.20688530516,88,3
6,9077,506.469580790482,70,64
70,9386,5329.52246428556,79,9
42,3437,772.321845791701,83,41
5,2771,149.69305196578,74,69
88,1327,1068.80484751055,90,2
72,5687,3394.27720510459,91,19
20,1658,156.161091655722,69,49
45,6111,1539.43557000217,61,16
48,2631,741.203627666534,85,37
4,6992,366.281650570442,67,63
58,5638,2251.7412698435,78,20
21,1164,114.033228325778,87,66
65,4989,2472.22094444499,70,5
88,6599,5315.02877823825,88,0
71,2092,1218.27472651584,75,4
94,5955,5195.36371973141,96,2
59,2332,962.074045409382,87,28
68,7552,4068.67316800756,72,4
53,6694,2257.00960241929,82,29
51,6020,1891.10278335288,91,40
92,5713,4849.18218487309,94,2
90,1043,862.700999069989,93,3
44,1966,476.872210917658,71,27
29,2451,329.981948279137,81,52
27,2917,362.608397401444,78,51
92,2670,2266.29029119747,95,3
63,5955,2782.34498792807,89,26
99,6027,5740,99,0
80,7099,5030.34848986737,85,5
21,5836,571.733608684914,72,51
47,6850,1859.7196181416,72,25
8,6869,410.486290685671,74,66
1,4381,212.184005538934,76,75
13,6498,466.902083925109,66,53
86,7908,6191.23303500492,91,5
53,9834,3315.72041084424,67,14
37,4939,913.533604858919,60,23
2,3600,178.491213501854,83,81
76,2909,1902.48737373453,80,4
57,2163,835.876054673796,71,14
60,3967,1689.68876667537,69,9
78,9246,6303.13896986924,84,6
15,9116,706.963407269575,58,43
81,9783,7060.20061064072,86,5
27,1699,211.200434413799,48,21
92,2724,2312.12537573854,92,0
57,5977,2309.76938455168,84,27
89,7803,6369.99542154475,90,1
79,7087,4927.38865259797,81,2
57,5507,2128.14120808534,58,1
72,2210,1319.03510168475,90,18
78,4031,2747.9940717654,90,12
17,3111,260.609832287461,67,50
8,6165,368.41577843604,89,81
21,5529,541.657834547445,90,69
67,1356,710.91657184967,81,14
8,2148,128.362869761657,69,61
80,1196,847.485109717055,83,3
26,8364,999.06644972861,86,60
99,4512,4297.14285714286,99,0
27,4750,590.466193917332,77,50
6,9521,531.24345915018,71,65
84,2201,1671.18516957971,84,0
12,5459,377.718272180727,46,34
29,9744,1311.84989964582,79,50
86,4467,3497.24809906006,87,1
67,6174,3236.8723558996,71,4
55,6134,2216.1238113463,60,5
51,9695,3045.55506388807,54,3
71,2093,1218.8570758115,82,11
17,9489,794.897685173808,36,19
55,9769,3529.3957471539,91,36
25,5602,643.017021510236,72,47
48,4234,1192.79975657169,87,39
47,6638,1802.16333214948,59,12
32,6399,970.925265978575,76,44
78,3894,2654.59908594752,80,2
9,4447,275.407770640084,84,75
47,2959,803.344576654159,64,17
73,6106,3732.53794409205,87,14
6,7321,408.490007818345,90,84
40,5135,1068.01678703494,76,36
89,8134,6640.20796601884,93,4
88,8622,6944.41250582969,92,4
89,5405,4412.3830902793,91,2
49,4407,1287.89392690477,75,26
53,5943,2003.79564792021,83,30
81,9737,7027.00330632819,87,6
78,4560,3108.62142576289,83,5
50,2111,639.727481878083,63,13
75,1851,1184.43761900778,75,0
22,3639,370.861758316737,60,38
74,5985,3744.4862924729,80,6
57,3377,1305.01777005705,57,0
58,2732,1091.12400660029,65,7
55,4733,1709.96315603229,73,18
3,5579,283.982394427951,72,69
25,6927,795.105124598608,72,47
26,7652,914.019186193606,74,48
45,4379,1103.12360678113,73,28
91,3210,2689.62473397824,91,0
34,2507,411.860176504576,66,32
56,5196,1941.94366035603,83,27
32,1501,227.747901896209,74,42
2,5968,295.898767271962,56,54
80,4325,3064.69322702865,89,9
90,9038,7475.63914630351,92,2
90,7636,6315.99695963417,95,5
19,7660,693.720847449621,39,20
21,4087,400.389866123243,91,70
7,6277,362.249264575836,76,69
81,4052,2924.2495016167,92,11
65,5164,2558.9394582309,91,26
78,9470,6455.84318025759,91,13
36,6892,1225.51238369214,62,26
61,3951,1736.54651555589,70,9
41,6158,1331.40944512144,84,43
36,6612,1175.72372039647,91,55
17,5440,455.711182142008,89,72
34,1895,311.318322487503,85,51
6,5316,296.616976036378,85,79
72,5291,3157.92521403348,80,8
3,5511,280.52105676509,59,56
99,4822,4592.38095238095,99,0
77,3056,2041.25390488963,84,7
45,1232,310.355853746142,76,31
33,3720,587.33478908283,74,41
52,2448,796.856603425185,76,24
77,8690,5804.48181724179,79,2
9,3833,237.382051914423,68,59
71,7439,4332.0964103974,83,12
90,6981,5774.22404075513,91,1
49,6023,1760.15092392725,88,39
43,2792,651.905974245263,91,48
19,6095,551.988063342747,91,72
37,7698,1423.84727479327,48,11
2,4031,199.860578229437,66,64
54,6629,2314.14155587133,60,6
10,8654,555.866111999568,63,53
83,6062,4528.52346365542,84,1
82,3824,2808.71190606674,85,3
86,2342,1833.56952048325,96,10
95,1893,1678.05811683844,97,2
47,5358,1454.6536808763,78,31
75,8895,5691.82745600986,81,6
14,1659,123.829131151146,36,22
18,1917,166.954733910386,42,24
20,7547,710.824944949174,62,42
10,1495,96.0272518418481,71,61
73,2345,1433.47551242972,88,15
8,3052,182.385232082205,90,82
90,5482,4534.34983403805,95,5
40,1024,212.979394337639,65,25
13,3470,249.330598833507,69,56
39,7353,1470.92840910499,81,42
79,2267,1576.18034082681,80,1
7,6201,357.863261053809,67,60
76,1838,1202.05286796977,84,8
12,1523,105.379177235986,82,70
85,6123,4722.30911946977,88,3
52,3845,1251.5987092197,77,25
80,6557,4646.28751205245,80,0
58,7147,2854.41554728121,83,25
7,3112,179.595302112475,78,71
34,6347,1042.71102523915,73,39
57,1880,726.512705865342,82,25
49,9128,2667.5506613993,73,24
74,4063,2541.99629178235,79,5
93,8569,7370.66130030309,93,0
97,6120,5637.75529205183,98,1
4,9602,503.008639699283,68,64
73,4195,2564.36237724634,86,13
4,8802,461.099984027607,48,44
83,3076,2297.87828673772,86,3
50,7157,2168.89132534412,73,23
94,6899,6018.94446724215,97,3
13,2636,189.405031275252,35,22
40,4699,977.334154289616,75,35
91,9982,8363.81124441458,94,3
62,1972,893.889198865416,71,9
51,7081,2224.40179550195,65,14
34,2627,431.574265527531,58,24
98,2709,2540.07113408286,98,0
16,3015,242.987512315633,79,63
33,6600,1042.04559353405,89,56
58,5826,2326.82593794044,60,2
30,1877,262.98219142771,52,22
30,3669,514.055226610692,62,32
17,2994,250.808691053892,85,68
71,3280,1910.10568975715,88,17
78,7720,5262.84153659858,79,1
5,6336,342.279024631967,54,49
9,3460,214.281737444275,66,57
31,4378,638.33954486654,64,33
20,2777,261.555700559673,71,51
37,7939,1468.42342356245,84,47
77,6083,4063.13727206925,88,11
6,8863,494.529017797295,82,76
49,8428,2462.98389288708,77,28
59,9606,3962.98596921206,90,31
70,5689,3230.30612607294,70,0
50,6421,1945.85038424404,93,43
5,6673,360.484206339822,88,83
38,7121,1369.867021949,86,48
95,9454,8380.5395861546,95,0
66,5422,2764.46827624194,80,14
9,5890,364.774402759184,23,14
88,1036,834.424884718112,95,7
61,1043,458.420150778233,62,1
98,6524,6117.17389396698,98,0
11,1238,82.5133481319772,85,74
83,7041,5259.87029158658,83,0
99,7822,7449.52380952381,99,0
89,5945,4853.21322325818,89,0
90,5523,4568.26233735719,91,1
30,3808,533.530199763836,85,55
79,4909,3413.08746939515,87,8
99,7342,6992.38095238095,99,0
0,7266,469.617370182409,84,84
88,6166,4966.27783703849,88,0
0,6191,400.137784035136,65,65
25,3733,428.486708550109,78,53
88,9892,7967.30787609225,89,1
6,2526,140.943280938279,88,82
96,3395,3067.72623500139,97,1
53,1665,561.386463703036,91,38
99,4263,4060,99,0
83,6848,5115.6926227503,85,2
1,9341,452.41059021666,88,87
94,6456,5632.45477323023,95,1
95,8131,7207.76045853851,97,2
61,4136,1817.85785581857,87,26
68,8535,4598.26873529457,75,7
6,2080,116.057808531916,24,18
89,3611,2947.8474262717,97,8
83,5208,3890.55595491875,85,2
0,4759,307.584512069651,71,71
9,4355,269.710105945034,81,72
82,6910,5075.36591812792,84,2
75,1727,1105.09117667555,92,17
77,4303,2874.18702642019,78,1
88,4058,3268.43260828774,91,3
76,4870,3184.98229978933,78,2
25,3481,399.561273094811,79,54
73,9752,5961.30200307659,75,2
55,5507,1989.59795061691,88,33
9,6277,388.741753161188,64,55
61,9386,4125.34183624592,72,11
33,5159,814.532305612451,68,35
45,3155,794.78305078659,86,41
21,1087,106.48979311866,84,63
4,1778,93.1419872302983,27,23
74,3165,1980.16693662101,75,1
27,1342,166.822238365697,86,59
93,6917,5949.68656951762,93,0
71,5717,3329.29092327489,77,6
92,3898,3308.61406557594,95,3
85,5914,4561.11973420615,92,7
94,2189,1909.76510201378,98,4
50,3368,1020.65474133841,70,20
99,4261,4058.09523809524,99,0
17,2644,221.489037791079,89,72
51,2787,875.498913156891,84,33
65,4780,2368.6542622664,66,1
51,1443,453.299221989736,78,27
18,3835,333.996559492086,77,59
38,2497,480.347978346672,87,49
74,2476,1549.09742024443,81,7
82,8454,6209.42741994984,91,9
96,6781,6127.32005877597,99,3
88,1803,1452.18925400266,88,0
16,8802,709.378468790117,71,55
81,9972,7196.59823053351,87,6
4,5289,277.068599809363,80,76
96,1504,1359.01627612433,97,1
78,8783,5987.50482071831,84,6
20,8640,813.770706818718,87,67
38,5042,969.929718391639,83,45
33,2614,412.713209317881,87,54
83,4660,3481.18101957015,83,0
94,1675,1461.33236449204,97,3
36,9567,1701.17193482048,62,26
7,6005,346.551988812792,67,60
80,3395,2405.69560826873,87,7
93,8002,6882.95387151655,94,1
23,1529,162.112744719682,51,28
25,1465,168.157789452427,44,19
54,3142,1096.85212981562,87,33
70,5581,3168.98198094798,94,24
85,6460,4982.2173626939,94,9
41,5733,1239.52100501481,46,5
67,8022,4205.73210868588,67,0
76,6481,4238.57706056153,79,3
88,2203,1774.36102416409,95,7
72,7100,4237.62408233561,81,9
16,4831,389.344169816525,52,36
16,5923,477.351587212436,57,41
46,2088,546.124896208483,67,21
48,7100,2000.20743307959,81,33
36,6259,1112.95444131299,66,30
21,6123,599.850049002353,85,64
98,9595,8996.67129255261,98,0
36,3328,591.773826600037,68,32
35,2003,342.358876119225,82,47
75,3183,2036.77198341533,76,1
6,7256,404.863201301723,80,74
16,1558,125.563696248012,84,68
97,6708,6179.42197697446,98,1
94,1742,1519.78565907173,94,0
14,1585,118.305709990697,86,72
73,4577,2797.87523257604,84,11
0,9306,601.467003429328,86,86
0,6796,439.24024879709,79,79
99,5239,4989.52380952381,99,0
68,3475,1872.17151202679,77,9
84,9023,6851.02398233426,86,2
61,5425,2384.40011310826,70,9
96,3747,3385.79387409432,98,2
89,7702,6287.54385963574,90,1
27,8589,1067.68718727494,76,49
5,8940,482.950517709877,74,69
43,2580,602.405950412886,79,36
51,8399,2638.43393311974,78,27
17,3541,296.631120581774,59,42
82,8078,5933.25700240772,83,1
68,7825,4215.75311700996,89,21
40,4255,884.98762002603,59,19
0,6614,427.477193281923,57,57
92,8380,7112.92608248495,95,3
45,4998,1259.05727031105,73,28
56,2689,1004.98200590788,61,5
93,3849,3310.73349805889,93,0
62,7877,3570.57059810491,78,16
46,9798,2562.70676870245,68,22
18,2763,240.634287842668,45,27
21,6072,594.853747761275,77,56
28,5118,662.095933102913,70,42
2,4084,202.488365539325,90,88
75,2898,1854.40314418399,76,1
7,1756,101.339765587887,88,81
40,4139,860.861048011219,88,48
75,9300,5950.98317491755,84,9
36,7159,1272.98943047766,82,46
49,8451,2469.70537242391,83,34
44,9762,2367.86700049755,50,6
0,1604,103.670005749048,74,74
7,4558,263.044790176304,86,79
18,6555,570.88590546822,84,66
2,4533,224.750186334417,87,85
50,1442,436.990539492277,93,43
17,6656,557.57603462081,69,52
28,2074,268.305385942837,84,56
55,2227,804.582283643335,57,2
73,1152,704.206307172296,79,6
57,8908,3442.43360843004,62,5
62,2440,1106.02923186187,79,17
80,1865,1321.53823547016,80,0
97,6511,5997.94521348848,97,0
93,6750,5806.04081888737,96,3
29,7624,1026.43099701352,51,22
15,6235,483.536292707964,65,50
65,6206,3075.28626603039,77,12
21,5985,586.330645644142,83,62
35,1550,264.93073289306,73,38
1,3397,164.52615083674,72,71
59,1911,788.389151276728,72,13
51,1519,477.173609287878,82,31
47,6117,1660.71604440469,67,20
85,6100,4704.57057468,91,6
13,5812,417.610789746497,56,43
98,7722,7240.46854831592,99,1
99,9583,9126.66666666667,99,0
95,2786,2469.66186662013,98,3
72,3191,1904.54344320182,77,5
85,6159,4750.07379827116,85,0
32,5378,816.008138839315,80,48
60,2803,1193.89907058005,78,18
54,3700,1291.64636547351,57,3
14,2817,210.263208229523,79,65
41,8726,1886.63183145983,89,48
16,1762,142.004642354941,76,60
90,9256,7655.95440785409,90,0
10,2069,132.896577967079,63,53
82,9537,7004.88636196613,92,10
14,6683,498.824643449735,64,50
73,7059,4315.09750202191,75,2
59,3172,1308.61872728926,86,27
51,5731,1800.31728428494,73,22
49,1669,487.745623781269,81,32
73,9960,6088.45036409381,76,3
3,2724,138.657114612249,87,84
39,4393,878.796205793313,84,45
32,9442,1432.64203178148,70,38
1,5955,288.417199950777,80,79
79,3296,2291.61464638957,87,8
90,5371,4442.53793480816,93,3
2,6384,316.524418609954,59,57
67,6077,3186.01770437348,74,7
81,4898,3534.79122875583,88,7
86,9577,7497.90576330831,90,4
29,5117,688.90968149504,62,33
58,3312,1322.76819541001,59,1
52,9616,3130.13606966364,70,18
59,1067,440.194256625991,87,28
13,4935,354.595534652265,55,42
21,3290,322.310413395025,56,35
55,6434,2324.50939064267,87,32
2,7015,347.809961865418,90,88
55,8201,2962.90045269825,67,12
0,8154,527.010739948715,29,29
77,6310,4214.76182586832,86,9
53,1266,426.856013842669,64,11
89,9661,7886.77761983133,96,7
26,4927,588.522285726071,83,57
30,1794,251.353250624034,92,62
41,7319,1582.4270426833,42,1
19,8397,760.466573894839,70,51
59,8557,3530.21767005492,76,17
84,6908,5245.13727917157,93,9
66,4124,2102.66823519398,76,10
34,7452,1224.24492832553,81,47
75,6894,4411.40623740663,95,20
23,4353,461.528304620521,75,52
90,9118,7541.80988448721,96,6
49,6126,1790.25146272262,75,26
94,1081,943.104648367701,96,2
21,6631,649.617128031128,77,56
21,5316,520.79092936412,89,68
14,1455,108.602402546665,47,33
62,1139,516.298071758473,86,24
51,9793,3076.34045803568,83,32
73,2340,1430.41906144373,90,17
7,8240,475.535118703982,87,80
66,4687,2389.72017903835,67,1
88,4359,3510.86686533422,97,9
74,8618,5391.81000309632,92,18
45,5392,1358.31068457727,50,5
28,3949,510.866908914303,47,19
79,2111,1467.71799712633,90,11
99,6332,6030.47619047619,99,0
70,2995,1700.60939490041,73,3
38,4339,834.693583518707,59,21
29,4311,580.396645871627,84,55
6,7118,397.163212081817,81,75
37,3643,673.821203178992,50,13
49,9056,2646.50950806661,88,39
32,1028,155.979242604466,69,37
53,3965,1336.87527242195,84,31
14,2609,194.737916319072,63,49
96,2811,2540.0231065063,96,0
76,8042,5259.47179772194,93,17
35,8392,1434.38626479907,47,12
86,5383,4214.39142987247,94,8
71,9644,5616.17660732256,72,1
97,5352,4930.27227501004,97,0
42,7255,1630.25748944393,63,21
3,9106,463.51383467663,82,79
54,8946,3122.99145554758,86,32
71,5056,2944.35803884517,73,2
33,4242,669.751122389614,86,53
26,4034,481.854861095793,81,55
14,7283,543.609139345267,66,52
69,3130,1731.75926626936,70,1
74,3271,2046.48532375587,83,9
62,8598,3897.39317030672,76,14
67,3063,1605.85358375777,80,13
27,4096,509.168322165346,45,18
94,3709,3235.86969546328,94,0
61,5494,2414.72704542245,71,10
93,2127,1829.54797359606,95,2
79,4207,2925.006922743,79,0
82,2222,1632.04964834736,88,6
85,3290,2537.38314601593,90,5
98,8087,7582.70773766263,98,0
51,4519,1419.58363421456,86,35
98,2769,2596.32963096177,98,0
98,8042,7540.51386500345,98,0
4,5703,298.756329119455,44,40
54,2483,866.799439316414,89,35
99,9748,9283.80952380952,99,0
77,4794,3202.15026833799,90,13
45,2509,632.047757345025,71,26
12,4822,333.643068044599,63,51
2,5077,251.722191930253,86,84
7,7520,433.983506390041,89,82
53,9537,3215.58120380532,86,33
28,3644,471.410234510945,75,47
9,2439,151.050045556817,60,51
6,5217,291.093070726446,83,77
51,4100,1287.9603673998,66,15
95,1002,888.227275790872,95,0
88,7743,6236.44004089994,89,1
86,8058,6308.66916996328,93,7
50,5270,1597.04586901824,63,13
85,1704,1314.19479659913,85,0
5,4287,231.589358995777,78,73
66,5478,2793.02051221935,86,20
87,5017,3984.97872067575,87,0
64,1156,556.401003922781,73,9
37,4439,821.05196840833,65,28
15,3207,248.70904422044,60,45
55,5500,1987.06895376666,73,18
36,3550,631.249123927323,62,26
10,2234,143.494903421196,90,80
89,8492,6932.46201714187,96,7
64,1774,853.854135777693,70,6
94,7059,6158.53442444736,98,4
71,4961,2889.0348557577,87,16
25,1823,209.250273154795,81,56
1,6731,326.00103658584,67,66
9,7018,434.632726411537,82,73
0,9693,626.479654442347,54,54
91,2052,1719.34889536553,94,3
26,2912,347.833751985857,86,60
23,9686,1026.96144235111,76,53
54,9536,3328.95668679876,81,27
51,4015,1261.25875002688,72,21
17,7334,614.372391512773,36,19
66,4793,2443.76548285275,75,9
98,6796,6372.21241315138,99,1
29,3855,519.004655494113,46,17
3,1460,74.3169557026005,83,80
94,3361,2932.26153854195,94,0
17,7586,635.482541861999,72,55
98,3218,3017.33071593896,98,0
85,8956,6907.23509292362,85,0
40,8697,1808.86893804145,76,36
77,4322,2886.87806836812,80,3
93,4033,3469.00187001078,98,5
2,7819,387.672999547498,83,81
56,2880,1076.36600112112,64,8
74,1626,1017.29903284226,85,11
94,8541,7451.48640306062,95,1
92,8874,7532.23222624958,93,1
88,6057,4878.4860296695,90,2
92,1674,1420.88762077325,95,3
49,1786,521.937497946883,75,26
93,7355,6326.43410709875,97,4
2,3552,176.111330655162,82,80
99,9569,9113.33333333333,99,0
90,2390,1976.85080323804,94,4
79,8689,6041.21348982979,85,6
65,8580,4251.68484733174,79,14
93,9337,8031.25972236316,98,5
99,2589,2465.71428571429,99,0
59,7490,3090.02341342893,94,35
5,6390,345.19617541008,81,76
13,6396,459.573057676977,85,72
45,6535,1646.24635083688,85,40
9,5004,309.903414500332,77,68
26,6988,834.705446042985,86,60
71,4323,2517.4960051281,85,14
75,7840,5016.7428055219,95,20
34,2438,400.524575316376,46,12
93,5175,4451.29796114698,96,3
23,1717,182.045508622429,89,66
9,3198,198.05577929098,80,71
97,8925,8221.72646757559,97,0
50,1268,384.260751786551,73,23
31,1756,256.035687708005,76,45
10,6478,416.096680556182,70,60
46,1709,446.99590403271,81,35
33,3881,612.754386137221,46,13
7,8250,476.112224430564,88,81
45,4604,1159.80385604484,71,26
17,5703,477.742807308065,70,53
15,2951,228.855749764427,82,67
61,3566,1567.33102365789,83,22
33,3076,485.656400865265,87,54
17,1400,117.278613051252,71,54
36,4904,872.012874292843,73,37
12,5979,413.698030659199,71,59
36,5988,1064.76612790896,88,52
51,4149,1303.35306447361,88,37
52,8561,2786.7195187594,89,37
34,9387,1542.13461382068,78,44
13,2573,184.878279769053,86,73
4,5644,295.665565763669,62,58
98,6957,6523.1727131098,99,1
71,1200,698.819154789203,74,3
23,1701,180.349103183898,66,43
38,9367,1801.93012141501,78,40
76,3095,2024.13146157043,77,1
42,8601,1932.71463359163,77,35
79,8647,6012.01208960274,86,7
61,5709,2509.22400843042,80,19
32,5269,799.469483738258,72,40
17,5027,421.113991291889,79,62
1,5500,266.380285428929,74,73
17,2171,181.865620667334,86,69
91,6565,5500.74342011438,91,0
6,9021,503.344947483854,24,18
10,4480,287.760594148147,60,50
6,6573,366.753834365522,77,71
92,4882,4143.8311616577,98,6
37,6073,1123.28195632885,77,40
73,4339,2652.38816564288,81,8
53,9588,3232.77682521604,81,28
44,5098,1236.56893756776,55,11
63,4345,2030.1073001759,63,0
48,4175,1176.17831452215,79,31
10,1269,81.5107575834818,60,50
60,6392,2722.58396687394,91,31
18,7918,689.591853470231,82,64
32,9506,1442.35280174908,90,58
66,2457,1252.72935350912,82,16
22,8205,836.19695712801,86,64
79,3858,2682.35719228488,87,8
68,7131,3841.85756899655,68,0
90,7774,6430.14148300105,92,2
16,4374,352.513226822083,75,59
91,9981,8362.97335508935,93,2
74,3130,1958.26935596327,92,18
35,8305,1419.51595914636,88,53
38,6782,1304.6535799548,83,45
78,5545,3780.11092233668,90,12
79,2926,2034.36421581793,96,17
55,8362,3021.06738025396,83,28
27,5086,632.233907844958,59,32
63,4936,2306.23927127002,90,27
80,2568,1819.68374728545,80,0
5,6725,363.293314496524,88,83
46,5798,1516.49049244099,77,31
24,7689,848.192080972374,77,53
29,9138,1230.26317559149,77,48
60,9454,4026.80050419685,63,3
45,9323,2348.5776172689,81,36
90,6315,5223.35264537582,91,1
78,1049,715.119270970455,80,2
70,1089,618.351796676644,73,3
17,2020,169.216284545378,70,53
44,3531,856.478014623728,86,42
27,5938,738.144896732867,52,25
11,7870,524.539620192779,75,64
48,5533,1558.75320101822,71,23
0,7991,516.475695723594,66,66
16,6772,545.774936451565,84,68
12,2415,167.098301395211,80,68
24,3661,403.853714194286,81,57
57,2471,954.900476698543,63,6
1,1517,73.4725259992155,83,82
1,4862,235.480172319173,65,64
97,2642,2433.8152747714,97,0
23,6326,670.716300259457,80,57
27,1452,180.496192330098,90,63
5,8849,478.034578435649,79,74
65,2936,1454.88889414522,85,20
96,9861,8910.41190083908,96,0
51,3697,1161.36328738465,56,5
85,7566,5835.20999475883,85,0
38,6887,1324.85243366982,87,49
43,1319,307.974204881627,86,43
47,2381,646.422249751116,91,44
78,3794,2586.42756345272,85,7
44,5021,1217.89184690618,85,41
67,2799,1467.44504764545,69,2
71,1010,588.172788614246,80,9
4,5514,288.855409217022,78,74
16,7000,564.15011151225,47,31
50,9647,2923.47277009847,75,25
12,4687,324.302169208842,32,20
83,4462,3333.2681779661,93,10
16,3746,301.900902532127,64,48
86,1247,976.285735287195,96,10
11,2276,151.696591557658,50,39
48,2928,824.87427662775,76,28
32,4241,643.490241133792,75,43
84,1299,986.310556694249,85,1
36,7994,1421.46633709156,81,45
76,2659,1738.98725567553,79,3
64,1443,694.5386234088,78,14
66,7009,3573.61824938763,76,10
0,8572,554.026988329701,74,74
43,2011,469.549754372215,57,14
55,4361,1575.5650377048,56,1
9,8284,513.037547106466,74,65
25,1469,168.616923348543,73,48
48,7477,2106.41563058254,67,19
37,6193,1145.477549077,89,52
17,9619,805.787842099996,65,48
40,7003,1456.5377915493,58,18
71,2371,1380.75018000433,87,16
36,3235,575.236877719688,79,43
25,8977,1030.41124635798,55,30
89,5142,4197.68248847663,93,4
95,7621,6755.66873133956,96,1
9,4739,293.491662933069,76,67
18,1172,102.071438780893,77,59
42,6686,1502.39856298031,65,23
13,4033,289.783949595255,77,64
8,1781,106.431224881523,61,53
21,3963,388.241996439053,71,50
79,9846,6845.64253894167,82,3
77,5697,3805.30873565322,92,15
51,3220,1011.52009342131,91,40
14,1927,143.83287265115,58,44
15,6127,475.160684109334,85,70
96,6057,5473.11275564165,96,0
55,3023,1092.16535404302,80,25
16,1109,89.377496238155,80,64
18,2258,196.652993828717,87,69
46,9978,2609.78650113422,68,22
48,1810,509.912035756908,92,44
80,1620,1147.93133590437,88,8
94,4627,4036.76707492817,98,4
98,6916,6484.72940690921,99,1
16,4958,399.579464696819,69,53
19,9594,868.871776818755,88,69
32,5567,844.685256399864,72,40
95,9932,8804.26477360773,96,1
26,5107,610.022998417505,83,57
35,6910,1181.07829954261,80,45
61,3436,1510.19332509493,81,20
44,6656,1614.47682394096,80,36
39,5820,1164.25994029526,70,31
35,6167,1054.08247080742,71,36
14,6110,456.055449869502,83,69
6,3888,216.938826717351,72,66
24,8907,982.552590092461,87,63
4,7467,391.164914875499,81,77
88,5536,4458.85729903424,95,7
44,4647,1127.1745494071,72,28
2,1897,94.054953336949,85,83
63,1084,506.475561194631,93,30
72,1524,909.597056546403,80,8
67,3287,1723.29112955005,82,15
91,2608,2185.21536019167,92,1
97,7846,7227.74967670567,98,1
87,4450,3534.61337592328,91,4
80,9928,7034.97673015963,80,0
7,1692,97.6462889377593,38,31
38,5379,1034.75842031508,73,35
16,4349,350.498404995253,58,42
44,9480,2299.46518794476,90,46
74,5942,3717.58355052197,88,14
46,8948,2340.38580999689,73,27
78,2331,1589.07818935379,87,9
30,4680,655.704132062698,53,23
82,8171,6001.56511100191,82,0
71,7394,4305.8906920928,89,18
36,2594,461.256402103515,92,56
46,1691,442.287930789533,82,36
67,6448,3380.52363959194,86,19
87,8135,6461.59096924402,93,6
62,9090,4120.41217935427,88,26
88,5946,4789.08336344971,95,7
37,1871,346.066283598104,66,29
22,8020,817.34303426772,86,64
51,1771,556.33605138172,80,29
99,5547,5282.85714285714,99,0
51,5705,1792.14973073558,63,12
67,7326,3840.83687711702,82,15
0,6221,402.076749229943,74,74
39,1770,354.079054007322,84,45
95,5357,4748.73604432306,96,1
9,7695,476.560106830547,55,46
0,2899,187.368669991578,0,0
10,7900,507.434976288027,82,72
72,3971,2370.08524379644,91,19
67,1169,612.877192103439,81,14
20,7678,723.163366545615,41,21
66,6739,3435.95568306795,83,17
74,5684,3556.16709881637,79,5
26,2676,319.643928679311,81,55
82,5865,4307.81781618238,87,5
34,8151,1339.07949688424,83,49
51,5802,1822.62098820821,84,33
37,7181,1328.22126270336,87,50
57,8615,3329.20583033507,69,12
86,3622,2835.69120546128,90,4
14,4868,363.35154336575,80,66
70,4316,2450.694540364,94,24
63,3306,1544.65701596813,92,29
85,7696,5935.47133487496,86,1
71,4657,2712.00066987776,77,6
70,2550,1447.93120433925,82,12
26,6999,836.019378485239,79,53
81,7500,5412.60396399933,83,2
89,2936,2396.80976004811,97,8
12,1630,112.782704461364,86,74
63,7710,3602.33079041569,73,10
30,2689,376.749660494999,83,53
11,6327,421.6978623837,52,41
58,5091,2033.27683660398,76,18
92,5196,4410.35369028542,97,5
40,6852,1425.13165039209,56,16
22,9047,922.007784416466,84,62
80,7596,5382.52248612939,85,5
57,2232,862.540616750768,79,22
12,3392,234.698732228801,89,77
62,9752,4420.49060209713,88,26
94,2916,2544.02697006495,94,0
74,9014,5639.56548710956,90,16
60,1598,680.645991718486,72,12
35,4136,706.937749190772,84,49
72,6552,3910.55112499477,92,20
23,7424,787.132123478692,54,31
86,7320,5730.88338596814,89,3
79,4389,3051.54632372689,91,12
49,5319,1554.41520245211,70,21
4,9812,514.009661813097,82,78
75,2475,1583.72939332483,88,13
37,6470,1196.71237567062,91,54
32,7628,1157.40239551251,78,46
79,1366,949.740778813154,79,0
56,8546,3193.966613049,74,18
20,2821,265.699903233287,86,66
41,1875,405.390176941002,81,40
87,6496,5159.74123370733,89,2
49,5261,1537.46538448967,71,22
89,7193,5872.02064169824,91,2
20,4688,441.545957588675,74,54
90,1061,877.589415161322,90,0
73,7864,4807.18611076644,87,14
69,9192,5085.72881007923,86,17
25,9984,1145.99820470514,64,39
85,2997,2311.40951021573,89,4
30,2993,419.342407534969,66,36
91,4118,3450.42824128423,91,0
88,9131,7354.37608336012,88,0
74,4817,3013.73274366616,74,0
22,7221,735.914470130574,78,56
89,7822,6385.50611140882,94,5
23,5456,578.474254539298,83,60
99,7519,7160.95238095238,99,0
7,2623,151.37483208259,52,45
72,3736,2229.82585515575,81,9
95,3509,3110.56837400217,96,1
34,5527,907.998083582285,67,33
97,6217,5727.11187102717,98,1
91,3438,2880.66350012997,93,2
95,7710,6834.56317000761,96,1
92,3884,3296.73089550973,94,2
55,2153,777.847174083566,56,1
45,4027,1014.45050571081,83,38
34,9904,1627.06948069458,74,40
6,6058,338.018367349206,88,82
45,8325,2097.16922275701,66,21
90,1618,1338.30317976533,90,0
19,8002,724.69376257074,75,56
22,5856,596.803093350594,77,55
47,7027,1907.77368710672,70,23
48,2979,839.241963823111,90,42
27,6036,750.327146628424,72,45
83,1759,1314.0337797047,84,1
82,1098,806.476378886318,84,2
38,1648,317.025818308096,80,42
63,6665,3114.077135943,85,22
28,9825,1271.02238037048,78,50
45,4970,1252.00372818046,54,9
74,1540,963.493548940395,87,13
19,2091,189.369489819472,68,49
81,3480,2511.44823929569,92,11
32,6763,1026.15527016926,91,59
40,3973,826.335091507266,82,42
92,1958,1661.94621354481,94,2
86,5729,4485.27744784309,90,4
97,5234,4821.57045728747,97,0
33,5046,796.69122196558,79,46
16,5624,453.254318163556,87,71
68,1857,1000.46690585144,87,19
42,1354,304.254809194636,70,28
36,4249,755.542965511886,71,35
1,3206,155.275490015481,81,80
45,9664,2434.47968393078,82,37
17,4855,406.705475974164,79,62
53,5689,1918.15470991386,74,21
75,4918,3146.98228540264,84,9
6,2330,130.007064365079,78,72
45,8220,2070.71843976728,76,31
68,8596,4631.13275320353,91,23
67,9135,4789.24991434125,84,17
80,7706,5460.46844103647,81,1
76,8170,5343.18385816814,79,3
59,9017,3719.99213870343,82,23
44,8541,2071.70170572112,88,44
32,4480,679.753897731523,72,40
74,8950,5599.52419676398,80,6
10,9470,608.279648790837,56,46
12,7394,511.604488826579,91,79
74,8600,5380.54839018662,81,7
74,9157,5729.03274522545,78,4
38,2652,510.165333830747,43,5
67,3422,1794.06822188021,79,12
32,2765,419.535608756174,68,36
31,8368,1220.10628402083,78,47
52,5158,1678.99769626924,83,31
61,6093,2677.99997957025,68,7
7,4771,275.337142152512,68,61
17,6193,518.790321876003,49,32
32,1807,274.177520803764,62,30
90,4017,3322.59819104904,98,8
15,1052,81.5846319051769,82,67
36,2589,460.367318830377,84,48
98,9029,8465.96613866154,99,1
26,2984,356.434037062431,75,49
91,6909,5788.97734799242,93,2
92,1594,1352.98379182351,92,0
99,7076,6739.04761904762,99,0
3,6064,308.669876288061,89,86
25,6436,738.746438850388,68,43
46,1218,318.572856121615,58,12
25,2931,336.430362378883,84,59
43,5684,1327.16101633599,76,33
1,8841,428.194200632211,71,70
2,5227,259.159325826164,69,67
89,3707,3026.21722769017,92,3
86,6774,5303.41585471969,88,2
26,3744,447.214823981817,89,63
31,5033,733.84260605603,76,45
37,3709,686.02877919047,81,44
25,9820,1127.17371496439,76,51
70,5993,3402.92223827652,84,14
16,1831,147.56555059699,83,67
21,2838,278.029469062335,74,53
57,3845,1485.87306066609,83,26
4,4018,210.486223110989,50,46
97,6170,5683.81538430716,98,1
1,6055,293.260477867667,67,66
85,9700,7481.03845481901,90,5
59,9110,3758.35958562584,84,25
50,8340,2527.39327279167,61,11
94,8354,7288.34064057703,98,4
27,2119,263.410076823332,83,56
26,7633,911.749666520621,72,46
61,8580,3771.08810515555,95,34
29,1610,216.756808131134,72,43
21,1807,177.02581063976,41,20
89,3230,2636.81727689216,92,3
99,4342,4135.2380952381,99,0
90,2527,2090.16819237763,90,0
7,2991,172.612322820826,77,70
40,9856,2049.92667049978,58,18
27,5714,710.299754114449,60,33
50,2769,839.130931937666,89,39
41,7453,1611.39892732869,88,47
74,4089,2558.26306598524,74,0
90,5173,4278.7653578035,98,8
40,8635,1795.97370127492,77,37
24,7485,825.688350380832,91,67
31,4120,600.721545191902,92,61
4,5579,292.260487490345,84,80
54,3187,1112.56134236867,63,9
50,1883,570.633277298167,70,20
80,6722,4763.20644441308,86,6
6,2055,114.6628829486,89,83
90,8892,7354.87754911826,91,1
5,4943,267.027338818784,69,64
76,2388,1561.75312769957,89,13
9,5264,326.005510377648,49,40
23,2778,294.53839426506,55,32
24,1665,183.67015409273,78,54
59,1093,450.920639636558,61,2
96,6880,6216.77658227086,98,2
37,2067,382.319085086735,37,0
28,5543,717.076544976445,59,31
93,3720,3199.77360685348,93,0
48,5148,1450.29124866109,57,9
47,3629,985.244159742461,63,16
80,3950,2798.96838075449,90,10
40,2402,499.586430858408,57,17
55,5825,2104.48666467105,88,33
18,4080,355.334018964201,69,51
49,3033,886.358584139359,56,7
20,6402,602.981489010814,78,58
81,6926,4998.35934062125,96,15
28,4146,536.352039594505,88,60
88,1451,1168.6780962606,91,3
5,4636,250.442796432102,57,52
92,1003,851.344255457328,93,1
83,1200,896.441464266993,96,13
9,6963,431.226513822105,59,50
83,4089,3054.62428948978,94,11
23,1550,164.339276857755,75,52
83,6191,4624.89092106413,92,9
28,8323,1076.71442970214,73,45
98,8788,8239.99450953125,98,0
98,8141,7633.34038485365,98,0
61,6352,2791.835855938,61,0
41,6797,1469.56641742293,53,12
9,9406,582.524283930881,85,76
80,5772,4090.03683385187,88,8
96,6073,5487.57037560042,98,2
76,1037,678.198489708735,84,8
1,3006,145.588934181702,79,78
45,7386,1860.62364916315,87,42
64,5741,2763.23370546772,85,21
10,4042,259.626857488127,73,63
76,4278,2797.81402022562,83,7
10,7507,482.191692024584,56,46
22,1577,160.716953246907,91,69
31,5761,839.989519866638,56,25
99,8005,7623.80952380952,99,0
70,5143,2920.27850349677,78,8
54,7320,2555.36524196382,62,8
35,3001,512.94008349166,77,42
99,2656,2529.52380952381,99,0
79,9094,6322.79842059065,90,11
95,5639,4998.71617583306,98,3
43,1405,328.054403228723,52,9
0,4401,284.44619407828,87,87
2,5147,255.192854415011,66,64
4,9532,499.341632328011,79,75
61,2736,1202.52879437128,90,29
37,7033,1300.84669831399,77,40
70,7535,4278.49475478284,83,13
98,1679,1574.30027099488,99,1
91,7141,5983.36767144505,92,1
12,1477,102.196352447506,68,56
87,1690,1342.35878771019,87,0
9,8766,542.888355617489,78,69
98,4737,4441.60832859007,98,0
67,6602,3461.26195232413,74,7
28,5969,772.186522995562,77,49
23,5102,540.941284211785,55,32
25,7746,889.112789828326,67,42
56,2594,969.476877398678,83,27
92,3305,2805.27693348601,92,0
14,2622,195.708247063475,48,34
11,6396,426.296748507372,65,54
80,3734,2645.91086930057,88,8
13,2537,182.291564622654,86,73
94,3287,2867.70118333454,97,3
46,4531,1185.10148693517,66,20
43,8702,2031.83588391199,75,32
8,8198,489.906334406919,68,60
18,1692,147.359107864566,84,66
73,1192,728.657915060223,77,4
6,2180,121.637510865181,77,71
59,1328,547.870639924382,79,20
80,1959,1388.14659693621,87,7
48,4361,1228.5781148817,71,23
85,2254,1738.37738939815,94,9
21,6102,597.79274849132,37,16
85,1972,1520.88740545393,90,5
6,7624,425.396505888139,73,67
37,6566,1214.46884986914,64,27
94,8176,7133.04681318624,97,3
61,5127,2253.42292717162,82,21
96,3028,2736.10457719711,96,0
83,4172,3116.62815743491,87,4
55,1199,433.181031921131,88,33
34,5874,965.004657673665,73,39
76,5780,3780.1227295241,82,6
83,6165,4605.46802267167,91,8
89,6579,5370.7804534593,96,7
37,8816,1630.63621389679,89,52
37,9323,1724.41259325768,62,25
77,8182,5465.16343252846,85,8
87,7691,6108.92392679235,97,10
10,4573,293.73419576774,72,62
22,6341,646.230945173517,85,63
26,3106,371.006742331069,67,41
73,6694,4091.97658004458,82,9
93,4374,3762.31445063901,93,0
77,1300,868.334449069542,78,1
37,7133,1319.3430256041,82,45
30,3850,539.414724025937,58,28
33,3271,516.444111583316,64,31
41,3634,785.700214935255,88,47
58,2920,1166.20867469723,81,23
7,4973,286.994677829478,64,57
65,2347,1163.01915346009,85,20
49,4962,1450.08615051088,90,41
91,8946,7495.75790347954,91,0
70,8492,4821.89481852898,79,9
29,9906,1333.66021201678,88,59
6,7112,396.828429941821,87,81
6,5538,309.003915216227,48,42
20,9291,875.086069103323,49,29
95,5436,4818.76593932054,96,1
79,2591,1801.44828543549,85,6
34,8833,1451.12123616471,57,23
62,9041,4098.20093658328,68,6
61,1668,733.120624638631,64,3
84,4021,3053.08294724217,84,0
21,8369,819.883236991783,88,67
16,1010,81.3988018039103,79,63
92,1328,1127.20356056563,92,0
14,3039,226.83347171087,77,63
10,5546,356.232199809291,84,74
40,1895,394.136672138502,78,38
21,9375,918.43772813932,88,67
41,2306,498.575865613841,91,50
95,8734,7742.29244187373,95,0
58,6120,2444.24557847503,84,26
72,6855,4091.39620907191,79,7
46,5779,1511.52096512875,73,27
22,5144,524.240968612612,81,59
33,6452,1018.67851052753,89,56
67,8641,4530.25818388864,70,3
14,9049,675.424838931116,80,66
48,1073,302.284869816112,80,32
41,7141,1543.94200188571,64,23
52,6003,1954.05645031102,64,12
35,4854,829.660501588977,83,48
61,1554,683.015258206495,86,25
97,3839,3536.49388336389,97,0
22,3448,351.396356877194,47,25
18,1274,110.954789254998,85,67
30,6688,937.040434879342,89,59
63,6278,2933.25975385599,92,29
48,6212,1750.04064426625,78,30
17,8656,725.116910408313,76,59
51,3992,1254.03360650244,78,27
57,2014,778.296058304681,81,24
6,2572,143.509944011581,70,64
2,6529,323.713648042667,73,71
97,9965,9179.77638648636,97,0
91,5283,4426.56930517353,95,4
48,3693,1040.38958455816,66,18
59,7766,3203.88809461804,74,15
0,6607,427.024768069801,85,85
3,5333,271.460496412307,71,68
73,4037,2467.77852608903,87,14
12,5926,410.030862968124,86,74
80,3186,2257.59829394526,96,16
65,6916,3427.11566481892,79,14
53,5034,1697.3089839526,79,26
94,5454,4758.2726662326,97,3
65,9732,4822.54043522523,75,10
83,4312,3221.21299493273,85,2
87,4209,3343.18824702496,92,5
14,4919,367.15822551687,52,38
84,6188,4698.45244405236,88,4
6,6642,370.603828975475,78,72
32,5769,875.33487411008,86,54
89,9187,7499.82672532765,94,5
36,1663,295.709096645391,67,31
26,9214,1100.59759299371,75,49
51,1978,621.362343101661,57,6
77,5014,3349.0991751036,80,3
74,7003,4381.3930670322,76,2
59,9465,3904.81596903936,78,19
16,4698,378.625317697793,59,43
49,8840,2583.38604806856,86,37
19,3579,324.12883982013,85,66
97,6229,5738.16629316844,98,1
22,7741,788.909280332471,54,32
57,4960,1916.75692611282,60,3
43,6300,1470.99127426402,85,42
21,6758,662.058897788322,67,46
58,7544,3012.97200065614,74,16
9,3399,210.503938026905,59,50
50,4793,1452.49351996289,89,39
5,8964,484.247029166817,80,75
85,6831,5268.34780256378,90,5
30,4425,619.976663328512,72,42
85,5454,4206.34883841061,96,11
40,2399,498.962467789059,63,23
78,2333,1590.44161980369,83,5
92,6784,5758.2446949377,93,1
68,5048,2719.63217056438,94,26
58,4814,1922.64676712072,90,32
61,1172,515.118328583019,68,7
74,7610,4761.15968015351,81,7
50,2647,802.159471592272,61,11
39,4975,995.222199822839,90,51
46,8658,2264.53512996794,79,33
64,6079,2925.91842806798,74,10
16,8019,646.274249173819,65,49
21,1701,166.641341393598,82,61
76,2130,1393.02100586269,78,2
4,1642,86.0175157661135,78,74
82,7126,5234.01700905638,86,4
4,2340,122.58281783965,25,21
19,7255,657.042395332507,84,65
80,6500,4605.89733541877,96,16
18,8794,765.884157541957,62,44
73,7812,4775.39902051213,78,5
97,8352,7693.87781032956,97,0
25,1859,213.382478219837,72,47
35,1028,175.708898976817,89,54
2,3781,187.465355069586,81,79
90,5743,4750.23186736237,98,8
63,1049,490.122567982627,90,27
26,5986,715.018145394005,62,36
44,2292,555.946646705631,86,42
86,7524,5890.59652951151,93,7
72,2384,1422.88673412508,78,6
58,7540,3011.37445452642,64,6
25,4762,546.598903325909,70,45
75,7341,4697.43736420105,78,3
13,4258,305.950919260252,83,70
21,4282,419.493370868541,82,61
68,1651,889.483501109705,85,17
97,5987,5515.23544665267,98,1
49,3313,968.185291544245,71,22
77,6902,4610.18797498306,84,7
30,3806,533.249984322784,72,42
89,6326,5164.24337263772,98,9
12,8392,580.657948367954,70,58
65,9870,4890.92417752497,93,28
23,6992,741.329176638337,70,47
58,6623,2645.1370042876,80,22
99,7302,6954.28571428571,99,0
32,4040,612.99235420432,76,44
69,7318,4048.88636120102,80,11
25,3491,400.7091078351,52,27
70,5681,3225.76359680442,84,14
62,1220,553.014615930937,75,13
50,2856,865.495825790529,78,28
68,4453,2399.07330735404,82,14
46,5400,1412.39197295297,92,46
28,3456,447.089399141006,78,50
53,7089,2390.19137609058,78,25
75,1928,1233.70920013345,87,12
85,6721,5183.51128400398,85,0
16,3683,296.823551528517,89,73
65,1462,724.471240885665,77,12
20,3271,308.083794213429,51,31
8,1628,97.2880595772706,77,69
21,6424,629.338022993812,70,49
16,8416,678.26961978387,69,53
94,1989,1735.27765550727,96,2
71,2459,1431.99691802221,74,3
1,1946,94.250188262672,87,86
67,2573,1348.95895233717,75,8
35,8870,1516.08748436222,51,16
53,7037,2372.65858563259,79,26
36,7874,1400.12833853627,76,40
41,7665,1657.23504333482,70,29
33,9675,1527.54410870333,53,20
5,3178,171.679725423041,61,56
8,1106,66.0937308921753,81,73
41,5206,1125.57933928259,85,44
10,8427,541.285385465722,77,67
77,2045,1365.95688334401,80,3
30,8884,1244.71698915492,90,60
79,1476,1026.22063655067,79,0
96,8765,7920.06493366338,96,0
65,4455,2207.60559380686,75,10
20,7929,746.804159070094,63,43
15,4823,374.032965474019,70,55
32,2787,422.873685932535,67,35
87,4395,3490.92714318715,88,1
16,6673,537.79624201732,78,62
72,7128,4254.33583928003,76,4
54,8888,3102.74402603475,84,30
20,9517,896.372201017794,81,61
13,6317,453.896654994601,77,64
14,7648,570.853041015049,73,59
98,8740,8194.98771202812,98,0
54,3543,1236.83866834396,64,10
79,4793,3332.43598305377,91,12
34,1339,219.976376681144,79,45
61,8891,3907.77906094848,82,21
60,9969,4246.15762918748,84,24
88,1092,879.528932540713,99,11
21,5904,578.395343673018,36,15
62,2595,1176.28928552523,79,17
49,4620,1350.14067218063,70,21
32,9195,1395.1645289378,60,28
60,7882,3357.22885276915,86,26
63,9509,4442.87464151268,74,11
2,5516,273.488203798951,78,76
40,4890,1017.05980303814,70,30
22,9326,950.441538351715,89,67
39,5185,1037.23157911184,88,49
69,5607,3102.22818082183,73,4
47,6255,1698.18192868258,88,41
67,6046,3169.76518687544,89,22
73,9808,5995.53425411969,79,6
86,3707,2902.23834860435,87,1
50,9838,2981.354318672,67,17
92,2291,1944.59590154809,95,3
73,3397,2076.5527998822,77,4
52,8427,2743.10073409479,91,39
10,2330,149.661201867228,89,79
72,9155,5464.14767236373,78,6
65,2458,1218.02346791858,88,23
72,6080,3628.8386507888,87,15
30,9641,1350.77853359326,40,10
62,6583,2984.01247268308,68,6
47,4127,1120.44713344093,77,30
94,4307,3757.58716051775,98,4
41,7446,1609.88547066811,56,15
70,4272,2425.71062938717,82,12
46,2134,558.15638338549,90,44
51,8510,2673.30310404203,84,33
82,5037,3699.65530095663,85,3
64,6364,3063.09341605932,86,22
58,7888,3150.36096781226,70,12
70,2066,1173.10818359407,88,18
42,2040,458.404586969762,79,37
55,6145,2220.09794925384,69,14
8,9744,582.294135455114,73,65
50,3135,950.045312973847,79,29
74,3434,2148.46548510475,95,21
31,8709,1269.82619831948,71,40
2,2602,129.009482647729,71,69
92,1140,967.629562533752,93,1
37,6610,1222.60723387679,78,41
18,3287,286.2703236116,64,46
59,7957,3282.68575442644,81,22
25,8135,933.763561225592,77,52
14,1609,120.097089826518,60,46
92,1249,1060.14852947777,96,4
62,9815,4449.04791423126,76,14
30,5406,757.422337164732,64,34
86,5880,4603.49649036785,90,4
20,3926,369.775902195635,68,48
95,1688,1496.33497159181,95,0
87,3308,2627.52832529308,91,4
57,4363,1686.05049770771,75,18
93,3604,3099.99572018816,96,3
86,3140,2458.32975846174,91,5
33,9760,1540.96439286248,77,44
80,6110,4329.54349529365,94,14
61,2515,1105.39470681424,82,21
60,1291,549.883589054171,72,12
28,4048,523.674157327197,70,42
74,5287,3307.78596964147,76,2
97,2262,2083.75857363092,97,0
79,6265,4355.87553386853,87,8
0,6658,430.321008900974,76,76
42,2753,618.621484278311,83,41
66,4345,2215.34759503342,79,13
13,4986,358.260047776331,88,75
70,2586,1468.37258604757,70,0
72,3910,2333.67748759609,84,12
91,1923,1611.26117241126,93,2
55,8755,3163.0524891322,71,16
93,9000,7741.38775851649,97,4
58,9950,3973.89599768407,88,30
83,6015,4493.4128396383,87,4
7,3194,184.327569070451,87,80
18,6974,607.377315749102,65,47
62,1128,511.311874401718,92,30
68,4566,2459.9525536444,74,6
32,6012,912.205453830785,77,45
5,3987,215.382965784036,82,77
57,1789,691.346399358031,70,13
28,4462,577.231741599296,35,7
13,1217,87.4453425880053,13,0
26,6698,800.065408929009,70,44
73,8357,5108.55217798514,74,1
40,5979,1243.55839721166,89,49
40,1755,365.018395568903,68,28
31,2188,319.023966232981,92,61
38,5824,1120.36308605968,82,44
79,6865,4773.03839425498,87,8
31,4757,693.600094776184,75,44
46,7620,1993.04200627809,85,39
78,7574,5163.31111375617,89,11
3,3553,180.854892884479,57,54
40,7216,1500.83916947305,73,33
54,1419,495.363835839707,74,20
52,4985,1622.68389218732,67,15
38,5394,1037.6439708458,75,37
6,1435,80.0687284823557,84,78
93,2544,2188.23227307399,94,1
96,4656,4207.1674080019,97,1
78,8177,5574.38539439982,78,0
55,1749,631.887927297797,87,32
82,2937,2157.2141391522,93,11
8,2585,154.477662166612,64,56
19,4300,389.425540996524,72,53
84,6388,4850.30934269658,94,10
44,6057,1469.18361217103,53,9
4,8439,442.083931516585,63,59
70,2277,1292.91739305116,90,20
18,8997,783.563766818852,76,58
57,7273,2810.59942008438,68,11
77,8369,5590.07000327923,84,7
73,3570,2182.30600399748,74,1
71,5860,3412.56687255394,71,0
92,2341,1987.03579464168,94,2
14,3659,273.110784136253,78,64
58,2384,952.137493314455,82,24
96,2684,2425.26574808357,97,1
12,5864,405.740968687998,88,76
37,4407,815.133143675492,47,10
30,4672,654.583270298488,60,30
68,9576,5159.11205731468,70,2
11,7621,507.94363983344,77,66
66,6260,3191.73209318969,88,22
23,4829,511.996366416838,64,41
58,8968,3581.69842283726,58,0
77,6300,4208.08233010624,84,7
97,4172,3843.25409778436,97,0
50,6757,2047.67342257234,78,28
26,6465,772.233930833986,85,59
65,6755,3347.33463213588,65,0
56,6701,2504.41964358078,87,31
93,1081,929.82668521737,93,0
54,5668,1978.66259446051,88,34
65,4444,2202.15471579746,73,8
93,2138,1839.00966974536,97,4
52,9771,3180.59063401449,74,22
43,1465,342.063843935999,78,35
65,6580,3260.61611834998,93,28
74,5754,3599.96226013184,86,12
93,8298,7137.5595133522,94,1
53,6511,2195.30766676905,84,31
26,6350,758.497364392237,68,42
43,9706,2266.26052508042,76,33
2,7315,362.684229657239,79,77
68,8259,4449.57252311632,88,20
71,5870,3418.39036551052,88,17
5,1294,69.9035760533089,74,69
87,2843,2258.18108488761,90,3
75,3139,2008.61679420067,96,21
60,6738,2869.95787997444,80,20
36,9757,1734.95709919969,76,40
60,5545,2361.81603509324,67,7
31,6382,930.535170246291,46,15
69,6515,3604.6043513562,70,1
64,4168,2006.12403490497,74,10
12,5854,405.04905025572,87,75
48,6778,1909.49380019907,69,21
74,2225,1392.06048467038,90,16
75,5822,3725.44344563118,76,1
82,5101,3746.6630316021,84,2
2,6278,311.268843990177,70,68
4,2795,146.418365752915,36,32
62,2240,1015.3710981027,90,28
51,1895,595.288999078689,78,27
39,9563,1913.02711495594,84,45
39,2467,493.51018431416,62,23
27,1014,126.0489938173,82,55
12,3016,208.682599175137,79,67
83,6297,4704.07658374104,89,6
83,3276,2447.28519744889,92,9
94,1741,1518.91322183919,95,1
58,5712,2281.29587324336,89,31
1,5269,255.192313440914,83,82
79,5458,3794.79148664875,85,6
24,8966,989.061021979231,89,65
68,7317,3942.06588589928,72,4
88,9409,7578.28546362231,92,4
53,9572,3227.38212045974,73,20
64,7389,3556.44205708082,89,25
55,7079,2557.53838612985,63,8
61,1306,574.014110178688,73,12
90,5746,4752.71327004426,91,1
34,7076,1162.4741160536,79,45
48,7881,2220.23025071834,80,32
91,8932,7484.02745292637,95,4
81,8600,6206.4525453859,88,7
25,4284,491.732402740066,74,49
18,6505,566.531321902482,58,40
59,3349,1381.64064239967,66,7
42,6339,1424.42484156927,71,29
60,2462,1048.6548383047,61,1
90,5704,4717.97363249781,92,2
6,7667,427.795777891443,86,80
79,3839,2669.14703503931,89,10
41,4159,899.209464478735,42,1
56,1750,654.041840959016,87,31
95,5281,4681.36551242674,96,1
0,4164,269.1283690393,84,84
65,7455,3694.2086872795,82,17
99,9949,9475.2380952381,99,0
93,6583,5662.39506825712,93,0
20,3476,327.392011215493,70,50
57,3145,1215.36301060984,91,34
9,3233,200.223369120618,69,60
35,7791,1331.66150965796,80,45
23,3350,355.184888692567,67,44
89,4162,3397.65743232978,91,2
70,3286,1865.84389704266,89,19
74,8527,5334.8762933862,75,1
94,3745,3267.27743583445,96,2
2,7364,365.11369339657,79,77
16,1342,108.155635664206,56,40
42,9372,2105.96460249049,73,31
50,4040,1224.30081799501,67,17
87,3571,2836.42794728585,89,2
63,4845,2263.72148891881,88,25
32,7373,1118.71104642288,81,49
62,4582,2076.97784442258,63,1
57,7124,2753.01942371527,93,36
17,2534,212.274289622766,67,50
52,9869,3212.49093921697,82,30
24,6641,732.584680678572,81,57
46,8029,2100.01762052582,78,32
36,8094,1439.2480025543,82,46
91,3791,3176.43843193505,93,2
43,3900,910.613645972968,75,32
0,5409,349.595424623817,85,85
10,4997,320.968680571047,80,70
92,9871,8378.48369453567,93,1
16,3732,300.772602309102,89,73
36,2798,497.530999647507,67,31
61,4177,1835.87820690381,89,28
13,4913,353.01476428502,39,26
8,4179,249.733907231827,79,71
95,9468,8392.94994729339,99,4
37,2981,551.375516518412,90,53
14,6523,486.882111210926,77,63
64,2726,1312.06672724351,75,11
44,6009,1457.54075045992,71,27
14,4022,300.20540415305,79,65
51,4735,1487.43715600928,74,23
14,1301,97.107715266812,81,67
18,1570,136.733923964166,77,59
19,8417,762.277855480869,76,57
6,1159,64.6687500425437,90,84
32,1886,286.164252482512,86,54
55,5267,1902.88948717981,85,30
95,4873,4319.69213066759,95,0
46,3513,918.839444626629,76,30
60,1057,450.214526437071,76,16
9,9232,571.748265920677,61,52
62,6253,2834.42655198045,76,14
66,3859,1967.55497565799,74,8
63,4132,1930.58765577142,76,13
64,4940,2377.69979184995,69,5
48,8954,2522.51512053445,91,43
32,3535,536.36830992878,50,18
36,5359,952.919452148317,75,39
21,2450,240.018392953742,71,50
53,4790,1615.03973641895,71,18
50,9620,2915.29056166138,63,13
95,2660,2357.96861637098,96,1
45,5133,1293.06541986928,71,26
97,1425,1312.71262927678,97,0
91,1814,1519.93123596154,93,2
73,3458,2113.84150191129,89,16
98,5589,5240.47898427061,98,0
49,8209,2398.98371816683,82,33
33,3924,619.543471064791,70,37
11,7999,533.137537728341,76,65
82,8224,6040.49338794269,93,11
61,6063,2664.81435682495,69,8
54,4474,1561.84482138608,78,24
87,4879,3875.3659912651,88,1
80,2809,1990.45624849097,87,7
3,6333,322.362520866143,83,80
75,6171,3948.76528735658,79,4
10,5821,373.896075566152,72,62
75,9974,6382.26948243309,76,1
57,4055,1567.02607568296,78,21
77,4570,3052.52956326755,85,8
19,6068,549.542833201606,59,40
76,6671,4362.83715028638,79,3
19,8640,782.473645165108,83,64
51,1310,411.519044217986,81,30
47,1895,514.477179033333,91,44
85,5255,4052.87186392515,85,0
28,3634,470.116573055097,46,18
68,9021,4860.10336978234,86,18
2,5222,258.911421362967,87,85
59,5230,2157.65319789497,74,15
85,4395,3389.60453700305,88,3
33,8056,1271.9271668955,82,49
33,2856,450.921547747463,65,32
36,4642,825.424910780461,78,42
42,7415,1666.21079038274,73,31
21,3382,331.323348967166,62,41
60,7365,3137.01985544847,72,12
28,6064,784.476306826117,72,44
68,1617,871.165851783399,85,17
15,2122,164.565198576792,77,62
26,9579,1144.19626039579,83,57
55,4037,1458.50861206473,81,26
47,2343,636.105556978944,85,38
4,7088,371.310689251043,69,65
4,6717,351.875550183304,60,56
33,9558,1509.0714822725,57,24
69,3694,2043.80790083036,81,12
95,9923,8796.28668430422,97,2
66,5437,2772.11619659303,76,10
62,2987,1353.9792276932,73,11
27,3987,495.618676873348,63,36
17,3245,271.835070965224,60,43
52,2083,678.044242211871,65,13
92,3888,3300.12608695722,96,4
35,9720,1661.37207981971,54,19
41,3293,711.973254755584,64,23
56,1043,389.808937211573,87,31
33,1908,301.245907948935,87,54
78,2493,1699.51605579537,81,3
66,4585,2337.71432065092,73,7
84,4001,3037.89725737774,86,2
44,9504,2305.28661880031,87,43
19,4359,394.768821675313,71,52
43,6025,1406.78133768901,48,5
74,2996,1874.43290430222,83,9
84,5943,4512.42774321318,91,7
63,4257,1988.99120295714,69,6
56,7632,2852.36990297098,91,35
18,1791,155.981183324726,63,45
20,1999,188.278662376229,43,23
71,6319,3679.86519926081,90,19
38,5076,976.470299594597,87,49
67,1279,670.547415483575,76,9
96,4089,3694.82550071301,96,0
43,9827,2294.51289717342,75,32
17,3141,263.122945424273,71,54
60,4073,1734.83800016858,88,28
56,3320,1240.81080684796,85,29
33,2695,425.501950693072,77,44
52,8063,2624.61388619986,70,18
42,8491,1907.9967391962,44,2
85,8247,6360.42516875179,87,2
54,3294,1149.91435888372,54,0
17,4690,392.883353721695,74,57
12,2887,199.756851398747,85,73
57,3122,1206.47482325085,62,5
78,5634,3840.78357735705,94,16
46,7656,2002.45795276444,74,28
86,8617,6746.31449957478,87,1
52,8476,2759.05088669602,69,17
34,8573,1408.40737661497,72,38
60,5015,2136.06986762716,66,6
97,3286,3027.06926301999,98,1
39,3757,751.567799946614,59,20
10,5289,339.72450501106,85,75
85,9443,7282.8294978202,93,8
90,4448,3679.09304301372,90,0
85,7295,5626.20366267059,90,5
57,2035,786.411359806368,88,31
48,8853,2494.0614655005,74,26
1,1411,68.3386514073126,87,86
7,9998,576.990305437185,83,76
49,9488,2772.75642806272,76,27
80,3814,2702.59883650572,80,0
77,9133,6100.38347950164,92,15
24,3658,403.522776979704,89,65
50,1449,439.111852790783,68,18
69,3938,2178.80766471845,82,13
61,9339,4104.68436061162,71,10
29,8387,1129.15487564958,53,24
58,7415,2961.4511379726,80,22
43,7067,1650.07862463871,43,0
69,9963,5512.30593285676,79,10
98,4096,3840.58005360036,99,1
53,4811,1622.1202864116,60,7
59,5272,2174.98043198896,71,12
26,2808,335.411117986362,79,53
41,8339,1802.95929893921,72,31
98,9884,9267.64971918603,99,1
55,4370,1578.81660508369,77,22
33,1583,249.933056752183,53,20
7,1941,112.016221529664,68,61
97,9707,8942.10631044888,98,1
4,9843,515.633622220375,73,69
35,9681,1654.70608073401,65,30
45,3794,955.754958695506,58,13
31,6441,939.137736063359,84,53
50,1586,480.628984490119,71,21
37,5508,1018.77770713969,92,55
51,8892,2793.30331388269,78,27
19,2099,190.094002453884,88,69
73,5490,3355.98318261797,73,0
75,1444,924.002118772145,81,6
63,2684,1254.04096517195,68,5
7,2711,156.453362476516,84,77
38,5255,1010.90453592782,69,31
59,2807,1158.0368119486,79,20
16,6430,518.212173860538,78,62
67,7652,4011.75044822542,81,14
68,3706,1996.62377656727,86,18
50,7154,2167.98219107333,72,22
41,5781,1249.8989935445,69,28
60,3287,1400.05217445473,65,5
79,6249,4344.75119092489,85,6
99,8229,7837.14285714286,99,0
0,4173,269.710058597742,76,76
51,5734,1801.25969430987,71,20
16,7848,632.492867878305,71,55
36,5590,993.99509936725,83,47
1,1586,76.8143877618694,51,50
76,1254,820.116592183948,78,2
59,2634,1086.66510960905,81,22
32,5841,886.259490323622,82,50
47,8514,2311.48216479673,58,11
46,5734,1499.75103202081,78,32
51,1486,466.807099013685,93,42
5,1760,95.077506842213,21,16
23,2662,282.239454835706,54,31
40,9835,2045.55892901434,74,34
99,5269,5018.09523809524,99,0
69,4547,2515.75379671782,76,7
64,4350,2093.7235009205,81,17
43,3768,879.79287641696,73,30
39,7836,1567.5499814697,65,26
99,9891,9420,99,0
11,3948,263.136266902299,39,28
31,4474,652.336940094313,70,39
33,1402,221.355745777991,89,56
84,1562,1186.00237841141,88,4
11,5429,361.845692252427,81,70
63,1438,671.874406824612,66,3
63,5843,2730.01540964966,82,19
77,5889,3933.55505428503,82,5
47,7708,2092.65968126065,68,21
11,1311,87.3788363497756,67,56
36,4629,823.113294270304,58,22
82,9987,7335.40946806708,86,4
79,4361,3032.07872357552,82,3
79,9739,6771.24849550608,82,3
17,4793,401.511708824751,66,49
92,2630,2232.3383767226,96,4
55,2810,1015.2115927426,89,34
36,6650,1182.48075327231,82,46
67,8506,4459.48109155847,81,14
33,4384,692.170891220195,50,17
19,9742,882.27526055538,51,32
43,2468,576.25499442597,43,0
79,4807,3342.16978312945,82,3
89,1243,1014.72565794952,89,0
15,3594,278.721641698865,53,38
6,4201,234.403295020471,64,58
33,1090,172.095408629109,78,45
53,8795,2965.40177073165,91,38
57,1570,606.715397983291,64,7
44,4454,1080.36054294367,80,36
6,6407,357.491528492301,61,55
5,1520,82.1123922728203,84,79
84,3765,2858.70611697756,87,3
87,4805,3816.58815085648,87,0
66,1622,826.995120631579,90,24
69,9086,5027.08137166883,80,11
80,7523,5330.79471605468,95,15
45,2710,682.682113353933,85,40
70,9704,5510.08800270905,76,6
30,7673,1075.04653959767,39,9
76,6795,4443.93320884364,78,2
99,1107,1054.28571428571,99,0
49,4996,1460.02225069576,80,31
20,6716,632.556026272513,81,61
75,5647,3613.4625794365,86,11
85,3253,2508.84722613673,85,0
14,6670,497.854312705331,77,63
60,4048,1724.18959604282,67,7
46,7394,1933.93078666931,74,28
40,1366,284.111184243374,92,52
64,9656,4647.58485629617,82,18
42,4034,906.472599919617,66,24
81,1728,1247.06395330545,87,6
79,4083,2838.7932649298,88,9
33,4794,756.904026576098,72,39
79,1483,1031.08753658851,79,0
82,1609,1181.80372825873,88,6
1,3678,178.1357617832,84,83
48,2839,799.801253875062,74,26
2,2691,133.422182092636,67,65
31,1333,194.359664985632,89,58
46,5162,1350.14210451542,57,11
63,9682,4523.70515081773,72,9
95,6075,5385.21027986981,97,2
71,3584,2087.13987563709,85,14
32,5548,841.802371565734,64,32
49,6287,1837.30181948043,75,26
67,8822,4625.15191508686,79,12
76,6439,4211.10904072762,78,2
26,5994,715.973732624735,74,48
28,5848,756.533219379804,75,47
64,8643,4160.01200424273,79,15
72,5704,3404.4236289637,89,17
62,7831,3549.7192273403,75,13
35,4904,838.206654262946,67,32
9,9063,561.281903600422,84,75
85,9362,7220.35897051707,91,6
19,2604,235.828862501151,77,58
27,3872,481.323179546928,91,64
20,3818,359.603768360401,91,71
30,1399,196.010701016178,64,34
15,5435,421.494747532924,70,55
92,5838,4955.28191760706,92,0
74,2779,1738.66790422426,84,10
91,8723,7308.90858395395,92,1
2,1779,88.2044080054993,88,86
5,9711,524.600948264051,75,70
62,5512,2498.53816640272,73,11
56,9431,3524.72491547684,90,34
42,2295,515.705160340982,69,27
72,2955,1763.68720609883,79,7
92,2182,1852.07693460408,95,3
22,9987,1017.80609516605,44,22
16,3603,290.376121682662,69,53
67,2039,1068.99623156451,75,8
53,3269,1102.20561552266,82,29
2,7202,357.081588788986,53,51
60,6065,2583.30284090902,74,14
50,4473,1355.51919774546,90,40
48,1449,408.211347962299,54,6
70,5327,3024.75667667262,74,4
49,4065,1187.94844857451,81,32
46,6933,1813.35436083018,86,40
51,8574,2693.40785124047,81,30
60,2473,1053.34013612004,93,33
75,5577,3568.67023295862,83,8
94,2802,2444.56912555624,96,2
43,3041,710.04515318046,88,45
80,4707,3335.37827043326,86,6
41,6316,1365.57032403166,60,19
80,2403,1702.76481492482,86,6
81,8985,6484.29954887119,92,11
9,7635,472.844238551167,70,61
41,6488,1402.75811626305,81,40
46,2069,541.155368896241,83,37
90,4012,3318.46251991256,94,4
48,7349,2070.35555291576,73,25
54,1226,427.98876866771,68,14
35,6324,1080.91739020369,71,36
80,7872,5578.09597298717,87,7
32,5840,886.107759542878,49,17
84,9343,7093.99502016502,88,4
28,4036,522.121763580179,78,50
65,9273,4595.09016192392,73,8
98,1765,1654.93744985465,98,0
83,5551,4146.7888067884,89,6
35,7867,1344.65166172239,71,36
95,8674,7689.10517985033,95,0
83,2237,1671.11629630439,87,4
78,9526,6494.01923285468,80,2
97,8936,8231.85968787176,97,0
37,2339,432.629095315856,47,10
43,2662,621.552186046164,75,32
45,4964,1250.49225486676,52,7
50,6384,1934.63772823765,81,31
98,5598,5248.91775880245,99,1
69,1530,846.514912904832,76,7
93,6167,5304.57092297458,94,1
17,7048,590.414046275161,72,55
40,3489,725.669049652366,72,32
15,7693,596.607008789473,62,47
38,5062,973.777119099261,71,33
17,5034,421.700384357145,85,68
94,2364,2062.44161770698,95,1
8,7638,456.44115420835,75,67
69,3818,2112.41433821611,92,23
52,3195,1040.01505226449,70,18
17,8756,733.493954197688,77,60
82,6538,4802.13348375113,82,0
0,4241,274.105046372639,86,86
83,2033,1518.721247379,87,4
36,5321,946.162419272475,80,44
1,6206,300.57382752217,77,76
87,5067,4024.6934777086,98,11
41,1047,226.369874803856,56,15
3,2985,151.9425429947,62,59
14,9571,714.387350360229,89,75
60,9299,3960.78039861715,68,8
19,5824,527.445197852036,89,70
90,3569,2952.04205722032,92,2
49,2697,788.166535253495,78,29
34,6353,1043.69672969029,90,56
95,3744,3318.88515026051,95,0
46,8554,2237.33350678514,54,8
81,5361,3868.92931346672,84,3
50,5685,1722.80944314396,90,40
24,8929,984.979462999392,66,42
71,2324,1353.37976310842,73,2
48,1564,440.609073991052,60,12
95,4542,4026.2757351718,99,4
98,5683,5328.61729604757,98,0
50,1847,559.723666048707,93,43
82,8349,6132.30536185962,89,7
82,2933,2154.27615598686,83,1
62,1606,727.984814086135,66,4
41,8699,1880.79421291188,71,30
69,6118,3384.95309617762,90,21
80,9219,6532.57962080395,90,10
57,4570,1766.04418393862,88,31
61,7581,3332.00686773709,73,12
3,1484,75.5386042894926,81,78
19,8758,793.160206522687,34,15
20,4659,438.814551281065,78,58
96,6314,5705.33827622939,98,2
40,7304,1519.14208617394,61,21
14,1632,121.813828835847,68,54
31,1404,204.711905206172,78,47
32,5887,893.23910623783,64,32
30,7566,1060.05501350136,85,55
10,1673,107.460596877199,72,62
47,9167,2488.76638532906,82,35
27,7926,985.270537471321,74,47
85,1465,1129.86817900102,89,4
45,2711,682.934025572883,78,33
40,8479,1763.52762166879,49,9
67,3465,1816.61203647427,84,17
42,5893,1324.20501520236,90,48
89,5103,4165.84475665037,92,3
27,3126,388.588909933806,75,48
95,4757,4216.863424089,99,4
36,6436,1144.42798918204,86,50
93,1672,1438.17781469329,93,0
83,4966,3709.77359295824,84,1
3,6809,346.591884506169,84,81
77,6732,4496.63654702782,77,0
30,7315,1024.88797564928,90,60
47,1790,485.97052795233,75,28
85,4659,3593.21218154657,93,8
23,1426,151.192134709135,86,63
25,7749,889.457140250413,63,38
72,2469,1473.61885342065,91,19
29,6900,928.957749133433,71,42
50,6404,1940.69862337624,89,39
7,3067,176.998326342853,82,75
63,1502,701.777022983704,64,1
11,7938,529.07185579292,74,63
47,2783,755.561999604098,50,3
26,7524,898.72979050192,79,53
46,3736,977.166002028206,58,12
51,3090,970.682325674486,84,33
10,9465,607.95848741344,67,57
78,3442,2346.46380427103,89,11
90,2749,2273.79199083739,96,6
84,3352,2545.12162127723,90,6
33,5596,883.528354760085,82,49
59,8264,3409.33958458968,82,23
60,4404,1875.82287079362,74,14
60,2463,1049.08077446973,78,18
86,6749,5283.84316555997,86,0
61,1452,638.184140872477,63,2
64,6371,3066.46262629069,69,5
51,2889,907.540854004398,72,21
89,5351,4368.30007698141,92,3
64,5973,2874.89895885015,81,17
53,4900,1652.12833161854,88,35
2,6908,342.504806353001,72,70
33,3922,619.227699672811,72,39
82,5535,4065.43420504168,86,4
19,4858,439.96029724677,73,54
54,6319,2205.92253606139,70,16
19,6792,615.111226615904,74,55
85,6677,5149.57667658006,90,5
6,2382,132.908509578377,75,69
5,9139,493.700758540332,68,63
36,9536,1695.65961852703,74,38
10,7578,486.752183583629,32,22
72,4047,2415.4457269313,76,4
57,9269,3581.93950567333,81,24
73,6232,3809.56050893902,82,9
83,2671,1995.32929254761,83,0
29,4360,586.993592206053,57,28
63,7785,3637.37291872712,77,14
55,3712,1341.09090116033,56,1
59,5199,2144.86404892083,81,22
69,3494,1933.15235665979,94,25
99,9440,8990.47619047619,99,0
59,3549,1464.15128094249,66,7
10,8221,528.053536716945,37,27
18,1804,157.113375051818,51,33
72,6028,3597.80253074916,84,12
67,5508,2887.70536707078,83,16
10,9253,594.341245011786,83,73
64,1085,522.22758586178,78,14
63,6674,3118.28219134038,84,21
34,6552,1076.38926065336,79,45
16,4251,342.600303434082,80,64
59,9346,3855.72213910638,85,26
35,9021,1541.89686543761,75,40
73,8547,5224.69731545279,75,2
92,4122,3498.7447866352,99,7
55,1566,565.772723927015,78,23
9,6826,422.74194791752,85,76
12,2026,140.182674379585,85,73
63,1070,499.934363909829,86,23
77,7659,5115.82580417202,87,10
11,4277,285.064289144157,37,26
13,4976,357.54151579122,71,58
43,8717,2035.33824408881,81,38
21,1587,155.473138619424,81,60
41,4599,994.341026000891,68,27
12,1385,95.8307028705453,84,72
49,2841,830.248841918865,56,7
53,3715,1252.58301060467,81,28
42,7916,1778.78956394737,81,39
4,5633,295.089321748184,82,78
0,1793,115.885486476336,82,82
14,3711,276.992107113866,52,38
86,3597,2816.11851630156,89,3
6,5485,306.046672979596,66,60
23,5248,556.420983838386,91,68
46,2194,573.849627529412,61,15
39,4185,837.186915830871,85,46
20,1375,129.506333550433,81,61
57,1403,542.179428898444,66,9
48,9255,2607.31264692276,90,42
90,4202,3475.61802309884,93,3
84,7488,5685.52228523983,89,5
55,9762,3526.86675030366,77,22
84,6333,4808.54869556942,88,4
4,6813,356.904588863905,86,82
46,4094,1070.80235875361,76,30
86,7790,6098.84994217101,92,6
79,3096,2152.56035959409,86,7
77,2647,1768.06252822083,82,5
82,4669,3429.36084974519,86,4
18,4163,362.562627683326,64,46
74,6793,4250.00758308578,79,5
55,4512,1630.1191126173,67,12
86,4853,3799.45041968625,92,6
78,5375,3664.21933409552,83,5
56,5358,2002.48924791909,70,14
14,1069,79.7910435205396,65,51
84,6946,5273.99008991397,87,3
9,2997,185.607620555055,83,74
49,2942,859.764904232771,83,34
75,8867,5673.91051741871,82,7
75,7616,4873.4072967927,84,9
88,6376,5135.41801637325,93,5
69,3525,1950.30396600623,78,9
72,2535,1513.0108519325,78,6
31,5403,787.790900163069,59,28
26,5350,639.04896055094,75,49
50,4970,1506.1324419394,77,27
59,5915,2440.25213490416,72,13
78,2758,1880.17059040659,81,3
37,1222,226.02511948524,72,35
77,1910,1275.78369055602,93,16
37,2280,421.716262214686,83,46
48,3778,1064.33572988376,51,3
86,6373,4989.46992059767,88,2
19,5010,453.726037300601,66,47
56,3933,1469.91232028103,81,25
90,2517,2081.89685010466,93,3
75,2064,1320.73433043332,96,21
91,9483,7945.70447112637,94,3
26,9643,1151.84095824163,72,46
91,2356,1974.0672502345,91,0
22,3607,367.60053922739,54,32
42,7967,1790.24967862161,79,37
73,6148,3758.21213237437,78,5
31,4690,683.831079356801,74,43
85,3206,2472.59889547936,85,0
62,8949,4056.49819505406,66,4
76,7544,4933.77956254841,77,1
84,5994,4551.15125236746,87,3
61,8403,3693.29293095828,93,32
43,1132,264.311448010615,90,47
12,3006,207.990680742859,89,77
73,6750,4126.20883108767,80,7
64,9750,4692.82853654595,77,13
12,6766,468.152011279502,70,58
4,7084,371.101145972685,85,81
29,2855,384.373097648688,87,58
74,9670,6049.9887131517,74,0
73,5438,3324.19609236367,74,1
60,6374,2714.9171159034,83,23
88,1495,1204.11699097836,89,1
18,6215,541.274737221203,78,60
25,9002,1033.2808332087,71,46
48,6926,1951.1882650013,74,26
73,4397,2687.84299708037,75,2
20,8252,777.226374151396,83,63
98,3201,3001.39080848993,99,1
27,9647,1199.205762678,84,57
36,1888,335.71784393656,87,51
75,2379,1522.29988958375,81,6
95,8955,7938.19885699328,95,0
66,7135,3637.86078033681,84,18
5,1348,72.8207268314222,77,72
21,4344,425.567305710635,68,47
86,3334,2610.21382634122,89,3
52,5663,1843.38192205753,75,23
40,7077,1471.92888059323,88,48
98,3615,3389.57443695442,98,0
46,7199,1882.92774320157,85,39
71,1932,1125.09883921062,94,23
15,1062,82.3601512198649,78,63
56,3348,1251.27547630331,82,26
82,3575,2625.82245402421,89,7
64,5068,2439.30820750922,88,24
25,7712,885.210151711342,85,60
54,9098,3176.05368461568,67,13
71,3460,2014.92856297553,78,7
70,6079,3451.75442791306,89,19
13,2515,180.710794255409,63,50
1,3183,154.161536094597,67,66
19,7362,666.732751817769,81,62
59,9833,4056.63554395817,85,26
27,5161,641.557058275232,77,50
0,1156,74.7147921732542,73,73
7,8262,476.804751302463,72,65
36,6470,1150.47375543938,39,3
21,2200,215.52672020336,82,61
15,8342,646.938212312724,49,34
55,7190,2597.6410504695,76,21
42,8862,1991.36345574805,77,35
85,1960,1511.63251252013,85,0
61,6381,2804.58195792512,91,30
39,8813,1762.99361749521,76,37
41,2468,533.601576901543,84,43
80,4730,3351.67606100474,82,2
69,7386,4086.50924621901,93,24
72,2506,1495.70224652578,80,8
0,5412,349.789321143297,80,80
42,6574,1477.23125232314,85,43
11,8930,595.189175136152,67,56
95,5025,4454.43319446021,96,1
14,7460,556.820565634449,86,72
97,8097,7458.9713398274,98,1
24,9957,1098.38061519599,81,57
42,9255,2079.67375117899,68,26
0,6134,396.453750165001,64,64
32,7153,1085.33027465928,68,36
51,5766,1811.31206790909,80,29
10,3417,219.481685313441,17,7
2,4142,205.364057312411,83,81
78,8409,5732.54332658776,94,16
85,8702,6711.33985915825,86,1
48,3140,884.598780263366,81,33
19,4493,406.904408301716,75,56
38,4303,827.768262244986,79,41
74,1982,1240.02871038952,82,8
79,2259,1570.61816935499,81,2
52,2504,815.085349255173,66,14
36,6693,1190.12686942129,44,8
5,3947,213.222113355804,58,53
8,2893,172.883511275826,84,76
76,6419,4198.0290312829,79,3
32,2046,310.441177401495,75,43
71,2932,1707.44813486829,85,14
75,3374,2158.99110023353,80,5
62,4014,1819.50874454654,87,25
85,5235,4037.44704236882,85,0
99,3339,3180,99,0
13,5420,389.444335930147,85,72
65,8009,3968.73472520745,74,9
29,8527,1148.00329374794,78,49
42,8848,1988.21754191591,71,29
88,2402,1934.64147981941,89,1
70,4489,2548.92673579564,77,7
53,1431,482.488906642069,67,14
82,9403,6906.46392592718,92,10
88,8254,6648.01447728118,90,2
62,4935,2236.98945050752,85,23
4,9856,516.314637875039,31,27
98,7469,7003.24521980984,98,0
69,9472,5240.64657191802,75,6
72,5995,3578.10653149323,78,6
33,2832,447.132291043703,92,59
98,5344,5010.75678868172,98,0
25,7144,820.013138462892,75,50
32,9462,1435.67664739636,59,27
17,5127,429.491035081264,73,56
25,5561,638.310899075048,75,50
90,4501,3722.93115706042,96,6
3,4647,236.541707636976,88,85
93,3110,2675.07954766514,94,1
70,8435,4789.52929749081,93,23
13,6134,440.74751966707,61,48
15,2191,169.916281848139,88,73
71,9606,5594.04733408757,94,23
69,1932,1068.93255668767,88,19
17,4896,410.140063927807,67,50
60,2145,913.633073990083,62,2
14,8903,664.527278263203,75,61
75,5989,3832.30518651411,82,7
50,3414,1034.59480015717,64,14
33,6694,1056.88684895711,83,50
47,4290,1164.70031559525,68,21
2,6796,336.951746377388,84,82
4,3434,179.892904470666,78,74
2,5650,280.132043412631,86,84
71,6403,3728.78254009605,78,7
61,8714,3829.98388675122,69,8
11,3042,202.750892582774,51,40
12,8084,559.346860653782,73,61
85,7160,5522.08611716537,85,0
66,3326,1695.7988725158,85,19
9,3070,190.128593628302,84,75
3,3920,199.535935859037,72,69
22,6237,635.631983133138,48,26
61,1286,565.223695015156,76,15
98,6581,6170.61946600195,99,1
47,2596,704.793011488407,78,31
76,4908,3209.8343177343,91,15
24,7778,858.009885004959,62,38
19,4352,394.134873120202,61,42
89,4280,3493.98697990664,93,4
77,1719,1148.20532150042,80,3
68,9465,5099.31031980821,69,1
77,8536,5701.61758250586,93,16
86,6773,5302.6329471533,86,0
73,4668,2853.50264052108,82,9
4,1413,74.0211630800965,82,78
16,5942,478.882851800827,81,65
76,1476,965.30469702034,95,19
37,5335,986.779060927785,64,27
79,3730,2593.36244873577,88,9
56,1954,730.284432705095,79,23
52,6524,2123.64888919359,54,2
69,1654,915.121350290583,71,2
59,6397,2639.10277379237,77,18
3,4167,212.108735899134,22,19
69,6958,3849.706381694,74,5
63,8715,4071.89530978894,86,23
60,6653,2833.75330594686,79,19
99,6522,6211.42857142857,99,0
67,2620,1373.59986596323,84,17
28,2563,331.565431133796,59,31
2,9211,456.689602101548,72,70
94,2826,2465.50761913702,95,1
1,3990,193.246788883896,53,52
73,2530,1546.56419891138,86,13
32,6677,1013.10642302531,55,23
78,3047,2077.18629041657,79,1
19,1667,150.970320195629,90,71
44,1147,278.215882971797,74,30
49,9516,2780.93909880321,55,6
60,3288,1400.47811061976,75,15
81,7704,5559.82679182011,95,14
64,4664,2244.85664558465,85,21
49,3428,1001.7926892284,73,24
98,2410,2259.71629130295,98,0
81,6596,4760.20476620528,96,15
36,3676,653.654022410378,77,41
13,2207,158.580009113991,72,59
31,5541,807.912155802992,60,29
47,5835,1584.15532435857,76,29
23,7620,807.913090100705,82,59
72,6596,3936.81245733601,81,9
29,2954,397.701621875386,88,59
43,4454,1039.96748183682,88,45
52,9652,3141.85454912577,68,16
22,8800,896.835249570565,81,59
80,5868,4158.06239449806,82,2
36,2852,507.133098997388,36,0
33,5959,940.840862404458,88,55
37,7734,1430.50595261771,79,42
60,2946,1254.80794217939,85,25
54,4516,1576.50675310227,66,12
63,6202,2897.75039716707,67,4
1,3261,157.939292869771,40,39
31,3623,528.255863648121,62,31
63,1545,721.867843215595,77,14
25,6748,774.558882747424,63,38
37,7210,1333.58519761749,82,45
73,7168,4381.72813351651,77,4
79,2918,2028.80204434611,96,17
65,2030,1005.93475991648,77,12
75,2000,1279.78132793926,90,15
64,1001,481.797063085384,69,5
12,3166,219.061375659312,85,73
26,4276,510.761374825387,88,62
99,8864,8441.90476190476,99,0
77,7274,4858.66521733219,90,13
65,5272,2612.45716959591,85,20
94,4045,3529.00860559422,97,3
75,8757,5603.52254438205,79,4
1,2763,133.81976884366,67,66
40,4952,1029.95503980468,86,46
84,3140,2384.15330871435,87,3
21,6884,674.402700854515,91,70
17,1817,152.210885652946,64,47
74,6533,4087.33984105688,76,2
78,6746,4598.85090749923,85,7
10,1322,84.9150681838951,88,78
65,2423,1200.6797651614,73,8
63,6188,2891.20919988227,82,19
56,2522,942.56772737065,60,4
24,2647,291.99693566574,82,58
26,1958,233.87997472126,40,14
26,1780,212.618158837509,67,41
67,6085,3190.21190243749,68,1
58,10000,3993.8653243056,87,29
59,4846,1999.23277189274,73,14
10,1302,83.6304226743052,74,64
8,2887,172.524955773698,72,64
72,6297,3758.35476710807,81,9
97,3030,2791.24159067272,97,0
23,8584,910.121517772238,88,65
75,3799,2430.94463242062,83,8
80,1283,909.13327405266,82,2
79,4570,3177.3904532768,84,5
56,4892,1828.32724912657,69,13
8,1596,95.3757635659238,81,73
18,2919,254.22058856777,76,58
30,7104,995.325246618249,85,55
11,5971,397.970276006491,62,51
96,5007,4524.33144584741,98,2
99,9286,8843.80952380952,99,0
71,3235,1883.89997145256,84,13
13,5929,426.017613972295,71,58
6,9010,502.731180227195,76,70
55,8017,2896.42396406314,88,33
46,3294,861.559103501314,77,31
60,4645,1978.47348656594,88,28
37,6265,1158.79490472588,59,22
21,3607,353.365854442509,40,19
85,5725,4415.35517049885,88,3
88,5377,4330.79402039507,92,4
36,8476,1507.17396462197,52,16
40,3199,665.35261961534,54,14
37,5875,1086.65922829442,73,36
92,6094,5172.57417024622,94,2
15,4669,362.089968027824,35,20
87,4346,3452.00668129496,92,5
90,3780,3126.56737917983,99,9
12,3245,224.52753127431,77,65
2,2027,100.500469380071,87,85
73,6139,3752.71052059959,87,14
80,8424,5969.24294670273,89,9
20,1087,102.380643323142,78,58
98,8334,7814.30521648082,99,1
58,3270,1305.99396104793,68,10
78,4728,3223.14958355416,89,11
66,8717,4444.46144669881,68,2
24,7878,869.041125491008,90,66
76,7934,5188.83974672045,78,2
92,8694,7379.44861111267,93,1
7,3977,229.514947461861,69,62
48,2858,805.153921653726,54,6
18,2048,178.363742852619,87,69
70,7374,4187.07635325397,86,16
82,1654,1214.85603886882,85,3
65,4329,2145.16826388101,79,14
86,3150,2466.15883412563,94,8
94,1930,1683.80385878785,94,0
67,5284,2770.26782127851,83,16
87,6595,5238.37645263237,94,7
50,1323,400.928213417671,59,9
59,4477,1847.00064378122,80,21
81,6693,4830.207777473,85,4
61,1536,675.103884559315,62,1
23,6635,703.4781302911,67,44
44,3987,967.085200879299,85,41
18,1915,166.780550567756,71,53
5,3774,203.8764266037,74,69
77,5211,3480.68524161645,83,6
69,8524,4716.13929254954,94,25
42,8699,1954.73603041665,49,7
21,5600,548.613469608554,88,67
91,8590,7197.46930369878,91,0
73,2404,1469.54163406441,73,0
59,2362,974.450641190806,67,8
79,4713,3276.81426833557,94,15
28,6840,884.864435799907,78,50
55,4042,1460.31503838633,72,17
43,8763,2046.07881529772,86,43
75,4577,2928.77956898899,87,12
29,5332,717.855466431806,80,51
6,8251,460.381239517712,68,62
7,2821,162.801525468924,78,71
35,1195,204.253048907875,84,49
5,4981,269.080148625604,82,77
64,6449,3104.00525458306,69,5
51,1151,361.571312896872,80,29
72,1240,740.092093252979,75,3
37,7567,1399.61708604321,86,49
61,2039,896.182825922164,76,15
43,1281,299.101559100352,86,43
92,2097,1779.92911634498,93,1
39,6780,1356.30281704499,84,45
14,9203,686.919526210969,20,6
53,2188,737.725875424771,80,27
57,7278,2812.53163472764,68,11
17,7341,614.95878457803,81,64
23,7818,828.906107402535,86,63
94,6717,5860.16089092123,94,0
52,4141,1347.95065146393,89,37
82,1107,813.086841008337,82,0
20,2605,245.355635562819,36,16
1,5164,250.10687162818,63,62
7,6478,373.849089680145,80,73
98,4201,3939.03242313846,98,0
36,8042,1430.00153651367,76,40
45,6965,1754.56860498529,83,38
59,2241,924.531704872395,82,23
30,9424,1320.37515823907,54,24
37,8735,1615.65418879179,37,0
80,5175,3667.00287858341,91,11
57,7885,3047.10249241927,77,20
30,3409,477.627219273875,86,56
5,8561,462.476440952378,76,71
17,2688,225.174937058404,86,69
96,6273,5668.29062508504,96,0
89,1083,884.109322252078,94,5
65,9027,4473.18870825916,75,10
66,2166,1104.3596986979,70,4
21,8886,870.532016239573,83,62
69,5992,3315.24010335017,79,10
74,5976,3738.85548601805,92,18
26,1447,172.841840358357,70,44
30,7725,1082.33214106503,69,39
72,5689,3395.47090202919,82,10
25,3988,457.756494427494,71,46
24,8779,968.432602270318,78,54
67,1841,965.189829480267,84,17
94,2910,2538.79234666976,96,2
98,1763,1653.06216662535,99,1
93,9796,8426.07049804751,93,0
52,6480,2109.32630318431,82,30
21,4523,443.103343399909,80,59
22,5497,560.216291691977,37,15
26,5769,689.097841760443,53,27
3,5848,297.675039006033,3,0
17,1016,85.1107649000515,46,29
33,4816,760.377511887879,72,39
60,2068,880.835989282747,82,22
39,2960,592.132203311679,74,35
52,5387,1753.54024618116,81,29
77,1354,904.403726184739,85,8
35,8808,1505.4902550465,59,24
45,3076,774.881985489556,60,15
97,9223,8496.24461741733,97,0
31,2293,334.333617263357,84,53
30,1678,235.100755042993,67,37
39,2451,490.309469701664,75,36
12,6646,459.848990092162,67,55
49,1894,553.49922794591,82,33
23,4380,464.390988798043,79,56
97,6435,5927.93387326038,97,0
70,7837,4449.97523466929,91,21
37,5644,1043.93271225425,76,39
99,4087,3892.38095238095,99,0
71,7085,4125.94475973459,88,17
45,3947,994.297528194824,89,44
17,2626,219.981169908991,49,32
11,6131,408.634359771529,82,71
55,9267,3348.03054446466,80,25
38,9686,1863.29616270159,80,42
42,1068,239.988283766522,73,31
60,5790,2466.17039552568,73,13
84,4523,3434.24376283917,90,6
51,4386,1377.80345644281,62,11
38,5141,988.97435189437,65,27
5,4139,223.594205011318,81,76
9,1145,70.9111529981776,75,66
47,6567,1782.88740618042,86,39
8,6568,392.49875632894,36,28
87,6749,5360.69790429353,88,1
81,1096,790.961859272435,81,0
52,2797,910.460751544217,83,31
99,1885,1795.2380952381,99,0
72,1609,960.329175841971,74,2
26,7836,935.997692500405,85,59
0,3762,243.146235428877,89,89
70,8470,4809.40286304056,73,3
66,1115,568.495412764618,82,16
89,5599,4570.75539731245,89,0
68,9109,4907.51375627396,77,9
22,6934,706.665411422988,44,22
5,7359,397.542825484003,53,48
27,2792,347.069813350988,57,30
36,1712,304.422112722135,60,24
58,4530,1809.22099191044,91,33
63,1797,839.609394342022,77,14
65,5455,2703.13995829774,87,22
99,6537,6225.71428571429,99,0
9,4242,262.7118873522,86,77
8,2830,169.118678503486,78,70
40,8995,1870.84926959674,74,34
2,4397,218.007184935458,50,48
88,2163,1742.14384714795,88,0
77,4788,3198.14257088075,91,14
65,3724,1845.36997336403,82,17
27,3746,465.660286824069,88,61
91,8090,6778.52464108535,97,6
6,5468,305.098123582941,18,12
51,1874,588.692128904203,65,14
75,7140,4568.81934074316,77,2
34,4189,688.185990976333,90,56
57,4497,1737.83385014705,64,7
99,5076,4834.28571428571,99,0
81,9799,7071.74749909726,90,9
78,8283,5646.64720824431,93,15
30,6864,961.699393691957,69,39
77,2857,1908.33193922437,88,11
82,2379,1747.36548758702,83,1
50,5747,1741.59821807359,57,7
90,1485,1228.29432753493,93,3
7,7237,417.651414327757,77,70
90,3638,3009.11431890376,91,1
16,5119,412.554917261601,88,72
44,5269,1278.0466324136,79,35
89,7374,6019.78037145598,92,3
66,4820,2457.53173948472,80,14
61,6207,2728.10534600239,69,8
78,1748,1191.63821320911,89,11
6,4207,234.738077160467,84,78
8,8233,491.99790816933,78,70
36,5371,955.053252003846,84,48
40,2848,592.348940501559,73,33
63,1521,710.654362155935,89,26
69,4042,2236.34854768714,80,11
79,3957,2751.18906424865,95,16
7,1997,115.248013598526,37,30
48,9230,2600.26966300346,85,37
22,7442,758.43726446638,46,24
89,8983,7333.29089731341,90,1
58,2695,1076.34670490036,65,7
87,3822,3035.79602759074,89,2
89,4691,3829.50769222945,93,4
4,3787,198.385098785793,82,78
16,5916,476.787437100924,55,39
81,9727,7019.78650104286,88,7
59,4592,1894.44426094335,77,18
25,8698,998.386657103896,30,5
27,3777,469.513855668582,60,33
41,4345,939.424170031283,74,33
16,7608,613.150578340742,83,67
65,5642,2795.80488445754,86,21
59,6144,2534.7268160357,71,12
81,9498,6854.52166000875,86,5
55,1321,477.257834168319,70,15
56,4845,1810.76155396939,87,31
50,7540,2284.9574672481,55,5
12,8729,603.975599535733,89,77
7,8306,479.344016499426,83,76
13,4462,320.608971756516,71,58
14,8205,612.427981371401,83,69
72,2483,1481.97473189286,82,10
37,2048,378.804782901613,69,32
85,2472,1906.50794436212,89,4
76,8091,5291.5178208615,88,12
2,3974,197.034467348991,75,73
47,7132,1936.28033818772,89,42
12,2210,152.913973533506,53,41
40,4225,878.747989332544,79,39
86,8774,6869.23098749787,90,4
52,6767,2202.748625563,81,29
59,1558,642.757874248635,81,22
69,6285,3477.35047556005,82,13
92,5602,4754.96562220533,96,4
81,8766,6326.25151312241,90,9
29,9434,1270.11411671374,81,52
39,1107,221.449442252037,68,29
43,5089,1188.2340626555,66,23
12,7533,521.222155035248,62,50
23,6983,740.374948579163,49,26
74,2334,1460.25580729018,82,8
4,9702,508.247221658242,73,69
96,8508,7687.83941307565,98,2
14,1362,101.660805682858,89,75
9,6388,395.616109478042,69,60
59,6386,2634.56468867252,62,3
8,3804,227.324188348856,86,78
34,4282,703.464409969124,79,45
11,9089,605.786608377658,85,74
0,9744,629.77589527352,88,88
80,5731,4060.98425065923,86,6
82,4722,3468.28912668597,84,2
97,7357,6777.28197444859,98,1
25,3830,439.620705530918,75,50
16,2466,198.742024998458,81,65
42,8052,1809.34986974535,66,24
97,1357,1250.07090380953,97,0
66,5055,2577.34915831851,85,19
94,1606,1401.1341954473,96,2
57,4790,1851.06162824202,89,32
78,7586,5171.49169645555,81,3
9,8183,506.782502169509,77,68
3,6075,309.229798557053,81,78
55,8063,2913.04308622192,80,25
36,5038,895.840306012917,71,35
64,2063,992.954386758389,88,24
61,5264,2313.63727104182,76,15
0,8338,538.903059810202,57,57
93,7769,6682.53794399051,95,2
84,2015,1529.95825384058,97,13
92,8836,7499.97790749845,97,5
17,7153,599.209942254004,84,67
28,8215,1062.74288597898,86,58
79,3254,2262.41324616252,83,4
89,6949,5672.83072975964,97,8
23,8231,872.694572784633,75,52
61,5430,2386.59771689914,83,22
33,1412,222.934602737891,78,45
91,7801,6536.37462609478,93,2
66,8297,4230.31967686819,81,15
21,7707,755.029287548772,77,56
99,8312,7916.19047619048,99,0
46,9491,2482.40966949939,85,39
38,6339,1219.43365428096,52,14
92,6475,5495.96615561934,95,3
62,8258,3743.27434291613,74,12
76,4881,3192.17630498393,90,14
71,8766,5104.87392573513,87,16
74,1010,631.901613266103,77,3
61,3141,1380.53470143282,76,15
49,9034,2640.08026677051,91,42
40,2997,623.339106279204,80,40
24,7101,783.328386914401,67,43
41,6018,1301.14031190984,50,9
17,8883,744.132799810194,74,57
1,1960,94.9282471710366,63,62
53,8287,2794.11989471896,69,16
5,4208,227.321675450018,82,77
47,2109,572.576448855567,82,35
76,8499,5558.35001353379,86,10
5,4534,244.93262274011,58,53
72,7198,4296.11523164108,84,12
50,9350,2833.46847729042,76,26
13,9021,648.187703768608,83,70
93,5546,4770.41516763694,98,5
14,3998,298.414024317229,80,66
7,7576,437.215298458903,70,63
15,1043,80.8866645219577,81,66
79,7320,5089.38689671471,83,4
78,6356,4332.98196976951,96,18
2,2106,104.417359898584,90,88
97,1008,928.571459867361,97,0
97,6312,5814.62604631228,97,0
67,6071,3182.87205582548,85,18
55,1963,709.202973862536,86,31
34,2347,385.574724473969,88,54
20,4813,453.319260638714,78,58
3,9933,505.609808899953,84,81
0,2265,146.391872207976,16,16
65,7731,3830.97617187898,92,27
45,5664,1426.83080813161,87,42
68,5839,3145.78689459695,77,9
32,4137,627.710239936453,62,30
8,9721,580.919672696958,54,46
76,8677,5674.7620975918,77,1
57,4490,1735.12874964648,86,29
98,4422,4146.25121997578,98,0
18,4134,360.036969215198,74,56
17,1122,93.9904313167892,46,29
51,2621,823.352225110947,55,4
95,2552,2262.23154472885,98,3
74,6066,3795.16355056652,77,3
71,6437,3748.58241614842,87,16
5,8644,466.96020974096,63,58
8,7330,438.035305099136,81,73
42,6796,1527.11645737574,90,48
13,2060,148.01758893286,14,1
57,5378,2078.29007028926,79,22
36,3814,678.192720748961,59,23
40,4915,1022.25949528271,75,35
43,6115,1427.79549874992,61,18
29,9549,1285.59674586596,86,57
48,3518,991.088697123096,68,20
9,8857,548.524089174549,76,67
37,2247,415.612474208947,83,46
93,2203,1894.91969244576,97,4
4,7360,385.559632179413,81,77
12,6324,437.5692165728,42,30
71,5563,3239.60913174361,81,10
86,3203,2507.65293514425,89,3
98,9628,9027.61346583601,98,0
80,5111,3621.65250481929,91,11
9,4636,287.112755720132,80,71
30,4480,627.682587957454,84,54
49,5683,1660.78992207846,81,32
24,4392,484.49208214731,73,49
3,9991,508.562126318275,15,12
25,5362,615.468987743285,70,45
40,3752,780.369812065256,86,46
41,7846,1696.36870841552,75,34
68,8977,4836.39817653654,88,20
0,7268,469.74663452873,88,88
71,5026,2926.88755997544,80,9
30,1002,140.38793596727,91,61
79,6965,4842.56553765272,83,4
68,2846,1533.29499949014,91,23
37,3907,722.651507224903,83,46
40,6703,1394.14148461445,55,15
46,1201,314.126436947504,75,29
38,7480,1438.92786465082,67,29
87,7504,5960.3907354895,87,0
54,4643,1620.84164186311,88,34
47,1123,304.885420609199,55,8
20,3600,339.071127841132,89,69
4,9619,503.899198632306,52,48
31,4946,721.157466630861,77,46
0,9003,581.883454961771,79,79
11,8453,563.396875411635,75,64
37,1456,269.306525344115,63,26
72,8046,4802.24272767215,79,7
78,4961,3381.98923096704,92,14
7,3365,194.196076995012,52,45
4,1816,95.1326483747029,75,71
80,3692,2616.14968651786,80,0
73,4346,2656.66719702326,91,18
86,5967,4671.6094486437,92,6
52,5061,1647.42290438516,82,30
92,5612,4763.45360082405,94,2
6,6083,339.413292932522,77,71
81,5097,3678.40565393394,87,6
51,1327,416.85936769257,87,36
28,9665,1250.32379707692,41,13
85,4355,3358.75489389039,89,4
80,6071,4301.90811128114,94,14
39,2579,515.915186601629,51,12
60,4124,1756.56074458513,84,24
4,6531,342.131787739639,87,83
13,8194,588.76510859993,31,18
97,4246,3911.42303432224,97,0
28,9614,1243.72612365209,85,57
84,7904,6001.38463441982,86,2
23,3812,404.168595730169,87,64
80,5160,3656.37388473244,97,17
27,4777,593.822528072231,66,39
51,7944,2495.50174600586,71,20
91,5863,4912.54511380512,91,0
85,4327,3337.16014371153,91,6
33,1021,161.201295605798,83,50
97,4981,4588.50639047552,99,2
99,9964,9489.52380952381,99,0
48,2873,809.379712005303,86,38
8,9149,546.737381494133,46,38
33,4590,724.695344594137,78,45
62,6038,2736.96905818934,83,21
58,7868,3142.37323716365,86,28
5,3179,171.733746733747,70,65
14,5545,413.883382901209,90,76
57,3063,1183.6746904604,58,1
44,9265,2247.31486986373,84,40
51,5820,1828.27544835777,71,20
2,8466,419.751837085193,85,83
22,8369,852.910704960916,75,53
54,4925,1719.28604052893,73,19
78,4752,3239.51074895291,86,8
21,4311,422.334404907585,77,56
31,1480,215.793176428159,90,59
96,7305,6600.80711242567,98,2
51,8952,2812.15151438123,82,31
0,7170,463.412681559025,18,18
92,4499,3818.74158056083,94,2
20,7600,715.816825442391,85,65
70,5815,3301.85096205205,78,8
70,9181,5213.12015177986,78,8
39,5405,1081.24140503366,90,51
43,1942,453.438897558847,73,30
21,1034,101.297558495579,55,34
49,1493,436.311693412484,73,24
93,2391,2056.62868117921,94,1
22,3165,322.554950555777,79,57
38,9996,1922.93087366974,84,46
47,6370,1729.40349891416,75,28
80,2891,2048.56141487626,86,6
6,1538,85.8158218856188,26,20
3,4184,212.97407031485,79,76
18,1175,102.332713794837,78,60
5,7796,421.150138262439,32,27
17,6401,536.214572957903,85,68
53,6386,2153.16153586041,62,9
48,8798,2478.56690087806,92,44
0,1319,85.2498363983757,44,44
60,1752,746.240161133159,77,17
30,4853,679.942767713733,86,56
90,9154,7571.58671666988,90,0
86,6516,5101.42570259131,87,1
50,6488,1966.15438295832,62,12
88,7648,6159.9242454866,88,0
39,1727,345.47713348624,86,47
78,6257,4265.49216249965,83,5
79,3450,2398.68644722209,86,7
93,3796,3265.14532570318,93,0
56,2019,754.577415369287,84,28
88,7102,5720.15977921625,88,0
82,9822,7214.21766249673,82,0
57,1300,502.375807247311,92,35
78,5161,3518.33227595664,82,4
10,7740,497.157812211307,53,43
63,8011,3742.96653203892,76,13
93,4392,3777.79722615605,96,3
11,7399,493.14722360945,87,76
68,2491,1342.03719034783,93,25
72,5514,3291.02242112655,86,14
94,3196,2788.30939517407,99,5
81,6035,4355.34198969813,93,12
74,9093,5688.99145487988,78,4
4,7431,389.279025370274,64,60
70,1322,750.652961622152,79,9
36,6550,1164.69908780957,77,41
63,7947,3713.06391587983,81,18
9,2341,144.980794033829,63,54
41,4052,876.075198381302,60,19
83,2203,1645.71712148349,91,8
40,3407,708.614059090173,61,21
47,8352,2267.50047455746,78,31
2,8437,418.31399119865,77,75
81,6280,4532.15371918877,86,5
86,3891,3046.29334081995,88,2
85,3547,2735.59210301475,90,5
27,1591,197.775097794205,86,59
32,6537,991.864113721198,86,54
41,8724,1886.1994152711,90,49
76,4057,2653.27991586146,84,8
3,7691,391.487470074452,28,25
81,1906,1375.52308738436,90,9
62,9742,4415.95769540917,67,5
13,7691,552.622949748848,84,71
47,3500,950.221702700087,79,32
97,7984,7354.87553133037,99,2
58,2343,935.762645484802,94,36
26,6694,799.587615313643,86,60
80,7550,5349.92690498642,86,6
29,9141,1230.66707026503,90,61
23,1461,154.903021605923,55,32
56,2057,768.779466772969,87,31
99,1526,1453.33333333333,99,0
16,2326,187.459022768213,82,66
12,5123,354.469812856176,65,53
94,7243,6319.06287523336,94,0
28,4150,536.869504176844,49,21
6,6376,355.761820768989,87,81
20,4658,438.720364856665,54,34
91,3380,2832.06591926681,91,0
94,6146,5361.99923114513,95,1
98,5420,5082.01755139501,98,0
44,5533,1342.08237182472,78,34
62,4748,2152.22409544269,84,22
68,4066,2190.57535766933,95,27
24,6510,718.133755641846,53,29
29,9809,1320.60095090577,77,48
94,5267,4595.12690374901,94,0
88,1061,854.560620353202,96,8
97,3798,3498.72460771452,97,0
66,6637,3383.94982468051,83,17
85,1744,1345.04443971179,86,1
96,1974,1783.70886241318,97,1
24,3394,374.400302096532,91,67
48,2508,706.552146783606,68,20
28,6095,788.486657339245,74,46
97,4807,4428.21726942699,99,2
5,8105,437.842723270532,49,44
76,9313,6090.70639793389,78,2
85,9121,7034.48987076332,85,0
26,3176,379.36813059996,48,22
51,4551,1429.63600781378,73,22
25,9028,1036.26520353345,69,44
40,7873,1637.48708166038,83,43
79,2059,1431.56388255951,89,10
21,8645,846.922043708205,82,61
16,1078,86.8791171728865,86,70
50,8012,2427.99459251881,86,36
63,2525,1179.7516531517,79,16
97,7433,6847.29331467668,98,1
37,7888,1458.99029664449,69,32
42,9819,2206.40913698828,68,26
50,5599,1696.74759404803,77,27
68,4173,2248.22207760799,82,14
59,4622,1906.82085672477,61,2
80,1659,1175.56671991688,80,0
48,8650,2436.87243607583,92,44
88,5677,4572.42284801614,90,2
19,6517,590.206104807987,78,59
66,7653,3901.96896312791,68,2
50,2280,690.942045799162,80,30
87,5449,4328.11422143954,89,2
87,4017,3190.68358001883,88,1
13,2802,201.332662228094,60,47
7,6330,365.307924926724,34,27
44,9384,2276.17946452253,80,36
92,3195,2711.90916868012,92,0
12,5085,351.840522813518,63,51
46,7458,1950.6702470895,79,33
24,3449,380.46748436386,84,60
23,1434,152.0403374284,83,60
35,9486,1621.37608530553,77,42
88,7614,6132.53964502288,92,4
19,8793,796.32994929824,44,25
52,3136,1020.80976647932,66,14
92,8661,7351.4382816709,92,0
89,8740,7134.91733747291,98,9
7,9535,550.270310296416,73,66
25,4847,556.35549861837,61,36
61,4583,2014.32363472353,74,13
94,4795,4183.33652999364,98,4
92,8517,7229.21138956137,92,0
81,9155,6606.98523872185,89,8
69,1014,561.023608944771,76,7
14,4838,361.112318570974,54,40
30,5967,836.02276837994,89,59
7,1112,64.1741567959742,73,66
27,5333,662.938149928659,90,63
18,2317,201.791402436288,78,60
67,5178,2714.69469693038,75,8
2,4878,241.855594295012,56,54
99,4388,4179.04761904762,99,0
48,7183,2023.59013969164,76,28
13,3946,283.532721324789,83,70
94,1726,1505.8266633512,95,1
9,5312,328.978205001152,80,71
37,4026,744.662136700143,69,32
78,2246,1531.13239523321,85,7
17,9347,783.002282992895,62,45
24,9859,1087.56999951966,82,58
78,9117,6215.19770585094,78,0
74,5224,3268.37032445755,83,9
37,7939,1468.42342356245,75,38
59,6080,2508.32341170199,72,13
96,2871,2594.23918135169,96,0
3,6538,332.797435879179,78,75
3,9300,473.388827420674,72,69
29,1141,153.61460750163,80,51
55,3017,1089.99764245709,71,16
29,4196,564.914016719403,90,61
56,1328,496.324322739185,56,0
19,4960,449.197833335525,83,64
59,8076,3331.77958435942,87,28
25,8267,948.914979797415,79,54
87,6731,5346.40059176171,92,5
48,6853,1930.62275195696,73,25
45,9567,2410.04419869265,57,12
56,1549,578.920463797437,83,27
54,2627,917.068919486194,90,36
59,2582,1065.21234358792,86,27
82,6844,5026.88919589978,82,0
52,3556,1157.52536020423,79,27
73,2155,1317.33037496206,86,13
4,9619,503.899198632306,44,40
23,7712,817.667421372262,78,55
75,2368,1515.26109228008,88,13
61,5651,2483.73180445618,84,23
29,2212,297.80500595408,84,55
42,6654,1495.20790279255,72,30
96,8093,7312.84489539506,96,0
26,8732,1043.02346234221,67,41
81,7982,5760.45397875235,83,2
84,1611,1223.20731857924,86,2
50,3701,1121.56864539592,70,20
2,5216,258.61393600713,73,71
34,5579,916.540855492233,81,47
40,1903,395.800573656765,80,40
66,6200,3161.14041178532,86,20
87,2742,2177.95727568127,92,5
35,5271,900.935414889884,77,42
7,1454,83.9111726450958,81,74
18,8183,712.671146368641,77,59
99,3360,3200,99,0
85,4968,3831.52567459184,85,0
94,1569,1368.85401784359,94,0
28,1636,211.643014176703,86,58
41,8995,1944.79180884497,79,38
23,3459,366.741650742564,72,49
87,6697,5319.39455697937,90,3
21,1064,104.236559225625,71,50
65,1963,972.733957495595,79,14
11,2850,189.95399206473,87,76
90,1748,1445.83062931385,92,2
44,2546,617.556789926936,66,22
52,4956,1613.24400595393,58,6
99,5264,5013.33333333333,99,0
58,4648,1856.34860273724,91,33
82,2473,1816.40809197255,91,9
19,5501,498.193000237646,86,67
86,6507,5094.37953449381,86,0
91,3338,2796.87456760728,93,2
60,9924,4226.99050176111,86,26
63,2178,1017.62340616412,72,9
24,4832,533.029540285929,82,58
68,1596,859.852009552446,78,10
22,4251,433.232573400508,86,64
81,5347,3858.82578606725,91,10
52,2249,732.07945306505,81,29
98,1597,1497.4136585937,98,0
92,3833,3253.44220455427,97,5
86,7716,6040.91478225821,89,3
3,7818,397.95202718009,87,84
89,3148,2569.87640484722,92,3
75,7511,4806.21877707589,94,19
35,6600,1128.092152964,79,44
13,2651,190.482829252919,87,74
75,6375,4079.30298280639,77,2
14,1898,141.668288682866,69,55
94,1716,1497.10229102588,95,1
59,3131,1291.70404638798,70,11
23,5655,599.573297181035,80,57
90,9062,7495.49036775862,92,2
23,6205,657.887234130561,64,41
35,1908,326.121186038683,80,45
23,4636,491.53347581455,79,56
90,1417,1172.04920007879,92,2
69,3554,1966.34901991096,90,21
27,5596,695.631330770819,83,56
5,8824,476.684045668004,52,47
36,2210,392.974806726587,52,16
34,6107,1003.28284719324,57,23
65,4523,2241.30193059224,88,23
9,4749,294.110974312965,52,43
61,9791,4303.34774330746,66,5
55,5348,1932.15359358983,80,25
77,8222,5491.88141557675,86,9
58,8494,3392.38920646518,79,21
67,6012,3151.9398451034,67,0
32,1997,303.006369145056,79,47
36,9608,1708.4624176602,77,41
90,9768,8079.44713222977,97,7
85,1694,1306.48238582097,91,6
35,1889,322.873648022575,64,29
23,7287,772.606651911265,82,59
71,9480,5520.6713228347,86,15
84,1431,1086.53610979944,92,8
98,2238,2098.4419335834,98,0
91,2939,2462.55672684176,93,2
40,4719,981.493908085273,70,30
4,3421,179.211888816001,38,34
50,4335,1313.6990212892,64,14
53,2001,674.675263585451,93,40
36,7837,1393.54912231505,72,36
65,1546,766.096127502898,82,17
14,6798,507.408338496378,87,73
77,2750,1836.86133457019,80,3
77,6138,4099.87449876066,78,1
7,4947,285.494202940364,66,59
37,2377,439.6576996861,76,39
95,1494,1324.3628243828,97,2
20,9360,881.584932386944,53,33
42,3087,693.673999988066,76,34
95,6659,5902.89963023096,97,2
92,6678,5668.2721215793,98,6
11,1010,67.3170287667989,66,55
54,6751,2356.73097657073,82,28
33,1605,253.406542063963,91,58
73,8895,5437.42630407776,74,1
35,2752,470.380243175291,40,5
94,1118,975.384825971406,97,3
99,7652,7287.61904761905,99,0
30,9637,1350.21810271116,80,50
43,2088,487.52853661322,85,42
66,3944,2010.89319098085,88,22
27,8342,1036.98294519124,81,54
38,4533,872.013370382645,82,44
95,2556,2265.77736219708,97,2
97,4450,4099.34821072397,98,1
20,3218,303.091913720212,51,31
45,4865,1225.55294519073,82,37
47,4872,1322.70861015852,77,30
6,1316,73.4288827057701,76,70
29,6000,807.78934707255,80,51
85,5155,3975.74775614351,89,4
56,3226,1205.67941653359,66,10
87,1846,1466.26882965267,92,5
18,9112,793.579309020049,79,61
53,1344,453.155199529658,71,18
45,1747,440.090646505284,65,20
44,1347,326.7278067681,46,2
89,2969,2423.74937928571,93,4
71,8309,4838.74029761957,89,18
17,4093,342.872402299125,71,54
67,1168,612.352917345438,82,15
37,8688,1606.96091496544,70,33
47,3071,833.751671140562,91,44
94,2053,1791.11363838935,99,5
9,1514,93.7637429163676,87,78
17,4547,380.904181102888,80,63
75,7743,4954.67341111684,87,12
25,7941,911.495567263973,74,49
28,6116,791.203346396525,82,54
55,7202,2601.97647364136,86,31
30,7126,998.407616469826,80,50
41,8311,1796.90547229689,47,6
30,2975,416.820468565497,81,51
96,1527,1379.79910481506,96,0
5,9652,521.413690932409,30,25
91,4822,4040.30232624395,95,4
54,6476,2260.73023319094,54,0
91,5355,4486.89733658987,95,4
58,4542,1814.0136302996,91,33
74,5322,3329.68355029921,75,1
24,1636,180.471094351776,71,47
20,5478,515.953232864923,72,52
79,7981,5548.96131457378,83,4
66,4973,2535.54052706587,75,9
13,8957,643.589099063897,75,62
2,4355,215.924787444604,74,72
92,6294,5342.33374262056,92,0
99,3427,3263.80952380952,99,0
21,1637,160.3714731695,59,38
84,9416,7149.42278817017,88,4
15,3338,258.868347242852,63,48
9,6969,431.598100650043,51,42
67,4503,2360.80923527954,76,9
17,7992,669.493339646862,31,14
43,9293,2169.82887487866,58,15
57,8015,3097.340073144,79,22
42,3575,803.33156785142,81,39
4,6645,348.103771172853,35,31
32,7689,1166.65797313788,66,34
39,6159,1232.07508114751,85,46
47,5558,1508.95206388774,87,40
87,3500,2780.03299229921,87,0
0,3545,229.121053853102,45,45
78,2856,1946.9786824515,79,1
18,3916,341.050984868581,56,38
47,3308,898.09525500911,61,14
25,8757,1005.15888207161,71,46
25,3186,365.700148256267,80,55
14,5420,404.55327958964,78,64
29,9740,1311.31137341444,74,45
84,9130,6932.26742310892,91,7
53,4618,1557.04666028866,66,13
40,2628,546.591648749332,64,24
25,5771,662.41542862113,71,46
54,9798,3420.41921321878,65,11
2,1090,54.0431729769501,85,83
94,6040,5269.52088449668,98,4
15,8930,692.538748016378,70,55
98,8910,8354.38678651837,98,0
47,2754,747.68873406744,74,27
57,5867,2267.26066239998,74,17
3,2341,119.16163924643,77,74
14,9118,680.575055959102,68,54
22,8912,908.249516383281,61,39
12,9236,639.055864052243,48,36
40,7272,1512.48648010089,70,30
2,7171,355.544581117165,77,75
98,4076,3821.82722130739,98,0
36,9505,1690.14730223358,70,34
59,7667,3163.04532853934,89,30
89,1559,1272.69292095198,93,4
17,8943,749.15902608382,68,51
73,1357,829.520797597922,76,3
22,5145,524.342881709154,72,50
69,2922,1616.67750033197,70,1
88,5587,4499.93419972982,91,3
7,6873,396.644765880154,90,83
79,5147,3578.56207068177,83,4
18,2094,182.369959733097,54,36
1,8572,415.165783035778,33,32
25,9701,1113.51448155494,69,44
46,6492,1698.00901637235,87,41
34,9061,1488.57800530832,63,29
5,7924,428.064866032782,60,55
49,5669,1656.69858670822,91,42
6,2765,154.278769514783,81,75
69,4731,2617.55689735475,83,14
50,2783,843.373558534679,88,38
9,6069,375.860076459336,74,65
2,6914,342.802291708838,77,75
62,7569,3430.95707211579,78,16
19,1447,131.046222749295,76,57
92,7885,6692.77114085845,98,6
27,6743,838.213378017804,85,58
40,1356,282.031307345546,63,23
94,2137,1864.39836592209,95,1
12,6672,461.647978016086,65,53
41,2247,485.819588046097,53,12
66,4577,2333.635429797,91,25
46,5165,1350.92676672261,85,39
63,3961,1850.69160322134,91,28
80,2740,1941.56287677653,80,0
51,3545,1113.61451278837,82,31
65,2752,1363.7105710789,80,15
71,1878,1093.6519772451,79,8
72,6088,3633.61343848721,85,13
27,1336,166.076386331275,59,32
84,2661,2020.45603646143,85,1
11,1561,104.041467232647,82,71
30,5058,708.664850421608,69,39
10,4059,260.718806171279,77,67
69,5179,2865.42531629681,73,4
23,4543,481.673119203085,47,24
48,9323,2626.46956318324,86,38
75,6711,4294.30624590018,79,4
88,8326,6706.00539591023,96,8
80,8500,6023.09651554763,87,7
75,3143,2011.17635685655,88,13
84,6146,4666.56249533707,88,4
65,1580,782.944295895588,83,18
28,3420,442.432217899954,89,61
57,9076,3507.35602044354,87,30
2,9463,469.183987046678,70,68
16,1362,109.767493125669,61,45
23,7413,785.965844739702,86,63
75,9277,5936.26568964625,81,6
36,8695,1546.11581198537,79,43
95,7854,6962.21259886378,98,3
14,1680,125.39658850749,43,29
95,9200,8155.38017692218,98,3
60,2573,1095.93375262307,78,18
57,8503,3285.92422232607,89,32
3,1586,80.7306107837838,68,65
13,9333,670.60590170407,84,71
18,4493,391.302879217195,62,44
88,9645,7768.36680801756,90,2
30,1576,220.809767549319,76,46
45,3415,860.280227713536,88,43
72,8728,5209.29337896129,92,20
56,3729,1393.66972853495,58,2
34,2171,356.660727240301,76,42
52,2066,672.510515799196,83,31
61,7047,3097.30278287076,91,30
16,7724,622.499351617231,85,69
72,4326,2581.96644791322,77,5
16,9164,738.553088842608,70,54
56,7649,2858.72345228315,70,14
17,3125,261.782618417973,79,62
67,5847,3065.4345100332,78,11
98,2357,2210.02128572658,99,1
32,3028,459.440804091753,75,43
21,4957,485.620887294572,89,68
36,6206,1103.53015861774,83,47
79,3533,2456.39397624222,89,10
54,6181,2157.74761756535,83,29
79,2321,1613.72499826159,93,14
61,7523,3306.51466376284,83,22
65,8396,4160.50652426542,94,29
80,2045,1449.08616168175,81,1
96,4046,3655.97064707382,96,0
35,8447,1443.78703274044,61,26
91,2004,1679.13020775464,95,4
24,4056,447.427114114183,66,42
71,1767,1029.0112054271,75,4
20,7428,699.616760445536,85,65
70,3411,1936.82091686321,79,9
18,6289,547.719520898495,72,54
32,1985,301.185599776132,44,12
69,4224,2337.04509288236,70,1
98,5801,5439.2590065761,98,0
85,1574,1213.933456483,87,2
62,3842,1741.54274951365,84,22
1,2477,119.967994001356,62,61
28,3758,486.15797510761,83,55
95,6196,5492.47125828368,98,3
72,4995,2981.25806919244,80,8
42,3220,723.560181393447,75,33
82,1360,998.914276216204,83,1
4,6332,331.70700964131,81,77
30,9613,1346.85551741853,77,47
40,9844,2047.43081822238,91,51
0,5126,331.304519619465,47,47
69,8342,4615.44274735432,74,5
40,7406,1540.35683053179,79,39
60,5566,2370.76069455888,76,16
13,4051,291.077307168455,86,73
38,5913,1137.4840192086,77,39
70,6132,3481.84868431697,80,10
6,6750,376.629907495401,86,80
14,9288,693.263996462836,80,66
38,7246,1393.91327637164,80,42
13,9013,647.612878180519,76,63
61,1122,493.142290674187,76,15
68,1419,764.492482177269,68,0
5,4750,256.601225852564,74,69
57,8801,3401.0842150643,91,34
31,2174,316.982679428931,75,44
32,6915,1049.2183488423,81,49
70,9213,5231.29026885392,83,13
87,7922,6292.40610428409,98,11
80,3090,2189.57273329908,90,10
2,2571,127.472474975907,79,77
54,5716,1995.41908785043,82,28
77,3979,2657.77136372901,92,15
55,7189,2597.27976520518,83,28
43,9691,2262.7581649036,50,7
59,3330,1373.8021317381,68,9
4,5564,291.474700196502,79,75
71,5417,3154.58613457759,77,6
57,8319,3214.81872345414,82,25
90,5521,4566.6080689026,96,6
58,6712,2680.68240567392,72,14
7,5735,330.970134195065,86,79
48,1670,470.47132580886,67,19
15,5737,444.915430836502,87,72
77,1257,839.612617292627,87,10
24,5190,572.521381225988,62,38
58,8983,3587.68922082372,76,18
14,1386,103.452185518679,85,71
14,9708,724.613143589709,83,69
46,4449,1163.65405327181,82,36
37,3352,619.996890764749,87,50
10,2108,135.40163671078,65,55
2,2892,143.387941513156,69,67
18,1705,148.491299591658,84,66
47,9556,2594.37674028629,89,42
65,5454,2702.64442393325,91,26
37,7904,1461.94970901091,73,36
75,7687,4918.83953393454,81,6
11,8581,571.928142423665,82,71
96,7286,6583.63868872463,96,0
12,8443,584.186732372573,80,68
27,3993,496.36452890777,80,53
46,9405,2459.91601955976,64,18
78,6354,4331.61853931961,86,8
69,1340,741.392145942794,78,9
24,8893,981.008216424415,78,54
45,5630,1418.26579268732,78,33
34,3725,611.958180087572,59,25
56,1075,401.768559446253,89,33
34,3896,640.050756945284,89,55
38,6094,1172.30299561258,85,47
65,6575,3258.13844652753,68,3
85,3040,2344.57287656183,89,4
99,7703,7336.19047619048,99,0
52,9497,3091.39998477491,93,41
62,5384,2440.51696079685,69,7
14,4828,360.365910306048,67,53
4,6893,361.095454431072,21,17
29,7622,1026.16173389783,87,58
11,7889,525.805980139878,55,44
6,6024,336.121268555896,42,36
60,5087,2166.73727150935,70,10
5,5447,294.254079414508,69,64
50,5120,1551.58915547882,66,16
29,9857,1327.06326568235,73,44
84,5096,3869.31377745488,91,7
92,5964,5062.23044820289,98,6
55,3640,1315.07836212921,90,35
83,3059,2285.17869932728,91,8
13,2907,208.877248071759,63,50
48,7580,2135.43272433004,78,30
35,5069,866.408958087046,62,27
18,9711,845.747220137587,62,44
6,4973,277.478597033279,67,61
39,8230,1646.36757880241,72,33
2,3838,190.291465950032,80,78
32,5927,899.308337467575,47,15
29,5160,694.698838482393,62,33
63,6510,3041.6567374327,84,21
36,8460,1504.32889814793,66,30
82,3308,2429.71207773765,91,9
43,4644,1084.3307107432,74,31
86,4668,3654.61251990427,97,11
64,5153,2480.22004603295,72,8
61,6954,3056.42735236034,65,4
28,5997,775.808775071936,75,47
28,3348,433.117855417849,51,23
13,9289,667.444360969582,48,35
73,7806,4771.73127932895,81,8
86,9532,7462.6749228208,89,3
65,1903,943.001895626142,76,11
22,4646,473.488246534642,74,52
3,4668,237.610650150506,80,77
74,6992,4374.51097025405,96,22
56,5299,1980.4386944239,75,19
75,5258,3364.54511115231,78,3
55,5819,2102.31895308512,68,13
20,5163,486.284509178824,60,40
58,7238,2890.75972173239,91,33
69,5650,3126.0191228185,93,24
5,6164,332.987359190569,71,66
47,7975,2165.14802258091,85,38
47,4420,1199.99426455268,86,39
59,2366,976.100853961663,86,27
4,5857,306.823745336253,71,67
44,2323,563.465994894058,67,23
2,8041,398.679957713446,24,22
38,1658,318.949518661907,58,20
77,5140,3433.26082170573,85,8
34,6398,1051.0895130739,82,48
60,9126,3887.0934420669,64,4
54,9037,3154.75897426598,68,14
22,1685,171.723567673455,87,65
79,8348,5804.12593084349,79,0
80,2774,1965.65526283872,82,2
73,5165,3157.31386852857,83,10
3,8334,424.217471798269,73,70
96,4244,3834.88369406359,96,0
44,2720,659.76216362972,87,43
72,3195,1906.93083705102,73,1
23,5652,599.255221161311,74,51
47,4114,1116.91773854519,79,32
78,4042,2755.49293923983,86,8
21,1919,187.998080031931,87,66
10,3345,214.856961478918,49,39
53,4469,1506.80847224557,70,17
69,1797,994.240064372538,84,15
32,5471,830.119101448474,92,60
18,3296,287.054148653433,75,57
69,3815,2110.75450505355,75,6
13,8335,598.896409589995,75,62
89,5958,4863.82580053359,89,0
48,4082,1149.97841434238,80,32
0,3038,196.352542060853,81,81
54,8205,2864.31308884059,58,4
20,5525,520.379994811738,65,45
45,3871,975.15219955464,51,6
73,6676,4080.97335649501,85,12
8,7980,476.878817829619,71,63
58,5872,2345.19771843225,60,2
9,8775,543.445735859396,78,69
89,8329,6799.3966251501,94,5
91,6868,5754.62388565812,94,3
4,6028,315.781720486073,27,23
90,1321,1092.64431425835,91,1
75,3330,2130.83591101887,76,1
38,7601,1462.20463893194,58,20
41,5682,1228.49439220201,63,22
64,2849,1371.26856416609,89,25
8,6062,362.260575649518,89,81
96,9474,8560.71821808635,97,1
77,1773,1184.27459861561,90,13
40,8524,1772.88706770902,76,36
18,3076,267.893980964187,78,60
79,8266,5747.11367325734,85,6
52,1644,535.143895437502,67,15
48,9370,2639.71037295151,72,24
13,4186,300.777488967453,90,77
55,6489,2344.38008018033,77,22
8,4138,247.283777967289,78,70
58,1274,508.818442316533,82,24
11,7389,492.480718374136,78,67
2,3309,164.063173743787,79,77
46,5731,1498.96636981361,77,31
19,4332,392.323591534172,90,71
73,6716,4105.42496438294,84,11
1,4972,240.807778027752,66,65
67,5734,3006.19146237906,92,25
61,1376,604.780563251053,89,28
93,7546,6490.72355841838,93,0
41,2027,438.25380728502,88,47
94,3630,3166.9471540932,94,0
30,4129,578.504778052752,66,36
17,6328,530.099330991659,75,58
88,6079,4896.20547702838,89,1
0,3657,236.359857247051,69,69
24,8289,914.379523888673,63,39
96,3444,3112.00269612512,97,1
2,8103,401.753973057089,86,84
7,2997,172.958586256776,37,30
87,9151,7268.59483215145,94,7
84,2391,1815.44922329172,88,4
56,2831,1058.05282957427,90,34
23,1148,121.717090214647,61,38
53,7277,2453.57915697717,88,35
0,4360,281.79627497871,69,69
98,5780,5419.56853266848,98,0
67,8246,4323.16965447815,78,11
72,1550,925.115116566224,93,21
51,5698,1789.95077401075,62,11
36,5754,1023.15703072615,81,45
83,4859,3629.84089572776,83,0
3,3910,199.026915614499,87,84
57,1958,756.655254300181,74,17
22,3723,379.422458426274,47,25
86,5392,4221.43759796997,86,0
94,3224,2812.73763768498,97,3
9,3510,217.378294343758,45,36
68,9600,5172.04216272148,81,13
38,1526,293.556673991599,79,41
20,4403,414.702826634585,67,47
3,6241,317.67953461639,81,78
85,3088,2381.59244829702,91,6
17,9453,791.881949409633,84,67
51,6526,2050.05594089052,64,13
23,6656,705.704662429172,37,14
26,2703,322.869035583026,69,43
83,6312,4715.28210204438,92,9
43,6827,1594.0408618096,68,25
2,2983,147.899802743342,60,58
70,3156,1792.02779642928,91,21
46,7425,1942.03896281034,92,46
17,4440,371.940744248257,40,23
27,1529,190.067960105179,66,39
76,8849,5787.25017881639,87,11
26,3374,403.018914560537,73,47
5,8352,451.185987014865,69,64
93,1113,957.351619469873,94,1
33,9243,1459.33748803564,91,58
25,8515,977.381281356597,54,29
38,1488,286.246612647116,79,41
11,7206,480.283672567874,80,69
78,8334,5681.41468471666,87,9
25,3104,356.287903385893,70,45
70,3238,1838.58872143156,84,14
52,4098,1333.95357877304,79,27
76,4060,2655.24191727817,77,1
20,6435,606.089641016024,83,63
22,1325,135.034852918295,75,53
5,4277,231.049145888719,74,69
11,5321,354.647435711027,75,64
30,1714,240.144632981937,44,14
79,6859,4768.86676565112,96,17
0,7572,489.394815169447,78,78
80,2338,1656.70584157063,93,13
41,4346,939.640378125651,91,50
77,2076,1386.66332020644,80,3
26,3397,405.766227848887,40,14
62,6752,3060.61859570958,65,3
22,5603,571.01907992544,62,40
87,2527,2007.18382044003,89,2
20,8040,757.258852178529,63,43
71,3380,1968.34061932292,90,19
12,2642,182.804849807928,88,76
68,9417,5073.4501089946,84,16
26,4657,556.271216688921,78,52
15,4648,360.461377466979,87,72
94,4904,4278.43218833969,96,2
97,4652,4285.43098343548,98,1
92,4752,4033.48743961438,99,7
38,1292,248.542085712415,91,53
61,6499,2856.44540738997,71,10
42,8041,1806.87808030581,80,38
88,3735,3008.27890388238,88,0
58,6801,2716.22780706024,83,25
94,2800,2442.82425109118,95,1
22,2932,298.809199061466,55,33
40,6885,1431.99524415493,91,51
87,4781,3797.52506748072,92,5
39,5667,1133.65310681327,53,14
18,3463,301.598457762997,71,53
36,1228,218.358851882466,72,36
97,1676,1543.93429239851,98,1
32,4449,675.05024352847,72,40
49,4587,1340.49681023648,75,26
15,5794,449.335890930223,65,50
97,9875,9096.86822042678,98,1
54,5688,1985.64446670631,89,35
26,8149,973.385042902731,90,64
27,7286,905.712987132986,70,43
64,8833,4251.46199623696,80,16
67,8776,4601.03527621881,86,19
85,2916,2248.9389829126,89,4
42,1912,429.641946218718,79,37
97,2316,2133.50347326667,98,1
32,4348,659.725434673362,66,34
27,4035,501.585493148723,51,24
80,9783,6932.22978960029,89,9
82,7716,5667.36952594429,82,0
95,7412,6570.3997686247,98,3
16,4666,376.046345759451,64,48
61,6426,2824.36039204307,85,24
98,7251,6798.83934781646,98,0
12,4081,282.371912212777,78,66
85,8854,6828.56850298634,95,10
91,4435,3716.03915738115,97,6
32,2033,308.468677251827,68,36
10,4805,308.636083678983,81,71
15,2839,220.169933439921,77,62
28,7605,983.829537172265,91,63
78,9803,6682.85435016527,83,5
73,7441,4548.61035735161,94,21
34,3252,534.25181252209,37,3
31,8990,1310.79774060078,85,54
7,9333,538.612774619449,67,60
18,4106,357.598402418385,88,70
59,8306,3426.66681868367,91,32
77,1191,795.527945262942,89,12
2,9010,446.723842681028,81,79
14,3108,231.983688738856,84,70
77,3902,2606.33924636104,88,11
46,1411,369.052791451231,92,46
76,1385,905.790654046864,86,10
68,1296,698.2256919674,75,7
48,3394,956.155496883396,68,20
62,4165,1887.95563553471,84,22
96,5252,4745.71375146607,96,0
38,3021,581.149876886383,65,27
46,1336,349.436236271328,86,40
74,1325,828.97983918573,77,3
98,4604,4316.90199384181,99,1
49,6973,2037.7772526224,63,14
34,6582,1081.3177829091,78,44
97,4026,3708.7586283988,97,0
92,4420,3751.68654947297,93,1
95,1693,1500.76724342709,98,3
99,4833,4602.85714285714,99,0
43,2447,571.351690178424,72,29
38,5967,1147.87200111918,61,23
76,7844,5129.97970421921,95,19
35,9090,1553.69055612769,78,43
20,3321,312.793115433445,67,47
80,3962,2807.47157583526,81,1
56,5591,2089.57024731535,88,32
80,1025,726.314579816038,84,4
15,2498,193.724724809061,86,71
15,9463,733.873927489248,45,30
69,1757,972.108955538425,72,3
36,1455,258.723232482889,74,38
78,2648,1805.18191566231,81,3
94,1221,1065.24586092226,95,1
7,7788,449.449939862452,75,68
62,8150,3694.31895068617,81,19
38,7980,1535.11288234139,64,26
16,6953,560.36224647781,76,60
42,6827,1534.08240943263,69,27
17,5412,453.365609880983,75,58
80,2000,1417.19918012885,88,8
43,5284,1233.76474495414,55,12
88,7237,5828.89275164573,91,3
96,8316,7514.34797357041,97,1
53,5140,1733.04890296313,79,26
34,3487,572.858570192044,70,36
95,2969,2631.88301579152,96,1
26,4708,562.363085284827,83,57
47,8960,2432.56755891222,62,15
43,8996,2100.48214337765,84,41
13,4696,337.422620208112,21,8
84,2351,1785.07784356288,91,7
93,5862,5042.22389338041,94,1
98,7277,6823.21802979732,99,1
69,7298,4037.82080678396,85,16
49,9504,2777.43223991443,54,5
15,6701,519.675492772424,56,41
41,8719,1885.11837479925,79,38
20,8574,807.554402808297,40,20
33,5422,856.056243657823,82,49
66,5727,2919.9759900475,78,12
65,1239,613.967077604199,75,10
12,8877,614.215992333452,69,57
6,7811,435.830549251345,76,70
98,7324,6867.2871856858,98,0
99,5943,5660,99,0
43,4525,1056.5453200071,92,49
70,3041,1726.72893819437,78,8
42,8276,1859.68449105968,81,39
53,7775,2621.48934251718,86,33
24,5153,568.43982224615,34,10
78,9278,6324.95385706757,94,16
55,7414,2678.56894967745,84,29
2,9691,480.488430568462,74,72
39,9158,1832.00902632715,69,30
10,6794,436.394079607703,72,62
63,7544,3524.77087975304,89,26
52,6877,2238.55509058619,83,31
17,8337,698.394140720206,68,51
54,1992,695.394475681956,74,20
16,5407,435.765664706676,86,70
72,9016,5381.18573610392,80,8
87,5999,4764.97654880084,90,3
98,6018,5642.72723695483,98,0
93,7249,6235.25776238734,95,2
26,4936,589.597321360643,79,53
73,3740,2286.22533752117,76,3
42,6196,1392.29157885522,67,25
48,8537,2405.03814876062,88,40
51,7306,2295.08254737145,69,18
78,5814,3963.49231784769,79,1
74,5584,3493.60258265141,95,21
83,6100,4556.91077669055,90,7
2,1314,65.1492929281766,21,19
76,8808,5760.43615945471,85,9
48,9278,2613.79219212851,81,33
36,3283,583.772077141803,78,42
25,5073,582.296563748915,82,57
74,5358,3352.2067761186,82,8
89,7716,6298.97278900927,91,2
2,9990,495.313117467644,68,66
79,5175,3598.02967083314,84,5
54,9133,3188.27196104584,70,16
16,5506,443.744359140921,82,66
44,5267,1277.56151317564,56,12
99,2818,2683.80952380952,99,0
49,6245,1825.0278133697,82,33
52,4400,1432.25860092762,82,30
98,8027,7526.44924078372,98,0
76,7976,5216.30776655436,82,6
46,2104,550.309761313529,72,26
62,8525,3864.30295148462,64,2
8,2350,140.434238333284,88,80
73,4506,2754.47362857497,96,23
37,6333,1171.37240728316,87,50
21,9976,977.315709431238,71,50
24,4067,448.640550567648,77,53
22,7576,772.093619403023,88,66
90,2314,1913.98860196352,96,6
44,1328,322.119174007451,80,36
30,4388,614.792677669042,82,52
25,1242,142.561074743969,76,51
64,7494,3606.98021055132,83,19
9,1697,105.097141168478,62,53
46,6615,1730.18016686739,72,26
51,7165,2250.7892761999,84,33
74,5086,3182.0312921499,89,15
79,3939,2738.67417843705,95,16
6,4772,266.263395343415,77,71
22,2690,274.146229698275,90,68
55,1742,629.358930447548,81,26
75,6532,4179.76581704962,84,9
52,5618,1828.73382272986,71,19
92,5292,4491.8382850251,97,5
86,6103,4778.08487767261,88,2
81,2930,2114.5239486024,86,5
69,9765,5402.7569441279,78,9
64,1142,549.662583460048,78,14
27,9918,1232.89341289939,76,49
18,4701,409.417946850664,87,69
71,3694,2151.19829815943,80,9
88,6542,5269.11930099024,88,0
96,9348,8446.86446091104,99,3
8,1488,88.9217645276282,73,65
11,8753,583.39203247108,77,66
8,6619,395.546478097024,83,75
63,3030,1415.70198378204,71,8
20,5290,498.246185077664,86,66
30,8836,1237.99181856966,81,51
57,7154,2764.61271157482,57,0
41,1974,426.794778283487,90,49
88,3023,2434.81315299503,93,5
26,9155,1093.55013716708,80,54
12,3989,276.006262635816,86,74
79,4473,3109.94912418099,90,11
85,4398,3391.9182602365,90,5
72,6738,4021.56493898272,90,18
4,3649,191.155855682429,90,86
95,5270,4671.61451438912,97,2
63,3318,1550.26375649796,76,13
48,4113,1158.7117144023,76,28
93,5515,4743.75038757983,93,0
61,8743,3842.72998873834,84,23
43,4522,1055.84484797173,72,29
43,1637,382.224240630192,78,35
43,2112,493.13231289613,54,11
55,9481,3425.3455910294,74,19
85,6102,4706.11305683563,93,8
31,9121,1329.89835283867,85,54
70,2515,1428.05763878949,79,9
58,4361,1741.72466792967,72,14
14,2844,212.278510544822,42,28
92,5129,4353.48423354001,92,0
28,4063,525.614649510968,85,57
58,5259,2100.37377405231,84,26
83,8626,6443.92005897257,88,5
42,2618,588.285886611194,73,31
37,6277,1161.01446400069,83,46
8,8090,483.452335368624,61,53
0,6568,424.504113316552,51,51
27,6716,834.857043862906,42,15
73,1584,968.283672361907,93,20
62,2622,1188.52813358272,73,11
50,7420,2248.59209641657,62,12
99,1035,985.714285714286,99,0
16,1062,85.5896312037156,68,52
3,4154,211.447009581235,66,63
48,1441,405.957593108124,70,22
42,6635,1490.93844830606,66,24
28,3337,431.694827816417,66,38
9,8291,513.471065072393,80,71
15,6635,514.557065295484,54,39
30,8619,1207.58844321547,56,26
78,9266,6316.7732743682,82,4
74,6939,4341.35177668662,94,20
86,5311,4158.02208509245,86,0
90,4697,3885.04946561049,96,6
73,2310,1412.08035552778,84,11
18,2108,183.589243131504,90,72
9,5524,342.107606254963,27,18
25,2719,312.096265884743,87,62
51,6733,2115.08223261046,66,15
85,8864,6836.28091376451,87,2
98,3783,3547.09822821537,98,0
76,6699,4381.14916350898,80,4
64,3072,1478.60197582248,91,27
90,2350,1943.76543414619,91,1
74,6886,4308.1925831192,87,13
90,2121,1754.35169609535,94,4
72,9715,5798.38281125217,94,22
50,4655,1410.67334350662,91,41
40,4381,911.194068938669,87,47
97,4999,4605.08802368744,97,0
10,8789,564.5374691893,78,68
96,4186,3782.47482171305,96,0
0,3083,199.260989853065,54,54
83,1310,978.615265158134,94,11
86,9814,7683.45485654252,95,9
45,5342,1345.71507362978,85,40
97,6727,6196.92481203149,98,1
92,2447,2077.00836800008,93,1
84,3860,2930.83814383357,86,2
35,5654,966.398944372492,86,51
38,2540,488.619889868061,69,31
63,6493,3033.71385501544,81,18
23,9530,1010.42148932542,81,58
67,5080,2663.31577064626,71,4
81,6290,4539.3705244741,89,8
90,4294,3551.7143720101,91,1
57,1224,473.006144669776,90,33
79,1307,908.719764208486,80,1
76,2578,1686.01321742442,80,4
38,2259,434.563909925964,44,6
12,5369,371.491006290222,80,68
29,5560,748.551461620563,76,47
61,8711,3828.66532447669,65,4
98,5706,5350.18305318449,98,0
29,1221,164.385132129264,64,35
9,2810,174.026497750986,72,63
5,5275,284.96241397311,57,52
47,3533,959.180935896973,78,31
78,9233,6294.27667194491,94,16
99,4379,4170.47619047619,99,0
3,3940,200.553976348114,79,76
88,3169,2552.40584910396,94,6
13,2730,196.159231935295,79,66
65,8103,4015.31495546959,77,12
12,3601,249.159827463418,79,67
55,6807,2459.26879423448,71,16
49,5959,1741.44767652042,72,23
15,3288,254.990750669412,74,59
27,7787,967.991632007214,60,33
78,6334,4317.98423482065,88,10
4,4772,249.985131081543,46,42
79,3318,2306.91061793708,81,2
32,3502,531.36119416424,88,56
31,8213,1197.50632297599,67,36
52,5721,1862.2616945243,84,32
4,5686,297.865770186432,87,83
52,3941,1282.8479877854,89,37
99,8336,7939.04761904762,99,0
4,8712,456.385260264544,59,55
27,8888,1104.85548032363,88,61
24,1619,178.595783469147,78,54
19,1043,94.4583347114824,76,57
23,4790,507.861378160417,79,56
68,5014,2701.31452123807,87,19
91,2678,2243.86761295755,92,1
91,8715,7302.20546935214,96,5
24,4337,478.424899879983,69,45
12,4105,284.032516450244,77,65
43,5123,1196.17274572295,79,36
0,2562,165.587627636572,85,85
38,4330,832.962253200277,80,42
79,3863,2685.83354945477,85,6
23,6863,727.651907790176,75,52
34,9094,1493.99937978963,79,45
11,6525,434.894666042933,57,46
83,5305,3963.01830661366,87,4
27,7483,930.201795596504,68,41
28,6947,898.706613377479,79,51
79,2128,1479.53761150395,88,9
85,4848,3738.97674525387,87,2
69,6440,3563.10852229223,88,19
7,2297,132.561185396001,65,58
26,5724,683.722663587585,88,62
46,6258,1636.80536421106,86,40
18,8515,741.58558124514,56,38
21,5150,504.528458657866,86,65
45,2442,615.169638675389,76,31
13,8211,589.986612974619,77,64
55,3749,1354.45845594022,68,13
38,6859,1319.46607267915,77,39
4,6553,343.28427577061,77,73
76,1673,1094.14279005083,77,1
69,8422,4659.70496502255,77,8
7,4537,261.832868150481,64,57
30,1210,169.530341836723,62,32
72,1926,1149.53013839132,94,22
26,2819,336.725050428617,52,26
52,8874,2888.6051874163,76,24
34,6497,1067.35363651784,76,42
38,2608,501.701052273977,92,54
73,2526,1544.11903812259,93,20
96,7289,6586.3494924669,96,0
17,5124,429.239723767583,80,63
34,6549,1075.89640842779,81,47
47,4337,1177.46043560294,73,26
54,7869,2747.0176351111,81,27
69,7527,4164.52140485926,91,22
41,7822,1691.17971415068,77,36
35,9236,1578.64532193568,56,21
95,1387,1229.51220710772,99,4
53,6964,2348.04524518195,81,28
34,4842,795.463492076249,82,48
48,9769,2752.11639630345,60,12
33,9748,1539.0697645106,66,33
57,4806,1857.24471510044,85,28
93,2899,2493.5870124377,94,1
58,1676,669.371828353618,75,17
38,1924,370.119948073287,81,43
91,3161,2648.56815704212,97,6
37,5635,1042.26804279814,76,39
84,7928,6019.60746225713,85,1
62,5618,2546.58697729508,89,27
42,5386,1210.27799285252,65,23
46,5332,1394.60629625653,59,13
35,6138,1049.12570225652,92,57
94,6696,5841.83970903804,98,4
62,8264,3745.9940869289,85,23
65,1058,524.27535763135,76,11
96,2056,1857.80416470187,96,0
34,7105,1167.23835423415,69,35
57,3871,1495.92057681103,92,35
71,4478,2607.76014595504,86,15
66,4083,2081.76391956765,77,11
92,1807,1533.77773640218,93,1
81,6156,4442.66533365065,84,3
88,1181,951.212151401632,92,4
46,1349,352.836439169178,66,20
18,4952,431.277956350667,79,61
50,7889,2390.72008741649,82,32
33,3006,474.604402145964,56,23
9,4600,284.883234752504,81,72
12,7172,496.243899630001,68,56
65,1544,765.105058773917,72,7
12,5904,408.508642417112,40,28
25,2933,336.65992932694,83,58
50,1002,303.650846443316,62,12
33,8596,1357.18544273011,67,34
91,7112,5959.06888101347,96,5
86,8605,6736.91960877812,87,1
9,3542,219.360090759428,60,51
73,7073,4323.65556478268,83,10
31,9966,1453.10459208313,70,39
7,3106,179.249038676525,70,63
87,2697,2142.2139943517,96,9
71,2103,1224.68056876808,83,12
26,5972,713.345867740227,90,64
94,7371,6430.73484099752,97,3
92,4198,3563.25342413745,95,3
16,3997,322.129713673495,63,47
59,5381,2219.9487299948,83,24
0,8746,565.272986459586,72,72
87,6009,4772.91950020741,92,5
48,3468,977.002729284507,65,17
36,5449,968.922951064784,70,34
99,1036,986.666666666667,99,0
22,4309,439.143532999951,77,55
85,1347,1038.86173181868,92,7
46,9554,2498.8875758505,73,27
69,2841,1571.86200494289,92,23
29,3653,491.809080809338,83,54
47,1718,466.423110068214,75,28
39,4357,871.594597915198,72,33
14,1038,77.4771778992705,38,24
58,5620,2244.55231225975,86,28
46,1503,393.115765805245,68,22
20,5881,553.91036189825,81,61
48,3255,916.99650629212,74,26
72,2005,1196.68116691308,81,9
47,2274,617.372614839999,87,40
45,4286,1079.6957704188,75,30
19,6251,566.116059713783,64,45
77,7132,4763.81637751075,82,5
75,7125,4559.22098078361,82,7
21,4173,408.815001549374,81,60
54,3994,1394.27988748681,75,21
56,8224,3073.62291431254,77,21
59,7439,3068.98320060051,72,13
85,3853,2971.59187282656,90,5
27,5461,678.849659996326,72,45
80,8733,6188.20022003264,89,9
73,7009,4284.532992162,76,3
61,2201,967.385188746779,69,8
64,1054,507.3067976943,69,5
6,6330,353.195157695687,31,25
58,6096,2434.66030169669,85,27
19,1436,130.050017876979,72,53
34,5996,985.047314847003,62,28
1,6592,319.268880281364,78,77
66,3396,1731.48916748757,85,19
98,9153,8582.23369887796,98,0
26,5388,643.587999896909,83,57
84,7230,5489.62688598878,84,0
57,5153,1991.34041134261,82,25
39,1460,292.06520839022,61,22
94,3433,2995.07701928429,94,0
74,6448,4034.16000231667,86,12
8,7551,451.2420994275,38,30
53,7205,2429.3029855738,55,2
56,5131,1917.65067769183,86,30
81,2664,1922.55692801256,84,3
76,9281,6069.77838282234,83,7
63,6845,3198.17824389045,69,6
26,6953,830.524751908539,56,30
25,3162,362.945344879572,90,65
97,9002,8292.65900964879,98,1
56,3653,1365.26562572759,72,16
34,1181,194.019492800919,61,27
47,4962,1347.14288251367,75,28
14,9179,685.128146375148,84,70
90,8353,6909.05220060558,94,4
28,2032,262.872007828277,62,34
18,6142,534.917045215226,71,53
91,3781,3168.05953868278,93,2
28,3200,413.971665871302,69,41
46,7150,1870.11159381736,86,40
49,7356,2149.70449882266,80,31
20,8736,822.812603561148,73,53
53,6461,2178.4492144056,82,29
74,4523,2829.79306614117,83,9
9,1906,118.04074900832,80,71
60,7858,3347.00638480843,78,18
43,1632,381.056787237919,82,39
46,2426,634.530171552577,73,27
64,9988,4807.3816844124,70,6
44,2789,676.498777339444,87,43
87,3138,2492.4981513814,88,1
43,4539,1059.81418950546,61,18
23,7114,754.264268107141,29,6
93,9336,8030.39956816777,94,1
78,8476,5778.21824665927,80,2
30,4727,662.28919492743,77,47
56,3885,1451.97288692901,65,9
36,4178,742.91798303334,76,40
51,4908,1541.78280078006,69,18
17,5659,474.05690804074,76,59
92,2615,2219.60640879453,95,3
5,5542,299.386103931559,72,67
93,5981,5144.5822426319,97,4
13,6889,494.996684542948,47,34
31,5868,855.590783297592,82,51
30,4509,631.745711852715,72,42
52,5525,1798.46108411934,65,13
4,6546,342.917575033483,73,69
92,9433,8006.71023103586,96,4
1,2654,128.540595914251,76,75
44,1206,292.526900491707,81,37
29,5425,730.376201311431,87,58
3,1772,90.1983873321973,76,73
28,8297,1073.35090991693,61,33
90,4809,3977.68849906767,97,7
22,9095,926.899613050487,82,60
44,1479,358.74567647366,87,43
76,9515,6222.81449332557,91,15
50,8370,2536.48461549955,73,23
41,4865,1051.85237910292,92,51
42,1779,399.755764813336,91,49
7,4446,256.58120603858,62,55
40,6699,1393.30953385532,81,41
78,8953,6103.39640895947,90,12
4,5196,272.196718587531,31,27
42,9441,2121.46946352035,48,6
2,7889,391.143662032257,80,78
89,8093,6606.73752999637,95,6
99,8013,7631.42857142857,99,0
39,2498,499.71156887587,81,42
63,9024,4216.26887843206,85,22
55,8654,3126.56267743575,77,22
65,6957,3447.43257376304,76,11
6,7283,406.369720931705,70,64
81,9320,6726.06252592983,87,6
68,4229,2278.3923235572,86,18
51,2308,725.027445843597,62,11
57,4055,1567.02607568296,64,7
24,9188,1013.55037585826,86,62
16,3137,252.819842830561,58,42
29,3267,439.841299481004,90,61
6,3633,202.710585767525,79,73
45,5717,1440.18215573595,68,23
71,7681,4473.02493994656,85,14
33,3211,506.970969823916,76,43
85,6418,4949.82523742561,87,2
21,3892,381.286361377945,72,51
3,4023,204.778844377782,82,79
75,3898,2494.29380815362,84,9
73,4504,2753.25104818058,84,11
16,6327,509.911107934001,89,73
12,3076,212.834109768807,82,70
82,8881,6523.05712285008,91,9
87,5410,4297.13671095392,90,3
58,6512,2600.80509918781,82,24
16,4323,348.402990295351,87,71
38,5885,1132.09765821793,83,45
75,7646,4892.60401671179,89,14
99,1606,1529.52380952381,99,0
36,3963,704.687402288446,84,48
62,3821,1732.02364546894,75,13
56,8093,3024.66321078932,86,30
16,1420,114.441879763914,78,62
83,3993,2982.90897234842,93,10
80,9203,6521.24202736292,92,12
60,8053,3430.06393698934,79,19
72,4149,2476.32427008598,76,4
43,8281,1933.5363082826,71,28
49,4503,1315.94879801501,59,10
64,7301,3514.08627131507,81,17
76,8899,5819.95020242819,80,4
48,4073,1147.44294013143,89,41
76,9819,6421.63063688531,79,3
10,2763,177.47377714985,76,66
3,8617,438.622744718704,77,74
94,2468,2153.17508989037,95,1
19,3019,273.41295541128,79,60
45,7735,1948.54101357663,87,42
22,3992,406.837081396102,62,40
82,3651,2681.64413416571,92,10
77,6958,4647.59315125067,95,18
87,1910,1517.10371865471,91,4
78,2978,2030.14793989515,79,1
84,6454,4900.42211924918,85,1
74,1854,1159.94612969837,81,7
66,9613,4901.29722233746,82,16
0,1241,80.2085268918758,84,84
34,2517,413.503017256489,81,47
3,2925,148.88842152747,83,80
35,2779,474.995165619235,71,36
15,2980,231.104755777022,72,57
5,8975,484.841263584581,50,45
31,2906,423.712818040696,69,38
68,9797,5278.17677793566,83,15
33,3132,494.497999840705,72,39
27,3702,460.190705238308,63,36
95,6072,5382.55091676864,98,3
60,6077,2588.41407488939,71,11
6,1633,91.1165391022207,18,12
65,6061,3003.43378317922,65,0
25,1855,212.923344323721,54,29
49,9248,2702.61925028711,73,24
46,8166,2135.85052798778,88,42
82,2229,1637.1911188867,84,2
27,3039,377.774055434689,60,33
10,1264,81.1895962060843,80,70
56,4709,1759.933159472,85,29
59,9231,3808.27852194426,60,1
31,9975,1454.41684788573,64,33
42,6771,1521.49875410405,65,23
31,8672,1264.43136890878,54,23
52,1930,628.240704497797,80,28
69,4964,2746.47060631346,77,8
55,9377,3387.77192353999,86,31
16,8460,681.81570619909,80,64
80,2871,2034.38942307497,86,6
33,9158,1445.91720387649,71,38
62,3129,1418.34650266221,64,2
5,3134,169.302787751986,45,40
5,8452,456.588118085446,83,78
17,5266,441.135125948495,87,70
98,2010,1884.65964544354,99,1
52,6606,2150.34098130179,82,30
23,3096,328.254452355877,70,47
65,8922,4421.15759998762,78,13
47,5509,1495.64896004994,56,9
27,4313,536.143304076938,77,50
46,4199,1098.26553600547,59,13
58,5222,2085.59647235238,66,8
42,4920,1105.56400386825,60,18
95,1417,1256.10583811943,95,0
85,7849,6053.47121978087,95,10
8,4568,272.980255619762,76,68
91,7064,5918.85019340258,91,0
47,4346,1179.90386283845,73,26
24,2828,311.96348094549,46,22
56,4414,1649.68039199605,61,5
26,2852,340.66684775538,57,31
39,9189,1838.21041088886,49,10
56,3478,1299.86144163169,87,31
89,8201,6694.90355659214,94,5
9,3507,217.192500929789,82,73
52,3301,1074.51946401411,75,23
50,4680,1418.24946242986,74,24
0,3559,230.025904277346,62,62
88,2384,1920.14375016214,89,1
46,1748,457.196512726259,82,36
82,7973,5856.1349443175,84,2
30,2838,397.625710853405,68,38
30,8969,1256.62614539964,73,43
3,1877,95.5430998998501,55,52
62,4339,1966.82821190519,65,3
97,7082,6523.9514670443,97,0
56,7955,2973.08733990227,75,19
42,5063,1137.69726658231,73,31
10,4733,304.01135984446,85,75
16,1042,83.977773742252,62,46
92,1898,1611.01834183251,93,1
77,9033,6033.58852188091,84,7
33,5025,793.37562234979,85,52
32,9668,1466.93318822955,76,44
69,6833,3780.5466665874,75,6
43,5058,1180.9958516234,62,19
79,8758,6089.18721877423,86,7
30,1451,203.296302483542,84,54
56,1691,631.991287463826,74,18
90,5054,4180.33638475525,95,5
57,2700,1043.3959073598,69,12
90,9559,7906.57607872486,90,0
25,9866,1132.45375476972,89,64
39,1824,364.881465824494,79,40
94,8604,7506.44994871017,95,1
11,5244,349.515345399102,89,78
50,2267,687.002463959079,88,38
33,6314,996.890284480911,87,54
24,1766,194.811706983641,81,57
76,2176,1423.10502758554,83,7
63,2175,1016.22172103166,81,18
51,8573,2693.09371456549,86,35
35,4772,815.644811203666,84,49
82,1698,1247.17385368758,84,2
91,6820,5714.40519804723,93,2
57,2359,911.618868689544,73,16
60,5951,2534.74611809556,82,22
28,8494,1098.83604059714,60,32
74,1799,1125.53564580764,80,6
70,6439,3656.16824499624,79,9
89,5561,4539.73401758431,93,4
36,3661,650.986772590966,71,35
48,7411,2087.82215303561,89,41
32,4384,665.187742780133,72,40
23,6902,731.786896046597,84,61
95,3026,2682.41091471375,98,3
65,1283,635.770589641797,83,18
11,1986,132.367939733527,80,69
56,4168,1557.74079606696,82,26
87,7826,6216.15377078103,91,4
81,7385,5329.61070321801,94,13
51,7396,2323.35484811925,76,25
11,4500,299.927355891678,54,43
6,5097,284.397427926527,81,75
30,2867,401.688834748665,63,33
68,4967,2675.99306481642,88,20
9,3269,202.452890088247,43,34
78,9578,6529.46842455197,86,8
45,3388,853.478597801891,65,20
23,1170,124.049647692628,42,19
69,2941,1627.18977702818,95,26
11,4611,307.325564003673,45,34
82,2447,1797.31120139783,88,6
31,2598,378.804508351593,61,30
78,7490,5106.04703486054,85,7
29,6754,909.301541688001,91,62
35,1207,206.304125549628,84,49
96,2199,1987.01914308337,97,1
4,7885,413.062187463949,60,56
72,8218,4904.90066318789,75,3
38,3423,658.482631109595,90,52
71,7408,4314.04358223201,91,20
13,4697,337.494473406623,71,58
68,8619,4643.52410421838,94,26
61,2041,897.061867438517,65,4
42,6192,1391.39274633175,62,20
41,7375,1594.53469596794,91,50
97,6743,6211.66404155319,97,0
78,7436,5069.23441271335,88,10
74,2278,1425.21967823781,91,17
24,2669,294.423808572671,65,41
66,1402,714.825622148874,74,8
19,4180,378.557851480342,27,8
15,6266,485.940402583497,74,59
30,3060,428.729624810225,50,20
20,2546,239.798636523201,73,53
27,1819,226.117475102237,73,46
86,6903,5404.41093078389,93,7
36,6344,1128.06885695632,57,21
34,5413,889.269699010478,90,56
46,2520,659.116254044721,91,45
9,7646,473.525481069053,85,76
65,2545,1261.13495762929,75,10
62,1729,783.739566348024,71,9
70,9301,5281.25809080759,89,19
43,9076,2119.16139765401,72,29
52,3610,1175.10307939743,52,0
43,4470,1043.70333269209,76,33
0,9970,644.382766407737,79,79
86,2570,2012.07244561996,87,1
13,9152,657.600472773561,83,70
37,1040,192.361803817225,85,48
25,8400,964.181181843266,81,56
69,9105,5037.59364836503,91,22
33,1526,240.933572080752,67,34
86,4737,3708.63314198512,86,0
56,6095,2277.93429751154,79,23
65,6127,3036.13905123561,90,25
54,9110,3180.24280796316,73,19
39,2336,467.304333424352,92,53
11,2851,190.020642588261,54,43
0,6416,414.680022996193,74,74
22,9882,1007.10522002913,84,62
20,1167,109.915557275167,82,62
52,3421,1113.58106222122,70,18
64,6586,3169.94551196837,74,10
11,8040,535.870209193132,79,68
32,6254,948.924302770747,72,40
87,5612,4457.58432936662,94,7
78,4323,2947.05491745022,80,2
12,9961,689.21995039242,82,70
78,4180,2849.56964028265,91,13
49,8623,2519.97034982977,76,27
47,2246,609.770841218398,63,16
42,8333,1872.49285451913,73,31
69,1696,938.359014566402,84,15
80,7760,5498.73281889995,87,7
94,3716,3241.97675609101,94,0
65,8595,4259.1178627991,87,22
88,5294,4263.94337808657,91,3
92,4489,3810.25360194212,95,3
66,6373,3249.34642650126,77,11
24,5588,616.425718360466,70,46
45,1580,398.021305940669,71,26
40,3465,720.677345097578,71,31
37,1249,231.019127853571,68,31
2,4697,232.88145272728,72,70
24,2287,252.28446991596,90,66
65,2421,1199.68869643242,75,10
93,4059,3491.36587909094,94,1
51,1892,594.346589053763,77,26
29,8447,1137.23276912031,72,43
62,7023,3183.46036695325,75,13
6,2049,114.328100808604,52,46
55,8632,3118.61440162069,78,23
93,3263,2806.68313955992,95,2
46,5293,1384.40568756298,87,41
89,5298,4325.03341578163,91,2
30,7218,1011.29752675824,71,41
81,5109,3687.06582027634,84,3
42,6827,1534.08240943263,91,49
11,8800,586.524607077059,69,58
36,3993,710.021901927268,90,54
48,5993,1688.34410513323,80,32
55,4732,1709.60187076797,83,28
34,1737,285.361438607279,91,57
73,3648,2229.98663937894,86,13
12,7338,507.729745605821,68,56
50,3545,1074.29366331492,81,31
44,7345,1781.60040141922,76,32
52,7932,2581.97164149043,84,32
23,5121,542.955765670041,78,55
61,2931,1288.23534221572,92,31
72,4592,2740.72813888523,78,6
88,9677,7794.14054963047,89,1
91,1816,1521.60701461199,91,0
5,2520,136.133702978623,75,70
6,5026,280.435839269909,28,22
72,3306,1973.18101636641,89,17
78,5993,4085.51934311338,82,4
93,4477,3850.91033276426,94,1
17,5943,497.847712402565,86,69
63,1155,539.648775996124,71,8
22,1255,127.900936160348,58,36
83,2896,2163.41206709768,88,5
95,9707,8604.81254101996,97,2
94,5779,5041.81476680568,97,3
93,3339,2872.05485840962,98,5
36,3471,617.201608211758,73,37
79,3605,2506.45351948859,87,8
14,5020,374.696948992618,85,71
88,9654,7775.61567284619,94,6
12,3976,275.106768673854,14,2
42,7543,1694.97343113378,79,37
76,8815,5765.01416276037,82,6
66,2181,1112.007619049,86,20
38,9135,1757.30027320659,40,2
61,1968,864.976852091622,73,12
52,3957,1288.05620087968,72,20
87,6013,4776.09668077004,95,8
46,5069,1325.81757609234,70,24
9,7431,460.210286401273,57,48
18,3556,309.697983195269,60,42
69,3299,1825.26320109349,75,6
29,6535,879.817230519853,59,30
85,5415,4176.27043637577,95,10
74,9495,5940.50080986302,79,5
50,2033,616.089990837586,63,13
6,9923,553.673862529906,63,57
56,3202,1196.70969985758,75,19
90,1475,1220.02298526197,92,2
38,8555,1645.72565268554,89,51
82,1203,883.598436976539,94,12
5,4699,253.846139006568,76,71
11,4395,292.929050920872,73,62
84,3072,2332.52196317531,97,13
48,3820,1076.16794286817,82,34
27,7560,939.773563371585,85,58
44,6624,1606.71491613355,61,17
88,1203,968.931598760511,89,1
97,6760,6227.32447292,97,0
64,6263,3014.48052557818,81,17
3,2700,137.435466025357,73,70
86,3442,2694.76784351125,90,4
78,1499,1021.89112219706,84,6
78,1934,1318.43724504944,86,8
98,6537,6129.36323495741,98,0
21,4821,472.297417318364,91,70
48,7723,2175.7185923484,78,30
64,3752,1805.89668401235,80,16
23,6078,644.422015962216,79,56
29,4920,662.387264599491,92,63
55,6142,2219.01409346087,64,9
58,5611,2240.95783346787,85,27
66,3431,1749.33431497346,80,14
42,7683,1726.43256945523,79,37
94,8617,7517.7916327331,94,0
80,1871,1325.78983301054,89,9
97,4000,3684.80738042604,97,0
43,6876,1605.48190505388,68,25
82,3193,2345.24506173407,86,4
23,4245,450.077567910432,56,33
4,4304,225.468567513613,46,42
91,6126,5132.91000633978,95,4
90,6384,5280.42490705926,92,2
21,8327,815.768635969719,72,51
91,7753,6496.15593848389,93,2
93,8506,7316.47158599347,97,4
94,7835,6835.54571689263,95,1
11,5949,396.503964488799,82,71
73,7738,4730.16354591947,81,8
73,7702,4708.15709882034,80,7
47,8456,2295.73563372341,74,27
39,1757,351.478473384669,50,11
23,5923,627.988088276441,43,20
49,6448,1884.35217623824,63,14
38,9765,1878.4933954967,81,43
79,1762,1225.06826666821,92,13
0,7243,468.130830199723,73,73
97,8906,8204.22363251857,99,2
39,2934,586.931042066374,80,41
11,2455,163.627035269793,72,61
74,5478,3427.28419551655,94,20
91,6614,5541.79999705049,99,8
24,3269,360.61125148897,67,43
43,2929,683.894197193544,76,33
65,7494,3713.53452749464,93,28
54,6521,2276.43944574399,73,19
91,4271,3578.62530804395,96,5
9,3490,216.139671583965,77,68
22,6272,639.198941512112,51,29
70,4823,2738.57733275616,86,16
96,4310,3894.52137639352,96,0
28,4499,582.018288985933,64,36
63,2390,1116.67582219111,71,8
16,7310,589.133902164935,75,59
39,5347,1069.63881456336,91,52
74,8560,5355.52258372064,79,5
86,9258,7248.15824963019,87,1
38,1767,339.91785251845,83,45
77,6673,4457.22752203158,85,8
77,6328,4226.78491824005,93,16
16,5952,479.688780531559,83,67
9,8308,514.523894418218,68,59
77,5455,3643.66493821104,92,15
41,2656,574.248698642828,70,29
79,5651,3928.97887340639,82,3
65,5889,2918.20187248678,90,25
53,3303,1113.66936312981,82,29
29,7929,1067.49362215638,84,55
10,3282,210.810328123709,81,71
70,9646,5477.15466551231,74,4
45,7989,2012.52671718988,71,26
75,6704,4289.8270112524,86,11
44,5981,1450.74908112844,74,30
33,3955,624.437927640482,89,56
23,4649,492.911805233357,86,63
70,3778,2145.20944705635,78,8
82,1183,868.90852114983,91,9
9,5570,344.956438602488,68,59
68,8378,4513.68429575839,73,5
89,3527,2879.27385003054,97,8
97,1744,1606.57601786575,97,0
6,1657,92.4556676622044,78,72
6,5888,328.532873382655,83,77
46,2950,771.584503742828,70,24
47,2070,561.988264168337,92,45
54,5452,1903.25837420584,71,17
99,5731,5458.09523809524,99,0
16,2964,238.877275788901,73,57
9,8592,532.112337607286,69,60
28,7051,912.160692518296,81,53
44,9711,2355.49645992949,83,39
20,9012,848.808056695635,76,56
69,8837,4889.31521917647,77,8
87,4345,3451.2123861543,87,0
7,4951,285.725045230997,88,81
2,3336,165.401857845051,84,82
89,3960,3232.75430851175,94,5
4,2199,115.196417277517,80,76
73,4672,2855.94780130987,78,5
84,1760,1336.34070806919,91,7
93,9925,8537.03038925291,93,0
40,3645,758.115129258491,75,35
62,3498,1585.61075944788,78,16
23,2430,257.641575976997,49,26
62,8721,3953.1479225686,75,13
84,8493,6448.60320092706,98,14
39,1877,375.483832978386,65,26
51,6098,1915.60544400098,81,30
77,3582,2392.59538197469,79,2
79,5106,3550.0559418887,86,7
49,1738,507.910062391759,91,42
29,6009,809.001031093159,30,1
80,5083,3601.81171629748,80,0
3,2639,134.330442533673,30,27
57,3223,1245.50555904468,81,24
84,9136,6936.82313006825,84,0
63,7965,3721.47402667457,80,17
65,1807,895.430596635018,89,24
28,1474,190.685698591968,79,51
86,1109,868.2444911255,91,5
68,4790,2580.63353744124,92,24
40,4578,952.167643825891,44,4
6,6307,351.911826159036,55,49
59,3348,1381.22808920695,68,9
2,5571,276.215152894119,72,70
39,6167,1233.67543845376,80,41
87,4675,3713.32978257109,93,6
14,2668,199.141725082133,86,72
66,5006,2552.36595183828,68,2
55,3064,1106.97804988019,85,30
48,6076,1711.72681174529,82,34
63,6529,3050.53407660493,76,13
81,6641,4792.68038998927,97,16
91,2359,1976.58091821018,92,1
82,4018,2951.20408958581,90,8
22,1090,111.0852752309,34,12
61,1177,517.315932373902,70,9
92,5092,4322.07871265076,96,4
44,8874,2152.47405884196,88,44
66,3212,1637.67467784749,74,8
47,6132,1664.78842313055,91,44
52,9910,3225.83698527107,82,30
79,5667,3940.10321635003,79,0
33,4829,762.430025935749,82,49
82,6530,4796.25751742045,85,3
14,5670,423.213486212778,90,76
31,6283,916.10035641765,70,39
98,2347,2200.64486958009,98,0
93,9199,7912.55844339924,97,4
0,3245,209.731401905026,84,84
12,8186,566.404428663021,89,77
74,2620,1639.19032352197,85,11
25,6174,708.673168654801,86,61
92,7610,6459.35172884373,93,1
97,8889,8188.56320115176,98,1
20,4211,396.619033149725,78,58
4,5351,280.316520623918,65,61
47,7249,1968.04489224941,72,25
28,5797,749.93554595498,81,53
3,7781,396.068652275298,86,83
41,9265,2003.16799432447,86,45
31,9614,1401.7808095813,57,26
83,5256,3926.41361348943,97,14
98,3975,3727.12541822789,99,1
66,9717,4954.32280343838,90,24
59,1940,800.353193865438,81,22
25,5018,575.983472677323,67,42
47,8102,2199.62749579317,84,37
50,8067,2444.66205414993,65,15
21,7956,779.422993608152,81,60
44,7120,1727.02448714838,84,40
63,2810,1312.91174073516,66,3
39,1094,218.848861629384,86,47
12,6808,471.05806869507,82,70
34,7287,1197.13805591896,79,45
21,9344,915.400760718272,44,23
88,4827,3887.8078364231,93,5
54,3178,1109.41949985806,71,17
53,6846,2308.2592976042,67,14
64,4882,2349.78347850434,66,2
62,5590,2533.8948385688,88,26
96,3387,3060.497425022,99,3
36,9321,1657.42903778214,71,35
70,4845,2751.06928824457,79,9
81,8158,5887.4697517742,84,3
63,5316,2483.78605471463,82,19
15,9579,742.869951539629,80,65
3,6412,326.383780797996,57,54
48,7972,2245.86671218457,83,35
29,1493,201.00491586322,80,51
47,3637,987.416095062919,81,34
33,9920,1566.22610422088,71,38
17,2978,249.468364047592,77,60
2,4481,222.171979917168,74,72
94,9305,8118.0284487155,97,3
5,9859,532.59610224851,81,76
74,3145,1967.65403338801,79,5
96,4576,4134.87930820806,96,0
88,3692,2973.64543859003,90,2
14,3652,272.588298350805,86,72
43,3321,775.42254314775,89,46
6,2994,167.05628785796,84,78
86,7249,5675.29694875451,87,1
81,9645,6960.60869770314,87,6
77,5003,3341.75172976532,90,13
11,7788,519.074277263198,74,63
58,5768,2303.66151905947,77,19
74,1016,635.655484236001,89,15
31,5589,814.910853416879,81,50
65,1748,866.194069130056,84,19
8,1896,113.3035386723,42,34
57,4825,1864.58713074483,89,32
68,1312,706.845762238602,78,10
48,3593,1012.21764888098,76,28
71,7541,4391.49603855448,96,25
87,3573,2838.01653756716,87,0
28,2430,314.35973377102,87,59
11,5938,395.770808729952,88,77
92,4755,4036.03383319999,96,4
87,3411,2709.34072478074,92,5
46,6763,1768.89016908907,62,16
3,3499,178.106183563972,68,65
14,7687,573.764033248258,53,39
35,1300,222.199969523212,63,28
89,1425,1163.30173980537,91,2
78,7379,5030.37664489131,83,5
70,5098,2894.72677636137,92,22
47,5826,1581.71189712306,88,41
78,2284,1557.03757378124,84,6
11,6853,456.75603776126,59,48
82,2405,1766.46237816174,87,5
76,4194,2742.8779805578,85,9
14,3562,265.870623966475,44,30
87,3489,2771.29574575198,89,2
55,5446,1967.55954949331,87,32
45,9120,2297.43943682209,82,37
33,2751,434.343549668512,90,57
93,6291,5411.23004320303,98,5
15,6158,477.564793984866,64,49
71,6583,3833.60541331444,79,8
70,8172,4640.19364778837,89,19
25,1453,166.780387764079,85,60
83,4207,3142.77436680936,92,9
34,1850,303.925539103895,79,45
89,2373,1937.20352881273,92,3
46,4676,1223.02682694965,81,35
6,8150,454.745740161114,75,69
80,6391,4528.65998010175,82,2
89,8602,7022.26074793387,91,2
59,7973,3289.28660550986,70,11
30,3353,469.781186924407,73,43
4,6026,315.676948846894,53,49
62,2653,1202.58014431539,66,4
40,4260,886.027558474944,74,34
23,6314,669.443996180558,75,52
38,7878,1515.49113873251,83,45
50,9277,2811.34621003457,92,42
9,9563,592.24747259526,87,78
34,1776,291.768517539739,56,22
73,3113,1902.94638387792,81,8
94,7027,6130.61643300632,96,2
66,8049,4103.87406039678,84,18
75,3634,2325.36267286563,91,16
17,9151,766.58327716572,26,9
68,1152,620.645059526578,91,23
12,3974,274.968384987399,78,66
69,2863,1584.03411480166,73,4
27,1464,181.987896398942,87,60
23,4832,512.314442436563,78,55
91,8162,6838.85267250168,92,1
26,4617,551.493280535269,90,64
93,2980,2563.25950226435,93,0
63,6384,2982.78596186949,88,25
56,8499,3176.40091789181,67,11
6,1281,71.4759868891272,55,49
31,3284,478.82756175005,88,57
81,1849,1334.38729725797,84,3
29,4380,589.686223362962,85,56
52,4328,1408.82164200335,78,26
31,1326,193.339021583607,85,54
82,4731,3474.89958880799,92,10
47,1283,348.324127018346,90,43
35,9565,1634.8790065304,71,36
35,6426,1098.35154165858,55,20
63,4170,1948.34233411588,89,26
36,6466,1149.76248882087,89,53
18,2764,240.721379513983,90,72
5,1872,101.127893641263,77,72
20,3712,349.620007373968,89,69
54,6602,2304.7160283395,68,14
46,6265,1638.63624269452,76,30
78,5838,3979.85348324644,83,5
86,9394,7354.63367865911,87,1
18,7608,662.593435362657,83,65
19,6029,546.010834108847,48,29
20,6686,629.730433540503,84,64
1,4143,200.657004096737,53,52
68,9058,4880.0372822845,85,17
55,9970,3602.01408528247,62,7
13,3555,255.43812070695,65,52
6,8805,491.292790444001,76,70
27,7169,891.168872461759,70,43
26,1769,211.304226395255,78,52
52,3417,1112.27900894765,77,25
60,3248,1383.44066401855,85,25
21,7813,765.413756794934,76,55
5,4705,254.170266870802,68,63
3,1041,52.9890074564432,81,78
46,2942,769.492071190306,74,28
69,3140,1737.29204347789,84,15
5,5956,321.750926563762,78,73
20,9440,889.119846338969,87,67
17,7624,638.665818501961,25,8
47,7754,2105.14830935328,64,17
14,1604,119.723885694056,72,58
76,4431,2897.87609247773,87,11
2,6907,342.455225460362,75,73
75,3261,2086.68345520496,77,2
94,2219,1935.93821898976,98,4
29,1476,198.716179379847,57,28
79,4597,3196.16278199419,94,15
76,7373,4821.94548179605,78,2
71,2748,1600.29586446727,79,8
75,2005,1282.98078125911,80,5
25,3239,371.783672379802,86,61
48,4431,1248.29846985572,49,1
91,4408,3693.41614560003,91,0
98,3228,3026.70713208544,98,0
5,2798,151.151627354836,63,58
89,6422,5242.61317405618,93,4
38,5494,1056.88097438391,87,49
74,4624,2892.98322746778,81,7
55,8299,2998.30640860172,94,39
86,5541,4338.09082536195,90,4
39,1588,317.670925290185,64,25
55,9837,3553.96314512775,83,28
6,8473,472.768178697561,58,52
51,2694,846.284202384163,65,14
45,6556,1651.53650743483,79,34
86,3683,2883.44856701102,87,1
62,5628,2551.11988398304,65,3
54,8030,2803.22170668981,76,22
81,2497,1802.03627974751,81,0
96,1998,1805.39529235133,97,1
35,1533,262.02504098391,76,41
11,2809,187.221320599939,86,75
80,9480,6717.52411381077,95,15
2,2449,121.4236060739,57,55
72,1821,1086.86104984974,75,3
69,6665,3687.59600948412,78,9
71,6735,3922.1225062544,94,23
5,1384,74.7654940168311,30,25
70,5013,2846.46240288339,80,10
85,1300,1002.61340116131,90,5
39,9203,1841.01103617479,62,23
56,3444,1287.15434300734,88,32
64,8721,4197.5546325351,76,12
58,9817,3920.77758887081,81,23
46,8466,2214.31674870739,76,30
66,6177,3149.41360058031,72,6
67,2363,1238.86125315691,80,13
43,3534,825.156057658582,73,30
48,5187,1461.27830357518,73,25
28,2258,292.108756730437,79,51
86,1303,1020.12855900498,90,4
5,8906,481.11379314588,49,44
10,9980,641.038109285381,76,66
15,9684,751.012904343853,27,12
41,7510,1623.72278870769,88,47
28,4694,607.244687374966,83,55
93,6410,5513.58839245452,93,0
66,1836,936.105450973846,88,22
55,4539,1639.87381475397,88,33
36,4339,771.546464428354,80,44
17,9116,763.651311839439,62,45
7,4538,261.890578723139,78,71
36,4402,782.748913669881,84,48
63,7955,3716.80174289971,86,23
48,1924,542.028042428891,59,11
74,2247,1405.82467822667,83,9
47,6171,1675.37660781778,84,37
86,3677,2878.75112161268,87,1
49,5540,1618.99985365382,66,17
90,6265,5181.99593401101,93,3
31,4019,585.995118962683,91,60
24,3355,370.098118306973,87,63
25,2860,328.280735722826,86,61
0,2633,170.17651193095,80,80
32,7887,1196.70066772512,89,57
10,7522,483.155176156777,87,77
1,6776,328.180511648441,81,80
37,2672,494.221865191948,67,30
4,5769,302.213793212368,74,70
40,3168,658.905001232071,64,24
84,4590,3485.11582388499,88,4
44,1694,410.895994554686,77,33
63,5643,2636.56973415249,78,15
14,4347,324.46367276313,76,62
2,5965,295.750024594044,77,75
71,9378,5461.27169467762,80,9
1,7265,351.864140662031,80,79
99,7731,7362.85714285714,99,0
93,6186,5320.913852687,93,0
83,7576,5659.53377773895,84,1
36,9622,1710.95185082499,81,45
37,6117,1131.42034033651,89,52
3,1534,78.0837055121844,70,67
1,1595,77.2502827743895,87,86
81,1383,998.084170961476,93,12
5,8965,484.301050477523,79,74
88,4500,3624.43241431612,93,5
19,9234,836.268708270209,82,63
26,9507,1135.59597531921,76,50
74,8080,5055.21290612883,87,13
41,9489,2051.59860746303,58,17
88,7975,6423.29966759358,90,2
21,5725,560.859305983745,91,70
17,1013,84.8594535863703,32,15
18,1229,107.035664045834,63,45
90,9561,7908.23034717945,91,1
34,6501,1068.01077281861,51,17
52,1653,538.073515303035,82,30
3,1515,77.1165670475615,54,51
21,8652,847.607810545215,70,49
82,5190,3812.03315703096,84,2
1,4231,204.9190886636,69,68
68,8948,4820.77429916998,71,3
18,4803,418.301297324769,89,71
15,7290,565.353580407547,76,61
97,6599,6079.01097585785,97,0
5,1729,93.4028462103331,53,48
53,7832,2640.70797821152,65,12
30,5814,814.586287139428,35,5
10,3888,249.735087064285,72,62
20,3738,352.068854408376,47,27
28,4633,599.353352494294,83,55
96,4515,4079.75963211525,98,2
30,2066,289.462550607165,78,48
19,8846,801.12984550122,65,46
21,9576,938.129033030627,65,44
6,7702,429.748673708086,23,17
87,9026,7169.30793956933,91,4
85,2361,1820.9001847245,88,3
6,6641,370.548031952142,81,75
84,3784,2873.13252234876,89,5
25,1972,226.35301078511,85,60
92,8864,7523.74424763086,92,0
56,7285,2722.68274936367,62,6
19,6285,569.195238410035,60,41
38,7616,1465.09018946266,71,33
20,7899,743.978566338085,77,57
53,4452,1501.07659844199,87,34
21,4226,414.007236172455,83,62
68,8468,4562.17219103391,81,13
14,3851,287.441822822823,83,69
1,2862,138.614613981381,55,54
41,3635,785.916423029623,67,26
58,9044,3612.05179930198,65,7
51,8350,2623.04123604594,58,7
79,3874,2693.48153522852,88,9
79,5283,3673.1189857027,93,14
4,8738,457.747291573873,76,72
85,6934,5347.78563357887,88,3
52,8735,2843.35883615972,56,4
94,1736,1514.55103567653,95,1
89,9993,8157.80651640352,92,3
26,4286,511.9558588638,33,7
16,3204,258.219565326464,69,53
72,1922,1147.14274454212,74,2
63,6133,2865.51163912055,83,20
49,1509,440.987505264191,91,42
68,2087,1124.38041599997,87,19
97,5409,4982.78078018111,98,1
78,9824,6697.17036988918,84,6
55,4818,1740.67240349959,83,28
63,2102,982.114049475198,81,18
79,2151,1495.52885448543,86,7
23,1399,148.329450531612,60,37
47,6307,1712.29950826556,62,15
31,6373,929.222914443687,83,52
86,2528,1979.19032783162,91,5
90,1232,1019.02936802898,91,1
84,9444,7170.68275398036,95,11
63,8795,4109.2735799878,67,4
12,2307,159.625582326605,64,52
66,9349,4766.69382415822,75,9
49,7207,2106.16100095363,58,9
24,2271,250.519471438192,63,39
78,7201,4909.03133485057,95,17
25,1711,196.394524063551,91,66
69,5728,3169.17478504502,72,3
5,6369,344.061727885258,19,14
32,8111,1230.68836261169,58,26
36,8632,1534.91336274385,66,30
61,4900,2153.65171506552,85,24
42,3323,746.705118872803,77,35
22,4593,468.08685241791,69,47
28,3454,446.830666849836,87,59
71,4347,2531.47238822389,83,12
87,6701,5322.571737542,90,3
76,3382,2211.82959710216,82,6
9,5135,318.01639357698,76,67
45,9611,2421.12833632644,68,23
60,1378,586.940035411811,68,8
20,8056,758.765834968934,80,60
18,1475,128.460215189264,81,63
89,9671,7894.94114081242,94,5
20,9472,892.133811919779,80,60
29,6996,941.882378686593,79,50
50,5824,1764.93266435716,59,9
62,3000,1359.87200638755,87,25
43,3600,840.566442436586,84,41
30,5672,794.690990824705,66,36
6,8239,459.71167523772,66,60
75,2515,1609.32501988362,80,5
76,2695,1762.53127267603,83,7
75,4081,2611.39379966006,85,10
79,6390,4442.78446311571,83,4
39,6608,1321.89513496067,91,52
68,5923,3191.04226352076,84,16
55,1816,656.094040007318,55,0
37,3204,592.622326375375,40,3
65,9631,4772.49146441165,81,16
19,1222,110.669304906454,80,61
32,3577,542.741002720013,85,53
44,2107,511.073117194051,70,26
77,9075,6061.64240408161,89,12
24,6194,683.275035705929,81,57
4,5359,280.735607180635,70,66
66,1351,688.822692955156,73,7
23,9706,1029.08194914927,63,40
12,7222,499.703491791392,76,64
64,5740,2762.75238972038,91,27
50,6734,2040.70339316296,80,30
78,7884,5374.64283349006,78,0
66,9585,4887.02110434876,74,8
29,9946,1339.0454743306,90,61
4,3743,196.080122723851,77,73
48,8508,2396.86828741424,67,19
98,1055,989.211903454195,98,0
93,9544,8209.31164080904,96,3
25,4201,482.205374395662,68,43
0,5242,338.801851706054,21,21
98,9978,9355.78803096299,98,0
83,2628,1963.20680674471,83,0
73,3651,2231.82050997053,89,16
57,2028,783.706259305805,73,16
44,1771,429.573085216262,65,21
82,5670,4164.59113687197,87,5
1,2001,96.9139911169613,59,58
57,2203,851.333771819867,60,3
22,2460,250.70621749359,78,56
24,9572,1055.91033932469,67,43
46,1837,480.474824873077,82,36
49,7637,2231.82344446828,76,27
47,9641,2617.45355306615,80,33
42,7565,1699.91701001287,84,42
80,3311,2346.17324270332,95,15
60,1318,561.38386550999,70,10
15,8193,635.382974523873,73,58
50,4880,1478.85841381575,71,21
68,2169,1168.55827613988,71,3
40,2645,550.12743947564,73,33
56,6080,2272.32822458904,58,2
60,4390,1869.8597644832,93,33
69,2324,1285.81742326198,92,23
96,6416,5797.50560346654,99,3
98,4383,4109.68319700449,99,1
38,6251,1202.50509116742,71,33
79,8795,6114.9122618314,84,5
55,3603,1301.71080734932,65,10
17,3374,282.641457453518,79,62
39,6038,1207.86967689051,75,36
68,3806,2050.49921576229,95,27
50,7162,2170.40654912877,85,35
17,6297,527.502447416953,66,49
69,7470,4132.98457477065,76,7
95,1128,999.920526040024,95,0
57,9110,3520.4950800177,71,14
79,7796,5420.33609928796,80,1
50,4974,1507.34462096712,71,21
3,6091,310.044230948315,64,61
66,5024,2561.54345625959,78,12
86,2886,2259.47123659891,89,3
23,1251,132.637700225195,78,55
93,5865,5044.80435596658,94,1
61,3767,1655.67469605139,88,27
67,2988,1566.53297690768,78,11
98,2442,2289.7208229717,99,1
0,1117,72.1941374200043,52,52
82,7846,5762.8539788179,85,3
33,9580,1512.54496758428,74,41
94,9224,8047.36103288036,94,0
16,1267,102.111170183717,46,30
53,5660,1908.37680754305,69,16
15,1566,121.44632468014,86,71
69,8037,4446.69304249421,83,14
18,2325,202.488135806806,83,65
69,8182,4526.91831201787,77,8
80,3811,2700.47303773553,80,0
49,9605,2806.94830222834,67,18
11,5673,378.108419994109,73,62
71,9023,5254.53769471915,93,22
56,3929,1468.4173675017,90,34
39,2797,559.524923196881,75,36
4,4645,243.332131993665,38,34
43,7296,1703.54799000481,45,2
60,7943,3383.210958836,76,16
68,6729,3625.27830343259,70,2
0,7265,469.552738009249,80,80
71,3914,2279.31514320412,83,12
57,1522,588.166137408006,86,29
65,3499,1733.87474135358,86,21
86,2587,2025.38187424857,92,6
4,4218,220.963387028908,73,69
39,5274,1055.03555414385,87,48
85,1097,846.051462364583,85,0
73,5650,3453.78961416968,91,18
74,4842,3029.3738727074,93,19
92,6845,5810.02136451187,92,0
12,3714,256.978505748163,70,58
65,3425,1697.20519838126,75,10
72,9227,5507.12076164939,76,4
18,4159,362.214260998067,81,63
30,9856,1380.9016935064,87,57
13,2414,173.453621205789,83,70
24,2274,250.850408652774,79,55
41,1895,409.714338828373,73,32
29,5930,798.36513802337,79,50
86,9177,7184.74273675267,88,2
10,9744,625.879292272219,67,57
75,9742,6233.81484839213,88,13
92,2563,2175.4689199772,97,5
21,3356,328.776215001126,91,70
15,7041,546.043149471816,62,47
57,2670,1031.80261950025,65,8
77,4685,3129.34376453139,89,12
60,1273,542.216738083625,76,16
96,1011,913.540861144743,98,2
39,1898,379.684770907286,70,31
84,2572,1952.87971656475,87,3
33,5000,789.42847995004,82,49
93,3569,3069.89032334948,93,0
77,5684,3796.62539116252,90,13
24,4535,500.266756042361,89,65
60,5973,2544.11671372623,66,6
63,3057,1428.31714997416,85,22
38,3763,723.888443139178,83,45
34,7222,1186.45959103153,75,41
62,5730,2597.35553220022,87,25
28,1355,175.291127267379,68,40
26,4532,541.340166208759,66,40
36,2369,421.247654812346,87,51
2,3686,182.755170268842,78,76
34,5916,971.904588831699,82,48
16,2331,187.861987133579,59,43
72,4172,2490.05178471889,72,0
80,6256,4432.99903544305,85,5
9,7220,447.142816285452,81,72
86,5791,4533.81771695922,88,2
93,3158,2716.3669490439,94,1
0,5110,330.2704048489,74,74
18,9550,831.725461055912,53,35
68,2110,1136.77176701483,88,20
82,9617,7063.64602527297,89,7
48,1938,545.972113423695,73,25
44,1435,348.073053238473,76,32
54,6236,2176.9477662413,92,38
41,6114,1321.89628896922,60,19
68,1510,813.519131844733,80,12
5,2850,153.960735511538,64,59
69,6510,3601.83796275193,70,1
78,2387,1627.25424195088,95,17
93,6212,5343.27786176716,97,4
81,4940,3565.10181095422,89,8
4,1462,76.5880682399866,77,73
63,4150,1938.99776656616,70,7
36,8698,1546.64926194926,64,28
80,7402,5245.05416565689,88,8
52,2621,853.170407507112,76,24
82,4958,3641.63013344113,84,2
97,1045,962.655928136302,98,1
94,7130,6220.47746795718,94,0
68,4059,2186.80407692568,90,22
94,5239,4570.6986612381,94,0
12,2847,196.989177669634,89,77
23,9957,1055.69430946624,64,41
53,7328,2470.7747783879,92,39
95,3791,3360.54850551217,98,3
59,6370,2627.96383758909,82,23
1,5259,254.707985649225,31,30
94,9659,8426.87122903203,94,0
50,4066,1232.17998167517,85,35
88,9379,7554.12258086021,96,8
74,5401,3379.10951806953,94,20
79,4456,3098.12950980338,87,8
63,1413,660.193697387466,66,3
84,3444,2614.97579465357,84,0
14,5248,391.71505743292,80,66
80,9242,6548.87741137543,94,14
59,2567,1059.02404569721,83,24
61,5196,2283.74985948581,83,22
49,6889,2013.22924040094,65,16
19,9898,896.403256926416,76,57
36,4728,840.717143078418,58,22
64,1655,796.577561844466,76,12
59,2629,1084.60234364548,90,31
98,3727,3494.59029779506,99,1
59,5252,2166.72936813468,70,11
58,6054,2417.88606733461,78,20
79,6994,4862.72840923807,85,6
27,5418,673.504387082969,76,49
2,3567,176.855044044753,14,12
61,3943,1733.03034949048,65,4
9,4900,303.462576149406,57,48
48,7888,2222.20228621574,62,14
54,5464,1907.44749755332,61,7
62,8645,3918.69783174012,68,6
12,1807,125.02966071269,84,72
99,6215,5919.04761904762,99,0
43,1363,318.24779473363,72,29
9,6413,397.164387927784,61,52
77,4560,3045.85006750547,83,6
45,4068,1024.77890668775,85,40
84,8262,6273.20848299298,93,9
24,5080,560.387016691333,65,41
43,7773,1814.92304362766,43,0
32,6478,982.911997657323,91,59
7,5063,292.188629368721,90,83
12,2607,180.383135294954,85,73
22,4039,411.626996933581,83,61
11,5524,368.177491987918,67,56
83,3132,2339.71222173685,84,1
76,5939,3884.10880460962,77,1
24,9058,999.209763226397,53,29
81,2662,1921.11356695549,84,3
90,2465,2038.88587028526,91,1
49,5418,1583.34678828455,64,15
53,5484,1849.03505522369,84,31
5,3976,214.788731366272,82,77
28,2727,352.7814790097,28,0
39,3544,708.958286667767,78,39
0,8162,527.527797333997,26,26
90,7886,6522.78051645823,91,1
31,8584,1251.60042328332,78,47
51,5594,1757.28055981329,88,37
8,2073,123.880925985063,85,77
67,9387,4921.36715335756,81,14
65,8189,4057.9309108158,80,15
2,5621,278.694197526089,71,69
78,7220,4921.98392412458,80,2
76,6068,3968.47486552807,87,11
19,1663,150.608063878423,56,37
32,5588,847.87160279548,91,59
88,2338,1883.09399659358,93,5
99,9312,8868.57142857143,99,0
70,2830,1606.91972873728,77,7
55,7962,2876.55327452548,74,19
99,2595,2471.42857142857,99,0
61,3869,1700.50581338541,76,15
83,3445,2573.53403699982,96,13
81,6309,4553.08245451623,88,7
89,8433,6884.29724335344,90,1
10,3105,199.441215363838,24,14
46,1410,368.791237382165,76,30
45,9223,2323.38639537392,83,38
51,8689,2729.53356886266,85,34
47,1220,331.220136369745,87,40
19,4581,414.87404728025,84,65
72,4832,2883.97176983742,87,15
49,1515,442.740934708582,87,38
47,3412,926.330414175056,81,34
26,5150,615.159279782681,78,52
34,7285,1196.80948776858,34,0
86,1496,1171.22971931808,88,2
17,9264,776.049336647714,78,61
2,3098,153.601605396873,90,88
18,4569,397.921846237116,77,59
89,7210,5885.8986273661,96,7
28,4467,577.87857232722,77,49
5,5179,279.776368145353,77,72
13,3216,231.079886411689,84,71
38,7439,1431.0406932002,48,10
84,1428,1084.25825631977,86,2
20,7908,744.826244157687,77,57
10,5436,349.166649506546,76,66
91,2955,2475.96295604539,93,2
65,2690,1332.98744048046,78,13
89,8535,6967.56515736056,94,5
83,9936,7422.5353241307,87,4
31,6447,940.012573265095,84,53
30,9687,1357.22348873747,72,42
12,8088,559.623628026694,64,52
23,7646,810.669748938319,77,54
41,7941,1716.90847738053,80,39
10,6157,395.478120127263,87,77
55,2116,764.479619303681,74,19
78,5656,3855.7813123059,90,12
64,4298,2068.69508205892,90,26
38,3848,740.239896146574,39,1
25,6868,788.332899630899,79,54
73,8107,4955.7296286856,79,6
98,2471,2316.91242979651,98,0
69,1689,934.486070520432,73,4
17,8121,680.299726135156,77,60
1,6763,327.550885519245,75,74
0,2470,159.641467705829,63,63
44,2262,548.669858136186,48,4
87,7815,6207.4165242338,89,2
10,7597,487.972596817739,78,68
56,3010,1124.95196644951,68,12
1,9774,473.381983596792,57,56
47,4637,1258.90801012009,65,18
47,3519,955.380049086173,65,18
53,3027,1020.61070608354,90,37
20,5416,510.113674552104,90,70
61,8772,3855.47609072546,87,26
69,2412,1334.50586269703,77,8
2,1265,62.7198291888458,87,85
87,5835,4634.71214573311,88,1
20,3330,313.640793253047,80,60
56,5128,1916.52946310733,63,7
32,3957,600.398699402597,83,51
58,2483,991.67676002508,68,10
6,8475,472.879772744226,82,76
97,3672,3382.6531752311,97,0
38,6369,1225.20475534239,76,38
53,3876,1306.867227215,70,17
28,7351,950.970536193731,76,48
20,3046,286.891848723358,86,66
30,6488,909.018890774099,84,54
76,6345,4149.63299633744,82,6
87,2912,2312.98744959294,96,9
20,1162,109.444625153166,57,37
99,3677,3501.90476190476,99,0
40,6667,1386.65392778227,74,34
30,4990,699.137525425825,30,0
14,7240,540.399583806087,80,66
5,5212,281.559071398644,83,78
14,9892,738.347055664339,86,72
61,9632,4233.46394275737,71,10
20,6593,620.971096071274,57,37
39,5930,1186.26485325617,63,24
85,9592,7397.74441841484,90,5
24,9985,1101.46936253208,74,50
64,4387,2111.53218357201,90,26
70,7379,4189.91543404679,74,4
20,8262,778.168238395399,31,11
83,8504,6352.78184343875,84,1
98,4501,4220.32490753302,98,0
64,9934,4781.39063405615,86,22
63,6059,2830.93673918659,93,30
32,5658,858.492757447535,85,53
10,6279,403.314457735762,31,21
45,7732,1947.78527691978,63,18
84,5334,4050.02348684151,85,1
28,6110,790.427149523017,69,41
87,3894,3092.98527771803,98,11
19,5171,468.306854068145,40,21
24,4723,521.005488156135,64,40
64,2738,1317.84251621157,77,13
30,6139,860.121296310449,83,53
53,7794,2627.89555441529,72,19
25,2515,288.680437182835,85,60
2,4258,211.115440858581,52,50
89,2715,2216.39594636601,90,1
35,1364,233.139044945893,78,43
42,1601,359.757717518916,81,39
2,5976,296.295414413077,67,65
73,8465,5174.57151928254,90,17
70,2890,1640.98869825115,80,10
43,2930,684.127687871999,85,42
87,8676,6891.30464033941,91,4
7,9359,540.113249508564,87,80
10,4458,286.347484087598,67,57
2,8502,421.536749220211,44,42
94,3157,2754.2843431053,95,1
63,8370,3910.70151955633,73,10
56,5969,2230.84328496249,68,12
29,3360,452.362034360628,71,42
25,2379,273.069884714896,85,60
99,4723,4498.09523809524,99,0
83,1411,1054.06575506727,84,1
6,8907,496.984086823932,50,44
60,2610,1111.69339072919,89,29
77,8020,5356.95560118287,90,13
13,5597,402.162352066611,87,74
65,4697,2327.52491001366,71,6
68,4919,2650.13285400281,76,8
32,4330,656.994280619977,67,35
41,4954,1071.09489950172,92,51
29,4268,574.607488884274,50,21
8,2537,151.609218149592,82,74
92,8403,7132.448433308,97,5
80,6001,4252.30613997663,84,4
83,1931,1442.5237229163,83,0
61,6813,2994.45492545743,69,8
46,1830,478.643946389619,80,34
51,7416,2329.63758161877,78,27
26,9097,1086.62212974428,70,44
70,5588,3172.95669405793,92,22
56,3971,1484.11437168472,82,26
52,7663,2494.40855884281,80,28
27,6923,860.588939050461,68,41
46,1373,359.113736826747,71,25
43,3552,829.358889870765,81,38
8,3175,189.73561987582,63,55
2,3747,185.779604719846,82,80
47,5013,1360.98897018158,87,40
70,7699,4371.6166047874,72,2
59,5710,2355.67873039776,91,32
80,3992,2828.72956353719,83,3
13,9000,646.678786599875,90,77
55,6674,2411.21785407976,87,32
52,6864,2234.32341744709,71,19
90,7511,6212.60518122214,91,1
46,6256,1636.28225607293,70,24
45,3128,787.981420874946,63,18
94,5413,4722.50273969877,97,3
13,4513,324.273484880582,47,34
80,5030,3564.25593802407,83,3
63,3568,1667.07085086941,65,2
82,1714,1258.92578634895,83,1
46,4046,1058.24776343847,79,33
52,6000,1953.07991035585,53,1
34,5930,974.204565884377,66,32
14,3937,293.860933901183,56,42
44,3117,756.058332365381,80,36
74,3584,2242.31225935219,94,20
49,1229,359.160797859305,80,31
17,9011,754.855415860595,79,62
4,4001,209.595664177966,84,80
69,9098,5033.72070431906,94,25
72,9530,5687.96584572653,82,10
0,9953,643.284019464013,82,82
93,6963,5989.25366250559,93,0
69,8383,4638.12713390929,81,12
22,2518,256.617177093032,61,39
5,6799,367.290891488754,62,57
64,8160,3927.53649827845,69,5
78,3573,2435.76849873921,89,11
72,5918,3532.14919989607,78,6
11,6575,438.227192219508,81,70
34,4478,735.664088706617,53,19
67,6480,3397.30043184798,88,21
85,6060,4673.72093156734,85,0
41,9353,2022.1943066289,64,23
4,9492,497.246199544427,82,78
35,3034,518.58054425648,87,52
48,5709,1608.33580781005,48,0
39,6174,1235.07575109673,63,24
34,6764,1111.21748459392,86,52
87,3928,3119.99131250037,88,1
19,4689,424.654967844814,84,65
73,6317,3861.52017570086,93,20
60,1203,512.401206531501,72,12
97,6815,6277.99057440086,97,0
6,9898,552.27893694659,67,61
81,6733,4859.07499861433,81,0
4,6531,342.131787739639,77,73
40,1111,231.074323348747,81,41
76,2542,1662.46920042392,80,4
4,6062,317.562838352119,69,65
96,4264,3852.95571901205,97,1
72,1627,971.072448163385,92,20
64,2815,1354.9038287566,94,30
0,5905,381.652982511303,89,89
95,9691,8590.62927114705,97,2
71,8482,4939.48672576835,74,3
19,1860,168.449187500822,84,65
29,6787,913.7443830969,86,57
11,5887,392.371632029847,48,37
96,3311,2991.82373021785,97,1
28,6617,856.015785334501,87,59
8,9457,565.143230603347,82,74
70,5013,2846.46240288339,73,3
71,8853,5155.53831445734,77,6
84,2396,1819.24564575783,93,9
92,8832,7496.58271605096,92,0
28,1715,221.862939677901,70,42
89,2976,2429.46384397247,89,0
3,2126,108.217703988855,84,81
88,1334,1074.44285348838,90,2
68,1380,743.481060891213,76,8
38,4378,842.196014898571,90,52
63,6822,3187.43199120828,74,11
16,8730,703.575781928849,78,62
33,4792,756.588255184118,67,34
85,1464,1129.0969379232,95,10
68,8810,4746.42619308086,73,5
75,2056,1315.61520512156,75,0
87,3813,3028.64737132482,90,3
39,7165,1433.32001240817,78,39
31,2027,295.549167986404,82,51
84,6365,4832.8457993525,84,0
22,3407,347.217919918968,69,47
7,3629,209.43166817679,83,76
4,8047,421.548690237464,64,60
68,9156,4932.83521269561,79,11
15,9268,718.751300852832,75,60
8,4845,289.533567967983,88,80
62,6606,2994.43815806538,71,9
28,2570,332.470994152889,28,0
25,2724,312.670183254888,58,33
28,1223,158.214796050188,82,54
1,5005,242.406059740326,60,59
96,9059,8185.72370040577,97,1
42,5614,1261.51144669031,86,44
32,6501,986.401805614427,68,36
70,5225,2966.83942849905,80,10
7,5465,315.388279577337,66,59
18,5591,486.929534320796,82,64
4,7426,389.017096272326,77,73
74,1158,724.497097190245,85,11
60,3474,1479.70223731541,80,20
7,7987,460.934343821444,72,65
96,4200,3795.12523917698,97,1
84,1066,809.397269773725,86,2
73,5606,3426.89284549296,88,15
2,4409,218.602155647131,81,79
59,2926,1207.13064188158,93,34
55,2055,742.441218180087,57,2
62,3882,1759.67437626549,82,20
6,1532,85.4810397456229,89,83
72,4449,2655.37880877621,78,6
20,1978,186.300747463822,74,54
88,5693,4585.3097188226,96,8
74,8259,5167.20339006411,79,5
74,1285,803.954032719745,78,4
15,1269,98.4134010339064,65,50
27,1703,211.697669103414,83,56
28,5780,747.736321480039,84,56
57,9758,3770.91009778405,80,23
76,5459,3570.18857793634,87,11
81,2084,1503.98222146328,94,13
31,2309,336.666516467986,71,40
2,5033,249.540632654119,85,83
40,4651,967.350745180039,58,18
33,7681,1212.72003089925,88,55
57,1403,542.179428898444,86,29
6,2160,120.521570398528,40,34
2,1294,64.1576750753885,11,9
15,9341,724.412591850055,87,72
70,4369,2480.78879676791,82,12
14,7226,539.354612235191,90,76
40,5174,1076.12830693647,90,50
88,3242,2611.20219715842,94,6
40,7134,1483.78417891086,59,19
13,2439,175.249951168566,83,70
45,8319,2095.65774944331,79,34
5,7873,425.309779186786,88,83
76,9437,6171.80245649116,89,13
32,7203,1092.91681369646,83,51
24,6379,703.682830605121,64,40
55,9309,3363.20452556615,63,8
31,2481,361.745182917745,75,44
58,6021,2404.7063117644,84,26
12,5659,391.556640826293,64,52
14,3269,244.000861804157,77,63
16,6196,499.353441561414,80,64
42,8096,1819.23702750352,79,37
34,2175,357.317863541066,64,30
82,6612,4856.48617230996,84,2
62,5245,2377.50955783423,94,32
9,7207,446.337711491586,29,20
53,2156,726.93646591216,81,28
62,2659,1205.29988832816,78,16
94,1057,922.166154786919,96,2
19,2255,204.221998824921,67,48
5,8476,457.884629542385,75,70
20,3693,347.830465310362,77,57
15,4254,329.905916468272,84,69
10,9499,610.142384779743,88,78
30,4620,647.297668831125,68,38
44,8820,2139.37583941696,79,35
20,4317,406.602794136158,78,58
89,6476,5286.69618735407,98,9
97,6898,6354.4503275447,97,0
48,2121,597.52675571293,74,26
5,9068,489.86524548022,59,54
62,4729,2143.61157273557,78,16
32,6155,933.902955477126,62,30
31,6851,998.918278181971,80,49
41,3327,719.324329964115,64,23
22,2317,236.132644688068,80,58
46,1880,491.721649842887,81,35
14,2504,186.900629537354,83,69
24,4555,502.473004139571,82,58
1,3104,150.335346540254,65,64
46,5072,1326.60223829953,89,43
16,1769,142.568792466453,74,58
25,6906,792.694671644,88,63
82,5819,4274.03100978095,91,9
80,6049,4286.31892029972,80,0
49,9544,2789.1217695437,83,34
41,1606,347.230199555867,76,35
16,8290,668.11491777665,74,58
48,6463,1820.75220281597,66,18
69,3663,2026.65629148392,92,23
48,8698,2450.39496520088,68,20
10,1955,125.574098562417,72,62
42,6521,1465.32172138716,42,0
72,6297,3758.35476710807,84,12
4,2438,127.71662815943,73,69
74,3061,1915.09983980945,84,10
7,2484,143.353062483093,81,74
45,2184,550.176286186343,66,21
81,7013,5061.14554660364,83,2
36,3829,680.859970568372,86,50
90,6701,5542.62645711217,90,0
92,5955,5054.59126744605,94,2
72,9433,5630.07154488335,89,17
66,6398,3262.09296041975,74,8
37,1944,359.56860251989,46,9
33,2368,373.873328104339,78,45
87,4083,3243.10705930219,88,1
15,1084,84.0662937121785,69,54
38,6542,1258.48477146333,79,41
38,8706,1674.77352802809,51,13
3,1873,95.3394918020348,69,66
29,6859,923.43785526177,85,56
20,1484,139.772653810067,87,67
11,6611,440.626611066641,79,68
79,3856,2680.96664941693,84,5
3,1710,87.0424618160595,78,75
58,6820,2723.81615117642,71,13
52,1230,400.381381622948,72,20
41,3739,808.402064843951,79,38
11,5513,367.444336229071,63,52
82,9296,6827.87287625429,85,3
99,5384,5127.61904761905,99,0
31,5007,730.051644848508,33,2
88,5283,4255.08365440713,88,0
78,7912,5393.7308597886,81,3
84,3144,2387.19044668724,86,2
13,8772,630.296257339344,70,57
38,1416,272.395970099675,81,43
25,6182,709.591436447032,80,55
66,4701,2396.85823803271,66,0
4,2199,115.196417277517,70,66
88,3829,3083.98926987032,88,0
43,7445,1738.33810109455,89,46
41,7987,1726.85404972149,89,48
3,3963,201.724722910552,88,85
79,5902,4103.49200333473,93,14
17,2212,185.300208620978,76,59
64,9752,4693.79116804062,71,7
34,1111,182.519607537528,65,31
6,9433,526.333321096907,60,54
77,2403,1605.08283162624,85,8
98,3442,3227.36243762023,98,0
46,7909,2068.63113223798,78,32
87,3384,2687.89475598301,87,0
88,9134,7356.79237163633,91,3
4,6147,322.015633017235,67,63
55,8333,3010.59010758865,79,24
61,6180,2716.23828553162,81,20
21,8951,876.899851154672,82,61
9,2296,142.193892824293,85,76
3,7833,398.715557546897,72,69
12,8547,591.382684068268,45,33
27,7278,904.718517753756,87,60
6,5275,294.329298079739,42,36
93,9357,8048.46280627098,96,3
47,7278,1975.91815778607,53,6
13,4024,289.137270808655,82,69
73,7245,4428.79747870077,77,4
55,5690,2055.71315398769,89,34
5,2943,158.984717407178,82,77
76,6475,4234.65305772812,80,4
37,1357,250.995161326899,69,32
0,6869,443.958397437788,67,67
47,8588,2331.57256651096,76,29
53,7173,2418.51357606119,89,36
43,6109,1426.39455467919,86,43
18,4293,373.884544954244,88,70
71,9107,5303.45503555439,92,21
35,2814,480.977472491014,86,51
54,3196,1115.70318487928,59,5
2,2958,146.660280427356,84,82
76,1472,962.688695131396,86,10
32,8426,1278.48355854594,71,39
79,8757,6088.49194734026,84,5
87,4011,3185.91780917489,89,2
8,6537,390.646219567947,62,54
63,6157,2876.72512018021,90,27
94,2863,2497.78779674073,94,0
20,5652,532.341670710578,54,34
54,9768,3409.94640485007,88,34
93,8260,7104.87365392736,95,2
53,4101,1382.73026285054,82,29
17,7210,603.984857213948,74,57
54,1767,616.848412916675,80,26
17,5089,426.307758441301,74,57
71,1583,921.85893502609,78,7
49,7791,2276.82813354096,82,33
50,2105,637.909213336507,93,43
80,8372,5932.39576801938,82,2
32,5920,898.24622200237,67,35
42,9787,2199.21847680052,46,4
11,9781,651.908770661445,80,69
30,4034,565.194544602761,79,49
20,7150,673.432934462249,82,62
72,4992,2979.46752380554,84,12
76,7254,4744.11942559997,79,3
29,8365,1126.19298137698,88,59
36,3982,708.065918726367,79,43
27,4802,596.930244882322,85,58
53,8792,2964.39026358985,90,37
84,4694,3564.08141117999,94,10
64,2461,1184.51805419893,79,15
87,5769,4582.28866644975,90,3
74,9459,5917.97758404364,84,10
31,7238,1055.34527769393,51,20
42,4412,991.412273387543,79,37
81,2032,1466.45483397955,83,2
37,5802,1073.15690937264,69,32
47,3118,846.511791148249,92,45
74,5129,3208.93403410084,83,9
84,8336,6329.39553549135,85,1
58,6444,2573.64681498253,84,26
60,2500,1064.84041257585,81,21
46,8424,2203.33147780664,82,36
56,4491,1678.45823299825,68,12
46,5335,1395.39095846373,64,18
1,6333,306.72479047662,60,59
28,4270,552.393441647018,66,38
70,8510,4832.11550938314,76,6
86,6883,5388.7527794561,88,2
61,9560,4201.81844816865,93,32
46,2928,765.83031422339,83,37
92,6650,5644.50578144689,94,2
81,7238,5223.52366552362,89,8
72,8073,4818.35763615428,73,1
33,2712,428.186007524902,83,50
99,3406,3243.80952380952,99,0
59,5079,2095.35766579513,83,24
74,1993,1246.91080716767,82,8
40,1531,318.429153057545,82,42
35,7310,1249.44752093437,81,46
39,5469,1094.04426348364,72,33
26,4211,502.997228575702,75,49
81,4774,3445.30284321771,90,9
88,9452,7612.91892891467,92,4
90,4770,3945.43026420311,92,2
88,2282,1837.98994877098,89,1
48,6273,1767.22552502933,56,8
42,8743,1964.62318817482,81,39
20,9120,858.980190530869,80,60
80,2830,2005.33683988233,86,6
5,5800,313.323602093657,57,52
16,4101,330.511372473105,86,70
61,7480,3287.61527116125,82,21
91,6958,5830.03392492853,98,7
99,9616,9158.09523809524,99,0
70,5519,3133.77737911699,89,19
15,7859,609.480629413294,89,74
58,3229,1289.61911321828,75,17
31,2528,368.598074331342,77,46
43,2811,656.342297135901,65,22
22,7323,746.309605977869,42,20
27,3276,407.235210794354,84,57
48,6607,1861.3197901911,81,33
75,3898,2494.29380815362,86,11
87,2400,1906.3083375766,88,1
83,6013,4491.91877053119,88,5
6,4468,249.301100250289,69,63
38,3209,617.315443538034,82,44
25,5369,616.272472061488,56,31
69,2038,1127.57999509807,95,26
85,4956,3822.27078165804,93,8
53,3670,1237.41040347756,71,18
32,2125,322.427909080243,81,49
48,9533,2685.63062810531,52,4
99,6362,6059.04761904762,99,0
97,5230,4817.88564990704,97,0
17,1717,143.833841863571,85,68
73,8245,5040.08767589894,93,20
59,7776,3208.01362654518,86,27
2,5833,289.205346765642,83,81
33,5075,801.269907149291,86,53
54,3974,1387.29801524101,77,23
85,2084,1607.26640616936,89,4
28,4455,576.326178580203,89,61
19,2082,188.554413105759,60,41
92,9156,7771.5932232974,97,5
86,2153,1685.59999043571,96,10
47,2689,730.041759588724,52,5
14,7479,558.238741337807,44,30
70,6139,3485.82339742692,76,6
3,3326,169.300133333458,58,55
50,6170,1869.78615025475,81,31
12,4872,337.102660205991,89,77
91,1620,1357.38070686752,94,3
76,6901,4513.25725890066,77,1
66,5474,2790.98106679239,71,5
43,1795,419.11576782602,81,38
39,4560,912.203664561236,82,43
32,7776,1179.85855106257,87,55
18,7147,622.444174886555,65,47
27,7500,932.315043027366,50,23
78,9628,6563.55418579937,81,3
20,9972,939.227024119937,75,55
1,3484,168.739802624434,89,88
49,5780,1689.13703142944,88,39
12,3015,208.613407331909,81,69
51,1153,362.199586246823,88,37
24,5972,658.785681826898,78,54
79,8883,6176.09614802141,87,8
41,8052,1740.90757585544,67,26
56,3044,1137.65906507385,75,19
28,3592,464.683194940536,84,56
44,9135,2215.78211939614,77,33
46,9452,2472.20906080584,86,40
24,2844,313.728479423258,71,47
26,4497,537.159472074313,74,48
93,5155,4434.09487723917,94,1
99,7142,6801.90476190476,99,0
37,2069,382.689011632537,70,33
89,7379,6023.86213194652,90,1
32,4942,749.853518435086,92,60
83,9558,7140.1562628866,85,2
83,9468,7072.92315306657,94,11
75,4875,3119.46698685194,92,17
34,4503,739.7711905864,84,50
4,8165,427.730216949036,82,78
24,4174,460.443977887721,60,36
71,1209,704.060298450122,93,22
80,1262,894.252682661307,84,4
86,9147,7161.255509761,88,2
65,6444,3193.22344477922,84,19
26,4105,490.335697768525,77,51
64,5584,2687.66713313565,69,5
91,4079,3417.75055760039,93,2
97,1533,1412.20242854828,98,1
36,6533,1161.6762046809,83,47
19,1647,149.159038609599,79,60
86,1904,1490.65600640483,86,0
84,9454,7178.27559891257,86,2
55,2908,1050.61754864608,64,9
2,5727,283.949772145866,77,75
8,7045,421.003918748078,67,59
34,3634,597.008329245165,80,46
20,2556,240.740500767204,86,66
3,3702,188.439294528101,78,75
57,4154,1605.28392561949,93,36
85,1207,930.887980924386,86,1
60,6862,2922.7739644382,74,14
81,3771,2721.45727309886,86,5
91,3405,2853.01315239748,99,8
99,9264,8822.85714285714,99,0
15,8721,676.330394339399,85,70
15,6185,479.658696134524,80,65
51,3554,1116.44174286315,80,29
14,9275,692.293665718433,69,55
26,2570,306.982397872134,76,50
48,3373,950.239390391189,84,36
59,8794,3627.99277672817,84,25
96,5816,5255.34485501269,96,0
55,6734,2432.89496993903,68,13
87,5678,4510.00780864997,94,7
30,9047,1267.55454760069,57,27
37,2304,426.155380764314,39,2
16,2404,193.745266867921,44,28
24,4428,488.463328722288,77,53
17,3492,292.52636912498,74,57
2,5960,295.502120130847,41,39
8,2342,139.956164330447,62,54
13,4204,302.070846540652,72,59
86,6960,5449.03666206806,91,5
21,4468,437.715175394825,54,33
54,6987,2439.1170690712,63,9
31,3174,462.788879718227,75,44
45,8364,2106.99379929605,58,13
71,6675,3887.18154851494,92,21
60,4709,2005.73340112788,67,7
61,2345,1030.67617792421,71,10
89,2865,2338.84876108237,92,3
41,4348,940.072794314388,43,2
95,8694,7706.83426719146,95,0
73,5208,3183.59934700809,78,5
88,6493,5229.65325914547,88,0
93,7455,6412.44952663783,95,2
2,6578,326.143111781998,60,58
76,7553,4939.66556679853,84,8
71,6022,3506.90745845048,88,17
39,9769,1954.23631559182,74,35
21,5740,562.328806348768,85,64
8,5868,350.667281080727,75,67
94,7476,6522.34075041344,95,1
68,7464,4021.26278151595,92,24
7,6907,398.606925350534,71,64
57,1028,397.263330654028,87,30
70,7126,4046.25794593,70,0
97,5532,5096.08860712921,97,0
70,3903,2216.1864668769,79,9
41,1641,354.797482858765,55,14
36,6579,1169.85577079376,85,49
12,4766,329.76832482384,58,46
9,7157,443.241154592102,88,79
11,6584,438.827046931291,83,72
82,4238,3112.79316367961,94,12
43,6371,1487.5691124343,70,27
22,8083,823.763559349872,84,62
22,3131,319.089905273345,33,11
47,2203,598.09668887094,71,24
41,9352,2021.97809853454,81,40
78,5002,3409.93955518991,80,2
2,5247,260.150943678952,70,68
28,4191,542.17351614582,80,52
41,6698,1448.16181608044,78,37
70,1274,723.39778601106,88,18
19,7116,644.453988309596,86,67
33,5708,901.211552710966,63,30
92,6672,5663.17933440807,92,0
76,4569,2988.1281576463,83,7
61,1489,654.446408925013,89,28
1,2007,97.2045877919747,70,69
87,7168,5693.50756822878,91,4
73,4083,2495.89787516014,90,17
83,6182,4618.16761008212,87,4
69,6592,3647.20673586186,81,12
38,4039,776.982572904369,82,44
40,1456,302.830076323831,90,50
23,5788,613.67466738883,79,56
94,9907,8643.2356627001,95,1
31,1432,208.794478814273,76,45
68,3537,1905.5742843277,68,0
14,1742,130.024319750028,81,67
37,5276,975.866227826616,38,1
34,4876,801.049150632753,56,22
86,3288,2574.20007828733,88,2
65,5390,2670.93022460584,88,23
63,2444,1141.90615457535,67,4
24,7661,845.10333363628,86,62
77,9676,6463.08009938222,85,8
16,3857,310.84671144325,59,43
13,7710,553.988160520559,69,56
85,1015,782.809693983639,88,3
85,1681,1296.45625180936,91,6
68,2899,1561.8489822635,80,12
54,9537,3329.30578041105,85,31
35,8376,1431.6514959434,78,43
42,6197,1392.51628698608,83,41
50,1678,508.509102127629,86,36
67,4051,2123.83704466299,70,3
60,3378,1438.81236547249,80,20
65,6058,3001.94718008574,74,9
78,8583,5851.16177572871,82,4
23,5667,600.845601259934,55,32
59,7450,3073.52128572037,93,34
97,9476,8729.30868422928,97,0
18,6755,588.304239731171,69,51
68,1699,915.343711923312,81,13
10,4344,279.025004682935,68,58
36,7211,1282.23589651829,90,54
28,6141,794.437500036145,36,8
52,4637,1509.40525738668,65,13
87,1194,948.388397944359,93,6
19,4757,430.813325237317,85,66
41,2849,615.976860855955,63,22
44,4284,1039.12540771681,74,30
73,1442,881.480464359767,80,7
54,5656,1974.47347111302,86,32
23,5392,571.688632785171,80,57
61,4493,1974.76676648763,73,12
72,5020,2996.17928074996,81,9
95,9010,7986.9538471814,95,0
72,8960,5347.76222221508,78,6
84,1006,763.840200180458,88,4
92,3214,2728.03632805568,93,1
42,6045,1358.36065109422,71,29
21,3286,321.918546631019,71,50
19,2994,271.148853428742,80,61
34,9657,1586.49131412233,69,35
38,8839,1700.35874273378,47,9
26,7093,847.247528446321,62,36
52,7113,2315.37623372686,68,16
72,3147,1878.28211086059,82,10
10,5467,351.15785004641,79,69
79,5545,3855.28010140479,86,7
83,6849,5116.43965730386,84,1
6,3765,210.075792847435,40,34
3,1294,65.8672196432637,80,77
14,8419,628.401118240807,86,72
51,4195,1317.80335152248,86,35
89,9201,7511.25565470117,89,0
28,6880,890.039081623299,90,62
87,3048,2421.01158872228,87,0
22,5729,583.860130089746,88,66
67,9653,5060.82423898589,90,23
94,3691,3220.16582527769,94,0
12,3294,227.917931592474,77,65
21,4320,423.216105126599,63,42
76,5406,3535.52655290783,80,4
46,2245,587.188885051746,92,46
73,7426,4539.44100439364,87,14
28,7698,995.86058871165,88,60
52,3538,1151.66612047316,92,40
87,3596,2856.28532580227,89,2
75,9318,5962.50120686901,87,12
2,4999,247.85488230438,81,79
52,5048,1643.19123124605,72,20
89,2450,2000.06264036712,95,6
67,2165,1135.05485107267,75,8
28,8059,1042.56176726776,83,55
34,7693,1263.83739044663,65,31
10,3136,201.432415903703,88,78
3,8299,422.435900942385,74,71
55,6797,2455.65594159127,72,17
8,7520,449.389562666508,69,61
99,1633,1555.2380952381,99,0
64,6428,3093.89762388896,64,0
55,5541,2001.88164960383,72,17
41,6134,1326.22045085659,75,34
71,4729,2753.92981916512,78,7
25,1574,180.669188121583,70,45
97,4283,3945.50750259118,98,1
1,5718,276.938631287749,74,73
89,5796,4731.57676063993,93,4
33,4428,699.117861843755,58,25
23,9907,1050.39304247083,83,60
97,5696,5247.16570972668,98,1
88,8034,6470.82000369239,92,4
93,4412,3795.00031006386,94,1
79,8674,6030.78441832013,83,4
68,3187,1717.01024714514,83,15
29,1739,234.124279093194,77,48
57,6151,2377.01045413709,84,27
27,5942,738.642131422481,67,40
41,5208,1126.01175547133,65,24
80,7260,5144.43302386774,96,16
59,3471,1431.97213191079,77,18
84,6854,5204.13591653763,85,1
54,2759,963.149276308493,84,30
53,5011,1689.55409586541,60,7
51,6790,2132.98802308406,78,27
90,2641,2184.4614942894,91,1
83,3552,2653.4667342303,85,2
13,8416,604.716518669394,73,60
18,5728,498.861093290917,87,69
22,4418,450.252060523041,78,56
73,9048,5530.95370424908,91,18
72,5804,3464.10847519378,72,0
9,4699,291.014417413482,70,61
10,1161,74.5736718316961,76,66
52,7638,2486.27072588299,69,17
9,1423,88.1280093593072,36,27
28,2592,335.317049355754,78,50
23,8337,883.933258814906,67,44
67,1508,790.606335065857,77,10
70,2239,1271.34037902572,84,14
15,2430,188.451193469182,76,61
61,9630,4232.58490124102,76,15
63,1384,646.644074440377,77,14
56,6740,2518.9954331793,92,36
64,6356,3059.24289008062,69,5
47,5485,1489.13315408856,78,31
57,9626,3719.89963120201,91,34
49,1903,556.129372112496,69,20
71,8412,4898.72227507231,91,20
26,6209,741.655139450614,85,59
85,4349,3354.12744742349,86,1
20,5525,520.379994811738,36,16
70,7407,4205.81428648659,84,14
55,6437,2325.59324643563,87,32
19,7343,665.01203431104,75,56
9,9484,587.354912694075,89,80
68,8756,4717.33345591555,74,6
23,5683,602.542006698466,65,42
91,5023,4208.71808061455,91,0
39,2739,547.922332726584,79,40
33,1982,312.929449452196,73,40
2,6593,326.886825171589,89,87
92,2213,1878.3896683221,92,0
58,1917,765.623982669383,86,28
47,2313,627.960799527229,50,3
30,3719,521.060612637003,46,16
29,2059,277.20637760373,85,56
93,2225,1913.84308474435,96,3
98,9757,9148.56923412567,98,0
83,7228,5399.56575310152,92,9
85,9311,7181.02567554844,86,1
11,7038,469.086384614585,78,67
43,5145,1201.30954064895,63,20
75,4107,2628.03095692327,85,10
24,2290,252.615407130542,89,65
24,5987,660.440367899805,76,52
1,2487,120.452321793045,67,66
7,2103,121.3653343003,55,48
37,2743,507.354257567931,78,41
27,5913,735.037179922776,78,51
26,1639,195.775933895886,90,64
75,1449,927.201572091993,96,21
65,7857,3893.41350180483,67,2
38,3220,619.431513927227,78,40
5,2911,157.256035464592,62,57
68,8116,4372.53064506745,88,20
48,3239,912.488996583771,78,30
38,5628,1082.65855912498,71,33
56,5005,1870.55966514278,62,6
21,7599,744.448884920607,78,57
87,3702,2940.48061071191,98,11
72,2271,1355.44285788509,89,17
97,5703,5253.61412264242,97,0
83,6102,4558.40484579766,84,1
70,2956,1678.4645647164,73,3
35,3105,530.716081053517,91,56
24,2937,323.987533075285,86,62
86,8355,6541.19271718084,87,1
64,9430,4538.80749739777,64,0
91,3373,2826.20069399022,94,3
7,2852,164.59055322133,71,64
47,3445,935.289647371942,76,29
63,8675,4053.20617468951,83,20
29,6318,850.602182467395,68,39
57,5764,2227.45704074885,74,17
54,9215,3216.89763725363,88,34
52,5102,1660.76895043925,86,34
52,9271,3017.83397481817,79,27
3,4640,236.185393465799,19,16
5,2890,156.12158793977,45,40
35,1801,307.832419316388,75,40
28,9531,1232.98873356856,86,58
20,1010,95.1282886443177,72,52
58,5319,2124.33696599815,88,30
19,1409,127.604787735838,76,57
58,3622,1446.57802046349,86,28
3,3324,169.198329284551,84,81
23,3465,367.377802782014,84,61
66,7750,3951.42551473165,84,18
88,2177,1753.4198591036,89,1
54,7623,2661.14060648773,73,19
42,7685,1726.88198571697,66,24
2,4601,228.121687033897,78,76
9,6925,428.873130578498,79,70
90,4128,3414.41009027892,92,2
22,7010,714.410806760189,74,52
3,1138,57.9265038284653,90,87
78,4886,3330.86058909594,84,6
93,5548,4772.13547602772,96,3
11,4762,317.389793056927,76,65
63,1603,748.967089109772,80,17
14,2940,219.444029888107,46,32
55,3592,1297.73666944179,64,9
45,4645,1170.13225702178,58,13
74,3889,2433.13403365532,88,14
0,4423,285.868101887806,69,69
65,3202,1586.70103509979,86,21
57,8380,3238.3917421019,60,3
40,1917,398.712401313725,78,38
8,4631,276.745088392101,81,73
29,7516,1011.89078876621,78,49
11,5850,389.905562659182,64,53
80,8321,5896.2571889261,83,3
4,5500,288.122007742768,78,74
62,4067,1843.53314999272,66,4
68,4786,2578.47851987344,79,11
95,5335,4729.23404824781,96,1
47,2128,577.734795241653,64,17
55,2731,986.670056861225,93,38
6,2169,121.023743608522,73,67
60,8914,3796.79497508047,83,23
30,4850,679.522444552155,84,54
10,3472,223.014460464814,51,41
48,1207,340.03526362353,85,37
21,2376,232.768857819629,52,31
25,1154,132.46012902942,82,57
84,7718,5860.15771868069,87,3
65,3788,1877.08417269145,91,26
82,1653,1214.12154307749,87,5
57,3699,1429.45239308293,81,24
86,6962,5450.60247720084,90,4
83,8131,6074.13795496243,92,9
53,2381,802.799501547705,72,19
88,9832,7918.98211056803,89,1
98,9382,8796.95362863247,98,0
89,7072,5773.24203782705,93,4
90,2744,2269.65631970091,91,1
96,5914,5343.89777726015,96,0
55,8274,2989.27427699369,91,36
80,1525,1080.61437484825,82,2
28,5427,702.070072088611,77,49
72,4997,2982.45176611705,83,11
29,5273,709.912204518926,67,38
81,8390,6054.89963439392,85,4
64,1035,498.161798494877,70,6
39,8014,1603.15793153372,89,50
4,5079,266.067577695548,64,60
28,6554,847.86571816266,86,58
56,5846,2184.87348699795,77,21
86,3150,2466.15883412563,95,9
15,5093,394.971986970595,86,71
91,3615,3028.96991069512,95,4
55,1508,544.818178596385,69,14
69,5517,3052.43318594507,89,20
12,8199,567.303922624983,79,67
3,4275,217.606154540149,42,39
8,9752,582.77220945795,57,49
74,3306,2068.3829044136,75,1
7,9096,524.935368899444,59,52
11,2547,169.75888343469,75,64
0,7130,460.827394632615,89,89
66,1255,639.876002708157,93,27
40,6483,1348.38419286222,83,43
45,3731,939.884488901669,80,35
4,8623,451.72292232107,78,74
79,4547,3161.39921029532,81,2
49,8790,2568.77413603197,71,22
77,8195,5473.84677701915,91,14
50,5004,1516.435963675,82,32
85,9797,7555.8488393672,94,9
83,7281,5439.15858443998,83,0
87,1127,895.170623520345,94,7
71,3203,1865.26479399151,77,6
35,7836,1339.35304706453,51,16
10,3765,241.834517180306,58,48
89,9856,8045.96627896259,95,6
46,9708,2539.16690248657,86,40
45,4481,1128.81865311401,57,12
3,1208,61.4896455402338,44,41
34,8639,1419.25012557759,89,55
51,3979,1249.94982972776,75,24
32,5752,872.755450837438,77,45
90,1587,1312.66201871915,97,7
70,1535,871.597803396371,88,18
71,5047,2939.11689518426,84,13
1,7088,343.291538749136,59,58
57,5053,1952.69611847743,85,28
5,5202,281.018858291586,67,62
74,4621,2891.10629198284,94,20
18,4029,350.892343727148,59,41
44,6813,1652.55868412106,89,45
12,3043,210.550778942288,60,48
48,3170,893.050360966519,85,37
66,3424,1745.76528547628,74,8
29,3785,509.580446444934,73,44
10,3037,195.073420631233,81,71
73,1072,655.303091396442,74,1
0,5425,350.629539394381,80,80
46,5313,1389.63676894429,74,28
31,3067,447.187616287273,58,27
23,1696,179.818976484356,64,41
58,6297,2514.93699471524,63,5
17,5598,468.946911329221,52,35
51,9157,2876.54953275122,86,35
42,3410,766.254726258278,84,42
2,5978,296.394576198356,54,52
36,3244,576.837227611334,79,43
65,7174,3554.96353085756,79,14
83,5309,3966.00644482789,91,8
25,6289,721.873268168131,73,48
85,4346,3351.81372419004,88,3
19,1791,162.200266029017,88,69
8,5185,309.851713088543,84,76
51,8304,2608.59094899706,71,20
80,4794,3397.02643476886,81,1
89,9598,7835.34743765046,90,1
27,3309,411.337396983674,90,63
54,1866,651.408680533399,67,13
47,9303,2525.68928577683,70,23
28,1616,209.055691265007,85,57
83,3475,2595.9450736065,95,12
2,8040,398.630376820807,86,84
5,5352,289.122054897457,80,75
73,1198,732.325656243412,77,4
51,9116,2863.66992907722,82,31
9,4056,251.192695686121,79,70
38,3560,684.83732595681,87,49
28,5601,724.579781420363,31,3
27,1593,198.023715139013,82,55
11,8867,590.990192153669,18,7
82,5143,3777.51185483819,92,10
54,3445,1202.62749433953,75,21
80,2824,2001.08524234194,80,0
8,3854,230.312150866585,67,59
97,3912,3603.74161805666,97,0
39,1607,321.471773892523,63,24
24,7096,782.776824890098,61,37
21,9558,936.365632592599,35,14
63,3419,1597.45382262403,64,1
57,4974,1922.16712711394,63,6
30,7312,1024.4676524877,80,50
16,4512,363.635043306182,69,53
60,2982,1270.14164412048,60,0
50,7313,2216.16630742512,76,26
38,8505,1636.10715091648,81,43
59,2006,827.581704584571,81,22
41,8752,1892.25324191341,56,15
14,2349,175.331301431008,73,59
7,2284,131.810947951443,81,74
80,2899,2054.23021159677,85,5
27,1288,160.1095700559,43,16
75,1171,749.311967508436,92,17
80,4156,2944.93989630776,83,3
78,3182,2169.21784578455,88,10
56,6120,2287.27775238239,73,17
85,4581,3533.0553774769,89,4
65,5335,2643.67583455884,72,7
78,2976,2028.78450944526,87,9
28,5806,751.099841265243,76,48
21,3708,363.260490233664,72,51
55,1168,421.981188727174,61,6
47,6638,1802.16333214948,89,42
10,5635,361.948872326966,62,52
75,6430,4114.49696932472,76,1
54,3890,1357.97415180864,74,20
19,8594,778.307697517238,66,47
71,1458,849.065273068881,74,3
96,3028,2736.10457719711,98,2
90,8193,6776.71072423818,94,4
20,8598,809.814876993904,74,54
99,4162,3963.80952380952,99,0
89,7230,5902.22566932828,95,6
7,4311,248.790278729717,63,56
11,1844,122.903565392057,63,52
85,8902,6865.58807472153,88,3
63,7298,3409.83269889153,64,1
42,4934,1108.70991770039,73,31
53,3047,1027.35408702892,77,24
66,5052,2575.8195742483,86,20
66,7494,3820.90100740632,88,22
81,4164,3005.07772081243,83,2
0,3224,208.37412626866,78,78
16,6880,554.478966743468,86,70
62,7190,3259.15990864216,62,0
30,7624,1068.18126129188,87,57
45,7512,1892.36458875083,80,35
71,1918,1116.94594907141,85,14
66,1357,691.881861095593,75,9
48,2709,763.177737494732,90,42
69,5313,2939.56453089109,87,18
69,5459,3020.34307813561,74,5
30,8376,1173.5422671276,78,48
4,5223,273.61113571645,75,71
16,6922,557.863867412542,87,71
61,9572,4207.09269726677,87,26
61,2368,1040.78515536228,72,11
62,9879,4478.0585170342,71,9
92,4234,3593.81014716483,92,0
9,1960,121.385030459763,82,73
97,6963,6414.32844747662,97,0
62,7056,3198.41895902352,83,21
19,3332,301.759512232655,76,57
17,6884,576.675694460585,68,51
57,5377,2077.90362736061,58,1
52,6547,2131.13569551662,76,24
41,8737,1889.01012049789,53,12
31,7199,1049.65883588265,91,60
58,9472,3782.98923518226,79,21
1,6278,304.06098762233,89,88
46,8122,2124.3421489489,82,36
4,8688,455.128000594393,80,76
89,8108,6618.982811468,89,0
4,2379,124.625864803644,76,72
59,4635,1912.18404823005,70,11
21,6301,617.288120000624,84,63
36,3255,578.793210812236,87,51
84,5892,4473.7042340589,94,10
50,1615,489.417282441073,87,37
22,3677,374.734455985337,72,50
22,7492,763.532919293486,64,42
58,5540,2212.6013896653,72,14
87,7090,5631.55254725754,95,8
69,2910,1610.03816768174,83,14
16,2519,203.013447271337,90,74
58,9617,3840.90028238469,75,17
85,1660,1280.26018917521,89,4
18,5102,444.341707047881,88,70
6,2436,135.92154883834,89,83
21,7723,756.596754604796,79,58
74,5531,3460.44338908398,78,4
70,8026,4557.29248863797,87,17
94,4591,4005.359334557,97,3
94,2089,1822.52137876052,98,4
23,8379,888.386323091051,76,53
95,1208,1070.83687540456,95,0
71,3402,1981.15230382739,92,21
54,7058,2463.9027155438,72,18
46,1778,465.04313479822,70,24
19,1279,115.83145742664,67,48
41,1652,357.175771896819,77,36
61,3754,1649.9609261951,77,16
25,1760,202.01891429097,66,41
7,6539,377.369434612298,44,37
71,2307,1343.47982508224,83,12
2,2040,101.145020984384,85,83
54,4216,1471.77866941522,79,25
29,5020,675.850420384034,77,48
5,3549,191.721631694894,33,28
52,7375,2400.66072314573,78,26
76,5844,3821.9787597472,96,20
71,3270,1904.28219680058,91,20
36,3237,575.592511028942,83,47
90,3208,2653.44660116637,93,3
33,2104,332.191504362977,81,48
34,8791,1444.22130500667,85,51
75,9784,6260.69025627886,83,8
89,1168,953.499250591346,94,5
16,5201,419.163532853602,49,33
12,1823,126.136730204335,75,63
11,8128,541.735455263902,86,75
29,9682,1303.50274305941,82,53
34,7176,1178.90252357273,81,47
27,1539,191.311046829216,65,38
61,8865,3896.35152123589,73,12
69,2805,1551.94400699219,88,19
71,5785,3368.89067537962,77,6
34,9093,1493.83509571444,89,55
35,7433,1270.47105651233,48,13
42,7796,1751.82458824327,44,2
83,6613,4940.13950266469,97,14
16,1872,150.86985839299,72,56
65,6015,2980.63920241263,86,21
65,4675,2316.62315399486,75,10
70,5722,3249.04405930556,72,2
61,5430,2386.59771689914,84,23
1,8875,429.840915123954,87,86
32,9121,1383.93645116277,78,46
67,6366,3337.53310943584,81,14
20,6643,625.68041729129,66,46
13,7662,550.539206992026,60,47
60,4549,1937.58361472302,72,12
69,5995,3316.89993651272,90,21
99,4595,4376.19047619048,99,0
35,8885,1518.65133016441,75,40
43,5425,1266.68693061624,59,16
22,3585,365.358451103463,45,23
28,3722,481.500793866558,88,60
58,4840,1933.03081696391,71,13
98,7539,7068.88013283524,98,0
89,3629,2962.54176403767,91,2
60,1027,437.436441486161,66,6
31,2555,372.534841739153,87,56
39,3410,682.152301788117,82,43
89,4197,3426.22975576359,90,1
87,6731,5346.40059176171,87,0
23,8405,891.142981928665,87,64
23,7326,776.741640167686,62,39
54,1263,440.905232322445,91,37
40,5734,1192.60141321487,57,17
57,9903,3826.94432243856,85,28
72,3557,2122.98998040391,81,9
18,6492,565.39913017539,77,59
34,8309,1365.03638076447,85,51
73,3248,1985.47056049967,81,8
5,4085,220.677054233205,58,53
68,3273,1763.34312485285,87,19
8,7887,471.321207546642,80,72
86,4813,3768.13411703069,87,1
4,2755,144.322932969332,83,79
35,1800,307.661496262909,85,50
24,6258,690.335029617,65,41
39,4995,999.223093088459,65,26
16,6487,522.805967625709,46,30
8,5586,333.815172480733,77,69
23,9657,1023.88670749377,45,22
91,6603,5532.583214473,93,2
3,5968,303.783281940493,58,55
3,1351,68.7686350371324,71,68
74,4756,2975.56838880553,77,3
72,2452,1463.47242956154,83,11
46,4578,1197.39452818124,81,35
54,2519,879.366809358859,90,36
48,4226,1190.54600171751,84,36
62,1265,573.41269602675,68,6
79,2738,1903.65318623017,89,10
46,2581,675.071052257709,89,43
95,8164,7237.01345265138,97,2
73,9435,5767.52301056477,84,11
87,4062,3226.4268613484,97,10
22,8642,880.732980316912,82,60
64,3402,1637.43617244403,87,23
81,7579,5469.61672575345,84,3
39,4823,964.815411004131,43,4
18,4946,430.755406322779,87,69
19,1843,166.909598152696,76,57
36,9444,1679.30048630131,90,54
80,1457,1032.42960272387,86,6
1,7665,371.237252329589,73,72
7,2577,148.720145740311,90,83
67,1896,994.024941170335,69,2
32,3188,483.717729010736,83,51
46,1717,449.088336585233,91,45
50,2395,725.792192846049,93,43
37,9926,1835.94544681709,91,54
87,9986,7931.83127459997,87,0
84,6954,5280.06436585974,90,6
72,4300,2566.4483878934,91,19
84,6096,4628.59827067601,91,7
49,4118,1203.43707533329,82,33
35,2165,370.048410782887,63,28
56,7432,2777.62226400423,67,11
34,7378,1212.08790676137,76,42
30,8741,1224.68158511967,76,46
58,3621,1446.17863393106,83,25
79,3666,2548.86507696122,84,5
60,2556,1088.69283781755,82,22
0,2291,148.072308710143,43,43
98,6362,5965.27595239392,98,0
77,7181,4796.54590674491,82,5
89,4084,3333.98196867727,96,7
94,1236,1078.33241941025,97,3
24,7991,881.506427240245,82,58
5,2075,112.094219714541,78,73
65,1178,583.739481370255,93,28
74,8199,5129.66468036513,86,12
46,6736,1761.8282092243,90,44
32,4748,720.41774697082,68,36
14,4068,303.638882171707,75,61
84,6247,4743.2502291524,85,1
54,9584,3345.71318018869,75,21
32,4761,722.390247120487,89,57
59,1387,572.211278294517,76,17
31,6346,925.286147035876,81,50
24,1305,143.957688342951,78,54
34,8202,1347.457984719,82,48
96,7077,6394.7860280132,99,3
56,6124,2288.77270516172,78,22
29,5545,746.531988252882,67,38
13,8554,614.632260063925,72,59
50,9393,2846.49940183839,74,24
33,3104,490.077200352985,88,55
80,5243,3715.18765070779,90,10
82,9676,7106.98127696176,90,8
91,3013,2524.56053690855,91,0
0,5184,335.053185662759,74,74
89,1109,905.334476802913,89,0
13,7608,546.659134272427,86,73
9,1913,118.474266974248,71,62
52,7868,2561.1387891133,57,5
68,9300,5010.41584513643,73,5
28,5466,707.115351766417,90,62
82,2529,1857.53985628734,84,2
60,8573,3651.55074280512,76,16
67,5166,2708.40339983436,93,26
81,8767,6326.97319365095,88,7
46,3104,811.863830378895,79,33
94,5564,4854.24076181118,96,2
98,7445,6980.74182105828,98,0
5,5271,284.746328730287,35,30
97,2940,2708.33342461314,99,2
77,4606,3076.57574801101,86,9
90,6143,5081.08555828087,96,6
44,2302,558.372242895447,93,49
91,4997,4186.93295815865,92,1
38,5061,973.58474906388,59,21
8,1306,78.045580963093,67,59
47,5773,1567.32282562503,74,27
17,3952,331.060770556106,91,74
36,4706,836.805176676615,82,46
8,5299,316.664267628966,82,74
56,9946,3717.20008581621,82,26
93,3267,2810.12375634149,96,3
79,3283,2282.57611774787,79,0
6,2531,141.222266054942,53,47
3,8059,410.219415073464,87,84
69,1594,881.924687039413,88,19
95,8762,7767.11316415132,96,1
24,6565,724.200937909174,38,14
73,1520,929.161099741224,77,4
84,2217,1683.33372147125,88,4
56,5101,1906.43853184682,75,19
52,4353,1416.95947496317,89,37
97,9821,9047.12332079102,98,1
9,9599,594.476993562888,82,73
60,5015,2136.06986762716,61,1
11,2193,146.164598104544,83,72
19,9518,861.98890679184,87,68
20,7973,750.948361743708,78,58
64,3934,1893.49615002787,64,0
11,6912,460.688418649618,43,32
85,2546,1963.57978412054,88,3
11,2470,164.626793122766,77,66
80,7322,5188.36619845173,82,2
61,8627,3791.74558078985,81,20
66,4568,2329.04667758634,82,16
53,3831,1291.69462008789,84,31
98,8715,8171.5466716619,98,0
83,6723,5022.31330355583,87,4
9,5380,333.18952238445,87,78
16,6651,536.02319880971,83,67
63,5996,2801.50135140499,76,13
8,3801,227.144910597792,87,79
98,5975,5602.40864752494,98,0
36,4943,878.947723823312,68,32
55,7504,2711.08462346636,63,8
12,1765,122.123603297121,90,78
28,7513,971.927851778465,63,35
38,8185,1574.54873959452,85,47
79,1725,1199.34322361105,79,0
58,7914,3160.74501765545,86,28
51,3904,1226.38957910459,86,35
95,5855,5190.19031911732,96,1
81,8410,6069.33324496458,82,1
83,8567,6399.84502031277,84,1
11,1930,128.635510415764,70,59
42,3132,703.785865877104,76,34
96,6379,5764.07235731189,96,0
33,1214,191.67323493187,77,44
33,3579,565.072905948239,86,53
47,1614,438.187950902269,85,38
20,7048,663.825919173417,85,65
52,6004,1954.38196362942,73,21
32,7297,1107.17950708637,89,57
69,4142,2291.67631977243,71,2
99,9877,9406.66666666667,99,0
16,8206,661.345116438503,73,57
62,3920,1776.89942167973,83,21
63,6499,3036.51722528036,78,15
71,2491,1450.63209548325,93,22
85,8527,6576.37267054038,88,3
85,1293,997.214713616596,85,0
31,5615,818.7018146244,80,49
93,5899,5074.04959860986,95,2
48,3500,986.017748701204,69,21
67,7345,3850.79809751904,79,12
47,1737,471.5814564543,66,19
26,4532,541.340166208759,82,56
17,1535,128.587622166909,69,52
17,1509,126.409590781671,85,68
43,7346,1715.22252392754,86,43
83,5907,4412.73310785427,84,1
74,1103,690.086613299517,90,16
33,8672,1369.18475562535,53,20
73,2040,1247.03200228427,73,0
25,6892,791.087703007594,66,41
60,2396,1020.5430514127,62,2
74,2249,1407.07596854997,85,11
28,1224,158.344162195773,50,22
25,5653,648.870978685712,68,43
77,5366,3584.21742592859,88,11
50,9712,2943.17067929889,88,38
77,8779,5863.92932952424,79,2
24,6706,739.754986994504,72,48
23,5326,564.690960351228,63,40
17,8226,689.095622114,68,51
87,8391,6664.93052525219,87,0
86,2104,1647.23751968264,91,5
55,8485,3065.50546776547,63,8
59,3001,1238.07213133514,65,6
21,9348,915.792627482278,81,60
86,2549,1995.63138672579,98,12
15,8298,643.525927328097,69,54
95,4651,4122.89926118099,98,3
14,7686,573.689392421766,80,66
24,4964,547.590777727515,60,36
20,3378,318.161741624263,77,57
9,4666,288.970689859822,82,73
41,8152,1762.52838529229,50,9
31,6329,922.807441630958,34,3
3,6122,311.622193706384,43,40
17,2980,249.635904923379,54,37
61,5287,2323.74624847988,75,14
30,6125,858.159788223082,75,45
51,7630,2396.86283006354,76,25
66,8256,4209.41536124187,82,16
50,1015,307.590428283399,63,13
47,5273,1431.57686809644,76,29
32,9661,1465.87107276434,89,57
58,7909,3158.7480849933,77,19
53,6417,2163.61377632576,86,33
29,5484,738.319463224311,63,34
43,1731,404.172364404925,74,31
31,2037,297.007229989297,86,55
53,9299,3135.33497055528,63,10
67,5073,2659.64584734025,82,15
32,6750,1024.18277001959,69,37
58,5060,2020.89585409863,76,18
59,6408,2643.64085891223,69,10
81,9117,6579.56137863758,88,7
59,4807,1983.14319737689,64,5
69,6960,3850.81293713571,82,13
99,2738,2607.61904761905,99,0
84,5371,4078.11701309069,91,7
43,6212,1450.44409456002,82,39
80,6682,4734.8624608105,93,13
39,6913,1382.90875726136,76,37
11,5702,380.041285176522,77,66
28,2000,258.732291169564,90,62
7,1916,110.573457213207,62,55
63,1560,728.876268877882,95,32
55,8461,3056.83462142176,86,31
65,8255,4090.6361788722,81,16
3,4880,248.401879334719,86,83
1,1088,52.6948637357591,73,72
39,2565,513.114561315695,52,13
80,5215,3695.34686218599,84,4
49,5281,1543.3101493043,52,3
93,2809,2416.17313485254,97,4
21,2315,226.792889668536,58,37
98,8157,7648.34265068803,99,1
56,7443,2781.7333841474,85,29
27,1910,237.429564290969,72,45
55,8977,3243.2578178115,76,21
87,4838,3842.79989049816,89,2
82,3067,2252.69859202581,90,8
33,6118,965.944688066869,73,40
66,1352,689.332554311895,87,21
48,4893,1378.45281268428,87,39
56,1345,502.677872051358,77,21
67,8409,4408.62644003235,83,16
60,4229,1801.28404191332,85,25
17,9741,816.007835523033,74,57
21,5819,570.068174937888,62,41
68,6162,3319.80456319685,94,26
6,6182,344.937198242455,71,65
48,1685,474.697116160437,74,26
67,2764,1449.0954311154,90,23
4,2404,125.935510293384,30,26
13,1344,96.5706987989146,77,64
73,5902,3607.83474386362,84,11
17,7031,588.989948830967,78,61
71,9883,5755.35808898474,82,11
57,8034,3104.68248878838,69,12
31,6150,896.708131779174,77,46
28,1154,149.288532004838,74,46
75,5453,3489.32379062639,85,10
23,8653,917.437266225906,66,43
76,4729,3092.76823320406,76,0
41,3401,735.323728947386,70,29
85,2447,1887.22691741671,86,1
49,5779,1688.84479318871,70,21
71,5423,3158.08023035154,83,12
14,9143,682.441076621416,81,67
92,1644,1395.4236849171,95,3
40,9317,1937.82130570682,88,48
98,6869,6440.66025102072,98,0
59,7735,3191.0989456439,91,32
24,1129,124.542705087503,86,62
33,2675,422.344236773271,81,48
66,8680,4425.59657649945,83,17
63,1439,672.341635202098,95,32
89,5979,4880.96919459388,89,0
82,6342,4658.17230864939,90,8
18,6133,534.133220173393,77,59
43,3556,830.292852584583,85,42
46,3172,829.64950707534,77,31
47,7099,1927.32110499083,55,8
48,8503,2395.45969063038,66,18
62,2459,1114.64175456899,78,16
24,5065,558.732330618426,39,15
71,8469,4931.9161849248,75,4
28,2558,330.918600405872,73,45
35,6563,1121.76799998526,68,33
18,7913,689.156395113657,67,49
48,4013,1130.53977872512,92,44
23,4595,487.186436878312,90,67
71,5713,3326.96152609226,73,2
23,5975,633.501405951669,73,50
55,9955,3596.59480631765,72,17
92,5526,4690.45698470308,94,2
15,5788,448.870579341411,83,68
10,4486,288.145987801024,68,58
66,4544,2316.81000502459,84,18
40,1756,365.226383258686,85,45
89,8739,7134.1009853748,99,10
81,3136,2263.19013748025,95,14
16,5902,475.6591368779,78,62
72,5659,3377.56544816017,86,14
24,1587,175.065786513611,66,42
85,7205,5556.79196566711,94,9
34,4809,790.042117594936,78,44
90,1133,937.143079526652,94,4
41,4097,885.804562627886,77,36
56,5852,2187.11591616695,74,18
63,5405,2525.36938031087,67,4
11,5247,349.715296969697,83,72
27,5760,716.017953045017,77,50
53,8975,3026.09219924009,58,5
68,4747,2557.46709858738,83,15
56,4566,1706.48859761078,63,7
79,5906,4106.27308907064,97,18
95,1851,1640.82703342206,96,1
11,3593,239.475331048622,82,71
95,4811,4264.73195991007,97,2
57,8143,3146.80476801143,75,18
83,1807,1349.89143827538,90,7
12,3960,273.999699182209,85,73
85,1796,1385.14897575824,85,0
10,4729,303.754430742542,72,62
92,7058,5990.81530909055,96,4
97,8037,7403.69922912101,98,1
80,1361,964.404042077685,95,15
39,5449,1090.04337021802,76,37
20,1436,135.251705438852,85,65
21,6795,665.683665355379,74,53
26,1002,119.68730064898,72,46
69,1599,884.691075643677,78,9
97,7809,7193.66520843673,97,0
10,2385,153.1939770186,71,61
52,2275,740.542799343258,82,30
25,8822,1012.61980788349,57,32
84,4013,3047.0086712964,87,3
61,1491,655.325450441366,68,7
51,5493,1725.55275564076,69,18
66,3868,1972.14372786865,68,2
41,7278,1573.56251081419,79,38
50,4733,1434.31083454712,58,8
14,7977,595.409872931099,77,63
9,6328,391.900241198662,79,70
79,3443,2393.81954718425,79,0
40,1576,327.788599097773,76,36
64,3081,1482.93381754852,65,1
49,4406,1287.60168866403,70,21
2,8652,428.973883116122,80,78
97,8508,7837.58529816618,98,1
32,2658,403.300415216605,83,51
83,5000,3735.17276777914,89,6
22,7751,789.928411297892,88,66
18,1845,160.684133575723,69,51
73,4263,2605.93011065582,88,15
84,1832,1391.00919158111,84,0
14,9276,692.368306544926,88,74
34,8672,1424.67150005891,83,49
22,6737,686.588531404193,60,38
21,8703,852.604111786293,87,66
73,8066,4930.66673060047,95,22
17,2775,232.46296515516,70,53
22,9549,973.168158880605,45,23
34,1964,322.653923675703,65,31
0,1727,111.61976304776,49,49
19,3393,307.283921070048,84,65
48,4469,1259.00380541305,84,36
18,4650,404.976271613611,71,53
57,8249,3187.76771844852,86,29
89,2402,1960.87773965789,91,2
63,1831,855.49515917654,85,22
34,7699,1264.82309489778,92,58
71,9624,5604.52962140941,94,23
45,8615,2170.22376625245,74,29
69,3901,2158.3363890469,88,19
33,3471,548.021250781318,75,42
82,9244,6789.67909510485,88,6
93,5157,4435.81518562995,97,4
8,9379,560.482009075689,59,51
99,1664,1584.7619047619,99,0
67,1544,809.480226353901,84,17
54,4822,1683.32939846305,92,38
69,7960,4404.09065798854,87,18
98,4487,4207.19792492794,99,1
69,8754,4843.39316834569,80,11
13,9546,685.910632986934,67,54
83,8720,6514.14130700681,83,0
81,6750,4871.3435675994,88,7
3,6410,326.281976749088,76,73
69,4060,2246.3075466625,70,1
36,9154,1627.73365645936,72,36
5,6440,347.89724094537,88,83
1,1831,88.680418658249,71,70
35,9899,1691.96730639252,81,46
31,6238,909.539077404632,76,45
43,3188,744.368282913288,86,43
35,5201,888.970801146326,63,28
22,3464,353.026966421868,69,47
22,4593,468.08685241791,79,57
73,4030,2463.49949470864,80,7
66,7913,4034.5329158802,73,7
87,2371,1883.27377849755,90,3
72,5015,2993.19503843846,78,6
50,8337,2526.48413852088,74,24
89,9357,7638.60658200618,90,1
99,3788,3607.61904761905,99,0
77,3005,2007.18847650306,86,9
81,4305,3106.83467533561,84,3
10,5197,333.815135666946,89,79
66,3464,1766.15973974586,89,23
10,5803,372.739894607521,77,67
95,2439,2162.06220125143,96,1
68,3094,1666.90608869378,88,20
17,2889,242.012795075048,84,67
55,4124,1489.94043006067,73,18
54,9116,3182.3373696369,80,26
9,6951,430.483340166229,80,71
70,1753,995.381725963413,84,14
34,7575,1244.45186957406,82,48
6,2022,112.821581178622,66,60
36,3894,692.418053119154,72,36
22,6205,632.37076404379,78,56
24,6960,767.774337829071,85,61
70,1400,794.942621990176,81,11
93,3293,2832.48776542165,95,2
56,2293,856.981680753727,68,12
65,4762,2359.73464370556,83,18
77,6011,4015.04490258232,81,4
77,6227,4159.32201104311,82,5
30,2246,314.681940301884,83,53
36,2349,417.691321719798,71,35
86,7006,5485.05041012196,92,6
15,4569,354.334774880944,71,56
76,3973,2598.34387619364,79,3
21,4486,439.478575832852,70,49
62,3294,1493.13946301353,92,30
63,4203,1963.76087057291,81,18
47,6816,1850.48889302965,88,41
44,6726,1631.45599726967,67,23
52,9443,3073.82226558171,62,10
5,7754,418.881243212795,72,67
49,3286,960.294859044488,88,39
8,5450,325.687914432509,82,74
26,1739,207.720774280016,79,53
41,8281,1790.41922946584,76,35
72,8229,4911.4659962732,89,17
80,8055,5707.76969796896,88,8
3,3404,173.270491240858,76,73
21,2315,226.792889668536,67,46
32,8727,1324.15452354978,52,20
17,6595,552.466037909291,88,71
89,6402,5226.286132094,90,1
71,2825,1645.13676023291,94,23
1,1662,80.4952789787055,63,62
97,6268,5774.0931651276,97,0
7,5068,292.477182232012,81,74
24,2523,278.318197463038,63,39
74,2259,1413.33242016646,74,0
87,5086,4039.78508538108,90,3
89,3553,2900.49900458138,92,3
0,6350,410.414299567616,55,55
11,9095,606.186511518847,77,66
98,9154,8583.17134049261,98,0
56,8333,3114.36037754942,82,26
94,9324,8134.60475613362,97,3
76,1145,748.830540710223,82,6
94,3453,3012.52576393494,94,0
25,6142,705.000097485874,56,31
26,5203,621.490045186269,54,28
87,6664,5293.18281733769,97,10
49,2814,822.358409419109,72,23
78,7959,5425.77147536116,85,7
2,7958,394.564743624375,77,75
31,1307,190.568703778111,70,39
83,1011,755.251933644941,84,1
38,1720,330.876460855537,68,30
99,2584,2460.95238095238,99,0
82,2923,2146.9311980735,83,1
92,1120,950.653605296318,95,3
68,6079,3275.08794866499,75,7
53,7245,2442.78974746456,65,12
35,2013,344.068106654019,67,32
95,3603,3193.8950845055,96,1
49,4978,1454.76196236259,67,18
57,8233,3181.58463159009,78,21
37,6288,1163.04906000261,70,33
79,1230,855.183863792225,93,14
52,4118,1340.4638451409,90,38
89,2472,2018.02238652552,91,2
23,4016,425.797765071448,62,39
29,2570,346.003103662742,87,58
32,3596,545.623887554142,57,25
25,5342,613.173318262706,49,24
95,9833,8716.50579126911,96,1
35,3117,532.76715769527,79,44
50,4803,1455.52396753218,83,33
28,1785,230.918569868835,54,26
34,5424,891.076823837582,40,6
44,4633,1123.77871474136,85,41
59,5676,2341.65192184548,65,6
69,7012,3879.58337862005,86,17
28,5231,676.714307553993,92,64
55,7191,2598.00233573382,68,13
73,4526,2766.69943251894,80,7
70,5486,3115.03944588436,81,11
36,3037,540.029180103459,90,54
13,3280,235.678491116399,77,64
21,6591,645.698460391067,62,41
21,4084,400.095966050238,64,43
57,6439,2488.3060175888,78,21
27,6584,818.448299105624,87,60
43,1521,355.139321929457,84,41
79,5877,4086.11021748529,81,2
38,4356,837.963874120186,83,45
85,3199,2467.20020793464,85,0
82,2016,1480.74351533226,87,5
90,5727,4736.99771972563,93,3
90,3993,3302.74696959393,95,5
64,7081,3408.1968069007,83,19
34,3819,627.400883155554,64,30
57,1749,675.888682211959,80,23
70,9008,5114.88795634822,84,14
31,4129,602.033800994506,81,50
40,8047,1673.6769396826,85,45
91,6513,5457.17317520258,95,4
15,3398,263.52146313098,82,67
57,5531,2137.41583837298,71,14
20,7127,671.266646701042,65,45
93,5523,4750.63162114295,94,1
59,2871,1184.44021628231,67,8
8,2357,140.852553085766,64,56
40,7252,1508.32672630523,76,36
81,7440,5369.30313228733,82,1
72,4210,2512.73202628632,82,10
29,3910,526.409391175612,80,51
32,2691,408.307530981145,73,41
96,3627,3277.36172440355,98,2
29,4222,568.414437223384,81,52
67,4701,2464.61563736379,72,5
80,1455,1031.01240354374,97,17
29,3438,462.863295872571,67,38
80,3023,2142.09656076476,90,10
89,3508,2863.76316016647,92,3
73,7655,4679.42645955202,83,10
6,9655,538.720260276755,82,76
63,3048,1424.11209457679,74,11
44,2199,533.38860214035,87,43
53,6329,2133.94290016608,58,5
46,6825,1785.10652137112,80,34
44,3803,922.4542309867,60,16
1,1600,77.4924466702339,84,83
36,8404,1494.3711654888,90,54
80,9879,7000.25535024647,90,10
74,1326,829.605484347379,94,20
63,4519,2111.40503785843,85,22
48,6484,1826.66830930817,71,23
95,3049,2702.79936515606,95,0
58,3481,1390.26451939078,76,18
37,2118,391.752212004695,52,15
72,1242,741.285790177581,80,8
67,2652,1390.37665821927,75,8
51,7355,2310.47524444526,64,13
13,6369,457.633021317178,67,54
50,2550,772.764130170115,72,22
31,4992,727.864551844169,88,57
70,3297,1872.08987478686,95,25
99,2511,2391.42857142857,99,0
68,2792,1504.20226232483,76,8
76,7751,5069.15766030126,92,16
97,4551,4192.38959707972,98,1
99,8704,8289.52380952381,99,0
69,4217,2333.17214883639,85,16
53,7930,2673.75054484389,88,35
98,1202,1127.04522080753,98,0
50,7861,2382.23483422246,57,7
76,3903,2552.56384313712,89,13
46,7689,2011.0892370436,80,34
33,2506,395.66155415096,78,45
46,2261,591.373750156792,59,13
86,1283,1004.4704076772,91,5
19,8393,760.104317577633,82,63
83,1015,758.240071859165,86,3
13,1355,97.3610839825367,82,69
16,1151,92.7623969072285,84,68
21,8401,823.018171103832,79,58
58,3238,1293.21359201015,76,18
11,4592,306.059204056575,51,40
22,9396,957.575455109662,88,66
21,4840,474.158784447393,78,57
18,1057,92.0558965796962,79,61
66,8315,4239.4971812895,75,9
27,3699,459.817779221097,73,46
6,3741,208.736664287451,83,77
33,3511,554.336678620918,87,54
40,5871,1221.09572671512,49,9
26,1239,147.996572359367,86,60
4,1537,80.5170047092061,76,72
44,5330,1292.84276917147,76,32
7,9487,547.50020280882,80,73
37,2073,383.428864724142,76,39
62,7433,3369.30954115955,63,1
28,5097,659.379244045633,75,47
42,2524,567.163322309646,93,51
21,4914,481.408319581506,39,18
11,1502,100.109086344289,61,50
19,7055,638.929579472203,80,61
8,2674,159.796235448171,83,75
67,9117,4779.81296869723,82,15
16,4639,373.870338186475,26,10
36,8903,1583.10167614788,69,33
53,1710,576.559070830145,88,35
53,1848,623.08839935328,67,14
82,9379,6888.83602693513,90,8
92,7606,6455.95653739625,92,0
84,5934,4505.59418277419,86,2
89,7691,6278.56398655654,91,2
62,3110,1409.73397995509,92,30
30,8549,1197.78090277863,59,29
16,3821,307.945368012615,71,55
38,2055,395.320422708215,83,45
33,5563,878.318126792415,60,27
72,8902,5313.14501140163,91,19
37,3897,720.801874495891,55,18
3,4713,239.901241250929,72,69
97,6515,6001.63002086891,98,1
28,7862,1017.07663658755,81,53
9,9802,607.049014574792,73,64
0,3539,228.733260814141,83,83
7,9865,569.314799273638,80,73
98,2710,2541.00877569751,99,1
91,5986,5015.60550080802,91,0
2,7581,375.87274709932,45,43
23,1780,188.725105036648,76,53
42,3228,725.357846440387,85,43
64,2843,1368.38066968206,86,22
87,2620,2081.05326852112,89,2
58,3641,1454.16636457967,73,15
29,7226,972.847636991041,81,52
24,4867,536.890474456047,85,61
66,8633,4401.63309273269,77,11
67,2911,1526.16382054158,86,19
7,9982,576.066936274653,63,56
70,7073,4016.16368952608,81,11
24,2594,286.150378208133,90,66
48,2768,779.799179544267,84,36
72,7329,4374.30238020249,89,17
59,9384,3871.39916042952,63,4
16,9003,725.577636277826,61,45
37,6167,1140.66850398157,64,27
20,5424,510.867165947306,64,44
28,5439,703.622465835628,76,48
55,7778,2810.07678589037,81,26
93,2734,2351.66157019823,96,3
72,7653,4567.68128198794,85,13
27,5441,676.363486548253,74,47
3,2273,115.700301583569,87,84
44,5365,1301.33235583583,76,32
18,5166,449.915574012025,73,55
44,9119,2211.90116549243,77,33
25,5768,662.071078199043,77,52
57,3971,1534.56486967621,75,18
54,6916,2414.3314225986,85,31
75,3600,2303.60639029067,75,0
89,3280,2677.63488179761,90,1
10,5307,340.880685969691,87,77
54,4631,1616.65251851563,56,2
0,1591,102.829787497965,48,48
46,7501,1961.91707205931,61,15
49,1147,335.197262119303,67,18
75,7003,4481.15431977932,89,14
62,4211,1908.80700629932,69,7
61,7195,3162.35185508091,74,13
16,2395,193.019931010263,50,34
30,1299,181.999928963556,69,39
21,4718,462.206848145206,56,35
70,4945,2807.85090410101,85,15
80,4454,3156.10257414696,86,6
67,1254,657.440546533544,82,15
18,3136,273.119481243072,61,43
65,5993,2969.73744639384,65,0
73,7366,4502.76359256175,95,22
60,8103,3451.36074524086,79,19
23,9760,1034.80731750432,85,62
46,2758,721.366122482278,93,47
45,6140,1546.74102435172,74,29
28,1438,186.028517350916,49,21
71,1080,628.937239310283,72,1
48,3255,916.99650629212,76,28
19,7798,706.21869039323,80,61
96,2155,1947.26068819676,97,1
12,9890,684.307329523244,64,52
14,9053,675.723402237086,78,64
50,5644,1710.38460810985,80,30
5,1473,79.5733906696476,89,84
63,2033,949.875291428676,87,24
50,8591,2603.45750678096,83,33
54,9456,3301.02919781555,80,26
56,9343,3491.83595433148,68,12
92,5637,4784.67354737084,93,1
98,5366,5031.38490420399,98,0
45,5558,1400.12811292294,80,35
43,6122,1429.4299334991,91,48
98,4495,4214.69905784512,98,0
77,1574,1051.35263295035,77,0
30,1631,228.515692178261,80,50
69,4005,2215.87727201559,78,9
84,5647,4287.67953321973,86,2
52,7199,2343.37037910862,81,29
70,3588,2037.32437692911,77,7
84,6134,4657.45108141842,84,0
85,4169,3215.30405341654,87,2
8,6356,379.829795253767,72,64
43,4858,1134.29771593248,65,22
61,5658,2486.80844976341,93,32
98,5731,5373.6240935507,98,0
70,9419,5348.26039751819,79,9
62,2068,937.405103069817,80,18
21,3602,352.876020987502,77,56
17,7024,588.403555765711,65,48
64,5851,2816.17843767491,85,21
81,9858,7114.32665028072,96,15
30,4870,682.324598962679,70,40
36,6816,1211.99831794046,51,15
38,5632,1083.4280392665,79,41
45,4879,1229.07971625603,47,2
39,2891,578.329121545292,63,24
31,2771,404.028981001641,69,38
42,1483,333.242158076547,48,6
4,4318,226.201968987867,43,39
79,4471,3108.55858131304,87,8
63,3301,1542.3208740807,74,11
64,8429,4057.01043431239,68,4
65,1676,830.515594886713,86,21
35,4534,774.965124475571,51,16
12,7350,508.560047724555,90,78
41,4327,935.532424332649,85,44
91,1748,1464.63054049656,93,2
0,5082,328.460704000413,82,82
32,8792,1334.01702429811,78,46
80,9592,6796.88726789798,91,11
16,2536,204.383526113581,85,69
29,6171,830.811343464118,81,52
88,1004,808.651143105198,91,3
86,4045,3166.86110604387,93,7
39,8384,1677.17445694768,84,45
17,9523,797.745880062196,77,60
43,6230,1454.6469267722,77,34
75,2764,1768.65779521206,79,4
16,7310,589.133902164935,74,58
54,6468,2257.93748429262,80,26
13,1321,94.9180752331594,87,74
14,7455,556.447361501986,81,67
70,8760,4974.06954902424,91,21
67,8239,4319.49973117215,72,5
70,8823,5009.8419670138,70,0
86,1209,946.535247764409,93,7
2,4172,206.851484091593,72,70
72,4833,2884.56861829972,80,8
59,7668,3163.45788173205,79,20
24,6659,734.57030396606,75,51
27,6343,788.489909056345,87,60
73,8482,5184.96345263491,81,8
0,7545,487.64974649412,67,67
15,7783,603.586682621665,90,75
34,2280,374.567691436152,57,23
57,5639,2179.15167466738,83,26
28,3948,510.737542768718,64,36
17,5272,441.637748575858,77,60
63,5760,2691.23545431833,86,23
6,2347,130.955613761734,86,80
25,3539,406.21871458849,68,43
88,6708,5402.82058560724,90,2
40,3927,816.767657777255,74,34
28,6314,816.817843222312,68,40
64,7007,3372.57944159769,71,7
10,8803,565.436721046013,66,56
32,8332,1264.22086515604,87,55
94,9907,8643.2356627001,97,3
39,8119,1624.16262117822,64,25
94,4739,4134.48004497182,94,0
10,3628,233.034695439615,84,74
61,6516,2863.91726027897,86,25
87,9509,7552.95249250662,94,7
63,8307,3881.26613177472,83,20
76,4315,2822.01203769835,95,19
33,6493,1025.15182406312,40,7
17,6998,586.225524380473,82,65
32,2305,349.739449614098,36,4
46,6286,1644.12887814489,72,26
84,3001,2278.61276415661,88,4
40,6300,1310.32244563196,72,32
24,1605,177.0514098011,91,67
36,4331,770.123931191334,78,42
92,6384,5418.72555018901,95,3
45,9546,2404.7540420947,58,13
79,5454,3792.01040091284,79,0
72,8883,5301.80489061791,83,11
39,4056,811.381154267625,80,41
74,2012,1258.79806523901,76,2
38,4248,817.187910299024,63,25
59,1270,523.942554746962,87,28
21,4450,435.951774956797,46,25
16,6444,519.340474083562,88,72
60,6593,2808.19713604504,60,0
34,2363,388.203269677029,88,54
42,3432,771.198305137363,55,13
87,1318,1046.88099538582,92,5
25,4394,504.358584883251,80,55
10,3447,221.408653577826,83,73
5,9673,522.548138457231,83,78
54,3365,1174.70000535632,88,34
77,3925,2621.70208661381,79,2
85,5816,4485.53810858014,96,11
4,5498,288.017236103588,70,66
71,3491,2032.98139114092,71,0
81,4613,3329.11227812385,96,15
68,1451,781.732622719674,83,15
30,2170,304.033753541892,84,54
77,7358,4914.77298173361,82,5
38,7672,1475.862911444,74,36
69,3427,1896.08274936265,79,10
78,3725,2539.38921293131,80,2
68,3379,1820.45109039957,95,27
7,3367,194.311498140328,62,55
58,1204,480.861385046394,64,6
41,4840,1046.44717674371,81,40
29,3883,522.774339113785,81,52
32,3581,543.347925842987,73,41
98,8499,7969.01608289782,99,1
5,3615,195.287038201477,85,80
54,4574,1596.75418261509,77,23
43,7887,1841.54098097149,56,13
43,4769,1113.51704555002,89,46
87,9636,7653.82797537005,90,3
47,3984,1081.62378958776,78,31
2,5880,291.535648719694,83,81
55,4950,1788.36205838999,90,35
91,2902,2431.55482180837,93,2
79,6631,4610.34487870426,82,3
49,3317,969.354244507172,58,9
79,6593,4583.92456421312,92,13
74,8461,5293.58371271733,89,15
53,3925,1323.38851053118,64,11
35,6311,1078.69539050845,83,48
72,3347,1997.65180332074,74,2
41,6090,1316.70729470438,45,4
6,5192,289.698145143129,73,67
39,7663,1532.94225472209,79,40
69,1216,672.785708557043,78,9
75,7227,4624.48982850851,82,7
2,3847,190.737693983786,63,61
19,4641,420.307892038341,80,61
26,8599,1027.13682463131,36,10
91,6373,5339.86866967082,91,0
17,6105,511.418523341353,84,67
76,9481,6200.57847726954,79,3
74,1768,1106.14064579651,80,6
63,1522,711.121590533421,85,22
76,8361,5468.09794836522,93,17
11,3712,247.406743348869,74,63
96,3882,3507.78004249643,96,0
45,5127,1291.55394655558,70,25
45,4211,1060.80235399757,63,18
36,9076,1613.86395739842,78,42
58,7627,3046.12108284788,81,23
57,3219,1243.95978733007,87,30
51,6570,2063.87795458944,84,33
4,8898,466.129022708208,79,75
26,1056,126.13751445641,69,43
22,2024,206.27210740123,73,51
94,4945,4314.20211487353,96,2
36,2912,517.802098275033,65,29
88,2987,2405.8176936805,88,0
72,7036,4199.42578074836,80,8
18,7153,622.966724914444,83,65
21,3236,317.020212080943,80,59
44,6489,1573.96936757105,82,38
18,2180,189.859843466166,76,58
38,4843,931.648081350795,86,48
77,6708,4480.60575719884,94,17
45,4014,1011.17564686446,86,41
28,9864,1276.06766004829,80,52
40,2102,437.190123923552,77,37
44,9485,2300.67798603967,47,3
74,3009,1882.56629140367,78,4
83,8705,6502.93578870348,89,6
65,1515,750.734562203681,85,20
35,3742,639.594066119891,60,25
76,6949,4544.64928156798,78,2
88,9996,8051.07253633422,96,8
34,2413,396.417473436594,78,44
31,3562,519.361685430474,80,49
88,4522,3642.151861675,96,8
38,4562,877.592101408698,73,35
97,6811,6274.30576702043,97,0
30,4963,695.354616971617,36,6
64,3807,1832.36905011594,88,24
99,5112,4868.57142857143,99,0
89,9719,7934.12604152165,92,3
75,4445,2844.314001345,81,6
52,2935,955.381589482401,72,20
56,8411,3143.51195674645,77,21
78,3234,2204.66703748184,86,8
23,9042,958.681123450207,43,20
41,2873,621.1658551208,73,32
26,2412,288.109550065209,80,54
54,5959,2080.24883563694,65,11
82,2014,1479.27452374958,85,3
72,3663,2186.25591740779,81,9
80,8051,5704.9352996087,93,13
17,9355,783.672446496045,79,62
55,2008,725.46081075699,90,35
50,3613,1094.90070678613,72,22
5,3056,165.089125516934,89,84
13,7758,557.437114049092,79,66
15,8532,661.673079291796,80,65
85,2832,2184.15473237602,91,6
21,2778,272.151467602243,22,1
17,3028,253.65688594228,79,62
44,9224,2237.36992548549,88,44
24,9274,1023.03724267626,48,24
68,5447,2934.59517295249,92,24
54,7505,2619.94756023749,86,32
55,7999,2889.92082930536,90,35
67,5717,2997.27879149304,77,10
63,5594,2613.67554365569,75,12
66,6803,3468.58680989928,86,20
71,8366,4871.93420747206,74,3
97,7037,6482.4973840145,97,0
45,4551,1146.4525084405,54,9
90,5834,4825.50108204633,96,6
37,7189,1329.70096888657,76,39
12,8705,602.314995298265,37,25
33,7165,1131.25101176841,35,2
40,6836,1421.80384735557,58,18
95,6290,5575.79796878701,95,0
41,7655,1655.07296239113,72,31
53,5354,1805.20307907871,84,31
61,1842,809.597236561366,89,28
26,6051,722.782291643689,91,65
86,2334,1827.30625995213,94,8
12,6813,471.40402791121,47,35
68,7255,3908.66311359837,79,11
69,8647,4784.19245221443,83,14
0,6947,448.999706944288,87,87
43,9680,2260.1897674406,61,18
80,4717,3342.4642663339,86,6
83,4359,3256.32361894985,89,6
1,2488,120.500754572214,78,77
85,2396,1847.89362244808,93,8
63,9439,4410.16865508867,70,7
41,5323,1150.87568632371,75,34
65,8628,4275.4704968273,84,19
37,3362,621.846523493761,69,32
94,6555,5718.82605925095,97,3
80,4073,2886.12613033241,97,17
64,6507,3131.92156792866,89,25
37,5718,1057.61999444894,83,46
39,4396,879.396339783156,80,41
50,9434,2858.9242368725,80,30
67,4404,2308.90603423742,69,2
33,3141,495.918971104615,83,50
61,9767,4292.79924511122,87,26
77,1120,748.103525352221,86,9
14,4151,309.834070770589,59,45
93,2781,2392.0888173816,96,3
52,3416,1111.95349562926,58,6
88,5949,4791.49965172592,93,5
18,7530,655.800285000106,84,66
66,5200,2651.27905504575,86,20
37,8092,1496.72280431633,85,48
41,1715,370.796881842037,91,50
27,8151,1013.23998876214,84,57
38,8741,1681.50647926643,65,27
58,9107,3637.21315084511,84,26
95,1410,1249.90065755003,97,2
53,5090,1716.19045059967,72,19
5,8191,442.488555991231,82,77
65,5601,2775.48797551341,83,18
37,6151,1137.70909161515,72,35
7,4594,265.122370792001,64,57
87,6814,5412.32708843623,91,4
86,2057,1610.44086406236,87,1
79,4512,3137.06471010611,83,4
68,5508,2967.45919086145,94,26
45,1320,332.524129013724,74,29
99,1966,1872.38095238095,99,0
81,3943,2845.58632400658,94,13
57,4619,1784.97988744256,83,26
71,3994,2325.90308685673,74,3
7,5121,295.535842582899,62,55
70,5252,2982.17046478029,78,8
48,5483,1544.66723317963,67,19
50,2683,813.069082841733,81,31
82,2349,1725.33061384696,86,4
16,4572,368.470615690572,76,60
43,1940,452.971916201938,83,40
38,4718,907.601826928154,87,49
88,2339,1883.89942601898,89,1
80,3402,2410.65580539918,85,5
61,2412,1060.12406872205,67,6
12,6380,441.443959793559,81,69
32,8632,1309.74009937913,58,26
42,8870,1993.16112079499,90,48
28,2020,261.319614081259,73,45
7,2851,164.532842648671,90,83
11,5008,333.785821845672,38,27
0,1437,92.8764328312857,14,14
27,9444,1173.97110218006,77,50
51,2591,813.92812486168,63,12
33,3066,484.077543905365,81,48
11,3064,204.217204100467,79,68
5,3077,166.223573041755,90,85
43,9005,2102.58355948374,72,29
83,6641,4961.05647016425,95,12
55,7373,2663.75625384028,88,33
61,1203,528.743472086495,82,21
56,3680,1375.3565569881,61,5
14,1855,138.458733143687,74,60
98,4987,4676.0187322522,98,0
19,3699,334.996529336312,84,65
14,1975,147.415632322793,50,36
94,2646,2308.46891728116,94,0
96,7060,6379.42480680701,96,0
21,6163,603.768716642414,88,67
54,3555,1241.02779169144,67,13
9,1641,101.628997441056,84,75
2,4987,247.259911592707,62,60
93,2459,2115.11916646578,94,1
44,6550,1588.76550432892,73,29
41,5422,1172.28028766619,71,30
68,2911,1568.3140349669,86,18
66,6262,3192.75181590317,73,7
26,1193,142.501945782668,64,38
7,7873,454.355338538404,29,22
15,6711,520.451012087112,82,67
55,2837,1024.96629487927,76,21
66,5103,2601.82250344201,68,2
2,3992,197.9269234165,34,32
55,9204,3325.26957281242,71,16
44,3239,785.650605881126,60,16
42,2676,601.318958201511,80,38
27,8826,1097.1483426346,89,62
44,2500,606.399047453786,90,46
3,6967,354.634404369875,84,81
28,6706,867.529372291547,61,33
59,6705,2766.16915714833,71,12
44,1811,439.275469975523,82,38
98,3506,3287.37150095773,98,0
23,2843,301.430041359095,73,50
30,8925,1250.46140569649,79,49
13,4360,313.279945508384,74,61
68,1745,940.126413953019,80,12
67,5039,2641.8205055682,95,28
82,9764,7171.61690659928,90,8
64,9170,4413.66540308988,86,22
77,7320,4889.39089783773,83,6
16,9574,771.596166802611,75,59
56,5190,1939.70123118702,76,20
41,1965,424.84890543417,63,22
33,2542,401.3454392066,82,49
15,4221,327.346702729802,84,69
89,3532,2883.35561052109,97,8
68,5382,2899.57613747573,89,21
41,3666,792.618873955048,80,39
72,9873,5892.6848682957,73,1
12,4982,344.713762961052,80,68
63,3641,1701.17852242588,73,10
57,1791,692.119285215334,75,18
92,1500,1273.19679280757,96,4
17,5373,450.098562803127,73,56
97,8666,7983.13518969301,98,1
61,1097,482.154271719771,91,30
17,8811,738.101328281844,78,61
18,1644,143.178707641457,44,26
71,9031,5259.19648908441,80,9
55,7538,2723.36832245328,83,28
38,2154,414.365056210946,59,21
6,2140,119.405629931875,80,74
29,5710,768.746195297377,64,35
80,3806,2696.93003978521,83,3
86,3804,2978.1803825441,87,1
14,8733,651.838337759469,88,74
95,4266,3781.61432986413,97,2
1,5280,255.725074011772,71,70
75,1374,879.209772294271,89,14
63,8509,3975.64626402686,74,11
97,5722,5271.11695769944,97,0
40,3123,649.545555191843,89,49
48,1511,425.677948082148,68,20
27,9257,1150.72538044058,87,60
37,5829,1078.15091774097,80,43
83,7944,5934.44249344749,83,0
46,5948,1555.72360280079,93,47
40,9361,1946.97276405727,76,36
23,6447,683.545366388353,67,44
69,3550,1964.13590902755,95,26
74,2824,1766.82193649849,87,13
43,8929,2084.83826792119,82,39
2,1617,80.1723033979159,52,50
87,7915,6286.8460382995,95,8
8,1272,76.013766451037,84,76
55,4363,1576.28760823344,73,18
36,9292,1652.27235479794,81,45
29,6271,844.27449924866,79,50
18,8850,770.761291135583,73,55
60,6536,2783.91877463831,82,22
26,4822,575.980203322735,86,60
81,4966,3583.86550469609,87,6
5,8930,482.410304602819,89,84
56,1728,645.819600672674,58,2
61,7887,3466.50021973914,71,10
35,3726,636.859297264221,62,27
8,3676,219.675004303469,81,73
23,1379,146.208943733448,87,64
9,3889,240.850195641845,69,60
22,7139,727.557596214121,83,61
13,6488,466.183551939998,74,61
42,7977,1792.49675993029,88,46
96,7456,6737.25090078655,99,3
22,6613,673.951307432971,79,57
80,7074,5012.63350011576,83,3
96,3898,3522.2376624552,97,1
57,4059,1568.57184739757,85,28
0,7495,484.418137836107,83,83
69,6914,3825.36216197648,94,25
16,4715,379.995396540037,59,43
95,2870,2544.1240334529,98,3
22,6002,611.682405445742,67,45
70,7101,4032.06254196588,75,5
93,4474,3848.32987017809,94,1
75,9285,5941.38481495801,96,21
34,3606,592.408375139808,81,47
78,3143,2142.63095201157,83,5
62,1999,906.128046922904,72,10
97,5088,4687.07498790192,97,0
92,1646,1397.12128064084,96,4
5,2290,123.708801516289,39,34
44,3777,916.147680893181,73,29
74,2490,1557.85645250752,85,11
77,1208,806.883088058467,82,5
27,5639,700.976603684176,51,24
90,2070,1712.16785050324,98,8
38,7988,1536.65184262444,70,32
16,5056,407.477566257991,79,63
77,2211,1476.83651299443,90,13
16,1997,160.943967527138,66,50
76,2627,1718.05924056398,92,16
8,6993,417.89643772964,30,22
30,1616,226.414076370367,77,47
7,9442,544.903227039198,66,59
9,2469,152.907979696507,88,79
28,5817,752.522868866675,86,58
70,3314,1881.74274948246,70,0
96,4614,4169.21615561013,97,1
95,7408,6566.85395115647,96,1
50,6572,1991.61014254039,91,41
89,2616,2135.57708865322,90,1
22,9289,946.670753779657,59,37
86,2951,2310.3602284142,86,0
64,2273,1094.03069369938,91,27
26,6689,798.990373294437,71,45
50,4355,1319.75991642778,88,38
92,2029,1722.2108617377,94,2
28,3284,424.838422100423,60,32
67,6157,3227.95968501358,71,4
34,3732,613.108168613912,61,27
48,2718,765.713211705678,79,31
46,2332,609.944089060433,76,30
88,8568,6900.9193168579,90,2
88,7384,5947.29087718006,90,2
7,5868,338.645640358612,83,76
16,1825,147.081993358551,85,69
42,5382,1209.37916032905,73,31
4,7421,388.755167174378,85,81
70,4261,2419.46465164296,86,16
65,5803,2875.58591714057,69,4
62,1100,498.619735675435,63,1
83,2924,2184.32903459724,83,0
55,3328,1202.35735966099,74,19
9,3769,233.418459083084,78,69
72,7551,4506.80273883326,84,12
29,2001,269.397747248695,68,39
60,5167,2200.81216471178,77,17
52,1159,377.269936017071,89,37
53,1988,670.292065970953,76,23
2,3407,168.922101222449,83,81
9,9551,591.504298939384,81,72
74,5862,3667.53193759,76,2
41,1815,392.41769127889,87,46
77,9365,6255.34778118174,89,12
45,7117,1792.85926226566,72,27
51,6838,2148.06658348289,89,38
54,6922,2416.42598427234,76,22
5,4279,231.15718851013,46,41
83,3691,2757.30453717456,90,7
74,1912,1196.23354907405,79,5
42,5321,1195.67196434613,80,38
84,2839,2155.60867625479,86,2
5,8855,478.358706299884,47,42
51,5601,1759.47951653812,61,10
1,5462,264.539839820511,88,87
77,2109,1408.70565622128,78,1
44,4237,1027.72510562468,60,16
4,8395,439.778955454642,66,62
57,3575,1381.53346993011,77,20
41,6622,1431.73000090844,59,18
78,5786,3944.40429154915,80,2
15,7377,572.100598445333,83,68
22,8616,878.083239806817,50,28
12,5768,399.098551738127,82,70
57,9057,3500.01360479915,83,26
51,8998,2826.6018014301,83,32
29,4338,584.031697933454,52,23
61,6875,3021.70521246438,73,12
17,7314,612.696982754898,53,36
80,4760,3372.93404870667,87,7
90,9198,7607.98062267091,90,0
44,1544,374.512051707459,44,0
48,4376,1232.80390523328,60,12
88,4598,3703.36449800568,92,4
2,2765,137.091168147951,71,69
19,2111,191.180771405503,78,59
32,9335,1416.40683824191,78,46
95,8040,7127.09311113634,95,0
56,6068,2267.84336625103,75,19
47,5985,1624.87911161715,83,36
13,8795,631.9488809051,63,50
17,4529,379.3963132208,73,56
43,7490,1748.84518162501,70,27
72,9244,5517.2671855085,83,11
23,1061,112.492885642631,82,59
51,5652,1775.50048696187,81,30
95,2925,2592.87902364102,97,2
62,6443,2920.55177905166,68,6
3,5094,259.29491256784,80,77
94,3039,2651.33674966646,99,5
81,6369,4596.38328622823,88,7
29,5165,695.37199627162,45,16
25,8709,999.649275318215,83,58
59,2350,969.500002878236,62,3
69,4728,2615.89706419219,81,12
28,9871,1276.97322306738,77,49
93,8326,7161.64383082315,98,5
32,6461,980.332574384681,73,41
25,5817,667.695468426462,70,45
70,7930,4502.78213741578,93,23
63,5742,2682.82534352359,78,15
86,1901,1488.30728370566,88,2
92,2743,2328.25253511411,94,2
90,4502,3723.75829128772,93,3
60,6519,2776.6778598328,89,29
77,9559,6384.92999896597,80,3
82,9803,7200.26224246136,88,6
96,7815,7061.64374861144,98,2
50,4697,1423.40122329766,85,35
64,5208,2506.69241213654,64,0
86,5040,3945.85413460101,86,0
63,3184,1487.65515391486,64,1
38,8843,1701.1282228753,84,46
44,5718,1386.9559013363,62,18
10,6483,416.417841933579,74,64
5,5228,282.423412369937,76,71
76,6971,4559.03729195718,77,1
86,2615,2047.30328610747,94,8
11,1315,87.6454384439015,42,31
60,3140,1337.43955819527,74,14
58,9681,3866.46102046025,88,30
47,1724,468.052061558557,86,39
61,2934,1289.55390449025,83,22
78,5369,3660.12904274583,88,10
57,4539,1754.06445315042,77,20
76,9754,6379.12060618997,76,0
0,8054,520.54752263269,70,70
15,3313,256.929548956132,86,71
0,4630,299.246961731978,0,0
58,4780,1909.06762501808,78,20
82,3085,2265.91951626985,87,5
9,3857,238.868399226176,76,67
24,2354,259.675401041614,89,65
4,4323,226.463898085815,79,75
91,8776,7353.31671819098,93,2
41,5787,1251.19624211071,59,18
16,2004,161.50811763865,73,57
39,7363,1472.9288557378,67,28
63,8463,3954.15375866251,79,16
77,1116,745.431727047392,86,9
49,2364,690.851201089827,60,11
18,1073,93.4493633207323,80,62
88,7390,5952.12345373248,92,4
74,2798,1750.5551622956,82,8
9,4555,282.096333542969,63,54
46,1140,298.171638734517,72,26
56,2911,1087.95188516097,62,6
11,5189,345.849566604871,89,78
42,2046,459.752835754967,57,15
84,8314,6312.69127664048,91,7
72,6868,4099.15523908182,83,11
86,6167,4828.19096192151,96,10
82,5394,3961.87029846339,93,11
57,7429,2870.88451695406,89,32
45,6525,1643.72722864738,80,35
78,8199,5589.38312934868,78,0
28,7855,1016.17107356846,82,54
37,9544,1765.28947656884,80,43
33,3847,607.386272473561,65,32
60,2148,914.910882485174,90,30
79,4913,3415.86855513106,83,4
44,7890,1913.79539376415,46,2
66,6262,3192.75181590317,85,19
74,1000,625.645161649607,78,4
34,2706,444.552707467643,64,30
93,9164,7882.45304656057,96,3
39,1379,275.861590664461,66,27
61,3115,1369.10716172023,86,25
54,5897,2058.60503167495,77,23
8,4411,263.598053314091,70,62
29,5131,690.794523304876,81,52
46,9308,2434.54527486042,86,40
91,1094,916.650921798191,95,4
9,1058,65.5231439930759,68,59
84,1310,994.662686119681,90,6
32,2305,349.739449614098,69,37
40,5865,1219.84780057642,90,50
25,9472,1087.22906600231,87,62
60,4171,1776.57974434156,83,23
64,8119,3907.80255263759,79,15
82,5350,3929.55248364463,83,1
29,4494,605.03422095734,69,40
22,3988,406.429429009933,62,40
89,8517,6952.8708195946,90,1
7,9378,541.20975038907,89,82
2,6209,307.847762398058,46,44
22,2596,264.566398623317,74,52
37,1740,321.83609484805,75,38
40,4828,1004.1645662716,91,51
40,5609,1166.60295199201,80,40
71,1241,722.695475911167,79,8
16,7224,582.202915080642,16,0
87,7335,5826.15485671848,97,10
42,6738,1514.08338578542,87,45
77,8494,5673.56370030515,88,11
16,1820,146.679028993185,91,75
9,6602,408.869373007833,73,64
96,7256,6556.53065130194,98,2
73,5517,3372.48801794233,78,5
81,6703,4837.42458275833,85,4
4,1417,74.2307063584548,68,64
62,5650,2561.09227869655,86,24
34,2155,354.03218203724,67,33
98,5739,5381.12522646789,98,0
13,1480,106.342733796424,66,53
77,1749,1168.24380878664,80,3
92,3933,3338.32199074145,92,0
20,3393,319.574537990267,82,62
73,8157,4986.2941385455,74,1
88,5464,4400.86638040518,88,0
7,7155,412.91914736978,90,83
17,5183,434.182179603314,69,52
0,5013,324.001084052356,52,52
33,3309,522.443768030937,88,55
61,3488,1533.04840452011,79,18
80,7393,5238.67676934631,90,10
93,2987,2569.28058163208,97,4
60,3195,1360.86604727194,74,14
10,7157,459.71039560676,75,65
76,9433,6169.18645460222,78,2
35,4705,804.192966620547,77,42
4,5234,274.187379731935,46,42
39,5540,1108.24743457659,92,53
98,8833,8282.18838219043,98,0
51,4505,1415.18572076491,85,34
79,4879,3392.22932637583,85,6
13,9712,697.838263939776,45,32
99,5603,5336.19047619048,99,0
5,2676,144.561027448728,70,65
22,6120,623.708150837711,75,53
8,5151,307.819898576487,35,27
42,8630,1939.23116938679,84,42
87,2120,1683.90569819266,91,4
58,1717,685.746676183271,91,33
83,3833,2863.38344377949,88,5
74,9249,5786.59210009722,82,8
47,9967,2705.95991737479,89,42
12,5886,407.263189239011,88,76
37,4011,741.887687606625,80,43
53,9888,3333.92753939677,70,17
98,9208,8633.80398768363,98,0
4,4249,222.587347436185,72,68
71,3582,2085.97517704577,78,7
9,6312,390.909342990827,58,49
99,3243,3088.57142857143,99,0
66,1404,715.845344862353,94,28
66,4913,2504.9488456615,81,15
30,6379,893.747149236741,80,50
2,4298,213.098676564158,78,76
4,4884,255.852342875578,63,59
70,6601,3748.15446268368,85,15
4,5993,313.948216800437,22,18
75,1090,697.480823726896,77,2
25,6451,740.468190960823,76,51
29,2224,299.420584648225,90,61
18,2260,196.827177171347,71,53
33,6885,1087.04301689121,91,58
49,4183,1222.43256098086,71,22
85,2619,2019.88038280113,86,1
46,3744,979.258434580729,49,3
15,3425,265.615365280638,51,36
58,7751,3095.64501286927,80,22
30,2622,367.362443219742,72,42
3,5391,274.41281383063,85,82
70,3762,2136.12438851932,86,16
51,3165,994.242576297653,89,38
38,2686,516.705915033705,55,17
12,8265,571.87058427802,84,72
39,5458,1091.84377218755,76,37
50,6274,1901.30280497541,80,30
94,8094,7061.50696011857,95,1
34,9449,1552.32022648254,79,45
60,3413,1453.72013124856,65,5
77,7031,4696.35347031381,93,16
94,1498,1306.91097433378,96,2
0,2806,181.357877887674,83,83
19,1235,111.846637937374,69,50
95,6117,5422.44136328619,95,0
62,5497,2491.73880637079,84,22
70,2657,1508.68753330564,73,3
48,5853,1648.90339518519,87,39
12,2892,200.102810614886,81,69
90,5651,4674.13551845111,92,2
94,4380,3821.27507849263,94,0
40,7193,1496.05545260805,84,44
23,3680,390.173250862283,86,63
63,7895,3688.76804025056,94,31
94,7340,6403.68928678901,97,3
55,3779,1365.29701386985,78,23
70,8746,4966.12012280434,81,11
35,4720,806.756812422738,74,39
76,2315,1514.01109322635,78,2
10,3561,228.731132982489,59,49
72,8160,4870.28345237444,75,3
83,9678,7229.80040931329,91,8
75,7078,4529.14611957704,81,6
96,7939,7173.69030329191,96,0
78,8929,6087.03524356072,88,10
31,9736,1419.56916601659,86,55
53,9414,3174.10941099122,76,23
98,6990,6554.1148863932,98,0
43,4026,940.033471458248,79,36
91,8380,7021.51254540114,93,2
46,8517,2227.65600622972,87,41
24,4594,506.775187929131,44,20
13,3002,215.703301930314,82,69
92,9394,7973.60711442287,98,6
93,2943,2531.43379703489,97,4
31,4671,681.060761551304,69,38
31,5593,815.494078218036,88,57
29,2173,292.554375198109,79,50
13,3710,266.575366476171,73,60
76,6367,4164.02100672663,86,10
53,5219,1759.68525769738,55,2
87,6308,5010.41374726383,87,0
38,3810,732.929834802091,82,44
31,2386,347.893593890262,86,55
73,9690,5923.40201085031,82,9
69,1880,1040.16211520332,72,3
96,2300,2078.28286907311,97,1
28,2430,314.35973377102,90,62
92,4707,3995.29153583015,97,5
88,5884,4739.14673907468,92,4
43,4088,954.509893522434,83,40
1,2828,136.967899489638,77,76
68,3710,1998.77879413507,83,15
63,3181,1486.2534687824,67,4
63,3874,1810.04273438007,79,16
44,8544,2072.42938457806,84,40
59,3786,1561.92638761575,79,20
43,10000,2334.90678454607,59,16
74,7973,4988.26887383232,81,7
82,8540,6272.59405800469,82,0
80,7480,5300.32493368191,90,10
13,6109,438.951189704293,70,57
69,6275,3471.81769835152,86,17
89,3079,2513.5481100777,96,7
61,5750,2527.24435951567,88,27
7,5067,292.419471659354,32,25
71,6036,3515.06034858969,75,4
70,5195,2949.80494374212,73,3
98,9200,8626.30285476644,99,1
95,6576,5829.32391776525,98,3
68,9916,5342.28855057773,74,6
67,7606,3987.63380935737,71,4
80,8077,5723.35888895038,91,11
10,3142,201.81780955658,87,77
41,7779,1681.88276609283,91,50
67,2256,1182.76385405078,73,6
44,9743,2363.2583677369,80,36
45,1404,353.684755405506,61,16
20,4045,380.984086699272,71,51
58,7338,2930.69837497545,74,16
52,8528,2775.97757925244,70,18
82,2177,1598.99733773726,83,1
11,2844,189.554088923541,63,52
47,6446,1750.0368844585,82,35
67,1373,719.829242735691,87,20
41,6756,1460.70188555382,81,40
32,6960,1056.04623397576,74,42
79,7854,5460.66184245865,90,11
58,5423,2165.87316537093,74,16
39,7613,1522.94002155805,81,42
74,6815,4263.77177664207,85,11
36,5775,1026.89118047332,84,48
50,6886,2086.76619621624,76,26
20,8350,786.456643742627,78,58
5,2520,136.133702978623,37,32
90,2264,1872.63189059871,91,1
13,4761,342.093078111334,31,18
81,8003,5775.60926985155,89,8
47,7563,2053.29335357736,86,39
41,1965,424.84890543417,69,28
19,9278,840.253527759476,75,56
44,6081,1475.00504302659,78,34
88,4729,3808.87575273355,88,0
3,3360,171.030802164889,84,81
32,8860,1344.33471738868,88,56
83,1558,1163.87983443998,94,11
68,7714,4155.95137950349,93,25
20,3791,357.060734901592,70,50
39,7371,1474.52921304405,72,33
45,5907,1488.04547733641,85,40
10,1732,111.250301130489,76,66
80,3497,2477.9727664553,87,7
5,6488,350.490263859249,79,74
63,6262,2925.78409981622,87,24
67,1527,800.56755546788,83,16
96,7515,6790.56337438452,96,0
28,8388,1085.12322916515,76,48
54,8241,2876.88045888303,73,19
16,8064,649.900928462112,86,70
4,3406,178.426101522157,76,72
82,9646,7084.94640322169,83,1
70,6012,3413.71074528924,73,3
77,9683,6467.75574641568,81,4
91,3477,2913.34118381381,96,5
37,1762,325.905286851876,72,35
99,1148,1093.33333333333,99,0
37,4799,887.638746652754,72,35
14,4532,338.272225664252,88,74
23,8647,916.801114186457,54,31
18,1899,165.38708382672,79,61
50,2917,883.981555963226,82,32
49,4632,1353.64753106941,93,44
56,5680,2122.83294665555,80,24
31,2991,436.106345065286,87,56
25,4028,462.347833388652,83,58
77,6604,4411.13900127328,78,1
68,1692,911.572431179661,92,24
71,6041,3517.97209506798,81,10
94,4963,4329.90598505911,96,2
32,9614,1458.73972606939,62,30
9,4892,302.967127045489,58,49
29,5354,720.817360704406,65,36
16,4378,352.835598314376,51,35
78,9470,6455.84318025759,96,18
64,1650,794.170983107776,79,15
88,4591,3697.72649202785,88,0
2,9857,488.718858746603,72,70
6,6017,335.730689392567,84,78
75,7538,4823.49582500307,80,5
32,6662,1010.83046131415,63,31
31,5896,859.673356905693,36,5
6,4854,270.838751256693,87,81
7,4595,265.18008136466,77,70
22,9725,991.104863872017,75,53
31,1495,217.980269432498,52,21
7,3433,198.120395935773,61,54
46,4789,1252.58243675404,92,46
37,8230,1522.2477359767,79,42
4,1502,78.6835010235703,87,83
36,7164,1273.8785137508,83,47
52,4825,1570.60176124449,80,28
65,3194,1582.73676018387,78,13
45,5242,1320.5238517348,72,27
42,9028,2028.66500547206,75,33
35,5741,981.269250025199,52,17
57,7980,3083.81457064119,74,17
54,2292,800.122559368998,81,27
88,2829,2278.55984446674,89,1
55,9999,3612.49135794778,79,24
52,2999,976.21444185953,83,31
29,8478,1141.40634741351,30,1
24,6031,665.294113713667,72,48
2,7474,370.567591586904,83,81
20,6051,569.922054046303,73,53
16,9981,804.397466143395,69,53
50,2540,769.73368260082,83,33
15,9311,722.086033905991,77,62
42,9340,2098.77394230273,87,45
91,1950,1633.88418419239,92,1
80,3064,2171.1491439574,88,8
70,5219,2963.43253154766,81,11
28,2057,266.106161467896,79,51
71,5390,3138.86270359484,75,4
70,1306,741.567903085121,89,19
8,4406,263.299257062318,71,63
57,7476,2889.04733460069,81,24
71,3166,1843.71787005218,78,7
16,1004,80.9152445654712,64,48
59,2262,933.195321919392,81,22
13,6358,456.842636133556,84,71
38,5042,969.929718391639,85,47
28,3591,464.553828794951,86,58
28,5157,667.14121278072,84,56
21,2879,282.046103393398,68,47
66,4403,2244.91955372432,76,10
84,7321,5558.7217748719,88,4
71,6357,3701.9944724958,73,2
46,4449,1163.65405327181,72,26
0,3118,201.523115913674,83,83
92,1271,1078.82208243895,98,6
72,5769,3443.21877901326,77,5
83,9219,6886.91154923117,90,7
0,2170,140.251815757752,83,83
76,5365,3508.71253354616,76,0
84,5348,4060.65346974661,87,3
60,7777,3312.50555544097,78,18
15,9245,716.96760642905,36,21
53,4837,1630.88668164059,74,21
9,6751,418.097112568294,83,74
56,2822,1054.68918582077,77,21
38,4475,860.85590833054,90,52
4,2078,108.857733107177,82,78
82,9193,6752.21980974674,94,12
16,5790,466.632735093704,91,75
64,5829,2805.58949123347,80,16
64,7906,3805.28229845459,68,4
57,7507,2901.0270653889,81,24
62,7737,3507.10990447349,80,18
43,3353,782.894244858298,71,28
64,4058,1953.17930269779,84,20
51,3534,1110.15900936364,81,30
15,1888,146.418046613093,86,71
32,1613,244.741749339497,64,32
99,7905,7528.57142857143,99,0
85,2974,2293.67096542595,87,2
80,4889,3464.34339582498,87,7
95,9559,8473.61729469556,98,3
95,5737,5085.58870380463,98,3
68,7271,3917.28318386957,77,9
36,2123,377.504757774002,87,51
79,3938,2737.97890700308,82,3
7,9560,551.713074612872,87,80
38,3462,665.985062489459,75,37
25,1277,146.578496334982,89,64
6,4660,260.014128730158,48,42
95,7115,6307.12282160884,95,0
18,7465,650.139326364647,82,64
14,1848,137.936247358239,76,62
30,3412,478.047542435454,65,35
33,5224,824.794875851802,80,47
9,5254,325.386198997751,44,35
34,7059,1159.68128677535,76,42
97,9639,8879.46458498164,98,1
20,3281,309.025658457432,87,67
24,9408,1037.81910492757,76,52
88,9813,7903.67895148536,88,0
62,5379,2438.25050745288,70,8
72,4704,2807.57516666291,86,14
96,5665,5118.9010666518,97,1
38,8951,1721.90418669646,81,43
23,1166,123.625546332995,63,40
54,5771,2014.61923652639,73,19
51,5644,1772.98739356207,75,24
89,3087,2520.07892686257,91,2
17,2997,251.060002367573,67,50
35,3054,521.999005326068,87,52
83,2383,1780.18334112354,86,3
95,6724,5960.51916408965,96,1
73,5908,3611.50248504681,85,12
92,2484,2108.41388888933,96,4
60,5924,2523.24584163974,72,12
63,3575,1670.34144951181,73,10
20,9834,926.229297552693,52,32
96,5730,5177.6351477343,96,0
79,6772,4708.37815089508,90,11
56,9926,3709.72532191954,93,37
2,6328,313.747888622147,86,84
1,9089,440.205529866098,70,69
76,1274,833.196601628668,78,2
47,4581,1243.70446287688,88,41
63,7767,3628.96280793238,63,0
14,2142,159.880650347049,62,48
24,4820,531.705791427603,50,26
15,3714,288.027873475121,74,59
94,6328,5520.78280746606,99,5
29,7501,1009.87131539853,80,51
88,6890,5549.40874103069,89,1
22,9067,924.046046347308,72,50
74,9007,5635.18597097801,88,14
93,3381,2908.18133461603,94,1
40,7042,1464.64931145084,78,38
58,9186,3668.76468690712,93,35
49,7131,2083.95089465802,88,39
75,2241,1433.99497795594,91,16
36,2334,415.024071900387,80,44
76,2241,1465.61505828088,93,17
95,1363,1208.23730229836,96,1
93,8073,6944.02481938929,97,4
4,9738,510.133111163467,89,85
20,3804,358.285158418797,71,51
7,5164,298.017397207204,68,61
62,6349,2877.94245618485,93,31
78,3157,2152.17496516085,85,7
49,7005,2047.12887632582,75,26
17,1169,97.9276418977955,73,56
32,6234,945.889687155874,88,56
20,1205,113.494641402379,89,69
79,1753,1218.81082376242,84,5
96,2425,2191.23302500099,96,0
78,1159,790.107945714735,83,5
34,2814,462.295387588303,68,34
94,3142,2741.19778461731,96,2
5,2084,112.580411510893,85,80
38,2974,572.10848522347,72,34
49,4307,1258.67010283159,77,28
5,4904,264.920507701257,74,69
8,8212,490.742963911884,78,70
54,9998,3490.23793567681,77,23
70,2414,1370.70820677449,84,14
39,4312,862.592588067554,70,31
93,7388,6354.81919554665,99,6
10,1712,109.965655620899,78,68
82,5519,4053.68227238032,86,4
57,1359,525.175940037766,78,21
74,2262,1415.20935565141,75,1
42,2028,455.708089399351,62,20
41,5833,1261.14181445166,77,36
77,4133,2760.63559846494,78,1
11,2453,163.49373422273,75,64
49,6954,2032.2247260485,77,28
48,4985,1404.37099350729,85,37
14,7733,577.197511266916,88,74
38,2615,503.047642521645,88,50
85,4381,3378.80716191362,88,3
2,6179,306.360335618876,58,56
20,2311,217.664826789127,88,68
61,6045,2656.90298317777,88,27
51,4876,1531.73042718084,84,33
19,4521,409.440202522159,78,59
29,4291,577.704014714719,91,62
49,4183,1222.43256098086,54,5
78,8835,6022.95401241561,84,6
0,1334,86.2193189957795,65,65
76,2504,1637.61718247895,95,19
73,3457,2113.23021171409,93,20
72,1296,773.515607141823,73,1
82,4273,3138.50051637635,89,7
61,7370,3239.26798776182,86,25
30,5858,820.751026842582,64,34
73,1721,1052.03042937806,81,8
86,9848,7710.07371379975,97,11
69,8105,4484.3159275122,76,7
4,7419,388.650395535199,76,72
95,4681,4149.49289219269,96,1
92,5792,4916.23721596096,96,4
12,4412,305.274412321188,23,11
93,9452,8130.1774548331,94,1
93,4099,3525.77204690657,96,3
62,1429,647.752365709269,63,1
37,5952,1100.90140030781,65,28
20,6300,593.374473721982,76,56
94,6074,5299.18375040279,97,3
71,3531,2056.27536296723,90,19
89,1807,1475.14824128302,91,2
38,6052,1164.22345412658,91,53
97,3667,3378.04716600557,97,0
80,2746,1945.81447431692,90,10
39,9947,1989.84426565584,79,40
61,1149,505.009351144956,84,23
71,3056,1779.65944752984,91,20
27,2587,321.58653550824,78,51
62,9185,4163.47479288988,79,17
89,7628,6227.13380437567,94,5
85,7778,5998.7131032559,88,3
91,8395,7034.08088527954,93,2
88,2895,2331.71818654337,93,5
98,2039,1911.85125226834,98,0
95,6578,5831.09682649936,95,0
38,2206,424.368298050765,73,35
54,2205,769.751415099756,73,19
81,9516,6867.51190952235,82,1
52,7311,2379.8278707686,67,15
24,2362,260.557900280498,80,56
76,4499,2942.34812458978,93,17
70,6348,3604.49697456688,77,7
35,6869,1174.07045434995,75,40
63,9485,4431.66116045302,67,4
90,6457,5340.80570565189,93,3
31,7566,1103.16971138882,47,16
58,7638,3050.51433470462,87,29
68,5721,3082.21387634683,81,13
63,8440,3943.40750598034,84,21
64,6528,3142.02919862276,70,6
65,6462,3202.14306334006,72,7
85,2945,2271.30497416928,87,2
46,2207,577.249830427262,81,35
10,3002,192.82529098945,27,17
33,3217,507.918283999856,73,40
8,5452,325.807432933218,51,43
39,3858,771.772310937993,86,47
4,1057,55.371811306201,85,81
46,9771,2555.64480883769,73,27
16,1254,101.063462833766,66,50
87,1014,805.415272626114,97,10
71,3992,2324.73838826541,76,5
10,5927,380.704696766979,62,52
29,3868,520.754865746104,83,54
22,3042,310.019639681098,80,58
29,9692,1304.84905863786,89,60
64,3118,1500.74250020003,82,18
61,7287,3202.78776483316,76,15
76,3672,2401.4897340506,76,0
49,1990,581.554099056157,84,35
24,5911,652.056625130407,74,50
80,2445,1732.52599770752,87,7
90,2335,1931.35842073675,98,8
4,3309,173.344677021967,50,46
95,7925,7025.15085892481,97,2
83,9384,7010.17225056788,92,9
76,9778,6394.81661752364,79,3
79,5972,4152.16100371314,92,13
94,3042,2653.95406136406,94,0
1,1086,52.5979981774213,60,59
4,4362,228.506945049809,70,66
28,5118,662.095933102913,89,61
6,9163,511.26812479709,68,62
63,3488,1629.69258067055,91,28
36,6515,1158.47550489761,39,3
59,5730,2363.92979425204,67,8
55,5490,1983.45610112344,86,31
82,4909,3605.6398396657,84,2
18,9780,851.756545458305,85,67
27,4932,613.090372294796,73,46
50,3085,934.893075127374,81,31
49,3304,965.55514737766,84,35
99,9472,9020.95238095238,99,0
2,9754,483.612026804745,82,80
32,4893,742.418710178648,86,54
1,4609,223.226679189443,65,64
83,5344,3992.15265420234,86,3
84,2225,1689.40799741702,84,0
58,7814,3120.80636441239,90,32
6,8514,475.055856654199,59,53
0,3173,205.077885437488,59,59
11,5151,343.316846710674,61,50
19,7781,704.679101045105,74,55
27,6990,868.917620101505,32,5
49,5685,1661.37439855993,80,31
81,5270,3803.25638537019,81,0
73,1549,946.888515459971,84,11
56,7693,2875.16793285583,88,32
35,6037,1031.8624738551,45,10
73,5794,3541.81540256622,74,1
87,3555,2823.71922503534,90,3
8,6680,399.191792368653,85,77
98,8641,8102.16119217791,99,1
36,2849,506.599649033505,55,19
83,1474,1101.12893194129,83,0
13,1128,81.0504079205176,84,71
87,2397,1903.92545215463,88,1
20,3920,369.210783649233,76,56
86,4849,3796.3187894207,86,0
29,5444,732.934200910494,87,58
90,9085,7514.51445498644,94,4
78,7585,5170.8099812306,95,17
74,7428,4647.29226073328,75,1
24,2882,317.920350807957,76,52
1,1575,76.2816271910115,59,58
59,8029,3312.38958430186,81,22
12,8569,592.90490461928,88,76
48,5609,1580.16387213287,68,20
17,5994,502.120004735146,79,62
77,6333,4230.12466612109,83,6
99,1128,1074.28571428571,99,0
60,2387,1016.70962592743,91,31
72,9062,5408.64076536976,85,13
57,1726,667.000494852969,73,16
6,4681,261.185866220144,83,77
61,3926,1725.55849660148,84,23
25,5444,624.88123261366,85,60
40,8423,1751.88031104095,47,7
69,1501,830.4698590001,73,4
66,6333,3228.95197223168,90,24
48,8895,2505.89367848492,92,44
33,2513,396.76675402289,78,45
46,8795,2300.36803742989,63,17
30,4414,618.435478402724,65,35
68,5605,3019.71836688061,88,20
76,5152,3369.41043295989,87,11
21,4699,460.345481016177,86,65
25,4596,527.544846637101,72,47
60,4981,2121.58803801613,77,17
93,2148,1847.61121169927,95,2
31,6534,952.697712690264,85,54
79,8301,5771.44817344655,86,7
71,4390,2556.51340793717,73,2
86,4668,3654.61251990427,86,0
61,2822,1240.32757957447,84,23
5,3862,208.630301945811,81,76
94,5419,4727.73736309396,94,0
32,1122,170.241935994368,80,48
52,9983,3249.59945751373,52,0
31,2124,309.692369414466,59,28
81,7323,5284.86651044894,81,0
18,4662,406.021371669388,91,73
99,9922,9449.52380952381,99,0
62,2624,1189.43471492031,65,3
36,7377,1311.75346118644,78,42
83,7638,5705.84992005941,92,9
10,1517,97.440361902397,86,76
57,4518,1745.94915164873,78,21
93,2385,2051.46775600687,97,4
12,7142,494.168144333166,86,74
56,5802,2168.42900642526,91,35
11,6337,422.364367619014,62,51
43,2122,495.467219680676,80,37
23,9140,969.071606761214,68,45
84,8664,6578.44084926788,98,14
11,9952,663.306010185329,78,67
22,8262,842.00600363091,86,64
63,6583,3075.76440898917,84,21
64,3817,1837.18220758932,78,14
60,2616,1114.24900771937,74,14
69,5855,3239.44105559333,74,5
33,3633,573.598733531699,68,35
21,7343,719.369412024216,46,25
96,3585,3239.41047201178,97,1
69,3916,2166.63555485969,79,10
51,7261,2280.94639699755,75,24
64,1198,576.616265310979,84,20
30,9598,1344.75390161064,55,25
25,2071,237.716574713977,69,44
67,9747,5110.106066238,79,12
9,1186,73.4503296557543,85,76
73,1099,671.807926720793,85,12
11,6179,411.83358490104,89,78
18,3742,325.897034059814,74,56
80,2281,1616.31566493696,93,13
86,4751,3719.59384791456,90,4
87,8712,6919.89926540306,87,0
50,2145,650.031003613685,78,28
32,7732,1173.18239670985,61,29
68,5510,2968.53669964535,69,1
93,2812,2418.75359743871,94,1
0,1219,78.7866190823502,78,78
44,4672,1133.23853988164,53,9
91,1831,1534.17535449039,91,0
87,2761,2193.04888335375,89,2
86,5341,4181.50931208413,98,12
99,1942,1849.52380952381,99,0
62,5215,2363.91083777036,82,20
60,1016,432.751143670827,82,22
74,1760,1101.13548450331,89,15
33,4005,632.332212439982,61,28
0,2712,175.28245361061,51,51
84,5815,4415.23932808088,87,3
65,5246,2599.57327611915,86,21
15,8191,635.227870660936,78,63
70,4832,2743.68767818324,78,8
58,5308,2119.94371414141,88,30
65,7308,3621.36513569934,75,10
42,4834,1086.23910461364,69,27
11,9170,611.185300783709,45,34
53,6027,2032.11784789081,58,5
99,3803,3621.90476190476,99,0
89,2635,2151.08777851729,91,2
53,3179,1071.86040126844,80,27
21,1875,183.687545627864,64,43
56,1413,528.092069300051,70,14
93,7896,6791.77752680513,95,2
75,9664,6183.9033766025,75,0
41,6845,1479.94440595262,87,46
99,9142,8706.66666666667,99,0
7,8044,464.223846462965,59,52
59,7743,3194.39937118561,84,25
80,6762,4791.55042801565,90,10
67,4248,2227.11917198923,72,5
12,4831,334.265794633649,61,49
36,6680,1187.81525291113,73,37
18,2516,219.122645027924,24,6
33,8587,1355.7644714662,69,36
80,3093,2191.69853206927,85,5
32,7699,1168.17528094531,80,48
44,1571,381.061161419959,61,17
73,2945,1800.24963074862,80,7
89,6220,5077.71005023816,89,0
79,3129,2175.50431691534,93,14
74,1990,1245.03387168272,87,13
3,1544,78.5927257567227,31,28
57,4579,1769.52217029649,82,25
75,8014,5128.08378105261,83,8
50,3423,1037.32220296953,65,15
76,9850,6441.90465152463,79,3
38,1013,194.870845841081,78,40
14,5901,440.455517132558,45,31
31,2354,343.227795481004,78,47
55,5844,2111.35108469315,92,37
1,1846,89.4069103457824,73,72
69,6768,3744.58361473196,89,20
23,5523,585.577952313149,79,56
13,9413,676.354157584958,74,61
4,8896,466.024251069029,42,38
67,2924,1532.9793923956,76,9
45,9719,2448.33485597302,84,39
46,2816,736.53625848807,82,36
33,3974,627.437755864292,56,23
5,4251,229.644591810368,88,83
25,1652,189.622299095842,70,45
56,1749,653.668102764182,82,26
69,9197,5088.49519868349,75,6
3,3146,160.137768931768,80,77
25,4274,490.584567999776,63,38
76,2955,1932.57139545739,84,8
73,5057,3091.29452723117,83,10
36,6252,1111.7097247306,78,42
85,2871,2214.23313441086,90,5
3,3714,189.050118821547,89,86
79,1648,1145.80732319479,83,4
29,4145,558.047807269287,69,40
26,7695,919.155467558782,73,47
79,3240,2252.67944608684,84,5
31,7569,1103.60712998969,75,44
36,6067,1078.81364362453,88,52
12,5843,404.287939980214,58,46
38,6349,1221.35735463477,87,49
59,6424,2650.24170999566,85,26
94,4705,4104.81717906571,94,0
13,5567,400.006756111278,89,76
83,8812,6582.86848593395,84,1
5,4124,222.783885350731,70,65
77,5685,3797.29334073873,85,8
20,2260,212.861319144711,70,50
15,4674,362.477727685168,76,61
75,5977,3824.62649854648,87,12
89,9442,7707.99651034545,96,7
42,7515,1688.68160346949,85,43
50,4250,1287.94021695019,65,15
93,7221,6211.1734449164,96,3
17,5989,501.701152545678,77,60
99,1774,1689.52380952381,99,0
67,2271,1190.6279754208,67,0
32,4290,650.925049390231,72,40
12,2837,196.297259237355,74,62
93,3023,2600.24613266615,96,3
21,7435,728.382347596357,85,64
98,2258,2117.19476587637,98,0
12,1125,77.8408236313094,79,67
97,1825,1681.19336731938,98,1
27,2004,249.114579496912,46,19
67,4598,2410.61533728966,90,23
44,4186,1015.35456505662,64,20
72,4993,2980.06437226784,83,11
21,5615,550.082969973577,81,60
2,5660,280.627852339025,88,86
24,9166,1011.12350295133,83,59
71,7442,4333.84345828437,78,7
5,7551,407.914917139517,60,55
87,1062,843.541439377646,91,4
75,8856,5666.87172011504,76,1
85,7065,5448.81821477282,89,4
30,7806,1093.68086642765,53,23
18,2879,250.73692171518,91,73
94,4126,3599.67602142936,94,0
17,5701,477.575266432277,88,71
30,5379,753.639428710524,84,54
42,6779,1523.29641915099,75,33
73,2818,1722.61577570445,82,9
32,4790,726.790439762053,66,34
63,4384,2048.32920689784,82,19
72,5534,3302.95939037257,75,3
47,9507,2581.07363644849,65,18
46,4754,1243.42804433675,78,32
37,9134,1689.45453467936,62,25
29,5641,759.456617806043,80,51
1,6843,331.425507852757,85,84
38,1370,263.546948472143,71,33
85,7388,5697.92908290751,85,0
0,1778,114.916003878932,45,45
2,2786,138.132366893379,83,81
32,8091,1227.65374699682,90,58
49,5547,1621.04552133895,81,32
92,1189,1009.22065776547,97,5
98,7602,7127.9515545581,98,0
37,2818,521.22650303552,91,54
48,9810,2763.66688993109,88,40
14,1225,91.435012453378,45,31
23,3401,360.592181027887,58,35
94,3761,3281.23643155497,94,0
23,3038,322.1049826412,87,64
34,5345,878.09838189747,86,52
91,2698,2260.62539946208,97,6
13,5185,372.558834280039,86,73
4,5087,266.486664252265,86,82
87,3081,2447.22332836396,94,7
35,1700,290.569190914969,67,32
31,6437,938.554511262202,82,51
71,5232,3046.85151488092,85,14
23,8673,919.55777302407,85,62
28,4379,566.494351515759,78,50
43,1148,268.047298865889,87,44
39,1407,281.462841236329,66,27
4,8202,429.668492273851,68,64
69,7589,4198.82462355214,85,16
2,2647,131.240622816502,83,81
30,4042,566.315406366971,59,29
92,4312,3660.01638039082,95,3
13,2040,146.580524962638,79,66
96,2432,2197.55823373295,97,1
3,1868,95.0849816797656,71,68
77,2994,1999.84103116478,93,16
61,4966,2182.66008510518,90,29
18,3552,309.34961651001,69,51
3,5670,288.61447865325,86,83
56,4260,1592.12470999166,77,21
32,6898,1046.63892556965,71,39
97,6348,5847.78931273612,98,1
71,1381,804.224377303241,77,6
85,4856,3745.1466738764,95,10
65,6029,2987.57668351551,89,24
41,5552,1200.3873399341,78,37
61,6295,2766.78317272193,72,11
19,1602,145.08365504103,83,64
81,2868,2069.77975583334,94,13
26,3349,400.032704464504,58,32
5,5666,306.084746459079,79,74
53,2084,702.660294508785,76,23
71,2378,1384.82662507394,76,5
48,8783,2474.34111052648,49,1
65,1798,890.9707873546,68,3
13,5817,417.970055739052,75,62
20,3772,355.271192837986,65,45
37,5060,935.914160879961,42,5
67,4998,2620.32524049015,76,9
12,5680,393.009669534078,67,55
6,3037,169.455559861264,81,75
71,7853,4573.18901879968,86,15
70,3695,2098.0807058955,71,1
58,4901,1957.39339544217,76,18
83,8767,6549.25193102394,93,10
10,6721,431.7051234977,88,78
36,2102,373.770608026826,86,50
34,1394,229.012000816665,78,44
58,5277,2107.56273163606,73,15
31,1650,240.580230477339,82,51
3,4462,227.124833113016,77,74
98,4919,4612.2591024561,99,1
67,9093,4767.2303745052,87,20
34,7943,1304.90840924445,88,54
58,4202,1678.22220927321,84,26
88,1134,913.356968407663,88,0
24,6247,689.121593163535,79,55
6,5921,330.374175152633,70,64
54,1667,581.939051687661,87,33
80,3565,2526.15753857968,89,9
62,8220,3726.04929750188,78,16
19,3870,350.482986896871,54,35
12,3283,227.156821316968,15,3
32,4611,699.63063000894,65,33
88,2511,2022.4332871884,91,3
7,8259,476.631619584488,80,73
48,1016,286.226866480121,89,41
60,3310,1409.84870625043,81,21
0,9387,606.702209455309,67,67
96,3305,2986.40212273331,98,2
79,9101,6327.66532062849,81,2
64,6350,3056.35499559659,64,0
72,2696,1609.10345436293,79,7
21,6176,605.042283625433,87,66
2,3668,181.862714201333,43,41
95,7211,6392.22244084629,99,4
9,8339,516.443759695898,77,68
63,4296,2007.21310967909,66,3
83,2340,1748.06085532064,83,0
66,2645,1348.58328857616,67,1
1,3870,187.434855383628,68,67
75,6989,4472.19585048374,96,21
40,8476,1762.90365859944,66,26
76,1016,664.464479791779,78,2
19,8472,767.258879842453,88,69
38,4277,822.766641325077,85,47
45,5345,1346.47081028663,91,46
15,6764,524.561264454959,34,19
82,4081,2997.47732443995,91,9
64,4606,2216.94033223904,80,16
54,4963,1732.55159779596,85,31
50,2169,657.304077779992,72,22
46,7002,1831.40159159569,57,11
95,1845,1635.50830721972,96,1
5,7464,403.215063108112,76,71
89,3212,2622.1229391262,95,6
50,2107,638.515302850366,80,30
74,6317,3952.20048614057,83,9
9,2466,152.722186282538,56,47
43,6515,1521.19177013177,77,34
50,2118,641.84879517659,79,29
18,8214,715.370988179399,25,7
48,4738,1334.78631238466,80,32
39,2473,494.710452293845,73,34
85,2305,1777.71068436679,85,0
45,4821,1214.46880755694,68,23
21,2181,213.665353074331,53,32
6,2311,128.946920921759,51,45
81,6759,4877.83869235619,81,0
81,4292,3097.45282846468,95,14
45,9386,2364.44808706274,70,25
42,6002,1348.69820146692,56,14
78,2021,1377.74646961991,83,5
10,8864,569.354889850262,74,64
31,6376,929.660333044555,65,34
90,6137,5076.12275291709,91,1
99,3484,3318.09523809524,99,0
1,9405,455.510288083469,79,78
78,9836,6705.35095258856,83,5
98,3034,2844.80465884363,98,0
56,6398,2391.17697054616,56,0
80,7018,4972.95192307215,82,2
9,4467,276.646393399877,77,68
45,8331,2098.68069607071,50,5
90,1667,1378.83275690285,90,0
74,3067,1918.85371077935,77,3
34,4639,762.113824812416,83,49
42,3138,705.13411466231,75,33
37,2869,530.65962995348,82,45
90,4436,3669.16743228617,97,7
98,2884,2704.15841664635,98,0
16,8209,661.586895057723,64,48
7,3476,200.601950560078,75,68
41,5130,1109.14752411058,55,14
2,1612,79.9243989347189,57,55
25,3967,455.346041472885,84,59
25,7881,904.608558822236,66,41
8,1453,86.8301907652176,83,75
67,9677,5073.40683317792,70,3
62,6053,2743.76841822128,83,21
40,1118,232.530237177227,55,15
28,6393,827.03776872351,77,49
18,3457,301.075907735109,77,59
62,2018,914.740569630025,71,9
87,1153,915.822297177425,88,1
71,6784,3950.65762174163,83,12
37,1342,248.220712233381,82,45
