"Age","Benefit","NetSinglePremium","Die","SurviveYears"
93,3715,3195.47283587653,97,4
96,5185,4685.17246788872,99,3
54,3408,1189.71103068479,61,7
91,4899,4104.81980428642,91,0
45,2688,677.140044537038,82,37
7,9552,551.251390031606,88,81
0,4707,304.223639065318,25,25
82,7699,5654.88309749158,89,7
33,9048,1428.54977731759,64,31
35,5375,918.711412451741,58,23
4,8383,439.150325619567,61,57
16,4848,390.71424865877,86,70
70,2505,1422.37947720385,80,10
6,7141,398.446543618468,36,30
27,2147,266.890719650634,73,46
49,1274,372.311518692233,87,38
0,5350,345.782126407362,76,76
51,1516,476.231199262952,86,35
49,9474,2768.66509269248,86,37
25,6658,764.228370084817,88,63
54,2196,766.609572589145,72,18
74,4265,2668.37661443557,77,3
38,4452,856.431397516774,83,45
57,4552,1759.08821122289,72,15
68,9056,4878.9597735006,84,16
10,2399,154.093228875313,72,62
62,5494,2490.3789343644,89,27
15,4635,359.453202357885,71,56
95,3785,3355.22977930983,97,2
76,1121,733.134529376559,87,11
82,1928,1416.10788569474,96,14
84,7609,5777.39570891958,93,9
79,9562,6648.18545169208,81,2
0,9462,611.549622442328,62,62
43,8560,1998.68020757144,81,38
29,2425,326.481527775156,88,59
10,3522,226.226074238789,82,72
65,2768,1371.63912091075,93,28
61,5275,2318.47199938176,92,31
67,2255,1182.23957929278,73,6
8,4084,244.056778448141,56,48
0,7705,497.990894199761,71,71
97,9943,9159.50994589402,97,0
88,5456,4394.42294500195,93,5
41,1498,323.879725364065,54,13
36,1571,279.349964419669,56,20
22,2462,250.910043686674,80,58
10,5057,324.822617099817,63,53
71,4267,2484.88444457127,84,13
56,9549,3568.82602246722,78,22
91,2910,2438.25793641018,91,0
91,9697,8125.01278672492,91,0
97,4112,3787.98198707796,97,0
45,5716,1439.930243517,49,4
44,6879,1668.56761897384,83,39
0,8991,581.107868883848,81,81
43,6514,1520.95827945331,59,16
7,6412,370.0401918847,84,77
94,7539,6577.30429606299,95,1
2,9473,469.679795973072,46,44
83,4049,3024.74290734754,87,4
82,5367,3942.03891209733,85,3
93,3698,3180.85021455489,95,2
10,4540,291.614530676917,78,68
60,8198,3491.82468091874,86,26
48,5991,1687.78066641969,65,17
19,9216,834.638554842782,70,51
13,1996,143.41898422815,86,73
9,1772,109.741976517704,61,52
54,6140,2143.43477946145,83,29
27,4392,545.963689196826,77,50
76,6904,4515.21926031736,85,9
64,2781,1338.53909334711,80,16
55,2854,1031.10814437273,67,12
58,7112,2840.43701864614,62,4
88,7315,5891.71624682721,96,8
36,6626,1178.21315356125,71,35
16,4868,392.326106120233,72,56
85,3818,2944.59843510299,86,1
21,4268,418.121837194519,52,31
60,8858,3772.94254983877,77,17
29,2267,305.209741635578,78,49
47,7699,2090.21625402513,48,1
50,6510,1972.82136761076,67,17
78,2812,1916.98321255378,93,15
79,1025,712.653219826854,80,1
8,3688,220.392115307724,33,25
88,3630,2923.70881421501,95,7
87,9757,7749.93768738954,90,3
22,2625,267.521878423038,74,52
59,1121,462.472129032554,75,16
53,8361,2819.07040421687,70,17
43,1161,271.082677685799,80,37
29,8802,1185.02697215543,76,47
56,1609,601.344755487461,57,1
99,3844,3660.95238095238,99,0
41,9100,1967.49365875366,77,36
47,5471,1485.33226727776,92,45
42,9767,2194.72431418317,79,37
29,4250,572.184120843056,76,47
61,5287,2323.74624847988,86,25
80,2160,1530.57511453916,80,0
77,6191,4135.27582629964,81,4
1,3467,167.916445378563,70,69
51,4399,1381.8872332175,70,19
54,8084,2822.07276175348,80,26
13,5360,385.133144019481,79,66
97,9207,8481.50538789563,97,0
23,8194,868.771635208029,76,53
63,7395,3455.15385150765,73,10
82,4880,3584.33946171697,87,5
60,8161,3476.06504281262,73,13
98,7510,7041.68852601043,98,0
23,1451,153.84276820684,77,54
34,6117,1004.92568794515,74,40
12,2485,171.941730421159,57,45
30,7804,1093.4006509866,87,57
70,2563,1455.31281440059,75,5
6,9812,547.480392939982,61,55
94,8696,7586.71417410317,94,0
48,1994,561.748397402915,59,11
90,3179,2629.45970857478,91,1
40,5796,1205.4966499814,68,28
88,9714,7823.94143837041,93,5
81,1987,1433.97921019556,88,7
34,4915,807.456229565213,62,28
42,4612,1036.35389956105,78,36
64,4559,2194.31849211415,94,30
46,4719,1234.27365191946,68,22
5,9644,520.981520446763,77,72
59,7478,3085.07277511636,88,29
4,5198,272.30149022671,82,78
51,6646,2087.75234188758,78,27
38,4172,802.567787610059,44,6
89,9128,7451.66195153921,97,8
97,7633,7031.53368369798,97,0
1,4110,199.058722384163,88,87
23,5148,545.818449847563,74,51
67,7445,3903.22557331917,87,20
57,4986,1926.80444225776,88,31
18,8138,708.752021159477,89,71
11,4584,305.525999868323,90,79
56,9631,3599.47255444359,75,19
96,3008,2718.03255224865,96,0
57,3529,1363.75709521212,86,29
9,5122,317.211288783114,90,81
44,3075,745.870828368157,68,24
17,6366,533.282607631622,52,35
54,3960,1382.41070466895,81,27
78,5142,3505.37968668263,79,1
62,2328,1055.26067695674,88,26
84,4298,3263.40475186442,87,3
68,6960,3749.73056797307,82,14
54,1875,654.55052304401,87,33
22,7556,770.055357472181,44,22
76,5589,3655.20863932702,91,15
77,5842,3902.16142420328,92,15
42,2295,515.705160340982,83,41
68,6294,3390.92014293427,93,25
15,7169,555.969796699822,54,39
57,2508,969.198865058659,84,27
76,6575,4300.05310495172,90,14
97,5905,5439.69689535394,97,0
61,9268,4073.47838678108,75,14
34,9023,1482.33521045105,79,45
96,2124,1919.24904952664,96,0
4,4634,242.755887978179,89,85
96,6028,5446.90831946638,97,1
28,7050,912.031326372711,84,56
59,2486,1025.60723708736,88,29
0,9526,615.686081524584,36,36
7,3048,175.901825462347,76,69
41,2129,460.30703291061,70,29
97,1717,1581.70356804788,99,2
88,4137,3332.06153289462,91,3
70,9740,5530.52938441737,72,2
35,3216,549.68853998973,41,6
7,3436,198.293527653748,67,60
39,9601,1920.62881216062,81,42
99,3267,3111.42857142857,99,0
98,5291,4961.06178310535,98,0
32,9696,1471.18165009037,71,39
75,6512,4166.96800377023,81,6
1,4595,222.548620281078,89,88
94,4692,4093.47549504279,94,0
87,4042,3210.54095853526,88,1
63,1293,604.126292089168,89,26
84,2323,1763.81787775269,86,2
75,9192,5881.87498320884,94,19
8,1049,62.6874536219637,52,44
53,9627,3245.92641805954,74,21
76,3337,2182.39957585154,87,11
53,2005,676.023939774527,91,38
1,8401,406.883777797897,89,88
70,6080,3452.32224407162,86,16
40,2661,553.455242512166,88,48
10,2862,183.832772422321,75,65
3,4703,239.392221006391,90,87
20,6641,625.492044442489,81,61
86,3357,2628.22070036817,92,6
87,6571,5219.3133692566,88,1
49,7262,2122.23410419388,79,30
46,5140,1344.38791499598,81,35
20,9072,854.459242159654,76,56
24,3558,392.491536493654,69,45
89,3479,2840.08894932131,89,0
71,6571,3826.61722176654,86,15
54,1827,637.794029654083,92,38
54,7060,2464.60090276838,78,24
65,5519,2734.85415762516,68,3
70,8593,4879.24425054399,84,14
76,4679,3060.06820959226,82,6
12,9965,689.496717765332,70,58
13,9344,671.396286887692,81,68
37,1235,228.429642032955,83,46
31,9559,1393.76146856539,83,52
62,1478,669.963608480266,83,21
12,1737,120.186231686742,85,73
57,5552,2145.53113987467,81,24
33,8974,1416.86623581433,35,2
48,9181,2586.46541452164,51,3
4,8908,466.652880904104,90,86
99,6086,5796.19047619048,99,0
14,4702,350.961166167986,60,46
74,2056,1286.32645235159,78,4
43,6162,1438.76956063729,79,36
74,3999,2501.95500143678,79,5
57,9166,3542.1358840222,58,1
35,9765,1669.06361722628,75,40
83,2468,1843.68127817578,85,2
37,7773,1437.71952026086,81,44
75,5361,3430.45384954118,76,1
57,1343,518.992853179338,66,9
78,9321,6354.26761174034,94,16
20,4600,433.257552241447,78,58
77,4768,3184.7835793566,88,11
29,2125,286.092060421528,82,53
33,9522,1503.38759721686,86,53
26,5759,687.90335772203,66,40
51,6288,1975.29141224633,90,39
85,8453,6519.30083078197,86,1
97,6696,6168.36755483318,97,0
63,6816,3184.62862094336,83,20
26,1406,167.944455800864,86,60
52,5153,1677.37012967728,69,17
61,2946,1294.82815358837,91,30
80,3509,2486.47596153607,90,10
68,2007,1081.28006464396,68,0
6,2192,122.307075145173,72,66
94,6470,5644.66889448569,98,4
72,9047,5399.68803843524,79,7
97,7049,6493.55180615578,98,1
4,3761,197.023067476463,88,84
57,5341,2063.99168192915,80,23
36,1869,332.339327498639,86,50
6,9149,510.486966470433,67,61
16,5205,419.485904345894,53,37
64,6634,3193.0486678406,65,1
66,7173,3657.23551189292,87,21
79,5856,4071.50951737176,80,1
25,8821,1012.50502440946,72,47
37,8007,1481.00092611973,74,37
92,5009,4251.62849011541,92,0
33,6087,961.050231491179,58,25
61,4180,1837.19676917834,81,20
84,9521,7229.14765995839,89,5
55,5496,1985.62381270937,91,36
20,6659,627.187400081695,80,60
39,5105,1021.22800604937,65,26
99,4821,4591.42857142857,99,0
10,7418,476.475019506909,13,3
88,9363,7541.23571005375,89,1
88,3378,2720.7405990133,97,9
11,8963,597.388642412691,32,21
55,1143,412.949057119143,73,18
55,5327,1924.56660303909,85,30
65,3104,1538.13866737969,86,21
21,6642,650.694761632145,38,17
42,3756,844.003739538443,71,29
55,6920,2500.09402910278,83,28
17,9852,825.30635412924,79,62
32,1191,180.711359865679,75,43
77,9757,6517.18401505502,95,18
16,1264,101.869391564498,65,49
95,1789,1585.86686266454,96,1
62,4496,2037.99484690614,80,18
1,5746,278.294749104478,77,76
99,3765,3585.71428571429,99,0
68,6721,3620.96826829699,84,16
58,1729,690.539314572438,86,28
98,9061,8495.97067033029,99,1
77,4443,2967.69996708921,79,2
5,9101,491.647948733512,90,85
77,8190,5470.50702913812,84,7
39,2214,442.898884504074,81,42
32,8260,1253.2962489425,77,45
14,7733,577.197511266916,62,48
55,2854,1031.10814437273,69,14
91,5971,5003.03716092962,93,2
87,5351,4250.27329765516,92,5
29,5276,710.316099192462,60,31
46,7628,1995.13443883061,90,44
67,1224,641.712303793507,68,1
88,9818,7907.70609861238,91,3
94,1238,1080.07729387531,94,0
69,6374,3526.59219271595,92,23
54,9411,3285.3199852625,93,39
43,2840,663.113526811084,80,37
83,6090,4549.44043115499,88,5
1,7213,349.345636145248,52,51
44,2538,615.616312975084,76,32
8,7749,463.074430997709,74,66
25,5401,619.945543230415,68,43
60,9392,4000.39246196497,69,9
34,4105,674.386128660264,77,43
70,4107,2332.02096322404,72,2
29,3978,535.564337109101,76,47
1,4762,230.636894402284,50,49
66,2844,1450.04569856733,84,18
80,6631,4698.72388171721,89,9
79,5830,4053.43246008835,80,1
4,1528,80.0455323328998,78,74
49,6965,2035.43934669655,76,27
2,5534,274.380659866461,83,81
3,3425,174.339433754388,88,85
20,4401,414.514453785784,87,67
8,4130,246.805703964452,80,72
34,3432,563.822946056523,65,31
97,2672,2461.45133012459,98,1
54,5765,2012.52467485265,77,23
80,4370,3096.58020858155,80,0
92,3452,2930.05021918115,95,3
95,9527,8445.25075494974,98,3
20,4538,427.417993928627,77,57
68,2051,1104.98525788977,74,6
31,7201,1049.95044828322,83,52
77,1429,954.499944400289,79,2
70,8901,5054.13162738183,73,3
72,1748,1043.29111210178,89,17
46,2948,771.061395604698,83,37
73,7802,4769.28611854015,88,15
80,1874,1327.91563178074,92,12
3,4194,213.483090559388,54,51
61,5213,2291.22171237481,70,9
75,4529,2898.06481711845,77,2
9,5934,367.49937283073,79,70
81,1105,797.456984029234,87,6
24,5463,602.636667752904,79,55
42,5961,1339.48516810135,84,42
35,7389,1262.95044215924,74,39
40,4287,891.643226099081,87,47
89,6330,5167.50878103015,90,1
16,7094,571.725841581129,17,1
74,4248,2657.74064668753,89,15
32,1158,175.704244101139,87,55
24,5260,580.243249566223,29,5
63,8960,4186.36626227296,65,2
22,4132,421.104914911997,74,52
0,2185,141.221298355156,85,85
12,8860,613.039730998579,78,66
32,4598,697.658129859273,51,19
3,3063,155.9129009021,78,75
94,2167,1890.57148289806,94,0
88,4334,3490.73112969913,92,4
45,4131,1040.64937648159,75,30
16,5988,482.590123962193,66,50
69,6096,3372.78098631886,95,26
3,1343,68.3614188415017,68,65
26,6229,744.04410752744,73,47
76,7634,4992.63960504965,80,4
26,5964,712.390280509496,72,46
32,3717,563.983312024123,82,50
44,6735,1633.6390338405,87,43
67,5661,2967.91940504497,92,25
46,9576,2504.64176536994,87,41
50,4140,1254.60529368795,66,16
61,4621,2031.02542353424,82,21
48,4663,1313.65736062678,62,14
81,9159,6609.87196083598,85,4
47,5343,1450.58130215045,67,20
18,3215,279.999723276938,54,36
26,6334,756.586189930776,89,63
2,8123,402.745590909877,86,84
22,4577,466.456242873236,28,6
18,3173,276.341873081718,68,50
37,7334,1356.52064345724,79,42
42,8529,1916.53564816916,63,21
61,5072,2229.2492854719,61,0
55,6766,2444.45609839731,91,36
43,7372,1721.29328156736,79,36
94,3075,2682.74449003763,99,5
85,6023,4645.18501168814,87,2
23,2266,240.253420232047,86,63
3,7264,369.752305632664,67,64
18,8479,738.450281077809,76,58
89,3457,2822.12920316291,96,7
81,3011,2172.9800714136,86,5
44,5650,1370.46184724556,87,43
47,1511,410.22428365138,68,21
8,1463,87.4277832687635,33,25
16,5952,479.688780531559,62,46
86,4678,3662.44159556816,92,6
67,9449,4953.87218835364,76,9
58,9487,3788.98003316872,59,1
80,3651,2587.09710332522,83,3
65,9972,4941.46868270304,87,22
50,8218,2490.42181244628,75,25
40,3761,782.241701273302,80,40
39,3416,683.352569767803,77,38
62,1313,595.170648128951,72,10
27,2321,288.520428648869,70,43
48,5537,1559.88007844531,74,26
61,1452,638.184140872477,80,19
14,3059,228.326288240721,89,75
77,6784,4531.3699249906,85,8
89,6196,5058.11759988354,95,6
99,5803,5526.66666666667,99,0
96,5829,5267.09167122919,98,2
27,1688,209.833039017359,58,31
17,3040,254.662131197005,53,36
78,8707,5935.69446362226,91,13
10,1593,102.322014838839,78,68
97,1400,1289.68258314911,97,0
31,4766,694.912350578787,49,18
92,6246,5301.59144525072,99,7
28,8015,1036.86965686203,60,32
82,5052,3710.67273782666,82,0
7,2091,120.672807428401,56,49
56,3000,1121.21458450117,69,13
3,1801,91.6745460413586,72,69
23,2439,258.595804036171,78,55
33,9980,1575.69924598028,71,38
26,6032,720.512771970705,82,56
89,6205,5065.46476876652,90,1
0,3729,241.013373714589,40,40
57,7059,2727.9006333529,72,15
48,1084,305.383782740602,91,43
9,7462,462.130151678953,79,70
63,3794,1772.66446418121,86,23
30,4898,686.247615137413,71,41
67,3674,1926.18546089652,79,12
60,3666,1561.48198100123,87,27
70,9493,5390.27879325196,76,6
74,4310,2696.53064670981,78,4
15,8627,669.040512781332,80,65
78,3885,2648.46364892299,85,7
0,2257,145.874814822694,63,63
69,4382,2424.46297277711,87,18
81,1246,899.213938552422,83,2
33,9187,1450.4958890602,80,47
22,1230,125.353108746795,73,51
50,1773,537.298354035927,65,15
98,6138,5755.24423071265,99,1
69,4879,2699.44200004096,79,10
70,7070,4014.46024105039,70,0
21,9436,924.413696290413,80,59
94,6421,5601.91947009159,97,3
15,1580,122.532051720703,64,49
40,5013,1042.64228888143,74,34
34,8535,1402.1645817577,91,57
9,4624,286.369582064256,81,72
42,4340,975.233287965081,83,41
76,7160,4682.64338120978,86,10
73,3918,2395.03499262245,78,5
4,6432,336.945591600269,79,75
95,1144,1014.10379591293,96,1
83,2899,2165.65317075834,90,7
7,9718,560.831345092875,49,42
4,2391,125.254494638719,46,42
99,9802,9335.2380952381,99,0
8,3285,196.309137414824,29,21
7,6410,369.924770739384,82,75
69,4783,2646.32733883909,79,10
93,6165,5302.8506145838,93,0
76,6163,4030.60491039049,83,7
91,1541,1291.1874501746,94,3
29,1940,261.185222220125,71,42
93,6704,5766.4737258994,93,0
76,8376,5477.90795544876,85,9
30,7736,1083.87332599082,83,53
97,6613,6091.90780168934,98,1
78,5329,3632.86043374791,80,2
20,8953,843.251057656016,80,60
11,5764,384.173617635474,72,61
67,6213,3257.31907146165,83,16
17,4338,363.396159583094,84,67
73,7561,4621.96518101539,81,8
98,5327,4994.8168812327,98,0
30,1350,189.145422710394,48,18
70,7764,4408.52465509409,90,20
11,9158,610.385494501331,85,74
86,9784,7659.96762955085,93,7
97,8585,7908.51784023938,97,0
97,4087,3764.9519409503,98,1
39,6277,1255.68035141467,69,30
15,6703,519.830596635362,78,63
91,3784,3170.57320665846,92,1
93,2753,2368.00449991066,94,1
38,8844,1701.32059291068,72,34
59,1926,794.57744916744,76,17
30,8685,1216.8355527702,72,42
29,8285,1115.42245674935,58,29
66,3256,1660.10857754403,88,22
6,6319,352.581390439028,72,66
36,3250,577.904127539099,81,45
70,1564,888.064471994739,77,7
71,6305,3671.7123091216,86,15
55,6942,2508.04230491784,64,9
99,2846,2710.47619047619,99,0
17,1651,138.304992962584,78,61
19,1832,165.913393280379,68,49
57,2857,1104.06744715813,89,32
0,4475,289.228974892139,71,71
90,8883,7347.43334107259,95,5
16,5359,431.897206799164,67,51
11,4889,325.854409545425,70,59
85,8951,6903.37888753453,93,8
96,6549,5917.68456937381,99,3
4,6267,328.301931367986,87,83
93,5508,4737.72930821209,94,1
87,7749,6154.99304495045,89,2
0,6730,434.974525368513,76,76
25,4395,504.47336835728,66,41
2,1438,71.2973236154627,87,85
63,7437,3474.77744336206,86,23
46,4968,1299.40061511674,89,43
92,7906,6710.59589595776,97,5
31,5465,796.830884581006,57,26
84,4891,3713.66045634455,95,11
12,5599,387.405130232623,83,71
57,3809,1471.96111523462,74,17
32,7263,1102.02066054108,70,38
13,6469,464.818341168288,70,57
47,8682,2357.09280652633,86,39
13,6187,444.555739188158,76,63
90,3637,3008.28718467646,90,0
84,5841,4434.98072490463,94,10
56,5910,2208.7927314673,92,36
85,9713,7491.06458883062,90,5
50,6071,1839.78471931873,77,27
46,1669,436.533741270095,84,38
8,3526,210.71111675028,80,72
89,3564,2909.47887766058,89,0
55,8938,3229.16769250298,86,31
26,7904,944.120183961613,66,40
63,1097,512.549530101947,86,23
80,7899,5597.22816191891,86,6
80,6407,4539.99757354278,81,1
1,2876,139.292672889746,83,82
78,2229,1519.5432364091,85,7
10,5064,325.272243028173,87,77
0,8504,549.632000554804,74,74
93,4671,4017.78024667006,96,3
44,9731,2360.34765230912,62,18
24,9940,1096.50530431336,82,58
70,8662,4918.42356548493,76,6
17,6592,552.21472659561,87,70
6,8300,463.115293661012,82,76
35,5050,863.161420070938,51,16
23,9567,1014.34442690203,60,37
77,5513,3682.40601363107,88,11
46,9298,2431.92973416977,81,35
61,6503,2858.20349042267,89,28
39,1161,232.251854069209,51,12
67,2044,1071.61760535452,86,19
76,1814,1186.35685663611,81,5
67,1440,754.955651521773,88,21
35,4217,720.782516522603,72,37
29,2637,355.023418038386,68,39
82,8577,6299.7704022841,93,11
94,4354,3798.59171044678,94,0
72,1608,959.73232737967,89,17
56,3295,1231.46735197712,66,10
62,4735,2146.33131674835,73,11
4,9372,490.959901193676,83,79
76,2884,1886.13736192863,76,0
61,3821,1679.40881699293,91,30
90,1843,1524.40838090699,90,0
1,5857,283.670787592225,85,84
67,6644,3483.28149216018,90,23
13,6261,449.872875877979,86,73
84,6827,5183.63523522066,88,4
75,1899,1215.15237087833,96,21
2,6573,325.895207318801,87,85
43,1901,443.865779742208,85,42
83,7672,5731.24909488031,88,5
50,6637,2011.30805174081,77,27
23,2959,313.72898078845,89,66
17,2712,227.185427567854,67,50
89,1752,1430.24887588702,89,0
24,7090,782.114950460935,80,56
60,4250,1810.22870137895,75,15
67,7406,3882.77885775712,73,6
97,8274,7622.02406641126,97,0
45,8868,2233.95755764674,85,40
5,3524,190.371098927249,78,73
12,7783,538.520115842205,70,58
66,8653,4411.83031986748,89,23
65,2203,1091.66220497341,90,25
35,4038,690.187289949791,80,45
9,6818,422.246498813602,76,67
97,7310,6733.98548772858,99,2
98,4769,4471.61286025882,99,1
95,3173,2812.7197066711,97,2
19,9457,856.464497954447,76,57
56,4084,1526.34678770093,82,26
52,3099,1008.76577369879,78,26
43,5314,1240.76946530778,59,16
40,2285,475.251871153814,52,12
96,4425,3998.43551984717,96,0
66,3846,1960.92677802038,80,14
11,1794,119.571039215482,74,63
89,6384,5211.59179432804,95,6
52,6196,2016.8805207608,75,23
31,3727,543.419708478208,80,49
6,2807,156.622244494754,46,40
51,4368,1372.14899629325,92,41
74,2899,1813.74532362221,74,0
54,5173,1805.86125637689,81,27
90,2991,2473.95847384309,93,3
63,6617,3091.65017382368,94,31
35,4744,810.858965706243,64,29
74,4953,3098.8204856505,83,9
10,2887,185.438579309308,79,69
26,3998,477.554718557506,73,47
26,5015,599.033745264105,87,61
97,5409,4982.78078018111,98,1
95,4811,4264.73195991007,95,0
85,7382,5693.30163644061,88,3
2,8460,419.454351729356,77,75
82,2893,2124.89632433344,86,4
94,3087,2693.21373682802,95,1
56,8301,3102.40075531474,60,4
43,6258,1461.18466576893,71,28
32,1622,246.10732636619,66,34
88,3369,2713.49173418467,95,7
21,7772,761.397122463871,82,61
92,3075,2610.05342525552,96,4
9,6524,404.038744244638,66,57
6,6879,383.827723505313,78,72
0,4567,295.175134822882,88,88
75,3928,2513.4905280727,87,12
4,3561,186.545903558545,61,57
30,6116,856.898818738346,86,56
69,3888,2151.14377867581,81,12
77,5065,3383.16460349018,96,19
63,3961,1850.69160322134,70,7
85,3091,2383.90617153047,97,12
98,4270,4003.72969454921,98,0
78,4598,3134.52660431092,78,0
92,8962,7606.92643809429,97,5
79,2298,1597.73375528011,96,17
62,6488,2940.94985914747,65,3
40,7331,1524.75775379808,54,14
53,1208,407.300209101062,80,27
72,1113,664.292338540779,88,16
85,4404,3396.54570670339,90,5
37,1265,233.97854021999,66,29
14,6422,479.343387735178,44,30
17,8897,745.305585940707,55,38
33,1134,179.042379252669,85,52
54,9484,3310.80381895968,86,32
78,3102,2114.68062778871,92,14
83,8090,6043.50953826664,84,1
61,8746,3844.04855101287,75,14
70,2349,1333.8001564678,87,17
69,3899,2157.22983360519,76,7
2,3149,156.130230921483,74,72
61,5691,2501.31263478324,85,24
96,9138,8257.10819895219,96,0
4,5536,290.007897247993,75,71
81,5672,4093.37195784056,88,7
5,3154,170.383213966102,65,60
0,4809,310.816120727664,73,73
5,9132,493.322609365392,77,72
92,4805,4078.47372629358,96,4
9,1955,121.075374769814,84,75
47,7616,2067.68242507539,85,38
42,5132,1153.20212761216,85,43
42,3462,777.939549063389,59,17
24,1201,132.485198237459,80,56
98,3206,3006.07901656317,98,0
21,3734,365.807624199703,61,40
17,5310,444.82102521582,85,68
99,4574,4356.19047619048,99,0
56,1260,470.910125490491,88,32
40,9648,2006.66523102494,77,37
97,4845,4463.22293954104,97,0
1,5936,287.496977146568,85,84
64,9771,4702.93616724005,67,3
94,8822,7696.64126540227,95,1
92,2562,2174.62012211533,95,3
34,8452,1388.52900351682,60,26
79,6722,4673.61457919621,80,1
12,8102,560.592313831883,77,65
15,2707,209.93307848604,73,58
42,9980,2242.58714605795,45,3
10,8832,567.299457034918,40,30
4,2318,121.430329808679,84,80
41,1103,238.477528088494,83,42
97,8045,7411.06884388186,97,0
29,3449,464.344243008871,80,51
2,3049,151.172141657542,76,74
89,8753,7145.52991474833,89,0
34,3739,614.258157140251,48,14
16,1950,157.156102492698,77,61
0,4835,312.49655722983,45,45
5,7112,384.19956173967,88,83
55,4206,1519.56582173501,77,22
2,4468,221.527428312856,67,65
98,6891,6461.28836654299,98,0
49,2179,636.787126554455,85,36
74,1362,852.128710166765,94,20
26,4206,502.399986556496,88,62
45,9835,2477.55667337119,63,18
70,9712,5514.63053197756,84,14
77,1541,1029.31029693551,88,11
96,4906,4433.06771985768,97,1
20,3871,364.595648853618,53,33
12,5831,403.45763786148,74,62
54,3135,1094.40847452958,59,5
17,5442,455.878723017796,84,67
96,8724,7883.01728251903,96,0
93,8975,7719.88390363172,94,1
28,1980,256.144968257868,86,58
69,3631,2008.95140441663,74,5
7,9221,532.149190481725,82,75
52,7168,2333.27946623845,86,34
61,3261,1433.27719241401,85,24
20,2027,190.915882259438,82,62
48,3193,899.52990617227,85,37
97,1946,1792.65879057727,98,1
5,4095,221.217267340263,72,67
4,4795,251.190004932104,82,78
20,4054,381.831764518875,70,50
37,3568,659.948957711403,86,49
42,4465,1003.32180432352,70,28
74,2078,1300.09064590788,86,12
4,6696,350.775447971922,64,60
24,3694,407.494023554682,67,43
97,1641,1511.69222781978,98,1
67,1545,810.004501111902,93,26
22,7057,719.200722297668,61,39
90,1670,1381.31415958474,90,0
23,5548,588.228585810855,72,49
32,3827,580.673697905924,37,5
58,4499,1796.84000940509,62,4
32,2288,347.160026341456,49,17
72,2597,1550.01545659515,86,14
55,2347,847.936515361881,81,26
7,9282,535.669535413878,83,76
19,4629,419.221123086723,40,21
36,1833,325.937927932052,88,52
45,3674,925.525492421531,84,39
40,8352,1737.11318506637,78,38
34,2809,461.473967212347,44,10
35,9603,1641.37408256262,80,45
86,8122,6358.77525421219,88,2
27,3255,404.624728673877,70,43
35,3469,592.932072520017,89,54
31,5386,785.312194758151,59,28
96,4691,4238.79345166171,98,2
36,1680,298.731979774057,41,5
18,9225,803.420667878616,89,71
35,7244,1238.16659940473,82,47
98,4997,4685.39514839868,98,0
62,3032,1374.37730778902,63,1
45,6709,1690.07907693415,86,41
59,3287,1356.06234445139,69,10
98,7281,6826.96859625592,98,0
51,4258,1337.59396204594,91,40
15,4584,355.498053852976,50,35
18,2870,249.953096673347,79,61
2,6868,340.521570647425,63,61
32,1901,288.440214193666,68,36
25,1380,158.401194159965,86,61
48,2933,826.282873411609,72,24
99,5748,5474.28571428571,99,0
97,5291,4874.07896245854,97,0
29,9114,1227.0320182032,76,47
79,6156,4280.09094756499,90,11
27,5508,684.692167599298,76,49
13,2619,188.183526900563,79,66
54,1295,452.07622791573,88,34
31,2035,296.715617588719,56,25
47,1393,378.188237674635,76,29
95,5619,4980.98708849193,95,0
1,3644,176.489047291458,57,56
21,5024,492.184655591674,89,68
80,5631,3990.12429165279,96,16
26,4251,507.775164729354,76,50
0,1343,86.8010085542218,86,86
77,1571,1049.34878422173,80,3
64,2800,1347.68409254653,75,11
95,3353,2972.28149274131,98,3
42,2655,596.600087453293,90,48
75,7699,4926.51822190218,77,2
84,8250,6264.09706907433,92,8
0,3437,222.140779151795,54,54
33,2332,368.189443048699,63,30
65,8218,4072.30140738604,68,3
55,7481,2702.77506238697,91,36
51,7231,2271.52229674829,78,27
96,4560,4120.42168824929,98,2
61,2811,1235.49285123453,65,4
62,6124,2775.95205570578,78,16
58,3310,1321.96942234515,83,25
82,6252,4592.0676874292,85,3
42,6164,1385.10091866746,69,27
1,1219,59.0395578068845,76,75
9,2248,139.221198200789,61,52
97,5868,5405.61242708499,97,0
9,8710,539.420211890067,86,77
39,4825,965.215500330693,75,36
95,5331,4725.68823077958,95,0
90,4107,3397.0402715057,93,3
96,7697,6955.01880141552,99,3
66,1136,579.202501256149,70,4
49,3921,1145.86614190914,89,40
8,1890,112.944983170173,76,68
65,5210,2581.73403899748,81,16
6,4946,275.972077403297,41,35
28,1876,242.690889117051,91,63
91,6270,5253.56606917245,92,1
70,5200,2952.64402453494,76,6
15,4354,337.661109615152,84,69
2,2856,141.603029378137,85,83
64,2859,1376.08172163947,86,22
4,1913,100.214072874894,75,71
20,9436,888.743100641368,88,68
47,1343,364.613641921776,88,41
75,5133,3284.55877815611,82,7
58,3907,1560.4031822062,90,32
29,5770,776.824088768102,85,56
8,8499,507.893868763651,74,66
32,2469,374.623297656056,87,55
32,1209,183.442513919065,71,39
3,7828,398.461047424628,35,32
23,7695,815.864990593823,81,58
53,7892,2660.93812104766,65,12
27,5453,677.855190617097,82,55
47,5672,1539.90214220425,72,25
41,5129,1108.93131601621,86,45
46,3307,864.959306399164,77,31
27,6022,748.586825214773,75,48
93,5825,5010.39818815095,97,4
29,8755,1178.6992889367,31,2
50,1621,491.23555098265,85,35
83,4925,3679.14517626245,95,12
39,4358,871.794642578479,84,45
82,7033,5165.70890046218,92,10
30,3992,559.31002034066,89,59
24,3944,435.072124769807,42,18
37,4068,752.430594161992,87,50
59,8942,3689.05064924987,77,18
0,3250,210.054562770827,85,85
49,1319,385.462239525161,74,25
34,7528,1236.73051804007,84,50
97,3991,3676.51656382008,98,1
51,3274,1028.48347386999,89,38
53,6936,2338.60451185841,78,25
66,8505,4336.37083907002,87,21
76,4519,2955.4281340345,87,11
24,1888,208.269820376621,69,45
85,5312,4096.83260536068,86,1
30,2091,292.965243620321,68,38
82,7342,5392.66809998483,83,1
71,5477,3189.52709231705,73,2
48,3716,1046.86912976391,56,8
85,1172,903.894543200813,95,10
97,4704,4333.33347938102,97,0
50,2932,888.527227317168,67,17
33,7842,1238.13962795364,84,51
5,3222,174.056663094097,80,75
92,7602,6452.56134594876,92,0
56,4672,1746.10484626316,89,33
44,2588,627.74429392416,60,16
66,3047,1553.54755398546,92,26
61,7928,3484.52057082438,89,28
55,6289,2272.12302731609,76,21
52,5080,1653.60765743462,79,27
21,6301,617.288120000624,71,50
40,6075,1263.52521543082,82,42
64,3374,1623.95933151857,87,23
47,1020,276.921753358311,76,29
60,4376,1863.89665817278,79,19
2,4838,239.872358589436,67,65
3,6498,330.761354901026,84,81
91,4023,3370.82875538768,94,3
28,4749,614.359825382129,67,39
23,8372,887.644145711694,79,56
59,2371,978.163619925233,79,20
12,6436,445.318703014318,41,29
31,9837,1434.29559224581,82,51
17,1991,166.786941846459,81,64
21,6854,671.463700124469,58,37
58,6302,2516.93392737739,72,14
51,1631,512.356916885141,85,34
82,1913,1405.0904488247,92,10
68,7088,3818.69113014269,85,17
85,5682,4382.19180415275,85,0
12,6582,455.420712125581,69,57
60,2101,894.891882728748,73,13
21,6478,634.628224307895,53,32
6,5791,323.120562119388,67,61
38,6857,1319.08133260838,82,44
80,4462,3161.77137086747,93,13
64,6899,3320.59734088518,73,9
32,5543,841.043717662016,83,51
97,4948,4558.10672958701,97,0
64,3866,1860.76667920889,82,18
63,1401,654.586956857637,67,4
31,2545,371.07677973626,83,52
84,9857,7484.26724968069,97,13
24,2999,330.826902176635,66,42
28,4444,574.90315097877,45,17
4,7171,375.658712276979,78,74
32,1755,266.287520205094,83,51
35,2645,452.091476452996,67,32
85,8243,6357.34020444053,90,5
18,7900,688.024203386566,56,38
82,8328,6116.88095024158,91,9
33,4682,739.220828625218,59,26
35,4549,777.528970277762,82,47
31,4015,585.411894161526,87,56
55,9786,3535.53759664736,66,11
24,6765,746.263418881273,81,57
47,3298,895.380335858539,76,29
94,1774,1547.70365051277,98,4
75,8929,5713.58373858482,96,21
24,9494,1047.30597174557,76,52
41,2792,603.652999476949,87,46
40,4392,913.48193352628,73,33
55,1160,419.090906612604,88,33
20,5335,502.484574175678,53,33
50,5178,1569.16575138073,69,19
72,7547,4504.41534498406,79,7
22,1211,123.416759912495,31,9
95,1340,1187.84885185606,96,1
60,3848,1639.00236303675,75,15
44,6666,1616.90242013078,78,34
63,8015,3744.83544554886,85,22
78,3564,2429.63306171468,81,3
43,2268,529.556858735049,76,33
57,7493,2895.61686438777,64,7
82,5741,4216.74033805678,87,5
38,1592,306.253096326753,62,24
35,9245,1580.18362941699,48,13
51,6237,1959.27044182258,61,10
68,7116,3833.7762531173,70,2
64,5946,2861.90343367202,86,22
68,7554,4069.75067679147,78,10
17,5327,446.245122660014,55,38
35,8695,1486.17595000333,75,40
27,7203,895.395367323483,72,45
85,2134,1645.82846006018,88,3
38,3392,652.51916001278,84,46
45,8206,2067.19166870198,74,29
51,2532,795.394061038122,83,32
56,5097,1904.94357906749,66,10
76,2412,1577.44913903324,78,2
96,3407,3078.56944997047,98,2
40,2375,493.970763234271,58,18
65,9481,4698.16130973802,71,6
28,5541,716.817812685276,72,44
46,9809,2565.58386346217,73,27
17,2069,173.321036002172,84,67
65,4757,2357.25697188311,79,14
50,4379,1327.03299059409,66,16
54,6275,2190.56241712062,91,37
42,6402,1438.58145381393,57,15
62,7548,3421.43796807107,73,11
23,6140,650.995587036526,86,63
68,6470,3485.7409159175,92,24
66,5940,3028.57645903303,77,11
36,7270,1292.72707914131,60,24
33,1590,251.038256624113,76,43
84,1319,1001.49624655867,86,2
5,4237,228.888293460487,77,72
22,4513,459.933804694541,72,50
62,8468,3838.46538336326,72,10
89,2816,2298.84750827503,91,2
90,1250,1033.91778412031,93,3
81,2046,1476.55836137902,83,2
12,1232,85.2443508566872,88,76
40,7870,1636.86311859104,85,45
13,1810,130.054289305086,75,62
4,5617,294.25114863475,88,84
51,1217,382.304333445259,71,20
38,2689,517.283025139849,74,36
72,5964,3559.60422916191,79,7
10,9907,636.349153175377,86,76
60,2630,1120.2121140298,77,17
90,2373,1962.789521374,98,8
37,7267,1344.12810417286,86,49
68,1734,934.200115641568,71,3
85,5933,4575.77331468466,86,1
91,7633,6395.60921945667,95,4
78,7186,4898.80560647635,86,8
3,1191,60.6243111245186,88,85
69,4056,2244.09443577908,75,6
46,2863,748.829299734142,77,31
68,7708,4152.71885315179,92,24
76,2481,1622.57517161752,78,2
29,3554,478.480556582641,63,34
83,7039,5258.37622247947,89,6
22,6889,702.079322078594,64,42
25,4338,497.93071033763,65,40
64,9292,4472.38592426512,90,26
9,6548,405.52509155639,82,73
87,2912,2312.98744959294,90,3
11,6679,445.158846666782,77,66
67,5518,2892.94811465079,86,19
78,1714,1168.45989556088,79,1
9,4808,297.764911454356,82,73
33,2645,417.607665893571,90,57
0,2277,147.167458285899,78,78
96,3286,2969.23369903227,96,0
79,6451,4485.19602058833,86,7
12,1181,81.7155668520679,58,46
76,9019,5898.43025909651,82,6
41,6566,1419.6223476238,80,39
31,3712,541.232615473869,81,50
11,4928,328.453779963153,23,12
71,6160,3587.27166125124,83,12
19,1960,177.505595430974,65,46
37,2653,490.707563006825,87,50
38,8303,1597.24840376949,91,53
99,4308,4102.85714285714,99,0
52,8918,2902.92777342557,64,12
44,1798,436.122194928763,85,41
69,1000,553.277720852831,84,15
11,4556,303.659785209441,88,77
41,7853,1697.8821650761,84,43
38,7570,1456.24116783513,88,50
75,9166,5865.23782594562,92,17
87,1409,1119.1618531856,89,2
34,9811,1611.79106170179,82,48
63,3697,1727.34331156508,77,14
38,4796,922.606689687882,66,28
70,7790,4423.28787521676,79,9
86,9223,7220.75648480657,86,0
6,5026,280.435839269909,55,49
68,7986,4302.49257411393,88,20
75,7780,4978.34936568372,94,19
24,6251,689.562842782977,86,62
83,5009,3741.89607876114,84,1
32,4865,738.170248317826,59,27
88,4743,3820.1517646892,88,0
85,5053,3897.08116620623,88,3
54,8923,3114.96230246491,88,34
97,2550,2349.0647050216,98,1
52,4301,1400.03278240675,59,7
87,4354,3458.36104242022,96,9
77,9562,6386.93384769459,90,13
17,5535,463.669373741915,72,55
99,8034,7651.42857142857,99,0
28,6154,796.119259928747,73,45
53,7309,2464.36856648978,74,21
85,4364,3365.69606359074,90,5
87,5233,4156.54647105765,91,4
50,8832,2676.49129320096,81,31
42,1024,230.101126008351,76,34
95,7930,7029.5831307601,96,1
24,2173,239.708855761864,49,25
65,4262,2111.96746146012,90,25
87,5489,4359.88602706582,92,5
93,3759,3233.31962047372,94,1
14,3972,296.473362828422,83,69
79,5904,4104.88254620268,87,8
50,5891,1785.23666307143,54,4
98,5261,4932.9325346659,98,0
37,9884,1828.17698935524,49,12
21,5498,538.620867126398,76,55
95,2321,2057.46058593874,95,0
92,3769,3199.11914139448,94,2
40,6655,1384.15807550487,58,18
7,8925,515.066860974883,75,68
71,2074,1207.79243919401,78,7
93,1208,1039.06626803199,96,3
7,3580,206.603850116536,60,53
6,5083,283.61626959987,86,80
4,9179,480.849438012884,54,50
39,4786,957.413758462735,65,26
63,7721,3607.47030256803,78,15
7,2921,168.572582734749,78,71
97,5209,4798.54041115981,99,2
93,4084,3512.86973397571,95,2
40,5029,1045.97009191796,90,50
16,2368,190.843923437287,80,64
15,1127,87.4010267653369,78,63
38,5617,1080.54248873579,66,28
58,9959,3977.49047647595,87,29
16,3056,246.291820111634,85,69
88,6148,4951.78010738123,92,4
56,2231,833.809912674037,81,25
57,5445,2104.18174650893,64,7
8,6183,369.491444942423,69,61
8,2387,142.645330596404,72,64
92,1872,1588.94959742385,94,2
89,2335,1906.18214908458,94,5
40,1449,301.374162495351,76,36
94,2855,2490.80829888047,96,2
96,5924,5352.93378973438,99,3
82,9782,7184.83783084331,85,3
79,1310,910.805578510419,83,4
20,6002,565.306919250688,54,34
85,8065,6220.05929258921,96,11
67,4919,2578.90753460806,72,5
90,6890,5698.95482607117,95,5
93,9800,8429.51111482907,95,2
3,2136,108.726724233394,79,76
46,8465,2214.05519463832,61,15
22,4496,458.201282053325,78,56
10,5903,379.163122155471,43,33
37,5131,949.046553255945,74,37
20,2310,217.570640364727,79,59
52,3795,1235.32304330007,72,20
55,1151,415.839339233713,86,31
10,4636,297.780829122948,35,25
86,5405,4231.61539633303,91,5
29,3821,514.427182527369,89,60
40,1828,380.201496923051,44,4
57,9958,3848.1986835144,85,28
43,2521,588.630000384065,82,39
70,5876,3336.48774772448,81,11
28,6136,793.790669308221,67,39
8,5422,324.014655422581,30,22
7,6213,358.555787925708,86,79
14,4197,313.267548789247,56,42
93,2164,1861.37367882552,94,1
71,5918,3446.34313170209,79,8
60,4185,1782.54285065198,80,20
47,7816,2121.98080808682,71,24
57,8244,3185.83550380526,80,23
42,7821,1757.44229151495,72,30
87,1815,1441.6456802923,87,0
37,5871,1085.91937520282,47,10
3,4589,233.589390218653,81,78
32,6529,990.650267475249,75,43
65,8510,4216.99744181738,83,18
89,3539,2889.07007520785,93,4
37,5896,1090.54345702535,43,6
42,8770,1970.69030770824,80,38
83,6630,4952.83909007513,84,1
13,9169,658.82197714825,77,64
41,1748,377.931748956198,82,41
36,9652,1716.28635046381,52,16
43,5503,1284.8992035357,66,23
27,1908,237.180946946162,74,47
18,1957,170.438400762976,80,62
82,3398,2495.81669895784,86,4
28,7191,930.271952900166,87,59
99,7663,7298.09523809524,99,0
31,5537,807.328931001835,87,56
20,5588,526.313739548958,73,53
53,5535,1866.23067663442,72,19
91,7083,5934.77009058189,92,1
8,6050,361.543464645263,72,64
34,5839,959.254715041969,57,23
52,9006,2931.57294544412,57,5
38,9497,1826.93822601456,81,43
22,2817,287.089192959123,52,30
95,6054,5366.59473816162,96,1
73,8588,5249.76021353792,91,18
34,4728,776.735107504441,44,10
53,7651,2579.68038065581,93,40
33,6372,1006.04765484833,77,44
48,5870,1653.69262425031,57,9
90,3302,2731.19721853222,93,3
2,1366,67.7274993454256,58,56
77,1242,829.593373649517,87,10
97,2036,1875.56695663685,98,1
23,5428,575.505545021867,83,60
74,4573,2861.07532422365,81,7
55,3741,1351.56817382565,71,16
52,7469,2431.25897507464,84,32
83,2187,1633.76456862659,91,8
40,4199,873.34030939819,83,43
56,9375,3503.79557656616,87,31
53,8754,2951.57783979362,82,29
47,1095,297.283646987599,62,15
97,6094,5613.80404407907,98,1
29,5377,723.91388653485,62,33
28,8526,1102.97575725585,30,2
34,8778,1442.08561202918,86,52
31,1698,247.578928091226,59,28
97,8577,7901.14822547853,97,0
83,3885,2902.22924056439,86,3
80,5936,4206.24716662244,85,5
56,7879,2944.68323709491,71,15
36,6927,1231.7359666041,85,49
82,4360,3202.40165022254,86,4
27,2766,343.837787868493,54,27
51,5017,1576.02369835239,76,25
73,1098,671.196636523595,74,1
94,1960,1709.97697576382,99,5
32,2818,427.577340135588,68,36
43,2656,620.151241975437,74,31
21,1984,194.36591494703,79,58
9,5829,360.996603341814,70,61
62,2179,987.720367306156,83,21
20,3781,356.118870657589,81,61
42,1324,297.51356526861,75,33
93,2883,2479.82454531145,94,1
68,5373,2894.72734794818,69,1
7,6314,364.384555764192,79,72
19,8152,738.278374465967,70,51
68,5968,3215.28621115852,71,3
53,3853,1299.11233912781,93,40
14,6578,490.987356668017,28,14
57,4828,1865.74645953078,63,6
35,9472,1618.98316255682,61,26
75,4964,3176.41725594524,84,9
51,8703,2733.93148231231,70,19
97,4675,4306.61862587293,98,1
74,3114,1948.25903337688,88,14
62,9712,4402.35897534529,79,17
80,9377,6644.53835603413,80,0
67,1163,609.731543555432,87,20
43,2875,671.285700556995,52,9
38,4982,958.387516268771,41,3
0,3275,211.670367099833,81,81
83,2691,2010.26998361873,86,3
78,5987,4081.42905176369,79,1
96,7083,6400.20763549774,99,3
80,1734,1228.71168917172,83,3
62,3290,1491.32630033835,87,25
48,9360,2636.89317938379,74,26
42,4827,1084.66614769757,71,29
84,6553,4975.59128407807,86,2
80,7643,5415.82666686241,92,12
78,9176,6255.41890412288,90,12
89,8223,6712.86330275054,93,4
27,5704,709.056667390413,83,56
92,5557,4716.76971842111,93,1
12,7568,523.643869548222,75,63
62,1332,603.783170836072,63,1
32,7371,1118.4075848614,48,16
68,9836,5299.18819922172,75,7
90,1754,1450.79343467762,91,1
31,6064,884.168798554294,84,53
55,8817,3185.45217552011,87,32
41,7663,1656.80262714608,91,50
11,5314,354.180882046306,88,77
67,5415,2838.94781457667,84,17
17,8592,719.755602383113,89,72
41,5809,1255.95282018682,79,38
57,2441,943.30718883899,87,30
77,5340,3566.8507369472,83,6
51,6541,2054.76799101515,80,29
99,4191,3991.42857142857,99,0
50,9255,2804.67922538212,54,4
14,3661,273.260065789238,78,64
78,4963,3383.35266141694,81,3
70,6994,3971.30621299949,83,13
81,5299,3824.18512069766,95,14
53,3361,1133.22516787141,57,4
65,4709,2333.47132238755,88,23
22,5165,526.381143639996,88,66
22,9969,1015.97165942829,71,49
22,2946,300.235982413055,87,65
70,2601,1476.88982842603,84,14
65,5362,2657.05526240009,71,6
15,2995,232.268034749054,55,40
53,9202,3102.62957297017,68,15
61,2263,994.63547575373,87,26
37,1182,218.626588569193,66,29
19,2302,208.478510552092,63,44
86,5125,4012.40127774408,87,1
60,6255,2664.23071226479,91,31
50,2421,733.671356526215,51,1
29,3117,419.64656580419,84,55
94,4502,3927.7124208616,97,3
2,6386,316.623580395233,79,77
55,8353,3017.81581287507,77,22
55,4388,1585.31973984147,83,28
23,5218,553.240223641139,81,58
62,8418,3815.80084992346,80,18
49,8921,2607.05734556783,59,10
52,5201,1692.99476896013,77,25
86,3660,2865.44169298407,90,4
87,2459,1953.17175087536,87,0
38,2971,571.531375117326,92,54
69,3830,2119.05367086634,82,13
40,6830,1420.55592121687,79,39
86,2408,1885.24141986493,89,3
60,9392,4000.39246196497,88,28
59,1247,514.453831314537,83,24
51,9445,2967.02089514418,58,7
60,7096,3022.4430270553,78,18
71,3641,2120.33378548957,75,4
58,1480,591.092067997229,70,12
70,6254,3551.12225566183,75,5
49,1430,417.900684246384,82,33
35,4714,805.731274101862,75,40
73,5874,3590.71861834207,78,5
78,1367,931.90471250392,82,4
37,8958,1656.90099864875,63,26
37,1314,243.041740592148,71,34
70,5607,3183.74520107065,79,9
63,9998,4671.34931810325,75,12
41,3790,819.428677656746,82,41
32,3461,525.14023215375,78,46
27,4085,507.800926768906,84,57
23,3595,381.161096970083,67,44
60,5488,2337.53767368652,62,2
31,3351,488.596577169433,74,43
58,4277,1708.1761992055,75,17
9,6546,405.401229280411,58,49
22,3557,362.504884400284,53,31
18,4601,400.708779719188,82,64
73,6911,4224.62655283658,87,14
85,8101,6247.8239713906,90,5
88,1971,1587.50139747046,88,0
69,4509,2494.72924332542,71,2
5,9479,512.068004180305,72,67
18,6843,595.968306806869,80,62
50,1790,542.450114903728,80,30
44,7852,1904.57812824285,55,11
28,9195,1189.52170865207,60,32
96,9706,8770.35370748851,96,0
15,3166,245.529415030219,83,68
83,1778,1328.22743622226,84,1
69,4929,2727.10588608361,85,16
3,6956,354.074482100883,85,82
39,9927,1985.84337239022,68,29
8,4575,273.398570372244,58,50
7,4774,275.510273870486,67,60
96,1126,1017.4550045984,98,2
41,7616,1646.64084671076,82,41
60,3402,1449.03483343322,70,10
61,4156,1826.64827098211,91,30
64,9039,4350.6130401886,89,25
70,5074,2881.09918855582,73,3
55,3501,1264.85971038856,90,35
29,7575,1019.83405067909,64,35
46,5097,1333.14109002617,91,45
92,5647,4793.16152598956,93,1
99,2241,2134.28571428571,99,0
65,7387,3660.51235049412,82,17
35,5341,912.900028633441,63,28
80,6179,4378.43686700809,94,14
21,2697,264.21616563112,86,65
7,2137,123.327493770681,76,69
15,1248,96.7848104730616,84,69
10,9274,595.690122796856,64,54
17,4797,401.846790576326,82,65
7,3747,216.241515750463,89,82
90,5741,4748.57759890777,90,0
43,2766,645.835216605443,74,31
83,4642,3467.73439760615,94,11
15,7544,585.051771000622,68,53
33,1436,226.723859441652,80,47
91,6157,5158.88457542181,91,0
94,7478,6524.08562487851,98,4
36,5807,1032.5813134214,67,31
65,9976,4943.45082016101,77,12
49,3064,895.417969602043,73,24
46,4570,1195.30209562872,92,46
36,1359,241.652833638657,62,26
13,8585,616.859709217769,83,70
93,8594,7392.16515518786,97,4
34,6366,1045.83242266778,35,1
68,8189,4411.85971567981,84,16
67,9307,4879.42517271746,73,6
61,9613,4225.11304835202,86,25
33,3448,544.389879773548,71,38
24,5965,658.013494992874,38,14
50,1175,356.077589392112,87,37
85,8043,6203.09198887725,87,2
33,5430,857.319329225744,75,42
56,7284,2722.30901116884,78,22
68,5488,2956.68410302245,77,9
53,2450,826.064165809272,92,39
29,1439,193.734811739567,70,41
84,1813,1376.58278620991,90,6
8,8138,486.320779385644,67,59
0,4060,262.406623030633,50,50
64,7824,3765.81440717287,84,20
50,6665,2019.79330493483,51,1
66,4828,2461.61063033863,85,19
2,7140,354.007573445343,67,65
97,5371,4947.77511006706,97,0
15,4877,378.220769773334,89,74
71,4125,2402.19084458788,89,18
65,1551,768.573799325353,72,7
82,9724,7142.23707494586,87,5
20,3439,323.907113512682,81,61
75,3395,2172.42880417689,82,7
72,6502,3880.70870187973,96,24
12,2476,171.319003832108,88,76
74,1452,908.43677471523,81,7
80,2656,1882.04051121112,85,5
56,3338,1247.53809435497,78,22
81,6560,4734.22426717808,82,1
32,4383,665.03601199939,86,54
64,4030,1939.70246177232,69,5
9,9653,597.82127501433,82,73
55,7410,2677.12380862017,89,34
76,3552,2323.00967738228,85,9
81,5294,3820.57671805499,86,5
12,8021,554.987774530429,38,26
11,6579,438.493794313633,48,37
35,6429,1098.86431081902,88,53
49,7221,2110.25233632387,74,25
13,2163,155.418468379503,69,56
51,3823,1200.94450843157,70,19
13,8083,580.789403565198,77,64
16,7916,637.973183247281,91,75
82,3557,2612.60152978018,83,1
35,5320,909.310644510374,78,43
24,8755,965.785104553666,81,57
89,6066,4951.99182712937,95,6
25,5290,607.2045776132,90,65
42,7867,1767.77886553486,91,49
89,5726,4674.4321137723,92,3
98,7436,6972.30304652644,99,1
35,9313,1591.80639705359,67,32
3,3020,153.724113850585,40,37
24,7226,797.117437521963,90,66
69,9107,5038.70020380674,84,15
22,2266,230.935076764421,78,56
95,5727,5076.72416013406,97,2
24,8064,889.559232795061,75,51
91,6151,5153.85723947045,94,3
29,7952,1070.59014798682,49,20
70,8520,4837.79367096878,81,11
75,8914,5703.98537862528,88,13
87,4951,3932.55524139239,92,5
97,7545,6950.46792132861,97,0
33,2252,355.558587369498,86,53
77,2360,1576.36099984932,81,4
50,4715,1428.85602892239,58,8
74,5092,3185.7851631198,85,11
54,2966,1035.41165405255,73,19
67,2671,1400.33787862129,86,19
59,5536,2283.8944748655,74,15
14,1991,148.609885546674,79,65
52,1979,644.190857099037,76,24
18,1648,143.527074326716,67,49
24,8905,982.33196528274,81,57
6,1032,57.5825280792969,67,61
49,1565,457.352846745169,90,41
65,6718,3328.99986064972,84,19
35,6704,1145.86815052585,89,54
47,1314,356.740376385118,78,31
66,9423,4804.42356455695,75,9
68,5166,2783.2051888145,79,11
47,6319,1715.55741124624,87,40
68,7125,3838.62504264485,77,9
14,1713,127.859735781744,64,50
98,7765,7280.78713774581,98,0
96,6184,5587.87011406439,96,0
89,8452,6899.80793321751,89,0
33,6052,955.524232131528,86,53
33,4456,703.538661331476,64,31
2,3279,162.575746964605,72,70
34,1930,317.068265119199,73,39
35,3991,682.15390643626,50,15
96,1321,1193.6572478459,98,2
29,3307,445.226561794821,67,38
80,3424,2426.2449963806,83,3
96,7015,6338.76275067297,99,3
68,7412,3993.24755313454,78,10
13,7186,516.337084500744,53,40
63,9789,4573.69858720871,94,31
47,1257,341.26533722686,86,39
15,3124,242.272233908529,84,69
77,4643,3101.28988233068,78,1
22,8683,884.911417275138,64,42
42,4534,1018.82666535338,57,15
70,7570,4298.36832033259,76,6
28,9730,1258.73259653993,29,1
39,7920,1584.3537331853,90,51
83,6717,5017.83109623449,95,12
73,1465,895.540138895325,73,0
76,9263,6058.00637432209,84,8
82,9385,6893.24300168314,97,15
19,5823,527.354633772734,80,61
32,9162,1390.15741317326,87,55
61,9085,3993.04608803475,65,4
16,2367,190.763330564214,73,57
86,4787,3747.77852030457,92,6
51,5628,1767.96120676246,84,33
64,2740,1318.80514770625,77,13
43,5696,1329.96290447744,59,16
32,1973,299.364830407209,85,53
98,6012,5637.10138726694,99,1
13,7081,508.792498657079,27,14
56,4173,1559.60948704113,68,12
91,8599,7205.01030762582,93,2
95,8941,7925.78849585448,95,0
42,2080,467.392912204463,89,47
28,8207,1061.7079568143,73,45
86,8996,7043.03646723625,91,5
36,5082,903.664238816523,88,52
34,3580,588.136989184835,75,41
96,5099,4607.46276061033,97,1
20,1759,165.673920520153,42,22
8,1111,66.3925271439482,88,80
77,2497,1667.87009178973,85,8
39,7002,1400.71273229337,85,46
28,3137,405.82159869946,82,54
57,4552,1759.08821122289,79,22
32,1847,280.24675203351,37,5
41,8816,1906.090559953,91,50
28,2630,340.232962887976,80,52
46,5700,1490.85819367258,62,16
79,2419,1681.86159879138,84,5
49,3689,1078.06687005938,82,33
59,8645,3566.52235101377,85,26
46,5736,1500.27414015894,66,20
30,4642,650.380038682701,73,43
58,7640,3051.31310776948,89,31
16,1634,131.688754601574,77,61
66,1654,843.310684047245,69,3
9,2041,126.401452636926,76,67
90,3422,2830.45332580777,97,7
72,7799,4654.82115748386,88,16
98,9470,8879.46609072154,98,0
4,2194,114.934488179569,71,67
0,6739,435.556214926955,79,79
75,4608,2948.61617957205,86,11
73,3553,2171.91407064511,85,12
74,4465,2793.5056467655,83,9
76,3647,2385.1397222447,86,10
6,2281,127.273010221779,72,66
54,8101,2828.00735316241,85,31
24,2078,229.229177300116,83,59
47,1175,319.003000192172,76,29
31,6715,979.088634942627,34,3
10,5692,365.610112029297,61,51
89,6975,5694.05588431048,92,3
11,3320,221.279738124527,69,58
54,5227,1824.71231144055,80,26
52,7364,2397.08007664341,67,15
20,2313,217.853199637928,72,52
32,2538,385.092721527367,62,30
96,1510,1364.43788360887,96,0
51,6809,2138.9566199086,67,16
74,1361,851.503065005115,88,14
72,1255,749.044820187491,80,8
77,6721,4489.28910168953,96,19
54,2090,729.60564968639,84,30
52,2439,793.926983559651,84,32
0,3648,235.778167688608,68,68
14,4818,359.619502041122,61,47
16,9183,740.084353430998,89,73
95,4338,3845.43904429222,98,3
48,8889,2504.20336234429,73,25
63,3566,1666.13639411444,80,17
98,1919,1799.33425851052,98,0
62,2092,948.284079120918,80,18
28,1147,148.382968985745,75,47
78,3927,2677.09568837081,83,5
94,2205,1923.7240977343,95,1
1,2347,113.671732709399,56,55
72,9282,5539.94742707593,89,17
68,8983,4839.63070288824,83,15
74,4082,2553.8835498537,78,4
4,3689,193.251288466013,55,51
49,5100,1490.41502773186,67,18
52,3712,1208.30543787348,57,5
44,4956,1202.12547167239,84,40
78,4930,3360.85605899365,80,2
57,3258,1259.03106154749,72,15
37,4501,832.519691328203,40,3
39,4951,990.421127904096,75,36
23,3017,319.878450503127,79,56
84,9306,7065.90149391584,84,0
23,5968,632.759228572311,39,16
86,3968,3106.57722343191,89,3
47,4196,1139.18007557988,75,28
19,2895,262.183009577892,85,66
2,1437,71.2477427228232,87,85
83,5489,4100.47266446793,89,6
72,6578,3926.06918501459,86,14
65,5848,2897.88496354266,78,13
86,9015,7057.91171099764,93,7
48,3996,1125.75054966,74,26
50,4327,1311.27466323376,50,0
4,9903,518.77677139575,67,63
91,2398,2009.25860189402,93,2
5,1869,100.965829709146,49,44
25,4078,468.0870070901,83,58
62,2843,1288.7053713866,93,31
8,2398,143.302682350304,84,76
21,4914,481.408319581506,76,55
58,2587,1033.21295939786,62,4
36,3958,703.798319015309,85,49
53,1470,495.638499485564,71,18
99,3760,3580.95238095238,99,0
86,3041,2380.82190938922,94,8
16,1022,82.3659162807885,83,67
14,5209,388.804065199711,46,32
0,3639,235.196478130166,79,79
95,8098,7178.50746442563,96,1
11,5834,388.839154282678,78,67
16,7928,638.940297724159,86,70
97,8620,7940.75990481811,97,0
91,2878,2411.44547800292,96,5
84,3465,2630.92076901122,87,3
88,9960,8022.07707701969,92,4
55,6711,2424.58540885964,84,29
47,3019,819.634091557589,71,24
69,6327,3500.58813983586,87,18
1,6763,327.550885519245,77,76
28,9245,1195.99001593131,90,62
28,2245,290.426996837835,79,51
9,1072,66.3901799249313,80,71
97,5415,4988.30799125175,97,0
57,1167,450.978897736625,93,36
30,3522,493.459391693338,70,40
86,8554,6696.99132289227,88,2
8,3039,181.608361827596,14,6
77,5379,3592.90077041928,88,11
4,8302,434.90707423281,53,49
96,2743,2478.57822168153,96,0
36,6561,1166.65507101047,81,45
59,6416,2646.94128445394,79,20
75,4979,3186.01561590479,88,13
81,3826,2761.14970216819,86,5
13,2606,187.249435319919,69,56
1,5277,255.579775674265,90,89
84,7448,5655.15090551098,93,9
66,1814,924.888501125576,68,2
74,8351,5224.76274493587,84,10
58,5784,2310.05170357836,84,26
35,3038,519.264236470398,82,47
91,2015,1688.34699033214,94,3
28,2713,350.970352971513,87,59
62,2515,1140.02603202156,80,18
30,5540,776.196771715245,73,43
2,1430,70.9006764743474,79,77
90,6516,5389.60662506237,90,0
45,9159,2307.26401336113,50,5
72,6967,4158.2432368496,94,22
56,6983,2609.81381452389,57,1
40,5264,1094.84719901693,85,45
2,2864,141.999676519252,71,69
26,6874,821.088328005077,81,55
98,9830,9217.01707199501,98,0
92,7910,6713.99108740525,93,1
60,4851,2066.21633656219,78,18
98,7636,7159.83136945614,99,1
14,9370,699.384544235226,67,53
62,6966,3157.62279883189,70,8
44,1964,476.387091679695,48,4
18,8587,747.856181579802,62,44
29,2609,351.253734418714,80,51
48,6221,1752.5761184772,56,8
72,7380,4404.74165177983,77,5
21,8456,828.406339108916,62,41
32,6217,943.310263883232,70,38
58,1653,660.185938107716,92,34
13,4210,302.501965731719,79,66
13,4015,288.490592022055,62,49
24,3960,436.837123247575,88,64
62,1211,548.934999911774,80,18
60,4574,1948.23201884878,90,30
81,9442,6814.10755041089,84,3
26,1235,147.518778744002,72,46
51,7453,2341.26063859286,67,16
10,6088,391.046093119178,40,30
65,7639,3785.38701034582,82,17
31,5660,825.263093637419,78,47
29,5678,764.437985446323,72,43
40,2022,420.551108740924,83,43
19,3869,350.39242281757,77,58
29,7040,947.806167231792,61,32
12,3474,240.372463373483,83,71
4,8485,444.493679217706,49,45
23,4333,459.407797822356,90,67
71,3204,1865.84714328717,96,25
3,4830,245.856778112028,31,28
83,5373,4013.81665625546,88,5
67,3295,1727.48532761406,75,8
94,7895,6887.89195084459,99,5
55,6932,2504.42945227463,59,4
63,2453,1146.11120997272,90,27
36,4449,791.106296437369,76,40
40,3985,828.83094378466,45,5
9,9257,573.296544370419,58,49
64,9966,4796.79273797096,73,9
79,1346,935.835350133606,82,3
84,6143,4664.28464185741,90,6
23,7613,807.170912721348,29,6
92,7718,6551.02189792588,94,2
32,3074,466.42042000596,76,44
18,8624,751.078573418448,69,51
73,5909,3612.11377524401,75,2
34,6794,1116.14600684966,70,36
87,8750,6950.08248074802,90,3
73,2142,1309.38360239849,78,5
0,7075,457.272625108801,83,83
41,9389,2029.97779802617,80,39
84,4783,3631.65773107667,90,6
58,6094,2433.86152863183,79,21
26,1266,151.221679263082,26,0
70,3394,1927.16804216761,73,3
9,2259,139.902440718675,87,78
91,4591,3846.74989211654,94,3
93,8837,7601.1826246678,94,1
88,4657,3750.88483410449,91,3
46,3319,868.097955227948,81,35
24,8251,910.187652503974,68,44
17,2855,239.164600186661,81,64
25,9171,1052.67924031959,91,66
37,9644,1783.78580385896,65,28
89,5716,4666.26859279121,90,1
71,5997,3492.34872605904,80,9
8,2415,144.318589606332,63,55
2,5534,274.380659866461,79,77
5,3089,166.871828770225,75,70
47,9723,2639.71589010084,90,43
13,4003,287.628353639922,83,70
4,7032,368.377083354026,69,65
2,9493,470.67141382586,73,71
37,2676,494.961718283553,80,43
21,2194,214.938920057351,88,67
72,7741,4620.20394667041,73,1
44,5754,1395.68804761963,87,43
88,4684,3772.63142859038,91,3
87,9534,7572.80987102304,89,2
66,3099,1580.06034453592,86,20
3,3497,178.004379515064,62,59
23,8007,848.94489664519,64,41
11,2681,178.690053587909,76,65
83,2655,1983.37673969072,85,2
11,1989,132.567891304122,30,19
16,8806,709.70084028241,71,55
37,1135,209.933314742837,80,43
27,4366,542.731663714331,33,6
67,9375,4915.07585626154,69,2
26,5294,632.359849935827,75,49
64,4327,2082.65323873172,79,15
94,7128,6218.73259349211,97,3
22,4814,490.609646753716,77,55
2,8018,397.53959718274,46,44
0,9749,630.099056139321,58,58
0,2809,181.551774407155,70,70
84,6355,4825.25295442029,94,10
21,8194,802.739066066516,90,69
56,7340,2743.23835007953,83,27
32,2035,308.772138813315,57,25
68,2925,1575.8565964542,73,5
44,1029,249.593847931979,72,28
84,7450,5656.66947449742,96,12
72,9824,5863.43929364296,88,16
69,2853,1578.50133759313,77,8
91,6010,5035.71484461347,95,4
43,7719,1802.31454699111,82,39
39,4201,840.387630443366,59,20
3,7560,384.819304871,70,67
98,2895,2714.47247440748,98,0
5,2715,146.667858566255,56,51
91,6319,5294.62264610857,94,3
76,5289,3459.00849765622,84,8
70,8651,4912.17758774072,95,25
7,9212,531.629795327801,79,72
98,2958,2773.54389613034,99,1
87,3335,2648.97429409082,96,9
20,7884,742.56576997208,74,54
26,4768,569.529989515305,62,36
43,3581,836.130119545948,61,18
99,3534,3365.71428571429,99,0
37,8955,1656.34610883005,85,48
38,4905,943.575023544424,67,29
4,3711,194.403776496984,69,65
9,2931,181.520165447737,90,81
59,3478,1434.86000425979,77,18
74,2695,1686.11371064569,81,7
75,1371,877.290100302362,90,15
87,1978,1571.11578821938,98,11
48,2119,596.963316999386,75,27
17,1670,139.896631282565,51,34
92,1549,1314.78788803928,96,4
55,9946,3593.34323893876,85,30
38,1154,221.99502082982,90,52
73,5180,3166.48322148654,87,14
86,5348,4186.98966504885,88,2
57,4187,1618.03654226499,76,19
89,4278,3492.35427571043,94,5
22,4126,420.493436332745,87,65
39,8611,1722.58459551246,78,39
55,4996,1804.98118054877,75,20
58,5647,2255.33574863537,87,29
92,2314,1964.11825237114,98,6
83,2352,1757.02526996331,96,13
60,9403,4005.0777597803,78,18
99,6182,5887.61904761905,99,0
45,9604,2419.36495079379,89,44
13,7485,537.821190855562,78,65
66,1900,968.736577805178,74,8
41,1198,259.017297053504,90,49
8,4154,248.239925972962,81,73
87,5299,4208.969950341,92,5
97,4029,3711.52223393412,98,1
54,8885,3101.69674519788,74,20
51,2162,679.163491297164,53,2
20,8390,790.224100718639,60,40
52,6048,1968.70454963869,75,23
6,5089,283.951051739866,36,30
87,6520,5178.8043170831,92,5
27,4074,506.433531372465,61,34
42,2933,659.068947834466,84,42
40,5908,1228.79127123708,77,37
31,9162,1335.87640705054,72,41
81,6101,4402.97290458132,86,5
12,1122,77.6332481016259,88,76
74,3872,2422.49806590728,76,2
31,6616,964.653821113986,80,49
72,9101,5431.91785539949,88,16
12,7029,486.349466048421,75,63
38,1301,250.273416030845,80,42
11,8377,558.331435623242,78,67
18,3720,323.981017290889,75,57
71,7122,4147.49168367392,82,11
19,3564,322.770378630607,69,50
66,5299,2701.75532936297,73,7
13,7386,530.707724202964,77,64
9,1952,120.889581355845,78,69
85,4456,3436.65024274985,89,4
94,1566,1366.23670614599,96,2
24,6074,670.037547122669,66,42
32,4505,683.547167250114,91,59
38,2962,569.800044798896,74,36
66,7779,3966.2114940771,75,9
42,4911,1103.54163069044,81,39
89,5110,4171.55922133714,94,5
26,5120,611.575827667442,71,45
86,7885,6173.22616097797,90,4
66,5334,2719.60047684885,66,0
26,5929,708.209586375051,59,33
43,6384,1490.60449125421,83,40
26,2694,321.793999948455,59,33
99,5402,5144.7619047619,99,0
59,8547,3526.09213812778,59,0
83,5969,4459.04925017473,87,4
82,2548,1871.49527632271,82,0
89,7785,6355.30108377879,98,9
50,1493,452.445822095679,65,15
17,3586,300.400790286993,67,50
42,7938,1783.73314282645,87,45
69,5121,2833.33520848735,69,0
94,3736,3259.42550074166,98,4
2,8077,400.464869848464,83,81
18,3518,306.388499685309,74,56
12,4094,283.271406174738,90,78
68,8314,4479.20401467358,81,13
22,8609,877.369848131022,61,39
51,1341,421.257281142228,71,20
24,5029,554.761084043448,61,37
55,6177,2231.65907771212,85,30
47,6579,1786.14530916111,79,32
92,2506,2127.08744185051,93,1
90,3607,2983.47315785758,91,1
60,4752,2024.04865622418,83,23
96,5948,5374.62021967254,98,2
66,6302,3213.14627017275,84,18
68,3989,2149.09126948917,80,12
31,2367,345.123276084765,75,44
41,7611,1645.55980623892,82,41
96,2222,2007.8019717741,96,0
17,5084,425.888906251833,63,46
62,9613,4357.4831991345,75,13
36,7558,1343.938275674,88,52
76,4330,2831.82204478189,93,17
3,8892,452.620801443509,76,73
58,8019,3202.68060356066,68,10
31,3992,582.058351554872,82,51
99,4458,4245.71428571429,99,0
23,4499,477.008004247122,84,61
75,8714,5576.00724583135,91,16
68,4122,2220.74560361854,83,15
22,4014,409.079169520028,79,57
36,3193,567.768578225336,91,55
30,1312,183.821329330397,73,43
1,4400,213.104228343143,63,62
95,1115,988.396619268286,97,2
66,6293,3208.5575179621,89,23
79,5847,4065.25207446597,84,5
67,1338,701.479626205648,78,11
50,3065,928.832179988785,92,42
83,9504,7099.81639699458,87,4
68,8603,4634.90403394718,88,20
5,6085,328.71967564481,88,83
34,3239,532.116119544603,79,45
88,1496,1204.92242040376,89,1
41,1389,300.313043077895,91,50
2,6955,344.835108307053,75,73
39,5656,1131.45261551718,60,21
28,3774,488.227833436966,80,52
10,1808,116.131954066931,90,80
66,1001,510.371218096307,78,12
16,1847,148.855036566161,80,64
89,5050,4122.5780954506,94,5
20,6968,656.291005221392,71,51
49,1607,469.626852855902,66,17
49,4015,1173.33653653792,81,32
22,7793,794.208761352661,78,56
70,4734,2688.04169464392,86,16
55,1287,464.974135181398,76,21
34,1803,296.204187569904,70,36
76,5167,3379.22044004343,88,12
33,1236,195.14672024365,87,54
36,8063,1433.73568626085,46,10
29,1734,233.451121303967,82,53
40,2251,468.180289701197,83,43
3,5353,272.478536901384,81,78
22,3665,373.511498826832,81,59
52,6903,2247.0184368644,73,21
92,1000,848.797861871712,98,6
0,7091,458.306739879365,88,88
4,7335,384.249986689673,77,73
13,9650,693.383365632088,45,32
16,1245,100.338126976107,79,63
99,8273,7879.04761904762,99,0
80,7200,5101.91704846387,82,2
96,2131,1925.5742582586,97,1
20,1743,164.166937729748,84,64
11,5631,375.309098005787,64,53
88,4447,3581.74465476973,91,3
5,3139,169.572894305515,78,73
96,7158,6467.97772905447,96,0
88,1425,1147.73693120011,89,1
68,4615,2486.35151884996,82,14
5,9665,522.115967971584,90,85
77,3388,2263.01316419047,86,9
33,3396,536.179823582067,45,12
9,3012,186.5365876249,66,57
14,2928,218.548339970196,50,36
21,2973,291.254972347541,79,58
74,7463,4669.18984139102,76,2
59,5274,2175.80553837439,85,26
22,9185,936.071791739277,76,54
19,9319,843.966655010838,75,56
34,4733,777.556527880397,78,44
70,1569,890.903552787561,88,18
88,9901,7974.55674092088,97,9
82,7918,5815.73767579405,85,3
91,6160,5161.3982433975,92,1
72,1761,1051.05014211169,75,3
45,7701,1939.97599813234,66,21
74,8207,5134.66984165833,78,4
73,7945,4856.70061673949,81,8
64,6411,3085.71525618421,93,29
82,4282,3145.11097849837,91,9
23,9161,971.298138899286,89,66
97,5750,5296.91060936243,97,0
51,5028,1579.47920177712,77,26
55,1796,648.868334720894,65,10
86,3276,2564.80518749066,92,6
96,1202,1086.12869940255,97,1
90,6003,4965.28676645939,94,4
82,2844,2088.906030558,87,5
39,4972,994.622065832996,79,40
38,4293,825.844561891175,66,28
15,7508,582.259901467746,84,69
76,7117,4654.52136090363,81,5
89,8248,6733.27210520327,89,0
41,7927,1713.88156405937,86,45
35,8144,1391.99734753618,79,44
24,7930,874.777370543754,89,65
97,3622,3336.59308297578,97,0
60,6265,2668.49007391509,91,31
24,7566,834.623655174533,75,51
71,7935,4620.9416610436,76,5
6,4899,273.349617306662,90,84
36,8657,1539.35877910953,61,25
86,9224,7221.53939237296,87,1
54,3957,1381.36342383208,65,11
71,7669,4466.03674839866,83,12
25,8455,970.494272914859,84,59
16,2739,220.743879347436,60,44
50,9593,2907.10835322428,79,29
50,4434,1343.70045222521,56,6
5,1087,58.7211647372077,82,77
40,7520,1564.06742716704,81,41
4,7872,412.381171809285,69,65
84,1931,1466.17835641,97,13
59,2395,988.064896550373,89,30
63,4380,2046.4602933879,84,21
96,8493,7674.2853943643,99,3
89,3530,2881.72290632487,96,7
85,7894,6088.17706828261,95,10
91,7646,6406.50178068462,93,2
44,4369,1059.74297533024,81,37
6,3209,179.05264787448,64,58
58,2331,930.970007095635,74,16
37,5621,1039.67855697752,54,17
0,4497,290.650882701664,49,49
92,6371,5407.69117798468,92,0
86,6728,5267.40210666579,88,2
11,3504,233.54343445432,82,71
89,5247,4283.39945877807,94,5
86,1029,805.611885814373,93,7
59,6492,2678.29532710022,69,10
21,9965,976.238075830221,49,28
41,6104,1319.73420802554,88,47
62,1824,826.80217988363,77,15
10,4173,268.041285575941,90,80
34,4994,820.434671505325,63,29
70,1111,630.843752165061,71,1
81,4735,3417.15730260491,85,4
33,6248,986.46982854557,80,47
2,5623,278.793359311368,57,55
83,4225,3156.22098877337,83,0
5,1253,67.688702314371,66,61
91,2755,2308.38509100002,93,2
50,6091,1845.84561445732,86,36
65,8388,4156.54224934949,81,16
35,3952,675.487907350564,89,54
25,8867,1017.78506421479,86,61
72,2300,1372.75146329182,81,9
74,5370,3359.71451805839,88,14
52,7302,2376.89825090306,82,30
82,9267,6806.57249830556,82,0
47,8215,2230.30608219463,69,22
67,8693,4557.5204713047,88,21
4,9815,514.166819271866,81,77
65,7335,3634.74456354059,71,6
49,6542,1911.82257086702,84,35
44,7141,1732.118239147,88,44
93,4478,3851.77048695965,94,1
49,9970,2913.61526009542,78,29
76,3385,2213.79159851887,89,13
69,3333,1844.07464360249,73,4
33,1677,264.774312175243,59,26
66,1600,815.778170783308,79,13
3,7651,389.451389096299,78,75
58,5733,2289.6829904244,62,4
46,6313,1651.19083800965,59,13
15,1164,90.2704482296824,32,17
42,7901,1775.41894198436,69,27
90,6570,5434.27187333637,93,3
65,3529,1748.74077228831,91,26
65,5701,2825.0414119625,72,7
59,6228,2569.38128422368,75,16
64,5207,2506.2110963892,83,19
94,6605,5762.44792087758,96,2
85,6059,4672.94969048952,85,0
89,2919,2382.93177438025,93,4
58,5364,2142.30935995752,94,36
83,4319,3226.44223680762,87,4
71,3075,1790.72408414733,84,13
61,1811,795.97209305789,86,25
19,9414,852.570242544482,69,50
40,5647,1174.50648420376,77,37
74,6235,3900.8975828853,84,10
96,1911,1726.78198382552,96,0
19,1486,134.578221842054,43,24
33,1903,300.456479468985,86,53
7,7598,438.484931057385,14,7
65,9783,4847.81268781427,72,7
52,6693,2178.66064000195,80,28
0,5259,339.900598649778,81,81
58,2707,1081.13934328953,75,17
48,3381,952.493145245363,90,42
84,5041,3827.55313032772,84,0
69,1744,964.916345167338,82,13
10,4018,258.085282876619,56,46
49,5725,1673.0639281892,85,36
53,9227,3111.0587991519,58,5
91,3259,2730.68131091436,98,7
0,8872,573.416640277778,75,75
49,2798,817.682597567401,73,24
95,4469,3961.56456637666,98,3
65,8577,4250.19824423827,86,21
34,1006,165.269779642442,71,37
14,6347,473.745325748237,43,29
25,3456,396.691686244087,90,65
77,4981,3327.05683908876,96,19
58,5997,2395.12103498607,60,2
62,3163,1433.75838540127,77,15
97,7501,6909.93504014392,98,1
48,9532,2685.34890874854,55,7
42,7496,1684.41214898301,90,48
75,6150,3935.32758341322,77,2
30,6629,928.774079368295,80,50
47,2882,782.439699194757,67,20
29,7363,991.292160415864,82,53
81,6715,4846.08474910073,87,6
60,7115,3030.53581419088,85,25
73,1704,1041.63849602569,79,6
31,7154,1043.09755686963,49,18
55,5361,1936.85030202601,55,0
40,8819,1834.24343619496,78,38
89,2717,2218.02865056223,94,5
56,5349,1999.12560416559,80,24
17,6683,559.837836443941,70,53
46,3680,962.518974160545,67,21
42,9054,2034.50741687462,81,39
51,5204,1634.76725657282,85,34
73,3033,1854.04316810206,78,5
97,3481,3206.70362281576,97,0
28,4165,538.809996360616,50,22
57,3123,1206.8612661795,89,32
73,9845,6018.15199141602,91,18
90,2873,2376.35663502213,96,6
72,8338,4976.52247866398,92,20
23,2802,297.083002422858,63,40
21,6168,604.258550097421,71,50
34,3204,526.366176912908,75,41
51,8900,2795.8164072825,89,38
28,5921,765.976948007493,87,59
54,1577,550.520626581549,88,34
20,8190,771.386815838576,67,47
11,4969,331.186451427944,53,42
14,7045,525.844622640039,86,72
22,7240,737.850818964874,62,40
19,2095,189.731746136678,57,38
79,1109,771.056020280957,89,10
37,9039,1671.88302375375,72,35
25,8254,947.422794635038,82,57
38,5105,982.04903062065,70,32
97,6381,5878.18897362463,97,0
17,4536,379.982706286057,43,26
56,2219,829.325054336032,91,35
64,4783,2302.13321951787,83,19
13,9882,710.053307686662,76,63
4,4190,219.496584080399,64,60
92,9316,7907.40088119687,95,3
87,7488,5947.68201323899,91,4
24,1305,143.957688342951,82,58
12,6591,456.043438714631,86,74
41,7635,1650.74880050376,72,31
40,5996,1247.09418793797,56,16
61,7500,3296.40568632478,90,29
29,9163,1233.62896453763,80,51
12,2086,144.334184973255,50,38
33,3539,558.757478108638,79,46
99,2914,2775.23809523809,99,0
31,6538,953.280937491421,82,51
67,4027,2111.25445047096,72,5
48,7069,1991.47413301966,83,35
56,6082,2273.0757009787,90,34
77,1761,1176.25920370113,89,12
30,6188,866.986574616234,89,59
46,3222,842.727210528608,69,23
57,5067,1958.10631947856,76,19
26,4394,524.85628647866,85,59
4,3769,197.44215403318,58,54
96,6298,5690.88065627062,96,0
89,9570,7812.48957890341,90,1
5,1226,66.2301269253143,55,50
88,5765,4643.30063745166,96,8
92,4022,3413.86500044803,93,1
99,8792,8373.33333333333,99,0
13,7003,503.187949173213,74,61
54,5490,1916.52393147286,83,29
73,3032,1853.43187790486,81,8
2,5451,270.26544577739,64,62
11,7668,511.07621443942,72,61
46,3259,852.404711084027,69,23
3,1325,67.4451824013326,12,9
67,8356,4380.83987785829,92,25
68,9821,5291.10688334247,85,17
85,8062,6217.74556935576,91,6
15,9096,705.412368640199,66,51
53,5797,1954.56896701892,74,21
86,1658,1298.06074507311,88,2
24,3081,339.872519375196,79,55
50,5444,1649.77565672396,61,11
60,9975,4248.71324617766,83,23
88,6638,5346.44052582899,90,2
76,4815,3149.01227381635,89,13
99,3661,3486.66666666667,99,0
52,5312,1729.12674730171,85,33
41,6431,1390.43425488405,89,48
13,3669,263.629385337216,65,52
13,7688,552.407390153315,67,54
30,1960,274.611132231386,76,46
0,9830,635.334262165302,66,66
59,1993,822.218513079287,78,19
14,3033,226.385626751915,56,42
34,2652,435.681367407313,64,30
32,4371,663.215242630466,85,53
86,5069,3968.55845402629,90,4
81,1062,766.424721302305,86,5
85,7636,5889.19687020598,87,2
2,6637,329.068384447723,57,55
90,3309,2736.98715812329,92,2
2,4256,211.016279073303,78,76
89,5501,4490.75289169777,92,3
96,1446,1306.60740377379,99,3
69,6947,3843.62032676462,85,16
39,8363,1672.97351901877,82,43
98,3912,3668.05399650503,98,0
97,9755,8986.323999014,97,0
31,1849,269.595664334909,68,37
76,5392,3526.37054629653,88,12
72,3474,2073.45155803294,80,8
8,6802,406.482420911913,77,69
35,5288,903.841106799033,76,41
38,2578,495.929951212544,51,13
32,2209,335.173294662709,68,36
97,8839,8142.50310889643,98,1
51,3368,1058.01232131769,75,24
17,8746,732.656249818751,83,66
69,2390,1322.33375283827,94,25
66,9668,4929.33959695814,87,21
44,1031,250.078967169942,91,47
5,5058,273.239789549951,82,77
14,5704,425.751274313525,91,77
47,8276,2246.86708901312,73,26
45,5970,1503.91594713025,70,25
80,9660,6845.07204002236,93,13
17,7396,619.566158662186,70,53
5,7203,389.115501013898,85,80
12,5564,384.983415719649,85,73
96,9465,8552.58580685954,96,0
6,3403,189.877270401015,78,72
88,9751,7853.74232711034,89,1
32,1984,301.033868995389,50,18
55,4628,1672.02820327856,58,3
73,3518,2150.51891374318,92,19
35,2259,386.11517780995,66,31
49,9754,2850.49180009736,73,24
47,2754,747.68873406744,81,34
56,6647,2484.23778105976,58,2
27,8617,1071.16783010224,66,39
34,4565,749.95680324826,85,51
91,1684,1411.00562368204,92,1
57,8168,3156.46584122772,70,13
11,4120,274.600156949714,56,45
34,3399,558.40157157521,91,57
76,8559,5597.59004186795,83,7
63,6370,2976.24476458469,93,30
62,9127,4137.18393409972,90,28
61,6287,2763.26700665652,87,26
67,9002,4719.52137152708,86,19
23,5876,623.004897300754,87,64
33,4930,778.37648123074,64,31
36,3214,571.502727972512,91,55
64,8359,4023.31833199873,88,24
44,7378,1789.60486884561,86,42
95,1993,1766.70355354412,97,2
59,6758,2788.03447636218,72,13
54,3411,1190.75831152166,73,19
22,5757,586.713696792925,78,56
7,8447,487.481207244239,45,38
17,5945,498.015253278353,43,26
48,1343,378.349096144491,54,6
32,4930,748.032749066163,79,47
65,5811,2879.5501920565,95,30
45,5995,1510.213752604,86,41
7,4250,245.269933797563,60,53
61,8906,3914.37187232113,94,33
96,1309,1182.81403287682,96,0
75,9070,5803.80832220454,91,16
98,1431,1341.76515056204,99,1
37,8494,1571.07804002261,79,42
78,8516,5805.48685565719,94,16
49,7873,2300.79166928097,66,17
83,8311,6208.60417460248,92,9
32,4578,694.6235142444,65,33
53,6569,2214.86347151066,67,14
76,5580,3649.3226350769,81,5
27,8142,1012.12121071051,70,43
58,7809,3118.80943175024,91,33
93,6585,5664.1153766479,95,2
11,1874,124.903081098001,75,64
28,1291,167.011693949953,77,49
52,8785,2859.63450207935,75,23
86,9853,7713.9882516317,96,10
22,7111,724.704029510942,78,56
28,9272,1199.4829018621,78,50
46,6252,1635.23603979667,70,24
56,6862,2564.59149294901,79,23
5,1723,93.0787183460983,73,68
81,4287,3093.84442582202,95,14
62,3837,1739.27629616968,72,10
16,3796,305.930546185786,80,64
66,4434,2260.72525578324,75,9
51,1730,543.456447707722,67,16
0,5914,382.234672069745,81,81
37,8424,1558.13061091952,59,22
5,1854,100.155510048558,73,68
30,4138,579.765747537488,79,49
50,8188,2481.33046973839,90,40
43,1980,462.311543340122,82,39
87,5258,4176.40384957407,87,0
22,8876,904.580644907765,37,15
62,4860,2202.99265034783,73,11
87,5416,4301.90248179786,98,11
65,7658,3794.80216327115,81,16
63,2347,1096.58500195922,84,21
13,5465,392.677729863146,35,22
20,5501,518.11952062613,74,54
50,6143,1861.60394181765,62,12
45,4773,1202.37702104735,70,25
35,5160,881.962955953671,73,38
40,2286,475.459858843597,71,31
38,4485,862.779608684351,61,23
87,4384,3482.18989663992,90,3
6,3389,189.096112074358,80,74
42,7804,1753.62225329021,63,21
45,4317,1087.50504920625,67,22
86,4549,3561.44651950397,93,7
35,1052,179.811052260322,87,52
59,5405,2229.85000661994,86,27
84,9029,6855.57968929359,86,2
73,5502,3363.31866498435,82,9
55,9523,3440.51957213089,82,27
58,1497,597.881639048548,61,3
39,3667,733.563780251327,71,32
98,4724,4429.41898759964,98,0
68,3455,1861.39642418778,86,18
57,6133,2370.05448142135,87,30
51,1521,477.801882637829,79,28
28,5524,714.618588210334,71,43
38,4438,853.738217021438,80,42
77,8680,5797.80232147971,81,4
68,3799,2046.72793501864,83,15
59,5107,2106.90915519113,88,29
41,3555,768.619775480141,87,46
10,4396,282.365083007869,75,65
33,3301,521.180682463016,86,53
72,8617,5143.0431996459,82,10
57,4133,1597.1686241178,91,34
99,2293,2183.80952380952,99,0
59,5257,2168.79213409825,60,1
55,8127,2936.16534313848,85,30
92,1094,928.584860887653,99,7
8,3432,205.093747216949,75,67
11,8083,538.736181704985,88,77
3,7529,383.241342112931,72,69
84,9003,6835.83829246984,93,9
11,1852,123.436769580308,85,74
97,9233,8505.4566358684,99,2
78,6765,4611.80349677324,82,4
25,7051,809.338275378199,91,66
87,9218,7321.81260657546,89,2
13,3533,253.857350339706,57,44
58,8297,3313.71005957636,80,22
2,6361,315.384058079248,37,35
33,6021,950.629775555838,85,52
9,1994,123.490689151411,79,70
24,4124,454.928357644696,76,52
53,2551,860.118239583451,72,19
65,5766,2857.25114565441,92,27
15,2454,190.312439824434,89,74
64,9233,4443.98829517218,83,19
92,8567,7271.65128265496,92,0
90,2398,1983.46787705641,90,0
29,7491,1008.52499982008,75,46
33,3230,509.970798047726,87,54
26,5974,713.584764547909,72,46
10,3986,256.029850061275,77,67
74,9904,6196.38968097771,88,14
46,6210,1624.25076889592,58,12
52,6926,2254.50524318743,65,13
38,7780,1496.63887526516,78,40
96,2188,1977.07952936172,98,2
50,1783,540.328801605222,60,10
68,7570,4078.37074706267,81,13
38,1024,196.986916230273,83,45
76,4821,3152.93627664977,76,0
82,5334,3917.80055098326,86,4
20,1640,154.465736016516,88,68
0,6170,398.78050839877,83,83
58,9900,3953.92667106254,81,23
36,7042,1252.18488188626,45,9
74,7824,4895.04774474653,88,14
21,7804,764.53205657592,90,69
46,2021,528.600773581104,71,25
74,3054,1910.7203236779,74,0
26,6416,766.380959045763,89,63
84,1828,1387.97205360823,91,7
35,6644,1135.61276731709,73,38
64,1714,824.975190937411,81,17
21,4494,440.262309360864,73,52
6,6627,369.766873625485,85,79
82,2990,2196.14241609298,87,5
59,8004,3302.075754484,77,18
86,7119,5573.51896512393,97,11
91,5320,4457.57121020693,93,2
45,2438,614.16198979959,68,23
23,9501,1007.34675446808,52,29
82,8225,6041.22788373403,88,6
91,5617,4706.42433979931,91,0
69,5598,3097.24868133415,86,17
90,4840,4003.32966011385,94,4
81,9160,6610.59364136451,87,6
63,9097,4250.37654998852,68,5
5,7640,412.722813792334,20,15
5,2935,158.552546921531,83,78
97,1777,1636.97567875427,97,0
57,4917,1900.13988018079,84,27
24,2320,255.924779276357,56,32
71,8742,5090.89754263934,88,17
5,5752,310.730579179778,74,69
42,1156,259.762599282865,91,49
72,7336,4378.48031943859,76,4
36,4836,859.921341778179,60,24
43,7011,1637.00314664525,84,41
15,6735,522.312258442364,57,42
12,4614,319.25116465321,59,47
40,1437,298.878310217957,83,43
42,3964,890.74303075889,79,37
46,6050,1582.40211784546,70,24
72,1416,845.137422617918,79,7
57,6862,2651.7713764085,88,31
31,9127,1330.77319004041,84,53
54,6623,2312.04699419759,79,25
15,3625,281.125751574398,88,73
61,5428,2385.71867538279,79,18
37,8751,1618.61360115821,79,42
56,5609,2096.29753482235,73,17
2,1913,94.8482476191795,42,40
71,6443,3752.07651192236,73,2
71,8074,4701.88821314002,84,13
16,8880,715.664712889825,85,69
67,6695,3510.01950481824,77,10
19,2620,237.277887769975,80,61
93,3905,3358.90213300077,94,1
83,8976,6705.3821527171,84,1
80,9265,6565.17520194691,85,5
57,4418,1707.30485878355,82,25
25,5695,653.691884594929,75,50
74,2969,1857.54048493768,76,2
21,2317,226.988823050539,90,69
83,6321,4722.00541302638,87,4
8,4752,283.975957685006,65,57
40,1337,278.079541239671,51,11
71,6316,3678.11815137384,80,9
38,1214,233.537222952687,88,50
64,8088,3892.88176447011,92,28
56,3292,1230.34613739262,78,22
33,5543,875.160412872614,73,40
95,9300,8244.02561362786,97,2
93,4819,4145.08306758789,94,1
10,9212,591.707721717127,76,66
31,6482,945.11579027522,36,5
25,5204,597.333198846709,69,44
11,2936,195.685937088437,75,64
19,6084,550.99185847043,79,60
3,7366,374.944312126956,74,71
9,8157,505.172292581777,62,53
1,3959,191.74537272966,52,51
5,2252,121.655991709468,85,80
64,6296,3030.36394524034,79,15
73,1779,1087.48526081555,84,11
91,5360,4491.086783216,93,2
32,7144,1083.96469763259,81,49
70,7079,4019.57058647747,90,20
54,3867,1349.94499872597,72,18
4,5679,297.499069449305,70,66
21,2019,197.794749132084,74,53
14,3225,240.716665438485,84,70
80,9139,6475.8916535988,87,7
32,3089,468.696381717115,85,53
9,8691,538.243520268263,83,74
80,8383,5940.19036351009,89,9
90,7333,6065.37528876341,91,1
12,7752,536.375168702143,80,68
67,6745,3536.23324271831,67,0
50,3534,1070.9601709887,76,26
75,1551,992.470419816896,79,4
74,4025,2518.22177563967,92,18
17,4932,413.155799691982,68,51
83,9875,7376.96621636379,89,6
35,5657,966.91171353293,60,25
74,5204,3255.85742122456,84,10
69,3521,1948.09085512282,69,0
86,3702,2898.32381077241,92,6
33,2156,340.401560554457,83,50
30,2967,415.699606801287,71,41
97,7932,7306.97303538483,99,2
79,9347,6498.70209338693,79,0
5,7534,406.996554857519,75,70
95,9649,8553.39818773067,95,0
91,6030,5052.472631118,91,0
23,1418,150.343931989869,79,56
33,7542,1190.77391915664,33,0
48,9951,2803.38931923591,85,37
99,7896,7520,99,0
69,3181,1759.97643003286,71,2
93,6169,5306.29123136536,95,2
93,5221,4490.86505413496,98,5
56,6768,2529.46010263464,87,31
32,9794,1486.05126660324,53,21
33,6394,1009.52114016011,77,44
31,6366,928.202271041662,68,37
97,9264,8534.0138930667,97,0
37,3490,645.521822425112,83,46
21,1620,158.706039422474,33,12
46,4457,1165.74648582433,83,37
30,5689,797.072822073651,70,40
45,9566,2409.7922864737,81,36
65,6282,3112.9468777317,79,14
72,3742,2233.40694592956,84,12
90,9015,7456.6150590757,90,0
97,1738,1601.04880679511,97,0
49,2915,851.874471733014,78,29
74,6999,4378.8904863856,76,2
21,9177,899.040323321017,82,61
8,8701,519.965237335277,62,54
64,1716,825.937822432087,67,3
85,2719,2097.00449058277,88,3
97,5798,5341.12829792754,97,0
11,5325,354.914037805153,81,70
51,7070,2220.94629207722,67,16
62,4214,1910.16687830571,78,16
23,2065,218.942326910493,51,28
9,5399,334.366214006254,76,67
69,3194,1767.16904040394,82,13
0,9913,640.698732537603,74,74
28,3729,482.406356885651,68,40
48,6130,1726.93965701097,81,33
61,2265,995.514517270084,81,20
84,9904,7519.95362086208,84,0
44,4916,1192.42308691313,65,21
58,9468,3781.39168905254,90,32
16,5358,431.816613926091,72,56
22,1517,154.60216745438,79,57
87,2195,1743.47783374193,97,10
96,4492,4058.97680342452,97,1
32,1658,251.569634472961,64,32
95,4003,3548.47683132821,95,0
8,7878,470.783374293451,66,58
7,9903,571.507801034652,89,82
74,3949,2470.6727433543,74,0
6,9214,514.113772987056,74,68
39,6290,1258.28093203732,78,39
7,4330,249.886779610223,58,51
83,5647,4218.50412392976,85,2
11,5170,344.583206657773,34,23
81,5525,3987.28492014617,82,1
17,4409,369.34386067355,73,56
71,8557,4983.16292294267,71,0
21,4084,400.095966050238,49,28
9,2822,174.769671406862,42,33
8,8601,513.989312299819,90,82
31,3522,513.529437418903,61,30
71,1445,841.494732225332,85,14
67,5146,2697.91790467434,71,4
77,4705,3142.70275605554,87,10
56,6176,2308.20709129307,69,13
54,1131,394.824875500147,92,38
89,6351,5184.65217509044,93,4
31,1373,200.191912997204,80,49
32,6632,1006.27853789184,81,49
9,7261,449.681992943028,26,17
67,4952,2596.2086016221,79,12
84,3646,2768.35126228424,88,4
85,1970,1519.34492329829,94,9
41,7908,1709.77361026637,78,37
67,8800,4613.61787041084,81,14
45,3667,923.762106888883,67,22
99,7046,6710.47619047619,99,0
67,1735,909.616705132136,79,12
51,4456,1399.7930236911,78,27
78,5057,3447.43389256205,90,12
5,6105,329.800101858926,83,78
42,6680,1501.0503141951,88,46
76,8010,5238.54378261038,95,19
75,2318,1483.2665590816,78,3
37,5362,991.773069296117,76,39
97,7072,6514.73944859323,99,2
75,8211,5254.14224185463,88,13
57,4589,1773.38659958301,91,34
11,9539,635.779343966826,76,65
92,5534,4697.24736759806,92,0
26,2096,250.363854451359,82,56
38,6275,1207.12197201657,73,35
54,5826,2033.81938520235,76,22
76,5160,3374.64243673777,81,5
48,7936,2235.72481534079,69,21
38,8329,1602.2500246894,85,47
58,2717,1085.13320861383,74,16
43,4600,1074.05712089119,65,22
79,7155,4974.66711010843,83,4
35,4614,788.638968753922,84,49
68,5210,2806.9103820603,89,21
32,4276,648.80081845982,77,45
57,6148,2375.85112535113,71,14
7,8641,498.67705833994,88,81
62,8563,3881.52799689886,89,27
68,8124,4376.84068020305,88,20
15,2716,210.631045869259,76,61
92,4754,4035.18503533812,94,2
27,7700,957.176777508096,68,41
12,5280,365.332932242945,51,39
77,8847,5909.34990070634,80,3
58,6207,2478.99220679649,75,17
82,7143,5246.50343750908,92,10
69,3509,1941.45152247259,85,16
89,7120,5812.42693853628,96,7
97,6316,5818.31085369271,98,1
97,6318,5820.15325738292,99,2
64,9982,4804.49378992837,80,16
86,1464,1146.17667719363,93,7
34,5118,840.805896829046,78,44
56,5585,2087.32781814634,92,36
86,9154,7166.73586272573,93,7
55,5347,1931.79230832551,76,21
3,6754,343.792273161208,72,69
87,4921,3908.72638717269,97,10
11,9435,628.847689519552,71,60
45,6072,1529.61099346313,72,27
73,1626,993.957860644231,75,2
9,1747,108.193698067962,80,71
57,5017,1938.78417304597,90,33
38,6757,1299.84432907027,82,44
21,2372,232.376991055623,83,62
70,4147,2354.73360956661,75,5
84,5856,4446.36999230294,86,2
27,7169,891.168872461759,81,54
65,7955,3941.97586952494,77,12
20,9025,850.032480212839,52,32
48,5945,1674.82157600819,90,42
38,5590,1075.3484977805,69,31
20,2139,201.464761792273,67,47
60,5725,2438.48454479871,86,26
63,5163,2412.3001129593,67,4
35,9190,1570.78286147563,58,23
1,6362,308.129341072518,10,9
17,7691,644.278437840843,70,53
73,9428,5763.24397918438,78,5
96,9477,8563.42902182862,97,1
9,5960,369.109582418462,71,62
98,7311,6855.09784469537,98,0
64,1374,661.327836842475,86,22
20,4667,439.568042676268,78,58
83,9963,7442.70525707671,86,3
40,6711,1395.80538613271,77,37
79,9760,6785.84919561961,87,8
31,2367,345.123276084765,56,25
56,1097,409.990799732594,74,18
51,9936,3121.26200255718,54,3
1,5052,244.682400361264,74,73
18,9696,844.440845067866,81,63
66,3048,1554.0574153422,91,25
62,1455,659.537923097961,90,28
61,2640,1160.33480158632,73,12
48,9651,2718.87351220438,66,18
0,1919,124.029140294528,53,53
92,1621,1375.90133409405,94,2
41,6360,1375.08348018388,82,41
63,3574,1669.87422113433,85,22
91,3210,2689.62473397824,91,0
73,7703,4708.76838901753,74,1
41,6405,1384.81284443046,71,30
11,5560,370.576910835051,47,36
64,9520,4582.1259146582,88,24
52,3956,1287.73068756129,74,22
86,8462,6624.96382678448,92,6
17,4115,344.715351932787,72,55
86,2678,2096.62646278998,89,3
26,5600,668.911061511264,73,47
66,5348,2726.73853584321,69,3
83,3782,2825.28468154814,87,4
22,5654,576.216647849088,68,46
31,4142,603.929281598266,74,43
12,7774,537.897389253155,80,68
8,2533,151.370181148174,71,63
24,5162,569.432633889894,81,57
80,3806,2696.93003978521,84,4
56,8673,3241.43136379288,71,15
75,1469,939.999385371386,84,9
68,8727,4701.709578549,79,11
77,3289,2196.88615614594,87,10
93,2078,1787.40041802192,96,3
16,4471,360.330735510181,78,62
21,4500,440.850109506873,74,53
8,7108,424.768751520417,73,65
55,3415,1233.78917765693,77,22
49,4618,1349.55619569916,81,32
45,5745,1447.23569786655,73,28
74,4183,2617.07371118031,77,3
52,6680,2174.42896686284,71,19
68,4734,2550.46329149203,93,25
9,3813,236.14342915463,71,62
97,9575,8820.50766689482,98,1
1,1473,71.3414837157841,83,82
69,6165,3410.95714905771,71,2
75,1020,652.688477249022,78,3
66,3651,1861.50381345616,87,21
39,1938,387.686557438525,91,52
60,8092,3446.67544742552,93,33
33,8104,1279.50568030302,87,54
76,7081,4630.97734390314,87,11
38,9309,1790.7726593629,50,12
49,9138,2670.47304380661,50,1
4,9205,482.211469322214,77,73
89,8349,6815.72366711228,94,5
26,1912,228.38534814456,65,39
58,3909,1561.20195527106,74,16
50,2955,895.497256726545,81,31
43,1882,439.429456851571,87,44
49,6513,1903.3476618858,78,29
0,3947,255.103187463524,68,68
99,6707,6387.61904761905,99,0
29,6557,882.779124792452,62,33
34,2861,470.016739122294,60,26
66,6193,3157.57138228814,79,13
9,1073,66.452111062921,60,51
90,2954,2443.35450743312,97,7
73,1286,786.119193596852,92,19
67,8707,4564.86031791672,89,22
60,6250,2662.10103143964,66,6
69,9993,5528.90426448234,84,15
67,5356,2808.0156038546,76,9
90,9454,7819.72698485875,92,2
17,6378,534.287852886347,79,62
3,5215,265.454057526755,86,83
50,1032,312.7421891512,76,26
31,8001,1166.59540851466,83,52
90,7319,6053.79540958126,93,3
25,2326,266.986360591362,68,43
68,9078,4890.8123701235,75,7
14,9402,701.773050682987,60,46
57,8567,3310.65656975978,84,27
67,5015,2629.23791137618,84,17
50,3224,977.016296340569,81,31
51,1321,414.974547642717,66,15
31,1174,171.176479139634,76,45
10,2925,187.879405777529,67,57
40,1173,243.969560115284,81,41
82,7816,5740.81910507783,83,1
6,8520,475.390638794195,62,56
38,4409,848.159485995386,82,44
23,1895,200.918019126094,77,54
94,6877,5999.75084812644,94,0
45,3427,863.303174340933,82,37
12,5020,347.343053003709,53,41
23,2672,283.299708234788,75,52
75,8144,5211.26956736866,84,9
12,4932,341.25417079966,50,38
15,1860,144.246592531967,78,63
85,3109,2397.78851093117,97,12
47,2547,691.489907650606,53,6
32,6062,919.791992867967,71,39
54,7153,2497.06660871136,75,21
42,6231,1400.15636343558,85,43
43,4740,1106.74581587484,80,37
2,2463,122.117738570852,87,85
14,5204,388.430861067248,80,66
66,3182,1622.3788371453,78,12
78,5562,3791.70008116079,88,10
27,1788,222.263906257724,83,56
60,4428,1886.04533875435,94,34
90,2018,1669.15687068383,90,0
74,2094,1310.10096849428,85,11
21,6177,605.140250316435,79,58
10,6242,400.937863543021,74,64
13,6801,488.673603073972,70,57
24,8620,950.892929897498,74,50
48,5408,1523.53828142175,79,31
49,2565,749.591087476906,60,11
89,8600,7020.62804373765,90,1
78,4675,3187.01867663191,78,0
24,9764,1077.09032105791,51,27
90,9080,7510.37878384995,91,1
32,5854,888.231990473289,82,50
61,2934,1289.55390449025,80,19
73,5354,3272.84771579902,79,6
89,9459,7721.8744960133,95,6
62,7296,3307.20871953452,64,2
80,7641,5414.40946768229,88,8
83,3941,2944.06317556351,84,1
65,8963,4441.47450893174,90,25
80,4329,3067.5276253889,85,5
34,6080,998.847177163071,91,57
56,1545,577.425511018102,62,6
50,4124,1249.75657757708,74,24
95,3211,2846.40497261925,98,3
4,4586,240.241368637879,71,67
30,4927,690.310739032673,82,52
84,8282,6288.39417285741,91,7
58,3511,1402.2461153637,71,13
47,6456,1752.75180360907,78,31
57,5058,1954.62833312069,78,21
54,6631,2314.83974309591,78,24
96,6308,5699.91666874485,96,0
19,3730,337.804015794659,89,70
57,5494,2123.11745001287,90,33
93,4307,3704.68411954784,94,1
74,7364,4607.25097038771,78,4
9,4386,271.629971222713,75,66
89,2462,2009.85886554443,89,0
12,3060,211.727040277162,61,49
48,2328,655.842662564687,63,15
45,2094,527.504186480862,86,41
88,9819,7908.51152803778,92,4
76,2966,1939.76540065198,81,5
21,6918,677.733568348567,55,34
91,8661,7256.95944578989,95,4
67,9396,4926.08562617957,80,13
40,8862,1843.18690685562,68,28
93,3652,3141.28312156691,96,3
95,4828,4279.80168415003,98,3
31,1017,148.284905694215,79,48
80,7186,5091.99665420297,80,0
33,6790,1072.04387577215,72,39
66,9878,5036.41048187345,86,20
47,7089,1924.60618584026,73,26
47,5246,1424.2465863899,49,2
41,5352,1157.1457210604,82,41
43,9389,2192.24398001031,81,38
81,6538,4718.34729555035,83,2
81,5390,3889.85804879418,97,16
86,8053,6304.75463213134,98,12
19,5711,517.211456890964,74,55
37,3420,632.574393322029,85,48
44,1723,417.93022350515,75,31
89,6418,5239.34776566375,92,3
17,3535,296.128497954412,83,66
58,2186,873.058959893204,69,11
22,4035,411.219344547413,76,54
13,1176,84.4993614490503,68,55
10,1854,119.086638738988,78,68
29,2815,378.987835334871,66,37
0,5164,333.760542199554,89,89
79,5352,3721.09271464714,85,6
59,3412,1407.63149354066,75,16
43,1586,370.316216029007,79,36
45,3764,948.197592127012,78,33
34,2099,344.832273826527,67,33
15,1594,123.617778761266,53,38
27,6024,748.835442559581,65,38
29,6289,846.697867289878,91,62
42,9062,2036.30508192156,72,30
83,8253,6165.27617049624,93,10
31,1871,272.803400741274,82,51
96,5961,5386.36703588904,99,3
60,5117,2179.51535646026,81,21
79,4833,3360.24684041286,84,5
74,5494,3437.29451810294,75,1
47,1217,330.405660624573,50,3
53,1347,454.166706671465,75,22
83,4189,3129.32774484536,92,9
98,6803,6378.77590445392,99,1
1,8213,397.778415314145,53,52
78,7325,4993.56402274412,84,6
78,9087,6194.7462491025,89,11
79,3759,2613.52532032112,79,0
81,5565,4016.1521412875,87,6
58,4281,1709.77374533523,63,5
61,5617,2468.78809867817,73,12
16,3715,299.402523466858,86,70
63,5407,2526.30383706584,65,2
50,4991,1512.49638183492,56,6
0,8811,569.474077715002,88,88
60,1536,654.237949486605,79,19
15,8229,638.17484405675,44,29
68,1593,858.235746376596,82,14
89,5606,4576.46986199922,93,4
33,2707,427.396579044952,82,49
10,2384,153.129744743121,87,77
56,7483,2796.68291194075,81,25
70,8537,4847.44654566438,81,11
36,3064,544.8302297784,91,55
28,3396,439.327430405919,92,64
99,5008,4769.52380952381,99,0
30,6523,913.922660992516,85,55
5,6489,350.544285169955,55,50
80,5707,4043.97786049768,83,3
4,6851,358.895250008309,45,41
6,5779,322.450997839396,55,49
85,2852,2199.57955393235,90,5
7,3162,182.480830745387,87,80
98,4291,4023.42016845683,98,0
39,9863,1973.04051394023,82,43
7,6862,396.009949580913,81,74
61,1597,701.91465080809,67,6
47,1473,399.907590879208,85,38
50,3909,1184.60195483725,67,17
69,8204,4539.09042187663,71,2
92,1860,1578.76402308139,94,2
46,5553,1452.40974551998,51,5
33,1758,277.563053550434,68,35
4,6085,318.76771220268,79,75
97,6406,5901.2190197523,99,2
77,1945,1299.16192572328,79,2
50,4119,1248.24135379243,71,21
22,8259,841.700264341284,82,60
80,5977,4235.29974981508,85,5
35,3920,670.018369639223,58,23
77,6152,4109.22579282756,91,14
67,1536,805.286028289891,82,15
76,2104,1376.01699358455,84,8
67,5744,3011.43420995907,67,0
43,2926,683.19372515818,79,36
54,3595,1254.99153618305,86,32
27,6385,793.710873297298,84,57
94,4905,4279.30462557222,96,2
42,6156,1383.30325362052,76,34
60,1114,474.492887843801,78,18
47,5874,1594.7435090458,80,33
76,9174,5999.80033229309,86,10
81,5480,3954.80929636218,86,5
93,2748,2363.7037289337,94,1
7,4953,285.840466376313,62,55
98,2482,2327.22648755764,99,1
80,5217,3696.76406136611,84,4
38,1246,239.693064084883,89,51
21,4962,486.110720749579,76,55
30,5451,763.727184588411,74,44
79,2407,1673.51834158365,79,0
38,4088,786.408704638044,89,51
20,4354,410.08769183897,61,41
8,8545,510.642794279962,74,66
40,8640,1797.01363972383,71,31
15,8624,668.807856986926,30,15
83,3145,2349.42367093308,84,1
45,2367,596.276222254155,92,47
26,1019,121.717923514282,79,53
92,8080,6858.28672392344,95,3
3,7120,362.422414111312,82,79
53,2938,990.602660876589,69,16
60,7590,3232.85549258029,83,23
38,5162,993.014122637374,84,46
14,5963,445.083248375096,61,47
1,8033,389.060515063743,81,80
50,8929,2705.88663462312,72,22
80,8050,5704.22670001864,91,11
37,4636,857.489733169862,72,35
57,8231,3180.81174573278,87,30
22,4806,489.794341981379,88,66
66,5644,2877.65749743812,84,18
80,5480,3883.12575355306,81,1
23,8499,901.109363880039,50,27
17,2861,239.667222814023,84,67
27,4877,606.253395312595,77,50
83,2389,1784.66554844487,94,11
80,9400,6660.83614660561,93,13
28,3558,460.284745990654,43,15
74,3864,2417.49290461408,83,9
7,9007,519.79912793286,82,75
47,7401,2009.3116633381,78,31
97,1466,1350.48190492614,98,1
15,5953,461.666648033763,74,59
50,1683,510.024325912276,82,32
67,7267,3809.90466639495,74,7
43,5556,1297.2742094938,63,20
23,7518,797.098505430066,68,45
11,5763,384.106967111943,42,31
96,5295,4784.56860510526,99,3
53,2376,801.11365631136,76,23
41,9531,2060.6793474265,91,50
10,3549,227.960345676735,28,18
18,6145,535.17832022917,87,69
70,1624,922.133441508604,94,24
22,5485,558.993334533472,72,50
87,6318,5018.3566986704,93,6
97,8262,7610.96964426998,97,0
57,1622,626.810430273184,72,15
70,4699,2668.16812909417,85,15
73,1884,1151.67073152136,84,11
97,7402,6818.73605747838,97,0
14,2978,222.280381294824,75,61
24,2617,288.687563519925,81,57
93,5207,4478.82289539949,96,3
89,7140,5828.75398049847,92,3
13,3706,266.287953682126,79,66
61,7102,3121.47642457048,61,0
23,1317,139.635372659138,66,43
57,6414,2478.6449443725,89,32
49,9856,2880.300100652,85,36
16,2086,168.11673323065,73,57
45,5506,1387.02867753755,87,42
92,5846,4962.07230050203,93,1
28,1678,217.076392291264,69,41
57,7340,2836.49109630405,85,28
74,9546,5972.40871310715,79,5
74,7971,4987.01758350902,83,9
77,7807,5214.68234145071,79,2
34,5489,901.755288725016,79,45
12,1168,80.8160728901061,49,37
15,9510,737.518868268282,82,67
91,2579,2160.91656976009,91,0
21,4464,437.323308630818,91,70
77,9387,6270.0426718583,89,12
61,7657,3365.41044535851,71,10
81,6402,4620.19874366983,92,11
8,3383,202.165543949574,74,66
47,6553,1779.08651936962,83,36
43,6278,1465.85447933802,66,23
41,4587,991.746528868468,60,19
82,6456,4741.90482886163,82,0
99,2483,2364.7619047619,99,0
91,5232,4383.83694958696,97,6
95,5709,5060.76798152704,95,0
99,7581,7220,99,0
1,5693,275.727811808526,86,85
31,1039,151.492642100579,78,47
81,2970,2143.39116974373,82,1
37,9716,1797.10315950785,71,34
37,2909,538.058160869527,64,27
96,8873,8017.65386838507,96,0
20,4318,406.696980560558,56,36
64,4847,2332.93742734751,93,29
58,1218,486.452796500422,75,17
97,1554,1431.54766729551,97,0
56,8278,3093.80477683356,70,14
19,8229,745.251808572184,76,57
97,1701,1566.96433852617,99,2
80,9270,6568.71819989724,80,0
36,2631,467.835618324729,78,42
19,2405,217.806610720149,67,48
92,2315,1964.96705023301,96,4
1,5861,283.864518708901,87,86
1,5125,248.217993240593,56,55
84,7064,5363.58566011407,97,13
19,2516,227.859223522617,30,11
99,3647,3473.33333333333,99,0
50,7673,2325.26241991972,53,3
85,9189,7086.93426405483,87,2
63,6624,3094.92077246608,75,12
2,4453,220.783714923265,82,80
77,2038,1361.28123631056,81,4
74,7080,4429.56774447922,75,1
30,1978,277.133071200858,65,35
19,6095,551.988063342747,65,46
22,7296,743.557952371232,83,61
51,1334,419.058324417399,88,37
28,1095,141.655929415336,83,55
39,9687,1937.83265320278,71,32
79,2184,1518.47281180668,81,2
35,6374,1089.46354287766,83,48
72,8305,4956.82647940806,73,1
71,6830,3977.44568934188,72,1
2,9329,462.540147432998,82,80
0,1088,70.3198043983569,84,84
14,5179,386.564840404934,90,76
77,6077,4059.12957461201,86,9
76,8536,5582.54803100652,81,5
95,2680,2375.69770371211,98,3
3,5563,283.167962036689,69,66
79,5503,3826.07870117774,82,3
21,2561,250.892695654912,85,64
24,5996,661.43317954355,89,65
84,6472,4914.08924012716,85,1
18,4860,423.26552258971,73,55
35,8897,1520.70240680617,65,30
86,6108,4781.99941550456,90,4
17,1909,159.917765939172,81,64
51,7791,2447.4388347346,83,32
90,5594,4626.98886749523,90,0
59,8136,3356.53277592227,80,21
69,1751,968.789289213308,78,9
84,6967,5289.93506427162,92,8
61,8968,3941.62215932808,79,18
31,3682,536.85842946519,71,40
59,2081,858.523194038132,68,9
9,1930,119.527096320072,74,65
55,7322,2645.3307053599,91,36
65,1832,907.81895574729,74,9
34,3139,515.687712025474,58,24
32,6208,941.944686856539,85,53
55,6718,2427.11440570989,67,12
82,5212,3828.19206444033,86,4
34,1553,255.133168772081,82,48
92,2368,2009.95333691222,93,1
77,3619,2417.30951629436,78,1
14,6795,507.184416016901,60,46
57,2957,1142.71174002331,79,22
72,5338,3185.97709176162,84,12
65,1803,893.448459177054,70,5
43,8812,2057.519858542,90,47
96,5322,4808.96583878568,97,1
17,8016,671.503830156312,30,13
13,5775,414.952221401586,88,75
53,4839,1631.56101973513,72,19
95,8618,7639.46373529515,95,0
38,5081,977.432149771503,74,36
39,5841,1168.46087822416,60,21
95,4189,3713.35734360076,97,2
78,2143,1460.91572706357,96,18
43,2622,612.21255890798,75,32
87,3667,2912.68028078891,90,3
58,6512,2600.80509918781,75,17
12,5963,412.590961167554,75,63
18,2499,217.642086615573,63,45
75,7836,5014.18324286602,84,9
84,8657,6573.12585781533,97,13
5,2322,125.437483458874,62,57
57,7272,2810.21297715573,73,16
28,1799,232.729695907022,65,37
23,9660,1024.20478351349,68,45
80,4463,3162.47997045754,88,8
62,1154,523.09743179041,87,25
86,5589,4375.67038854862,91,5
68,1549,834.530553130789,81,13
23,1438,152.464438788033,62,39
96,1071,967.756935990129,98,2
31,7254,1057.67817689856,69,38
65,1529,757.672043306553,69,4
90,6629,5483.07279274685,94,4
9,2905,179.909955860005,29,20
56,8849,3307.20928608362,61,5
32,9485,1439.16645535346,72,40
61,3977,1747.97405526849,82,21
61,7428,3264.76019173606,73,12
58,5860,2340.40508004308,83,25
10,5826,374.21723694355,72,62
53,2344,790.324246798749,61,8
67,5014,2628.71363661817,72,5
55,1141,412.226486590501,56,1
27,2153,267.636571685056,81,54
89,6066,4951.99182712937,89,0
94,8155,7114.72563130305,96,2
87,3341,2653.74006493476,93,6
56,1177,439.889855319292,68,12
30,3704,518.958996829109,87,57
46,6620,1731.48793721272,79,33
49,9055,2646.21726982588,79,30
71,9530,5549.78878761759,92,21
3,7476,380.543534816878,69,66
19,8422,762.730675877377,73,54
41,6440,1392.38012773336,89,48
48,3388,954.465180742766,64,16
89,8303,6778.17147059927,92,3
69,3614,1999.54568316213,71,2
49,4615,1348.67948097697,64,15
84,7148,5427.36555754464,86,2
51,7605,2389.00941318915,70,19
4,6577,344.54153544076,68,64
27,6721,835.478587224924,91,64
70,3624,2057.76575863743,78,8
1,6968,337.479605248869,79,78
2,2192,108.681316665573,85,83
9,4700,291.076348551471,71,62
82,2979,2188.06296238829,88,6
31,1909,278.344036352267,64,33
40,2458,511.233741486247,90,50
54,2655,926.843540630318,79,25
10,2325,149.340040489831,75,65
87,2065,1640.21946545653,93,6
58,9685,3868.05856658997,63,5
35,3554,607.460532065765,55,20
37,3603,666.422672262945,84,47
7,1546,89.2205453296548,74,67
18,3534,307.781966426345,77,59
2,3146,155.981488243564,86,84
38,5642,1085.35173962031,59,21
1,3603,174.503303345533,81,80
41,1589,343.554661951601,80,39
37,3738,691.392714104604,86,49
61,9566,4204.45557271771,69,8
15,2000,155.103862937599,20,5
63,7521,3514.02462707087,67,4
63,5214,2436.12876021108,89,26
77,5947,3972.29612970505,87,10
66,4249,2166.40090478642,78,12
17,7368,617.220586401161,85,68
3,9016,458.932652475785,40,37
18,1979,172.3544175319,78,60
57,7675,2965.9494774024,58,1
85,9536,7354.55491805712,90,5
98,7536,7066.06720799129,98,0
88,4472,3601.88039040482,93,5
94,4869,4247.89688520105,95,1
82,9308,6836.68682575031,85,3
34,9497,1560.20586209173,65,31
12,6547,452.998997612607,72,60
30,2949,413.177667831815,78,48
24,1903,209.924506449529,48,24
75,2792,1786.57473380321,88,13
45,1826,459.991711802318,59,14
9,3497,216.573189549893,83,74
85,2335,1800.84791670128,85,0
81,9002,6496.56811785626,87,6
18,3408,296.808415840686,84,66
56,6200,2317.17680796908,79,23
61,5685,2498.67551023418,78,17
51,3344,1050.47304111828,80,29
78,5767,3931.45170227513,80,2
49,5298,1548.27819939674,70,21
0,2599,167.979018043501,57,57
47,7582,2058.45169996345,61,14
25,6531,749.65086888314,70,45
63,9101,4252.24546349847,90,27
61,5256,2310.12110497641,61,0
97,3646,3358.70192725833,99,2
29,6148,827.714817633673,78,49
59,5675,2341.23936865276,63,4
62,3831,1736.5565521569,92,30
96,6127,5536.36484296127,98,2
32,5515,836.795255801194,61,29
74,1723,1077.98661352227,83,9
5,7441,401.972572961879,80,75
43,3999,933.729223139974,84,41
68,2405,1295.70431264012,73,5
49,9538,2787.36834009931,79,30
37,3525,651.995536976653,73,36
97,6784,6249.43331720256,99,2
75,1702,1089.09391007631,76,1
45,5379,1355.03582573092,86,41
22,7343,748.347867908711,76,54
24,2394,264.087897236034,74,50
64,7936,3819.72177087473,82,18
71,3484,2028.90494607132,77,6
81,8141,5875.20118278914,81,0
55,4523,1634.09325052483,83,28
58,6409,2559.66828634746,74,16
47,1851,502.531534770817,92,45
85,8138,6276.35989126981,90,5
18,4511,392.87052930086,38,20
60,4774,2033.41925185485,72,12
80,3789,2684.88384675411,82,2
37,1240,229.354458397461,84,47
1,7981,386.542010546961,82,81
97,4930,4541.52509637509,97,0
64,4665,2245.33796133198,92,28
29,4096,551.450860934861,87,58
20,2517,237.067230215592,79,59
9,4395,272.187351464621,78,69
96,2602,2351.17044579488,96,0
48,1170,329.611647422974,75,27
33,8981,1417.97143568626,91,58
75,4732,3027.96262190429,87,12
98,1567,1469.28441015424,99,1
46,8567,2240.73370968299,88,42
2,3672,182.061037771891,68,66
2,8058,399.522832888316,60,58
90,5006,4140.63394184503,96,6
15,9281,719.759475961927,82,67
85,9043,6974.33306669364,95,10
22,3702,377.28228339889,54,32
26,7697,919.394364366464,74,48
54,9900,3456.02676167237,63,9
46,4374,1144.03749809191,89,43
91,2380,1994.17659403994,96,5
73,7173,4384.7845845025,89,16
39,7438,1487.93220548387,86,47
65,6090,3017.80427974945,90,25
44,2948,715.065756757505,80,36
26,1489,177.858673319691,63,37
20,9439,889.025659914569,71,51
27,8957,1113.43277871948,84,57
88,7763,6252.54862940802,91,3
72,7440,4440.55255951788,77,5
30,3321,465.297739867568,62,32
81,3972,2866.51505933404,83,2
77,1238,826.921575344687,86,9
66,4035,2057.29057444416,84,18
56,4348,1625.01367113703,62,6
42,1106,248.527192739488,74,32
1,6210,300.767558638845,77,76
13,2359,169.501695287678,73,60
79,2657,1847.336200078,82,3
65,6961,3449.41471122101,81,16
74,2339,1463.38403309843,82,8
21,1948,190.839114070975,63,42
26,7497,895.504683598205,80,54
16,2903,233.961110531437,73,57
65,6237,3090.64783132961,75,10
88,6671,5373.0196968673,91,3
20,2230,210.035726412701,77,57
3,8338,424.421079896084,78,75
33,5008,790.69156551796,71,38
47,5379,1460.3550110925,67,20
13,7536,541.485703979628,88,75
20,6197,583.673272008749,79,59
37,5479,1013.41377222555,75,38
91,6073,5088.50187210276,93,2
6,7728,431.199396314735,88,82
77,5315,3550.15199754201,85,8
32,2343,355.505219282357,88,56
95,2133,1890.80716493207,95,0
8,9212,550.502214266472,84,76
71,4543,2645.61285017279,86,15
8,1192,71.2330264226699,74,66
19,9152,828.842453767485,72,53
45,5820,1466.12911428778,77,32
82,3706,2722.04140268916,86,4
66,3727,1900.25327656837,67,1
40,4059,844.222032828591,73,33
68,8103,4365.5268379721,74,6
45,2245,565.54293154228,76,31
72,6764,4037.08299900254,76,4
93,8345,7177.98676053557,97,4
79,4551,3164.18029603123,80,1
0,6148,397.358600589245,64,64
79,7788,5414.77392781614,94,15
27,6818,847.536528448078,84,57
71,3128,1821.58859681719,78,7
96,5539,5005.04730947649,99,3
17,3050,255.499835575942,68,51
56,2233,834.557389063704,63,7
16,3904,314.634576477689,80,64
42,1197,268.975632648434,74,32
30,9879,1384.1241710785,84,54
81,6352,4584.11471724316,91,10
61,8998,3954.80778207338,68,7
62,7059,3199.7788310299,71,9
59,5961,2459.22958176901,85,26
80,5761,4082.24223836116,89,9
85,3732,2878.27170241078,86,1
41,2927,632.841092216701,90,49
40,1939,403.288130488948,86,46
87,4966,3944.46966850225,96,9
60,5623,2395.03905596561,83,23
81,1389,1002.41425413268,81,0
91,9404,7879.51121443345,91,0
55,2952,1066.51410027621,78,23
40,9111,1894.97584161155,87,47
93,2503,2152.96595106298,94,1
28,7584,981.112848114985,64,36
24,5742,633.413828708983,82,58
3,9525,484.841782922788,77,74
13,6551,470.710303446198,77,64
2,7052,349.644454893076,74,72
66,1313,669.447961399052,80,14
68,9746,5250.7003039462,92,24
67,3736,1958.6904958926,87,20
42,1262,283.581661154823,88,46
95,4876,4322.35149376876,95,0
16,7665,617.744372105913,60,44
90,6740,5574.88469197673,92,2
32,8308,1260.57932641819,80,48
22,1755,178.857484431402,54,32
20,7581,714.027283378785,51,31
14,5499,410.449904882551,76,62
55,8779,3171.72333547591,76,21
28,7230,935.317232577972,29,1
40,9341,1942.81301026161,78,38
92,3944,3347.65876722203,93,1
97,4148,3821.1452535018,98,1
41,4648,1004.93522262495,76,35
74,8340,5217.88064815772,92,18
28,4116,532.471055226962,85,57
53,6527,2200.70237152536,85,32
98,2380,2231.58704286349,99,1
95,4388,3889.76176264506,98,3
53,1642,553.631575615847,74,21
15,5328,413.196690865763,73,58
33,9172,1448.12760362035,77,44
62,6553,2970.4137526192,90,28
80,6619,4690.22068663644,85,5
94,7553,6589.51841731845,96,2
80,7069,5009.09050216543,89,9
35,7796,1332.51612492535,70,35
0,7375,476.662277056877,67,67
61,6721,2954.01901570518,68,7
66,8860,4517.37162071257,84,18
86,5120,4008.48673991214,98,12
13,8562,615.207085652014,66,53
16,4980,401.352507904429,91,75
66,3743,1908.4110582762,77,11
1,4859,235.334873981667,84,83
14,6635,495.241883778092,81,67
64,2356,1133.97990072844,81,17
90,4895,4048.82204261515,90,0
42,7410,1665.0872497284,85,43
15,5054,391.947461643312,76,61
24,4676,515.820805127692,30,6
48,7370,2076.27165940796,84,36
64,2166,1042.52990873421,79,15
31,3861,562.957739316974,66,35
42,5479,1231.1758490232,72,30
18,5506,479.526742259042,90,72
60,1834,781.166926665647,93,33
63,5892,2752.90960014646,70,7
90,5691,4707.22088754296,93,3
47,7515,2040.26174165461,88,41
79,3296,2291.61464638957,82,3
24,8469,934.235756763563,79,55
80,5547,3930.60192608738,91,11
8,7506,448.552933161544,87,79
83,3908,2919.41103529617,85,2
73,1892,1156.56105309894,78,5
93,2589,2226.93921186658,94,1
33,8770,1384.65755383237,92,59
86,5702,4464.13894355059,86,0
96,1617,1461.12321708314,98,2
58,4771,1905.4731462262,77,19
14,6404,477.999852858312,50,36
65,8660,4291.32759649101,79,14
2,4395,217.90802315018,89,87
17,1073,89.8856798599953,82,65
12,2253,155.889222792302,63,51
74,7245,4532.7991961514,76,2
57,2431,939.442759552472,70,13
21,5954,583.293678223094,23,2
7,4851,279.953987965172,74,67
83,5997,4479.9662176743,84,1
66,1787,911.122244493607,79,13
82,1512,1110.55763649919,97,15
96,6343,5731.54271240466,98,2
19,3386,306.649972514937,82,63
6,5842,325.966210309353,84,78
98,5751,5392.37692584367,98,0
99,1409,1341.90476190476,99,0
12,5583,386.298060740978,84,72
35,2218,379.107332617295,43,8
41,1464,316.528650155535,71,30
47,7320,1987.32081821847,60,13
31,1077,157.033277711572,66,35
83,3599,2688.57735824742,97,14
82,1497,1099.54019962916,84,2
3,9789,498.2799173786,58,55
86,3727,2917.89649993214,87,1
38,3445,662.71477188798,38,0
13,2418,173.741033999833,67,54
2,2470,122.464804819327,31,29
68,5808,3129.0855084465,80,12
62,2494,1130.50692797685,76,14
54,9691,3383.06619670373,93,39
43,9269,2164.22509859575,84,41
81,2693,1943.48566334003,83,2
67,1455,762.819772891792,75,8
24,9826,1083.92969015926,76,52
84,4895,3716.69759431744,94,10
78,5790,3947.13115244894,83,5
68,4840,2607.57125703875,70,2
46,3256,851.62004887683,64,18
90,4703,3890.01227097427,90,0
82,3797,2788.88051970068,82,0
1,2901,140.503492368968,69,68
12,3007,208.059872586086,77,65
91,6057,5075.09564289913,97,6
80,4168,2953.44309138853,83,3
97,1378,1269.41614255677,99,2
73,4817,2944.5848799036,82,9
31,7087,1033.32854145024,50,19
93,4883,4200.13293609289,98,5
58,9898,3953.12789799768,77,19
71,5661,3296.67936271806,80,9
99,7493,7136.19047619048,99,0
69,4798,2654.62650465189,69,0
32,8985,1363.30106498164,43,11
69,2922,1616.67750033197,85,16
99,4731,4505.71428571429,99,0
25,2392,274.562069877273,83,58
25,3512,403.119560789708,82,57
0,9654,623.958999689097,81,81
4,9186,481.216138750011,84,80
74,5346,3344.6990341788,78,4
73,3177,1942.0689564986,83,10
29,8093,1089.57319764302,65,36
40,6080,1264.56515387973,85,45
41,8353,1805.98621226037,50,9
19,5818,526.901813376227,41,22
18,5556,483.88132582478,78,60
30,2179,305.294723026628,74,44
45,4736,1193.05626894621,80,35
16,4627,372.903223709597,88,72
61,8045,3535.94449953105,64,3
40,9657,2008.53712023299,77,37
16,7819,630.155674559183,88,72
39,6754,1351.10165579969,83,44
15,5577,432.507121801494,76,61
80,2855,2023.05182963394,95,15
44,8745,2121.18386799334,66,22
46,8214,2148.40512330291,89,43
45,5007,1261.3244802816,87,42
74,7246,4533.42484131305,75,1
28,3408,440.879824152936,72,44
51,8779,2757.80586961046,84,33
46,4866,1272.72210007207,88,42
94,8506,7420.95109992198,95,1
77,5745,3837.37031531117,94,17
35,1962,335.35103092657,65,30
38,3498,672.91038376318,69,31
27,8094,1006.15439443513,86,59
42,9261,2081.0219999642,87,45
43,4451,1039.26700980146,76,33
49,5614,1640.62548346797,73,24
36,6634,1179.63568679827,87,51
17,9933,832.091759598634,70,53
50,6813,2064.64392896039,68,18
30,7720,1081.6316024624,87,57
97,5937,5469.17535439734,97,0
12,5531,382.700084893131,74,62
78,9636,6569.00790759896,81,3
77,3869,2584.2969103462,92,15
2,9494,470.7209947185,87,85
43,4924,1149.70810071049,70,27
17,7008,587.06322875941,85,68
79,9107,6331.83694923235,83,4
90,5581,4616.23612254037,92,2
95,4976,4410.99693047443,96,1
9,7778,481.70039128369,71,62
82,1276,937.216629744027,92,10
3,8987,457.456493766624,45,42
95,9865,8744.87233101493,98,3
63,2904,1356.83120821883,72,9
10,5376,345.312712977776,65,55
49,7657,2237.66820928291,79,30
76,9877,6459.562664275,76,0
65,2835,1404.83992333164,75,10
34,6559,1077.5392491797,51,17
9,5345,331.021932554812,78,69
2,6339,314.293278441181,83,81
31,3550,517.612011027003,71,40
57,7080,2736.01593485459,91,34
6,9213,514.057975963723,80,74
13,5815,417.82634934203,66,53
20,6629,624.361807349685,72,52
31,3973,579.288033749375,76,45
77,1160,774.821508400515,78,1
74,4786,2994.33774365502,86,12
17,4159,348.401251200112,84,67
99,5086,4843.80952380952,99,0
27,3105,385.97842781333,69,42
24,5477,604.181041420951,62,38
80,7595,5381.81388653932,80,0
3,5346,272.122222730207,75,72
21,2790,273.327067894262,77,56
85,4908,3785.25120992286,93,8
7,3405,196.504499901342,73,66
93,7795,6704.90195307067,94,1
85,3440,2653.06930768839,88,3
78,3833,2613.0144572257,79,1
61,1136,499.29558128866,84,23
70,6464,3670.36364896036,73,3
86,9923,7768.79178127894,86,0
88,1475,1188.00840247029,91,3
1,2199,106.503681392403,57,56
21,4042,395.981365028174,81,60
95,9312,8254.66306603254,97,2
91,5336,4470.97743941056,93,2
64,6565,3159.83788127427,90,26
17,1915,160.420388566534,21,4
54,6317,2205.22434883681,74,20
54,1966,686.318041762413,85,31
17,3189,267.143926443173,64,47
61,6667,2930.28489476364,80,19
80,1414,1001.9598203511,85,5
53,7422,2502.46866883119,91,38
63,6512,3042.59119418767,74,11
76,3500,2289.00165282601,85,9
38,8351,1606.48216546779,72,34
7,5205,300.383530686192,70,63
26,1896,226.474173683099,73,47
80,5842,4139.63880515638,85,5
20,5123,482.517052202811,69,49
59,7648,3155.20681787777,82,23
93,4361,3751.13244609894,94,1
72,1658,989.574750494709,73,1
12,2177,150.630642706987,86,74
76,1016,664.464479791779,83,7
43,8234,1922.56224639524,61,18
39,4445,889.198528283924,72,33
97,4611,4247.66170778611,97,0
76,3109,2033.28746818173,79,3
79,6080,4227.25031858271,93,14
46,8483,2218.7631678815,69,23
5,5313,287.015223779931,88,83
30,7989,1119.32057928395,86,56
69,2884,1595.65294693957,77,8
68,3450,1858.70265222803,71,3
92,3243,2752.65146604996,94,2
58,7086,2830.05296880295,64,6
78,3321,2263.97626205232,89,11
34,1670,274.354405569462,77,43
62,2363,1071.12585036459,87,25
46,9958,2604.55541975291,68,22
31,3952,576.2261035433,82,51
86,4156,3253.76384591306,89,3
48,2010,566.255907111263,78,30
95,9831,8714.732882535,95,0
57,4503,1740.15250771896,78,21
12,4140,286.454230963219,87,75
85,3279,2528.89949415995,92,7
4,9143,478.963548507659,34,30
51,9584,3010.68589296578,79,28
97,1773,1633.29087137384,98,1
55,2992,1080.96551084906,59,4
81,9876,7127.31689979431,85,4
5,9514,513.958750055008,26,21
94,8469,7388.67092231828,96,2
28,2035,263.260106265031,81,53
79,8640,6007.1451895649,80,1
4,2228,116.715606045616,80,76
73,1601,978.675605714276,91,18
18,3163,275.470956368571,90,72
12,6070,419.994488392932,78,66
99,6510,6200,99,0
58,9246,3692.72787885296,72,14
75,1458,932.96058806772,79,4
6,8860,494.361626727297,75,69
30,6783,950.350668329333,68,38
39,7404,1481.13068693232,74,35
69,2453,1357.190249252,89,20
68,7116,3833.7762531173,92,24
90,6131,5071.15994755331,91,1
22,2370,241.5340388048,88,66
12,7145,494.375719862849,75,63
9,3641,225.491273420406,81,72
9,7050,436.614522827207,59,50
19,9814,888.795874265089,90,71
76,5360,3505.44253118498,78,2
59,2798,1154.32383321417,77,18
36,2119,376.793491155492,75,39
57,2972,1148.50838395308,85,28
88,2107,1697.03979932535,99,11
90,5123,4237.40864643869,97,7
34,6219,1021.68266361466,84,50
21,5394,528.432331262239,73,52
71,4430,2579.80737976347,84,13
17,7786,652.236629440749,79,62
54,5037,1758.38452510543,75,21
50,5548,1681.29231144463,81,31
16,3104,250.160278019146,66,50
65,2596,1286.40721021832,67,2
28,4804,621.474963389292,77,49
68,7674,4134.40120382548,92,24
29,2410,324.462054407474,43,14
86,4395,3440.87875428005,88,2
66,5698,2905.19001070206,82,16
98,1864,1747.76396970485,98,0
69,5371,2971.65463870056,76,7
8,6676,398.952755367235,77,69
25,5968,685.027773004835,90,65
19,7865,712.286483706432,88,69
3,6595,335.698851273048,76,73
15,8216,637.166668947655,70,55
9,2407,149.068249141147,76,67
7,6115,352.9001518052,81,74
2,5591,277.206770746907,33,31
38,1103,212.184149025382,75,37
78,8682,5918.65158299856,87,9
25,3174,364.32274656792,65,40
54,3380,1179.93640954067,85,31
84,9518,7226.86980647872,87,3
79,5566,3869.88080151831,90,11
32,4982,755.922749664832,78,46
11,7935,528.871904222326,86,75
0,5939,383.850476398751,80,80
89,7298,5957.73761199969,95,6
59,3632,1498.39319593777,78,19
65,3666,1816.62898022356,82,17
57,7341,2836.8775392327,75,18
36,5922,1053.03022870355,69,33
66,3930,2003.7551319865,71,5
66,4455,2271.43234427477,66,0
41,2255,487.549252801046,82,41
0,4015,259.498175238422,73,73
55,5188,1874.34795129844,89,34
55,1837,663.681030558063,77,22
68,9156,4932.83521269561,89,21
55,4659,1683.22804647252,61,6
36,2047,363.990692022319,92,56
42,4079,916.584465808656,82,40
60,1697,722.81367205649,75,15
81,6235,4499.67809540477,81,0
69,3311,1831.90253374372,72,3
52,1646,535.794922074287,85,33
59,4375,1804.92021812438,91,32
57,5314,2053.55772285555,82,25
52,5468,1779.90682497096,89,37
39,9671,1934.63193859029,70,31
91,7489,6274.953156624,92,1
19,8688,786.820720971581,71,52
76,7756,5072.42766266244,76,0
33,7865,1241.77099896141,88,55
73,8915,5449.65210802172,73,0
77,6346,4238.80801061178,91,14
63,1409,658.324783877523,90,27
30,1206,168.969910954618,66,36
24,2883,318.030663212818,69,45
57,4740,1831.73948180943,84,27
91,7109,5956.55521303779,93,2
54,6349,2216.39534443009,78,24
72,6953,4149.88735837739,79,7
87,5188,4120.80318972808,99,12
27,3548,441.047169688146,67,40
55,4562,1648.18337583336,91,36
50,5310,1609.16765929542,88,38
48,6951,1958.23124892059,64,16
18,6518,567.663513629574,72,54
86,3118,2441.10579200118,91,5
53,4387,1479.1606103695,72,19
63,4772,2229.61381736234,77,14
32,2187,331.835217486348,75,43
16,2591,208.816134132606,58,42
26,1835,219.18782104878,75,49
47,1045,283.70905123474,48,1
5,5076,274.212173142655,87,82
31,2913,424.733461442721,91,60
5,2557,138.132491474738,75,70
97,4538,4180.41397309334,98,1
18,7415,645.784742798909,76,58
98,8859,8306.56706417129,98,0
57,3909,1510.6054080998,91,34
27,6712,834.359809173291,81,54
10,3619,232.4566049603,61,51
17,6400,536.13080252001,73,56
69,3354,1855.6934757404,73,4
81,3619,2611.76183276181,81,0
88,2403,1935.44690924481,91,3
88,1675,1349.094287551,88,0
82,7613,5591.71645943674,84,2
95,8420,7463.94577061791,95,0
85,9721,7497.23451745316,88,3
14,3391,253.107042636249,64,50
55,2667,963.547799944668,79,24
54,9039,3155.45716149056,61,7
29,1229,165.462184592027,67,38
62,9266,4200.19133706234,92,30
11,3297,219.746776083303,11,0
27,4288,533.035587266846,52,25
1,6142,297.474129655361,69,68
74,3833,2398.09790460294,82,8
34,1157,190.076674996328,89,55
41,7859,1699.17941364231,81,40
44,9659,2342.88335974245,81,37
86,8404,6579.55518793391,95,9
11,4492,299.394151703426,59,48
55,1213,438.239025621628,57,2
19,7617,689.826592039656,41,22
78,9683,6601.04852317151,90,12
44,5893,1429.40383465807,77,33
26,1563,186.697855203947,49,23
65,1154,571.846656622474,84,19
30,3411,477.907434714928,77,47
27,5269,654.982394894826,36,9
18,8226,716.416088235176,38,20
12,7954,550.351921034164,76,64
74,7264,4544.68645422275,87,13
8,3607,215.551616029002,78,70
76,8338,5453.05593750379,95,19
12,6799,470.43534210602,70,58
67,3168,1660.9024333479,94,27
59,5809,2396.52149647646,77,18
6,8859,494.305829703964,77,71
93,1427,1227.44003682256,96,3
78,6402,4364.34087011711,87,9
92,2174,1845.2865517091,96,4
82,5944,4365.84298369788,93,11
91,5547,4647.77208703343,96,5
74,7477,4677.94887365411,77,3
52,4249,1383.10608985033,75,23
77,9822,6560.6007375085,85,8
60,2901,1235.64081475302,64,4
62,4961,2248.77500789621,62,0
86,1647,1289.44876184283,89,3
38,4476,861.048278365921,82,44
87,5052,4012.77905059874,89,2
20,2380,224.163690072749,30,10
18,1626,141.611057557792,87,69
84,4677,3551.17357479523,93,9
50,4694,1422.49208902687,81,31
88,9880,7957.6427229874,90,2
89,5393,4402.58686510199,92,3
3,2079,105.825308839525,76,73
13,3103,222.960474979935,91,78
61,6898,3031.81418990244,71,10
25,3729,428.027574653993,57,32
22,1878,191.392795306082,86,64
9,1250,77.4139224870934,73,64
93,6666,5733.78786647455,94,1
10,5793,372.097571852726,81,71
77,8666,5788.45102741281,79,2
99,7173,6831.42857142857,99,0
81,2187,1578.3153159022,92,11
77,5111,3413.89028399572,79,2
94,4612,4023.68051644018,97,3
22,2672,272.311793960517,71,49
24,6404,706.440640726633,75,51
25,6420,736.909903265925,85,60
34,8015,1316.73686265823,72,38
96,9566,8643.84953284927,98,2
70,2853,1619.97950038427,80,10
92,4564,3873.9134415825,95,3
40,2883,599.628509643959,77,37
29,1560,210.025230238863,80,51
7,6152,355.035442993555,77,70
63,4203,1963.76087057291,77,14
76,5870,3838.98277202534,78,2
2,4569,226.535098469436,61,59
21,5592,547.829736080541,70,49
70,5789,3287.08774192938,82,12
62,9194,4167.55440890904,94,32
96,5745,5191.18916644565,99,3
72,8948,5340.60004066747,80,8
22,7164,730.105423627674,60,38
58,3891,1554.01299768731,77,19
3,9640,490.695515734979,70,67
49,6154,1798.43413346311,68,19
99,2251,2143.80952380952,99,0
6,3279,182.958439507766,90,84
80,5538,3924.2245297768,88,8
65,3592,1779.95943725124,84,19
7,3010,173.708823701333,73,66
68,5596,3014.86957735306,91,23
69,5141,2844.40076290441,91,22
32,5290,802.655830133874,88,56
47,2397,650.766120392031,55,8
3,2115,107.657781719863,87,84
30,4778,669.434688674267,67,37
2,4372,216.767662619473,78,76
94,3881,3385.92889945888,97,3
92,6650,5644.50578144689,98,6
82,3291,2417.22564928495,83,1
5,2713,146.559815944843,74,69
22,1303,132.792764794369,82,60
5,8199,442.920726476878,74,69
43,2566,599.137080914522,60,17
73,9571,5850.65847738372,85,12
7,3987,230.092053188444,80,73
99,2196,2091.42857142857,99,0
84,4457,3384.13098628658,84,0
40,7916,1646.43055232105,57,17
24,2369,261.330087114521,83,59
7,6979,402.762086581928,89,82
67,6765,3546.71873787833,80,13
39,8435,1687.376734775,79,40
69,9717,5376.19961352696,75,6
29,7958,1071.39793733389,85,56
19,2390,216.448149530626,69,50
28,3304,427.425745012119,73,45
16,3433,276.675333260222,88,72
38,6774,1303.11461967175,68,30
59,5851,2413.84873057045,75,16
96,3981,3597.23656599132,99,3
57,3315,1281.05830848064,79,22
17,1821,152.545967404521,81,64
23,5541,587.486408431497,63,40
57,2845,1099.43013201431,69,12
88,2546,2050.62331707752,98,10
63,3646,1703.51466431331,72,9
46,6109,1597.83380792032,73,27
22,2484,253.1521318106,37,15
94,7463,6510.99906639052,96,2
6,5377,300.02059445967,44,38
74,6970,4360.74677669776,91,17
64,7501,3610.34942078268,67,3
97,4405,4057.89412769417,98,1
45,4987,1256.28623590261,75,30
98,5283,4953.56065018816,98,0
91,4526,3792.2870859768,91,0
31,2650,386.386430766636,79,48
33,3448,544.389879773548,35,2
60,4624,1969.5288271003,91,31
91,2112,1769.62225487914,97,6
2,7841,388.763779185565,80,78
80,1701,1205.32790269959,83,3
25,8858,1016.75201294853,68,43
96,5315,4802.64063005372,99,3
84,5140,3902.72229515661,84,0
82,5543,4071.31017137237,86,4
10,7312,469.666398306082,67,57
10,2697,173.234446968204,63,53
61,6642,2919.29687580923,82,21
54,9803,3422.16468128023,65,11
65,5008,2481.63609737032,79,14
33,9856,1556.12141967752,74,41
98,7856,7366.11252467882,98,0
94,5462,4765.25216409286,95,1
60,8157,3474.3612981525,84,24
32,6317,958.483341957596,76,44
11,6209,413.833100606984,86,75
21,2753,269.702300327205,49,28
24,6852,755.860598104137,60,36
1,6096,295.246221813591,80,79
57,2211,854.425315249081,77,20
0,8717,563.398653437938,87,87
16,7765,625.803659413231,83,67
93,9860,8481.12036655251,95,2
53,4157,1401.61172949761,63,10
83,2304,1721.16761139263,87,4
59,5353,2208.39724059881,74,15
77,6997,4673.64318472276,84,7
8,2428,145.095459860942,52,44
34,6804,1117.78884760157,76,42
44,3455,838.043483581133,66,22
57,3386,1308.49575641492,86,29
24,4337,478.424899879983,80,56
29,8909,1199.43254884489,86,57
80,3886,2753.61800699036,84,4
70,4164,2364.38648426221,86,16
18,9323,811.955651667462,85,67
79,3101,2156.03671676398,91,12
54,2213,772.544163998077,87,33
85,1052,811.345613862845,91,6
76,6337,4144.40099255955,76,0
73,6111,3735.59439507804,80,7
22,1682,171.417828383828,58,36
94,3339,2913.06791942623,96,2
65,6811,3375.08455654737,73,8
78,3631,2475.3079817862,93,15
23,6989,741.011100618613,80,57
42,1591,357.51063621024,89,47
7,3221,185.885754532224,28,21
82,4615,3389.69807701307,87,5
35,6348,1085.01954348719,88,53
10,4226,271.445596176355,76,66
88,5886,4740.75759792549,97,9
35,1800,307.661496262909,83,48
99,2547,2425.71428571429,99,0
99,3251,3096.19047619048,99,0
61,4985,2191.01097951054,62,1
17,9273,776.803270588758,70,53
76,3470,2269.38163865893,85,9
19,7936,718.71653333684,91,72
55,2733,987.392627389868,74,19
96,6437,5816.48122966243,98,2
10,3832,246.138079637433,89,79
33,7076,1117.1991848253,73,40
37,6449,1192.8281469397,70,33
20,5234,492.971745311246,74,54
17,7394,619.398617786399,79,62
21,5325,521.672629583134,75,54
73,6620,4046.74110545191,82,9
33,1126,177.779293684749,89,56
9,7920,490.494612878224,66,57
66,9224,4702.96115456577,76,10
33,9988,1576.9623315482,70,37
44,7587,1840.29982921275,86,42
52,6444,2097.60782372218,83,31
29,2323,312.749108874922,90,61
50,7905,2395.56880352736,90,40
64,3666,1764.50352974128,69,5
17,1017,85.1945353379453,31,14
17,5623,471.041172276565,78,61
57,1097,423.927892731,83,26
47,9107,2472.47687042563,75,28
31,1788,260.701486117262,82,51
79,2355,1637.36422701682,80,1
67,6774,3551.43721070034,87,20
99,2946,2805.71428571429,99,0
48,7460,2101.62640151742,73,25
62,7975,3614.9930836469,93,31
31,7140,1041.05627006558,60,29
25,7093,814.159181287415,71,46
29,1506,202.75512611521,80,51
99,9016,8586.66666666667,99,0
6,7125,397.553791245146,78,72
82,1551,1139.20297236127,89,7
19,5822,527.264069693433,84,65
24,5807,640.584135024916,79,55
86,5017,3927.84726057406,95,9
50,3062,927.923045717997,82,32
42,8774,1971.58914023171,82,40
9,9858,610.517158302214,90,81
32,6562,995.657383239789,88,56
47,6626,1798.90542916879,71,24
48,3606,1015.88000051901,88,40
80,5230,3705.97585603695,84,4
5,7353,397.218697619768,62,57
87,8330,6616.47852167212,89,2
90,5924,4899.94316250299,93,3
18,7742,674.263719318834,77,59
19,4544,411.523176346094,86,67
10,2458,157.882933128604,72,62
36,5964,1060.4985281979,77,41
81,8901,6423.6783844744,84,3
13,7545,542.132382766228,66,53
46,2453,641.592131417342,83,37
54,1034,360.962795108003,80,26
96,3043,2749.65859590846,98,2
78,4066,2771.85410463858,94,16
89,4643,3790.32279152022,89,0
51,5858,1840.21264200684,78,27
16,3443,277.481261990954,81,65
11,4316,287.663659561885,88,77
21,6376,624.635621825739,65,44
26,3625,433.000463924702,82,56
46,5291,1383.88257942485,70,24
80,9080,6434.084277785,89,9
82,6153,4519.35260408699,82,0
25,9220,1058.30363054701,81,56
6,3643,203.268556000851,63,57
83,4248,3173.40278350515,85,2
68,6247,3365.59868651261,70,2
50,6289,1905.84847632935,69,19
64,1912,920.275708910344,75,11
27,6208,771.708238281852,64,37
68,6604,3557.93400443882,68,0
40,4746,987.10957570941,91,51
13,7040,505.846517518124,74,61
11,3218,214.481384724316,71,60
8,1514,90.4755050368475,85,77
47,3452,937.190090777343,88,41
61,4868,2139.58705080387,76,15
44,6471,1569.60329442938,72,28
85,4245,3273.91837533059,91,6
67,2101,1101.50126656059,85,18
91,2266,1898.65721096408,91,0
12,5302,366.855152793958,63,51
24,5245,578.588563493315,81,57
31,6852,999.06408438226,74,43
21,4519,442.711476635902,84,63
95,7086,6281.41564496419,95,0
59,1059,436.893831084278,72,13
92,4543,3856.08868648319,95,3
60,2016,858.687308701169,72,12
82,5221,3834.80252656235,88,6
18,9697,844.527936739181,87,69
95,8787,7789.27452332774,97,2
6,7159,399.450890038456,83,77
46,4675,1222.76527288058,63,17
85,1833,1413.68489563745,92,7
56,4151,1551.38724675479,70,14
82,9925,7289.87072900428,83,1
54,8558,2987.54313397901,75,21
0,7771,502.256617628338,66,66
55,6483,2342.21236859441,82,27
84,3953,3001.45160170313,94,10
73,4488,2743.4704050254,96,23
33,6207,979.99651500998,87,54
77,6225,4157.98611189069,84,7
95,1957,1734.79119633008,95,0
74,6922,4330.71580893858,77,3
9,3491,216.201602721955,61,52
90,6306,5215.90843733016,93,3
59,2603,1073.87596063491,87,28
73,8335,5095.10379364678,80,7
26,3702,442.197991020482,60,34
68,5705,3073.59380607563,86,18
7,4428,255.542415730732,82,75
74,4946,3094.44096951896,84,10
19,3518,318.604430982737,57,38
49,1612,471.08804405956,68,19
14,2655,198.171394337729,86,72
7,8941,515.990230137415,69,62
5,6730,363.563421050053,64,59
33,2468,389.66189770334,89,56
96,2582,2333.09842084642,97,1
15,5054,391.947461643312,84,69
21,1939,189.957413851962,79,58
75,7796,4988.58761630723,75,0
68,1179,635.191428109232,78,10
32,9832,1491.8170362715,52,20
38,6988,1344.28180724331,69,31
32,6468,981.394689849887,71,39
96,2326,2101.77650150611,96,0
49,6648,1942.79982438459,85,36
25,6273,720.036732583668,73,48
44,1921,465.957028063489,82,38
53,9736,3282.67784421187,71,18
33,9175,1448.60126070832,50,17
98,6946,6512.85865534866,98,0
4,4697,246.056194612323,73,69
76,3535,2311.89166935427,89,13
82,8068,5925.91204449436,83,1
93,3448,2965.81166570721,93,0
80,5905,4184.28057933044,81,1
92,8486,7202.89865584335,98,6
54,1566,546.680596846357,89,35
1,4264,206.517370376173,87,86
67,7277,3815.14741397496,70,3
65,2627,1301.76877551754,92,27
7,7498,432.71387379156,45,38
4,2998,157.052687129603,49,45
48,7338,2067.25663999127,85,37
92,4110,3488.55921229274,96,4
17,6764,566.623241913335,83,66
51,7293,2290.99877059677,68,17
14,7848,585.781206313559,84,70
52,2875,935.850790378843,74,22
76,4120,2694.48194561233,87,11
16,2231,179.802699826261,68,52
97,7675,7070.22416119246,97,0
61,3644,1601.61364279567,82,21
38,9490,1825.59163576689,41,3
62,5032,2280.95864538072,74,12
19,4380,396.670667340645,78,59
4,4651,243.646446911202,84,80
66,5387,2746.62312875605,83,17
75,5560,3557.79209167114,75,0
78,7377,5029.01321444142,91,13
51,9997,3140.42433973069,70,19
51,2823,886.807833456011,80,29
88,2355,1896.78629682544,88,0
92,1938,1644.97025630738,95,3
53,5925,1997.72660506936,82,29
52,8659,2818.61982396188,86,34
20,8684,817.914909492332,89,69
13,1111,79.828903545829,89,76
31,6503,948.177720481296,82,51
12,3143,217.469963265071,64,52
83,2096,1565.78442425301,92,9
3,4968,252.881257486657,62,59
72,6462,3856.8347633877,73,1
75,7670,4907.96139264706,78,3
74,5577,3489.22306651986,74,0
3,3845,195.718284024999,67,64
67,7463,3912.66251896319,95,28
69,1295,716.494648504417,86,17
90,7412,6130.71889271981,90,0
26,3780,451.514966520103,77,51
28,5700,737.387029833256,83,55
59,2885,1190.2159609803,75,16
2,8576,425.205735275527,77,75
86,7420,5809.17414260704,89,3
5,4768,257.573609445268,86,81
41,4427,957.153233769503,51,10
43,4174,974.59009186953,87,44
98,3451,3235.80121215206,98,0
41,4006,866.12962604035,73,32
71,5332,3105.08644444669,80,9
39,8849,1770.19522537333,88,49
44,7654,1856.55132368451,91,47
85,4686,3614.03569064762,87,2
7,2532,146.123169970689,65,58
62,4991,2262.37372796009,76,14
54,8078,2819.97820007974,91,37
69,8345,4617.10258051688,78,9
50,7626,2311.01931634404,85,35
35,4669,798.039736695289,90,55
80,5817,4121.92381540477,95,15
50,7152,2167.37610155948,67,17
37,4117,761.49379453415,68,31
78,9153,6239.73945394907,83,5
32,5283,801.593714668669,74,42
90,7547,6242.3820134048,90,0
34,2867,471.002443573442,52,18
73,1027,627.795032522525,78,5
50,8633,2616.185386572,82,32
43,8271,1931.20140149806,64,21
15,7289,565.276028476079,71,56
49,9539,2787.66057834004,60,11
77,9427,6296.7606549066,83,6
72,9218,5501.74912548868,90,18
79,1272,884.385264019277,85,6
35,6147,1050.66400973783,50,15
70,6291,3572.13145352871,79,9
52,3272,1065.07957778072,74,22
23,3678,389.961200182466,69,46
11,4642,309.391730233149,78,67
4,4655,243.855990189561,90,86
20,7331,690.480677278706,77,57
79,7208,5011.51649610923,90,11
56,9759,3647.31104338231,82,26
31,6527,951.677069288239,81,50
92,6207,5268.48832863772,92,0
89,2007,1638.41866090482,95,6
20,2143,201.841507489874,78,58
89,2364,1929.85635992974,96,7
78,5376,3664.90104932046,78,0
41,9122,1972.25023682977,64,23
5,6518,352.110903180423,47,42
10,7887,506.599956706793,80,70
75,3852,2464.85883761101,76,1
70,9557,5426.61902740008,84,14
65,4939,2447.44422622045,92,27
63,1846,862.503584838827,86,23
85,6911,5330.04708878909,86,1
32,8660,1313.98856123995,67,35
2,8054,399.324509317758,44,42
31,2755,401.696081797012,49,18
20,8779,826.862619810361,87,67
47,4576,1242.3470033016,75,28
61,5620,2470.1066609527,81,20
88,5890,4743.97931562711,90,2
7,7664,442.293828852829,60,53
44,2606,632.110367065827,58,14
60,6523,2778.38160449292,70,10
40,7758,1613.56849733536,46,6
78,7802,5318.74218504432,87,9
73,7641,4670.86839679125,89,16
25,1927,221.187754453806,60,35
46,3267,854.497143636549,78,32
66,7925,4040.65125216107,69,3
66,7957,4056.96681557674,89,23
50,2022,612.756498511362,92,42
95,5512,4886.13647121686,97,2
68,5939,3199.66233379197,85,17
61,6439,2830.07416189937,71,10
27,5181,644.043231723305,65,38
43,7696,1796.94426138666,76,33
74,5668,3546.15677622997,78,4
77,9169,6124.4296642451,78,1
14,1746,130.322883055998,60,46
91,1923,1611.26117241126,93,2
67,2473,1296.53147653705,92,25
52,4371,1422.81871469423,73,21
89,3457,2822.12920316291,94,5
48,8167,2300.80198675507,83,35
70,8125,4613.50628833584,92,22
6,1543,86.0948070022821,76,70
80,9477,6715.39831504057,81,1
47,1713,465.065650492928,80,33
25,4977,571.277350242135,81,56
66,7531,3839.76587760568,84,18
29,6628,892.337965399477,55,26
31,4569,666.188529121796,78,47
6,9337,520.976806856972,86,80
17,9668,809.892593556789,89,72
36,6634,1179.63568679827,82,46
21,3320,325.249414125071,45,24
54,2743,957.56377851185,84,30
56,6969,2604.58147979622,73,17
86,4778,3740.73235220707,94,8
91,4737,3969.08173359966,94,3
44,4158,1008.56289572514,83,39
32,5394,818.435831331213,89,57
70,5075,2881.66700471439,90,20
87,9625,7645.09072882282,94,7
41,1950,421.605784018643,71,30
59,6624,2732.75234853848,93,34
22,5968,608.217360163311,77,55
45,2032,511.885628905975,75,30
2,1701,84.3370983796259,82,80
67,9014,4725.8126686231,84,17
67,7517,3940.97335589526,69,2
82,6561,4819.02688695185,93,11
78,5156,3514.9236998319,86,8
69,2251,1245.42814963972,95,26
68,4969,2677.07057360032,85,17
26,4344,518.883866286595,81,55
69,4357,2410.63102975579,72,3
50,5710,1730.3855620672,91,41
47,5520,1498.63537111557,72,25
1,9038,437.735458128484,79,78
83,5302,3960.777202953,95,12
10,2078,133.474668446395,89,79
57,3319,1282.60408019525,69,12
94,6513,5682.18369548458,95,1
17,5666,474.643301105996,76,59
20,7400,696.979540562328,86,66
11,2105,140.299352033774,55,44
0,9217,595.714740018066,67,67
85,9408,7255.83606009663,90,5
10,2390,153.515138395998,42,32
61,1024,450.069256372877,89,28
13,8107,582.513880329465,88,75
5,1996,107.826536168782,24,19
64,2558,1231.20568169072,70,6
78,5697,3883.73163652877,79,1
60,3615,1539.75923658469,83,23
95,7288,6460.47942710966,99,4
28,4139,535.446476575412,87,59
9,9631,596.458789978558,69,60
74,9510,5949.88548728777,96,22
50,2556,774.582398711692,93,43
9,6828,422.865810193499,65,56
55,1864,673.435732694736,84,29
71,2874,1673.67187572014,88,17
23,3436,364.303067924675,76,53
11,8963,597.388642412691,78,67
21,1050,102.865025551604,60,39
82,8361,6141.11931135565,83,1
53,8609,2902.6883279396,53,0
82,6278,4611.16457800392,84,2
59,4815,1986.4436229186,63,4
95,8704,7715.69881086203,95,0
10,3646,234.190876398246,83,73
96,2215,2001.47676304214,99,3
21,2242,219.641321225425,38,17
76,2415,1579.41114044995,78,2
0,2145,138.636011428746,85,85
32,7914,1200.79739880519,56,24
22,3444,350.988704491026,88,66
70,9892,5616.83744051916,80,10
63,6848,3199.57992902291,75,12
81,4708,3397.67192833451,86,5
54,4698,1640.04179053907,93,39
76,8536,5582.54803100652,94,18
40,3475,722.757221995406,82,42
80,5885,4170.10858752915,90,10
97,4840,4458.6169303155,98,1
65,8505,4214.51976999492,84,19
13,2447,175.824776756655,82,69
50,1639,496.69035660738,85,35
32,3609,547.59638770381,38,6
54,3562,1243.47144697747,63,9
82,1143,839.528689496413,83,1
97,4185,3855.22972177074,97,0
90,6528,5399.53223578992,92,2
15,8210,636.701357358843,80,65
48,3827,1078.13997836557,89,41
12,1816,125.65238730174,73,61
72,3011,1797.11071998768,77,5
51,7320,2299.48046082111,91,40
36,8712,1549.13869511404,83,47
12,6530,451.822736277734,80,68
65,3870,1917.7179905797,72,7
61,8716,3830.86292826757,91,30
54,3112,1086.37932144691,60,6
76,2484,1624.53717303423,85,9
98,8441,7914.63286924821,98,0
97,4272,3935.37428229501,97,0
91,9339,7825.0484082937,91,0
21,1537,150.574804069348,68,47
88,2560,2061.89932903317,88,0
82,4822,3541.73870581951,85,3
48,4567,1286.61230237669,80,32
20,5978,563.04644506508,77,57
42,3150,707.83061223272,62,20
54,6304,2200.68613187703,78,24
16,5991,482.831902581413,58,42
48,9031,2544.20751100588,64,16
28,6098,788.874755775999,75,47
50,7755,2350.11208998794,88,38
72,9907,5912.97771601392,84,12
18,3557,309.785074866584,79,61
72,4076,2432.75433233802,90,18
31,9564,1394.49049956683,76,45
9,6973,431.845825202002,68,59
9,2114,130.922425710172,51,42
37,7356,1360.58983546107,81,44
66,1644,838.212070479849,82,16
19,3352,303.570793818685,73,54
10,4906,315.123543502413,40,30
14,4478,334.241621033654,57,43
18,5678,494.50650972518,65,47
76,5862,3833.75076824745,84,8
74,3441,2152.8450012363,81,7
28,6893,891.720841515901,67,39
68,9052,4876.8047559328,73,5
87,7020,5575.95188741156,92,5
47,4977,1351.21526123952,74,27
35,9979,1705.64115067087,70,35
58,7254,2897.14990625128,72,14
73,6173,3773.49438730433,87,14
16,9002,725.497043404753,70,54
17,3005,251.730165870723,75,58
57,3455,1335.16031849189,89,32
56,3284,1227.35623183395,77,21
86,1858,1454.64225835093,88,2
68,2753,1483.19084103877,83,15
72,6811,4065.13487673068,92,20
18,6243,543.713304018016,53,35
98,9054,8489.40717902775,98,0
33,5999,947.156290244058,68,35
33,8860,1398.86726647147,84,51
76,4827,3156.86027948319,83,7
65,9639,4776.45573932758,93,28
76,3756,2456.42577371843,80,4
94,4718,4116.15886308863,94,0
53,1856,625.785751731433,68,15
19,1811,164.011547615047,81,62
79,1839,1278.60416708447,91,12
43,4998,1166.98641091613,88,45
5,9662,521.953904039467,80,75
52,9928,3231.69622500214,67,15
42,4041,908.045556835689,92,50
15,4012,311.138349052823,80,65
78,3793,2585.74584822778,84,6
22,8916,908.65716876945,59,37
33,3439,542.968908509638,86,53
80,9957,7055.5261182715,92,12
44,9905,2402.5530260119,69,25
11,7092,472.685512885285,83,72
52,1712,557.278801088201,64,12
7,5885,339.626720093802,84,77
75,3639,2328.56212618548,81,6
31,2964,432.169577657475,82,51
37,7740,1431.61573225512,81,44
15,3979,308.579135314353,81,66
66,1406,716.865067575832,74,8
81,4557,3288.69816852599,89,8
80,8376,5935.23016637964,82,2
72,5812,3468.88326289219,82,10
38,5293,1018.2145972723,64,26
15,3175,246.227382413438,55,40
55,7656,2765.99998364319,64,9
28,2284,295.472276515642,71,43
25,4352,499.537678974035,68,43
97,2703,2490.00858732289,98,1
33,2869,452.974061795333,63,30
18,1579,137.517749005998,73,55
12,7970,551.45899052581,75,63
90,3925,3246.50184213778,90,0
20,4876,459.253005375934,78,58
67,4353,2282.16802157936,84,17
34,5444,894.362505341408,44,10
25,4596,527.544846637101,63,38
56,6376,2382.95473025982,73,17
89,8019,6546.3274747363,89,0
22,1602,163.26478066046,89,67
74,4784,2993.08645333172,88,14
87,9472,7523.56357230232,87,0
60,3646,1552.96325770063,78,18
23,9752,1033.95911478505,57,34
46,1539,402.531712291598,76,30
2,9755,483.661607697384,62,60
43,9518,2222.36427753095,84,41
1,2331,112.896808242697,83,82
75,3776,2416.22714714932,79,4
61,7599,3339.91824138427,87,26
39,4846,969.416438259594,78,39
23,2608,276.514086480661,84,61
80,1059,750.406965878228,91,11
94,1438,1254.56474038183,96,2
78,6709,4573.62744417615,87,9
12,6037,417.711157566413,80,68
7,2838,163.782605204114,64,57
27,9645,1198.95714533319,89,62
15,5761,446.776677191753,87,72
47,5309,1441.3505770385,77,30
28,6589,852.393533258127,77,49
30,5188,726.878854090016,64,34
93,2354,2024.80297594976,95,2
99,1084,1032.38095238095,99,0
16,4106,330.914336838471,84,68
64,9185,4420.88513929995,86,22
94,6685,5832.24289948019,94,0
90,5624,4651.80289431411,92,2
9,9491,587.788430660003,62,53
54,2022,705.86728405066,64,10
32,6672,1012.34776912159,85,53
13,6736,484.003145170751,85,72
22,1465,149.302686434191,82,60
73,1210,739.66113860979,80,7
3,2502,127.356865183498,71,68
45,4981,1254.77476258891,73,28
36,4735,841.96185966081,84,48
86,7207,5642.41483096617,96,10
25,6444,739.66470664262,86,61
83,5201,3885.32671304386,92,9
43,9080,2120.09536036783,83,40
82,3624,2661.81274779965,89,7
1,1711,82.8684851579814,52,51
56,4326,1616.79143085069,82,26
42,3061,687.83158858551,66,24
58,7199,2875.1836469676,92,34
79,1824,1268.17509557481,91,12
75,4322,2765.60744967674,83,8
89,2775,2265.37707225255,97,8
89,6061,4947.91006663882,89,0
52,1838,598.293479205674,84,32
18,4695,408.895396822775,68,50
78,7712,5257.387814799,79,1
54,4058,1416.62187867338,64,10
44,9753,2365.68396392671,88,44
15,5035,390.473974945405,42,27
88,7044,5673.44487254284,93,5
38,3513,675.795934293897,86,48
7,5150,297.209449189989,64,57
21,8930,874.84255064364,82,61
38,7251,1394.87512654855,55,17
42,4018,902.877269825736,82,40
50,1544,467.901104699081,76,26
67,2090,1095.73424422257,75,8
84,9326,7081.08718378027,89,5
81,4850,3500.15056338623,89,8
37,8342,1542.96362254163,73,36
64,7674,3693.61704507216,85,21
98,6168,5783.37347915211,98,0
85,4396,3390.37577808086,86,1
36,4445,790.39502981886,92,56
16,4041,325.675800088714,88,72
62,5803,2630.44575102232,68,6
99,3878,3693.33333333333,99,0
22,5601,570.815253732356,86,64
79,8596,5976.55324646989,79,0
58,5074,2026.48726555266,58,0
10,1573,101.037369329249,84,74
98,1209,1133.60871211007,99,1
56,9401,3513.51276963183,72,16
86,3497,2737.82775966265,88,2
16,5014,404.092665588917,54,38
26,4269,509.925235998498,53,27
63,8594,4015.36067611315,65,2
97,8155,7512.40104684358,97,0
74,3298,2063.3777431204,84,10
32,6091,924.192185509533,83,51
38,6626,1274.64385443534,80,42
54,4971,1735.34434669428,80,26
85,8586,6621.87589413155,92,7
61,2078,913.324135491053,62,1
54,9715,3391.4444433987,60,6
39,6682,1336.69844004346,84,45
59,4931,2034.29979327344,90,31
82,6856,5035.70314539581,92,10
59,5184,2138.67575103012,88,29
23,5818,616.855427586077,50,27
34,7964,1308.35837482347,91,57
63,5617,2624.42179633786,67,4
11,3036,202.350989441586,49,38
75,8710,5573.44768317547,89,14
76,3597,2352.4396986329,76,0
47,3315,899.995698414511,84,37
39,2052,410.491649052556,84,45
54,2696,941.156378734214,75,21
41,4777,1032.82606679849,84,43
90,9950,8229.98556159769,97,7
36,9152,1627.3780231501,72,36
46,1509,394.685090219637,72,26
85,4324,3334.84642047808,89,4
27,2922,363.229940763462,69,42
16,5813,468.486371174387,79,63
42,3396,763.108812426132,77,35
96,2003,1809.91329858845,97,1
13,3138,225.475336927823,90,77
8,5545,331.365043216195,69,61
22,1811,184.564617837761,68,46
67,1584,830.451216673951,84,17
92,2057,1745.97720187011,94,2
24,3285,362.376249966738,61,37
48,7226,2035.70407203283,77,29
16,4850,390.875434404916,70,54
12,9538,659.951800707048,84,72
15,3482,270.035825374359,83,68
97,6989,6438.27969544939,98,1
77,8118,5422.41465965119,83,6
61,4275,1878.95124120512,65,4
10,3785,243.119162689896,80,70
39,7290,1458.32559531829,68,29
97,7330,6752.40952463071,98,1
55,1683,608.043099852597,80,25
71,2290,1333.57988705606,78,7
60,4542,1934.60206156781,70,10
3,2894,147.310458769401,80,77
60,1483,631.663332739997,91,31
32,2425,367.947143303336,70,38
71,2129,1239.82165045518,92,21
91,7807,6541.40196204614,95,4
88,6897,5555.04674700851,88,0
52,4966,1616.49913913786,80,28
46,9246,2418.32892257837,66,20
19,3423,310.000843449093,38,19
93,4732,4070.24965258889,93,0
96,6265,5661.06181510566,96,0
96,6187,5590.58091780665,96,0
18,3053,265.890872523947,29,11
64,4304,2071.58297654295,79,15
6,4409,246.009075873663,73,67
37,6291,1163.60394982131,83,46
62,7856,3561.0514940602,85,23
63,8708,4068.62471114654,77,14
48,2572,724.582185616999,71,23
67,2285,1197.96782203281,73,6
59,6223,2567.31851826011,62,3
72,9397,5608.58500024052,72,0
93,4694,4037.56379316405,96,3
93,4914,4226.79771615,94,1
78,6004,4093.01821058781,89,11
92,4821,4092.05449208353,93,1
44,7927,1922.77009966647,72,28
62,6401,2901.51357096223,90,28
72,7337,4379.07716790089,78,6
12,4419,305.758755223783,77,65
46,7202,1883.71240540876,78,32
94,5917,5162.21110489518,95,1
28,4875,630.659959725811,89,61
4,6078,318.401011465553,80,76
21,5436,532.546932284303,76,55
57,7806,3016.57350105578,77,20
38,2681,515.7440648568,87,49
85,5946,4585.79944869627,92,7
65,8432,4178.34576138709,83,18
86,6243,4887.69193696709,89,3
89,6118,4994.44213623104,98,9
77,5357,3578.20587974272,90,13
34,6682,1097.74619042823,77,43
41,4210,910.236077291531,47,6
66,7776,3964.68191000688,75,9
0,5986,386.888188537283,51,51
79,4740,3295.58659705296,88,9
77,7455,4979.56409062572,77,0
51,8807,2766.60169650977,52,1
42,5230,1175.22352443718,87,45
18,1476,128.547306860579,81,63
46,5916,1547.3538725907,87,41
3,5673,288.767184726611,60,57
82,2342,1720.18914330761,85,3
91,4109,3442.88723735719,91,0
86,1505,1178.27588741558,93,7
11,2251,150.030328469371,62,51
97,5674,5226.89926913433,97,0
41,4235,915.641279650744,66,25
47,4622,1254.83563139423,79,32
57,1588,613.671370699023,77,20
72,2316,1382.30103868863,81,9
35,3071,524.904697235218,76,41
26,5401,645.140829146846,82,56
31,3976,579.725452350243,65,34
3,2842,144.663553497802,42,39
40,6866,1428.04347804905,84,44
28,7712,997.671714749837,80,52
34,2448,402.167416068289,56,22
59,2203,908.854683549257,84,25
82,6673,4901.29041558142,82,0
45,1872,471.579673874008,74,29
15,6723,521.381635264738,76,61
73,6204,3792.44438341747,87,14
88,3100,2496.83121875111,90,2
97,4835,4454.01092108997,99,2
26,4471,534.05381357444,79,53
43,5656,1320.62327733926,89,46
10,4588,294.697679899932,74,64
63,2760,1289.55032186087,80,17
70,8439,4791.80056212507,79,9
79,1215,844.754792282564,89,10
88,6100,4913.11949496186,94,6
86,1386,1085.10988701528,94,8
0,3560,230.090536450506,80,80
22,2371,241.635951901342,73,51
86,2511,1965.880899203,94,8
42,9403,2112.93055454739,49,7
36,8121,1444.04905222924,59,23
23,3470,367.907929481555,61,38
70,6450,3662.41422274045,86,16
19,4402,398.663077085278,78,59
81,5845,4218.22268927681,81,0
13,3649,262.192321366994,78,65
46,6462,1690.16239430039,79,33
48,4628,1303.79718313976,78,30
67,7998,4193.14951449385,74,7
69,6505,3599.07157414767,82,13
40,4431,921.593453427812,57,17
67,2339,1226.27865896488,78,11
26,5604,669.388855126629,75,49
95,1556,1379.32299514032,95,0
12,2602,180.037176078815,80,68
83,8098,6049.48581469509,96,13
29,3913,526.813285849148,46,17
43,2375,554.540361329692,89,46
38,8256,1588.20701210658,73,35
87,1640,1302.64403067734,94,7
36,5417,963.232818116707,84,48
27,4390,545.715071852018,91,64
59,3024,1247.56085476757,66,7
30,8836,1237.99181856966,56,26
66,6820,3477.25445296385,83,17
16,8240,664.085274122991,68,52
8,3244,193.859008150286,83,75
54,3172,1107.32493818432,92,38
30,5519,773.254509584194,76,46
49,7265,2123.11081891607,79,30
52,4941,1608.36130617804,61,9
45,9656,2432.46438617918,60,15
57,1411,545.270972327659,67,10
38,4012,771.788581949079,73,35
54,6484,2263.52298208926,79,25
97,1978,1822.13724962067,97,0
36,5138,913.621971475658,86,50
21,6238,611.116218467528,62,41
20,2193,206.55082870989,73,53
71,3877,2257.76821926478,79,8
77,5335,3563.51098906616,85,8
74,5667,3545.53113106832,88,14
94,1724,1504.08178888614,97,3
95,1444,1280.04010602996,95,0
91,1860,1558.47414492197,97,6
18,8442,735.227889239163,67,49
2,5920,293.51888442527,84,82
42,2763,620.868565586986,73,31
42,4670,1049.38697115137,92,50
65,7136,3536.13322500691,73,8
46,2235,584.573344361092,52,6
32,6472,982.001612972861,76,44
70,5108,2900.40493794701,88,18
23,1809,191.799839893986,86,63
83,9148,6833.87209592871,84,1
95,6376,5652.03304435389,95,0
32,5146,780.80659770679,86,54
19,2749,248.960653999871,65,46
9,1059,65.5850751310656,21,12
83,8016,5988.22898130351,86,3
65,3340,1655.08477739953,94,29
57,6875,2656.79513448097,75,18
7,5231,301.884005575307,80,73
64,3907,1880.50062484975,83,19
57,8577,3314.5209990463,77,20
35,1030,176.050745083775,92,57
97,7889,7267.36135604525,99,2
2,6802,337.249231733225,61,59
5,3422,184.860925235257,87,82
90,2505,2071.97123937711,93,3
0,2403,155.311112104092,71,71
84,2077,1577.03389242029,92,8
74,1689,1056.71467802619,81,7
14,5680,423.959894477704,82,68
93,7513,6462.33846997049,93,0
91,6754,5659.10450258225,95,4
70,8147,4625.99824382426,88,18
58,1366,545.562003300145,84,26
0,6824,441.049949645577,77,77
47,4837,1313.20639313152,81,34
76,2335,1527.09110267107,91,15
13,6210,446.208362753913,83,70
98,6294,5901.51632259782,98,0
83,8382,6261.64362790494,87,4
94,7959,6943.72793372667,96,2
78,8320,5671.87067156738,81,3
45,2841,715.682614036356,90,45
89,4957,4046.65735032646,92,3
4,3915,205.090483693261,83,79
82,2411,1770.86935290976,88,6
8,6395,382.160406017596,87,79
5,4633,250.280732499985,73,68
8,3086,184.417046594261,65,57
48,7603,2141.91226953579,86,38
35,7234,1236.45736886993,84,49
47,4681,1270.8536543826,66,19
97,2082,1917.94224151175,99,2
64,5710,2748.31291730024,80,16
64,4623,2225.12269994379,87,23
17,8058,675.02218854785,91,74
70,1633,927.243786935684,75,5
19,2129,192.81092483293,87,68
34,8725,1433.37855604405,86,52
30,7217,1011.15741903771,83,53
16,3887,313.264497635445,81,65
41,6998,1513.02424439101,79,38
49,3670,1072.51434348548,84,35
36,8736,1553.4062948251,68,32
24,3073,338.990020136312,33,9
25,5623,645.427474464844,82,57
58,8062,3219.85422445517,68,10
5,5640,304.680192380728,78,73
29,4318,581.339066776545,68,39
50,4189,1269.45448677749,88,38
29,5093,685.67852410675,60,31
25,5689,653.003183750755,46,21
32,5658,858.492757447535,66,34
14,5162,385.295946354561,77,63
45,7488,1886.31869549603,86,41
97,7041,6486.18219139493,98,1
66,2224,1133.9316573888,66,0
48,1294,364.544847662674,93,45
75,5684,3637.13853400337,94,19
51,5769,1812.25447793402,66,15
57,5978,2310.15582748033,80,23
0,5395,348.690574199573,67,67
22,1065,108.537447817347,87,65
25,9096,1044.07047976742,79,54
81,6283,4534.31876077437,94,13
34,5637,926.069331853328,81,47
98,2286,2143.44873108653,99,1
31,1669,243.350548282836,72,41
37,7389,1366.6936234668,85,48
16,1097,88.4103817612769,81,65
6,9050,504.963061160501,77,71
30,2171,304.173861262418,73,43
75,3293,2107.15995645199,95,20
64,3066,1475.71408133845,82,18
58,1009,402.981011222435,74,16
45,7121,1793.86691114146,75,30
52,6529,2125.27645578555,59,7
97,2576,2373.01595299437,97,0
69,1878,1039.05555976162,84,15
6,1610,89.8332075655698,11,5
82,7626,5601.2649047241,87,5
59,4418,1822.66000541108,73,14
32,7172,1088.21315949341,75,43
77,9215,6155.15534475064,84,7
78,3051,2079.91315131636,88,10
58,5598,2235.76580854627,63,5
52,5018,1633.42583169427,73,21
15,5441,421.960059121737,86,71
10,6766,434.595575894277,83,73
24,1924,212.241066951599,82,58
5,4588,247.849773518223,80,75
50,4614,1398.24850847251,90,40
34,1217,199.933719507806,84,50
63,3036,1418.50535404696,82,19
26,1626,194.223104645949,76,50
47,3915,1062.89084744881,61,14
29,8839,1190.00833979571,67,38
77,3328,2222.93618961803,77,0
35,5887,1006.22401583319,78,43
24,4356,480.520835572332,63,39
11,4055,270.267872920168,41,30
96,8001,7229.71358063214,99,3
5,3823,206.523470828284,62,57
91,4463,3739.5000584875,93,2
1,4636,224.534364227003,60,59
49,8727,2550.36312686587,86,37
41,1455,314.582777306218,79,38
31,5851,853.112077892674,72,41
41,4026,870.45378792772,44,3
96,8141,7356.21775527137,97,1
88,7833,6308.92868918627,93,5
54,6546,2285.16678605125,58,4
55,7864,2841.147318622,88,33
54,2111,736.936615544483,74,20
82,8240,6052.24532060406,92,10
56,3753,1402.63944521096,72,16
78,1962,1337.52527134798,85,7
46,5963,1559.64691383678,65,19
37,5391,997.137004210251,68,31
90,4566,3776.69488183468,90,0
39,2302,460.502814872799,72,33
40,6988,1453.41797620256,86,46
39,6353,1270.88374582402,60,21
97,9387,8647.3217200148,98,1
28,5217,674.903181515807,78,50
27,2567,319.100362060167,86,59
75,1080,691.0819170872,76,1
8,2257,134.876628050307,73,65
1,1769,85.6775863497774,77,76
14,9754,728.046621608366,83,69
95,8308,7364.66288150755,96,1
47,1750,475.110851350043,53,6
56,2916,1089.82057613514,86,30
49,6919,2021.99638762289,76,27
18,3515,306.127224671364,85,67
34,7204,1183.50247767809,66,32
20,2239,210.883404232304,82,62
89,5513,4500.54911687508,91,2
33,8868,1400.13035203939,70,37
70,9131,5184.72934385164,86,16
42,4352,977.929785535491,55,13
85,6537,5041.60292568576,91,6
12,5453,377.30312112136,87,75
70,5890,3344.43717394438,90,20
15,8941,693.391819262535,40,25
34,3469,569.901456838601,80,46
75,9884,6324.67932267582,91,16
41,4599,994.341026000891,80,39
46,6960,1820.41632069494,78,32
86,6902,5403.6280232175,93,7
8,2293,137.027961063072,82,74
83,10000,7470.34553555827,87,4
39,2428,485.708442446202,47,8
47,7102,1928.135580736,83,36
11,4630,308.591923950771,75,64
21,2281,223.462022174484,91,70
18,7610,662.767618705287,81,63
94,9629,8400.69811205605,95,1
63,4141,1934.79271116879,79,16
21,7599,744.448884920607,55,34
36,5930,1054.45276194057,81,45
59,3285,1355.23723806596,81,22
83,7603,5679.70371068495,84,1
81,9281,6697.91698531704,87,6
95,5766,5111.29588044927,98,3
70,3535,2007.23012052519,81,11
74,2323,1453.37371051204,79,5
95,2861,2536.14594414939,96,1
6,4497,250.919213926936,88,82
65,7890,3909.76613583303,70,5
27,9220,1146.12595956164,63,36
73,9907,6056.05198364231,83,10
32,1745,264.770212397658,68,36
95,7536,6680.32011013973,98,3
72,1583,944.81111582215,81,9
58,5675,2266.51857154343,85,27
12,1125,77.8408236313094,72,60
59,6563,2707.58660378292,79,20
63,6625,3095.38800084357,83,20
49,1021,298.375243787104,89,40
20,8772,826.203314839559,78,58
62,7609,3449.08869886762,84,22
46,4493,1175.16243231069,77,31
5,6149,332.177039529982,76,71
36,3863,686.905736825704,56,20
57,4578,1769.13572736784,61,4
68,9772,5264.70791813691,92,24
45,8229,2072.98564973783,65,20
50,4710,1427.34080513774,69,19
67,2116,1109.36538793061,71,4
92,2489,2112.65787819869,92,0
77,7297,4874.02805758496,85,8
88,5477,4411.33696293543,90,2
82,6752,4959.31558309692,98,16
94,1233,1075.71510771265,96,2
5,7349,397.002612376945,87,82
86,6321,4948.75872714543,97,11
63,5314,2482.85159795966,91,28
35,3765,643.525296349917,80,45
93,3787,3257.40393794466,96,3
73,3634,2221.42857661816,78,5
47,3484,945.877832059172,84,37
97,8417,7753.75593026149,97,0
17,4621,387.103193507026,82,65
19,6130,555.1578061183,79,60
40,1450,301.582150185134,91,51
36,7329,1303.21826176432,87,51
69,4821,2667.3518922315,76,7
32,3522,534.395809779113,85,53
77,5684,3796.62539116252,86,9
15,8570,664.62005268761,37,22
92,6318,5362.70489130548,95,3
69,9865,5458.08471621318,83,14
98,5820,5457.07419725442,98,0
29,1256,169.097236653854,76,47
17,3781,316.736025676274,71,54
3,3338,169.910957626904,86,83
2,5124,254.052493884305,86,84
82,2710,1990.48359451905,87,5
66,1658,845.350129474203,80,14
58,4578,1828.3915454671,74,16
94,3294,2873.80824396226,98,4
97,2886,2658.58852497738,98,1
57,2830,1093.63348808453,83,26
83,6932,5178.44352524899,89,6
77,1381,922.438364742337,81,4
41,4771,1031.52881823228,41,0
68,6857,3694.23886560221,82,14
7,1040,60.0189955645802,82,75
41,9268,2003.81661860758,66,25
3,3382,172.150646702873,90,87
28,9454,1223.02754035853,77,49
17,5239,438.873324125364,65,48
1,3145,152.321090486179,85,84
9,9246,572.615301852533,41,32
9,2930,181.458234309747,62,53
39,6408,1281.88620230447,82,43
35,3435,587.120688701717,90,55
8,7815,467.018541521112,80,72
4,1600,83.8173113433506,50,46
12,1065,73.6893130376396,73,61
60,4291,1827.6920841452,70,10
86,9052,7086.87929095404,96,10
49,7760,2267.76874807828,86,37
56,1397,522.112258182711,71,15
58,3585,1431.80071876356,81,23
12,7342,508.006512978732,82,70
94,3309,2886.89480245025,97,3
92,7006,5946.67782027322,98,6
42,1671,375.487286679643,70,28
10,2318,148.890414561474,22,12
72,2270,1354.84600942279,86,14
44,9726,2359.13485421421,82,38
95,8679,7693.53745168561,98,3
87,1591,1263.72356878515,92,5
49,1502,438.941837579069,78,29
66,6408,3267.19157398715,84,18
62,3859,1749.24869088318,74,12
54,2960,1033.31709237881,66,12
46,4209,1100.88107669612,73,27
39,5305,1061.23693870556,67,28
18,1246,108.516222458185,40,22
78,4208,2868.6576665812,87,9
17,6450,540.319324414697,85,68
12,8439,583.909964999662,83,71
45,9593,2416.59391638534,85,40
79,8131,5653.25202967039,83,4
58,8282,3307.7192615899,92,34
19,3934,356.279087972168,71,52
4,6664,349.099101745055,47,43
65,1430,708.614141221956,73,8
78,5171,3525.14942820612,83,5
32,1760,267.046174108813,42,10
40,2767,575.501937629148,86,46
53,2225,750.201130173727,68,15
65,2591,1283.92953839587,78,13
39,4268,853.790622883192,71,32
14,4028,300.653249112005,77,63
12,7590,525.166090099234,70,58
61,4499,1977.40389103669,89,28
94,5553,4844.64395225332,94,0
25,5315,610.074164463924,72,47
95,8870,7862.85023579345,98,3
54,4441,1550.32473218051,86,32
66,2349,1197.66432698124,83,17
30,5860,821.031242283634,86,56
69,4885,2702.76166636608,69,0
96,8559,7733.92307669422,98,2
53,5092,1716.86478869421,70,17
47,4033,1094.92689342556,83,36
87,6951,5521.14552270623,94,7
50,3254,986.107639048453,66,16
50,4475,1356.12528725932,63,13
87,8119,6448.88224699351,95,8
66,7069,3604.209930792,81,15
28,4486,580.336529093331,88,60
41,1249,270.0439098663,84,43
57,9531,3683.1875529801,92,35
9,6671,413.14262152912,75,66
35,4568,780.77650829387,92,57
53,2805,945.7591775898,83,30
79,5381,3741.25558623249,87,8
14,2349,175.331301431008,90,76
60,3515,1497.16562008165,88,28
83,5737,4285.73723374978,84,1
38,4190,806.030448246919,84,46
78,1470,1002.12138067356,96,18
15,6324,490.438414608687,78,63
68,6827,3678.0762338437,89,21
47,3053,828.864816669533,72,25
23,3336,353.700533933852,56,33
58,6476,2586.42718402031,79,21
55,9506,3434.37772263743,81,26
24,3549,391.49872484991,83,59
33,7991,1261.66459665615,83,50
1,2108,102.096298488033,67,66
80,6625,4694.47228417683,87,7
3,7978,406.096351092703,87,84
55,4601,1662.27350114189,91,36
54,5543,1935.02589292424,77,23
75,6002,3840.62376514572,95,20
98,6683,6266.2589106961,98,0
80,3535,2504.89955087775,84,4
56,7401,2766.03637996439,68,12
8,7893,471.67976304877,56,48
16,3826,308.348332377981,73,57
45,1574,396.509832626971,59,14
72,1098,655.339611606267,94,22
67,1228,643.809402825512,67,0
72,5301,3163.89369865649,91,19
25,6574,754.586558266385,67,42
45,2949,742.889133682933,65,20
59,2277,939.383619810104,65,6
32,4617,700.541014693402,50,18
39,7773,1554.947167683,63,24
94,3793,3309.15442299601,97,3
3,6664,339.211090960363,74,71
96,2803,2532.79429652692,97,1
75,2989,1912.63319460522,81,6
44,8440,2047.20318420398,72,28
93,4111,3536.09389725125,97,4
39,9879,1976.24122855273,50,11
4,3412,178.740416439695,77,73
40,3774,784.945541240479,86,46
89,9982,8148.82664332433,89,0
1,7090,343.388404307474,21,20
9,7769,481.143011041783,79,70
0,5652,365.301042701758,78,78
36,4472,795.1960794938,89,53
54,2242,782.667878754491,77,23
61,6541,2874.90527923339,87,26
29,5409,728.222096385904,79,50
10,1751,112.470714364599,70,60
38,7041,1354.47741911851,83,45
23,9145,969.601733460755,74,51
73,3735,2283.16888653518,89,16
41,1346,291.016095020048,77,36
78,2624,1788.82075026356,86,8
59,6070,2504.19787977485,81,22
50,4001,1212.48207247476,76,26
31,9061,1321.14998082132,85,54
82,1937,1422.71834781676,92,10
66,8251,4206.86605445817,92,26
28,6556,848.124450453829,71,43
50,1113,337.288814462486,82,32
75,4002,2560.84243720646,75,0
89,3686,3009.07383362988,91,2
79,9992,6947.15216830237,79,0
38,2572,494.775731000257,68,30
51,4540,1426.18050438905,76,25
48,1683,474.133677446893,89,41
91,4452,3730.28327591001,92,1
19,6137,555.791754673411,61,42
87,5264,4181.16962041801,98,11
52,4731,1540.00350931558,78,26
79,3228,2244.33618887911,92,13
61,5698,2504.38928009048,77,16
77,8816,5888.64346384391,83,6
89,1639,1338.0010888007,91,2
72,4483,2675.67165649444,90,18
12,3206,221.829049388425,89,77
99,7885,7509.52380952381,99,0
42,4640,1042.64572722534,92,50
65,2772,1373.62125836872,73,8
49,5473,1599.4198915248,80,31
79,3313,2303.43426076719,82,3
28,3494,452.005312673227,53,25
30,8907,1247.93946672702,49,19
24,4601,507.547374763154,79,55
63,4918,2297.82916047527,89,26
61,8388,3686.70011958563,72,11
6,7837,437.281271857994,61,55
64,6585,3169.46419622103,70,6
76,9034,5908.24026618005,77,1
45,2562,645.399104949364,87,42
94,3850,3358.88334525037,96,2
86,1702,1332.50867799423,86,0
88,4026,3242.65886667483,91,3
76,1947,1273.3389194435,79,3
35,7558,1291.83643819726,66,31
97,3478,3203.94001728044,97,0
4,4764,249.566044524826,66,62
77,4983,3328.39273824118,80,3
24,9163,1010.79256573675,69,45
80,1918,1359.09401374357,83,3
26,4890,584.102694783943,43,17
1,5799,280.861686400429,79,78
6,8296,462.892105567681,72,66
63,4111,1920.77585984421,90,27
99,3297,3140,99,0
38,2210,425.137778192289,88,50
79,9054,6294.98756323155,82,3
22,4950,504.469827883443,79,57
13,9945,714.580059192861,67,54
39,9184,1837.21018757245,78,39
80,1946,1378.93480226537,90,10
34,7448,1223.58779202476,75,41
32,1715,260.218288975349,71,39
21,6358,622.872221387711,84,63
78,6861,4677.24815836825,89,11
73,8574,5241.20215077714,87,14
51,6174,1939.47983129912,67,16
41,6901,1492.05205923726,80,39
93,6889,5925.60225204668,98,5
47,3072,834.023163055619,83,36
61,8188,3598.79596795031,80,19
71,8738,5088.56814545671,72,1
89,8699,7101.44690145044,97,8
3,3345,170.267271798081,83,80
25,7672,880.618812750183,45,20
4,6324,331.287923084593,28,24
16,8978,723.562814450997,69,53
95,6797,6025.23033288479,96,1
55,4438,1603.38400305753,80,25
70,6953,3948.02575049835,85,15
7,5313,306.616272533283,72,65
97,8391,7729.80468228872,98,1
51,2506,787.226507488758,67,16
87,1643,1305.02691609931,87,0
90,4021,3325.90672795822,91,1
69,4117,2277.84437675111,80,11
31,4279,623.9047310379,35,4
23,4760,504.68061796317,62,39
98,9300,8720.06701623129,98,0
55,7887,2849.45687970139,87,32
29,3313,446.034351141893,77,48
54,2277,794.886155184646,73,19
23,3028,321.044729242118,68,45
71,1668,971.358625156992,79,8
20,9515,896.183828168993,91,71
24,5964,657.903182588014,82,58
67,9415,4936.04684658159,83,16
90,7735,6397.8832481365,90,0
93,4135,3556.73759794063,93,0
23,7995,847.672592566291,90,67
50,1819,551.238412854682,82,32
91,9794,8206.28805127193,92,1
94,8573,7479.40439450167,94,0
73,3125,1910.28186624429,78,5
11,7654,510.143107109979,66,55
86,4494,3518.38660335257,86,0
43,4576,1068.45334460828,67,24
84,5729,4349.94086166386,86,2
94,2045,1784.13414052909,96,2
0,6856,443.118179186705,89,89
20,8169,769.40890092617,82,62
74,5941,3716.95790536032,82,8
78,2985,2034.91994646979,81,3
43,2714,633.693701325804,52,9
14,2952,220.339719806018,88,74
33,1834,289.562366445675,87,54
17,8406,704.174300934875,70,53
76,1998,1306.69294352753,93,17
44,2313,561.040398704243,82,38
69,7499,4149.02962867538,77,8
57,3864,1493.21547631047,76,19
38,7541,1450.66243680907,67,29
78,8815,6009.31970791665,87,9
92,7676,6515.37238772727,94,2
74,2446,1530.32806539494,86,12
89,9469,7730.03801699439,92,3
32,8215,1246.46836380903,91,59
71,7202,4194.07962732653,71,0
86,7915,6196.71338796964,91,5
23,2698,286.056367072402,88,65
63,3231,1509.61488765669,84,21
66,8780,4476.5827121734,87,21
56,8431,3150.98672064312,68,12
26,6514,778.08690262221,88,62
81,2425,1750.07528169312,92,11
18,3211,279.651356591679,76,58
1,7869,381.117539280044,84,83
75,9647,6173.02523531502,91,16
13,3088,221.882677002268,89,76
45,3620,911.922232598243,76,31
67,7991,4189.47959118784,84,17
29,8424,1134.13624328986,87,58
82,5991,4400.36428589065,96,14
91,3740,3133.70607634848,92,1
74,9685,6059.37339057645,90,16
26,6400,764.469784584302,63,37
5,9035,488.082542226929,68,63
30,2197,307.8166619961,72,42
96,3061,2765.92341836208,98,2
9,5795,358.890944650165,76,67
32,5027,762.750634798296,85,53
71,3219,1874.58238272204,80,9
48,7430,2093.17482081427,71,23
0,6403,413.83980474511,89,89
28,3444,445.537005393988,55,27
91,4244,3556.00229626282,93,2
11,2426,161.69417008738,78,67
48,2057,579.496716879536,67,19
81,2998,2163.59822454266,85,4
43,1072,250.302007303339,74,31
35,3128,534.647311283543,81,46
1,6074,294.180700671876,89,88
29,5555,747.878303831336,79,50
13,2762,198.45853428765,71,58
99,6796,6472.38095238095,99,0
67,1737,910.665254648139,75,8
83,5501,4109.4370791106,95,12
73,4777,2920.13327201568,83,10
60,8242,3510.56587218008,66,6
45,3046,767.324618921063,78,33
21,5413,530.293698391268,73,52
98,6016,5640.85195372553,99,1
97,1177,1084.25457169036,97,0
33,7800,1231.50842872206,81,48
20,4468,420.824944220605,91,71
40,5529,1149.96393680938,91,51
87,3499,2779.23869715855,90,3
55,1040,375.736674894059,90,35
40,3282,682.615597867316,72,32
74,9964,6233.92839067669,80,6
19,5762,521.830224935342,89,70
93,7960,6846.82739531014,93,0
96,3772,3408.38390527989,98,2
49,8779,2565.55951538392,87,38
22,9343,952.174060992931,60,38
63,3967,1853.49497348626,77,14
99,2899,2760.95238095238,99,0
26,5338,637.615579704844,69,43
72,4658,2780.12013739708,75,3
35,3002,513.11100654514,57,22
10,7444,478.145058669376,78,68
72,2378,1419.30564335128,78,6
38,9989,1921.58428342207,68,30
3,4653,236.847119783699,69,66
2,3568,176.904624937393,77,75
66,2183,1113.02734176248,74,8
13,1184,85.0741870371391,72,59
71,8744,5092.06224123066,76,5
60,8538,3636.64297702906,71,11
2,6221,308.442733109731,16,14
18,2866,249.604729988088,74,56
6,4382,244.502556243681,54,48
18,9563,832.857652783003,73,55
57,5554,2146.30402573197,67,10
87,3364,2672.00885316987,89,2
83,8791,6567.18076030928,95,12
55,9925,3585.75624838801,76,21
26,8064,963.23192857622,72,46
42,1821,409.193506309772,83,41
47,3592,975.198958885346,70,23
17,1073,89.8856798599953,77,60
69,1526,844.301802021421,78,9
46,2783,727.904974208912,79,33
8,6648,397.279496357307,81,73
91,6626,5551.85466895321,92,1
96,8994,8126.98961932327,97,1
80,1965,1392.3981944766,89,9
75,7004,4481.79421044329,85,10
53,1809,609.938806509785,77,24
93,3238,2785.17928467516,95,2
49,5937,1735.01843522432,85,36
84,1995,1514.77256397616,92,8
73,7627,4662.31033403047,89,16
57,2776,1072.76556993734,60,3
62,3026,1371.65756377624,74,12
28,5232,676.843673699578,48,20
40,8465,1760.61579401183,75,35
31,9236,1346.66606587194,47,16
65,8148,4037.61400187168,75,10
48,3104,874.456883419582,87,39
58,6470,2584.03086482572,72,14
32,4510,684.305821153832,55,23
30,9890,1385.66535600429,53,23
75,5424,3470.76696137127,90,15
55,6846,2473.35891954301,63,8
22,9197,937.294748897783,70,48
76,6665,4358.91314745296,77,1
68,1879,1012.31950247434,78,10
83,9436,7049.01804735279,83,0
71,2372,1381.33252929999,75,4
50,2435,737.913983123227,79,29
21,4411,432.131074007738,63,42
4,1993,104.404938442061,45,41
0,9528,615.815345870905,80,80
5,2182,117.874499960062,66,61
44,6701,1625.39200679513,70,26
69,2792,1544.75139662111,78,9
29,5290,712.200941002298,67,38
59,5855,2415.49894334131,60,1
17,6300,527.753758730634,58,41
17,4677,391.794338029076,81,64
39,2987,597.533409220265,82,43
97,5374,4950.53871560238,97,0
59,9477,3909.76660735193,81,22
77,1405,938.469154571313,80,3
72,3582,2137.91119196143,77,5
0,9627,622.21393101377,88,88
74,1286,804.579677881395,78,4
10,6005,385.71481425438,64,54
78,2471,1684.51832084652,84,6
89,6654,5432.00686081748,90,1
77,5036,3363.79406578017,89,12
3,8713,443.509339066273,46,43
79,4295,2986.19080893301,83,4
90,7494,6198.5438993581,96,6
44,5500,1334.07790439833,85,41
33,4871,769.061225167329,49,16
15,6593,511.299884173794,84,69
12,6372,440.890425047736,47,35
8,3488,208.440265236806,85,77
92,7990,6781.89491635498,94,2
42,7622,1712.72537347231,86,44
83,7450,5565.40742399091,85,2
58,9474,3783.78800824712,86,28
98,9464,8873.84024103365,99,1
56,3128,1169.05307343989,57,1
8,5006,299.154807275072,78,70
9,1275,78.9622009368353,54,45
90,5044,4172.06504248229,90,0
31,1075,156.741665310994,72,41
2,2851,141.35512491494,54,52
54,6359,2219.88628055299,72,18
43,6668,1556.91584393532,82,39
8,2556,152.744643906329,29,21
39,2312,462.503261505609,65,26
70,8195,4653.25341943535,82,12
84,4620,3507.89435868162,92,8
73,9632,5887.94717941281,77,4
87,5364,4260.5991344837,88,1
23,1179,125.003875751802,80,57
19,5236,474.193519222744,84,65
85,4692,3618.66313711452,88,3
17,5414,453.533150756771,67,50
3,5406,275.176344197437,84,81
45,9808,2470.75504345955,80,35
85,9910,7642.99908116045,90,5
49,1201,350.978127118816,71,22
84,8703,6608.0529445035,86,2
24,9442,1041.56972669283,87,63
90,1888,1561.62942113532,97,7
47,8433,2289.49131967709,79,32
95,8356,7407.21269112628,95,0
97,9172,8449.2633233169,98,1
12,2867,198.37301453419,89,77
18,2380,207.278177729117,81,63
56,4647,1736.76139139231,68,12
3,2379,121.095916175676,78,75
77,3922,2619.69823788519,91,14
75,3010,1926.07089854859,80,5
14,1320,98.5258909701705,34,20
44,3052,740.291957131582,79,35
77,6760,4515.33913516162,82,5
84,3566,2707.60850282655,84,0
32,5162,783.234290198688,76,44
77,3047,2035.24235870377,85,8
65,9030,4474.67531135263,65,0
27,8598,1068.80596532657,64,37
87,1644,1305.82121123997,91,4
68,8599,4632.74901637938,74,6
53,3022,1018.92486084719,69,16
40,3694,768.306526057851,50,10
65,1048,519.320013986441,66,1
34,3133,514.702007574326,85,51
51,2812,883.35233003128,70,19
50,3700,1121.26560063899,75,25
1,1772,85.8228846872841,69,68
18,2846,247.862896561793,82,64
32,6892,1045.72854088519,82,50
8,4183,249.972944233245,68,60
77,6195,4137.94762460447,84,7
52,5285,1720.33788770511,78,26
22,1166,118.8306705681,22,0
68,1061,571.618409859114,85,17
80,1730,1225.87729081146,88,8
93,2875,2472.94331174832,97,4
92,3482,2955.5141550373,94,2
79,7391,5138.7511685271,84,5
32,1397,211.96790069887,60,28
15,8032,622.897113557396,38,23
56,2673,999.002194790542,89,33
56,1157,432.415091422618,79,23
96,8998,8130.60402431296,98,2
64,2326,1119.54042830829,71,7
87,6067,4818.98861836551,96,9
98,6436,6034.66143187791,99,1
37,1814,335.523377042737,65,28
25,4008,460.052163908073,72,47
93,1193,1026.16395510113,97,4
50,1046,316.984815748212,84,34
75,5769,3691.52924044079,86,11
8,5040,301.186621787128,68,60
75,8641,5529.29522736157,95,20
58,7726,3085.66034955851,72,14
5,9685,523.196394185701,80,75
45,2599,654.719857050506,59,14
61,4388,1928.61708687908,64,3
20,5697,536.580059808592,74,54
41,6668,1441.67557324939,84,43
20,3227,303.939591539815,86,66
40,1626,338.187983586915,75,35
83,5201,3885.32671304386,88,5
85,8968,6916.48998585741,91,6
2,6825,338.389592263931,80,78
36,4856,863.477674870727,79,43
27,6208,771.708238281852,75,48
77,3252,2172.17202182627,83,6
82,4543,3336.81438003692,85,3
30,7864,1101.80711421817,74,44
73,3472,2122.39956467206,86,13
46,6551,1713.44070644721,64,18
86,4936,3864.43174769655,93,7
4,8259,432.654483990458,87,83
61,1444,634.667974807064,88,27
23,2214,234.740102556819,61,38
59,6922,2855.6931999673,81,22
45,4981,1254.77476258891,76,31
83,2781,2077.50309343876,83,0
71,3727,2170.41582491613,90,19
18,4439,386.599928966198,79,61
96,9416,8508.30934573581,96,0
24,8214,906.106093524136,31,7
62,3964,1796.84421110675,93,31
60,5421,2308.99995062948,73,13
39,4866,973.417331525213,64,25
58,8388,3350.05423402754,82,24
59,2420,998.378726368226,88,29
35,3468,592.761149466537,80,45
85,9911,7643.77032223827,87,2
22,2916,297.178589516792,80,58
85,9079,7002.09774549503,95,10
65,3662,1814.6468427656,76,11
27,5462,678.97396866873,62,35
73,1370,837.467570161498,95,22
45,5379,1355.03582573092,78,33
48,7412,2088.10387239238,76,28
82,9558,7020.31077358418,88,6
77,5031,3360.45431789913,94,17
92,1835,1557.54407653459,92,0
35,1162,198.612588143055,66,31
42,3904,877.260542906838,59,17
25,6262,718.774114369349,70,45
70,5708,3241.09463308566,88,18
93,5241,4508.06813804277,96,3
18,4490,391.041604203251,78,60
74,4309,2695.90500154816,85,11
54,1562,545.284222397197,74,20
72,1440,859.461785713137,91,19
40,1510,314.061411572105,81,41
28,9573,1238.42211168312,64,36
44,2143,519.805263477386,77,33
39,5153,1030.83014988685,77,38
66,5528,2818.51358005633,82,16
69,4921,2722.67966431678,83,14
71,9369,5456.0305510167,83,12
51,8239,2588.17206512365,81,30
46,9631,2519.02723916854,86,40
36,1733,308.15626246931,84,48
19,7185,650.7029097814,80,61
39,5734,1147.0560992531,85,46
50,7748,2347.99077668943,83,33
20,6548,616.73270697326,89,69
58,3968,1584.76576068446,81,23
67,1171,613.925741619442,76,9
51,6300,1979.06105234604,76,25
23,6456,684.499594447527,64,41
9,4321,267.604447253385,86,77
55,3795,1371.07757809899,58,3
59,8042,3317.75277580714,82,23
34,8486,1394.11466207333,79,45
30,5314,744.53242687632,87,57
4,4560,238.879337328549,54,50
85,1048,808.26064955158,92,7
38,6282,1208.46856226424,86,48
16,2889,232.832810308413,67,51
34,8320,1366.84350559157,66,32
17,2292,192.001843652478,85,68
72,3986,2379.03797073095,96,24
79,4086,2840.87907923173,89,10
26,1794,214.290436491287,89,63
31,3688,537.733266666926,79,48
72,7840,4679.29194443819,84,12
12,1666,115.273610817566,63,51
2,3894,193.067995937838,65,63
12,9712,671.99118142869,55,43
63,2960,1382.99599735803,90,27
52,9042,2943.29142490626,65,13
15,3356,260.264282009291,64,49
3,9129,464.684581239068,23,20
71,6226,3625.70671476465,83,12
24,2267,250.07822181875,80,56
55,8851,3197.73587450703,61,6
64,6911,3326.37312985323,89,25
12,1045,72.3054761730829,73,61
80,1988,1408.69598504808,91,11
20,3560,335.30367086512,69,49
40,2068,430.118542470935,86,46
32,9814,1489.08588221812,67,35
5,6818,368.317296392164,71,66
80,3713,2631.03027790922,81,1
88,5428,4371.87092109065,92,4
45,1497,377.112591767837,49,4
55,3739,1350.84560329701,83,28
41,1344,290.583678831311,67,26
46,7238,1893.12835189512,91,45
1,3117,150.964972669449,65,64
47,5364,1456.28263236665,70,23
2,2176,107.888022383343,79,77
37,5526,1022.10704605191,92,55
35,7916,1353.02689134288,80,45
16,3808,306.897660662664,78,62
83,6970,5206.83083828412,85,2
15,2568,199.153360011877,81,66
37,1026,189.772317996609,53,16
77,2970,1983.8102413358,77,0
6,7570,422.383466628176,90,84
97,2317,2134.42467511178,97,0
61,5393,2370.33544884661,94,33
15,1788,138.662853466213,41,26
31,6893,1005.04213859412,54,23
82,2811,2064.66766944393,83,1
60,4391,1870.28570064823,64,4
56,4498,1681.07440036209,73,17
2,3435,170.310366216352,59,57
28,6814,881.500916014703,68,40
88,1368,1101.8274539521,88,0
31,1768,257.785362111476,89,58
55,4940,1784.74920574678,89,34
56,3952,1477.01334598287,77,21
9,8446,523.070391460793,38,29
72,6721,4011.41851512361,87,15
1,3535,171.209874362048,65,64
8,2299,137.3865165652,82,74
95,9202,8157.15308565629,95,0
91,7904,6622.67722659315,96,5
78,3669,2501.21316033422,78,0
54,3727,1301.07189300535,93,39
18,9764,850.363078717269,86,68
68,2816,1517.13236773163,78,10
46,3804,994.951678724651,66,20
70,5926,3364.8785556527,87,17
38,3280,630.973716050094,83,45
42,7201,1618.12325037708,83,41
78,2972,2026.05764854546,87,9
87,4996,3968.29852272196,87,0
24,4168,459.782103458558,55,31
49,8560,2501.55934066367,62,13
11,7779,518.474422551414,75,64
6,2338,130.45344055174,62,56
73,4723,2887.12360136698,75,2
69,2098,1160.77665834924,92,23
79,5803,4034.66013137096,87,8
32,8447,1281.66990494156,85,53
14,4404,328.718199873205,79,65
77,8070,5390.35307999324,84,7
24,6561,723.759688289732,78,54
89,6280,5126.6911761247,90,1
76,5447,3562.34057226951,77,1
90,5390,4458.25348512679,96,6
43,9501,2218.39493599722,64,21
33,2924,461.657775074783,84,51
17,1946,163.01727214124,78,61
64,2952,1420.84408614191,77,13
55,2326,840.349524811135,60,5
79,5823,4048.56556005051,89,10
63,5529,2583.30569911911,78,15
93,2524,2171.02918916618,96,3
83,6766,5054.43578935873,87,4
3,3741,190.4244734818,83,80
72,2572,1535.09424503763,72,0
63,8708,4068.62471114654,89,26
68,9831,5296.49442726197,94,26
93,6872,5910.97963072504,98,5
57,1286,496.965606246186,88,31
97,8717,8030.11648379344,98,1
87,3881,3082.65944088949,95,8
51,1547,485.969436187194,54,3
19,7182,650.431217543496,71,52
90,7303,6040.56126194452,93,3
97,7816,7200.11362135247,97,0
6,1173,65.4499083692008,78,72
80,2012,1425.70237520963,88,8
14,6678,498.451439317272,78,64
51,1062,333.613148824047,89,38
63,9537,4455.95703608228,78,15
26,4793,572.516199611337,80,54
92,5771,4898.41246086165,92,0
21,9174,898.746423248013,89,68
20,6774,638.018838887731,67,47
37,5711,1056.32525153863,44,7
59,9384,3871.39916042952,68,9
98,5212,4886.98809554812,98,0
74,6456,4039.16516360986,89,15
97,4030,3712.44343577923,97,0
75,2032,1300.25782918629,90,15
39,5079,1016.02684480406,58,19
45,1336,336.55472451692,77,32
94,1381,1204.83581812747,95,1
11,8532,568.662266770622,73,62
36,4408,783.815813597645,64,28
63,8586,4011.62284909327,91,28
31,2251,328.209756851207,67,36
92,4862,4126.85520442027,93,1
2,4811,238.533674488172,56,54
69,7914,4378.63988282931,83,14
70,2590,1470.64385068183,81,11
85,9496,7323.70527494447,87,2
93,4322,3717.5864324787,94,1
43,1112,259.641634441523,75,32
90,8341,6899.12658987803,90,0
30,8606,1205.76704284863,79,49
4,5371,281.36423701571,49,45
21,7629,747.387885650653,48,27
61,3239,1423.60773573413,69,8
46,3446,901.31532199925,73,27
80,3011,2133.59336568399,81,1
98,5368,5033.26018743329,98,0
3,5971,303.935988013855,78,75
84,4458,3384.8902707798,84,0
17,4205,352.254691343225,71,54
43,3399,793.63481606721,88,45
59,1331,549.108299502525,86,27
36,4025,715.712034875345,83,47
43,2355,549.8705477606,85,42
52,4332,1410.12369527692,89,37
77,6528,4360.37483348152,80,3
46,3313,866.528630813556,90,44
36,4713,838.049893259007,79,43
43,3113,726.856482029192,80,37
67,2870,1504.66855546353,84,17
87,4599,3652.96335188116,91,4
21,1154,113.053561415763,85,64
34,3294,541.151743680124,87,53
49,1154,337.242929804425,62,13
63,5170,2415.5707116017,82,19
30,5523,773.814940466299,67,37
14,5476,408.733165873223,65,51
14,4875,363.874029151198,83,69
34,7656,1257.75887966455,77,43
54,5760,2010.7792067912,78,24
40,4608,958.407274519376,72,32
52,2037,663.07062956581,66,14
18,1766,153.803891541858,79,61
64,6595,3174.27735369441,73,9
27,3620,449.997394101209,54,27
60,1705,726.221161376733,88,28
56,4304,1608.56919056435,61,5
0,6481,418.881114251609,63,63
54,2017,704.12181598921,83,29
6,1942,108.35781931201,69,63
19,9587,868.237828263644,48,29
28,5984,774.127015179334,88,60
68,8670,4671.00057820784,79,11
33,3978,628.069298648252,87,54
18,4276,372.403986541893,70,52
2,3285,162.873232320441,81,79
10,6070,389.889912160547,88,78
28,3159,408.667653902326,71,43
96,4743,4285.78071652771,98,2
53,5844,1970.41591224057,80,27
88,7537,6070.52157926681,96,8
59,9902,4085.10171425545,68,9
58,6324,2525.72043109086,74,16
62,5165,2341.24630433056,79,17
22,9929,1011.89513556661,65,43
19,6463,585.315644525705,79,60
59,6650,2743.47873154905,63,4
66,2613,1332.26772516049,87,21
33,1157,182.673750260439,80,47
64,6798,3271.98445040404,72,8
67,4766,2498.69349663387,87,20
69,3147,1741.16498752386,93,24
17,8918,747.064765136476,68,51
38,2549,490.351220186491,62,24
45,5621,1415.99858271677,83,38
30,5565,779.6994647284,89,59
53,5766,1944.11672655358,53,0
55,1393,503.270373199446,82,27
30,9837,1378.2396468164,75,45
60,7376,3141.7051532638,80,20
25,7292,837.001092619178,67,42
7,3358,193.792102986404,74,67
99,4678,4455.2380952381,99,0
33,1060,167.358837749408,91,58
5,6124,330.826506762337,82,77
46,6314,1651.45239207872,70,24
35,4955,846.923729990395,87,52
11,9579,638.445364908086,80,69
17,3990,334.244047196068,71,54
89,2442,1993.53182358225,89,0
93,5588,4806.54164384335,97,4
90,2491,2060.39136019496,91,1
61,4520,1986.6338269584,61,0
17,4680,392.045649342757,82,65
22,8659,882.465502958128,68,46
8,1960,117.128130694994,56,48
56,1734,648.062029841676,75,19
73,7928,4846.30868338712,74,1
11,1577,105.10787560915,81,70
97,6676,6149.94351793105,98,1
27,2980,370.439843762874,65,38
49,1055,308.311343971983,87,38
95,2504,2219.68173511012,97,2
81,5139,3708.71623613234,81,0
68,6487,3494.89974058065,88,20
77,8863,5920.03709392566,78,1
37,5580,1032.09506278857,78,41
21,1878,183.981445700869,73,52
57,3913,1512.15117981441,71,14
21,7286,713.785310637129,86,65
3,8413,428.238731730122,72,69
73,5511,3368.82027675914,94,21
8,5801,346.66341130697,70,62
12,1160,80.2625381442835,75,63
63,6512,3042.59119418767,74,11
75,7679,4913.72040862279,90,15
72,1697,1012.85184052444,77,5
98,4826,4525.05843229379,98,0
47,1801,488.956939017959,80,33
74,3682,2303.62548519385,87,13
60,2213,942.596733212146,84,24
22,1125,114.652233609873,69,47
24,3834,422.937760235152,85,61
34,4676,768.192335594494,80,46
94,4298,3749.73522542496,94,0
61,6372,2800.62627110153,80,19
43,7851,1833.13531654712,85,42
88,9021,7265.77884656572,88,0
84,8190,6218.53999948106,88,4
39,4369,873.99513387457,71,32
74,2823,1766.19629133684,83,9
29,9054,1218.95412473248,36,7
18,6599,574.717939006069,85,67
67,8530,4472.0636857505,83,16
5,7294,394.031440288126,83,78
51,9886,3105.5551688084,83,32
35,3605,616.177607793214,66,31
58,6057,2419.0842269319,72,14
93,6540,5625.40843785532,93,0
85,2180,1681.30554963974,86,1
6,7978,445.148652147898,65,59
7,2997,172.958586256776,76,69
32,5582,846.961218111018,82,50
59,7717,3183.67298817504,85,26
79,4416,3070.31865244428,85,6
62,5841,2647.67079643656,69,7
43,3822,892.401373053508,59,16
82,1134,832.918227374394,91,9
10,4654,298.937010081579,66,56
85,3654,2818.1148983411,85,0
56,4102,1533.07407520793,77,21
89,7694,6281.01304285087,89,0
21,7095,695.073672655837,88,67
50,3530,1069.74799196098,75,25
35,6155,1052.03139416567,81,46
5,1551,83.7870529047002,76,71
69,2102,1162.98976923265,78,9
39,6877,1375.70714938325,83,44
75,1588,1016.14637438377,86,11
65,7725,3828.00296569204,73,8
92,3197,2713.60676440386,93,1
91,7157,5996.77390064868,93,2
52,2085,678.695268848656,90,38
6,9514,530.852879986851,88,82
21,3354,328.580281619123,76,55
50,5588,1693.41410172181,79,29
31,4480,653.211777296049,80,49
16,3052,245.969448619341,80,64
97,9755,8986.323999014,98,1
66,2662,1357.25093164073,71,5
61,1580,694.442797919087,82,21
76,4830,3158.82228089989,85,9
52,1900,618.475304946018,68,16
75,9229,5905.55093777571,95,20
49,8810,2574.6189008466,54,5
2,1441,71.4460662933809,73,71
58,8503,3395.98368525705,72,14
25,4331,497.127226019427,73,48
41,1866,403.444304091686,43,2
6,4174,232.89677539049,63,57
36,5884,1046.27319582771,87,51
24,4116,454.045858405812,58,34
50,7930,2403.14492245059,84,34
91,8273,6931.85838760186,92,1
98,1758,1648.37395855211,98,0
53,8194,2762.76317332293,61,8
42,9744,2189.55602717321,46,4
2,6259,310.326807030028,70,68
78,5728,3904.86480850216,86,8
19,8201,742.716014351742,82,63
90,8893,7355.70468334556,92,2
80,3794,2688.42684470444,82,2
56,2310,863.335230065901,82,26
43,8185,1911.12120315096,74,31
12,8026,555.333733746568,89,77
14,5931,442.694741927334,89,75
44,7227,1752.97836637941,64,20
20,2200,207.210133680692,65,45
11,5895,392.904836218098,82,71
93,4473,3847.4697159827,99,6
50,8196,2483.75482779383,77,27
29,6679,899.204174849594,84,55
45,5877,1480.48811076792,80,35
82,8008,5881.84229701424,90,8
64,4124,1984.9461420221,72,8
49,4782,1397.48326717917,69,20
21,9490,929.703897604495,90,69
34,5260,864.13423550621,84,50
74,5129,3208.93403410084,91,17
16,2839,228.803166654754,87,71
97,1200,1105.44221412781,97,0
5,4565,246.60728337199,73,68
17,7163,600.047646632942,72,55
47,1068,289.953365281055,73,26
9,5581,345.637681120375,54,45
41,9482,2050.08515080245,56,15
48,5595,1576.21980113807,68,20
71,4870,2836.04106985285,72,1
1,7813,378.405303646586,76,75
66,5257,2680.34115237991,92,26
28,7562,978.26679291212,74,46
44,8414,2040.89663411046,56,12
56,9005,3365.51244447768,86,30
24,8125,896.288289491551,91,67
17,4052,339.437814345481,45,28
72,6031,3599.59307613606,74,2
66,6620,3375.28218161594,72,6
83,8734,6524.59979075659,90,7
78,4551,3102.48598873836,88,10
45,6933,1746.5074139789,53,8
68,6240,3361.82740576896,78,10
17,2444,204.734950212329,88,71
53,9450,3186.24749669291,88,35
67,1849,969.384027544277,86,19
17,2208,184.965126869403,56,39
53,1921,647.701739803923,88,35
90,4741,3921.44337161152,94,4
64,1236,594.906263709825,81,17
43,2418,564.58046050324,73,30
44,1856,450.190652829691,57,13
46,6806,1780.13699405888,71,25
77,7080,4729.08299954797,91,14
27,9923,1233.51495626141,89,62
73,5867,3586.43958696169,83,10
2,9620,476.968187191064,86,84
62,7788,3530.22772858208,81,19
6,2458,137.149083351659,77,71
85,5792,4467.02832271255,87,2
34,5498,903.233845401738,80,46
7,1526,88.0663338764898,80,73
40,3652,759.571043086971,60,20
35,1499,256.213657165611,88,53
43,5108,1192.67038554613,80,37
40,7421,1543.47664587854,86,46
61,5801,2549.65991818267,75,14
13,7250,520.935689205455,81,68
47,3978,1079.99483809741,66,19
86,5256,4114.96216894105,87,1
66,9386,4785.55869435758,73,7
40,8845,1839.65111612931,60,20
28,2250,291.073827565759,91,63
75,3186,2038.69165540724,81,6
18,8676,755.607340326816,58,40
44,6612,1603.80420070577,78,34
34,7015,1152.45278746693,74,40
64,4895,2356.04058321973,83,19
30,2134,298.989875602948,62,32
87,2270,1803.0499692912,93,6
93,5435,4674.93805194857,94,1
97,1588,1462.86853002914,99,2
33,3081,486.445829345215,71,38
35,2853,487.64347157671,85,50
99,1836,1748.57142857143,99,0
6,1472,82.1332183456638,75,69
14,6117,456.577935654949,40,26
69,7042,3896.18171024564,73,4
22,1819,185.379922610097,87,65
91,1252,1049.03743518404,94,3
4,6532,342.184173559229,66,62
27,3819,474.734819909535,84,57
38,9213,1772.30513596632,78,40
32,8790,1333.71356273663,63,31
60,9296,3959.50259012206,91,31
74,4988,3120.71806630824,78,4
30,7894,1106.01034583396,90,60
25,4540,521.11697209148,79,54
28,7352,951.099902339316,72,44
75,4042,2586.43806376524,82,7
22,9516,969.805026694716,79,57
27,3747,465.784595496472,38,11
35,7904,1350.97581470113,81,46
59,9383,3870.9866072368,75,16
60,5083,2165.03352684923,60,0
72,7700,4595.73315971608,79,7
65,4765,2361.22124679904,72,7
7,6448,372.117772500397,70,63
49,5150,1505.02693976845,75,26
94,6364,5552.19054783723,96,2
66,5936,3026.53701360607,88,22
35,8243,1408.91872983064,78,43
24,5288,583.331996902317,88,64
26,2706,323.22738079455,77,51
70,3766,2138.39565315357,73,3
11,3565,237.609116389741,44,33
19,7550,683.758798726454,73,54
90,3639,3009.94145313106,92,2
43,6801,1587.97010416978,72,29
72,9476,5655.73602876228,84,12
27,6922,860.464630378057,41,14
51,2984,937.383838127076,90,39
43,2545,594.233776666975,80,37
71,5666,3299.59110919635,75,4
59,9078,3745.15788345899,66,7
21,3245,317.901912299957,49,28
36,1711,304.244296067507,73,37
96,8736,7893.86049748811,98,2
83,3072,2294.8901485235,86,3
28,1159,149.935362732762,91,63
38,7901,1519.91564954628,78,40
24,5703,629.111644919424,56,32
1,4763,230.685327181453,86,85
43,5455,1273.69165096988,68,25
89,9281,7576.5638225499,90,1
43,2617,611.045105515707,92,49
15,4883,378.686081362147,87,72
42,5225,1174.09998378285,64,22
34,7614,1250.85894850652,66,32
81,9429,6804.72570353996,87,6
34,1559,256.118873223228,69,35
45,9606,2419.86877523169,78,33
50,4037,1223.39168372422,78,28
94,2519,2197.66938874953,99,5
35,6441,1100.91538746077,70,35
42,2662,598.173044369365,78,36
41,2342,506.359357011108,81,40
5,8519,460.207545902734,84,79
17,2157,180.692834536822,20,3
80,7167,5078.53326199175,91,11
67,2044,1071.61760535452,88,21
33,3449,544.547765469538,83,50
38,5933,1141.33141991622,43,5
54,4803,1676.69661982954,65,11
61,6717,2952.26093267247,94,33
41,4828,1043.85267961129,56,15
10,3720,238.944064783729,90,80
72,2863,1708.77714756716,74,2
7,9838,567.756613811865,77,70
46,2132,557.63327524736,76,30
0,5315,343.520000346753,76,76
37,6188,1144.55273271249,37,0
52,3365,1095.35231639124,85,33
9,2530,156.685779113877,87,78
83,1423,1063.03016970994,84,1
76,9463,6188.80646876929,80,4
6,1934,107.911443125349,72,66
82,7479,5493.29402339779,83,1
64,2247,1081.51648426859,88,24
16,7597,612.264056736937,78,62
91,1149,962.734834685669,98,7
88,2027,1632.60544529306,89,1
9,1852,114.696467556878,88,79
99,5091,4848.57142857143,99,0
32,4281,649.559472363538,70,38
30,4235,593.356196428531,81,51
60,3538,1506.96215187735,78,18
45,2136,538.084499676753,75,30
74,8107,5072.10532549337,74,0
44,7005,1699.13013096551,86,42
81,5461,3941.09736632004,89,8
86,7827,6127.8175221274,98,12
90,4650,3846.17415692757,96,6
32,5698,864.561988677281,55,23
68,3464,1866.24521371533,76,8
58,8121,3243.41802986858,71,13
52,5124,1667.93024344389,74,22
22,5815,592.624656392368,61,39
9,4795,296.95980666049,87,78
57,1239,478.802788599553,88,31
63,4551,2126.35634593798,77,14
14,2100,156.745735634362,79,65
81,7410,5347.65271643134,87,6
57,4939,1908.64162461113,68,11
48,9515,2680.55967968342,76,28
78,1678,1143.91814746275,85,7
18,3282,285.834865255026,72,54
72,5453,3254.61466492621,79,7
65,3326,1648.14729629666,85,20
20,8419,792.955507026248,67,47
56,2199,821.850290439358,85,29
23,3495,370.558562979261,28,5
1,7620,369.057777266989,73,72
26,4819,575.621858111211,77,51
53,9736,3282.67784421187,56,3
0,5204,336.345829125964,35,35
29,3273,440.649088828076,53,24
72,9353,5582.32366789929,88,16
4,3659,191.679713878325,72,68
80,3537,2506.31675005788,82,2
14,9014,672.812410003877,82,68
86,5821,4557.30494395089,90,4
18,1105,96.2362968028044,88,70
72,1371,818.279241814383,86,14
18,6380,555.644862988138,86,68
19,2247,203.497486190509,61,42
81,3111,2245.14812426692,97,16
26,9844,1175.85008741373,67,41
81,7274,5249.50416455081,89,8
33,8363,1320.39807556444,78,45
91,7039,5897.90296027191,98,7
26,3433,410.066370387173,74,48
53,6777,2284.99463334263,69,16
79,6297,4378.12421975581,79,0
10,8172,524.90615521845,77,67
22,9636,982.034598279769,84,62
24,3701,408.266210388705,83,59
80,1229,870.868896189181,86,6
48,3560,1002.92091010751,92,44
70,1233,700.117323509919,71,1
81,5782,4172.75681597922,92,11
20,3131,294.897694797385,55,35
93,3908,3361.48259558694,95,2
48,6666,1877.94123224064,74,26
52,9750,3173.75485432825,74,22
24,5717,630.656018587471,88,64
75,2590,1657.31681968134,75,0
12,4865,336.618317303396,82,70
34,8187,1344.99372359113,68,34
81,4266,3078.68913472282,85,4
65,4358,2159.53876045125,66,1
94,6113,5333.20880247156,94,0
25,4407,505.850770045628,50,25
90,3245,2684.05056757633,93,3
11,4580,305.259397774197,87,76
9,2284,141.450719168417,76,67
52,6263,2038.68991309311,80,28
51,7057,2216.86251530254,73,22
97,1347,1240.85888535847,98,1
58,2155,860.677977387857,77,19
94,7821,6823.33159563718,99,5
65,1064,527.248563818295,87,22
91,4398,3685.03725234776,92,1
64,2019,971.776493875515,73,9
59,5471,2257.07851733908,86,27
47,1578,428.414241960211,67,20
68,3673,1978.84488163292,85,17
7,5232,301.941716147965,84,77
99,1158,1102.85714285714,99,0
77,1561,1042.66928845966,79,2
80,6009,4257.97493669714,85,5
57,9234,3568.41400317052,81,24
9,7792,482.567427215546,82,73
78,3383,2306.24260599909,88,10
65,8431,4177.8502270226,66,1
96,5361,4844.20628743518,96,0
57,4068,1572.04983375543,91,34
6,8393,468.304416830948,60,54
6,2462,137.372271444989,85,79
81,2744,1980.29137029522,85,4
36,8434,1499.70566512762,86,50
73,8621,5269.93279004546,73,0
32,8483,1287.13221304833,72,40
58,8651,3455.09289205677,83,25
27,2170,269.749819115918,67,40
28,1045,135.187622136097,78,50
56,6660,2489.0963775926,80,24
8,9558,571.17891488916,69,61
10,3582,230.080010767558,81,71
87,9472,7523.56357230232,97,10
98,1040,975.147279234467,98,0
76,8024,5247.69978922169,83,7
7,8933,515.528545556149,63,56
25,2278,261.476753837972,78,53
99,5729,5456.19047619048,99,0
19,8381,759.017548626015,77,58
29,3551,478.076661909104,72,43
12,5994,414.735908307616,78,66
81,4303,3105.39131427855,91,10
27,2995,372.304473848928,82,55
73,2890,1766.62866990272,75,2
9,6070,375.922007597326,62,53
24,7967,878.858929523593,70,46
37,2705,500.325653197687,54,17
31,2945,429.399259851978,56,25
43,9891,2309.45630059452,82,39
85,3485,2687.77515619013,87,2
23,1463,155.115072285739,78,55
58,2463,983.689029376469,79,21
83,3876,2895.50592958239,96,13
85,8003,6172.24234576459,87,2
30,1682,235.661185925098,76,46
10,1762,113.177269394874,30,20
96,5752,5197.51437517761,97,1
66,5371,2738.46534704822,73,7
39,9368,1874.01840561615,85,46
98,5710,5353.93361964308,98,0
81,7043,5082.79596245964,91,10
9,4693,290.642830585544,84,75
40,2741,570.094257694794,67,27
28,5341,690.944583568319,78,50
39,3440,688.153641686546,74,35
19,6721,608.681176985496,78,59
89,2352,1920.06013475244,92,3
78,5720,3899.41108670258,81,3
50,8772,2658.3086077852,69,19
37,6773,1252.75624735968,82,45
47,9287,2521.34541513592,54,7
72,8153,4866.10551313834,90,18
24,1597,176.168910562216,89,65
70,2364,1342.31739884627,87,17
73,6520,3985.61208573209,80,7
44,5336,1294.29812688536,74,30
65,3748,1857.26279811181,79,14
6,9314,519.693475320321,88,82
74,7731,4836.86274471311,74,0
10,6383,409.99461438563,85,75
73,8528,5213.08280170603,85,12
73,4471,2733.07847167304,75,2
75,3395,2172.42880417689,75,0
72,6499,3878.91815649283,73,1
50,2297,696.093806666962,84,34
44,2195,532.418363664425,73,29
86,4868,3811.19403318209,86,0
55,6926,2502.2617406887,87,32
16,7428,598.64386118757,79,63
24,4226,466.180222940467,76,52
6,1702,94.9665337121737,77,71
79,9663,6718.4078665238,79,0
3,5732,291.770404169388,87,84
8,4112,245.730037458069,78,70
72,3391,2023.91313566198,86,14
8,4976,297.362029764434,49,41
8,8528,509.626887023934,80,72
52,2932,954.405049527223,69,17
1,3809,184.480455854326,75,74
58,6680,2667.90203663614,88,30
66,2406,1226.7264243154,81,15
12,7244,501.225712342405,78,66
49,2454,717.152642755683,70,21
58,5861,2340.80446657551,81,23
26,1266,151.221679263082,90,64
83,5239,3913.71402607898,92,9
84,1456,1105.51822212997,85,1
41,3879,838.671198055546,65,24
21,7082,693.800105672817,63,42
25,1446,165.976903445877,74,49
3,3330,169.503741431274,83,80
13,6885,494.709271748904,90,77
50,9571,2900.44136857183,81,31
99,8782,8363.80952380952,99,0
53,6022,2030.43200265446,79,26
70,2228,1265.09440128151,75,5
96,7542,6814.96060806494,98,2
17,3184,266.725074253705,63,46
14,3840,286.620773731405,69,55
5,4020,217.165669037327,50,45
34,8474,1392.14325317103,49,15
62,4890,2216.5913704117,80,18
31,4848,706.86845900251,91,60
84,3114,2364.4119118906,89,5
44,3555,862.299445479284,91,47
11,5395,359.579574452356,61,50
56,2271,848.759440467386,83,27
53,8123,2738.82417096682,74,21
18,7947,692.117511938359,85,67
99,4035,3842.85714285714,99,0
98,1038,973.27199600517,98,0
51,2651,832.776325360214,78,27
78,6343,4324.11967184518,89,11
38,9383,1805.00804198111,85,47
87,2818,2238.32370637119,93,6
3,7973,405.841840970434,57,54
89,1663,1357.59353915531,92,3
45,1979,498.534281301636,60,15
1,6170,298.83024747209,83,82
88,2212,1781.60988899273,97,9
25,4914,564.045991378311,76,51
66,2993,1526.01504072153,94,28
10,2440,156.726752169973,72,62
98,2554,2394.73668381234,98,0
36,3110,553.009795891261,84,48
44,3354,813.544962064,71,27
13,6169,443.262381614958,85,72
32,3505,531.816386506471,79,47
68,3121,1681.45245727643,84,16
49,5525,1614.61628004285,69,20
76,7329,4793.16946101767,76,0
91,2903,2432.39271113359,93,2
66,6487,3307.47062116957,88,22
40,1145,238.145904801364,77,37
22,2645,269.56014035388,85,63
20,3977,374.579409840051,77,57
42,6317,1419.48126269019,76,34
95,4267,3782.50078423119,96,1
76,2009,1313.88694872213,84,8
55,5934,2143.86675848206,62,7
79,3468,2411.20133303369,83,4
65,4587,2273.01612991966,82,17
74,1178,737.010000423237,84,10
31,1918,279.656292154871,90,59
47,7873,2137.45584724508,65,18
66,6376,3250.87601057148,84,18
64,4386,2111.05086782467,76,12
45,6229,1569.16121183825,82,37
48,3394,956.155496883396,85,37
1,4877,236.206664006707,45,44
88,5633,4536.98395329838,92,4
73,2111,1290.43360628535,73,0
56,3487,1303.22508538519,91,35
53,6812,2296.79554999705,89,36
98,7205,6755.70783354263,98,0
94,1305,1138.530588455,98,4
83,9279,6931.73362244452,95,12
47,4818,1308.04804674543,89,42
57,3640,1406.65226029247,87,30
41,4428,957.369441863871,73,32
68,4531,2441.09614992615,83,15
47,5873,1594.47201713075,89,42
60,8248,3513.12148917026,76,16
56,4310,1610.81161973335,62,6
66,6202,3162.1601344988,85,19
25,5944,682.27296962814,35,10
82,9053,6649.39039895978,88,6
25,3612,414.597908192605,88,63
99,2199,2094.28571428571,99,0
44,6038,1464.57497941038,86,42
87,7348,5836.48069354702,93,6
38,1756,337.801782129258,68,30
70,5638,3201.34750198615,87,17
80,7976,5651.79033035387,89,9
88,4325,3483.4822648705,89,1
99,6248,5950.47619047619,99,0
82,9532,7001.21388300945,95,13
34,3692,606.53680560626,89,55
68,5568,2999.78445437846,75,7
53,8973,3025.41786114555,76,23
32,7624,1156.79547238954,81,49
5,4257,229.968719674603,74,69
94,4776,4166.76022257552,95,1
5,9659,521.79184010735,83,78
53,6764,2280.61143572813,71,18
25,3363,386.016823159393,34,9
59,1998,824.281279042858,71,12
64,5908,2843.61343527317,82,18
18,6222,541.884378920407,50,32
60,2110,898.725308214021,71,11
90,2086,1725.40199813998,93,3
76,1072,701.088506236995,88,12
69,8388,4640.89352251355,84,15
49,5394,1576.33307050699,78,29
91,8131,6812.87810341965,96,5
32,6821,1034.95565545239,80,48
32,1586,240.645018259419,81,49
25,6896,791.54683690371,83,58
59,4741,1955.91468665775,82,23
5,6538,353.191329394539,81,76
6,8563,477.789910797499,85,79
82,2809,2063.19867786126,85,3
11,3841,256.00466088443,82,71
56,6280,2347.07586355578,62,6
87,5674,4506.83062808735,90,3
39,5342,1068.63859124696,66,27
0,5422,350.4356428749,72,72
62,1899,860.798980043319,76,14
96,5623,5080.94981426003,97,1
59,5450,2248.41490029208,86,27
54,7538,2631.46764944307,77,23
79,4068,2828.36419342014,97,18
84,6523,4952.81274928144,89,5
68,6604,3557.93400443882,95,27
29,7386,994.388686246309,67,38
87,4526,3594.97980661321,95,8
97,9014,8303.71343179007,97,0
86,5345,4184.64094234968,87,1
40,1346,279.951430447717,59,19
46,6166,1612.74238985704,76,30
50,5863,1776.75140987741,69,19
76,1488,973.152702687172,83,7
33,8938,1411.18235075869,69,36
38,5346,1028.4102091475,71,33
68,4615,2486.35151884996,70,2
57,4023,1554.6599019661,63,6
0,2276,147.102826112739,57,57
51,7675,2410.99898043744,93,42
67,2867,1503.09573118953,74,7
83,4859,3629.84089572776,86,3
59,1404,579.224682570657,67,8
11,1959,130.568375598177,74,63
63,8404,3926.58728439085,79,16
53,1538,518.565994699862,72,19
41,2482,536.628490222703,42,1
9,3810,235.957635740661,55,46
18,5768,502.344760143508,49,31
18,7578,659.980685223215,78,60
59,7921,3267.83383948873,81,22
71,8335,4853.88137930667,77,6
35,6493,1109.8033862417,77,42
85,6390,4928.23048724675,92,7
24,5742,633.413828708983,64,40
7,6196,357.574708190518,69,62
24,1455,160.504549072026,49,25
38,4750,913.75766806035,59,21
32,4949,750.915633900292,78,46
98,4696,4403.16502238948,98,0
61,3635,1597.65795597208,65,4
61,3623,1592.38370687396,62,1
55,2904,1049.17240758879,64,9
25,1575,180.783971595612,70,45
9,1573,97.4176800577584,79,70
78,5919,4035.07241646723,97,19
66,1308,666.898654615354,94,28
87,7595,6032.67159328928,91,4
93,2804,2411.87236387558,94,1
41,9640,2084.24602971267,80,39
57,9382,3625.60755661098,73,16
47,9065,2461.07420999322,64,17
22,7371,751.20143461189,66,44
56,2734,1021.8002246754,62,6
3,5715,290.905069753672,79,76
5,7454,402.674850001054,84,79
7,5362,309.444090593538,74,67
34,4907,806.141956963683,71,37
87,1973,1567.1443125161,88,1
15,9230,715.804327457018,68,53
3,3106,158.101687953614,61,58
13,2806,201.620075022139,72,59
76,2353,1538.86311117131,95,19
18,9421,820.490635456308,62,44
24,9243,1019.61755812559,84,60
47,7781,2112.47859105982,74,27
95,8834,7830.93787857941,99,4
17,2352,197.028069926104,89,72
28,8674,1122.1219468024,91,63
84,1628,1236.115154964,90,6
63,6195,2894.47979852467,78,15
86,1043,816.57259174382,92,6
79,3661,2545.38871979133,83,4
3,3171,161.410319543114,59,56
33,9490,1498.33525494518,80,47
79,2939,2043.40274445963,79,0
30,3442,482.25077405124,71,41
90,7328,6061.23961762692,90,0
44,4999,1212.55553528859,79,35
67,2018,1057.98646164648,73,6
95,6436,5705.2203063773,95,0
87,4735,3760.9874910105,90,3
44,7417,1799.06469398589,80,36
41,2113,456.847703400714,70,29
74,9010,5637.06290646296,95,21
69,3484,1927.61957945126,70,1
55,2290,827.343255295572,72,17
77,5887,3932.21915513261,81,4
50,9645,2922.86668058461,67,17
82,9023,6627.35552521971,93,11
59,3063,1263.65042928342,76,17
36,8849,1573.499576798,70,34
62,5053,2290.47774942543,71,9
27,5130,637.703489430719,71,44
98,9317,8736.00692368032,98,0
81,5204,3755.625470487,90,9
74,9674,6052.4912937983,80,6
45,2862,720.972770634301,90,45
47,1918,520.721493079648,85,38
98,5083,4766.03232725846,98,0
5,5514,297.873507231797,83,78
89,2760,2253.13179078092,91,2
94,6216,5423.06983742241,95,1
51,8368,2628.6956961955,93,42
5,1711,92.4304626176287,79,74
35,9938,1698.63330547821,81,46
98,1078,1010.77766059111,99,1
94,4841,4223.46864269014,97,3
90,5290,4375.54006239717,96,6
23,5994,635.515887409925,91,68
72,2640,1575.67994047408,77,5
18,3512,305.86594965742,78,60
83,1810,1352.13254193605,91,8
44,2301,558.129683276465,68,24
3,9856,501.690353017007,89,86
90,6022,4981.00231677802,92,2
69,2720,1504.9154007197,89,20
65,2956,1464.79958143504,91,26
91,6405,5366.68112807808,95,4
73,1524,931.606260530017,81,8
24,7103,783.549011724122,64,40
85,1965,1515.48871790921,85,0
63,6011,2808.50977706728,75,12
14,2291,171.00213349444,59,45
56,2706,1011.33555522006,85,29
74,6772,4236.86903469114,84,10
18,6242,543.626212346702,58,40
58,4896,1955.39646278002,88,30
85,6936,5349.3281157345,89,4
80,3142,2226.41991198243,89,9
20,9552,899.668725871805,69,49
12,7476,517.278219971261,81,69
38,4515,868.550709745785,86,48
23,6552,694.678027078717,77,54
72,5175,3088.69079240659,73,1
89,8164,6664.69852896211,90,1
47,3866,1049.58774361101,69,22
10,6369,409.095362528917,81,71
69,2154,1191.760210717,80,11
28,9414,1217.85289453514,71,43
0,4490,290.198457489543,84,84
34,4789,786.75643609111,67,33
99,2463,2345.71428571429,99,0
7,3966,228.88013116262,89,82
33,7644,1206.87826014762,76,43
89,4593,3749.50518661477,90,1
18,4071,354.550193922368,64,46
5,5792,312.89143160801,80,75
56,1323,494.455631765016,86,30
43,5336,1245.90626023378,78,35
73,3531,2158.46568630675,94,21
71,4501,2621.15417975517,84,13
9,4412,273.240180810445,70,61
21,4726,462.990581673219,82,61
40,7460,1551.58816578007,78,38
5,2694,145.533411041433,72,67
25,7247,831.835836287875,83,58
31,7989,1164.84573411119,78,47
80,3572,2531.11773571013,86,6
83,5572,4162.47653241307,85,2
63,8972,4191.97300280279,69,6
86,6148,4813.31571816012,94,8
67,4149,2175.21597094711,78,11
21,6827,668.818599467428,76,55
70,1143,649.013869239122,82,12
78,2098,1430.23854194091,92,14
38,2026,389.741691682162,63,25
48,8046,2266.71394458568,87,39
38,5797,1115.16909510439,83,45
34,5646,927.547888530049,61,27
91,6591,5522.52854257027,96,5
41,5383,1163.84817198582,80,39
77,1170,781.501004162588,89,12
1,7598,367.992256125273,51,50
24,4083,450.405549045416,86,62
26,9302,1111.10905253175,82,56
31,4924,717.949730224496,87,56
95,7952,7049.08512683535,96,1
95,8183,7253.85608562546,96,1
40,4154,863.980863357962,89,49
96,3625,3275.5545219087,98,2
59,6622,2731.92724215306,81,22
74,4848,3033.1277436773,86,12
22,4123,420.187697043118,90,68
28,8054,1041.91493653983,73,45
90,8093,6693.99730150856,90,0
8,8549,510.88183128138,63,55
84,9734,7390.87525701449,84,0
20,1967,185.264696795419,42,22
14,3854,287.665745302301,86,72
97,5742,5289.54099460157,97,0
20,2642,248.840533265631,83,63
64,2311,1112.32069209822,86,22
61,5548,2438.46116636398,82,21
19,6698,606.598203161562,62,43
64,5823,2802.70159674944,92,28
24,5376,593.039488530041,83,59
64,2783,1339.50172484178,78,14
51,8195,2574.35005142473,78,27
5,5237,282.90960416629,54,49
39,9073,1815.00522994827,59,20
8,1263,75.4759331978457,83,75
83,2441,1823.51134522977,87,4
59,6634,2736.87788046563,72,13
73,2956,1806.9738229178,83,10
50,4770,1445.52349055351,74,24
51,1528,480.000839362658,73,22
13,7428,533.72555854043,81,68
40,6323,1315.10616249697,59,19
13,5233,376.007787808571,79,66
57,6033,2331.41018855618,82,25
26,1025,122.43461393733,92,66
14,8495,634.073821054241,79,65
53,4615,1556.03515314685,87,34
71,6615,3852.24059077548,88,17
16,8861,714.133448301435,80,64
25,2970,340.906917866012,50,25
62,5001,2266.90663464804,86,24
4,6716,351.823164363714,89,85
92,6923,5876.22759773787,96,4
44,9089,2204.62437692299,75,31
95,7935,7034.01540259538,96,1
13,1357,97.5047903795589,67,54
3,6268,319.053889276644,77,74
92,1455,1235.00088902334,94,2
96,3374,3048.7506088055,96,0
89,2093,1708.6249413422,90,1
3,2413,122.826585007106,57,54
97,9093,8376.48837755349,98,1
52,5388,1753.86575949955,61,9
55,7831,2829.2249048994,81,26
73,3054,1866.88026224322,73,0
90,1373,1135.65529407775,92,2
96,3409,3080.37665246531,96,0
65,7620,3775.97185742049,85,20
38,4527,870.859150170359,67,29
98,8178,7668.03312459565,98,0
92,8658,7348.89188808529,92,0
20,7252,683.039949751081,79,59
60,3982,1696.07780915082,62,2
13,1626,116.833300779044,38,25
19,6080,550.629602153224,53,34
0,4876,315.146476329401,89,89
47,2059,559.001853102708,76,29
15,4523,350.767386033379,86,71
74,9516,5953.63935825766,79,5
93,6488,5580.680419695,93,0
8,3420,204.376636212694,88,80
8,9707,580.083043191994,83,75
12,8105,560.799889361567,86,74
59,3546,1462.91362136435,60,1
65,2598,1287.3982789473,84,19
32,9482,1438.71126301123,59,27
5,8109,438.058808513355,60,55
62,9453,4284.95669212717,69,7
85,6215,4793.26329862888,90,5
91,5221,4374.62016700947,92,1
75,6394,4091.46090542181,78,3
83,5052,3774.01856456404,88,5
66,5893,3004.61297526627,82,16
92,4254,3610.78610440226,98,6
72,3279,1957.06610788429,80,8
0,9392,607.02537032111,90,90
60,7954,3387.89625665134,80,20
42,4185,940.403527680614,75,33
61,1535,674.664363801138,67,6
63,9027,4217.67056356451,83,20
7,2953,170.419321059813,75,68
72,8457,5047.54744567778,81,9
91,2748,2302.51986572343,93,2
8,8413,502.754573233156,68,60
60,2390,1017.98743442252,76,16
18,6267,545.80350412957,87,69
1,4674,226.374809835421,84,83
44,5662,1373.37256267334,77,33
76,6548,4282.39509220135,78,2
71,5040,2935.04045011465,74,3
62,2915,1321.3422995399,86,24
75,3905,2498.7730428014,86,11
23,1240,131.471421486204,79,56
36,3159,561.722811968004,66,30
27,9946,1236.37405572669,79,52
62,9785,4435.44919416739,75,13
24,5206,574.286379703756,82,58
17,2284,191.331680149328,68,51
3,1471,74.8768779715927,70,67
53,5846,1971.0902503351,76,23
68,1565,843.150623401991,75,7
87,7835,6223.30242704694,90,3
57,4496,1737.44740721839,63,6
35,9225,1576.76516834741,55,20
99,3024,2880,99,0
76,6682,4370.03115548097,86,10
78,5339,3639.67758599739,86,8
2,1374,68.1241464865408,84,82
56,1872,699.63790072873,69,13
72,9895,5905.81553446631,82,10
58,2879,1149.83382686758,80,22
81,9627,6947.61844818954,84,3
16,5278,425.369184080236,60,44
18,2639,229.834920599639,90,72
19,4934,446.843167273685,81,62
8,3021,180.532695321213,81,73
13,6479,465.536873153399,86,73
15,3569,276.782843412145,87,72
25,1090,125.113986691567,87,62
10,2364,151.845099233531,64,54
85,3602,2778.01036229465,85,0
37,5583,1032.64995260728,74,37
61,9314,4093.6963416572,94,33
49,3692,1078.94358478157,64,15
44,7820,1896.81622043544,73,29
73,9784,5980.86328938693,76,3
17,8902,745.724438130176,58,41
30,5655,792.30915957576,65,35
61,5442,2391.87196599726,67,6
52,3996,1300.75122029699,87,35
94,2578,2249.14318546895,96,2
12,5435,376.057667943259,63,51
28,3412,441.397288735275,77,49
51,6385,2005.76266971896,65,14
57,8014,3096.95363021535,62,5
36,9232,1641.6033555203,66,30
33,1803,284.667909869984,89,56
79,7300,5075.48146803516,79,0
55,4711,1702.01488021722,82,27
54,6912,2412.93504814944,79,25
9,6624,410.231858043606,83,74
46,8334,2179.79161159076,66,20
84,4674,3548.89572131557,85,1
93,6497,5588.42180745352,94,1
68,1959,1055.41985383035,74,6
84,9454,7178.27559891257,88,4
53,1543,520.251839936207,75,22
87,7917,6288.43462858081,89,2
83,4253,3177.13795627293,83,0
57,5235,2023.02873149206,72,15
73,4467,2730.63331088424,87,14
68,5228,2816.60796111541,84,16
80,6839,4846.11259645062,89,9
68,8824,4753.96875456816,92,24
64,3601,1733.2180061643,87,23
61,1795,788.939760927064,91,30
55,7297,2636.29857375187,70,15
12,6312,436.738914454067,78,66
1,2518,121.953737947281,82,81
76,3141,2054.21548329329,91,15
30,5418,759.103629811046,82,52
5,4437,239.692555601647,59,54
50,7313,2216.16630742512,84,34
98,1096,1027.65520965478,99,1
83,1560,1165.37390354709,84,1
77,5945,3970.96023055264,80,3
98,4297,4029.04601814472,99,1
66,3551,1810.5176777822,84,18
92,8468,7187.62029432966,98,6
84,6752,5126.68889822907,86,2
47,8759,2377.99768398573,90,43
8,1479,88.3839312744369,82,74
27,8435,1048.54365172478,72,45
81,5489,3961.30442111897,85,4
84,8538,6482.77100312201,85,1
62,3073,1392.96222520965,67,5
48,4201,1183.50301779822,70,22
42,2160,485.369562673865,83,41
68,8363,4505.60297987914,79,11
46,9786,2559.56811987367,79,33
24,3749,413.561205822009,83,59
42,4298,965.795546468645,68,26
28,1652,213.712872506059,74,46
77,8996,6008.87438756123,81,4
4,6680,349.937274858489,76,72
33,8659,1367.13224157748,87,54
90,4010,3316.80825145796,92,2
86,1379,1079.62953405055,86,0
22,8690,885.624808950933,87,65
52,5257,1711.22351479011,77,25
11,1426,95.0436465558962,63,52
2,5650,280.132043412631,77,75
46,3066,801.924775754411,92,46
14,3536,263.929962477669,59,45
15,8985,696.804104247162,91,76
99,7172,6830.47619047619,99,0
46,6212,1624.77387703405,55,9
50,2162,655.182764481486,70,20
46,4897,1280.8302762131,87,41
33,4222,666.593408469814,74,41
22,5252,535.24758303916,80,58
2,4807,238.335350917614,52,50
1,2309,111.831287100981,71,70
99,1257,1197.14285714286,99,0
59,4412,1820.1846862548,71,12
20,9089,856.060411374459,90,70
79,3530,2454.30816194029,91,12
89,3708,3027.03357978828,90,1
75,2132,1364.24689558325,90,15
12,5718,395.638959576735,75,63
75,3236,2070.68618860572,86,11
39,7990,1598.35685961497,89,50
98,3716,3484.27624003392,98,0
78,2992,2039.69195304442,86,8
23,1007,106.767517287587,76,53
14,6222,464.415222436667,58,44
83,3973,2967.9682812773,83,0
81,5196,3749.85202625873,89,8
90,6208,5134.84928305512,92,2
61,1173,515.557849341196,69,8
6,1866,104.117245538729,20,14
4,3423,179.316660455181,81,77
76,7683,5024.68562818921,80,4
95,2595,2300.34908251229,97,2
28,8128,1051.48803131311,81,53
87,6102,4846.78894828851,87,0
57,4411,1704.59975828299,83,26
36,2634,468.369068288611,67,31
95,6653,5897.58090402862,98,3
19,2234,202.320153159589,73,54
27,9961,1238.23868581275,62,35
61,1125,494.460852948717,84,23
72,1486,886.916814978973,81,9
23,7209,764.336675398423,45,22
86,6498,5087.3333663963,88,2
71,3703,2156.43944182035,78,7
32,6238,946.496610278848,79,47
2,9950,493.329881762068,89,87
27,7290,906.2102218226,68,41
8,2230,133.263128290733,69,61
80,8024,5685.80311067696,88,8
51,4030,1265.97080015151,54,3
71,3302,1922.91737426162,76,5
2,6984,346.272954193596,73,71
92,2244,1904.70240204012,96,4
79,9691,6737.87546667516,95,16
85,4204,3242.29749114012,86,1
94,4411,3848.32063270114,94,0
24,6419,708.095326799541,85,61
39,4049,809.980841624658,78,39
14,7439,555.253108278105,61,47
35,2716,464.227013250033,90,55
80,8202,5811.93383770843,83,3
42,1655,371.891956585762,60,18
72,3424,2043.6091349179,72,0
31,7134,1040.18143286384,41,10
86,2863,2241.46436257196,89,3
32,4283,649.862933925025,51,19
57,6382,2466.27877065565,83,26
94,2119,1848.6944957365,94,0
45,5477,1379.723223188,63,18
47,5582,1515.46786984911,53,6
72,7909,4720.47448833695,75,3
67,4456,2336.16832165349,76,9
81,9459,6826.37611939595,87,6
53,3173,1069.83738698483,88,35
32,5905,895.970260291215,70,38
95,2831,2509.55231313768,97,2
25,2500,286.958685072401,88,63
39,1069,213.84774504736,83,44
49,8096,2365.96079696414,87,38
64,2571,1237.46278640612,86,22
60,8920,3799.35059207065,89,29
36,9395,1670.58747022456,85,49
96,1468,1326.4866312171,96,0
53,5265,1775.19503387176,70,17
83,7878,5885.13821291281,92,9
37,6292,1163.78891309421,72,35
83,7616,5689.41515988118,93,10
87,9391,7459.22566590911,88,1
50,1637,496.084267093521,90,40
80,8649,6128.67785446723,90,10
97,4261,3925.24106199883,98,1
7,4239,244.635117498323,80,73
82,2758,2025.73939250316,91,9
83,6690,4997.66116328848,85,2
65,2541,1259.15282017132,72,7
25,1219,139.921054841303,74,49
18,2333,203.184869177324,90,72
10,8372,537.752610314349,55,45
65,6016,2981.13473677713,75,10
25,5229,600.202785697433,74,49
41,3141,679.109624411567,77,36
52,4455,1450.16183343922,57,5
97,4471,4118.6934494712,98,1
77,2648,1768.73047779704,89,12
71,2789,1624.17218558924,82,11
22,5534,563.987076264035,66,44
73,6064,3706.86375580973,83,10
22,2954,301.051287185392,79,57
38,6244,1201.15850091975,49,11
25,7599,872.239619146069,56,31
36,6741,1198.6620688434,61,25
2,6306,312.65710898408,77,75
75,5514,3528.35712112854,78,3
98,1016,952.643880482902,98,0
26,8812,1052.57933464951,64,38
18,6533,568.969888699295,58,40
29,5895,793.65303349878,63,34
99,9152,8716.19047619048,99,0
93,3725,3204.07437783044,93,0
43,3988,931.160825676973,91,48
99,5915,5633.33333333333,99,0
6,9167,511.491312890421,86,80
75,1124,719.237106301864,90,15
96,1125,1016.55140335098,97,1
42,3857,866.699260756064,70,28
87,3131,2486.93808539681,87,0
59,7721,3185.3232009459,86,27
42,5362,1204.8849977117,85,43
88,3136,2525.82667806564,94,6
49,7487,2187.98770835852,88,39
91,4602,3855.96667469404,93,2
13,6219,446.855041540513,60,47
98,5232,4905.74092784109,98,0
35,2720,464.910705463951,71,36
13,1929,138.604819927906,78,65
57,1331,514.355538035516,67,10
24,9065,999.98195006042,37,13
55,6915,2498.28760278117,84,29
10,2611,167.710471276967,82,72
99,9279,8837.14285714286,99,0
68,2396,1290.85552311257,87,19
79,4590,3191.29588195635,82,3
94,2419,2110.42566549627,99,5
69,3371,1865.09919699489,88,19
10,2076,133.346203895436,68,58
41,1896,409.930546922742,56,15
57,3214,1242.02757268681,70,13
36,1379,245.209166731205,87,51
51,2465,774.34690381476,82,31
25,9649,1107.54574090544,74,49
53,6121,2063.81173833411,78,25
6,2402,134.02445004503,89,83
19,1242,112.480586492484,78,59
34,7167,1177.42396689601,73,39
3,1276,64.9509832030947,70,67
94,3024,2638.25019117847,94,0
25,2834,325.296365398073,81,56
90,2239,1851.9535349163,95,5
26,4722,564.035362938605,62,36
33,9608,1516.965767072,92,59
31,1881,274.261462744167,74,43
92,3974,3373.12270307819,93,1
31,4008,584.391250759501,76,45
75,6265,4008.91500976973,90,15
26,9349,1116.72312751229,83,57
15,3435,266.390884595326,90,75
62,7925,3592.32855020711,75,13
9,4647,287.793998238019,75,66
55,2097,757.615199281578,93,38
78,3859,2630.73905307434,94,16
43,4153,969.686787621983,74,31
27,5158,641.184132258021,88,61
13,2223,159.729660290169,58,45
96,3734,3374.04705787782,97,1
13,7673,551.329592175649,78,65
3,5782,294.31550539208,70,67
24,4121,454.597420430115,33,9
34,1616,265.483065509132,83,49
90,3002,2483.05695034334,98,8
66,6961,3549.14490426413,88,22
1,9426,456.527376446016,77,76
75,6566,4201.52209962459,87,12
20,3368,317.219877380259,78,58
34,8324,1367.50064189234,84,50
63,8752,4089.18275975591,85,22
4,9626,504.265899369433,84,80
30,4387,614.652569948516,86,56
64,3271,1574.38380954275,70,6
30,5982,838.124384187833,84,54
60,8025,3418.13772436849,87,27
66,2769,1411.80609681186,78,12
27,9383,1166.38827316344,75,48
79,7409,5151.2660543387,89,10
50,1714,519.418713377089,76,26
85,9534,7353.01243590149,87,2
93,5218,4488.28459154878,96,3
28,9617,1244.11422208885,86,58
69,8627,4773.12689779738,82,13
80,7565,5360.55589883739,87,7
80,6689,4739.82265794095,88,8
72,2057,1227.71728695272,93,21
99,9677,9216.19047619048,99,0
53,9993,3369.33028936002,85,32
81,5828,4205.95412029174,85,4
8,3964,236.88566840559,50,42
76,5974,3906.99882113788,92,16
89,3717,3034.38074867126,97,8
88,4114,3313.53665611034,92,4
35,4418,755.138050271961,56,21
89,3118,2545.38584190395,91,2
57,3218,1243.57334440142,77,20
88,9657,7778.0319611224,92,4
94,6342,5532.99692872152,96,2
73,8090,4945.33769533323,76,3
7,4026,232.342765522115,76,69
22,1063,108.333621624263,73,51
30,1124,157.481077871468,72,42
31,8751,1275.95005873163,68,37
73,4763,2911.5752092549,79,6
78,7009,4778.14201166055,86,8
73,7416,4533.32810242166,92,19
8,8414,502.814332483511,84,76
25,1677,192.491885946566,77,52
65,2819,1396.91137349979,85,20
37,1951,360.863345430198,78,41
94,4382,3823.01995295769,94,0
76,7099,4642.74935240338,80,4
24,8682,957.732298998849,85,61
55,3661,1322.66535267995,91,36
93,8248,7094.55180358267,94,1
84,8497,6451.64033889995,92,8
26,8631,1030.95917355424,50,24
48,6321,1780.74805415437,85,37
14,7740,577.719997052364,68,54
24,6546,722.105002216824,79,55
37,2571,475.540574628929,84,47
0,3490,225.566284329288,75,75
52,9849,3205.98067284912,57,5
32,6419,973.959881593448,76,44
29,2626,353.542470902086,82,53
64,8389,4037.75780441887,75,11
57,1283,495.806277460231,66,9
17,2092,175.247756073728,19,2
93,2414,2076.4122276732,93,0
46,2417,632.176184930989,87,41
74,3855,2411.86209815924,83,9
92,3869,3283.99892758166,92,0
46,5307,1388.0674445299,83,37
62,9855,4467.1795409831,81,19
26,1757,209.870845549159,61,35
54,3158,1102.43762761226,66,12
41,7688,1662.20782950529,52,11
32,5704,865.472373361743,39,7
55,5805,2097.26095938463,77,22
41,7857,1698.74699745358,86,45
39,6376,1275.48477307948,84,45
39,3498,699.756232156843,79,40
98,6440,6038.41199833651,99,1
17,4548,380.987951540782,85,68
56,5834,2180.38862865994,84,28
97,1299,1196.64119679335,98,1
41,9979,2157.54057370361,64,23
66,1077,549.120681208514,90,24
21,9662,946.554168456758,29,8
49,2065,603.471967111037,93,44
58,6064,2421.87993265892,79,21
84,8170,6203.35430961664,89,5
30,2648,371.005243953424,82,52
43,6856,1600.81209148479,79,36
65,7818,3874.08766158969,70,5
35,5724,978.363558116049,87,52
27,2546,316.48987993969,75,48
59,3400,1402.68085522809,73,14
89,4777,3899.71397266683,93,4
37,2945,544.71683869397,69,32
21,7813,765.413756794934,75,54
75,5860,3749.75929086203,83,8
23,3964,420.28444739622,78,55
80,5778,4094.28843139226,88,8
92,5851,4966.31628981139,92,0
22,5173,527.196448412333,68,46
32,5265,798.862560615283,67,35
36,7661,1362.25339110063,81,45
42,5826,1309.14957043423,71,29
78,8603,5864.79608022767,86,8
92,8687,7373.50702607957,92,0
89,2433,1986.18465469927,90,1
51,2511,788.797190863636,83,32
92,2675,2270.53428050683,92,0
71,4134,2407.4319882488,83,12
26,6890,822.999502466538,73,47
27,1198,148.921789539571,68,41
83,8740,6529.08199807793,92,9
96,3054,2759.59820963011,97,1
18,6159,536.397603627577,53,35
16,4649,374.676266917207,79,63
46,4559,1192.425000869,74,28
19,8987,813.899380682734,77,58
18,5981,520.89528613355,91,73
13,7284,523.378697954832,87,74
14,4217,314.760365319098,80,66
92,3261,2767.92982756365,96,4
75,4549,2910.86263039784,75,0
86,7328,5737.14664649925,87,1
95,3533,3131.84327881153,96,1
85,6704,5170.4001856811,94,9
0,7930,512.533133160818,61,61
65,2484,1230.90736139534,85,20
65,1961,971.742888766613,78,13
55,5580,2015.97177491235,76,21
15,5760,446.699125260284,87,72
61,5166,2270.56423674051,89,28
66,2819,1437.29916464884,83,17
96,2772,2504.7826578568,98,2
80,1327,940.311656015494,91,11
53,3212,1082.98697982832,75,22
43,6349,1482.4323175083,81,38
55,9524,3440.88085739521,55,0
94,1601,1396.77200928463,94,0
39,8285,1657.37003528286,91,52
7,2218,128.002050155999,53,46
48,1697,478.077748441698,73,25
10,9839,631.981358442772,60,50
66,7768,3960.60301915296,91,25
75,3974,2542.92549861531,78,3
6,8813,491.739166630662,65,59
21,1171,114.718995162789,74,53
89,8760,7151.24437943509,90,1
19,5050,457.348600472661,85,66
95,9521,8439.9320287474,98,3
62,8449,3829.85286065613,82,20
46,7302,1909.8678123153,77,31
4,1365,71.5066437397959,82,78
28,1493,193.143655358079,83,55
59,2842,1172.47617369359,72,13
10,5873,377.236153891086,76,66
58,9178,3665.56959464768,74,16
85,6957,5365.52417836865,96,11
42,8848,1988.21754191591,80,38
25,4835,554.978096930023,66,41
20,3179,299.4186431686,79,59
58,9215,3680.34689634761,70,12
12,2614,180.867478197549,83,71
48,9172,2583.9299403107,86,38
62,4842,2194.8334183095,83,21
34,8332,1368.81491449387,82,48
94,9043,7889.44989379197,98,4
58,9942,3970.70090542463,88,30
87,1581,1255.78061737859,87,0
34,3422,562.18010530461,87,53
16,4532,365.246900767645,76,60
36,5679,1009.82078162909,73,37
72,3407,2033.46271105879,79,7
38,1151,221.417910723676,57,19
29,1990,267.916800112396,61,32
49,3655,1068.1307698745,76,27
91,3688,3090.13583143668,91,0
36,2997,532.916513918363,70,34
86,1226,959.844676393024,95,9
21,9669,947.239935293769,77,56
52,4860,1581.99472738824,56,4
58,4231,1689.8044187137,60,2
99,5401,5143.80952380952,99,0
50,4168,1263.09054688198,84,34
33,8234,1300.03082078173,65,32
7,4390,253.349413969718,57,50
27,5093,633.104068551784,43,16
43,5023,1172.82367787749,61,18
12,3603,249.298211149874,43,31
20,4861,457.840209009929,38,18
29,2312,311.268161738623,55,26
35,9748,1666.15792531713,87,52
38,6938,1334.66330547425,62,24
89,5774,4713.61701448153,98,9
12,1612,111.537251283263,39,27
87,7047,5597.39785620929,89,2
61,8377,3681.86539124569,66,5
14,5401,403.135103886281,84,70
31,7700,1122.70774222758,92,61
47,8152,2213.20209154603,92,45
36,5089,904.908955398915,76,40
70,7005,3977.5521907437,75,5
2,6942,344.190556702741,77,75
88,6834,5504.30469320809,91,3
60,1179,502.178738570773,88,28
4,4712,246.841981906167,83,79
70,4921,2794.22331629547,89,19
64,7559,3638.26573412829,75,11
67,6507,3411.45585031401,88,21
12,1205,83.3761710895358,72,60
64,9889,4759.73142542594,64,0
58,9746,3892.42114506824,73,15
56,2068,772.89058691614,87,31
87,3076,2443.25185266068,88,1
76,4691,3067.91621525909,88,12
62,1698,769.687555615353,79,17
64,6517,3136.73472540204,77,13
51,4785,1503.14398975806,63,12
46,7255,1897.57477106923,80,34
87,3759,2985.75543372935,87,0
79,3630,2523.83530533803,82,3
15,1827,141.687378793496,65,50
0,1210,78.2049295239079,84,84
27,1060,131.767192747868,74,47
42,4374,982.873364414577,85,43
3,5136,261.432797594902,64,61
62,1659,752.009219532315,86,24
66,8508,4337.90042314024,85,19
96,6895,6230.3306009822,96,0
67,1123,588.760553235383,76,9
67,4808,2520.71303646992,91,24
6,2174,121.302728725185,65,59
3,8258,420.348917939777,69,66
81,5567,4017.59550234457,82,1
50,6696,2029.18769239964,64,14
35,6156,1052.20231721915,75,40
28,3698,478.396006372523,84,56
64,6986,3362.47181090359,85,21
68,4850,2612.95880095825,85,17
19,1428,129.325505242566,87,68
50,2590,784.885920447293,76,26
23,4951,524.931457885642,83,60
78,1474,1004.84824157336,78,0
16,2568,206.962498051922,77,61
27,7438,924.60790533834,70,43
30,1265,177.236266465665,55,25
49,4093,1196.131119315,83,34
95,5300,4698.20814540082,97,2
43,6221,1452.54551066611,82,39
39,4033,806.780127012163,80,41
29,1914,257.684801716144,64,35
59,4196,1731.07319662854,67,8
94,6209,5416.96277679469,94,0
63,6928,3236.95819922177,85,22
63,7082,3308.91136935459,75,12
11,6663,444.092438290278,86,75
17,6176,517.366224431809,90,73
99,1556,1481.90476190476,99,0
89,4599,3754.40329920342,93,4
31,7841,1143.26641646837,38,7
43,9435,2202.98455121922,47,4
24,3432,378.592173481231,76,52
99,4141,3943.80952380952,99,0
75,1523,974.553481225746,76,1
15,5177,401.486349213974,70,55
26,9844,1175.85008741373,77,51
37,3335,616.852515125429,80,43
0,6996,452.16668342914,89,89
21,3624,355.031288189535,80,59
75,1793,1147.32396049755,80,5
8,2848,170.194345009869,72,64
49,2729,797.518158956911,72,23
1,8015,388.188725038703,76,75
64,5367,2583.22161596329,85,21
37,2288,423.195968397895,67,30
86,9988,7819.68077309423,86,0
14,1571,117.260738419801,78,64
32,4666,707.975822949841,53,21
67,3481,1825.00043260229,87,20
32,3036,460.654650337702,80,48
83,3803,2840.97240717281,90,7
4,3949,206.871601559307,46,42
13,7037,505.630957922591,56,43
42,3558,799.511529626672,82,40
53,9763,3291.78140848813,92,39
90,2016,1667.50260222924,99,9
82,7493,5503.57696447648,89,7
61,4858,2135.1918432221,90,29
40,5892,1225.46346820056,75,35
7,4660,268.931268587446,78,71
7,8733,503.986431024499,54,47
6,3697,206.281595260814,80,74
35,5393,921.78802741437,36,1
84,7661,5816.87850256708,84,0
78,4159,2835.25362055874,85,7
3,3073,156.421921146638,88,85
31,1907,278.052423951689,88,57
42,5780,1298.81299641432,78,36
46,5832,1525.38333078921,67,21
40,2053,426.998727124193,88,48
1,7321,354.576376295489,66,65
20,4531,426.758688957825,91,71
63,1211,565.81356513533,70,7
75,9120,5835.80285540302,75,0
27,5416,673.255769738162,29,2
41,1300,281.070522679095,64,23
36,1328,236.140517345207,74,38
62,3002,1360.77858772514,62,0
6,4899,273.349617306662,16,10
97,7945,7318.94865937121,99,2
62,8843,4008.4493841617,63,1
19,1631,147.710013340774,74,55
93,8753,7528.92967225498,95,2
13,2968,213.260293180936,73,60
16,3374,271.920353748904,64,48
5,6260,338.173405018326,67,62
69,1736,960.490123400515,79,10
56,9297,3474.64399736913,85,29
76,8301,5428.85792003106,81,5
90,5137,4248.98852562084,92,2
47,2232,605.969954407598,81,34
27,4623,574.678992522069,72,45
71,1169,680.766326623815,79,8
84,7848,5958.86470279943,93,9
13,5304,381.109364902859,81,68
16,2522,203.255225890556,85,69
71,9609,5595.79438197454,75,4
12,3176,219.75329409159,77,65
33,5344,843.741159370603,84,51
85,9196,7092.33295159955,86,1
52,8657,2817.96879732509,79,27
0,6363,411.254517818699,86,86
74,7595,4751.77500272877,88,14
60,6156,2622.06303192678,73,13
74,9639,6030.59371314056,81,7
28,2141,276.972917697018,80,52
73,6683,4085.2523878754,96,23
58,3772,1506.48600032807,72,14
82,4726,3471.22710985131,82,0
8,3141,187.703805363764,68,60
92,9921,8420.92358762926,96,4
23,1516,160.734415300875,60,37
36,7975,1418.08782065363,60,24
16,2633,212.201034801679,90,74
97,6570,6052.29612234976,98,1
89,7719,6301.42184530359,97,8
59,6327,2610.22405030238,84,25
8,3065,183.162102336815,85,77
13,2058,147.873882535838,64,51
67,9777,5125.83430897804,74,7
66,9173,4676.95822537205,84,18
30,5968,836.162876100466,84,54
90,1177,973.536985527687,92,2
89,1229,1003.296728576,92,3
26,6752,806.515622736439,73,47
41,3803,822.239382883537,90,49
78,6357,4333.66368499446,80,2
73,4457,2724.52040891226,77,4
47,7575,2056.55125655804,79,32
7,9201,530.99497902856,73,66
73,8870,5422.1440491478,84,11
92,9356,7941.35279567174,95,3
32,3353,508.753307833437,69,37
69,8047,4452.22581970273,80,11
40,5717,1189.06562248856,75,35
25,7519,863.056941223752,38,13
97,3531,3252.76371507108,97,0
97,1106,1018.8492406878,97,0
15,9928,769.93557562224,85,70
13,7801,560.526801585069,90,77
60,5895,2510.89369285386,75,15
65,1524,755.194371484099,81,16
21,8836,865.633681689496,57,36
36,1037,184.395870848629,79,43
12,6820,471.888370813804,55,43
35,5347,913.925566954318,78,43
71,4141,2411.50843331841,88,17
64,4311,2074.95218677432,85,21
13,9465,680.090523907535,73,60
84,7610,5778.15499341281,92,8
55,5078,1834.60657222311,80,25
60,5197,2213.59024966269,80,20
44,2402,582.628204793598,80,36
26,8696,1038.72331980392,62,36
16,6256,504.189013945805,77,61
31,3435,500.844297993734,47,16
0,9601,620.533494511603,87,87
80,7289,5164.98241197961,90,10
21,1211,118.63766280285,85,64
33,3926,619.859242456771,84,51
78,4514,3077.26252541529,96,18
3,9864,502.097569212638,80,77
82,1934,1420.51486044275,85,3
53,7925,2672.06469960754,81,28
13,9283,667.013241778515,89,76
26,1255,149.907746820828,41,15
27,6411,796.942898779793,75,48
20,4073,383.621306582481,66,46
29,7550,1016.46826173296,78,49
82,7393,5430.12738534294,83,1
41,2860,618.355149894009,77,36
58,6040,2412.29465588058,79,21
73,8073,4934.94576198086,84,11
68,5717,3080.05885877903,83,15
33,3765,594.43964540238,90,57
74,5238,3277.12935672064,76,2
15,3345,259.411210763134,77,62
67,5909,3097.93954502928,89,22
34,3009,494.330782250606,82,48
90,6729,5565.78621547647,90,0
31,5763,840.281132267216,71,40
1,1738,84.1761701955416,55,54
17,1419,118.870251371233,73,56
8,9905,591.915374762203,85,77
43,8311,1940.54102863624,59,16
69,1785,987.600731722304,84,15
55,7360,2659.05954540411,70,15
19,1651,149.521294926805,80,61
74,9418,5892.326132416,89,15
5,8004,432.386570889246,85,80
31,7216,1052.13754128756,65,34
90,5404,4469.83336430894,97,7
6,4671,260.627895986818,84,78
5,8007,432.548634821363,13,8
37,8588,1588.46458767532,73,36
54,6732,2350.09819793721,62,8
11,5270,351.248259010921,62,51
92,8822,7488.09473743225,97,5
27,2378,295.606022975877,61,34
90,5999,4961.97822955021,99,9
33,4908,774.902995918959,64,31
34,8789,1443.89273685629,70,36
82,2025,1487.35397745427,90,8
35,5367,917.344028023906,84,49
13,6722,482.997200391595,53,40
90,5551,4591.42209572149,97,7
27,6047,751.694542024865,87,60
12,8869,613.662457587629,80,68
4,8778,459.842724357457,69,65
89,4862,3969.1039010061,98,9
83,4729,3532.72640376551,92,9
48,7176,2021.61810419424,67,19
23,5604,594.166004845716,64,41
59,3563,1469.92702564049,78,19
56,3862,1443.37690844784,75,19
61,1498,658.402095748603,80,19
26,6475,773.428414872399,45,19
36,5820,1034.89292993156,71,35
9,5920,366.632336898875,70,61
76,4456,2914.22610428363,92,16
47,7840,2128.49661404819,64,17
22,8147,830.285997528567,53,31
92,2696,2288.35903560614,96,4
3,5440,276.907013028868,62,59
45,8254,2079.28345521157,81,36
93,2588,2226.07905767119,97,4
22,6474,659.785387013618,85,63
34,3826,628.550871681893,71,37
26,3018,360.495282793035,82,56
79,5605,3896.99638744343,91,12
23,4535,480.824916483819,89,66
89,2607,2128.22991977024,94,5
78,1076,733.525582044051,88,10
85,4672,3603.23831555819,91,6
51,7799,2449.95192813441,69,18
45,7058,1777.99644134762,59,14
57,6419,2480.57715901576,70,13
99,6594,6280,99,0
55,5537,2000.43650854654,80,25
70,5031,2856.68309373755,70,0
85,5510,4249.53833876833,85,0
72,7123,4251.35159696852,89,17
21,6359,622.970188078713,72,51
73,1770,1081.98364904077,81,8
50,1015,307.590428283399,88,38
77,3583,2393.2633315509,94,17
56,6085,2274.19691556321,79,23
26,4776,570.485576746035,83,57
84,6029,4577.7262096302,87,3
61,4880,2144.86129990199,63,2
97,2163,1992.55959096538,98,1
26,3942,470.865607942393,80,54
95,6974,6182.13275585384,95,0
71,5428,3160.99197682983,87,16
64,9212,4433.88066447808,77,13
31,8577,1250.5797798813,83,52
84,1108,841.287218489013,87,3
15,9365,726.273838205306,68,53
38,9771,1879.64761570899,74,36
65,2355,1166.98342837602,74,9
22,1714,174.679047473176,87,65
56,5432,2030.14587433678,86,30
40,9465,1968.60348379468,83,43
72,7541,4500.83425421026,84,12
92,2363,2005.70934760286,95,3
15,3381,262.203080296011,53,38
9,3036,188.022934936653,86,77
19,8179,740.723604607108,88,69
61,3234,1421.41013194325,85,24
62,6661,3019.36914484915,74,12
41,2084,450.577668664026,70,29
92,3763,3194.02635422325,92,0
93,1235,1062.29043130754,93,0
44,6744,1635.82207041133,88,44
88,4490,3616.37812006209,89,1
31,3153,459.726949512152,46,15
54,2624,916.021638649324,80,26
22,7477,762.004222845354,84,62
17,4188,350.830593899031,77,60
64,5949,2863.34738091403,76,12
17,9094,761.808362205776,67,50
14,3480,259.750076194086,66,52
2,9045,448.459173923407,67,65
39,1862,372.483163029171,88,49
31,3795,553.334530097881,90,59
2,8162,404.679245722814,75,73
15,4598,356.583780893539,66,51
26,3527,421.294520348255,71,45
70,4751,2697.69456933952,89,19
3,3803,193.580398997938,74,71
97,2428,2236.6780799186,97,0
83,1109,828.461319893412,83,0
29,3384,455.593191748918,88,59
10,4037,259.30569611073,64,54
5,6159,332.71725263704,81,76
90,2516,2081.06971587737,91,1
16,7237,583.250622430593,89,73
75,7927,5072.41329328725,85,10
25,2905,333.44599205413,83,58
14,5386,402.015491488893,54,40
55,2664,962.463944151704,90,35
93,9279,7981.3707790305,96,3
43,4289,1001.44151989181,75,32
30,4600,644.4955144206,68,38
68,3084,1661.51854477428,88,20
34,2805,460.816830911581,66,32
72,1134,676.826156249096,72,0
34,6379,1047.96811564527,76,42
26,8585,1025.46454697754,78,52
91,1701,1425.2497422109,92,1
55,8665,3130.53681534329,69,14
48,3651,1028.55737157374,49,1
77,9292,6206.58746211861,77,0
38,6852,1318.11948243148,74,36
42,5027,1129.60777387107,57,15
54,1159,404.599496644271,87,33
65,2407,1192.75121532954,84,19
98,8054,7551.76556437923,98,0
25,4784,549.124139754546,68,43
51,3234,1015.91800687097,83,32
66,5163,2632.41418484639,74,8
19,2870,259.918907595354,89,70
5,1847,99.7773608736179,79,74
28,6174,798.706582840443,83,55
88,5462,4399.25552155437,92,4
84,3702,2810.87119390463,85,1
30,7608,1065.93953776346,78,48
52,3323,1081.68075701875,76,24
46,1338,349.959344409459,80,34
17,5727,479.753297817515,83,66
37,2268,419.496702939872,59,22
39,4040,808.18043965513,66,27
2,9149,453.615586757905,65,63
97,8650,7968.3959601713,99,2
67,9670,5069.73690987191,84,17
66,4050,2064.93849479525,80,14
45,1060,267.026952086778,73,28
51,7413,2328.69517159384,63,12
66,6309,3216.71529966993,83,17
24,7491,826.350224809995,65,41
54,8950,3124.38782999674,90,36
20,5114,481.669374383209,80,60
38,1553,298.750664946889,79,41
32,5264,798.71082983454,50,18
48,6806,1917.38194218868,93,45
89,9736,7948.0040271895,90,1
75,8460,5413.47501718307,85,10
12,7183,497.005009905507,81,69
4,8854,463.824046646266,88,84
65,5736,2842.38511471968,81,16
62,6665,3021.18230752434,78,16
44,5527,1340.62701411083,86,42
21,3100,303.696742104735,62,41
41,8514,1840.7957154537,79,38
55,9229,3334.30170442045,82,27
82,3484,2558.98333701269,93,11
6,1263,70.4716404691395,77,71
53,4937,1664.6035863675,77,24
33,3312,522.917425118907,90,57
52,1574,512.357963150017,65,13
2,8750,433.832810594783,85,83
47,9981,2709.76080418559,74,27
84,7219,5481.27475656334,91,7
23,4236,449.123339851258,52,29
87,9146,7264.62335644816,88,1
35,3440,587.975303969114,68,33
15,8730,677.028361722618,64,49
95,3792,3361.43495987923,98,3
22,7379,752.016739384227,61,39
74,5885,3681.92177630794,84,10
31,6630,966.695107918036,80,49
83,6082,4543.46415472654,83,0
69,5361,2966.12186149203,82,13
92,6349,5389.0176250235,98,6
26,6111,729.949195874167,80,54
27,4632,575.797770573701,31,4
53,4615,1556.03515314685,57,4
54,7086,2473.67733668792,90,36
56,3472,1297.61901246269,77,21
92,5777,4903.50524803288,96,4
40,1534,319.053116126893,76,36
17,9439,790.70916327912,74,57
58,7296,2913.92414061337,77,19
63,4405,2058.14100282505,95,32
18,9290,809.081626514075,57,39
39,7424,1485.13158019794,58,19
16,6315,508.943993457122,80,64
92,1236,1049.11415727344,93,1
12,6521,451.200009688683,84,72
43,7554,1763.7885850461,52,9
85,9230,7118.55514824531,85,0
44,3760,912.024167370495,47,3
5,3051,164.819018963404,43,38
31,6399,933.013875651209,83,52
80,9453,6698.39192487903,92,12
93,9626,8279.84428483108,93,0
10,3231,207.534482074255,76,66
79,8913,6196.95429104073,97,18
77,7608,5081.76037578544,89,12
6,8147,454.578349091116,41,35
32,4281,649.559472363538,57,25
70,4993,2835.10607971211,81,11
69,2734,1512.66128881164,94,25
31,9245,1347.97832167455,77,46
55,1342,484.844824719064,94,39
36,9926,1765.00811383172,85,49
3,7232,368.123440850142,80,77
90,5423,4485.54891462757,92,2
8,6669,398.534440614753,8,0
79,5600,3893.52003027355,94,15
20,5508,518.778825596933,80,60
74,4339,2714.67435639765,86,12
15,3203,248.398836494564,80,65
79,8695,6045.38511843366,93,14
29,6428,865.411653830392,84,55
87,2274,1806.22714985383,87,0
39,5199,1040.03220439778,76,37
78,1979,1349.1144301721,86,8
90,6163,5097.62824282679,95,5
11,2179,145.231490775104,54,43
10,6791,436.201382781264,58,48
16,6728,542.228850036345,68,52
45,2247,566.04675598018,81,36
31,3544,516.737173825267,85,54
7,3798,219.184754956034,68,61
29,2139,287.976902231364,34,5
80,8921,6321.41694296475,83,3
81,1822,1314.90192298757,83,2
50,2867,868.829318116753,65,15
9,6164,381.743534568355,56,47
67,6138,3217.99846461156,73,6
66,2840,1448.00625314037,70,4
38,1986,382.046890266917,42,4
34,8487,1394.27894614852,75,41
58,5333,2129.92837745218,81,23
50,7091,2148.89037138678,93,43
10,3012,193.467613744245,69,59
56,7437,2779.4909549784,75,19
78,4030,2747.31235654045,90,12
4,1000,52.3858195895941,76,72
66,3126,1593.82660116789,68,2
38,7135,1372.56020244434,89,51
77,4081,2725.90222050216,81,4
42,8762,1968.8926426613,85,43
18,5734,499.383643318806,83,65
90,6398,5292.00478624141,90,0
19,7210,652.967011763938,64,45
12,4182,289.360288378787,59,47
28,2795,361.578376909465,69,41
21,7009,686.648537229706,84,63
95,8139,7214.85209347496,95,0
61,4321,1899.16919608125,86,25
22,1040,105.989620403794,84,62
85,8467,6530.0982058714,85,0
71,1181,687.754518171707,71,0
70,6229,3536.92685169772,95,25
92,3812,3235.61744945497,96,4
31,7812,1139.03803665998,89,58
12,3412,236.082569093358,83,71
24,7762,856.24488652719,58,34
39,9868,1974.04073725664,82,43
53,5123,1727.31702915955,82,29
56,4314,1612.30657251268,79,23
35,3242,554.132539380194,66,31
36,5213,926.958220572714,87,51
59,5565,2295.85851745421,76,17
12,2447,169.312440378501,79,67
70,5525,3137.18427606837,83,13
47,6135,1665.60289887572,87,40
36,4542,807.643245317719,74,38
13,2258,162.244522238057,78,65
69,5371,2971.65463870056,83,14
79,8178,5685.92978706733,80,1
0,9818,634.558676087379,80,80
6,5254,293.157560589754,52,46
17,7254,607.670756481273,90,73
88,8649,6966.15910031559,92,4
32,4040,612.99235420432,79,47
97,5779,5323.62546287052,98,1
59,3054,1259.93745054899,83,24
66,8549,4358.80473876656,66,0
90,9847,8144.79073618618,94,4
81,4389,3167.45583973241,83,2
36,3458,614.889991701601,81,45
23,6303,668.277717441568,27,4
6,2609,145.574433874889,82,76
38,7009,1348.32157798631,54,16
4,4995,261.667168850023,81,77
74,5885,3681.92177630794,79,5
20,7242,682.098085507078,74,54
75,1498,958.556214626505,82,7
93,1399,1203.35571935162,96,3
27,1640,203.866222741984,78,51
15,8551,663.146565989703,62,47
8,4119,246.148352210551,79,71
57,9361,3617.49225510929,66,9
24,1650,182.015468019823,75,51
65,3644,1805.72722420476,77,12
61,5115,2248.1486780735,69,8
47,5708,1549.67585114631,55,8
97,9064,8349.7735240454,97,0
72,5498,3281.47284572974,85,13
33,9651,1523.75485199957,65,32
69,8183,4527.47158973872,77,8
26,6749,806.157277524915,66,40
65,3699,1832.98161425176,81,16
63,2108,984.917419740113,74,11
22,7756,790.437976780603,69,47
79,5061,3518.76872735972,80,1
32,5655,858.037565105304,82,50
49,2375,694.065821737876,78,29
31,2748,400.675438394987,77,46
65,2900,1437.04965702355,83,18
35,1989,339.965953370514,74,39
78,6138,4184.36805073084,78,0
64,6119,2945.1710579615,89,25
31,2257,329.084594052942,92,61
14,7830,584.437671436693,83,69
46,2165,566.264559526517,72,26
97,9723,8956.84553997059,98,1
72,1550,925.115116566224,93,21
39,8234,1647.16775745553,77,38
47,9589,2603.33597348318,50,3
96,9187,8301.38466007592,97,1
71,1769,1030.17590401842,77,6
10,5570,357.773774420799,78,68
7,5876,339.107324939878,74,67
65,2612,1294.33576005017,73,8
60,6258,2665.50852075988,70,10
0,4589,296.597042632408,90,90
32,6744,1023.27238533513,86,54
79,3353,2331.24511812628,81,2
69,8804,4871.05705438833,79,10
4,4157,217.767852033943,74,70
51,7816,2455.29225160899,89,38
81,1725,1244.89891171985,85,4
24,5268,581.125748805107,65,41
57,6045,2336.0475037,61,4
12,9327,645.352321785976,68,56
18,6997,609.380424189342,62,44
27,8674,1078.25342442925,87,60
29,9926,1336.35284317369,66,37
28,4992,645.795798759231,72,44
17,9767,818.185866908271,80,63
68,5794,3121.54294695919,82,14
1,4673,226.326377056252,79,78
57,5155,1992.11329719991,84,27
8,1145,68.4243416560042,87,79
83,6465,4829.57838873842,90,7
87,5397,4286.81087412538,97,10
55,2724,984.141060010977,89,34
65,9876,4893.89738371192,78,13
64,6367,3064.53736330134,79,15
97,7277,6703.58582684007,99,2
80,3112,2205.1619242805,81,1
14,1365,101.884728162335,29,15
18,6898,600.758348729181,89,71
35,8374,1431.30964983644,65,30
65,5425,2688.27392736302,67,2
6,5584,311.570578289529,87,81
4,7966,417.305438850707,74,70
39,1481,296.266146319121,87,48
1,3229,156.389443936366,52,51
0,4908,317.214705870529,80,80
62,4949,2243.33551987066,78,16
47,8442,2291.93474691261,66,19
69,1580,874.178798947474,78,9
96,1459,1318.35421999029,99,3
52,8609,2802.34415804225,82,30
63,1569,733.081324275255,87,24
89,4137,3377.24862987705,89,0
99,8492,8087.61904761905,99,0
32,4485,680.512551635241,79,47
41,2470,534.03399309028,90,49
92,1470,1247.73285695142,93,1
37,2993,553.595075793226,82,45
49,1880,549.407892575666,59,10
38,6594,1268.48801330315,67,29
75,1756,1123.64800593067,84,9
69,5969,3302.51471577055,91,22
73,5395,3297.91061388415,78,5
95,1982,1756.9525555065,97,2
77,6711,4482.60960592746,93,16
61,9245,4063.36940934301,61,0
87,2762,2193.8431784944,92,5
82,6560,4818.29239116051,82,0
66,3928,2002.73540927302,66,0
45,4324,1089.2684347389,81,36
7,5992,345.801751368235,87,80
72,5592,3337.57660118602,81,9
47,2514,682.530674453719,82,35
17,3849,322.432415453049,88,71
0,5049,326.327842286125,58,58
81,5786,4175.64353809335,87,6
36,9009,1601.95024153838,75,39
58,8812,3519.39412377809,93,35
55,6914,2497.92631751685,79,24
12,2499,172.910416226349,79,67
72,3849,2297.26973139574,74,2
90,9494,7852.8123539506,90,0
42,6689,1503.07268737291,78,36
34,8030,1319.2011237861,75,41
88,2703,2177.07573686589,93,5
13,6032,433.418493418938,87,74
63,5621,2626.2907098478,90,27
49,6956,2032.80920252996,73,24
39,2639,527.917866398487,68,29
51,4460,1401.04957039101,78,27
80,3120,2210.83072100101,85,5
35,8020,1370.80288890474,71,36
52,6665,2169.54626708695,81,29
26,4323,516.375449805928,80,54
87,3708,2945.24638155585,92,5
63,2003,935.858440104101,84,21
48,3957,1114.7634947459,62,14
16,2092,168.600290469089,55,39
22,1681,171.315915287286,74,52
99,1260,1200,99,0
86,7101,5559.42662892892,86,0
48,7065,1990.34725559257,54,6
70,4102,2329.18188243122,70,0
90,1189,983.462596255242,91,1
72,4010,2393.36233382617,90,18
90,4213,3484.7164995991,90,0
63,3065,1432.05497699404,65,2
73,4998,3055.22840559647,82,9
37,7718,1427.54654025129,61,24
19,7860,711.833663309924,77,58
97,2047,1885.70017693302,99,2
28,3142,406.468429427384,80,52
31,2973,433.481833460079,69,38
74,2232,1396.44000080192,82,8
32,2347,356.112142405331,77,45
60,7810,3326.56144888697,82,22
44,5282,1281.19990746036,87,43
95,3875,3435.01067234494,97,2
49,1462,427.2523079498,90,41
8,1767,105.594595376558,86,78
85,2995,2309.8670280601,87,2
2,1182,58.6046150997753,71,69
30,5980,837.84416874678,79,49
83,5916,4419.45641883627,91,8
32,3741,567.62485076197,83,51
89,2732,2230.27393203387,91,2
20,2915,274.553427126917,65,45
87,6000,4765.7708439415,90,3
56,4708,1759.55942127717,69,13
76,5129,3354.36842209846,91,15
74,9670,6049.9887131517,81,7
22,3210,327.141039900172,91,69
40,1393,289.726851867511,71,31
35,8253,1410.62796036544,46,11
30,6671,934.658603630397,78,48
0,3813,246.44247626005,78,78
42,4121,926.022207305092,90,48
68,2974,1602.25556165976,80,12
18,7872,685.585636589753,65,47
46,4820,1260.69061289506,67,21
4,2700,141.441712891904,80,76
62,2103,953.270276477672,75,13
65,3380,1674.90615197917,70,5
10,2080,133.603132997354,66,56
4,5461,286.078960778773,81,77
73,4340,2652.99945584007,85,12
62,1194,541.229058542245,89,27
20,3398,320.045470112269,76,56
1,5576,270.061176645765,78,77
59,2952,1217.85702489215,83,24
32,2534,384.485798404393,75,43
91,3876,3247.65902457933,93,2
37,7377,1364.47406419199,79,42
6,3582,199.86493757756,74,68
99,3032,2887.61904761905,99,0
54,8880,3099.95127713643,76,22
6,3283,183.181627601097,75,69
37,3316,613.338212940307,84,47
2,4827,239.326968770402,64,62
37,3944,729.495148322246,86,49
83,9340,6977.30273021143,87,4
97,7456,6868.48095711413,97,0
80,9521,6746.57669700341,82,2
62,7377,3343.92526370698,71,9
93,7358,6329.01456968493,93,0
16,5067,408.364087861796,86,70
23,2745,291.039558048089,68,45
30,5676,795.25142170681,39,9
74,2351,1470.89177503823,75,1
19,2929,265.262188274144,65,46
87,2460,1953.96604601602,90,3
63,5365,2506.68024521143,72,9
81,6660,4806.3923200314,84,3
76,4501,2943.65612553425,82,6
11,3414,227.544887336487,55,44
3,1164,59.2499564642651,81,78
22,7541,768.526661024049,88,66
98,9474,8883.21665718014,98,0
78,5274,3595.36609637577,85,7
79,5228,3634.87905683395,93,14
61,7643,3359.25715474404,84,23
6,7490,417.919704761564,68,62
37,5551,1026.73112787444,79,42
5,1461,78.925134941178,67,62
50,7195,2180.40702610744,66,16
64,3173,1527.21486630362,93,29
67,6251,3277.2415122657,82,15
28,4854,627.943270668531,84,56
76,8476,5543.30800267236,83,7
70,5955,3381.34522425107,75,5
83,7958,5944.90097719727,85,2
34,4119,676.686105712943,92,58
70,1314,746.110432353636,74,4
56,3154,1178.77026650556,77,21
97,4264,3928.00466753415,97,0
38,4362,839.118094332473,88,50
58,2304,920.18657072001,93,35
13,1800,129.335757319975,90,77
24,9612,1060.32283551911,66,42
68,4193,2258.997165447,75,7
92,4626,3926.53890901854,96,4
93,2399,2063.50991474234,97,4
19,2116,191.63359180201,82,63
78,5908,4027.5735489928,91,13
69,7966,4407.41032431366,84,15
4,8856,463.928818285445,67,63
49,1607,469.626852855902,79,30
77,1952,1303.83757275673,91,14
73,8458,5170.29248790215,79,6
14,2986,222.877507906765,81,67
98,1036,971.396712775873,98,0
32,8075,1225.22605450492,88,56
66,8732,4452.1093670499,82,16
99,2176,2072.38095238095,99,0
32,3610,547.748118484553,78,46
84,2106,1599.0531427237,89,5
24,8345,920.557018560861,85,61
60,5812,2475.54099115635,82,22
79,5953,4138.95084646757,79,0
55,5211,1882.65751237783,73,18
47,7129,1935.46586244255,88,41
48,5417,1526.07375563269,56,8
52,4870,1585.24986057216,65,13
20,7986,752.172785260912,49,29
47,1369,371.672431713262,65,18
25,7799,895.196313951861,91,66
75,7937,5078.81219992695,77,2
15,2272,176.197988297112,67,52
19,1254,113.567355444102,42,23
89,7320,5975.69735815809,91,2
37,8038,1486.73478757967,91,54
17,7834,656.257610459649,59,42
18,1110,96.6717551593782,79,61
95,8720,7729.88208073494,97,2
16,1002,80.7540588193249,84,68
78,7672,5230.11920580108,78,0
12,3939,272.546670474425,87,75
37,5747,1062.98392936307,75,38
44,5705,1383.80262628954,77,33
54,3292,1149.21617165914,80,26
71,1216,708.136743519726,80,9
7,1087,62.731392479518,61,54
73,3127,1911.50444663869,86,13
37,6472,1197.08230221642,83,46
32,9231,1400.62683704457,79,47
86,8628,6754.92648280506,92,6
84,3547,2693.18209745535,90,6
40,4226,878.955977022327,82,42
14,5163,385.370587181053,68,54
33,2628,414.923609061741,65,32
46,6080,1590.24873991742,71,25
5,9811,530.003079334632,68,63
29,4111,553.470334302542,53,24
2,8996,446.029710184077,49,47
46,3187,833.57281811132,69,23
40,4175,868.348604843402,51,11
3,4374,222.645454961078,82,79
52,7321,2383.08300395252,79,27
90,1087,899.094905071024,91,1
31,6108,890.584271367024,70,39
64,6924,3332.63023456863,64,0
16,6639,535.056084332832,83,67
68,5535,2982.0055594441,88,20
44,1253,303.927202583838,89,45
76,5241,3427.61647498889,79,3
71,1715,998.729042052902,80,9
42,8798,1976.98213537253,55,13
89,3132,2556.81477127748,95,6
70,9571,5434.56845361998,70,0
63,5433,2538.45177488047,64,1
85,3972,3063.36956108671,94,9
17,8092,677.870383436237,58,41
38,5725,1101.31845255695,76,38
20,7696,724.858722184821,46,26
41,5132,1109.57994029932,77,36
93,1048,901.441596769476,94,1
43,5411,1263.41806111788,80,37
44,1414,342.979301239862,77,33
88,4170,3358.64070393294,89,1
96,2456,2219.24466367111,96,0
29,2865,385.719413227143,76,47
33,7986,1260.8751681762,91,58
20,9095,856.625529920861,74,54
99,5261,5010.47619047619,99,0
39,1696,339.27574892453,87,48
54,9754,3405.05909427801,61,7
15,6811,528.206205233992,73,58
71,4927,2869.23497970534,75,4
65,1866,924.667124139979,87,22
22,3501,356.797750993926,83,61
39,2004,400.889505215069,57,18
57,8092,3127.09617865019,68,11
21,9514,932.055098188532,68,47
71,4000,2329.39718263068,95,24
78,1095,746.478171318063,81,3
2,3893,193.018415045199,63,61
91,7399,6199.54311735358,91,0
13,4947,355.457773034398,82,69
72,2843,1696.84017832115,78,6
24,2539,280.083195940806,58,34
31,1160,169.135192335584,76,45
29,5154,693.891049135321,61,32
53,3811,1284.95123914251,91,38
95,2640,2340.23952902984,95,0
61,5447,2394.06956978814,81,20
66,1676,854.527633895515,94,28
49,2488,727.088742940562,65,16
85,9032,6965.84941483766,87,2
86,9587,7505.7348389722,91,5
82,3165,2324.67917957668,90,8
27,3251,404.127493984262,57,30
42,1893,425.372491732235,65,23
37,1347,249.145528597887,78,41
8,1786,106.730021133296,90,82
74,9726,6085.02484220408,77,3
56,4940,1846.26668247859,56,0
6,5110,285.122789229852,88,82
83,8306,6204.8690018347,98,15
27,1871,232.581526067227,44,17
53,4972,1676.40450302192,55,2
90,6279,5193.57581319316,94,4
59,7897,3257.93256286359,68,9
55,7307,2639.91142639508,87,32
43,5666,1322.9581841238,83,40
31,1331,194.068052585054,74,43
23,5796,614.522870108096,81,58
56,9311,3479.8763320968,70,14
44,9246,2242.70623710308,79,35
6,5671,316.42491931947,82,76
19,4158,376.565441735708,87,68
39,9603,1921.02890148718,71,32
87,9805,7788.06385414107,89,2
6,7389,412.284205404966,83,77
26,4327,516.853243421293,63,37
71,4221,2458.09637697102,86,15
25,7633,876.142257263054,83,58
59,5530,2281.41915570921,64,5
39,9449,1890.22202334191,73,34
8,4542,271.426515110543,82,74
79,1884,1309.89138161346,80,1
55,9590,3464.72568484041,84,29
76,4636,3031.94618928611,80,4
49,8181,2390.80104742634,62,13
8,2305,137.745072067327,75,67
4,4388,229.868976359139,81,77
40,5222,1086.11171604605,88,48
72,2569,1533.30369965073,93,21
46,6542,1711.08671982562,88,42
27,6383,793.462255952491,42,15
38,1513,291.055863531644,70,32
84,5657,4295.27237815194,85,1
18,9325,812.129835010092,83,65
56,2822,1054.68918582077,82,26
1,5196,251.656720561585,90,89
16,3659,294.88932257476,78,62
12,1168,80.8160728901061,79,67
90,8603,7115.83575742964,96,6
41,9513,2056.78760172787,62,21
81,9937,7171.33941203484,85,4
96,2768,2501.16825286711,98,2
95,3715,3293.17797361586,95,0
2,6861,340.174504398949,45,43
24,4819,531.595479022743,77,53
6,5973,333.27562036593,70,64
40,3448,717.141554371269,74,34
65,6912,3425.13352736095,77,12
82,2802,2058.05720732191,88,6
67,2088,1094.68569470657,69,2
10,8022,515.271313896525,65,55
88,6350,5114.47685131275,95,7
88,3703,2982.50516226947,96,8
28,9881,1278.26688452323,80,52
85,2860,2205.74948255488,94,9
74,5618,3514.87451814749,74,0
8,1781,106.431224881523,48,40
3,3899,198.466993345506,68,65
95,7041,6241.52519844664,98,3
46,8207,2146.57424481946,78,32
16,2075,167.230211626845,79,63
76,3263,2134.00354090608,87,11
79,2757,1916.86334347574,90,11
62,6552,2969.96046195041,76,14
83,9125,6816.69030119692,88,5
10,5530,355.204483401619,70,60
79,5788,4024.2310598613,86,7
39,5565,1113.24855115861,74,35
97,7908,7284.86419110227,97,0
67,2021,1059.55928592049,84,17
97,4301,3962.08913580309,98,1
88,8272,6662.51220693844,91,3
43,4423,1032.72927080473,67,24
92,7291,6188.58521090666,92,0
53,2227,750.875468268265,79,26
49,8926,2608.51853677149,59,10
17,5972,500.277055101484,64,47
85,1037,799.776997695599,89,4
95,2560,2269.3231796653,95,0
97,7260,6687.92539547325,97,0
35,4019,686.939751933683,80,45
59,6400,2640.34043337052,65,6
27,4066,505.439061993236,76,49
54,3590,1253.2460681216,64,10
29,6660,896.646175250531,79,50
7,5336,307.943615704423,56,49
43,3739,873.021646741776,68,25
27,2499,310.647372336718,50,23
58,5686,2270.91182340016,84,26
7,4205,242.672958027942,68,61
12,3941,272.68505416088,69,57
6,3508,195.735957850943,52,46
7,1714,98.9159215362408,64,57
38,1840,353.960865101272,77,39
45,1496,376.860679548887,75,30
84,3949,2998.41446373025,88,4
28,2534,327.813812911837,65,37
65,7590,3761.10582648577,69,4
95,1170,1037.15160945641,95,0
66,1433,730.6313242078,83,17
72,4347,2594.50026562153,83,11
88,7725,6221.94231124268,88,0
56,7425,2775.0060966404,91,35
70,1023,580.875930211393,83,13
0,5763,372.475213922547,77,77
30,9806,1373.89630748009,86,56
25,7075,812.093078754894,66,41
2,9022,447.318813392701,79,77
96,3756,3393.92628532112,98,2
36,4246,755.009515548004,79,43
5,6031,325.802524866697,77,72
58,4843,1934.2289765612,70,12
58,1221,487.650956097714,79,21
63,7652,3575.23154452151,80,17
73,2213,1352.78520639956,79,6
80,1824,1292.48565227751,90,10
67,5553,2911.29773118084,75,8
0,6641,429.22226195725,65,65
70,9588,5444.22132831558,86,16
36,5082,903.664238816523,48,12
72,2300,1372.75146329182,82,10
28,9207,1191.07410239909,84,56
77,3894,2600.99564975138,81,4
1,5400,261.53700751204,69,68
8,4170,249.196073978635,90,82
96,1087,982.214555948898,98,2
41,1888,408.200882167793,76,35
11,6354,423.49742651905,67,56
71,4271,2487.2138417539,96,25
39,9143,1829.00835637793,77,38
97,8545,7871.66976643512,98,1
74,3501,2190.38371093527,85,11
3,1960,99.7679679295185,85,82
63,4794,2239.89284166703,82,19
7,5230,301.826295002649,61,54
15,9129,707.971582378669,55,40
61,1069,469.847690490825,81,20
24,3232,356.529692509132,82,58
9,9471,586.54980790021,59,50
5,1024,55.3178221627421,71,66
6,7084,395.266113288507,81,75
75,7214,4616.17124987691,94,19
42,7897,1774.52010946089,70,28
30,4251,595.59791995695,34,4
59,2536,1046.23489672307,65,6
2,5327,264.117415090104,69,67
96,7888,7127.60663967333,96,0
7,7736,446.448990084224,58,51
98,7498,7030.43682663465,98,0
63,3731,1743.2290763996,71,8
36,9088,1615.99775725395,92,56
16,5231,421.581319045797,86,70
26,5394,644.304690319957,74,48
30,7761,1087.37601900397,58,28
34,3582,588.465557335217,90,56
7,4655,268.642715724155,82,75
45,6579,1657.33048847067,71,26
23,4835,512.632518456287,85,62
55,7481,2702.77506238697,80,25
68,4535,2443.25116749395,95,27
40,5026,1045.34612884861,75,35
17,3283,275.018347605186,61,44
92,6953,5901.69153359402,97,5
86,2909,2277.47811062586,92,6
19,9238,836.630964587415,87,68
20,7823,736.820398083661,89,69
91,4000,3351.55730090746,96,5
97,5775,5319.94065549009,98,1
14,9530,711.327076474034,88,74
52,4422,1439.41989393226,82,30
92,8330,7070.48618939136,92,0
39,6074,1215.07128476863,87,48
87,1312,1042.11522454187,94,7
62,4044,1833.10746461042,76,14
40,5744,1194.68129011269,85,45
46,3665,958.595663124565,81,35
21,2453,240.312293026747,89,68
83,7369,5504.89762515289,87,4
69,7924,4384.17266003784,84,15
6,1981,110.533903221984,85,79
45,5066,1276.18730119964,79,34
96,3088,2790.3206520425,96,0
55,4884,1764.51723094479,86,31
36,4986,886.593839972291,58,22
47,6097,1655.28620610355,88,41
33,8710,1375.18441207297,67,34
10,8095,519.960270006529,83,73
35,2017,344.751798867937,72,37
0,6998,452.295947775461,75,75
61,8281,3639.67139846073,86,25
80,4138,2932.1851036866,80,0
95,3379,2995.32930628479,96,1
42,6321,1420.38009521366,73,31
1,7035,340.724601453185,70,69
44,5782,1402.47971695112,71,27
91,5831,4885.73265539786,93,2
76,8590,5617.86405650726,76,0
27,2946,366.21334890115,67,40
55,7805,2819.83148802705,59,4
5,5271,284.746328730287,90,85
86,3925,3072.91219807718,92,6
81,5915,4268.74032627414,89,8
46,2680,700.96490509518,86,40
44,7051,1710.28787343866,72,28
71,2255,1313.19766170804,94,23
98,4679,4387.22511494045,98,0
45,4658,1173.40711586813,84,39
89,5680,4636.87991725928,89,0
73,5587,3415.2783317462,91,18
76,7116,4653.8673604314,80,4
79,6559,4560.28533545789,89,10
18,4721,411.159780276959,71,53
61,9040,3973.2676539168,68,7
35,3270,558.918384877617,80,45
75,3178,2033.57253009548,81,6
7,3214,185.481780523616,79,72
5,1313,70.9299809567191,72,67
82,9530,6999.74489142678,85,3
21,9689,949.199269113799,80,59
26,1737,207.481877472333,79,53
90,5520,4565.7809346753,90,0
67,9114,4778.24014442322,69,2
75,9692,6201.82031519365,86,11
15,3893,301.909669208036,86,71
62,5041,2285.03826139988,94,32
24,7349,810.685863319805,53,29
37,7358,1360.95976200687,88,51
8,1410,84.2605429999703,83,75
53,3173,1069.83738698483,85,32
60,4379,1865.17446666787,84,24
80,1206,854.571105617699,89,9
77,2570,1716.63041085286,86,9
55,7106,2567.29308826652,61,6
99,6182,5887.61904761905,99,0
82,5262,3864.91685400711,82,0
80,9863,6988.91775680544,94,14
97,1416,1304.42181267082,98,1
69,6152,3403.76453868662,83,14
59,2301,949.284896435243,85,26
14,6650,496.36149617548,74,60
94,8024,7000.43635384129,97,3
45,6138,1546.23719991382,75,30
53,8669,2922.91847077575,70,17
11,6079,405.168532547891,77,66
42,4593,1032.08444507457,89,47
13,4128,296.610003453809,83,70
9,8542,529.015780707802,66,57
18,4526,394.176904370582,72,54
39,3846,769.371774978621,60,21
73,1776,1085.65139022396,73,0
19,2102,190.365694691789,74,55
63,5321,2486.12219660206,65,2
88,1222,984.234757843179,91,3
9,2964,183.563893001396,85,76
3,9335,475.170398276559,77,74
66,8831,4502.58564136712,92,26
92,1194,1013.46464707482,93,1
83,5936,4434.39710990739,85,2
61,4337,1906.20152821208,70,9
25,2692,308.997112085961,79,54
30,3065,429.430163412856,78,48
4,2965,155.323955083147,78,74
84,9753,7405.30166238569,86,2
87,4637,3683.14656722612,87,0
98,2206,2068.43740191465,98,0
38,6953,1337.54885600497,70,32
63,5788,2704.31784888794,68,5
0,6936,448.288753039525,79,79
15,3551,275.386908645707,78,63
44,7075,1716.10930429422,78,34
97,1155,1063.98813109802,97,0
84,3450,2619.5315016129,88,4
66,4990,2544.20817013044,76,10
51,4521,1420.21190756451,92,41
54,7571,2642.98773864864,72,18
19,9492,859.63424073,88,69
18,4019,350.021427014001,75,57
60,8195,3490.54687242365,85,25
21,3413,334.360316388213,60,39
68,6006,3235.75887805263,94,26
1,6931,335.68759241962,89,88
62,7148,3240.12170055273,71,9
95,8643,7661.62509447157,96,1
37,1931,357.164079972175,82,45
38,7435,1430.27121305867,76,38
34,6890,1131.91727806802,79,45
92,3829,3250.04701310679,93,1
27,3765,468.022151599738,58,31
3,5817,296.097076247964,3,0
52,1354,440.745033103636,76,24
89,6941,5666.29991297477,92,3
82,9032,6633.96598734173,86,4
34,2052,337.110922292537,87,53
36,1137,202.177536311371,60,24
2,1794,88.9481213950904,67,65
72,4320,2578.38535713941,81,9
99,8807,8387.61904761905,99,0
13,2676,192.279159215696,84,71
76,1448,946.992683797732,83,7
1,4739,229.522940481399,80,79
60,4169,1775.72787201149,88,28
85,7549,5822.09889643595,95,10
83,7243,5410.77127140486,91,8
67,3799,1991.71980564668,82,15
16,6419,517.325652256733,65,49
39,5446,1089.44323622818,72,33
44,4535,1100.00787208117,71,27
69,3790,2096.92256203223,76,7
46,3589,938.717553875597,83,37
1,1470,71.1961853782774,79,78
66,6565,3347.23980699526,71,5
87,4243,3370.1942818073,91,4
24,8235,908.422654026206,54,30
99,4075,3880.95238095238,99,0
45,9501,2393.41799224196,92,47
86,7715,6040.13187469183,89,3
26,1621,193.625862626743,77,51
58,3063,1223.3209488348,84,26
87,9452,7507.67766948918,89,2
98,3506,3287.37150095773,98,0
57,5437,2101.09020307972,88,31
18,5442,473.952875294898,90,72
44,3337,809.421448541314,92,48
50,3542,1073.38452904414,84,34
43,9723,2270.22986661415,70,27
83,1274,951.722021230124,84,1
75,8783,5620.15970164526,87,12
63,6529,3050.53407660493,86,23
79,7945,5523.93154295059,90,11
99,4296,4091.42857142857,99,0
79,2117,1471.8896257302,81,2
50,4875,1477.3431900311,60,10
81,6339,4574.73287037223,89,8
64,5807,2795.00054479203,79,15
43,7318,1708.68478493082,85,42
39,7646,1529.54149544632,84,45
13,2514,180.638941056898,83,70
68,4977,2681.38060873592,84,16
20,3130,294.803508372985,82,62
31,2051,299.048516793347,65,34
31,4612,672.458195734236,86,55
54,2057,718.085560480815,80,26
13,7599,546.012455485827,82,69
40,8831,1836.73928847236,67,27
37,4148,767.227655994087,74,37
17,5790,485.030835404821,24,7
39,5036,1007.42492428298,54,15
57,8521,3292.8801950418,78,21
46,1574,411.686104708885,51,5
12,2149,148.693271096608,86,74
32,4198,636.965817561816,76,44
72,6273,3744.03040401285,77,5
31,9949,1450.62588667821,85,54
1,1686,81.657665678759,38,37
24,7730,852.714889571655,68,44
31,6561,956.634480098075,81,50
72,6439,3843.10724875478,77,5
93,4081,3510.28927138953,95,2
22,3911,398.582120576191,79,57
70,8953,5083.65806762718,92,22
25,2280,261.706320786029,89,64
5,1499,80.9779447479985,84,79
15,6074,471.050431741487,75,60
87,2327,1848.32479230865,92,5
10,3410,219.032059385085,62,52
51,4518,1419.26949753959,66,15
6,7301,407.374067351692,83,77
18,9361,815.265135177423,90,72
21,7915,775.40635927709,88,67
26,5489,655.65228868488,83,57
40,1471,305.949891670573,91,51
70,5654,3210.43256052318,75,5
18,9524,829.461077601728,74,56
22,1060,108.027882334636,72,50
74,4112,2572.65290470318,79,5
0,5397,348.819838545894,80,80
96,1275,1152.09159046444,99,3
95,2375,2105.3291217598,97,2
75,9225,5902.99137511983,83,8
90,2633,2177.84442047103,91,1
93,4418,3800.16123523621,95,2
80,9934,7039.22832770002,84,4
97,9888,9108.84384441316,97,0
71,6037,3515.64269788535,73,2
86,6550,5128.04455984854,98,12
56,6973,2606.07643257555,68,12
18,6297,548.416254269013,90,72
26,1957,233.760526317419,55,29
64,6778,3262.35813545727,68,4
16,7677,618.711486582792,62,46
88,9095,7325.38062404559,96,8
4,2062,108.019559993743,44,40
27,7710,958.419864232133,40,13
43,4950,1155.77885835031,78,35
97,3400,3132.08627336213,99,2
34,4864,799.077741730457,68,34
29,2590,348.695734819651,39,10
10,7086,455.149904047716,60,50
71,3882,2260.67996574307,82,11
90,5100,4218.38455921088,90,0
61,2991,1314.60658770632,83,22
90,1174,971.055582845798,92,2
99,4170,3971.42857142857,99,0
66,3245,1654.5001026199,90,24
97,8045,7411.06884388186,99,2
28,5534,715.912249666182,61,33
67,6228,3265.18319283167,81,14
12,4605,318.62843806416,79,67
80,3527,2499.23075415723,88,8
39,3926,785.375348041099,73,34
59,2112,871.31234301227,64,5
99,4803,4574.28571428571,99,0
56,2939,1098.41655461631,81,25
25,6036,692.833049238804,56,31
26,3374,403.018914560537,72,46
47,1626,441.445853882955,69,22
67,2157,1130.86065300866,79,12
40,1324,275.375701272494,72,32
29,3165,426.10888058077,85,56
20,7288,686.430661029492,54,34
7,5640,325.487629792531,72,65
3,2593,131.988949408797,46,43
20,9370,882.526796630947,77,57
46,5797,1516.22893837192,52,6
93,3606,3101.71602857894,99,6
2,9035,447.963364997013,77,75
21,9046,886.206686799817,87,66
24,1291,142.413314674904,81,57
68,2135,1150.24062681358,87,19
15,3712,287.872769612183,69,54
12,7887,545.7160675379,77,65
11,3477,231.74387031897,73,62
29,5781,778.305035904402,65,36
1,6547,317.089405218763,84,83
46,2039,533.30874682428,90,44
63,7459,3485.05646766675,76,13
33,3379,533.495766750237,70,37
41,4387,948.504909994761,86,45
13,2340,168.136484515967,88,75
42,3116,700.190535783224,66,24
50,3081,933.680896099657,71,21
59,9800,4043.0212885986,76,17
14,9643,719.761489867693,89,75
37,2905,537.318307777922,73,36
43,6147,1435.26720046047,55,12
30,5216,730.80187026475,69,39
36,7762,1380.212873218,79,43
13,8362,600.836445949795,77,64
78,2827,1927.208940928,92,14
83,9410,7029.59514896033,84,1
50,2638,799.432068779907,77,27
93,1687,1451.08012762415,96,3
97,9934,9151.21912928806,97,0
60,4820,2053.01231544625,71,11
87,1832,1455.14869768347,87,0
21,4733,463.676348510229,76,55
16,6588,530.9458478061,68,52
67,3065,1606.90213327377,94,27
36,3303,587.328410234352,79,43
73,4185,2558.24947527436,75,2
96,2654,2398.15771066088,96,0
16,8087,651.754564542795,76,60
14,5600,417.988628358299,38,24
42,7723,1735.42089468994,59,17
16,8552,689.230250521823,82,66
47,8039,2182.52350514457,88,41
53,1517,511.485444707211,82,29
72,3970,2369.48839533414,88,16
82,1209,888.005411724552,87,5
74,9897,6192.01016484616,88,14
20,8822,830.912636059575,72,52
78,5067,3454.25104481153,88,10
76,8805,5758.47415803801,78,2
75,8536,5462.10670764476,82,7
10,2395,153.836299773395,85,75
42,9789,2199.66789306225,64,22
0,5431,351.017332433342,82,82
33,4682,739.220828625218,73,40
69,8520,4713.92618166612,78,9
32,7689,1166.65797313788,61,29
55,5130,1853.39340596781,56,1
96,6641,6000.81588413674,97,1
49,7829,2287.93318668877,91,42
73,1973,1206.075559072,80,7
70,9014,5118.2948532996,82,12
98,2109,1977.48616529374,98,0
91,2987,2502.77541445265,99,8
91,2276,1907.03610421635,91,0
3,6190,315.083531369245,64,61
3,1614,82.1558674684912,80,77
63,2832,1323.19076503985,89,26
95,3270,2898.7057802756,95,0
37,5951,1100.71643703491,70,33
96,7412,6697.49244589994,96,0
83,7180,5363.70809453084,85,2
10,1417,91.0171343544473,83,73
30,6329,886.74176321043,90,60
88,7268,5853.86106383324,88,0
98,5753,5394.25220907297,98,0
49,6023,1760.15092392725,74,25
0,6421,415.003183861994,85,85
51,1676,526.493067259041,87,36
4,8501,445.331852331139,89,85
63,5487,2563.6821072647,77,14
34,2600,427.138595497366,77,43
43,6689,1561.81914818287,59,16
86,6275,4912.74497909154,87,1
40,1137,236.482003283101,75,35
89,1354,1105.34074083962,89,0
3,5609,285.509455161566,69,66
92,9093,7718.11895799948,94,2
23,3325,352.534255194862,85,62
55,5878,2123.63478368007,61,6
38,4099,788.524775027237,75,37
14,1878,140.175472153015,77,63
72,6689,3992.31936432998,91,19
19,1273,115.288072950831,75,56
60,1061,451.918271097193,88,28
0,1339,86.5424798615808,70,70
27,4611,573.187288453225,65,38
98,7720,7238.59326508662,98,0
92,7185,6098.61263754825,96,4
14,4506,336.331564175446,58,44
31,5371,783.125101753812,55,24
92,3291,2793.39376341981,95,3
18,6231,542.668203962239,80,62
99,3588,3417.14285714286,99,0
26,2586,308.893572333595,71,45
49,3244,948.020852933755,72,23
52,7125,2319.28239354757,74,22
51,4486,1409.21712394037,77,26
76,9367,6126.02242343464,78,2
74,5006,3131.97967921793,75,1
61,5397,2372.09353187931,86,25
17,9526,797.997191375877,32,15
7,9310,537.285431448309,68,61
84,1568,1190.55808537073,96,12
36,1563,277.92743118265,90,54
40,4555,947.383926960885,79,39
10,2781,178.629958108481,30,20
24,4487,494.971760609057,83,59
69,4932,2728.76571924616,69,0
33,5366,847.214644682383,86,53
61,3543,1557.22204621983,71,10
74,7936,4965.12000285128,77,3
94,3058,2667.91305708458,94,0
9,3673,227.473069836075,78,69
46,6524,1706.37874658245,90,44
76,1724,1127.49681413487,76,0
88,9759,7860.18576251357,91,3
57,2644,1021.7551033553,91,34
80,4679,3315.53748191145,80,0
16,1949,157.075509619625,77,61
75,2025,1295.7785945385,93,18
42,2144,481.774232579985,65,23
54,6905,2410.49139286341,72,18
13,5051,362.930505679552,75,62
85,4881,3764.42770082181,86,1
71,8870,5165.43825248352,74,3
18,5617,489.19391777498,80,62
44,9939,2410.80005305727,82,38
64,6246,3006.29815787343,72,8
41,6780,1465.89087981866,74,33
37,2594,479.794729905656,64,27
47,9609,2608.76581178432,89,42
4,6481,339.512496760159,79,75
31,4889,712.846513214371,50,19
28,4173,539.844925525294,70,42
59,1562,644.408087019492,82,23
35,4996,853.931575183051,80,45
43,3053,712.847041321916,75,32
36,1578,280.594681002061,92,56
95,4098,3632.6899961986,99,4
87,7560,6004.87126336629,92,5
15,7582,587.998744396437,73,58
14,9463,706.326141099033,61,47
93,1359,1168.94955153599,93,0
94,1680,1465.69455065471,97,3
67,5379,2820.07392328862,84,17
87,3094,2457.5491651925,87,0
55,4889,1766.3236572664,91,36
63,4335,2025.43501640104,87,24
70,9018,5120.56611793386,76,6
50,3737,1132.47825664538,90,40
89,5772,4711.98431028531,97,8
53,7685,2591.14412826296,66,13
96,3989,3604.4653759707,98,2
42,6011,1350.72057464472,88,46
50,4024,1219.45210188413,62,12
59,5485,2262.85426203707,79,20
20,4167,392.474830476111,84,64
22,1956,199.342016836367,75,53
4,7125,373.248964575858,75,71
34,6556,1077.04639695413,75,41
10,9342,600.057917529462,61,51
66,2183,1113.02734176248,87,21
84,1404,1066.03542848247,91,7
78,5555,3786.92807458616,92,14
34,3778,620.665236072711,81,47
45,8875,2235.72094317939,57,12
8,4901,292.88008598784,58,50
70,9339,5302.83510483304,77,7
25,9014,1034.65823489705,57,32
36,1326,235.784884035952,76,40
23,5273,559.071617336092,52,29
35,6345,1084.50677432675,87,52
0,6158,398.004922320847,0,0
88,4687,3775.04771686659,92,4
16,6558,528.528061613905,85,69
3,1354,68.9213411104939,81,78
96,6949,6279.12506834305,97,1
99,3029,2884.7619047619,99,0
40,2171,451.541274518569,60,20
68,6500,3501.903547676,73,5
86,8811,6898.19856745427,91,5
54,9389,3277.63992579211,73,19
3,1033,52.5817912608125,83,80
59,9501,3919.66788397707,74,15
19,1663,150.608063878423,32,13
10,6070,389.889912160547,53,43
9,8939,553.602442489703,65,56
56,4723,1765.16549419968,83,27
90,9338,7723.77941449239,90,0
22,3579,364.74697252421,77,55
14,1224,91.3603716268854,64,50
39,5120,1024.22867599858,61,22
52,8530,2776.62860588923,71,19
63,3914,1828.73186947951,80,17
36,3681,654.543105683515,76,40
91,3156,2644.37871041599,93,2
67,4733,2481.39242961983,74,7
98,4604,4316.90199384181,98,0
34,6084,999.504313463837,41,7
43,8545,1995.17784739462,69,26
63,7328,3423.8495502161,95,32
73,6726,4111.53786635492,96,23
39,5063,1012.82613019156,57,18
44,6053,1468.21337369511,81,37
16,7927,638.859704851086,85,69
1,8716,422.140103236099,72,71
37,7821,1446.59775736011,54,17
6,8047,448.998646757851,77,71
47,2705,734.385630229638,77,30
39,8940,1788.3992897319,84,45
11,9014,600.787819112797,81,70
82,1681,1234.68742523488,82,0
56,8968,3351.68413126883,91,35
87,4559,3621.19154625488,96,9
71,9666,5628.98829182703,94,23
63,2944,1375.52034331826,81,18
34,4612,757.678154782251,75,41
38,9244,1778.26860706313,89,51
18,8214,715.370988179399,52,34
60,3402,1449.03483343322,71,11
96,1465,1323.77582747483,97,1
86,1312,1027.17472710249,89,3
37,4933,912.423825221511,76,39
85,4150,3200.65047293803,86,1
39,4392,878.596161130032,92,53
20,4876,459.253005375934,64,44
16,4158,335.105166238276,63,47
15,6456,500.675269562569,80,65
91,8763,7342.42415696303,94,3
13,5308,381.396777696904,85,72
14,6602,492.778736503838,63,49
66,4432,2259.70553306976,77,11
43,7867,1836.87116740239,85,42
26,3863,461.429184038931,88,62
17,3891,325.950773844587,49,32
98,6987,6551.30196154925,98,0
28,2967,383.829353950048,75,47
62,6713,3042.94025962654,86,24
51,3625,1138.74544678641,80,29
17,5150,431.41775515282,90,73
1,4854,235.092710085822,79,78
72,6268,3741.04616170135,89,17
24,7486,825.798662785693,75,51
79,8791,6112.13117609549,90,11
0,4148,268.094254268736,61,61
77,2466,1647.1636549273,93,16
24,5172,570.535757938499,78,54
42,2299,516.603992864452,88,46
84,1438,1091.85110125199,90,6
26,4798,573.113441630544,88,62
87,1453,1154.1108393745,93,6
5,6239,337.038957493504,84,79
66,8264,4213.49425209579,75,9
42,5202,1168.93169677289,86,44
28,5132,663.9070591411,54,26
55,7377,2665.20139489757,60,5
1,6684,323.724695964902,79,78
79,7010,4873.8527521817,86,7
76,1940,1268.76091613785,86,10
8,4975,297.30227051408,81,73
78,1310,893.046944681884,79,1
33,7440,1174.66957816566,88,55
44,1779,431.513562168114,80,36
55,3797,1371.80014862764,76,21
16,1095,88.2491960151305,75,59
56,4167,1557.36705787212,83,27
16,8791,708.491947186312,70,54
77,9801,6546.57379640814,83,6
87,9209,7314.66395030955,89,2
42,4056,911.416178798702,66,24
96,3238,2925.86083915596,97,1
29,4063,547.008019525962,90,61
82,7468,5485.2145696931,90,8
40,8812,1832.78752236648,85,45
83,2946,2200.76379477547,89,6
61,6032,2651.18921332148,85,24
79,4555,3166.96138176714,80,1
85,5008,3862.3753177045,89,4
15,1330,103.144068853503,77,62
84,6076,4613.41258081159,97,13
22,3118,317.765035018298,82,60
7,7343,423.768735029531,50,43
78,1223,833.737720111408,80,2
68,3812,2053.73174211399,93,25
29,5050,679.889367119396,85,56
49,6242,1824.1510986475,62,13
78,9711,6620.13654947006,83,5
83,2683,2004.29370719028,83,0
55,8636,3120.05954267797,90,35
45,9015,2270.98865383236,86,41
2,8609,426.841904732627,76,74
89,5717,4667.08494488932,90,1
3,4622,235.26915702563,77,74
95,2311,2048.59604226817,99,4
35,3429,586.095150380841,78,43
28,7762,1004.14002202908,92,64
94,2546,2221.22519402791,95,1
78,3470,2365.55183056957,81,3
92,6702,5688.64327026422,95,3
26,5964,712.390280509496,55,29
59,7336,3026.49022175095,82,23
26,6531,780.117525487512,83,57
42,5202,1168.93169677289,72,30
18,2660,231.663845697249,48,30
14,6717,501.362431550481,61,47
77,9639,6438.36596506255,87,10
26,6025,719.676633143815,53,27
39,6152,1230.67476850454,60,21
52,5944,1934.85116452586,86,34
19,4437,401.832819860831,84,65
9,2224,137.734850889037,57,48
69,9715,5375.09305808526,84,15
90,8505,7034.77660315461,94,4
80,2225,1576.63408789335,90,10
9,7361,455.875106741996,73,64
98,3250,3047.33524760771,98,0
52,1638,533.190815527146,75,23
16,4486,361.539628606279,82,66
93,4628,3980.79361626826,94,1
23,4410,467.57174899529,67,44
32,6123,929.047570493329,82,50
21,9854,965.363773129051,82,61
75,8254,5281.65754040532,78,3
57,5234,2022.64228856341,72,15
46,3434,898.176673170466,87,41
79,3645,2534.26437684769,88,9
40,4667,970.678548216565,90,50
24,6082,670.920046361553,83,59
49,5922,1730.63486161335,85,36
8,9397,561.557675582071,77,69
32,2775,421.052916563611,79,47
98,9261,8683.49899326,98,0
80,8584,6082.61888111304,80,0
46,4518,1181.70128403732,79,33
63,4128,1928.71874226147,80,17
53,5454,1838.91998380562,66,13
74,7177,4490.25532515923,80,6
22,2080,211.979240807588,65,43
15,1979,153.475272376754,79,64
28,1740,225.09709331752,86,58
15,5801,449.878754450505,57,42
2,3184,157.865562163862,70,68
48,1533,431.875773931127,91,43
34,8819,1448.82125911203,92,58
51,9386,2948.48683132062,91,40
10,7822,502.424858800626,79,69
33,3333,526.233024734697,68,35
49,1226,358.28408313711,88,39
36,2395,425.870887832659,92,56
98,4402,4127.49838768281,99,1
91,4678,3919.64626341128,93,2
89,5825,4755.25097148509,93,4
88,3424,2757.79035258187,95,7
8,9464,565.561545355829,79,71
43,3889,908.045248509967,62,19
14,1856,138.533373970179,82,68
55,7276,2628.71158320113,90,35
52,6521,2122.67234923841,76,24
91,2972,2490.20707457425,99,8
74,5973,3736.9785505331,81,7
34,7567,1243.13759697253,53,19
27,6783,843.18572491395,68,41
81,8144,5877.36622437474,87,6
19,5019,454.541114014314,60,41
52,1450,471.994311669329,56,4
49,5044,1474.04968625088,83,34
16,7992,644.098241600843,48,32
56,4176,1560.73070162563,59,3
25,9597,1101.57700025593,81,56
41,7444,1609.45305447937,60,19
76,8342,5455.67193939274,82,6
22,1929,196.59036322973,67,45
72,1929,1151.32068377822,81,9
7,1211,69.887503489141,67,60
52,3769,1226.85969702186,61,9
33,7449,1176.09054942957,79,46
86,6662,5215.73020728411,86,0
60,4953,2109.66182539528,73,13
25,1644,188.704031303611,87,62
23,1960,207.809666220129,78,55
88,9476,7632.24923512435,90,2
36,4049,719.979634586403,63,27
97,2720,2505.6690186897,98,1
16,6833,550.691101709029,47,31
95,4225,3745.26970081481,99,4
73,5519,3373.71059833672,92,19
73,1271,776.949840638879,80,7
75,9757,6243.41320835168,80,5
82,8696,6387.17540145302,93,11
26,5370,641.437928627766,81,55
31,6656,970.486069125558,66,35
36,5813,1033.64821334916,78,42
24,8996,992.370394125046,76,52
47,1965,533.481613087334,54,7
15,7860,609.558181344763,72,57
59,4113,1696.83128163327,88,29
49,5690,1662.83558976358,89,40
0,8727,564.044975169541,66,66
1,2831,137.113197827145,78,77
44,5490,1331.65230820852,74,30
19,5835,528.441402724352,59,40
35,5534,945.888177954964,70,35
59,1092,450.508086443844,88,29
84,8636,6557.18088345769,88,4
92,8628,7323.42795222914,92,0
57,5423,2095.68000207859,88,31
23,3042,322.529084000833,83,60
55,9829,3551.07286301318,71,16
61,8934,3926.67845355008,68,7
27,1706,212.070595120625,82,55
59,6718,2771.53234865361,73,14
19,4274,387.070874934684,58,39
48,8765,2469.27016210459,67,19
86,3368,2636.83268359845,88,2
87,7508,5963.56791605213,88,1
32,3559,540.009848666627,76,44
82,3324,2441.46401039902,85,3
17,4961,415.585142390901,68,51
3,9607,489.015748928002,19,16
88,8887,7157.85130356164,88,0
52,7742,2520.12411099583,89,37
67,2983,1563.91160311767,83,16
82,2096,1539.50317863909,82,0
85,3437,2650.75558445494,89,4
48,6073,1710.88165367498,78,30
15,4780,370.698232420861,15,0
38,7722,1485.48141321306,39,1
89,6259,5109.54778206441,90,1
82,5377,3949.38387001068,82,0
46,3304,864.174644191968,85,39
98,6053,5675.54469346753,98,0
90,1454,1202.65316648875,97,7
24,5158,568.991384270452,53,29
3,9898,503.828238044068,3,0
49,7901,2308.97434002146,80,31
86,6849,5362.13392219887,90,4
82,1982,1455.77065842685,86,4
89,1550,1265.34575206899,91,2
3,7530,383.292244137385,59,56
73,8112,4958.78607967159,89,16
98,4385,4111.55848023379,99,1
39,3907,781.57449943876,58,19
69,2668,1476.14495923535,75,6
84,9482,7199.53556472276,94,10
96,7702,6959.53680765263,96,0
83,1656,1237.08922068845,88,5
76,6564,4292.85909975712,93,17
53,3822,1288.66009866247,78,25
28,3219,416.429622637412,81,53
39,9938,1988.04386368631,83,44
27,8788,1092.42461308327,90,63
13,4748,341.158986530689,53,40
21,1540,150.868704142352,40,19
52,6562,2136.01839529251,72,20
10,3799,244.018414546609,58,48
25,9081,1042.34872765699,86,61
16,2359,190.118587579628,82,66
8,4804,287.083438703445,68,60
14,4741,353.872158401196,71,57
92,7186,6099.46143541013,93,1
64,1785,859.148608998412,87,23
80,5397,3824.31198757771,84,4
94,1597,1393.2822603545,95,1
88,7354,5923.12799441795,95,7
33,9767,1542.06959273441,88,55
41,1580,341.608789102285,45,4
17,8413,704.760694000131,73,56
8,3872,231.387817372968,56,48
19,7340,664.740342073136,79,60
23,7443,789.146604936949,61,38
14,6008,448.442085567261,53,39
49,6145,1795.80398929653,79,30
73,6901,4218.5136508646,89,16
55,6116,2209.62067658852,65,10
48,2642,744.302540591023,83,35
72,4496,2683.43068650435,91,19
81,8983,6482.85618781413,94,13
47,3331,904.339569055425,75,28
62,6543,2965.88084593124,67,5
23,4074,431.947234786125,34,11
66,3285,1674.89455688948,86,20
68,4864,2620.50136244555,79,11
66,8454,4310.3679098763,72,6
86,3913,3063.51730728051,91,5
51,4420,1388.48410339198,77,26
8,2131,127.346962505629,28,20
60,1810,770.944458704918,86,26
84,8671,6583.75584072043,90,6
66,1531,780.597737168278,93,27
2,1585,78.585714833455,81,79
3,5853,297.929549128302,83,80
26,6937,828.613577447079,72,46
46,4800,1255.45953151375,82,36
81,7217,5208.36837442442,97,16
27,1533,190.565194794794,65,38
60,9104,3877.72284643623,90,30
53,1445,487.209273303836,92,39
51,7600,2387.43872981427,84,33
5,9492,512.770281219481,25,20
38,3022,581.342246921764,82,44
81,2835,2045.96429839175,86,5
94,3599,3139.9015998847,98,4
90,1319,1090.99004580375,92,2
8,2171,129.737332519812,78,70
77,6004,4010.36925554887,77,0
68,3161,1703.00263295444,70,2
56,3418,1277.43714994167,74,18
74,8252,5162.82387393256,92,18
86,9859,7718.68569703003,88,2
48,5692,1603.54657874493,87,39
51,4401,1382.51550656745,73,22
6,3463,193.225091800974,89,83
15,3010,233.431313721086,90,75
36,4656,827.914343945244,63,27
40,3689,767.266587608936,78,38
11,8269,551.133179081841,78,67
8,6558,391.901163825394,85,77
12,4605,318.62843806416,90,78
20,8537,804.069505105485,87,67
78,6298,4293.44248672252,83,5
50,3436,1041.26178480961,71,21
72,9701,5790.02693277996,80,8
56,2734,1021.8002246754,85,29
86,6629,5189.89425759327,95,9
12,5508,381.108672498891,53,41
42,8624,1937.88292060158,56,14
7,4999,288.495152718593,75,68
48,1078,303.693466599971,78,30
49,2444,714.230260348366,87,38
91,1242,1040.65854193177,97,6
75,3450,2207.62279069522,77,2
68,2222,1197.11225891324,72,4
54,3625,1265.46434455175,81,27
86,6578,5149.96597170743,89,3
7,6435,371.36753505584,80,73
63,8658,4045.26329227225,73,10
58,3570,1425.8099207771,64,6
69,3077,1702.43554706416,90,21
9,7045,436.304867137259,64,55
90,1520,1257.2440254903,93,3
67,3547,1859.60256663037,81,14
35,2865,489.694548218463,64,29
60,1456,620.163056284178,75,15
58,9591,3830.5162325415,74,16
83,6347,4741.42831141883,95,12
70,1438,816.519636015624,86,16
61,7800,3428.26191377777,72,11
36,6715,1194.03883582309,78,42
91,3094,2592.42957225192,97,6
59,7014,2893.648093697,73,14
26,2216,264.697662912315,27,1
83,2276,1700.25064389306,92,9
43,1559,364.011967710733,75,32
58,6174,2465.81245122628,60,2
26,8515,1017.10315870865,70,44
8,5925,354.073558350939,81,73
87,4313,3425.79494165328,94,7
39,3069,613.937071609305,92,53
27,9729,1209.3990738151,87,60
58,7348,2934.69224029975,61,3
67,2358,1236.2398793669,88,21
57,5001,1932.60108618754,90,33
88,9816,7906.09523976157,90,2
2,4412,218.75089832505,82,80
90,2129,1760.96876991372,94,4
69,7118,3938.23081703045,78,9
59,6628,2734.40256130934,87,28
17,5472,458.391836154608,75,58
48,2699,760.360543927014,88,40
51,5169,1623.77247294868,85,34
87,4259,3382.90300405781,89,2
28,8620,1115.13617494082,67,39
81,4109,2965.3852917431,95,14
11,2391,159.361401763778,54,43
89,4093,3341.32913756025,92,3
27,3224,400.771159829364,89,62
26,2593,309.729711160484,78,52
99,2366,2253.33333333333,99,0
42,9102,2045.29340715626,87,45
2,4984,247.111168914789,62,60
19,3672,332.551299195171,53,34
94,8985,7838.84853430508,97,3
54,8120,2834.64013179593,76,22
3,9330,474.91588815429,58,55
67,5265,2760.30660087648,73,6
37,3135,579.859860545193,79,42
86,6518,5102.99151772409,91,5
33,5769,910.842580166356,56,23
38,3961,761.977710144641,71,33
2,3227,159.997540547356,73,71
38,7754,1491.63725434525,84,46
13,5843,419.838238900341,83,70
5,2144,115.821690153241,81,76
40,4210,875.628173985802,81,41
98,4599,4312.21378576857,98,0
84,5878,4463.07425115381,91,7
73,6675,4080.36206629781,86,13
13,6820,490.038813845683,53,40
42,1377,309.423096204589,67,25
9,5461,338.205944561614,43,34
69,9933,5495.70760123117,72,3
12,3133,216.778044832793,82,70
33,9897,1562.59473321311,60,27
74,7634,4776.1751640331,96,22
17,7523,630.205004274692,44,27
15,3554,275.619564440113,78,63
86,9810,7680.32322627697,86,0
82,7317,5374.30570520144,89,7
13,4691,337.063354215557,83,70
25,2780,319.09805780051,77,52
87,2368,1880.89089307558,89,2
30,2084,291.984489576637,54,24
98,2559,2399.42489188558,98,0
12,3152,218.092689854122,75,63
91,8663,7258.63522444034,95,4
82,5509,4046.33731446696,82,0
71,6907,4022.28658510752,78,7
18,3045,265.194139153429,90,72
42,6311,1418.13301390498,83,41
42,7892,1773.39656880655,77,35
23,2800,296.870951743041,79,56
49,3479,1016.69683950571,67,18
94,3038,2650.46431243393,96,2
32,7192,1091.24777510828,85,53
42,5738,1289.37525491789,63,21
67,8678,4549.65634993469,89,22
77,6825,4558.7558576151,88,11
76,5617,3673.52065254963,83,7
49,8139,2378.52704131561,61,12
4,2542,133.164753396748,64,60
17,6408,536.80096602316,81,64
97,3282,3023.38445563956,98,1
6,8490,473.716728094216,84,78
7,4806,277.35701219555,65,58
70,2641,1499.60247476861,70,0
14,2800,208.99431417915,87,73
47,3154,856.285500090307,71,24
67,2764,1449.0954311154,71,4
31,7210,1051.26270408583,64,33
14,5155,384.773460569113,84,70
6,9046,504.73987306717,78,72
94,3912,3412.97445366739,96,2
34,6723,1104.48183751107,90,56
96,9908,8952.88115946797,98,2
33,3630,573.125076443729,70,37
82,2363,1735.61355492565,92,10
70,3452,1960.10137936435,91,21
18,7367,641.604342575801,78,60
55,8826,3188.703742899,83,28
46,6186,1617.97347123835,70,24
43,1102,257.306727656977,58,15
50,8133,2464.66300810727,76,26
23,7668,813.0023064163,50,27
0,2757,178.190901402822,88,88
70,1969,1118.03001621333,81,11
6,3006,167.725852137952,69,63
52,3121,1015.92706670343,84,32
73,9284,5675.21819078785,78,5
59,2910,1200.52979079816,81,22
25,6240,716.248877940712,82,57
85,6109,4711.51174438034,87,2
64,6713,3231.0726118803,65,1
81,3274,2362.78205041784,83,2
14,3558,265.572060660505,27,13
98,4476,4196.8838671668,99,1
98,2459,2305.66073042073,98,0
53,5055,1704.38953394525,81,28
81,4322,3119.10324432068,91,10
27,3013,374.542029952194,84,57
98,4420,4144.37593674649,98,0
68,4654,2507.36294013602,76,8
39,3795,759.169497151291,82,43
44,3740,907.172974990865,73,29
25,5046,579.197409950134,75,50
57,3322,1283.76340898121,87,30
78,4126,2812.75701813546,90,12
69,3330,1842.41481043993,92,23
81,4306,3107.55635586415,86,5
99,4039,3846.66666666667,99,0
9,3114,192.853563699847,60,51
63,3303,1543.25533083567,83,20
66,1347,686.783247528198,85,19
97,5537,5100.69461635474,99,2
24,8794,970.087288343225,76,52
41,5617,1214.44086606806,69,28
56,8020,2997.38032256646,86,30
37,2656,491.262452825529,78,41
26,3682,439.809022943656,80,54
8,4657,278.29882890132,58,50
29,1060,142.709451316151,53,24
77,5143,3435.26467043435,83,6
93,3503,3013.1201464537,94,1
36,7109,1264.09859774629,91,55
13,3730,268.012430446392,79,66
93,9684,8329.73322816374,94,1
33,1661,262.248141039403,59,26
81,3152,2274.73702593678,92,11
39,8982,1796.8011655897,78,39
48,4109,1157.58483697521,72,24
12,3654,252.826995154493,68,56
43,7036,1642.84041360662,73,30
48,2388,672.745823970993,86,38
27,3135,389.707687985439,51,24
79,4458,3099.52005267133,83,4
83,2395,1789.14775576621,84,1
94,1313,1145.51008631526,96,2
33,4649,734.010600657547,59,26
59,5806,2395.28383689832,77,18
52,3743,1218.39635074366,82,30
15,2440,189.22671278387,75,60
69,6661,3685.38289860071,85,16
54,1273,444.396168445347,71,17
89,6888,5623.03325177499,94,5
30,4053,567.856591292759,78,48
32,4832,733.163132553286,86,54
31,6694,976.026704736551,83,52
52,2419,787.416717191799,86,34
89,6342,5177.30500620746,97,8
65,5953,2949.9160718142,84,19
71,2244,1306.79181945581,80,9
94,7841,6840.78034028783,94,0
80,3913,2772.7501959221,88,8
63,5389,2517.89372627109,76,13
29,1633,219.853333961579,68,39
96,4779,4318.31036143494,96,0
38,8672,1668.23294682513,85,47
27,3810,473.616041857902,62,35
37,4117,761.49379453415,81,44
86,3731,2921.02813019769,93,7
14,8264,616.831790134462,75,61
2,5455,270.463769347948,82,80
25,8168,937.551415868548,69,44
34,1020,167.569756695121,73,39
64,5120,2464.33662637079,74,10
43,1957,456.941257735666,80,37
24,4107,453.053046762068,88,64
92,4010,3403.67942610557,99,7
43,5298,1237.03361445251,73,30
48,2101,591.892368577494,75,27
0,6432,415.714137766757,81,81
71,9469,5514.26548058247,84,13
77,6791,4536.04557202405,83,6
25,5650,648.526628263626,67,42
37,4704,870.067235727142,78,41
30,3854,539.975154908042,82,52
26,6579,785.851048871894,66,40
66,5789,2951.58739416536,66,0
31,7698,1122.41612982701,78,47
24,6539,721.332815382801,85,61
98,9859,9244.20867881982,99,1
7,9330,538.439642901474,71,64
36,4780,849.963609119044,54,18
54,4355,1520.30268152355,61,7
62,3167,1435.57154807646,86,24
1,1980,95.8969027544145,76,75
69,2927,1619.44388893624,70,1
8,5517,329.691784206267,70,62
80,5113,3623.06970399941,95,15
19,3658,331.28340208495,84,65
99,6119,5827.61904761905,99,0
79,4097,2848.52706500548,82,3
1,5322,257.759250736866,82,81
45,8880,2236.98050427414,85,40
21,9670,947.33790198477,90,69
15,7012,543.794143459221,70,55
94,1236,1078.33241941025,97,3
41,2978,643.867705029496,74,33
34,4639,762.113824812416,90,56
36,7536,1340.0263092722,71,35
76,8941,5847.4182222621,86,10
17,2659,222.745594359485,75,58
41,6742,1457.67497223266,91,50
26,3953,472.179540384648,71,45
30,2106,295.066859428214,89,59
51,5956,1870.99803615445,80,29
37,3089,571.351549991739,60,23
88,1432,1153.37493717793,94,6
60,1562,665.312289777394,77,17
96,7836,7080.61937480733,96,0
52,5563,1810.83059021826,84,32
79,8735,6073.19597579275,82,3
81,5719,4127.29094268162,86,5
34,9949,1634.46226407819,62,28
81,6715,4846.08474910073,83,2
91,8089,6777.68675176012,91,0
95,4720,4184.0646125079,99,4
30,8704,1219.4975994602,48,18
19,9046,819.242661361524,76,57
27,4288,533.035587266846,73,46
70,9553,5424.34776276582,86,16
8,5719,341.763152777894,61,53
36,3983,708.243735380994,53,17
62,2543,1152.71817074785,77,15
61,5695,2503.07071781595,91,30
63,5278,2466.03137637017,66,3
68,3495,1882.94659986579,88,20
59,2416,996.72851359737,71,12
54,6939,2422.36057568127,72,18
66,3586,1828.36282526809,79,13
94,9232,8054.34053074062,94,0
81,3116,2248.75652690959,93,12
11,1670,111.306374297578,87,76
31,3947,575.497072541854,77,46
72,2017,1203.84334846069,81,9
56,1689,631.243811074159,73,17
84,6069,4608.09758935904,86,2
86,1053,824.401667407711,98,12
29,5478,737.511673877238,78,49
10,5675,364.518163346146,71,61
67,6516,3416.17432313602,74,7
79,3825,2659.41323496363,90,11
45,8083,2036.20646577116,64,19
18,2838,247.166163191275,78,60
18,3021,263.103939041875,77,59
63,6901,3224.34303302966,80,17
32,5506,835.429678774501,80,48
53,9661,3257.39016566669,93,40
21,8074,790.983063146333,85,64
5,3885,209.872792092044,61,56
18,9187,800.111184368656,66,48
42,7606,1709.13004337843,88,46
12,7137,493.822185117027,88,76
42,4758,1069.16128666771,75,33
18,5389,469.337016715215,78,60
0,5546,358.450032346771,89,89
10,2960,190.127535419311,81,71
49,7922,2315.11134307682,76,27
56,1891,706.738926430571,57,1
14,5618,419.332163235165,78,64
54,9295,3244.82512623684,84,30
70,5929,3366.5820041284,84,14
25,4414,506.654254363831,79,54
46,9761,2553.02926814703,83,37
41,2687,580.951149568253,53,12
61,5691,2501.31263478324,76,15
98,1568,1470.22205176889,98,0
45,7318,1843.49361827457,57,12
16,6480,522.241817514197,71,55
95,1330,1178.98430818549,95,0
55,8568,3095.49214470413,78,23
27,2394,297.594961734335,27,0
0,6478,418.687217732129,30,30
34,1538,252.668907644211,61,27
94,2924,2551.00646792522,94,0
14,3435,256.391239001921,84,70
43,5960,1391.60444358946,83,40
76,6321,4133.93698500377,87,11
58,3231,1290.41788628314,92,34
60,7028,2993.47936783324,94,34
37,3348,619.257037673144,82,45
14,3733,278.634205296702,80,66
1,2986,144.620278598324,85,84
33,8228,1299.08350660579,85,52
32,6563,995.809114020533,61,29
3,4257,216.68991809998,48,45
22,8748,891.535768550375,83,61
45,1326,334.035602327423,64,19
92,5995,5088.54318192092,95,3
48,7279,2050.63519794173,87,39
53,7237,2440.09239508641,75,22
86,9145,7159.68969462822,86,0
82,8524,6260.84212534333,82,0
97,4564,4204.36522106611,97,0
60,3362,1431.99738683201,88,28
61,1118,491.384207641481,78,17
70,5652,3209.29692820605,86,16
52,3684,1199.19106495849,87,35
79,3555,2471.68994778972,89,10
47,7847,2130.39705745359,62,15
26,2956,353.089481754874,75,49
93,6009,5168.66656010284,97,4
95,8216,7283.10907973833,95,0
18,2953,257.181705392472,91,73
97,7704,7096.93901470055,97,0
62,8666,3928.21693578483,80,18
61,2837,1246.92039094712,73,12
45,6472,1630.37588104305,83,38
9,1412,87.4467668414208,43,34
4,5327,279.059260953768,75,71
28,6952,899.353444105403,76,48
52,8306,2703.71362256928,86,34
93,8379,7207.23200317885,94,1
42,9933,2232.02586390718,60,18
74,1300,813.338710144489,90,16
76,2142,1400.86901152952,83,7
14,7252,541.295273723998,75,61
44,1853,449.462973972747,76,32
51,4717,1481.78269585972,88,37
42,4562,1025.11849301767,73,31
7,1846,106.53371712713,77,70
76,3080,2014.32145448689,81,5
19,7359,666.461059579864,68,49
89,3361,2743.75940174445,98,9
91,8399,7037.43244258045,94,3
0,1694,109.486901333471,82,82
11,3082,205.416913524034,66,55
13,8242,592.214062128463,86,73
22,1105,112.613971679031,90,68
95,8745,7752.04343991136,97,2
70,9588,5444.22132831558,72,2
25,1770,203.16674903126,76,51
83,1194,891.959256945658,91,8
12,5378,372.113732879273,64,52
77,8590,5737.68685962105,83,6
57,1581,610.966270198461,62,5
16,5033,405.623930177308,83,67
23,2925,310.12411923157,72,49
36,3492,620.935757958933,86,50
29,8970,1207.64507387346,62,33
75,7516,4809.41823039574,87,12
92,5448,4624.25075147709,95,3
30,6857,960.718639648273,75,45
30,1244,174.294004334614,68,38
20,1171,110.292302972768,83,63
41,9675,2091.81331301557,75,34
10,5495,352.956353759836,90,80
19,7648,692.634078498003,89,70
11,7120,474.551727544166,59,48
8,6776,404.928680402694,89,81
91,4497,3767.98829554522,95,4
21,5626,551.160603574593,66,45
40,7204,1498.34331719566,71,31
76,5032,3290.93037629157,77,1
42,7595,1706.65825393889,73,31
41,9947,2150.62191468381,69,28
76,7953,5201.26575569293,80,4
54,7882,2751.55585207087,86,32
66,2416,1231.8250378828,69,3
78,5109,3482.88308425935,92,14
10,2756,177.024151221494,89,79
68,5668,3053.65989357347,85,17
89,9254,7554.52231590095,90,1
11,5953,396.770566582925,75,64
58,2857,1141.04732315411,60,2
97,6372,5869.89815701868,97,0
37,5978,1105.71044540324,63,26
39,3497,699.556187493562,78,39
69,1004,555.490831736243,72,3
80,1535,1087.7003707489,81,1
8,5834,348.635466568671,82,74
24,6495,716.479069568939,82,58
33,4198,662.804151766054,76,43
39,5037,1007.62496894626,68,29
55,3966,1432.85735829792,72,17
48,2579,726.554221114402,67,19
39,7375,1475.32939169717,65,26
58,3356,1340.34120283696,69,11
37,2382,440.582516050606,84,47
49,4881,1426.41485301161,80,31
82,7636,5608.60986263745,89,7
45,5667,1427.58654478846,59,14
32,2411,365.822912372925,85,53
7,1522,87.8354915858568,79,72
94,7927,6915.80994228563,94,0
28,8340,1078.91365417708,49,21
73,8439,5158.67797415539,76,3
8,7357,439.64880485871,89,81
29,1475,198.581547822002,85,56
44,6041,1465.30265826733,67,23
29,2034,273.840588657594,84,55
92,6921,5874.53000201412,96,4
93,8956,7703.5409739193,96,3
55,6513,2353.05092652404,83,28
78,4593,3131.11802818618,83,5
17,3749,314.055371663674,86,69
95,3456,3063.58629254816,99,4
44,8810,2136.95024322714,75,31
26,2446,292.170795795813,68,42
16,5789,466.552142220631,51,35
87,7271,5775.31996771644,95,8
62,7927,3593.2351315447,64,2
24,2727,300.82192805458,86,62
29,5398,726.741149249604,91,62
48,2644,744.865979304567,92,44
54,4335,1513.32080927775,89,35
13,1841,132.28173845893,77,64
19,8683,786.367900575073,40,21
57,7043,2721.71754649447,73,16
42,3170,712.324774850071,77,35
15,3463,268.562338676452,71,56
32,9232,1400.77856782532,77,45
52,5528,1799.43762407452,83,31
27,3229,401.392703191382,88,61
16,3618,291.58501477876,86,70
85,6717,5180.42631969271,89,4
25,4753,545.565852059648,66,41
9,3418,211.680629648708,82,73
57,4127,1594.84996654589,87,30
57,5363,2072.49342635948,61,4
19,4812,435.7943495989,71,52
74,4733,2961.17855008759,75,1
75,1208,772.987922075313,87,12
11,2748,183.155638664518,77,66
92,2696,2288.35903560614,94,2
37,6313,1167.67314182514,91,54
14,4334,323.493342018727,58,44
59,5878,2424.98766677373,84,25
71,9938,5787.38730024591,90,19
64,9338,4494.52644864267,69,5
5,9482,512.230068112423,86,81
0,4294,277.530551550133,56,56
18,1416,123.321806581693,75,57
93,4558,3920.58282259091,98,5
94,8490,7406.99210420146,94,0
48,6632,1868.3627741104,84,36
51,2827,888.064380155913,74,23
0,2935,189.695428225347,66,66
86,7698,6026.82244606321,88,2
80,3854,2730.9428201083,86,6
66,9872,5033.35131373301,92,26
72,4989,2977.67697841864,74,2
31,4983,726.552296041565,65,34
4,6930,363.033729755887,64,60
51,1785,560.733964831378,84,33
7,5343,308.347589713031,54,47
57,3578,1382.69279871606,81,24
89,2362,1928.22365573353,90,1
46,1059,276.985759140222,58,12
95,7242,6419.70252622505,96,1
70,4585,2603.43708701783,94,24
32,9043,1372.10145026477,66,34
77,2067,1380.65177402057,77,0
95,9350,8288.34833198069,98,3
97,4277,3939.98029152054,97,0
19,4883,442.224399229308,69,50
5,5614,303.275638302377,66,61
26,1071,127.929240514029,78,52
29,4472,602.072326684741,70,41
93,1078,927.246222631197,93,0
33,5094,804.269735373101,75,42
18,3248,282.873748430325,76,58
46,2576,673.763281912382,75,29
23,4724,500.863705726474,74,51
66,9378,4781.47980350366,66,0
0,5095,329.300922251497,82,82
88,4181,3367.50042761238,95,7
60,1402,597.162503372539,82,22
14,3218,240.194179653037,30,16
54,2316,808.500806063961,72,18
39,7525,1505.33609118932,74,35
94,4615,4026.29782813778,94,0
46,1198,313.341774740308,89,43
29,4245,571.510963053829,64,35
35,9873,1687.52330700205,46,11
75,9753,6240.8536456958,90,15
13,6711,482.206815207973,64,51
85,8952,6904.15012861235,98,13
84,4644,3526.11718651893,93,9
53,5782,1949.51143130988,76,23
20,8633,813.111401847916,87,67
61,5701,2505.70784236501,80,19
76,1243,812.922586989352,92,16
13,9786,703.155400629597,86,73
44,5367,1301.81747507379,73,29
76,5927,3876.26079894279,96,20
31,1940,282.864028561235,77,46
88,7783,6268.65721791609,95,7
59,8512,3511.65277638279,86,27
69,1826,1010.28511827727,89,20
87,8402,6673.66777179941,90,3
19,9400,851.302345434261,66,47
1,6214,300.961289755521,25,24
14,8955,668.408601240816,78,64
1,3354,162.443541332478,72,71
45,6479,1632.13926657569,78,33
24,1789,197.348892295432,66,42
7,8709,502.601377280701,69,62
71,1311,763.459926607204,77,6
23,2519,267.077831228829,64,41
41,8367,1809.01312558153,72,31
72,3310,1975.56841021561,96,24
12,6439,445.526278544001,83,71
8,1357,81.0933027311771,68,60
98,5004,4691.95863970122,99,1
92,3814,3237.31504517871,92,0
1,5805,281.152283075442,77,76
62,1018,461.449900834175,85,23
6,5342,298.067698643027,64,58
76,6409,4191.48902656054,80,4
36,9178,1632.00125617042,71,35
59,7459,3077.23426445479,60,1
95,2661,2358.85507073804,96,1
80,2243,1589.38888051451,84,4
74,7693,4813.08822857043,76,2
28,9766,1263.38977778098,86,58
58,7335,2929.50021537816,88,30
32,6859,1040.72142512065,87,55
21,2200,215.52672020336,80,59
50,2832,858.222751624222,79,29
27,8073,1003.54391231466,41,14
42,8351,1876.53760087474,85,43
79,1020,709.176862656967,90,11
73,1200,733.548236637809,80,7
27,7845,975.201535006625,37,10
43,5697,1330.1963951559,81,38
29,8270,1113.40298338166,91,62
46,8419,2202.02370746131,93,47
67,3397,1780.96135293018,92,25
71,9069,5281.3257623194,76,5
71,9078,5286.56690598032,78,7
28,4045,523.286058890442,74,46
9,4025,249.272830408441,68,59
97,6105,5623.93726437524,99,2
57,5627,2174.51435952355,85,28
36,4458,792.706646329016,87,51
5,2200,118.846883552766,69,64
2,1071,53.1011360168015,85,83
70,2613,1483.70362232881,72,2
93,1127,969.393778205343,95,2
4,1736,90.9417828075353,80,76
49,1660,485.115479614684,75,26
67,1962,1028.62707519842,79,12
89,6333,5169.95783732448,90,1
44,2744,665.583594485276,71,27
91,4526,3792.2870859768,94,3
22,7501,764.450137162365,63,41
5,3228,174.380790958332,75,70
65,6676,3308.18741734111,67,2
28,8421,1089.39231196945,62,34
95,5190,4600.69816502458,96,1
57,2109,815.0081365266,74,17
39,6151,1230.47472384126,88,49
59,6625,2733.1649017312,66,7
23,4150,440.005160619151,79,56
36,8387,1491.34828236013,87,51
4,8087,423.644123021047,68,64
77,4126,2755.95995143149,80,3
8,6610,395.008644843832,82,74
35,3802,649.849449328655,90,55
91,2356,1974.0672502345,94,3
80,6584,4665.41970098419,81,1
44,3421,829.796456535761,76,32
11,6881,458.622252420142,72,61
65,3263,1616.92863133374,72,7
17,6302,527.921299606422,85,68
6,4868,271.61990958335,75,69
41,6460,1396.70428962073,84,43
7,6580,379.735568091286,25,18
39,5898,1179.86342403118,73,34
73,9637,5891.0036303988,82,9
32,5257,797.648714369334,65,33
81,3508,2531.65529409462,88,7
83,7008,5235.21815131924,86,3
3,3788,192.816868631131,73,70
74,1510,944.724194090907,78,4
54,7354,2567.23442478168,65,11
35,3180,543.535310064472,47,12
38,8217,1580.70458072671,74,36
20,6730,633.874636214117,89,69
13,3824,274.766631106436,77,64
48,3715,1046.58741040714,83,35
53,7813,2634.30176631341,93,40
21,3091,302.815041885721,33,12
78,1474,1004.84824157336,87,9
58,9897,3952.72851146525,64,6
33,3121,492.761257184815,91,58
94,9938,8670.28121690861,98,4
59,3535,1458.3755362445,90,31
41,5249,1134.87628734044,69,28
52,4964,1615.84811250107,59,7
6,6580,367.14441352885,80,74
13,9990,717.813453125861,51,38
89,5163,4214.82588253692,94,5
38,8734,1680.15988901876,86,48
49,7240,2115.80486289778,91,42
90,2174,1798.18981014205,94,4
74,5326,3332.18613094581,86,12
66,3251,1657.55927076033,91,25
14,6541,488.225646087792,73,59
29,1812,243.95238281591,81,52
42,7909,1777.2166070313,85,43
40,3666,762.482870743931,79,39
20,3895,366.856123039225,86,66
85,4527,3491.40835927481,87,2
43,3163,738.531015951922,81,38
53,6340,2137.65175968604,59,6
42,3790,851.643815987939,71,29
1,8608,416.909363085859,55,54
48,9630,2712.95740571217,70,22
3,6074,309.1788965326,53,50
81,2610,1883.58617947177,97,16
84,6002,4557.22552831323,88,4
19,8258,747.878166871928,67,48
10,1629,104.634376756101,86,76
47,5240,1422.61763489956,75,28
76,1180,771.720557238483,84,8
15,2150,166.736652657919,63,48
18,7950,692.378786952303,71,53
73,4617,2822.32684046397,79,6
21,3338,327.012814563099,70,49
7,6192,357.343865899885,40,33
94,7817,6819.84184670705,96,2
12,6398,442.68941297166,63,51
67,7498,3931.01213549323,75,8
87,9689,7695.92561782487,90,3
32,7856,1191.99701352206,73,41
56,3116,1164.56821510188,70,14
3,4348,221.322002325279,56,53
85,3962,3055.65715030855,91,6
26,6751,806.396174332597,51,25
69,2625,1452.35401723868,70,1
18,3735,325.28739236061,82,64
20,9223,868.681392244101,72,52
25,9943,1141.29208226995,73,48
71,6607,3847.58179641022,86,15
62,8691,3939.54920250473,64,2
8,3666,219.077411799923,45,37
37,6369,1178.0310851076,68,31
73,6131,3747.820199022,81,8
50,9556,2895.89569721789,64,14
65,6743,3341.38821976199,93,28
93,6523,5610.78581653367,94,1
12,1283,88.7731348613066,82,70
32,3458,524.685039811519,48,16
21,9920,971.829574735152,78,57
27,1974,245.385319324803,68,41
89,3127,2552.73301078693,92,3
26,2812,335.888911601728,80,54
71,3638,2118.5867376026,85,14
82,8337,6123.4914123636,91,9
7,7732,446.218147793591,84,77
24,9375,1034.17879556717,86,62
58,9909,3957.52114985442,71,13
74,6716,4201.83290563876,92,18
2,8534,423.123337784672,82,80
12,5723,395.984918792874,62,50
57,1544,596.667881838345,77,20
67,7610,3989.73090838937,69,2
57,9051,3497.69494722724,81,24
24,4688,517.144553986018,64,40
25,4166,478.187952804648,73,48
82,5883,4321.03874042642,86,4
77,2514,1679.22523458525,81,4
2,9596,475.778245767719,85,83
12,3928,271.785560198918,86,74
14,8923,666.020094793054,54,40
39,9974,1995.24547156442,69,30
98,6153,5769.30885493238,98,0
71,5941,3459.73716550221,76,5
83,5695,4254.36178250044,88,5
75,7426,4751.82807063847,79,4
16,1125,90.6669822073258,73,57
91,1420,1189.80284182215,95,4
11,2992,199.4183664062,65,54
37,2708,500.88054301639,51,14
48,8699,2450.67668455765,93,45
15,8161,632.901312716872,90,75
40,9838,2046.18289208369,83,43
69,8071,4465.5044850032,91,22
99,9789,9322.85714285714,99,0
66,8497,4332.29194821611,88,22
30,9520,1333.82549940959,76,46
7,2838,163.782605204114,59,52
3,5538,281.895411425344,80,77
49,4333,1266.26829709062,92,43
14,2143,159.955291173542,88,74
52,2104,684.880021898117,87,35
97,8153,7510.55864315337,98,1
35,2284,390.388254146935,91,56
11,4172,278.065984173351,88,77
49,1446,422.576496098092,86,37
6,8113,452.681250297806,58,52
10,3208,206.057139738227,82,72
71,7877,4587.16540189546,73,2
67,3633,1904.69019581847,84,17
92,7701,6536.59233427406,95,3
78,3189,2173.98985235918,90,12
26,2582,308.415778718229,89,63
78,4484,3056.81106866685,85,7
76,6848,4478.59523387215,96,20
33,2912,459.763146722903,79,46
8,6364,380.307869256603,75,67
11,9212,613.984622772031,77,66
35,4096,700.100827051596,80,45
38,2455,472.268436860665,74,36
6,6021,335.953877485898,82,76
6,3860,215.376510064037,27,21
96,5922,5351.12658723954,96,0
43,1910,445.9671958483,83,40
84,5562,4223.14035129593,87,3
27,2989,371.558621814506,73,46
35,8989,1536.42732772627,84,49
75,7733,4948.27450447715,86,11
90,8328,6888.37384492317,94,4
75,6314,4040.26965230424,82,7
18,2669,232.447670739082,54,36
19,4750,430.179376682206,48,29
86,7801,6107.46192540129,91,5
46,4151,1085.71094069033,68,22
4,6755,353.866211327708,87,83
23,8088,857.532949177756,80,57
29,5452,734.011253373257,66,37
7,5167,298.190528925179,77,70
26,1697,202.703941318681,79,53
12,5704,394.670273771546,81,69
92,5102,4330.56669126948,92,0
39,3792,758.569363161448,90,51
53,3120,1051.96742747956,82,29
68,2157,1162.09322343648,85,17
65,3542,1755.18271902669,85,20
29,2979,401.067410821521,34,5
12,7303,505.308031092847,87,75
9,4922,304.825061185179,31,22
95,7207,6388.67662337806,98,3
70,1369,777.340321074679,73,3
71,4253,2476.73155443207,79,8
18,4831,420.739864121582,76,58
34,1386,227.697728215134,37,3
31,3021,440.480531073965,78,47
3,7956,404.976506554719,83,80
38,6736,1295.80455832727,57,19
50,1493,452.445822095679,75,25
19,8418,762.368419560171,61,42
13,1581,113.599906846045,72,59
91,4416,3700.11926020184,93,2
34,4160,683.421752795786,90,56
56,7361,2751.08685217104,74,18
33,5730,904.685038022746,82,49
90,8712,7205.99338820493,91,1
64,5789,2786.33686133995,84,20
52,3190,1038.38748567252,65,13
30,6600,924.710955473035,79,49
0,5215,337.056783030727,81,81
84,4356,3307.44325247125,86,2
49,2462,719.490548681537,79,30
51,5742,1803.77278770968,88,37
17,4200,351.835839153756,87,70
65,7653,3792.32449144869,85,20
97,7395,6812.28764456263,98,1
29,4648,625.767480865536,88,59
63,8355,3903.69309389404,79,16
56,6958,2600.47035965305,78,22
38,4000,769.480141524505,72,34
92,7660,6501.79162193732,96,4
82,5875,4315.16277409573,89,7
79,3437,2389.64791858039,94,15
45,5431,1368.13526111631,69,24
14,2558,190.931234167952,35,21
53,7847,2645.76551392056,72,19
19,9559,865.702034043202,64,45
44,4938,1197.75939853072,88,44
9,4445,275.283908364104,83,74
8,2064,123.343092731871,73,65
65,6234,3089.16122823614,87,22
22,7375,751.609086998059,77,55
40,1440,299.502273287305,46,6
0,4082,263.828530840159,67,67
37,6198,1146.4023654415,85,48
46,2240,585.881114706419,78,32
36,9762,1735.84618247283,91,55
26,7599,907.688420790017,63,37
44,3830,929.003340699201,75,31
71,4829,2812.16474873088,85,14
88,6822,5494.63954010324,88,0
60,2315,986.042222045241,86,26
29,5907,795.268612192926,73,44
95,7853,6961.32614449673,97,2
76,5849,3825.24876210838,84,8
85,9624,7422.42413290497,87,2
67,3675,1926.70973565453,81,14
89,1443,1177.99607757133,89,0
5,8501,459.23516231003,12,7
44,9880,2396.48903553736,58,14
1,1560,75.5551355034781,72,71
60,5129,2184.62659044062,83,23
21,4712,461.619047999197,88,67
79,2465,1713.84408475434,79,0
29,3668,493.828554177019,89,60
5,4660,251.739307889041,78,73
33,7175,1132.82986872831,84,51
48,4333,1220.68997289209,82,34
25,3789,434.914583095731,85,60
36,5830,1036.67109647783,91,55
6,8126,453.40661160113,30,24
92,5755,4884.83169507171,95,3
23,1434,152.0403374284,73,50
98,5376,5040.76132035048,98,0
80,8255,5849.48961598184,89,9
7,5101,294.381631129734,73,66
63,9021,4214.8671932996,80,17
22,7856,800.629286434814,78,56
80,5015,3553.6269441731,90,10
55,5242,1893.85735557178,86,31
63,1720,803.632809275614,70,7
38,6696,1288.10975691202,55,17
6,5908,329.648813849308,49,43
48,6636,1869.48965153748,93,45
74,2351,1470.89177503823,81,7
11,2496,166.359706734584,89,78
55,5888,2127.24763632329,90,35
68,4293,2312.87260464201,86,18
16,6858,552.705923535858,83,67
32,6726,1020.54123128175,86,54
51,3068,963.771318825023,57,6
35,3136,536.014695711378,77,42
61,2542,1117.26176728501,82,21
31,3357,489.471414371169,78,47
34,8462,1390.17184426874,74,40
57,8898,3438.56917914352,87,30
17,5351,448.255613169464,77,60
21,2051,200.929683244133,72,51
51,6916,2172.56924413099,68,17
83,4423,3304.13383037742,90,7
40,1787,371.674001641954,87,47
91,7798,6533.8609581191,92,1
81,2471,1783.27258600565,81,0
59,2408,993.428088055657,59,0
34,2588,425.16718659507,79,45
85,5722,4413.0414472654,87,2
78,3062,2087.41201879079,94,16
91,1202,1007.14296892269,93,2
36,6664,1184.97018643709,76,40
19,4519,409.259074363556,73,54
85,6480,4997.64218425023,87,2
61,5688,2499.99407250871,80,19
31,6802,991.773774367795,72,41
61,8150,3582.09417913959,87,26
63,1701,794.755470103383,68,5
84,3491,2650.66216583497,85,1
53,4096,1381.0444176142,63,10
27,2961,368.077978987204,56,29
12,1699,117.556941644084,72,60
81,6038,4357.50703128373,84,3
70,8203,4657.79594870387,87,17
45,6528,1644.48296530423,67,22
23,9573,1014.98057894148,87,64
7,1125,64.9243942405315,59,52
57,7256,2804.0298902973,86,29
12,7315,506.138333211581,84,72
32,8649,1312.31952265177,84,52
69,6825,3776.12044482057,79,10
91,7718,6466.82981210095,92,1
1,1624,78.6548333702874,16,15
1,2183,105.7287569257,79,78
18,7142,622.008716529981,83,65
76,3425,2239.95161740831,79,3
10,3344,214.792729203438,88,78
91,4691,3930.53882463923,92,1
37,4552,841.952818246163,69,32
4,3205,167.896551784649,88,84
86,3738,2926.50848316242,94,8
62,2261,1024.89020214742,87,25
78,6658,4538.8599677038,87,9
4,5566,291.579471835681,84,80
85,2181,1682.07679071755,85,0
66,4937,2517.18551822325,92,26
27,1670,207.595482914094,53,26
65,1197,593.154634295582,93,28
17,2398,200.881510069216,86,69
52,8694,2830.01279010562,82,30
68,9557,5148.87572386762,73,5
20,6244,588.100033955564,78,58
19,4689,424.654967844814,44,25
36,1626,289.129880424177,45,9
2,3371,167.13718908743,77,75
27,8785,1092.05168706606,65,38
52,5687,1851.19424169895,81,29
21,9349,915.89059417328,80,59
74,6444,4031.65742167007,92,18
63,6749,3153.32431965181,89,26
13,4510,324.057925285048,86,73
82,4277,3141.43849954169,87,5
56,2588,967.234448229676,82,26
8,8550,510.941590531735,45,37
58,5184,2070.41978412002,58,0
70,1028,583.715011004215,87,17
25,8289,951.440216226052,91,66
69,5506,3046.34713101569,73,4
80,8147,5772.96086025489,83,3
55,5262,1901.08306085821,89,34
82,3688,2708.82047844512,94,12
23,3633,385.190059886596,68,45
78,2245,1530.45068000827,79,1
75,8660,5541.45314997699,86,11
2,6628,328.622156413968,39,37
3,8383,426.711670996507,77,74
28,4436,573.868221814092,85,57
76,1852,1211.20887458108,77,1
63,6666,3114.54436432049,78,15
26,4107,490.574594576208,83,57
85,8849,6824.71229759726,86,1
16,7968,642.164012647087,87,71
76,1577,1031.35874471618,86,10
93,4060,3492.22603328633,93,0
17,8296,694.959552766562,77,60
79,2750,1911.9964434379,85,6
33,8788,1387.49949636019,58,25
29,2463,331.597526973282,88,59
78,4301,2932.05718250136,84,6
59,3620,1493.4425576252,62,3
26,5523,659.713534415484,75,49
45,6996,1762.37788377274,90,45
37,5622,1039.86352025042,70,33
17,1090,91.3097773041891,80,63
97,5271,4855.65492555641,98,1
26,3463,413.649822502412,66,40
39,6562,1312.69308044974,86,47
91,8329,6978.78018981457,93,2
19,4788,433.620811695664,61,42
79,1757,1221.59190949832,83,4
9,1992,123.366826875432,72,63
30,4632,648.978961477439,79,49
14,9537,711.849562259482,84,70
82,2769,2033.81884620784,94,12
4,7616,398.970401994349,86,82
73,7129,4357.88781582578,81,8
48,1047,294.960166540046,67,19
97,6408,5903.06142344251,98,1
41,5283,1142.22736254897,78,37
94,4716,4114.41398862357,94,0
7,4836,279.088329375298,62,55
44,6277,1522.54672834697,86,42
13,2225,159.873366687191,82,69
12,3724,257.670424180441,89,77
95,6367,5644.05495505038,97,2
74,1973,1234.39790393468,81,7
7,8036,463.762161881699,49,42
96,8887,8030.304285849,96,0
7,2230,128.694577027898,69,62
87,5405,4293.16523525064,90,3
54,9254,3230.51228813294,88,34
76,7728,5054.11564943983,84,8
36,2096,372.703708099062,81,45
62,1902,862.158852049706,79,17
97,5971,5500.49621713096,98,1
5,5802,313.431644715068,82,77
59,3645,1503.75638744305,87,28
51,5331,1674.66261429472,93,42
60,3849,1639.42829920179,77,17
12,9611,665.00280526268,69,57
30,4399,616.333862594831,77,47
22,3367,343.141396057283,59,37
26,5840,697.578678433176,72,46
0,9988,645.546145524622,44,44
44,5030,1220.07488347702,76,32
16,3817,307.622996520322,38,22
44,3485,845.320272150578,71,27
66,4950,2523.81371586086,72,6
40,8979,1867.52146656022,91,51
70,8392,4765.11320267254,78,8
99,1363,1298.09523809524,99,0
46,6836,1787.98361613084,70,24
96,6190,5593.29172154892,96,0
38,6492,1248.86626969427,85,47
0,9921,641.215789922885,67,67
27,4613,573.435905798032,86,59
71,2791,1625.33688418055,72,1
6,3229,180.168588341133,80,74
96,6692,6046.89954775531,98,2
48,9102,2564.20958533667,85,37
89,8918,7280.22801093632,89,0
34,5021,824.87034153549,52,18
39,6044,1209.0699448702,61,22
70,9782,5554.37766307707,92,22
89,3650,2979.68515809796,96,7
64,4824,2321.86716515873,85,21
62,6332,2870.23651481532,80,18
86,7004,5483.48459498918,93,7
67,1737,910.665254648139,86,19
45,8724,2197.68219811797,82,37
67,5909,3097.93954502928,92,25
78,4699,3203.37984203067,94,16
30,4057,568.417022174864,79,49
59,9074,3743.50767068814,72,13
25,1341,153.924638672836,69,44
40,7847,1632.07940172603,60,20
85,7248,5589.95533201322,92,7
86,4596,3598.24317512426,87,1
71,9782,5696.54081012332,90,19
24,5173,570.646070343359,64,40
61,6215,2731.6215120678,78,17
86,9665,7566.80162915055,88,2
81,1600,1154.68884565319,88,7
4,9983,522.967636962918,84,80
70,2675,1518.9082241598,89,19
57,2518,973.063294345177,91,34
27,2666,331.406920628128,55,28
49,7512,2195.29366437681,81,32
40,5347,1112.1101772689,72,32
4,1175,61.5533380177731,75,71
65,1795,889.484184261127,73,8
48,4785,1348.02712215293,79,31
85,3290,2537.38314601593,90,5
22,1494,152.258166233912,69,47
91,3350,2806.92923951,91,0
74,4775,2987.45564687687,82,8
17,3766,315.479469107868,90,73
22,2974,303.089549116234,89,67
50,4203,1273.69711337451,68,18
89,3949,3223.77443543255,90,1
28,3191,412.807370561039,86,58
96,3865,3492.41882129024,97,1
23,2877,305.034902915975,88,65
43,1366,318.948266768993,92,49
58,6192,2473.00140881003,84,26
32,1165,176.766359566345,83,51
59,2490,1027.25744985822,83,24
24,5358,591.053865242552,38,14
56,7864,2939.0771641724,82,26
34,1977,324.789616653189,61,27
7,2372,136.889478345369,38,31
14,4706,351.259729473956,70,56
70,4193,2380.85315286058,83,13
18,2618,228.005995502029,81,63
34,1866,306.554084306956,82,48
22,7347,748.75552029488,84,62
37,7620,1409.42013950698,83,46
22,2410,245.610562666484,47,25
3,4704,239.443123030844,74,71
78,8779,5984.77795981852,90,12
54,5282,1843.91246011651,77,23
16,1691,136.282548366745,84,68
27,3895,484.182279012212,77,50
14,7227,539.429253061684,90,76
36,5406,961.276834915806,85,49
99,1008,960,99,0
68,3921,2112.45597083656,73,5
87,9038,7178.83948125721,93,6
80,9782,6931.52119001022,80,0
23,5915,627.139885557175,66,43
99,9165,8728.57142857143,99,0
22,4680,476.953291817073,83,61
67,7012,3676.21460310463,82,15
76,7125,4659.75336468152,91,15
64,9613,4626.88827916063,68,4
62,1300,589.277869434605,65,3
11,4745,316.256734156892,60,49
27,4914,610.85281619153,91,64
22,8144,829.980258238941,86,64
63,1898,886.79946046809,89,26
16,9590,772.885652771782,65,49
88,2012,1620.52400391201,88,0
77,3099,2069.97573666655,85,8
10,7524,483.283640707736,82,72
16,1873,150.950451266063,60,44
31,1485,216.522207429605,53,22
84,5697,4325.64375788078,87,3
66,8512,4339.9398685672,89,23
41,3751,810.996561976373,84,43
71,4223,2459.26107556234,80,9
31,7488,1091.79682776625,86,55
37,1278,236.383062767706,66,29
35,3138,536.356541818337,52,17
99,7537,7178.09523809524,99,0
71,5980,3482.44878803286,87,16
44,2653,643.510669157958,72,28
33,6441,1016.94176787164,83,50
62,1541,698.520920614404,73,11
57,2305,890.750950542348,87,30
68,9876,5320.73837489972,78,10
90,6198,5126.57794078216,90,0
93,1221,1050.24827257207,95,2
11,5240,349.248743304976,73,62
69,3480,1925.40646856785,79,10
70,4084,2318.96119157706,81,11
63,8835,4127.96271508724,65,2
48,6452,1817.65328989148,74,26
8,3718,222.184892818361,57,49
24,3642,401.757778501936,65,41
88,9533,7678.15871237236,94,6
95,1551,1374.89072330503,96,1
26,9927,1185.76430493256,75,49
68,2530,1363.04861163389,77,9
50,8146,2468.60258994736,73,23
57,4891,1890.09236403585,86,29
87,4047,3214.51243423854,97,10
76,4667,3052.22020392543,90,14
27,3665,455.591284359373,77,50
81,6743,4866.29180389966,90,9
58,2819,1125.87063492175,76,18
37,3637,672.711423541585,80,43
18,5072,441.728956908438,61,43
59,2779,1146.4853225526,71,12
89,1654,1350.24637027233,93,4
77,2880,1923.69477947714,91,14
65,1173,581.261809547801,86,21
60,6560,2794.14124259904,74,14
89,5087,4152.78312308063,91,2
38,9745,1874.64599478908,64,26
7,2607,150.451462920058,63,56
69,1001,553.830998573684,77,8
25,3580,410.924837023678,90,65
49,4502,1315.65655977428,71,22
99,2740,2609.52380952381,99,0
32,9906,1503.04511404653,63,31
15,4234,328.354877838896,54,39
78,3777,2574.83840462861,88,10
96,7953,7186.34072075583,96,0
93,7027,6044.3035310106,93,0
41,9076,1962.30466448882,59,18
79,4844,3367.89482618662,88,9
72,4475,2670.89686879603,87,15
36,9072,1613.15269077991,51,15
70,8872,5037.66495878346,77,7
4,2025,106.081284668928,88,84
56,4829,1804.78174285205,92,36
31,3681,536.712623264901,35,4
41,6860,1483.18752736815,87,46
29,6591,887.356597759196,83,54
88,5204,4191.45472980025,93,5
38,1277,245.656535181698,76,38
56,3845,1437.02335913567,91,35
80,7110,5038.14308535808,88,8
34,8374,1375.7148456519,67,33
66,1934,986.071863934324,86,20
72,1634,975.25038739949,85,13
74,4844,3030.6251630307,82,8
73,5822,3558.93152808777,79,6
32,2212,335.62848700494,88,56
65,3117,1544.58061411807,85,20
67,9035,4736.82243854112,88,21
97,2941,2709.25462645824,98,1
3,2830,144.052729204356,75,72
88,5259,4235.75334819744,94,6
48,4062,1144.34402720694,61,13
56,5720,2137.7824744489,83,27
71,2370,1380.16783070868,71,0
30,9755,1366.75081373325,80,50
