"Age","Benefit","NetSinglePremium","Die","SurviveYears"
5,3301,178.324346639855,70,65
80,6463,4579.67915058639,97,17
65,3044,1508.40660551023,84,19
61,5282,2321.548644689,76,15
86,3125,2446.5861449659,93,7
4,2204,115.458346375465,57,53
75,5517,3530.27679312045,89,14
64,7054,3395.20128172258,72,8
36,5934,1055.16402855908,69,33
61,4527,1989.71047226564,83,22
20,8907,838.918482133602,74,54
57,6642,2566.75393210511,89,32
85,9739,7511.11685685385,90,5
50,3585,1086.4154535921,81,31
41,1483,320.636603948537,47,6
77,3331,2224.94003834665,84,7
14,5340,398.582013470235,65,51
78,7388,5036.51208191585,84,6
71,4970,2894.27599941861,82,11
3,3455,175.866494488003,86,83
46,5564,1455.28684027969,86,40
42,6076,1365.32660315111,54,12
18,6382,555.819046330767,85,67
13,6947,499.164170056592,81,68
49,1719,502.357535817856,87,38
6,1921,107.186081822025,85,79
24,9074,1000.97476170416,84,60
39,3998,799.778563797329,86,47
37,9505,1758.0759089257,76,39
10,3771,242.219910833183,73,63
55,7774,2808.63164483309,83,28
74,1477,924.07790375647,75,1
36,3672,652.942755791868,74,38
44,8218,1993.35494879009,84,40
19,7859,711.743099230623,86,67
66,2190,1116.59637125965,79,13
51,4202,1320.00230824731,54,3
33,1204,190.09437797197,83,50
76,9663,6319.6065632165,87,11
17,4972,416.506617207732,77,60
91,6733,5641.50882675249,92,1
76,5585,3652.59263743808,82,6
87,7362,5847.60082551622,97,10
93,2604,2239.84152479744,94,1
87,1555,1235.12894372151,93,6
42,2475,556.152623897137,73,31
10,6870,441.275732544145,55,45
36,5286,939.938836360516,71,35
54,5530,1930.48767596447,87,33
47,2787,756.647967264326,80,33
2,4589,227.526716322224,83,81
27,7602,944.994527612538,52,25
17,1519,127.247295160609,76,59
28,6078,786.287432864304,86,58
41,9212,1991.70896532294,82,41
74,9840,6156.34839063214,76,2
79,9337,6491.74937904716,80,1
30,8235,1153.7870785334,83,53
23,9593,1017.10108573964,70,47
78,5532,3771.24862441235,96,18
63,6759,3157.99660342667,72,9
98,5454,5113.89736629306,98,0
60,3540,1507.81402420741,86,26
95,6436,5705.2203063773,98,3
66,4063,2071.56669243286,68,2
13,6187,444.555739188158,79,66
32,4709,714.500246521817,74,42
28,3878,501.681912577784,69,41
51,1164,365.655089671554,78,27
34,2838,466.238205392894,86,52
46,9878,2583.63109422768,89,43
91,8975,7520.05669391112,95,4
75,5528,3537.31559042411,79,4
26,4602,549.70155447765,81,55
39,1122,224.450112201251,86,47
33,2593,409.397609702091,84,51
44,7284,1766.80426466135,47,3
51,9703,3048.06815728788,71,20
42,7356,1652.95301066155,81,39
42,5227,1174.54940004458,76,34
8,1942,116.052464188612,77,69
61,9820,4316.09384529458,87,26
15,4463,346.114270145252,76,61
29,5913,796.076401539998,71,42
98,6388,5989.65463437478,99,1
77,7212,4817.25234360734,82,5
57,3594,1388.87588557449,82,25
88,3155,2541.1298371483,91,3
34,7779,1277.96582091308,76,42
51,6256,1965.23903864711,84,33
18,7569,659.196860181382,81,63
77,3164,2113.39245912002,80,3
46,5913,1546.56921038351,87,41
2,9975,494.569404078053,71,69
69,8070,4464.95120728235,79,10
36,4167,740.961999832438,76,40
11,4035,268.934862449538,87,76
14,9155,683.336766539327,70,56
83,5335,3985.42934322034,88,5
31,6776,987.982813160274,59,28
40,4421,919.513576529983,74,34
81,2626,1895.1330679283,97,16
22,8865,903.459600845802,22,0
66,2921,1489.30502303628,85,19
3,4237,215.671877610903,75,72
29,6359,856.122076339058,57,28
76,7895,5163.33372830324,85,9
45,9225,2323.89021981182,81,36
38,9300,1789.04132904447,74,36
78,5307,3617.86269879905,90,12
13,4282,307.675396024518,80,67
99,8722,8306.66666666667,99,0
51,2610,819.896721686216,56,5
82,4266,3133.359045837,92,10
76,3604,2357.01770193855,77,1
40,2764,574.8779745598,85,45
62,6133,2780.03167172495,82,20
3,4559,232.062329485038,76,73
65,6493,3217.50462863927,86,21
87,9617,7638.73636769757,98,11
53,1230,414.717928140982,86,33
35,3456,590.710072824784,88,53
96,5776,5219.20080511576,97,1
54,4827,1685.0748665245,91,37
90,6468,5349.90418215215,90,0
73,7903,4831.02642845717,76,3
60,1398,595.458758712418,77,17
34,2230,366.353487676587,40,6
21,3047,298.504507481654,85,64
97,3887,3580.711571929,97,0
25,4519,518.706519136872,45,20
13,6039,433.921465808516,52,39
60,3680,1567.44508731166,72,12
89,8570,6996.13748079438,96,7
16,2754,221.952772443534,72,56
89,5555,4534.83590499565,93,4
59,4390,1811.10851601509,75,16
63,2744,1282.0746678211,81,18
18,4332,377.281120135519,63,45
78,3274,2231.93564647976,86,8
93,1319,1134.54338372036,93,0
32,5610,851.20967997184,90,58
28,5055,653.945865931072,72,44
7,4871,281.108199418337,43,36
61,2281,1002.54684940091,92,31
43,3857,900.57354679942,87,44
12,7541,521.77568978107,72,60
8,5941,355.029706356612,66,58
88,6607,5321.47221364147,94,6
1,1403,67.9511891739614,89,88
2,6132,304.030033664824,36,34
52,5227,1701.45811523833,77,25
54,2677,934.523600100701,78,24
80,4715,3341.04706715377,87,7
17,4340,363.563700458881,90,73
63,5667,2647.78321521215,85,22
35,8858,1514.03640772047,57,22
18,6705,583.949656165433,64,46
4,4397,230.340448735445,69,65
85,6413,4945.96903203653,85,0
88,5182,4173.73528244137,89,1
84,4774,3624.82417063768,86,2
87,5664,4498.88767668078,97,10
97,2969,2735.04827812122,97,0
67,2253,1181.19102977677,68,1
11,2959,197.218899129661,86,75
67,8988,4712.18152491507,79,12
42,7908,1776.99189890043,85,43
12,4715,326.239540819221,56,44
1,2075,100.49801677546,76,75
69,7951,4399.11115850086,80,11
18,2421,210.848936253022,87,69
60,1990,847.61296841038,79,19
15,9536,739.535218486471,74,59
98,7385,6924.48332417936,99,1
94,8631,7530.00575398855,96,2
86,7477,5853.79987389122,93,7
42,2562,575.702231282612,56,14
27,3563,442.911799774201,87,60
9,5046,312.504522295899,45,36
60,2124,904.688414524446,75,15
88,5291,4261.52708981036,91,3
46,6807,1780.39854812794,71,25
49,4612,1347.80276625477,88,39
80,2982,2113.04397757212,82,2
77,6896,4606.18027752582,82,5
93,5618,4832.34626970507,94,1
75,6621,4236.71608614292,80,5
91,3553,2977.02077253106,92,1
93,4703,4045.30518092256,95,2
65,4250,2106.02104908623,86,21
26,2285,272.939602777364,87,61
14,5512,411.420235626955,78,64
52,1664,541.654161805355,79,27
39,1067,213.447655720798,88,49
57,7251,2802.09767565404,81,24
83,3412,2548.88189673248,89,6
4,3095,162.134111629794,89,85
74,9782,6120.06097125646,75,1
88,10000,8054.29425403583,94,6
45,4808,1211.19394871059,77,32
50,2630,797.007710724472,81,31
24,6379,703.682830605121,85,61
40,8164,1698.01149938719,69,29
68,2830,1524.67492921894,88,20
56,6255,2337.73240868494,83,27
9,9306,576.331170131913,61,52
47,6205,1684.60733292973,78,31
3,6008,305.819362918646,60,57
22,2656,270.681184415843,84,62
92,5440,4617.46036858212,93,1
55,3185,1150.69356686305,91,36
67,7757,4066.79929781555,89,22
7,5794,334.375057981902,68,61
49,5039,1472.58849504722,58,9
46,9336,2441.86878879425,82,36
3,4712,239.850339226475,88,85
9,1908,118.164611284299,73,64
12,9086,628.677087568068,77,65
14,8192,611.457650626998,49,35
48,6374,1795.67918006328,89,41
39,4011,802.379144419981,52,13
20,7709,726.083145702025,71,51
60,2011,856.557627876017,63,3
35,1638,279.971961599247,56,21
42,9680,2175.17470679769,83,41
30,6960,975.149734862473,84,54
38,5360,1031.10338964284,75,37
33,2589,408.766066918131,67,34
82,6443,4732.35638357427,87,5
80,4219,2989.58167048182,93,13
38,6576,1265.02535266629,58,20
4,6405,335.53117447135,63,59
75,5022,3213.53091445548,87,12
0,8224,531.534992069933,77,77
81,5996,4327.19644908533,98,17
19,3463,313.623406621154,56,37
16,2337,188.345544372018,19,3
14,6274,468.29654541428,80,66
57,8496,3283.2191218255,75,18
11,1321,88.0453415850904,77,66
15,5817,451.119585354006,85,70
37,7386,1366.1387336481,71,34
86,3678,2879.53402917907,87,1
35,7595,1298.16059117599,60,25
6,3215,179.387430014476,31,25
12,2470,170.903852772741,74,62
26,7325,874.959558137502,58,32
15,1597,123.850434555673,85,70
20,5541,521.886977602143,71,51
92,6193,5256.60515857151,94,2
63,7864,3674.2839605485,72,9
97,7217,6648.31371613368,97,0
67,8474,4442.70429930243,84,17
29,7937,1068.57067461914,54,25
36,2289,407.022322442153,83,47
15,7913,613.668433712609,84,69
76,2290,1497.66108142045,86,10
43,7067,1650.07862463871,78,35
77,5226,3490.70448525956,77,0
86,5295,4145.49556403023,88,2
28,3198,413.712933580132,64,36
42,2265,508.963916414956,78,36
79,3213,2233.90711736945,80,1
95,4230,3749.70197265009,95,0
27,6742,838.089069345401,65,38
87,8305,6596.62114315569,89,2
42,6097,1370.04547389933,75,33
95,2055,1821.66372430164,95,0
22,7195,733.264729620479,89,67
8,7867,470.12602253955,53,45
61,3765,1654.79565453504,68,7
65,2084,1032.69361559899,89,24
41,1600,345.932950989655,67,26
27,9643,1198.70852798839,43,16
5,4294,231.967508170717,75,70
69,8039,4447.79959793591,74,5
69,1407,778.461753239934,72,3
83,2627,1962.45977219116,84,1
19,9571,866.78880299482,88,69
32,4822,731.645824745849,75,43
70,2751,1562.0622522107,75,5
88,4125,3322.39637978978,88,0
72,4041,2411.86463615749,74,2
38,9286,1786.34814854914,65,27
57,7488,2893.68464974451,77,20
63,9690,4527.44297783761,86,23
46,4182,1093.81911683136,84,38
71,3553,2069.0870474717,76,5
69,5667,3135.424844073,78,9
24,6621,730.378432581361,76,52
39,3460,692.154534952166,64,25
44,6585,1597.25509099327,85,41
95,5110,4529.78181566004,95,0
3,4241,215.875485708718,88,85
12,4087,282.787063272143,78,66
48,2168,610.767565481203,90,42
10,7216,463.500099860051,91,81
69,8176,4523.59864569275,85,16
80,6627,4695.88948335696,89,9
51,1086,341.15242902346,83,32
74,2445,1529.70242023329,84,10
44,1780,431.756121787096,59,15
43,9111,2127.33357139993,73,30
15,2365,183.41031792371,63,48
5,8499,459.127119688618,86,81
93,7665,6593.08190766988,96,3
42,8784,1973.83622154038,65,23
46,1799,470.535770248593,80,34
17,5251,439.878569380089,65,48
61,5154,2265.28998764239,79,18
27,4430,550.687418748164,54,27
98,5211,4886.05045393347,98,0
72,4906,2928.13855604767,77,5
82,4570,3356.64576640298,82,0
47,3638,987.687586977976,88,41
78,8569,5841.61776257944,79,1
61,3710,1630.62201283532,65,4
15,4840,375.351348308989,76,61
62,1583,717.55912870383,84,22
81,6477,4674.32478330982,89,8
82,1093,802.80389992964,82,0
21,5353,524.415696931176,81,60
87,5184,4117.62600916546,93,6
25,3296,378.326330399453,87,62
37,4422,817.90759276901,66,29
16,3352,270.147310541294,27,11
81,6205,4478.02767954878,81,0
82,7507,5513.85990555518,94,12
81,9218,6652.45111201944,84,3
62,9659,4378.33456989911,67,5
22,5960,607.402055390974,27,5
79,4817,3349.12249746923,84,5
9,2785,172.478219301244,73,64
18,1360,118.444672988067,89,71
26,4225,504.669506229481,75,49
64,1454,699.833096629519,81,17
30,5878,823.553181253106,31,1
31,2935,427.941197849085,89,58
87,6346,5040.59696260879,87,0
17,1369,114.681729476546,55,38
8,2647,158.182735688597,50,42
27,6522,810.741161416598,83,56
35,6563,1121.76799998526,75,40
42,2042,458.854003231497,85,43
62,2246,1018.09084211548,90,28
27,6954,864.442507894974,87,60
57,2960,1143.87106880926,90,33
67,7893,4138.10066490372,80,13
68,4057,2185.72656814178,68,0
20,1911,179.990257029001,86,66
31,2456,358.100027910512,77,46
42,3818,857.93564365223,83,41
69,2021,1118.17427384357,90,21
47,1440,390.948357682321,83,36
76,1677,1096.75879193978,79,3
80,8105,5743.19967747218,85,5
49,9167,2678.94795278784,76,27
88,7629,6144.62108640394,96,8
42,2641,593.454173621147,44,2
73,5753,3516.75250448109,75,2
82,8459,6213.09989890652,84,2
16,6546,527.560947137027,24,8
14,5920,441.873692835916,60,46
83,3111,2324.02449611218,83,0
98,6642,6227.81560449551,98,0
9,5248,325.014612169813,74,65
20,9870,929.620008831105,59,39
44,5273,1279.01687088953,67,23
61,5985,2630.53173768717,80,19
71,1143,665.625244936716,71,0
29,4396,591.840328288488,80,51
37,4844,895.962093933307,80,43
69,6993,3869.07110192385,85,16
76,4380,2864.52206839369,92,16
38,5461,1050.53276321633,76,38
54,6287,2194.7515404681,76,22
58,5656,2258.93022742725,76,18
2,1966,97.4760349290679,87,85
34,6116,1004.76140386996,91,57
60,6101,2598.63654285011,68,8
97,6762,6229.16687661021,97,0
67,6250,3276.7172375077,82,15
15,1127,87.4010267653369,34,19
83,4818,3599.21247903198,95,12
33,9783,1544.59576387025,87,54
14,4853,362.231930968362,91,77
89,1726,1409.02372133618,94,5
72,5235,3124.50170014463,93,21
88,1399,1126.79576613961,93,5
40,8279,1721.93008371222,88,48
31,8835,1288.19777955594,69,38
25,3814,437.784169946454,65,40
79,3290,2287.44301778571,81,2
82,5133,3770.16689692483,83,1
38,8548,1644.37906243787,72,34
71,3086,1797.12992639957,87,16
49,4469,1306.01269783013,69,20
46,4262,1114.74344235659,83,37
3,3638,185.181564963055,69,66
71,4441,2586.21322201571,90,19
28,5000,646.830727923909,68,40
39,2484,496.910943589936,78,39
15,4802,372.404374913174,69,54
40,3810,792.433098072661,80,40
61,5004,2199.36187391589,70,9
53,5438,1833.52527904932,84,31
78,6506,4435.23925351171,89,11
47,8553,2322.07034948395,60,13
66,9954,5075.15994498566,94,28
92,5743,4874.64612072925,94,2
69,4076,2255.15999019614,78,9
53,3114,1049.94441319595,81,28
13,2788,200.326717448939,78,65
28,3854,498.577125083749,76,48
20,5987,563.894122884683,88,68
82,8470,6221.17935261121,93,11
30,3878,543.337740200671,72,42
97,8535,7862.45774798405,97,0
39,2806,561.325325166409,76,37
3,4454,226.717616917385,66,63
24,5966,658.123807397735,51,27
40,5573,1159.11539515983,75,35
91,6054,5072.58197492345,91,0
26,8055,962.156892941649,85,59
20,9468,891.757066222178,81,61
6,6217,346.890094059098,86,80
32,1332,202.105399950533,76,44
27,3933,488.906008563551,73,46
75,1799,1151.16330448136,80,5
40,6578,1368.14302339159,58,18
72,3488,2081.80743650515,73,1
56,1267,473.526292854327,84,28
49,1746,510.247968317613,73,24
95,1652,1464.42261437777,97,2
87,9643,7659.38804135465,88,1
33,8219,1297.66253534188,80,47
54,8890,3103.44221325933,77,23
53,2818,950.142375204298,86,33
5,6091,329.043803509045,72,67
26,1432,171.050114300738,36,10
81,1070,772.198165530571,83,2
8,1214,72.5477299304709,72,64
52,7851,2555.60506270062,82,30
18,3160,275.209681354626,88,70
42,7890,1772.94715254481,86,44
86,1311,1026.3918195361,92,6
95,3499,3101.7038303316,96,1
45,5636,1419.77726600102,82,37
41,5688,1229.79164076822,80,39
72,3166,1889.6222316443,85,13
66,2602,1326.65925023635,69,3
16,1842,148.452072200795,75,59
56,1203,449.607048384969,81,25
75,4193,2683.06155402466,94,19
79,7639,5311.1784841535,81,2
28,1237,160.025922088375,76,48
76,6862,4487.75124048345,80,4
0,9040,584.274845368701,81,81
97,1509,1390.09358426572,98,1
7,3391,195.696551884126,59,52
23,6604,700.191344753945,86,63
84,4959,3765.29180188359,89,5
99,5444,5184.7619047619,99,0
35,2268,387.653485291265,82,47
59,2127,877.500640902982,66,7
89,3030,2473.54685727036,89,0
92,3380,2868.93677312639,92,0
67,8859,4644.55008113291,75,8
44,3613,876.367903380212,82,38
22,8952,912.326040244966,69,47
11,3980,265.269083655306,66,55
17,9916,830.66766215444,61,44
73,8046,4918.44092665651,76,3
31,2496,363.932275922084,63,32
14,2361,176.226991348919,65,51
28,4160,538.163165632692,82,54
32,7418,1125.53893155635,65,33
19,4706,426.194557192939,69,50
57,4167,1610.30768369196,64,7
37,9101,1683.35074667362,81,44
62,2524,1144.10564804072,67,5
39,6449,1290.08803349899,68,29
44,1969,477.599889774602,82,38
68,9227,4971.08677452407,73,5
46,9287,2429.05263941005,85,39
8,6710,400.984569879291,83,75
72,7666,4575.44031199785,87,15
15,7535,584.353803617403,78,63
45,4934,1242.93488829827,88,43
14,7677,573.017624983333,75,61
5,2725,147.208071673313,46,41
68,3009,1621.11196537801,71,3
70,4377,2485.33132603643,86,16
12,6921,478.876746979815,51,39
54,5933,2071.17240171739,88,34
49,4066,1188.24068681524,80,31
46,2286,597.912601883426,75,29
81,2672,1928.33037224083,91,10
9,5567,344.770645188519,84,75
72,2809,1676.54733060292,88,16
15,3985,309.044446903165,87,72
14,5977,446.128219945992,81,67
98,8547,8014.02288040095,99,1
3,1003,51.0547305271975,85,82
57,7765,3000.72934098105,58,1
38,5237,1007.44187529096,76,38
41,6776,1465.02604744119,86,45
4,6140,321.648932280108,87,83
26,5111,610.50079203287,30,4
31,8313,1212.08694300492,82,51
51,8445,2652.88422016862,79,28
60,9006,3835.98110226326,92,32
15,2199,170.53669729989,80,65
62,3999,1812.7093845146,78,16
26,2581,308.296330314388,64,38
77,3227,2155.47328242109,77,0
78,1029,701.484966471495,80,2
9,2262,140.088234132644,74,65
64,1398,672.879414778588,83,19
33,3178,501.760741856245,53,20
85,7972,6148.33387235228,88,3
14,5449,406.717863557924,82,68
62,7751,3513.45597383663,67,5
26,8775,1048.15974370738,89,63
71,7691,4478.84843290313,84,13
27,8375,1041.08513138056,33,6
35,6975,1192.18829801877,76,41
87,5629,4471.08734675778,87,0
6,4504,251.309793090265,84,78
85,7944,6126.73912217343,90,5
15,4668,362.012416096355,68,53
49,3474,1015.23564830206,86,37
21,3606,353.267887751508,26,5
78,4699,3203.37984203067,84,6
1,2255,109.215917025861,73,72
2,8700,431.353765962813,58,56
27,1352,168.065325089733,87,60
42,3575,803.33156785142,90,48
84,6835,5189.70951116643,90,6
97,5609,5167.02114920241,99,2
48,8727,2458.56482654726,79,31
64,1998,961.668863181416,89,25
22,1345,137.073114849138,66,44
47,2002,543.52681394445,71,24
39,5773,1154.85784112106,86,47
72,1433,855.283846477032,76,4
49,6426,1877.92293494214,87,38
40,4582,952.999594585022,74,34
56,2290,855.860466169226,72,16
41,4234,915.425071556376,53,12
8,9933,593.588633772131,84,76
9,6079,376.479387839233,12,3
43,2884,673.387116663087,63,20
61,1659,729.164937815041,84,23
89,7450,6081.82313091226,96,7
81,7945,5733.75179919662,89,8
49,7360,2150.87345178559,84,35
68,3786,2039.72412792328,76,8
59,3157,1302.43042939855,91,32
94,8631,7530.00575398855,95,1
9,4842,299.870570146005,62,53
16,8897,717.034791732069,47,31
94,5976,5213.6849016146,96,2
45,5058,1274.17200344804,83,38
62,4625,2096.4693431808,76,14
76,8777,5740.1621448154,86,10
80,2841,2013.13143537304,89,9
73,6367,3892.08468556077,74,1
27,5718,710.796988804064,73,46
76,3016,1972.46542426378,90,14
10,9538,612.647443523443,64,54
56,3602,1346.20497779107,62,6
43,7842,1831.03390044103,74,31
50,7250,2197.07448773856,79,29
24,8131,896.950163920715,90,66
15,3422,265.382709486231,36,21
63,5394,2520.22986815852,82,19
63,3221,1504.94260388183,87,24
42,2490,559.52324586015,80,38
83,3963,2960.49793574174,86,3
81,6351,4583.39303671463,88,7
43,3801,887.498068805962,89,46
52,2039,663.721656202595,85,33
88,2347,1890.34286142221,91,3
38,1756,337.801782129258,60,22
9,6316,391.157067542786,87,78
51,6376,2002.93543964418,57,6
73,6111,3735.59439507804,86,13
95,6238,5529.70234170006,97,2
61,1245,547.203343929914,90,29
41,9104,1968.35849113114,86,45
17,3533,295.960957078624,53,36
72,1950,1163.85450148654,90,18
72,9657,5763.76560043873,90,18
53,8472,2856.49616846374,77,24
93,1171,1007.24056280253,95,2
33,6221,982.20691475384,69,36
65,7317,3625.82494497976,95,30
67,1406,737.130309749731,86,19
77,1862,1243.72211089807,84,7
16,9416,758.862492857049,90,74
53,5840,1969.06723605149,77,24
79,6576,4572.10494983551,90,11
12,9561,661.543213101288,81,69
55,7769,2806.82521851148,90,35
12,3291,227.71035606279,51,39
8,1842,110.076539153153,59,51
78,3330,2270.11169907685,88,10
98,8746,8200.61356171601,98,0
33,3431,541.705822941718,72,39
59,8751,3610.25298944147,82,23
13,9449,678.940872731357,73,60
80,9996,7083.16150228401,90,10
21,8532,835.851807625032,75,54
16,1568,126.369624978744,79,63
48,3590,1011.37249081066,69,21
8,8851,528.929124888466,62,54
59,6794,2802.88639129989,83,24
5,2067,111.662049228894,75,70
31,1796,261.867935719577,79,48
70,3096,1757.95882691542,75,5
31,2587,377.20064014841,59,28
41,1275,275.665320319882,74,33
8,6295,376.184480982137,73,65
66,2131,1086.51455121202,72,6
59,9709,4005.47894806162,72,13
95,2300,2038.84504423055,96,1
11,5360,357.246806128754,84,73
98,6018,5642.72723695483,99,1
97,6937,6390.37719950385,98,1
38,6308,1213.47018318414,73,35
80,9835,6969.07696828364,82,2
75,3594,2299.76704630685,92,17
59,8982,3705.55277695843,79,20
43,5276,1231.89681952651,89,46
21,5328,521.966529656138,64,43
23,8320,882.130828036466,69,46
7,3039,175.382430308422,78,71
6,4833,269.667013766707,82,76
59,6870,2834.24043394616,83,24
69,3453,1910.46797010483,72,3
31,1201,175.113246547445,68,37
10,2288,146.963446297089,82,72
94,7994,6974.26323686531,97,3
50,1979,599.725573963395,73,23
73,4267,2608.37527144461,90,17
60,9676,4121.35833283359,86,26
75,9493,6074.48207306369,80,5
34,4728,776.735107504441,89,55
87,7768,6170.08465262293,95,8
61,1226,538.852449524557,70,9
66,1934,986.071863934324,94,28
65,5262,2607.501825951,81,16
61,1570,690.047590337321,75,14
94,8681,7573.62761561518,97,3
55,9424,3404.75233096309,76,21
8,2039,121.849111473007,51,43
62,4606,2087.85682047368,67,5
5,7303,394.517632084478,67,62
73,4282,2617.54462440258,83,10
55,4433,1601.57757673593,90,35
16,9410,758.37893561861,80,64
5,8977,484.949306205992,72,67
49,4188,1223.89375218452,81,32
60,2520,1073.35913587646,77,17
30,6154,862.222912118342,64,34
10,9188,590.166147105619,76,66
56,5629,2103.77229871903,86,30
91,1283,1075.01200426607,92,1
84,1620,1230.04087901823,88,4
22,7766,791.457107746024,87,65
43,6152,1436.43465385274,73,30
88,6731,5421.34546239152,92,4
45,6502,1637.93324761154,58,13
98,3934,3688.6821120273,98,0
43,9726,2270.93033864951,67,24
55,4089,1477.29544580943,71,16
92,4772,4050.46339685181,94,2
20,8066,759.707699212937,88,68
85,6709,5174.25639107018,87,2
18,7125,620.52815811763,61,43
52,9276,3019.46154141014,87,35
93,4955,4262.06403816102,95,2
46,7803,2040.90640091705,88,42
5,3040,164.224784545641,89,84
33,3692,582.91398959511,77,44
6,4873,271.898894700013,85,79
83,6455,4822.10804320286,93,10
97,6686,6159.15553638212,99,2
13,6498,466.902083925109,67,54
0,4244,274.29894289212,67,67
39,2002,400.489415888507,82,43
61,2858,1256.15032686883,87,26
97,4489,4135.27508268312,98,1
25,2625,301.306619326021,40,15
21,1617,158.41213934947,66,45
78,6871,4684.06531061773,80,2
12,1190,82.3382934411184,70,58
77,9788,6537.89045191745,93,16
76,3358,2196.1335857685,82,6
64,2476,1191.737790409,84,20
85,3378,2605.25236086378,89,4
0,5614,362.845020121669,76,76
60,8369,3564.65976513893,87,27
42,2384,535.704183988192,62,20
47,6663,1808.95063002591,80,33
14,8393,626.460456752001,79,65
27,3645,453.1051109113,83,56
86,3084,2414.48693474395,88,2
34,2789,458.188285708521,34,0
5,3989,215.491008405448,62,57
36,6682,1188.17088622039,68,32
8,6840,408.753272425388,83,75
88,7425,5980.3134836216,89,1
92,4811,4083.56651346481,98,6
24,4618,509.422685645783,68,44
45,8939,2251.84332519218,84,39
21,3142,307.811343126799,85,64
92,3716,3154.13285471528,96,4
19,4180,378.557851480342,63,44
82,8200,6022.86548895064,88,6
83,2370,1770.47189192731,89,6
48,1055,297.21392139422,66,18
88,5228,4210.78503600993,97,9
78,6891,4697.69961511669,88,10
10,2671,171.564407805737,49,39
92,2070,1757.01157407444,95,3
39,8312,1662.77124119145,48,9
21,2624,257.064597188008,48,27
27,8764,1089.44120494558,89,62
2,1952,96.7819024321162,86,84
61,6286,2762.82748589834,91,30
50,2396,726.095237602979,75,25
82,3873,2844.70219984218,91,9
24,7368,812.781799012154,71,47
37,7679,1420.33297260815,67,30
40,8868,1844.43483299432,76,36
17,9557,800.594074950583,81,64
8,6586,393.574422835322,68,60
3,7692,391.538372098906,86,83
3,7934,403.856662016735,82,79
15,9276,719.371716304583,76,61
29,5770,776.824088768102,86,57
86,6405,5014.52296272212,92,6
3,8086,411.593769733718,66,63
73,2683,1640.0915990827,92,19
10,7283,467.803662317177,82,72
39,9765,1953.4361369387,73,34
74,5500,3441.04838907284,91,17
27,9085,1129.34428878715,78,51
77,2150,1436.09158884578,80,3
59,7183,2963.36958326569,83,24
62,9595,4349.32396709618,82,20
30,2273,318.464848756092,76,46
45,5127,1291.55394655558,83,38
16,7834,631.364567655281,78,62
66,6927,3531.80961813498,80,14
17,9612,805.201449034739,63,46
43,3380,789.198493176572,90,47
43,3777,881.894292523051,74,31
94,7169,6254.50252002595,96,2
44,1080,261.964388500036,89,45
30,7016,982.995767211942,86,56
44,6117,1483.73718930992,82,38
84,3334,2531.45450039925,90,6
77,5347,3571.52638398065,80,3
54,4387,1531.47367711684,59,5
7,1793,103.475056776243,80,73
69,4755,2630.83556265521,70,1
78,6179,4212.31837495371,84,6
87,1838,1459.91446852741,91,4
45,3917,986.74016162633,92,47
99,9164,8727.61904761905,99,0
34,6578,1080.66064660834,80,46
22,2548,259.674569989295,84,62
26,5431,648.724281262085,83,57
73,7882,4818.18933431601,87,14
3,5264,267.948256724992,37,34
15,1119,86.7806113135865,73,58
99,3751,3572.38095238095,99,0
11,6108,407.101397730305,70,59
37,6258,1157.50016181557,82,45
36,7432,1321.53337719095,91,55
32,1680,254.907711649321,86,54
40,9028,1877.71286335958,70,30
39,9528,1906.02555174111,73,34
21,2897,283.809503831425,78,57
12,4427,306.312289969606,86,74
42,1027,230.775250400953,82,40
69,5121,2833.33520848735,82,13
9,8063,499.350765610748,88,79
66,1531,780.597737168278,78,12
15,8918,691.608124838753,75,60
50,2659,805.796008675426,86,36
72,9450,5640.21796874246,89,17
41,1447,312.85311255127,80,39
10,1522,97.7615232797945,84,74
22,5290,539.12028070776,51,29
91,8763,7342.42415696303,96,5
20,7243,682.192271931478,75,55
14,6855,511.662865606454,89,75
77,6526,4359.0389343291,81,4
62,1693,767.421102271373,72,10
32,1797,272.660212996327,36,4
77,2863,1912.33963668162,82,5
49,9600,2805.48711102468,68,19
78,4154,2831.845044434,81,3
46,3226,843.773426804869,49,3
20,5911,556.735954630259,78,58
60,6822,2905.73651783699,87,27
6,3806,212.363470804074,35,29
96,6144,5551.72606416746,96,0
92,6137,5209.0724783067,96,4
30,5190,727.159069531069,77,47
29,4389,590.89790738357,50,21
59,8800,3630.46809588446,88,29
11,3832,255.404806172647,72,61
88,6525,5255.42700075838,88,0
60,2899,1234.78894242296,88,28
21,7127,698.208606767886,85,64
43,4923,1149.47461003203,68,25
85,1362,1050.43034798593,90,5
8,1308,78.1650994638022,72,64
15,5679,440.417418811312,76,61
19,5718,517.845405446075,24,5
29,9473,1275.36474746971,79,50
7,2971,171.458111367661,25,18
85,5663,4367.53822367423,92,7
48,3152,887.979412544627,63,15
91,8121,6804.49921016738,91,0
44,4721,1145.12396121173,75,31
17,5279,442.224141641114,78,61
66,5006,2552.36595183828,94,28
12,2574,178.099804468436,76,64
0,3570,230.736858182109,77,77
9,5764,356.971079372485,80,71
35,4914,839.91588479774,90,55
89,3754,3064.58577630129,94,5
56,5223,1952.03459161654,80,24
16,4923,396.758714139258,63,47
59,2222,916.693194210826,79,20
15,2289,177.516371132082,77,62
39,6532,1306.69174055131,45,6
19,5557,503.264588678531,59,40
85,1276,984.103615293717,87,2
34,4395,722.02851046574,60,26
12,5726,396.192494322558,89,77
8,4269,255.11223976374,72,64
21,4565,447.217944421973,77,56
82,1852,1360.28620555324,92,10
3,1721,87.6023840850517,41,38
31,6058,883.293961352559,51,20
39,1752,350.478250068264,84,45
50,5905,1789.47928966844,64,14
43,9353,2183.83831558594,65,22
96,7542,6814.96060806494,98,2
67,2795,1465.34794861344,82,15
91,5415,4537.17069610348,91,0
53,2479,835.842068180076,86,33
36,4622,821.868577687912,75,39
66,9897,5046.0978476515,83,17
47,3685,1000.44770698566,53,6
27,3741,465.03874346205,57,30
12,3854,266.665363800059,81,69
68,7123,3837.54753386095,81,13
27,5400,671.266830979704,82,55
91,2857,2393.84980217316,98,7
42,6849,1539.02598831171,87,45
62,4615,2091.93643649285,90,28
97,1810,1667.37533964278,98,1
97,8607,7928.78428083172,97,0
65,5336,2644.17136892333,78,13
83,3466,2589.2217626245,91,8
58,6130,2448.23944379933,79,21
55,7904,2855.59872919485,80,25
56,6278,2346.32838716611,65,9
78,1715,1169.14161078583,88,10
35,3918,669.676523532264,44,9
12,5233,362.080915611237,90,78
99,9763,9298.09523809524,99,0
63,1313,613.470859638884,67,4
56,2447,914.537362758121,66,10
18,7664,667.470568956284,69,51
29,1677,225.777122506778,79,50
73,9771,5972.91651682336,87,14
99,1675,1595.2380952381,99,0
61,9258,4069.08317919931,81,20
99,3971,3781.90476190476,99,0
52,9758,3176.35896087539,80,28
0,9503,614.199541541898,57,57
72,8753,5224.21459051881,94,22
77,6049,4040.4269864782,78,1
74,4758,2976.81967912883,95,21
36,9982,1774.96584649086,55,19
97,6599,6079.01097585785,97,0
79,6319,4393.42019130331,87,8
48,8617,2427.57569730236,71,23
25,5357,614.89507037314,45,20
80,5716,4050.35525680826,81,1
31,2851,415.693477024785,82,51
1,9693,469.458928484111,72,71
36,5805,1032.22568011214,72,36
49,5442,1590.36050606211,65,16
6,1365,76.16293684907,88,82
83,3521,2630.30866307007,86,3
39,2696,539.320412205502,53,14
32,9313,1413.06876106555,40,8
18,3598,313.355833390489,85,67
37,2965,548.416104151993,82,45
27,3246,403.505950622244,69,42
60,1592,678.090374728304,60,0
10,7583,487.073344961026,83,73
67,4491,2354.51793818353,87,20
94,1970,1718.70134808915,95,1
71,1709,995.234946278956,87,16
53,5911,1993.0062384076,79,26
94,1963,1712.59428746142,95,1
56,9028,3374.10842295885,90,34
41,2391,516.953553635166,60,19
47,7200,1954.74178841161,60,13
9,7799,483.000945181473,83,74
15,2594,201.169710230066,91,76
97,1157,1065.83053478823,97,0
76,1197,782.838565266495,94,18
75,3718,2379.11348863908,92,17
38,4943,950.885084888907,78,40
86,9444,7393.77905697856,90,4
52,5832,1898.39367286588,88,36
14,1871,139.652986367567,61,47
6,6791,378.91758545204,83,77
43,8407,1962.95613376788,59,16
43,9642,2251.31712165932,88,45
12,6916,478.530787763676,82,70
76,1872,1224.2888840258,90,14
62,8348,3784.07050310775,73,11
3,9153,465.906229825961,67,64
60,9366,3989.31812167418,60,0
5,5368,289.98639586875,83,78
74,5448,3408.51484066706,74,0
91,2502,2096.39909171762,93,2
16,2019,162.717010734747,30,14
0,4149,268.158886441896,79,79
70,7807,4432.94074991236,91,21
65,7094,3515.32078169829,86,21
21,8031,786.770495433267,78,57
85,9569,7380.00587362506,90,5
13,7712,554.131866917581,65,52
78,9404,6410.84997541102,78,0
70,2884,1637.58180129976,84,14
82,3011,2211.56682771102,95,13
95,8730,7738.7466244055,97,2
24,5835,643.67288236101,89,65
33,4734,747.430884816698,80,47
30,6517,913.082014669359,85,55
73,5472,3344.97995906841,93,20
45,2706,681.674464478134,63,18
42,2599,584.016432124711,71,29
92,9631,8174.77220768646,97,5
24,5119,564.689200480893,75,51
83,4722,3527.49716189062,93,10
10,4462,286.604413189516,63,53
29,6434,866.219443177465,78,49
43,6231,1454.88041745066,52,9
24,6528,720.119378929335,82,58
0,6825,441.114581818737,88,88
10,2041,131.098074253653,73,63
19,7776,704.226280648597,84,65
23,2267,240.359445571955,42,19
74,7591,4749.27242208217,85,11
80,4154,2943.52269712763,81,1
67,8082,4237.18859416595,90,23
38,4060,781.022343647373,65,27
78,5000,3408.57612474001,95,17
5,8839,477.494365328591,61,56
63,4442,2075.42845279202,79,16
90,7151,5914.83685939549,92,2
85,5785,4461.62963516783,89,4
75,3185,2038.05176474327,81,6
96,5993,5415.28227580657,99,3
16,1489,120.002788005963,78,62
96,4694,4241.50425540398,97,1
78,4533,3090.2151146893,78,0
25,3217,369.258435951165,51,26
13,6699,481.34457682584,60,47
37,2935,542.867205964958,77,40
59,4116,1698.06894121141,92,33
33,2887,455.816004323153,77,44
17,1862,155.980555358165,69,52
9,5243,324.704956479865,64,55
58,7200,2875.58303350003,87,29
29,6253,841.851131207443,41,12
88,3369,2713.49173418467,90,2
48,5593,1575.65636242452,92,44
76,7753,5070.46566124573,78,2
60,3592,1529.96270478899,79,19
29,7310,984.156687850057,84,55
81,8940,6451.8239250872,89,8
2,2555,126.679180693677,72,70
76,2709,1771.68727928733,80,4
83,4365,3260.80582627119,88,5
7,2749,158.64636423753,74,67
53,4131,1392.84533426861,93,40
51,7108,2232.88348572629,75,24
56,6868,2566.83392211801,89,33
2,3973,196.984886456351,80,78
90,9453,7818.89985063146,93,3
42,7169,1610.93259018932,65,23
8,9785,584.744264719652,80,72
59,9467,3905.64107542479,64,5
36,1838,326.827011205189,62,26
61,4803,2111.01820152239,82,21
42,3486,783.33254420421,63,21
86,8287,6487.95500266638,97,11
16,1727,139.183891797379,72,56
56,4967,1856.3576137391,62,6
58,9008,3597.67388413448,84,26
13,9137,656.522674795895,71,58
69,1459,807.232194724281,82,13
56,3530,1319.29582776304,83,27
19,5687,515.037918987728,75,56
34,1650,271.068724065636,49,15
4,6356,332.96426931146,88,84
21,2028,198.676449351098,64,43
2,5455,270.463769347948,80,78
52,8538,2779.23271243637,89,37
50,2848,863.071467735093,76,26
94,4300,3751.48009989002,95,1
83,8054,6016.61629433863,83,0
70,3997,2269.56118578195,87,17
60,3970,1690.96657517046,74,14
90,7916,6547.59454327712,91,1
82,5693,4181.48454007268,92,10
24,6993,771.414647189467,86,62
38,9829,1890.80507776109,73,35
86,3356,2627.43779280178,87,1
5,5845,315.754561075418,81,76
98,9929,9309.84359184521,98,0
7,7497,432.656163218902,64,57
76,8917,5831.72221092844,77,1
60,4143,1764.65353172071,76,16
22,1676,170.806349804576,79,57
68,6006,3235.75887805263,93,25
35,3509,599.768994659192,75,40
30,8153,1142.29824545025,83,53
49,6477,1892.82708521946,75,26
72,7567,4516.35231423008,79,7
43,9642,2251.31712165932,74,31
14,2331,173.987766554142,15,1
97,4906,4519.41625209253,99,2
51,4777,1500.63089635826,69,18
46,2166,566.526113595582,89,43
44,1647,399.495692462554,73,29
6,2561,142.896176754922,82,76
74,5348,3345.9503245021,85,11
54,3888,1357.27596458406,92,38
74,1070,669.44032296508,78,4
21,9404,921.278762178364,62,41
10,7046,452.580613028536,89,79
66,2568,1309.32396410721,68,2
9,3270,202.514821226236,88,79
40,9948,2069.0615379598,66,26
0,7913,511.434386217094,27,27
56,5719,2137.40873625406,70,14
37,9909,1832.80107117777,63,26
0,7304,472.073392762499,74,74
4,5414,283.616827258062,73,69
85,9296,7169.45705938119,90,5
44,9121,2212.38628473039,65,21
32,3833,581.584082590386,50,18
89,6259,5109.54778206441,91,2
72,3639,2171.93155431257,85,13
6,5734,319.940131789427,56,50
32,3555,539.402925543653,66,34
59,7329,3023.60234940196,71,12
30,9174,1285.34822810752,77,47
49,5280,1543.01791106357,59,10
92,9587,8137.42510176411,92,0
66,6572,3350.80883649244,94,28
18,1692,147.359107864566,37,19
90,8358,6913.18787174206,92,2
69,3879,2146.16427918813,84,15
23,2465,261.352462873785,82,59
59,1970,812.729789646862,66,7
20,6297,593.091914448781,76,56
9,6700,414.938624530821,81,72
17,3503,293.447843941811,23,6
90,8826,7300.28669011671,96,6
67,9900,5190.32010421219,82,15
68,8659,4665.07427989639,92,24
42,3066,688.955129239847,70,28
14,1016,75.8350797164343,78,64
64,2501,1203.77068409245,93,29
64,3193,1536.84118125038,79,15
10,8796,564.987095117656,77,67
38,7170,1379.29315368268,77,39
11,5261,350.648404299138,28,17
89,1499,1223.71179506543,96,7
47,7275,1975.10368204089,72,25
79,7275,5058.09968218572,89,10
34,7795,1280.59436611614,74,40
37,5400,998.801673666362,70,33
70,1807,1026.04379852589,75,5
42,1078,242.235365075198,86,44
49,8182,2391.09328566707,78,29
55,4604,1663.35735693485,69,14
58,9140,3650.39290641532,80,22
78,8447,5758.44850513578,78,0
73,6159,3764.93632454355,86,13
49,7626,2228.60882382023,89,40
22,5574,568.063600125719,91,69
45,3303,832.066059191159,56,11
73,2426,1482.99001840277,91,18
20,2817,265.323157535686,72,52
24,3612,398.448406356121,76,52
36,2994,532.383063954481,73,37
70,2576,1462.69442446192,87,17
18,7946,692.030420267044,88,70
87,5162,4100.151516071,95,8
89,3329,2717.63613460496,91,2
30,5272,738.647902614218,81,51
86,6074,4755.38055824733,88,2
89,9091,7421.45692390918,90,1
33,2380,375.767956456219,69,36
32,7260,1101.56546819885,85,53
68,2115,1139.46553897458,83,15
18,2102,183.066693103615,76,58
1,8876,429.889347903123,75,74
53,8884,2995.4098159386,71,18
85,7229,5575.3017515347,88,3
20,4965,467.635597147562,91,71
52,2813,915.668964638499,87,35
67,2234,1171.22980937475,75,8
69,5734,3172.49445137014,69,0
27,2816,350.053221488675,53,26
66,6236,3179.49542062794,83,17
77,1228,820.242079582614,82,5
40,5158,1072.80050389994,89,49
67,5938,3113.14351301131,84,17
0,4675,302.15540952419,73,73
38,5054,972.238158816212,77,39
47,3053,828.864816669533,53,6
8,4183,249.972944233245,86,78
61,6736,2960.61182707783,68,7
36,1700,302.288312866606,77,41
55,1019,368.149684343313,93,38
86,1998,1564.2493176454,91,5
40,1457,303.038064013614,73,33
87,5750,4567.19705877727,90,3
42,8687,1952.03953284623,82,40
18,6036,525.685328055862,64,46
81,5150,3716.6547219462,83,2
90,5581,4616.23612254037,90,0
40,5784,1203.00079770401,74,34
15,4934,382.641229867056,51,36
0,2327,150.399066943912,74,74
68,1325,713.849569333954,89,21
13,1544,110.941338501134,78,65
64,8866,4267.34541589911,64,0
52,2700,878.885959660131,86,34
23,7737,820.318054869968,85,62
1,4737,229.426074923061,80,79
97,6199,5710.53023781525,98,1
45,4069,1025.0308189067,66,21
29,5309,714.758940601361,43,14
84,4447,3376.53814135437,85,1
13,8213,590.130319371641,77,64
61,3902,1715.00999840524,74,13
96,3504,3166.21877097051,98,2
43,7386,1724.56215106573,83,40
47,1383,375.473318524063,55,8
36,7084,1259.65318138061,49,13
48,6203,1747.50517005531,89,41
9,6838,423.485121573396,75,66
96,3086,2788.51344954765,96,0
69,9222,5102.32714170481,86,17
98,1463,1371.76968223079,98,0
54,5387,1880.56728940698,92,38
61,9569,4205.77413499224,81,20
51,2696,846.912475734114,76,25
26,8292,990.466164652036,90,64
82,8996,6607.52413885366,87,5
44,4324,1048.82779247607,89,45
72,8589,5126.33144270148,83,11
60,9162,3902.42714400799,64,4
81,4754,3430.86923264704,81,0
44,8398,2037.01568020676,72,28
49,2403,702.248492478364,66,17
24,8688,958.394173428012,58,34
18,2998,261.100830601636,84,66
88,6898,5555.85217643392,91,3
27,8532,1060.60159294793,84,57
0,7956,514.213569662985,78,78
89,6340,5175.67230201124,92,3
47,5915,1605.87467756315,79,32
49,9611,2808.70173167273,69,20
47,3859,1047.68730020561,68,21
62,4604,2086.95023913609,74,12
50,5759,1745.23475515674,76,26
14,1124,83.8962889776301,55,41
23,9227,978.295811333229,84,61
99,9524,9070.47619047619,99,0
80,3917,2775.58459428236,81,1
67,4873,2554.79089574,78,11
57,2466,952.968262055284,69,12
55,2650,957.405950451207,79,24
68,3634,1957.83346034686,84,16
5,9811,530.003079334632,80,75
20,6227,586.498864740759,84,64
9,4211,260.79202207452,44,35
67,4996,2619.27669097415,83,16
41,9236,1996.89795958779,64,23
63,7376,3446.27651233542,85,22
44,8331,2020.764185735,78,34
90,6514,5387.95235660778,90,0
6,8764,489.005112487362,70,64
31,5767,840.864357068373,77,46
88,1030,829.592308165691,88,0
72,9323,5564.41821403026,78,6
12,1228,84.9675834837759,78,66
90,1815,1501.24862254269,94,4
42,5798,1302.85774276994,81,39
91,5611,4701.39700384795,95,4
62,3104,1407.01423594232,77,15
80,2277,1613.4812665767,90,10
49,9415,2751.42303648931,75,26
34,4458,732.378407202791,58,24
64,2271,1093.0680622047,72,8
14,6173,460.757821938532,85,71
71,7177,4179.52089493509,90,19
24,6172,680.848162798998,86,62
63,2411,1126.48761811832,67,4
34,9961,1636.43367298049,80,46
29,4224,568.683700339075,80,51
1,3186,154.306834432103,85,84
76,2463,1610.80316311728,86,10
1,2735,132.463651026931,74,73
92,3955,3356.99554370262,93,1
81,4977,3591.80399050995,89,8
91,2202,1845.03229414956,92,1
98,8877,8323.44461323497,98,0
9,3200,198.179641566959,64,55
62,4161,1886.14247285953,94,32
58,7386,2949.86892853212,82,24
68,3790,2041.87914549108,89,21
14,9947,742.452301121429,81,67
80,4711,3338.21266879351,92,12
97,8401,7739.01670073978,99,2
30,4686,656.544778385855,71,41
77,4994,3335.74018357946,81,4
86,5290,4141.58102619828,91,5
47,3551,964.067790368002,76,29
44,6829,1656.43963802476,80,36
96,9567,8644.7531340967,98,2
63,4722,2206.25239848805,89,26
52,7767,2528.26194395564,61,9
25,4597,527.65963011113,81,56
79,6324,4396.8965484732,80,1
84,2813,2135.86727943104,86,2
77,3680,2458.05444044301,83,6
24,9664,1066.05908057186,63,39
90,1804,1492.15014604244,91,1
80,5583,3956.1115113297,83,3
33,5619,887.159725767855,85,52
64,9360,4505.11539508411,88,24
30,6545,917.005030844093,80,50
10,5291,339.852969562019,80,70
2,1936,95.9886081498857,67,65
92,9815,8330.95101427086,92,0
86,4926,3856.60267203265,87,1
82,3690,2710.28947002779,91,9
52,1219,396.800735120629,93,41
50,7112,2155.2543112823,88,38
33,3465,547.073936605378,60,27
71,8516,4959.28660182071,88,17
88,9809,7900.45723378375,95,7
94,9825,8571.69580963243,96,2
59,4583,1890.73128220892,91,32
52,1897,617.49876499084,73,21
36,4156,739.006016631537,76,40
17,1980,165.865467029628,86,69
8,1054,62.9862498737366,75,67
0,4340,280.503631515504,82,82
93,2234,1921.58447250287,93,0
23,1779,188.619079696739,86,63
36,7758,1379.50160659949,84,48
99,7956,7577.14285714286,99,0
69,1714,948.318013541753,91,22
14,1455,108.602402546665,72,58
1,7034,340.676168674016,59,58
53,3515,1185.14920115085,81,28
4,5183,271.515702932866,70,66
64,2717,1307.73488551747,90,26
56,1229,459.324241450646,71,15
10,1708,109.708726518981,76,66
21,9336,914.61702719026,84,63
45,5791,1458.82365993824,54,9
50,6382,1934.03163872379,78,28
98,4656,4365.65935780354,98,0
16,4707,379.350653555451,78,62
28,7610,984.476367900189,89,61
36,7173,1275.47886364245,85,49
55,3902,1409.73510138136,86,31
30,4292,601.342336498525,74,44
14,6216,463.967377477712,78,64
30,7740,1084.43375687292,86,56
66,3194,1628.49717342618,79,13
65,6437,3189.75470422779,65,0
23,2102,222.865264487097,58,35
95,4499,3988.15819738836,95,0
44,4474,1085.2117353233,88,44
33,4676,738.273514449278,66,33
46,7568,1979.44119468669,90,44
58,2594,1036.00866512487,67,9
2,3097,153.552024504234,54,52
66,3772,1923.19703762165,78,12
4,2044,107.07661524113,87,83
38,7008,1348.12920795093,68,30
4,2540,133.059981757569,62,58
31,7127,1039.16078946182,88,57
38,3031,583.073577240194,48,10
35,5400,922.984488788726,38,3
69,5945,3289.23605047008,81,12
36,6629,1178.74660352513,83,47
34,1050,172.498278950859,45,11
12,8712,602.79933820086,51,39
25,9539,1094.91955876225,84,59
75,5541,3545.63416905572,81,6
60,5025,2140.32922927747,85,25
27,3477,432.221253947487,83,56
80,2793,1979.11865504994,81,1
72,6068,3621.67646924119,81,9
24,4450,490.890201629219,60,36
64,1111,534.741795292569,90,26
13,9365,672.905204056425,24,11
85,9625,7423.19537398278,85,0
58,1503,600.277958243131,83,25
37,3134,579.674897272292,45,8
89,9165,7481.86697916925,91,2
40,6729,1399.5491645488,86,46
29,5536,745.320304232273,78,49
70,1044,592.800069541245,80,10
30,3806,533.249984322784,32,2
4,6670,349.413416662593,53,49
57,3327,1285.69562362447,78,21
40,8299,1726.08983750788,79,39
90,4635,3833.76714351812,98,8
73,3290,2011.14474878199,86,13
47,3941,1069.9496372403,79,32
67,9917,5199.23277509821,74,7
65,9690,4801.72799191661,77,12
51,5892,1850.89328895601,85,34
69,6235,3449.6865895174,91,22
5,3529,190.641205480778,79,74
62,6255,2835.33313331804,76,14
12,1277,88.3579838019396,85,73
34,8080,1327.41532754566,73,39
60,4738,2018.08554991376,64,4
72,2687,1603.73181820222,83,11
21,4454,436.343641720803,83,62
99,4638,4417.14285714286,99,0
98,6200,5813.37801082086,98,0
70,8686,4932.05115329048,89,19
50,5109,1548.2556631526,86,36
27,4632,575.797770573701,82,55
35,3577,611.391762295791,72,37
15,1265,98.1031933080312,40,25
25,4432,508.720356896352,84,59
60,9948,4237.21296972184,88,28
47,7400,2009.04017142304,80,33
68,4998,2692.69445096687,90,22
72,4185,2497.8108147288,83,11
40,4207,875.004210916453,69,29
95,2611,2314.5323523852,95,0
80,5313,3764.7896220123,84,4
28,1828,236.481314128981,65,37
46,6872,1797.39956261719,88,42
37,4751,878.760509553497,91,54
20,4454,419.506334279001,86,66
66,1123,572.574303618534,77,11
50,9604,2910.4418455505,75,25
56,6270,2343.33848160744,74,18
81,6492,4685.14999123782,93,12
57,7303,2822.19270794393,83,26
33,2405,379.715098855969,89,56
38,7873,1514.52928855561,78,40
49,5103,1491.29174245405,74,25
41,4079,881.912816929253,44,3
58,2444,976.100685260288,63,5
66,3793,1933.90412611318,82,16
26,1404,167.705558993181,90,64
53,8893,2998.44433736402,91,38
45,6155,1550.51970763596,62,17
59,7470,3081.77234957465,72,13
53,2980,1004.76376086189,70,17
60,3986,1697.78155381094,66,6
7,6195,357.51699761786,71,64
37,5234,968.097770364766,69,32
95,6324,5605.93741726694,95,0
72,6379,3807.29634101674,81,9
94,5479,4780.08359704591,98,4
46,3374,882.483429026543,89,43
38,2721,523.438866272045,83,45
95,8882,7873.48768819813,97,2
51,7043,2212.46460185288,90,39
84,6117,4644.54324503366,93,9
39,6146,1229.47450052486,68,29
43,2550,595.401230059248,84,41
61,6329,2781.72687849994,75,14
78,2710,1847.44825960909,87,9
1,1025,49.6435986481186,47,46
44,4353,1055.86202142653,76,32
68,7809,4207.13304673876,83,15
53,8989,3030.81256590186,60,7
44,1082,262.449507737999,62,18
16,2314,186.491908291335,54,38
75,8007,5123.60454640482,91,16
24,7885,869.813312325032,57,33
87,2232,1772.86675394624,94,7
38,6477,1245.98071916356,83,45
21,1313,128.630265285006,60,39
77,5974,3990.33076826265,80,3
24,4868,537.000786860907,86,62
99,4975,4738.09523809524,99,0
32,3454,524.078116688545,79,47
19,9868,893.686334547371,37,18
39,1629,325.872756484705,81,42
69,5390,2982.16691539676,81,12
3,6190,315.083531369245,75,72
91,3263,2734.03286821526,99,8
2,5165,256.085310482521,72,70
25,6773,777.428469598148,64,39
71,2839,1653.28965037212,88,17
65,7800,3865.16804302885,90,25
44,4371,1060.2280945682,76,32
4,7865,412.014471072158,72,68
78,1766,1203.90908725817,91,13
36,6542,1163.27655457255,48,12
64,4164,2004.19877191562,77,13
98,7021,6583.1817764473,98,0
97,6398,5893.84940499144,97,0
19,4814,435.975477757503,71,52
43,4054,946.571210454977,58,15
25,8372,960.967244570455,71,46
70,5538,3144.56588612971,85,15
76,4614,3017.55817889692,81,5
75,5675,3631.37951802765,83,8
27,5600,696.128565460433,85,58
65,4707,2332.48025365857,83,18
3,7501,381.816085428224,75,72
20,8210,773.270544326582,62,42
71,2304,1341.73277719527,76,5
19,9072,821.597327423363,83,64
80,5419,3839.90117855913,84,4
23,1047,111.008530883916,61,38
92,8891,7546.6617899014,93,1
29,4592,618.228113626192,75,46
35,3005,513.623775705578,87,52
68,7497,4039.04167645031,71,3
36,1790,318.291811783073,65,29
1,7032,340.579303115678,80,79
1,7775,376.564858038168,78,77
90,8607,7119.14429433883,93,3
70,1365,775.069056440421,77,7
71,1266,737.254208302609,83,12
58,2938,1173.39763228098,85,27
1,6819,330.263121152703,80,79
91,3720,3116.94828984394,96,5
77,2416,1613.76617611693,79,2
77,7386,4933.47556986742,86,9
27,1943,241.53175048029,59,32
45,8399,2115.81072695929,76,31
15,9488,735.812725775968,77,62
24,3204,353.440945173038,80,56
54,3499,1221.4785494032,78,24
70,2224,1262.82313664725,72,2
49,5272,1540.68000513772,78,29
53,8783,2961.35574216442,88,35
25,5617,644.73877362067,74,49
14,9055,675.872683890071,74,60
26,8601,1027.375721439,86,60
84,4457,3384.13098628658,85,1
94,4640,4048.10875895109,96,2
86,9187,7192.57181241657,89,3
71,8712,5073.42706376961,74,3
75,4938,3159.78009868203,82,7
79,3234,2248.50781748297,80,1
29,1323,178.117551029497,86,57
63,5642,2636.10250577501,86,23
22,5994,610.867100673405,74,52
80,1958,1387.43799734615,92,12
76,4325,2828.55204242071,90,14
56,9464,3537.05827590636,68,12
99,1333,1269.52380952381,99,0
81,5654,4080.38170832696,84,3
82,7830,5751.10204615653,86,4
32,6844,1038.4454634095,74,42
47,6473,1757.36716616505,75,28
20,7720,727.119196370428,67,47
94,8338,7274.38164485651,96,2
62,7952,3604.5673982646,82,20
1,6186,299.605171938792,87,86
23,4912,520.796469629221,76,53
56,1539,575.1830818491,66,10
16,5401,435.282107468237,67,51
71,9920,5776.90501292408,82,11
0,4172,269.645426424582,77,77
49,6076,1775.63955068604,74,25
45,2884,726.514839451197,63,18
59,1702,702.165533999472,67,8
20,8328,784.38454240582,81,61
42,2729,613.22848913749,73,31
73,3987,2437.21401622912,90,17
75,2567,1642.59933441004,77,2
82,5645,4146.22874208858,85,3
57,9486,3665.79762119076,86,29
89,7930,6473.6721380046,89,0
21,2157,211.314152490295,81,60
40,4806,999.588837096381,74,34
90,4858,4018.21807620518,93,3
52,8029,2613.54643337451,81,29
10,3792,243.568788618253,76,66
9,3335,206.540345195565,54,45
9,1860,115.191916660795,79,70
1,3567,172.759723295453,77,76
30,9580,1342.23196264116,76,46
70,7099,4030.92690964876,81,11
78,9144,6233.60401692454,82,4
31,8695,1267.78491151543,42,11
58,7918,3162.34256378517,94,36
95,6986,6192.77020825852,97,2
65,5233,2593.13132938077,86,21
25,2218,254.589745396234,72,47
16,1342,108.155635664206,74,58
45,1176,296.248769484954,69,24
47,6293,1708.49862145476,60,13
66,5136,2618.64792821442,69,3
91,2050,1717.67311671508,92,1
86,1164,911.3044072769,89,3
17,1554,130.17926048689,75,58
52,8839,2877.21222127255,67,15
15,8591,666.248643248455,77,62
35,1933,330.394262375668,82,47
16,7122,573.982442027178,71,55
16,3123,251.691542607537,27,11
32,5108,775.040828038531,85,53
97,8576,7900.22702363342,98,1
41,2579,557.600675376451,91,50
18,6123,533.262303460246,73,55
65,7864,3896.88224235627,65,0
30,4988,698.857309984773,67,37
10,6183,397.14815928973,65,55
69,1591,880.264853876855,91,22
43,4556,1063.78353103919,57,14
66,4877,2486.59383681887,82,16
45,6230,1569.4131240572,76,31
13,5696,409.275818719209,79,66
54,7718,2694.30449965529,83,29
97,8814,8119.47306276877,99,2
95,5807,5147.6405094986,96,1
67,9886,5182.98025760017,78,11
72,3628,2165.36622122727,87,15
75,4947,3165.53911465776,78,3
44,2265,549.397536993131,74,30
98,1573,1474.91025984213,98,0
68,2533,1364.66487480974,83,15
46,1026,268.354474861065,81,35
98,9867,9251.70981173701,98,0
92,3965,3365.48352232134,93,1
69,8018,4436.180765798,91,22
7,8545,493.136843364748,76,69
7,6013,347.013673394058,90,83
39,1125,225.050246191094,56,17
3,6864,349.39149585113,62,59
48,1643,462.864903176022,69,21
35,6365,1087.92523539634,64,29
72,1192,711.443367062541,86,14
93,2816,2422.19421422027,93,0
85,9823,7575.90110739043,85,0
93,4169,3585.98284058392,97,4
92,4322,3668.50435900954,97,5
71,9138,5321.50786371978,87,16
61,9332,4101.60771530438,74,13
26,2853,340.786296159221,85,59
70,2377,1349.69900890761,71,1
51,5341,1677.80398104448,80,29
50,5179,1569.46879613766,87,37
43,9667,2257.15438862069,85,42
16,6180,498.063955592243,45,29
39,5197,1039.63211507122,65,26
35,1385,236.72842906896,61,26
42,3864,868.272217672137,78,36
13,5283,379.600447734126,88,75
93,8496,7307.87004403957,93,0
1,1961,94.9766799502055,73,72
48,5955,1677.63876957591,72,24
55,7259,2622.56973370767,76,21
50,1959,593.664678824806,72,22
40,5870,1220.88773902533,68,28
84,4872,3699.23405097335,84,0
69,2398,1326.75997460509,88,19
51,1851,581.466985379765,82,31
96,2454,2217.43746117626,96,0
8,7530,449.987155170054,23,15
12,1239,85.7286937592821,87,75
30,5144,720.714114386863,65,35
20,5027,473.475155460381,42,22
48,7444,2097.11889180908,70,22
34,3332,547.394538537394,83,49
88,4905,3950.63133160458,92,4
10,2064,132.575416589682,73,63
78,5234,3568.09748737785,92,14
50,5140,1557.65005061741,63,13
36,4831,859.032258505042,90,54
12,5904,408.508642417112,57,45
37,2982,551.560479791313,45,8
70,4782,2715.29687025502,87,17
91,3113,2608.34946943123,93,2
69,7793,4311.69327860612,69,0
56,9385,3507.53295851449,62,6
98,8267,7751.48322829936,99,1
44,6676,1619.32801632059,88,44
63,3422,1598.85550775648,70,7
79,2950,2051.05073023339,84,5
18,6353,553.293387862639,42,24
17,1578,132.18975099634,91,74
95,7500,6648.40775292569,97,2
28,6502,841.138678592251,84,56
37,3436,635.533805688448,64,27
95,5128,4545.73799426706,96,1
42,2667,599.296585023703,64,22
30,4510,631.885819573241,83,53
55,6013,2172.40829436344,88,33
11,5980,398.570130718275,80,69
68,1620,872.78211495925,88,20
71,6689,3895.33443865415,79,8
36,7125,1266.94366422033,58,22
10,1598,102.643176216236,50,40
14,9968,744.019758477773,74,60
91,5171,4332.72570074812,94,3
74,9337,5841.64887432238,76,2
43,5277,1232.13031020496,69,26
92,7622,6469.53730318619,99,7
28,9252,1196.8955789504,54,26
62,3819,1731.11706413135,85,23
94,4581,3996.63496223167,94,0
67,1793,940.024641096208,89,22
59,3625,1495.50532358877,77,18
30,7565,1059.91490578083,55,25
16,9060,730.171430042997,78,62
52,9915,3227.46455186304,88,36
71,9334,5435.64832566868,81,10
2,4596,227.8737825707,77,75
68,3832,2064.50682995299,84,16
61,1792,787.621198652534,64,3
45,4585,1155.01752388479,81,36
4,5157,270.153671623537,68,64
29,3862,519.947076399031,48,19
72,2732,1630.58999900576,92,20
97,5902,5436.93328981862,98,1
8,1484,88.6827275262098,76,68
41,1331,287.77297360452,77,36
73,8932,5460.04404137409,90,17
43,5866,1369.65631981473,50,7
48,9983,2812.40433865261,78,30
76,6292,4114.97097130893,77,1
95,8704,7715.69881086203,99,4
48,8280,2332.63627407028,81,33
39,7940,1588.35462645092,70,31
98,1942,1820.90001564744,98,0
26,6376,761.603022892111,77,51
43,5243,1224.19162713751,73,30
40,6771,1408.28464751968,83,43
5,3763,203.282192185936,22,17
68,6457,3478.73710882215,85,17
74,8442,5281.69645464598,75,1
90,4109,3398.69453996029,93,3
23,6863,727.651907790176,66,43
83,7645,5711.0791619343,86,3
25,1897,217.744250232938,77,52
22,8080,823.457820060246,63,41
66,5002,2550.32650641132,88,22
77,8144,5439.78134863258,84,7
5,2201,118.900904863472,78,73
5,2082,112.472368889482,73,68
89,7419,6056.51621587088,91,2
13,7446,535.01891611363,46,33
97,3170,2920.20984898763,97,0
11,4589,305.85925248598,84,73
39,8790,1758.39259023975,58,19
93,4942,4250.88203362094,97,4
34,1357,222.933490034587,62,28
64,3995,1922.85641061549,87,23
70,2170,1232.16106408477,91,21
52,2142,697.249527997037,64,12
80,2852,2020.92603086375,96,16
25,2314,265.608958903014,91,66
34,9365,1538.52036416647,84,50
34,2009,330.046707059311,58,24
25,5124,588.150520924392,80,55
9,8530,528.272607051926,38,29
86,7201,5637.71738556783,89,3
97,6419,5913.19464373868,98,1
68,6241,3362.36616016091,81,13
92,8093,6869.32109612777,92,0
78,6125,4175.50575280652,84,6
29,1703,229.277543010759,71,42
13,7520,540.336052803451,83,70
59,4209,1736.43638813383,63,4
5,2932,158.390482989414,46,41
15,5594,433.825504636464,67,52
15,5799,449.723650587567,81,66
98,6223,5834.94376795778,99,1
73,4983,3046.0590526385,86,13
47,4251,1154.11213090802,80,33
42,5414,1216.56982051681,61,19
43,2795,652.606446280627,88,45
86,5495,4302.07707730805,90,4
8,3535,211.248950003472,38,30
7,2171,125.289653241061,50,43
89,6849,5591.19551994874,90,1
80,7438,5270.56375089921,87,7
12,9584,663.134625495528,89,77
20,2574,242.43585640641,63,43
92,4777,4054.70738616117,97,5
36,2323,413.068088699485,82,46
7,1860,107.341665144345,83,76
45,2792,703.338915307816,85,40
78,3085,2103.09146896459,86,8
28,1413,182.794363711297,49,21
95,7482,6632.45157431867,98,3
16,5779,465.746213489899,86,70
29,4249,572.049489285211,81,52
78,1473,1004.16652634841,84,6
94,8527,7439.27228180517,95,1
15,3570,276.860395343614,44,29
33,7065,1115.46244216941,88,55
57,2815,1087.83684415475,76,19
88,2369,1908.06230878109,88,0
72,3179,1897.38126165421,88,16
57,8300,3207.47630780976,63,6
66,9595,4892.11971791615,93,27
23,2569,272.37909822424,86,63
24,1450,159.952987047723,85,61
18,3014,262.494297342672,84,66
94,5212,4547.14285595972,98,4
79,3356,2333.33093242822,84,5
97,7133,6570.93276114473,97,0
80,8315,5892.00559138571,84,4
47,2672,725.426397032752,65,18
33,3763,594.1238740104,92,59
62,6228,2823.09428526055,65,3
96,3024,2732.49017220742,99,3
76,5108,3340.6344121815,83,7
32,8986,1363.45279576238,88,56
99,1522,1449.52380952381,99,0
51,1643,516.126556984848,64,13
61,4031,1771.70817621003,71,10
90,2498,2066.18129978603,94,4
32,3825,580.370236344437,83,51
28,1138,147.218673675482,52,24
16,3557,286.668849521296,80,64
63,2341,1093.78163169431,88,25
76,4168,2725.87396827966,89,13
32,2943,446.543687728543,81,49
90,5682,4699.7766794973,93,3
48,4260,1200.12445984775,71,23
43,2709,632.526247933531,54,11
26,7447,889.53226340614,78,52
79,9862,6856.7668818853,91,12
42,1038,233.247039840496,50,8
28,7479,967.529402828583,56,28
65,8130,4028.69438331084,84,19
95,1771,1569.91068405752,98,3
12,5568,385.260183092561,55,43
79,6132,4263.40443314953,84,5
77,4419,2951.66917726024,83,6
37,6807,1259.04499863832,74,37
38,2281,438.796050704349,55,17
73,6416,3922.03790522348,75,2
65,7774,3852.28414955209,66,1
6,3569,199.139576274235,58,52
60,6285,2677.0087972157,82,22
22,8165,832.120433266325,50,28
69,8074,4467.16431816576,84,15
46,7542,1972.64078889099,92,46
48,9175,2584.77509838101,88,40
16,1679,135.315433889867,67,51
62,2598,1177.64915753162,82,20
3,9363,476.595654961266,66,63
30,5526,774.235263627878,67,37
69,7123,3940.99720563472,77,8
35,9954,1701.36807433388,87,52
3,9753,496.447444498262,67,64
91,9489,7950.73180707773,91,0
67,7600,3984.48816080936,92,25
56,3162,1181.76017206423,72,16
47,2547,691.489907650606,74,27
11,5508,367.111083611414,55,44
68,4733,2549.92453710008,86,18
37,8297,1534.64027526107,71,34
44,1772,429.815644835244,67,23
70,7234,4107.58209105495,77,7
32,3293,499.649460988818,79,47
80,1089,771.664953580161,89,9
53,3462,1167.27924164559,66,13
7,1691,97.5885783651011,86,79
46,4334,1133.57533532929,90,44
99,4260,4057.14285714286,99,0
28,5729,741.138648055215,76,48
90,7624,6306.07134890661,90,0
48,2356,663.730804554296,66,18
12,3995,276.421413695183,79,67
48,6283,1770.04271859705,57,9
51,6777,2128.90424630938,73,22
35,4214,720.269747362165,64,29
71,6324,3682.7769457391,75,4
30,4038,565.754975484866,75,45
99,9047,8616.19047619048,99,0
24,2722,300.270366030277,82,58
10,4596,295.211538103768,77,67
63,4285,2002.07359752675,67,4
5,7853,424.22935297267,88,83
58,8624,3444.30945568115,78,20
28,4726,611.384404033679,76,48
15,4274,331.456955097648,69,54
59,9125,3764.54788351656,62,3
9,9385,581.223730033098,56,47
24,1954,215.550439097414,87,63
51,3069,964.085455499999,67,16
70,5743,3260.96819863541,79,9
55,2102,759.421625603184,81,26
78,1278,871.232057483548,91,13
21,7575,742.09768433657,85,64
55,9141,3302.50860116018,77,22
47,7553,2050.57843442679,72,25
45,8900,2242.01874865314,80,35
40,1950,405.575995076559,74,34
48,9405,2649.57055043852,73,25
57,5623,2172.96858780895,66,9
38,1064,204.681717645518,85,47
0,5689,367.692433108688,66,66
17,5791,485.114605842715,78,61
92,8466,7185.92269860592,94,2
82,6240,4583.25373793317,82,0
84,2434,1848.09845650023,87,3
26,4488,536.084436439742,58,32
87,6039,4796.74835442712,87,0
44,4073,987.945328111709,67,23
14,8908,664.900482395666,86,72
68,2695,1451.94308630567,85,17
36,3219,572.391811245649,86,50
26,2586,308.893572333595,78,52
70,1704,967.558734193757,77,7
40,6474,1346.51230365418,87,47
30,7348,1029.51153042665,77,47
34,5940,975.84740663629,80,46
23,5207,552.073944902149,89,66
14,4134,308.565176720216,89,75
56,6510,2433.03564836754,67,11
17,4178,349.992889520094,78,61
7,6502,375.234143423943,86,79
74,5228,3270.87290510415,76,2
81,7925,5719.31818862596,92,11
84,2675,2031.08601936652,88,4
2,8535,423.172918677311,3,1
99,8363,7964.7619047619,99,0
7,5928,342.108274718107,78,71
80,5484,3885.96015191332,82,2
89,4777,3899.71397266683,91,2
65,6182,3063.39344128261,76,11
27,3971,493.62973811489,88,61
81,4200,3031.05821983962,85,4
1,3809,184.480455854326,88,87
7,9026,520.895628813366,61,54
75,5309,3397.17953501476,85,10
11,5946,396.304012918204,38,27
19,3087,279.571312803783,85,66
63,8451,3948.54701813268,74,11
27,8503,1056.99664144823,70,43
71,6734,3921.54015695874,75,4
40,3644,757.907141568708,61,21
2,5774,286.280074099917,57,55
75,9663,6183.26348593853,84,9
53,2169,731.319663526658,83,30
94,9450,8244.53184743272,96,2
42,7623,1712.95008160318,79,37
17,4819,403.689740209988,79,62
19,1796,162.653086425525,78,59
19,1689,152.962729940262,78,59
97,4617,4253.18891885675,98,1
47,1704,462.622223257414,63,16
56,4256,1590.62975721233,82,26
71,9585,5581.81799887876,76,5
5,5632,304.248021895082,22,17
72,8441,5037.99787028097,73,1
56,3842,1435.90214455116,82,26
0,7167,463.218785039544,74,74
25,1952,224.05734130453,74,49
42,5427,1219.49102621809,62,20
24,7707,850.177704259863,85,61
14,1828,136.443430828388,90,76
50,8932,2706.79576889391,60,10
85,5742,4428.46626882173,96,11
56,9300,3475.76521195363,82,26
76,4114,2690.55794277892,86,10
31,1118,163.011331923434,92,61
18,8721,759.52646553598,74,56
48,4994,1406.90646771823,84,36
46,6635,1735.4112482487,72,26
68,1097,591.013567969319,87,19
54,7952,2775.99240493118,62,8
44,8078,1959.39660213267,84,40
3,3879,197.44895285643,80,77
89,5252,4287.48121926862,90,1
43,9412,2197.61426561476,89,46
64,8115,3905.87728964824,78,14
41,1894,409.498130734005,86,45
93,6291,5411.23004320303,93,0
92,2168,1840.19376453787,92,0
95,1278,1132.88868109854,96,1
83,1808,1350.63847282894,86,3
53,3423,1154.1296488021,81,28
97,1188,1094.38779198653,98,1
10,5353,343.835370641748,71,61
39,1806,361.280661885437,61,22
32,7061,1071.37104283087,63,31
78,2027,1381.8367609696,84,6
84,8661,6576.16299578821,85,1
44,9527,2310.86549003689,70,26
0,9092,587.635718373034,79,79
57,4070,1572.82271961274,68,11
12,4968,343.745077155862,83,71
89,6154,5023.83081176296,93,4
46,6293,1645.95975662835,82,36
97,2552,2350.90710871181,97,0
31,5256,766.357388720543,76,45
87,5039,4002.4532137702,91,4
1,8728,422.721296586126,76,75
93,5934,5104.15499544854,94,1
30,4500,630.484742367978,69,39
68,2423,1305.40189169522,71,3
27,3960,492.262342718449,73,46
5,5541,299.332082620854,79,74
2,6487,321.631250551812,70,68
89,3448,2814.78203427993,89,0
29,8466,1139.79076871937,83,54
15,9468,734.261687146592,76,61
34,5534,909.148072108624,81,47
38,3158,607.504571733597,86,48
80,5678,4023.42847238582,81,1
64,1723,829.307032663453,86,22
6,8328,464.677610314326,11,5
7,3717,214.510198570716,78,71
52,8908,2899.67264024165,72,20
53,8185,2759.72865189751,83,30
46,2017,527.554557304842,69,23
53,6617,2231.04758577957,73,20
88,1178,948.795863125421,90,2
8,9701,579.724487689866,35,27
65,4265,2113.4540645536,77,12
10,3864,248.193512452777,86,76
31,6678,973.693805531923,74,43
36,6272,1115.26605782315,75,39
7,3919,226.167734247682,80,73
25,1263,144.971527698577,50,25
50,6642,2012.82327552545,69,19
60,5817,2477.6706719815,84,24
96,2412,2179.48620878449,98,2
70,1631,926.108154618555,84,14
45,3713,935.350068960573,76,31
63,6739,3148.65203587695,75,12
70,9273,5265.35923836779,78,8
45,6615,1666.39932835287,78,33
75,5951,3807.98934128327,80,5
92,9112,7734.24611737504,98,6
69,2425,1341.69847306812,70,1
21,2394,234.532258257657,78,57
5,5477,295.874718735682,5,0
67,7807,4093.01303571561,91,24
69,6496,3594.09207465999,90,21
35,1685,288.005345112778,72,37
46,2333,610.205643129498,75,29
32,3504,531.664655725727,85,53
59,2807,1158.0368119486,73,14
47,4261,1156.82705005859,69,22
73,5676,3469.68315929684,84,11
86,9663,7565.23581401777,94,8
0,2856,184.589486545687,56,56
3,4261,216.893526197795,87,84
66,4508,2298.45499618197,70,4
19,2524,228.583736157029,82,63
55,7255,2621.12459265038,60,5
21,5878,575.848209706978,70,49
6,4197,234.180106927141,83,77
82,6806,4998.97835582903,83,1
14,7282,543.534498518774,73,59
86,7541,5903.90595814012,91,5
16,9465,762.811543637635,87,71
38,9218,1773.26698614322,71,33
68,7386,3979.23993894384,90,22
29,1538,207.063335966264,63,34
28,6485,838.93945411731,33,5
69,4813,2662.92567046468,73,4
56,7955,2973.08733990227,72,16
61,2067,908.48940715111,85,24
0,3681,237.911029402897,54,54
56,1184,442.506022683128,66,10
68,5570,3000.86196316236,70,2
95,7599,6736.16673526431,96,1
5,4666,252.063435753276,66,61
26,1761,210.348639164524,88,62
79,4372,3039.72670934927,88,9
46,9851,2576.56913436292,68,22
20,6977,657.138683040995,81,61
57,2030,784.479145163109,66,9
52,7266,2365.17977144093,70,18
27,4599,571.695584384381,76,49
0,5652,365.301042701758,77,77
12,9948,688.320456430458,71,59
16,9312,750.480834057438,83,67
35,7206,1231.67152337251,40,5
45,6690,1685.2927447741,74,29
70,3298,1872.65769094543,89,19
6,5621,313.635068152837,80,74
47,5340,1449.76682640528,81,34
9,6396,396.11155858196,77,68
12,8092,559.900395399605,84,72
21,1608,157.530439130456,79,58
28,8823,1141.39750249453,73,45
51,3949,1240.52572947849,69,18
58,8114,3240.62232414156,82,24
26,9714,1160.32179491436,91,65
80,5899,4180.02898179005,87,7
85,3184,2455.6315917674,91,6
38,5423,1043.22270187185,88,50
56,2549,952.658658631161,66,10
24,4563,503.355503378455,77,53
75,8637,5526.73566470569,88,13
72,8841,5276.73725520128,81,9
12,8522,589.652887987572,84,72
15,7196,558.06369884948,85,70
49,9673,2826.82050259809,76,27
0,8546,552.346551827535,0,0
89,2661,2172.31293306813,92,3
37,7430,1374.27711765575,89,52
52,8499,2766.53769301906,57,5
70,4324,2455.23706963251,84,14
43,1994,465.580412838487,81,38
19,7671,694.717052321938,66,47
85,4487,3460.55871616216,85,0
33,3011,475.393830625914,47,14
18,3421,297.940607567777,60,42
19,7552,683.939926885057,87,68
93,8295,7134.97905076603,95,2
86,2324,1819.47718428824,86,0
30,4865,681.624060360048,73,43
27,2803,348.437208747428,66,39
1,1041,50.418523114821,79,78
93,6138,5279.62645130825,94,1
24,2286,252.1741575111,76,52
32,3877,588.260236943106,76,44
12,8925,617.537200808388,68,56
17,9662,809.389970929427,21,4
80,2385,1690.01002230366,87,7
11,3983,265.469035225901,84,73
53,7270,2451.21897364629,83,30
12,9953,688.666415646598,65,53
13,9130,656.019702406317,61,48
66,5580,2845.02637060679,75,9
59,2184,901.016172887689,60,1
82,6840,5023.95121273444,82,0
81,9153,6605.54187766478,92,11
56,5158,1927.74160895234,72,16
34,1395,229.176284891856,42,8
14,5494,410.076700750089,83,69
67,7403,3881.20603348312,81,14
2,3181,157.716819485943,67,65
76,4903,3206.56431537312,79,3
61,9381,4123.14423245504,72,11
57,6736,2603.07956739838,93,36
96,5255,4748.42455520833,98,2
85,7154,5517.45867069848,94,9
62,9182,4162.11492088349,77,15
37,5055,934.989344515455,87,50
82,2624,1927.31695646421,85,3
31,3539,516.008142823821,80,49
54,3113,1086.7284150592,76,22
34,4937,811.070479219421,64,30
77,3134,2093.3539718338,79,2
41,3929,849.481602773972,49,8
6,2076,115.834620438586,78,72
31,2062,300.65238499653,78,47
36,6400,1138.02658961546,77,41
45,7334,1847.52421377777,79,34
6,3987,222.462732027284,79,73
96,4898,4425.83890987829,96,0
19,5549,502.540076044118,76,57
39,6931,1386.50956120042,88,49
79,3673,2553.73197699906,86,7
89,9600,7836.98014184668,90,1
44,5759,1396.90084571454,55,11
64,9387,4518.11092026224,78,14
55,5499,1986.70766850234,71,16
79,6256,4349.61809096273,83,4
41,9772,2112.78549816932,84,43
19,3522,318.966687299943,67,48
8,5296,316.484989877903,87,79
28,4525,585.381808771137,83,55
24,6738,743.28498395004,75,51
84,5833,4428.90644895886,90,6
26,4226,504.788954633322,72,46
41,2921,631.54384365049,60,19
8,6384,381.503054263695,67,59
91,8116,6800.30976354125,94,3
2,8907,441.61701073917,79,77
91,3152,2641.02715311508,91,0
75,7909,5060.8952613358,80,5
62,1513,685.828781888121,68,6
99,8736,8320,99,0
16,4255,342.922674926375,72,56
37,9215,1704.43655978436,66,29
38,4459,857.777987764442,81,43
32,8750,1327.64433150688,84,52
6,8093,451.565309831153,90,84
67,2165,1135.05485107267,75,8
4,5317,278.535402757872,49,45
51,3217,1010.57768339638,74,23
66,7506,3827.01934368719,88,22
15,5904,457.866603391791,70,55
62,3686,1670.8294051815,91,29
79,2080,1446.16458267303,85,6
31,3213,468.47532152951,62,31
67,8102,4247.67408932598,95,28
4,4225,221.330087766035,82,78
68,6263,3374.21875678382,74,6
73,2104,1286.15457490496,73,0
34,7659,1258.25173189013,78,44
99,9404,8956.19047619048,99,0
64,8076,3887.10597550206,79,15
63,9660,4513.42612651304,74,11
33,1276,201.46214808325,73,40
17,3454,289.343092485018,69,52
35,1010,172.632284014188,85,50
32,4379,664.429088876415,58,26
88,5361,4317.90714958861,88,0
59,5399,2227.37468746366,74,15
66,5748,2930.68307853903,79,13
89,4731,3862.16177615382,92,3
50,7260,2200.10493530786,91,41
59,4821,1988.91894207488,86,27
46,5523,1444.56312344801,82,36
77,3486,2328.47222265879,78,1
54,9728,3395.98266035847,75,21
6,3539,197.465665574255,90,84
78,5139,3503.33454100779,83,5
3,5479,278.892191982567,85,82
82,7929,5823.81712949874,85,3
8,3098,185.134157598516,56,48
99,1537,1463.80952380952,99,0
12,1176,81.3696076359287,84,72
37,4333,801.445861480805,83,46
81,8833,6374.60410853414,85,4
45,5971,1504.1678593492,82,37
71,1304,759.3834815376,82,11
37,6760,1250.35172481196,90,53
15,8808,683.077412377185,88,73
63,1052,491.524253115085,75,12
48,2298,647.391081861534,69,21
89,4133,3373.98322148462,95,6
11,3228,215.14788995963,81,70
58,3856,1540.03446905224,81,23
38,5583,1074.00190753283,42,4
47,3616,981.714764846718,60,13
18,3599,313.442925061804,61,43
32,3998,606.619661413087,56,24
9,4427,274.16914788029,84,75
95,5524,4896.77392362154,96,1
37,2126,393.231918187905,79,42
41,5912,1278.22225390678,85,44
37,9111,1685.20037940263,64,27
99,6247,5949.52380952381,99,0
56,5010,1872.42835611695,84,28
6,2533,141.333860101608,48,42
50,4360,1321.27514021243,79,29
94,5667,4944.10179676204,98,4
63,5294,2473.50703040994,83,20
65,1140,564.909175519602,86,21
67,5764,3021.9197051191,87,20
96,7525,6799.59938685875,96,0
17,1907,159.750225063384,32,15
81,1101,794.570261915101,87,6
39,3076,615.337384252272,61,22
42,1771,397.958099766396,84,42
58,1262,504.025803927367,79,21
14,3961,295.652313737004,80,66
42,3451,775.467759623847,56,14
3,1981,100.836910443049,66,63
40,1574,327.372623718207,90,50
49,3580,1046.21290181962,81,32
84,5572,4230.73319622814,85,1
22,3485,355.167141449252,39,17
89,5935,4845.04970227709,89,0
83,1251,934.54022649834,90,7
50,2231,676.092852709618,76,26
62,3455,1566.11926068966,76,14
6,1443,80.5151046690169,75,69
96,7948,7181.82271451871,97,1
66,4474,2281.11971005283,87,21
17,1273,106.639767438746,69,52
19,3288,297.774692743388,81,62
10,2686,172.527891937929,76,66
3,1608,81.8504553217682,79,76
0,6035,390.055165022136,70,70
60,6510,2772.84443434752,81,21
59,9452,3899.45277753408,62,3
35,6551,1119.71692334351,90,55
21,2169,212.489752782313,86,65
34,4413,724.985623819183,57,23
92,8148,6916.00497853071,94,2
58,4776,1907.47007888835,93,35
39,6290,1258.28093203732,45,6
29,9693,1304.9836901957,74,45
32,2011,305.130600075467,80,48
20,4236,398.973693759732,91,71
89,4995,4077.6787300546,92,3
53,1310,441.691451922509,81,28
69,5090,2816.18359914091,85,16
52,5142,1673.78948317496,78,26
30,3484,488.135298313342,75,45
94,2596,2264.84705565453,95,1
18,7969,694.033528707284,68,50
66,3139,1600.4547988055,74,8
13,4346,312.274000729228,69,56
22,8316,847.509310844184,79,57
28,3694,477.878541790184,87,59
54,5056,1765.01730373894,74,20
85,2283,1760.74338065483,97,12
40,2594,539.520067296715,70,30
85,8101,6247.8239713906,87,2
95,2473,2192.20164973136,96,1
66,6767,3450.23180105665,87,21
50,8613,2610.12449143341,77,27
74,4306,2694.02806606321,77,3
99,5170,4923.80952380952,99,0
3,8988,457.507395791078,80,77
82,1080,793.25545464228,88,6
99,5421,5162.85714285714,99,0
91,1474,1235.0488653844,92,1
97,4594,4232.0012764193,99,2
16,2835,228.480795162461,77,61
18,5253,457.492549416409,72,54
53,5470,1844.31468856193,71,18
0,1805,116.661072554259,88,88
74,2141,1339.50629109181,78,4
29,5829,784.767350680982,53,24
54,1482,517.356733413986,70,16
47,7156,1942.79614414909,83,36
84,1302,988.588410173912,89,5
24,7135,787.079008679658,70,46
58,2793,1115.48658507855,77,19
16,6650,535.942605936637,85,69
93,1091,938.428227171277,95,2
64,3141,1511.8127623888,71,7
78,1718,1171.18675646067,85,7
52,4455,1450.16183343922,76,24
84,2417,1835.19062011547,87,3
8,9295,555.462232045903,9,1
98,3887,3644.61295613882,98,0
30,7966,1116.09810171185,83,53
37,3781,699.346134839354,76,39
12,2670,184.742221418308,75,63
78,6604,4502.04734555661,87,9
97,9210,8484.26899343095,98,1
71,5179,3015.98700221107,79,8
62,6554,2970.867043288,78,16
7,1455,83.968883217754,85,78
98,1977,1853.71747216014,99,1
8,8517,508.969535270033,73,65
74,1152,720.743226220348,78,4
84,5224,3966.50219258719,90,6
8,1418,84.738617002807,86,78
13,6544,470.20733105662,39,26
33,4802,758.167112144018,78,45
71,3679,2142.46305872456,82,11
42,2859,642.440546150269,89,47
83,4385,3275.7465173423,85,2
55,3516,1270.27898935338,69,14
22,7887,803.788592427619,64,42
91,1126,943.463380205451,94,3
73,4175,2552.13657330238,80,7
40,8738,1817.39643332255,81,41
54,2445,853.533882049389,81,27
85,8520,6570.97398299567,97,12
99,1539,1465.71428571429,99,0
29,1268,170.712815347999,88,59
5,3201,172.922215569275,83,78
97,2639,2431.05166923608,97,0
92,4504,3822.98556987019,92,0
8,2534,151.429940398528,80,72
40,3406,708.40607140039,85,45
32,3180,482.503882764786,51,19
65,8396,4160.50652426542,82,17
36,8784,1561.94149424721,77,41
72,1084,646.983733134056,84,12
17,9991,836.950444996471,82,65
54,8401,2932.73543684946,93,39
28,7195,930.789417482505,83,55
68,8334,4489.97910251259,92,24
34,7114,1168.71691091087,82,48
53,2190,738.400213519309,82,29
4,4402,230.602377833393,86,82
93,2459,2115.11916646578,97,4
33,8504,1342.65995869903,77,44
63,2598,1213.85932470817,70,7
46,7756,2028.61335967098,88,42
46,8683,2271.07398169457,74,28
89,4862,3969.1039010061,92,3
13,1537,110.438366111556,65,52
96,7081,6398.4004330029,96,0
71,9338,5437.97772285131,83,12
96,7824,7069.77615983825,96,0
55,4461,1611.69356413692,91,36
35,6670,1140.05676670756,87,52
89,7540,6155.29481974208,91,2
41,4884,1055.96033289592,78,37
75,9307,5955.46240956534,86,11
40,3341,694.886871564504,48,8
36,8428,1498.63876519985,63,27
66,2036,1038.07772232176,86,20
29,7212,970.962795181205,58,29
79,9239,6423.61277851737,92,13
89,1142,932.274096040511,93,4
25,6060,695.587852615499,84,59
4,5658,296.398967237923,76,72
90,7329,6062.06675185422,92,2
61,4282,1882.02788651236,91,30
27,3582,445.27366454987,88,61
76,8137,5321.60184258436,81,5
63,1978,924.177730666956,64,1
38,1534,295.095634274648,66,28
68,9496,5116.01170595867,76,8
88,1249,1005.98135232908,94,6
37,5025,929.44044632842,75,38
93,6692,5756.15187555471,95,2
65,4232,2097.1014305254,94,29
98,9441,8852.27448389673,98,0
99,4564,4346.66666666667,99,0
98,4205,3942.78298959705,98,0
21,1255,122.948197206917,91,70
95,8318,7373.52742517812,98,3
89,9969,8138.21406604891,89,0
60,5813,2475.96692732138,82,22
67,6100,3198.07602380751,90,23
11,4126,275.000060090903,85,74
46,3379,883.79119937187,69,23
45,6361,1602.41362473962,85,40
99,4768,4540.95238095238,99,0
28,4584,593.01441136064,79,51
65,9271,4594.09909319494,82,17
60,3499,1490.35064144117,82,22
62,1131,512.671746408106,81,19
41,6869,1485.13340021746,92,51
39,5417,1083.64194099303,66,27
59,2744,1132.04596080761,83,24
60,7393,3148.94606806932,61,1
5,1974,106.638067333255,76,71
26,1287,153.730095743749,53,27
56,1912,714.587428522079,67,11
54,6670,2328.45439397523,77,23
55,7652,2764.5548425859,88,33
89,4545,3710.32028590554,90,1
57,9142,3532.86125373455,71,14
30,1696,237.622694012465,80,50
32,6872,1042.69392527032,88,56
54,7690,2684.52987851117,85,31
20,3674,346.040923246756,74,54
21,9489,929.605930913494,75,54
75,7208,4612.33190589309,86,11
2,4619,229.014143101406,82,80
68,9267,4992.63695020208,84,16
11,7745,516.208304751344,63,52
18,7999,696.646278846726,79,61
11,1562,104.108117756178,70,59
42,3617,812.769309347857,87,45
44,2240,543.333546518593,78,34
68,1300,700.380709535201,91,23
46,3246,849.004508186177,78,32
43,6647,1552.01253968777,69,26
55,8810,3182.92317866986,70,15
13,6291,452.028471833312,64,51
1,1815,87.9054941915466,85,84
60,4262,1815.33993535932,72,12
59,4310,1778.10426059796,75,16
79,4969,3454.80375543379,91,12
4,5168,270.729915639022,55,51
82,1917,1408.02843199005,91,9
12,5619,388.78896709718,62,50
91,7143,5985.0434500955,94,3
18,4818,419.60767239449,77,59
95,6352,5630.75813954453,99,4
63,6661,3112.20822243306,76,13
88,2632,2119.89024766223,89,1
91,8836,7403.59007770459,96,5
73,9478,5793.80848904429,88,15
68,9157,4933.37396708756,78,10
62,3601,1632.29969833385,90,28
20,9024,849.938293788439,58,38
17,2977,249.384593609698,84,67
55,2485,897.793881838208,66,11
41,9372,2026.30226042191,78,37
66,1427,727.572156067363,88,22
55,9974,3603.45922633975,79,24
38,3685,708.88358037945,60,22
47,1270,344.794732122603,75,28
59,1618,667.511065811484,80,21
36,5714,1016.04436454105,74,38
34,1828,300.311289449687,83,49
11,5457,363.711906911308,21,10
46,8728,2282.84391480251,88,42
79,7909,5498.90177132741,79,0
56,1042,389.43519901674,63,7
89,3223,2631.1028122054,92,3
50,9334,2828.61976117955,81,31
40,8006,1665.1494444015,68,28
97,2373,2186.01197843775,97,0
83,5118,3823.32284509872,84,1
30,3278,459.273107884941,66,36
98,2437,2285.03261489846,98,0
60,2144,913.207137825053,81,21
48,7809,2199.94645703077,79,31
62,2175,985.907204630973,89,27
4,3307,173.239905382788,60,56
32,9732,1476.64395819714,90,58
99,8969,8541.90476190476,99,0
97,6507,5994.26040610805,99,2
4,2685,140.65592559806,60,56
71,6941,4042.08646115988,84,13
64,2836,1365.0114594507,92,28
2,6537,324.110295183783,79,77
61,2440,1072.430649951,89,28
70,4400,2498.39109768341,93,23
32,5576,846.050833426556,88,56
65,7054,3495.49940711866,73,8
13,5388,387.145033577792,63,50
40,3088,642.265986049443,74,34
15,2673,207.296312816101,65,50
19,2221,201.142820128669,76,57
0,7490,484.094976970306,85,85
22,1337,136.257810076801,85,63
79,4609,3204.50603920192,79,0
49,9826,2871.53295343005,60,11
25,3591,412.187455237996,81,56
5,5296,286.096861497932,54,49
73,1413,863.75304864102,77,4
96,1395,1260.52374015521,99,3
50,9486,2874.68256423283,76,26
8,5141,307.222306072941,70,62
94,6243,5446.62564270079,97,3
25,3162,362.945344879572,72,47
33,8804,1390.02566749603,80,47
28,6734,871.15162436792,84,56
57,4821,1863.04135903022,78,21
58,5262,2101.57193364961,75,17
71,3992,2324.73838826541,88,17
84,4998,3794.90389711921,89,5
1,6735,326.194767702516,48,47
88,1996,1607.63713310555,88,0
72,7557,4510.38382960707,87,15
91,6343,5314.73198991401,91,0
70,9129,5183.59371153451,79,9
93,5050,4343.77868672314,97,4
3,2274,115.751203608023,74,71
36,5420,963.766268080589,67,31
84,9857,7484.26724968069,89,5
16,7644,616.051921771377,77,61
52,9401,3060.15070620922,75,23
4,9495,497.403357003196,61,57
76,5106,3339.32641123703,76,0
99,3516,3348.57142857143,99,0
27,2493,309.901520302297,75,48
82,5471,4018.42647439622,85,3
27,7324,910.436716684324,70,43
83,6150,4594.26250436834,84,1
85,9570,7380.77711470288,88,3
99,9626,9167.61904761905,99,0
93,5848,5030.18173464494,96,3
67,2632,1379.89116305924,67,0
71,9209,5362.85466371147,80,9
9,4360,270.019761634982,83,74
42,3989,896.360734030578,80,38
55,4304,1554.97177763849,67,12
84,8724,6623.99791886115,92,8
10,6985,448.662444224287,55,45
5,2385,128.84082603334,39,34
6,9999,557.914436303188,72,66
45,6379,1606.94804468072,49,4
36,3297,586.261510306587,56,20
59,3793,1564.81425996474,64,5
81,6045,4362.55879498346,89,8
18,8268,720.073938430396,84,66
60,1423,606.107162838176,71,11
7,5769,332.932293665445,20,13
91,8665,7260.31100309079,93,2
75,3524,2254.97469982897,77,2
59,1290,532.193618601245,67,8
20,5478,515.953232864923,86,66
30,9924,1390.42901850218,88,58
77,3462,2312.44143282981,90,13
7,9516,549.173809415909,86,79
61,8812,3873.05692105253,66,5
94,4270,3725.30698291405,98,4
97,3785,3486.74898372814,98,1
39,8010,1602.35775288059,91,52
75,9627,6160.22742203562,93,18
99,1355,1290.47619047619,99,0
59,5941,2450.97851791472,62,3
46,3686,964.088298574938,90,44
68,8052,4338.05036398264,72,4
56,8943,3342.34067639799,74,18
97,5639,5194.6572045556,97,0
21,7040,689.685504650753,83,62
29,8335,1122.15403464162,84,55
30,7544,1056.97264364978,49,19
32,6757,1025.2448854848,74,42
78,1725,1175.95876303531,83,5
91,4039,3384.23498459131,94,3
18,6377,555.383587974194,74,56
4,4263,223.32074891044,36,32
43,9922,2316.69451162661,89,46
32,5154,782.020443952739,73,41
25,1609,184.686609712597,81,56
62,3646,1652.69777842967,65,3
16,6068,489.037553808047,49,33
36,2759,490.596150117038,66,30
44,6222,1509.20594930298,45,1
62,7904,3582.8094461624,82,20
76,6018,3935.77484191627,83,7
23,1461,154.903021605923,59,36
42,3498,786.029041774621,75,33
97,8252,7601.75762581891,97,0
62,1885,854.452910680177,87,25
79,1553,1079.75653696693,87,8
9,1502,93.0205692604915,60,51
98,2462,2308.47365526467,98,0
28,8918,1153.68728632508,71,43
18,5365,467.246816603661,78,60
74,6214,3887.75903449066,77,3
28,1640,212.160478759042,59,31
66,5156,2628.84515534921,71,5
24,3229,356.19875529455,79,55
51,4716,1481.46855918475,71,20
33,9792,1546.01673513416,64,31
82,4641,3408.7949675878,89,7
77,4145,2768.65099337943,78,1
10,9700,623.053072151121,77,67
77,9589,6404.96848625219,77,0
44,7204,1747.39949514283,83,39
62,6908,3131.33194004173,85,23
26,2861,341.741883389951,81,55
22,2930,298.605372868381,69,47
89,1374,1121.66778280181,90,1
21,6191,606.511783990456,75,54
40,9972,2074.05324251459,81,41
34,3162,519.466245754874,80,46
88,9802,7894.81922780592,90,2
54,2473,863.308503193513,91,37
0,2207,142.643206164682,87,87
0,1976,127.713174164663,74,74
51,5945,1867.54253272971,83,32
87,1599,1270.07792991041,94,7
5,1637,88.4328856253993,42,37
0,9899,639.793882113359,87,87
82,6728,4941.68768410487,89,7
59,8849,3650.68320232745,64,5
95,7686,6813.28826519825,96,1
42,5398,1212.97449042293,77,35
69,5101,2822.26965407029,75,6
7,1489,85.9310426881345,87,80
94,3638,3173.92665195347,94,0
44,1347,326.7278067681,90,46
64,2181,1049.74964494428,88,24
89,6046,4935.66478516719,90,1
2,8912,441.864915202367,80,78
6,5922,330.429972175965,57,51
28,5592,723.4154861101,65,37
84,6785,5151.74528650537,84,0
58,8782,3507.41252780518,90,32
10,2732,175.482576609986,56,46
69,1642,908.482017640349,86,17
80,3989,2826.603764767,86,6
90,9532,7884.24345458786,95,5
49,7797,2278.58156298536,86,37
93,2400,2064.37006893773,96,3
67,1014,531.614604613249,81,14
92,9375,7957.4799550473,92,0
37,2336,432.074205497152,81,44
82,6418,4713.99398879088,83,1
64,7221,3475.58101152803,67,3
9,4144,256.642635829212,78,69
92,9113,7735.09491523692,94,2
86,8311,6506.74478425972,87,1
44,3935,954.47210069226,77,33
48,5722,1611.99815944808,92,44
43,5645,1318.05487987626,57,14
78,1170,797.606813189164,78,0
97,2624,2417.23364155948,98,1
58,7541,3011.77384105885,72,14
98,7428,6964.80191360925,98,0
81,4742,3422.20906630464,91,10
84,7406,5623.26095679569,94,10
69,1415,782.887975006757,82,13
16,2977,239.924983138852,71,55
95,6005,5323.15847417584,95,0
95,1091,967.121714458924,98,3
74,4934,3086.93322757916,76,2
62,1104,500.432898350618,83,21
71,5800,3377.62591481448,79,8
56,5844,2184.12601060828,88,32
57,7078,2735.24304899728,67,10
85,6949,5359.35424974611,93,8
97,3010,2772.81755377059,97,0
45,3195,804.859539544581,89,44
36,3045,541.451713340479,70,34
44,3128,758.726488174178,90,46
47,7600,2063.33855443447,76,29
47,6533,1773.65668106848,75,28
83,6031,4505.36539249519,87,4
7,2403,138.678506097775,74,67
8,5951,355.627298860158,16,8
11,9812,653.974936890921,32,21
2,9751,483.463284126826,83,81
21,3810,373.25309271582,74,53
62,2156,977.294681923852,75,13
55,7091,2561.8738093017,60,5
26,5457,651.829939761959,44,18
24,5007,552.334211136517,85,61
5,2178,117.658414717239,25,20
94,3162,2758.64652926797,95,1
41,7714,1667.82923995888,79,38
46,3619,946.564175947558,84,38
40,2952,613.979660238975,80,40
4,8200,429.563720634672,55,51
17,3082,258.180489588542,70,53
38,2083,400.706783698886,62,24
0,4215,272.424609870473,77,77
65,4162,2062.41402501104,74,9
0,9876,638.307342130673,47,47
52,6021,1959.91569004209,59,7
58,1492,595.884706386395,85,27
42,6447,1448.69331970297,92,50
5,8007,432.548634821363,77,72
9,8985,556.451274837228,80,71
96,4211,3805.06485289863,96,0
88,6941,5590.48564172627,90,2
21,5274,516.676328342056,78,57
7,4497,259.524445244151,65,58
11,3594,239.541981572154,65,54
88,8775,7067.64320791644,89,1
55,1513,546.624604917991,68,13
4,4054,212.372112616214,66,62
36,8842,1572.2548602156,86,50
3,6558,333.815476368256,87,84
5,4019,217.111647726622,76,71
77,6638,4433.84928686433,88,11
62,9602,4352.49700177775,79,17
67,9043,4741.01663660514,83,16
9,3911,242.212680677618,70,61
29,8668,1166.98634340414,40,11
71,6301,3669.38291193897,87,16
13,4011,288.203179228011,91,78
15,6068,470.585120152674,71,56
6,3053,170.348312234587,59,53
25,4866,558.536384624921,77,52
69,2369,1310.71492070036,83,14
7,2485,143.410773055752,45,38
4,1968,103.095292952321,58,54
37,1102,203.829526737098,48,11
28,1086,140.491634105073,68,40
33,5042,796.05967918162,69,36
4,6838,358.214234353644,70,66
73,5391,3295.46545309536,73,0
80,8422,5967.8257475226,90,10
40,2760,574.046023800668,72,32
46,7985,2088.50924148694,92,46
19,4733,428.63978733408,39,20
37,6379,1179.88071783662,82,45
97,5542,5105.30062558027,97,0
78,2261,1541.35812360743,81,3
50,2501,757.914937080572,59,9
3,1414,71.975462577724,86,83
97,4993,4599.5608126168,97,0
80,2382,1687.88422353346,84,4
86,5934,4645.77349895286,90,4
15,3038,235.602767802212,78,63
4,3098,162.291269088563,75,71
55,3949,1426.71550880446,73,18
38,9498,1827.13059604994,84,46
2,1355,67.1821095263921,69,67
75,9223,5901.71159379189,76,1
36,7766,1380.9241398365,83,47
8,6258,373.973388719017,85,77
15,2926,226.916951477707,18,3
43,1387,323.85157101654,79,36
6,1124,62.7158542259009,58,52
52,5114,1664.67511025997,75,23
96,6476,5851.72167831193,97,1
83,1063,794.097730429844,86,3
56,1041,389.061460821906,60,4
88,1070,861.809485181834,92,4
7,5664,326.872683536329,66,59
60,1482,631.237396574966,63,3
82,2327,1709.17170643758,88,6
72,4242,2531.83117707995,79,7
54,5895,2057.90684445037,87,33
15,7421,575.51288342996,76,61
20,5789,545.245210853421,84,64
5,2763,149.260881480133,68,63
57,8398,3245.34771481763,61,4
76,4915,3214.41232103995,92,16
38,2614,502.855272486264,44,6
67,4520,2369.72190616557,82,15
47,4483,1217.09825520128,89,42
77,4418,2951.00122768403,84,7
75,4170,2668.34406875336,85,10
96,2953,2668.33448364038,96,0
23,3276,347.339013539358,60,37
84,2117,1607.40527214913,84,0
27,1877,233.327378101649,52,25
46,5484,1434.36251475446,87,41
4,3775,197.756468950718,59,55
49,1125,328.768020823204,67,18
79,9075,6309.58826334508,85,6
65,3176,1573.81714162303,71,6
32,6930,1051.49431055345,89,57
22,6728,685.671313535314,83,61
47,6537,1774.7426487287,69,22
41,4405,952.396655693395,84,43
84,2255,1712.18653221365,95,11
69,7855,4345.99649729899,76,7
0,5462,353.02092980131,45,45
89,2161,1764.13688401361,91,2
27,2432,302.318691285674,65,38
60,2169,923.855541950811,70,10
30,2045,286.520288476115,50,20
12,3813,263.828498227718,82,70
31,3878,565.436444721892,78,47
94,1372,1196.98388303468,94,0
79,4400,3059.19430950064,90,11
14,5603,418.212550837777,75,61
40,5389,1120.84566023978,61,21
65,2147,1063.91228056192,87,22
9,4534,280.795779645185,63,54
67,9052,4745.73510942715,69,2
65,4603,2280.94467975151,77,12
74,9387,5872.93113240486,81,7
21,6660,652.458162070173,81,60
28,1791,231.694766742344,28,0
0,2560,165.458363290251,69,69
53,2184,736.377199235694,81,28
1,1162,56.2788893942574,61,60
15,5460,423.433545819644,80,65
98,5871,5504.8939196015,99,1
98,9422,8834.45929321841,98,0
52,6592,2145.78379484429,79,27
77,4057,2709.87143067318,92,15
54,8547,2983.70310424382,75,21
4,5833,305.566485666102,84,80
71,2069,1204.88069271572,71,0
49,2654,775.600290902031,81,32
18,1035,90.1398798107716,65,47
64,9967,4797.2740537183,74,10
94,1023,892.503288880812,95,1
54,1120,390.984845764955,58,4
43,6431,1501.57855314158,81,38
72,7053,4209.57220460747,74,2
60,4383,1866.87821132799,75,15
56,7664,2864.32952520566,87,31
92,2792,2369.84363034582,96,4
85,7602,5862.97467356022,89,4
60,5278,2248.09107903014,73,13
91,4485,3757.93362364249,94,3
81,8715,6289.44580616722,91,10
1,5207,252.189481132443,56,55
20,5543,522.075350450944,79,59
21,6814,667.545032484408,82,61
13,1807,129.838729709553,18,5
46,1806,472.36664873205,84,38
42,2199,494.133179777699,77,35
30,3750,525.403951973315,74,44
18,2207,192.211318591665,88,70
51,2092,657.173924048875,61,10
65,7558,3745.24872682206,79,14
4,2877,150.714002959262,74,70
24,2333,257.358840539543,68,44
40,8512,1770.39121543163,40,0
70,6711,3810.61424012576,76,6
32,6311,957.572957273134,53,21
44,7743,1878.13912977387,92,48
41,1366,295.340256907418,45,4
59,5753,2373.41851768447,89,30
67,2618,1372.55131644722,82,15
61,4499,1977.40389103669,89,28
17,2102,176.085460452666,69,52
92,6450,5474.74620907255,92,0
61,1274,559.949445917036,83,22
12,9202,636.703341382497,78,66
69,1535,849.281301509096,80,11
96,1224,1106.00792684586,96,0
64,5609,2699.7000268191,87,23
69,6361,3519.39958234486,71,2
39,5923,1184.8645406132,70,31
57,4282,1654.74862048691,88,31
67,8759,4592.12260533279,81,14
73,8771,5361.62631962518,74,1
81,7512,5421.26413034173,81,0
7,4241,244.750538643639,42,35
41,4313,932.50551101149,41,0
94,1956,1706.48722683369,97,3
59,1413,582.937661305084,77,18
51,2414,758.325933391006,78,27
64,4477,2154.85060083243,74,10
48,8454,2381.65544214857,55,7
10,6616,424.960734572353,85,75
11,9896,659.573580867566,80,69
14,7683,573.465469942288,70,56
69,1970,1089.95711008008,79,10
97,7392,6809.52403902731,99,2
73,6285,3841.95888939052,94,21
75,9283,5940.10503363007,85,10
24,4048,446.544614875299,84,60
8,1266,75.6552109489095,88,80
4,3225,168.944268176441,80,76
23,6260,663.718627825514,78,55
94,1449,1264.16154993968,96,2
17,4562,382.160737671294,73,56
69,3921,2169.40194346395,88,19
2,4649,230.501569880588,83,81
53,6493,2189.23862391821,75,22
79,3998,2779.69519304172,88,9
66,2817,1436.27944193536,80,14
73,3256,1990.36088207725,86,13
41,1478,319.555563476694,67,26
90,4986,4124.09125729911,91,1
55,8964,3238.56110937533,85,30
31,5943,866.52624831929,89,58
40,9160,1905.16723841091,83,43
63,8460,3952.75207353005,89,26
15,6771,525.10412797524,44,29
39,9787,1957.83711953088,80,41
32,9559,1450.39453312849,62,30
94,5307,4630.02439305031,95,1
50,2511,760.945384649866,67,17
84,7319,5557.20320588546,85,1
95,9092,8059.64310528005,98,3
93,3449,2966.6718199026,95,2
71,4549,2649.10694594674,85,14
79,9612,6682.94902339095,82,3
6,6475,361.285726078922,89,83
75,5364,3432.37352153309,85,10
92,5566,4724.40889917795,93,1
65,9899,4905.29467409521,74,9
87,1902,1510.74935752946,96,9
15,2155,167.124412315263,16,1
68,5666,3052.58238478957,70,2
17,6856,574.33012219956,74,57
44,6336,1536.85774586688,83,39
65,6716,3328.00879192074,75,10
89,6017,4911.99057432203,92,3
87,4386,3483.77848692124,97,10
19,3320,300.672743281037,24,5
62,3507,1589.69037546704,75,13
6,6430,358.774860028953,43,37
85,1469,1132.95314331228,91,6
36,7871,1399.59488857238,75,39
12,6272,433.971240724953,88,76
99,2569,2446.66666666667,99,0
36,1747,310.645695634094,69,33
46,1035,270.708461482653,63,17
67,6596,3458.11630377612,91,24
85,2526,1948.15496256421,92,7
15,6135,475.781099561084,81,66
36,4496,799.463679204858,86,50
57,8075,3120.52664886311,75,18
75,1235,790.264970002493,78,3
32,4263,646.828318310152,78,46
30,4925,690.030523591621,79,49
70,2819,1600.67375099308,86,16
56,9585,3582.28059748124,84,28
14,9105,679.604725214699,58,44
15,2186,169.528522190795,59,44
60,6419,2734.08424332976,89,29
88,2546,2050.62331707752,90,2
13,8649,621.458313922479,83,70
51,8455,2656.02558691837,72,21
8,9392,561.258879330298,58,50
13,6157,442.400143232825,84,71
61,9217,4051.06282811407,64,3
35,5292,904.524799012951,74,39
36,4109,730.648633864048,70,34
17,3276,274.43195453993,84,67
75,1848,1182.51794701588,75,0
35,6697,1144.6716891515,82,47
23,3704,392.71785902008,91,68
79,5594,3889.34840166968,85,6
58,9374,3743.84935500407,82,24
73,1167,713.375660130269,81,8
11,5691,379.308129417676,84,73
5,8518,460.153524592029,79,74
64,6182,2975.4939500438,79,15
54,6687,2334.38898538416,73,19
14,8938,667.139707190443,66,52
41,5399,1167.30750149572,63,22
82,5815,4271.09302661561,88,6
62,2674,1212.0992483601,81,19
60,9405,4005.92963211036,61,1
53,7992,2694.65502577457,58,5
4,6162,322.801420311079,82,78
95,5577,4943.75600507554,96,1
56,8047,3007.47125382697,66,10
44,4167,1010.74593229597,58,14
60,7800,3322.30208723667,79,19
31,1380,201.212556399229,62,31
30,9891,1385.80546372482,61,31
62,4952,2244.69539187705,76,14
22,1965,200.259234705246,77,55
59,5652,2331.75064522034,67,8
69,2402,1328.9730854885,88,19
68,8581,4623.05143732427,87,19
69,3930,2174.38144295163,81,12
39,5863,1172.86186081634,53,14
33,2245,354.453387497568,59,26
32,3078,467.027343128935,72,40
60,4207,1791.91344628265,63,3
11,3203,213.481626871343,81,70
94,7388,6445.56627395058,95,1
6,7785,434.379826644696,83,77
68,4782,2576.32350230564,89,21
74,8862,5544.46742253882,79,5
26,3730,445.542546328038,65,39
0,1807,116.79033690058,83,83
28,3076,397.930263818789,88,60
53,6681,2252.6264048048,81,28
56,1524,569.577008926594,78,22
65,4034,1998.9856263562,83,18
33,2666,420.923265509361,73,40
22,2833,288.719802503797,82,60
33,6266,989.31177107339,71,38
56,1831,684.314634740547,66,10
8,6592,393.93297833745,65,57
25,6050,694.44001787521,77,52
28,1547,200.129427219657,37,9
8,4975,297.30227051408,44,36
36,4440,789.505946545723,77,41
15,1707,132.38114701724,88,73
80,3796,2689.84404388456,89,9
51,1443,453.299221989736,86,35
61,9635,4234.7825050319,74,13
30,8130,1139.07576787815,47,17
89,8905,7269.6154336609,94,5
0,6359,410.995989126058,89,89
78,5227,3563.32548080321,81,3
96,8103,7321.88090786929,97,1
48,6268,1765.81692824547,58,10
33,7699,1215.56197342707,63,30
33,1869,295.088365805325,63,30
8,5857,350.009929326827,68,60
83,6257,4674.19520159881,91,8
92,9397,7976.15350800848,98,6
60,2425,1032.89520019858,61,1
58,2627,1049.18842069508,72,14
89,4603,3757.66870759586,90,1
5,4947,267.243424061607,86,81
11,7261,483.949451362106,41,30
41,6339,1370.54311020214,86,45
60,1463,623.14460943939,62,2
51,2672,839.373195534701,54,3
37,5317,983.449722015564,85,48
62,6755,3061.97846771596,76,14
48,6214,1750.6040829798,87,39
64,9481,4563.35460051201,84,20
55,6949,2510.57130176809,80,25
87,2541,2018.30395240923,87,0
96,4566,4125.84329573383,96,0
95,4269,3784.2736929653,98,3
19,9744,882.456388713983,86,67
45,3967,999.33577257382,45,0
99,3115,2966.66666666667,99,0
65,6414,3178.3574138445,85,20
51,4883,1533.92938390567,64,13
79,1947,1353.69348195403,83,4
71,2430,1415.10878844814,73,2
13,3927,282.167510553079,73,60
74,8909,5573.87274513635,81,7
25,2087,239.55311029844,59,34
77,9087,6069.6577989961,85,8
42,2930,658.394823441863,80,38
0,4026,260.209129143185,40,40
44,5494,1332.62254668444,72,28
68,5612,3023.48964762427,80,12
88,4062,3271.65432598936,90,2
99,7375,7023.80952380952,99,0
84,2350,1784.31855906966,89,5
58,2065,824.733189469106,92,34
34,6600,1084.27489626254,73,39
75,7086,4534.26524488879,82,7
21,1566,153.415838108392,58,37
46,5237,1369.75865969532,87,41
51,4322,1357.69870924438,76,25
57,7878,3044.39739191871,58,1
66,3955,2016.50166590499,70,4
13,1021,73.3621156798302,74,61
24,1166,128.624264067341,88,64
37,4588,848.611496070605,49,12
19,6476,586.492977556625,86,67
21,2554,250.206928817901,84,63
39,5987,1197.66739906318,74,35
51,4625,1452.88212176197,78,27
61,2394,1052.21269507487,80,19
43,3169,739.93196002265,79,36
46,6582,1721.54888258824,57,11
48,9417,2652.95118271978,74,26
45,9911,2496.70200201138,82,37
79,8235,5725.56025880404,94,15
53,7793,2627.55838536802,84,31
99,5117,4873.33333333333,99,0
53,5658,1907.70246944852,87,34
64,9900,4765.02589864665,68,4
72,5963,3559.00738069961,79,7
18,8500,740.279206175419,72,54
37,7986,1477.11669738881,77,40
65,4425,2192.73956287214,85,20
32,8063,1223.405285136,61,29
63,7969,3723.34294018451,63,0
21,4909,480.918486126498,73,52
13,2989,214.769210349669,77,64
96,8819,7968.85940102423,98,2
65,1820,901.872543373399,83,18
0,3590,232.029501645314,52,52
51,4152,1304.29547449853,84,33
15,3747,290.587087213591,70,55
91,8175,6849.74523372963,94,3
59,9873,4073.13767166674,87,28
45,5281,1330.34842827385,90,45
61,3039,1335.7035840988,80,19
63,7543,3524.30365137555,85,22
89,7275,5938.96151374318,90,1
13,5245,376.870026190705,71,58
24,3290,362.927811991041,75,51
35,8263,1412.33719090023,89,54
69,3074,1700.7757139016,82,13
46,6330,1655.63725718376,82,36
52,5822,1895.13853968196,79,27
60,2149,915.336818650204,74,14
90,1423,1177.01200544256,90,0
64,1085,522.22758586178,88,24
24,2750,303.359113366371,80,56
37,6030,1115.3285355941,37,0
59,3294,1358.95021680039,63,4
60,8120,3458.60166004637,74,14
90,4463,3691.50005642317,97,7
79,6411,4457.38516322923,88,9
28,4416,571.280898902396,71,43
45,3304,832.317971410109,87,42
76,1960,1281.84092558257,85,9
59,9014,3718.75447912529,62,3
37,9194,1700.55233105343,88,51
26,6282,750.374872931029,80,54
39,6072,1214.67119544207,68,29
57,4367,1687.59626942231,83,26
15,6699,519.520388909487,29,14
25,6643,762.506617974383,57,32
89,6946,5670.38167346531,92,3
25,9724,1116.15450145761,71,46
80,1543,1093.36916746941,89,9
99,4527,4311.42857142857,99,0
69,5771,3192.96572704169,83,14
84,4898,3718.9754477971,88,4
16,6846,551.73880905898,81,65
26,2272,271.386773527427,87,61
33,3989,629.806041304142,80,47
79,3150,2190.10501702887,81,2
36,4214,749.319382599927,83,47
24,2848,314.1697290427,64,40
24,4162,459.120229029395,75,51
73,4676,2858.39296209866,96,23
45,8193,2063.91680985564,51,6
91,2683,2248.05705958368,91,0
39,6253,1250.87927949592,88,49
72,9545,5696.91857266104,83,11
37,4678,865.258190631711,86,49
65,7810,3870.12338667376,78,13
78,5937,4047.34329051629,89,11
64,9702,4669.72538067372,90,26
78,4254,2900.0165669288,93,15
79,3512,2441.79327612869,87,8
2,1806,89.5430921067633,37,35
84,6867,5214.00661494951,88,4
45,6161,1552.03118094966,46,1
5,4798,259.194248766442,69,64
67,3401,1783.05845196219,82,15
90,4658,3852.79123074594,94,4
58,4427,1768.08417907009,60,2
73,7083,4329.76846675467,87,14
42,6902,1550.93551924769,85,43
86,5905,4623.06917952757,92,6
36,6431,1143.53890590891,91,55
29,3227,434.456037167187,60,31
3,3986,202.89546947299,69,66
85,7626,5881.48445942781,91,6
80,1463,1036.68120026426,91,11
53,2492,840.225265794574,71,18
7,2507,144.680405654233,69,62
11,2684,178.890005158503,36,25
82,1660,1219.26301361684,85,3
97,4369,4024.73086127034,98,1
68,6192,3335.96719495536,83,15
91,5375,4503.65512309441,97,6
91,3195,2677.05639409984,96,5
91,5975,5006.38871823053,98,7
29,8562,1152.71539827253,82,53
87,3779,3001.64133654249,92,5
82,4728,3472.69610143398,89,7
80,9078,6432.66707860487,90,10
88,9152,7371.29010129359,89,1
11,4888,325.787759021894,58,47
52,1418,461.577885480765,79,27
21,2221,217.584020714392,55,34
86,7215,5648.67809149728,91,5
49,2526,738.193796088368,85,36
26,9269,1107.16725520498,67,41
44,7877,1910.64211871739,78,34
94,7187,6270.20639021153,94,0
93,3130,2692.28263157296,94,1
85,5334,4113.79990907264,88,3
23,3348,354.972838012751,81,58
13,7678,551.688858168204,76,63
6,3528,196.851898317596,86,80
64,8983,4323.65935833767,70,6
41,1223,264.422499412718,70,29
81,9381,6770.08503817036,91,10
49,2476,723.581884051781,60,11
54,2031,709.009126561272,93,39
43,4167,972.955657120348,89,46
27,9304,1156.56788804355,81,54
68,3114,1677.68117653278,82,14
81,5175,3734.69673515954,81,0
93,4962,4268.08511752876,93,0
25,7030,806.927822423591,71,46
2,6669,330.654973012184,78,76
55,1363,492.43181526981,70,15
37,3645,674.191129724794,68,31
95,3339,2959.87113160252,97,2
42,8687,1952.03953284623,64,22
62,7960,3608.19372361496,82,20
39,7490,1498.33452797449,79,40
14,1417,105.766051139948,79,65
21,5200,509.426793207943,60,39
45,8968,2259.14877954172,73,28
22,5775,588.548132530683,70,48
88,8306,6689.89680740216,96,8
84,7960,6043.9045660402,88,4
29,1225,164.923658360646,35,6
6,9695,540.952141210061,78,72
43,2500,583.726696136518,85,42
29,1935,260.512064430897,57,28
90,8039,6649.33205323456,95,5
79,9285,6455.59526448033,91,12
96,9361,8458.61127712754,98,2
89,8728,7125.1211122956,93,4
27,6031,749.705603266406,89,62
49,5074,1482.81683347283,90,41
73,9768,5971.08264623176,84,11
67,1212,635.421006697492,70,3
52,8195,2667.58164422769,76,24
53,7699,2595.86449492473,69,16
53,1869,630.168949345931,84,31
99,5477,5216.19047619048,99,0
90,5021,4153.04095525447,93,3
26,1285,153.491198936067,70,44
22,7586,773.112750368444,83,61
20,3987,375.521274084054,73,53
90,5097,4215.90315652899,92,2
63,7656,3577.10045803145,75,12
22,4737,482.762338319974,82,60
33,2884,455.342347235183,78,45
36,6673,1186.57053632874,61,25
3,5827,296.606096492502,83,80
30,8772,1229.02492445598,52,22
82,4583,3366.19421169034,95,13
44,6480,1571.78633100021,54,10
19,1589,143.906322010111,82,63
39,8719,1744.1894191468,81,42
47,8609,2337.27389672716,76,29
26,8364,999.06644972861,52,26
88,1494,1203.31156155295,93,5
88,6334,5101.5899805063,90,2
86,5169,4046.8492106652,86,0
39,7366,1473.52898972765,52,13
54,1503,524.687699272078,68,14
39,6562,1312.69308044974,69,30
94,7271,6343.49111774427,98,4
96,2595,2344.84523706292,97,1
83,1050,784.386281233619,85,2
44,5144,1247.72668004091,64,20
78,1730,1179.36733916005,78,0
57,1410,544.884529399007,84,27
78,3781,2577.5652655284,95,17
83,5650,4220.74522759042,95,12
84,6566,4985.46198248994,90,6
69,1506,833.236247604364,75,6
28,6577,850.84113951111,83,55
62,7733,3505.29674179831,72,10
88,2373,1911.2840264827,89,1
33,5546,875.634069960584,69,36
81,3655,2637.74233178901,90,9
21,4361,427.232739457661,84,63
58,8376,3345.26159563837,79,21
21,3462,339.160684247288,90,69
15,3688,286.011523256932,53,38
54,5366,1873.23632354888,66,12
63,4825,2254.37692136909,74,11
18,3345,291.321640547856,62,44
59,2512,1036.33362009793,65,6
27,6934,861.956334446901,81,54
23,3794,402.260139611821,50,27
16,9661,778.607746759978,77,61
68,9906,5336.90100665823,77,9
67,1542,808.431676837899,86,19
15,7151,554.573861933384,80,65
10,6039,387.898711620683,88,78
89,4810,3926.65359190443,91,2
12,1884,130.357432641233,67,55
6,8942,498.936982640574,73,67
69,2155,1192.31348843785,75,6
13,7602,546.228015081361,61,48
86,9844,7706.9420835342,96,10
71,1730,1007.46428148777,88,17
81,9835,7097.72799812445,84,3
18,9801,853.585470555915,85,67
56,2359,881.648401612753,82,26
74,2648,1656.70838804816,80,6
26,5352,639.287857358623,74,48
53,5620,1894.89004565229,76,23
65,6032,2989.06328660898,82,17
10,3174,203.873242371924,49,39
30,7189,1007.23440286298,91,61
99,6942,6611.42857142857,99,0
21,4444,435.363974810788,67,46
45,4517,1137.8874929962,76,31
34,9360,1537.69894379052,53,19
21,8823,864.360114706477,56,35
0,7797,503.937054130504,60,60
60,2346,999.246243161182,86,26
40,5992,1246.26223717884,76,36
75,6672,4269.35051000537,92,17
49,1362,398.028483876626,50,1
10,3437,220.766330823031,88,78
19,4850,439.235784612358,61,42
81,5537,3995.94508648857,85,4
50,9736,2950.44375346519,69,19
74,8717,5453.74887409963,87,13
57,9506,3673.5264797638,67,10
18,2983,259.794455531915,70,52
1,4086,197.89633568411,88,87
29,1772,238.567120502093,84,55
28,4322,559.120481217427,86,58
30,2883,403.930558277085,64,34
36,7715,1371.85549045051,86,50
29,5097,686.217050338131,71,42
23,1725,182.893711341695,71,48
87,1661,1319.32422863114,91,4
68,2729,1470.26073563197,78,10
62,7344,3328.96667163672,76,14
63,3987,1862.83954103597,71,8
40,8042,1672.63700123369,64,24
55,4307,1556.05563343145,74,19
15,6238,483.76894850237,80,65
87,5987,4755.44500711296,94,7
16,5635,454.140839767361,72,56
89,7438,6072.02690573496,90,1
24,2553,281.627569608853,61,37
15,4182,324.322177402519,71,56
15,4104,318.273126747953,88,73
45,7798,1964.41148337047,71,26
48,4149,1168.85361124608,89,41
91,8718,7304.71913732782,95,4
56,8361,3124.82504700476,76,20
91,6820,5714.40519804723,94,3
49,2483,725.627551736903,81,32
90,9832,8132.38372277674,90,0
51,4739,1488.69370270919,91,40
2,6728,333.580245677909,70,68
90,6187,5117.4794642819,95,5
25,9983,1145.88342123111,79,54
24,9568,1055.46908970525,48,24
28,4306,557.05062288807,73,45
5,1281,69.2012990141335,80,75
95,4774,4231.93314832897,96,1
99,2623,2498.09523809524,99,0
55,4920,1777.52350046035,72,17
49,8429,2463.27613112781,66,17
57,1965,759.360354800743,62,5
82,2546,1870.02628474004,89,7
63,5976,2792.15678385527,73,10
89,5501,4490.75289169777,91,2
14,7891,588.990761852739,69,55
64,5921,2849.87053998857,64,0
17,9704,812.908329320965,68,51
73,7592,4640.91517712854,75,2
61,5056,2222.21695334108,93,32
7,9966,575.143567112121,69,62
62,6620,3000.78422742852,72,10
96,3739,3378.56506411493,98,2
15,5408,419.400845383267,58,43
78,4988,3400.39554204064,79,1
59,1272,524.76766113239,79,20
30,7153,1002.19052492403,69,39
13,8702,625.266533443568,69,56
49,5906,1725.95904976164,76,27
50,8610,2609.21535716262,58,8
85,6179,4765.49861982749,86,1
91,4087,3424.4536722022,93,2
84,8571,6507.82739139831,86,2
16,4753,383.057925716818,70,54
14,2059,153.685461748168,80,66
47,1941,526.965807125962,79,32
53,1107,373.246135326884,82,29
7,1085,62.6159713342015,89,82
70,1302,739.296638450864,80,10
79,3544,2464.04196201597,81,2
53,3043,1026.00541083984,70,17
53,7089,2390.19137609058,87,34
82,4410,3239.12643978931,89,7
92,6439,5465.40943259196,98,6
82,5805,4263.74806870225,84,2
18,8378,729.654022275019,67,49
63,4910,2294.09133345539,82,19
33,2719,429.291207396832,83,50
15,3076,238.549741198027,84,69
68,6776,3650.59975985425,79,11
82,4135,3037.14009717206,87,5
80,9440,6689.18013020819,80,0
63,7247,3386.00405163975,83,20
53,8522,2873.35462082719,75,22
72,6758,4033.50190822874,73,1
11,3749,249.872812719534,63,52
89,2785,2273.54059323365,93,4
17,7745,648.802041487105,69,52
24,3531,389.513101562421,47,23
50,2157,653.667540696839,52,2
31,7542,1099.67036258187,64,33
72,3605,2151.63870659435,95,23
25,4524,519.280436507016,86,61
3,9623,489.830181319263,67,64
22,1572,160.207387764196,71,49
40,1348,280.367405827283,91,51
2,4842,240.070682159993,89,87
27,2624,326.185956387175,66,39
35,2902,496.0187011972,79,44
39,6946,1389.51023114964,67,28
56,1114,416.344349044768,70,14
12,9244,639.609398798066,65,53
12,1591,110.084222575478,62,50
25,1899,217.973817180996,83,58
35,2633,450.040399811243,46,11
77,2563,1711.95476381941,83,6
28,8038,1039.84507821048,83,55
53,5739,1935.01316227731,78,25
15,2526,195.896178890187,35,20
33,6330,999.416455616751,89,56
27,7601,944.870218940135,48,21
37,4090,756.499786165818,48,11
0,6151,397.552497108725,53,53
11,1669,111.239723774047,66,55
8,8703,520.084755835987,84,76
45,1021,257.202375547736,79,34
60,3926,1672.22538390912,76,16
3,5088,258.989500421117,49,46
60,4911,2091.77250646401,76,16
20,4779,450.116922209103,75,55
77,6414,4284.22858179388,81,4
2,2611,129.455710681483,84,82
0,7221,466.708922390198,86,86
45,6627,1669.42227498026,67,22
44,6829,1656.43963802476,64,20
30,7357,1030.77249991138,36,6
82,8787,6454.01451846455,86,4
88,3481,2803.69982982987,93,5
32,8592,1303.67086814939,52,20
11,9618,641.044735325813,74,63
49,1229,359.160797859305,56,7
62,8048,3648.083302469,64,2
33,6189,977.15457248216,66,33
0,3234,209.020448000263,89,89
38,6698,1288.49449698278,83,45
45,9703,2444.30426046982,86,41
19,8698,787.726361764596,72,53
97,6791,6255.8817301183,99,2
30,3922,549.502479903825,73,43
44,6284,1524.24464567984,73,29
66,9300,4741.71061767798,84,18
75,8071,5164.55754889888,80,5
36,1152,204.844786130782,79,43
1,4089,198.041634021617,65,64
28,9687,1253.16985227978,77,49
2,5948,294.907149419174,73,71
69,4689,2594.31923307893,76,7
24,7249,799.654622833755,51,27
49,2252,658.120518127872,64,15
14,3337,249.076438005651,79,65
3,5844,297.471430908217,71,68
19,8660,784.284926751138,54,35
14,8871,662.138771815441,75,61
52,8649,2815.36469077795,86,34
76,6552,4285.01109409029,76,0
63,9700,4532.11526161247,68,5
44,4024,976.059906781615,72,28
1,8104,392.499242384735,77,76
20,4141,390.025983441703,78,58
27,7913,983.654524730073,87,60
27,8148,1012.86706274493,61,34
95,7111,6303.57700414061,96,1
52,9053,2946.87207140858,77,25
22,2118,215.851938476188,78,56
95,1191,1055.7671511646,95,0
91,5752,4819.53939870493,94,3
84,6023,4573.17050267087,91,7
10,2776,178.308796731084,79,69
34,3845,631.672269110528,91,57
4,6312,330.659293249518,73,69
90,4529,3746.09091542472,90,0
71,3839,2235.63894602979,79,8
66,5146,2623.74654178181,89,23
94,7461,6509.25419192546,96,2
28,9696,1254.33414759004,76,48
28,3614,467.529250143401,71,43
17,1195,100.105673283033,69,52
34,1745,286.675711208809,63,29
36,4486,797.685512658584,64,28
72,7118,4248.36735465702,79,7
30,4004,560.991312986975,69,39
16,2584,208.251984021093,82,66
6,4423,246.79023420032,77,71
96,4895,4423.12810613602,97,1
78,6610,4506.1376369063,82,4
17,2535,212.35806006066,76,59
42,4126,927.14574795943,83,41
61,2687,1180.99227722062,70,9
31,9305,1356.7266936919,85,54
30,4036,565.474760043814,89,59
11,1927,128.43555884517,61,50
21,5096,499.238257343784,85,64
32,9285,1408.82029920473,71,39
9,6561,406.330196350256,78,69
0,1023,66.1187131429404,79,79
81,5256,3793.15285797073,98,17
33,8519,1345.02824413888,41,8
15,8682,673.305869012116,79,64
77,9588,6404.30053667598,77,0
13,7565,543.56944673645,84,71
0,4724,305.322386009042,67,67
45,4759,1198.85024998205,84,39
73,2435,1488.49163017755,80,7
90,3013,2492.1554268436,90,0
73,3771,2305.17533363431,73,0
79,3379,2349.3221754097,83,4
61,3789,1665.34415273128,77,16
75,2202,1409.03924206112,85,10
35,3244,554.474385487153,90,55
51,2267,712.147842169598,79,28
91,4645,3891.99591567879,92,1
55,6085,2198.42083339456,82,27
32,2766,419.687339536918,76,44
62,3744,1697.12026397166,86,24
5,3850,207.982046217341,59,54
50,3627,1099.14333338314,82,32
65,4454,2207.11005944237,72,7
44,2094,507.919842147291,84,40
80,5216,3696.05546177605,86,6
15,4943,383.339197250275,86,71
48,9886,2785.07756104574,68,20
13,7209,517.989708066499,89,76
37,6740,1246.65245935394,77,40
22,1119,114.040755030621,75,53
9,2419,149.811422797023,71,62
79,1688,1173.61818055388,83,4
73,2771,1693.88513643614,80,7
70,9044,5135.32933805654,95,25
48,5887,1658.48185331543,78,30
82,6497,4772.01915630638,96,14
91,5480,4591.63350224323,91,0
96,4969,4489.99459844533,98,2
94,9389,8191.31317624824,95,1
69,2089,1155.79715886156,78,9
38,9145,1759.2239735604,53,15
65,6960,3448.91917685652,73,8
83,1901,1420.11268630963,85,2
34,9529,1565.46295249785,79,45
9,6592,408.250061627936,80,71
56,5315,1986.41850554124,80,24
42,1099,246.954235823416,90,48
28,9458,1223.54500494087,81,53
47,5874,1594.7435090458,64,17
8,1685,100.694336847482,83,75
21,6091,596.715114890304,87,66
56,3852,1439.6395264995,88,32
11,9869,657.774016732216,90,79
37,4751,878.760509553497,53,16
59,9161,3779.39979845427,72,13
82,8831,6486.33233328331,82,0
92,8843,7505.91949253155,92,0
41,9187,1986.30376296373,57,16
72,6242,3725.52810168153,74,2
25,7794,894.622396581716,61,36
24,7005,772.738396047793,56,32
42,9822,2207.08326138088,57,15
12,1136,78.6019339068155,84,72
97,5895,5430.48487690287,98,1
78,4142,2823.66446173463,94,16
61,5435,2388.79532069002,73,12
35,8741,1494.03841046338,77,42
88,4556,3669.53646213873,88,0
76,1622,1060.7887659668,82,6
64,6287,3026.03210351429,67,3
71,9535,5552.70053409587,85,14
23,3176,336.736479548535,87,64
71,6135,3572.7129288598,93,22
64,1909,918.831761668329,94,30
23,3054,323.801388079732,84,61
10,8025,515.464010722964,81,71
86,1328,1039.70124816471,86,0
13,3816,274.191805518347,84,71
15,7138,553.56568682429,89,74
77,8233,5499.22886091503,82,5
44,5861,1421.64192685066,79,35
71,2232,1299.80362790792,86,15
31,7080,1032.30789804822,69,38
81,1825,1317.06696457317,96,15
81,5578,4025.53398815843,97,16
9,6501,402.614328070876,69,60
29,3129,421.262144498335,76,47
79,5806,4036.74594567289,90,11
15,5947,461.20133644495,89,74
31,7393,1077.94523873877,78,47
18,8169,711.451862970235,83,65
63,4322,2019.36104749372,71,8
13,4511,324.129778483559,46,33
13,4146,297.903361027009,15,2
77,4372,2920.27554717849,86,9
92,5141,4363.66980788247,95,3
57,4902,1894.34323625102,64,7
65,6165,3054.96935708627,81,16
66,9078,4628.52139648179,86,20
74,7574,4738.63645433413,75,1
29,1299,174.886393641207,67,38
14,7512,560.701888612061,64,50
80,8501,6023.80511513769,90,10
20,3450,324.943164181085,83,63
22,7866,801.648417400235,71,49
67,2873,1506.24137973754,82,15
61,9243,4062.49036782666,87,26
76,7340,4800.36346621226,84,8
88,9059,7296.38516473106,90,2
4,5319,278.640174397051,90,86
17,6146,514.853111294997,83,66
72,7541,4500.83425421026,89,17
50,8276,2507.99840834818,90,40
96,2351,2124.36653269168,99,3
34,5626,924.262207026224,81,47
42,1701,382.228530605669,68,26
51,6153,1932.88296112463,79,28
38,5861,1127.48077736878,73,35
66,1634,833.113456912453,84,18
10,7999,513.793971560497,85,75
44,2449,594.028506885729,75,31
49,7375,2155.25702539656,70,21
70,9189,5217.66268104838,85,15
66,3678,1875.27007008813,70,4
20,6118,576.232544481124,86,66
95,9790,8678.38825348567,97,2
26,3997,477.435270153665,68,42
19,7597,688.015310453625,72,53
72,4327,2582.56329637552,85,13
40,9986,2076.96507017155,78,38
82,8920,6551.70245871216,94,12
67,7382,3870.19626356509,68,1
26,7099,847.964218869369,88,62
29,7328,986.580055891275,76,47
20,5793,545.621956551022,52,32
72,3258,1944.53229017597,95,23
68,8485,4571.33101569706,86,18
90,4702,3889.18513674697,91,1
97,8029,7396.32961436016,98,1
47,3063,831.579735820104,71,24
89,1202,981.255221927053,90,1
19,3542,320.777968885974,82,63
64,9313,4482.49355495922,76,12
18,2536,220.864478454219,52,34
29,8705,1171.96771104442,62,33
75,3509,2245.37633986943,87,12
36,5882,1045.91756251846,74,38
18,1108,96.4975718167487,83,65
1,9889,478.951753201215,79,78
20,3217,302.997727295812,88,68
11,9653,643.377503649415,75,64
24,8711,960.931358739804,70,46
5,1248,67.418595760842,85,80
0,6492,419.592068156372,82,82
16,3849,310.201968458664,86,70
27,8157,1013.98584079656,63,36
8,8277,494.627315184932,58,50
36,8318,1479.07893319084,75,39
37,3522,651.440647157949,77,40
36,1168,207.689852604821,86,50
84,5143,3905.00014863628,91,7
77,1251,835.604919835383,77,0
21,5548,543.519201676474,91,70
9,6697,414.752831116852,90,81
51,7969,2503.35516288025,75,24
16,1350,108.800378648791,63,47
7,1033,59.6150215559724,58,51
22,8271,842.923221499789,77,55
13,2349,168.783163302567,58,45
93,7264,6248.1600753182,95,2
8,3474,207.603635731842,65,57
23,2376,251.916207621952,87,64
40,8248,1715.48246532895,88,48
1,6429,311.374337276834,51,50
61,3472,1526.01607238929,83,22
58,6642,2652.72534840378,74,16
4,5484,287.283834629334,71,67
4,6422,336.421733404373,80,76
15,1492,115.707481751449,68,53
10,5324,341.972634652842,72,62
23,5386,571.052480745722,86,63
12,4883,337.863770481497,59,47
58,2744,1095.91664498946,69,11
60,6160,2623.76677658691,91,31
48,6166,1737.08155385475,82,34
62,6414,2907.40634965658,81,19
81,5015,3619.22785059422,91,10
54,2118,739.380270830514,81,27
51,9278,2914.56007042326,91,40
40,7754,1612.73654657622,70,30
6,9100,507.752912327133,78,72
64,4262,2051.36771515475,67,3
49,1996,583.307528500548,74,25
80,4631,3281.52470158836,93,13
2,9504,471.216803644894,87,85
53,1826,615.67068031336,73,20
68,6928,3732.49042743067,73,5
77,6591,4402.45565678258,89,12
17,4779,400.338922694238,74,57
78,4603,3137.93518043566,90,12
57,5274,2038.10000570948,77,20
76,2501,1635.65518106224,88,12
65,6425,3183.8082918539,80,15
86,2109,1651.15205751459,87,1
68,8516,4588.03240184751,81,13
85,4082,3148.20607964652,85,0
95,5097,4518.2579088883,99,4
62,7250,3286.35734876991,79,17
28,3631,469.728474618343,52,24
55,9649,3486.04151543536,74,19
55,1187,428.845608749277,89,34
65,4215,2088.67734632905,71,6
52,4316,1404.91548218264,78,26
88,5099,4106.88464013287,97,9
93,9167,7885.03350914674,98,5
63,7122,3327.60050445402,76,13
22,2532,258.043960444622,91,69
56,4827,1804.03426646238,80,24
24,9282,1023.91974191515,65,41
66,1334,680.155049890583,82,16
99,3474,3308.57142857143,99,0
66,5605,2857.77290452528,73,7
59,6615,2729.03936980406,86,27
20,8425,793.52062557265,78,58
5,9250,499.697124028676,72,67
56,7256,2711.8443417135,78,22
65,1233,610.993871417253,84,19
21,5173,506.781692550901,29,8
85,9851,7597.49585756929,94,9
98,1566,1468.34676853959,99,1
34,3707,609.001066734129,69,35
60,3285,1399.20030212467,74,14
88,8327,6706.81082533564,96,8
23,7744,821.060232249326,77,54
89,7482,6107.94639805175,95,6
47,3496,949.135735039858,61,14
40,7749,1611.69660812731,89,49
55,7227,2611.00860524939,79,24
89,1776,1449.84132624163,96,7
92,6633,5630.07621779507,92,0
6,7447,415.52043275826,72,66
39,5873,1174.86230744915,64,25
36,4734,841.784043006183,77,41
64,9878,4754.43695220522,85,21
33,2269,358.242644201328,59,26
65,2585,1280.95633220892,87,22
16,2547,205.270047717386,77,61
33,5505,869.160756424994,72,39
65,3735,1850.82085137343,87,22
29,7375,992.90773911001,84,55
58,9777,3904.80212757358,79,21
13,9504,682.892798649468,72,59
35,9116,1558.13455551815,60,25
23,1022,108.35789738621,71,48
16,6200,499.675813053707,49,33
41,7507,1623.07416442459,61,20
20,5932,558.713869542666,85,65
77,3922,2619.69823788519,87,10
37,1705,315.362380296509,79,42
99,6625,6309.52380952381,99,0
82,3701,2718.36892373248,84,2
75,8418,5386.59960929634,93,18
75,9820,6283.72632018176,86,11
92,6715,5699.67764246855,96,4
66,4081,2080.74419685418,91,25
6,8637,481.918890524115,27,21
69,9318,5155.44180290668,83,14
24,1244,137.22863164646,69,45
91,9786,8199.58493667011,92,1
67,2625,1376.22123975323,76,9
83,5684,4246.14440241132,86,3
70,2585,1467.804769889,94,24
29,1285,173.001551831371,66,37
70,4248,2412.08304158162,83,13
35,1084,185.280589971663,66,31
89,3576,2919.27510283789,89,0
9,6340,392.643414854538,81,72
26,3037,362.76480246602,79,53
83,3087,2306.09566682684,85,2
0,5677,366.916847030765,75,75
34,7227,1187.28101140749,35,1
98,2301,2157.51335530626,98,0
78,6473,4412.74265108842,94,16
48,7765,2187.55080533281,81,33
59,6539,2697.68532715778,94,35
30,8059,1129.12811972079,61,31
95,3716,3294.06442798292,95,0
15,7480,580.088447386619,88,73
74,1255,785.184677870257,85,11
59,1403,578.812129377943,60,1
76,4849,3171.24828987238,81,5
17,7902,661.954000236424,86,69
16,2587,208.493762640313,81,65
56,7606,2842.6527099053,81,25
75,5776,3696.00847508858,78,3
45,6012,1514.49626032614,92,47
1,8669,419.863762615161,59,58
43,2082,486.127592542492,79,36
10,8208,527.218517135712,89,79
17,2536,212.441830498554,86,69
65,9664,4788.84409843985,84,19
84,2776,2107.77375318186,93,9
44,3308,802.38721959085,75,31
98,8518,7986.83127357614,98,0
67,2502,1311.73544451908,86,19
76,7373,4821.94548179605,90,14
2,5601,277.702579673301,58,56
46,7613,1991.21112779463,64,18
42,4149,932.314034969383,53,11
65,1710,847.363763279402,78,13
4,2141,112.158039741321,77,73
3,4587,233.487586169746,74,71
26,2771,330.991527044234,70,44
8,4239,253.319462253102,78,70
70,6014,3414.84637760637,78,8
51,9590,3012.57071301564,85,34
48,8533,2403.91127133354,87,39
55,3867,1397.09011713012,61,6
57,3634,1404.33360272056,82,25
40,6569,1366.27113418355,82,42
0,7692,497.150675948678,88,88
92,9063,7692.65502214333,95,3
81,4334,3127.76341066308,83,2
27,2040,253.589691703444,84,57
82,8297,6094.11158071018,82,0
82,2662,1955.22779653495,84,2
47,6873,1865.96393218791,58,11
76,5297,3464.24050143411,77,1
72,2819,1682.51581522593,81,9
63,5782,2701.51447862302,92,29
83,3598,2687.83032369387,83,0
16,7436,599.288604172155,62,46
15,6483,502.769171712226,81,66
95,7465,6617.3818500787,95,0
73,7785,4758.89418518778,84,11
22,2522,257.024829479201,85,63
44,7750,1879.83704710674,91,47
39,3511,702.356812779495,78,39
68,9683,5216.75877725334,88,20
62,7463,3382.90826122343,82,20
8,2771,165.592882732566,79,71
20,8310,782.689186766614,70,50
54,9526,3325.46575067586,69,15
59,5057,2086.28149555542,64,5
90,4161,3441.7055197797,90,0
25,8463,971.412540707091,88,63
61,1264,555.55423833527,86,25
68,2529,1362.50985724194,72,4
21,4063,398.038665539206,86,65
46,7910,2068.89268630704,73,27
34,7846,1288.9728539509,77,43
89,3815,3114.38325428594,91,2
37,2234,413.207951661232,64,27
75,6933,4436.36197330144,79,4
25,8650,992.877050350506,80,55
75,5685,3637.77842466734,92,17
86,9925,7770.35759641171,98,12
65,1031,510.895929790096,73,8
8,7133,426.262732779282,79,71
80,3559,2521.9059410393,84,4
75,1351,864.49228702297,90,15
87,5886,4675.22119790661,96,9
20,5162,486.190322754424,85,65
84,1614,1225.48517205891,91,7
68,1830,985.920537268782,88,20
16,2457,198.0166891408,90,74
12,3153,218.16188169735,64,52
18,3245,282.61247341638,86,68
35,4243,725.226515913067,81,46
24,4718,520.453926131833,71,47
47,2452,665.698175720175,71,24
21,5272,516.480394960053,88,67
4,1622,84.9697993743216,73,69
20,1791,168.687886100963,50,30
77,2637,1761.38303245876,90,13
70,7674,4357.42120082329,75,5
54,1345,469.530908530237,81,27
30,6210,870.06894446781,71,41
29,7315,984.829845639284,62,33
77,3482,2325.80042435396,88,11
16,3420,275.627625910271,72,56
16,2850,229.689688258559,28,12
18,6616,576.19849741842,68,50
58,4904,1958.59155503947,86,28
9,8610,533.2270980911,14,5
11,5481,365.311519476064,83,72
78,4954,3377.21722439241,83,5
79,8829,6138.55149058663,86,7
84,2444,1855.69130143244,96,12
80,1420,1006.21141789149,85,5
3,4030,205.135158548959,79,76
95,1565,1387.30108444383,95,0
75,2110,1350.16930097592,84,9
19,1958,177.32446727237,65,46
36,6404,1138.73785623397,85,49
17,6200,519.376714941259,89,72
77,2463,1645.15980619868,91,14
60,3315,1411.97838707558,88,28
34,6435,1057.16802385598,47,13
2,4113,203.926211425868,83,81
53,3986,1343.9558224146,71,18
74,7640,4779.929035003,78,4
0,2572,166.233949368175,30,30
67,9821,5148.90239833009,87,20
13,5290,380.103420123704,82,69
92,9615,8161.19144189652,92,0
84,8026,6094.0173425928,87,3
39,7624,1525.14051285414,90,51
87,3297,2618.79107874585,87,0
14,9311,694.980735472165,81,67
88,5086,4096.41405760262,93,5
15,8985,696.804104247162,62,47
28,1536,198.706399618225,82,54
12,1852,128.143293657942,73,61
28,8426,1090.03914269737,74,46
19,8299,751.59129412329,61,42
15,6571,509.593741681481,82,67
54,1587,554.01156270445,92,38
89,6708,5476.08987411537,93,4
41,2332,504.197276067423,66,25
87,6526,5183.57008792704,88,1
4,6746,353.394738951402,73,69
37,7489,1385.18995075692,69,32
28,4396,568.693575990701,71,43
39,4671,934.408622185423,91,52
74,5151,3222.69822765713,74,0
20,5192,489.015915486433,86,66
27,7194,894.27658927185,45,18
8,8781,524.745977363645,63,55
43,6045,1411.4511512581,74,31
43,2803,654.474371708264,44,1
98,8630,8091.84713441678,98,0
77,8481,5664.88035581445,89,12
82,7569,5559.39864461798,91,9
67,8596,4506.66581977858,89,22
68,5584,3008.40452464966,71,3
39,6943,1388.91009715979,83,44
93,3682,3167.08774742864,93,0
13,3518,252.77955236204,87,74
46,7643,1999.05774986659,77,31
57,8488,3280.12757839629,70,13
90,3771,3119.12317113416,91,1
3,1098,55.8904228503119,81,78
47,8558,2323.42780905924,87,40
2,1040,51.5641283449799,72,70
47,1056,286.695462300369,71,24
82,3970,2915.94829160171,89,7
80,2011,1424.99377561956,80,0
19,9660,874.849006052655,85,66
69,4431,2451.5735810989,74,5
22,1499,152.767731716622,87,65
27,3516,437.069292171229,80,53
59,7662,3160.98256257576,79,20
12,7956,550.49030472062,75,63
49,3175,927.856414323266,83,34
63,9913,4631.63490601695,93,30
71,3162,1841.38847286955,75,4
89,4740,3869.5089450368,97,8
8,7697,459.96694997927,90,82
22,4815,490.711559850258,83,61
87,5823,4625.18060404523,96,9
8,3681,219.973800555242,86,78
99,9711,9248.57142857143,99,0
46,7168,1874.81956706054,92,46
17,1624,136.043191139452,82,65
51,5621,1765.76225003763,83,32
2,5129,254.300398347502,82,80
0,1813,117.178129939541,78,78
65,5606,2777.96564733587,70,5
98,8283,7766.48549413374,98,0
80,5861,4153.10219736761,80,0
5,1444,78.0067726591793,87,82
26,9669,1154.9466167415,81,55
41,1812,391.769066995785,77,36
73,6680,4083.4185172838,87,14
85,5219,4025.10718512375,87,2
51,5701,1790.89318403568,81,30
86,1598,1251.08629108977,98,12
52,7153,2328.39676646256,68,16
99,1362,1297.14285714286,99,0
28,3356,434.152784582528,66,38
11,6003,400.103092759499,75,64
31,6253,911.726170408971,85,54
86,5534,4332.61047239722,89,3
95,2808,2489.16386269538,97,2
72,3951,2358.14827455042,84,12
6,5722,319.270567509435,70,64
44,9213,2234.70176967669,76,32
14,8449,630.640343035584,86,72
98,9185,8612.23823054671,99,1
82,9412,6913.0743880492,87,5
88,6992,5631.56254242185,93,5
85,8479,6539.3530988052,87,2
8,8606,514.288108551592,66,58
34,8593,1411.69305811879,76,42
93,8059,6931.98266065382,94,1
44,8225,1995.05286612296,80,36
28,7759,1003.75192359232,81,53
28,1933,250.064759415383,63,35
54,4574,1596.75418261509,86,32
41,1681,363.445806633507,78,37
52,7385,2403.91585632965,81,29
62,7466,3384.26813322981,81,19
12,3270,226.257327355006,82,70
23,3161,335.146099449912,78,55
95,7947,7044.65285500006,98,3
6,6971,388.961049651917,79,73
52,9079,2955.33541768679,90,38
62,6901,3128.15890536016,86,24
12,7469,516.793877068666,77,65
95,8038,7125.32020240223,98,3
93,2568,2208.87597376337,93,0
48,1204,339.190105553214,61,13
47,2051,556.829917782251,62,15
66,3936,2006.81430012694,91,25
54,8435,2944.60461966732,73,19
43,7776,1815.62351566303,73,30
90,1825,1509.51996481566,90,0
18,1791,155.981183324726,84,66
29,9130,1229.18612312873,84,55
49,5084,1485.73921588015,83,34
57,2624,1014.02624478227,87,30
20,1021,96.1643393127212,84,64
31,4616,673.041420535393,59,28
13,1980,142.269333051972,91,78
21,7154,700.853707424927,67,46
46,8003,2093.21721473012,79,33
66,4827,2461.10076898189,81,15
7,5126,295.82439544619,75,68
61,1353,594.67158581299,75,14
14,1278,95.3909762574833,82,68
31,3684,537.150041865769,57,26
54,2564,895.076021911916,68,14
7,6007,346.667409958109,85,78
49,8904,2602.08929547539,93,44
50,2897,877.920660824637,52,2
11,5699,379.841333605928,86,75
94,6369,5556.5527339999,96,2
65,5565,2757.64873839174,66,1
94,4364,3807.31608277211,94,0
85,4556,3513.77435053149,86,1
53,9806,3306.2796775207,62,9
87,2403,1908.69122299857,88,1
42,2662,598.173044369365,56,14
80,1041,737.652173257068,93,13
83,2850,2129.04847763411,87,4
69,1583,875.838632110032,78,9
56,5283,1974.45888330656,87,31
35,7434,1270.64197956581,62,27
87,8452,6713.38252883226,90,3
15,1973,153.009960787941,90,75
48,6101,1718.76979566458,86,38
9,9895,612.808610407832,57,48
71,4283,2494.2020333018,73,2
55,2015,727.989807607239,65,10
58,6794,2713.43210133322,58,0
5,2862,154.608991240008,86,81
55,8059,2911.59794516463,73,18
35,8980,1534.88902024495,70,35
99,5229,4980,99,0
99,9343,8898.09523809524,99,0
14,8782,655.495738257604,87,73
68,6241,3362.36616016091,85,17
53,1886,635.900823149505,71,18
48,7842,2209.24319580424,78,30
66,5352,2728.77798127017,91,25
28,3805,492.238183950095,50,22
37,2073,383.428864724142,84,47
21,9549,935.483932373586,74,53
35,9313,1591.80639705359,74,39
32,4333,657.449472962207,86,54
90,4210,3482.23509691721,98,8
3,4503,229.211816115623,74,71
78,8064,5497.3515739807,81,3
76,8100,5297.40382511162,87,11
10,2773,178.116099904645,87,77
83,3482,2601.17431548139,91,8
76,3293,2153.62355507316,93,17
57,5497,2124.27677879882,75,18
22,5059,515.578355406533,80,58
96,5953,5379.13822590965,96,0
63,5923,2767.39367984852,79,16
32,2747,416.804454702789,61,29
61,7663,3368.04756990757,70,9
4,4817,252.342492963075,68,64
85,3530,2722.48100469187,88,3
65,4307,2134.26650786221,82,17
85,5235,4037.44704236882,86,1
41,6011,1299.62685524926,92,51
91,8383,7024.02621337682,91,0
21,1701,166.641341393598,69,48
41,6077,1313.89658947758,78,37
88,5299,4267.97052521359,88,0
13,4907,352.583645093954,82,69
22,8818,898.669685308323,56,34
49,3545,1035.98456339401,68,19
79,9735,6768.46740977017,80,1
25,1915,219.810352765459,71,46
52,1868,608.058878757453,69,17
94,4522,3945.16116551225,94,0
24,5469,603.298542182067,80,56
97,6589,6069.79895740679,97,0
47,6718,1823.88268535405,73,26
17,5979,500.86344816674,63,46
58,3974,1587.16207987904,76,18
41,4599,994.341026000891,60,19
98,7120,6676.00829629751,98,0
70,6852,3890.67631848335,88,18
49,8301,2425.86963631415,79,30
84,9296,7058.30864898363,85,1
61,2210,971.340875570369,82,21
76,7820,5114.28369288554,92,16
92,1498,1271.49919708383,94,2
18,3247,282.78665675901,47,29
10,4929,316.600885838441,64,54
27,6625,823.544954674174,78,51
1,1872,90.6661626041737,66,65
42,8988,2019.67668023736,75,33
1,5112,247.588367111397,65,64
21,4537,444.47487707393,48,27
36,6096,1083.97032660872,75,39
18,7897,687.762928372621,85,67
17,2525,211.520355681723,84,67
2,5700,282.611088044602,89,87
19,4075,369.048623153682,70,51
48,8092,2279.67303499718,83,35
1,4642,224.824960902016,81,80
35,5857,1001.09632422881,73,38
2,1890,93.7078870884732,2,0
86,6530,5112.38640852075,90,4
31,9195,1340.68801166008,79,48
68,7607,4098.30465956482,89,21
82,8062,5921.50506974635,91,9
81,9089,6559.35432383865,87,6
66,5947,3032.14548853021,83,17
28,4788,619.405105059935,82,54
64,2574,1238.90673364813,74,10
37,3587,663.463259896526,72,35
6,9732,543.016631073369,81,75
29,7225,972.713005433196,91,62
99,9975,9500,99,0
61,6540,2874.46575847521,86,25
95,1207,1069.95042103751,96,1
52,5482,1784.46401142846,76,24
8,9428,563.410212343064,52,44
89,7244,5913.6545987018,90,1
65,7011,3474.19142944555,73,8
82,3174,2331.2896416987,92,10
50,7473,2264.65346853383,67,17
73,2599,1588.74322251805,79,6
66,9251,4716.72741119774,85,19
21,7893,773.251092075056,60,39
26,1831,218.710027433415,79,53
8,4508,269.394700598487,75,67
99,9638,9179.04761904762,99,0
21,3274,320.742946339001,79,58
4,1958,102.571434756425,86,82
68,5751,3098.37650810534,72,4
9,2808,173.902635475007,82,73
52,5051,1644.16777120123,71,19
47,4002,1086.51064405878,86,39
77,1153,770.145861367063,86,9
81,7978,5757.56725663822,86,5
32,2612,396.320799302397,65,33
98,1560,1462.7209188517,98,0
23,3609,382.645451728799,82,59
70,4326,2456.37270194964,75,5
74,1232,770.794839152316,76,2
16,5894,475.014393893314,86,70
62,7030,3186.63340163482,82,20
52,3664,1192.68079859064,86,34
79,6053,4208.47798986532,90,11
34,4015,659.600561893048,78,44
98,5943,5572.40411585619,98,0
80,2155,1527.03211658884,86,6
2,3728,184.837567759697,63,61
79,1572,1092.9666942125,83,4
28,9818,1270.11681735139,61,33
67,3988,2090.80773490891,85,18
97,9857,9080.28658721486,99,2
78,4188,2855.02336208224,87,9
85,2485,1916.53407837374,90,5
19,3241,293.518181016217,39,20
44,7289,1768.01706275626,89,45
59,3899,1608.54489839244,79,20
50,9700,2939.53414221573,61,11
46,4327,1131.74445684584,77,31
52,4603,1498.33780456133,64,12
16,5345,430.768906576139,90,74
93,3950,3397.60907179335,94,1
63,9213,4304.57504177688,79,16
93,7073,6083.87062399857,99,6
8,8182,488.950186401246,87,79
55,7599,2745.40672357688,83,28
53,4965,1674.04431969104,83,30
65,7052,3494.50833838968,90,25
21,3450,337.98508395527,70,49
23,7971,845.127984408494,82,59
21,3686,361.10522303163,83,62
62,3127,1417.43992132462,75,13
46,8749,2288.33655025288,80,34
58,4704,1878.71424855335,90,32
25,5301,608.467195827518,91,66
62,6298,2854.82463207626,77,15
85,8327,6422.1244549771,93,8
4,7461,390.850599957962,62,58
38,6948,1336.58700582807,70,32
86,2288,1791.29251189824,91,5
70,9928,5637.27882222748,72,2
62,2367,1072.93901303978,89,27
82,2433,1787.02826031914,93,11
18,1997,173.922067615566,75,57
25,3384,388.427276114002,63,38
84,2161,1640.81378985086,86,2
45,4100,1032.84009769414,55,10
39,8909,1782.19790517019,83,44
22,1870,190.577490533745,91,69
89,8416,6870.41925768559,93,4
23,6500,689.164709403489,87,64
25,1195,137.166251464608,65,40
58,7728,3086.45912262337,75,17
38,8715,1676.50485834652,80,42
32,9057,1374.22568119518,83,51
2,7946,393.969772912703,73,71
51,5605,1760.73606323802,85,34
71,4175,2431.30830937077,80,9
36,3570,634.805457019872,87,51
11,1029,68.5833887138971,60,49
69,8077,4468.82415132832,76,7
8,5171,309.015083583579,78,70
13,8753,628.931046567634,60,47
98,9593,8994.79600932331,99,1
47,2344,636.377048894001,88,41
3,7213,367.156302385519,68,65
65,7586,3759.12368902781,73,8
52,5981,1946.89515730639,58,6
84,7837,5950.512573374,91,7
69,6494,3592.98551921829,74,5
67,4398,2305.76038568942,84,17
56,1320,493.334417180515,60,4
51,6554,2058.85176778983,63,12
95,4076,3613.18800012335,96,1
62,1216,551.201453255753,68,6
83,4015,2999.34373252665,84,1
60,7146,3043.73983530682,91,31
34,3189,523.901915785039,76,42
25,3113,357.320954652153,83,58
38,3934,756.783719189351,63,25
20,5571,524.712570334152,82,62
82,6467,4749.98428256632,86,4
76,2457,1606.87916028386,96,20
45,1014,255.438990015088,60,15
43,8668,2023.89720084453,89,46
34,1122,184.326732364633,87,53
59,1841,759.510427786738,63,4
62,4100,1858.49174206298,83,21
96,4152,3751.75237930067,96,0
3,4406,224.274319743601,62,59
27,3967,493.132503425275,56,29
18,7642,665.554552187359,39,21
25,2593,297.633548157094,53,28
32,5757,873.514104741156,52,20
78,3764,2565.97610670428,90,12
14,4534,338.421507317237,86,72
28,7586,981.371580406155,83,55
1,9362,453.427678579206,44,43
17,6097,510.748359838203,65,48
17,4908,411.145309182532,88,71
25,5096,584.936583651582,53,28
79,5335,3709.27310026953,91,12
30,6757,946.707867595651,54,24
3,6489,330.303236680942,5,2
66,3131,1596.37590795159,92,26
63,7312,3416.37389617633,83,20
67,1126,590.333377509387,78,11
57,2228,860.994845036161,65,8
32,3998,606.619661413087,82,50
53,8008,2700.04973053088,87,34
24,5354,590.61261562311,81,57
64,2597,1249.9769958369,79,15
71,5321,3098.68060219446,73,2
39,6121,1224.47338394283,51,12
25,2242,257.344548772929,59,34
12,3997,276.559797381639,64,52
19,1471,133.219760652532,86,67
87,6507,5168.47848025456,92,5
96,6096,5508.35320429115,97,1
3,5379,273.801989537184,77,74
75,1302,833.137644488458,85,10
78,3268,2227.84535513007,81,3
48,5029,1416.76664520524,66,18
33,8488,1340.13378756319,73,40
38,1367,262.969838366,52,14
21,1528,149.693103850334,74,53
86,7451,5833.44427716511,97,11
25,3981,456.953010109291,82,57
46,2916,762.691665394606,79,33
8,6118,365.607093669375,70,62
11,4816,320.988921327627,84,73
92,3149,2672.86446703402,95,3
34,9344,1535.07039858746,80,46
57,6648,2569.07258967702,74,17
28,8592,1111.51392286445,50,22
0,5521,356.834228017765,78,78
35,9936,1698.29145937126,73,38
58,1370,547.159549429867,88,30
13,3062,220.01449384098,42,29
72,9516,5679.60996725432,82,10
20,1387,130.636570643236,73,53
75,6071,3884.77622095962,79,4
16,3975,320.356670465885,81,65
58,2957,1180.98597639717,84,26
36,2981,530.071447444324,79,43
98,9812,9200.13952293134,99,1
76,3776,2469.50578316315,87,11
62,7819,3544.27973931475,65,3
21,1602,156.942638984447,81,60
72,6275,3745.22410093746,93,21
28,5370,694.696201790278,76,48
10,6217,399.332056656033,79,69
32,2130,323.186562983961,69,37
19,8141,737.282169593651,56,37
42,5742,1290.27408744136,80,38
1,9904,479.678244888748,74,73
16,9981,804.397466143395,64,48
41,5889,1273.2494677363,62,21
11,9335,622.182637166404,74,63
28,6023,779.172294857141,61,33
34,7143,1173.48114909142,45,11
41,7381,1595.83194453415,55,14
66,4603,2346.89182507223,94,28
45,4275,1076.92473601036,92,47
29,2324,312.883740432768,85,56
3,3348,170.419977871443,90,87
63,3672,1715.66260212794,73,10
2,5321,263.819929734268,57,55
57,3783,1461.91359908968,92,35
64,5240,2522.09451605136,72,8
69,9861,5455.87160532977,71,2
87,1200,953.1541687883,96,9
62,6267,2840.77262134359,91,29
3,8440,429.613086390375,69,66
76,2863,1872.40335201168,87,11
72,2426,1447.95436954172,75,3
90,1539,1272.95957580893,91,1
18,7900,688.024203386566,75,57
23,7622,808.125140780522,70,47
57,1417,547.589629899569,89,32
19,6031,546.19196226745,60,41
77,1615,1078.73856557485,78,1
10,5473,351.543243699287,76,66
74,9402,5882.31580982961,83,9
54,5252,1833.43965174781,67,13
40,5330,1108.57438654259,79,39
69,7735,4279.60317079665,82,13
69,6964,3853.02604801912,81,12
63,4702,2196.90783093833,63,0
3,1258,64.0347467629256,71,68
33,5723,903.579838150816,45,12
70,9924,5635.00755759322,91,21
71,4903,2855.25859660955,72,1
2,1973,97.8231011775437,82,80
15,2488,192.949205494373,86,71
73,7065,4318.7652432051,93,20
59,8472,3495.15064867422,74,15
53,1662,560.374956561229,77,24
77,6614,4417.81849703535,77,0
14,9621,718.119391684857,77,63
10,1147,73.6744199749831,85,75
90,5310,4392.08274694309,90,0
86,3234,2531.92306970232,88,2
66,4341,2213.30814960646,90,24
92,8513,7225.81619811389,99,7
48,9953,2803.95275794945,83,35
16,2985,240.569726123438,78,62
13,2830,203.344551786405,39,26
48,6522,1837.3736448655,67,19
19,2439,220.8857894164,77,58
81,1512,1091.18095914226,93,12
0,1709,110.456383930875,79,79
39,9415,1883.42050479036,70,31
26,3084,368.378877446561,88,62
66,1005,512.410663523265,78,12
11,4134,275.533264279155,71,60
75,4644,2971.65224347496,83,8
76,1835,1200.09086655307,79,3
10,8804,565.500953321492,86,76
82,4007,2943.12463588112,83,1
75,9544,6107.11649692614,78,3
18,6428,559.825263211246,62,44
94,3654,3187.88564767399,97,3
12,8542,591.036724852129,77,65
48,7141,2011.75792670723,78,30
24,5180,571.418257177383,82,58
52,7144,2325.46714659703,82,30
44,1567,380.090922944033,63,19
99,1668,1588.57142857143,99,0
0,5822,376.288512139002,61,61
33,6480,1023.09931001525,69,36
4,3754,196.656366739336,83,79
1,1514,73.3272276617089,49,48
8,9397,561.557675582071,75,67
41,7939,1716.4760611918,49,8
33,2768,437.027606500342,79,46
22,3504,357.103490283552,85,63
35,5561,950.503100398908,82,47
22,3317,338.045741230178,80,58
59,4763,1964.99085689746,69,10
33,4571,721.695516370327,84,51
75,3673,2350.31840876045,94,19
0,9146,591.125855723688,71,71
89,8553,6982.25949512652,91,2
1,7505,363.488007662566,86,85
2,5417,268.57969542765,67,65
71,5157,3003.1753177066,92,21
50,4547,1377.94450975824,86,36
76,7005,4581.2733080132,89,13
54,5485,1914.77846341141,88,34
27,3931,488.657391218744,83,56
50,2446,741.247475449451,69,19
23,4311,457.075240344375,78,55
18,9111,793.492217348734,80,62
77,6478,4326.97735467115,81,4
85,7397,5704.87025260786,95,10
4,2895,151.656947711875,86,82
14,7158,534.279036033697,71,57
43,1182,275.985981933346,67,24
78,8785,5988.86825116821,78,0
47,5784,1570.30923669066,72,25
27,7163,890.423020427337,56,29
70,5020,2850.43711599334,76,6
67,1795,941.07319061221,74,7
72,2405,1435.4205518334,79,7
15,6446,499.899750247881,56,41
0,7024,453.976384277628,85,85
97,6623,6101.11982014041,99,2
95,5892,5222.98913069842,98,3
82,2739,2011.78397246778,84,2
10,4064,261.039967548676,86,76
23,1396,148.011374511888,72,49
62,4139,1876.17007814602,82,20
21,5813,569.480374791879,77,56
62,4072,1845.7996033367,70,8
63,1178,550.395028678298,84,21
24,7602,838.594901749511,77,53
46,2361,617.529157063328,83,37
48,1720,484.557293647449,67,19
73,5459,3337.03318650483,85,12
31,7800,1137.28836225651,78,47
77,2454,1639.14826001281,80,3
80,4755,3369.39105075635,81,1
95,3607,3197.44090197373,98,3
79,8661,6021.74588967842,84,5
33,8180,1291.50499319827,68,35
47,2508,680.901722963376,80,33
80,6253,4430.87323667286,80,0
87,2629,2088.20192478703,98,11
83,3352,2504.05982351913,93,10
27,7807,970.477805455287,84,57
79,5161,3588.29587075746,84,5
64,7152,3442.3702249617,74,10
94,4638,4046.36388448603,96,2
77,6543,4370.39407712463,87,10
79,8451,5875.73888854317,95,16
4,3729,195.346721249596,79,75
31,7312,1066.13493651534,83,52
42,2551,573.230441843069,87,45
25,3684,422.86231832269,88,63
50,7706,2335.26289689839,90,40
20,7882,742.377397123279,56,36
56,3014,1126.44691922884,76,20
51,3660,1149.74023041056,71,20
7,7330,423.018497584974,72,65
70,9800,5564.59835393123,79,9
50,4469,1354.30701871774,59,9
55,7909,2857.40515551645,86,31
34,8244,1354.35791587703,91,57
51,9140,2871.20920927663,84,33
65,2152,1066.38995238437,94,29
77,3072,2051.94109810895,78,1
91,4661,3905.40214488242,94,3
64,3991,1920.93114762614,86,22
29,9020,1214.37665176573,76,47
24,6606,728.723746508454,89,65
53,1437,484.511920925684,69,16
76,2091,1367.51498744548,85,9
87,4840,3844.38848077948,90,3
6,2888,161.141803384699,80,74
63,1943,907.824737454952,84,21
21,2804,274.698601568283,76,55
93,8405,7229.59601225901,94,1
63,6665,3114.077135943,64,1
49,3825,1117.81127079889,66,17
63,1380,644.775160930434,88,25
15,4238,328.665085564772,76,61
96,1390,1256.00573391809,99,3
79,8272,5751.28530186121,84,5
11,3134,208.882740747671,87,76
48,5757,1621.85833693509,63,15
33,5377,848.951387338273,59,26
17,8225,689.011851676106,72,55
17,4759,398.663513936363,79,62
45,5355,1348.98993247613,55,10
45,7156,1802.6838388047,84,39
52,2912,947.89478315937,91,39
40,9607,1998.13773574385,82,42
35,4094,699.758980944638,54,19
48,6468,1822.16079959983,87,39
0,3036,196.223277714533,61,61
34,3205,526.530460988099,82,48
71,7156,4167.29155972628,92,21
53,9196,3100.60655868656,88,35
78,4500,3067.71851226601,94,16
75,9129,5841.56187137875,89,14
45,6051,1524.32083686518,85,40
25,1281,147.037630231098,74,49
52,1620,527.331575796078,60,8
22,5262,536.266714004581,83,61
50,4030,1221.27037042571,87,37
14,2362,176.301632175411,72,58
31,8702,1268.80555491746,66,35
70,7177,4075.21657001678,79,9
84,4146,3147.99350889481,86,2
37,4528,837.513699696534,87,50
65,7493,3713.03899313015,82,17
10,3164,203.230919617129,70,60
15,9563,741.629120636128,60,45
6,8559,477.566722704169,31,25
24,9071,1000.64382448958,72,48
15,9839,763.033453721517,66,51
45,5994,1509.96184038505,67,22
17,1193,99.9381324072455,65,48
21,3655,358.068255610583,59,38
57,4255,1644.31466141331,84,27
24,8251,910.187652503974,87,63
1,1931,93.5236965751386,86,85
53,3790,1277.87068914985,55,2
57,7410,2863.54210130967,91,34
6,1822,101.662176512092,88,82
36,6655,1183.36983654545,67,31
44,6281,1523.51696682289,58,14
66,9655,4922.71139932052,80,14
10,6175,396.634301085894,71,61
83,3086,2305.34863227328,83,0
19,9542,864.162444695076,84,65
70,8921,5065.48795055311,73,3
17,8999,753.85017060587,91,74
65,3071,1521.78603335149,83,18
12,3881,268.53354356721,76,64
67,9572,5018.35798358779,85,18
16,9610,774.497510233246,79,63
49,9244,2701.45029732418,90,41
35,3020,516.187621507769,85,50
69,6214,3438.06775737949,84,15
65,1322,655.096429856942,80,15
48,2638,743.175663163936,77,29
64,8772,4222.10173564934,69,5
98,6878,6449.09902555256,98,0
34,7237,1188.9238521594,73,39
25,2294,263.313289422435,41,16
34,2769,454.902604204695,61,27
8,2610,155.971643425477,74,66
82,9268,6807.3069940969,89,7
17,8751,733.075102008219,80,63
7,5134,296.286080027456,84,77
17,4424,370.600417241957,76,59
9,9130,565.43128984573,73,64
81,2016,1454.90794552302,84,3
38,1588,305.483616185229,73,35
81,5703,4115.74405422509,84,3
31,2360,344.10263268274,65,34
25,1388,159.319461952197,67,42
48,2910,819.803328205858,90,42
3,2222,113.104298336423,46,43
25,4388,503.669884039078,76,51
81,2747,1982.45641188082,88,7
50,2552,773.370219683974,87,37
82,4448,3267.03727986006,89,7
81,2662,1921.11356695549,89,8
26,8719,1041.47063309227,54,28
89,5584,4558.51011584082,91,2
95,1248,1106.29505008684,99,4
64,4375,2105.75639460395,71,7
52,5260,1712.20005474529,66,14
91,2093,1753.70235769983,93,2
31,3629,529.130700849857,89,58
79,4870,3385.97188347003,84,5
25,7424,852.152511191001,46,21
22,4206,428.646484056113,67,45
11,4870,324.588049598327,69,58
3,7427,378.04933561864,81,78
93,5205,4477.1025870087,99,6
19,5792,524.547147314387,86,67
88,8423,6784.13205017438,97,9
50,2935,889.436361587956,68,18
16,3206,258.38075107261,67,51
45,2725,686.46079663818,86,41
88,9198,7408.33985486216,94,6
82,6391,4694.16260242482,83,1
4,1127,59.0388186774725,74,70
43,6300,1470.99127426402,72,29
75,8001,5119.76520242101,83,8
97,2585,2381.30676960033,97,0
64,6662,3206.52550876606,81,17
18,1081,94.1460966912503,82,64
58,2288,913.796386201121,86,28
24,9770,1077.75219548707,79,55
84,3338,2534.49163837213,91,7
46,6613,1729.65705872926,65,19
46,3579,936.102013184944,78,32
88,9724,7831.99573262444,94,6
62,3852,1746.07565620161,91,29
35,1727,295.184113358913,51,16
43,4456,1040.43446319373,86,43
10,2333,149.853898693667,85,75
88,1878,1512.59646090793,88,0
23,9422,998.970752615334,84,61
71,9215,5366.34875948542,79,8
19,4320,391.236822582554,89,70
72,5909,3526.77756373537,89,17
75,7801,4991.78706962708,95,20
21,5078,497.474856905756,86,65
44,2565,622.165422687585,68,24
81,4822,3479.9435085873,88,7
22,9345,952.377887186015,56,34
26,7747,925.366784558529,79,53
94,3947,3443.50975680603,94,0
79,5845,4063.86153159801,81,2
97,1421,1309.02782189635,98,1
83,6442,4812.39659400664,90,7
53,5175,1744.84981961754,87,34
85,4724,3643.34285160464,90,5
16,5937,478.479887435461,84,68
71,1551,903.223757565045,80,9
36,5206,925.713503990323,74,38
49,5003,1462.06791838088,70,21
16,3350,269.986124795148,66,50
26,9403,1123.17334131972,86,60
53,8210,2768.15787807924,89,36
64,5290,2546.16030341826,76,12
93,7349,6321.27318192641,97,4
66,6914,3525.18142049737,72,6
39,4691,938.409515451043,82,43
10,1117,71.7474517105982,63,53
54,7298,2547.68518249343,82,28
66,1706,869.823474597702,70,4
0,2283,147.555251324861,81,81
56,5022,1876.91321445496,82,26
95,5819,5158.27796190328,95,0
73,7494,4581.00873780311,88,15
28,6557,848.253816599414,58,30
77,4950,3306.35040222633,84,7
79,4191,2913.88257979936,86,7
17,5134,430.07742814652,50,33
49,6584,1924.09657697776,83,34
22,9422,960.225195619757,81,59
99,8237,7844.7619047619,99,0
21,9493,929.9977976775,80,59
10,5337,342.807654234076,66,56
3,5545,282.25172559652,64,61
63,4479,2092.715902759,83,20
68,1800,969.757905510278,79,11
66,7201,3671.51162988163,67,1
87,2067,1641.80805573785,88,1
17,6337,530.853264932703,86,69
70,6071,3447.21189864454,72,2
81,2501,1804.92300186164,81,0
13,4549,326.860200026981,22,9
6,6426,358.551671935622,84,78
84,4756,3611.1570497597,98,14
48,1579,444.834864342629,78,30
42,5779,1298.58828828346,79,37
40,3911,813.439854740729,84,44
68,3183,1714.85522957734,83,15
0,2316,149.688113039149,73,73
61,4482,1969.93203814769,87,26
45,5610,1413.22754830833,53,8
28,5337,690.42711898598,78,50
15,4940,383.106541455869,65,50
71,4845,2821.48233746141,94,23
95,4845,4294.87140839,95,0
79,3255,2263.1085175965,93,14
37,5229,967.17295400026,80,43
58,6528,2607.19528370669,63,5
50,4950,1500.07154680081,69,19
3,5441,276.957915053321,83,80
47,4540,1232.57329435954,84,37
58,5742,2293.27746921627,78,20
88,9876,7954.42100528579,91,3
51,4034,1267.22734685142,92,41
5,1955,105.611662429845,77,72
54,9336,3259.13796434073,88,34
39,2071,414.292497654894,65,26
22,6860,699.123842278872,45,23
35,1904,325.437493824765,78,43
50,3592,1088.53676689061,67,17
42,9101,2045.06869902539,73,31
68,6185,3332.1959142117,86,18
65,6924,3431.07993973484,86,21
93,7922,6814.14153588529,99,6
21,3398,332.89081602319,56,35
8,5856,349.950170076472,91,83
55,6550,2366.41848130393,62,7
5,8191,442.488555991231,49,44
99,2970,2828.57142857143,99,0
66,9166,4673.38919587488,88,22
80,7428,5263.47775499856,81,1
66,3027,1543.35032685067,81,15
61,3024,1329.11077272615,61,0
89,7924,6468.77402541594,92,3
89,5648,4610.75665011979,89,0
75,5717,3658.25492591437,93,18
38,9300,1789.04132904447,83,45
47,9045,2455.64437169208,73,26
71,8876,5168.93234825747,74,3
74,2145,1342.00887173841,84,10
84,3826,2905.02247106405,85,1
5,4507,243.474047351053,81,76
26,2413,288.22899846905,76,50
25,7228,829.654950281325,91,66
37,2848,526.775401222555,78,41
58,3306,1320.37187621543,84,26
51,2697,847.22661240909,81,30
93,3364,2893.55871329439,96,3
51,6140,1928.79918434995,71,20
51,1880,590.576948954056,65,14
27,4412,548.449862644899,89,62
34,2562,420.895800640097,79,45
28,2436,315.135930644528,88,60
25,1496,171.716077147325,55,30
59,4899,2021.09809110659,63,4
19,5650,511.687048053572,74,55
32,1905,289.047137316641,86,54
16,6740,543.195964513223,80,64
17,6287,526.664743038016,83,66
45,9073,2285.59956253145,75,30
9,2441,151.173907832796,80,71
86,4902,3837.81289043932,90,4
53,1856,625.785751731433,53,0
17,9180,769.012619864639,66,49
8,3496,208.918339239643,81,73
62,8969,4065.56400842998,82,20
72,1597,953.166994294361,74,2
40,1769,367.930223225863,66,26
95,2049,1816.3449980993,97,2
29,2805,377.641519756417,79,50
65,2932,1452.90675668726,93,28
15,6110,473.842301274364,76,61
51,1910,600.001049203323,87,36
68,7653,4123.08736159453,82,14
37,5451,1008.23480058432,62,25
31,7447,1085.81877355439,79,48
15,2299,178.29189044677,72,57
36,1253,222.804268248151,60,24
45,4579,1153.50605057109,75,30
93,3836,3299.55149351881,98,5
69,1963,1086.08416603411,86,17
51,4474,1405.44748384066,75,24
10,1012,65.003062785251,14,4
66,2387,1217.03905853735,77,11
40,2369,492.722837095573,68,28
81,6271,4525.65859443197,92,11
85,5441,4196.32270439899,89,4
33,2709,427.712350436932,76,43
13,3439,247.103149679663,67,54
30,5159,722.815730194756,78,48
42,5616,1261.96086295205,61,19
37,4266,789.053322196426,77,40
2,4111,203.827049640589,58,56
60,2873,1223.71460213217,85,25
46,7059,1846.31017353242,73,27
61,3737,1642.48907330609,78,17
16,2704,217.923128789875,47,31
3,3062,155.861998877646,84,81
28,9293,1202.19959091938,80,52
18,5043,439.20329844031,90,72
80,8235,5835.31762418055,94,14
55,1888,682.106579038445,66,11
76,9464,6189.46046924153,81,5
0,3479,224.855330424525,64,64
89,5816,4747.90380260211,94,5
11,6802,453.356861061154,71,60
24,1135,125.204579516666,86,62
91,6948,5821.65503167627,95,4
48,5793,1632.00023377888,70,22
24,2688,296.51974426502,83,59
71,5300,3086.45126698565,94,23
64,3472,1671.1282747577,82,18
88,6275,5054.06964440748,98,10
72,5744,3428.29756745574,81,9
90,3190,2638.55818507504,96,6
50,3908,1184.29891008032,83,33
19,6324,572.727237502794,81,62
12,2492,172.426073323754,69,57
99,1611,1534.28571428571,99,0
94,3028,2641.7399401086,94,0
8,7059,421.840548253043,85,77
69,6627,3666.57145609171,84,15
18,1580,137.604840677313,53,35
50,1683,510.024325912276,62,12
7,6444,371.886930209764,66,59
71,4201,2446.44939105787,75,4
89,3935,3212.34550605903,93,4
82,1402,1029.76309945229,87,5
24,9779,1078.74500713082,66,42
53,3340,1126.14461787876,84,31
91,7334,6145.08031121384,91,0
72,1493,891.094754215079,80,8
57,8154,3151.0556402266,64,7
65,4532,2245.76173987266,65,0
55,1581,571.192002891834,66,11
79,9939,6910.30278230156,89,10
0,1849,119.504888173311,28,28
58,3373,1347.13077388828,91,33
63,3226,1507.27874576926,72,9
57,3887,1502.10366366946,79,22
24,2854,314.831603471863,58,34
11,4893,326.121011639551,19,8
63,6901,3224.34303302966,88,25
13,7698,553.125922138426,85,72
50,5818,1763.11439581558,62,12
57,1573,607.874726769247,85,28
67,3715,1947.68072597457,82,15
80,1575,1116.04435435147,81,1
72,5284,3153.74727479737,78,6
16,3361,270.872646398953,49,33
11,4990,332.586112422105,79,68
15,2134,165.495821754418,61,46
32,1959,297.240599476798,77,45
29,9596,1291.9244290847,87,58
78,1558,1062.11232046899,84,6
90,2351,1944.59256837348,94,4
43,8933,2085.77223063501,79,36
10,5106,327.969998598312,87,77
51,5032,1580.73574847703,76,25
58,9000,3594.47879187504,60,2
22,8163,831.916607073241,70,48
55,3869,1397.81268765876,85,30
18,3675,320.061892081725,78,60
48,7497,2112.05001771798,62,14
70,3869,2196.88071748571,75,5
42,6177,1388.02212436873,69,27
79,4175,2902.75823685572,82,3
29,8435,1135.61719042616,85,56
7,2212,127.655786720049,59,52
36,4261,757.676765367415,66,30
10,4459,286.411716363077,69,59
70,1375,780.747218026066,76,6
70,1179,669.455250947441,87,17
32,9293,1410.03414545068,53,21
19,2339,211.829381486249,84,65
34,3652,599.965442598608,70,36
12,4109,284.309283823156,61,49
56,7179,2683.0665007113,81,25
84,1008,765.3587691669,94,10
80,3566,2526.86613816975,92,12
89,4277,3491.53792361232,90,1
29,1055,142.036293526923,83,54
80,2401,1701.34761574469,85,5
89,9691,7911.2681827746,98,9
53,8359,2818.39606612233,85,32
96,6190,5593.29172154892,96,0
19,8510,770.700314855911,79,60
86,1114,872.159028957446,87,1
21,3718,364.240157143679,78,57
87,3646,2896.00008283512,93,6
90,6893,5701.43622875305,92,2
22,1467,149.506512627275,60,38
1,3895,188.645674862851,36,35
77,2072,1383.99152190161,85,8
32,1542,233.968863906698,82,50
23,8150,864.106520252067,88,65
73,7455,4557.16842011239,88,15
14,5519,411.942721412402,84,70
77,2619,1749.35994008702,97,20
82,5072,3725.36265365337,83,1
13,4567,328.153557600181,65,52
10,2104,135.144707608862,88,78
63,5714,2669.74294895399,81,18
56,1981,740.375363965606,69,13
49,9673,2826.82050259809,77,28
7,3283,189.463810037035,64,57
3,7311,372.144700781995,72,69
70,7193,4084.30162855381,90,20
85,4540,3501.43449328642,95,10
52,2307,750.959225531823,82,30
41,2863,619.003774177115,57,16
44,1722,417.687663886168,89,45
65,4355,2158.05215735778,74,9
91,3593,3010.53634554013,97,6
26,3370,402.541120945171,63,37
77,6359,4247.49135510248,77,0
25,4742,544.30323384533,43,18
54,3919,1368.09786656505,82,28
93,3881,3338.25843231139,95,2
71,9346,5442.63651721657,78,7
63,5892,2752.90960014646,69,6
79,2636,1832.73549996448,81,2
32,6074,921.612762236891,35,3
65,2561,1269.06350746114,70,5
52,2339,761.375651720387,71,19
21,3832,375.408359917853,55,34
18,3166,275.732231382515,77,59
1,2151,104.178907992296,83,82
55,8552,3089.71158047499,81,26
7,3797,219.127044383376,80,73
94,6923,6039.88296082294,94,0
4,5927,310.490752707524,73,69
56,2723,1017.68910453223,92,36
62,4496,2037.99484690614,79,17
69,1286,711.515149016741,86,17
30,9827,1376.83856961114,63,33
85,6271,4836.4527989866,88,3
49,2102,614.284782018112,77,28
79,8262,5744.33258752143,89,10
38,3579,688.492356629051,69,31
71,2417,1407.53824760459,80,9
21,2833,277.539635607327,83,62
93,5449,4686.98021068404,93,0
42,6402,1438.58145381393,89,47
71,1380,803.642028007583,72,1
77,2489,1662.52649518007,90,13
47,9417,2556.63936409335,63,16
19,5628,509.694638308938,89,70
46,9956,2604.03231161478,81,35
52,7224,2351.50821206844,81,29
45,3819,962.052764169251,85,40
44,6628,1607.68515460948,85,41
62,7002,3173.94126290854,68,6
32,9205,1396.68183674524,68,36
48,5917,1666.93343401858,83,35
64,6574,3164.16972300031,79,15
14,4218,314.83500614559,76,62
6,8727,486.940622624054,63,57
39,4419,883.997367038618,60,21
17,3936,329.720443549806,71,54
64,4192,2017.67561284109,79,15
80,6564,4651.2477091829,97,17
73,1822,1113.77073929507,77,4
79,6722,4673.61457919621,80,1
61,1329,584.123087616751,78,17
2,3721,184.490501511222,6,4
29,8644,1163.75518601585,59,30
8,3010,179.875343567312,21,13
29,5128,690.390628631339,70,41
76,1532,1001.92872346556,90,14
15,7431,576.288402744648,68,53
38,6956,1338.12596611111,72,34
44,7118,1726.53936791042,91,47
63,4269,1994.59794348697,88,25
53,1106,372.908966279614,79,26
42,8411,1890.0200887268,71,29
69,6907,3821.48921793051,95,26
71,2565,1493.72594336192,83,12
38,5791,1114.0148748921,88,50
74,9929,6212.03081001895,88,14
57,2914,1126.09469409128,87,30
56,8472,3166.3099866313,83,27
34,3347,549.858799665263,78,44
38,2337,449.568772685692,63,25
30,7805,1093.54075870713,72,42
4,7789,408.033148783348,75,71
3,5024,255.731770856072,71,68
43,5737,1339.53602229408,62,19
36,6325,1124.6903405184,76,40
11,1022,68.1168350491767,82,71
51,3818,1199.37382505669,88,37
40,6970,1449.67419778647,75,35
80,2447,1733.94319688765,80,0
40,5678,1180.95410258703,82,42
66,5847,2981.15935285625,88,22
4,9008,471.891462863064,67,63
24,1096,120.902395727107,56,32
25,6996,803.025184306606,82,57
65,3602,1784.91478089614,90,25
72,8131,4852.97484696772,75,3
31,8376,1221.27273362315,61,30
82,2373,1742.95851283901,85,3
47,2312,627.689307612172,79,32
85,3820,2946.14091725862,96,11
29,6085,819.233029489411,80,51
38,9877,1900.03883945938,83,45
52,6054,1970.65762954905,80,28
45,2054,517.42769772287,66,21
17,3172,265.71982899898,38,21
96,9721,8783.90772619985,98,2
68,5768,3107.53533276849,89,21
79,6987,4857.86150920022,96,17
14,8661,646.464198252005,77,63
59,5959,2458.40447538358,84,25
77,3366,2248.31827351391,77,0
80,1059,750.406965878228,88,8
47,6043,1640.62564269046,53,6
25,2608,299.355300267528,55,30
39,8787,1757.79245624991,89,50
72,1342,800.97063640766,91,19
82,7285,5350.80183987871,90,8
74,4389,2745.95661448013,85,11
95,1812,1606.25531310685,97,2
5,3163,170.869405762454,45,40
39,4016,803.379367736386,75,36
97,1254,1155.18711376356,97,0
90,5781,4781.66296799962,92,2
27,3981,494.872824838926,52,25
57,4574,1767.58995565323,83,26
86,3696,2893.62636537407,95,9
20,2439,229.720689112367,77,57
31,7760,1131.45611424494,83,52
29,1066,143.517240663223,73,44
1,5793,280.571089725416,74,73
52,3664,1192.68079859064,80,28
76,6319,4132.6289840593,83,7
26,5890,703.55109862524,75,49
26,9023,1077.78294786002,55,29
70,3150,1788.6208994779,80,10
19,3139,284.280644927462,49,30
0,2157,139.411597506669,71,71
54,2106,735.191147483032,56,2
39,2410,482.107638507144,83,44
26,6944,829.449716273968,68,42
48,6540,1842.44459328739,48,0
13,9674,695.107842396354,87,74
73,6712,4102.97980359414,79,6
67,5118,2683.2382114503,78,11
84,9376,7119.05140844132,94,10
33,7958,1256.45436868848,68,35
63,8853,4136.37282588198,72,9
74,2334,1460.25580729018,83,9
56,4319,1614.17526348685,82,26
54,9188,3207.47210972179,62,8
97,7965,7337.37269627334,97,0
77,8455,5647.51366683306,82,5
8,2633,157.346106183632,88,80
70,5304,3011.69690502564,79,9
68,4201,2263.3072005826,86,18
79,5960,4143.81774650542,89,10
11,9669,644.443912025919,76,65
99,7130,6790.47619047619,99,0
45,1217,306.577170461895,69,24
93,8934,7684.6175816207,97,4
72,5728,3418.74799205892,77,5
48,8407,2368.41463238029,85,37
77,3137,2095.35782056243,94,17
29,6087,819.502292605102,89,60
90,8679,7178.69795870416,94,4
55,6666,2408.32757196519,85,30
29,3247,437.148668324095,69,40
56,4161,1555.12462870312,59,3
39,5001,1000.42336106814,87,48
84,2145,1628.66523795933,93,9
83,4392,3280.97575921719,97,14
37,5550,1026.54616460154,63,26
81,3005,2168.6499882424,83,2
18,6058,527.601344824787,78,60
78,9308,6345.40531381601,84,6
64,6195,2981.75105475919,85,21
36,9641,1714.33036726291,87,51
72,5005,2987.22655381545,91,19
87,7085,5627.58107155425,93,6
56,5252,1962.87299926671,78,22
72,3441,2053.75555877702,74,2
47,9302,2525.41779386177,80,33
70,9003,5112.0488755554,80,10
27,1156,143.700825298618,87,60
18,5815,506.438068695301,71,53
82,6118,4493.64525139025,82,0
75,5122,3277.51998085244,75,0
26,5436,649.321523281291,72,46
94,9256,8075.27902432141,95,1
99,4099,3903.80952380952,99,0
95,8047,7133.29829170574,97,2
7,5423,312.964435525691,43,36
1,3145,152.321090486179,73,72
56,6642,2482.36909008559,72,16
25,1301,149.333299711677,73,48
71,9013,5248.71420176257,80,9
26,2954,352.850584947192,87,61
79,2340,1626.93515550716,86,7
57,5583,2157.51087066288,61,4
52,4834,1573.53138111003,71,19
41,1321,285.610892660834,89,48
98,6303,5909.95509712966,98,0
44,7018,1702.28340601227,56,12
0,7579,489.847240381569,79,79
22,8632,879.713849351491,78,56
78,4530,3088.16996901445,92,14
1,1290,62.4782851278761,86,85
79,7997,5560.08565751742,86,7
41,4231,914.77644727327,82,41
68,5895,3175.95714054616,78,10
84,1216,923.289943756895,88,4
77,1580,1055.3603304076,77,0
14,7984,595.932358716547,87,73
75,3173,2030.37307677563,80,5
55,3143,1135.51958576156,79,24
26,5866,700.684336933049,52,26
92,5101,4329.71789340761,96,4
62,1776,805.044227781429,83,21
8,1171,69.9780821652235,81,73
87,7033,5586.2777242401,91,4
80,4470,3167.44016758799,95,15
49,9223,2695.31329426881,74,25
86,3166,2478.68535518786,89,3
75,8770,5611.84112301365,84,9
32,5643,856.216795736381,50,18
64,4098,1972.43193259131,68,4
8,8289,495.344426189187,54,46
19,3730,337.804015794659,83,64
33,9595,1514.91325302413,87,54
4,9434,494.207822008231,5,1
10,1576,101.230066155687,70,60
41,3246,701.811474320263,57,16
24,3959,436.726810842714,83,59
65,4473,2216.5252123677,80,15
77,1936,1293.15037953741,83,6
25,2038,233.928720071021,64,39
61,2415,1061.44263099658,85,24
84,2419,1836.70918910192,89,5
66,9544,4866.11678872243,84,18
77,7127,4760.47662962971,86,9
94,3423,2986.35264695896,95,1
54,3358,1172.25635007029,84,30
42,6846,1538.35186391911,81,39
52,6677,2173.45242690766,90,38
85,5502,4243.36841014579,92,7
68,7657,4125.24237916233,87,19
17,1220,102.199934230377,83,66
94,6445,5622.85796367237,97,3
5,4835,261.193037262557,70,65
66,3213,1638.18453920423,70,4
88,3306,2662.74968038425,89,1
22,7459,760.169787107596,80,58
25,9051,1038.90522343612,80,55
18,5677,494.419418053865,76,58
91,7113,5959.9067703387,93,2
70,8295,4710.03503529179,91,21
14,5488,409.628855791133,64,50
5,9488,512.554195976657,58,53
75,5289,3384.38172173537,87,12
54,4572,1596.05599539051,84,30
74,6796,4251.88451857073,91,17
85,9967,7686.95982259599,90,5
68,3417,1840.92375729368,87,19
80,3939,2791.17378526378,91,11
44,4167,1010.74593229597,70,26
39,8200,1640.36623890398,83,44
74,9067,5672.72468067699,77,3
75,5680,3634.5789713475,82,7
34,2138,351.239352758988,86,52
55,4935,1782.94277942517,86,31
6,9229,514.950728337045,60,54
64,3563,1714.92800776546,65,1
98,3054,2863.5574911366,99,1
21,9708,951.060636242828,66,45
26,7529,899.327032521127,69,43
97,2152,1982.42637066921,98,1
81,3606,2602.37998589088,92,11
87,2246,1783.98688591544,88,1
0,3892,251.54841793971,48,48
35,4333,740.609590726213,82,47
18,5030,438.071106713218,68,50
41,2421,523.439796466222,81,40
68,4228,2277.85356916525,95,27
50,7133,2161.61825117782,83,33
17,1053,88.2102711021203,65,48
2,8917,442.112819665564,80,78
63,2872,1341.87990013928,86,23
14,6345,473.596044095252,76,62
29,8309,1118.65361413764,75,46
72,2230,1330.97207093076,76,4
29,3121,420.185092035571,76,47
84,1428,1084.25825631977,86,2
32,9251,1403.66145265945,82,50
94,5072,4425.00164340516,96,2
98,8477,7948.38796737556,99,1
97,1108,1020.69164437801,97,0
57,4747,1834.44458230999,73,16
49,7236,2114.63590993485,91,42
39,3105,621.13867948742,59,20
3,9293,473.032513249498,83,80
47,5454,1480.71690472179,78,31
70,9536,5414.69488807023,82,12
52,8264,2690.04206319678,53,1
46,4689,1226.4270298475,78,32
88,8554,6889.64330490225,99,11
6,8543,476.673970330846,72,66
56,2412,901.456525938941,85,29
17,1744,146.095643686703,74,57
75,2837,1815.36981368184,85,10
50,7826,2371.62826772993,55,5
36,3429,609.733308717406,83,47
50,2912,882.466332178578,92,42
91,4852,4065.43900600075,94,3
72,1419,846.927968004821,75,3
28,7814,1010.86706159948,35,7
67,1780,933.209069242192,86,19
41,4129,892.723221647679,65,24
77,7534,5032.3321071461,82,5
46,4587,1199.74851480283,72,26
69,6341,3508.3340279278,72,3
36,4576,813.689011575051,46,10
45,2871,723.239980604849,81,36
41,7968,1722.74609592848,87,46
5,8117,438.490978999002,88,83
75,4764,3048.43912315132,76,1
96,5860,5295.1033098993,98,2
70,1397,793.239173514483,78,8
25,4788,549.583273650662,87,62
21,4464,437.323308630818,86,65
75,6162,3943.00627138086,77,2
88,5581,4495.1016231774,91,3
79,9597,6672.51995188129,83,4
32,8719,1322.94067730383,77,45
95,4946,4384.40329946273,96,1
30,8309,1164.15504985234,88,58
73,9963,6090.28423468541,80,7
4,8378,438.888396521619,59,55
60,9821,4183.11907676299,85,25
95,7949,7046.42576373418,98,3
1,9647,467.231020642342,79,78
62,1321,598.796973479317,87,25
41,4492,971.206759903458,58,17
89,1319,1076.76841740581,94,5
75,4813,3079.79376568583,87,12
53,7724,2604.29372110646,78,25
94,9880,8619.67985742173,94,0
19,5009,453.635473221299,80,61
25,7113,816.454850767994,90,65
68,2805,1511.20606942018,73,5
79,8387,5831.24151676861,83,4
80,7907,5602.89695863942,94,14
37,4484,829.375315688883,76,39
88,1257,1012.4247877323,95,7
47,4307,1169.31567815122,86,39
66,4077,2078.70475142722,67,1
73,5150,3148.1445155706,79,6
91,1076,901.568913944108,97,6
27,2467,306.669494819802,66,39
74,3039,1901.33564625316,75,1
74,3032,1896.95613012161,83,9
2,2401,119.043723227209,62,60
72,2443,1458.10079340083,81,9
13,6386,458.854525691867,20,7
37,3474,642.562410058693,45,8
31,8399,1224.6262762298,85,54
71,2101,1223.51587017676,72,1
94,5476,4777.46628534832,95,1
0,9094,587.764982719354,89,89
91,1006,842.916661178227,96,5
52,4144,1348.9271914191,78,26
20,8951,843.062684807216,70,50
36,3922,697.396919448722,77,41
26,2355,281.300991046255,56,30
9,5367,332.384417590584,37,28
15,2500,193.879828671998,82,67
91,4038,3383.39709526609,94,3
67,9095,4768.2789240212,72,5
92,4058,3444.42172347541,92,0
43,9123,2130.13545954138,86,43
68,9479,5106.85288129551,85,17
90,8019,6632.78936868863,90,0
43,7779,1816.32398769839,78,35
69,6168,3412.61698222026,94,25
29,1289,173.540078062753,81,52
83,3815,2849.93682181548,92,9
55,4556,1646.01566424743,86,31
1,1297,62.8173145820584,57,56
64,2730,1313.99199023287,69,5
25,2805,321.967644651234,69,44
50,4006,1213.9972962594,58,8
99,2417,2301.90476190476,99,0
95,1223,1084.13369091042,99,4
60,1128,480.455994154225,79,19
38,3415,656.943670826546,85,47
60,2084,887.650967923232,69,9
89,4761,3886.65233909709,93,4
37,1247,230.649201307769,69,32
66,8097,4128.34740552028,92,26
62,1426,646.392493702882,81,19
34,3756,617.050986418503,62,28
84,7792,5916.34477117905,87,3
57,9529,3682.41466712279,92,35
76,5683,3716.6846837172,83,7
55,5957,2152.17631956145,90,35
90,4764,3940.46745883934,94,4
12,3501,242.240643140635,64,52
55,8232,2974.1002958922,74,19
59,1046,431.530639578994,89,30
16,7201,580.349278999959,31,15
29,4928,663.464317062255,69,40
44,8640,2095.71510800029,80,36
62,1894,858.532526699339,62,0
24,7015,773.841520096398,89,65
16,6070,489.198739554194,68,52
84,2840,2156.36796074801,87,3
82,7760,5699.68734076305,91,9
90,3384,2799.02222517051,90,0
32,3824,580.218505563693,90,58
35,1689,288.689037326696,91,56
63,3414,1595.1176807366,87,24
33,4868,768.587568079359,83,50
74,9098,5692.11968068813,75,1
53,7627,2571.58832352136,91,38
3,7201,366.545478092073,69,66
5,2377,128.408655547693,63,58
34,9732,1598.81261976168,85,51
22,2289,233.279077984889,61,39
62,9871,4474.43219168383,71,9
77,3137,2095.35782056243,82,5
17,5278,442.14037120322,84,67
84,1940,1473.01191684899,94,10
61,4817,2117.17149213686,90,29
84,8891,6750.79842922907,89,5
10,1990,127.822228204199,87,77
63,4783,2234.75332951469,85,22
18,6532,568.882797027981,69,51
40,5106,1061.98514403124,90,50
40,8034,1670.97309971542,86,46
32,3857,585.225621328233,74,42
92,1973,1674.67818147289,92,0
71,7459,4343.74339631055,77,6
48,1322,372.432989652283,89,41
69,7571,4188.86562457679,81,12
97,6433,5926.09146957017,97,0
10,6643,426.695006010299,73,63
71,9302,5417.01314820764,88,17
61,5353,2352.75461851954,67,6
29,1821,245.164066836519,70,41
75,9059,5796.76952490087,81,6
18,9130,795.146959103714,59,41
55,3518,1271.00155988202,59,4
63,5617,2624.42179633786,68,5
79,2803,1948.8458294387,80,1
25,6933,795.793825442782,68,43
80,2072,1468.21835061349,83,3
22,3501,356.797750993926,61,39
32,4446,674.595051186239,59,27
9,5592,346.318923638261,86,77
32,6318,958.63507273834,83,51
20,2530,238.291653732796,64,44
71,8842,5149.13247220511,89,18
66,2313,1179.30931813862,86,20
77,6572,4389.76461483464,86,9
74,2556,1599.1490331764,82,8
96,6740,6090.27240763162,96,0
56,4453,1664.25618159457,65,9
79,4799,3336.60761165763,85,6
29,2517,338.867631096935,62,33
5,9886,534.054677637567,89,84
20,5019,472.721664065179,87,67
83,9227,6892.88782565962,86,3
40,1205,250.625166188335,90,50
41,7882,1704.15219981279,65,24
25,3901,447.770332186974,71,46
99,2534,2413.33333333333,99,0
74,8576,5365.53290630703,90,16
50,1382,418.807854076509,79,29
53,5525,1862.85898616173,83,30
42,3493,784.905501120283,72,30
47,4084,1108.77298109347,56,9
28,1333,172.445072064514,85,57
10,1381,88.7047724371854,60,50
35,3077,525.930235556094,80,45
83,1219,910.635120784553,85,2
28,2901,375.291188341452,86,58
29,4347,585.243381954063,90,61
24,9200,1014.87412471659,76,52
40,4622,961.319102176336,78,38
56,5128,1916.52946310733,89,33
5,4588,247.849773518223,83,78
11,7102,473.3520181206,84,73
42,1901,427.170156779175,46,4
68,3977,2142.62621678576,79,11
54,4071,1421.16009563315,64,10
10,4318,277.354965520468,86,76
29,6458,869.450600565755,75,46
57,3406,1316.22461498796,61,4
69,8805,4871.61033210918,75,6
66,7577,3863.2195000157,83,17
44,8565,2077.52313657667,50,6
15,8912,691.14281324994,91,76
90,6851,5666.69659120661,93,3
82,2929,2151.33817282152,84,2
99,5247,4997.14285714286,99,0
81,1893,1366.14124051343,83,2
14,9908,739.541308888219,68,54
16,4691,378.06116758628,86,70
43,5180,1209.48171439486,85,42
23,2296,243.434180429294,87,64
28,8684,1123.41560825824,48,20
96,8094,7313.74849664249,98,2
12,5723,395.984918792874,83,71
44,2658,644.723467252866,88,44
82,3525,2589.09766445744,89,7
21,3256,318.979545900973,89,68
44,3898,945.497394789944,82,38
11,3167,211.08220802421,86,75
9,8332,516.01024172997,90,81
85,5140,3964.17913997626,85,0
88,9780,7877.09978044704,91,3
96,1555,1405.0999397429,97,1
27,1816,225.744549085026,72,45
48,1013,285.381708409806,69,21
97,9080,8364.5127535671,99,2
41,9782,2114.94757911301,79,38
11,3105,206.949875565258,82,71
79,7999,5561.47620038537,84,5
25,3336,382.917669360611,73,48
22,4238,431.907703145461,75,53
15,1654,128.270894649394,72,57
75,6914,4424.20405068602,80,5
70,4094,2324.6393531627,80,10
19,2887,261.45849694348,65,46
30,4998,700.258387190035,72,42
62,4450,2017.14347614153,88,26
19,3321,300.763307360338,88,69
15,5922,459.26253815823,71,56
34,4103,674.057560509882,77,43
56,5481,2048.45904588364,83,27
17,5178,433.763327413845,85,68
43,3055,713.314022678825,91,48
11,3939,262.536412190516,80,69
57,2856,1103.68100422948,84,27
46,5392,1410.29954040045,91,45
20,6216,585.462814072355,65,45
80,2168,1536.24391125968,94,14
29,8770,1180.71876230438,71,42
4,1815,95.0802625551133,69,65
38,2513,483.42589891277,87,49
74,7446,4658.55387364298,83,9
87,1330,1056.4125370737,88,1
89,2011,1641.68406929726,91,2
86,4490,3515.25497308701,86,0
66,5406,2756.3104945341,74,8
99,2803,2669.52380952381,99,0
76,6287,4111.70096894775,90,14
39,8480,1696.37874462265,78,39
19,3389,306.921664752841,91,72
15,1938,150.295643186533,82,67
70,4591,2606.84398396921,94,24
21,7572,741.803784263566,42,21
14,3192,238.253518164231,63,49
62,4306,1951.86961983493,67,5
28,3299,426.778914284195,68,40
65,4062,2012.86058856195,66,1
78,3840,2617.78646380033,92,14
22,5970,608.421186356395,76,54
33,4995,788.63905147009,89,56
88,2898,2334.13447481958,88,0
41,7024,1518.64565484459,80,39
23,1899,201.342120485727,82,59
32,7758,1177.12739700919,90,58
75,5975,3823.34671721854,76,1
3,1847,94.016039166235,70,67
5,5577,301.276849806262,71,66
25,7335,841.936782002424,71,46
3,6261,318.697575105467,73,70
2,9784,485.099453583927,81,79
11,8053,536.736665999041,47,36
4,8670,454.185055841781,90,86
59,4294,1771.50340951453,76,17
28,7818,1011.38452618182,83,55
83,2421,1808.57065415866,89,6
74,5762,3604.96742142504,85,11
24,8192,903.679220617205,86,62
50,8313,2519.21106435457,74,24
90,3306,2734.5057554414,93,3
71,2397,1395.89126169143,79,8
19,4423,400.56492275061,83,64
83,5206,3889.06188581164,85,2
59,4712,1943.95064406904,70,11
55,2515,908.632439767844,79,24
99,9254,8813.33333333333,99,0
36,7574,1346.78334214804,80,44
33,6503,1026.73068102302,92,59
97,3917,3608.3476272822,97,0
35,4496,768.470048443354,78,43
77,9632,6433.6903180291,97,20
2,2815,139.570212779922,66,64
82,3185,2339.36909540339,88,6
29,2873,386.796465689906,88,59
95,1535,1360.70745343212,96,1
50,8552,2591.63876126072,91,41
21,7468,731.615248399407,87,66
59,4102,1692.29319651342,65,6
41,9620,2079.9218678253,78,37
85,1356,1045.80290151903,85,0
80,3788,2684.17524716405,88,8
44,6450,1564.50954243077,72,28
53,2706,912.37944191016,79,26
29,7961,1071.80183200743,72,43
30,2587,362.458673001325,34,4
47,4518,1226.60047222828,69,22
78,3630,2474.62626656125,78,0
79,9652,6710.75988075005,83,4
49,8339,2436.97468946196,86,37
80,8691,6158.43903724993,93,13
24,7128,786.306821845634,86,62
20,1250,117.733030500393,78,58
12,1112,76.9413296693476,83,71
92,1273,1080.51967816269,92,0
45,3591,904.616778248699,82,37
59,4739,1955.08958027232,80,21
8,1688,100.873614598546,83,75
21,4119,403.524800235292,55,34
2,5128,254.250817454863,75,73
10,4391,282.043921630472,40,30
39,2469,493.910273640722,83,44
5,4157,224.566588604022,20,15
99,1927,1835.2380952381,99,0
47,4063,1103.07165087727,90,43
50,3575,1083.38500602281,82,32
54,2016,703.77272237692,71,17
73,6451,3943.43306212542,81,8
38,1855,356.846415631989,71,33
25,9883,1134.40507382821,82,57
80,9777,6927.9781920599,85,5
87,6307,5009.61945212317,94,7
95,4819,4271.82359484652,96,1
58,7349,2935.09162683218,61,3
35,2031,347.144721616648,77,42
40,4990,1037.85857201643,66,26
53,9822,3311.67438227701,73,20
76,2270,1484.58107197573,85,9
12,6005,415.497018583123,68,56
79,9899,6882.49192494247,90,11
63,4005,1871.24965183072,68,5
17,3478,291.353582994468,68,51
97,5374,4950.53871560238,99,2
67,6149,3223.76548694957,82,15
28,3555,459.896647553899,47,19
52,5260,1712.20005474529,75,23
65,9280,4598.55890247535,75,10
75,6146,3932.76802075734,81,6
37,2306,426.525307310117,74,37
15,3473,269.33785799114,70,55
42,2036,457.505754446291,65,23
46,7198,1882.6661891325,70,24
75,6451,4127.93467326808,85,10
30,4244,594.617165913267,77,47
57,2359,911.618868689544,93,36
29,9722,1308.88800537322,82,53
7,6068,350.187754890262,72,65
31,1527,222.646067841756,83,52
59,8828,3642.01958528046,82,23
79,8494,5905.63556020419,84,5
75,4608,2948.61617957205,87,12
39,8804,1761.19321552568,66,27
18,2762,240.547196171354,90,72
24,1883,207.718258352319,89,65
55,8140,2940.86205157465,80,25
69,5617,3107.76095803035,75,6
61,3057,1343.61495774598,73,12
49,4551,1329.97623357014,67,18
25,7693,883.029265704791,84,59
22,8197,835.381652355673,68,46
11,3557,237.075912201489,82,71
2,4891,242.500145899324,65,63
48,6294,1773.14163152154,66,18
58,3022,1206.94610100515,77,19
77,5739,3833.36261785393,86,9
89,8933,7292.47329240795,93,4
48,5492,1547.20270739058,73,25
37,2024,374.365664351984,59,22
92,5318,4513.90702943377,95,3
31,3679,536.421010864322,67,36
85,3792,2924.54616707976,86,1
32,8622,1308.22279157169,86,54
55,4754,1717.55014658303,85,30
38,9215,1772.68987603708,85,47
1,8148,394.630284668166,46,45
25,6383,732.662914726853,77,52
81,4338,3130.65013277721,87,6
90,3289,2720.44447357737,92,2
16,8285,667.711953411284,41,25
92,8362,7097.64772097126,93,1
88,7719,6217.10973469026,91,3
63,3313,1547.92761461053,67,4
48,7659,2157.68855351501,59,11
57,4139,1599.48728168971,66,9
43,2544,594.000285988521,72,29
29,6256,842.255025880979,78,49
6,6689,373.226289072109,80,74
55,6042,2182.88556702875,87,32
6,1751,97.7005878554737,74,68
81,6223,4491.01792906238,87,6
55,4373,1579.90046087665,61,6
17,2854,239.080829748767,73,56
65,1372,679.873148081486,83,18
52,4414,1436.81578738512,71,19
87,9398,7464.7857318937,96,9
91,3386,2837.09325521817,91,0
7,2706,156.164809613225,76,69
73,3412,2085.72215284017,80,7
80,1146,812.055130213833,81,1
41,2253,487.116836612308,84,43
46,3687,964.349852644003,80,34
93,3005,2584.76335714912,98,5
49,1289,376.695092303209,89,40
72,6783,4048.42311978626,91,19
74,4721,2953.6708081478,93,19
29,3586,482.788766433694,85,56
73,6673,4079.13948590341,89,16
62,7750,3513.00268316784,78,16
78,5744,3915.77225210133,82,4
94,2670,2329.40741086194,98,4
74,8890,5561.98548706501,74,0
7,2607,150.451462920058,70,63
79,6699,4657.62333621473,90,11
17,6741,564.696521841779,91,74
90,8720,7212.6104620233,92,2
34,4697,771.642301173511,82,48
17,9829,823.379634057683,84,67
76,4749,3105.84824264878,79,3
25,8813,1011.58675661723,87,62
3,3093,157.439961635715,81,78
45,2815,709.132896343661,59,14
57,8583,3316.83965661821,84,27
71,1115,649.319464658301,86,15
42,7811,1755.19521020628,72,30
64,1750,842.30255784158,73,9
69,8648,4784.74572993529,80,11
8,3816,228.041299353111,75,67
68,9319,5020.65217858349,83,15
81,6363,4592.05320305703,81,0
48,6310,1777.64914122989,65,17
29,2594,349.234261051032,74,45
81,8316,6001.49527528245,93,12
97,4036,3717.97064684987,97,0
47,5204,1412.8439259575,71,24
13,9319,669.599956924915,67,54
58,7324,2925.10696352142,75,17
60,4571,1946.95421035369,89,29
96,2219,2005.09116803184,99,3
7,7029,405.647615214841,84,77
29,6383,859.353233727348,89,60
61,1147,504.130309628603,82,21
46,4890,1278.99939772964,66,20
66,5468,2787.92189865196,73,7
9,2292,141.946168272335,23,14
90,8230,6807.31469064814,91,1
9,2915,180.529267239902,85,76
68,9760,5258.24286543351,85,17
43,3170,740.165450701105,82,39
42,5207,1170.05523742723,60,18
28,6615,855.757053043331,87,59
7,2437,140.640665568156,88,81
41,6271,1355.84095978508,55,14
88,3579,2882.63191351942,95,7
10,1577,101.294298431167,61,51
74,6668,4171.80193787958,93,19
25,7988,916.890390543335,65,40
77,6297,4206.07848137762,79,2
53,8936,3012.9426063966,76,23
89,3217,2626.20469961675,89,0
78,4599,3135.20831953587,84,6
91,5070,4248.09887890021,91,0
16,2657,214.135263755435,86,70
94,1699,1482.27085807283,94,0
53,9701,3270.87692755745,85,32
15,7848,608.627558167137,69,54
34,3226,529.980426567116,83,49
47,6509,1767.1408751071,92,45
51,5114,1606.49495582502,77,26
33,1387,218.987460338141,81,48
24,6570,724.752499933476,86,62
52,8770,2854.75180230346,73,21
29,6851,922.360802799007,77,48
54,4244,1481.55329055935,87,33
8,4611,275.549903385009,77,69
0,7244,468.195462372884,17,17
37,2655,491.077489552628,51,14
47,5276,1432.39134384162,89,42
79,4759,3308.79675429854,84,5
22,1538,156.742342481765,68,46
35,9607,1642.05777477653,87,52
99,1342,1278.09523809524,99,0
72,1173,700.103246278826,86,14
70,8731,4957.60288042588,75,5
30,4789,670.975873600055,91,61
95,3899,3456.2855771543,97,2
83,2239,1672.6103654115,83,0
27,7130,886.320834238016,88,61
77,9543,6374.24280574665,85,8
50,4248,1287.33412743633,72,22
49,8526,2491.62324047879,58,9
40,6328,1316.14610094588,73,33
58,6604,2637.54866017142,80,22
34,3025,496.959327453666,67,33
37,3019,558.404120888657,71,34
65,2451,1214.55472736714,90,25
66,1631,831.583872842235,78,12
44,3755,910.811369275587,79,35
33,5620,887.317611463845,92,59
40,2142,445.509631514866,80,40
65,5902,2924.64381922517,83,18
6,7272,405.755953675045,79,73
19,1303,118.004995329877,66,47
28,6093,788.227925048075,81,53
56,8613,3219.00707210286,73,17
82,4928,3619.59525970107,91,9
94,9229,8051.72321904303,98,4
53,4298,1449.15256516255,63,10
43,3122,728.957898135283,68,25
72,1262,753.222759423597,80,8
78,1505,1025.98141354674,85,7
99,2689,2560.95238095238,99,0
42,4770,1071.85778423812,78,36
12,3390,234.560348542346,77,65
4,2503,131.121706432754,68,64
94,9454,8248.02159636285,94,0
47,1423,386.33299512635,70,23
74,1572,983.514194113183,92,18
4,7998,418.981785077574,50,46
30,5736,803.657884938383,75,45
10,1947,125.060240358581,22,12
48,5708,1608.05408845328,77,29
29,3298,444.014877774212,85,56
93,8543,7348.29729122293,95,2
56,1220,455.960597697142,89,33
90,8469,7004.99977097195,94,4
52,2609,849.2642476864,71,19
52,1296,421.865260636863,77,25
54,1208,421.705083646488,70,16
21,7277,712.903610418115,71,50
6,5123,285.848150533176,65,59
32,7883,1196.09374460214,32,0
79,3966,2757.44650715444,85,6
51,9741,3060.00535093695,76,25
86,7593,5944.61715159236,87,1
47,5401,1466.32783322376,84,37
70,1712,972.101263462272,83,13
8,1678,100.276022095,85,77
33,5070,800.480478669341,60,27
25,5044,578.967843002076,80,55
84,5139,3901.96301066339,89,5
58,3917,1564.3970475305,86,28
5,1146,61.9084220688501,60,55
67,1083,567.789562915334,85,18
8,6363,380.248110006249,73,65
69,4787,2648.5404497225,85,16
80,8562,6067.02969013162,85,5
81,3107,2242.26140215279,91,10
81,3349,2416.90809005783,85,4
83,5832,4356.70551633758,90,7
89,3471,2833.55813253644,90,1
11,3790,252.605484184325,66,55
75,8504,5441.63020639773,84,9
38,4376,841.811274827809,56,18
43,2616,610.811614837252,80,37
90,7042,5824.6792286202,97,7
5,9502,513.310494326539,42,37
46,4944,1293.12331745917,77,31
98,2426,2274.71855713732,99,1
20,6517,613.81292781685,73,53
18,3035,264.323222440282,65,47
97,4216,3883.78697896904,98,1
75,9641,6169.1858913312,83,8
16,9119,734.926409554315,91,75
47,5154,1399.26933020464,86,39
84,6230,4730.34239276764,86,2
8,3410,203.779043709148,50,42
3,3270,166.449619964044,46,43
28,4352,563.00146558497,73,45
89,6340,5175.67230201124,93,4
51,7302,2293.82600067155,67,16
74,2488,1556.60516218422,87,13
34,4169,684.900309472507,64,30
14,7519,561.224374397509,86,72
6,8919,497.653651103923,67,61
30,3980,557.628727694345,81,51
68,6599,3555.24023247907,70,2
20,1042,98.1422542251278,76,56
0,2046,132.237426285881,72,72
16,5722,461.152419724728,91,75
13,3785,271.964356364503,75,62
59,3569,1472.40234479678,85,26
58,2792,1115.08719854612,81,23
9,2039,126.277590360947,77,68
5,6563,354.541862162184,33,28
28,7393,956.403914308292,73,45
88,1446,1164.65094913358,91,3
65,2870,1422.18362608882,66,1
26,4407,526.409115728597,82,56
81,3252,2346.90507879011,92,11
13,4606,330.955832342114,90,77
14,5701,425.527351834047,81,67
37,3466,641.082703875483,80,43
43,6600,1541.03847780041,61,18
85,4095,3158.23221365813,87,2
56,6440,2406.87397472918,81,25
89,4869,3974.81836569286,97,8
50,6930,2100.10016552114,70,20
45,5181,1305.15720637887,91,46
16,4804,387.16816224355,83,67
12,3355,232.138634029372,68,56
57,8014,3096.95363021535,83,26
29,9670,1301.88716436526,59,30
37,6345,1173.59196655797,65,28
84,3411,2589.91940637728,87,3
81,3007,2170.09334929946,83,2
77,9033,6033.58852188091,80,3
26,1365,163.047071243371,54,28
12,6959,481.506037022473,46,34
91,8683,7275.39301094488,92,1
88,4782,3851.56351227993,92,4
24,1129,124.542705087503,67,43
3,9430,480.006090599673,69,66
24,1741,192.053896862128,69,45
42,5789,1300.83536959213,88,46
62,3205,1452.7965934907,87,25
0,1033,66.7650348745429,15,15
36,2010,357.411475801104,75,39
28,6413,829.625091635205,77,49
71,9117,5309.27852851097,71,0
27,5824,723.973708078851,44,17
89,5803,4737.29122532669,90,1
74,3533,2210.40435610806,86,12
22,2255,229.814032702457,47,25
59,4066,1677.44128157571,88,29
83,5276,3941.35430456054,84,1
75,9538,6103.27715294233,87,12
42,1231,276.61570909793,64,22
33,4228,667.540722645754,66,33
0,5456,352.633136762348,78,78
54,9528,3326.16393790044,69,15
64,5905,2842.16948803116,84,20
64,7861,3783.62308982438,89,25
72,5184,3094.06242856729,88,16
93,6695,5758.73233814088,93,0
44,3162,766.973515219549,62,18
62,4024,1824.0416512345,66,4
6,8778,489.786270814019,76,70
66,8343,4253.77329927821,73,7
36,9446,1679.65611961056,87,51
86,7674,6008.03266446987,91,5
64,1872,901.023079016822,89,25
6,6807,379.810337825362,72,66
57,1088,420.449906373134,73,16
83,7526,5622.18205006115,93,10
98,7624,7148.57967008036,98,0
62,6588,2986.27892602706,75,13
91,2840,2379.6056836443,92,1
84,2756,2092.58806331744,87,3
4,1180,61.815267115721,81,77
22,8933,910.389691410666,73,51
51,6318,1984.7155124956,75,24
88,5181,4172.92985301596,89,1
9,1268,78.5286829709076,73,64
40,3766,783.281639722216,85,45
12,1418,98.1140336970637,29,17
92,5146,4367.91379719183,92,0
87,2730,2168.42573399338,89,2
89,5517,4503.81452526751,90,1
56,9150,3419.70448272857,79,23
83,6130,4579.32181329722,84,1
91,8684,7276.2309002701,93,2
47,4138,1123.43354450656,87,40
4,7543,395.146237164308,32,28
22,3407,347.217919918968,81,59
55,2213,799.524289942838,82,27
7,5400,311.637092354551,81,74
57,3470,1340.95696242167,67,10
36,5712,1015.68873123179,63,27
9,5013,310.46079474224,69,60
8,4056,242.383519438212,78,70
47,4494,1220.08466626691,70,23
28,9845,1273.60970328218,72,44
39,2422,484.508174466516,84,45
76,7422,4853.99150493561,82,6
26,5335,637.25723449332,66,40
28,4392,568.176111408362,76,48
3,8984,457.303787693262,66,63
81,1199,865.294953711359,94,13
92,4096,3476.67604222653,97,5
1,4732,229.183911027217,75,74
24,6440,710.411887301611,82,58
35,7868,1344.82258477587,47,12
15,5464,423.74375354552,55,40
33,7928,1251.71779780878,78,45
42,3813,856.812102997893,59,17
52,4163,1355.11194446856,70,18
96,4499,4065.30201215648,97,1
4,1419,74.335477997634,74,70
17,4094,342.956172737019,70,53
0,2089,135.016609731772,18,18
39,1773,354.679187997165,55,16
51,8784,2759.37655298533,73,22
50,9041,2739.82764739922,87,37
47,2346,636.920032724115,74,27
39,9284,1857.21465390055,45,6
9,5225,323.590195996051,70,61
37,6103,1128.83085451589,49,12
96,1542,1393.3531235264,98,2
29,9009,1212.89570462943,78,49
14,6725,501.959558162422,81,67
47,3153,856.01400817525,77,30
52,7501,2441.6754012632,69,17
97,3145,2897.17980285997,99,2
97,1796,1654.47851381129,98,1
34,7781,1278.29438906346,53,19
18,3666,319.278067039892,84,66
40,1583,329.244512926253,83,43
20,4892,460.759988166339,90,70
69,3616,2000.65223860384,80,11
84,2283,1733.44649802384,85,1
73,2956,1806.9738229178,76,3
59,2657,1096.15383304148,61,2
7,3257,187.963335147921,64,57
90,4876,4033.10649229652,93,3
65,4815,2385.99796502358,78,13
22,1879,191.494708402624,86,64
30,4155,582.147578786434,83,53
34,4757,781.499345684988,85,51
29,4930,663.733580177945,85,56
16,5763,464.456727520728,57,41
53,4901,1652.46550066581,76,23
80,4513,3197.90994996076,86,6
66,4898,2497.3009253104,90,24
53,2472,833.481884849193,84,31
37,6450,1193.0131102126,54,17
27,4607,572.69005376361,32,5
19,6764,612.575432395462,69,50
40,1710,355.658949528675,69,29
43,7792,1819.3593665183,74,31
55,9857,3561.18885041417,74,19
11,3738,249.139656960687,71,60
13,6387,458.926378890378,71,58
79,3430,2384.78101854255,84,5
29,8125,1093.88140749408,86,57
64,6574,3164.16972300031,74,10
44,5486,1330.68206973259,79,35
23,2570,272.485123564149,64,41
25,5082,583.329615015176,74,49
36,5472,973.012734121215,78,42
47,5966,1619.72076523106,92,45
60,5102,2173.1263139848,68,8
34,3852,632.822257636867,78,44
21,6236,610.920285085525,33,12
83,7155,5345.03223069194,87,4
85,6746,5202.79231094939,90,5
48,9058,2551.81393363872,87,39
98,4263,3997.16620324667,99,1
60,3636,1548.70389605032,66,6
84,6273,4762.99162597615,93,9
57,2408,930.554572193481,76,19
16,7686,619.43682244045,56,40
74,9274,5802.23322913846,75,1
93,3330,2864.3134706511,99,6
0,9318,602.242589507251,68,68
35,2061,352.27241322103,85,50
85,6263,4830.28287036407,98,13
20,4387,413.19584384418,88,68
74,1728,1081.11483933052,92,18
98,5744,5385.81343454113,99,1
93,7716,6636.94977163481,94,1
79,7332,5097.73015392243,90,11
42,6104,1371.6184308154,71,29
49,2064,603.179728870306,81,32
23,9043,958.787148790115,74,51
65,4568,2263.60097699433,89,24
52,3729,1213.83916428616,85,33
37,4847,896.51698375201,87,50
11,3094,206.216719806412,85,74
33,7524,1187.93197662882,48,15
16,1653,133.220019189964,26,10
76,8382,5481.83195828218,85,9
39,3806,761.369988447382,67,28
74,4281,2678.38693702197,76,2
12,5747,397.645523030342,83,71
66,4584,2337.20445929418,82,16
27,4543,564.734298729777,90,63
10,4425,284.227818996774,79,69
0,2779,179.612809212347,67,67
38,8968,1725.17447729794,87,49
21,7812,765.315790103932,67,46
84,2930,2224.70356513791,93,9
77,1626,1086.08601091314,80,3
1,4101,198.622827371643,25,24
83,9687,7236.5237202953,93,10
91,5964,4997.17193565303,91,0
97,7531,6937.57109549712,99,2
8,4722,282.183180174369,78,70
43,7532,1758.6517901201,60,17
0,8059,520.870683498491,75,75
29,7639,1028.4504703812,85,56
50,8762,2655.2781602159,78,28
95,2257,2000.7275064471,95,0
43,9943,2321.59781587416,63,20
14,6257,467.027651363907,51,37
45,3849,969.610130737745,77,32
73,1400,855.806276077443,76,3
74,2372,1484.03032343287,84,10
84,8765,6655.12858308321,89,5
88,8567,6900.1138874325,88,0
33,9730,1536.22782198278,73,40
9,6074,376.169732149284,85,76
76,9925,6490.95468694233,86,10
53,5143,1734.06041010493,70,17
97,7209,6640.94410137282,97,0
17,5256,440.297421569558,58,41
14,3219,240.26882047953,76,62
50,5249,1590.68192912272,88,38
32,5772,875.79006645231,62,30
23,1217,129.032838668315,37,14
71,2146,1249.72158848136,86,15
41,7015,1516.69978199527,62,21
27,3626,450.743246135631,85,58
15,5918,458.952330432355,72,57
64,6274,3019.7749987989,91,27
76,5343,3494.32452315696,76,0
4,4190,219.496584080399,71,67
50,9791,2967.11121509631,89,39
74,9156,5728.4071000638,88,14
43,3320,775.189052469296,69,26
3,6966,354.583502345421,70,67
48,4988,1405.2161515776,78,30
11,5386,358.979719740573,24,13
21,7243,709.572742924063,61,40
2,6280,311.368005775456,74,72
83,2960,2211.22227852525,89,6
61,2786,1224.50483228011,81,20
5,5929,320.292351174705,58,53
36,8661,1540.07004572804,85,49
4,9854,516.20986623586,74,70
38,1743,335.300971669303,65,27
61,5702,2506.14736312319,81,20
30,2135,299.129983323474,76,46
50,3001,909.4373155453,75,25
93,5649,4859.01104976218,94,1
54,6274,2190.21332350833,86,32
1,5516,267.155209895632,24,23
96,3443,3111.0990948777,98,2
83,5641,4214.02191660842,97,14
62,2542,1152.26488007905,79,17
67,5780,3030.30810124712,88,21
11,5398,359.779526022951,89,78
81,2999,2164.3199050712,84,3
19,3997,361.984624968164,83,64
32,3316,503.139268945922,77,45
28,7521,972.962780943144,71,43
71,4805,2798.1883656351,73,2
77,3176,2121.40785403451,90,13
87,1668,1324.88429461574,90,3
67,8679,4550.18062469269,92,25
32,6458,979.87738204245,68,36
22,9745,993.143125802859,84,62
46,3797,993.120800241193,69,23
41,4959,1072.17593997356,82,41
21,4374,428.506306440681,60,39
71,6684,3892.42269217586,89,18
26,1655,197.687108357347,77,51
97,8418,7754.67713210659,99,2
71,9670,5631.31768900966,80,9
87,8593,6825.37814366489,92,5
90,8862,7330.06352229937,94,4
62,4336,1965.4683398988,83,21
6,7356,410.442903634988,88,82
15,7286,565.043372681672,76,61
18,7276,633.679000486158,67,49
8,5024,300.230473781454,55,47
50,1551,470.022417997588,78,28
61,9567,4204.89509347589,92,31
36,4615,820.62386110552,63,27
52,4991,1624.63697209767,93,41
80,1210,857.405503977957,97,17
33,4143,654.120438486603,70,37
86,2904,2273.56357279392,91,5
22,2702,275.36918685678,75,53
21,1445,141.561868497207,88,67
83,3899,2912.68772431417,94,11
38,4722,908.371307069678,84,46
48,3577,1007.71013917263,72,24
1,4851,234.947411748316,79,78
51,6671,2095.60575876197,78,27
78,2875,1959.93127172551,90,12
17,1664,139.394008655202,65,48
7,8153,470.514298882714,68,61
90,5865,4851.14224309251,96,6
58,4807,1919.8510613937,63,5
53,7248,2443.80125460637,66,13
47,3653,991.759965703833,63,16
6,5413,302.029287299645,82,76
35,8952,1530.10317474753,54,19
43,3460,807.877747452941,55,12
68,2615,1408.84273494965,81,13
47,3345,908.140455866226,75,28
21,2351,230.319690544591,65,44
21,3405,333.576582860201,84,63
31,2116,308.525919812152,80,49
56,1714,640.587265945002,87,31
1,4045,195.910591738185,60,59
56,6735,2517.12674220513,63,7
64,4152,1998.42298294757,73,9
84,2201,1671.18516957971,87,3
56,8943,3342.34067639799,69,13
0,1599,103.346844883247,61,61
80,3775,2674.96345249321,81,1
9,2264,140.212096408624,79,70
7,1410,81.3719074481328,62,55
52,5979,1946.2441306696,85,33
75,6802,4352.53629632142,77,2
70,6980,3963.35678677959,90,20
15,4936,382.796333729994,71,56
65,8947,4433.54595909989,78,13
68,5106,2750.87992529749,76,8
23,2257,239.299192172873,90,67
7,4079,235.401425873003,58,51
32,5898,894.90814482601,62,30
94,7744,6756.15392873217,95,1
90,1472,1217.54158258008,90,0
68,2376,1280.08043527357,69,1
70,2451,1391.71740464137,92,22
52,4865,1583.6222939802,73,21
41,3590,776.187058783039,75,34
25,3896,447.196414816829,67,42
60,9643,4107.30243938758,80,20
35,9075,1551.1267103255,89,54
75,5670,3628.1800647078,76,1
56,3498,1307.33620552836,68,12
95,1198,1061.972331734,97,2
6,6190,345.383574429116,81,75
62,9454,4285.40998279596,90,28
39,7501,1500.53501927058,85,46
16,2133,171.90459826509,64,48
82,9417,6916.74686700588,84,2
60,1108,471.937270853619,63,3
98,6006,5631.47553757905,98,0
88,1466,1180.75953764165,92,4
76,5300,3466.20250285082,91,15
8,1779,106.311706380814,63,55
1,8256,399.861024818407,79,78
86,9486,7426.6611747669,92,6
32,1649,250.204057446268,81,49
80,2183,1546.87290511064,80,0
45,2127,535.817289706205,84,39
45,4223,1063.82530062497,82,37
40,2910,605.244177268096,76,36
33,1963,309.929621228386,68,35
0,8890,574.580019394662,56,56
64,1228,591.05573773112,73,9
29,8713,1173.04476350719,51,22
24,2629,290.011312378251,54,30
49,3613,1055.85676376377,88,39
8,3422,204.496154713403,77,69
88,2536,2042.56902282349,89,1
3,3210,163.395498496813,71,68
44,4148,1006.13729953532,87,43
77,2922,1951.74866167785,88,11
92,5997,5090.24077764466,94,2
81,8207,5922.83209767233,85,4
27,9035,1123.12885516697,82,55
95,5820,5159.16441627034,96,1
70,9566,5431.72937282716,89,19
26,4565,545.281963535522,53,27
20,2628,247.521923324027,84,64
71,5861,3413.1492218496,89,18
21,4573,448.001677949985,72,51
89,5427,4430.3428364377,93,4
67,3097,1623.67892552981,68,1
68,4105,2211.58677895538,81,13
7,2870,165.629343529178,72,65
99,4332,4125.71428571429,99,0
14,3594,268.259130414237,74,60
16,4428,356.865241968035,67,51
50,6076,1841.29994310338,81,31
11,1138,75.8482957788288,60,49
29,4180,562.759911793877,71,42
92,2517,2136.4242183311,98,6
63,9765,4562.48510614905,82,19
16,1459,117.585001813767,84,68
27,5136,638.44934146514,85,58
67,2486,1303.34704839106,70,3
91,3271,2740.73598281708,92,1
93,4052,3485.3447997232,94,1
12,1004,69.4686106007419,86,74
87,7584,6023.93434674206,91,4
95,2649,2348.21761833335,95,0
16,3764,303.351574247444,85,69
75,8399,5374.44168668092,96,21
17,1771,148.357445509834,89,72
33,6090,961.523888579149,86,53
11,6173,411.433681759851,57,46
82,6207,4559.0153768191,86,4
67,5274,2765.02507369849,92,25
37,8679,1605.29624550932,62,25
39,3386,677.351229869374,61,22
61,5353,2352.75461851954,78,17
5,7914,427.524652925724,62,57
46,1458,381.345832697303,73,27
0,9299,601.014578217206,56,56
72,9241,5515.4766401216,85,13
47,5162,1401.4412655251,72,25
6,9496,529.848533566864,64,58
87,5358,4255.83336363976,95,8
55,2911,1051.70140443904,76,21
5,3466,187.237862906313,82,77
37,8558,1582.91568948828,71,34
31,8273,1206.25469499335,47,16
61,9919,4359.60640035407,83,22
55,9554,3451.71941532484,90,35
64,2208,1062.74517012241,87,23
47,9566,2597.09165943687,70,23
73,3253,1988.52701148566,86,13
67,1221,640.139479519504,67,0
70,9656,5482.83282709796,84,14
79,7005,4870.37639501182,82,3
71,5626,3276.29713737005,78,7
63,9594,4482.58905359898,86,23
92,6790,5763.33748210893,96,4
97,1008,928.571459867361,98,1
47,2291,621.987977395971,92,45
56,3948,1475.51839320354,61,5
13,6683,480.194925649662,75,62
38,2788,536.32765864258,79,41
29,4283,576.626962251955,82,53
64,7216,3473.17443279134,79,15
95,4472,3964.22392947783,98,3
17,1593,133.446307564746,73,56
73,7704,4709.37967921473,73,0
18,8665,754.649331942353,30,12
79,4545,3160.00866742737,91,12
87,4744,3768.13614727641,96,9
33,4278,675.435007445254,72,39
24,9334,1029.65598696789,66,42
39,2283,456.701966270461,66,27
16,4877,393.051441977892,58,42
92,5658,4802.49830247015,97,5
20,6215,585.368627647955,67,47
39,7127,1425.71831520349,72,33
2,4392,217.759280472261,85,83
30,4794,671.676412202686,82,52
63,8327,3890.61069932444,75,12
1,8449,409.208551198004,83,82
44,6521,1581.73127537846,51,7
36,9683,1721.79866675726,47,11
58,6380,2548.08607690697,79,21
45,3743,942.907435529067,73,28
97,9465,8719.17546393311,97,0
41,8701,1881.22662910062,54,13
59,8896,3670.07320238502,79,20
43,4302,1004.47689871172,72,29
1,8401,406.883777797897,84,83
1,5344,258.824771878581,76,75
32,5291,802.807560914618,76,44
6,7914,441.577642654608,85,79
39,7192,1438.72121831676,67,28
6,5073,283.058299366544,68,62
21,5917,579.668910656038,88,67
86,2407,1884.45851229854,92,6
76,7607,4974.98159229927,87,11
85,5897,4548.00863588327,87,2
51,6497,2040.94597731622,58,7
41,8419,1820.25594648869,90,49
51,6309,1981.88828242082,67,16
90,9805,8110.05109863974,92,2
19,2605,235.919426580452,62,43
31,5420,790.269605567987,78,47
90,9456,7821.38125331335,96,6
14,7273,542.862731080341,89,75
48,2335,657.814698062089,75,27
6,6565,366.30745817886,89,83
44,6717,1629.27296069883,88,44
25,5547,636.703930438643,85,60
12,6974,482.54391467089,76,64
39,1816,363.281108518246,90,51
84,4141,3144.1970864287,88,4
11,2977,198.418608553228,61,50
66,3895,1985.90998450062,80,14
7,8191,472.707300643727,55,48
13,5079,364.942395237863,68,55
39,6695,1339.29902066611,89,50
76,4186,2737.64597677991,83,7
74,6063,3793.28661508157,84,10
18,2708,235.844245920357,74,56
14,9567,714.088787054259,78,64
14,8638,644.747459242677,75,61
54,4303,1502.14981368447,69,15
64,5740,2762.75238972038,74,10
60,6109,2602.04403217036,72,12
19,5499,498.011872079043,58,39
65,9951,4931.06246104873,84,19
29,3900,525.063075597158,70,41
29,4382,589.955486478652,66,37
51,3963,1244.92364292815,69,18
63,3330,1555.87049702779,68,5
33,3577,564.757134556259,54,21
35,3990,681.982983382781,83,48
33,2514,396.92463971888,75,42
18,6478,564.179846776984,73,55
16,1605,129.351561282452,77,61
51,3511,1102.9338658392,92,41
69,4609,2550.0570154107,71,2
3,5188,264.079702866501,87,84
1,4213,204.04729863856,80,79
52,2030,660.792036337061,55,3
69,3078,1702.98882478502,93,24
31,6620,965.237045915143,91,60
13,3790,272.323622357058,60,47
98,1244,1166.42616862277,98,0
64,7882,3793.73072051848,76,12
30,6429,900.752535263052,84,54
50,8895,2695.58311288752,89,39
32,7013,1064.08796535517,92,60
52,6667,2170.19729372374,84,32
31,5870,855.882395698171,74,43
78,4954,3377.21722439241,84,6
97,2931,2700.04260800718,99,2
85,1420,1095.16233049928,87,2
11,6260,417.23227730709,48,37
20,6192,583.202339886748,76,56
60,1093,465.548228378163,91,31
42,7826,1758.56583216929,67,25
86,5253,4112.61344624189,92,6
97,1018,937.783478318426,99,2
41,8630,1865.87585440045,44,3
18,9444,822.493743896548,84,66
88,1184,953.628439677842,95,7
99,2879,2741.90476190476,99,0
66,4275,2179.65730006165,77,11
38,3401,654.25049033121,79,41
93,4993,4294.74989758587,98,5
20,2775,261.367327710873,79,59
52,6864,2234.32341744709,54,2
87,2303,1829.26170893288,89,2
1,6540,316.750375764581,2,1
25,4078,468.0870070901,67,42
27,3508,436.074822792,76,49
98,4998,4686.33279001333,98,0
22,6790,691.989925520925,60,38
12,9189,635.803847420535,81,69
23,2333,247.357118005898,88,65
7,4777,275.683405588461,84,77
81,4994,3604.07255949502,86,5
94,2748,2397.45751499948,99,5
92,5469,4642.0755065764,93,1
15,8854,686.644801224749,58,43
57,7557,2920.34921182149,79,22
89,4386,3580.5203023062,89,0
15,3631,281.59106316321,87,72
94,2207,1925.46897219937,96,2
42,9440,2121.24475538948,89,47
89,2435,1987.81735889549,91,2
91,6191,5187.37281247953,91,0
13,6000,431.119191066583,86,73
94,2494,2175.85845793621,94,0
50,1571,476.083313136177,66,16
99,7558,7198.09523809524,99,0
40,9772,2032.45570455802,59,19
3,9175,467.026074363945,78,75
90,5485,4536.83123671993,94,4
59,7848,3237.7174564206,76,17
81,7833,5652.9235800009,84,3
6,2847,158.85412542806,65,59
14,8347,623.026978733344,84,70
63,1386,647.578531195349,85,22
50,2205,668.213689029452,78,28
20,1060,99.8376098643334,78,58
37,9043,1672.62287684535,73,36
93,4337,3730.48874540956,94,1
19,1956,177.143339113767,63,44
82,8031,5898.73570021495,97,15
63,8071,3771.00023468807,72,9
3,3475,176.88453497708,81,78
30,3652,511.673395361746,63,33
8,5149,307.700380075778,70,62
42,2438,547.838423055039,54,12
65,2219,1099.59075480526,90,25
86,7862,6155.21928695102,89,3
42,8619,1936.75937994724,57,15
72,7172,4280.59717162126,74,2
85,8029,6192.29461378782,92,7
88,2768,2229.42864951712,94,6
22,5050,514.661137537654,84,62
2,8029,398.084987001773,81,79
81,2589,1868.43088837257,96,15
24,6268,691.438153665606,76,52
53,8582,2893.58476366334,87,34
31,6570,957.946735900679,45,14
36,1440,256.055982663478,53,17
27,6996,869.663472135927,57,30
86,3815,2986.79236577438,88,2
89,8743,7137.36639376724,98,9
74,2520,1576.62580735701,95,21
28,2534,327.813812911837,71,43
37,1569,290.207375181948,73,36
7,3556,205.218796372738,68,61
84,8457,6421.2689591711,84,0
52,4788,1558.55776846396,80,28
89,5589,4562.59187633136,91,2
18,3764,327.813050828738,79,61
66,7321,3732.69499269037,70,4
61,1650,725.209250991452,79,18
85,3768,2906.03638121217,91,6
68,9673,5211.37123333384,88,20
11,4956,330.319994622035,74,63
88,8779,7070.86492561806,88,0
79,2074,1441.99295406917,81,2
30,6914,968.704779718267,85,55
13,9779,702.652428240019,81,68
87,1887,1498.8349304196,89,2
18,8024,698.823570629595,70,52
33,3312,522.917425118907,89,56
98,2589,2427.55414032503,99,1
40,3850,800.752605663975,80,40
25,2730,313.358884099062,51,26
8,6457,385.86547953958,86,78
70,7377,4188.77980172966,70,0
79,9623,6690.5970091647,90,11
60,3649,1554.24106619572,84,24
20,4029,379.477103908867,59,39
23,3926,416.255484479707,50,27
4,9314,487.921523657479,69,65
35,1303,222.71273868365,77,42
52,8394,2732.35879458783,56,4
17,9545,799.588829695858,67,50
81,2657,1917.50516431283,86,5
60,1031,439.140186146282,90,30
55,2384,861.304070141765,76,21
42,6000,1348.24878520518,72,30
51,3110,976.965059173997,69,18
76,1282,838.428605406556,89,13
31,3035,442.521817878015,82,51
85,8663,6681.26145712341,92,7
3,5816,296.04617422351,71,68
21,3103,303.99064217774,78,57
43,8568,2000.54813299907,55,12
6,6516,363.573404035561,86,80
0,9479,612.648369386052,80,80
24,4675,515.710492722831,86,62
3,4959,252.423139266573,72,69
46,5616,1468.88765187109,77,31
42,2690,604.464872033656,83,41
14,5378,401.418364876952,75,61
70,3079,1748.30595221982,83,13
67,5476,2870.92857481474,84,17
89,4344,3546.23351418562,95,6
63,6006,2806.17363517985,94,31
61,1488,654.006888166836,89,28
54,1225,427.63967505542,62,8
70,6083,3454.02569254731,81,11
97,9081,8365.43395541221,98,1
34,9721,1597.00549493457,48,14
87,9875,7843.66451398705,89,2
5,1063,57.4246532802684,64,59
69,5880,3253.27299861465,75,6
20,3359,316.372199560657,70,50
73,4412,2697.01235003834,84,11
48,3522,992.215574550183,70,22
23,1670,177.062317646743,87,64
6,1172,65.3941113458682,68,62
72,1742,1039.71002132798,85,13
27,6177,767.854669437339,90,63
63,9930,4639.57778843421,90,27
49,2102,614.284782018112,89,40
31,2691,392.364484978497,63,32
34,5667,930.997854109067,82,48
85,8396,6475.34008934643,87,2
11,5766,384.306918682537,73,62
38,5747,1105.55059333533,76,38
95,7468,6620.04121317987,95,0
57,9509,3674.68580854976,90,33
80,9486,6721.77571135115,92,12
11,1884,125.569586333316,37,26
95,7191,6374.49335350515,95,0
78,5773,3935.54199362482,85,7
90,2136,1766.75870950479,93,3
67,9307,4879.42517271746,76,9
23,3428,363.454865205409,75,52
97,1076,991.213185334604,99,2
36,6503,1156.34170504208,86,50
64,9163,4410.29619285851,76,12
37,7373,1363.73421110039,86,49
76,9746,6373.88860241208,82,6
38,5063,973.969489134642,65,27
1,8439,408.724223406315,87,86
57,2044,789.889346164234,80,23
32,6424,974.718535497166,87,55
29,5773,777.227983441639,36,7
90,9651,7982.67242763611,94,4
6,5469,305.153920606274,80,74
42,4943,1110.7322908782,85,43
89,3197,2609.87765765457,90,1
89,3422,2793.5568797291,89,0
13,2631,189.045765282697,56,43
86,9136,7152.64352653072,88,2
83,2950,2203.75193298969,95,12
16,5894,475.014393893314,73,57
80,8968,6354.72112369778,82,2
6,5029,280.603230339907,55,49
44,4862,1179.32486748812,89,45
4,7131,373.563279493395,59,55
29,7861,1058.33867622289,67,38
48,1013,285.381708409806,74,26
86,7375,5773.94330211954,89,3
22,5193,529.234710343175,50,28
94,1147,1000.68550571485,98,4
31,3798,553.771948698748,71,40
46,6322,1653.54482463124,51,5
87,5997,4763.38795851953,96,9
57,8030,3103.13671707378,57,0
38,9544,1835.97961767747,65,27
10,5619,360.921155919294,88,78
22,2428,247.444998404242,87,65
93,5057,4349.79976609088,93,0
78,6306,4298.89620852211,81,3
12,3596,248.813868247279,74,62
85,2135,1646.599701138,89,4
8,1982,118.442834202795,33,25
21,9222,903.448824416086,71,50
82,4268,3134.82803741968,83,1
12,3708,256.563354688796,35,23
9,4147,256.828429243181,78,69
38,3627,697.726118327345,84,46
52,2802,912.08831813618,75,23
50,1198,363.047618801489,80,30
3,6863,349.340593826676,66,63
99,5445,5185.71428571429,99,0
22,6701,682.919659928677,53,31
75,7740,4952.75373912493,83,8
24,1972,217.536062384903,59,35
50,4949,1499.76850204388,78,28
63,3693,1725.47439805514,67,4
41,5410,1169.68579053377,86,45
57,5045,1949.60457504822,80,23
52,5451,1774.37309855829,64,12
69,7634,4223.72212099052,79,10
56,4284,1601.09442666767,66,10
71,5663,3297.84406130938,83,12
42,3324,746.92982700367,87,45
17,4975,416.757928521414,31,14
49,1122,327.891306101009,74,25
51,2128,668.482844347995,73,22
9,4747,293.987112036986,67,58
13,2217,159.298541099102,80,67
35,4410,753.770665844126,66,31
17,5191,434.852343106464,86,69
72,3920,2339.6459722191,75,3
4,2914,152.652278284077,90,86
43,4135,965.483955409801,74,31
44,6497,1575.9098445229,75,31
91,2148,1799.78627058731,95,4
39,7415,1483.33117822841,64,25
68,8805,4743.73242112111,94,26
4,1748,91.5704126426105,72,68
81,3833,2766.20146586792,89,8
8,5086,303.935547303439,26,18
91,8761,7340.74837831257,93,2
49,3646,1065.50062570791,76,27
11,4410,293.928808773845,70,59
2,7049,349.495712215157,64,62
93,6603,5679.59815216493,97,4
66,3625,1848.24741818093,85,19
40,1688,351.083220353452,76,36
24,1999,220.514497316137,73,49
3,2911,148.175793185116,78,75
94,9713,8473.98283958879,96,2
83,4146,3097.20525904246,95,12
62,3782,1714.3453093859,81,19
45,8199,2065.42828316933,88,43
54,7167,2501.95391928342,69,15
62,5085,2304.9830508269,75,13
0,1299,83.9571929351706,0,0
83,6087,4547.19932749432,88,5
64,3501,1685.0864314305,84,20
81,8116,5857.15916957581,85,4
52,2069,673.487055754374,85,33
67,3774,1978.61293669665,67,0
79,4464,3103.6916812752,87,8
67,3395,1779.91280341418,87,20
39,2356,471.305226689972,74,35
27,6492,807.011901244488,51,24
3,4489,228.49918777327,79,76
87,7122,5656.96999175856,93,6
63,5328,2489.39279524446,75,12
46,5005,1309.07811567215,70,24
90,5262,4352.38030403287,96,6
18,1388,120.88323978488,74,56
0,3369,217.745791376897,81,81
66,9340,4762.10507194756,74,8
79,4751,3303.23458282672,89,10
75,2083,1332.89225304874,86,11
11,4560,303.926387303567,85,74
77,9662,6453.72880531532,95,18
74,2081,1301.96758139283,90,16
15,2760,214.043330853886,89,74
31,4678,682.081404953329,85,54
27,1273,158.244939969845,76,49
80,6926,4907.76076078622,82,2
18,9825,855.675670667469,89,71
11,7477,498.345964444906,80,69
63,6097,2848.69141753106,83,20
97,6076,5597.22241086715,99,2
54,6240,2178.34414069047,88,34
19,2816,255.028447313072,84,65
92,6865,5826.99732174931,93,1
72,9327,5566.80560787947,82,10
59,4811,1984.79341014774,63,4
66,1831,933.556144190148,77,11
6,7625,425.452302911472,82,76
58,7410,2959.45420531045,60,2
74,5189,3246.47274379981,81,7
15,6668,517.116279033954,72,57
93,9347,8039.86126431707,93,0
78,7807,5322.15076116906,88,10
15,4423,343.0121928865,79,64
39,8922,1784.79848579284,58,19
26,5437,649.440971685133,52,26
95,9894,8770.57950765957,98,3
17,3436,287.83522460293,77,60
51,4830,1517.28014013196,79,28
92,4175,3543.7310733144,93,1
39,5648,1129.85225821093,68,29
40,8064,1677.21273040891,79,39
95,9410,8341.5355940041,99,4
45,2875,724.247629480648,48,3
55,3902,1409.73510138136,77,22
29,2942,396.08604318124,61,32
18,6129,533.784853488134,89,71
65,6434,3188.26810113431,74,9
43,1264,295.132217566623,88,45
17,1735,145.341709745659,70,53
67,1768,926.917772146177,90,23
70,5367,3047.4693230152,89,19
63,8504,3973.31012213943,84,21
7,1124,64.8666836678732,79,72
36,6179,1098.7291089428,73,37
81,8525,6152.3265057459,87,6
14,5582,416.645093481433,73,59
46,6458,1689.11617802413,82,36
89,9714,7930.04428103111,91,2
97,1294,1192.03518756782,98,1
55,6440,2326.67710222859,70,15
99,3302,3144.7619047619,99,0
33,7266,1147.1974670634,69,36
83,9001,6724.058016556,88,5
63,7801,3644.8485727669,67,4
83,2462,1839.19907085445,88,5
7,4521,260.909498987949,74,67
25,4145,475.77749985004,69,44
6,1057,58.9774536626132,53,47
35,1369,233.99366021329,73,38
95,6572,5825.77810029702,99,4
55,7625,2754.80014044923,81,26
71,5256,3060.82789797671,75,4
46,8085,2114.66464839348,76,30
24,4641,511.959870957574,87,63
68,3239,1745.02547552655,83,15
19,2866,259.556651278148,58,39
19,2337,211.648253327645,63,44
91,5481,4592.47139156845,92,1
2,5049,250.33392693635,74,72
79,8017,5573.99108619697,86,7
9,6961,431.102651546126,76,67
65,3026,1499.4869869494,80,15
15,5584,433.049985321776,75,60
34,1071,175.948244529877,90,56
92,7148,6067.207116659,95,3
53,5009,1688.87975777088,58,5
89,2591,2115.16828620049,89,0
90,2705,2237.39808483636,90,0
19,7997,724.240942174232,86,67
34,5368,881.87691562687,65,31
11,3508,233.810036548446,56,45
23,2552,270.576667445801,73,50
75,7842,5018.02258684984,86,11
83,6155,4597.99767713612,84,1
11,9351,623.249045542907,66,55
1,6209,300.719125859677,52,51
72,3067,1830.53423387652,90,18
15,2284,177.128611474738,84,69
77,7239,4835.28698216494,77,0
78,8778,5984.09624459357,93,15
94,1001,873.309669765096,94,0
68,1602,863.084535904147,83,15
14,6731,502.407403121377,67,53
64,6133,2951.90947842424,66,2
46,7844,2051.63011774873,79,33
83,6559,4899.79963677267,84,1
77,5493,3669.04702210692,85,8
35,2293,391.92656162825,71,36
26,1090,130.198760187014,78,52
7,4782,275.971958451752,71,64
60,4514,1922.67584894696,69,9
58,2305,920.58595725244,85,27
43,1948,454.839841629575,78,35
34,8201,1347.29370064381,49,15
55,5817,2101.59638255648,75,20
50,9495,2877.40996704519,60,10
65,9667,4790.33070153332,78,13
86,1528,1196.28276144253,89,3
17,7108,595.440272548786,81,64
11,4364,290.862884691396,87,76
34,2451,402.660268293863,62,28
81,9763,7045.76700007006,81,0
91,3373,2826.20069399022,91,0
81,1658,1196.54631630812,94,13
3,3443,175.255670194557,80,77
42,5337,1199.26729444001,78,36
66,3283,1673.874834176,79,13
62,1571,712.11964067828,73,11
76,3919,2563.0278506929,81,5
56,6175,2307.83335309824,62,6
35,8228,1406.35488402845,38,3
24,1201,132.485198237459,74,50
15,8869,687.808080196781,40,25
76,5678,3713.41468135602,88,12
61,4313,1895.65303001584,88,27
85,9236,7123.18259471221,86,1
99,4689,4465.71428571429,99,0
59,4423,1824.72277137466,71,12
92,5975,5071.56722468348,97,5
62,7638,3462.2341282627,69,7
39,7392,1478.73015097295,86,47
93,4552,3915.42189741856,97,4
32,9360,1420.2001077605,70,38
17,5925,496.339844520478,56,39
0,6727,434.780628849032,84,84
85,1510,1164.57402750275,90,5
6,4375,244.111977080353,87,81
5,5960,321.967011806585,88,83
90,7164,5925.58960435034,92,2
25,4686,537.875359299708,74,49
72,5907,3525.58386681076,84,12
56,3825,1429.54859523899,80,24
51,4987,1566.59959810313,66,15
13,3777,271.389530776414,88,75
73,4562,2788.70587961807,77,4
58,4156,1659.85042878141,87,29
51,6945,2181.67920770528,75,24
26,7236,864.328650195626,71,45
49,2223,649.645609146652,49,0
43,3590,838.23153565204,70,27
74,6715,4201.20726047711,93,19
85,1999,1541.71091455497,92,7
5,5788,312.675346365187,69,64
0,9565,618.206736277834,66,66
57,8794,3398.37911456373,65,8
51,6234,1958.32803179765,90,39
97,9472,8725.62387684885,99,2
85,4221,3255.40858946299,89,4
58,4697,1875.91854282634,82,24
76,1173,767.142553932831,85,9
34,1212,199.112299131849,82,48
57,3204,1238.1631434003,84,27
14,1105,82.4781132742715,37,23
73,4476,2736.13492265903,77,4
94,9891,8629.27666697958,97,3
33,4929,778.21859553475,70,37
22,4131,421.003001815455,76,54
11,1421,94.7103939382388,81,70
92,5620,4770.24398371902,92,0
66,3868,1972.14372786865,73,7
90,6771,5600.52585302291,93,3
20,2028,191.010068683838,84,64
28,5770,746.442660024191,87,59
62,6446,2921.91165105805,82,20
3,5065,257.818753858679,42,39
5,1689,91.241993782101,74,69
31,4603,671.145939931632,68,37
18,8778,764.490690800921,73,55
31,4262,621.426025632982,60,29
74,9358,5854.78742271703,90,16
99,3147,2997.14285714286,99,0
58,2236,893.028286514732,76,18
70,2064,1171.97255127695,88,18
83,8300,6200.38679451337,85,2
58,1099,438.925799141185,75,17
57,4740,1831.73948180943,71,14
20,7144,672.867815915847,79,59
97,1262,1162.55672852441,97,0
39,2769,553.923672625013,58,19
64,9120,4389.59961572298,90,26
9,7023,434.942382101486,21,12
6,1433,79.9571344356903,70,64
38,8281,1593.01626299111,65,27
94,5831,5087.18150289738,97,3
91,3306,2770.06210920002,93,2
21,9389,919.809261813341,90,69
82,5198,3817.90912336164,84,2
78,9866,6725.802409337,88,10
19,9479,858.456907699081,77,58
14,5341,398.656654296728,71,57
15,5106,395.980162079689,77,62
79,8108,5637.26078668891,81,2
35,2243,383.38040895428,79,44
11,9312,620.649675125179,82,71
76,7914,5175.75973727573,76,0
85,2515,1939.67131070823,87,2
91,4957,4153.41738514958,94,3
33,2430,383.662241255719,56,23
52,4606,1499.3143445165,75,23
78,8728,5950.01048334617,93,15
85,4452,3433.56527843858,93,8
96,6289,5682.74824504381,96,0
63,2633,1230.21231792017,79,16
17,3851,322.599956328837,59,42
63,1343,627.487710963459,94,31
12,1860,128.696828403765,79,67
36,5985,1064.23267794508,72,36
27,9129,1134.81387037291,84,57
41,3816,825.050088110328,58,17
64,2909,1400.14750900638,90,26
98,5037,4722.90081298463,98,0
43,2849,665.214942917176,86,43
99,6839,6513.33333333333,99,0
11,2444,162.893879510947,75,64
87,2905,2307.42738360834,87,0
5,9188,496.347802764917,74,69
70,8415,4778.17297431952,83,13
77,2904,1939.72556930612,80,3
67,3744,1962.88469395661,91,24
11,3216,214.348083677253,37,26
47,1867,506.875405411732,84,37
72,3534,2109.26246577099,79,7
91,3001,2514.50586500582,92,1
50,9355,2834.98370107507,83,33
44,8395,2036.28800134981,69,25
47,9054,2458.0877989276,75,28
7,3434,198.178106508431,79,72
18,1250,108.864589143444,71,53
21,8246,807.833333998595,67,46
50,8245,2498.60402088337,85,35
49,9346,2731.25859787882,53,4
20,6668,628.035077901297,76,56
4,9446,494.836451843306,75,71
38,1325,254.890296879992,81,43
81,9508,6861.73846529408,87,6
79,6624,4605.47797866642,82,3
73,5094,3113.9122645275,91,18
51,2556,802.933341237536,60,9
21,7681,752.482153582732,83,62
99,4848,4617.14285714286,99,0
23,6295,667.429514722302,52,29
70,7466,4239.3154398419,72,2
43,1066,248.901063232611,83,40
33,7599,1199.77340382807,81,48
83,6393,4775.7919008824,85,2
38,3954,760.631119896973,86,48
70,3439,1952.71976930301,73,3
19,6794,615.292354774507,79,60
41,4760,1029.15052919422,74,33
27,6627,823.793572018981,88,61
90,8271,6841.22719396729,91,1
6,9136,509.761605167109,75,69
10,7972,512.059700122551,84,74
65,7387,3660.51235049412,78,13
43,9533,2225.86663770777,72,29
94,9361,8166.88493373733,97,3
66,1886,961.598518810824,68,2
13,2302,165.406062972546,63,50
52,1615,525.704009204115,76,24
7,2669,154.02951842487,79,72
25,8412,965.558583531614,66,41
91,4938,4137.49748797026,97,6
87,1128,895.964918661002,97,10
33,2895,457.079089891073,65,32
43,5016,1171.18924312831,62,19
83,1337,998.785198104141,92,9
20,6175,581.601170671942,90,70
51,8906,2797.70122733235,83,32
28,2757,356.662463377243,82,54
42,3374,758.165233547047,87,45
14,9111,680.052570173654,86,72
3,3732,189.966355261716,65,62
74,9888,6186.37935839132,82,8
68,2891,1557.5389471279,95,27
78,3595,2450.76623368807,87,9
39,9203,1841.01103617479,72,33
2,3578,177.400433863787,81,79
8,8600,513.929553049464,90,82
4,8686,455.023228955214,71,67
67,7021,3680.93307592665,72,5
39,3698,739.765164813037,92,53
38,2348,451.684843074885,86,48
72,5091,3038.55552157332,82,10
6,3198,178.438880617821,85,79
41,8667,1873.87555389209,77,36
85,1691,1304.16866258752,89,4
6,5750,320.832884162749,79,73
15,9383,727.669772971744,74,59
18,4310,375.365103366595,67,49
61,4989,2192.76906254324,76,15
76,6482,4239.23106103377,82,6
13,9138,656.594527994406,79,66
83,3755,2805.11474860213,85,2
15,2338,181.316415774053,87,72
60,9655,4112.41367336795,76,16
73,7451,4554.72325932359,80,7
6,2027,113.100566295286,49,43
51,5323,1672.14952089492,70,19
1,3852,186.563065358588,88,87
83,2979,2225.41593504281,88,5
21,5351,524.219763549173,51,30
9,3413,211.37097395876,54,45
18,3176,276.603148095662,89,71
83,1011,755.251933644941,83,0
62,7703,3491.69802173443,77,15
52,6425,2091.42307067272,61,9
78,8249,5623.46889059608,82,4
24,7917,873.343309280568,68,44
5,2886,155.905502696947,14,9
63,7315,3417.77558130879,81,18
66,6290,3207.02793389188,81,15
38,6908,1328.89220441282,74,36
45,2707,681.926376697084,88,43
13,3517,252.707699163529,47,34
55,2591,936.090119856256,67,12
56,3148,1176.52783733656,81,25
71,6499,3784.68807247919,82,11
23,5432,575.9296463815,70,47
30,9338,1308.32589427382,71,41
32,9904,1502.74165248505,78,46
23,9994,1059.61724704284,70,47
31,7148,1042.22271966789,80,49
81,4505,3251.17078104226,86,5
19,3590,325.125044692446,74,55
97,3850,3546.62710366006,97,0
99,3972,3782.85714285714,99,0
52,4260,1386.68673635265,69,17
35,9978,1705.47022761739,51,16
55,4936,1783.30406468949,77,22
51,4284,1345.76151559531,64,13
26,3021,360.853628004559,88,62
85,5768,4448.51853684495,90,5
15,1071,83.0581186030841,72,57
31,2661,387.990298969818,80,49
75,7394,4731.35156939144,80,5
80,2150,1523.48911863852,83,3
62,3126,1416.98663065583,66,4
75,2102,1345.05017566416,89,14
78,4902,3341.76803269511,84,6
73,7068,4320.59911379669,80,7
83,6998,5227.74780578368,91,8
26,2739,327.169178121313,82,56
87,1066,846.718619940273,87,0
55,2357,851.549368005093,88,33
27,7293,906.583147839811,87,60
36,5644,1003.59719871713,87,51
78,3314,2259.20425547768,86,8
79,1475,1025.52536511669,88,9
83,6585,4919.22253516512,87,4
35,9502,1624.1108541612,87,52
29,9026,1215.18444111281,83,54
50,6747,2044.64297500305,90,40
90,7320,6054.62254380855,93,3
74,2774,1735.53967841601,79,5
75,3427,2192.90530542392,83,8
26,9299,1110.75070732022,79,53
2,3182,157.766400378583,75,73
55,4964,1793.42005209049,66,11
99,2242,2135.23809523809,99,0
94,5170,4510.50049219335,97,3
2,3671,182.011456879251,66,64
72,8341,4978.31302405089,73,1
65,7810,3870.12338667376,73,8
73,5144,3144.47677438741,90,17
34,4559,748.971098797112,83,49
44,5265,1277.07639393767,69,25
95,5986,5306.31584120176,97,2
27,6536,812.481482830249,62,35
72,5344,3189.55818253542,77,5
55,7603,2746.85186463416,80,25
78,8763,5973.87051621935,80,2
75,9901,6335.5574639633,81,6
86,4215,3299.95539233001,92,6
22,1374,140.028594648859,81,59
30,3199,448.20459796337,72,42
70,8766,4977.47644597563,81,11
82,4229,3106.18270155759,90,8
55,1360,491.347959476846,85,30
30,4171,584.389302314853,58,28
94,2228,1943.79015408255,94,0
15,4668,362.012416096355,73,58
67,7205,3777.39963139887,92,25
77,3268,2182.85921504559,86,9
47,4727,1283.34228247523,56,9
43,4823,1126.12554218657,90,47
89,8283,6761.84442863709,90,1
34,2784,457.366865332564,78,44
62,3818,1730.66377346255,80,18
44,6639,1610.35331041828,82,38
66,9152,4666.25113688052,74,8
97,6383,5880.03137731485,99,2
27,1359,168.935485796559,65,38
93,2768,2380.90681284152,94,1
71,3314,1929.90556580952,83,12
51,7462,2344.08786866764,89,38
1,6804,329.53662946517,79,78
94,4409,3846.57575823607,95,1
16,6476,521.919446021904,74,58
8,6258,373.973388719017,70,62
32,1139,172.82135926701,78,46
7,9824,566.94866579465,81,74
75,8262,5286.77666571708,91,16
27,5014,623.283683431895,80,53
39,9347,1869.81746768725,64,25
21,9396,920.495028650352,85,64
16,8273,666.744838934406,85,69
38,6078,1169.22507504649,79,41
73,4729,2890.79134255016,74,1
98,9399,8812.8935360815,99,1
74,6274,3925.29774418964,82,8
16,1484,119.599823640597,83,67
73,9819,6002.25844628887,77,4
99,4000,3809.52380952381,99,0
98,5103,4784.78515955143,99,1
68,6377,3435.63675746613,75,7
57,7292,2817.94183572876,64,7
3,3285,167.213150330851,71,68
87,3964,3148.58593756402,88,1
94,8968,7824.01710135203,95,1
22,7274,741.315864247306,83,61
55,7984,2884.50155034054,86,31
13,5046,362.571239686996,67,54
52,5819,1894.16199972678,83,31
12,2720,188.201813579699,60,48
21,2583,253.047962856945,63,42
38,2135,410.710025538705,75,37
60,8022,3416.8599158734,87,27
62,2750,1246.54933918859,86,24
43,7897,1843.87588775603,76,33
54,9241,3225.97407117317,65,11
74,9075,5677.72984197019,82,8
24,2146,236.73042083063,87,63
75,5131,3283.27899682817,92,17
52,5315,1730.10328725689,77,25
85,7641,5893.05307559506,87,2
8,2137,127.705518007756,55,47
89,5199,4244.21455806884,90,1
54,2790,973.971178289487,93,39
42,2233,501.773256227195,89,47
96,8797,7948.98017358092,97,1
11,6807,453.690113678812,71,60
11,5094,339.51776686938,68,57
55,3667,1324.83306426588,77,22
52,6583,2142.85417497876,68,16
39,7004,1401.11282161993,91,52
99,7456,7100.95238095238,99,0
17,8949,749.661648711182,34,17
25,6850,786.266797098378,72,47
64,2276,1095.47464094139,81,17
22,1836,187.112445251313,83,61
55,7106,2567.29308826652,75,20
20,1670,157.291328748525,82,62
7,5019,289.649364171758,81,74
64,4407,2121.15849851877,86,22
56,8192,3061.66329207786,83,27
92,4973,4221.07176708803,98,6
91,1609,1348.16392429003,93,2
61,1450,637.305099356124,90,29
86,3030,2372.20992615894,89,3
97,4362,4018.28244835459,99,2
93,5012,4311.09282729829,99,6
54,3806,1328.65028837627,84,30
7,2825,163.032367759557,73,66
16,3151,253.948143053586,81,65
73,6475,3958.10402685818,84,11
46,1365,357.021304274224,57,11
66,6099,3109.64441475462,87,21
88,6265,5046.01535015345,88,0
77,8708,5816.50490961352,82,5
43,5157,1204.11142879041,58,15
21,3229,316.334445243932,88,67
7,6942,400.626795393573,65,58
75,7045,4508.02972766604,87,12
59,9619,3968.34916071734,81,22
58,6152,2457.0259475128,77,19
38,1624,312.408937458949,76,38
48,4926,1387.74955145775,79,31
91,9561,8011.05983849407,92,1
72,1168,697.119003967322,77,5
21,5332,522.358396420144,58,37
70,6666,3785.06251299037,95,25
20,5549,522.640468997345,61,41
79,1306,908.024492774509,79,0
70,1644,933.489764679892,70,0
55,4372,1579.53917561233,78,23
55,8747,3160.16220701763,72,17
99,1948,1855.2380952381,99,0
79,3046,2117.79678789522,91,12
24,1145,126.307703565271,82,58
32,9496,1440.83549394164,85,53
8,8880,530.662143148749,83,75
73,5193,3174.42999405012,93,20
18,4349,378.76167854787,68,50
85,8862,6834.73843160887,86,1
24,5342,589.288866764784,56,32
88,4696,3782.29658169523,89,1
34,7564,1242.64474474695,76,42
66,2679,1365.9185747053,69,3
70,3363,1909.56574125212,75,5
86,7364,5765.33131888926,89,3
16,5441,438.505822391164,19,3
84,8653,6570.08871984244,87,3
36,9211,1637.86920577312,84,48
20,4705,443.14712680348,84,64
88,4411,3552.74919545521,93,5
97,4974,4582.05797755978,97,0
43,3808,889.132503555144,78,35
90,1157,956.994300981762,92,2
54,9806,3423.2119621171,69,15
45,8466,2132.68884562893,72,27
16,3238,260.959723010952,63,47
12,1023,70.7832556220707,76,64
46,3118,815.52558734581,74,28
66,4671,2381.56239733052,79,13
35,5983,1022.63262896721,52,17
61,7808,3431.77807984318,81,20
74,3534,2211.03000126971,78,4
96,2408,2175.8718037948,96,0
17,9711,813.494722386221,77,60
21,6109,598.478515328331,23,2
46,6011,1572.20150915191,87,41
77,8894,5940.74353078809,89,12
74,2658,1662.96483966466,80,6
11,2082,138.76638999255,81,70
79,1688,1173.61818055388,84,5
7,9072,523.550315155646,86,79
11,6216,414.299654271705,85,74
60,4074,1735.26393633361,83,23
83,1420,1060.78906604927,83,0
54,3333,1163.52900976303,78,24
92,5028,4267.75564949097,93,1
70,3649,2071.96116260154,80,10
76,6118,4001.17488913987,87,11
60,4697,2000.62216714752,81,21
92,8967,7611.17042740365,98,6
8,8101,484.109687122524,72,64
76,1618,1058.17276407785,83,7
2,3256,161.435386433899,65,63
12,5825,403.042486802113,73,61
95,9423,8353.05950077584,96,1
48,2880,811.351747502705,50,2
38,7369,1417.57479072352,73,35
51,9965,3130.37196613147,83,32
36,2714,482.594400658804,70,34
76,2948,1927.99339215174,83,7
42,5252,1180.16710331627,81,39
64,1350,649.776258906362,78,14
11,5947,396.370663441736,55,44
86,3891,3046.29334081995,90,4
43,3615,844.068802613405,68,25
53,8755,2951.91500884089,77,24
44,6868,1665.89946316504,57,13
62,7075,3207.03148173064,94,32
29,6079,818.425240142339,73,44
90,7073,5850.32038966638,91,1
80,1759,1246.42667892333,92,12
85,1362,1050.43034798593,88,3
53,4795,1616.72558165529,85,32
48,6715,1891.74548072245,66,18
11,4283,285.464192285346,70,59
64,9117,4388.15566848096,88,24
29,6894,928.14995978636,88,59
19,1079,97.718641566337,61,42
60,4782,2036.82674117509,76,16
35,7940,1357.12904462639,79,44
66,8879,4527.05898649062,82,16
78,1301,886.911507657352,79,1
21,8553,837.909108136064,49,28
98,3332,3124.22186000889,98,0
80,1059,750.406965878228,80,0
66,5819,2966.88323486754,94,28
71,2707,1576.41954334531,82,11
79,5679,3948.44647355776,81,2
74,5977,3739.4811311797,77,3
96,1469,1327.39023246452,98,2
40,2791,580.493642183936,71,31
34,3207,526.859029138482,76,42
1,8504,411.872354052293,61,60
32,4848,735.590825045184,63,31
79,3695,2569.02794854656,82,3
93,2968,2552.93765191966,96,3
2,9900,490.850837130098,64,62
78,1691,1152.78044538707,91,13
40,3922,815.727719328341,89,49
95,4561,4043.11836814588,99,4
10,8010,514.500526590771,77,67
94,4658,4063.81262913668,94,0
90,6235,5157.18190719212,90,0
0,8281,535.219025940067,84,84
9,3811,236.01956687865,60,51
99,6285,5985.71428571429,99,0
16,8055,649.175592604453,54,38
0,9322,602.501118199892,80,80
94,9017,7866.76652574612,95,1
50,4528,1372.18665937658,92,42
17,7746,648.885811924999,87,70
61,3309,1454.37418880649,81,20
13,6121,439.813428086426,88,75
22,4564,465.131372618189,76,54
79,4507,3133.58835293623,93,14
51,8516,2675.18792409188,83,32
74,2450,1532.83064604154,83,9
1,8663,419.573165940148,83,82
73,9030,5519.95048069951,93,20
51,1189,373.508506545943,84,33
8,3849,230.013354614812,52,44
63,7648,3573.36263101157,73,10
20,7254,683.228322599882,91,71
0,6915,446.93147740316,82,82
75,4593,2939.01781961251,82,7
80,7887,5588.72496683813,88,8
82,6309,4633.93394753532,84,2
59,2075,856.047874881847,87,28
55,8919,3222.30327248087,77,22
73,9150,5593.30530436329,81,8
29,7123,958.980586532962,72,43
42,2714,609.857867174477,60,18
3,9540,485.605313289595,25,22
76,6099,3988.74888016738,92,16
88,3954,3184.66794804577,90,2
70,4013,2278.64624431898,85,15
66,2482,1265.47588742761,83,17
10,6323,406.14067785686,79,69
94,1175,1025.11374822576,95,1
21,8433,826.153105215881,60,39
92,5424,4603.87960279217,92,0
70,6245,3546.01191023475,78,8
41,3864,835.428076640018,83,42
56,4172,1559.23574884629,74,18
73,8665,5296.82955872218,92,19
67,5992,3141.45434994338,73,6
69,8224,4550.15597629369,69,0
30,6269,878.335299978857,77,47
14,1269,94.7192088190503,81,67
83,4577,3419.17715162502,89,6
69,2399,1327.31325232594,92,23
25,3285,377.063712185134,69,44
45,4046,1019.23683787085,92,47
14,3567,266.243828098938,73,59
85,7239,5583.01416231287,92,7
10,5154,331.053147821328,88,78
14,6670,497.854312705331,86,72
46,2666,697.303148128265,90,44
17,1323,110.828289333433,81,64
87,4770,3788.78782093349,88,1
8,2427,145.035700610587,72,64
80,8628,6113.79726307587,82,2
57,8179,3160.71671344289,84,27
99,6126,5834.28571428571,99,0
18,1340,116.702839561772,41,23
74,1756,1098.63290385671,91,17
12,9080,628.261936508702,87,75
42,9784,2198.54435240792,75,33
73,2159,1319.77553575086,87,14
59,5417,2234.80064493251,67,8
10,3882,249.349693411408,76,66
80,4966,3518.90556425994,80,0
7,7617,439.581431937892,83,76
60,1157,492.808142940105,74,14
98,4113,3856.51996104939,98,0
86,2454,1921.25516791883,93,7
44,9341,2265.74940090633,83,39
7,4082,235.574557590977,58,51
16,2872,231.462731466169,79,63
26,4759,568.454953880733,83,57
5,1579,85.2996496044627,85,80
52,1878,611.31401194138,89,37
33,4079,644.015753943243,53,20
30,8257,1156.86944838498,77,47
41,8049,1740.25895157234,64,23
76,1917,1253.71890527642,80,4
94,7369,6428.98996653246,97,3
94,2176,1898.42341799086,95,1
29,4150,558.720965058514,83,54
35,2834,484.395933560602,71,36
11,7507,500.345480150851,88,77
42,1686,378.857908642656,67,25
25,5562,638.425682549077,88,63
9,5028,311.389761812085,77,68
86,5876,4600.36486010229,92,6
8,5012,299.513362777199,80,72
6,5546,309.450291402888,72,66
66,9235,4708.56962948991,90,24
86,3984,3119.10374449413,95,9
73,8092,4946.56027572762,80,7
10,3477,223.335621842211,80,70
61,7353,3231.79613487281,82,21
80,7207,5106.87724559432,83,3
95,4509,3997.02274105893,96,1
79,4213,2929.17855134687,79,0
2,3000,148.742677918211,89,87
93,2532,2177.91042272931,98,5
16,6952,560.281653604737,71,55
2,4103,203.430402499474,84,82
27,6903,858.102765602388,79,52
16,3758,302.868017009005,75,59
93,2137,1838.14951554997,96,3
22,8389,854.948966891758,44,22
76,3832,2506.12980960836,86,10
14,4317,322.224447968353,48,34
73,3989,2438.43659662352,75,2
53,5479,1847.34920998735,80,27
13,2959,212.613614394337,74,61
39,8359,1672.17334036565,85,46
19,4265,386.25579822097,69,50
6,7285,406.48131497837,80,74
53,4228,1425.55073185372,79,26
15,1390,107.797184741631,71,56
10,4923,316.215492185564,71,61
30,3724,521.761151239634,81,51
92,4322,3668.50435900954,93,1
1,4500,217.947506260033,60,59
56,3428,1281.17453189,66,10
51,3896,1223.87648570479,61,10
24,3864,426.247132380967,76,52
39,5831,1166.46043159135,45,6
9,3954,244.875719611174,75,66
52,9191,2991.79290934676,84,32
60,7287,3103.7968345761,84,24
98,3613,3387.69915372512,98,0
73,9309,5690.5004457178,79,6
74,2260,1413.95806532811,76,2
97,4271,3934.4530804499,98,1
35,1263,215.875816544474,62,27
87,1715,1362.21616622661,94,7
63,5532,2584.70738425157,89,26
95,4208,3730.19997657484,97,2
3,3486,177.444457246072,69,66
0,4010,259.175014372621,80,80
58,5988,2391.52655619419,63,5
43,2053,479.356362867308,88,45
12,2128,147.240242388823,76,64
72,1231,734.720457092272,78,6
18,7518,654.755184944329,73,55
29,5661,762.149248962951,75,46
60,2966,1263.32666547999,71,11
48,2063,581.187033020167,83,35
86,4005,3135.5448033883,86,0
39,4405,881.196741752685,74,35
22,5102,519.960618557844,87,65
44,9595,2327.35954412763,49,5
17,1295,108.482717072408,70,53
31,2082,303.568509002315,85,54
74,3869,2420.62113042233,87,13
61,6003,2638.44311133435,82,21
10,4271,274.336048572932,86,76
22,2404,244.999084087232,82,60
4,5087,266.486664252265,53,49
2,2469,122.415223926688,89,87
50,3217,974.894983042063,88,38
46,1002,262.077177203496,84,38
96,7576,6845.68305047733,96,0
46,3270,855.281805843745,70,24
1,2134,103.355550746425,55,54
78,9483,6464.70547818191,85,7
69,4882,2701.10183320352,82,13
6,1312,73.2056946124394,80,74
54,3942,1376.12701964773,76,22
62,9820,4451.31436757524,86,24
40,5307,1103.79066967759,66,26
9,1986,122.995240047494,56,47
87,9293,7381.38474212473,90,3
53,6204,2091.79676925744,64,11
91,4772,3998.4078599826,96,5
92,3598,3053.97470701442,94,2
52,5922,1927.68987152122,74,22
78,7403,5046.73781029007,86,8
94,1322,1153.36202140805,94,0
68,9039,4869.80094883744,70,2
23,3337,353.80655927376,82,59
43,5632,1315.01950105635,90,47
20,2392,225.293927165552,88,68
77,9874,6595.33411547128,77,0
66,6344,3234.56044715582,66,0
29,4935,664.406737967172,84,55
89,1273,1039.21622089279,89,0
56,2051,766.537037603966,56,0
79,7386,5135.27481135722,89,10
91,8832,7400.23852040368,92,1
39,1332,266.459491490256,75,36
31,3235,471.683057935874,60,29
54,8925,3115.66048968949,93,39
41,6593,1425.45996617175,78,37
47,7589,2060.35214336885,62,15
64,8895,4281.30357257192,89,25
17,2807,235.14361916776,89,72
35,1367,233.651814106331,45,10
90,5842,4832.1181558647,90,0
3,5813,295.893468150148,80,77
68,5337,2875.33218983797,72,4
86,9108,7130.72211467183,96,10
28,3788,490.038959475153,47,19
92,1085,920.945680130808,96,4
97,1578,1453.65651157807,97,0
66,3050,1555.07713805568,66,0
63,6678,3120.15110485032,74,11
97,6674,6148.10111424084,97,0
99,1669,1589.52380952381,99,0
52,4693,1527.63400321666,64,12
29,4444,598.302643065069,85,56
35,7320,1251.15675146916,71,36
35,2472,422.521788201061,78,43
85,6029,4649.81245815503,91,6
61,8149,3581.65465838142,86,25
86,4144,3244.36895511639,86,0
8,4482,267.840960089267,75,67
9,5899,365.331783001091,46,37
22,4399,448.31571168874,65,43
83,6589,4922.21067337935,92,9
62,4266,1933.73799308309,88,26
66,7251,3697.0046977186,94,28
19,5414,490.313925338414,78,59
41,5741,1241.25066976976,79,38
63,9301,4345.69113899563,73,10
20,5982,563.423190762682,68,48
56,8122,3035.5016184395,81,25
61,3288,1445.14425288478,61,0
7,1387,80.044564276993,62,55
92,3082,2615.99501028862,96,4
54,1347,470.229095754817,82,28
26,4447,531.187051882249,87,61
25,6293,722.332402064247,77,52
54,7996,2791.35252387195,90,36
81,3038,2192.46544568399,89,8
14,4504,336.182282522461,52,38
78,5053,3444.70703166226,80,2
35,2864,489.523625164983,68,33
25,1364,156.564658575502,85,60
63,4780,2233.35164438223,68,5
22,7796,794.514500642287,53,31
94,9511,8297.75051861721,98,4
67,8654,4537.07375574266,69,2
49,2160,631.234599980552,75,26
89,2879,2350.27769045589,94,5
94,7465,6512.74394085559,95,1
16,7336,591.229316864838,87,71
37,2045,378.249893082909,78,41
84,1767,1341.65569952174,96,12
79,8993,6252.57600575893,85,6
40,4458,927.209121051949,77,37
1,4954,239.935988002712,83,82
32,3399,515.732923747644,90,58
98,2747,2575.7015154395,98,0
60,9528,4058.3197804091,80,20
93,4078,3507.70880880336,99,6
94,3299,2878.17043012493,97,3
3,1110,56.5012471437579,77,74
32,3598,545.927349115629,60,28
58,4500,1797.23939593752,79,21
93,9226,7935.78260667479,93,0
84,5365,4073.56130613137,87,3
23,7716,818.091522731895,78,55
5,8437,455.777798424859,86,81
91,3441,2883.17716810565,99,8
12,5370,371.56019813345,90,78
76,1209,790.686570933328,88,12
78,6449,4396.38148568967,88,10
59,7467,3080.53468999651,71,12
27,8994,1118.03219959842,76,49
95,8082,7164.32419455273,95,0
2,2805,139.074403853528,61,59
83,8382,6261.64362790494,88,5
24,6608,728.944371318175,54,30
75,1568,1003.34856110438,78,3
10,1590,102.1293180124,46,36
16,9028,727.592458104656,64,48
13,5562,399.647490118722,45,32
33,5695,899.159038663096,58,25
89,1146,935.539504432947,90,1
67,1513,793.227708855863,72,5
63,2938,1372.71697305334,91,28
33,8093,1277.76893764713,86,53
68,5165,2782.66643442255,82,14
85,7974,6149.87635450792,91,6
94,9853,8596.12405214335,98,4
40,9425,1960.28397620337,55,15
28,9822,1270.63428193373,79,51
39,6276,1255.48030675138,83,44
29,4906,660.502422789655,79,50
43,8627,2014.3240830279,79,36
77,6626,4425.83389194984,81,4
46,7088,1853.89524153531,81,35
81,3271,2360.61700883224,90,9
34,3081,506.159235664379,69,35
65,9638,4775.96020496309,89,24
77,5656,3777.92280302872,80,3
59,4449,1835.44915438522,65,6
71,8920,5194.55571726641,74,3
39,2381,476.306343271996,67,28
65,4128,2045.56585661835,75,10
28,3347,432.988489272265,72,44
16,2991,241.053283361877,83,67
56,5399,2017.81251390727,70,14
1,4214,204.095731417729,53,52
49,6008,1755.76735031628,57,8
42,7403,1663.51429281233,75,33
2,9565,474.241238095897,66,64
7,1810,104.456136511433,56,49
87,7401,5878.57833600184,88,1
36,2862,508.911265543662,86,50
55,6442,2327.39967275724,68,13
49,6543,1912.11480910776,73,24
52,2264,736.962152840939,65,13
20,4797,451.812277848309,86,66
20,9384,883.845406572552,68,48
19,8736,791.167796778053,88,69
38,6526,1255.40685089723,72,34
20,3541,333.514128801514,85,65
72,7312,4364.15595634337,73,1
32,1426,216.368093340436,61,29
51,9095,2857.07305890273,66,15
44,5788,1403.93507466501,84,40
51,1848,580.524575354838,72,21
48,2141,603.161142848365,82,34
81,4394,3171.06424237507,88,7
86,9256,7246.59243449741,86,0
43,5312,1240.30248395087,71,28
70,6840,3883.86252458057,82,12
47,3789,1028.68286615161,83,36
98,2649,2483.81263720395,98,0
64,1601,770.586511488211,79,15
2,1435,71.1485809375445,29,27
26,2016,240.807982144055,70,44
36,4384,779.548213886588,78,42
54,5555,1939.21501627172,78,24
60,3951,1682.87378803488,79,19
98,4198,3936.21949829451,99,1
19,6342,574.357390930222,67,48
4,9018,472.41532105896,14,10
61,5671,2492.52221961971,76,15
27,4907,609.982655484705,52,25
32,2884,437.591571664668,83,51
63,1700,794.288241725897,64,1
86,8313,6508.3105993925,89,3
90,6848,5664.21518852472,93,3
78,3035,2069.00570771719,85,7
25,4517,518.476952188814,85,60
8,6505,388.7339235566,69,61
15,7752,601.182572746133,82,67
72,6963,4155.8558430004,81,9
23,3960,419.860346036587,52,29
7,1635,94.3567862962391,69,62
37,7338,1357.26049654884,46,9
84,2401,1823.04206822394,85,1
8,8854,529.10840263953,71,63
50,5866,1777.66054414819,81,31
16,4408,355.253384506571,84,68
28,4936,638.551294606483,90,62
23,3557,377.132134053571,76,53
17,1059,88.7128937294828,91,74
81,7117,5136.2003215711,92,11
91,7379,6182.78533084904,93,2
87,5330,4233.59309970137,90,3
12,6864,474.932811915829,89,77
3,4113,209.360026578627,62,59
89,9376,7654.11727187025,92,3
0,3863,249.674084918063,59,59
68,4179,2251.45460395969,72,4
50,4250,1287.94021695019,79,29
91,5838,4891.59788067444,95,4
93,4334,3727.90828282339,94,1
24,4359,480.851772786914,88,64
54,1444,504.09117614696,57,3
10,9871,634.036791258115,84,74
85,4580,3532.28413639908,88,3
86,6030,4720.93262532621,89,3
41,9501,2054.19310459545,81,40
58,5778,2307.65538438378,61,3
43,5393,1259.2152289057,47,4
66,3883,1979.79164821974,82,16
15,8303,643.913686985441,79,64
51,7131,2240.10862925073,85,34
58,5774,2306.05783825405,78,20
47,5190,1409.0430391467,91,44
45,1703,429.006508871494,67,22
14,9289,693.338637289329,56,42
35,5487,937.854794441433,60,25
48,4522,1273.93493132196,80,32
20,9717,915.209485897856,68,48
92,3466,2941.93338924736,93,1
29,5301,713.681888138598,80,51
92,3076,2610.90222311739,96,4
20,2800,263.721988320881,82,62
75,4062,2599.23587704464,92,17
62,5295,2400.17409127402,80,18
45,9144,2303.48533007689,79,34
21,6542,640.898092531992,81,60
52,4730,1539.67799599719,62,10
78,8513,5803.44170998235,90,12
58,9942,3970.70090542463,80,22
73,7934,4849.97642457031,91,18
42,2788,626.486268858674,63,21
37,3348,619.257037673144,73,36
7,3938,227.264235128189,54,47
87,8987,7138.33042908371,93,6
9,8579,531.30723281342,77,68
33,5045,796.53333626959,90,57
50,8772,2658.3086077852,70,20
26,3148,376.023575292404,69,43
70,1491,846.613892419537,88,18
30,5820,815.426933462586,59,29
47,2018,547.870684585364,86,39
96,7212,6516.77219641532,99,3
97,2368,2181.40596921221,97,0
1,8357,404.752735514466,73,72
32,3362,510.11888486013,44,12
85,6608,5096.36104221072,86,1
87,5477,4350.35448537793,88,1
50,2574,780.037204336422,88,38
77,5974,3990.33076826265,97,20
67,3275,1716.99983245403,69,2
21,3488,341.707818213328,24,3
32,4306,653.352741882129,86,54
90,3343,2765.10972185137,91,1
41,8851,1913.6578432559,89,48
81,7392,5334.66246691774,94,13
78,9620,6558.10046399979,85,7
28,6370,824.06234737506,75,47
72,7228,4314.02068551011,91,19
92,1039,881.900978484709,95,3
84,3231,2453.24819759747,85,1
84,5916,4491.92706189621,86,2
20,4900,461.513479561541,90,70
87,2647,2102.49923731886,87,0
0,1875,121.185324675477,47,47
66,9016,4596.90999236394,83,17
82,8474,6224.11733577655,88,6
50,1122,340.016217274851,77,27
70,6419,3644.81192182496,78,8
0,7074,457.20799293564,74,74
12,3884,268.741119096894,83,71
58,6620,2643.93884469031,82,24
69,8821,4880.46277564283,78,9
46,8897,2327.04655247456,81,35
54,7769,2712.10827388209,92,38
63,5826,2722.0725272324,70,7
19,6617,599.262512738139,50,31
26,3059,365.392667350528,49,23
88,4931,3971.57249666507,93,5
14,3028,226.012422619452,51,37
99,7920,7542.85714285714,99,0
68,9045,4873.03347518915,86,18
77,1531,1022.63080117344,87,10
68,6146,3311.18449292565,69,1
20,3382,318.538487321864,90,70
17,5860,490.894766057384,67,50
6,6304,351.744435089038,36,30
99,9302,8859.04761904762,99,0
91,8820,7390.18384850096,96,5
63,5238,2447.34224127074,73,10
93,6976,6000.43566704567,93,0
59,8312,3429.14213783996,85,26
70,3427,1945.90597540024,84,14
36,8962,1593.59285877089,74,38
69,7864,4350.97599678667,77,8
37,8885,1643.39867972697,73,36
17,5379,450.601185430489,70,53
12,2561,177.200310506474,68,56
48,5330,1501.56417159355,83,35
36,4464,793.773546256781,83,47
69,5542,3066.26512896639,83,14
63,8074,3772.40191982053,70,7
66,3901,1988.96915264105,91,25
13,5890,423.215339230362,74,61
43,8058,1881.46788698722,77,34
34,3653,600.129726673799,53,19
24,4879,538.214223314373,53,29
55,1181,426.677897163349,89,34
3,2385,121.401328322399,70,67
63,7983,3729.88413746932,71,8
84,4292,3258.84904490509,84,0
2,2265,112.30072182825,73,71
13,7267,522.157193580143,40,27
14,3836,286.322210425435,53,39
44,7417,1799.06469398589,69,25
10,4117,264.444278149089,64,54
7,1123,64.808973095215,68,61
96,8042,7266.76123177649,98,2
55,1103,398.497646546295,85,30
47,2881,782.1682072797,83,36
19,5240,474.55577553995,81,62
40,6567,1365.85515880398,76,36
32,2910,441.536571964003,59,27
39,4749,950.012105921339,86,47
18,3009,262.058838986098,74,56
50,5448,1650.98783575168,79,29
99,6932,6601.90476190476,99,0
31,1238,180.508075958149,75,44
17,3192,267.395237756855,76,59
82,3036,2229.92922249441,87,5
40,1127,234.402126385273,58,18
71,7221,4205.14426394403,83,12
21,4998,489.637521625634,81,60
42,8065,1812.27107544663,85,43
82,2671,1961.83825865697,92,10
44,4507,1093.21620274969,72,28
41,8868,1917.33338086016,52,11
46,6177,1615.61948461676,72,26
77,8743,5839.88314478078,83,6
62,6937,3144.47736943681,77,15
86,5482,4291.89927894499,86,0
76,4557,2980.28015197947,84,8
73,9591,5862.88428132769,95,22
32,3918,594.481198953595,85,53
93,4557,3919.72266839552,96,3
82,2559,1879.5747300274,91,9
16,2119,170.776298042065,82,66
30,7453,1044.2228410819,61,31
14,7473,557.790896378852,84,70
90,3696,3057.08810408694,92,2
66,9750,4971.14822821078,88,22
30,1914,268.16617708718,67,37
32,3277,497.22176849692,86,54
54,1944,678.63798229203,74,20
88,9593,7726.48447789657,95,7
0,4569,295.304399169203,82,82
23,6794,720.336159336508,84,61
24,9791,1080.06875598914,86,62
33,1996,315.139849196056,86,53
35,1409,240.830582352466,54,19
62,4182,1895.66157690424,75,13
38,4844,931.840451386176,77,39
3,7402,376.776785007294,89,86
61,3008,1322.07844059533,85,24
3,1153,58.6900341952729,12,9
89,9386,7662.28079285134,89,0
14,4912,366.635739731422,74,60
62,1556,705.320280646342,87,25
20,8850,833.549855942784,20,0
60,2597,1106.1562205838,79,19
38,7180,1381.21685403649,76,38
52,1780,579.413706738901,62,10
95,7871,6977.28232310375,95,0
74,5040,3153.25161471402,87,13
46,5174,1353.2807533442,71,25
65,4786,2371.62746845335,70,5
36,3339,593.729809800939,82,46
48,6009,1692.85161484158,74,26
2,4852,240.566491086387,87,85
30,1656,232.018385191416,57,27
89,1968,1606.58092907857,95,6
64,8191,3942.45728644593,75,11
88,3763,3030.83092779368,88,0
16,2355,189.796216087335,86,70
23,7135,756.490800245214,49,26
25,6392,733.695965993114,87,62
23,1788,189.573307755914,25,2
80,5909,4187.1149776907,88,8
68,9033,4866.56842248574,87,19
21,8413,824.19377139585,48,27
76,5286,3457.04649623951,78,2
7,2928,168.976556743357,84,77
54,2924,1020.74972233637,74,20
52,1987,646.794963646178,77,25
38,3657,703.497219388779,78,40
73,1798,1099.09977456232,85,12
34,9025,1482.66377860143,78,44
82,4714,3462.41316035528,90,8
4,2902,152.023648449002,70,66
65,8316,4120.86377510615,73,8
10,2738,175.867970262863,29,19
10,7537,484.118660288969,76,66
69,4771,2639.68800618886,77,8
63,5499,2569.28884779453,86,23
95,3863,3424.37321994026,96,1
64,3513,1690.86222039856,68,4
8,4252,254.096332507712,62,54
46,3424,895.561132479812,73,27
86,8566,6706.38621368894,89,3
8,8202,490.145371408338,84,76
40,1600,332.780303652561,87,47
45,5668,1427.83845700741,66,21
98,2131,1998.11428081601,98,0
1,4831,233.978756164938,84,83
37,7689,1422.18260533716,67,30
34,8247,1354.85076810261,85,51
63,3561,1663.80025222701,68,5
57,5442,2103.02241772298,71,14
40,9075,1887.48828477937,70,30
8,2202,131.589869280805,89,81
6,8086,451.174730667824,59,53
26,2699,322.391241967661,86,60
60,5043,2147.99608024801,86,26
34,7946,1305.40126147003,75,41
3,2561,130.360084626274,78,75
61,6117,2688.54847776649,86,25
38,1290,248.157345641653,83,45
12,1177,81.4387994791566,86,74
46,2321,607.066994300714,85,39
36,3302,587.150593579724,65,29
62,2052,930.152452369084,74,12
22,5851,596.293527867884,76,54
86,4662,3649.91507450594,94,8
86,2038,1595.56562030096,89,3
2,4762,236.104210748841,84,82
42,2741,615.9249867079,87,45
55,7735,2794.54151952456,71,16
74,9107,5697.75048714297,77,3
79,6667,4635.37465032745,93,14
2,1683,83.4446423121166,79,77
86,8748,6848.87539077176,91,5
16,3255,262.329801853196,36,20
6,6270,349.847336295728,70,64
34,8588,1410.87163774284,46,12
81,6377,4602.1567304565,90,9
39,6672,1334.69799341065,69,30
86,9021,7062.60915639598,92,6
51,1976,620.73406975171,78,27
40,1964,408.487822733519,80,40
6,5270,294.050312963076,84,78
39,2826,565.326218432029,80,41
96,9755,8814.63016861224,96,0
22,2789,284.235626255944,76,54
70,4669,2651.13364433724,87,17
85,3518,2713.22611175807,90,5
20,3251,306.200065725423,84,64
88,7206,5803.92443945822,92,4
1,6046,292.824582855147,22,21
33,4479,707.170032339246,88,55
89,9467,7728.40531279818,98,9
21,8110,794.509864022388,70,49
85,4707,3630.23175328176,87,2
23,7234,766.987308896129,68,45
56,7403,2766.78385635405,84,28
86,4542,3555.96616653924,88,2
42,8413,1890.46950498853,74,32
9,8947,554.09789159362,83,74
33,5470,863.634757065344,84,51
86,6117,4789.04558360206,93,7
3,6491,330.405040729849,87,84
3,4131,210.276263018796,83,80
49,4059,1186.19501913012,74,25
13,2367,170.076520875767,75,62
50,6733,2040.40034840603,79,29
89,1075,877.578505467206,93,4
57,3775,1458.82205566046,79,22
61,4183,1838.51533145287,94,33
95,2302,2040.61795296466,98,3
97,9474,8727.46628053907,99,2
44,3867,937.978046601517,88,44
77,3726,2488.78012094855,88,11
88,3268,2632.14336221891,92,4
96,6254,5651.122201384,96,0
60,9895,4214.63835297523,86,26
58,6807,2718.62412625482,82,24
63,3700,1728.74499669754,88,25
6,4944,275.860483356632,62,56
26,5279,630.568123878208,80,54
47,6477,1758.45313382527,79,32
63,8801,4112.07695025272,70,7
32,3714,563.528119681892,85,53
80,5064,3588.34832408626,93,13
21,4573,448.001677949985,78,57
31,9614,1401.7808095813,64,33
11,5478,365.11156790547,70,59
43,1850,431.957755141023,91,48
46,2276,595.297061192772,66,20
91,2365,1981.60825416154,92,1
2,8664,429.568853827794,81,79
21,2907,284.78917074144,72,51
21,6232,610.528418321519,69,48
68,2697,1453.02059508957,86,18
17,8343,698.896763347569,72,55
23,8689,921.254178462602,76,53
6,6174,344.490822055794,23,17
19,4887,442.586655546514,27,8
47,5309,1441.3505770385,71,24
78,3614,2463.71882296208,80,2
75,4912,3143.14294141882,77,2
69,5204,2879.25725931813,89,20
23,1929,204.522880682974,76,53
55,7358,2658.33697487547,74,19
27,7257,902.10803563328,57,30
46,6042,1580.30968529294,64,18
95,8353,7404.55332802511,99,4
85,2976,2295.21344758159,87,2
34,7977,1310.49406780096,65,31
23,6477,686.7261265856,75,52
41,7956,1720.15159879606,56,15
63,2869,1340.47821500682,92,29
57,2489,961.856449414275,85,28
4,9387,491.74568848752,72,68
16,8558,689.713807760262,78,62
70,7339,4167.20278770421,92,22
26,2015,240.688533740214,70,44
31,3241,472.55789513761,78,47
78,4511,3075.21737974044,85,7
80,4479,3173.81756389857,91,11
3,1262,64.238354860741,23,20
77,6640,4435.18518601674,78,1
70,5327,3024.75667667262,82,12
60,6538,2784.77064696837,75,15
4,1715,89.8416805961539,74,70
30,6589,923.169770547247,71,41
79,4166,2896.50079394993,83,4
45,7348,1851.05098484306,69,24
6,1890,105.456374098712,81,75
95,2183,1935.1298832849,97,2
49,1514,442.44869646785,92,43
30,6748,945.446898110915,72,42
10,4339,278.703843305538,18,8
33,4399,694.539176660045,58,25
45,6430,1619.79556784715,74,29
36,7819,1390.34842253176,57,21
41,2941,635.86800553786,72,31
89,5649,4611.5730022179,95,6
24,8191,903.568908212344,68,44
26,5139,613.845347340426,87,61
54,6437,2247.11558231162,85,31
83,9279,6931.73362244452,84,1
25,4879,560.028569787297,65,40
27,5501,683.822006892472,80,53
57,1571,607.101840911943,84,27
45,6259,1576.71857840674,87,42
3,6592,335.546145199687,52,49
42,5738,1289.37525491789,43,1
65,1095,542.610129117512,71,6
44,4706,1141.48556692701,89,45
27,3225,400.895468501768,54,27
14,3690,275.424649757522,71,57
61,9105,4001.83650319828,80,19
67,3136,1644.12564109186,68,1
35,4661,796.672352267454,63,28
41,7632,1650.10017622066,77,36
30,1027,143.890628980425,75,45
54,7628,2662.88607454918,71,17
7,6862,396.009949580913,87,80
21,9223,903.546791107088,88,67
21,1739,170.364075651656,55,34
41,5832,1260.92560635729,68,27
4,2839,148.723341814858,81,77
84,9609,7295.96469536185,84,0
3,4771,242.853558669251,67,64
7,8035,463.70445130904,60,53
29,6477,872.008600164818,65,36
97,6499,5986.8907913472,97,0
40,5900,1227.12736971882,56,16
18,3360,292.628015617577,80,62
84,6621,5027.22262961711,94,10
7,6549,377.94654033888,60,53
36,3500,622.358291195953,90,54
51,6984,2193.93053802932,74,23
54,2971,1037.157122114,65,11
39,4063,812.781466910592,79,40
52,9608,3127.53196311649,79,27
60,1324,563.939482500172,86,26
59,1237,510.328299387395,80,21
52,6912,2249.94805672993,79,27
14,1121,83.6723664981524,83,69
84,5423,4117.59980673819,89,5
24,3202,353.220320363317,68,44
81,1345,970.660310877213,90,9
19,3441,311.63099687652,80,61
63,9969,4657.79969515616,74,11
70,8408,4774.19826120957,89,19
21,7484,733.182715455431,87,66
8,4806,287.202957204154,58,50
95,9343,8282.1431514113,96,1
7,6679,385.448914784453,84,77
50,8138,2466.17823189192,89,39
86,3446,2697.8994737768,87,1
51,2731,857.907259358259,82,31
27,2977,370.066917745663,85,58
12,9650,667.701287148565,74,62
5,3222,174.056663094097,85,80
54,5561,1941.30957794546,91,37
1,9500,460.111402104514,76,75
0,7289,471.103910165095,84,84
40,7756,1613.15252195579,89,49
26,3899,465.729326577218,88,62
77,5567,3718.47529074626,85,8
93,8103,6969.82944525101,97,4
83,3071,2294.14311396995,93,10
51,8539,2682.41306761632,76,25
48,9650,2718.59179284761,65,17
2,4319,214.139875309585,63,61
13,1398,100.450771518514,59,46
25,8235,945.241908628488,76,51
50,3460,1048.53485897592,85,35
56,2356,880.527187028252,57,1
0,3990,257.882370909415,79,79
65,1877,930.118002149379,81,16
25,6188,710.280137291206,88,63
37,2656,491.262452825529,76,39
78,7882,5373.27940304016,92,14
55,2995,1082.04936664203,91,36
48,7147,2013.44824284786,59,11
66,8412,4288.95373289324,82,16
33,2223,350.979902185788,75,42
44,4861,1179.08230786914,81,37
77,9501,6346.18892354594,89,12
9,3088,191.243354112116,70,61
41,5710,1234.54821884433,81,40
79,4462,3102.30113840724,83,4
5,9640,520.765435203939,78,73
23,5351,567.341593848934,69,46
49,9003,2631.02088130783,54,5
52,3027,985.328814774524,85,33
11,2562,170.758641287662,84,73
60,1249,531.994270122897,94,34
56,1104,412.60696709643,79,23
40,3202,665.976582684688,87,47
17,8739,732.069856753494,73,56
11,2011,134.034202821814,56,45
77,5174,3455.97110729678,89,12
14,3485,260.123280326549,80,66
15,4791,371.551303667018,89,74
40,1732,360.234678703898,64,24
9,2776,171.920839059337,29,20
42,5562,1249.8266238852,75,33
22,8011,816.425816398841,32,10
51,9062,2846.70654862854,76,25
63,7720,3607.00307419055,82,19
56,9682,3618.53320238011,63,7
4,1151,60.2960783476228,26,22
91,3240,2714.76141373505,96,5
37,4535,838.808442606843,89,52
0,3999,258.464060467858,67,67
51,8007,2515.29235652932,75,24
7,2231,128.752287600556,82,75
78,1626,1108.46895576545,86,8
4,1377,72.1352735748711,69,65
39,9138,1828.00813306153,74,35
68,4714,2539.68820365303,83,15
88,4965,3998.95709712879,88,0
74,4115,2574.52984018813,86,12
4,3904,204.514239677775,85,81
32,5217,791.579483139588,84,52
86,3071,2404.30913638089,86,0
87,8314,6603.76979942161,90,3
1,7479,362.228755404175,88,87
78,3319,2262.61283160242,95,17
36,2573,457.522252356339,78,42
11,8952,596.655486653845,77,66
22,8681,884.707591082054,76,54
97,8514,7843.11250923682,98,1
51,3424,1075.60397511632,72,21
17,4436,371.605662496682,39,22
91,4436,3716.87704670638,95,4
97,7350,6770.83356153284,97,0
12,7073,489.393907150446,80,68
73,4857,2969.03648779153,90,17
90,7475,6182.82834903947,91,1
0,6517,421.207872485379,80,80
97,3210,2957.05792279189,98,1
65,4515,2237.33765567632,84,19
34,4932,810.249058843465,81,47
70,7121,4043.41886513717,77,7
25,9252,1061.97670171594,66,41
14,1502,112.110521391815,83,69
37,1896,350.690365420634,89,52
13,8074,580.142724778599,81,68
66,7484,3815.80239383892,73,7
28,4685,606.080392064703,86,58
7,4624,266.853687971749,60,53
46,5765,1507.85920816183,46,0
60,3677,1566.16727881657,85,25
80,7233,5125.300834936,87,7
27,5340,663.808310635485,83,56
19,4008,362.980829840481,24,5
81,4271,3082.29753736548,81,0
56,6664,2490.59133037193,67,11
34,1935,317.889685495155,81,47
76,6607,4320.98112006327,77,1
30,5996,840.0858922752,81,51
50,2750,833.373081556006,58,8
86,2958,2315.84058137893,95,9
56,1339,500.435442882355,82,26
20,1612,151.828516133307,90,70
16,7128,574.465999265617,62,46
33,6789,1071.88599007616,77,44
38,3920,754.090538694015,83,45
21,5358,524.905530386184,66,45
12,8888,614.977102608958,81,69
78,5223,3560.59861990342,78,0
4,4758,249.251729607289,59,55
39,1953,390.68722738774,87,48
80,3125,2214.37371895133,81,1
39,6826,1365.50487155592,39,0
55,8728,3153.29778699552,77,22
41,5380,1163.19954770272,93,52
73,8716,5328.00535877928,84,11
68,1328,715.465832509805,78,10
91,4327,3625.54711025665,92,1
38,3087,593.846299221537,66,28
76,6938,4537.45527637339,90,14
84,1629,1236.87443945722,87,3
52,9927,3231.37071168375,91,39
28,2756,356.533097231659,66,38
68,2278,1227.28250486245,79,11
54,1118,390.286658540375,61,7
5,3277,177.027835182916,83,78
82,1272,934.278646578685,84,2
38,9624,1851.36922050796,59,21
97,8075,7438.70489923506,97,0
96,4334,3916.20780633167,96,0
15,2944,228.312886244145,61,46
2,2415,119.73785572416,69,67
75,4974,3182.81616258494,84,9
27,2775,344.956565920126,91,64
48,9357,2636.04802131348,57,9
79,6603,4590.8772785529,83,4
55,9510,3435.82286369471,65,10
46,1302,340.543397923106,89,43
36,1911,339.80762699299,36,0
9,5870,363.535779999391,76,67
86,5700,4462.57312841781,91,5
34,2613,429.274288474853,79,45
12,8325,576.022094871689,59,47
33,5387,850.530244298173,57,24
3,7821,398.104733253451,76,73
48,8369,2357.70929682296,87,39
14,7480,558.3133821643,82,68
16,3065,247.017155969292,81,65
50,5832,1767.35702241259,61,11
81,3878,2798.67708965192,83,2
50,6381,1933.72859396686,78,28
88,2828,2277.75441504133,96,8
94,8513,7427.05816054971,96,2
45,5526,1392.06692191654,85,40
90,5908,4886.70901486625,93,3
8,4222,252.303554997074,72,64
1,1428,69.1620086531838,78,77
77,5598,3739.18172760869,88,11
84,2627,1994.64036369191,94,10
87,3573,2838.01653756716,93,6
4,3203,167.79178014547,83,79
66,6422,3274.3296329815,80,14
6,9022,503.400744507187,73,67
3,4745,241.530106033452,85,82
99,6151,5858.09523809524,99,0
0,6354,410.672828260257,71,71
91,5614,4703.91067182363,93,2
42,6850,1539.25069644258,46,4
34,8096,1330.04387274872,74,40
20,6758,636.511856097326,47,27
9,3989,247.043309440813,62,53
26,5645,674.286239684123,80,54
21,7418,726.716913849331,81,60
2,3159,156.626039847877,80,78
46,1385,362.252385655531,70,24
59,8265,3409.75213778239,77,18
24,1035,114.173339030616,62,38
51,3001,942.724161601661,88,37
5,8004,432.386570889246,57,52
45,5113,1288.02717549028,67,22
57,8325,3217.13738102605,68,11
1,6062,293.599507321849,69,68
61,2335,1026.28097034245,88,27
75,8547,5469.14550494842,83,8
65,8023,3975.67220631032,79,14
12,5903,408.439450573884,90,78
40,6607,1374.17466639529,84,44
84,5858,4447.88856128938,90,6
38,4926,947.614794287428,72,34
70,2793,1585.9105308704,72,2
43,2100,490.330424754675,70,27
7,3266,188.482730301845,75,68
93,5957,5123.93854194253,93,0
95,1263,1119.59186559269,95,0
86,4174,3267.85618210806,86,0
51,4916,1544.29589417986,84,33
36,8205,1458.98565121794,77,41
6,2218,123.757797751822,77,71
42,3117,700.415243914092,85,43
0,6417,414.744655169353,85,85
3,3889,197.957973100968,52,49
3,1296,65.9690236921714,59,56
62,5115,2318.58177089077,66,4
72,9629,5747.0538434943,88,16
84,8420,6393.17543292192,93,9
18,5929,516.366519225183,73,55
87,6481,5147.82680659748,87,0
14,8971,669.602854464697,78,64
69,8465,4683.49590701922,84,15
96,8260,7463.74630371472,98,2
36,8306,1476.94513333531,80,44
11,1389,92.5775771852313,77,66
86,3980,3115.97211422858,90,4
68,7084,3816.53611257489,69,1
85,7017,5411.79864303763,85,0
10,6148,394.900029647948,31,21
55,8648,3124.39496584983,77,22
79,8263,5745.02785895541,84,5
38,8152,1568.20052842694,86,48
90,5910,4888.36328332084,91,1
23,7834,830.602512841066,68,45
56,8718,3258.2495825604,56,0
51,2857,897.48848040518,93,42
38,8760,1685.16150993867,66,28
65,2651,1313.66160026532,69,4
98,3558,3336.12886491946,99,1
18,2271,197.785185555809,75,57
96,6100,5511.96760928085,96,0
50,2115,640.939660905801,86,36
95,6301,5585.54896682464,96,1
32,6995,1061.35681130179,77,45
69,2020,1117.62099612272,74,5
47,6318,1715.28591933119,92,45
96,5538,5004.14370822907,97,1
92,3274,2778.96419976799,94,2
65,3234,1602.5581347635,69,4
1,2382,115.366879980311,68,67
9,6657,412.275585597265,39,30
93,9233,7941.80368604253,98,5
78,4313,2940.23776520074,84,6
95,1482,1313.72537197812,95,0
93,2513,2161.56749301688,94,1
18,7112,619.395966390539,84,66
74,5369,3359.08887289674,76,2
35,4979,851.025883273901,65,30
5,2531,136.727937396387,66,61
3,8165,415.615029665571,79,76
9,4669,289.156483273791,71,62
83,5832,4356.70551633758,83,0
7,6608,381.351464125717,52,45
34,4748,780.020789008267,92,58
87,4883,3878.54317182772,91,4
69,2227,1232.14948433926,83,14
59,1115,459.99680987627,60,1
76,6898,4511.29525748395,89,13
70,8486,4818.48792157759,75,5
58,5700,2276.50323485419,78,20
26,9906,1183.25588845189,51,25
65,9468,4691.71936299964,84,19
11,4614,307.525515574267,71,60
59,4928,2033.0621336953,71,12
83,2156,1610.60649746636,89,6
53,3878,1307.54156530953,87,34
3,5137,261.483699619355,75,72
62,8529,3866.1161141598,84,22
46,7179,1877.69666182026,74,28
80,6564,4651.2477091829,96,16
84,4292,3258.84904490509,87,3
75,4561,2918.54131836548,88,13
41,9088,1964.89916162124,73,32
27,1861,231.338439343191,77,50
97,5003,4608.77283106786,98,1
56,2965,1108.13374768199,57,1
73,6642,4060.18948979027,84,11
56,8248,3082.59263098855,61,5
42,7873,1769.12711432006,46,4
14,7215,538.533563143773,84,70
29,3092,416.280776858054,67,38
89,6925,5653.23827940502,89,0
44,8391,2035.31776287389,58,14
34,5468,898.305323145999,80,46
53,5047,1701.6921815671,90,37
68,5761,3103.76405202484,83,15
87,5220,4146.22063422911,92,5
9,5390,333.808833764347,75,66
91,3483,2918.36851976517,91,0
81,2049,1478.72340296462,90,9
53,5046,1701.35501251983,79,26
58,4818,1924.24431325044,81,23
1,1275,61.7517934403427,82,81
72,4770,2846.96716517477,83,11
47,3800,1031.66927721724,76,29
84,7181,5452.42194582094,89,5
90,3842,3177.84970127219,92,2
61,1141,501.493185079543,64,3
65,1321,654.600895492451,67,2
18,4689,408.372846794887,91,73
85,8036,6197.69330133253,90,5
85,6913,5331.58957094472,90,5
71,6328,3685.10634292173,86,15
66,6560,3344.69050021156,81,15
42,3175,713.448315504408,84,42
14,3095,231.013357994453,81,67
53,5533,1865.55633853988,85,32
78,4053,2762.99180671426,78,0
49,8117,2372.09780001951,77,28
34,1902,312.468311013842,79,45
80,4946,3504.73357245866,92,12
94,7401,6456.9079579735,95,1
60,1721,733.036140017218,81,21
13,2135,153.406578821192,70,57
62,2846,1290.06524339299,81,19
27,7999,994.345070556787,83,56
21,6339,621.010854258682,77,56
19,3682,333.456939988186,87,68
91,6998,5863.54949793761,91,0
25,7011,804.746936417041,84,59
67,1761,923.247848840168,77,10
88,9121,7346.32178910608,92,4
5,5352,289.122054897457,81,76
95,7332,6499.48341926016,96,1
59,9463,3903.99086265394,68,9
27,8256,1026.29239936452,73,46
48,7874,2218.25821522094,89,41
3,4583,233.28397807193,57,54
62,1914,867.598340075256,92,30
7,6373,367.789479551028,82,75
55,2380,859.858929084481,82,27
53,7991,2694.3178567273,71,18
26,6043,721.826704412959,69,43
81,3846,2775.58331273886,83,2
85,3030,2336.86046578367,90,5
82,8389,6161.68519351304,88,6
75,3612,2311.2850782583,96,21
42,8822,1982.37513051335,78,36
40,1469,305.533916291008,55,15
85,2671,2059.98491884759,91,6
52,4587,1493.12959146704,75,23
48,4567,1286.61230237669,75,27
10,1794,115.232702210218,83,73
60,6714,2859.73541201371,77,17
77,2051,1369.96458080125,84,7
39,7609,1522.13984290492,73,34
57,7409,2863.15565838102,71,14
54,9130,3187.22468020897,90,36
66,9359,4771.79243772561,78,12
85,8310,6409.01335665423,89,4
53,6518,2197.66785009993,78,25
23,1949,206.643387481138,89,66
95,3393,3007.73966742358,98,3
79,4134,2874.25210806265,79,0
56,2628,982.183976023025,84,28
29,1766,237.759331155021,84,55
57,8382,3239.1646279592,78,21
65,8362,4143.65835587273,69,4
49,2505,732.056793033002,66,17
15,4486,347.897964569034,89,74
18,2671,232.621854081711,62,44
68,1083,583.471006482017,88,20
17,5723,479.41821606594,72,55
43,2416,564.113479146331,78,35
65,7492,3712.54345876566,76,11
82,1958,1438.1427594348,85,3
82,8781,6449.60754371654,85,3
24,6228,687.025657471186,87,63
33,7355,1161.24929400651,77,44
91,8670,7264.50044971693,97,6
21,1692,165.759641174584,79,58
75,1004,642.450226625508,79,4
27,5291,657.717185687706,74,47
37,1096,202.719747099691,71,34
45,9556,2407.2731642842,84,39
18,6444,561.218729952282,57,39
97,7275,6701.74342314985,97,0
61,4610,2026.1906951943,72,11
88,7232,5824.86560451871,92,4
39,5589,1118.04962307736,69,30
24,3340,368.443432234065,89,65
36,6799,1208.97543481179,86,50
91,3477,2913.34118381381,91,0
95,3179,2818.03843287344,96,1
20,3850,362.617733941211,70,50
35,8327,1423.27626632291,67,32
41,3406,736.404769419229,82,41
91,9732,8154.33891310786,93,2
31,6597,961.88350330849,81,50
32,7593,1152.09181818649,76,44
76,8826,5772.20816795496,80,4
65,2118,1049.54178399168,70,5
36,4378,778.481313958823,68,32
53,2294,773.465794435294,74,21
99,8015,7633.33333333333,99,0
27,4230,525.825684267435,73,46
29,5110,687.967260590122,90,61
40,2814,585.277359048942,72,32
19,1300,117.733303091972,79,60
99,8206,7815.23809523809,99,0
39,1653,330.673828403448,79,40
99,3301,3143.80952380952,99,0
36,1485,264.057732121711,77,41
35,1388,237.241198229398,50,15
82,2264,1662.89847158345,82,0
33,7294,1151.61826655112,68,35
19,5177,468.850238543954,59,40
58,9292,3711.09965934476,63,5
27,1522,189.197799398354,83,56
99,1029,980,99,0
64,1496,720.048358017717,84,20
68,5858,3156.023228044,87,19
18,8481,738.624464420438,30,12
59,8547,3526.09213812778,71,12
26,5320,635.465508435701,82,56
68,2274,1225.12748729465,78,10
15,3346,259.488762694603,87,72
47,2851,774.023449827985,50,3
32,8726,1324.00279276903,72,40
56,5701,2130.68144874706,88,32
82,6215,4564.89134314979,83,1
85,2661,2052.27250806942,87,2
48,3818,1075.60450415463,82,34
6,1841,102.722319955412,71,65
6,3426,191.160601937666,83,77
59,4863,2006.24617616888,80,21
4,5559,291.212771098554,46,42
44,3958,960.050971928835,83,39
45,3599,906.632076000297,82,37
77,9494,6341.51327651249,90,13
72,8756,5226.00513590571,85,13
90,5980,4946.26267923158,91,1
33,7334,1157.93369439072,83,50
69,7098,3927.1652626134,85,16
15,8482,657.795482718356,79,64
52,9396,3058.52313961725,60,8
10,3741,240.292942568799,70,60
34,7881,1294.72279658259,52,18
43,6724,1569.99132192878,63,20
92,4571,3879.8550266156,93,1
66,2533,1291.47881662132,76,10
64,8662,4169.15700344215,70,6
91,3063,2566.45500316989,91,0
45,4881,1229.58354069393,87,42
57,8681,3354.71106362608,79,22
64,2104,1012.68833239925,90,26
20,3801,358.002599145596,51,31
93,4603,3959.28976138349,93,0
6,6412,357.770513608965,70,64
68,7766,4183.9666078849,92,24
12,8526,589.929655360483,87,75
3,5790,294.72272158771,63,60
93,1341,1153.46677601896,93,0
29,4723,635.864847703942,76,47
81,4892,3530.46114558463,89,8
64,9824,4728.44590184896,70,6
23,6087,645.37624402139,89,66
88,4614,3716.25136881213,88,0
52,4718,1535.77183617648,67,15
98,6629,6215.62626350508,98,0
64,1967,946.748075013936,88,24
6,1154,64.3897649258804,82,76
57,8588,3318.77187126147,91,34
10,5208,334.521690697221,55,45
79,2230,1550.45529776964,94,15
11,4022,268.068405643629,65,54
30,1228,172.052280806195,86,56
91,4456,3733.63483321092,92,1
23,3558,377.238159393479,89,66
5,6932,374.475725812625,88,83
60,3693,1572.98225745705,94,34
12,1339,92.6478780820651,71,59
12,6007,415.635402269578,50,38
5,2732,147.586220848253,68,63
53,7139,2407.04982845404,87,34
99,3339,3180,99,0
0,4109,265.573599515486,72,72
54,3228,1126.87418047257,87,33
19,5394,488.502643752383,80,61
13,9557,686.701018170556,68,55
85,6432,4960.62261251504,85,0
69,3004,1662.04627344191,78,9
87,6382,5069.19158767244,87,0
83,8880,6633.66683557574,91,8
31,5705,831.824372650437,58,27
61,4524,1988.39190999111,64,3
12,8898,615.669021041236,73,61
99,8115,7728.57142857143,99,0
84,9192,6979.34306168863,87,3
24,2940,324.318470289866,54,30
33,6528,1030.67782342277,92,59
26,6575,785.373255256529,82,56
49,4683,1368.55168134673,80,31
23,2691,285.314189693044,65,42
84,4616,3504.85722070874,88,4
6,1057,58.9774536626132,88,82
72,4563,2723.4195334785,84,12
8,2880,172.106641021216,67,59
38,6042,1162.29975377277,87,49
38,2418,465.150745551563,89,51
16,4754,383.138518589891,71,55
81,8461,6106.13895191977,84,3
58,6059,2419.88299999676,75,17
46,9257,2421.20601733809,56,10
42,1391,312.569010036734,47,5
30,5843,818.649411034689,72,42
57,7248,2800.93834686809,76,19
60,5492,2339.24141834664,64,4
61,9688,4258.07710521526,79,18
28,5824,753.428431885769,66,38
70,2768,1571.71512690629,81,11
95,9087,8055.21083344477,97,2
59,8534,3520.7289466225,81,22
37,9129,1688.52971831485,62,25
2,9027,447.566717855898,70,68
20,4003,377.028256874459,52,32
21,8974,879.153085047707,88,67
1,4574,221.531531918531,59,58
45,3569,899.074709431803,84,39
35,2853,487.64347157671,61,26
7,5006,288.8991267272,51,44
32,2482,376.595797805723,68,36
94,4283,3736.64866693697,96,2
93,2983,2565.83996485052,95,2
28,6368,823.80361508389,42,14
56,1285,480.253580361334,61,5
54,7390,2579.80179482412,57,3
48,4655,1311.4036057726,56,8
72,7829,4672.72661135288,77,5
92,6939,5889.80836352781,92,0
35,6242,1066.90169981837,76,41
95,2624,2326.05625915694,96,1
3,6861,349.238789777768,74,71
81,3112,2245.86980479545,94,13
14,1467,109.498092464576,85,71
78,1766,1203.90908725817,80,2
38,6238,1200.00428070747,63,25
41,3281,709.378757623162,83,42
6,4817,268.774261393385,82,76
92,5580,4736.29206924416,95,3
76,7241,4735.6174194609,87,11
57,1688,652.315663564201,85,28
24,4104,452.722109547486,73,49
83,2103,1571.0136661279,90,7
0,5665,366.141260952842,74,74
87,4667,3706.97542144583,88,1
34,6864,1127.64589211305,80,46
92,1366,1159.45787931676,92,0
32,7436,1128.27008560973,62,30
56,5111,1910.17591379516,59,3
85,3720,2869.01680947698,97,12
33,2676,422.502122469261,72,39
39,5432,1086.64261094224,85,46
59,6224,2567.73107145283,59,0
40,2561,532.656473533881,91,51
3,9568,487.030569974302,80,77
86,6034,4724.06425559177,91,5
91,2038,1707.61844481235,91,0
22,2618,266.808486747243,77,55
68,1367,736.477253795861,84,16
40,3397,706.534182192344,88,48
2,2859,141.751772056055,81,79
68,6268,3376.91252874357,81,13
16,4369,352.110262456717,62,46
96,3634,3283.68693313551,96,0
77,7625,5093.11551858097,86,9
75,9230,5906.19082843968,93,18
99,1281,1220,99,0
5,4987,269.404276489839,82,77
66,1863,949.871707605814,83,17
10,8124,521.823005995434,76,66
17,5296,443.648239085308,79,62
1,3990,193.246788883896,57,56
95,7672,6800.87790405945,95,0
37,1072,198.280628550063,38,1
7,5296,305.635192798093,77,70
6,7640,426.289258261461,69,63
94,5003,4364.80347436041,96,2
31,4871,710.222001609164,68,37
63,7357,3437.39917316319,83,20
35,9009,1539.84578879586,60,25
19,4961,449.288397414826,67,48
30,4409,617.734939800093,78,48
85,6504,5016.15197011782,87,2
17,5215,436.862833615914,80,63
94,1738,1516.2959101416,94,0
37,3812,705.079996299291,43,6
91,7332,6143.40453256338,98,7
25,7184,824.604477424051,88,63
91,1293,1083.39089751834,91,0
9,9358,579.551589307376,79,70
88,3193,2571.73615531364,89,1
24,8729,962.916982027293,89,65
87,4602,3655.34623730313,96,9
85,1289,994.129749305331,87,2
15,5883,456.238012830947,79,64
94,4209,3672.08831172956,95,1
26,6321,755.033360680839,86,60
96,1526,1378.89550356763,96,0
16,9462,762.569765018415,73,57
42,6138,1379.2585072649,55,13
90,8582,7098.46593865642,90,0
9,7285,451.168340254781,82,73
43,8399,1961.08820834025,85,42
5,3353,181.133454796557,75,70
45,1922,484.175284821498,68,23
63,2658,1241.89302735731,73,10
34,3318,545.094561484716,75,41
97,3228,2973.63955600381,98,1
79,2079,1445.46931123905,84,5
3,2948,150.059168089908,86,83
68,2590,1395.3738751509,81,13
71,6140,3575.62467533809,84,13
27,9307,1156.94081406076,68,41
85,6435,4962.93633574849,93,8
3,3814,194.14032126693,74,71
78,8131,5543.02649405221,84,6
50,4099,1242.18045865384,80,30
87,1619,1285.96383272355,90,3
82,3382,2484.06476629647,98,16
86,6991,5473.30679662613,89,3
20,3768,354.894447140385,84,64
14,8085,603.471082192294,84,70
80,9168,6496.44104171067,90,10
78,1220,831.692574436564,78,0
82,8155,5989.81317834055,85,3
54,3020,1054.26270911622,75,21
96,9166,8282.40903388004,97,1
39,3504,700.956500136528,69,30
85,9803,7560.4762858341,85,0
57,1674,646.905462563076,83,26
46,8967,2345.35533730913,84,38
37,6295,1164.34380291292,40,3
93,3890,3345.99982006991,95,2
55,4531,1636.9835326394,86,31
4,6647,348.208542812032,39,35
89,4353,3553.5806830686,90,1
24,3523,388.630602323537,85,61
81,7082,5110.94150307243,92,11
24,7549,832.748344291904,46,22
43,6376,1488.73656582658,76,33
52,6232,2028.59900022294,90,38
99,2800,2666.66666666667,99,0
53,5465,1842.62884332558,79,26
0,9951,643.154755117692,68,68
28,3555,459.896647553899,44,16
43,1507,351.870452431093,88,45
33,3672,579.756275675309,81,48
15,4896,379.694256471242,68,53
50,4032,1221.87645993957,89,39
33,6337,1000.52165548868,84,51
1,3027,146.606022544249,82,81
1,5964,288.853094963297,70,69
92,4406,3739.80337940677,96,4
0,9717,628.030826598193,73,73
40,5059,1052.20972261144,72,32
79,3111,2162.98943110375,97,18
44,4184,1014.86944581866,88,44
28,9626,1245.27851739911,87,59
33,8799,1389.23623901608,88,55
50,4014,1216.42165431484,58,8
93,4930,4240.56018327626,95,2
65,3330,1650.12943375463,86,21
35,5414,925.377411537437,88,53
11,3226,215.014588912568,67,56
75,9547,6109.03616891805,82,7
33,1059,167.200952053418,57,24
21,2731,267.547033125171,64,43
34,5446,894.69107349179,76,42
67,9137,4790.29846385725,82,15
40,1798,373.961866229566,63,23
97,3088,2844.6712976889,99,2
32,9870,1497.58280593976,74,42
58,6402,2556.87258062044,79,21
4,2220,116.296519488899,77,73
94,3881,3385.92889945888,94,0
59,9782,4035.59533112975,78,19
81,8402,6063.55980073631,82,1
94,5023,4382.25221901107,96,2
27,4604,572.317127746399,69,42
75,1864,1192.75619763939,77,2
96,5554,5018.60132818784,96,0
34,6990,1148.34568558715,70,36
49,3089,902.723925620336,84,35
82,2109,1549.05162392645,89,7
56,6141,2295.12625447389,87,31
29,5334,718.124729547497,87,58
60,3877,1651.35451182263,76,16
94,7419,6472.61182815909,96,2
81,5344,3856.66074448165,84,3
1,1643,79.5750561744965,76,75
70,7465,4238.74762368333,94,24
9,7369,456.370555845913,86,77
84,3397,2579.28942347218,90,6
14,6289,469.416157811669,21,7
35,1549,264.759809839581,81,46
21,6852,671.267766742466,74,53
88,3043,2450.9217415031,88,0
89,5011,4090.74036362434,96,7
4,1082,56.6814567959408,86,82
94,7457,6505.76444299533,94,0
96,9760,8819.14817484935,98,2
39,8259,1652.16887403755,85,46
90,7877,6515.33630841257,90,0
98,4441,4164.0664106541,98,0
73,2773,1695.10771683054,79,6
24,8884,980.01540478067,70,46
42,1601,359.757717518916,77,35
84,1883,1429.73270073539,86,2
21,5089,498.552490506773,85,64
97,2648,2439.34248584204,97,0
3,6543,333.051946001449,73,70
46,2343,612.821183820152,66,20
79,7384,5133.88426848926,79,0
53,7658,2582.0405639867,63,10
74,8622,5394.31258374291,90,16
43,7599,1774.29566557656,84,41
15,2209,171.312216614578,89,74
6,6026,336.232862602561,69,63
4,8918,467.1767391,78,74
43,8635,2016.19200845553,80,37
5,1789,96.6441248526813,87,82
78,5990,4083.47419743854,88,10
69,4787,2648.5404497225,86,17
66,4367,2226.56454488169,81,15
57,2769,1070.06046943677,90,33
89,1661,1355.9608349591,97,8
13,4825,346.691682816044,87,74
69,2125,1175.71515681227,86,17
66,4522,2305.59305517632,89,23
20,9814,924.345569064687,89,69
60,2336,994.986881510878,70,10
54,3253,1135.60152077982,86,32
88,2598,2092.50564719851,91,3
60,1658,706.202161620307,81,21
38,8819,1696.51134202615,64,26
6,1888,105.344780052047,35,29
83,2020,1509.00979818277,85,2
80,6182,4380.56266577829,96,16
7,1630,94.0682334329478,70,63
50,6664,2019.4902601779,72,22
38,5810,1117.66990556434,63,25
95,2456,2177.1319254914,96,1
76,9019,5898.43025909651,78,2
27,3556,442.041639067375,84,57
42,2600,584.241140255578,77,35
62,3530,1600.11606084935,79,17
43,1598,373.118104170462,61,18
79,9791,6807.40261007291,83,4
55,9537,3445.57756583138,83,28
5,2564,138.510640649678,82,77
31,9348,1362.99636030434,88,57
4,1922,100.6855452512,77,73
35,5237,895.124031071584,85,50
59,6368,2627.13873120366,76,17
27,1754,218.037411396,74,47
40,4125,857.949220354259,64,24
60,7511,3199.2065355429,66,6
64,4072,1959.91772316052,87,23
79,8914,6197.64956247471,91,12
60,6729,2866.12445448917,65,5
81,2671,1927.60869171229,82,1
1,2546,123.30985576401,74,73
56,8598,3213.40099918035,56,0
33,9756,1540.33285007852,52,19
5,3517,189.992949752309,57,52
50,6528,1978.27617323549,59,9
46,3075,804.278762375999,49,3
4,9747,510.604583539774,40,36
60,4081,1738.24548948882,75,15
64,3380,1626.84722600259,83,19
39,2232,446.499688443131,86,47
54,1418,495.014742227417,82,28
41,9825,2124.24452717085,81,40
20,1158,109.067879455564,48,28
82,1257,923.261209708653,98,16
72,1171,698.909549354225,83,11
91,8264,6924.31738367482,97,6
9,9578,593.176439665105,87,78
24,1017,112.187715743127,25,1
67,1160,608.158719281428,80,13
38,1875,360.693816339612,77,39
84,2470,1875.43269825619,95,11
22,2034,207.291238366651,91,69
91,3951,3310.50072397135,94,3
21,3146,308.203209890805,83,62
24,2315,255.373217252054,86,62
43,8670,2024.36418220144,79,36
63,3586,1675.48096166416,65,2
89,5207,4250.74537485371,90,1
69,3844,2126.79955895828,75,6
31,1833,267.262765130281,76,45
4,2607,136.569831670072,79,75
1,4393,212.765198888961,65,64
16,4835,389.666541308818,76,60
65,4992,2473.70754753847,92,27
0,7236,467.678404987601,82,82
81,9691,6993.80600201566,89,8
14,8322,621.16095807103,77,63
33,5924,935.314863044807,78,45
37,9522,1761.22028456502,65,28
64,8408,4046.90280361829,71,7
4,5764,301.95186411442,82,78
21,2695,264.020232249116,80,59
67,2031,1064.8020335005,77,10
45,8518,2145.78828101432,48,3
33,9684,1528.96507996724,35,2
82,2130,1564.4760355445,84,2
41,6593,1425.45996617175,49,8
88,3121,2513.74523668458,98,10
13,5845,419.981945297363,83,70
57,8901,3439.72850792947,69,12
31,3779,551.001630893252,68,37
73,8108,4956.34091888279,95,22
97,4428,4079.08177013162,97,0
39,1955,391.087316714302,72,33
80,2831,2006.04543947239,83,3
5,7662,413.911282627861,88,83
25,4155,476.92533459033,56,31
53,4805,1620.09727212798,82,29
88,7340,5911.8519824623,91,3
84,3985,3025.74870548621,85,1
90,2989,2472.30420538849,97,7
53,7013,2364.56652849813,78,25
77,8683,5799.80617020834,82,5
90,2042,1689.00809213894,93,3
57,3380,1306.17709884301,85,28
57,7909,3056.37712270691,67,10
70,4852,2755.04400135452,79,9
61,7885,3465.62117822279,74,13
50,7426,2250.41036495815,71,21
76,1811,1184.3948552194,76,0
17,4223,353.762559225313,83,66
86,6369,4986.33829033211,96,10
76,7457,4876.88152146387,79,3
74,3331,2084.02403345484,80,6
18,5033,438.332381727163,68,50
48,4816,1356.76042221286,87,39
80,9599,6801.84746502843,81,1
15,9386,727.902428766151,88,73
91,7020,5881.9830630926,98,7
62,2134,967.322287210343,65,3
36,4394,781.326380432862,44,8
19,7765,703.23007577628,71,52
46,2362,617.790711132394,67,21
43,5653,1319.92280530389,85,42
51,4760,1495.29057288367,65,14
5,2261,122.14218350582,65,60
84,7470,5671.85516436185,97,13
60,7380,3143.40889792392,70,10
19,8519,771.515391569624,88,69
62,5750,2606.42134557614,91,29
47,7096,1926.50662924566,85,38
28,4099,530.27183075202,55,27
37,6919,1279.76088520325,76,39
79,8047,5594.84922921629,86,7
83,8848,6609.76172986196,87,4
3,2951,150.21187416327,79,76
20,1427,134.404027619249,23,3
14,4521,337.451176572834,75,61
8,5351,319.771748647405,17,9
36,4701,835.916093403478,49,13
11,6918,461.088321790807,16,5
5,1591,85.9479053329323,81,76
87,9360,7434.60251654874,87,0
80,7551,5350.63550457649,83,3
56,7599,2840.03654254146,88,32
57,5476,2116.16147729714,73,16
11,9549,636.445849202141,40,29
88,6006,4837.40912897392,89,1
34,5691,934.940671913658,58,24
13,2175,156.280706761636,36,23
10,9332,599.415594774667,78,68
69,8243,4560.66825298989,71,2
82,8658,6359.26456138228,88,6
21,1679,164.486074191565,89,68
68,4747,2557.46709858738,72,4
50,3294,998.229429325631,78,28
45,1770,445.88462754113,85,40
57,7745,2993.00048240802,77,20
47,7216,1959.08565905252,88,41
85,8407,6483.82374120242,92,7
72,7351,4387.4330463731,85,13
81,4351,3140.03197964814,84,3
87,8685,6898.45329660532,96,9
51,4399,1381.8872332175,81,30
80,2503,1773.62477393126,81,1
67,9176,4810.7451794193,69,2
61,2023,889.150493791337,72,11
29,3140,422.743091634635,78,49
45,7243,1824.60020185333,68,23
47,6795,1844.78756281345,79,32
98,1128,1057.65974132354,99,1
80,2103,1490.18493790549,80,0
77,1038,693.331660103219,96,19
34,3992,655.822028163648,92,58
24,2180,240.481042595887,83,59
92,9520,8080.5556450187,94,2
65,6408,3175.38420765755,84,19
62,5725,2595.08907885624,90,28
37,4349,804.405273847223,69,32
19,8973,812.631483572513,49,30
27,6147,764.125409265229,91,64
25,6587,756.078743428761,75,50
53,8439,2845.36958990386,73,20
24,4073,449.302424996811,70,46
21,6553,641.975726133009,81,60
48,7974,2246.43015089811,71,23
71,9831,5725.07592561054,77,6
64,5881,2830.61791009505,72,8
5,6166,333.09540181198,88,83
21,2072,202.986983755165,87,66
40,3214,668.472434962082,83,43
42,3002,674.573808864326,84,42
57,9139,3531.7019249486,75,18
54,3479,1214.49667715739,65,11
5,5760,311.162749665424,36,31
27,9510,1182.1754745587,53,26
42,9542,2144.16498473797,60,18
92,2514,2133.87782474549,99,7
47,9344,2536.82045429417,62,15
48,1372,386.518957490872,69,21
44,2456,595.7264242186,70,26
9,7188,445.161019869782,66,57
99,5171,4924.7619047619,99,0
49,2901,847.78313636277,87,38
81,2747,1982.45641188082,92,11
17,5266,441.135125948495,71,54
60,5000,2129.68082515171,64,4
28,5962,771.280959976469,59,31
45,7029,1770.69098699808,78,33
25,1118,128.327923964378,83,58
10,2564,164.69155432943,75,65
41,2533,547.655103035498,70,29
80,3409,2415.61600252963,92,12
72,6251,3730.89973784224,83,11
44,4738,1149.24747473442,60,16
45,3239,815.943677178372,80,35
14,2771,206.829730210866,67,53
62,3613,1637.7391863594,72,10
16,5372,432.944914149115,37,21
35,6041,1032.54616606902,71,36
93,6610,5685.61923153267,96,3
49,4273,1248.73400264671,74,25
52,5939,1933.22359793389,80,28
14,6284,469.042953679206,81,67
68,9289,5004.48954682498,93,25
14,8728,651.465133627006,66,52
63,6380,2980.91704835954,75,12
55,1541,556.740592318985,56,1
55,9107,3290.22490217326,75,20
47,9317,2529.49017258763,74,27
33,5344,843.741159370603,53,20
89,5634,4599.32772074627,90,1
53,6734,2270.49636431006,76,23
86,1917,1500.83380476788,86,0
72,2524,1506.44551884719,93,21
13,6865,493.272207778682,81,68
12,5851,404.841474726037,67,55
44,9588,2325.66162679476,80,36
44,2155,522.715978905164,78,34
32,3363,510.270615640873,59,27
80,9016,6388.73390402087,83,3
89,1399,1142.07658525453,90,1
57,3616,1397.37763000483,70,13
99,4043,3850.47619047619,99,0
15,4534,351.620457279536,73,58
32,5676,861.223911500921,78,46
71,3034,1766.84776302537,78,7
62,1176,533.069826503919,66,4
80,5170,3663.45988063309,84,4
51,8006,2514.97821985435,82,31
68,4072,2193.80788402103,84,16
80,1104,782.293947431127,88,8
47,9421,2557.72533175358,82,35
8,4675,279.374495407703,67,59
23,9158,970.980062879562,90,67
93,2828,2432.51606456496,95,2
11,1173,78.1810641024308,81,70
94,5641,4921.41842871619,95,1
99,6116,5824.7619047619,99,0
42,7533,1692.7263498251,68,26
24,1059,116.820836747268,75,51
15,8749,678.501848420526,81,66
27,8372,1040.71220536335,80,53
26,8979,1072.52721809101,71,45
29,8212,1105.59435302663,60,31
84,5224,3966.50219258719,97,13
33,3578,564.915020252249,87,54
7,4361,251.675807362629,85,78
73,6714,4104.20238398854,76,3
38,1635,314.525007848142,81,43
45,9262,2333.21097191296,67,22
34,4572,751.106791774599,83,49
61,5086,2235.40257608638,82,21
70,1882,1068.63001041822,87,17
35,2403,410.728097510983,45,10
96,2142,1935.51387198026,98,2
68,3222,1735.8666508634,83,15
89,9436,7703.0983977568,89,0
35,6194,1058.69739325136,72,37
90,9683,8009.14072290959,96,6
72,9984,5958.93504761108,72,0
50,3172,961.257968980237,84,34
97,6842,6302.86302421873,99,2
11,5328,355.113989375747,61,50
59,5251,2166.31681494197,83,24
99,6232,5935.23809523809,99,0
91,7198,6031.12736298298,91,0
37,4415,816.612849858701,81,44
47,7332,1990.57872119915,66,19
10,6921,444.551578593599,48,38
96,2399,2167.73939256799,96,0
92,4232,3592.11255144109,94,2
61,8584,3772.84618818826,90,29
60,6460,2751.54762609601,81,21
84,3585,2722.03490819775,90,6
44,4520,1096.36947779645,50,6
77,6390,4268.1977919649,86,9
62,5919,2683.02746860263,76,14
69,5610,3103.88801398438,80,11
97,4918,4530.47067423381,99,2
38,3939,757.745569366257,78,40
49,7680,2244.38968881974,64,15
78,2727,1859.0374184332,97,19
37,9268,1714.23961324812,76,39
63,2244,1048.46047907818,89,26
70,4400,2498.39109768341,71,1
61,1733,761.689473920113,87,26
29,6418,864.065338251938,81,52
45,9867,2485.61786437759,91,46
79,4076,2833.92636489196,80,1
4,4060,212.686427533752,84,80
13,4354,312.848826317317,59,46
7,2618,151.086279219299,52,45
6,2175,121.358525748518,87,81
66,9631,4910.47472675878,67,1
61,5297,2328.14145606165,80,19
9,8826,546.604223896869,38,29
63,1428,667.202123049754,81,18
83,2989,2232.88628057837,83,0
9,7904,489.503714670389,50,41
25,3287,377.293279133192,50,25
55,4151,1499.69513219734,73,18
46,5173,1353.01919927514,69,23
90,4911,4062.05619025189,90,0
77,8375,5594.07770073647,86,9
54,1434,500.600240024059,79,25
25,3453,396.347335822,69,44
2,1199,59.4474902746451,76,74
99,5816,5539.04761904762,99,0
18,7725,672.783160906484,87,69
63,7905,3693.44032402542,67,4
29,2599,349.90741884026,90,61
62,1454,659.084632429165,91,29
4,1235,64.6964871931487,77,73
3,2229,113.4606125076,71,68
17,8824,739.190343974463,86,69
8,5766,344.571837544559,65,57
79,7883,5480.82471404399,81,2
41,5814,1257.03386065866,73,32
35,3195,546.099155866663,62,27
98,9705,9099.81187016395,98,0
34,3658,600.951147049756,87,53
60,9436,4019.1336532263,91,31
52,6092,1983.02713564797,84,32
95,9466,8391.17703855928,95,0
63,7894,3688.30081187308,92,29
71,6566,3823.70547528826,73,2
39,6687,1337.69866335986,83,44
98,8502,7971.82900774177,99,1
29,1826,245.837224625746,88,59
54,1755,612.659289569193,62,8
35,5709,975.799712313858,82,47
54,4139,1444.89846126888,90,36
1,4408,213.491690576495,53,52
81,1762,1271.60109127558,84,3
16,4241,341.79437470335,74,58
40,6500,1351.91998358853,59,19
92,5351,4541.91735887553,95,3
14,8118,605.934229466549,57,43
16,8979,723.64340732407,74,58
0,1440,93.0703293507665,54,54
46,1797,470.012662110462,71,25
38,1907,366.849657471808,63,25
45,6447,1624.0780755693,84,39
33,8070,1274.13756663936,69,36
94,2727,2379.1363331163,94,0
92,3184,2702.57239219953,92,0
64,1682,809.573087022593,67,3
79,9269,6444.47092153669,81,2
85,2070,1596.46903107993,95,10
15,4960,384.657580085245,78,63
96,8874,8018.5574696325,98,2
52,4060,1321.58407267412,83,31
29,3054,411.164777659928,63,34
93,7894,6790.05721841435,93,0
87,8342,6626.01006336,95,8
43,8196,1913.68960061396,89,46
27,1924,239.16988570462,74,47
68,5280,2844.62318949681,95,27
48,6528,1839.06396100613,69,21
87,7295,5794.38305109221,91,4
55,8936,3228.44512197434,80,25
31,2566,374.138709942335,61,30
78,3152,2148.76638903611,84,6
28,5398,698.318453866652,77,49
2,9558,473.894171847421,56,54
4,8187,428.882704980007,83,79
36,1781,316.691461891426,67,31
33,6533,1031.46725190272,79,46
68,5919,3188.88724595296,88,20
1,5399,261.488574732871,62,61
30,2679,375.348583289737,79,49
2,3801,188.456972922374,61,59
12,8144,563.498371247452,86,74
11,4630,308.591923950771,59,48
92,5777,4903.50524803288,92,0
93,3682,3167.08774742864,93,0
5,3355,181.241497417969,75,70
83,6007,4487.43656320985,86,3
5,2973,160.605356728352,56,51
90,3732,3086.86493626961,91,1
19,5312,481.076389249659,62,43
84,1825,1385.69420012856,91,7
81,9555,6895.65745013514,90,9
64,8712,4193.22279080906,80,16
45,3204,807.12674951513,74,29
72,2042,1218.76456001821,80,8
2,5229,259.258487611442,64,62
17,5439,455.627411704114,58,41
93,9870,8489.72190850642,97,4
19,1464,132.585812097421,89,70
72,1937,1156.09547147663,79,7
1,1535,74.3443160242557,65,64
73,5907,3610.89119484961,88,15
80,2516,1782.8365686021,88,8
95,1028,911.275089334348,97,2
58,9929,3965.50888050303,85,27
15,2705,209.777974623102,75,60
54,9717,3392.14263062328,89,35
57,4263,1647.40620484253,92,35
54,4581,1599.19783790113,71,17
59,3564,1470.33957883321,78,19
22,1321,134.627200532127,79,57
85,5486,4231.02855290073,86,1
6,7732,431.422584408065,86,80
56,9177,3429.79541398908,81,25
98,4929,4621.63551860258,99,1
62,8993,4076.44298448108,64,2
3,1395,71.0083241131012,83,80
29,8759,1179.23781516808,67,38
6,4207,234.738077160467,79,73
60,8216,3499.49153188929,94,34
14,3414,254.823781645577,85,71
73,9440,5770.57946155076,77,4
25,4055,465.446987187434,62,37
12,3922,271.370409139551,46,34
4,8404,440.250427830949,79,75
97,9513,8763.39315249822,98,1
74,9791,6125.6917777113,93,19
85,4548,3507.60442190895,97,12
53,4229,1425.88790090098,63,10
44,6790,1646.97981288448,83,39
63,5775,2698.24387998062,89,26
30,3928,550.343126226982,80,50
88,2412,1942.69577407344,95,7
56,2662,994.891074647371,85,29
99,6196,5900.95238095238,99,0
53,1910,643.992880283963,78,25
1,5682,275.195051237668,72,71
76,7290,4767.66344260046,87,11
99,3480,3314.28571428571,99,0
58,6983,2788.9161559626,70,12
37,6857,1268.29316228338,84,47
57,1478,571.162648547328,91,34
97,8666,7983.13518969301,98,1
92,4451,3777.99928319099,92,0
22,9957,1014.74870226979,90,68
84,1168,886.844288082281,95,11
68,8194,4414.55348763956,77,9
31,9448,1377.57698033327,75,44
53,6550,2208.45725961254,73,20
88,4706,3790.35087594926,94,6
38,6131,1179.42068692169,84,46
46,7372,1928.17659714988,56,10
2,6580,326.242273567277,69,67
98,1701,1594.92838651714,98,0
6,8754,488.447142254036,89,83
71,1117,650.484163249616,78,7
95,2177,1929.81115708256,95,0
58,9350,3734.26407822573,68,10
60,3890,1656.89168196803,82,22
66,3489,1778.90627366435,75,9
95,4654,4125.55862428216,96,1
56,5088,1901.57993531398,68,12
27,4831,600.535196382028,90,63
3,9719,494.716775666832,69,66
13,6987,502.038297997036,90,77
98,9700,9095.1236620907,99,1
59,4175,1722.40957958155,61,2
4,3824,200.323374110608,81,77
5,4562,246.445219439873,87,82
69,1540,852.04769011336,78,9
62,1415,641.406296346127,78,16
74,6641,4154.90951851504,91,17
15,8118,629.566579663713,66,51
84,4156,3155.58635382702,95,11
24,2632,290.342249592832,83,59
55,5474,1977.67553689431,70,15
63,8141,3803.70622111208,75,12
88,7728,6224.35859951889,88,0
32,2498,379.023490297622,75,43
53,1743,587.685649390025,85,32
84,6467,4910.29281766105,85,1
12,3594,248.675484560823,57,45
35,3771,644.550834670793,75,40
33,1810,285.773109741914,57,24
64,5176,2491.29030822173,67,3
83,6205,4635.34940481391,93,10
48,5735,1615.66051108612,49,1
87,5640,4479.82459330501,95,8
12,7761,536.997895291193,68,56
29,1138,153.210712828094,71,42
53,9579,3229.74230379062,59,6
76,1618,1058.17276407785,82,6
81,3945,2847.02968506365,84,3
66,1368,697.490336019728,77,11
12,5532,382.769276736359,88,76
32,2049,310.896369743726,77,45
58,2561,1022.82890955466,83,25
58,6010,2400.31305990766,90,32
19,5040,456.442959679646,86,67
57,5718,2209.68066603087,92,35
11,3553,236.809310107363,86,75
84,8128,6171.46436090135,94,10
43,8133,1898.97968787132,54,11
99,3213,3060,99,0
95,7205,6386.90371464395,96,1
14,5787,431.946462912407,66,52
32,8561,1298.96721394633,92,60
20,1180,111.139980792371,84,64
75,8986,5750.05750643109,89,14
25,8370,960.737677622398,75,50
51,1146,360.000629521994,71,20
57,8881,3431.99964935644,84,27
47,7600,2063.33855443447,87,40
11,9059,603.787092671714,73,62
99,3895,3709.52380952381,99,0
92,9682,8218.06089864192,92,0
92,2628,2230.64078099886,98,6
2,3600,178.491213501854,88,86
71,2533,1475.09076590088,73,2
77,2393,1598.40333586417,81,4
91,1371,1148.74626488603,96,5
59,4365,1800.79468619723,85,26
42,6082,1366.67485193632,87,45
84,7513,5704.50439757036,95,11
47,7858,2133.38346851922,61,14
30,2778,389.219247621832,66,36
38,2241,431.101249289104,63,25
43,7364,1719.42535613973,62,19
47,4980,1352.02973698469,76,29
74,7564,4732.38000271763,77,3
14,4718,352.155419391867,75,61
77,5212,3481.35319119266,86,9
76,4196,2744.18598150227,86,10
37,4695,868.402566271031,83,46
46,7194,1881.61997285624,92,46
73,1451,886.98207613455,82,9
81,3334,2406.08288212983,85,4
37,3102,573.756072539454,72,35
84,2585,1962.75041497662,90,6
24,9007,993.583830578511,83,59
41,9713,2100.02922060158,81,40
16,3178,256.124150626561,37,21
43,5911,1380.16340034518,75,32
43,1168,272.717112434981,82,39
67,2330,1221.56018614287,85,18
89,4205,3432.76057254847,92,3
47,7391,2006.59674418753,71,24
55,5390,1947.32757469132,83,28
37,5360,991.403142750315,73,36
54,7665,2675.80253820391,85,31
45,4163,1048.71056748798,73,28
18,2295,199.875385667363,80,62
68,6040,3254.07652737893,73,5
8,4031,240.889538179348,68,60
82,5896,4330.58718571378,87,5
86,2872,2248.51053066946,95,9
26,8203,979.835256710161,59,33
44,6290,1525.70000339373,85,41
15,1379,106.944113495474,46,31
59,8111,3346.21894610441,75,16
98,2894,2713.53483279283,98,0
51,1382,434.136884816226,70,19
27,2849,354.155407677996,81,54
62,7759,3517.082299187,72,10
23,1494,158.401857822894,27,4
5,4576,247.201517789754,78,73
20,7463,702.913285299548,61,41
59,3877,1599.46872815273,63,4
26,1669,199.359386011125,77,51
10,4431,284.613212649651,73,63
77,3133,2092.6860222576,92,15
19,8568,775.953031455399,41,22
58,8923,3563.72602887789,74,16
89,4603,3757.66870759586,95,6
40,4330,900.586696759744,66,26
39,4789,958.013892452578,84,45
33,7856,1240.3500276975,74,41
13,2329,167.346099332345,63,50
68,8838,4761.51131605546,68,0
83,6813,5089.54641337585,95,12
49,6583,1923.80433873703,88,39
28,6887,890.944644642392,55,27
42,8738,1963.49964752048,87,45
39,8411,1682.57566285626,75,36
7,4134,238.575507369206,81,74
70,3416,1939.65999765603,87,17
60,3117,1327.64302639958,65,5
63,2030,948.473606296218,93,30
31,5411,788.957349765384,82,51
30,2090,292.825135899794,88,58
49,9253,2704.08044149076,68,19
85,9056,6984.35920070525,89,4
56,4404,1645.94301004772,66,10
36,2788,495.752833101233,69,33
71,3696,2152.36299675074,85,14
95,3047,2701.02645642194,96,1
14,4119,307.445564322828,64,50
55,3740,1351.20688856133,58,3
81,5211,3760.67723418673,86,5
61,3415,1500.96338917322,66,5
33,8980,1417.81354999027,83,50
44,6341,1538.07054396178,80,36
97,3448,3176.30396192724,98,1
8,6432,384.371498280715,22,14
4,7814,409.342794273088,79,75
63,3840,1794.15696954556,90,27
37,2644,489.042893550715,64,27
37,4834,894.112461204295,74,37
98,1990,1865.90681315057,98,0
96,2589,2339.42362957838,96,0
33,8321,1313.76687633286,89,56
93,6954,5981.51227474708,94,1
56,4598,1718.44821984546,64,8
85,2658,2049.95878483597,90,5
69,6011,3325.75238004637,86,17
64,1716,825.937822432087,90,26
44,9820,2381.93545839847,74,30
86,9672,7572.28198211527,86,0
20,2290,215.68691187672,67,47
11,2228,148.497366428146,66,55
21,2085,204.260550738185,82,61
29,3468,466.902242607934,81,52
52,9676,3149.66686876719,92,40
65,8407,4165.95740227482,78,13
51,5173,1625.02901964858,62,11
52,1351,439.768493148458,76,24
82,4299,3157.59740695107,96,14
70,3071,1743.76342295131,87,17
48,4307,1213.36526961602,66,18
48,6947,1957.1043714935,79,31
49,5417,1583.05455004382,54,5
55,4787,1729.47256030563,60,5
27,9709,1206.91290036703,35,8
20,2159,203.348490280279,69,49
43,5400,1260.84966365488,75,32
21,3157,309.280843491822,47,26
64,9599,4620.1498586979,76,12
61,6222,2734.69815737504,84,23
12,6568,454.452026320391,35,23
85,6170,4758.55745012714,92,7
60,6290,2679.13847804085,75,15
19,6117,553.98047308738,77,58
18,1823,158.768116806799,79,61
87,7273,5776.90855799776,88,1
71,6110,3558.15419646836,77,6
84,8870,6734.85345487143,88,4
64,7186,3458.7349603712,82,18
21,6738,660.099563968292,79,58
56,4814,1799.17566992954,70,14
11,2301,153.362854645945,59,48
85,5849,4510.98906414808,97,12
22,7343,748.347867908711,57,35
8,5288,316.006915875066,80,72
81,9214,6649.56438990531,91,10
96,3970,3587.29695226967,97,1
51,8686,2728.59115883773,91,40
10,1888,121.27053610529,67,57
72,6526,3895.03306497495,72,0
42,2822,634.12634530817,92,50
38,1992,383.201110479204,58,20
81,1997,1441.19601548089,84,3
44,1222,296.407854395411,83,39
8,4273,255.351276765158,66,58
58,9846,3932.35979831129,73,15
31,7320,1067.30138611765,87,56
37,5098,942.942765250206,61,24
94,6929,6045.11758421813,97,3
41,5232,1131.20074973617,85,44
45,5371,1353.02052797933,67,22
40,3997,831.326796062055,55,15
63,7975,3726.14631044943,70,7
71,3205,1866.42949258283,80,9
47,1573,427.056782384925,67,20
13,6925,497.583399689348,66,53
74,5163,3230.20596959692,81,7
26,6865,820.013292370505,73,47
57,1760,680.139554427129,80,23
54,7624,2661.48970010002,93,39
21,8211,804.404499813542,31,10
79,9837,6839.38509603587,80,1
18,2095,182.457051404412,78,60
55,1930,697.280560139936,70,15
92,3293,2795.09135914355,92,0
76,2707,1770.37927834286,79,3
61,4198,1845.10814282552,94,33
89,4326,3531.53917641966,95,6
12,5911,408.992985319706,60,48
35,7721,1319.6968959144,77,42
66,4498,2293.35638261458,75,9
51,3357,1054.55681789296,66,15
9,2497,154.642051560218,75,66
35,8897,1520.70240680617,92,57
90,9478,7839.57820631386,91,1
66,8036,4097.24586275916,89,23
1,9718,470.669747963333,82,81
56,4935,1844.39799150442,92,36
77,8834,5900.66655621564,81,4
76,3960,2589.84187005457,85,9
7,1334,76.9859039261058,78,71
44,1307,317.02542200884,92,48
71,6157,3585.52461336427,88,17
84,4443,3373.50100338148,86,2
91,9775,8190.36815409262,96,5
59,6191,2554.11681609326,72,13
61,2445,1074.62825374188,63,2
27,7383,917.770928356139,76,49
34,8989,1476.74955189455,58,24
30,6810,954.133576783541,80,50
35,9305,1590.43901262576,74,39
82,8288,6087.50111858816,89,7
1,5955,288.417199950777,78,77
16,2391,192.69755951797,78,62
79,9194,6392.32556398839,91,12
35,1539,263.050579304787,65,30
53,1432,482.826075689338,92,39
42,9819,2206.40913698828,79,37
31,2869,418.317988629992,86,55
90,3598,2976.02894981191,95,5
30,3192,447.223843919686,59,29
17,1889,158.242357181297,62,45
53,8500,2865.93690178727,62,9
62,2537,1149.99842673507,73,11
53,5155,1738.10643867216,93,40
28,2801,362.354573782974,69,41
2,4967,246.268293739919,89,87
39,4123,824.78414670745,70,31
70,3609,2049.24851625896,85,15
50,1235,374.260274807879,82,32
62,4998,2265.54676264166,79,17
64,1667,802.353350812522,84,20
54,4987,1740.92984449092,85,31
94,6492,5663.8625136014,98,4
59,5096,2102.37107007127,59,0
16,3575,288.119521236613,33,17
20,4269,402.081845764943,41,21
85,3394,2617.59221810884,93,8
4,4005,209.805207456324,74,70
89,5977,4879.33649039767,89,0
7,2545,146.873407415247,80,73
8,5825,348.09763331548,86,78
7,4136,238.690928514523,84,77
29,5728,771.169563338595,82,53
56,5795,2165.81283906143,76,20
50,3858,1169.14667223384,90,40
53,8371,2822.44209468956,70,17
25,7519,863.056941223752,70,45
28,2432,314.618466062189,57,29
14,7868,587.27402284341,79,65
90,9820,8122.45811204918,92,2
87,2268,1801.46137900989,97,10
72,4254,2538.99335862756,81,9
5,4114,222.243672243673,85,80
77,7889,5269.45420669971,87,10
24,1879,207.277008732877,84,60
56,2929,1094.67917266798,64,8
39,4650,930.207684256523,63,24
65,5331,2641.69369710087,77,12
54,5721,1997.16455591188,67,13
81,4020,2901.15572470364,82,1
77,8476,5661.54060793342,88,11
21,8115,794.999697477395,73,52
82,3023,2220.38077720705,87,5
79,5852,4068.72843163585,82,3
51,3293,1034.45207069452,63,12
4,9498,497.560514461965,48,44
84,9912,7526.02789680785,87,3
38,4505,866.627009391974,38,0
93,5393,4638.81157574216,95,2
52,4908,1597.61936667108,68,16
42,6318,1419.70597082106,70,28
78,7149,4873.58214315327,85,7
26,2084,248.930473605263,67,41
67,2823,1480.02764183748,92,25
83,8024,5994.20525773196,86,3
1,5031,243.665311998717,76,75
71,5238,3050.34561065487,87,16
62,6674,3025.2619235435,77,15
41,5090,1100.49920033584,54,13
17,3823,320.254384067812,77,60
14,3209,239.522412214604,73,59
99,4150,3952.38095238095,99,0
94,6180,5391.66209705124,95,1
6,1188,66.2868637191906,82,76
38,9310,1790.96502939829,88,50
45,3511,884.463800732715,84,39
48,7173,2020.77294612393,89,41
5,1410,76.170048095182,86,81
0,3809,246.183947567409,33,33
39,6746,1349.50129849344,83,44
45,6331,1594.85625817113,58,13
75,8393,5370.6023426971,79,4
68,8714,4694.70577145364,69,1
58,9158,3657.58186399907,63,5
82,4020,2952.67308116849,87,5
13,4041,290.358775183344,78,65
68,1956,1053.8035906545,71,3
46,9424,2464.88554687201,81,35
19,1975,178.864056620496,75,56
73,7123,4354.22007464259,76,3
77,1567,1046.6769859169,80,3
42,6909,1552.50847616377,78,36
63,2614,1221.33497874794,76,13
22,1214,123.722499202121,89,67
18,9808,854.195112255118,83,65
66,2724,1388.86233575858,87,21
3,2128,108.319508037763,84,81
86,5511,4314.60359837027,87,1
31,6210,905.456503796532,87,56
83,3060,2285.92573388083,98,15
69,3253,1799.81242593426,70,1
30,3033,424.946716356018,60,30
9,2478,153.465359938414,75,66
6,3699,206.39318930748,71,65
46,5405,1413.6997432983,55,9
3,1462,74.4187597515082,76,73
68,2989,1610.33687753901,77,9
59,4603,1898.9823460632,84,25
85,8093,6241.65404276807,88,3
82,9188,6748.54733079006,82,0
43,3246,757.910742263655,86,43
36,4936,877.703007240921,90,54
73,4425,2704.95912260192,90,17
97,4801,4422.69005835635,97,0
51,4450,1397.90820364125,58,7
81,2648,1911.01003955603,86,5
81,3124,2254.52997113785,96,15
62,6042,2738.78222086452,74,12
66,2588,1319.521191242,66,0
25,5129,588.724438294537,81,56
62,6540,2964.52097392486,73,11
55,3123,1128.29388047514,81,26
69,1800,995.899897535097,90,21
52,6962,2266.22372264957,66,14
65,2180,1080.26491459012,87,22
43,1793,418.648786469111,92,49
73,9837,6013.26166983844,74,1
3,1479,75.2840941672234,71,68
86,7893,6179.48942150908,86,0
25,9429,1082.29337661907,83,58
19,2943,266.530085384365,69,50
77,4812,3214.17336070972,82,5
96,1812,1637.32546033064,97,1
75,1507,964.315230602232,85,10
91,4179,3501.53949012307,98,7
52,5393,1755.49332609151,79,27
6,3628,202.431600650862,6,0
93,5929,5099.85422447159,97,4
61,8373,3680.10730821298,85,24
32,3700,561.403888751481,70,38
57,5786,2235.95878517919,75,18
50,2237,677.911121251195,89,39
44,4208,1020.69087667421,64,20
34,4540,745.849701368478,55,21
83,4327,3232.41851323606,85,2
30,1989,278.674256126647,40,10
94,4509,3933.81948148933,95,1
36,1637,291.085863625078,81,45
61,4319,1898.2901545649,62,1
21,7902,774.13279229407,68,47
9,2637,163.312410878772,48,39
35,3339,570.712075567695,72,37
56,2228,832.688698089535,88,32
59,1307,539.207022877385,83,24
69,2489,1377.1082472027,87,18
21,4588,449.471178315008,42,21
13,9303,668.450305748737,72,59
29,9936,1337.69915875214,32,3
18,8050,701.087954083779,87,69
84,9381,7122.84783090743,88,4
78,5556,3787.6097898111,84,6
23,3215,340.871467804956,36,13
56,8352,3121.46140325126,60,4
56,8175,3055.30974276569,82,26
47,1784,484.341576461987,82,35
74,1370,857.133871459962,85,11
20,3271,308.083794213429,76,56
29,1098,147.825450514277,66,37
21,7881,772.075491783038,86,65
12,3228,223.351269939437,86,74
85,2361,1820.9001847245,86,1
71,2787,1623.00748699792,83,12
4,1268,66.4252192396053,67,63
71,3088,1798.29462499088,76,5
3,4312,219.489529444941,60,57
70,5921,3362.03947485988,75,5
35,7282,1244.66167543694,85,50
94,7604,6634.01271617761,99,5
31,8092,1179.86377274099,55,24
80,2006,1421.45077766924,80,0
1,5213,252.480077807456,68,67
6,1141,63.664403622556,81,75
80,5692,4033.34886664672,83,3
65,8071,3999.45785580588,86,21
54,7251,2531.2777827158,90,36
64,6074,2923.51184933129,88,24
88,4710,3793.57259365088,88,0
57,8378,3237.6188562446,65,8
1,6750,326.921259390049,24,23
26,2441,291.573553776606,72,46
38,2577,495.737581177162,70,32
60,3967,1689.68876667537,90,30
0,7342,474.529415342588,67,67
96,3597,3250.25368698085,98,2
7,7485,431.963636347003,80,73
91,5017,4203.69074466319,91,0
66,2852,1454.12458942125,70,4
16,4743,382.251996986086,89,73
18,8004,697.0817372033,60,42
17,2452,205.405113715479,58,41
16,5793,466.874513712923,88,72
53,7753,2614.07162347726,66,13
29,3731,502.310342321281,64,35
85,7349,5667.85068087267,86,1
98,1534,1438.34223687084,99,1
79,5811,4040.22230284278,97,18
53,4731,1595.14676263007,80,27
31,5559,810.5366674082,86,55
41,5547,1199.30629946226,67,26
34,5686,934.119251537701,75,41
53,4804,1619.76010308071,62,9
96,8905,8046.56910830261,96,0
6,3625,202.264209580864,81,75
41,6066,1311.51830043953,77,36
67,6658,3490.6213387722,73,6
82,6519,4788.17806371576,88,6
88,8891,7161.07302126326,93,5
42,7221,1622.61741299444,71,29
90,5707,4720.4550351797,94,4
99,9184,8746.66666666667,99,0
36,5107,908.109655182209,80,44
92,2386,2025.23169842591,96,4
86,6016,4709.97191939676,89,3
39,4588,917.804915133103,88,49
35,7514,1284.31582384416,74,39
37,1615,298.715685735403,59,22
78,5815,3964.17403307264,89,11
66,9549,4868.66609550613,81,15
82,6523,4791.1160468811,86,4
26,1059,126.495859667934,39,13
44,7440,1804.64356522247,72,28
39,6709,1342.09964595205,74,35
5,1728,93.3488248996273,85,80
81,8029,5794.37296359341,94,13
51,5800,1821.99271485826,66,15
84,9645,7323.29893711781,92,8
49,5802,1695.56627272554,72,23
28,3781,489.13339645606,54,26
49,1627,475.471617670536,91,42
51,2285,717.802302319159,87,36
50,2716,823.069559820405,81,31
30,3515,492.478637649654,67,37
89,8869,7240.22675812898,90,1
28,7937,1026.77909750641,77,49
19,7012,635.035324062238,77,58
24,4991,550.569212658749,53,29
89,4562,3724.19827157339,92,3
74,2975,1861.29435590758,85,11
11,4133,275.466613755624,87,76
99,7753,7383.80952380952,99,0
68,3395,1829.07116067077,81,13
38,6103,1174.03432593101,72,34
66,3055,1557.62644483938,87,21
0,7442,480.992632658614,0,0
38,7206,1386.2184749564,62,24
43,6779,1582.83330924378,63,20
41,4968,1074.12181282288,41,0
6,9677,539.947794790074,74,68
42,7303,1641.04347972557,78,36
86,6465,5061.49741670546,89,3
85,3097,2388.53361799737,87,2
9,6372,394.625211270208,90,81
62,7738,3507.56319514228,92,30
31,6245,910.559720806657,67,36
25,2090,239.897460720527,33,8
49,1131,330.521450267595,77,28
51,5516,1732.7778991652,81,30
97,5370,4946.85390822195,97,0
35,6132,1048.10016393564,88,53
68,2855,1538.14378901769,74,6
19,8009,725.327711125851,68,49
74,5583,3492.97693748976,88,14
89,4158,3394.39202393734,89,0
0,5129,331.498416138945,49,49
26,1790,213.812642875922,88,62
96,5557,5021.31213193011,97,1
10,9971,640.460018806065,43,33
52,3961,1289.35825415325,55,3
18,6285,547.371154213236,79,61
95,5097,4518.2579088883,95,0
23,9088,963.558289085986,71,48
68,6165,3321.4208263727,85,17
0,6198,400.590209247257,79,79
61,2172,954.639086759656,75,14
51,9011,2830.68557820479,86,35
26,3048,364.078734908274,79,53
17,2000,167.540875787503,67,50
25,8576,984.383073272363,89,64
68,8031,4326.73652175169,74,6
17,7843,657.011544400693,51,34
63,1275,595.716181294423,87,24
64,9238,4446.39487390887,92,28
91,9084,7611.38663036085,92,1
39,2286,457.302100260304,80,41
28,4298,556.015693723392,72,44
40,6699,1393.30953385532,85,45
51,9653,3032.3613235391,75,24
46,1730,452.488539483082,88,42
87,5905,4690.31280557909,90,3
13,5758,413.730717026898,86,73
13,4640,333.398841091491,54,41
7,5612,323.8717337581,73,66
73,1786,1091.76429219594,84,11
29,2159,290.669533388273,54,25
75,8748,5597.76352840632,78,3
52,7465,2429.95692180106,81,29
40,1421,295.550507181431,47,7
91,4563,3823.28899101019,91,0
99,8264,7870.47619047619,99,0
71,5652,3291.43821905715,76,5
60,5839,2487.04126761217,86,26
62,3800,1722.50454142423,92,30
7,4606,265.8148976639,63,56
93,1093,940.148535562058,98,5
14,2957,220.712923938481,57,43
77,5846,3904.83322250811,80,3
9,1905,117.97881787033,68,59
50,6030,1827.35988428462,73,23
21,5438,532.742865666306,72,51
31,9343,1362.2673293029,84,53
49,2958,864.440716084479,88,39
97,3109,2864.01653643614,97,0
58,6038,2411.49588281572,85,27
6,7157,399.33929599179,85,79
45,2001,504.076350118531,68,23
14,9716,725.210270201649,67,53
17,5243,439.208405876939,55,38
73,3283,2006.86571740161,74,1
99,8408,8007.61904761905,99,0
78,3795,2587.10927867767,84,6
71,4717,2746.94162761722,94,23
37,4125,762.97350071736,57,20
8,7183,429.250695297012,48,40
86,1751,1370.8711487473,89,3
21,8224,805.678066796562,82,61
36,3666,651.875855864104,80,44
46,3281,858.158900603465,83,37
78,4136,2819.57417038494,81,3
39,1037,207.446315822369,47,8
66,3725,1899.23355385489,72,6
11,2909,193.886372953087,81,70
50,8430,2554.66730091532,92,42
88,4009,3228.96656644296,91,3
84,5297,4021.92996059233,87,3
87,1461,1160.46520049976,98,11
77,4715,3149.38225181761,87,10
20,3239,305.069828632619,63,43
80,5125,3631.57289908019,85,5
18,3851,335.390026233122,79,61
91,9944,8331.97145005596,91,0
76,4201,2747.45598386345,86,10
93,1820,1565.48063561111,99,6
36,5888,1046.98446244622,76,40
59,2049,845.321491871279,85,26
46,6182,1616.92725496209,85,39
36,1013,180.128271137571,74,38
32,2032,308.316946471084,77,45
15,4820,373.800309679613,77,62
90,3020,2497.94536643468,92,2
51,6522,2048.79939419061,65,14
31,3938,574.18481673925,60,29
62,1885,854.452910680177,92,30
54,1324,462.199942672144,54,0
68,5882,3168.95333345081,85,17
17,9200,770.688028622514,67,50
66,6710,3421.1697037225,79,13
94,8738,7623.35653786954,94,0
10,5980,384.109007367392,76,66
33,4021,634.858383575822,81,48
54,1820,635.350374368052,85,31
52,3658,1190.72771868028,83,31
82,6599,4846.9377270226,88,6
41,4745,1025.9074077787,66,25
38,9844,1893.69062829181,66,28
30,9871,1383.00330931429,69,39
1,3506,169.80532376615,86,85
96,1723,1556.90494930998,96,0
12,2601,179.967984235587,82,70
4,2854,149.509129108702,83,79
48,8711,2454.05731683891,73,25
30,7952,1114.13659362448,65,35
82,1966,1444.01872576548,87,5
21,6630,649.519161340127,81,60
33,9944,1570.01536092464,47,14
16,4455,359.04124954101,79,63
62,1054,477.768364910826,68,6
56,9913,3704.8667253867,79,23
12,3093,214.01037110368,80,68
41,7107,1536.59092667718,74,33
44,2406,583.598443269524,74,30
92,5837,4954.43311974519,97,5
89,2063,1684.13437839893,91,2
13,2555,183.584922195853,73,60
11,4219,281.198558779331,90,79
11,2447,163.093831081541,80,69
44,8207,1990.68679298129,83,39
0,3946,255.038555290364,58,58
37,1493,276.150166441459,68,31
65,3330,1650.12943375463,76,11
61,1849,812.673881868603,68,7
41,9306,2012.03252619358,63,22
84,4178,3172.29061267788,85,1
77,3993,2667.12265779591,80,3
17,2473,207.164292911247,85,68
75,7481,4787.0220571568,77,2
94,7517,6558.11067694728,99,5
72,3244,1936.17641170376,82,10
5,8495,458.911034445795,87,82
72,9993,5964.30668377179,90,18
84,4322,3281.62757970173,87,3
75,3305,2114.83864441963,92,17
46,4951,1294.95419594263,72,26
37,6340,1172.66715019347,66,29
67,5872,3078.54137898323,80,13
3,4672,237.814258248322,72,69
57,3465,1339.02474777841,81,24
53,3642,1227.96967015403,78,25
74,8844,5533.20580962913,91,17
6,3333,185.971478767729,80,74
84,4374,3321.11037334923,84,0
22,4264,434.557443655556,73,51
14,1975,147.415632322793,72,58
76,6074,3972.39886836148,91,15
52,5868,1910.11215232802,58,6
89,2739,2235.98839672063,89,0
3,6835,347.915337141969,80,77
82,3410,2504.63064845386,87,5
93,8790,7560.75537748444,94,1
49,4984,1456.51539180698,61,12
47,4066,1103.88612662244,81,34
54,5188,1811.09766056124,78,24
40,3999,831.74277144162,82,42
17,5395,451.941512436789,76,59
57,8097,3129.02839329345,62,5
27,1719,213.686607861872,69,42
96,9077,8201.98852285938,98,2
45,4027,1014.45050571081,80,35
76,8788,5747.35615000999,77,1
62,5869,2660.36293516284,85,23
83,4841,3616.39427376376,88,5
54,8311,2901.31701174334,87,33
91,5188,4346.96981927698,92,1
89,3666,2992.7467916677,91,2
5,2184,117.982542581473,87,82
85,8087,6237.02659630117,85,0
24,6943,765.899026946442,47,23
3,6365,323.991385648666,66,63
33,9098,1436.44406211709,80,47
95,6552,5808.04901295588,98,3
16,7724,622.499351617231,68,52
73,3720,2273.99953357721,78,5
3,4616,234.963744878907,72,69
47,3361,912.48432650714,50,3
93,3562,3063.86924398175,93,0
0,1404,90.7435711169973,55,55
31,2648,386.094818366057,77,46
51,4995,1569.11269150293,76,25
92,7552,6410.12145285517,92,0
75,3800,2431.58452308459,87,12
24,2145,236.62010842577,77,53
67,1416,742.373057329744,84,17
32,5558,843.319679373171,63,31
63,5669,2648.71767196712,84,21
96,7421,6705.62485712675,98,2
74,5767,3608.09564723329,84,10
59,5774,2382.08213473146,73,14
12,6537,452.307079180328,84,72
30,7489,1049.26671902084,75,45
27,1365,169.681337830981,73,46
98,8921,8364.7008442795,99,1
62,6829,3095.52197720686,76,14
55,4391,1586.40359563443,74,19
15,3408,264.296982445668,76,61
39,1587,317.470880626904,70,31
5,4035,217.975988697914,61,56
46,1633,427.117794783742,54,8
68,5384,2900.65364625963,76,8
51,2154,676.65039789736,72,21
84,1858,1410.75058840486,89,5
62,8112,3677.09390527193,71,9
50,4268,1293.39502257492,76,26
53,8786,2962.36724930623,85,32
4,1670,87.4843187146221,76,72
38,2225,428.023328723006,68,30
31,2029,295.840780386983,81,50
42,3426,769.850056352158,69,27
3,1854,94.3723533374119,64,61
76,1851,1210.55487410884,82,6
85,4277,3298.59808982071,87,2
68,5267,2837.61938240146,69,1
3,9990,508.511224293821,14,11
97,8439,7774.02237085383,99,2
3,7238,368.428852996865,77,74
88,3026,2437.22944127124,90,2
86,7773,6085.54051354239,86,0
12,1608,111.260483910352,85,73
48,6819,1921.04429382672,83,35
60,3427,1459.68323755898,79,19
83,8644,6457.36668093657,83,0
8,7678,458.831524222533,70,62
76,1836,1200.7448670253,93,17
66,2640,1346.03398179246,71,5
22,9379,955.842932468447,76,54
11,1960,130.635026121709,77,66
55,2228,804.943568907657,82,27
43,7158,1671.32627637808,71,28
87,2295,1822.90734780762,87,0
68,3874,2087.1345144149,87,19
88,7734,6229.19117607131,93,5
74,5938,3715.08096987537,74,0
67,3766,1974.41873863264,87,20
76,1459,954.186688992328,83,7
17,3562,298.390299777543,78,61
51,9430,2962.30884501955,73,22
83,1036,773.927797483837,92,9
37,6490,1200.41164112865,74,37
36,8027,1427.33428669426,71,35
43,7697,1797.17775206511,79,36
46,3910,1022.67641004558,84,38
75,1665,1065.41795550943,90,15
2,1518,75.263795026615,78,76
1,3184,154.209968873766,79,78
77,8847,5909.34990070634,87,10
19,5423,491.129002052127,71,52
17,8746,732.656249818751,61,44
35,5221,892.389262215914,91,56
66,8141,4150.78130521682,95,29
69,9792,5417.69544259093,81,12
39,4458,891.799108906576,62,23
98,4405,4130.31131252676,99,1
25,5023,576.557390047467,67,42
73,4200,2567.41882823233,78,5
61,6380,2804.14243716695,85,24
75,9303,5952.90284690946,83,8
81,7182,5183.10955592576,88,7
64,4871,2344.48900528362,65,1
66,6167,3144.31498701291,66,0
23,8908,944.473727902504,50,27
31,6358,927.035821439348,61,30
84,5604,4255.03030001122,92,8
94,5229,4561.97428891277,96,2
4,9834,515.162149844068,87,83
19,7522,681.223004506012,71,52
70,5121,2907.78654800835,79,9
62,2419,1096.51012781716,68,6
88,2366,1905.64602050488,91,3
99,9935,9461.90476190476,99,0
19,6362,576.168672516252,73,54
82,6465,4748.51529098365,97,15
8,8503,508.132905765069,84,76
45,7975,2008.99994612458,64,19
96,9645,8715.2340313957,97,1
25,8945,1026.73817518905,87,62
24,6296,694.526901001699,88,64
29,2149,289.323217809818,73,44
34,3510,576.637103921444,46,12
98,3843,3603.35672509429,99,1
13,2182,156.783679151214,44,31
46,9602,2511.44217116564,64,18
14,9814,732.525071197919,78,64
15,4973,385.665755194339,85,70
37,2487,460.00365970523,47,10
90,2359,1951.20964219185,93,3
94,2511,2190.68989088927,94,0
13,6690,480.69789803924,82,69
38,8912,1714.4017553166,92,54
10,8362,537.110287559554,56,46
65,7369,3651.59273193328,75,10
46,2438,637.668820381361,86,40
80,5735,4063.81864901949,85,5
51,5507,1729.95066909042,55,4
54,1792,625.575753223929,82,28
70,7643,4339.8188999078,71,1
62,5947,2695.71960732892,78,16
97,2466,2271.68375003265,97,0
12,4707,325.686006073398,87,75
50,4573,1385.82367343841,67,17
53,4080,1375.64971285789,84,31
60,7675,3269.06006660787,83,23
73,3031,1852.82058770767,93,20
40,7307,1519.76604924329,82,42
34,1191,195.662333552832,67,33
86,6192,4847.76365108124,86,0
77,4270,2852.14469040534,79,2
66,7083,3611.34798978636,79,13
2,6004,297.68367940698,71,69
4,4406,230.811921111752,66,62
46,6779,1773.07503419411,69,23
57,8102,3130.9606079367,70,13
11,9461,630.58060313137,48,37
33,5213,823.058133195912,57,24
74,9859,6168.23564870348,90,16
28,2943,380.724566456013,76,48
64,3781,1819.85484068515,79,15
33,4313,680.961006804905,67,34
85,7533,5809.75903919089,85,0
61,6955,3056.86687311851,67,6
84,5852,4443.33285433006,86,2
19,1176,106.503357258584,63,44
56,2106,787.092638319821,67,11
51,3321,1043.24789759384,73,22
75,2923,1870.40041078323,85,10
25,5623,645.427474464844,47,22
26,3308,395.135319907011,69,43
17,4512,377.972215776607,78,61
46,5268,1377.86683583635,86,40
82,7988,5867.15238118753,89,7
81,5219,3766.450678415,85,4
43,6275,1465.15400730266,62,19
97,9189,8464.92375468371,98,1
5,5736,309.866238208485,58,53
7,4673,269.681506032003,76,69
59,6019,2483.15766694643,62,3
78,2028,1382.51847619455,81,3
40,8817,1833.8274608154,79,39
73,6230,3808.33792854462,76,3
45,6446,1623.82616335035,67,22
25,3214,368.914085529078,82,57
44,2140,519.077584620441,69,25
39,1745,349.077937425297,73,34
26,1318,157.43299626283,65,39
4,2465,129.131045288349,81,77
71,4868,2834.87637126153,86,15
54,5050,1762.9227420652,75,21
6,2895,161.532382548028,76,70
95,6309,5592.64060176109,98,3
22,8749,891.637681646917,60,38
7,9122,526.435843788558,63,56
5,4856,262.327484787379,76,71
68,5501,2963.6879101178,76,8
33,5752,908.158523334526,83,50
66,9261,4721.82602476514,83,17
75,5464,3496.36258793006,90,15
28,8160,1055.62774797182,58,30
64,9188,4422.32908654196,89,25
26,1125,134.379454321459,69,43
51,6050,1900.52688360215,77,26
55,9250,3341.8886949712,70,15
67,5448,2856.24888159071,79,12
13,8832,634.60744925001,68,55
40,1847,384.153263028925,86,46
61,7344,3227.84044804922,64,3
52,2552,830.70998853802,78,26
39,4164,832.98597790197,58,19
93,3843,3305.57257288654,93,0
85,3726,2873.64425594388,95,10
