"Age","Benefit","NetSinglePremium","Die","SurviveYears"
57,3315,1281.05830848064,92,35
63,9988,4666.67703432839,78,15
30,3195,447.644167081265,74,44
63,4672,2182.89097961376,95,32
27,8486,1054.88339401736,70,43
54,6775,2365.10922326569,81,27
13,2283,164.040852200835,82,69
47,7991,2169.49189322183,81,34
33,1525,240.775686384762,88,55
62,2331,1056.62054896313,84,22
94,2654,2315.44841514142,94,0
39,5830,1166.26038692807,73,34
31,7058,1029.10016164186,85,54
41,1624,351.1219452545,55,14
56,9558,3572.18966622073,71,15
15,3440,266.77864425267,48,33
27,6657,827.52283219109,53,26
82,7908,5808.39271788069,92,10
48,6275,1767.78896374287,79,31
71,8332,4852.1343314197,88,17
24,1275,140.648316197136,62,38
99,6594,6280,99,0
52,3562,1159.47844011459,90,38
5,8898,480.681622660234,64,59
59,8482,3499.27618060136,70,11
74,7487,4684.20532527061,79,5
77,3614,2413.96976841333,84,7
66,1734,884.09959258641,84,18
39,4152,830.585441942599,83,44
2,3516,174.326418520144,89,87
33,4069,642.436896983343,82,49
36,1881,334.473127354168,87,51
27,6158,765.49280466167,91,64
21,1854,181.630245116832,82,61
25,1562,179.291786433236,61,36
92,1666,1414.09723787827,92,0
8,9937,593.827670773549,80,72
96,6685,6040.57433902335,96,0
10,8715,559.784280803817,74,64
15,6727,521.691842990613,69,54
51,9405,2954.45542814516,84,33
81,6512,4699.58360180848,85,4
57,2965,1145.80328345252,81,24
28,2759,356.921195668413,85,57
38,4753,914.334778166493,56,18
97,8554,7879.96058304108,98,1
98,5826,5462.70004694231,99,1
70,2449,1390.58177232424,84,14
82,4587,3369.13219485568,89,7
96,2278,2058.4036416298,97,1
39,2665,533.119027643792,74,35
77,1296,865.662650764713,93,16
73,5265,3218.44288824839,77,4
17,3144,263.374256737955,60,43
70,1580,897.14953053177,79,9
21,1871,183.295678863858,73,52
54,1161,405.297683868851,88,34
76,1990,1301.46093974965,89,13
41,1941,419.659911169326,89,48
75,6098,3902.0532688868,90,15
95,1131,1002.57988914119,96,1
41,6842,1479.29578166951,73,32
53,1584,534.07577087424,80,27
55,1917,692.58385170376,68,13
94,5479,4780.08359704591,94,0
27,6829,848.903923844518,73,46
72,7699,4595.13631125378,85,13
97,9574,8819.58646504972,97,0
47,3471,942.348437163429,86,39
93,3615,3109.45741633746,94,1
59,7156,2952.23064706241,72,13
63,9299,4344.75668224066,76,13
46,3130,818.664236174594,72,26
32,9918,1504.86588341546,80,48
99,7145,6804.7619047619,99,0
40,2598,540.352018055846,92,52
16,7176,578.334457173129,65,49
14,4624,345.139181701567,65,51
3,8371,426.100846703061,74,71
18,2133,185.766534914373,44,26
85,8029,6192.29461378782,89,4
12,1390,96.1766620866845,78,66
94,2439,2127.87441014692,96,2
93,2090,1797.72226836661,96,3
29,1801,242.47143567961,63,34
34,5802,953.176204259891,72,38
23,2426,257.217474617364,83,60
22,8610,877.471761227564,60,38
4,1465,76.7452256987553,67,63
86,4816,3770.48283972986,91,5
10,1401,89.9894179467754,76,66
54,9434,3293.34913834517,83,29
4,7089,371.363075070633,30,26
52,4184,1361.94772415481,74,22
90,8600,7113.35435474775,95,5
57,7227,2792.8230453664,88,31
49,7488,2188.27994659925,87,38
27,7510,933.558129751403,81,54
96,9444,8533.61018066366,97,1
63,5238,2447.34224127074,86,23
9,9579,593.238370803095,77,68
3,9042,460.256105111585,80,77
68,4112,2215.35805969903,82,14
28,6442,833.376709857164,74,46
56,4921,1839.16565677675,77,21
59,5285,2180.34362349425,59,0
15,4495,348.595931952253,85,70
6,1617,90.2237867288983,70,64
83,2482,1854.13976192556,92,9
38,7085,1362.94170067528,84,46
36,9362,1664.71952062186,63,27
93,3834,3297.83118512803,97,4
84,2798,2124.47801203272,85,1
98,3954,3707.43494432027,99,1
30,8979,1258.02722260491,77,47
38,1176,226.227161608205,83,45
26,8401,1003.48604067074,72,46
5,6613,357.242927697474,73,68
46,6541,1710.82516575656,67,21
95,9333,8273.27860774073,99,4
67,5154,2702.11210273835,79,12
68,9093,4898.89368600275,83,15
65,5831,2889.46087934631,66,1
59,3069,1266.12574843971,79,20
75,9250,5918.98864171907,78,3
13,3838,275.772575885591,75,62
4,6052,317.038980156223,74,70
17,4274,358.034851557894,62,45
1,2267,109.797110375888,73,72
25,9285,1065.7645563589,71,46
39,1903,380.684994223691,73,34
74,4762,2979.32225977543,79,5
44,9934,2409.58725496237,75,31
62,1045,473.688748891663,66,4
31,6075,885.772666757477,86,55
2,4880,241.954756080291,74,72
90,7349,6078.60943640014,91,1
97,5020,4624.43326243468,98,1
48,4346,1224.35232453012,75,27
75,1518,971.354027905898,92,17
36,3467,616.490341593248,84,48
74,3060,1914.4741946478,89,15
94,8118,7082.44545369935,96,2
65,3215,1593.14298183817,90,25
31,7743,1128.97740884002,76,45
99,5191,4943.80952380952,99,0
34,3117,512.073462371265,78,44
67,1456,763.344047649793,85,18
79,2705,1880.70922890892,84,5
32,9089,1379.08106617898,85,53
59,2093,863.473832350702,76,17
81,8305,5993.55678946859,84,3
60,4507,1919.69429579175,63,3
4,5733,300.327903707143,71,67
23,3122,331.011111193491,77,54
12,9784,676.972994141094,83,71
21,2287,224.049822320493,32,11
30,4111,575.98283908328,82,52
40,4629,962.775016004816,81,41
89,8911,7274.51354624956,93,4
17,3875,324.610446838287,89,72
22,8335,849.445659678484,78,56
95,1419,1257.87874685354,96,1
98,8945,8387.20424303106,98,0
14,6427,479.716591867641,58,44
30,3490,488.975944636499,84,54
27,8233,1023.43329989924,55,28
9,4936,305.692097117035,28,19
44,9183,2227.42498110725,78,34
82,1114,818.228311547685,88,6
56,9138,3415.21962439056,72,16
52,1992,648.422530238141,77,25
59,3294,1358.95021680039,62,3
83,5974,4462.78442294251,88,5
55,8423,3043.10578137755,67,12
40,7651,1591.31381452859,65,25
6,2901,161.867164688024,53,47
65,9610,4762.08524275734,67,2
68,9724,5238.8477073233,70,2
24,8772,967.660415436294,57,33
73,6545,4000.89434066205,80,7
89,7909,6456.52874394431,89,0
31,7946,1158.57606749875,89,58
8,6349,379.411480501285,61,53
93,4852,4173.46815603578,98,5
30,6688,937.040434879342,76,46
10,2126,136.557817669411,89,79
33,4879,770.324310735249,84,51
35,1755,299.969958856336,83,48
69,4247,2349.77048046198,87,18
25,7615,874.076154730532,71,46
43,3095,722.653649817009,84,41
83,8552,6388.63950200943,84,1
67,8840,4634.58886073089,82,15
47,3711,1007.50649677715,77,30
76,9014,5895.16025673533,86,10
83,1510,1128.0221758693,91,8
30,5178,725.477776884754,83,53
33,8633,1363.02721348174,63,30
3,5149,262.094523912801,78,75
91,3872,3244.30746727843,96,5
93,4155,3573.94068184845,98,5
81,1221,881.171925339091,94,13
94,6369,5556.5527339999,98,4
86,9030,7069.65532449348,91,5
57,5387,2081.76805664713,69,12
26,1504,179.650399377311,61,35
4,2378,124.573478984055,67,63
56,2576,962.749589891671,62,6
27,3508,436.074822792,91,64
41,5759,1245.14241546839,82,41
71,4232,2464.50221922326,74,3
10,2275,146.128426715856,57,47
35,6352,1085.70323570111,77,42
2,8606,426.693162054709,45,43
4,6403,335.426402832171,78,74
15,5457,423.200890025238,27,12
4,8078,423.172650644741,32,28
55,8008,2893.17239668425,60,5
30,6740,944.326036346706,80,50
41,6178,1335.73360700881,92,51
37,6023,1114.0337926838,52,15
36,3530,627.692790834775,74,38
88,9198,7408.33985486216,91,3
16,6544,527.39976139088,84,68
83,3906,2917.91696618906,83,0
40,2161,449.461397620741,84,44
26,3439,410.783060810221,59,33
9,7172,444.170121661947,78,69
65,4844,2400.36846159382,86,21
15,4315,334.636584287869,51,36
83,7370,5505.64465970645,93,10
46,2606,681.609903984343,92,46
57,1311,506.626679462481,66,9
33,4046,638.805525975572,60,27
25,2995,343.776504716736,90,65
68,8434,4543.8545417076,70,2
36,4331,770.123931191334,65,29
82,9271,6809.5104814709,88,6
36,1011,179.772637828317,73,37
5,1606,86.7582249935194,74,69
72,8516,5082.76150495353,86,14
58,5478,2187.83942465461,88,30
20,8709,820.269570102339,86,66
84,4080,3097.88073234221,95,11
79,2571,1787.54285675594,84,5
31,5872,856.174008098749,80,49
9,6346,393.015001682476,89,80
98,6220,5832.13084311383,98,0
39,6140,1228.27423254517,44,5
38,5632,1083.4280392665,55,17
88,7827,6304.09611263385,93,5
2,7307,362.287582516124,87,85
12,4234,292.958264226635,80,68
7,4780,275.856537306436,64,57
92,4119,3496.19839304958,94,2
55,3072,1109.86833199476,71,16
78,1021,696.031244671911,78,0
68,4530,2440.5573955342,91,23
77,4605,3075.9077984348,81,4
97,2537,2337.08908103521,97,0
29,7676,1033.43183802148,43,14
27,9395,1167.87997723228,69,42
88,1094,881.13979139152,89,1
62,7031,3187.08669230362,85,23
49,8189,2393.1389533522,68,19
58,6607,2638.74681976871,80,22
27,1224,152.153815022066,85,58
26,8052,961.798547730125,73,47
38,3015,579.995656674096,70,32
39,6592,1318.69442034817,84,45
15,4626,358.755234974666,88,73
61,7874,3460.78644988284,71,10
91,4872,4082.19679250529,96,5
4,3681,192.832201909296,81,77
56,2331,871.183732157409,79,23
39,7499,1500.13492994401,79,40
73,4848,2963.53487601675,78,5
68,1706,919.114992666963,88,20
23,3464,367.271777442105,51,28
9,4774,295.659252762707,76,67
79,3086,2145.60764525431,88,9
11,2885,192.286760388331,58,47
58,4150,1657.45410958682,67,9
98,5247,4919.80555206082,99,1
55,7747,2798.87694269642,78,23
31,1993,290.591757176568,44,13
44,9875,2395.27623744246,85,41
77,9386,6269.3747222821,79,2
56,3944,1474.0234404242,88,32
1,8127,393.61319630562,60,59
31,2155,314.212361623434,88,57
34,7854,1290.28712655243,91,57
98,1988,1864.03152992127,98,0
46,1444,377.684075730388,82,36
70,3636,2064.5795525402,91,21
26,7531,899.565929328809,88,62
11,4609,307.19226295661,74,63
49,7973,2330.01549335414,73,24
26,2434,290.737414949717,52,26
31,7314,1066.42654891592,69,38
96,4194,3789.70363169244,97,1
0,3794,245.214464970006,63,63
73,7233,4421.46199633439,79,6
31,6470,943.366115871749,80,49
33,6506,1027.20433811099,80,47
29,2712,365.120784876793,76,47
93,4786,4116.69797913999,95,2
40,6719,1397.46928765097,85,45
13,3472,249.474305230529,88,75
84,6528,4956.60917174754,86,2
59,6685,2757.91809329405,72,13
53,5488,1850.38373141277,78,25
27,4582,569.582336953519,77,50
34,5491,902.083856875399,92,58
64,8217,3954.97149587672,83,19
23,7753,822.0144603085,81,58
2,9255,458.871161377682,88,86
93,1430,1230.02049940873,93,0
51,5411,1699.79354829276,61,10
86,1709,1337.98903095895,96,10
49,2592,757.481519976663,83,34
9,4863,301.171124043788,44,35
23,7284,772.28857589154,24,1
57,6722,2597.66936639725,88,31
26,8165,975.296217364191,79,53
41,3201,692.082110073679,43,2
42,6537,1468.91705148104,77,35
55,6990,2525.38399760526,84,29
9,4079,252.617111859883,88,79
38,8994,1730.17609821785,67,29
78,5788,3945.76772199904,91,13
68,5006,2697.00448610247,91,23
86,5272,4127.48869000328,86,0
27,4899,608.988186105476,72,45
27,2953,367.083509607975,58,31
20,3986,375.427087659654,69,49
46,5617,1469.14920594016,57,11
99,9228,8788.57142857143,99,0
29,5522,743.435462422437,76,47
85,1060,817.515542485376,89,4
77,1273,850.299810511944,83,6
29,6378,858.680075938121,74,45
97,8118,7478.31657857464,97,0
56,3661,1368.25553128626,75,19
38,3979,765.440370781502,67,29
41,3309,715.432584265481,74,33
27,5667,704.457246511478,77,50
91,2086,1747.83713242324,93,2
23,4137,438.626831200344,83,60
11,8631,575.260668600239,81,70
60,6208,2644.21171250836,67,7
17,2518,210.933962616466,74,57
20,2479,233.48814608838,87,67
42,8178,1837.66309423466,80,38
32,2793,423.784070616996,72,40
23,4714,499.803452327392,46,23
11,2608,173.82456537011,82,71
98,6837,6410.65571935197,98,0
43,8163,1905.98440822496,64,21
14,5198,387.983016108293,73,59
25,1336,153.350721302691,83,58
51,1393,437.592388240958,53,2
10,8544,548.800561696823,68,58
65,4003,1983.62406105699,81,16
48,4792,1349.99915765033,84,36
47,5374,1458.99755151722,87,40
23,6314,669.443996180558,84,61
67,2229,1168.60843558474,70,3
0,6299,407.118058736443,0,0
18,6078,529.343178251082,74,56
98,3100,2906.68900541043,99,1
78,1098,748.523316992907,88,10
33,6076,959.313488835289,59,26
54,2005,699.932692641728,69,15
35,7293,1246.54182902522,77,42
41,7068,1528.1588109968,92,51
27,7666,952.950282646372,72,45
8,5913,353.356447346684,75,67
45,5027,1266.3627246606,88,43
56,3647,1363.02319655859,89,33
51,9219,2896.0260065997,72,21
85,6079,4688.37451204585,98,13
67,3896,2042.5744571728,89,22
55,3149,1137.68729734749,91,36
46,6272,1640.46712117797,82,36
21,5527,541.461901165442,84,63
21,1283,125.69126455496,70,49
65,4446,2203.14578452645,73,8
83,5453,4073.57942053993,83,0
34,5686,934.119251537701,83,49
51,4849,1523.2487369565,86,35
44,8810,2136.95024322714,69,25
55,7359,2658.69826013979,64,9
79,4563,3172.52355323896,81,2
66,7258,3700.57372721578,75,9
88,2690,2166.60515433564,92,4
19,9956,901.655973525904,58,39
47,6285,1706.3266861343,83,36
88,9094,7324.57519462019,90,2
64,8069,3883.73676527069,85,21
96,2567,2319.54440213507,96,0
32,5782,877.307374259747,79,47
53,2854,962.280460905985,78,25
65,6990,3463.78520779124,71,6
27,1486,184.722687191822,76,49
16,4643,374.192709678768,73,57
0,2690,173.860545801085,71,71
7,5741,331.316397631014,74,67
26,5473,653.741114223419,89,63
75,6327,4048.58823093585,81,6
93,4249,3654.79517621517,97,4
83,5049,3771.77746090337,83,0
91,2752,2305.87142302434,91,0
13,3589,257.881129456328,69,56
36,6119,1088.06010966515,88,52
38,9579,1842.71256891581,92,54
39,9011,1802.60246082484,81,42
82,6427,4720.6044509129,87,5
22,5342,544.41976172795,82,60
19,4396,398.119692609469,65,46
14,1951,145.624252486972,29,15
51,7093,2228.17143560166,84,33
27,4133,513.767743044281,75,48
3,5401,274.921834075168,81,78
9,7254,449.248474977101,64,55
75,9265,5928.58700167862,86,11
68,5116,2756.26746921699,73,5
46,4496,1175.94709451788,83,37
66,1380,703.608672300603,80,14
41,5791,1252.06107448818,84,43
83,6611,4938.64543355757,88,5
47,4670,1267.86724331697,68,21
76,4910,3211.14231867877,82,6
48,7224,2035.14063331929,68,20
63,5519,2578.63341534425,72,9
72,6432,3838.92930951868,85,13
91,7644,6404.82600203416,92,1
46,4024,1052.49357391903,65,19
61,5003,2198.92235315772,84,23
56,4744,1773.01399629118,66,10
62,3417,1548.89421527542,75,13
5,4006,216.409370687446,85,80
63,6362,2972.5069375648,64,1
14,6151,459.115723755696,76,62
8,4921,294.075270994932,88,80
60,4145,1765.50540405077,83,23
31,9327,1359.93443009827,59,28
35,7941,1357.29996767986,56,21
67,4568,2394.88709454962,72,5
35,9074,1550.95578727202,64,29
56,1984,741.496578550107,60,4
9,2632,163.002755188824,70,61
70,6664,3783.92688067324,75,5
52,6157,2004.18550134349,72,20
3,1975,100.531498296326,82,79
29,2219,298.747426858998,73,44
32,2972,450.943880370109,81,49
73,3127,1911.50444663869,81,8
9,6695,414.628968840873,87,78
23,5797,614.628895448004,80,57
42,1758,395.036894065118,85,43
14,9918,740.287717153145,85,71
11,8492,565.996245829362,81,70
8,3200,191.229601134684,66,58
30,1518,212.683519758798,91,61
38,1627,312.986047565092,83,45
99,5626,5358.09523809524,99,0
20,2023,190.539136561836,75,55
80,6530,4627.15532312071,89,9
59,8750,3609.84043624875,91,32
26,1573,187.89233924236,79,53
76,4205,2750.07198575239,91,15
10,6724,431.897820324138,78,68
40,5078,1056.16148871732,78,38
28,1144,147.99487054899,46,18
81,6612,4771.75165466181,87,6
85,3401,2622.99090565355,93,8
13,4858,349.06283836691,60,47
87,2195,1743.47783374193,96,9
72,7523,4490.09098188884,88,16
63,7050,3293.96006127504,67,4
74,4280,2677.76129186032,85,11
84,7974,6054.5345489453,94,10
92,5756,4885.68049293358,94,2
55,7230,2612.09246104235,86,31
87,6044,4800.71983013041,90,3
20,4418,416.11562300059,30,10
50,5645,1710.68765286678,87,37
87,4121,3273.29027464715,92,5
62,8601,3898.7530423131,81,19
67,6143,3220.61983840156,80,13
44,8833,2142.52911446372,77,33
85,6566,5063.96891694244,97,12
6,1215,67.7933833491722,42,36
2,6390,316.82190396579,67,65
44,7481,1814.58850960071,70,26
88,5710,4599.00201905446,92,4
51,1692,531.519254058651,74,23
69,8327,4607.14358154153,87,18
94,6937,6052.09708207839,95,1
24,6530,720.340003739056,76,52
57,7772,3003.43444148162,88,31
91,3672,3076.72960223305,92,1
50,6812,2064.34088420346,74,24
1,6828,330.699016165223,86,85
53,5930,1999.41245030571,90,37
24,7860,867.055502203519,58,34
19,6344,574.538519088825,83,64
56,8091,3023.91573439965,79,23
33,1219,192.46266341182,64,31
55,1656,598.288397715924,94,39
37,9401,1738.83972854398,73,36
67,7970,4178.46982126981,81,14
99,7304,6956.19047619048,99,0
42,3238,727.604927749063,85,43
64,9279,4466.12881954973,82,18
70,4076,2314.41866230854,74,4
94,8485,7402.6299180388,98,4
64,4085,1966.17482787592,75,11
75,2080,1330.97258105683,89,14
92,9589,8139.12269748785,97,5
70,9751,5536.77536216158,87,17
41,2551,551.546848734132,92,51
1,9289,449.892085699877,82,81
36,4900,871.301607674334,62,26
17,8604,720.760847637838,75,58
20,1371,129.129587852831,68,48
46,5295,1384.92879570111,80,34
87,6400,5083.48890020427,93,6
7,8046,464.339267608281,63,56
30,2339,327.711958310823,89,59
16,9207,742.018582384755,67,51
75,3724,2382.9528326229,85,10
81,3157,2278.34542857945,84,3
2,4852,240.566491086387,75,73
55,6927,2502.62302595302,91,36
90,1421,1175.35773698797,95,5
55,4335,1566.17162083245,77,22
51,1212,380.733650070381,87,36
13,3337,239.774123431531,86,73
3,5985,304.648616356208,73,70
49,7592,2218.67272363535,79,30
53,2106,710.078013548705,56,3
4,3042,159.357663191545,68,64
33,2200,347.348531178018,60,27
4,2881,150.923546237621,76,72
71,4311,2510.50781358021,90,19
48,8140,2293.19556412223,74,26
12,5306,367.131920166869,78,66
30,5903,827.055874266262,89,59
88,8564,6897.69759915629,89,1
7,3883,224.090153631985,48,41
69,4850,2683.39694613623,75,6
50,5662,1715.83941373458,65,15
49,7958,2325.63191974316,59,10
86,4119,3224.79626595666,93,7
78,4557,3106.57628008805,78,0
65,1097,543.601197846494,84,19
62,3325,1507.1914737462,69,7
75,8247,5277.17830575753,83,8
37,1802,333.303817767923,81,44
44,2592,628.714532400086,84,40
44,4779,1159.19241911266,74,30
16,4576,368.792987182865,84,68
88,8763,7057.9780548116,92,4
60,8870,3778.05378381913,64,4
38,3593,691.185537124387,43,5
46,6428,1681.26955595217,92,46
34,2032,333.825240788711,58,24
2,3243,160.790834829587,74,72
71,4249,2474.40215724944,83,12
25,4269,490.010650629631,77,52
8,7528,449.867636669345,70,62
55,2083,752.557205581081,79,24
19,3626,328.385351547301,67,48
26,2731,326.213590890583,77,51
94,4819,4204.27502357442,95,1
83,6430,4803.43217936397,89,6
72,1008,601.623249999196,93,21
75,5598,3582.10793690199,76,1
55,6370,2301.38713372611,88,33
24,6285,693.313464548234,74,50
99,9118,8683.80952380952,99,0
33,2976,469.867831266264,85,52
51,1716,539.058534258064,76,25
21,6186,606.021950535449,70,49
13,1795,128.976491327419,28,15
55,5204,1880.12851552758,89,34
82,5932,4357.02903420186,83,1
20,3770,355.082819989186,85,65
60,5795,2468.30007635083,86,26
76,7889,5159.40972546983,80,4
21,9647,945.084668091735,61,40
98,3026,2837.30352592644,99,1
8,8756,523.25199610478,65,57
70,3125,1774.42549551379,76,6
46,2768,723.981663172932,74,28
3,5038,256.444399198426,74,71
71,9626,5605.69432000072,83,12
50,3455,1047.01963519127,79,29
27,4112,511.157260923804,70,43
17,3389,283.898014021924,85,68
37,1949,360.493418884396,75,38
83,3824,2856.66013279748,87,4
44,1195,289.85874468291,66,22
7,2582,149.008698603602,88,81
15,2080,161.308017455103,82,67
30,2098,293.945997664004,82,52
38,2948,567.10686430356,78,40
56,8192,3061.66329207786,84,28
31,3952,576.2261035433,80,49
59,7510,3098.27447728322,88,29
16,5909,476.223286989412,69,53
90,9532,7884.24345458786,91,1
41,2880,622.67931178138,84,43
42,2873,645.586459982414,66,24
65,2215,1097.6086173473,78,13
93,4134,3555.87744374524,98,5
4,6676,349.72773158013,72,68
36,9272,1648.71602170539,69,33
77,1264,844.288264326078,85,8
84,6609,5018.11121569845,94,10
85,5533,4267.2768835581,85,0
72,7320,4368.93074404178,83,11
7,8310,479.574858790059,72,65
88,8488,6836.48496282561,88,0
79,3032,2108.06298781953,83,4
64,8795,4233.17199783811,89,25
78,6371,4343.20769814373,86,8
23,6866,727.969983809901,56,33
39,5076,1015.42671081422,67,28
0,7568,489.136286476806,69,69
63,1454,679.350060864385,80,17
8,5835,348.695225819026,89,81
79,3985,2770.65666440001,85,6
1,6368,308.419937747531,78,77
55,7452,2692.29778972166,89,34
96,7721,6976.70523135367,99,3
88,7266,5852.25020498244,90,2
98,3196,2996.70260041669,99,1
6,8760,488.781924394032,54,48
78,3577,2438.49535963901,89,11
16,2760,222.436329681973,88,72
40,2791,580.493642183936,58,18
7,3838,221.493177862364,44,37
54,4122,1438.96386985995,61,7
68,4039,2176.02898908667,87,19
83,3999,2987.39117966975,85,2
10,9671,621.190336162216,69,59
59,4577,1888.25596305263,60,1
47,9799,2660.34927564519,68,21
77,4282,2860.16008531983,81,4
2,3642,180.573610992709,80,78
0,6007,388.245464173649,79,79
51,7075,2222.5169754521,89,38
85,4984,3843.8655318369,91,6
59,2454,1012.40553492051,87,28
89,5322,4344.62586613625,91,2
40,8269,1719.85020681439,73,33
11,1042,69.4498455198064,85,74
83,5524,4126.61887384239,85,2
18,3126,272.248564529925,77,59
79,8794,6114.21699039742,81,2
50,2382,721.852611005966,80,30
63,2782,1299.82934616556,77,14
23,5582,591.833447367734,85,62
4,3683,192.936973548475,66,62
82,2708,1989.01460293638,90,8
65,3675,1821.08878950398,81,16
13,7996,574.538175294733,34,21
58,6818,2723.01737811156,79,21
32,7782,1180.76893574703,74,42
24,2521,278.097572653317,73,49
32,9713,1473.76107336301,91,59
71,3784,2203.60973476862,74,3
30,2050,287.220827078746,82,52
36,1543,274.371098090101,75,39
73,1906,1165.11911585972,78,5
59,7344,3029.79064729267,78,19
64,5387,2592.84793091005,82,18
10,1687,108.359848733912,83,73
62,2023,917.007022974004,82,20
49,6873,2008.55342854923,73,24
24,2028,223.713557057091,59,35
75,6596,4220.71881954368,93,18
4,1534,80.3598472504373,68,64
36,5612,997.907065769053,81,45
28,4580,592.496946778301,61,33
48,3843,1082.64748807392,78,30
33,1983,313.087335148186,83,50
71,9711,5655.19401013162,88,17
70,6090,3458.00040565727,87,17
45,1879,473.343059406657,55,10
75,4860,3109.8686268924,84,9
83,3939,2942.5691064564,90,7
63,4252,1986.65506106971,94,31
55,5881,2124.71863947304,82,27
19,5310,480.895261091056,84,65
64,6165,2967.31158233905,69,5
73,8010,4896.43447955737,80,7
70,3681,2090.1312796756,86,16
45,5487,1382.2423453775,86,41
16,8677,699.30435965597,79,63
54,2495,870.988562663896,78,24
19,5557,503.264588678531,62,43
8,2366,141.390386338957,62,54
99,8355,7957.14285714286,99,0
49,5073,1482.5245952321,73,24
8,1482,88.5632090255007,82,74
82,4840,3554.95963006355,84,2
14,1173,87.5536894757652,84,70
66,6767,3450.23180105665,83,17
22,9966,1015.66592013867,75,53
78,9968,6795.33736228169,85,7
36,4940,878.41427385943,71,35
27,2793,347.194122023391,83,56
88,4674,3764.57713433635,95,7
53,5569,1877.69442424157,74,21
78,9377,6392.44366433742,92,14
14,4128,308.117331761261,81,67
10,6188,397.469320667128,68,58
35,6401,1094.0784653216,66,31
61,3264,1434.59575468854,89,28
76,3535,2311.89166935427,88,12
63,2646,1236.28628682748,80,17
60,2158,919.170244135477,79,19
44,8483,2057.63324782019,80,36
37,6015,1112.55408650059,83,46
27,8709,1082.60422796338,79,52
7,9876,569.949615572879,78,71
3,8799,447.886913169303,75,72
35,1621,277.066269690097,81,46
33,6828,1078.04353221977,79,46
41,4689,1013.79975449406,63,22
50,2119,642.151839933519,83,33
1,4400,213.104228343143,44,43
13,6163,442.831262423892,85,72
26,2822,337.083395640141,77,51
59,4654,1920.02255889162,63,4
33,9711,1533.22799375897,57,24
76,2797,1829.2393208441,87,11
80,1260,892.835483481178,90,10
2,2879,142.743389908844,73,71
98,1264,1185.17900091574,99,1
14,5189,387.31124866986,69,55
93,5507,4736.8691540167,93,0
44,1074,260.509030786147,53,9
2,9799,485.843166973518,77,75
3,9738,495.683914131455,61,58
15,7552,585.672186452373,74,59
85,5924,4568.83214498431,87,2
31,7765,1132.18514524639,80,49
38,3646,701.381148999586,88,50
52,2543,827.780368672486,83,31
25,3310,379.933299035859,69,44
5,5903,318.887797096354,59,54
34,1596,262.197384005306,88,54
95,6714,5951.65462041908,98,3
67,4010,2102.34177958494,83,16
48,3905,1100.11408819377,83,35
26,8781,1048.87643413043,69,43
4,9929,520.13880270508,77,73
9,9270,574.101649164285,84,75
74,3078,1925.73580755749,76,2
6,4264,237.918507490428,85,79
91,6418,5377.57368930603,92,1
6,6000,334.782139995912,64,58
20,8893,837.599872191997,20,0
63,3173,1482.51564176251,71,8
0,3282,212.122792311955,36,36
84,9353,7101.58786509724,92,8
0,2055,132.819115844323,36,36
84,2984,2265.70492777185,94,10
46,5641,1475.42650359773,59,13
17,1012,84.7756831484765,85,68
98,1479,1386.77194806517,98,0
78,8506,5798.66970340771,79,1
50,1357,411.231735153273,64,14
17,3817,319.751761440449,88,71
87,8390,6664.13623011153,89,2
17,1604,134.367782381577,87,70
98,5203,4878.54932101628,99,1
25,8189,939.961868823156,82,57
53,4267,1438.70032469721,67,14
39,2457,491.50973768135,79,40
42,1359,305.378349848973,92,50
14,2509,187.273833669817,79,65
73,5765,3524.08798684747,86,13
41,3001,648.840491199972,75,34
97,1448,1333.90027171423,97,0
3,1505,76.6075468030231,90,87
90,5771,4773.39162572666,91,1
57,4731,1828.26149545156,91,34
3,6943,353.412755782983,77,74
32,2190,332.290409828579,72,40
43,7920,1849.24617336049,59,16
7,7756,447.603201537388,89,82
86,8207,6425.32239735526,86,0
12,3725,257.739616023669,80,68
11,9329,621.782734025215,90,79
30,6079,851.714833078876,63,33
19,1246,112.84284280969,85,66
17,6689,560.340459071304,82,65
7,8080,466.301427078662,80,73
57,6012,2323.29488705449,84,27
43,7199,1680.89939419472,81,38
90,1407,1163.77785780582,95,5
56,3704,1384.32627366411,85,29
1,5283,255.870372349279,73,72
18,7558,658.238851796919,81,63
60,6659,2836.30892293705,73,13
6,8843,493.413077330642,66,60
22,8100,825.496081991088,76,54
86,8424,6595.21333926169,87,1
97,8521,7849.56092215256,98,1
88,6139,4944.5312425526,89,1
11,3605,240.275137331,85,74
39,1768,353.67896468076,73,34
30,4685,656.404670665329,72,42
41,7511,1623.93899680206,67,26
90,9292,7685.73124003676,94,4
6,2283,127.384604268445,68,62
55,1168,421.981188727174,71,16
67,9076,4758.31770361918,67,0
31,2436,355.183903904726,78,47
89,4996,4078.49508215271,92,3
56,2521,942.193989175816,64,8
50,3927,1190.05676046198,78,28
87,9918,7877.8192050353,96,9
66,5807,2960.76489858667,70,4
13,4160,298.909305806164,76,63
15,5525,428.474421365116,62,47
80,4519,3202.16154750114,84,4
90,4237,3504.56772105421,93,3
54,3046,1063.33914303576,91,37
54,1590,555.05884354132,88,34
11,3777,251.739027378415,74,63
87,3558,2826.10211045731,95,8
57,5108,1973.95047955328,85,28
57,8395,3244.18838603168,68,11
53,8967,3023.39484686194,79,26
99,5642,5373.33333333333,99,0
20,6196,583.579085584349,75,55
96,7154,6464.36332406478,97,1
47,1568,425.699322809639,89,42
39,4077,815.582092196526,91,52
61,3661,1609.08549568467,84,23
88,2041,1643.88145724871,89,1
83,2522,1884.0211440678,91,8
17,1057,88.5453528536953,53,36
13,7796,560.167535592514,78,65
8,9216,550.741251267891,77,69
60,2540,1081.87785917707,90,30
28,8183,1058.60316932027,58,30
65,4752,2354.77930006066,87,22
76,8110,5303.94382983398,89,13
26,5034,601.30326493709,73,47
36,6616,1176.43498701498,88,52
63,5378,2512.75421411875,81,18
26,7250,866.000927849405,66,40
74,2793,1747.42693648735,91,17
94,3591,3132.92210202443,98,4
91,4955,4151.74160649912,98,7
12,6234,431.341950682296,62,50
36,6621,1177.32407028811,84,48
3,9088,462.597598236461,83,80
73,4940,3019.77357415898,82,9
8,2685,160.453587202071,77,69
22,2216,225.839421937315,61,39
31,5980,871.921077729994,51,20
29,1449,195.081127318021,79,50
44,1748,423.994213979687,70,26
59,2437,1005.39213064437,67,8
9,9803,607.110945712782,27,18
52,9228,3003.83690212729,87,35
80,5911,4188.53217687083,85,5
79,5434,3778.10497223329,84,5
17,1431,119.875496625958,66,49
88,6015,4844.65799380255,92,4
49,8652,2528.44525881099,62,13
77,4855,3242.89519248664,80,3
46,1938,506.891785848679,80,34
61,8651,3802.29407898609,69,8
3,6115,311.265879535207,89,86
31,8142,1187.15408275545,79,48
97,5974,5503.25982266628,99,2
22,1996,203.418540698051,87,65
35,3384,578.403612974268,35,0
14,9991,745.736497487101,87,73
74,1578,987.26806508308,83,9
98,6542,6134.05144303066,98,0
2,1942,96.2860935057222,69,67
90,8361,6915.66927442395,91,1
98,8378,7855.56144752535,99,1
7,1847,106.591427699788,66,59
1,2436,117.982250055431,57,56
98,6570,6160.30540824082,98,0
41,5997,1296.5999419281,80,39
32,6741,1022.8171929929,79,47
65,4691,2324.55170382671,90,25
67,4207,2205.62390691118,82,15
94,1883,1642.79930885882,94,0
69,7234,4002.41103264938,81,12
33,3075,485.498515169275,68,35
98,8299,7781.48775996812,98,0
4,9138,478.701619409711,85,81
48,2746,773.601353695288,83,35
30,7699,1078.68934033135,81,51
48,7979,2247.83874768197,74,26
10,6483,416.417841933579,89,79
15,7817,606.223448291605,66,51
23,8675,919.769823703887,73,50
42,6092,1368.92193324499,88,46
45,7333,1847.27230155882,74,29
77,2313,1544.96736976758,80,3
34,7436,1221.61638312247,71,37
81,9939,7172.78277309191,84,3
84,7314,5553.40678341935,84,0
12,3551,245.700235302026,81,69
49,5345,1562.01339671114,77,28
14,2870,214.219172033628,80,66
16,4969,400.465986300624,68,52
86,1742,1363.82498064979,91,5
32,1606,243.679633874292,56,24
14,8187,611.084446494535,69,55
98,3124,2929.192404162,98,0
82,6605,4851.34470177061,84,2
63,6978,3260.31961809607,75,12
64,9985,4805.93773717039,64,0
46,1397,365.391034484316,75,29
46,9665,2527.92007751676,83,37
43,9439,2203.91851393304,56,13
7,4398,253.811098550984,60,53
94,4336,3782.88784026119,94,0
79,2373,1649.87911282841,86,7
86,4773,3736.81781437512,93,7
86,2728,2135.77184110944,87,1
79,9851,6849.11889611155,81,2
78,1814,1236.63141805568,78,0
15,9919,769.237608239021,77,62
38,4762,916.066108484923,88,50
98,2229,2090.00315905156,98,0
69,2061,1140.30538267769,91,22
26,5005,597.839261225692,78,52
75,6662,4262.95160336567,76,1
2,6426,318.606816100809,69,67
71,1952,1136.74582512377,72,1
69,7382,4084.2961353356,87,18
25,6328,726.349823655261,76,51
92,4720,4006.32590803448,97,5
60,4714,2007.86308195303,62,2
6,4742,264.589484643436,79,73
9,4079,252.617111859883,90,81
79,1487,1033.86862232442,87,8
95,5590,4955.27991184728,95,0
57,1298,501.602921390008,82,25
30,5020,703.340757041612,74,44
65,6152,3048.52741034789,85,20
81,2164,1561.71666374594,82,1
25,8983,1031.09994720215,71,46
38,7290,1402.37755792841,72,34
6,2608,145.518636851556,90,84
11,6105,406.90144615971,47,36
61,7879,3462.98405367373,72,11
10,5639,362.205801428884,52,42
16,4271,344.212160895545,84,68
7,3962,228.649288871987,52,45
82,3439,2525.93102640259,83,1
32,4217,639.848702395945,91,59
31,4157,606.116374602606,68,37
4,7653,400.908677319164,83,79
45,2045,515.160487752322,72,27
35,3193,545.757309759704,53,18
82,6315,4638.34092228333,84,2
23,4103,435.021969643464,76,53
34,8994,1477.5709722705,82,48
19,5694,515.671867542838,82,63
34,3434,564.151514206906,72,38
85,8718,6723.67971640331,90,5
15,1941,150.52829898094,77,62
16,5731,461.877755582386,73,57
14,8067,602.127547315429,53,39
5,5143,277.831600959944,77,72
83,4725,3529.73826555128,86,3
92,6430,5457.77025183511,95,3
43,3104,724.755065923101,67,24
85,5209,4017.39477434559,87,2
87,6149,4884.12081989938,91,4
95,5867,5200.827771522,95,0
92,8138,6907.516999912,97,5
16,6769,545.533157832345,75,59
9,9264,573.730062336347,69,60
42,7025,1578.5746193444,81,39
5,5686,307.165172673195,67,62
15,9201,713.555321444423,74,59
79,3563,2477.25211926154,87,8
6,1393,77.7252535023843,88,82
88,9267,7463.91448521501,97,9
13,3932,282.526776545634,90,77
92,8070,6849.79874530472,95,3
23,1134,120.232735455932,67,44
56,5776,2158.71181335959,57,1
19,6228,564.033085889849,79,60
6,5572,310.901014009537,81,75
97,6644,6120.46505888765,97,0
42,2975,668.506689330902,82,40
93,1602,1377.96702101594,96,3
12,7683,531.600931519422,87,75
42,5666,1273.19626949543,62,20
25,4255,488.403681993226,50,25
89,3443,2810.70027378939,89,0
54,6177,2156.35124311619,58,4
36,9300,1653.69488803496,88,52
21,2111,206.807684704224,86,65
29,1272,171.251341579381,45,16
10,7901,507.499208563506,73,63
17,2845,238.326895807723,91,74
19,4050,366.784521171144,74,55
43,9877,2306.18743109615,85,42
80,2540,1799.84295876364,84,4
0,9761,630.874642217244,80,80
83,4169,3114.38705377424,84,1
11,1259,83.9130091261384,77,66
58,5565,2222.58605297607,59,1
22,8135,829.063040370062,89,67
89,7661,6254.07342361327,91,2
41,9249,1999.70866481458,65,24
1,8299,401.94363432267,89,88
5,2323,125.49150476958,76,71
57,2496,964.561549914838,74,17
69,1807,999.772841581066,93,24
82,3353,2462.76438834774,87,5
40,8253,1716.52240377787,84,44
17,5635,472.04641753129,67,50
75,2423,1550.45507879841,75,0
53,3829,1291.02028199335,65,12
52,4042,1315.72483294305,78,26
41,2095,452.95595770208,71,30
43,7815,1824.72965212275,55,12
14,3753,280.127021826553,62,48
33,5226,825.110647243782,70,37
90,8579,7095.98453597453,90,0
80,8945,6338.4233331263,87,7
9,3461,214.343668582264,73,64
80,6267,4440.79363093376,90,10
66,6968,3552.71393376131,83,17
26,7958,950.570397769043,89,63
80,1567,1110.37555763096,83,3
55,6186,2234.91064509101,73,18
19,6005,543.83729620561,82,63
22,1379,140.538160131569,63,41
95,4225,3745.26970081481,97,2
42,7757,1743.06097113943,93,51
57,4161,1607.98902612005,73,16
98,1073,1006.08945251787,99,1
40,1558,324.044820681681,71,31
73,8971,5483.88435906482,90,17
45,2591,652.704559298908,75,30
35,1817,310.567188172058,77,42
35,1497,255.871811058652,71,36
14,7176,535.622570910563,82,68
52,5012,1631.47275178392,68,16
90,2182,1804.80688396042,93,3
35,3671,627.458529322854,59,24
77,1224,817.570281277784,82,5
7,3219,185.770333386907,78,71
20,6401,602.887302586413,53,33
17,3167,265.300976809511,34,17
62,6573,2979.47956599512,82,20
56,1384,517.253661649873,61,5
44,7595,1842.2403061646,83,39
90,5103,4220.86596189277,95,5
30,8193,1147.9025542713,63,33
78,2304,1570.6718782802,81,3
49,3251,950.066520618878,69,20
8,9184,548.828955256544,77,69
73,5598,3422.00252391538,92,19
21,2867,280.870503101379,88,67
2,9826,487.181851074782,82,80
42,6661,1496.78085970862,82,40
94,5660,4937.99473613431,95,1
52,7676,2498.64023198191,73,21
35,4192,716.509440185618,63,28
36,9445,1679.47830295593,69,33
52,4171,1357.71605101571,86,34
18,5149,448.435015599674,76,58
56,5480,2048.0853076888,66,10
47,6843,1857.8191747362,77,30
11,1525,101.642048385513,83,72
83,9276,6929.49251878385,89,6
35,4632,791.715583716551,83,48
65,9350,4633.24630798972,79,14
46,7426,1942.3005168794,66,20
52,6990,2275.33809556456,80,28
5,5014,270.862851878895,47,42
63,2333,1090.04380467442,67,4
20,5873,553.156870503047,60,40
86,8695,6807.38128975313,94,8
97,8710,8023.66807087769,97,0
8,7775,464.628171506928,68,60
93,5210,4481.40335798566,94,1
83,2965,2214.95745129303,97,14
81,8865,6397.69788544721,88,7
38,1797,345.688953579884,81,43
27,9498,1180.68377048986,69,42
68,4363,2350.58541207852,75,7
54,1313,458.359912936952,84,30
55,9575,3459.30640587559,81,26
77,1807,1206.98488420666,79,2
69,5397,2986.03985944273,86,17
39,4866,973.417331525213,82,43
66,1101,561.357353770264,83,17
15,3940,305.554609987069,80,65
98,2979,2793.23437003796,99,1
51,7003,2199.89913485386,81,30
10,2040,131.033841978174,88,78
30,3637,509.571779553853,58,28
52,6050,1969.35557627548,76,24
78,7290,4969.70398987094,88,10
27,4184,520.107485336867,60,33
9,4198,259.986917280655,87,78
52,5718,1861.28515456912,79,27
78,7928,5404.63830338777,78,0
47,2595,704.52151957335,70,23
80,1337,947.397651916139,81,1
14,1193,89.0465060056163,74,60
86,6327,4953.45617254377,95,9
98,5048,4733.21487074576,99,1
73,5660,3459.90251614166,77,4
13,5494,394.761472619968,70,57
44,8413,2040.65407449148,80,36
37,2386,441.322369142211,74,37
84,4186,3178.36488862365,97,13
97,8317,7661.63574575083,99,2
19,9143,828.027377053771,73,54
24,4593,506.66487552427,84,60
36,3478,618.44632479415,78,42
41,5128,1108.71510792185,91,50
73,5355,3273.45900599622,76,3
94,7411,6465.63233029883,97,3
27,5908,734.415636560757,82,55
46,7558,1976.82565399603,89,43
66,5139,2620.17751228464,86,20
50,5445,1650.07870148089,75,25
13,3809,273.688833128769,82,69
60,9864,4201.43433185929,70,10
9,7714,477.736798452351,84,75
71,9403,5475.83042706906,86,15
48,6752,1902.16909692301,54,6
92,1901,1613.56473541813,96,4
65,8731,4326.51053636986,74,9
88,2801,2256.00782055544,97,9
86,2030,1589.30235976985,98,12
63,2954,1380.19262709312,75,12
91,2859,2395.52558082361,94,3
13,1281,92.0439472927155,77,64
36,6199,1102.28544203535,90,54
49,2800,818.267074048864,84,35
17,7213,604.23616852763,64,47
0,4747,306.808925991728,72,72
58,4693,1874.32099669662,85,27
12,1784,123.43824831845,80,68
59,2254,929.894896377679,68,9
24,9519,1050.06378186709,86,62
72,5525,3297.58775421186,79,7
90,6742,5576.53896043132,96,6
95,7781,6897.50143006864,98,3
30,3881,543.75806336225,79,49
56,1878,701.880329897732,65,9
40,4239,881.659816989504,73,33
19,3758,340.339810015101,79,60
46,9776,2556.95257918301,74,28
91,5465,4579.06516236482,92,1
69,5646,3123.80601193509,83,14
22,3299,336.21130549242,22,0
81,1174,847.252940498028,82,1
36,4931,876.813923967783,86,50
83,5483,4095.9904571466,92,9
36,7680,1365.63190753855,36,0
6,6705,374.119041445432,75,69
15,5433,421.339643669987,64,49
89,8333,6802.66203354254,93,4
94,3043,2654.82649859659,94,0
58,8845,3532.5738793483,60,2
19,3231,292.612540223202,85,66
60,7229,3079.09253700434,81,21
68,4563,2458.33629046855,76,8
35,8532,1458.31549228619,80,45
67,4322,2265.91550408132,81,14
82,9051,6647.92140737711,82,0
93,9892,8508.64530080501,95,2
18,9997,870.655438133607,56,38
53,6482,2185.52976439825,72,19
40,6004,1248.75808945624,83,43
3,7725,393.218138905883,83,80
97,4527,4170.28075279717,99,2
68,6507,3505.67482841965,79,11
3,6722,342.163408378685,86,83
32,5966,905.225837916577,66,34
34,1041,171.019722274138,76,42
75,3613,2311.92496892227,85,10
78,1602,1092.1077903667,80,2
28,5648,730.659990262847,80,52
65,4304,2132.77990476874,85,20
10,1300,83.5019581233462,55,45
70,2900,1646.66685983679,74,4
93,8601,7398.18623455559,94,1
34,1997,328.075298157015,83,49
25,5665,650.24838037406,79,54
38,3260,627.126315342472,65,27
91,8469,7096.08469534633,94,3
15,6193,480.279111586274,91,76
74,8090,5061.46935774532,76,2
41,3618,782.240885425358,80,39
60,2593,1104.45247592368,76,16
25,4863,558.192034202834,61,36
70,1361,772.797791806164,76,6
89,7053,5757.73134796298,89,0
91,4625,3875.23812917426,96,5
25,5489,630.046488944963,74,49
63,2807,1311.5100556027,89,26
53,3594,1211.78555588511,86,33
88,1120,902.080956452013,88,0
22,7584,772.90892417536,79,57
22,4946,504.062175497274,75,53
21,3793,371.587658968794,85,64
64,1473,708.978095828941,86,22
92,9549,8105.17078301298,98,6
16,5438,438.264043771945,88,72
28,1328,171.79824133659,89,61
93,3477,2990.75613737354,93,0
67,4085,2141.66238643503,80,13
61,1943,853.988833137206,84,23
31,4569,666.188529121796,78,47
68,8835,4759.89505287961,88,20
20,4174,393.134135446913,88,68
91,7500,6284.1699392015,97,6
96,5858,5293.29610740446,98,2
73,8365,5113.44249956273,90,17
79,7017,4878.71965221955,83,4
99,4487,4273.33333333333,99,0
65,2427,1202.66190261936,85,20
20,8927,840.802210621608,89,69
35,6370,1088.77985066374,92,57
79,2304,1601.90538388397,94,15
19,4625,418.858866769517,86,67
11,8864,590.790240583075,55,44
56,3099,1158.21466578971,60,4
91,9888,8285.04964784325,98,7
34,4820,791.84924242204,87,53
75,6908,4420.3647067022,85,10
89,7802,6369.17906944664,90,1
82,8653,6355.5920824256,88,6
40,2449,509.361852278202,60,20
53,8920,3007.54790164029,79,26
32,9277,1407.60645295878,75,43
78,3908,2664.1430990968,80,2
53,1006,339.192061552705,78,25
99,5290,5038.09523809524,99,0
55,9532,3443.77113950978,83,28
35,3524,602.332840461383,65,30
10,7306,469.281004653206,86,76
26,1527,182.397712665661,87,61
35,9816,1677.78069295373,75,40
15,3822,296.403482073751,31,16
70,1903,1080.55414974807,91,21
21,2634,258.044264098023,74,53
11,6961,463.95429430266,22,11
41,5844,1263.52010348972,68,27
0,5182,334.923921316439,69,69
68,2582,1391.0638400153,88,20
46,2732,714.565716686579,80,34
3,6723,342.214310403139,49,46
14,7401,552.416756871388,90,76
30,3577,501.16531632228,83,53
97,3234,2979.16676707445,97,0
42,1255,282.00870423875,83,41
21,3604,353.071954369505,78,57
13,2827,203.128992190872,53,40
32,2479,376.140605463492,68,36
78,8521,5808.89543178193,85,7
95,6764,5995.97733877192,95,0
40,4192,871.88439556971,59,19
98,4743,4447.23417827796,99,1
27,5029,625.14831351795,78,51
71,7320,4262.79684421414,89,18
53,6452,2175.41469298017,85,32
33,8456,1335.08144529151,88,55
43,9941,2321.13083451725,55,12
50,4525,1371.27752510579,50,0
99,3820,3638.09523809524,99,0
0,9109,588.734465316758,79,79
88,9972,8031.74223012453,88,0
37,3776,698.421318474848,91,54
44,6486,1573.2416887141,80,36
97,2247,2069.94054595433,99,2
71,8928,5199.21451163167,71,0
32,7826,1187.44509009975,62,30
44,9806,2378.53962373273,86,42
44,7478,1813.86083074377,79,35
3,6732,342.672428623224,76,73
92,6261,5314.32341317879,96,4
30,9031,1265.31282407227,74,44
71,6257,3643.75954293003,91,20
34,4946,812.549035896143,77,43
31,2791,406.945105007427,87,56
8,5749,343.555930288531,88,80
58,6984,2789.31554249503,87,29
43,6485,1514.18704977813,50,7
92,4798,4072.53214126048,94,2
14,8173,610.039474923639,64,50
28,1283,165.976764785275,71,43
13,1704,122.43785026291,61,48
89,4541,3707.0548775131,91,2
41,4507,974.449881318985,72,31
94,8390,7319.74838094821,98,4
5,5837,315.322390589771,53,48
8,1036,61.910583367354,87,79
90,1604,1326.72330058319,94,4
94,6886,6007.60278321923,94,0
81,7234,5220.63694340948,83,2
86,4893,3830.76672234182,88,2
10,5078,326.171494884886,68,58
59,3658,1509.11957894834,78,19
30,2436,341.302407201866,76,46
50,4914,1489.16193555135,71,21
95,7542,6685.63883634208,95,0
25,8999,1032.93648278661,86,61
95,4923,4364.01484902042,95,0
92,4698,3987.6523550733,96,4
52,2519,819.968049031063,64,12
20,8632,813.017215423515,76,56
66,6566,3347.749668352,69,3
47,7639,2073.9267391217,89,42
45,7973,2008.49612168668,90,45
5,2956,159.686994446353,75,70
0,1236,79.8853660260745,80,80
33,8487,1339.9759018672,83,50
98,8585,8049.6532617576,99,1
33,7290,1150.98672376716,87,54
72,4454,2658.36305108772,73,1
57,5594,2161.76174287805,70,13
52,9569,3114.83694369918,65,13
49,5328,1557.0453466187,77,28
25,5437,624.077748295457,74,49
66,3808,1941.55204646427,86,20
3,5667,288.461772579888,84,81
61,5570,2448.13062304387,72,11
3,4354,221.627414472002,83,80
74,5985,3744.4862924729,75,1
90,3004,2484.71121879794,92,2
95,8962,7944.40403756267,95,0
9,5205,322.351573236257,78,69
36,5830,1036.67109647783,63,27
65,3326,1648.14729629666,72,7
71,1812,1055.2169237317,93,22
5,8041,434.385359385361,75,70
63,4224,1973.57266650011,83,20
38,9413,1810.77914304254,64,26
49,8769,2562.6371329766,93,44
52,3488,1135.39045455353,89,37
8,3806,227.443706849565,69,61
3,4781,243.36257891379,60,57
7,1242,71.6765312415467,16,9
70,2796,1587.61397934609,82,12
66,1009,514.450108950224,83,17
1,6837,331.134911177743,88,87
48,8554,2409.82737782574,75,27
69,5956,3295.32210539946,87,18
12,9935,687.420962468497,87,75
36,4273,759.810565222944,92,56
12,7960,550.767072093531,50,38
43,9151,2136.67319853811,59,16
49,9838,2875.03981231883,55,6
73,2878,1759.29318753634,82,9
2,4931,244.4833816049,63,61
65,1929,955.885789102905,93,28
71,8953,5213.77324402311,84,13
32,9279,1407.90991452027,65,33
26,7262,867.4343086955,81,55
74,1468,918.447097301623,81,7
6,9568,533.865919246815,55,49
65,1399,693.252575922739,94,29
23,8809,933.97721925159,72,49
81,1790,1291.80814607451,91,10
39,2948,589.731667352308,66,27
1,6832,330.892747281899,68,67
64,5056,2433.53241854116,82,18
86,4948,3873.82663849321,87,1
73,1896,1159.00621388774,73,0
77,7003,4677.65088218,90,13
53,7268,2450.54463555175,92,39
62,5573,2526.18889719927,70,8
51,1209,379.791240045454,79,28
32,6156,934.05468625787,74,42
45,7960,2005.22126284033,61,16
14,3154,235.417166757514,76,62
38,2340,450.145882791836,91,53
23,1755,186.074471538942,80,57
18,1534,133.598623796834,67,49
29,8617,1160.12013395403,67,38
88,3345,2694.16142797499,98,10
54,7424,2591.67097764199,75,21
57,9324,3603.19386674918,62,5
29,2860,385.046255437916,61,32
30,5083,712.167543434763,77,47
71,3567,2077.23993761091,78,7
46,5452,1425.99278454437,79,33
63,5358,2503.40964656903,88,25
82,7441,5465.38318332704,89,7
96,5041,4555.05388825979,97,1
42,3813,856.812102997893,86,44
8,1657,99.0210778375537,73,65
49,4501,1315.36432153355,78,29
45,6100,1536.66453559372,89,44
84,3475,2638.51361394343,86,2
79,1347,936.530621567583,83,4
7,5309,306.38543024265,70,63
1,4952,239.839122444374,84,83
30,6091,853.39612572519,84,54
86,2628,2057.48108447053,91,5
75,2377,1521.02010825581,75,0
59,2865,1181.96489712602,93,34
4,3041,159.305277371956,77,73
69,6523,3609.03057312302,85,16
13,5313,381.756043689459,86,73
12,5476,378.8945335156,82,70
1,1592,77.1049844368828,81,80
41,5623,1215.73811463427,66,25
61,4858,2135.1918432221,88,27
87,2275,1807.02144499449,87,0
49,3980,1163.10819811231,79,30
24,2129,234.855109948002,61,37
38,4865,935.880222129179,88,50
54,3381,1180.28550315296,76,22
22,2925,298.095807385671,76,54
44,4240,1028.45278448162,71,27
67,6202,3251.55204912364,82,15
20,1982,186.677493161423,88,68
55,4382,1583.15202825554,85,30
9,3770,233.480390221074,15,6
1,9910,479.968841563761,49,48
98,9918,9299.52953408408,98,0
61,3786,1664.02559045675,79,18
67,1469,770.159619503809,77,10
82,8287,6086.76662279683,89,7
46,3829,1001.49053045128,69,23
67,6609,3464.93187563014,87,20
45,5161,1300.11896199987,75,30
76,9851,6442.55865199686,78,2
45,6022,1517.01538251564,87,42
20,4306,405.566743467754,68,48
23,9101,964.936618504792,79,56
37,5377,994.547518389635,69,32
84,2851,2164.72009017344,84,0
48,2226,627.107288173966,72,24
6,4379,244.335165173683,65,59
2,8458,419.355189944077,43,41
10,8309,533.705976959141,62,52
41,8456,1828.25564598033,77,36
5,2791,150.773478179896,88,83
30,5342,748.455443051054,85,55
84,5768,4379.55295689948,84,0
14,6335,472.849635830326,73,59
90,5155,4263.87694171217,91,1
89,3753,3063.76942420318,97,8
30,4760,666.912749704795,78,48
56,7526,2812.7536543186,78,22
82,4199,3084.14782781753,95,13
97,9268,8537.69870044712,97,0
8,3299,197.145766919789,72,64
11,4983,332.119558757385,90,79
49,8434,2464.73732233147,85,36
51,2640,829.320821935483,85,34
75,5845,3740.16093090248,79,4
59,6957,2870.13256171229,74,15
22,1766,179.978528493366,81,59
85,6689,5158.83156951385,86,1
37,5137,950.156332893352,87,50
36,6686,1188.8821528389,79,43
42,5683,1277.01630772017,70,28
35,9682,1654.87700378749,83,48
82,9640,7080.53942847368,86,4
15,1833,142.152690382309,87,72
91,6458,5411.0892623151,98,7
32,5154,782.020443952739,77,45
69,1751,968.789289213308,71,2
39,1270,254.056722366835,75,36
31,8874,1293.88422136722,76,45
19,8862,802.578870770045,87,68
63,5724,2674.41523272884,88,25
55,4316,1559.30720081034,87,32
61,7029,3089.39140922358,77,16
46,2302,602.097466988472,75,29
87,8254,6556.11209098219,91,4
37,4112,760.568978169644,73,36
55,7697,2780.81267948036,87,32
90,3440,2845.3417418991,93,3
46,1380,360.944615310205,73,27
2,6100,302.443445100363,83,81
69,3721,2058.74639929339,72,3
23,1670,177.062317646743,67,44
12,8103,560.661505675111,90,78
43,2644,617.349353833981,72,29
18,3782,329.380700912404,37,19
37,1553,287.24796281553,83,46
26,8498,1015.07253584334,73,47
8,6846,409.111827927515,83,75
85,8427,6499.24856275874,86,1
47,7021,1906.14473561637,88,41
30,6987,978.932643316681,87,57
35,9489,1621.88885446597,79,44
26,1289,153.968992551432,77,51
91,7024,5885.33462039351,92,1
92,9906,8408.19161970118,92,0
55,1725,623.217080954088,80,25
56,2339,874.173637716079,77,21
31,9231,1345.9370348705,88,57
10,9184,589.909218003701,67,57
10,4212,270.546344319642,80,70
57,6141,2373.14602485057,83,26
11,9913,660.706639767601,73,62
35,7766,1327.38843332097,58,23
28,7629,986.9343246663,87,59
9,4780,296.030839590645,89,80
48,3566,1004.61122624814,65,17
83,8344,6233.25631486982,86,3
81,9422,6799.67393984022,81,0
0,7508,485.258356087191,78,78
39,4231,846.388970341795,68,29
99,3859,3675.23809523809,99,0
34,8568,1407.58595623901,74,40
68,5178,2789.6702415179,78,10
91,4220,3535.89295245738,94,3
4,4881,255.695185416809,78,74
20,5155,485.531017783622,44,24
52,6644,2162.71048740071,86,34
23,2818,298.779407861389,74,51
92,4481,3803.46321904714,92,0
69,3906,2161.10277765116,82,13
94,7106,6199.5389743764,94,0
53,3953,1332.82924385472,69,16
89,4587,3744.60707402611,89,0
16,8050,648.772628239087,86,70
1,8306,402.282663776852,61,60
4,4873,255.276098860092,67,63
65,3985,1974.70444249615,73,8
72,9078,5418.19034076657,87,15
38,2625,504.971342875457,79,41
26,1143,136.529525590603,73,47
30,6351,889.824133062007,69,39
57,5940,2295.47099619156,89,32
24,1958,215.991688716856,54,30
8,5749,343.555930288531,70,62
82,5491,4033.11639022292,94,12
71,8774,5109.53272010039,84,13
80,6451,4571.17595550562,85,5
39,5906,1181.46378133742,89,50
60,2843,1210.93651718126,61,1
64,4958,2386.36347530203,70,6
12,7633,528.141339358031,85,73
37,4460,824.936197139254,79,42
24,9084,1002.07788575277,75,51
87,2822,2241.50088693382,98,11
38,6921,1331.39301487277,83,45
59,2203,908.854683549257,67,8
37,9693,1792.84900423112,67,30
62,2265,1026.7033648226,76,14
35,4377,748.130205079306,80,45
56,6909,2582.15718810619,62,6
88,1180,950.406721976228,90,2
44,3552,861.57176662234,77,33
33,2415,381.293955815869,85,52
15,8433,653.995438076385,60,45
12,7921,548.068590207646,67,55
8,4483,267.900719339622,45,37
25,8858,1016.75201294853,63,38
48,8326,2345.59536448178,87,39
97,6307,5810.02003708675,97,0
89,7516,6135.70236938746,93,4
65,4452,2206.11899071339,75,10
25,6889,790.743352585507,68,43
54,9293,3244.12693901226,86,32
19,9653,874.215057497545,73,54
9,7600,470.676648721528,63,54
43,9826,2294.27940649497,53,10
82,2200,1615.89074093798,83,1
20,6106,575.102307388321,85,65
67,8471,4441.13147502843,76,9
22,9301,947.893710938162,80,58
37,5525,1021.92208277901,82,45
95,1791,1587.63977139866,97,2
57,8489,3280.51402132494,64,7
86,1860,1456.20807348371,89,3
26,8594,1026.53958261211,90,64
9,3289,203.69151284804,54,45
7,1883,108.669008315485,69,62
58,2785,1112.29149281911,74,16
84,9063,6881.39536206311,88,4
5,8405,454.049116482273,65,60
69,4961,2744.8107731509,92,23
7,7677,443.044066297387,44,37
74,1513,946.601129575856,88,14
82,6300,4627.3234854133,85,3
30,4641,650.239930962175,67,37
57,3043,1175.94583188736,79,22
56,2895,1081.97207404363,88,32
35,8880,1517.79671489702,37,2
77,5469,3653.01623227794,79,2
72,5486,3274.31066418213,76,4
60,8435,3592.77155203093,78,18
34,3328,546.737402236628,82,48
91,6590,5521.69065324505,92,1
86,3446,2697.8994737768,88,2
84,6108,4637.70968459467,89,5
33,9185,1450.18011766822,77,44
93,3332,2866.03377904188,99,6
83,1345,1004.76147453259,85,2
76,8824,5770.90016701049,82,6
73,5990,3661.62828121706,81,8
52,3287,1069.96227755661,72,20
62,4776,2164.91623416898,87,25
46,8125,2125.1268111561,79,33
75,2046,1309.21629848186,88,13
11,5385,358.913069217042,68,57
50,8468,2566.18300167864,79,29
65,1487,736.859599997936,78,13
16,3862,311.249675808615,81,65
72,7791,4650.04636978545,87,15
76,4151,2714.75596025165,85,9
59,1395,575.51170383623,70,11
16,3012,242.745733696414,31,15
1,1028,49.7888969856253,85,84
47,3406,924.701462684713,73,26
78,7249,4941.75366564807,83,5
67,6136,3216.94991509556,70,3
0,4660,301.185926926786,42,42
64,2720,1309.17883275948,69,5
53,6651,2242.51133338672,91,38
3,1528,77.7782933654614,90,87
41,1595,344.851910517813,83,42
51,2439,766.179350265395,84,33
55,5541,2001.88164960383,65,10
37,6165,1140.29857743576,76,39
20,2699,254.209159456449,76,56
62,3899,1767.38031763502,82,20
81,7191,5189.60468068256,86,5
82,9545,7010.76232829681,83,1
8,3534,211.189190753117,29,21
13,1476,106.055321002379,69,56
12,6458,446.84092356533,81,69
41,2495,539.439195449494,89,48
70,3627,2059.46920711312,83,13
54,5784,2019.15745348616,59,5
84,2864,2174.59078858532,91,7
82,7434,5460.24171278769,85,3
24,6438,710.19126249189,64,40
62,5926,2686.20050328421,73,11
11,6358,423.764028613176,57,46
16,1127,90.8281679534722,76,60
43,6478,1512.55261502894,92,49
60,2224,947.28203102748,78,18
4,2605,136.465060030893,48,44
35,2605,445.25455431382,69,34
48,6765,1905.83144856104,82,34
37,7206,1332.84534452589,72,35
36,5811,1033.29258003991,71,35
76,2973,1944.34340395764,90,14
4,7520,393.941363313748,89,85
47,9728,2641.07334967613,77,30
63,3780,1766.12326689641,70,7
58,2324,928.174301368621,65,7
74,6775,4238.74597017609,77,3
38,4627,890.096153708471,87,49
62,6872,3115.01347596508,87,25
17,5313,445.072336529502,81,64
9,7086,438.844043794835,25,16
0,1775,114.722107359452,74,74
64,5151,2479.25741453827,66,2
64,9229,4442.06303218282,72,8
56,2376,888.001950924927,78,22
61,5564,2445.49349849481,67,6
86,5031,3938.80796650351,91,5
63,1380,644.775160930434,89,26
13,6859,492.841088587616,85,72
63,8043,3757.91784011847,80,17
11,2707,180.422967199727,64,53
98,9210,8635.67927091292,98,0
90,2783,2301.91455456547,92,2
34,5471,898.798175371573,58,24
81,1862,1343.7691441289,88,7
10,5893,378.520799400676,81,71
91,8716,7303.04335867737,93,2
30,7960,1115.25745538869,89,59
88,2526,2034.51472856945,95,7
78,1717,1170.50504123572,91,13
97,2086,1921.62704889218,97,0
12,9599,664.172503143946,87,75
64,8399,4042.57096189225,91,27
43,1949,455.073332308029,79,36
28,8674,1122.1219468024,65,37
19,4238,383.81056807983,82,63
41,2856,617.490317516535,87,46
23,9889,1048.48458635248,40,17
3,5273,268.406374945077,51,48
9,4608,285.378683856421,80,71
1,8030,388.915216726237,48,47
18,7516,654.5810016017,73,55
0,3929,253.93980834664,69,69
53,5634,1899.61041231406,90,37
55,4343,1569.06190294702,91,36
46,7101,1857.29544443316,56,10
43,6578,1535.90168287441,82,39
42,9014,2025.51909163992,76,34
65,4070,2016.82486347788,85,20
37,7864,1454.55117809486,81,44
93,3992,3433.73554799976,93,0
16,1773,142.891163958746,88,72
11,9305,620.183121460459,71,60
81,6179,4459.26398580691,88,7
69,7114,3936.01770614704,77,8
97,7988,7358.56033871079,98,1
38,1257,241.809134474076,84,46
16,6072,489.35992530034,82,66
33,1623,256.248484591783,57,24
68,9519,5128.40305697352,87,19
43,5974,1394.87331308782,84,41
1,1720,83.3043801705015,65,64
72,3933,2347.40500222901,81,9
61,6931,3046.31837492227,65,4
89,9336,7621.46318794589,92,3
25,9069,1040.97132596864,70,45
10,9453,607.187700107686,83,73
60,8461,3603.84589232172,65,5
41,4372,945.261788579233,78,37
57,1970,761.292569444002,85,28
21,2911,285.181037505446,55,34
15,5826,451.817552737225,88,73
76,6453,4220.26504733893,84,8
40,4209,875.420186296019,79,39
60,6345,2702.56496711752,76,16
69,9534,5274.9497906109,87,18
28,4278,553.428370811696,87,59
72,1278,762.772334820409,93,21
77,9829,6565.27638454195,82,5
17,2644,221.489037791079,87,70
3,4934,251.150588655227,58,55
46,1032,269.923799275457,83,37
39,9209,1842.21130415448,87,48
42,8404,1888.44713181072,74,32
68,3288,1771.42444073211,88,20
66,3982,2030.26792253696,73,7
23,3614,383.17557842834,84,61
60,2184,930.244584426266,70,10
88,4162,3352.19726852971,96,8
84,3094,2349.22622202618,84,0
11,7020,467.886675191018,64,53
55,1800,650.313475778179,65,10
93,3213,2763.67542979039,94,1
32,2535,384.637529185136,61,29
65,2562,1269.55904182563,70,5
88,3201,2578.17959071687,98,10
84,8016,6086.42449766058,85,1
71,2795,1627.66628136318,89,18
74,1594,997.278387669474,89,15
77,6338,4233.46441400212,94,17
5,2567,138.672704581796,40,35
98,9576,8978.85610187429,99,1
59,7241,2987.29766844311,86,27
25,2786,319.786758644683,65,40
62,2117,959.616345840814,66,4
43,8228,1921.16130232451,73,30
2,6327,313.698307729508,77,75
95,2743,2431.54432883669,96,1
24,3974,438.381496915622,79,55
90,8953,7405.33273698333,90,0
36,6132,1090.37172617531,83,47
97,6867,6325.8930703464,97,0
58,5049,2016.5026022419,71,13
2,1198,59.3979093820057,62,60
70,6564,3727.1452648168,89,19
68,4628,2493.35532594531,87,19
22,4737,482.762338319974,72,50
21,4280,419.297437486537,53,32
86,4494,3518.38660335257,91,5
55,4951,1788.72334365431,70,15
49,9498,2775.67881047004,86,37
48,5731,1614.53363365903,80,32
84,7601,5771.32143297381,91,7
38,3736,718.694452183888,59,21
93,5959,5125.65885033331,94,1
75,2625,1679.71299292028,76,1
9,4727,292.748489277193,78,69
76,4997,3268.04035976331,93,17
66,2429,1238.45323552041,88,22
19,3521,318.876123220642,42,23
62,9005,4081.88247250663,90,28
15,3316,257.162204750539,78,63
74,9892,6188.88193903791,91,17
53,1783,601.172411280789,70,17
21,4895,479.546952452477,79,58
26,5937,709.165173605781,57,31
52,7656,2492.12996561406,82,30
75,4866,3113.70797087622,78,3
32,7508,1139.19470182328,85,53
11,5032,335.385434410428,86,75
79,3373,2345.15054680583,80,1
92,6627,5624.98343062384,96,4
2,2752,136.446616543639,80,78
75,2209,1413.51847670891,85,10
3,9441,480.566012868665,82,79
73,4362,2666.44784017843,87,14
22,6523,664.779128744181,76,54
51,9880,3103.67034875855,72,21
12,6947,480.675734903739,43,31
30,4043,566.455514087497,65,35
61,4986,2191.45050026871,73,12
53,9470,3192.99087763829,78,25
50,9020,2733.4637075037,52,2
6,9268,517.126812247019,73,67
64,6705,3227.2220859016,70,6
62,2463,1116.45491724418,83,21
24,1670,184.221716117033,75,51
74,4767,2982.45048558368,78,4
67,3437,1801.93234325023,75,8
29,2787,375.2181517152,67,38
28,4634,599.482718639879,81,53
99,1566,1491.42857142857,99,0
4,4840,253.547366813635,82,78
23,4079,432.477361485666,83,60
98,7713,7232.02977378408,99,1
80,5140,3642.20189293115,81,1
12,2475,171.249811988881,53,41
85,6419,4950.59647850343,97,12
49,9514,2780.35462232175,84,35
50,5873,1779.7818574467,77,27
11,9869,657.774016732216,52,41
36,3727,662.722671796376,92,56
80,5119,3627.3213015398,81,1
21,3941,386.08672923702,87,66
4,3691,193.356060105192,85,81
71,9760,5683.72912561885,80,9
66,3987,2032.81722932066,72,6
10,6012,386.164440182736,78,68
49,3918,1144.98942718695,49,0
26,9283,1108.83953285876,66,40
36,2101,373.592791372199,86,50
56,6875,2569.45008948185,82,26
14,5921,441.948333662409,84,70
40,7148,1486.69600656782,81,41
92,3199,2715.30436012761,92,0
14,1970,147.04242819033,38,24
84,4349,3302.1282610187,86,2
41,2341,506.14314891674,71,30
77,4029,2691.16884253937,84,7
66,1247,635.797111854241,75,9
5,1442,77.8987300377677,84,79
4,7627,399.546646009834,77,73
69,9977,5520.0518209487,85,16
46,5828,1524.33711451295,81,35
42,1024,230.101126008351,65,23
36,9716,1727.66661635996,77,41
74,5591,3497.98209878295,96,22
10,9752,626.393150476055,75,65
50,1665,504.569520287546,77,27
56,2519,941.446512786149,93,37
6,3894,217.273608857347,75,69
74,5440,3403.50967937386,84,10
1,4323,209.374904347138,40,39
91,8928,7480.67589562546,96,5
86,3638,2848.21772652351,88,2
13,3411,245.091260121352,75,62
31,6997,1020.20598342421,77,46
41,4745,1025.9074077787,61,20
38,8644,1662.84658583446,69,31
94,7042,6143.70299149431,99,5
86,5936,4647.33931408564,88,2
35,3752,641.303296654685,90,55
96,6020,5439.679509487,97,1
19,1855,167.996367104314,81,62
98,7609,7134.51504586063,99,1
30,5051,707.684096377924,78,48
52,9582,3119.06861683829,63,11
40,3489,725.669049652366,64,24
56,4830,1805.15548104688,87,31
96,5552,5016.79412569299,96,0
26,5082,607.036788321472,65,39
38,3456,664.830842277172,80,42
54,4676,1632.36173106869,88,34
58,6573,2625.16767766607,77,19
50,6232,1888.57492518438,92,42
15,4522,350.689834101911,79,64
93,1115,959.071927860654,93,0
28,1124,145.407547637295,61,33
4,9465,495.831782415508,36,32
83,6318,4719.76430936572,94,11
2,4568,226.485517576797,78,76
94,4025,3511.55986094357,94,0
92,3554,3016.62760109207,93,1
24,9961,1098.82186481543,72,48
73,8561,5233.25537821357,74,1
75,9882,6323.39954134788,77,2
36,2023,359.723092311261,71,35
82,1312,963.658478232103,87,5
27,8335,1036.11278448441,88,61
95,7337,6503.91569109544,96,1
16,7110,573.015327550299,87,71
7,6399,369.289954440143,61,54
88,5172,4165.68098818733,89,1
49,5884,1719.52980846554,65,16
25,4291,492.535887058269,87,62
73,7738,4730.16354591947,93,20
1,9036,437.638592570146,68,67
74,8914,5577.0009709446,80,6
81,5230,3774.38916422886,88,7
56,6529,2440.13667406938,76,20
6,7908,441.242860514612,82,76
12,3035,209.997244196466,81,69
14,5882,439.037341429199,84,70
38,4364,839.502834403235,75,37
86,4176,3269.42199724084,94,8
10,7880,506.150330778437,89,79
10,1186,76.1794787186835,68,58
72,1145,683.391489334404,83,11
82,6972,5120.90465719072,84,2
25,7250,832.180186709962,34,9
82,7618,5595.38893839341,85,3
24,9276,1023.25786748599,72,48
69,1229,679.97831892813,70,1
6,6054,337.795179255875,82,76
86,3558,2785.58512121238,92,6
44,5545,1344.9930872525,64,20
46,6959,1820.15476662588,52,6
9,1836,113.705569349043,81,72
24,9886,1090.54843445089,79,55
37,9001,1664.8544193835,69,32
87,8741,6942.93382448211,91,4
98,4389,4115.30904669238,98,0
20,7539,710.071453553971,58,38
95,6779,6009.27415427777,96,1
8,6044,361.184909143135,80,72
26,7568,903.985520270937,80,54
99,1661,1581.90476190476,99,0
70,1750,993.67827748772,76,6
98,6519,6112.48568589374,99,1
99,2326,2215.23809523809,99,0
80,8993,6372.43611344939,82,2
21,9619,942.341600743692,60,39
42,6343,1425.32367409274,71,29
43,3661,854.809373822317,61,18
3,1912,97.3246707557344,86,83
58,9849,3933.55795790858,60,2
11,7239,482.483139844413,72,61
58,4631,1849.55903168592,90,32
43,1866,435.693605996297,73,30
86,9800,7672.49415061308,88,2
28,3888,502.975574033632,74,46
6,6430,358.774860028953,73,67
59,3263,1346.16106782625,74,15
31,5152,751.193543890456,78,47
74,2447,1530.95371055659,83,9
72,7272,4340.28201785134,92,20
33,7869,1242.40254174537,77,44
93,1465,1260.12589624741,94,1
31,5279,769.710931327197,89,58
90,9754,8067.86725304763,91,1
1,3547,171.791067712075,84,83
68,1521,819.445430156185,80,12
68,8517,4588.57115623946,82,14
6,1527,85.2020546289596,75,69
75,1429,914.403758812601,82,7
27,9563,1188.76383419609,69,42
70,2252,1278.72198908705,75,5
52,1933,629.217244452975,63,11
86,6831,5348.04158600387,90,4
76,1239,810.306585100408,86,10
89,5173,4222.98940351801,89,0
10,6309,405.241426000147,87,77
0,9746,629.90515961984,85,85
69,2359,1305.18214349183,95,26
77,9464,6321.47478922627,84,7
80,9481,6718.23271340083,96,16
93,4529,3895.63835092458,98,5
95,3877,3436.78358107905,95,0
10,2912,187.044386196295,82,72
64,9317,4484.41881794857,69,5
45,5767,1452.77776668344,81,36
10,6278,403.250225460283,79,69
79,1879,1306.41502444357,89,10
74,6625,4144.89919592865,78,4
57,6248,2414.49541821631,71,14
80,5465,3872.49675970209,89,9
97,3983,3669.14694905922,97,0
7,5506,317.754413056326,84,77
76,9252,6050.8123691275,78,2
46,3041,795.385924027777,74,28
41,6238,1348.70609267092,74,33
72,1028,613.560219245212,84,12
44,1516,367.720382375976,86,42
39,2459,491.909827007912,70,31
46,1439,376.376305385061,87,41
98,6171,5786.18640399605,98,0
47,1294,351.310538083975,72,25
46,9519,2489.73318343322,87,41
16,6694,539.488692351857,71,55
84,7300,5542.77680051425,87,3
61,7118,3128.5087567013,70,9
75,6273,4014.03413508149,83,8
94,3434,2995.94945651682,99,5
31,7130,1039.59820806268,91,60
11,9805,653.508383226201,54,43
9,8949,554.221753869599,58,49
41,8463,1829.76910264091,70,29
17,5495,460.318556226164,44,27
13,5659,406.617250374299,75,62
47,1440,390.948357682321,87,40
18,1933,168.348200651422,65,47
16,6707,540.536399701808,40,24
44,3412,827.613419964928,62,18
60,2267,965.597286123785,90,30
9,8899,551.125196970116,61,52
96,1701,1537.02572186668,96,0
10,6150,395.028494198907,69,59
35,3630,620.450684130199,84,49
74,8435,5277.31693851444,88,14
32,1930,292.840406835232,77,45
10,1717,110.286816998296,73,63
23,6587,698.388913975505,58,35
29,9566,1287.88548234934,51,22
49,1200,350.685888878085,83,34
7,2297,132.561185396001,53,46
98,2233,2093.75372551016,98,0
13,9638,692.521127249955,66,53
88,9651,7773.19938456998,89,1
7,5799,334.663610845193,58,51
84,5590,4244.40031710612,84,0
52,1264,411.448834448298,54,2
86,6658,5212.59857701856,89,3
8,5976,357.121280119023,84,76
27,9280,1153.58447990586,88,61
13,3060,219.870787443957,41,28
4,5396,282.67388250545,78,74
34,2191,359.946408744127,91,57
17,9499,795.735389552745,80,63
26,4830,576.935790553465,73,47
4,6358,333.069040950639,73,69
36,6129,1089.83827621143,61,25
58,4448,1776.47129625113,77,19
29,1958,263.608590261342,84,55
2,2745,136.099550295163,78,76
52,8873,2888.2796740979,83,31
75,3950,2527.56812268004,75,0
14,5999,447.770318128828,70,56
39,8994,1799.20170154907,69,30
20,1843,173.58558016978,83,63
63,5529,2583.30569911911,85,22
38,2074,398.975453380456,56,18
36,1075,191.152903724471,90,54
12,4608,318.836013593843,79,67
7,9867,569.430220418955,26,19
65,3686,1826.53966751338,76,11
13,1565,112.450255669867,23,10
96,3615,3266.51850943447,97,1
71,2507,1459.94968421378,75,4
83,6278,4689.88292722348,91,8
16,3655,294.566951082468,82,66
10,3663,235.282825081398,58,48
72,1993,1189.51898536547,74,2
4,2394,125.411652097488,32,28
48,6426,1810.32858661541,74,26
79,7264,5050.45169641197,94,15
92,2744,2329.10133297598,94,2
87,5979,4749.09064598771,92,5
94,1297,1131.55109059473,95,1
37,8810,1629.52643425938,69,32
49,9720,2840.55569991249,83,34
20,2751,259.106853525265,83,63
15,5596,433.980608499401,90,75
98,9562,8965.72911926921,98,0
4,5313,278.325859479513,75,71
13,4953,355.888892225464,81,68
46,4399,1150.57634981854,91,45
63,9282,4336.8137998234,80,17
76,4575,2992.05216047971,89,13
14,6458,482.03045748891,39,25
60,3477,1480.9800458105,62,2
87,4702,3734.77575136882,88,1
55,2488,898.877737631171,72,17
63,2481,1159.19360454232,91,28
17,2024,169.551366296953,64,47
41,6390,1381.56972301494,86,45
92,2772,2352.86767310839,99,7
51,2776,872.043409732159,70,19
49,1121,327.599067860277,73,24
80,7405,5247.17996442708,86,6
12,8390,580.519564681498,87,75
46,7364,1926.08416459735,84,38
23,1429,151.510210728859,63,40
86,6728,5267.40210666579,94,8
85,4777,3684.21862872891,96,11
54,6147,2145.87843474748,66,12
25,4136,474.74444858378,31,6
23,2870,304.292725536617,91,68
30,6369,892.346072031479,71,41
26,6896,823.716192889585,76,50
64,8281,3985.77570370636,66,2
35,5213,891.021877788079,78,43
68,2391,1288.16175115282,91,23
99,6572,6259.04761904762,99,0
21,8605,843.003376068144,81,60
92,9468,8036.41815620137,94,2
10,2684,172.39942738697,70,60
18,3842,334.606201191289,79,61
75,6575,4207.28111560031,78,3
82,3781,2777.12858703931,89,7
20,4295,404.530692799351,87,67
40,3455,718.597468199749,83,43
84,3496,2654.45858830107,94,10
20,5475,515.670673591722,55,35
47,3131,850.041186043992,81,34
42,6833,1535.43065821783,73,31
63,2671,1247.96699626463,87,24
74,1505,941.595968282659,84,10
32,5445,826.174101149139,63,31
31,7904,1152.4522070866,66,35
92,2320,1969.21103954237,95,3
49,8561,2501.8515789044,65,16
43,4971,1160.68216259785,84,41
39,6631,1326.49616221613,73,34
96,3523,3183.38719467154,96,0
6,8985,501.336254643878,79,73
2,7676,380.582931900064,36,34
98,9811,9199.20188131669,98,0
43,4512,1053.50994118719,87,44
63,3222,1505.40983225932,68,5
21,6289,616.112519708606,77,56
33,2516,397.24041111086,79,46
61,6514,2863.03821876262,89,28
91,3026,2535.4530981365,92,1
14,7487,558.835867949748,88,74
19,6631,600.53040984836,75,56
34,3486,572.694286116853,80,46
1,1217,58.9426922485467,63,62
87,2663,2115.20795956937,94,7
8,3706,221.467781814106,72,64
76,8556,5595.62804045124,87,11
83,2201,1644.22305237638,90,7
66,7307,3725.55693369602,74,8
96,2141,1934.61027073283,98,2
95,2848,2524.62203737765,98,3
87,1820,1445.61715599559,97,10
17,8544,715.734621364213,34,17
66,4238,2160.79242986229,75,9
88,9275,7470.35792061823,88,0
26,9329,1114.33415943546,78,52
90,9991,8263.89806491684,91,1
20,4809,452.942514941113,78,58
53,5149,1736.08342438855,84,31
48,4411,1242.66408272029,50,2
5,1824,98.5348707273844,83,78
18,4111,358.033860774958,19,1
68,6265,3375.29626556772,89,21
11,8110,540.535745840336,83,72
96,6811,6154.42809619866,99,3
37,5073,938.318683427676,88,51
84,1702,1292.30220746236,89,5
71,1391,810.047870259818,84,13
50,7424,2249.80427544429,74,24
34,8950,1470.34247296209,73,39
12,1416,97.9756500106081,77,65
66,8865,4519.92092749627,87,21
91,7861,6586.64798560839,91,0
1,3138,151.982061031996,1,0
84,4821,3660.51054181907,90,6
16,6149,495.565576526975,84,68
55,4331,1564.72647977516,80,25
51,1693,531.833390733626,69,18
41,7590,1641.01943625718,80,39
9,3296,204.125030813968,74,65
10,2933,188.393263981365,73,63
60,1631,694.701885164487,69,9
69,4061,2246.86082438335,81,12
22,7750,789.82649820135,65,43
36,1505,267.61406521426,73,37
90,3743,3095.96341276987,96,6
75,2661,1702.74905682318,75,0
73,6185,3780.82986967071,76,3
89,2652,2164.96576418514,94,5
39,3465,693.15475826857,79,40
3,2709,137.893584245442,79,76
52,4559,1484.01521855205,70,18
90,6811,5633.61122211476,92,2
55,8428,3044.91220769916,76,21
84,2337,1774.44786065778,86,2
5,2871,155.09518303636,75,70
64,4300,2069.6577135536,92,28
52,1858,604.803745573527,74,22
97,2337,2152.84871201391,97,0
23,1310,138.89319527978,58,35
53,5934,2000.76112649478,84,31
70,7464,4238.17980752477,75,5
22,6211,632.982242623043,22,0
15,5609,434.988783608496,87,72
97,3323,3061.15373128893,99,2
6,5807,324.01331449271,57,51
24,1063,117.26208636671,87,63
72,3792,2263.24936904459,92,20
31,8279,1207.12953219509,73,42
40,9670,2011.24096020017,73,33
75,4944,3163.61944266585,82,7
80,6720,4761.78924523295,89,9
96,5174,4675.23285416706,97,1
9,2709,167.771452814029,77,68
75,4303,2753.44952706132,81,6
53,1757,592.406016051793,63,10
84,8182,6212.46572353529,94,10
80,3615,2561.5875180829,88,8
45,5806,1462.60234322249,65,20
43,7128,1664.32155602444,81,38
7,3233,186.578281404123,54,47
60,2433,1036.30268951882,82,22
38,8163,1570.31659881613,63,25
87,8512,6761.04023727168,92,5
42,2601,584.465848386446,76,34
65,9003,4461.29588351138,94,29
26,9523,1137.50714978067,57,31
3,6530,332.390219683549,75,72
22,6034,614.94362453509,91,69
52,9550,3108.65219064972,67,15
74,8673,5426.22048698704,84,10
83,1654,1235.59515158134,92,9
20,6629,624.361807349685,68,48
85,5029,3878.57138033864,91,6
14,2240,167.19545134332,82,68
16,5541,446.565109698482,73,57
31,3953,576.371909743589,61,30
58,4004,1599.14367585196,76,18
21,8845,866.51538190851,57,36
51,3215,1009.94941004643,79,28
25,2314,265.608958903014,47,22
54,2907,1014.81513092743,84,30
78,2859,1949.02382812634,81,3
40,9812,2040.77521214933,63,23
81,2806,2025.03556306428,85,4
53,7180,2420.87375939207,80,27
33,5860,925.210178501447,65,32
84,3407,2586.88226840439,96,12
29,4846,652.42452931893,65,36
58,8003,3196.29041904177,72,14
53,6656,2244.19717862307,79,26
24,6896,760.714343917999,87,63
30,3791,531.14836851489,76,46
55,4534,1638.06738843237,73,18
99,3788,3607.61904761905,99,0
43,8254,1927.23205996433,74,31
29,6833,919.937434757789,76,47
18,3921,341.486443225155,60,42
37,2143,396.376293827225,81,44
92,5880,4990.93142780567,93,1
90,4430,3664.20462692239,91,1
53,6883,2320.73455235315,88,35
21,8758,857.992279791377,88,67
43,6492,1515.82148452731,82,39
11,3664,244.207518219358,78,67
83,4640,3466.24032849904,93,10
79,8907,6192.78266243687,79,0
40,6639,1380.83027246835,72,32
42,5062,1137.47255845144,92,50
45,9182,2313.05799439698,63,18
59,4259,1757.06404776954,67,8
98,8210,7698.0376562644,98,0
91,3101,2598.29479752851,93,2
99,7657,7292.38095238095,99,0
52,7422,2415.95984911018,65,13
14,7253,541.36991455049,84,70
56,7981,2982.80453296795,93,37
51,3082,968.169232274681,85,34
10,4901,314.802382125015,67,57
10,3645,234.126644122767,54,44
27,6070,754.553641490148,89,62
93,2060,1771.91764250489,94,1
59,1696,699.690214843187,91,32
61,9061,3982.49758983851,75,14
75,3240,2073.2457512616,94,19
51,5205,1635.0813932478,87,36
7,2589,149.41267261221,82,75
52,8616,2804.62275127099,74,22
75,8107,5187.59361280179,75,0
88,2256,1817.04878371048,94,6
3,4516,229.873542433523,67,64
52,9745,3172.12728773629,79,27
18,7329,638.29485906584,84,66
38,9961,1916.1979224314,85,47
82,3045,2236.53968461643,96,14
1,3859,186.90209481277,88,87
39,8147,1629.76387175008,59,20
49,9315,2722.19921241613,74,25
94,1536,1340.06358917002,95,1
3,3341,170.063663700266,64,61
30,1983,277.833609803489,36,6
89,5869,4791.17046380189,92,3
72,6624,3953.52421428043,85,13
84,3116,2365.93048087704,88,4
23,5685,602.754057378282,71,48
24,2018,222.610433008486,64,40
56,3204,1197.45717624725,84,28
87,2367,1880.09659793492,89,2
89,5496,4486.67113120722,95,6
41,1713,370.3644656533,72,31
56,5626,2102.65108413453,83,27
44,6211,1506.53779349419,67,23
6,2823,157.514996868077,85,79
11,5402,360.046128117077,85,74
39,3207,641.543235142079,78,39
36,1045,185.818404085649,85,49
65,4172,2067.36936865595,90,25
19,3288,297.774692743388,63,44
16,2352,189.554437468116,63,47
39,1940,388.086646765087,74,35
49,6652,1943.96877734752,77,28
28,2892,374.126893031189,71,43
66,8180,4170.66589812966,81,15
50,6336,1920.09157990504,76,26
81,1869,1348.82090782863,91,10
8,6056,361.90202014739,83,75
34,9391,1542.79175012145,83,49
46,7828,2047.44525264368,75,29
95,1345,1192.28112369134,96,1
56,9904,3701.5030816332,82,26
76,2521,1648.73519050696,76,0
67,7234,3792.60359938091,68,1
57,9002,3478.7592437233,80,23
7,1322,76.2933770542068,75,68
71,4560,2655.51278819897,91,20
10,8501,546.038573851205,73,63
1,8787,425.578830557091,75,74
32,4996,758.046980595243,85,53
80,6111,4330.25209488371,88,8
62,3165,1434.66496673886,89,27
28,8441,1091.97963488114,90,62
88,8439,6797.01892098084,97,9
96,6747,6096.59761636358,98,2
75,6871,4396.68875213532,86,11
5,8388,453.130754200274,67,62
50,6598,1999.48930622056,87,37
45,3026,762.286374542067,50,5
3,3421,174.135825656573,62,59
19,4186,379.101235956151,51,32
82,7049,5177.46083312355,85,3
86,1216,952.015600729133,91,5
57,1640,633.766402988916,82,25
45,4790,1206.6595287695,76,31
51,6596,2072.04550813881,79,28
1,4921,238.337706290138,53,52
20,5097,480.068205168403,81,61
85,8805,6790.77769017334,91,6
88,3777,3042.10693974933,98,10
77,3110,2077.32318200483,86,9
37,6737,1246.09756953524,89,52
16,2693,217.03660718607,43,27
72,6306,3763.72640326878,88,16
48,4523,1274.21665067873,87,39
8,4657,278.29882890132,54,46
11,5945,396.237362394673,70,59
53,2902,978.464575174901,57,4
63,1768,826.059771394933,86,23
91,1713,1435.30441411362,92,1
45,1751,441.098295381084,91,46
35,3957,676.342522617961,88,53
28,6847,885.769998819001,67,39
91,5302,4442.48920235284,94,3
40,2496,519.137273697996,75,35
50,8532,2585.57786612213,90,40
0,6130,396.19522147236,82,82
3,3667,186.657723672216,81,78
13,1535,110.294659714534,60,47
94,5385,4698.07449718785,94,0
84,8178,6209.42858556241,90,6
87,9724,7723.72594774786,89,2
36,5057,899.218822450838,84,48
69,1638,906.268906756938,86,17
97,1184,1090.70298460611,99,2
30,8546,1197.36057961705,80,50
92,6438,5464.56063473008,92,0
96,3121,2820.13949320746,99,3
29,5953,801.461663853815,91,62
95,2193,1943.99442695547,97,2
7,8992,518.933469342986,87,80
22,4433,451.780756971172,85,63
80,8447,5985.54073727421,82,2
65,5714,2831.48335870088,78,13
41,1007,217.721551029114,82,41
73,3572,2183.52858439188,87,14
90,3221,2664.19934612122,92,2
48,3510,988.834942268922,89,41
17,6148,515.020652170784,49,32
99,1177,1120.95238095238,99,0
45,1607,404.822935852314,58,13
95,6624,5871.87372738397,96,1
46,2545,665.655105771355,86,40
88,7889,6354.03273700887,92,4
99,6941,6610.47619047619,99,0
26,3052,364.556528523639,73,47
19,4020,364.067598792099,90,71
56,5177,1934.84263465419,78,22
64,1924,926.0514978784,73,9
4,8929,467.752983115486,88,84
18,6224,542.058562263036,74,56
7,5254,303.211348746447,74,67
16,7662,617.502593486694,65,49
94,2158,1882.71954780527,99,5
79,3984,2769.96139296604,83,4
83,7898,5900.07890398392,86,3
40,5144,1069.88867624298,70,30
16,2006,161.669303384796,82,66
63,7486,3497.67163385886,68,5
33,6981,1102.20004370625,85,52
37,1367,252.84479405591,87,50
27,3254,404.500420001473,87,60
9,2844,176.132156442635,75,66
65,2833,1403.84885460266,70,5
56,5453,2037.99437642829,60,4
76,3763,2461.00377702408,84,8
99,7060,6723.80952380952,99,0
42,1549,348.072894713804,45,3
67,5553,2911.29773118084,70,3
86,6902,5403.6280232175,86,0
53,3009,1014.54166323269,58,5
83,7537,5630.39943015027,91,8
88,9781,7877.90520987245,93,5
21,1094,107.175559955671,83,62
6,7860,438.564603394645,76,70
70,7519,4269.40969624581,73,3
10,6018,386.549833835613,88,78
1,4174,202.158420250973,76,75
5,3143,169.788979548338,28,23
29,7898,1063.32004386317,81,52
99,1370,1304.7619047619,99,0
24,3768,415.657141514359,80,56
9,3886,240.664402227876,79,70
92,6749,5728.53676977219,93,1
81,6410,4625.97218789809,81,0
87,1629,1293.90678413012,93,6
13,5484,394.042940634857,78,65
16,8336,671.822189938016,73,57
63,1262,589.642212387107,73,10
73,9214,5632.42787698397,83,10
7,8482,489.501077287278,73,66
35,7272,1242.95244490215,83,48
12,5064,350.387494105734,36,24
89,3118,2545.38584190395,95,6
90,4232,3500.43204991773,90,0
63,3675,1717.0642872604,70,7
8,6892,411.860753443826,84,76
90,6041,4996.71786709665,95,5
59,2943,1214.14404615772,86,27
76,6393,4181.02501900477,77,1
59,1084,447.207660902131,70,11
5,8527,460.639716388381,76,71
38,5252,1010.32742582168,87,49
9,1094,67.7526649607042,73,64
7,6549,377.94654033888,45,38
26,7142,853.100500234544,48,22
10,1072,68.8569993140208,79,69
27,2002,248.865962152105,79,52
5,7108,383.983476496847,57,52
39,5463,1092.84399550395,60,21
55,7176,2592.58305676901,85,30
86,5115,4004.57220208019,89,3
1,8588,415.940707502481,28,27
19,1125,101.884589214207,89,70
3,5308,270.187945800961,79,76
9,1387,85.8984883916789,46,37
62,2753,1247.90921119497,86,24
37,1486,274.855423531151,67,30
55,1532,553.489024940094,80,25
44,6765,1640.91582240995,44,0
2,1051,52.1095181640134,81,79
21,2568,251.578462491922,34,13
35,3777,645.57637299167,76,41
60,1056,449.788590272041,66,6
16,8840,712.440997966898,88,72
14,1660,123.903771977639,61,47
87,6120,4861.08626082033,87,0
16,9750,785.780512463491,90,74
79,7712,5361.93329883385,85,6
68,1882,1013.93576565019,89,21
28,2579,333.635289463152,76,48
2,9895,490.602932666901,66,64
75,9255,5922.18809503892,85,10
98,8216,7703.66350595229,98,0
3,1151,58.5882301463652,72,69
76,2361,1544.0951149492,78,2
30,5417,758.96352209052,71,41
24,6471,713.831571852287,88,64
72,6554,3911.74482191938,86,14
4,6236,326.677970960709,42,38
76,4957,3241.88034087387,89,13
92,5595,4749.02403717223,93,1
62,2879,1305.02383546325,80,18
52,4068,1324.18817922126,73,21
22,1266,129.021980222311,85,63
78,8899,6066.58378681228,89,11
53,2524,851.014675307185,88,35
74,9154,5727.1558097405,90,16
23,7031,745.464164894758,70,47
21,8948,876.605951081668,69,48
0,1457,94.1690762944908,72,72
88,8911,7177.18160977133,94,6
61,7500,3296.40568632478,77,16
55,8124,2935.08148734551,70,15
97,2963,2729.52106705059,99,2
91,5193,4351.15926590312,98,7
92,9586,8136.57630390224,97,5
72,1955,1166.83874379804,78,6
90,4228,3497.12351300855,93,3
10,2463,158.204094506001,10,0
28,8750,1131.95377386684,86,58
94,5685,4959.80566694762,98,4
73,1425,871.088531007398,78,5
8,3384,202.225303199929,71,63
84,2534,1924.02690582235,97,13
63,5756,2689.36654080839,82,19
62,9487,4300.36857486623,67,5
46,4531,1185.10148693517,80,34
64,9942,4785.24116003485,81,17
84,3060,2323.41054925666,86,2
75,5698,3646.09700329895,77,2
46,2928,765.83031422339,65,19
58,4858,1940.21977454766,73,15
34,1899,311.975458788268,83,49
93,6481,5574.65934032726,94,1
19,6427,582.05533767085,69,50
29,3445,463.805716777489,88,59
78,2815,1919.02835822863,83,5
86,8603,6735.35379364534,91,5
63,2400,1121.34810596597,93,30
18,6399,557.299604743118,79,61
9,5521,341.921812840994,71,62
92,4899,4158.26072530952,97,5
22,3156,321.637732686898,80,58
60,3929,1673.50319240421,90,30
11,4446,296.328227620978,91,80
72,4865,2903.66776909334,83,11
0,3337,215.677561835769,20,20
90,6081,5029.8032361885,96,6
15,6196,480.511767380681,79,64
4,8479,444.179364300168,61,57
72,6932,4137.35354066907,88,16
15,5706,442.511320960969,80,65
41,3598,777.916723537988,70,29
77,8640,5771.08433843142,82,5
74,3864,2417.49290461408,80,6
14,8309,620.190627326627,76,62
76,1066,697.164503403579,89,13
28,3030,391.979421121889,46,18
10,5444,349.680507710382,24,14
14,2717,202.799125580268,84,70
27,6222,773.448559695503,69,42
80,1509,1069.27678140722,80,0
83,9767,7296.28648457976,93,10
67,8907,4669.71526951697,73,6
8,6890,411.741234943117,86,78
73,2651,1620.53031277236,82,9
47,3388,919.814608213684,71,24
50,5950,1803.11630373027,58,8
58,9686,3868.4579531224,88,30
44,2495,605.186249358879,57,13
28,9312,1204.65754768549,87,59
86,5470,4282.50438814832,90,4
84,5593,4246.67817058578,90,6
41,6707,1450.10768892976,81,40
19,4388,397.395179975057,61,42
24,4972,548.473276966399,79,55
62,7829,3548.81264600271,64,2
96,4428,4001.14632358944,97,1
6,7977,445.092855124565,83,77
92,3736,3171.10881195272,94,2
12,1212,83.8605139921306,81,69
72,8529,5090.52053496344,72,0
28,6727,870.246061348827,84,56
4,2533,132.693281020442,88,84
88,9800,7893.20836895512,94,6
73,8969,5482.66177867042,94,21
92,5700,4838.14781266876,98,6
85,2655,2047.64506160252,88,3
64,1762,848.078346809637,64,0
44,3765,913.236965465402,47,3
22,4982,507.73104697279,62,40
28,5943,768.823003210358,69,41
76,8292,5422.97191578094,79,3
91,1403,1175.55872329329,92,1
53,1276,430.22770431536,82,29
8,7126,425.8444180268,89,81
81,5483,3956.97433794778,96,15
26,9799,1170.47490924087,77,51
92,1127,956.59519032942,92,0
21,9685,948.807402349793,78,57
98,9815,9202.95244777528,98,0
80,4274,3028.55464793536,92,12
96,2670,2412.61533061965,96,0
63,9024,4216.26887843206,69,6
18,8189,713.19369639653,45,27
90,1286,1063.69461630298,94,4
47,4655,1263.79486459112,73,26
83,2570,1919.87880263848,92,9
15,4650,360.616481329917,86,71
15,4247,329.363052947991,71,56
71,3197,1861.77069821757,85,14
29,4187,563.702332698795,85,56
86,6010,4705.27447399843,88,2
28,6535,845.407761396549,82,54
64,3630,1747.17616283711,70,6
99,9319,8875.2380952381,99,0
6,1813,101.160003302098,77,71
74,9408,5886.06968079951,75,1
70,3629,2060.60483943025,83,13
80,8677,6148.51864298903,92,12
54,5740,2003.7973345454,74,20
52,8918,2902.92777342557,72,20
85,6760,5213.58968603882,89,4
52,6791,2210.56094520443,58,6
48,4825,1359.2958964238,69,21
45,3298,830.80649809641,75,30
2,6577,326.093530889359,72,70
82,5776,4242.44769075353,91,9
98,1697,1591.17782005855,98,0
76,7002,4579.31130659649,83,7
87,4267,3389.25736518306,88,1
81,2315,1670.69042355446,84,3
13,6312,453.537389002045,78,65
47,2334,633.662129743429,72,25
84,2180,1655.24019522207,88,4
29,2634,354.619523364849,54,25
34,6072,997.532904561541,71,37
19,6049,547.822115694877,84,65
24,2629,290.011312378251,85,61
58,4478,1788.45289222405,75,17
51,3515,1104.1904125391,79,28
91,6092,5104.42176928207,91,0
92,4200,3564.95101986119,92,0
79,2259,1570.61816935499,81,2
32,6711,1018.26526957059,85,53
9,1877,116.24474600662,84,75
55,5025,1815.45845321408,77,22
9,4945,306.249477358942,79,70
52,1939,631.170324363331,67,15
69,3079,1703.54210250587,84,15
96,4569,4128.5540994761,97,1
31,1459,212.731246222084,68,37
81,6578,4747.21451669168,85,4
88,6426,5175.68948764343,90,2
0,8201,530.048452087247,52,52
28,2495,322.76853323403,65,37
32,1606,243.679633874292,81,49
13,5206,374.067751448772,52,39
48,3849,1084.33780421455,79,31
91,6663,5582.85657398661,91,0
15,4563,353.869463292131,73,58
37,3258,602.610343112038,83,46
30,3223,451.567183255999,78,48
42,6321,1420.38009521366,85,43
37,4090,756.499786165818,69,32
85,6331,4882.72726365558,86,1
17,5632,471.795106217608,78,61
86,2653,2077.05377363025,86,0
63,3255,1520.82836871635,78,15
47,5757,1562.97895498411,71,24
34,7125,1170.52403573797,88,54
77,7725,5159.9104762017,83,6
76,6249,4086.84895100278,82,6
60,8744,3724.38582702531,92,32
4,3716,194.665705594932,81,77
62,6101,2765.52637032348,84,22
9,5122,317.211288783114,66,57
1,3526,170.773979349528,63,62
64,7023,3380.2804935551,76,12
12,3436,237.743173330826,90,78
32,3212,487.359267748583,90,58
92,3965,3365.48352232134,92,0
10,5939,381.475484072733,72,62
52,6489,2112.25592304985,70,18
65,9766,4839.38860361792,88,23
46,7544,1973.16389702912,60,14
63,2481,1159.19360454232,80,17
41,9379,2027.81571708249,75,34
74,5786,3619.98290530463,86,12
37,3770,697.311538837441,82,45
92,9014,7651.06392691162,97,5
69,4079,2256.8198233587,82,13
86,6768,5298.71840932136,87,1
31,7281,1061.61494430637,70,39
62,6062,2747.84803424044,81,19
82,2889,2121.9583411681,85,3
27,3384,420.660547413948,81,54
45,9772,2461.68620357736,88,43
34,6083,999.340029388645,74,40
65,4023,1993.5347483468,76,11
2,2369,117.457134662748,52,50
28,9989,1292.23842824638,86,58
7,4587,264.718396783394,81,74
98,5142,4821.35318252272,98,0
55,1865,673.797017959057,92,37
23,4393,465.76931821685,67,44
66,3214,1638.69440056097,87,21
12,9227,638.433137463193,86,74
57,1096,423.541449802349,65,8
41,6009,1299.19443906052,76,35
46,5692,1488.76576112006,56,10
67,1323,693.615504835629,90,23
6,1128,62.9390423192315,58,52
1,7828,379.13179533412,75,74
44,7440,1804.64356522247,72,28
95,7185,6369.17462730281,96,1
7,9274,535.207850832612,78,71
46,9074,2373.34162269913,55,9
77,2231,1490.19550451858,88,11
91,1014,849.619775780042,96,5
63,1900,887.733917223062,89,26
63,4492,2098.78987166631,77,14
78,1388,946.220732227828,78,0
6,6321,352.692984485693,76,70
14,1084,80.9106559179279,87,73
51,4221,1325.97090507185,52,1
63,5787,2703.85062051045,82,19
25,8322,955.228070869007,75,50
16,5585,450.111196113702,73,57
73,8172,4995.46349150348,80,7
27,2510,312.014767733159,87,60
34,2202,361.753533571231,86,52
58,4094,1635.08846377071,67,9
44,7817,1896.0885415785,50,6
7,1255,72.426768686104,89,82
48,5097,1435.92356146573,81,33
26,3653,436.345019232259,74,48
54,3855,1345.75587537848,70,16
86,6670,5221.99346781523,89,3
59,7302,3012.46341319867,80,21
66,7969,4063.08515185761,93,27
69,8892,4919.74549382338,86,17
56,1501,560.981030445419,77,21
9,8847,547.904777794653,63,54
71,9445,5500.28909748668,88,17
53,4175,1407.68077234845,64,11
42,4089,918.831547117331,83,41
17,2751,230.45247464571,76,59
23,1668,176.850266966926,68,45
23,1356,143.770360915559,79,56
33,8012,1264.98019627194,90,57
99,7617,7254.28571428571,99,0
46,1356,354.667317652636,71,25
13,7665,550.75476658756,42,29
58,7385,2949.46954199968,68,10
62,3964,1796.84421110675,86,24
80,7010,4967.28312635163,90,10
48,3476,979.256484138682,83,35
12,8469,585.985720296497,84,72
84,4950,3758.4582414446,85,1
11,1025,68.3167866197711,80,69
11,6364,424.163931754364,58,47
54,2424,846.202916191296,76,22
63,9036,4221.87561896189,85,22
20,2686,252.984735939245,78,58
1,3117,150.964972669449,77,76
27,5056,628.504647672849,83,56
62,7369,3340.29893835662,84,22
28,1829,236.610680274566,73,45
82,3392,2491.40972420983,90,8
53,7884,2658.24076866951,70,17
48,7194,2026.68905261613,58,10
98,6509,6103.10926974726,99,1
36,2760,490.773966771665,37,1
14,6245,466.131961445996,74,60
24,4524,499.053319588896,25,1
54,6848,2390.59305696287,89,35
96,1092,986.732562186014,98,2
31,8420,1227.68820643588,69,38
2,6575,325.99436910408,70,68
33,1874,295.877794285275,74,41
2,3590,177.99540457546,25,23
11,4519,301.193715838776,74,63
45,9436,2377.04369801023,84,39
66,8544,4356.25543198287,69,3
98,1381,1294.88306982961,99,1
86,9904,7753.91653751754,89,3
28,3941,509.831979749625,87,59
28,2479,320.698674904674,83,55
73,5524,3376.76704932271,83,10
3,5642,287.189221968542,80,77
64,6226,2996.67184292667,78,14
33,8020,1266.24328183986,47,14
62,9990,4528.37378127054,67,5
99,5661,5391.42857142857,99,0
92,5234,4442.60800903654,92,0
1,5474,265.121033170538,73,72
94,4704,4103.94474183318,96,2
7,5939,342.743091017348,70,63
48,5492,1547.20270739058,73,25
88,7853,6325.03727769434,90,2
9,3088,191.243354112116,46,37
29,1512,203.562915462283,68,39
10,7066,453.865258538126,64,54
2,3900,193.365481293675,63,61
93,1499,1289.37113889069,95,2
91,4992,4182.74351153252,92,1
98,2155,2020.61767956757,98,0
41,2747,593.923635230365,90,49
37,6474,1197.45222876223,47,10
20,4355,410.18187826337,79,59
50,3725,1128.84171956223,59,9
89,3764,3072.74929728238,91,2
50,2735,828.827410202065,81,31
90,6382,5278.77063860467,91,1
44,5883,1426.97823846825,61,17
22,1355,138.092245814559,81,59
66,2914,1485.7359935391,90,24
28,6166,797.671653675764,71,43
37,3010,556.739451432546,56,19
75,5031,3219.28993043121,91,16
72,8106,4838.0536354102,76,4
74,8616,5390.55871277302,90,16
69,2423,1340.59191762641,78,9
76,1890,1236.06089252605,95,19
99,4140,3942.85714285714,99,0
40,4548,945.928013132405,88,48
83,4785,3574.56033876463,89,6
21,3959,387.850129675047,77,56
43,9698,2264.39259965278,76,33
22,8208,836.502696417636,75,53
22,5966,608.013533970226,67,45
26,3917,467.879397846361,76,50
51,4634,1455.70935183675,85,34
23,8773,930.160307014893,82,59
58,4701,1877.51608895606,64,6
69,5506,3046.34713101569,79,10
39,7410,1482.33095491201,75,36
91,3870,3242.63168862797,91,0
87,7823,6213.77088535906,88,1
75,2414,1544.69606282269,75,0
89,4277,3491.53792361232,91,2
61,8310,3652.41750044786,92,31
82,3080,2262.24703731317,83,1
28,4222,546.183866658949,76,48
32,2758,418.473493290969,72,40
70,9277,5267.63050300204,70,0
74,4454,2786.62354998735,75,1
26,8993,1074.19949574479,54,28
12,6613,457.565659265643,80,68
1,6317,305.949866009917,13,12
30,8172,1144.96029214025,68,38
24,9900,1092.09280811894,89,65
22,3224,328.567823251762,64,42
93,8375,7203.79138639729,98,5
62,3369,1527.13626317322,81,19
48,2010,566.255907111263,86,38
20,3609,339.918805660735,76,56
99,3038,2893.33333333333,99,0
14,4670,348.572659720225,86,72
90,1530,1265.51536776326,91,1
65,7991,3959.81510664661,78,13
3,7054,359.062880497359,60,57
27,1131,140.593108488527,81,54
60,5447,2320.07429092027,64,4
49,6505,1901.00975595995,89,40
88,8565,6898.50302858169,89,1
45,7806,1966.42678112207,59,14
44,1247,302.471844869949,86,42
49,1082,316.20177647174,81,32
16,2345,188.990287356604,86,70
61,4752,2088.60264285538,84,23
96,1347,1217.1508802789,97,1
35,1194,204.082125854396,74,39
24,1589,175.286411323332,78,54
98,1699,1593.05310328785,99,1
1,4318,209.132740451294,43,42
50,3440,1042.47396383733,74,24
59,9597,3959.27299047763,71,12
46,3363,879.606334266825,79,33
89,3955,3228.67254802121,93,4
55,7965,2877.63713031844,86,31
13,8650,621.530167120991,76,63
1,3883,188.064481512824,75,74
88,8439,6797.01892098084,89,1
39,5738,1147.85627790622,85,46
48,1908,537.520532720542,69,21
75,7046,4508.66961833001,88,13
47,6724,1825.5116368444,87,40
87,4505,3578.29960865941,95,8
55,9347,3376.93336561035,69,14
99,8653,8240.95238095238,99,0
33,6990,1103.62101497016,83,50
61,1663,730.923020847748,83,22
44,7438,1804.15844598451,73,29
98,5115,4796.03685892721,98,0
11,3578,238.47557319565,60,49
44,3535,857.448253099654,86,42
56,7944,2968.9762197591,82,26
46,5445,1424.16190606092,86,40
71,5454,3176.13305851693,93,22
97,8614,7935.23269374747,98,1
70,4836,2745.95894281749,73,3
8,5551,331.723598718323,88,80
86,2337,1829.6549826513,90,4
72,5139,3067.20424776376,80,8
51,2233,701.467195220429,53,2
36,4246,755.009515548004,63,27
26,2196,262.308694835489,66,40
80,5228,3704.55865685682,91,11
55,8329,3009.14496653136,82,27
72,8984,5362.0865853103,82,10
58,2150,858.681044725704,66,8
27,1019,126.670537179318,79,52
27,7217,897.135688737134,91,64
78,1667,1136.41927998832,96,18
5,8335,450.267624732867,80,75
90,3653,3021.5213323132,97,7
28,7799,1008.92656941571,33,5
0,5296,342.291989056708,81,81
17,7422,621.744190047424,44,27
69,5545,3067.92496212895,90,21
80,3721,2636.69907462973,94,14
75,9276,5935.62579898228,77,2
96,3746,3384.89027284689,98,2
88,7658,6167.97853974064,93,5
72,6717,4009.0311212744,80,8
52,9180,2988.21226284444,75,23
3,6048,307.8554438968,88,85
40,1612,335.276155929955,80,40
28,3503,453.169607983491,81,53
32,4971,754.253711076652,40,8
89,7596,6201.01053723618,91,2
5,5133,277.291387852886,89,84
98,5468,5127.02434889814,98,0
90,5336,4413.58823685279,92,2
95,8521,7553.47766169064,97,2
3,6393,325.416642333373,86,83
69,3479,1924.853190847,84,15
59,7749,3196.8746903419,74,15
94,1786,1558.17289730316,99,5
79,9504,6607.85970852139,79,0
79,1007,700.138334015261,80,1
8,9909,592.154411763621,63,55
80,4370,3096.58020858155,85,5
2,6680,331.200362831217,83,81
37,3808,704.340143207686,71,34
90,4461,3689.84578796857,90,0
19,3213,290.982386795774,60,41
36,6422,1141.93855601726,87,51
51,5381,1690.3694480435,65,14
78,9821,6695.12522421434,81,3
27,4810,597.924714261551,72,45
15,8360,648.334147079163,70,55
96,8843,7990.54583096238,97,1
63,8304,3879.86444664227,77,14
90,7632,6312.68842272498,99,9
33,3363,530.969595614397,79,46
59,3510,1448.06170642664,71,12
9,6102,377.903804012995,73,64
9,5549,343.655884704705,87,78
40,1180,245.425473943764,40,0
42,3345,751.648697751888,78,36
39,3470,694.154981584975,65,26
77,4578,3057.8731598772,84,7
11,3225,214.947938389036,55,44
62,2965,1344.00683297969,78,16
16,5006,403.447922604332,80,64
52,2337,760.724625083602,84,32
49,6710,1960.91859530996,83,34
60,5923,2522.81990547471,76,16
45,4653,1172.14755477338,62,17
5,3959,213.870369084273,78,73
70,4166,2365.52211657934,83,13
70,8233,4674.8304334608,71,1
67,4705,2466.71273639579,74,7
37,8785,1624.90235243685,85,48
89,4475,3653.1756390379,93,4
90,5909,4887.53614909354,92,2
75,4838,3095.79103228507,93,18
79,2631,1829.25914279459,92,13
89,9107,7434.51855747892,90,1
3,3032,154.334938144031,62,59
82,6832,5018.07524640376,83,1
41,5574,1205.14391801021,92,51
98,8637,8098.41062571932,98,0
32,9514,1443.56664799502,77,45
94,4458,3889.32518263017,98,4
85,6950,5360.12549082393,88,3
46,7463,1951.97801743482,67,21
49,5897,1723.32890559505,87,38
68,7431,4003.4838865816,69,1
3,8945,455.318608739563,82,79
64,4852,2335.3440060842,90,26
79,3605,2506.45351948859,83,4
36,8441,1500.95038171001,92,56
3,1772,90.1983873321973,62,59
5,6191,334.445934579625,74,69
56,4854,1814.12519772289,61,5
47,2624,712.394785110008,91,44
46,3619,946.564175947558,67,21
1,7024,340.191840882327,49,48
43,7523,1756.55037401401,84,41
28,1261,163.13070958241,80,52
0,2432,157.185445125739,67,67
23,5653,599.361246501219,62,39
81,8257,5958.91612409899,97,16
81,5052,3645.93003014995,87,6
81,4714,3402.00201150571,85,4
64,8524,4102.7354303095,76,12
13,1164,83.6371230669171,83,70
46,8709,2277.87438749027,77,31
5,6761,365.238081681933,20,15
33,3562,562.388849116409,50,17
72,6364,3798.34361408223,73,1
18,7674,668.341485669431,87,69
17,7863,658.686953158568,53,36
84,1728,1312.04360428611,95,11
40,5113,1063.44105785972,87,47
97,6600,6079.93217770296,98,1
59,9840,4059.52341630717,60,1
9,5331,330.154896622956,64,55
38,9831,1891.18981783185,86,48
90,1921,1588.9248506361,96,6
47,2783,755.561999604098,75,28
8,5492,328.197802947402,70,62
54,4675,1632.0126374564,58,4
43,6208,1449.5101318462,64,21
11,3856,257.004418737402,78,67
65,9204,4560.89829077405,80,15
59,3299,1361.01298276396,69,10
6,2992,166.944693811295,86,80
28,6125,792.367641706788,74,46
27,2871,356.890198470876,71,44
6,3315,184.967132347741,80,74
93,6464,5560.03671900562,94,1
31,4291,625.654405441372,77,46
26,4276,510.761374825387,72,46
51,5739,1802.83037768475,54,3
9,6313,390.971274128817,60,51
24,5464,602.746980157765,79,55
7,4493,259.293602953518,60,53
42,2716,610.307283436212,83,41
26,3339,398.838220426091,85,59
33,9312,1470.23160105895,74,41
76,5574,3645.39863224348,78,2
99,3100,2952.38095238095,99,0
46,6227,1628.69718807003,93,47
61,8533,3750.43062952125,86,25
42,8407,1889.12125620333,77,35
52,8843,2878.51427454612,88,36
87,4445,3530.64190022,90,3
7,4834,278.972908229981,62,55
52,2253,733.38150633862,88,36
79,8141,5660.20474401017,89,10
15,2336,181.161311911115,84,69
93,3368,2896.99933007595,93,0
84,1404,1066.03542848247,90,6
92,5419,4599.63561348281,95,3
44,8721,2115.36243713779,77,33
15,6422,498.038503892629,68,53
96,6929,6261.05304339459,99,3
83,4871,3638.80531037043,89,6
0,6385,412.676425628225,73,73
82,8578,6300.50489807544,88,6
72,2867,1711.16454141636,80,8
18,1638,142.656157613569,75,57
95,3939,3491.74375183657,95,0
16,3159,254.592886038171,69,53
29,8425,1134.27087484771,45,16
51,9173,2881.57571955083,82,31
37,7845,1451.03687590974,73,36
13,4504,323.626806093982,53,40
59,7574,3124.67788161692,80,21
57,5546,2143.21248230276,66,9
70,6724,3817.9958501871,92,22
23,7137,756.702850925031,41,18
45,9783,2464.4572379858,84,39
41,4041,873.696909343248,80,39
77,5955,3977.63972631471,80,3
30,1302,182.420252125135,77,47
25,2481,284.77779906585,67,42
40,7468,1553.25206729833,88,48
69,2632,1456.22696128465,73,4
45,7685,1935.94540262914,78,33
47,4705,1277.36946034397,69,22
16,1796,144.744800039429,82,66
11,3703,246.806888637085,72,61
67,5958,3123.62900817134,79,12
24,4861,536.228600026884,64,40
65,2364,1171.44323765644,67,2
0,3358,217.034837472135,77,77
74,3341,2090.28048507134,82,8
23,7124,755.324521506224,76,53
6,5181,289.08437788647,67,61
6,3674,204.998263724164,68,62
64,4740,2281.43664238234,95,31
18,6235,543.016570647498,21,3
35,6668,1139.7149206006,43,8
9,6515,403.481364002731,82,73
7,2131,122.981230334731,64,57
0,1323,85.5083650910167,58,58
8,6223,371.881814956606,90,82
87,6288,4994.52784445069,90,3
51,2529,794.451651013196,91,40
97,5758,5304.28022412328,97,0
9,5304,328.482755897235,80,71
41,7031,1520.15911150517,87,46
30,7014,982.715551770889,75,45
47,4176,1133.75023727873,84,37
75,5182,3315.91342069062,75,0
23,8068,855.412442379592,84,61
99,8395,7995.23809523809,99,0
55,2666,963.186514680347,75,20
13,3310,237.834087071732,77,64
49,6401,1870.61697892385,64,15
13,8885,638.415668771098,83,70
0,6562,424.11632027759,78,78
24,6083,671.030358766413,77,53
89,8111,6621.43186776233,91,2
74,7254,4538.43000260625,75,1
30,9721,1361.98715123536,59,29
3,5729,291.617698096026,49,46
95,6045,5358.61664885811,95,0
33,2024,319.560648683776,80,47
17,4365,365.657961406225,52,35
52,9700,3157.47918840862,56,4
84,8785,6670.31427294763,92,8
82,4783,3513.09336995743,92,10
47,1623,440.631378137783,87,40
54,6186,2159.4930856268,65,11
55,7151,2583.55092516098,94,39
55,6400,2312.22569165575,84,29
69,6929,3833.66132778927,88,19
60,7210,3070.99974986876,92,32
89,8852,7226.34877246112,93,4
82,9031,6633.2314915504,82,0
97,2041,1880.17296586238,97,0
80,4324,3063.98462743858,85,5
40,8907,1852.54635289585,51,11
2,2003,99.3105279567258,86,84
32,8445,1281.36644338007,76,44
2,5685,281.867374655011,65,63
92,2365,2007.4069433266,93,1
21,9193,900.607790377042,78,57
5,5449,294.36212203592,74,69
10,6746,433.310930384687,10,0
42,7191,1615.87616906841,74,32
97,6314,5816.4684500025,97,0
73,3878,2370.58338473452,87,14
51,2457,771.833810414955,85,34
54,5746,2005.89189621914,75,21
73,4734,2893.84779353616,85,12
33,4361,688.539520212425,67,34
25,3747,430.093677186514,78,53
75,1086,694.921261071018,78,3
62,6610,2996.25132074057,84,22
97,3589,3306.19342208726,97,0
17,1327,111.163371085008,61,44
57,4661,1801.21049044594,80,23
81,6879,4964.44035578018,92,11
59,1447,596.964469857365,64,5
23,1221,129.456940027948,83,60
62,1475,668.603736473878,90,28
86,9836,7700.67882300308,97,11
48,4714,1328.02504782214,80,32
9,4445,275.283908364104,86,77
72,6721,4011.41851512361,72,0
94,6092,5314.88762058838,94,0
5,3899,210.629090441925,81,76
9,7416,459.281319331428,12,3
94,7914,6904.46825826271,95,1
50,6154,1864.93743414388,71,21
72,1739,1037.91947594107,84,12
3,2120,107.912291842132,64,61
70,3025,1717.64387965734,72,2
0,4827,311.979499844548,85,85
8,2676,159.91575394888,36,28
89,7490,6114.47721483663,91,2
2,2768,137.23991082587,77,75
78,7890,5378.73312483974,85,7
83,4609,3443.08225733881,88,5
79,3134,2178.98067408523,85,6
42,5288,1188.2565960275,87,45
80,9373,6641.70395767387,81,1
71,5711,3325.79682750095,77,6
47,1643,446.061216438926,69,22
89,8996,7343.90347458882,91,2
58,9045,3612.45118583441,78,20
52,4902,1595.66628676073,79,27
0,1795,116.014750822657,53,53
1,5158,249.816274953167,31,30
78,3845,2621.19503992507,96,18
28,3703,479.042837100447,63,35
6,1218,67.9607744191702,67,61
49,8930,2609.68748973441,82,33
19,4722,427.643582461764,61,42
27,4658,579.029796056196,80,53
10,4914,315.637401706249,68,58
38,9421,1812.31810332559,78,40
39,6762,1352.70201310594,76,37
16,5040,406.18808028882,73,57
54,3719,1298.27914410703,92,38
26,3792,452.948347366199,85,59
45,1297,326.730147977879,72,27
47,4801,1303.43268418946,88,41
3,1284,65.3581993987254,86,83
99,7509,7151.42857142857,99,0
5,2399,129.597124383221,62,57
62,1436,650.92540039084,85,23
55,7500,2709.63948240908,76,21
80,3591,2544.58112792136,88,8
18,4704,409.679221864608,54,36
64,1323,636.780733728235,83,19
47,5220,1417.18779659841,81,34
40,8315,1729.4176405444,61,21
75,7235,4629.60895382027,97,22
68,3950,2128.07984820311,79,11
18,3297,287.141240324748,68,50
53,1537,518.228825652593,89,36
43,8260,1928.63300403505,56,13
76,8980,5872.92424067931,86,10
29,3942,530.717601026665,86,57
40,5695,1184.48989331334,42,2
77,1457,973.202532534095,78,1
90,6768,5598.04445034102,96,6
86,4745,3714.89640251623,92,6
1,8903,431.197032940683,69,68
79,9095,6323.49369202462,84,5
90,6252,5171.24318905616,94,4
20,9671,910.876910375442,51,31
77,7685,5133.19249315341,88,11
55,8455,3054.66690983583,73,18
47,9562,2596.00569177664,77,30
67,5749,3014.05558374908,92,25
9,6680,413.700001771027,81,72
61,6169,2711.40355719168,76,15
85,5859,4518.70147492625,90,5
43,4083,953.342440130161,85,42
6,2380,132.796915531712,68,62
69,1829,1011.94495143983,93,24
67,8447,4428.5488808364,79,12
67,2845,1491.5616865135,75,8
10,2293,147.284607674487,71,61
2,3411,169.120424793006,77,75
49,7928,2316.86477252121,60,11
29,3644,490.597396788729,81,52
13,4245,305.016827679608,83,70
11,3647,243.074459319322,64,53
0,3297,213.092274909359,78,78
6,5880,328.086497195994,71,65
16,8552,689.230250521823,74,58
49,9299,2717.52340056442,74,25
13,7516,540.048640009406,68,55
27,3877,481.944722908947,90,63
88,3963,3191.9168128744,94,6
53,3341,1126.48178692603,82,29
3,7314,372.297406855356,86,83
10,2230,143.237974319278,83,73
11,9403,626.714872766544,77,66
17,3611,302.495051234337,68,51
88,5539,4461.27358731045,95,7
58,5999,2395.91980805093,70,12
59,9157,3777.74958568341,78,19
45,5088,1281.72937001654,83,38
2,2055,101.888734373975,79,77
75,1975,1263.78406134002,95,20
11,3200,213.281675300749,85,74
9,4964,307.426168980746,78,69
30,8308,1164.01494213181,65,35
16,6099,491.535932873316,75,59
22,2019,205.762541918519,67,45
66,4257,2170.47979564034,92,26
77,3443,2299.75039088187,95,18
81,1304,941.07140920735,81,0
85,9417,7262.77722979697,87,2
29,5819,783.421035102528,84,55
61,5587,2455.60247593287,83,22
8,2255,134.757109549598,77,69
1,4813,233.106966139897,64,63
9,2629,162.816961774855,38,29
19,6978,631.956145365986,69,50
63,6350,2966.90019703497,81,18
61,4209,1849.94287116547,93,32
0,2086,134.822713212291,74,74
3,2092,106.487035157425,88,85
56,6662,2489.84385398226,85,29
34,9691,1592.07697267884,89,55
52,7091,2308.21494072222,69,17
28,8639,1117.59413170693,55,27
4,5496,287.912464464409,60,56
16,6920,557.702681666395,36,20
8,6913,413.115697701273,23,15
17,3027,253.573115504386,59,42
25,5122,587.920953976335,80,55
59,6271,2587.12107151039,80,21
78,5518,3761.70461126308,87,9
3,5827,296.606096492502,67,64
94,2518,2196.79695151699,96,2
74,4418,2764.10032416797,78,4
2,1715,85.0312308765775,82,80
92,1189,1009.22065776547,97,5
47,6187,1679.7204784587,62,15
95,1059,938.755174713108,99,4
95,7132,6322.1925458488,97,2
99,4510,4295.2380952381,99,0
1,4593,222.45175472274,67,66
30,5514,772.553970981563,52,22
97,5868,5405.61242708499,98,1
72,9117,5441.4674307963,84,12
77,2510,1676.55343628042,88,11
44,9676,2347.00687326513,76,32
66,4552,2320.88889587851,81,15
6,9008,502.619586180529,86,80
72,3847,2296.07603447114,87,15
78,6464,4406.60721406389,91,13
82,8756,6431.24514893315,92,10
34,4093,672.414719757969,86,52
15,7644,592.806964147502,86,71
37,3936,728.015442139037,84,47
1,4525,219.158325739255,66,65
34,3036,498.76645228077,37,3
28,5899,763.130892804628,53,25
43,1967,459.276164520212,66,23
48,7572,2133.17896947586,93,45
22,5330,543.196804569445,84,62
26,4557,544.326376304791,67,41
30,4796,671.956627643739,67,37
83,4103,3065.08277323956,86,3
6,9882,551.386184573267,86,80
57,7273,2810.59942008438,67,10
89,3995,3261.32663194557,89,0
75,6570,4204.08166228047,83,8
71,5775,3363.06718242304,79,8
98,2461,2307.53601365002,98,0
54,1176,410.534088053203,79,25
24,4487,494.971760609057,82,58
43,6169,1440.40399538647,48,5
15,4105,318.350678679421,77,62
20,6853,645.459566415356,87,67
98,1835,1720.57236288005,98,0
50,9845,2983.4756319705,93,43
42,7956,1787.77788918207,78,36
10,8135,522.529561025709,78,68
60,9766,4159.69258768632,77,17
88,2116,1704.28866415398,89,1
31,1457,212.439633821505,74,43
40,1941,403.704105868513,70,30
45,1791,451.174784139075,74,29
22,6746,687.505749273072,71,49
12,2712,187.648278833876,59,47
8,1673,99.9772258432271,85,77
57,3350,1294.58381098346,87,30
69,1331,736.412646455119,79,10
61,6604,2902.59508699851,72,11
4,1481,77.5833988121889,68,64
38,3155,606.927461627453,84,46
49,8164,2385.8329973339,71,22
20,5957,561.068530152674,68,48
95,5077,4500.52882154716,98,3
23,6278,665.627083943862,58,35
72,6969,4159.4369337742,91,19
5,7300,394.355568152361,89,84
90,1706,1411.0909917674,90,0
21,8100,793.530197112372,58,37
58,5296,2115.15107575225,72,14
78,2406,1640.2068312249,79,1
16,1673,134.831876651428,55,39
9,5709,353.564866783053,78,69
25,7719,886.013636029544,76,51
5,6731,363.617442360759,60,55
76,1422,929.988671519596,85,9
54,4460,1556.95751081402,90,36
5,3916,211.547452723924,67,62
42,5351,1202.41320827215,86,44
65,1656,820.604907596895,84,19
36,1595,283.617564130727,64,28
38,9452,1818.28157442241,86,48
7,6739,388.911549143948,84,77
78,1511,1030.07170489643,82,4
24,9794,1080.39969320372,90,66
87,7600,6036.64306899257,89,2
45,2899,730.293522735443,74,29
76,8741,5716.6181278149,92,16
53,6380,2151.1385215768,79,26
77,6338,4233.46441400212,79,2
18,3434,299.072799294869,51,33
49,7915,2313.0656753917,57,8
74,5776,3613.72645368813,88,14
13,5559,399.431930523189,78,65
0,1136,73.4221487100491,62,62
30,2655,371.985997997107,65,35
37,4083,755.20504325551,90,53
62,5916,2681.66759659625,85,23
99,8137,7749.52380952381,99,0
37,8266,1528.90641380114,85,48
87,6739,5352.75495288696,87,0
83,2056,1535.90304211078,83,0
8,8685,519.009089329604,87,79
76,2071,1354.43497800076,80,4
8,1232,73.6233964368535,77,69
31,3728,543.565514678498,78,47
51,1611,506.07418338563,60,9
20,4205,396.053914603323,85,65
61,2829,1243.40422488171,91,30
11,2606,173.691264323047,91,80
80,1245,882.206489630211,81,1
77,5211,3480.68524161645,93,16
52,7844,2553.32646947188,84,32
85,7388,5697.92908290751,93,8
80,7441,5272.6895496694,94,14
65,4675,2316.62315399486,71,6
51,6520,2048.17112084066,80,29
40,8629,1794.72577513622,70,30
19,7072,640.469168820329,82,63
30,1489,208.620395863538,84,54
69,2032,1124.26032877295,86,17
4,7184,376.339727931644,90,86
43,1646,384.325656736283,82,39
37,5346,988.813656929698,76,39
74,9068,5673.35032583864,83,9
17,4238,355.019115793719,48,31
29,8420,1133.59771705848,88,59
18,1110,96.6717551593782,77,59
78,4932,3362.21948944355,91,13
16,1470,118.471523417572,71,55
54,5535,1932.23314402592,71,17
53,7322,2468.75176410428,84,31
22,2694,274.553882084443,80,58
29,3440,463.132558988262,68,39
85,9414,7260.46350656352,94,9
80,6635,4701.55828007747,81,1
70,3212,1823.82550130889,74,4
45,2260,569.321614826527,88,43
18,6233,542.842387304869,90,72
90,1112,919.773260753431,92,2
34,1716,281.911473028262,50,16
30,5541,776.336879435771,85,55
39,9162,1832.80920498027,89,50
72,5470,3264.76108878532,81,9
92,4918,4174.38788468508,92,0
63,3302,1542.78810245818,84,21
43,8595,2006.85238131735,76,33
58,4350,1737.33141607294,82,24
85,4562,3518.40179699838,86,1
27,1485,184.598378519419,63,36
67,9691,5080.74667978993,82,15
92,8220,6977.11842458548,96,4
86,7784,6094.15249677267,93,7
92,4845,4112.42564076845,93,1
68,6059,3264.31286082598,79,11
90,1770,1464.02758231436,90,0
85,2562,1975.9196413656,92,7
85,1167,900.038337811731,91,6
92,5539,4701.49135690742,93,1
42,1129,253.695479749442,78,36
40,6028,1253.74979401102,60,20
39,2854,570.927469003896,87,48
45,1508,379.883626176284,69,24
8,9119,544.944603983496,79,71
94,2747,2396.58507776695,96,2
79,8715,6059.2905471132,83,4
72,3126,1865.74829315227,73,1
91,1626,1362.40804281888,96,5
8,1743,104.160373368048,75,67
33,5785,913.368751302196,78,45
60,1081,460.436994397799,60,0
41,4037,872.832076965774,78,37
42,3772,847.599069632324,90,48
59,9763,4027.75682046818,71,12
33,9533,1505.12433987275,89,56
79,5608,3899.08220174536,82,3
22,9468,964.913198060694,66,44
14,5690,424.706302742629,25,11
25,6519,748.273467194792,78,53
14,3921,292.666680677302,69,55
76,7078,4629.01534248643,91,15
89,3871,3160.09897178005,92,3
56,3530,1319.29582776304,70,14
70,4049,2299.0876260273,85,15
7,7006,404.320272043701,63,56
26,7138,852.622706619179,74,48
75,6341,4057.54670023142,91,16
93,1758,1512.15107549689,97,4
99,7890,7514.28571428571,99,0
0,4702,303.900478199517,5,5
14,3502,261.392174376922,58,44
70,4435,2518.26466323316,92,22
16,8253,665.132981472942,83,67
8,4503,269.095904346714,87,79
81,3911,2822.49254709352,89,8
22,5261,536.164800908039,76,54
81,2307,1664.91697932619,95,14
88,1905,1534.34305539383,92,4
60,4725,2012.54837976836,70,10
53,1585,534.412939921509,79,26
22,8645,881.038719606538,76,54
57,4223,1631.94848769646,76,19
52,4386,1427.70141447012,74,22
32,4030,611.475046396883,57,25
77,5160,3446.61981322988,85,8
65,2490,1233.88056758229,75,10
89,6084,4966.68616489533,97,8
19,9094,823.589737167997,62,43
45,1404,353.684755405506,67,22
18,6836,595.358665107666,68,50
5,9775,528.058312149223,80,75
29,3865,520.350971072568,73,44
53,3675,1239.09624871391,83,30
30,3713,520.219966313845,81,51
54,1311,457.661725712372,66,12
74,5285,3306.53467931817,89,15
25,6876,789.251167423131,62,37
14,1554,115.991844369428,88,74
59,3817,1574.71553658988,89,30
11,2324,154.895816687169,58,47
38,4352,837.194393978662,58,20
83,7662,5723.77874934475,89,6
39,9664,1933.23162594732,55,16
60,1236,526.457099977502,60,0
20,8182,770.633324443374,91,71
22,7150,728.678640276084,84,62
94,1456,1270.26861056741,95,1
86,7487,5861.62894955511,87,1
41,2059,445.172466304813,86,45
20,1308,123.195843115611,66,46
63,9938,4643.3156154541,73,10
38,6175,1187.88496847845,71,33
52,5747,1870.72504080251,56,4
10,1582,101.615459808564,65,55
29,7961,1071.80183200743,85,56
51,2060,647.121550449657,86,35
10,2920,187.558244400131,86,76
73,6700,4095.64432122776,87,14
64,7812,3760.03861820481,76,12
50,5078,1538.86127568778,66,16
16,1381,111.29875771406,83,67
37,2035,376.400260353897,44,7
79,4786,3327.56908301593,86,7
58,3222,1286.82340749126,82,24
13,5594,401.946792471078,72,59
65,6205,3074.7907316659,92,27
67,5059,2652.30600072823,91,24
55,9327,3369.70766032393,68,13
49,6277,1834.37943707311,58,9
50,4559,1381.58104684139,67,17
59,5068,2090.81958067528,76,17
82,3978,2921.8242579324,94,12
15,3941,305.632161918538,21,6
54,7364,2570.72536090458,60,6
23,3079,326.452021577437,88,65
60,6491,2764.75164721195,89,29
39,7703,1540.94404125333,81,42
71,7478,4354.80803292805,84,13
70,4503,2556.87616201554,71,1
74,2662,1665.46742031125,76,2
83,4908,3666.445588852,88,5
29,6570,884.529335044442,77,48
67,4064,2130.652616517,74,7
11,5823,388.105998523832,65,54
8,5719,341.763152777894,67,59
19,3512,318.061046506928,87,68
90,3965,3279.58721122963,93,3
27,2546,316.48987993969,58,31
63,6616,3091.1829454462,83,20
57,4158,1606.82969733409,88,31
91,8669,7263.6625603917,97,6
47,6350,1723.97366061301,62,15
49,5357,1565.52025559992,72,23
26,5615,670.702787568884,85,59
51,9640,3028.27754676442,90,39
55,5236,1891.68964398586,81,26
99,8262,7868.57142857143,99,0
76,4200,2746.80198339121,80,4
82,3376,2479.65779154846,90,8
62,3651,1654.96423177365,71,9
7,6710,387.237942536859,86,79
33,1379,217.724374770221,82,49
19,7059,639.291835789409,67,48
53,7609,2565.51928067051,84,31
52,3042,990.211514550414,92,40
22,6058,617.3895388521,61,39
55,6476,2339.68337174416,78,23
16,2161,174.161198711139,60,44
21,2414,236.491592077687,90,69
34,9567,1571.70574735512,72,38
30,2895,405.6118509234,77,47
6,9024,503.512338553852,69,63
13,6863,493.12850138166,82,69
77,4806,3210.16566325248,82,5
42,3935,884.226494963731,88,46
18,9416,820.055177099734,47,29
2,3597,178.342470823935,64,62
92,5574,4731.19928207293,99,7
80,9460,6703.35212200948,95,15
89,3721,3037.6461570637,97,8
95,5275,4676.0467862244,98,3
11,9591,639.245171190463,83,72
40,5552,1154.74765367439,58,18
93,3851,3312.45380644967,93,0
59,1763,727.331278755034,66,7
57,6828,2638.63231683434,89,32
57,3492,1349.45870685201,58,1
1,7612,368.670315033638,79,78
14,3418,255.122344951548,83,69
9,2505,155.137500664135,88,79
73,3437,2101.00440777012,84,11
57,6175,2386.28508442473,84,27
83,9175,6854.04202887471,85,2
96,5275,4766.4965801568,96,0
42,7353,1652.27888626895,55,13
57,2662,1028.71107607103,68,11
70,3533,2006.09448820807,83,13
2,8901,441.319525383333,84,82
11,3227,215.081239436099,57,46
44,1791,434.424277595893,90,46
3,2607,132.70157775115,31,28
4,5152,269.891742525589,87,83
42,3059,687.382172323775,84,42
37,6285,1162.4941701839,88,51
27,8107,1007.77040717638,77,50
97,2194,2021.11684816368,97,0
86,3776,2956.2589706852,87,1
4,3730,195.399107069186,83,79
49,1751,511.709159521272,85,36
71,6201,3611.14798237321,73,2
42,7863,1766.88003301139,66,24
14,6172,460.68318111204,78,64
52,2831,921.528204369567,93,41
5,6132,331.258677247983,71,66
31,2383,347.456175289394,75,44
55,3796,1371.43886336331,81,26
75,3863,2471.89763491468,85,10
80,7857,5567.4669791362,82,2
19,1538,139.287553965733,85,66
24,7628,841.463024275884,65,41
21,1415,138.622867767161,41,20
55,3855,1392.75469395827,63,8
95,7145,6333.71645262054,98,3
77,7694,5139.20403933928,82,5
11,2302,153.429505169476,87,76
98,2476,2321.60063786975,99,1
71,1157,673.778135075923,78,7
83,6841,5110.46338087541,85,2
19,7203,652.333063208828,84,65
81,1526,1101.28448654173,89,8
35,6079,1039.04124210123,59,24
18,3359,292.540923946263,81,63
6,6433,358.94225109895,90,84
4,7138,373.929980230523,87,83
24,1210,133.478009881203,90,66
81,4641,3349.31933292278,90,9
61,8939,3928.87605734096,95,34
98,8583,8047.7779785283,99,1
56,8908,3329.25983957881,57,1
83,7516,5614.7117045256,83,0
76,8586,5615.24805461832,94,18
35,4586,783.853123256499,80,45
22,6214,633.287981912669,67,45
33,5250,828.899903947542,72,39
91,7109,5956.55521303779,92,1
51,9855,3095.81693188416,54,3
66,4955,2526.36302264456,81,15
60,1141,485.99316429962,61,1
0,2440,157.702502511021,73,73
4,3749,196.394437641388,83,79
92,1682,1427.67800366822,97,5
88,6178,4975.94299014334,89,1
97,3131,2884.28297702848,97,0
5,6185,334.121806715391,74,69
35,2303,393.635792163044,92,57
69,9799,5421.5683866369,70,1
2,2068,102.533285978287,67,65
41,8288,1791.93268612641,79,38
92,1390,1179.82902800168,97,5
73,1929,1179.17879039528,75,2
94,1835,1600.92232169725,94,0
94,3032,2645.22968903873,94,0
47,6112,1659.35858482941,62,15
19,8764,793.703590998496,53,34
3,7332,373.213643295525,67,64
66,2896,1476.55848911779,88,22
66,9653,4921.69167660705,82,16
35,9087,1553.17778696725,85,50
75,1657,1060.29883019768,80,5
68,7806,4205.5167835629,75,7
47,8025,2178.72261833377,71,24
74,3259,2038.97758181607,84,10
18,9871,859.681887547948,89,71
58,5980,2388.33146393475,78,20
19,9426,853.6570114961,81,62
68,2973,1601.71680726781,84,16
76,3494,2285.07764999259,90,14
30,1078,151.036122727262,88,58
53,6861,2313.31683331323,91,38
7,1532,88.4125973124393,81,74
11,9877,658.307220920468,79,68
54,1147,400.410373296789,68,14
96,8014,7241.46039684864,96,0
50,3109,942.166149293681,72,22
80,5852,4146.72480105703,95,15
81,1172,845.809579440962,86,5
93,5502,4732.56838303975,97,4
53,9341,3149.49607054058,73,20
49,2569,750.760040439833,70,21
71,9612,5597.54142986151,89,18
51,4955,1556.54722450391,72,21
27,1176,146.186998746691,82,55
28,2479,320.698674904674,87,59
42,2495,560.646786514488,58,16
43,1249,291.629857389804,79,36
94,6871,5994.51622473124,97,3
42,8920,2004.39652733837,58,16
34,6103,1002.62571089247,89,55
14,5559,414.928354472105,76,62
78,8555,5832.07374943017,81,3
31,9065,1321.73320562247,84,53
27,8387,1042.5768354494,73,46
93,8900,7655.37233897742,94,1
65,7940,3934.54285405758,69,4
27,2261,281.06190830465,81,54
57,3406,1316.22461498796,85,28
53,4570,1540.86254601974,93,40
58,4000,1597.54612972224,79,21
36,2112,375.548774573101,71,35
93,4638,3989.39515822217,93,0
4,2058,107.810016715385,55,51
64,8404,4044.97754062894,78,14
67,6967,3652.62223899458,93,26
62,5293,2399.26750993643,84,22
3,6083,309.637014752684,85,82
80,6672,4727.77646490986,91,11
17,3892,326.034544282481,82,65
33,1945,307.087678700566,72,39
69,4167,2305.50826279375,71,2
22,6724,685.263661149145,73,51
60,8784,3741.42327362652,76,16
45,4182,1053.49689964802,82,37
46,3861,1009.86026066138,68,22
24,3179,350.683135051525,72,48
12,4628,320.2198504584,79,67
86,4680,3664.00741070094,86,0
55,6667,2408.68885722951,86,31
31,7390,1077.5078201379,83,52
90,8407,6953.71744887958,97,7
32,7796,1182.89316667745,68,36
38,1559,299.904885159176,61,23
43,1087,253.804367480158,83,40
14,3461,258.331900490727,72,58
54,4294,1499.00797117386,75,21
33,6324,998.469141440811,64,31
13,2856,205.212734947694,71,58
69,5533,3061.28562947872,73,4
64,2545,1224.94857697533,84,20
41,8416,1819.60732220559,77,36
59,3395,1400.61808926452,76,17
67,6883,3608.58315932248,87,20
11,7756,516.94146051019,47,36
11,1761,117.371571938943,23,12
67,3156,1654.61113625189,81,14
77,4098,2737.25736329768,84,7
39,8491,1698.57923591874,80,41
81,2836,2046.68597892028,82,1
72,1468,876.173542657559,77,5
78,4776,3255.87191435166,83,5
2,3847,190.737693983786,78,76
75,8746,5596.48374707838,80,5
30,9848,1379.78083174219,85,55
26,4517,539.548440151139,85,59
66,3801,1937.9830169671,80,14
7,1103,63.65476164205,80,73
0,2706,174.894660571649,81,81
43,7278,1699.34515779263,77,34
43,2329,543.79979012078,87,44
28,1907,246.701239630179,54,26
19,1235,111.846637937374,54,35
32,8121,1232.20567041913,87,55
27,9847,1224.06749715873,74,47
65,7215,3575.28043980169,73,8
48,4666,1314.50251869709,88,40
51,8887,2791.73263050782,86,35
91,1246,1044.01009923268,94,3
51,1924,604.398962652981,86,35
13,7039,505.774664319613,79,66
26,8581,1024.98675336217,69,43
19,5852,529.980992072478,26,7
85,1893,1459.95936030643,95,10
88,1394,1122.7686190126,90,2
60,2170,924.281478115842,78,18
55,6164,2226.96236927594,85,30
35,6021,1029.12770499943,85,50
93,9273,7976.20985385816,94,1
97,4538,4180.41397309334,97,0
79,4177,2904.14877972368,88,9
51,4679,1469.84550221065,79,28
73,3562,2177.4156824199,77,4
68,7294,3929.67453488443,78,10
96,5673,5126.12987663119,97,1
31,3755,547.502282086309,90,59
44,3163,767.216074838531,82,38
87,8225,6533.07753190314,87,0
16,4105,330.833743965398,56,40
81,5608,4047.18440401443,87,6
11,2929,195.219383423717,66,55
13,6453,463.66868999211,45,32
68,6400,3448.02810848099,85,17
8,5002,298.915770273653,66,58
49,9165,2678.36347630637,72,23
95,9743,8636.724898234,99,4
32,6959,1055.89450319502,42,10
78,2010,1370.24760214549,78,0
35,4616,788.980814860881,73,38
28,2118,273.997496348568,59,31
40,2643,549.711464096075,67,27
99,8114,7727.61904761905,99,0
40,8828,1836.11532540301,85,45
34,7062,1160.17413900092,90,56
50,2606,789.734636558165,78,28
1,4045,195.910591738185,89,88
33,9407,1485.23074217801,88,55
73,5742,3510.02831231191,90,17
97,8586,7909.43904208449,97,0
96,2409,2176.77540504222,99,3
51,6717,2110.05604581085,85,34
44,2563,621.680303449622,64,20
81,2077,1498.93045776355,87,6
24,8126,896.398601896412,68,44
39,8284,1657.16999061958,84,45
31,5093,742.590978073388,66,35
18,9445,822.580835567862,67,49
42,8361,1878.78468218342,49,7
86,1392,1089.80733241361,86,0
36,9200,1635.91322257222,69,33
50,1484,449.718419283314,88,38
66,1308,666.898654615354,75,9
76,8466,5536.76799795,93,17
52,5778,1880.81595367268,82,30
63,8003,3739.22870501903,83,20
3,6887,350.562242413568,48,45
48,2585,728.244537255032,83,35
26,4161,497.024808383638,87,61
58,7138,2850.82106848934,70,12
5,3021,163.19837964223,31,26
63,2961,1383.46322573552,63,0
73,9699,5928.90362262509,90,17
2,8830,437.799282005936,80,78
90,4308,3563.29425119225,92,2
35,1394,238.266736550275,74,39
87,5858,4652.98093396822,90,3
81,5030,3630.05305852222,88,7
93,3543,3047.52631426933,93,0
9,6468,400.570600517216,77,68
86,1507,1179.84170254836,87,1
82,6932,5091.5248255373,84,2
57,4448,1718.89814664311,82,25
1,6188,299.70203749713,38,37
1,2903,140.600357927306,46,45
12,2121,146.755899486229,75,63
2,9344,463.283860822589,86,84
76,6655,4352.3731427306,80,4
62,4524,2050.68698563242,79,17
38,4681,900.484135619052,67,29
67,1830,959.422807142253,83,16
10,2513,161.415708279976,23,13
27,5201,646.529405171378,78,51
44,5977,1449.77884265251,73,29
28,2819,364.6831644035,71,43
70,1460,829.011591504041,70,0
25,3934,451.55818682993,87,62
2,4220,209.231366938284,46,44
55,7363,2660.14340119707,85,30
67,2957,1550.28045940964,77,10
13,8131,584.238357093731,57,44
71,3647,2123.82788126352,91,20
68,8062,4343.43790790214,89,21
17,1042,87.2887962852891,81,64
2,6953,344.735946521775,69,67
39,5589,1118.04962307736,91,52
18,7250,631.414617031975,68,50
51,6244,1961.46939854741,63,12
54,6109,2132.61287748046,92,38
28,5327,689.133457530132,92,64
11,1554,103.574913567926,47,36
87,2679,2127.91668181988,98,11
21,9508,931.467298042523,76,55
82,6611,4855.75167651862,85,3
11,1934,128.90211250989,86,75
43,1285,300.03552181417,83,40
30,2382,333.73659029345,52,22
85,2598,2003.68432016699,85,0
0,8069,521.517005230093,82,82
61,5260,2311.87918800911,79,18
88,2296,1849.26596072663,96,8
95,1623,1438.71543773312,96,1
20,5551,522.828841846146,42,22
17,9712,813.578492824115,81,64
20,8844,832.984737396382,86,66
79,1575,1095.05250851443,93,14
60,9136,3891.3528037172,83,23
42,3906,877.709959168573,52,10
12,8667,599.685705255607,85,73
32,4323,655.932165154771,85,53
53,9940,3351.46032985476,78,25
99,8105,7719.04761904762,99,0
56,4931,1842.90303872509,79,23
64,6064,2918.69869185791,77,13
61,5009,2201.55947770678,83,22
56,1089,407.000894173925,81,25
88,2533,2040.15273454728,98,10
96,9852,8902.27948961228,96,0
16,9938,800.931972601248,72,56
91,9467,7932.29824192274,96,5
94,5744,5011.27946366704,94,0
75,4607,2947.97628890808,77,2
37,7257,1342.27847144385,57,20
64,3482,1675.94143223108,65,1
94,5981,5218.04708777726,97,3
21,6182,605.630083771443,49,28
55,7637,2759.13556362108,80,25
47,5649,1533.65782815794,80,33
8,6760,403.972532397021,84,76
59,8855,3653.15852148374,65,6
71,9695,5645.8764214011,79,8
54,2571,897.519677197947,89,35
65,7889,3909.27060146854,68,3
82,9918,7284.72925846494,83,1
99,2576,2453.33333333333,99,0
99,4026,3834.28571428571,99,0
19,4760,431.085017475221,81,62
73,5732,3503.91541033993,92,19
25,9404,1079.42378976834,82,57
15,8336,646.472900723911,88,73
19,4043,366.150572616034,86,67
8,1666,99.558911090745,72,64
65,7171,3553.47692776409,71,6
76,5895,3855.33278383124,84,8
31,5227,762.129008912153,89,58
12,1692,117.072598741489,54,42
3,1875,95.4412958509424,82,79
76,4079,2667.66792625066,76,0
24,5815,641.4666342638,35,11
91,4681,3922.15993138696,95,4
22,6019,613.414928086958,71,49
37,3640,673.266313360288,57,20
61,5503,2418.68273224604,69,8
97,5771,5316.25584810966,97,0
46,3376,883.006537164674,92,46
42,5572,1252.07370519388,65,23
63,7031,3285.08272210281,83,20
56,8376,3130.43111992727,65,9
66,1595,813.22886399961,82,16
11,4357,290.396331026676,17,6
29,1725,232.239437283358,72,43
84,7626,5790.30354530434,88,4
57,8141,3146.03188215412,85,28
30,2724,381.653430713416,88,58
81,6393,4613.70361891303,85,4
91,4066,3406.85799637244,94,3
61,5568,2447.25158152752,70,9
1,3996,193.537385558909,30,29
55,9642,3483.51251858511,67,12
72,2216,1322.61619245855,86,14
63,7369,3443.00591369302,71,8
84,4991,3789.58890566666,90,6
37,6758,1249.98179826616,49,12
23,2455,260.292209474702,70,47
9,6022,372.949312973821,69,60
52,4616,1502.56947770043,90,38
87,6968,5534.6485400974,87,0
73,3423,2092.44634500935,74,1
50,4321,1309.45639469218,66,16
8,5407,323.118266667262,66,58
41,8296,1793.66235088136,82,41
4,2886,151.185475335569,84,80
74,4316,2700.28451767971,81,7
87,7267,5772.14278715381,92,5
41,3932,850.130227057078,43,2
77,3118,2082.66677861449,88,11
78,4469,3046.58534029263,82,4
35,5250,897.346030766817,64,29
41,1182,255.557967543608,43,2
4,4819,252.447264602254,89,85
95,9712,8609.24481285524,97,2
85,9366,7223.44393482834,98,13
17,1411,118.200087868083,84,67
53,4507,1519.62089604179,56,3
60,3481,1482.68379047062,74,14
53,7501,2529.10502356545,83,30
97,7299,6723.85226743241,99,2
97,5099,4697.20820819809,98,1
69,6654,3681.50995455474,69,0
40,5774,1200.92092080618,84,44
38,4131,794.680616159433,88,50
30,4863,681.343844918996,88,58
77,4686,3130.0117141076,81,4
27,1459,181.366353036924,78,51
89,6586,5376.49491814606,93,4
39,4683,936.809158144795,78,39
29,5828,784.632719123137,81,52
97,8429,7764.81035240276,97,0
25,2473,283.859531273619,84,59
98,6826,6400.34166159084,98,0
51,1894,594.974862403714,75,24
56,6869,2567.20766031285,82,26
13,3112,223.607153766534,72,59
80,9744,6904.59440558778,80,0
36,7398,1315.48761093362,73,37
13,5543,398.282279347012,67,54
84,8630,6552.62517649836,89,5
48,3557,1002.0757520372,55,7
73,1821,1113.15944909787,87,14
50,3020,915.19516592696,60,10
49,1797,525.152118594932,87,38
34,7353,1207.98080488159,65,31
30,3724,521.761151239634,91,61
68,4197,2261.1521830148,76,8
53,1592,536.773123252393,70,17
46,7233,1891.82058154979,64,18
77,6098,4073.15651571236,94,17
13,2298,165.118650178501,67,54
20,7726,727.68431491683,72,52
54,1073,374.577445987319,88,34
78,1555,1060.06717479414,80,2
62,3498,1585.61075944788,80,18
75,2449,1567.09223606162,76,1
91,5688,4765.91448189041,91,0
64,5881,2830.61791009505,88,24
8,1125,67.2291566489125,90,82
79,1360,945.56915020929,81,2
53,4538,1530.07313650713,89,36
7,8468,488.693129270063,65,58
16,1768,142.48819959338,75,59
26,8154,973.982284921937,84,58
69,6977,3860.2186583902,72,3
54,4118,1437.56749541079,84,30
73,2346,1434.08680262692,78,5
61,5106,2244.19299124991,80,19
73,7466,4563.89261228157,75,2
55,4898,1769.57522464529,79,24
26,5310,634.271024397288,76,50
98,9475,8884.15429879478,98,0
29,2799,376.833730409345,80,51
81,2469,1781.82922494858,85,4
72,5306,3166.87794096799,78,6
66,4415,2251.03789000519,91,25
98,6258,5867.76122447048,98,0
21,6124,599.948015693354,91,70
93,4140,3561.03836891759,93,0
75,8902,5696.30669065764,93,18
7,3253,187.732492857288,29,22
28,3347,432.988489272265,64,36
65,1834,908.810024476271,73,8
26,4545,542.892995458696,76,50
55,9853,3559.74370935689,92,37
81,4665,3366.63966560758,87,6
56,4416,1650.42786838572,61,5
39,4319,863.992900710521,59,20
55,3392,1225.47961657755,86,31
54,5027,1754.89358898253,87,33
96,8397,7587.53967461168,96,0
94,2328,2031.03387733581,98,4
73,5805,3548.5395947354,82,9
92,3750,3182.99198201892,93,1
97,3771,3473.85215789665,98,1
13,8630,620.093103150769,61,48
88,1698,1367.61916433528,91,3
51,1768,555.393641356793,52,1
14,5453,407.016426863894,55,41
56,5414,2023.41858682978,89,33
13,7098,510.014003031768,80,67
35,3908,667.96729299747,75,40
26,3811,455.217867039184,63,37
86,3795,2971.13421444659,93,7
41,5066,1095.310206071,82,41
88,8052,6485.31773334965,90,2
16,8734,703.898153421141,74,58
85,9695,7477.18224942993,93,8
28,3353,433.764686145773,73,45
7,4272,246.539566396045,70,63
39,3357,671.549934634225,83,44
80,3238,2294.44547262861,83,3
74,3997,2500.70371111348,86,12
10,3482,223.656783219609,85,75
65,3144,1557.96004195932,67,2
12,2981,206.260884662163,51,39
36,2898,515.312665110249,78,42
60,4245,1808.0990205538,81,21
97,2242,2065.33453672879,98,1
70,9728,5523.71559051459,80,10
90,5187,4290.34523698565,96,6
25,3743,429.634543290398,87,62
58,1704,680.554651261674,83,25
35,7854,1342.42966202716,87,52
18,1866,162.513058673333,83,65
85,5413,4174.72795422013,87,2
82,4157,3053.29900458144,97,15
4,1021,53.4859218009756,64,60
24,7026,775.054956549864,83,59
39,3989,797.9781618278,75,36
36,9588,1704.90608456766,68,32
51,5349,1680.31707444428,81,30
12,9988,691.088130159572,62,50
72,9154,5463.55082390143,86,14
30,7407,1037.77788593769,59,29
57,9712,3753.13372306607,83,26
60,5792,2467.02226785574,79,19
24,4696,518.027053224902,74,50
38,3774,726.004513528371,62,24
18,7944,691.856236924415,82,64
95,8057,7142.16283537631,97,2
52,2279,741.844852616829,80,28
74,1182,739.512581069836,80,6
74,4711,2947.4143565313,79,5
77,3814,2547.5596836548,87,10
53,8244,2779.62162568638,89,36
73,7522,4598.12486332466,78,5
22,4380,446.37936285444,71,49
49,4975,1453.88524764039,60,11
57,6015,2324.45421584044,62,5
45,3037,765.057408950515,80,35
71,1635,952.141098400289,84,13
19,6968,631.050504572971,73,54
91,4723,3957.35128304649,95,4
2,5505,272.942813979918,67,65
89,6658,5435.27226920991,89,0
22,2703,275.471099953322,80,58
44,6118,1483.97974892891,73,29
65,9345,4630.76863616726,80,15
15,3952,306.485233164695,90,75
41,3918,847.103313735919,76,35
20,1176,110.76323509477,87,67
1,5940,287.690708263243,75,74
45,8816,2220.85812226136,54,9
24,3845,424.151196688617,85,61
50,3584,1086.11240883517,69,19
41,6389,1381.35351492057,86,45
15,2024,156.96510929285,30,15
62,1336,605.596333511255,86,24
91,3369,2822.84913668931,95,4
62,3868,1753.32830690235,76,14
24,1059,116.820836747268,62,38
57,1381,533.677684468105,74,17
44,1893,459.165358732007,66,22
90,5356,4430.13092139872,90,0
21,9930,972.809241645168,21,0
78,2328,1587.03304367895,78,0
66,8214,4188.00118425881,66,0
18,2523,219.732286727127,55,37
79,6204,4313.46397639591,88,9
17,5975,500.528366415165,85,68
2,3622,179.581993139921,84,82
16,2560,206.317755067337,90,74
15,2506,194.345140260811,78,63
99,4847,4616.19047619048,99,0
87,2309,1834.02747977682,90,3
78,2703,1842.67625303445,86,8
97,7288,6713.71904713624,98,1
57,6055,2339.91193298652,88,31
9,3686,228.278174629941,80,71
31,1329,193.776440184475,83,52
80,2094,1483.80754159491,88,8
96,3027,2735.20097594969,98,2
63,5843,2730.01540964966,63,0
56,5672,2119.84304109688,64,8
11,6989,465.820508961542,75,64
45,8015,2019.07643488257,81,36
0,8281,535.219025940067,45,45
89,7319,5974.88100605998,94,5
86,3191,2498.25804434758,88,2
54,3413,1191.45649874624,70,16
27,1899,236.062168894529,54,27
43,5382,1256.6468314427,87,44
6,7011,391.192930585223,80,74
53,3275,1104.22862980627,78,25
0,6995,452.10205125598,67,67
25,2159,247.817520428525,68,43
39,8219,1644.16708750631,90,51
61,7194,3161.91233432273,61,0
48,7801,2197.6927021766,61,13
96,6765,6112.8624388172,98,2
15,3760,291.595262322686,74,59
66,8914,4544.90413397651,74,8
27,3116,387.34582320977,78,51
46,8842,2312.66107867596,82,36
57,6736,2603.07956739838,61,4
22,8244,840.171567893152,79,57
53,9577,3229.06796569608,82,29
14,1275,95.1670537780056,71,57
5,8617,465.501634351903,85,80
33,2641,416.976123109611,83,50
91,7753,6496.15593848389,92,1
49,4009,1171.58310709353,85,36
48,7927,2233.18934112984,85,37
68,9669,5209.21621576604,81,13
5,1059,57.2085680374452,87,82
68,6889,3711.47900614461,76,8
95,3453,3060.92692944699,95,0
62,2361,1070.219269027,67,5
21,8765,858.678046628388,68,47
65,8341,4133.25213421842,67,2
15,5764,447.009332986159,62,47
80,7412,5252.14016155753,83,3
21,2198,215.330786821357,80,59
52,7634,2484.96867260942,88,36
20,2203,207.492692953893,90,70
7,7427,428.616423132824,46,39
39,3573,714.759581902915,89,50
56,5179,1935.59011104385,85,29
43,5501,1284.43222217879,77,34
38,9413,1810.77914304254,82,44
8,7345,438.931693854455,59,51
69,1787,988.70728716401,83,14
4,3754,196.656366739336,42,38
56,5388,2013.7013937641,89,33
56,9049,3381.95692505036,85,29
46,9580,2505.6879816462,67,21
20,4204,395.959728178922,58,38
16,2933,236.378896723633,82,66
81,2761,1992.55993928029,82,1
70,1769,1004.46678450044,74,4
46,2640,690.502742332565,74,28
15,2445,189.614472441214,56,41
70,9272,5264.79142220922,91,21
47,8061,2188.49632727583,56,9
29,3490,469.864136880533,65,36
14,6380,476.208473022491,55,41
9,1563,96.7983686778616,78,69
63,4882,2281.00893888578,70,7
22,2013,205.151063339267,59,37
76,5620,3675.48265396634,83,7
55,1327,479.425545754246,93,38
15,9969,773.115204812461,88,73
22,7962,811.432074668277,74,52
12,5584,386.367252584206,86,74
36,5012,891.217072992604,85,49
57,2812,1086.6775153688,86,29
26,1176,140.471322917365,75,49
99,1634,1556.19047619048,99,0
31,1513,220.604781037706,80,49
87,8938,7099.40996719152,91,4
23,6737,714.292714961739,76,53
69,4131,2285.59026484305,83,14
30,6119,857.319141899925,61,31
52,6381,2077.10048466344,60,8
93,2335,2008.46004623733,95,2
69,4712,2607.04462065854,73,4
78,3556,2424.1793399151,78,0
34,5606,920.976525522398,84,50
96,5827,5265.28446873434,96,0
20,3981,374.956155537652,86,66
69,5263,2911.90064484845,96,27
19,9628,871.950955515007,76,57
53,9376,3161.296987195,83,30
26,2611,311.879782429627,80,54
12,4451,307.972894207074,76,64
42,9702,2180.11828567678,69,27
71,8174,4760.12314270579,81,10
39,4399,879.996473772999,88,49
10,6199,398.175875697402,44,34
69,6631,3668.78456697513,89,20
61,4269,1876.31411665606,73,12
58,2576,1028.81970754112,67,9
92,2190,1858.86731749905,97,5
42,5927,1331.84509165185,82,40
97,9678,8915.39145694079,98,1
94,3002,2619.05657206276,98,4
34,5001,821.584660031664,81,47
28,8958,1158.86193214848,68,40
36,7672,1364.20937430153,80,44
92,6143,5214.16526547793,98,6
11,9403,626.714872766544,81,70
42,3606,810.297519908314,85,43
39,7483,1496.93421533152,86,47
74,3554,2223.5429045027,83,9
45,5315,1338.91344371814,68,23
51,4693,1474.24341566031,86,35
29,3037,408.876041176556,57,28
66,6548,3338.57216393069,86,20
28,7439,962.354757005192,85,57
64,1157,556.882319670119,90,26
15,5872,455.38494158479,26,11
10,8631,554.388769663539,80,70
76,6260,4094.04295619738,79,3
45,7779,1959.62515121042,50,5
91,6741,5648.2119413543,92,1
51,1641,515.498283634897,85,34
4,4481,234.740857580971,84,80
13,3312,237.977793468754,56,43
32,4087,620.123700899271,48,16
92,6650,5644.50578144689,92,0
40,4022,836.526488306626,75,35
97,5994,5521.68385956841,98,1
8,6386,381.622572764404,90,82
13,3998,287.269087647367,74,61
61,6118,2688.98799852467,79,18
3,1368,69.6339694528476,76,73
88,8996,7245.64311093063,98,10
47,8728,2369.58143461896,77,30
16,4124,332.365008553788,66,50
56,4425,1653.79151213923,91,35
1,2406,116.529266680364,67,66
54,5495,1918.26939953431,69,15
41,2047,442.57796917239,63,22
83,3246,2424.87416084222,90,7
96,2287,2066.53605285661,99,3
9,5377,333.003728970481,42,33
38,8154,1568.5852684977,60,22
47,7221,1960.44311862781,80,33
79,5333,3707.88255740157,84,5
41,7148,1545.45545854629,69,28
91,9674,8105.7413322447,96,5
59,1408,580.874895341514,81,22
36,6327,1125.04597382765,82,46
60,1839,783.296607490798,89,29
75,2569,1643.87911573798,81,6
80,6968,4937.52194356893,81,1
25,7820,897.606766906469,76,51
59,5929,2446.02787960215,71,12
46,3469,907.331065587753,69,23
3,3216,163.700910643536,77,74
85,8076,6228.54294444519,92,7
91,7447,6239.76180496447,94,3
89,5808,4741.37298581724,90,1
96,5574,5036.6733531363,97,1
23,5573,590.87921930856,83,60
41,3977,859.859591303662,81,40
79,5996,4168.8475181286,95,16
42,5221,1173.20115125937,89,47
89,6835,5579.76659057521,89,0
65,4623,2290.85536704133,77,12
66,2275,1159.93458658252,77,11
24,4655,513.504244625621,50,26
59,7805,3219.97766913389,60,1
79,7551,5249.99459796349,86,7
30,1697,237.762801732991,83,53
59,8660,3572.71064890448,72,13
44,6129,1486.6479047377,87,43
6,8725,486.829028577389,71,65
64,3406,1639.36143543338,79,15
89,8321,6792.86580836523,89,0
4,8409,440.512356928897,73,69
72,3070,1832.32477926342,91,19
54,8407,2934.8299985232,69,15
35,9515,1626.33285385643,79,44
67,9170,4807.59953087129,73,6
55,3465,1251.85344087299,75,20
5,7855,424.337395594081,21,16
66,3045,1552.52783127198,89,23
13,2082,149.598359300104,78,65
7,4908,283.243490606692,83,76
15,9031,700.371493094727,72,57
39,7441,1488.53233947372,79,40
35,1627,278.091808010973,91,56
48,6428,1810.89202532895,71,23
50,1975,598.513394935677,86,36
72,9289,5544.12536631204,84,12
97,6865,6324.05066665618,98,1
18,3631,316.229858543876,78,60
82,1720,1263.33276109696,87,5
73,4722,2886.51231116978,74,1
44,3534,857.205693480672,89,45
30,3674,514.755765213323,87,57
79,3438,2390.34319001437,94,15
47,1914,519.635525419419,87,40
46,8565,2240.21060154486,87,41
67,7212,3781.06955470488,68,1
85,7102,5477.35413465202,87,2
78,2862,1951.06897380118,79,1
13,8772,630.296257339344,73,60
25,7979,915.857339277074,31,6
28,9436,1220.698949738,88,60
9,6709,415.496004772728,77,68
28,1910,247.089338066933,90,62
33,2516,397.24041111086,47,14
38,8520,1638.9927014472,89,51
71,8320,4845.14613987181,90,19
24,3392,374.179677286811,80,56
78,4861,3313.81770847224,94,16
87,7426,5898.43571451826,89,2
56,2692,1006.10322049238,79,23
70,6163,3499.45098523247,73,3
74,2183,1365.78338788109,90,16
83,2755,2058.0801950463,85,2
47,1990,540.268910963764,84,37
28,3307,427.813843448873,85,57
44,1723,417.93022350515,74,30
70,8593,4879.24425054399,81,11
78,1654,1127.556982064,87,9
46,5752,1504.45900526398,61,15
41,9246,1999.06004053147,71,30
41,5689,1230.00784886259,81,40
4,2083,109.119662205124,86,82
42,6272,1409.36939680115,67,25
96,8366,7559.52803594157,97,1
3,7014,357.026799519205,59,56
18,5069,441.467681894494,87,69
55,5021,1814.0133121568,86,31
43,5254,1226.76002460051,83,40
15,3216,249.407011603659,83,68
76,1848,1208.59287269213,90,14
1,4286,207.582891517889,77,76
35,1783,304.755804353759,73,38
17,4722,395.564007734295,79,62
15,6172,478.65052102543,71,56
60,5880,2504.50465037841,64,4
79,7328,5094.94906818652,82,3
62,6162,2793.17710112003,85,23
72,4643,2771.16741046257,73,1
99,3535,3366.66666666667,99,0
28,3717,480.853963138634,80,52
26,1590,189.922962107663,49,23
94,3380,2948.83784596006,94,0
50,1630,493.962953795015,84,34
45,4921,1239.66002945192,46,1
74,3956,2475.05225948585,87,13
26,2106,251.558338489772,60,34
14,8453,630.938906341554,74,60
44,1266,307.080477630597,74,30
37,7910,1463.05948864832,57,20
61,5075,2230.56784774643,94,33
39,1808,361.680751211999,52,13
16,1289,103.884213391327,78,62
12,6823,472.095946343488,84,72
44,3540,858.661051194562,71,27
64,6939,3339.8499707787,90,26
2,5319,263.720767948989,70,68
13,2164,155.490321578014,71,58
47,1140,309.500783165171,81,34
91,8199,6869.85457753507,94,3
77,6545,4371.72997627704,95,18
6,5790,323.064765096055,72,66
91,1649,1381.6794972991,95,4
82,8184,6011.11355628928,83,1
31,9037,1317.65063201437,69,38
85,4967,3830.75443351402,89,4
16,2791,224.934708747241,85,69
12,4901,339.109223659598,84,72
59,9550,3939.88299042007,93,34
42,5810,1305.55424034035,82,40
45,6973,1756.58390273689,80,35
58,5920,2364.36827198891,73,15
51,3931,1234.87126932893,89,38
80,3504,2482.93296358575,87,7
73,6919,4229.51687441417,73,0
85,2593,1999.82811477791,88,3
99,6642,6325.71428571429,99,0
56,2123,793.446187631995,85,29
16,5506,443.744359140921,74,58
14,2020,150.774469514958,81,67
88,4905,3950.63133160458,90,2
25,5972,685.486906900951,91,66
63,2866,1339.07652987437,73,10
52,6230,2027.94797358615,70,18
72,3562,2125.97422271541,83,11
76,6005,3927.2728357772,80,4
79,8812,6126.73187620901,87,8
99,2125,2023.80952380952,99,0
42,5190,1166.23519920248,64,22
65,4010,1987.09280160842,83,18
79,6364,4424.70740583229,93,14
32,6736,1022.05853908918,63,31
91,4174,3497.35004349694,92,1
4,5629,294.879778469825,90,86
19,1270,115.016380712927,90,71
32,6821,1034.95565545239,76,44
14,7776,580.407066806095,71,57
9,1559,96.5506441259029,87,78
32,6647,1008.554499603,83,51
36,8157,1450.45045179582,81,45
48,6393,1801.03184784194,74,26
12,6511,450.508091256405,52,40
68,7254,3908.12435920642,77,9
73,2326,1421.86099868295,76,3
28,6651,860.414234284383,83,55
84,2793,2120.68158956662,84,0
61,4696,2063.98948039749,72,11
58,8382,3347.65791483295,73,15
11,9693,646.043524590675,73,62
67,5033,2638.6748570202,87,20
45,1668,420.189581208251,92,47
38,1409,271.049379852007,80,42
89,7775,6347.1375627977,94,5
8,7574,452.616562185656,38,30
46,4919,1286.58446573253,59,13
34,9311,1529.64902410614,53,19
27,3997,496.861763597384,84,57
40,1632,339.435909725612,55,15
33,5511,870.108070600934,51,18
17,3757,314.725535166824,83,66
90,5223,4320.12206916832,94,4
56,1812,677.213609038707,74,18
98,9949,9328.59642413819,98,0
82,8376,6152.13674822568,87,5
58,3707,1480.52587572009,93,35
66,4017,2048.11307002284,75,9
68,6103,3288.01805407179,85,17
70,1579,896.581714373206,78,8
43,4921,1149.00762867512,82,39
90,3464,2865.19296335421,91,1
10,4846,311.269606973643,82,72
60,2942,1253.10419751927,74,14
13,6430,462.016066426355,77,64
42,2304,517.72753351879,83,41
18,9687,843.657020026033,79,61
25,3639,417.697061991386,71,46
34,6257,1027.92545847193,47,13
4,6041,316.462736140738,63,59
77,1319,881.025491017482,81,4
95,7798,6912.57115430861,96,1
92,2831,2402.94674695882,95,3
55,4773,1724.41456660514,78,23
99,4259,4056.19047619048,99,0
46,5345,1398.00649915438,83,37
34,6177,1014.78273245663,65,31
21,8312,814.299135604696,70,49
51,5339,1677.17570769452,77,26
61,7341,3226.52188577469,67,6
90,2045,1691.48949482083,97,7
85,2198,1695.18788904043,91,6
25,6457,741.156891804996,85,60
30,4301,602.603305983261,88,58
54,2631,918.465293935355,75,21
75,6426,4111.93740666884,91,16
87,8833,7016.00897742255,92,5
12,6965,481.92118808184,55,43
13,7191,516.6963504933,85,72
31,8198,1195.31922997165,77,46
82,2775,2038.22582095586,85,3
56,2114,790.082543878491,90,34
95,1834,1625.7573091821,95,0
58,2925,1168.20560735939,82,24
84,1314,997.699824092566,91,7
44,3013,730.832131991303,83,39
61,5536,2433.18691726586,71,10
12,8543,591.105916695357,74,62
17,1038,86.953714533714,46,29
80,1479,1048.01879370529,88,8
50,3955,1198.542013656,78,28
94,3089,2694.95861129309,94,0
73,7151,4371.33620016414,84,11
47,3876,1052.30266276158,78,31
54,2001,698.536318192567,74,20
34,2117,347.789387179971,79,45
4,7374,386.293033653667,65,61
53,6728,2268.47335002644,90,37
90,2721,2250.6322324731,98,8
15,5047,391.40459812303,75,60
18,4090,356.204935677349,84,66
73,1013,619.23696976175,77,4
56,9447,3530.70472659418,62,6
54,2846,993.520420577735,83,29
46,4805,1256.76730185908,73,27
49,1622,474.010426466878,73,24
88,4589,3696.11563317704,95,7
73,6613,4042.46207407152,81,8
89,3274,2672.73676920896,90,1
60,5229,2227.22020694366,84,24
72,4566,2725.21007886541,80,8
74,7221,4517.78371227181,77,3
7,1843,106.360585409155,81,74
12,5578,385.952101524839,88,76
8,5594,334.29324648357,87,79
56,3365,1257.62902561548,70,14
83,1583,1182.55569827887,91,8
8,9063,541.598085963639,61,53
10,2351,151.010079652298,79,69
32,7874,1194.72816757545,45,13
23,4881,517.509684092066,82,59
36,9590,1705.26171787691,66,30
56,6489,2425.18714627603,62,6
27,1851,230.095352619154,90,63
54,6133,2140.99112417542,90,36
62,6790,3077.84364112382,84,22
98,4002,3752.4417418234,99,1
98,1351,1266.75382139016,98,0
16,3672,295.937029924712,60,44
4,7874,412.485943448464,45,41
59,4249,1752.93851584239,78,19
95,3914,3469.58239266015,97,2
94,9569,8348.3518781041,96,2
48,1001,282.001076128544,80,32
86,5754,4504.85013700282,86,0
50,8766,2656.49033924362,93,43
47,1268,344.251748292489,53,6
30,4287,600.641797895894,84,54
38,5696,1095.7397215309,50,12
43,1089,254.271348837067,64,21
59,2229,919.581066559825,89,30
73,1972,1205.4642688748,76,3
41,6457,1396.05566533763,74,33
94,3576,3119.83554353645,97,3
74,5170,3234.58548572847,75,1
27,4631,575.673461901298,82,55
19,6668,603.881280782516,58,39
31,9597,1399.30210417638,81,50
71,6397,3725.28844432211,84,13
62,1785,809.123843800592,91,29
71,2645,1540.31388701453,91,20
3,5970,303.885085989401,72,69
65,3859,1912.2671125703,66,1
60,4959,2112.21744238546,68,8
98,2299,2155.63807207696,99,1
47,7393,2007.13972801764,63,16
66,4122,2101.6485124805,77,11
82,1302,956.313520318748,96,14
97,3603,3319.09024791875,97,0
56,5476,2046.59035490947,88,32
91,6494,5441.25327802327,92,1
49,8667,2532.82883242197,73,24
97,7155,6591.19920173707,97,0
59,6180,2549.5787309734,70,11
27,6667,828.765918915127,85,58
32,9774,1483.01665098837,77,45
88,9752,7854.54775653574,94,6
10,8122,521.694541444475,12,2
20,2050,193.082170020645,90,70
84,3170,2406.93184351098,94,10
38,9988,1921.39191338669,85,47
6,3829,213.646802340725,40,34
91,2751,2305.03353369911,92,1
29,7998,1076.78319964771,88,59
56,2423,905.567646082112,79,23
55,1425,514.831501657725,76,21
7,3259,188.078756293237,78,71
45,5709,1438.16685798436,75,30
80,2771,1963.52946406853,86,6
34,4108,674.878980885838,78,44
27,7780,967.121471300388,80,53
55,8305,3000.47412018765,86,31
89,6095,4975.66603797453,94,5
86,9031,7070.43823205987,90,4
43,5648,1318.75535191162,60,17
10,3926,252.175913532505,77,67
52,4832,1572.88035447324,83,31
73,1056,645.522448241272,73,0
20,1160,109.256252304365,46,26
69,9725,5380.62583529379,80,11
39,6350,1270.28361183418,60,21
11,4122,274.733457996777,54,43
39,9439,1888.2215767091,63,24
66,6625,3377.83148839963,92,26
21,4711,461.521081308196,54,33
43,2556,596.802174129976,62,19
33,7488,1182.24809157318,68,35
14,9637,719.313644908738,75,61
7,2715,156.684204767149,84,77
49,3203,936.039085063754,74,25
37,4772,882.644738284422,74,37
15,9836,762.80079792711,58,43
10,3608,231.750049930025,81,71
17,8545,715.818391802106,74,57
73,2109,1289.21102589095,96,23
14,3124,233.177941962737,76,62
93,9346,8039.00111012168,93,0
98,3576,3353.00641398313,98,0
9,2507,155.261362940115,57,48
74,5706,3569.93129237266,88,14
29,9734,1310.50358406737,89,60
14,5656,422.168514641882,74,60
96,7681,6940.56118145675,96,0
13,2818,202.482313404272,64,51
10,5107,328.034230873792,30,20
56,3900,1457.57895985152,81,25
1,4993,241.824866390299,42,41
0,1755,113.429463896247,29,29
16,2464,198.580839252312,57,41
29,1159,156.037975542848,81,52
85,3978,3067.99700755361,86,1
65,2151,1065.89441801988,71,6
15,5869,455.152285790383,87,72
48,8220,2315.73311266397,76,28
22,2169,221.049506399836,77,55
53,7724,2604.29372110646,92,39
58,5068,2024.09094635808,71,13
80,1314,931.099861344657,82,2
16,6351,511.845336887757,88,72
55,2681,968.605793645165,64,9
90,8007,6622.86375796108,97,7
36,1416,251.78838295242,88,52
13,7065,507.642847480902,91,78
48,9014,2539.41828194076,74,26
61,8113,3565.83191108706,83,22
62,9919,4496.19014378603,90,28
95,1729,1532.67960064114,95,0
54,1013,353.63182924991,65,11
97,1538,1416.80843777381,99,2
83,7136,5330.83857417438,84,1
29,2144,288.650060020591,83,54
74,7444,4657.30258331968,77,3
92,9319,7909.94727478249,95,3
22,6970,710.334282898504,61,39
50,8262,2503.75578175117,51,1
70,8837,5017.7913932337,79,9
17,1408,117.948776554402,83,66
38,6311,1214.04729329029,79,41
26,4235,505.863990267894,76,50
36,2171,386.039957196118,90,54
8,7451,445.266174392041,58,50
33,8282,1307.60933418925,81,48
29,1518,204.370704809355,79,50
49,6278,1834.67167531385,74,25
57,3279,1267.14636304918,72,15
30,6109,855.918064694662,60,30
42,8953,2011.811895657,55,13
68,2630,1416.92405082891,81,13
97,2839,2615.29203825738,98,1
34,3406,559.55156010155,79,45
79,3556,2472.3852192237,83,4
25,7544,865.926528074476,76,51
89,8950,7306.35127807581,90,1
55,3756,1356.98745279047,58,3
78,4451,3034.31446624356,84,6
1,9363,453.476111358375,81,80
52,8459,2753.51716028335,64,12
93,8668,7455.81656564677,94,1
0,5073,327.879014441971,69,69
51,8105,2546.07775067693,92,41
83,6928,5175.45538703477,88,5
49,1386,405.042201654188,90,41
59,6468,2668.39405047508,75,16
97,8144,7502.26782654741,99,2
12,7168,495.967132257089,89,77
3,7515,382.528713770577,54,51
53,5430,1830.82792667116,81,28
64,3415,1643.69327715943,69,5
27,3511,436.447748809211,77,50
39,5055,1011.22577288532,67,28
51,5021,1577.2802450523,83,32
13,3294,236.684435895554,69,56
99,1926,1834.28571428571,99,0
41,7302,1578.75150507904,85,44
82,2412,1771.60384870109,84,2
48,9808,2763.10345121755,74,26
47,6329,1718.27233039681,76,29
50,1140,345.471022899581,90,40
83,4347,3247.35920430718,92,9
76,2757,1803.07930195466,83,7
96,4171,3768.92080300171,97,1
9,3635,225.119686592468,49,40
25,5319,610.53329836004,74,49
50,8502,2576.48652341424,65,15
99,7257,6911.42857142857,99,0
26,7421,886.426604906266,85,59
71,7794,4538.83041035587,82,11
96,7380,6668.5772059824,98,2
0,8889,574.515387221502,49,49
47,3260,885.063643086366,65,18
82,1840,1351.47225605722,87,5
61,5672,2492.96174037789,74,13
88,2585,2082.03506466826,94,6
9,9623,595.96334087464,82,73
66,4745,2419.29213772925,86,20
74,5255,3287.76532446869,78,4
49,5579,1630.39714504236,77,28
30,6032,845.129770214144,80,50
59,2394,987.652343357659,62,3
13,1860,133.646949230641,78,65
91,4838,4053.70855544758,91,0
32,7120,1080.32315889474,74,42
38,4170,802.183047539297,61,23
59,7478,3085.07277511636,81,22
11,3523,234.809794401418,66,55
95,6117,5422.44136328619,98,3
71,4929,2870.39967829665,80,9
94,7146,6234.4364636777,95,1
72,4549,2715.06365500629,76,4
83,2861,2137.26585772322,83,0
0,9575,618.853058009437,71,71
19,1066,96.5413085354172,82,63
98,9277,8698.50125909438,99,1
58,8180,3266.98183528198,82,24
51,2110,662.828384198435,89,38
57,1122,433.588965947295,89,32
70,3429,1947.04160771737,81,11
67,6245,3274.09586371769,85,18
58,2033,811.952820431328,63,5
49,9868,2883.80695954078,90,41
70,6557,3723.17055170685,78,8
85,6542,5045.45913107484,90,5
16,8242,664.246459869137,64,48
60,6473,2757.0847962414,69,9
21,7968,780.598593900171,68,47
91,9399,7875.32176780731,91,0
69,4677,2587.67990042869,94,25
55,4405,1591.46158933493,80,25
1,1986,96.1874994294279,74,73
92,6584,5588.48512256335,97,5
72,9294,5547.10960862354,93,21
85,6735,5194.30865909341,94,9
6,1980,110.478106198651,84,78
28,1531,198.059568890301,49,21
16,9382,756.122335172561,72,56
50,2502,758.217981837501,64,14
94,8676,7569.26542945252,95,1
63,3626,1694.17009676359,84,21
18,4910,427.620106155448,49,31
26,4078,487.11059086481,86,60
32,1713,259.914827413861,57,25
34,2347,385.574724473969,82,48
18,7677,668.602760683375,85,67
24,1385,152.782680731791,45,21
74,5800,3628.74193756772,89,15
13,6056,435.142970183204,87,74
13,6572,472.219220614931,72,59
65,3199,1585.21443200632,82,17
91,7057,5912.98496812599,98,7
72,3584,2139.10488888603,91,19
37,6633,1226.86138915351,75,38
36,9439,1678.41140302817,80,44
48,1674,471.598203235947,60,12
53,5104,1720.91081726144,79,26
65,6081,3013.34447046903,66,1
83,2052,1532.91490389656,92,9
81,2548,1838.84198670271,84,3
13,7387,530.779577401475,73,60
8,1717,102.606632858829,67,59
74,6316,3951.57484097892,87,13
35,9811,1676.92607768633,43,8
49,2222,649.35337090592,86,37
96,8922,8061.9303295088,99,3
3,9115,463.971952896715,82,79
20,9303,876.216306196126,57,37
59,3040,1254.161705851,85,26
72,4822,2878.00328521441,92,20
70,1597,906.802405227365,85,15
18,2068,180.105576278914,83,65
85,1817,1401.34503839239,89,4
17,9111,763.23245964997,71,54
14,5606,418.436473317255,90,76
80,9976,7068.98951048272,82,2
66,4527,2308.14236196002,77,11
0,6600,426.57234285768,84,84
59,6330,2611.46170988053,75,16
89,5254,4289.11392346484,92,3
39,9698,1940.03314449887,70,31
57,2335,902.344238401901,78,21
82,5527,4059.558238711,84,2
43,3820,891.934391696599,60,17
56,2688,1004.60826771305,64,8
82,9447,6938.78174074594,95,13
79,4106,2854.78450791128,89,10
71,5937,3457.40776831958,95,24
7,5591,322.659811732277,70,63
28,3177,410.996244522852,77,49
97,4424,4075.3969627512,97,0
22,2142,218.297852793199,30,8
36,8447,1502.01728163777,84,48
14,5215,389.251910158666,17,3
20,2090,196.849626996657,90,70
48,7707,2171.21108264005,75,27
6,3780,210.912748197425,59,53
6,2727,152.158482628142,77,71
38,2623,504.586602804694,53,15
31,7308,1065.55171171418,78,47
37,9216,1704.62152305726,74,37
36,3432,610.266758681288,71,35
90,4527,3744.43664697013,91,1
47,3947,1071.57858873064,68,21
85,8226,6344.22910611765,89,4
33,6242,985.52251436963,64,31
81,1830,1320.67536721584,91,10
43,5567,1299.8426069568,79,36
51,3725,1170.15911428397,72,21
85,8922,6881.01289627786,86,1
14,7133,532.413015371384,85,71
23,4754,504.044465923721,61,38
93,4741,4077.99104034741,94,1
11,6128,408.434408200934,86,75
89,2671,2180.47645404922,94,5
16,5022,404.737408573503,53,37
95,6974,6182.13275585384,98,3
53,6739,2272.1822095464,91,38
66,1147,584.810976180284,71,5
35,2432,415.684866061885,87,52
43,9254,2160.72273841893,86,43
70,5135,2915.73597422825,90,20
15,1192,92.4419023108088,83,68
6,8928,498.155824313917,61,55
80,4658,3300.6568905201,91,11
7,8451,487.712049534872,48,41
20,1095,103.134134718344,85,65
0,6602,426.701607204,51,51
72,2639,1575.08309201178,81,9
19,4005,362.709137602576,87,68
78,6535,4455.0089950352,88,10
88,5331,4293.7442668265,92,4
35,5554,949.306639024552,62,27
30,6033,845.26987793467,77,47
79,5555,3862.23281574456,94,15
76,7064,4619.85933587512,85,9
32,3757,570.052543253869,89,57
0,4040,261.113979567428,63,63
96,4151,3750.84877805324,97,1
90,8319,6880.92963687751,90,0
20,2722,256.375447217656,76,56
1,8337,403.784079931088,83,82
14,4295,320.582349785517,59,45
79,9217,6408.31680696987,85,6
40,5605,1165.77100123288,79,39
76,7991,5226.1177736379,90,14
13,9790,703.442813423641,90,77
79,3264,2269.36596050229,94,15
20,2020,190.256577288635,62,42
28,3884,502.458109451292,83,55
82,5578,4097.01752406911,84,2
68,6520,3512.67863551501,90,22
65,4359,2160.03429481574,77,12
29,3818,514.023287853833,72,43
65,2375,1176.89411566584,75,10
10,3859,247.872351075379,43,33
54,6975,2434.92794572372,74,20
24,4822,531.926416237324,65,41
99,3962,3773.33333333333,99,0
49,2809,820.89721821545,55,6
96,8263,7466.45710745699,98,2
4,2548,133.479068314286,77,73
44,4896,1187.5718945335,92,48
87,1615,1282.78665216092,92,5
93,1809,1556.01893946181,95,2
54,3990,1392.88351303765,93,39
30,6906,967.583917954058,76,46
99,1227,1168.57142857143,99,0
95,2228,1975.02032980246,97,2
70,6552,3720.33147091402,92,22
0,8499,549.308839689003,70,70
47,1496,406.151904925523,69,22
29,7454,1003.5436321798,62,33
66,7267,3705.16247942644,74,8
73,5651,3454.40090436688,84,11
90,5602,4633.6059413136,90,0
87,3917,3111.25406595314,89,2
52,5009,1630.49621182874,85,33
97,5950,5481.15097838373,99,2
90,3895,3221.6878153189,90,0
81,5816,4197.29395394935,86,5
66,2722,1387.8426130451,68,2
24,4338,478.535212284843,65,41
53,5994,2020.99126933093,78,25
55,1462,528.19905643761,63,8
51,5942,1866.60012270479,56,5
20,1112,104.73530393315,86,66
15,3526,273.448110358987,77,62
77,1024,683.980366036316,83,6
69,3001,1660.38644027935,82,13
30,2293,321.267003166617,89,59
8,8181,488.890427150891,47,39
11,1507,100.442338961946,80,69
45,5693,1434.13626248116,60,15
47,2878,781.353731534528,63,16
54,1765,616.150225692095,81,27
35,3166,541.14238731576,70,35
85,2735,2109.34434782783,85,0
38,7954,1530.11126142148,82,44
84,2360,1791.91140400187,91,7
27,1481,184.101143829804,76,49
27,5516,685.686636978527,71,44
0,2681,173.278856242642,76,76
53,4642,1565.13871742312,74,21
58,3947,1576.37864350342,64,6
57,6416,2479.41783022981,76,19
67,5316,2787.04461353455,81,14
24,7735,853.266451595957,80,56
82,9855,7238.4560236108,89,7
83,5717,4270.79654267866,92,9
71,4571,2661.9186304512,79,8
26,4705,562.004740073303,87,61
3,6981,355.347032712229,71,68
42,2334,524.468777444815,69,27
75,2127,1361.0474422634,75,0
57,4030,1557.36500246666,93,36
62,5466,2477.68679563811,84,22
15,5390,418.004910616829,87,72
47,1243,337.464450416059,87,40
40,7626,1586.11412228402,55,15
64,2212,1064.67043311176,81,17
42,5727,1286.90346547835,71,29
46,3923,1026.07661294343,78,32
67,4951,2595.6843268641,83,16
31,3383,493.26237557869,81,50
39,9100,1820.40643585685,84,45
62,6539,2964.06768325606,72,10
78,8897,6065.22035636238,84,6
81,2981,2151.3296555576,81,0
9,3087,191.181422974126,83,74
46,2056,537.755165998392,86,40
24,6897,760.824656322859,82,58
33,3010,475.235944929924,74,41
5,5990,323.587651127759,69,64
52,4367,1421.51666142066,77,25
56,9927,3710.09906011437,85,29
0,8109,524.102292156504,0,0
65,4212,2087.19074323558,91,26
99,8098,7712.38095238095,99,0
8,6876,410.904605438153,89,81
41,4838,1046.01476055497,75,34
16,7119,573.740663407958,76,60
23,1198,127.018357210058,89,66
60,3349,1426.46021668661,93,33
98,9130,8560.66794174104,98,0
45,7911,1992.87756411179,53,8
71,9864,5744.29345236725,88,17
90,9950,8229.98556159769,91,1
12,7885,545.577683851444,80,68
84,4484,3404.63166760355,89,5
56,4236,1583.15499331565,86,30
35,8729,1491.98733382163,78,43
78,3824,2606.87902020116,85,7
40,2156,448.421459171826,78,38
34,3085,506.816371965144,82,48
15,2256,174.957157393611,90,75
80,4605,3263.10111224669,93,13
90,1121,927.217468799097,90,0
0,5826,376.547040831643,60,60
81,9448,6818.43763358209,87,6
70,5444,3091.19116722466,80,10
23,7694,815.758965253914,67,44
11,6215,414.233003748173,70,59
71,3450,2009.10507001896,87,16
86,1163,910.521499710511,91,5
49,8694,2540.71926492172,69,20
43,8785,2051.21561022372,85,42
22,2265,230.833163667878,82,60
37,7316,1353.19130454502,92,55
31,3753,547.21066968573,80,49
46,6450,1687.02374547161,71,25
7,4631,267.257661980357,87,80
17,3216,269.405728266305,90,73
82,7821,5744.49158403451,83,1
73,7954,4862.20222851427,73,0
31,3791,552.751305296723,74,43
4,4060,212.686427533752,79,75
59,3064,1264.06298247613,76,17
20,5526,520.474181236138,89,69
68,8896,4792.75907078857,70,2
96,1022,923.480474866397,96,0
27,8773,1090.55998299721,85,58
48,6717,1892.308919436,88,40
51,2486,780.943773989247,72,21
85,2510,1935.81510531915,85,0
38,7612,1464.32070932113,86,48
59,2074,855.635321689133,74,15
84,1362,1034.14547976718,91,7
18,1114,97.0201218446372,73,55
80,5927,4199.86977031186,90,10
0,8794,568.375330771278,86,86
21,3540,346.802086145407,79,58
52,3255,1059.54585136805,74,22
7,8217,474.207775532842,75,68
68,9438,5084.76395122556,68,0
95,6210,5504.88161942247,97,2
59,6657,2746.36660389805,88,29
5,2360,127.490293265695,83,78
44,1189,288.403386969021,68,24
67,2704,1417.63894563533,67,0
64,3168,1524.80828756693,67,3
22,5010,510.584613675969,90,68
6,6987,389.85380202524,78,72
88,6539,5266.70301271403,98,10
99,9076,8643.80952380952,99,0
15,5903,457.789051460323,73,58
32,3771,572.17677418428,71,39
19,2032,184.026209140683,61,42
41,3113,673.055797769248,85,44
67,6283,3294.01830452174,76,9
39,3564,712.959179933387,87,48
44,3956,959.565852690872,87,43
44,8364,2028.76865316139,91,47
31,9679,1411.2582126001,62,31
65,7119,3527.70914081056,90,25
58,4875,1947.00934559898,59,1
88,7295,5875.60765831914,91,3
52,8573,2790.62567858011,73,21
85,4731,3648.74153914936,96,11
20,7731,728.155247038832,82,62
63,1871,874.184294275973,67,4
48,5825,1641.01525319558,75,27
25,4350,499.308112025977,84,59
7,6191,357.286155327227,72,65
88,9100,7329.40777117261,88,0
3,5536,281.793607376436,64,61
37,5016,927.775776872309,84,47
28,5552,718.240840286708,86,58
91,8793,7367.56083671983,97,6
9,1921,118.969716078165,78,69
91,7439,6233.05869036266,99,8
57,3212,1241.25468682951,75,18
70,5269,2991.82333947588,81,11
37,8285,1532.42071598626,83,46
82,1385,1017.27667099959,82,0
12,6670,461.50959432963,74,62
75,2098,1342.49061300828,85,10
49,9055,2646.21726982588,62,13
89,3937,3213.97821025525,94,5
44,4693,1138.33229188025,86,42
28,7436,961.966658568437,30,2
30,1126,157.761293312521,83,53
88,6473,5213.54467063739,88,0
98,7441,6976.99125459968,98,0
62,1209,548.028418574182,75,13
41,3255,703.75734716958,69,28
67,2129,1116.18095978462,88,21
12,7471,516.932260755122,39,27
41,5489,1186.76622998889,89,48
22,8496,865.853668221764,78,56
26,1541,184.069990319439,87,61
52,3711,1207.97992455509,55,3
7,3826,220.800650990465,70,63
68,5090,2742.25985502629,89,21
21,1617,158.41213934947,39,18
75,6555,4194.48330232092,82,7
15,2171,168.365243218763,43,28
69,4384,2425.56952821881,84,15
46,3151,824.156871624967,84,38
91,5179,4339.42881534994,93,2
96,7713,6969.47642137429,98,2
28,4287,554.592666121959,89,61
51,1256,394.555663769306,85,34
74,1112,695.717419754363,88,14
7,3339,192.695602105897,51,44
81,7985,5762.61902033795,81,0
77,7017,4687.00217624691,84,7
8,5205,311.046898095635,83,75
41,4019,868.940331267141,58,17
20,5050,475.641443221588,70,50
14,1691,126.217637598908,90,76
3,6277,319.512007496728,70,67
45,9285,2339.00495294881,56,11
21,7791,763.2584895929,72,51
97,8160,7517.00705606911,98,1
72,6596,3936.81245733601,82,10
37,7255,1341.90854489805,63,26
15,7813,605.913240565729,76,61
76,4601,3009.05617275785,77,1
81,2506,1808.53140450431,87,6
87,1656,1315.35275292785,91,4
74,4252,2660.24322733413,93,19
1,7663,371.140386771252,82,81
10,7902,507.563440838986,59,49
2,3500,173.533124237913,76,74
97,2277,2097.57660130752,98,1
85,1075,829.084158652622,85,0
45,1691,425.983562244096,77,32
61,9208,4047.10714129048,83,22
76,9711,6350.99858588382,83,7
21,5017,491.498888754663,76,55
61,4632,2035.86015187418,75,14
35,8403,1436.26641838734,91,56
99,1656,1577.14285714286,99,0
97,4620,4255.95252439207,97,0
14,8744,652.659386850887,56,42
23,5584,592.045498047551,67,44
4,5160,270.310829082306,66,62
23,9185,973.842747057084,85,62
28,8295,1073.09217762576,75,47
39,5549,1110.04783654612,63,24
94,7792,6798.03091589373,96,2
18,5923,515.843969197295,80,62
33,5189,819.268876492152,89,56
81,2261,1631.71967501366,92,11
32,7837,1189.11412868793,82,50
94,5534,4828.06764483521,94,0
90,7453,6164.63139603896,93,3
29,6653,895.703754345613,59,30
99,1922,1830.47619047619,99,0
45,4989,1256.79006034051,91,46
32,2519,382.209836693238,79,47
2,2578,127.819541224383,79,77
64,9984,4805.45642142305,75,11
11,7942,529.338457887046,85,74
64,4972,2393.10189576476,80,16
91,8861,7424.53731083526,96,5
6,4900,273.405414329995,85,79
27,2845,353.658172988381,83,56
35,4355,744.369897902759,85,50
99,7959,7580,99,0
32,2791,423.480609055509,87,55
15,5834,452.437968188975,73,58
89,4841,3951.96050694581,89,0
68,9275,4996.94698533768,74,6
38,1981,381.085040090011,79,41
0,2731,176.510464900655,82,82
8,8298,495.882259442378,78,70
23,6069,643.467787903042,44,21
92,2861,2428.41068281497,92,0
24,3378,372.635303618764,71,47
43,4067,949.606589274887,52,9
20,9492,894.017540407786,58,38
51,6371,2001.3647562693,71,20
15,2069,160.454946208946,74,59
1,1722,83.4012457288393,72,71
97,5499,5065.68894624069,98,1
90,6044,4999.19926977854,92,2
41,7598,1642.74910101213,81,40
50,5545,1680.38317717384,80,30
43,2535,591.898869882429,79,36
90,4544,3758.49792883416,91,1
24,4683,516.592991961715,87,63
21,2683,262.844631957098,84,63
24,8125,896.288289491551,66,42
34,3323,545.915981860672,78,44
65,6391,3166.96012346121,75,10
34,1489,244.618987959838,80,46
94,9988,8713.90307853524,95,1
85,4982,3842.32304968127,96,11
56,9257,3459.69446957578,79,23
51,5501,1728.06584904057,90,39
62,1583,717.55912870383,78,16
45,4812,1212.20159758639,82,37
90,2568,2124.08069569677,90,0
91,2678,2243.86761295755,91,0
82,5065,3720.22118311402,93,11
63,8553,3996.20431263623,67,4
1,5914,286.431456004852,27,26
12,4419,305.758755223783,57,45
92,5564,4722.71130345421,93,1
29,5339,718.797887336724,83,54
79,9290,6459.07162165022,82,3
98,3755,3520.84426300521,99,1
1,7937,384.410968263529,76,75
51,9917,3115.29340573265,82,31
87,5857,4652.18663882756,97,10
96,1693,1529.79691188729,98,2
42,3521,791.197328784574,91,49
49,9446,2760.48242195199,91,42
1,1661,80.4468461995366,59,58
9,6412,397.102456789795,89,80
16,4004,322.693863785007,66,50
12,6470,447.671225684064,73,61
95,6744,5978.24825143078,96,1
65,2694,1334.96957793843,78,13
29,5598,753.667460818689,88,59
64,1923,925.570182131062,80,16
96,6015,5435.16150324988,96,0
26,5112,610.620240436711,86,60
29,2407,324.058159733938,75,46
89,3597,2936.41849689818,93,4
89,9690,7910.45183067649,91,2
17,8428,706.017250568538,51,34
78,4408,3005.0007115708,90,12
89,6180,5045.0559663138,97,8
33,1044,164.832666613568,63,30
18,8761,763.01013238857,71,53
53,3561,1200.65897732523,78,25
89,4093,3341.32913756025,94,5
21,9720,952.236236534847,86,65
3,5885,299.558413910825,65,62
96,7622,6887.24870785879,96,0
98,2496,2340.35347016272,98,0
8,8802,526.000921621091,79,71
83,2557,1910.16735344225,85,2
36,4258,757.143315403533,61,25
46,6841,1789.29138647617,66,20
32,2958,448.819649439698,87,55
87,5461,4337.64576312742,90,3
39,9117,1823.80719513263,77,38
67,6118,3207.51296945153,91,24
54,9387,3276.94173856753,68,14
60,1626,692.572204339336,68,8
30,2217,310.618816406624,50,20
79,8370,5819.42190239099,82,3
66,2572,1311.36340953417,80,14
92,4199,3564.10222199932,95,3
13,5286,379.81600732966,86,73
38,9170,1764.03322444493,64,26
94,5955,5195.36371973141,99,5
82,2354,1729.00309280364,82,0
38,7565,1455.27931765822,79,41
72,2547,1520.17303348011,90,18
3,4091,208.240182040643,73,70
44,9463,2295.34167442207,85,41
39,4615,923.206121041689,66,27
95,2113,1873.07807759093,96,1
53,6653,2243.18567148126,58,5
76,6383,4174.48501428241,90,14
75,9860,6309.32194674055,87,12
83,2565,1916.1436298707,90,7
37,8833,1633.78058953611,52,15
80,4606,3263.80971183675,83,3
39,3234,646.944441050666,63,24
43,2740,639.764458965624,88,45
32,6703,1017.05142332464,72,40
14,1379,102.929699733231,42,28
1,6766,327.696183856752,79,78
60,1287,548.17984439405,82,22
22,9653,983.767120920985,88,66
23,7833,830.496487501158,65,42
29,3398,457.478033558754,87,58
43,9465,2209.98927157286,48,5
7,4824,278.395802503399,84,77
35,6571,1123.1353844131,82,47
50,1217,368.805469183149,73,23
40,4668,970.886535906347,69,29
20,2028,191.010068683838,74,54
2,2477,122.811871067803,73,71
96,4409,3983.9778998884,97,1
55,2506,905.380872388953,69,14
30,1802,252.474112388244,82,52
57,6589,2546.27245688656,61,4
88,1566,1261.30248018201,92,4
51,2821,886.17956010606,60,9
67,7534,3949.88602678128,90,23
63,1929,901.28354017015,68,5
48,3395,956.437216240168,79,31
66,9438,4812.07148490804,67,1
57,5279,2040.03222035274,89,32
85,4486,3459.78747508434,85,0
20,5710,537.804483325796,64,44
7,3328,192.060785806657,83,76
72,3818,2278.76742906441,84,12
12,7522,520.461044759742,86,74
56,1609,601.344755487461,91,35
15,4024,312.068972230449,46,31
6,3037,169.455559861264,60,54
50,2302,697.60903045161,88,38
19,4369,395.674462468328,90,71
36,3327,591.59600994541,50,14
21,9568,937.345299502615,61,40
79,9648,6707.97879501414,91,12
16,7635,615.326585913718,66,50
52,5141,1673.46396985657,70,18
4,2988,156.528828933707,82,78
45,3219,810.905432799377,88,43
91,3642,3051.59292247625,96,5
65,2192,1086.21132696401,72,7
30,2142,300.110737367158,87,57
94,1365,1190.87682240695,94,0
26,6162,736.041064470073,84,58
89,6160,5028.72892435162,92,3
12,6352,439.50658818318,79,67
57,3548,1371.09951085651,69,12
89,7358,6006.71873788623,90,1
0,3042,196.611070753494,61,61
68,1728,930.967589289867,77,9
66,9652,4921.18181525031,76,10
43,5389,1258.28126619188,78,35
16,8227,663.03756677304,84,68
58,1125,449.30984898438,73,15
18,2367,206.145986002025,76,58
42,5640,1267.35385809287,54,12
80,2671,1892.66950506208,82,2
42,9410,2114.50351146346,85,43
95,4545,4028.93509827297,96,1
41,9641,2084.46223780704,80,39
76,2847,1861.9393444559,83,7
54,3934,1373.33427074941,67,13
40,9999,2079.66891013872,80,40
56,6516,2435.27807753654,68,12
80,5195,3681.1748703847,80,0
74,9503,5945.50597115622,80,6
36,3715,660.588871940847,86,50
64,4073,1960.39903890786,84,20
44,6174,1497.56308759187,65,21
26,6975,833.152616793048,60,34
87,2427,1927.75430637434,92,5
40,1728,359.402727944766,85,45
52,1458,474.598418216471,71,19
83,8351,6238.48555674471,85,2
33,9617,1518.38673833591,74,41
11,8192,546.001088769917,82,71
51,3666,1151.62505046041,81,30
48,2476,697.537127366909,77,29
66,2081,1061.02148337504,79,13
63,7947,3713.06391587983,83,20
84,3821,2901.22604859794,96,12
46,3795,992.597692103063,79,33
50,5955,1804.63152751492,91,41
82,9687,7115.06073066645,83,1
28,6634,858.215009809442,55,27
34,9126,1499.25647019575,81,47
27,1208,150.164876263608,46,19
67,7301,3827.73000816699,85,18
42,2814,632.32868026123,82,40
11,1215,80.9803860907531,64,53
28,1326,171.539509045421,63,35
84,6728,5108.46607039177,90,6
25,2547,292.353508351762,84,59
5,8251,445.729834633579,37,32
75,1496,957.276433298566,82,7
90,2543,2103.40234001437,93,3
51,1817,570.786338430596,79,28
16,4131,332.929158665301,75,59
1,6877,333.072222344499,36,35
64,2177,1047.82438195493,79,15
6,3603,201.036675067545,76,70
87,3613,2869.78834319344,91,4
37,4700,869.327382635537,81,44
0,5016,324.194980571837,20,20
87,6385,5071.57447309441,87,0
23,2438,258.489778696262,81,58
82,6015,4417.9921848827,84,2
22,2597,264.668311719859,55,33
62,6639,3009.39675013565,88,26
19,4311,390.42174586884,59,40
53,9687,3266.15656089568,63,10
43,2944,687.396557370363,47,4
92,5932,5035.068916623,97,5
30,3260,456.751168915469,88,58
39,6903,1380.90831062855,71,32
58,9123,3643.603335364,79,21
29,5590,752.590408355926,60,31
76,8531,5579.27802864534,77,1
47,4779,1297.4598620582,84,37
37,4414,816.4278865858,75,38
93,5430,4670.63728097162,96,3
68,5018,2703.46953880587,90,22
7,3783,218.31909636616,71,64
70,9196,5221.63739415833,91,21
3,8246,419.738093646331,73,70
90,6869,5681.58500729794,90,0
68,9707,5229.68888266015,77,9
42,4858,1091.63209975446,73,31
65,3052,1512.37088042616,94,29
67,8065,4228.27592327993,76,9
51,7419,2330.57999164369,68,17
41,5861,1267.19564109398,78,37
70,1782,1011.84839456178,82,12
10,7754,498.05706406802,56,46
22,1605,163.570519950086,86,64
16,3641,293.438650859443,86,70
48,8111,2285.02570277585,81,33
78,3418,2330.10263887227,89,11
38,5609,1079.00352845274,87,49
93,2927,2517.67132990864,95,2
16,4705,379.189467809305,72,56
8,6487,387.658257050218,58,50
6,3689,205.835219074153,73,67
41,2789,603.004375193843,81,40
71,4548,2648.52459665108,78,7
99,7760,7390.47619047619,99,0
30,1892,265.083807235603,78,48
1,5884,284.978472629785,62,61
58,3653,1458.95900296884,69,11
1,4333,209.859232138827,78,77
90,4060,3358.16496282278,93,3
59,1468,605.628086904362,92,33
16,9920,799.481300885931,22,6
28,2216,286.675378615876,82,54
6,8162,455.415304441106,65,59
65,4109,2036.15070369302,88,23
1,7756,375.644635233959,66,65
1,5276,255.531342895096,56,55
15,8709,675.399771161774,85,70
19,5846,529.437607596669,84,65
93,8997,7738.80729593032,95,2
94,7267,6340.00136881414,95,1
2,5060,250.879316755383,74,72
22,2405,245.100997183774,65,43
40,1069,222.338840377867,82,42
90,1947,1610.4303405458,96,6
71,4881,2842.44691210508,81,10
42,2312,519.52519856573,56,14
94,6034,5264.28626110149,94,0
97,4532,4174.8867620227,97,0
68,9829,5295.41691847807,78,10
41,9712,2099.81301250721,70,29
91,4546,3809.04487248133,93,2
37,2866,530.104740134776,72,35
49,7886,2304.59076641048,74,25
93,5512,4741.16992499366,95,2
50,5855,1774.32705182197,79,29
7,1884,108.726718888143,65,58
45,4932,1242.43106386037,71,26
72,2248,1341.71534325218,80,8
63,6773,3164.53780071147,91,28
21,7165,701.931341025944,41,20
80,5505,3900.84074330467,90,10
52,9262,3014.90435495264,71,19
63,8774,4099.4617840606,88,25
62,3849,1744.71578419523,83,21
35,7684,1313.37274293566,83,48
10,1879,120.692445625975,77,67
68,5038,2714.24462664488,92,24
51,2870,901.572257179862,83,32
68,9542,5140.79440798837,83,15
58,2449,978.097617922441,82,24
88,5680,4574.83913629235,88,0
15,6977,541.079825857813,72,57
71,6837,3981.52213441148,86,15
33,6072,958.681946051329,90,57
82,1953,1434.47028047812,82,0
61,2262,994.195954995554,85,24
40,4875,1013.9399876914,83,43
22,1058,107.824056141552,66,44
42,4211,946.24593908317,72,30
68,7821,4213.59809944216,79,11
46,2982,779.95423395292,75,29
89,4274,3489.08886731799,92,3
50,5062,1534.01255957691,50,0
1,1518,73.5209587783845,86,85
75,1614,1032.78353164698,83,8
93,4191,3604.90623288251,93,0
6,2908,162.257743851352,85,79
48,1442,406.239312464896,68,20
73,8750,5348.78922548402,84,11
81,1418,1023.34298946014,87,6
72,9307,5554.86863863345,79,7
5,6967,376.366471687328,68,63
45,2459,619.452146397535,75,30
77,1522,1016.61925498757,84,7
88,2522,2031.29301086784,94,6
61,7282,3200.59016104227,63,2
79,4870,3385.97188347003,84,5
86,6083,4762.42672634483,88,2
24,4116,454.045858405812,72,48
89,4043,3300.5115326548,93,4
69,9754,5396.67088919852,71,2
10,5576,358.159168073676,88,78
51,2005,629.844033326001,78,27
87,4975,3951.61832476816,87,0
83,4383,3274.25244823519,84,1
73,4945,3022.83002514497,94,21
15,9772,757.837474313107,74,59
43,2147,501.304486642042,83,40
47,8213,2229.76309836452,62,15
46,5068,1325.55602202327,60,14
42,9423,2117.42471716474,77,35
77,6533,4363.71458136255,78,1
81,4656,3360.14454085078,86,5
4,2723,142.646586742465,75,71
25,8449,969.805572070685,88,63
72,2790,1665.2072098192,75,3
70,2519,1430.32890342375,78,8
88,9327,7512.24025073922,90,2
67,5780,3030.30810124712,84,17
93,2879,2476.38392852989,94,1
89,1435,1171.46526078646,94,5
6,5532,308.669133076231,77,71
56,6073,2269.7120572252,85,29
34,4403,723.34278306727,88,54
45,6424,1618.28409453346,82,37
62,5172,2344.41933901213,92,30
19,3363,304.566998691002,64,45
61,1041,457.54110926188,79,18
44,8114,1968.12874841601,60,16
74,9949,6224.54371325194,96,22
61,2492,1095.28572937618,69,8
93,2444,2102.21685353492,94,1
67,1052,551.537045417295,75,8
13,3757,269.952466806192,84,71
15,1581,122.609603652172,77,62
82,7297,5359.61578937474,87,5
52,9207,2997.00112244105,54,2
34,5391,885.655449356269,91,57
56,7517,2809.3900105651,58,2
47,8872,2408.67627038719,70,23
1,4912,237.901811277618,85,84
34,7771,1276.65154831155,63,29
35,4143,708.134210565128,80,45
99,3079,2932.38095238095,99,0
63,4501,2102.99492706368,78,15
25,4429,508.376006474265,28,3
8,4032,240.949297429702,81,73
81,2248,1622.33782814273,88,7
61,6876,3022.14473322256,65,4
48,5414,1525.22859756238,72,24
8,2331,139.298812576547,42,34
1,2531,122.583364076476,45,44
64,3338,1606.6319646144,85,21
18,5049,439.725848468199,59,41
49,3242,947.436376452292,64,15
52,2121,690.413748310791,88,36
15,5364,415.98856039864,84,69
62,6878,3117.73321997785,86,24
5,1352,73.0368120742454,78,73
58,3348,1337.14611057751,81,23
78,4445,3030.22417489387,85,7
8,2310,138.0438683191,78,70
65,6823,3381.03096892126,75,10
74,6103,3818.31242154755,76,2
85,7665,5911.56286146265,86,1
94,7242,6318.19043800082,96,2
44,1679,407.257600269963,78,34
13,5683,408.341727138565,72,59
78,1100,749.886747442803,93,15
62,2894,1311.82319549519,94,32
43,5439,1269.95580011461,81,38
90,5252,4344.10896175991,90,0
56,8134,3039.98647677751,88,32
26,9105,1087.57771697501,59,33
94,8005,6983.86004642317,96,2
21,4492,440.066375978861,57,36
12,2347,162.393256055718,88,76
27,9935,1235.00666033025,91,64
41,2578,557.384467282082,45,4
33,4754,750.588598736498,79,46
57,7334,2834.17243873214,92,35
47,4122,1119.08967386564,71,24
57,5036,1946.12658869035,88,31
71,5646,3287.9441232832,79,8
98,5956,5584.59345684662,98,0
21,2778,272.151467602243,81,60
4,6643,347.998999533674,89,85
57,3847,1486.64594652339,81,24
95,8590,7614.64301301756,98,3
8,4669,279.015939905575,83,75
66,1088,554.729156132649,79,13
77,7895,5273.46190415695,88,11
17,7748,649.053352800787,88,71
86,9730,7617.69062096584,89,3
30,6106,855.497741533084,78,48
1,5730,277.519824637775,69,68
82,2967,2179.24901289226,90,8
62,5780,2620.02006564001,74,12
65,4982,2468.75220389356,81,16
63,2593,1211.52318282074,92,29
21,1863,182.511945335846,45,24
6,2765,154.278769514783,69,63
66,5789,2951.58739416536,68,2
73,1739,1063.03365292762,90,17
5,6776,366.04840134252,73,68
67,3761,1971.79736484263,95,28
14,1470,109.722014944054,43,29
76,6338,4145.05499303179,81,5
96,3637,3286.39773687778,98,2
81,8709,6285.11572299602,81,0
29,1918,258.223327947525,65,36
41,1678,362.797182350401,67,26
81,9739,7028.44666738526,86,5
20,5562,523.86489251455,53,33
4,6920,362.509871559991,75,71
88,4455,3588.18809017296,90,2
25,9818,1126.94414801633,60,35
3,3841,195.514675927184,74,71
73,7893,4824.91352648519,73,0
39,5657,1131.65266018046,64,25
99,9165,8728.57142857143,99,0
8,9291,555.223195044485,56,48
80,6858,4859.57598866184,83,3
68,9272,4995.33072216183,82,14
22,4971,506.610002910827,78,56
16,3556,286.588256648223,35,19
14,8394,626.535097578493,80,66
0,4088,264.21632387912,88,88
77,2615,1746.68814178219,86,9
62,3478,1576.54494607197,71,9
36,3762,668.946254708335,61,25
29,6236,839.56239472407,84,55
84,6841,5194.26521812576,86,2
1,5556,269.092521062387,81,80
82,5857,4301.9418498517,82,0
42,5758,1293.86941753524,47,5
2,6236,309.186446499322,74,72
80,5462,3870.3709609319,83,3
68,6329,3409.77654665253,72,4
25,9878,1133.83115645807,76,51
59,7353,3033.50362602709,85,26
65,6261,3102.54065607739,88,23
68,2527,1361.43234845804,72,4
96,6909,6242.98101844612,97,1
60,3496,1489.07283294607,84,24
22,6127,624.421542513506,80,58
37,3986,737.263605784096,84,47
54,1417,494.665648615127,64,10
27,7994,993.723527194769,79,52
29,2086,280.841429665557,76,47
99,9314,8870.47619047619,99,0
44,3067,743.930351416305,61,17
63,7629,3564.48529183934,72,9
24,9261,1021.60318141308,57,33
63,2369,1106.86402626391,77,14
16,8530,687.457207314213,63,47
67,1117,585.614904687375,70,3
19,8482,768.164520635468,79,60
10,3261,209.46145033864,36,26
60,8802,3749.09012459707,67,7
99,4475,4261.90476190476,99,0
60,3500,1490.7765776062,86,26
14,7657,571.524808453482,81,67
43,4840,1130.0948837203,62,19
48,3422,964.043638873006,93,45
9,5034,311.761348640023,72,63
20,1478,139.207535263665,80,60
92,9013,7650.21512904974,92,0
56,3505,1309.9523728922,88,32
92,4515,3832.32234635078,95,3
4,6987,366.019721472494,18,14
5,8576,463.286760612965,63,58
0,3557,229.896639931025,82,82
29,6035,812.50145159714,86,57
17,1923,161.090552069684,80,63
43,7874,1838.50560215158,75,32
57,6215,2401.7428015708,86,29
58,5764,2302.06397292975,86,28
85,9295,7168.68581830337,87,2
67,4903,2570.51913848004,73,6
93,9617,8272.10289707257,94,1
3,6981,355.347032712229,85,82
97,6054,5576.9559702748,97,0
10,9799,629.412067423592,77,67
98,9468,8877.59080749224,98,0
40,9333,1941.14910874335,73,33
97,3618,3332.90827559535,97,0
21,6886,674.598634236518,66,45
36,6572,1168.61105421137,72,36
0,3898,251.936210978672,79,79
60,4216,1795.74687176792,75,15
19,9120,825.944403229836,40,21
74,9781,6119.43532609481,79,5
76,3838,2510.05381244178,84,8
57,7698,2974.83766476139,58,1
64,1752,843.265189336256,90,26
6,5654,315.476369922815,46,40
37,2968,548.970993970697,83,46
6,1752,97.7563848788063,82,76
88,3231,2602.34247347898,93,5
56,5737,2144.13602376107,71,15
35,2846,486.447010202354,63,28
28,5387,696.895426265219,86,58
31,1364,198.879657194601,51,20
65,8428,4176.36362392913,78,13
75,4370,2796.32220154728,85,10
60,3263,1389.829706494,75,15
94,9201,8027.29497653212,94,0
80,4769,3379.31144501725,84,4
34,3655,600.458294824182,77,43
57,1931,746.221295226583,79,22
78,2330,1588.39647412885,82,4
34,2262,371.610578082708,86,52
46,6593,1724.42597734796,74,28
62,7133,3233.3223405208,74,12
20,6918,651.581684001376,78,58
18,1255,109.300047500018,80,62
41,5090,1100.49920033584,79,38
33,8102,1279.18990891104,82,49
76,5422,3545.99056046361,83,7
58,1363,544.363843702853,79,21
12,2408,166.613958492616,59,47
88,8094,6519.1457692166,91,3
87,1720,1366.1876419299,91,4
28,1600,206.985832935651,80,52
86,4000,3131.63026555636,90,4
51,7188,2258.01441972434,69,18
27,2588,321.710844180643,41,14
48,4019,1132.23009486575,63,15
45,2907,732.308820487042,47,2
31,5300,772.772861533272,87,56
13,5969,428.891741912739,57,44
59,9421,3886.66362855994,84,25
88,6482,5220.79353546603,92,4
62,2034,921.993220330758,83,21
33,6385,1008.1001688962,79,46
67,7240,3795.74924792891,91,24
51,8897,2794.87399725757,83,32
75,3379,2162.19055355338,93,18
48,6515,1835.4016093681,66,18
52,9865,3211.1888859434,60,8
27,3038,377.649746762285,61,34
95,4988,4421.63438287911,97,2
47,4828,1310.76296589601,86,39
26,5664,676.555759357107,51,25
33,7124,1124.77769823282,92,59
81,9988,7208.14511899004,89,8
54,3815,1331.79213088688,75,21
36,7992,1421.1107037823,85,49
89,2048,1671.88909692729,90,1
34,3121,512.730598672031,87,53
72,7308,4361.76856249417,79,7
74,4682,2929.27064684346,95,21
82,3163,2323.21018799401,95,13
36,3992,709.844085272641,73,37
30,5592,783.482373182608,87,57
26,1465,174.9919116275,68,42
1,1596,77.2987155535584,59,58
92,2082,1767.19714841691,98,6
25,1163,133.493180295681,52,27
40,8831,1836.73928847236,90,50
29,9246,1244.8033838388,77,48
74,9281,5806.61274527,80,6
20,6787,639.243262404935,86,66
74,1231,770.169193990666,96,22
65,8066,3996.98018398343,80,15
21,1332,130.491632414035,82,61
5,7203,389.115501013898,72,67
54,8514,2972.18301503824,85,31
89,1093,892.272843233168,95,6
18,7018,611.209349286952,81,63
90,2235,1848.64499800712,90,0
23,8054,853.928087620877,71,48
93,3221,2770.55666335351,98,5
41,5123,1107.63406745,88,47
71,3814,2221.08021363835,74,3
81,9359,6754.20806654263,85,4
44,9006,2184.49192854752,74,30
86,3995,3127.71572772441,96,10
39,8285,1657.37003528286,51,12
52,5390,1754.51678613633,79,27
92,6993,5935.64344806888,95,3
41,3402,735.539937041755,85,44
81,6858,4949.28506468099,89,8
94,5893,5141.2726113144,96,2
14,5826,434.857455145616,65,51
61,1315,577.969797002278,74,13
92,1948,1653.4582349261,92,0
92,3874,3288.24291689101,92,0
52,5930,1930.29397806836,73,21
97,8273,7621.10286456615,97,0
89,5206,4249.9290227556,91,2
75,6851,4383.89093885593,80,5
90,6213,5138.9849541916,94,4
23,6110,647.814826839279,73,50
40,5421,1127.50126631283,84,44
60,4972,2117.75461253086,63,3
1,4759,230.491596064777,79,78
5,3852,208.090088838753,66,61
68,6355,3423.78416084323,77,9
9,2986,184.926378037169,56,47
65,7807,3868.63678358029,91,26
46,4475,1170.45445906751,80,34
19,4609,417.409841500692,88,69
57,2488,961.470006485623,57,0
12,5501,380.624329596296,89,77
55,6402,2312.94826218439,87,32
46,3915,1023.98418039091,92,46
75,8865,5672.63073609077,78,3
4,2215,116.034590390951,55,51
49,2614,763.910761272761,88,39
81,3713,2679.59980244393,83,2
14,9520,710.580668209109,17,3
82,8872,6516.44666072806,88,6
13,5072,364.439422848285,75,62
78,8361,5699.82099579025,87,9
99,6104,5813.33333333333,99,0
12,5084,351.771330970291,88,76
19,1921,173.973596338214,64,45
94,3898,3400.76033241193,94,0
39,7828,1565.94962416345,89,50
7,7369,425.269209918646,73,66
21,1000,97.9666910015274,42,21
10,3510,225.455286933035,71,61
7,2741,158.184679656264,62,55
54,6333,2210.80984663345,88,34
68,6567,3538.00009193666,80,12
5,8389,453.18477551098,82,77
20,3115,293.39071200698,83,63
83,2023,1511.25090184344,86,3
46,3499,915.177687659714,79,33
85,2580,1989.80198076629,96,11
72,8437,5035.61047643176,86,14
88,2956,2380.84938149299,90,2
5,9752,526.815822002989,31,26
35,3284,561.311307626329,86,51
85,5164,3982.68892584385,85,0
40,3220,669.720361100779,81,41
20,6211,584.991881950354,71,51
22,3262,332.440520920362,75,53
51,1572,493.822853061583,67,16
40,7103,1477.33656052759,77,37
80,2011,1424.99377561956,92,12
66,8036,4097.24586275916,69,3
72,3840,2291.89809523503,75,3
19,4114,372.580622246441,79,60
20,2061,194.118220689048,83,63
30,2134,298.989875602948,80,50
67,1890,990.879292622327,72,5
19,7979,722.610788746805,77,58
3,3813,194.089419242477,81,78
80,8088,5731.15348444108,80,0
12,5349,370.107169425666,77,65
89,6066,4951.99182712937,94,5
40,1793,372.921927780651,68,28
7,2951,170.303899914496,55,48
88,7022,5655.72542518396,94,6
88,7246,5836.14161647436,90,2
14,9531,711.401717300527,86,72
26,1466,175.111360031342,74,48
44,7888,1913.31027452619,81,37
69,2284,1263.68631442787,78,9
1,5677,274.952887341824,60,59
95,2997,2656.70373806911,97,2
99,2143,2040.95238095238,99,0
12,6615,457.704042952099,80,68
33,6487,1024.20450988718,73,40
18,1827,159.116483492058,74,56
41,5806,1255.30419590371,71,30
24,3608,398.007156736679,38,14
41,2711,586.140143833097,82,41
10,1398,89.7967211203369,81,71
86,3267,2557.75901939316,89,3
98,4908,4601.94504469497,98,0
15,3294,255.456062258225,89,74
92,5110,4337.35707416445,97,5
20,3610,340.012992085136,83,63
91,2766,2317.60187357751,92,1
47,7260,1971.03130331504,74,27
97,4315,3974.98596163459,99,2
33,5143,812.006134476611,85,52
82,2981,2189.53195397096,87,5
13,9120,655.301170421206,45,32
2,1649,81.7588919623769,76,74
15,1497,116.095241408793,67,52
0,5349,345.717494234201,81,81
8,7838,468.393004279267,75,67
8,1868,111.630279662372,82,74
9,8915,552.11609517795,46,37
42,3311,744.008621302392,73,31
8,2781,166.190475236112,20,12
23,5140,544.970247128297,82,59
48,1558,438.918757850422,70,22
12,5385,372.598075781868,57,45
34,5061,831.441704543142,64,30
14,8395,626.609738404986,80,66
65,4621,2289.86429831235,80,15
15,5179,401.641453076912,84,69
6,8227,459.042110957728,67,61
26,4368,521.750627978786,86,60
48,5025,1415.63976777816,84,36
90,4915,4065.36472716107,95,5
74,5073,3173.89790504846,92,18
74,3644,2279.85096905117,85,11
50,1488,450.930598311032,77,27
41,5209,1126.2279635657,80,39
48,7458,2101.06296280388,73,25
26,6323,755.272257488522,73,47
0,2817,182.068831792437,64,64
3,9095,462.953912407638,88,85
8,7235,432.35817631545,68,60
43,7386,1724.56215106573,83,40
92,5254,4459.58396627398,93,1
81,2501,1804.92300186164,87,6
44,3686,894.074755565863,74,30
42,7277,1635.20106832302,60,18
64,4785,2303.09585101255,91,27
18,9008,784.521775203314,78,60
20,5614,528.762586583366,75,55
71,6002,3495.26047253733,77,6
76,4258,2784.7340107809,97,21
20,9893,931.786296592312,47,27
50,6870,2081.91748010537,74,24
29,2323,312.749108874922,79,50
0,1742,112.589245645163,71,71
27,1137,141.338960522949,79,52
78,6806,4639.75382099611,91,13
23,2517,266.865780549013,73,50
82,7140,5244.29995013507,84,2
85,4988,3846.95049614817,86,1
25,1400,160.696863640544,82,57
37,5704,1055.03050862832,69,32
41,1786,386.147656542203,80,39
98,7193,6744.45613416685,98,0
91,6142,5146.31623554341,93,2
75,2150,1375.7649275347,81,6
95,6173,5472.08280784137,98,3
28,3605,466.364954833138,78,50
29,9308,1253.15054042522,84,55
61,8073,3548.25108075999,79,18
7,4874,281.281331136311,67,60
58,6002,2397.11796764822,70,12
32,7941,1204.89412988527,71,39
33,2474,390.60921187928,56,23
22,5865,597.720311219473,23,1
46,1004,262.600285341627,88,42
41,4549,983.530621282464,82,41
33,9655,1524.38639478353,56,23
75,6270,4012.11446308958,81,6
40,4713,980.245981946576,81,41
77,6670,4455.22367330296,79,2
77,4456,2976.38331157991,83,6
40,6007,1249.38205252558,73,33
14,2761,206.08332194594,68,54
84,7467,5669.57731088218,89,5
27,9471,1177.32743633496,66,39
39,6317,1263.6821379459,72,33
20,1230,115.849302012387,70,50
76,9621,6292.13854338258,79,3
40,4334,901.418647518875,90,50
66,5702,2907.22945612901,78,12
31,9474,1381.3679415408,63,32
66,9087,4633.11014869245,67,1
3,6743,343.232350892216,89,86
91,6605,5534.25899312345,94,3
57,7778,3005.75309905353,66,9
69,2501,1383.74757985293,92,23
83,7792,5820.89324130701,83,0
60,4314,1837.48861594089,83,23
91,3243,2717.27508171073,93,2
58,3886,1552.01606502516,72,14
78,2256,1537.94954748269,82,4
61,7405,3254.651214298,78,17
56,1003,374.859409418224,90,34
72,4068,2427.97954463961,86,14
63,9497,4437.26790098285,72,9
94,6510,5679.56638378699,96,2
64,5395,2596.69845688876,91,27
3,9054,460.866929405031,72,69
60,4009,1707.57808560664,75,15
78,6259,4266.85559294955,97,19
63,6318,2951.94888895542,94,31
83,3903,2915.67586252839,83,0
29,5761,775.612404747494,86,57
40,5811,1208.61646532815,77,37
11,2387,159.094799669652,87,76
18,1793,156.155366667356,70,52
11,7944,529.471758934109,55,44
30,3609,505.648763379119,75,45
28,6839,884.735069654323,34,6
98,5420,5082.01755139501,98,0
49,2798,817.682597567401,75,26
68,6117,3295.56061555909,89,21
87,3426,2721.2551518906,90,3
16,2898,233.558146166071,84,68
39,9263,1853.01371597165,76,37
63,3109,1452.61302560342,67,4
82,7509,5515.32889713785,83,1
8,3184,190.273453129011,80,72
5,5517,298.035571163914,62,57
89,6984,5701.40305319346,94,5
73,4097,2504.45593792092,79,6
15,6067,470.507568221206,67,52
15,1462,113.380923807385,82,67
62,1675,759.261870233048,76,14
28,1171,151.487756479779,77,49
5,4576,247.201517789754,80,75
73,4443,2715.96234615149,92,19
48,4512,1271.11773775424,61,13
76,4640,3034.56219117505,82,6
8,9906,591.975134012557,73,65
29,6256,842.255025880979,88,59
99,4465,4252.38095238095,99,0
16,4980,401.352507904429,85,69
71,4536,2641.53640510319,72,1
31,4237,617.78087062575,64,33
48,5624,1584.38966248445,93,45
48,8883,2502.51304620366,80,32
97,9166,8443.73611224626,97,0
21,5697,558.116238635702,74,53
5,6848,369.937935713338,53,48
50,3946,1195.81461084364,75,25
8,6635,396.502626102697,68,60
68,2609,1405.61020859795,83,15
67,6914,3624.83567682051,79,12
53,9364,3157.25095862777,80,27
90,3642,3012.42285581294,92,2
65,6746,3342.87482285547,88,23
44,5198,1260.82489946591,68,24
88,4747,3823.37348239081,88,0
56,9274,3466.04801888795,72,16
17,6254,523.900318587522,84,67
37,2728,504.579808474414,66,29
56,4771,1783.10492755169,62,6
36,5285,939.761019705888,70,34
83,1769,1321.50412524026,88,5
34,4270,701.493001066828,75,41
55,4174,1508.00469327673,58,3
7,2143,123.67375720663,69,62
33,7674,1211.61483102732,49,16
89,1425,1163.30173980537,95,6
84,4362,3311.99895943057,86,2
15,4607,357.281748276759,72,57
60,9671,4119.22865200843,85,25
13,5809,417.395230150963,85,72
13,2689,193.21325079634,88,75
67,4602,2412.71243632167,76,9
90,7724,6388.78477163624,93,3
93,6373,5481.76268722507,93,0
34,1917,314.932572141712,83,49
61,1926,846.516980248204,62,1
25,4464,512.393428065279,84,59
17,6030,505.135740499322,87,70
99,4375,4166.66666666667,99,0
23,1984,210.354274377926,73,50
69,9991,5527.79770904064,78,9
72,3172,1893.20332241811,92,20
66,2780,1417.414571736,79,13
98,3636,3409.26491086204,98,0
61,7627,3352.22482261321,61,0
57,7709,2979.08853697656,83,26
7,6255,360.979631977355,69,62
82,2525,1854.601873122,84,2
54,6294,2197.19519575413,79,25
91,4783,4007.6246425601,91,0
77,4461,2979.72305946095,81,4
91,2221,1860.95219132887,94,3
51,5245,1647.64686024682,73,22
88,5096,4104.46835185666,90,2
60,5643,2403.55777926622,66,6
2,5721,283.652286790029,70,68
46,3959,1035.49255942978,61,15
31,4603,671.145939931632,83,52
78,5306,3617.1809835741,79,1
34,1542,253.326043944976,70,36
94,4249,3706.98580103086,95,1
83,3915,2924.64027717106,92,9
48,2477,697.818846723681,90,42
66,6693,3412.50206065793,86,20
66,1712,872.88264273814,75,9
35,4243,725.226515913067,89,54
72,8202,4895.35108779108,81,9
57,9242,3571.50554659973,83,26
86,4183,3274.90235020556,88,2
6,1114,62.1578839925743,59,53
51,3105,975.394375799119,91,40
32,5163,783.386020979432,63,31
13,7461,536.096714091296,73,60
8,5876,351.145355083564,67,59
1,3660,177.26397175816,67,66
23,6351,673.366933757163,88,65
31,6700,976.901541938287,75,44
83,8930,6671.01856325354,94,11
23,8642,916.270987486915,60,37
84,8883,6744.7241532833,89,5
20,1864,175.563495082186,75,55
94,6115,5334.95367693663,94,0
40,8741,1818.0203963919,88,48
35,5147,879.740956258439,75,40
28,4644,600.776380095726,54,26
30,5824,815.98736434469,62,32
8,6899,412.279068196308,89,81
2,3322,164.707725348099,82,80
85,5214,4021.25097973467,85,0
12,2585,178.860914743942,81,69
73,8038,4913.55060507892,85,12
39,8869,1774.19611863895,67,28
46,1019,266.523596377608,70,24
75,9916,6345.15582392285,85,10
19,2082,188.554413105759,82,63
82,4356,3199.46366705719,97,15
58,6312,2520.92779270169,70,12
91,3586,3004.67112026354,93,2
97,3326,3063.91733682425,98,1
85,2115,1631.17487958167,85,0
53,4848,1634.59554116055,85,32
45,9287,2339.50877738671,85,40
72,5908,3526.18071527307,94,22
93,1553,1335.81946544179,97,4
92,4781,4058.10257760866,97,5
16,1786,143.938871308697,64,48
65,5917,2932.07683469253,84,19
52,4811,1566.044574787,92,40
55,8976,3242.89653254718,58,3
87,3663,2909.50310022629,94,7
30,6021,843.588585288355,63,33
20,6111,575.573239510322,70,50
59,2544,1049.53532226478,87,28
36,7552,1342.87137574624,84,48
50,9546,2892.8652496486,86,36
5,5269,284.638286108875,69,64
22,5652,576.012821656004,74,52
41,3380,730.783358965647,69,28
93,5952,5119.63777096557,95,2
78,6282,4282.53504312335,84,6
23,3857,408.939736026039,69,46
65,3131,1551.51809522094,79,14
44,3871,938.948285077443,77,33
44,4349,1054.89178295061,52,8
77,2055,1372.63637910608,83,6
18,4730,411.943605318792,61,43
93,9316,8013.19648425996,95,2
84,5493,4170.74972126367,92,8
46,3858,1009.07559845418,72,26
45,5402,1360.82980676677,67,22
46,6315,1651.71394614778,76,30
87,9294,7382.17903726538,88,1
88,5538,4460.46815788504,91,3
33,2172,342.927731690297,70,37
60,4958,2111.79150622043,84,24
31,8322,1213.39919880753,62,31
91,3263,2734.03286821526,94,3
40,7016,1459.24163151648,77,37
18,7805,679.750494611664,63,45
71,2138,1245.0627941161,76,5
74,8810,5511.93387413304,84,10
82,8581,6302.70838544945,94,12
58,2520,1006.45406172501,91,33
78,3391,2311.69632779868,83,5
83,2582,1928.84321728115,90,7
24,6276,692.32065290449,67,43
3,2696,137.231857927542,80,77
68,2627,1415.30778765306,76,8
32,3903,592.205237242441,79,47
20,6882,648.190972722965,69,49
48,3836,1080.67545257652,80,32
22,1129,115.059885996042,48,26
73,3762,2299.67372185953,77,4
38,9770,1879.4552456736,71,33
1,7526,364.505096025113,78,77
76,2337,1528.39910361554,84,8
26,8318,993.57182315191,87,61
71,8020,4670.44135117451,89,18
24,5635,621.61040138891,70,46
44,1087,263.662305832906,83,39
53,6837,2305.22477617877,84,31
28,4908,634.929042530109,80,52
13,9126,655.732289612273,77,64
58,1902,759.633184682925,79,21
71,1111,646.99006747567,87,16
34,2492,409.395915376706,41,7
85,2179,1680.53430856192,90,5
72,5126,3059.44521775385,82,10
46,6814,1782.2294266114,85,39
99,3510,3342.85714285714,99,0
28,4213,545.019571348686,83,55
77,1716,1146.2014727718,89,12
85,8859,6832.42470837543,92,7
49,8639,2524.64616168148,63,14
3,1308,66.5798479856174,60,57
71,9349,5444.38356510355,90,19
47,8885,2412.20566528293,61,14
62,4343,1968.64137458038,81,19
23,9818,1040.95678721899,64,41
90,1778,1470.64465613273,95,5
87,6091,4838.05170174128,88,1
86,2426,1899.33375605993,88,2
33,6318,997.521827264871,85,52
3,9698,493.647833153301,74,71
40,2524,524.960929011915,51,11
70,6390,3628.34525322659,74,4
77,2337,1560.99815959655,89,12
12,5283,365.540507772629,79,67
48,4628,1303.79718313976,69,21
18,6723,585.517306249099,55,37
49,7729,2258.7093626156,87,38
16,1372,110.573421856401,80,64
84,8909,6764.46555010705,84,0
24,5215,575.279191347501,73,49
70,9880,5610.02364661638,72,2
78,9876,6732.61956158648,81,3
65,1387,687.306163548849,67,2
12,5934,410.584397713947,36,24
51,8392,2636.23497639491,84,33
75,6579,4209.84067825619,81,6
15,1771,137.344470631244,46,31
37,7293,1348.93714926829,79,42
82,4296,3155.39391957707,89,7
40,3217,669.096398031431,55,15
5,1645,88.8650561110457,25,20
59,9896,4082.62639509916,79,20
79,4359,3030.68818070757,85,6
99,7896,7520,99,0
62,8573,3886.06090358682,62,0
2,3148,156.080650028843,69,67
10,2252,144.651084379827,55,45
34,5488,901.591004649825,70,36
19,1358,122.98601969146,71,52
17,1441,120.713201004896,77,60
73,8205,5015.63606801102,80,7
51,1690,530.890980708699,81,30
25,1408,161.615131432776,58,33
44,8338,2022.46210306787,80,36
3,2127,108.268606013309,64,61
17,4229,354.265181852675,82,65
77,5737,3832.02671870151,78,1
53,9842,3318.41776322239,64,11
54,8927,3116.35867691407,63,9
8,1502,89.7583940325924,75,67
70,8662,4918.42356548493,81,11
31,5512,803.683775994603,85,54
52,6263,2038.68991309311,70,18
58,8095,3233.03398002538,76,18
35,3282,560.96946151937,71,36
17,4899,410.391375241489,89,72
94,3842,3351.90384739011,97,3
46,8918,2332.53918792493,73,27
61,2034,893.98522213128,88,27
7,6063,349.899202026971,47,40
69,3011,1665.91921748788,95,26
45,4110,1035.35921988364,73,28
8,4751,283.916198434652,69,61
74,2164,1353.89612980975,76,2
84,5707,4333.23660281299,88,4
18,1481,128.982765217152,63,45
60,3269,1392.38532348419,67,7
2,6110,302.939254026757,72,70
81,9577,6911.53442176288,89,8
63,1505,703.178708116162,82,19
95,2595,2300.34908251229,98,3
37,3028,560.068790344767,68,31
0,6399,413.581276052468,66,66
46,3746,979.78154271886,61,15
14,8501,634.521666013197,89,75
6,6129,341.979956005824,80,74
48,6295,1773.42335087831,61,13
34,3071,504.516394912466,77,43
80,2430,1721.89700385656,84,4
94,7901,6893.12657423978,96,2
2,5866,290.841516222743,48,46
75,9207,5891.47334316838,78,3
86,4374,3424.43769538588,89,3
22,2213,225.533682647689,72,50
15,8783,681.138614090465,84,69
12,2549,176.37000838774,82,70
4,5101,267.220065726519,89,85
45,9729,2450.85397816251,83,38
98,9385,8799.76655347642,98,0
98,2392,2242.83874223927,98,0
91,1410,1181.42394856988,97,6
55,3081,1113.11989937365,58,3
49,3230,943.929517563511,82,33
16,4129,332.767972919154,84,68
91,8518,7137.14127228245,93,2
99,3128,2979.04761904762,99,0
22,3329,339.268698388683,85,63
5,8474,457.776586920973,82,77
42,6254,1405.32465044553,83,41
21,5294,518.635662162086,78,57
76,6993,4573.42530234637,91,15
90,7950,6575.71710700519,93,3
90,2616,2163.78313860699,95,5
55,6955,2512.73901335402,79,24
74,5613,3511.74629233925,90,16
2,4572,226.683841147354,82,80
96,7546,6818.57501305463,96,0
31,2439,355.621322505594,78,47
39,5987,1197.66739906318,88,49
53,4997,1684.83372920365,80,27
63,7863,3673.81673217102,74,11
60,8065,3435.17517096971,86,26
5,9731,525.681374478168,90,85
19,4290,388.519900203508,67,48
53,9757,3289.75839420452,84,31
58,2887,1153.02891912703,77,19
12,4819,333.435492514915,64,52
6,9496,529.848533566864,37,31
22,3196,325.714256548583,82,60
15,9915,768.927400513146,67,52
49,1207,352.731556563207,76,27
11,7947,529.671710504704,71,60
14,3924,292.89060315678,82,68
55,3851,1391.30955290098,80,25
92,2029,1722.2108617377,92,0
91,3818,3199.06144371617,92,1
99,6754,6432.38095238095,99,0
9,7275,450.549028874884,24,15
36,7867,1398.88362195387,54,18
5,3853,208.144110149458,47,42
63,8310,3882.66781690718,67,4
78,6140,4185.73148118074,81,3
59,3657,1508.70702575562,87,28
95,4185,3709.81152613254,98,3
64,3844,1850.17773276745,83,19
48,8659,2439.40791028678,62,14
31,9790,1427.44270083221,39,8
72,2422,1445.56697569251,76,4
39,4857,971.616929555684,92,53
19,5500,498.102436158344,62,43
32,4476,679.146974608548,73,41
92,1579,1340.25182389543,97,5
13,7673,551.329592175649,81,68
3,4699,239.188612908575,85,82
99,7791,7420,99,0
20,3114,293.29652558258,84,64
41,3137,678.244792034093,71,30
28,3509,453.945804856999,86,58
17,6807,570.225370742766,44,27
13,3955,284.179400111389,87,74
15,9358,725.730974685024,43,28
74,3809,2383.08242072335,83,9
0,4734,305.968707740645,58,58
58,6729,2687.47197672524,74,16
46,2323,607.590102438844,84,38
79,5692,3957.48500219947,92,13
3,1588,80.8324148326915,60,57
51,7002,2199.58499817888,85,34
82,2998,2202.01838242366,83,1
99,1064,1013.33333333333,99,0
85,5122,3950.29680057556,85,0
67,8917,4674.95801709698,89,22
81,4386,3165.29079814681,84,3
64,3217,1548.39275918649,69,5
71,1959,1140.82227019337,83,12
75,2086,1334.81192504065,84,9
77,1795,1198.96948929218,90,13
87,6401,5084.28319534492,96,9
65,8275,4100.54686616202,67,2
22,8872,904.172992521597,75,53
43,1156,269.915224293526,60,17
80,2389,1692.84442066392,82,2
74,6187,3870.86661512612,90,16
71,2653,1544.9726813798,82,11
38,6006,1155.37443249904,84,46
32,7291,1106.26912240191,87,55
34,3754,616.72241826812,69,35
39,5020,1004.22420967048,50,11
65,9422,4668.92478223306,83,18
75,9493,6074.48207306369,78,3
4,4510,236.260046349069,59,55
95,6135,5438.39754189322,95,0
71,6334,3688.60043869568,72,1
82,7699,5654.88309749158,85,3
56,1173,438.394902539957,65,9
84,2494,1893.6555260935,94,10
13,6185,444.412032791136,91,78
69,3282,1815.85747983899,91,22
43,7429,1734.60225023928,77,34
49,5648,1650.56158365285,76,27
30,6752,946.00732899302,34,4
93,3860,3320.19519420818,93,0
97,3017,2779.26596668634,97,0
30,4272,598.540182088001,69,39
65,8840,4380.52378209937,71,6
78,1981,1350.47786062199,93,15
63,4740,2214.6625092828,68,5
87,6086,4834.080226038,95,8
64,5951,2864.31001240871,83,19
60,8895,3788.70218794489,74,14
99,2225,2119.04761904762,99,0
86,1429,1118.77491237001,88,2
3,5078,258.480480176579,76,73
86,8509,6661.76048240476,88,2
35,5329,910.848951991689,71,36
97,8346,7688.35059925892,97,0
49,5801,1695.27403448481,59,10
17,7631,639.252211567218,90,73
74,7356,4602.24580909451,93,19
16,2700,217.600757297582,70,54
23,2155,228.484607502234,52,29
78,9826,6698.53380033908,93,15
16,1751,141.118120751136,69,53
12,1479,102.334736133961,75,63
82,6657,4889.53848292005,91,9
15,2130,165.185614028543,78,63
24,2114,233.200423875094,81,57
18,7141,621.921624858667,83,65
93,3945,3393.3083008164,97,4
0,2050,132.495954978522,4,4
49,2233,652.567991553969,75,26
78,4917,3351.99376106933,80,2
88,3846,3097.68157010218,88,0
23,2288,242.585977710028,78,55
6,9677,539.947794790074,77,71
57,3524,1361.82488056887,87,30
51,5261,1652.67304704643,90,39
4,5696,298.389628382328,52,48
60,1318,561.38386550999,82,22
22,4922,501.616261180264,91,69
46,3663,958.072554986434,88,42
3,2719,138.40260448998,74,71
23,8585,910.227543112146,83,60
86,5407,4233.18121146581,86,0
63,4761,2224.47430521,90,27
87,3433,2726.8152178752,94,7
82,5576,4095.54853248644,90,8
4,6642,347.946613714084,44,40
89,1436,1172.28161288457,89,0
85,7094,5471.18420602949,90,5
30,5164,723.516268797387,56,26
30,4195,587.751887607482,57,27
85,3552,2739.44830840383,85,0
88,3200,2577.37416129147,93,5
61,2327,1022.76480427704,86,25
52,7119,2317.32931363721,83,31
51,2899,910.682220754153,88,37
63,6622,3093.98631571111,84,21
96,1056,954.202917278782,96,0
64,2457,1182.59279120958,95,31
10,3220,206.827927043981,85,75
44,4376,1061.44089266311,85,41
97,9521,8770.76276725907,98,1
56,5372,2007.72158264676,78,22
98,7190,6741.6432093229,98,0
9,3091,191.429147526085,69,60
38,3386,651.364939800494,88,50
33,7955,1255.98071160051,87,54
80,9795,6940.73298468106,90,10
77,2141,1430.08004265992,96,19
18,5124,446.257723816805,70,52
25,4133,474.400098161693,40,15
44,4361,1057.80249837839,63,19
40,4551,946.551976201754,79,39
13,9484,681.455734679246,80,67
34,3138,515.523427950283,77,43
99,5384,5127.61904761905,99,0
26,9242,1103.94214830127,51,25
57,1611,622.559558058014,62,5
80,1367,968.655639618072,80,0
94,7802,6806.75528821906,94,0
37,2376,439.472736413199,71,34
21,2643,258.925964317037,78,57
8,3674,219.555485802759,70,62
76,9167,5995.22232898744,83,7
74,1411,882.785323087596,93,19
34,2412,396.253189361403,59,25
58,3877,1548.42158623328,88,30
30,2429,340.321653158182,57,27
59,1013,417.916384219427,78,19
8,9965,595.500929783478,87,79
78,1512,1030.75342012138,81,3
12,5351,370.245553112121,80,68
70,5404,3068.47852088208,89,19
4,4980,260.881381556179,79,75
31,2781,405.487043004534,83,52
50,5534,1677.04968484761,68,18
40,3925,816.351682397689,49,9
48,3343,941.787809688036,81,33
3,6702,341.145367889609,80,77
18,6851,596.665040177387,47,29
50,1767,535.48008549435,67,17
48,4326,1218.71793739469,63,15
61,4569,2008.17034410906,91,30
63,9068,4236.82692704143,85,22
8,8129,485.782946132453,52,44
58,3883,1550.81790542786,80,22
29,1196,161.019343183128,80,51
99,5008,4769.52380952381,99,0
63,1591,743.360348579943,88,25
49,2004,585.645434426401,87,38
89,1416,1155.95457092238,89,0
95,4903,4346.28576167929,95,0
76,8707,5694.38211175888,77,1
85,1123,866.103730387809,87,2
90,1086,898.267770843728,90,0
0,9477,612.519105039732,65,65
5,7118,384.523689603905,56,51
95,8963,7945.29049192973,97,2
74,1476,923.45225859482,82,8
50,4914,1489.16193555135,80,30
29,4444,598.302643065069,53,24
86,6769,5299.50131688775,86,0
25,3098,355.599202541719,46,21
19,6559,594.009796138651,79,60
76,4005,2619.27189130519,91,15
11,8402,559.997698711529,79,68
98,5187,4863.5470551819,98,0
14,6357,474.491734013162,59,45
87,6470,5139.08956005025,91,4
14,7812,583.094136559827,90,76
42,6232,1400.38107156645,64,22
13,7152,513.894075751367,69,56
97,1317,1213.22283000527,97,0
15,5681,440.572522674249,24,9
69,4019,2223.62316010753,82,13
2,3652,181.069419919103,79,77
12,6393,442.343453755521,79,67
78,5098,3475.38421678492,87,9
81,1597,1152.52380406759,92,11
8,7529,449.927395919699,87,79
5,3402,183.780499021141,72,67
25,4274,490.584567999776,76,51
2,2313,114.680604674941,67,65
54,3782,1320.2720416813,78,24
96,4605,4161.08374438333,98,2
86,1724,1349.73264445479,95,9
27,1431,177.885710209621,62,35
52,4309,1402.63688895389,71,19
76,6621,4330.13712667458,93,17
93,4248,3653.93502201978,98,5
10,6852,440.119551585514,84,74
42,1159,260.436723675467,75,33
6,7551,421.323323184855,89,83
64,5884,2832.06185733706,77,13
58,9568,3821.3303422956,73,15
45,4132,1040.90128870054,91,46
84,2204,1673.46302305937,93,9
8,7352,439.350008606937,86,78
20,4532,426.852875382226,80,60
47,7353,1996.28005141535,83,36
80,3699,2621.10988364831,94,14
21,4331,424.293738727615,25,4
40,9871,2053.04648584652,78,38
45,5383,1356.04347460672,61,16
54,5636,1967.49159886722,86,32
57,1325,512.036880463606,73,16
52,2599,846.009114502474,80,28
76,9679,6330.07057077227,78,2
46,7521,1967.14815344061,57,11
97,4764,4388.60559008741,98,1
22,1422,144.92042328288,75,53
21,5646,553.119937394624,89,68
1,7230,350.16899339112,87,86
65,5246,2599.57327611915,88,23
35,5518,943.153409099294,70,35
44,5884,1427.22079808723,73,29
90,1189,983.462596255242,91,1
26,9899,1182.419749625,50,24
91,5970,5002.19927160439,91,0
91,7090,5940.63531585848,94,3
56,3946,1474.77091681387,89,33
37,5496,1016.55814786487,77,40
67,5445,2854.6760573167,82,15
59,5105,2106.0840488057,81,22
11,4748,316.456685727486,75,64
98,7567,7095.1340980454,99,1
69,7247,4009.60364302047,71,2
27,5113,635.590241999857,72,45
90,1330,1100.08852230401,92,2
89,9297,7589.62545611964,91,2
97,7943,7317.106255681,98,1
1,1270,61.5096295444982,74,73
51,2942,924.190097778103,74,23
20,4454,419.506334279001,79,59
76,6552,4285.01109409029,76,0
85,1919,1480.01162832966,90,5
98,7110,6666.63188015102,98,0
21,9402,921.082828796361,90,69
45,8704,2192.64395373898,90,45
15,8543,662.526150537953,71,56
31,4871,710.222001609164,82,51
73,8922,5453.93113940211,83,10
32,1614,244.893480120241,80,48
75,7300,4671.2018469783,75,0
15,8561,663.922085304391,42,27
70,4763,2704.50836324229,75,5
99,6929,6599.04761904762,99,0
2,6198,307.302372579025,86,84
89,9376,7654.11727187025,97,8
78,7488,5104.68360441065,84,6
45,8008,2017.31304934992,55,10
94,6240,5444.0083310032,94,0
79,9053,6294.29229179757,86,7
67,2873,1506.24137973754,71,4
30,2898,406.032174084978,84,54
10,7916,508.462692695699,70,60
18,4382,381.635703701257,85,67
97,3973,3659.93493060816,97,0
25,5853,671.827673491504,51,26
46,1891,494.598744602606,81,35
38,6794,1306.96202037937,61,23
33,5022,792.90196526182,49,16
56,3335,1246.41687977047,92,36
70,6072,3447.77971480311,81,11
56,5160,1928.48908534201,88,32
55,4205,1519.20453647069,79,24
76,5636,3685.94666152211,92,16
1,9106,441.028887111969,74,73
81,4160,3002.19099869829,82,1
18,6134,534.220311844708,82,64
62,2943,1334.03443826619,79,17
0,7387,477.4378631348,86,86
32,7033,1067.12258097004,80,48
34,8482,1393.45752577256,91,57
97,8860,8161.84834764367,99,2
83,5827,4352.9703435698,84,1
12,2880,199.272508496152,63,51
58,4073,1626.70134658967,59,1
47,1957,531.309677766877,92,45
90,3192,2640.21245352963,95,5
75,4531,2899.34459844639,80,5
55,3514,1269.55641882473,75,20
88,5735,4619.13775468955,94,6
9,4490,278.07080957364,20,11
21,7391,724.071813192289,83,62
53,1656,558.351942277614,54,1
31,4381,638.776963467408,90,59
95,1506,1335.00027678748,96,1
64,4480,2156.29454807445,89,25
58,2096,837.114171974453,76,18
91,5722,4794.40271894813,92,1
99,9395,8947.61904761905,99,0
93,1365,1174.11047670833,93,0
11,5835,388.905804806209,64,53
74,1660,1038.57096833835,77,3
82,5038,3700.38979674797,89,7
25,8196,940.765353141358,63,38
3,8930,454.555078372755,82,79
7,7219,416.612624019908,85,78
83,1091,815.014697929407,86,3
80,1659,1175.56671991688,84,4
38,3711,713.88520129936,62,24
59,2082,858.935747230846,92,33
54,4435,1548.23017050677,76,22
24,6896,760.714343917999,67,43
9,4785,296.340495280594,66,57
61,9686,4257.19806369891,73,12
64,7005,3371.61681010301,71,7
84,6132,4655.93251243197,92,8
14,5089,379.847166020604,39,25
41,1950,421.605784018643,86,45
81,7531,5434.97606038386,81,0
64,5337,2568.78214354315,74,10
13,5957,428.029503530606,71,58
23,4921,521.750697688395,47,24
21,3681,360.615389576622,85,64
23,4052,429.614677308144,73,50
58,6810,2719.82228585211,77,19
20,7697,724.952908609221,63,43
93,2799,2407.57159289863,99,6
89,6953,5676.09613815208,96,7
59,5652,2331.75064522034,82,23
78,3862,2632.78419874919,79,1
74,6139,3840.83564736694,89,15
23,5912,626.82180953745,33,10
86,8606,6737.7025163445,87,1
48,1623,457.230516040587,85,37
94,4810,4196.42308848163,98,4
20,4174,393.134135446913,47,27
37,1380,255.249316603626,84,47
7,2504,144.507273936258,61,54
47,5309,1441.3505770385,67,20
66,2808,1431.69068972471,87,21
92,5514,4680.27141036062,92,0
3,4030,205.135158548959,64,61
65,4034,1998.9856263562,66,1
8,2961,176.947140299938,72,64
3,9538,485.503509240687,55,52
74,5330,3334.68871159241,85,11
30,5736,803.657884938383,90,60
60,7879,3355.95104427406,92,32
65,6638,3289.35711149045,80,15
70,7478,4246.12923374467,77,7
24,9623,1061.53627197258,86,62
24,2984,329.172216103728,66,42
72,8850,5282.10889136199,94,22
57,7931,3064.87886713725,84,27
82,5091,3739.31807368875,91,9
78,5875,4005.07694656952,86,8
63,8748,4087.31384624597,88,25
37,2821,521.781392854223,64,27
91,9227,7731.20480386829,96,5
78,5165,3521.05913685644,91,13
33,4915,776.008195790889,82,49
64,8101,3899.13886918551,91,27
68,3357,1808.59849377667,68,0
79,7443,5174.90528309393,95,16
26,1283,153.252302128384,80,54
38,9132,1756.72316310045,78,40
35,7029,1201.41814290666,72,37
88,5814,4682.76667929643,91,3
19,7018,635.578708538047,63,44
45,7470,1881.78427555494,57,12
16,5293,426.578077176334,78,62
11,4759,317.189841486333,58,47
70,7516,4267.70624777012,72,2
40,6392,1329.45731309198,90,50
67,5402,2832.13224272265,89,22
30,8012,1122.54305685605,57,27
63,9448,4414.37371048605,70,7
35,4492,767.786356229436,65,30
10,7576,486.62371903267,77,67
26,8423,1006.11390555525,82,56
49,5614,1640.62548346797,83,34
10,2431,156.148661690657,91,81
45,8662,2182.06364054309,84,39
37,1290,238.60262204252,70,33
92,7448,6321.84647522051,97,5
69,1746,966.022900609044,86,17
76,1871,1223.63488355356,76,0
99,2282,2173.33333333333,99,0
41,2224,480.846801875621,67,26
49,6058,1770.37926235286,78,29
79,2787,1937.72148649507,93,14
48,5964,1680.17424378685,81,33
10,7391,474.740748068963,45,35
83,3406,2544.39968941115,86,3
52,7256,2361.924638257,74,22
61,1249,548.96142696262,79,18
28,2155,278.784043735205,81,53
5,6172,333.419529676215,75,70
49,6474,1891.95037049727,63,14
17,5386,451.187578495746,83,66
65,3911,1938.03489952383,79,14
47,3172,861.172354561336,57,10
15,6736,522.389810373832,80,65
73,3634,2221.42857661816,77,4
77,3064,2046.59750149929,86,9
61,2809,1234.61380971817,82,21
97,5159,4752.48031890448,98,1
1,8353,404.55900439779,86,85
25,9780,1122.58237600323,53,28
78,2644,1802.45505476252,82,4
52,2600,846.334627820867,64,12
97,6473,5962.93954337443,98,1
81,5278,3809.02982959846,96,15
18,1318,114.786822792847,72,54
36,1277,227.071867959209,86,50
19,2377,215.270816499706,53,34
4,1464,76.6928398791658,80,76
8,7377,440.843989865802,76,68
24,3550,391.60903725477,76,52
25,1933,221.87645529798,64,39
81,6381,4605.04345257063,93,12
71,3240,1886.81171793085,84,13
66,5496,2802.19801664066,88,22
4,6348,332.545182754743,77,73
9,1710,105.902245962344,82,73
21,7192,704.576441682985,83,62
14,4253,317.44743507283,74,60
12,1667,115.342802660794,69,57
34,2741,450.302650099339,75,41
76,6544,4279.7790903124,82,6
11,3779,251.872328425478,75,64
17,6812,570.644222932235,88,71
78,3841,2618.46817902528,85,7
85,6384,4923.60304077985,85,0
42,2392,537.501849035132,76,34
73,7206,4404.95716101004,73,0
49,1522,444.786602393704,78,29
91,2379,1993.33870471471,94,3
43,4997,1166.75292023767,68,25
79,6779,4713.24505093292,87,8
16,3707,298.757780482273,75,59
43,1777,414.912935613837,76,33
81,4532,3270.65615531266,82,1
48,4980,1402.96239672343,78,30
55,4109,1484.52115109585,85,30
24,8686,958.173548618291,69,45
18,3944,343.489551665394,84,66
53,6189,2086.7392335484,76,23
84,4175,3170.01275919822,92,8
15,5649,438.090860867248,83,68
53,6357,2143.38363348961,94,41
52,2137,695.621961405074,75,23
21,9010,882.679885923762,75,54
35,5660,967.424482693368,85,50
86,7611,5958.70948778736,96,10
54,3792,1323.76297780421,88,34
66,9155,4667.78072095074,85,19
33,4982,786.58653742222,36,3
20,4909,462.361157381144,50,30
40,8518,1771.63914157032,75,35
55,7825,2827.05719331347,86,31
12,2029,140.390249909268,84,72
90,6393,5287.86911510493,95,5
33,4221,666.435522773824,83,50
53,9689,3266.83089899022,80,27
31,8048,1173.44829992826,47,16
20,1073,101.062033381538,79,59
81,3610,2605.26670800501,83,2
46,6758,1767.58239874374,86,40
96,8240,7445.67427876626,96,0
99,2082,1982.85714285714,99,0
1,3578,173.292483866311,21,20
90,4322,3574.87413037439,91,1
13,5764,414.161836217964,87,74
80,9292,6584.30739087865,82,2
71,8607,5012.28038772556,73,2
72,1256,749.641668649792,92,20
85,7549,5822.09889643595,94,9
74,2360,1476.52258149307,95,21
38,6252,1202.6974612028,80,42
64,4923,2369.5174241452,85,21
54,4895,1708.81323216023,77,23
95,2081,1844.71153784512,98,3
11,4021,268.001755120097,89,78
89,2323,1896.38592390727,89,0
59,6842,2822.68894455017,88,29
95,8036,7123.54729366811,95,0
75,4987,3191.13474121654,75,0
85,1553,1197.73739384886,86,1
69,2107,1165.75615783692,77,8
71,4564,2657.8421853816,79,8
24,8768,967.219165816852,84,60
39,4771,954.413088513521,79,40
65,7266,3600.55269239072,68,3
31,8899,1297.52937637445,83,52
10,3081,197.89964075233,84,74
90,1520,1257.2440254903,91,1
76,6182,4043.03091936297,83,7
22,4632,472.061463183052,65,43
25,8098,929.51657268652,81,56
72,6579,3926.6660334769,84,12
38,4429,852.006886703008,83,45
57,7336,2834.94532458944,62,5
0,2414,156.022066008854,0,0
88,1046,842.479178972148,89,1
91,3763,3152.9775308287,95,4
56,6301,2354.92436564729,65,9
20,2532,238.480026581596,89,69
64,9339,4495.00776439001,66,2
76,2355,1540.17111211579,90,14
93,8674,7460.97749081912,93,0
41,6545,1415.08197764206,79,38
22,4871,496.418693256616,80,58
99,2528,2407.61904761905,99,0
4,6389,334.693001357917,81,77
41,3532,763.646989309664,88,47
11,7182,478.684060003118,79,68
27,5839,725.838338164906,66,39
80,6521,4620.77792681013,90,10
80,9191,6512.73883228215,93,13
41,3606,779.646388292936,77,36
48,2398,675.563017538711,74,26
23,3107,329.420731094868,85,62
81,5743,4144.61127536642,83,2
6,9298,518.800722946998,83,77
0,1105,71.4185513420812,81,81
87,3292,2614.81960304257,93,6
68,5905,3181.34468446566,73,5
86,6977,5462.34609069668,90,4
59,9810,4047.14682052574,66,7
0,2264,146.327240034816,80,80
79,2904,2019.06824427042,95,16
29,6070,817.21355612173,88,59
35,9956,1701.70992044084,66,31
8,3628,216.806560286448,80,72
31,8650,1261.22363250242,75,44
65,5708,2828.51015251394,70,5
7,6710,387.237942536859,54,47
97,5475,5043.58010195814,98,1
42,2432,546.490174269833,72,30
34,3009,494.330782250606,86,52
10,6190,397.597785218087,79,69
20,4357,410.37025111217,49,29
80,5865,4155.93659572786,85,5
98,2264,2122.82061556426,98,0
19,5321,481.891465963373,71,52
82,5074,3726.83164523604,86,4
36,4222,750.741915836946,76,40
10,6070,389.889912160547,63,53
31,2915,425.0250738433,73,42
51,9009,2830.05730485484,83,32
57,1466,566.525333403506,83,26
96,4516,4080.66323336267,96,0
3,7282,370.668542072833,83,80
97,3798,3498.72460771452,98,1
9,3367,208.522141611235,84,75
87,6462,5132.735198925,87,0
3,2128,108.319508037763,69,66
34,3734,613.436736764294,79,45
21,7874,771.389724946027,69,48
85,9472,7305.19548907687,88,3
22,4230,431.092398373124,77,55
90,5304,4387.11994157931,91,1
93,8091,6959.50759490633,96,3
24,8997,992.480706529906,54,30
67,9586,5025.6978301998,88,21
48,7003,1972.88065547272,87,39
69,3196,1768.27559584565,78,9
99,8885,8461.90476190476,99,0
4,8608,450.937135027226,82,78
60,2038,868.057904331836,67,7
58,3782,1510.47986565238,73,15
76,2193,1434.22303561355,85,9
66,9601,4895.17888605659,78,12
29,3062,412.241830122691,66,37
71,9013,5248.71420176257,88,17
23,2828,299.839661260472,89,66
46,6462,1690.16239430039,69,23
61,5180,2276.71752735498,78,17
38,4674,899.137545371384,50,12
64,9607,4624.00038467661,94,30
65,1938,960.345598383323,81,16
31,1043,152.075866901736,90,59
82,7657,5624.0342742555,86,4
84,2784,2113.84802912763,84,0
48,8256,2325.87500950775,90,42
73,4591,2806.43329533682,78,5
30,6257,876.654007332543,71,41
30,9128,1278.90327296331,67,37
38,5698,1096.12446160166,67,29
82,8353,6135.24334502497,83,1
18,1435,124.976548336674,60,42
36,4055,721.046534514168,65,29
60,2525,1075.48881670161,91,31
48,9037,2545.89782714651,85,37
30,1545,216.466428213006,84,54
30,7708,1079.95030981608,54,24
98,2266,2124.69589879356,99,1
97,7906,7283.02178741206,97,0
57,5444,2103.79530358028,92,35
12,3496,241.894683924496,65,53
54,5862,2046.38675524479,84,30
27,5881,731.059302405859,45,18
22,4970,506.508089814285,71,49
79,9298,6464.63379312204,92,13
91,1376,1152.93571151217,97,6
93,7605,6541.47265594644,93,0
42,4310,968.492044039055,61,19
76,6194,4050.8789250298,83,7
44,2072,502.583530529698,65,21
9,8268,512.046648898631,65,56
41,7227,1562.5358980014,86,45
89,9110,7436.96761377325,93,4
77,5988,3999.68206232955,82,5
67,3721,1950.82637452258,70,3
10,8608,552.911427327511,60,50
27,3065,381.006080917184,84,57
89,2649,2162.51670789082,92,3
52,9936,3234.30033154928,82,30
47,2494,677.100836152576,85,38
6,3095,172.691787214558,71,65
5,5925,320.076265931882,85,80
23,6310,669.019894820925,90,67
2,1690,83.7917085605924,87,85
51,9386,2948.48683132062,52,1
64,6361,3061.64946881731,77,13
26,3479,415.560996963873,66,40
29,3645,490.732028346574,34,5
79,1214,844.059520848586,93,14
43,1009,235.592094560699,80,37
17,3197,267.814089946324,83,66
85,4998,3854.66290692633,96,11
17,9521,797.578339186408,74,57
64,9559,4600.89722880438,90,26
71,3111,1811.68865879101,84,13
22,5656,576.420474042172,67,45
19,6582,596.092769962586,55,36
86,9364,7331.14645166743,91,5
70,7648,4342.65798070062,79,9
25,2145,246.21055179212,77,52
60,2228,948.985775687601,71,11
31,7837,1142.68319166722,87,56
48,7415,2088.94903046269,78,30
78,1830,1247.53886165485,83,5
88,2338,1883.09399659358,88,0
1,5495,266.138121533085,65,64
37,6772,1252.57128408678,78,41
23,1593,168.898366473809,67,44
27,5059,628.87757369006,83,56
45,3713,935.350068960573,65,20
15,1471,114.078891190604,34,19
5,5053,272.969682996422,80,75
63,5628,2629.56130849021,86,23
65,6263,3103.53172480637,69,4
52,5861,1907.83355909927,78,26
85,3517,2712.45487068025,88,3
22,4497,458.303195149867,71,49
12,8185,566.335236819793,19,7
8,4859,290.370197472947,68,60
30,2730,382.494077036574,71,41
7,4319,249.251963310983,83,76
44,4918,1192.90820615109,66,22
83,8751,6537.29937816704,87,4
22,6552,667.734608543903,42,20
44,8190,1986.5632794586,81,37
84,9474,7193.46128877699,88,4
12,1686,116.657447682122,72,60
67,9289,4869.98822707344,68,1
23,4401,466.617520936116,83,60
75,5498,3518.11887050502,79,4
34,9870,1621.48382213808,57,23
35,2676,457.390091110857,87,52
88,1465,1179.95410821625,88,0
67,9376,4915.60013101955,69,2
86,2539,1987.8023110619,87,1
93,9494,8166.30393103951,94,1
87,1190,945.211217381731,87,0
41,6819,1474.32299549904,77,36
98,1507,1413.02591327533,98,0
14,6912,515.917392716529,75,61
82,2692,1977.26267027502,97,15
64,5249,2526.4263577774,73,9
40,6473,1346.30431596439,76,36
59,1839,758.685321401309,82,23
61,7923,3482.3229670335,77,16
48,3302,930.237316060393,67,19
78,7523,5128.54363728383,80,2
45,7104,1789.58440341931,77,32
68,2102,1132.46173187922,79,11
14,9374,699.683107541196,66,52
49,9563,2794.6742961176,78,29
78,1940,1322.52753639913,79,1
54,5615,1960.16063300913,90,36
26,1623,193.864759434425,30,4
0,4859,314.047729385677,1,1
33,2522,398.1877252868,77,44
8,2994,178.919195561639,55,47
60,5257,2239.14641956451,75,15
51,3201,1005.55149659677,81,30
92,5525,4689.60818684121,95,3
85,4323,3334.07517940027,91,6
58,7790,3111.22108763406,91,33
63,4683,2188.0304917661,80,17
73,2884,1762.96092871953,73,0
51,1505,472.77569583822,74,23
8,4002,239.156519919065,75,67
20,1259,118.580708319996,82,62
32,7197,1092.006429012,68,36
4,6255,327.673301532911,81,77
77,8396,5608.10464183683,81,4
73,7264,4440.41199244754,78,5
22,5685,579.375953841894,84,62
62,5781,2620.47335630881,84,22
86,8809,6896.63275232149,86,0
55,4095,1479.46315739536,73,18
65,8027,3977.65434376828,77,12
56,7157,2674.84426042496,74,18
90,6947,5746.10147702705,97,7
12,3129,216.501277459882,53,41
3,2286,116.362027901469,80,77
23,5220,553.452274320956,69,46
37,8942,1653.94158628233,67,30
86,1146,897.212071081897,90,4
49,5392,1575.74859402553,83,34
52,8681,2825.78111696652,71,19
87,6835,5429.00728639003,88,1
11,4901,326.654215827803,77,66
33,4501,710.643517651026,91,58
75,8253,5281.01764974135,90,15
27,4305,535.148834697708,85,58
11,9368,624.382104442942,61,50
74,2996,1874.43290430222,76,2
55,4897,1769.21393938097,83,28
7,6504,375.349564569259,90,83
5,1521,82.1664135835261,87,82
18,6697,583.252922794915,43,25
87,5019,3986.56731095707,90,3
99,6487,6178.09523809524,99,0
90,2195,1815.55962891527,92,2
18,1735,151.1040497311,75,57
5,8718,470.957786733189,59,54
95,3229,2862.36115122627,99,4
24,5554,612.67509659521,81,57
85,1935,1492.35148557472,86,1
36,7188,1278.14611346186,89,53
18,8374,729.30565558976,52,34
62,7676,3479.45917367694,74,12
56,6711,2508.15702552912,77,21
90,9462,7826.34405867712,93,3
18,2794,243.334129653426,81,63
1,4271,206.856399830356,71,70
29,7464,1004.88994775825,57,28
57,4257,1645.08754727062,58,1
58,3567,1424.61176117981,84,26
54,5777,2016.71379820013,76,22
92,4985,4231.25734143049,96,4
7,1760,101.57060787852,55,48
16,7267,585.668408622788,65,49
94,1727,1506.69910058374,95,1
31,8985,1310.06870959933,90,59
17,7783,651.985318127068,80,63
58,3206,1280.43322297238,83,25
27,3935,489.154625908358,59,32
3,6579,334.884418881787,81,78
46,9949,2602.20143313132,82,36
20,4465,420.542384947404,28,8
42,7442,1672.27790991616,88,46
19,5165,467.763469592336,87,68
52,3041,989.886001232021,88,36
15,5206,403.735355226569,81,66
79,2552,1774.33269951037,83,4
24,5780,637.605700093682,68,44
54,8542,2981.95763618236,65,11
17,1756,147.100888941428,81,64
95,6540,5797.4115605512,97,2
39,2394,478.906923894649,83,44
23,3556,377.026108713662,74,51
17,6484,543.167519303085,81,64
69,5343,2956.16286251668,85,16
47,9352,2538.99238961463,83,36
3,6527,332.237513610187,89,86
4,4485,234.95040085933,87,83
83,1372,1024.93140747859,94,11
29,7219,971.905216086123,50,21
0,8795,568.439962944438,55,55
57,4457,1722.37613300097,75,18
37,3334,616.667551852528,53,16
90,7262,6006.64875862537,90,0
7,4471,258.023970355037,65,58
65,4249,2105.52551472174,82,17
18,9900,862.207546016076,78,60
14,9938,741.780533682996,73,59
63,1751,818.116888977674,70,7
26,3753,448.289859616388,84,58
90,7054,5834.60483934775,91,1
14,3314,247.359698996322,77,63
52,7409,2411.72817597108,89,37
54,2222,775.686006508688,73,19
96,6795,6139.97047623989,98,2
51,9699,3046.81161058797,85,34
72,1609,960.329175841971,82,10
26,3258,389.162899714946,63,37
18,4542,395.570371111618,76,58
60,8837,3763.99789037313,83,23
71,1676,976.017419522253,80,9
20,8863,834.774279459988,69,49
22,5965,607.911620873684,76,54
14,3052,227.803802455273,60,46
1,2574,124.665973580739,85,84
16,9192,740.809689288657,49,33
98,2440,2287.8455397424,99,1
22,6972,710.538109091589,72,50
1,8755,424.028981623686,64,63
54,5947,2076.05971228945,88,34
7,9840,567.872034957182,78,71
24,1769,195.142644198222,74,50
95,9133,8095.98773432938,97,2
50,6575,1992.51927681118,78,28
5,3724,201.17536106841,84,79
34,2082,342.039444548275,60,26
74,8000,5005.16129319686,84,10
12,3419,236.566911995953,86,74
10,9378,602.370279446723,64,54
38,3283,631.550826156238,43,5
31,1077,157.033277711572,52,21
11,1036,69.0499423786175,84,73
76,3681,2407.37573830073,81,5
76,7713,5044.30564235629,84,8
76,4438,2902.45409578338,77,1
42,2438,547.838423055039,80,38
1,2021,97.8826467003393,64,63
58,1942,775.608645980147,68,10
96,3259,2944.83646535185,98,2
83,7472,5581.84218416914,85,2
42,2843,638.845216056388,85,43
82,8414,6180.04758829643,90,8
26,9753,1164.98028266417,81,55
72,7119,4248.96420311932,74,2
62,6366,2885.64839755438,72,10
86,9411,7367.94310728772,93,7
77,1560,1042.00133888345,81,4
76,4264,2788.65801361432,82,6
20,3979,374.767782688852,87,67
77,5956,3978.30767589092,86,9
28,3383,437.645670513317,85,57
96,5480,4951.73483587853,98,2
65,4063,2013.35612292644,79,14
89,4631,3780.52656634291,90,1
66,1012,515.979693020442,93,27
41,2850,616.193068950324,67,26
35,8331,1423.95995853683,80,45
39,8756,1751.5910716882,83,44
72,1295,772.918758679523,73,1
48,6673,1879.91326773804,76,28
75,4450,2847.51345466485,86,11
43,2365,552.205454545146,72,29
1,3972,192.374998858856,83,82
40,2954,614.395635618541,72,32
43,1387,323.85157101654,75,32
89,4576,3735.62720094692,90,1
41,4034,872.183452682669,85,44
86,5646,4420.2961198328,88,2
52,3646,1186.82155885957,71,19
96,4876,4405.95968243498,99,3
1,6241,302.268974793081,72,71
43,2286,533.759690947232,74,31
32,2312,350.801565079304,61,29
89,3147,2569.06005274911,90,1
81,9564,6902.15257489194,96,15
26,8742,1044.21794638062,78,52
70,1546,877.84378114058,77,7
66,6655,3393.12732910182,79,13
67,8614,4516.10276542261,81,14
88,1732,1395.00376479901,97,9
80,2088,1479.55594405452,89,9
52,5523,1797.81005748256,84,32
92,6637,5633.47140924256,97,5
73,6556,4007.61853283123,91,18
87,1172,930.913904849906,87,0
93,3246,2792.06051823828,95,2
74,8960,5605.78064838048,91,17
7,2001,115.478855889159,77,70
51,2425,761.781436815737,85,34
26,5950,710.718002855718,73,47
25,2292,263.083722474377,69,44
85,9545,7361.49608775747,89,4
21,2908,284.887137432442,75,54
37,2743,507.354257567931,60,23
89,3953,3227.03984382499,90,1
41,9430,2038.84232989528,57,16
28,6391,826.77903643234,35,7
3,4305,219.133215273764,70,67
98,6826,6400.34166159084,98,0
10,3488,224.042176872486,90,80
73,2636,1611.36095981439,89,16
81,8221,5932.9356250718,88,7
1,4114,199.252453500839,57,56
65,5934,2940.50091888887,90,25
87,4633,3679.9693866635,90,3
30,8977,1257.74700716385,68,38
51,7598,2386.81045646432,67,16
21,4821,472.297417318364,81,60
35,7520,1285.34136216504,77,42
87,3952,3139.05439587614,87,0
59,5911,2438.6019221333,81,22
84,2940,2232.29641007012,88,4
45,8782,2212.29310681706,90,45
34,6019,988.825848576402,59,25
86,5375,4208.12816934136,88,2
17,6285,526.497202162228,83,66
30,3796,531.848907117521,70,40
1,8325,403.202886581061,65,64
53,4571,1541.19971506701,62,9
55,8006,2892.44982615561,81,26
88,3396,2735.23832867057,89,1
32,4404,668.222358395006,55,23
13,6030,433.274787021916,76,63
92,4446,3773.75529388163,98,6
51,4513,1417.69881416471,82,31
84,6662,5058.35329383917,86,2
23,4616,489.412969016385,70,47
14,5939,443.291868539275,22,8
89,6973,5692.42318011426,90,1
76,1131,739.674534098919,82,6
89,6431,5249.96034293916,92,3
20,1782,167.840208281361,82,62
93,7519,6467.49939514283,95,2
56,5857,2188.98460714112,78,22
21,6988,684.591236718674,41,20
9,4903,303.648369563375,73,64
20,7607,716.476130413193,86,66
93,4437,3816.50416494863,97,4
80,7271,5152.22761935845,87,7
49,3857,1127.16289450231,87,38
13,4563,327.866144806136,75,62
49,4919,1437.51990615942,76,27
50,6936,2101.91843406271,80,30
65,7731,3830.97617187898,72,7
93,2664,2291.45077652088,98,5
88,4564,3675.97989754195,98,10
28,1384,179.042745489338,46,18
80,4423,3134.13598685496,82,2
21,3301,323.388046996042,86,65
35,7737,1322.43166477007,84,49
85,8755,6752.21563628252,86,1
2,7865,389.953720608911,56,54
70,4224,2398.45545377607,70,0
35,4452,760.94943409026,73,38
73,3772,2305.78662383151,84,11
20,3727,351.032803739972,73,53
2,9297,460.953558868537,34,32
15,1108,85.9275400674297,78,63
35,8809,1505.66117809998,70,35
60,3451,1469.90570551971,86,26
30,1589,222.63116791616,74,44
46,5886,1539.50725051874,86,40
41,6337,1370.1106940134,91,50
78,8984,6124.52958093286,96,18
0,7265,469.552738009249,83,83
95,9172,8130.55945464459,95,0
90,4806,3975.20709638578,94,4
76,1470,961.380694186924,76,0
26,1919,229.221486971449,67,41
82,2663,1955.96229232629,93,11
0,8927,576.971409801592,75,75
59,7282,3004.21234934439,77,18
87,6692,5315.42308127609,95,8
76,7622,4984.79159938281,89,13
74,5721,3579.3159697974,75,1
66,2203,1123.22456889727,77,11
88,2751,2215.73634928526,96,8
91,1932,1618.80217633831,91,0
27,4912,610.604198846723,83,56
3,2657,135.246678973842,75,72
14,4264,318.268484164248,79,65
51,1094,343.665522423265,76,25
16,2437,196.404831679336,67,51
63,4368,2040.85355285807,80,17
3,8772,446.512558509049,87,84
28,8263,1068.95246096705,57,29
31,4943,720.720048029993,83,52
41,1847,399.336350298683,83,42
77,9258,6183.87717652756,86,9
83,6759,5049.20654748384,93,10
97,4982,4589.42759232063,99,2
50,1726,523.055250460243,82,32
71,3525,2052.78126719328,88,17
91,4231,3545.10973503487,97,6
78,3017,2056.73483366812,95,17
68,2721,1465.95070049637,75,7
17,3348,280.46342606828,88,71
32,6004,910.991607584836,75,43
14,7298,544.728751742655,80,66
1,5411,262.069768082897,82,81
18,4612,401.666788103651,81,63
77,3856,2575.6135658555,86,9
67,9838,5157.81506921611,94,27
45,7641,1924.86126499535,60,15
77,7660,5116.49375374823,88,11
56,3871,1446.74055220134,79,23
44,7079,1717.07954277014,63,19
95,8775,7778.63707092306,95,0
40,6888,1432.61920722428,62,22
60,7911,3369.58100155503,94,34
52,5129,1669.55781003586,80,28
41,9263,2002.73557813574,64,23
33,5054,797.9543075335,82,49
31,3697,539.045522469529,88,57
8,6149,367.459630430367,69,61
58,4565,1823.19952054551,84,26
68,8022,4321.88773222414,82,14
78,1836,1251.62915300453,88,10
41,6191,1338.5443122356,84,43
47,4202,1140.80902707022,47,0
45,8902,2242.52257309104,73,28
8,5266,314.692212367265,85,77
93,1369,1177.5510934899,93,0
60,1547,658.923247301939,77,17
15,6710,520.373460155644,52,37
7,8133,469.360087429549,65,58
12,5344,369.761210209527,73,61
56,2498,933.598010694641,76,20
1,3978,192.665595533869,54,53
96,8879,8023.07547586961,99,3
71,7973,4643.07093427859,81,10
20,8814,830.159144664372,80,60
24,7611,839.587713393255,80,56
70,1051,596.774782651196,82,12
29,4203,565.856437624321,76,47
98,9122,8553.16680882385,99,1
68,7956,4286.32994235543,87,19
36,4402,782.748913669881,61,25
76,1428,933.912674353012,77,1
97,6595,6075.32616847743,99,2
10,9037,580.467073508215,85,75
30,8939,1252.42291378386,78,48
25,3609,414.253557770518,64,39
6,4209,234.849671207132,59,53
67,5014,2628.71363661817,84,17
49,9826,2871.53295343005,79,30
91,9437,7907.16156216594,95,4
43,4294,1002.60897328408,77,34
72,7077,4223.89656770269,95,23
3,9006,458.423632231247,85,82
45,8270,2083.31405071477,69,24
51,4064,1276.65144710068,78,27
38,1468,282.399211939493,58,20
70,5500,3122.98887210426,80,10
76,1513,989.502714493072,76,0
3,7958,405.078310603627,80,77
78,1904,1297.985788301,81,3
32,9448,1433.55241646594,84,52
43,4355,1016.85190466981,67,24
96,6699,6053.22475648728,96,0
71,5396,3142.35679936878,91,20
11,6063,404.102124171388,72,61
79,7179,4991.35362452389,91,12
10,5499,353.213282861754,23,13
51,2194,689.215864896383,83,32
96,6410,5792.083995982,96,0
90,6918,5722.11458443546,92,2
19,3082,279.118492407276,83,64
44,8336,2021.97698382991,55,11
62,1452,658.178051091574,76,14
31,5438,792.894117173195,85,54
15,8600,666.946610631674,76,61
41,5043,1090.33741990052,61,20
12,8762,606.258930362251,71,59
96,7146,6457.1345140854,96,0
30,6113,856.478495576767,78,48
36,4461,793.240096292898,73,37
79,4971,3456.19429830175,95,16
71,6157,3585.52461336427,83,12
47,3650,990.945489958662,83,36
61,4631,2035.42063111601,80,19
25,7202,826.670579956572,52,27
77,4919,3285.64396536391,92,15
52,3112,1012.9974468379,85,33
55,1700,614.184949346058,67,12
41,8252,1784.14919472915,72,31
8,4269,255.11223976374,85,77
90,5786,4785.79863913611,92,2
29,5512,742.089146843983,87,58
80,8338,5908.30338195719,88,8
67,5310,2783.89896498654,84,17
63,3403,1589.97816858425,86,23
16,5521,444.953252237019,75,59
60,1511,643.589545360846,63,3
32,3813,578.549466975513,87,55
13,1840,132.209885260419,72,59
60,9235,3933.52048405521,80,20
4,7631,399.756189288193,84,80
78,9276,6323.59042661768,78,0
2,4758,235.905887178283,73,71
53,1529,515.53147327444,70,17
68,3659,1971.30232014561,91,23
39,3382,676.55105121625,80,41
33,7514,1186.35311966892,91,58
22,4873,496.6225194497,70,48
25,7192,825.522745216282,85,60
68,2170,1169.09703053183,80,12
62,9229,4183.4195823169,72,10
59,9741,4018.68065022847,67,8
51,5078,1595.1860355259,60,9
62,3479,1576.99823674076,83,21
29,6992,941.343852455212,62,33
3,3789,192.867770655584,82,79
49,2687,785.244152846178,75,26
92,8042,6826.03240517231,95,3
35,8903,1521.72794512704,46,11
96,4078,3684.88588699136,96,0
56,4819,1801.04436090371,79,23
59,1272,524.76766113239,61,2
41,7889,1705.66565647337,86,45
84,3060,2323.41054925666,85,1
49,1032,301.589864435153,79,30
68,2100,1131.38422309532,73,5
86,4570,3577.88757839814,89,3
20,8304,782.124068220212,68,48
25,5160,592.282725989435,54,29
65,1079,534.681579285658,89,24
80,8471,6002.54712743576,84,4
22,5778,588.85387182031,84,62
54,5776,2016.36470458784,74,20
13,7788,559.592710004425,76,63
58,4319,1724.95043356759,75,17
41,5002,1081.47288803141,60,19
22,3690,376.059326240385,70,48
74,5788,3621.23419562793,81,7
3,3557,181.058500982295,90,87
64,8848,4258.68173244703,80,16
70,5169,2935.04172361944,94,24
4,1567,82.088579296894,74,70
10,4689,301.185139723362,78,68
89,7643,6239.37908584731,98,9
25,5778,663.218912939332,91,66
86,9648,7553.49220052194,87,1
89,9991,8156.17381220731,98,9
15,7720,598.700910939131,84,69
91,3559,2982.04810848242,91,0
5,2706,146.181666769903,80,75
3,7162,364.560299138373,84,81
27,9818,1220.46254565902,91,64
13,2187,157.14294514377,72,59
71,3234,1883.3176221569,85,14
77,4378,2924.28324463574,79,2
74,6429,4022.27274424533,89,15
73,2886,1764.18350911393,93,20
19,2841,257.29254929561,75,56
44,4271,1035.97213267005,80,36
2,3196,158.460532875535,84,82
80,3390,2402.15261031841,92,12
18,7202,627.234216808867,79,61
92,1046,887.842563517811,92,0
62,4934,2236.53615983872,90,28
18,1212,105.555105633483,76,58
3,2371,120.688699980045,90,87
84,1048,795.730148895745,90,6
91,3721,3117.78617916917,91,0
86,7377,5775.50911725231,90,4
50,8786,2662.55123438221,75,25
82,9503,6979.91350506073,89,7
53,4408,1486.24116036215,60,7
59,2936,1211.25617380872,86,27
58,6154,2457.82472057767,91,33
92,3562,3023.41798398704,95,3
41,8989,1943.49456027876,80,39
59,7974,3289.69915870258,65,6
70,1919,1089.63920828511,74,4
64,1052,506.344166199624,67,3
25,2766,317.491089164104,63,38
42,1746,392.340396494708,88,46
22,6203,632.166937850706,83,61
16,1022,82.3659162807885,75,59
5,8873,479.331089892589,82,77
70,4323,2454.66925347395,76,6
30,1411,197.691993662493,73,43
53,4394,1481.52079370038,73,20
12,5618,388.719775253952,53,41
5,7324,395.6520796093,89,84
18,6814,593.442648338742,86,68
69,4277,2366.36881208756,72,3
10,1860,119.472032391865,86,76
62,4040,1831.29430193523,81,19
39,7007,1401.71295560978,89,50
71,1248,726.771920980771,72,1
51,9461,2972.04708194379,78,27
7,1196,69.0218448992672,68,61
85,7868,6068.12480025938,89,4
66,8400,4282.83539661237,89,23
81,7392,5334.66246691774,83,2
15,8525,661.130215771514,46,31
21,1286,125.985164627964,89,68
61,6382,2805.0214786833,89,28
29,2113,284.476481727383,82,53
48,8333,2347.56739997918,69,21
73,7906,4832.86029904876,86,13
22,8029,818.260252136599,68,46
0,7573,489.459447342607,66,66
36,7725,1373.63365699678,79,43
14,9398,701.474487377017,72,58
93,2369,2037.70528888062,93,0
80,8100,5739.65667952186,88,8
44,5774,1400.53923999927,91,47
38,6454,1241.55620834979,83,45
82,2730,2005.17351034576,98,16
65,3700,1833.47714861625,77,12
48,1345,378.912534858034,79,31
27,6135,762.633705196386,87,60
65,2626,1301.27324115305,90,25
29,7984,1074.89835783787,56,27
40,9601,1996.88980960515,68,28
22,4459,454.430497481267,80,58
18,3236,281.828648374548,83,65
30,3986,558.469374017503,82,52
67,8687,4554.3748227567,87,20
84,5103,3874.62876890743,85,1
40,1545,321.340980714504,66,26
78,3471,2366.23354579452,95,17
55,6523,2356.66377916726,89,34
13,5811,417.538936547986,21,8
6,9704,541.454314420055,85,79
55,7986,2885.22412086919,67,12
92,1156,981.2103283237,96,4
82,9987,7335.40946806708,87,5
37,3252,601.500563474631,67,30
45,2878,725.003366137498,70,25
37,9796,1811.90022133994,83,46
17,7262,608.340919984423,68,51
95,9969,8837.06358518883,97,2
14,6454,481.73189418294,77,63
99,1306,1243.80952380952,99,0
0,3730,241.078005887749,84,84
96,6048,5464.98034441484,99,3
81,6877,4962.99699472312,81,0
34,2140,351.567920909371,88,54
61,7903,3473.53255186997,78,17
2,2233,110.714133263789,73,71
86,4196,3285.08014856862,88,2
54,6258,2184.62782571169,84,30
85,8123,6264.79127510256,95,10
61,5141,2259.57621778609,80,19
78,7601,5181.71742482977,87,9
45,8884,2237.98815314994,76,31
3,9742,495.88752222927,62,59
87,9493,7540.24377025611,92,5
79,6404,4452.51826319139,86,7
98,9620,9020.11233291882,99,1
73,4781,2922.57843280447,88,15
56,2157,806.153286256341,73,17
44,5778,1401.50947847519,92,48
1,7727,374.240084638061,88,87
32,2734,414.831954553121,81,49
44,6964,1689.18518658727,70,26
42,4591,1031.63502881283,66,24
51,6627,2081.78374506305,57,6
22,1900,193.634883430008,78,56
11,4303,286.797202755976,73,62
63,3870,1808.17382087013,75,12
20,7305,688.031830244298,61,41
93,3481,2994.1967541551,98,5
75,4561,2918.54131836548,75,0
70,4997,2837.37734434636,76,6
28,9457,1223.41563879528,68,40
78,5733,3908.2733846269,84,6
56,3176,1186.99250679191,68,12
98,8458,7930.57277669723,98,0
10,6766,434.595575894277,67,57
75,5166,3305.67517006711,86,11
99,8621,8210.47619047619,99,0
19,6516,590.115540728685,67,48
39,8448,1689.97731539766,90,51
13,2971,213.47585277647,64,51
63,8814,4118.15091916003,80,17
42,5690,1278.58926463625,74,32
47,5179,1406.05662808107,90,43
65,1249,618.922421249107,71,6
44,5739,1392.04965333491,70,26
81,7545,5445.07958778332,95,14
55,4554,1645.29309371879,90,35
84,6115,4643.02467604721,90,6
61,3965,1742.69980617037,78,17
36,8742,1554.47319475286,77,41
93,3717,3197.19314426731,93,0
75,7154,4577.77781003873,91,16
89,8509,6946.34000280973,90,1
25,9269,1063.92802077443,79,54
99,5476,5215.23809523809,99,0
1,8219,398.069011989158,76,75
89,4187,3418.0662347825,91,2
68,8776,4728.10854375455,81,13
28,5431,702.58753667095,88,60
77,9544,6374.91075532286,85,8
16,1346,108.478007156498,50,34
59,7824,3227.81617979546,77,18
64,1682,809.573087022593,80,16
10,5492,352.763656933398,81,71
82,7373,5415.43746951623,83,1
61,6718,2952.70045343065,84,23
19,5145,465.952188006306,58,39
91,5068,4246.42310024976,98,7
92,3842,3261.08138531112,94,2
17,2950,247.122791786567,90,73
86,8544,6689.16224722838,91,5
50,4235,1283.39454559625,87,37
61,8222,3613.73967372831,83,22
60,7832,3335.93204451764,77,17
78,1650,1124.8301211642,78,0
18,4057,353.330910523962,72,54
78,1436,978.943063025332,86,8
91,3761,3151.30175217824,93,2
91,5931,4969.52158792054,98,7
58,5041,2013.30750998245,89,31
59,5528,2280.59404932378,82,23
37,6353,1175.07167274118,64,27
24,5558,613.116346214651,81,57
36,8714,1549.49432842329,80,44
49,8368,2445.44959844318,81,32
90,8733,7223.36320697816,91,1
18,4077,355.072743950257,50,32
41,6004,1298.11339858868,83,42
28,7394,956.533280453876,51,23
33,4662,736.063114705417,74,41
47,7647,2076.09867444216,90,43
21,6103,597.890715182322,77,56
27,6061,753.434863438516,72,45
42,3943,886.024160010671,70,28
25,1836,210.742458317171,91,66
22,9722,990.79912458239,60,38
6,5299,295.668426639723,77,71
51,2750,863.875856182795,84,33
0,8782,567.599744693355,60,60
32,2082,315.903485508266,91,59
72,6625,3954.12106274273,83,11
9,3740,231.622456081384,88,79
27,2875,357.38743316049,54,27
0,5262,340.094495169259,0,0
66,6082,3100.97677169005,74,8
78,6554,4467.96158430921,90,12
82,1539,1130.38902286525,85,3
45,6737,1697.13261906474,73,28
70,6182,3510.23949224519,83,13
25,2963,340.103433547809,77,52
20,5917,557.301073176661,81,61
98,3183,2984.51325942626,99,1
0,1968,127.196116779381,81,81
99,5789,5513.33333333333,99,0
82,7820,5743.75708824317,84,2
92,2338,1984.48940105606,93,1
48,3119,878.682673771159,75,27
8,1505,89.9376717836562,63,55
44,8390,2035.07520325491,83,39
82,4112,3020.24669397135,91,9
88,4576,3685.6450506468,95,7
6,6435,359.053845145616,8,2
70,6542,3714.65330932838,79,9
67,3415,1790.39829857421,68,1
68,6641,3577.86791694097,84,16
96,1018,919.866069876705,99,3
90,3723,3079.42072822394,92,2
88,2846,2292.2521446986,94,6
15,1377,106.789009632537,32,17
85,3665,2826.59855019708,86,1
42,5326,1196.79550500047,55,13
13,9582,688.497348133333,30,17
20,1784,168.028581130161,75,55
63,5772,2696.84219484816,81,18
11,9073,604.720200001155,19,8
71,4390,2556.51340793717,84,13
69,3171,1754.44365282433,94,25
57,1177,454.843327023143,57,0
63,1512,706.449306758563,82,19
40,3253,676.583954863613,70,30
69,8271,4576.16002917377,86,17
86,8510,6662.54338997115,87,1
6,8823,492.297136863989,81,75
71,3105,1808.19456301706,79,8
19,4151,375.931493180597,81,62
66,2114,1077.84690814745,86,20
67,4625,2424.7707557557,72,5
24,3870,426.90900681013,80,56
72,9620,5741.6822073336,85,13
16,4732,381.365475382281,61,45
2,5057,250.730574077465,83,81
14,2975,222.056458815346,49,35
88,3098,2495.2203599003,95,7
44,4191,1016.56736315153,81,37
14,8387,626.012611793046,74,60
79,4454,3096.73896693542,79,0
0,8752,565.660779498547,47,47
50,5219,1581.59058641484,85,35
49,8207,2398.39924168537,75,26
19,1106,100.163871707478,87,68
30,4708,659.627148237432,77,47
55,2133,770.621468797142,73,18
31,3938,574.18481673925,69,38
20,6716,632.556026272513,64,44
10,5276,338.889485429826,48,38
14,4606,343.795646824701,69,55
26,6915,825.98571256257,82,56
26,5374,641.915722243131,73,47
25,7718,885.898852555515,77,52
62,4108,1862.11806741335,67,5
85,3926,3027.89247150716,91,6
63,5047,2358.10162117094,80,17
95,5281,4681.36551242674,97,2
62,7153,3242.38815389671,78,16
72,6810,4064.53802826838,77,5
21,1645,161.155206697513,68,47
45,1482,373.33390848359,57,12
41,7063,1527.07777052496,85,44
61,9923,4361.36448338677,69,8
69,3928,2173.27488750992,79,10
7,4281,247.058961549969,72,65
20,1693,159.457616509733,70,50
13,7153,513.965928949878,58,45
50,6611,2003.42888806064,69,19
15,4766,369.612505380298,58,43
73,6581,4022.90078776118,84,11
84,4755,3610.39776526648,93,9
11,9708,647.043282443647,26,15
66,7733,3942.75787166708,95,29
69,4596,2542.86440503961,84,15
17,4213,352.924854846375,86,69
90,5383,4452.46354553572,94,4
99,3153,3002.85714285714,99,0
56,3337,1247.16435616013,67,11
58,4226,1687.80748605155,79,21
4,5539,290.165054706762,47,43
89,9315,7604.3197938856,91,2
74,4319,2702.16145316465,83,9
44,3372,817.911035205667,70,26
53,3863,1302.4840296005,73,20
43,3545,827.724455121582,64,21
16,2676,215.666528343826,78,62
54,4219,1472.8259502521,84,30
70,6381,3623.23490779951,86,16
11,1919,127.902354656918,77,66
57,5122,1979.36068055441,92,35
28,6688,865.20078167102,69,41
44,1047,253.959921073646,52,8
55,6085,2198.42083339456,57,2
68,2742,1477.26454272732,82,14
46,2788,729.212744554239,75,29
70,1885,1070.33345889392,86,16
39,2902,580.529612841383,85,46
99,5994,5708.57142857143,99,0
32,2707,410.735223473043,39,7
53,9735,3282.3406751646,86,33
40,3998,831.534783751837,82,42
96,5727,5174.92434399203,99,3
21,7022,687.922104212726,59,38
82,1943,1427.12532256477,95,13
56,2369,885.38578356109,82,26
90,4712,3897.45647901993,94,4
12,8869,613.662457587629,64,52
24,2741,302.366301722627,70,46
85,7214,5563.73313536746,87,2
40,7685,1598.38539598121,83,43
67,9996,5240.65048098031,74,7
93,6596,5673.5770727972,93,0
29,3808,512.676972275378,74,45
63,3683,1720.80211428028,86,23
37,1533,283.548697357506,78,41
71,4099,2387.04976290079,93,22
96,6341,5729.73550990981,99,3
34,4080,670.279026780482,77,43
91,6389,5353.27489887445,93,2
11,2481,165.359948881612,89,78
19,9042,818.880405044318,70,51
48,7109,2002.74290729053,64,16
5,4654,251.415180024806,76,71
67,6276,3290.34838121573,84,17
3,8255,420.196211866416,85,82
9,4998,309.531827672394,69,60
36,1770,314.735478690525,73,37
94,2030,1771.0475820411,96,2
31,2745,400.238019794119,84,53
86,7442,5826.3981090676,94,8
74,6284,3931.55419580613,86,12
24,5373,592.708551315459,87,63
32,5666,859.706603693484,46,14
2,6310,312.855432554638,46,44
63,4108,1919.37417471176,68,5
74,1685,1054.21209737959,83,9
55,4989,1802.45218369852,55,0
78,5528,3768.52176351256,83,5
56,2523,942.941465565484,69,13
38,6740,1296.57403846879,79,41
10,3037,195.073420631233,63,53
32,9661,1465.87107276434,80,48
97,6563,6045.84770943402,97,0
59,6553,2703.46107185578,75,16
75,3838,2455.90036831544,75,0
22,3008,306.554594398666,67,45
23,1276,135.2883337229,45,22
23,8595,911.287796511229,75,52
82,5937,4360.70151315853,84,2
77,1351,902.399877456117,91,14
14,3201,238.925285602664,71,57
73,1406,859.474017260633,76,3
85,2170,1673.59313886157,87,2
21,2969,290.863105583535,80,59
55,6332,2287.6582936819,57,2
17,2894,242.431647264517,77,60
25,8728,1001.83016132477,71,46
7,3176,183.288778762603,74,67
94,3744,3266.40499860192,97,3
7,1942,112.073932102322,69,62
91,2356,1974.0672502345,93,2
50,2254,683.062882118996,91,41
70,2305,1308.81624549097,73,3
36,6378,1134.11462321365,74,38
93,9702,8345.21600368078,98,5
13,4782,343.601995280067,84,71
65,3470,1719.50424478335,90,25
30,5862,821.311457724687,79,49
46,8381,2192.08465283683,60,14
84,9296,7058.30864898363,85,1
38,3448,663.291881994123,70,32
98,4806,4506.30560000082,98,0
95,8788,7790.1609776948,97,2
41,7930,1714.53018834248,57,16
37,6859,1268.66308882918,80,43
61,1545,679.059571382905,77,16
15,2123,164.642750508261,73,58
21,5384,527.452664352224,80,59
63,2485,1161.06251805227,78,15
84,9492,7207.12840965497,98,14
32,8932,1355.25933360222,76,44
39,8816,1763.59375148506,53,14
81,5690,4106.36220735416,84,3
66,1157,589.90958974768,93,27
3,7681,390.978449829914,86,83
8,6695,400.088181123972,71,63
49,6375,1863.01878466482,67,18
46,3255,851.358494807765,66,20
94,6114,5334.08123970409,94,0
52,2993,974.261361949174,64,12
18,1171,101.984347109578,82,64
25,7449,855.022098041725,79,54
41,5654,1222.44056555969,81,40
21,4216,413.02756926244,61,40
23,1634,173.245405410046,90,67
88,2620,2110.22509455739,91,3
86,9750,7633.34877229362,94,8
98,2884,2704.15841664635,98,0
20,8931,841.178956319209,83,63
26,6815,814.04087217844,50,24
77,1308,873.678045679201,91,14
46,3734,976.642893890075,62,16
53,5468,1843.64035046739,82,29
9,6901,427.386783266746,56,47
98,4889,4584.12985401664,98,0
13,2656,190.842095245474,89,76
63,1868,872.782609143515,81,18
18,9824,855.588578996155,64,46
12,6116,423.177313181412,81,69
50,3475,1053.08053032986,66,16
83,3285,2454.00850843089,87,4
2,1647,81.6597301770981,84,82
43,5282,1233.29776359723,75,32
22,1396,142.270682772785,72,50
21,5045,494.241956102706,87,66
26,3109,371.365087542593,88,62
93,6812,5859.37037900159,93,0
60,7703,3280.98627922872,81,21
94,1549,1351.40527319294,94,0
90,2688,2223.33680297232,92,2
50,8301,2515.57452727142,68,18
14,3180,237.35782824632,61,47
65,7491,3712.04792440117,80,15
9,5682,351.892726057332,85,76
36,2651,471.391951417277,53,17
87,6075,4825.34297949077,91,4
90,9483,7843.71387745034,92,2
49,8710,2545.39507677343,65,16
8,6140,366.921797177176,72,64
66,2728,1390.90178118554,75,9
91,8046,6741.65751077536,93,2
21,7775,761.691022536876,83,62
7,6429,371.021271619891,88,81
30,3020,423.125315989177,59,29
14,1814,135.398459257492,25,11
75,8487,5430.75206511025,78,3
72,2925,1745.78175222981,81,9
6,6611,368.874121252162,68,62
52,2307,750.959225531823,85,33
96,1461,1320.16142248513,96,0
75,3864,2472.53752557865,77,2
95,1641,1454.67161634014,99,4
2,3737,185.283795793452,23,21
28,7187,929.754488317827,85,57
70,2454,1393.42085311707,87,17
8,6568,392.49875632894,73,65
29,2480,333.886263456654,82,53
38,9816,1888.30426730114,84,46
54,4577,1597.80146345196,78,24
22,3870,394.403683617964,80,58
78,2789,1901.30376237998,92,14
52,9026,2938.08321181198,78,26
29,5389,725.529465228995,42,13
36,4249,755.542965511886,88,52
61,9458,4156.98733083464,85,24
99,6189,5894.28571428571,99,0
87,6705,5325.74891810463,92,5
79,2457,1708.28191328252,80,1
58,1140,455.300646970838,87,29
12,1249,86.4206121915604,74,62
63,3008,1405.42295947735,88,25
81,1362,982.928879862278,82,1
59,6909,2850.33000846202,82,23
39,5955,1191.26596983819,51,12
85,3240,2498.82109212511,86,1
13,1090,78.3199863770959,82,69
79,2454,1706.19609898059,80,1
40,1397,290.558802626642,81,41
41,3569,771.6466888013,79,38
29,1148,154.557028406548,35,6
49,6744,1970.85469549484,65,16
12,2743,189.793225973939,83,71
0,8259,533.797118130542,69,69
16,3193,257.333043722659,76,60
47,6682,1814.10897641199,90,43
54,5908,2062.44506141014,85,31
32,9466,1436.28357051933,84,52
82,7847,5763.58847460923,87,5
96,6339,5727.92830741496,99,3
92,5034,4272.8484366622,98,6
6,7031,392.308871051876,70,64
28,6090,787.839826611321,37,9
44,1010,244.98521517133,59,15
3,9267,471.709060613698,84,81
24,9292,1025.02286596375,79,55
17,8499,711.964951658994,73,56
57,4571,1766.43062686728,73,16
75,1786,1142.84472584976,80,5
7,9660,557.484131878697,77,70
69,2807,1553.0505624339,94,25
66,2440,1244.06171044454,69,3
9,9856,610.393296026234,59,50
91,1310,1097.63501604719,93,2
79,3581,2489.76700507314,81,2
42,1413,317.51258891582,88,46
30,3120,437.136088041798,57,27
93,3830,3294.39056834646,93,0
0,4206,271.84292031203,72,72
61,1530,672.466760010255,66,5
45,7781,1960.12897564832,64,19
77,3963,2647.08417050969,80,3
70,6915,3926.4487364729,92,22
67,8663,4541.79222856467,77,10
78,8128,5540.98134837737,79,1
48,3963,1116.45381088653,91,43
81,2211,1595.635648587,81,0
11,8754,583.458682994611,64,53
96,4262,3851.14851651721,98,2
43,7979,1863.02212338931,76,33
33,3566,563.020391900369,71,38
21,4793,469.554349970321,84,63
9,7427,459.962561849314,52,43
33,4979,786.11288033425,78,45
1,2660,128.831192589264,71,70
92,3195,2711.90916868012,95,3
32,3705,562.162542655199,39,7
10,6601,423.99725044016,71,61
34,5767,947.426261628196,58,24
72,7865,4694.21315599571,77,5
44,4876,1182.72070215386,71,27
26,1820,217.396094991161,45,19
59,3192,1316.86979114354,73,14
27,2570,319.473288077378,75,48
58,7229,2887.16524294052,68,10
92,9186,7797.05715915355,96,4
36,4652,827.203077326735,51,15
63,8339,3896.21743985427,93,30
67,7790,4084.10036482959,74,7
86,7936,6213.15444686381,94,8
13,3350,240.708215012176,64,51
29,7882,1061.16593893764,65,36
80,1690,1197.53330720888,81,1
99,9030,8600,99,0
80,9801,6944.98458222145,81,1
33,2643,417.291894501591,73,40
21,7898,773.740925530064,76,55
97,5654,5208.4752322322,97,0
37,1293,239.157511861223,46,9
32,7749,1175.76181998249,87,55
44,2914,706.818729712133,70,26
71,3933,2290.37977982161,81,10
57,1260,486.91809010124,69,12
78,5432,3703.07710191755,84,6
90,2370,1960.30811869211,90,0
44,2582,626.288936210271,78,34
30,4510,631.885819573241,88,58
47,7710,2093.20266509076,74,27
38,8610,1656.3060046315,67,29
93,8120,6984.45206657266,96,3
38,2915,560.758653135983,72,34
56,5855,2188.23713075145,93,37
93,6598,5675.29738118798,95,2
84,3556,2700.01565789434,88,4
69,9520,5267.20390251896,80,11
49,6973,2037.7772526224,72,23
85,9417,7262.77722979697,85,0
47,7677,2084.24343189388,60,13
10,2921,187.622476675611,72,62
73,4743,2899.34940531094,78,5
55,2446,883.703756529681,82,27
77,8142,5438.44544948016,92,15
79,3524,2450.13653333642,92,13
90,5278,4365.61445166961,95,5
85,5602,4320.49251792743,98,13
66,4021,2050.1525154498,75,9
9,3108,192.481976871909,84,75
38,2698,519.014355458279,53,15
85,5617,4332.06113409468,89,4
68,4839,2607.0325026468,81,13
99,4697,4473.33333333333,99,0
52,7749,2522.40270422457,89,37
71,2510,1461.69673210075,80,9
94,2249,1962.11133596573,97,3
17,9472,793.473587729614,89,72
62,5222,2367.08387245193,66,4
88,1645,1324.93140478889,88,0
18,3841,334.519109519975,84,66
38,5876,1130.3663278995,67,29
57,5335,2061.67302435724,84,27
96,9143,8261.62620518931,97,1
85,2657,2049.18754375816,90,5
91,9546,7998.49149861566,96,5
39,4544,909.00294994874,40,1
52,3814,1241.50779634953,85,33
9,6648,411.718205355358,70,61
68,8469,4562.71094542586,81,13
92,2341,1987.03579464168,95,3
14,1926,143.758231824658,42,28
33,2140,337.875389418617,67,34
84,4817,3657.47340384619,84,0
37,1213,224.360450029129,76,39
70,6440,3656.73606115481,79,9
11,8933,595.389126706747,57,46
33,4651,734.326372049527,77,44
48,6231,1755.39331204492,84,36
4,3228,169.10142563521,69,65
21,5171,506.585759168898,22,1
74,2896,1811.86838813726,83,9
58,7111,2840.03763211371,80,22
62,5668,2569.25151073488,71,9
52,5393,1755.49332609151,81,29
79,5736,3988.07694529447,88,9
88,8024,6462.76570943835,89,1
60,6419,2734.08424332976,85,25
62,4794,2173.0754662073,89,27
9,4463,276.398668847918,80,71
26,4057,484.602174384143,77,51
54,9219,3218.29401170279,90,36
20,6448,607.314064533228,65,45
83,7461,5573.62480408003,90,7
83,3469,2591.46286628516,92,9
5,3834,207.117705246048,75,70
88,5133,4134.26924059659,89,1
28,2071,267.917287506083,30,2
61,9417,4138.96697974939,63,2
60,9372,3991.87373866436,90,30
7,6665,384.640966767238,48,41
86,5308,4155.67336239329,89,3
80,3360,2380.89462261647,87,7
52,4896,1593.71320685037,63,11
49,9563,2794.6742961176,89,40
99,2169,2065.71428571429,99,0
76,8415,5503.41397386596,90,14
98,5965,5593.03223137846,98,0
59,4550,1877.11702684935,89,30
64,6701,3225.29682291225,68,4
81,4793,3459.01477325984,95,14
75,6019,3851.5019064332,79,4
75,4737,3031.16207522414,92,17
43,8433,1969.0268914077,78,35
62,3461,1568.83900470244,89,27
41,8691,1879.06454815693,74,33
26,3578,427.386388944161,74,48
14,7671,572.569780024377,35,21
4,6204,325.001624733842,27,23
69,1986,1098.80955361372,76,7
39,4880,976.217956811147,73,34
20,6583,620.029231827271,83,63
29,2715,365.524679550329,81,52
27,1207,150.040567591204,83,56
72,9237,5513.08924627239,87,15
36,1100,195.598320090157,81,45
51,4047,1271.3111236261,85,34
76,8647,5655.14208342472,92,16
78,4239,2889.79083855458,93,15
70,6653,3777.68090292903,90,20
68,8821,4752.35249139231,87,19
19,1517,137.385708300401,83,64
5,3322,179.458794164677,76,71
83,1842,1376.03764764983,93,10
14,3346,249.748205444084,77,63
0,3241,209.472873212385,87,87
73,4509,2756.30749916657,73,0
94,2447,2134.85390800718,94,0
15,1772,137.422022562712,90,75
45,3638,916.456652539339,73,28
56,8274,3092.30982405423,81,25
56,9248,3456.33082582227,62,6
52,9484,3087.16831163581,84,32
53,2503,843.934125314534,77,24
97,5839,5378.89757357691,99,2
22,5767,587.732827758347,56,34
10,3450,221.601350404265,82,72
90,4704,3890.83940520156,91,1
53,5135,1731.36305772678,63,10
76,1415,925.410668213944,82,6
6,8924,497.932636220587,89,83
70,7269,4127.45565660471,89,19
64,2787,1341.42698783113,78,14
12,2667,184.534645888624,70,58
48,4363,1229.14155359524,91,43
21,8970,878.761218283701,79,58
95,3961,3511.24574791182,95,0
76,5042,3297.47038101393,77,1
75,7625,4879.16631276843,76,1
12,2155,149.108422155975,44,32
12,2773,191.868981270774,68,56
72,3303,1971.39047097951,75,3
60,7549,3215.39210981405,79,19
5,6576,355.24413920136,75,70
57,5974,2308.61005576572,71,14
88,6447,5192.6035055769,90,2
82,9840,7227.43858674077,89,7
66,1600,815.778170783308,83,17
73,7573,4629.30066338177,88,15
21,3848,376.975826973878,82,61
16,8511,685.925942725822,25,9
63,3742,1748.36858855195,70,7
59,2567,1059.02404569721,69,10
65,4021,1992.54367961782,71,6
4,6775,354.9139277195,84,80
77,3730,2491.45191925338,80,3
89,6791,5543.84709825841,98,9
64,4587,2207.79533303962,84,20
7,8072,465.839742497396,66,59
43,4667,1089.70099634765,88,45
52,4714,1534.46978290291,89,37
93,1977,1700.52484428746,95,2
37,2818,521.22650303552,86,49
71,4649,2707.3418755125,79,8
41,4661,1007.74592785174,85,44
78,4502,3069.08194271591,90,12
99,6270,5971.42857142857,99,0
85,5863,4521.78643923751,89,4
37,4192,775.366040001738,64,27
32,7438,1128.57354717122,67,35
0,6918,447.125373922641,77,77
36,1781,316.691461891426,57,21
56,6845,2558.23794363684,72,16
71,8817,5134.57373981367,85,14
41,6872,1485.78202450057,78,37
43,4050,945.637247741159,87,44
80,5207,3689.67806546547,82,2
28,4285,554.33393383079,79,51
64,3045,1465.60645064435,69,5
82,4100,3011.43274447532,85,3
17,5121,428.988412453901,81,64
98,6251,5861.19773316794,98,0
74,6047,3783.27629249518,83,9
27,4668,580.272882780233,66,39
34,9737,1599.63404013764,69,35
35,7304,1248.42198261349,78,43
92,1525,1294.41673935436,94,2
54,3717,1297.58095688245,82,28
13,2732,196.302938332317,71,58
22,4834,492.647908684558,56,34
24,4936,544.502030391421,45,21
99,3111,2962.85714285714,99,0
86,8265,6470.73103620583,97,11
91,6397,5359.97801347626,93,2
70,1686,957.338043339598,77,7
86,6355,4975.37758440266,90,4
88,8530,6870.31299869257,98,10
43,2990,698.137128579275,83,40
40,5448,1133.11693393697,82,42
53,9691,3267.50523708476,85,32
47,4627,1256.19309096951,87,40
19,7855,711.380842913417,61,42
31,6026,878.628162943301,80,49
64,2589,1246.1264698582,76,12
49,2891,844.860753955452,71,22
56,7518,2809.76374875993,67,11
43,1696,396.000190659014,48,5
14,3175,236.984624113857,65,51
37,9328,1725.33740962219,71,34
4,6776,354.96631353909,66,62
9,7991,494.891723675491,66,57
81,8959,6465.53585512933,96,15
3,3843,195.616479976092,75,72
75,5340,3417.01614559782,93,18
52,4529,1474.24981900027,82,30
25,7058,810.141759696402,88,63
85,3339,2575.17395882894,85,0
6,1656,92.3998706388717,75,69
82,1712,1257.45679476628,98,16
8,2870,171.50904851767,83,75
92,7345,6234.42029544773,93,1
48,2036,573.580610387329,61,13
81,2669,1926.16533065523,91,10
40,6139,1276.83642757692,78,38
66,5781,2947.50850331144,75,9
52,6577,2140.9010950684,90,38
48,8900,2507.30227526878,90,42
50,2870,869.738452387541,73,23
95,6366,5643.16850068333,98,3
35,5408,924.351873216561,70,35
12,2246,155.404879889707,85,73
91,5470,4583.25460899096,93,2
50,2369,717.913029165883,70,20
14,9062,676.395169675519,44,30
27,6331,786.998204987501,70,43
95,1439,1275.60783419468,98,3
58,6816,2722.2186050467,77,19
60,1658,706.202161620307,73,13
34,5278,867.091348859653,83,49
76,8979,5872.27024020707,85,9
21,8192,802.543132684513,88,67
62,2419,1096.51012781716,64,2
13,2854,205.069028550671,85,72
36,6448,1146.56178903757,80,44
72,4405,2629.11747643498,75,3
90,2130,1761.79590414101,95,5
99,6310,6009.52380952381,99,0
6,6339,353.697330905681,83,77
37,7343,1358.18531291335,69,32
74,5463,3417.8995180918,80,6
48,7298,2055.9878657204,81,33
47,5180,1406.32811999613,62,15
22,4806,489.794341981379,85,63
35,3304,564.729768695917,39,4
81,3386,2443.61026961356,83,2
71,9183,5347.71358202437,76,5
47,5284,1434.56327916207,84,37
4,8506,445.593781429087,78,74
19,9947,900.840896812191,69,50
3,1522,77.4728812187383,70,67
67,6039,3166.09526356944,70,3
31,6474,943.949340672906,65,34
6,6887,384.274099691974,67,61
10,7911,508.141531318301,85,75
21,6405,627.476655864783,67,46
14,7944,592.946725656844,90,76
95,8609,7631.48564599164,96,1
55,7159,2586.44120727554,79,24
72,7545,4503.22164805946,81,9
69,3315,1834.11564462714,71,2
82,2023,1485.8849858716,92,10
25,6485,744.370829077807,35,10
67,8066,4228.80019803793,88,21
2,8216,407.356613925342,67,65
27,2026,251.849370289793,67,40
60,8242,3510.56587218008,88,28
10,1392,89.4113274674599,77,67
35,6695,1144.32984304454,75,40
16,8049,648.692035366014,87,71
97,4138,3811.93323505073,97,0
29,8617,1160.12013395403,55,26
12,4415,305.481987850872,76,64
49,4831,1411.80294097502,75,26
69,7684,4251.38600703316,90,21
4,5483,287.231448809744,85,81
14,4847,361.784086009407,37,23
80,4210,2983.20427417124,82,2
74,1758,1099.88419418001,77,3
31,4055,591.244142173098,69,38
11,9874,658.107269349873,74,63
4,9947,521.081747457692,69,65
67,5677,2976.30780117299,75,8
74,9072,5675.85290648524,81,7
55,5768,2083.89340460474,81,26
76,4328,2830.51404383742,87,11
22,4780,487.144601471284,84,62
52,5179,1685.83347595549,72,20
95,2182,1934.24342891785,96,1
80,3516,2491.43615866652,83,3
55,6254,2259.47804306485,70,15
64,5009,2410.91057841627,82,18
8,6517,389.451034560855,88,80
91,9552,8003.51883456702,94,3
3,3174,161.563025616475,82,79
64,3207,1543.57960171311,71,7
99,3962,3773.33333333333,99,0
13,6116,439.45416209387,68,55
64,6903,3322.52260387453,86,22
32,4430,672.167358694341,64,32
0,7278,470.392956260332,72,72
74,5561,3479.21274393347,85,11
53,3749,1264.04675821182,73,20
20,9231,869.434883639304,64,44
55,5283,1908.67005140895,72,17
71,9414,5482.2362693213,81,10
53,1872,631.180456487738,91,38
62,4515,2046.60736961326,65,3
51,2822,886.493696781035,71,20
6,7011,391.192930585223,48,42
19,2111,191.180771405503,81,62
37,5902,1091.65323666275,71,34
6,3019,168.451213441276,74,68
49,9655,2821.56021426492,56,7
8,6050,361.543464645263,79,71
12,6261,433.210130449447,64,52
35,6556,1120.5715386109,75,40
42,3542,795.916199532792,72,30
99,3248,3093.33333333333,99,0
74,4922,3079.42548563937,88,14
82,2981,2189.53195397096,83,1
83,5174,3865.15678009785,95,12
64,3111,1497.37328996866,76,12
33,2700,426.291379173022,88,55
98,8852,8300.00357286875,99,1
54,2949,1029.47706264362,71,17
19,4765,431.537837871729,89,70
83,2888,2157.43579066923,84,1
79,8923,6203.90700538051,86,7
83,9121,6813.7021629827,87,4
69,9110,5040.36003696929,84,15
62,8272,3749.62041227927,87,25
31,6846,998.189247180524,80,49
34,8759,1438.96421460055,76,42
69,4290,2373.56142245865,93,24
50,7802,2364.35519356362,79,29
28,9403,1216.4298669337,86,58
73,4792,2929.30262497365,90,17
95,3445,3053.83529451053,97,2
52,6503,2116.81310950734,64,12
32,5329,808.573330582876,66,34
91,3992,3344.85418630565,97,6
91,2932,2456.69150156517,95,4
74,8423,5269.80919657464,85,11
97,8400,7738.09549889468,98,1
18,2225,193.77896867533,83,65
63,2258,1055.00167636299,91,28
29,2439,328.366369584992,59,30
18,7902,688.198386729195,79,61
55,9435,3408.72646887062,62,7
27,3566,443.284725791412,73,46
36,4224,751.097549146201,72,36
50,4473,1355.51919774546,88,38
13,1869,134.293628017241,83,70
75,4947,3165.53911465776,86,11
9,6585,407.816543662008,69,60
77,5496,3671.05087083554,88,11
12,9185,635.527080047624,79,67
53,3617,1219.5404439723,54,1
86,6372,4988.68701303128,95,9
16,8945,720.903249639582,83,67
35,8514,1455.23887732356,77,42
72,1697,1012.85184052444,83,11
10,7591,487.587203164862,80,70
29,3593,483.731187338612,73,44
67,1326,695.188329109633,80,13
72,5044,3010.50364384518,93,21
56,7713,2882.64269675251,73,17
47,9840,2671.48044416253,75,28
14,1693,126.366919251893,79,65
47,6754,1833.65639429611,87,40
71,1425,829.847746312178,86,15
40,4991,1038.06655970621,87,47
31,2130,310.567206616202,70,39
71,8196,4772.93482721026,84,13
71,4880,2841.86456280943,81,10
40,4026,837.358439065757,59,19
47,7868,2136.0983876698,65,18
94,4262,3718.32748505379,94,0
20,1070,100.779474108337,57,37
32,5974,906.439684162527,91,59
18,7323,637.772309037952,34,16
47,5514,1497.00641962522,68,21
56,6003,2243.55038358684,88,32
31,2108,307.359470209837,66,35
22,4487,457.284064184446,81,59
58,3080,1230.11051988612,83,25
50,5115,1550.07393169417,56,6
35,3450,589.684534503908,49,14
80,3777,2676.38065167334,88,8
45,5523,1391.31118525969,71,26
37,6300,1165.26861927742,88,51
96,3232,2920.43923167143,97,1
60,1068,454.899824252405,76,16
28,6287,813.324957291523,87,59
17,9884,827.98700814184,54,37
48,6899,1943.58184236846,87,39
65,1268,628.337574174434,66,1
83,7726,5771.58896077232,83,0
4,5386,282.150024309554,85,81
47,8870,2408.13328655708,59,12
58,2221,887.037488528273,77,19
86,9360,7328.01482140188,91,5
4,7457,390.641056679603,73,69
14,1114,83.1498807127045,56,42
14,6235,465.385553181071,84,70
86,3839,3005.58214736771,90,4
13,3300,237.115555086621,63,50
90,5116,4231.61870684762,96,6
98,8733,8188.42422072558,99,1
94,8514,7427.93059778224,95,1
13,8515,611.829985321992,66,53
11,9929,661.773048144105,68,57
5,9549,515.849495929711,85,80
91,1531,1282.80855692233,95,4
31,9115,1329.02351563694,41,10
36,1955,347.631559796596,82,46
47,8905,2417.63550358408,66,19
92,6673,5664.02813226994,94,2
16,4257,343.083860672521,70,54
80,8795,6232.13339461663,89,9
79,4470,3107.86330987906,80,1
81,5438,3924.49871416378,90,9
95,1565,1387.30108444383,98,3
29,1394,187.676391636522,75,46
18,4421,385.032278882533,42,24
86,4815,3769.69993216347,97,11
43,6443,1504.38044128303,78,35
13,4998,359.122286158464,45,32
11,1314,87.57878792037,16,5
43,8026,1873.99618527668,75,32
95,9568,8481.59538399907,98,3
11,8220,547.867303428799,80,69
66,7341,3742.89221982517,80,14
70,1367,776.20468875755,74,4
89,4554,3717.66745478852,91,2
8,2719,162.485401714127,87,79
23,4654,493.441931932898,77,54
68,5806,3128.0079996626,91,23
79,7615,5294.49196973804,87,8
42,6321,1420.38009521366,83,41
39,8632,1726.78553344136,81,42
32,6514,988.374305764094,76,44
66,6439,3282.99727604608,76,10
71,9322,5428.66013412079,90,19
12,1592,110.153414418706,73,61
97,6684,6157.31313269191,97,0
27,5193,645.534935792148,65,38
53,7867,2652.50889486594,88,35
36,6413,1140.33820612561,38,2
6,2247,125.375911428469,81,75
59,6198,2557.00468844226,84,25
73,9726,5945.40845794944,87,14
60,3684,1569.14883197178,63,3
72,4295,2563.46414558189,84,12
62,1847,837.227865265934,94,32
30,7593,1063.83792195557,80,50
83,2088,1559.80814782457,93,10
6,4108,229.214171850534,72,66
40,2783,578.829740665674,88,48
3,9297,473.236121347313,46,43
86,3458,2707.29436457347,87,1
84,2558,1942.24973365965,89,5
99,3077,2930.47619047619,99,0
21,5991,586.918445790151,83,62
14,6706,500.541382459063,80,66
77,8863,5920.03709392566,79,2
20,3756,353.764210047581,76,56
1,7424,359.564952549885,67,66
78,1910,1302.07607965069,81,3
31,8343,1216.4611290136,91,60
62,1286,582.931800071463,81,19
89,5959,4864.6421526317,89,0
42,6149,1381.73029670444,67,25
96,9824,8876.97865468443,96,0
22,6224,634.307112878091,76,54
8,6518,389.51079381121,60,52
77,8371,5591.40590243165,94,17
18,9125,794.711500747141,74,56
46,1658,433.656646510376,54,8
1,2167,104.953832458998,71,70
8,1585,94.7184118120233,79,71
25,3138,360.190541502877,74,49
91,9818,8226.39739507737,96,5
0,5091,329.042393558856,68,68
60,4806,2047.04920913582,84,24
81,5626,4060.17465352803,91,10
57,3044,1176.33227481601,88,31
14,4148,309.610148291112,87,73
46,6509,1702.45543554646,90,44
6,1791,99.9324687887798,82,76
95,9252,8201.47580400913,97,2
85,6614,5100.98848867762,86,1
97,6170,5683.81538430716,97,0
71,4764,2774.31204451314,90,19
12,5731,396.538453538697,79,67
99,3643,3469.52380952381,99,0
4,5126,268.529711216259,68,64
95,2034,1803.04818259345,98,3
96,8826,7975.18460975619,99,3
35,3314,566.43899923071,86,51
47,3067,832.665703480333,88,41
57,9974,3854.38177037283,71,14
1,3960,191.793805508829,58,57
27,6811,846.666367741252,63,36
48,8067,2272.63005107789,60,12
31,4202,612.677653615624,67,36
36,1529,271.881664925318,86,50
61,8676,3813.28209794051,77,16
3,3807,193.784007095754,23,20
39,5813,1162.85962765229,86,47
52,4576,1489.54894496473,83,31
7,9645,556.618473288823,76,69
68,5100,2747.64739894579,82,14
83,3218,2403.95719334265,97,14
79,3305,2297.87208929537,81,2
50,9477,2871.95516142046,73,23
90,2050,1695.62516595731,95,5
66,7504,3825.99962097372,75,9
28,1895,245.148845883161,73,45
33,4682,739.220828625218,85,52
28,3150,407.503358592063,89,61
81,6392,4612.98193838449,90,9
41,6904,1492.70068352036,78,37
56,3040,1136.16411229452,88,32
61,6548,2877.98192454062,88,27
61,3300,1450.4185019829,69,8
65,8259,4092.61831633017,81,16
1,9015,436.621504207599,47,46
78,4603,3137.93518043566,91,13
95,6871,6090.82795604699,95,0
97,3232,2977.32436338424,99,2
8,1268,75.7747294496187,76,68
81,2840,2049.57270103441,82,1
54,1397,487.683776369324,82,28
27,2961,368.077978987204,79,52
85,5020,3871.63021063829,89,4
28,2191,283.441224976257,38,10
83,7365,5501.90948693867,90,7
15,5980,463.76055018342,24,9
2,9335,462.837632788834,71,69
99,2684,2556.19047619048,99,0
35,4247,725.910208126985,49,14
54,5280,1843.21427289193,62,8
29,5366,722.432939398551,61,32
23,1019,108.039821366485,74,51
15,4295,333.085545658493,56,41
44,5581,1353.72523353583,81,37
43,8846,2065.45854160945,89,46
38,7008,1348.12920795093,62,24
40,9549,1986.07444973644,54,14
40,9915,2062.19794419697,76,36
27,1674,208.092717603708,85,58
60,9212,3923.72395225951,82,22
29,8676,1168.06339586691,50,21
69,4333,2397.35236445532,84,15
46,6329,1655.3757031147,68,22
62,9308,4219.22954515177,84,22
14,6961,519.574793214665,89,75
71,4137,2409.17903613578,83,12
9,6380,395.120660374125,73,64
3,8149,414.800597274309,79,76
61,1418,623.240435094472,83,22
81,9296,6708.74219324503,95,14
63,4334,2024.96778802355,76,13
49,2995,875.253530991553,80,31
21,4562,446.924044348968,73,52
69,6208,3434.74809105438,90,21
2,9357,463.928412426901,82,80
93,8946,7694.93943196539,93,0
24,7171,791.050255254636,76,52
82,6985,5130.45310247808,84,2
15,4690,363.718558588669,63,48
34,7788,1279.4443775898,84,50
24,9924,1094.74030583559,66,42
19,5910,535.233708671966,49,30
26,4706,562.124188477145,60,34
53,1630,549.585547048618,71,18
66,4107,2094.0005921294,76,10
82,6261,4598.67814955122,89,7
43,3949,922.054689217244,82,39
56,2523,942.941465565484,69,13
20,2156,203.065931007078,87,67
17,6244,523.062614208584,83,66
10,1640,105.340931786375,36,26
1,7303,353.704586270449,58,57
7,3598,207.642640424384,24,17
60,3901,1661.57697978336,78,18
0,2273,146.908929593258,69,69
25,9824,1127.63284886051,59,34
95,7253,6429.45352426267,95,0
92,2968,2519.23205403524,94,2
50,2559,775.49153298248,55,5
37,8101,1498.38747377244,74,37
66,4936,2516.67565686651,94,28
80,6535,4630.69832107103,96,16
26,3280,391.790764599455,82,56
91,3417,2863.0678243002,92,1
91,3083,2583.21278967443,92,1
57,6367,2460.48212672587,87,30
76,4838,3164.05428467778,86,10
36,6841,1216.44373430615,79,43
49,9369,2737.98007741565,59,10
6,4404,245.730090756999,68,62
91,2302,1928.82122667225,92,1
41,4221,912.614366329585,75,34
15,2931,227.304711135051,61,46
44,8457,2051.32669772667,75,31
69,5087,2814.52376597835,82,13
96,1880,1698.77034515541,97,1
60,2842,1210.51058101623,79,19
43,5441,1270.42278147152,80,37
63,7360,3438.80085829565,80,17
89,4865,3971.55295730043,97,8
62,5391,2443.68999547843,77,15
74,5060,3165.76451794701,89,15
13,8428,605.578757051527,71,58
29,4189,563.971595814485,37,8
31,5929,864.484961515239,67,36
81,1034,746.217666503374,86,5
80,2145,1519.9461206882,94,14
34,1250,205.355093989118,72,38
97,4383,4037.62768710183,98,1
13,8617,619.159011570124,89,76
13,8888,638.631228366632,77,64
63,5637,2633.76636388758,79,16
11,8234,548.80041075824,72,61
26,9715,1160.4412433182,73,47
42,9775,2196.52197923011,87,45
41,7680,1660.47816475035,82,41
16,5186,417.954639757504,64,48
0,6444,416.48972384468,80,80
42,6865,1542.62131840559,63,21
22,6077,619.325887686401,79,57
54,7807,2725.37383114911,83,29
31,4696,684.705916558537,72,41
38,3076,591.730228832344,57,19
90,9137,7557.52543480584,93,3
94,2703,2358.19783953552,98,4
67,2980,1562.33877884367,72,5
38,6008,1155.75917256981,79,41
88,8531,6871.11842811797,97,9
78,5215,3555.14489810384,83,5
56,6404,2393.41939971516,61,5
33,2834,447.448062435683,51,18
50,5136,1556.43787158969,77,27
79,8919,6201.1259196446,80,1
57,6058,2341.07126177247,82,25
12,3577,247.49922322595,69,57
43,7645,1785.03623678547,87,44
69,9376,5187.53191071615,74,5
96,7793,7041.76452116814,97,1
16,2029,163.522939465479,78,62
84,4374,3321.11037334923,92,8
91,4769,3995.89419200692,94,3
34,6749,1108.75322346605,78,44
50,4519,1369.45925656422,67,17
53,3883,1309.22741054588,70,17
96,3113,2812.91068322808,98,2
56,9538,3564.71490232405,77,21
51,3507,1101.6773191393,57,6
86,3353,2625.08907010262,90,4
75,3905,2498.7730428014,88,13
57,3358,1297.67535441267,67,10
28,2015,260.672783353335,75,47
2,5942,294.609664063337,82,80
50,2898,878.223705581566,87,37
41,8956,1936.3596931646,59,18
16,3179,256.204743499635,82,66
35,7931,1355.59073714507,37,2
21,5172,506.6837258599,71,50
18,9991,870.132888105719,82,64
53,8750,2950.22916360454,84,31
67,3076,1612.66915561179,79,12
8,6293,376.064962481428,84,76
29,8503,1144.77213635965,75,46
35,4528,773.939586154694,82,47
37,3549,656.434655526281,75,38
82,6615,4858.68965968396,86,4
43,6618,1545.24131001259,79,36
27,6411,796.942898779793,67,40
43,8472,1978.13302786743,45,2
68,9528,5133.25184650107,84,16
9,4596,284.635510200545,85,76
95,1408,1248.12774881592,99,4
27,3383,420.536238741544,84,57
54,6095,2127.7255669084,76,22
53,4484,1511.8660079546,57,4
49,9626,2813.0853052837,73,24
48,6993,1970.06346190501,81,33
4,5203,272.563419324658,66,62
82,5006,3676.88593142523,83,1
49,8629,2521.72377927416,80,31
35,5120,875.126033814495,74,39
81,8721,6293.77588933842,97,16
54,9011,3145.68254034644,61,7
43,3120,728.490916778374,84,41
65,6748,3343.86589158445,81,16
59,9881,4076.43809720845,67,8
34,1398,229.66913711743,80,46
37,2177,402.665045105865,72,35
90,1588,1313.48915294645,99,9
85,7244,5586.87036770195,90,5
26,2684,320.599515910042,88,62
42,4138,929.84224552984,53,11
11,3326,221.679641265716,68,57
25,5557,637.851765178932,82,57
14,3921,292.666680677302,74,60
83,4821,3601.45358269264,87,4
37,4784,884.864297559236,90,53
48,4858,1368.59263519727,74,26
4,6866,359.681037302153,82,78
50,4561,1382.18713635525,74,24
6,4256,237.472131303767,59,53
29,4566,614.727693122211,86,57
71,3932,2289.79743052595,71,0
92,8226,6982.21121175671,94,2
32,6348,963.186996160649,83,51
26,1253,149.668850013145,57,31
60,9862,4200.58245952923,67,7
10,3688,236.888631968385,80,70
59,5375,2217.47341083852,86,27
68,5016,2702.39203002197,79,11
32,8486,1287.58740539056,55,23
92,1216,1032.138200036,93,1
50,3305,1001.56292165185,53,3
41,4908,1061.14932716077,67,26
77,5986,3998.34616317714,87,10
97,2849,2624.50405670844,98,1
34,9831,1615.07674320562,79,45
89,9172,7487.58144385601,97,8
80,1550,1098.32936459986,85,5
10,1622,104.184750827744,76,66
83,2025,1512.74497095055,91,8
78,6092,4153.00915038323,86,8
11,2003,133.500998633563,77,66
41,2077,449.064212003446,61,20
31,7586,1106.0858353946,48,17
54,5079,1773.04645682161,85,31
74,4678,2926.76806619686,87,13
72,8489,5066.6465964714,82,10
55,2104,760.144196131827,84,29
89,1290,1053.09420656065,95,6
40,1376,286.191061141203,75,35
46,7970,2084.58593045096,72,26
3,9084,462.393990138646,78,75
99,6085,5795.23809523809,99,0
70,4680,2657.37962208145,83,13
87,2443,1940.46302862485,97,10
12,7354,508.836815097466,86,74
67,2607,1366.78429410921,82,15
17,7576,634.644837483061,77,60
5,5204,281.126900912998,73,68
53,6997,2359.17182374183,55,2
15,3633,281.746167026148,73,58
84,1337,1015.16336743665,88,4
68,7854,4231.37699437651,71,3
46,4247,1110.82013132061,83,37
69,3266,1807.00503630535,71,2
17,4371,366.160584033588,33,16
28,2941,380.465834164843,76,48
14,7736,577.421433746393,67,53
73,9096,5560.29563371459,79,6
80,4100,2905.25831926415,86,6
34,2729,448.331241197043,81,47
50,4225,1280.36409802696,90,40
68,6051,3260.00282569038,79,11
34,2390,392.638939707194,74,40
52,7458,2427.67832857232,70,18
10,6941,445.836224103189,82,72
54,3063,1069.27373444469,62,8
92,1086,921.79447799268,93,1
87,5090,4042.96226594371,90,3
69,3047,1685.83721543858,89,20
46,2074,542.463139241568,80,34
26,7277,869.22603475312,83,57
20,6587,620.405977524872,82,62
6,2447,136.535316095,60,54
70,2842,1613.73352264006,89,19
68,5842,3147.4031577728,85,17
81,8576,6189.1322127011,81,0
5,2302,124.357057244758,58,53
51,6507,2044.08734406598,74,23
73,3080,1882.77380737038,88,15
33,2245,354.453387497568,78,45
75,6118,3914.85108216619,80,5
47,7501,2036.46085484381,90,43
83,6849,5116.43965730386,92,9
7,4977,287.225520120111,78,71
77,3930,2625.04183449485,93,16
45,4932,1242.43106386037,78,33
17,5246,439.45971719062,75,58
96,1341,1211.72927279436,97,1
42,9569,2150.2321042714,56,14
49,2385,696.988204145193,49,0
94,7690,6709.04231817541,98,4
99,2883,2745.71428571429,99,0
67,7548,3957.22587339329,90,23
88,1555,1252.44275650257,93,5
4,2182,114.305858344494,18,14
68,4175,2249.29958639189,88,20
8,1202,71.8306189262158,65,57
11,3407,227.078333671766,64,53
97,2408,2218.25404301647,97,0
63,3638,1699.77683729342,76,13
3,3548,180.60038276221,47,44
95,3227,2860.58824249216,98,3
33,1020,161.043409909808,44,11
36,8210,1459.87473449108,63,27
34,2278,374.239123285769,81,47
40,1001,208.195677472634,88,48
31,7202,1050.09625448351,87,56
84,7102,5392.43847085647,85,1
28,5687,735.705269940654,80,52
57,7431,2871.65740281136,81,24
61,7563,3324.09549408991,76,15
45,8920,2247.05699303213,74,29
16,1433,115.489587113865,45,29
35,8415,1438.3174950291,69,34
70,6145,3489.23029437831,94,24
24,6713,740.527173828527,42,18
73,5111,3124.30419787987,77,4
4,5226,273.768293175219,75,71
95,9414,8345.08141147233,97,2
70,6674,3789.60504225888,71,1
64,6751,3249.36261027915,93,29
94,3707,3234.12482099821,94,0
17,8532,714.729376109488,90,73
73,5947,3635.34280273754,79,6
50,3668,1111.56816841725,90,40
53,2980,1004.76376086189,84,31
64,7425,3573.76942398499,85,21
76,4237,2771.00000086394,76,0
95,4434,3930.53866352967,96,1
69,3230,1787.08703835465,80,11
99,5922,5640,99,0
59,7052,2909.32511502014,74,15
80,7974,5650.37313117374,80,0
66,4518,2303.55360974937,86,20
58,3514,1403.44427496099,85,27
80,5647,4001.46188509382,88,8
44,3196,775.220542264921,90,46
52,9418,3065.68443262189,83,31
83,8147,6086.09050781932,90,7
79,9352,6502.17845055682,91,12
34,9890,1624.7695036419,50,16
91,6498,5444.60483532418,92,1
5,5804,313.53968733648,79,74
54,8873,3097.5076218504,77,23
54,6433,2245.71920786246,90,36
82,2808,2062.46418206993,86,4
35,1150,196.561511501303,80,45
9,7869,487.336124840751,86,77
56,5751,2149.36835848874,72,16
54,9142,3191.41380355645,67,13
44,8379,2032.40704744611,61,17
19,4132,374.210775673869,84,65
43,4394,1025.95804112954,81,38
32,9190,1394.40587503408,86,54
75,3588,2295.92770232303,84,9
56,2239,836.799818232706,92,36
65,6359,3151.1030237975,92,27
13,4978,357.685222188242,72,59
26,8731,1042.90401393837,63,37
26,3935,470.029469115504,75,49
85,2359,1819.35770256887,95,10
67,3660,1918.84561428451,73,6
88,8845,7124.02326769469,88,0
59,6401,2640.75298656323,62,3
13,7542,541.916823170695,76,63
73,6333,3871.30081885604,85,12
65,1238,613.471543239708,85,20
7,3916,225.994602529708,58,51
39,9110,1822.40688248966,86,47
14,8369,624.66907691618,27,13
52,7570,2464.13582023229,84,32
27,3946,490.522021304798,57,30
63,2091,976.974537322854,63,0
79,5998,4170.23806099656,90,11
71,9841,5730.89941856712,92,21
57,8285,3201.67966387998,79,22
50,4384,1328.54821437874,83,33
43,6791,1585.63519738524,85,42
5,9144,493.970865093861,54,49
73,7982,4879.31835403582,90,17
68,8919,4805.15042180343,73,5
99,2779,2646.66666666667,99,0
16,4031,324.869871357983,84,68
45,3902,982.961478342084,62,17
91,5433,4552.25270395756,95,4
72,6605,3942.18409349672,76,4
30,7961,1115.39756310922,85,55
95,3612,3201.87317380901,95,0
72,1652,985.993659720905,84,12
84,6464,4908.01496418139,84,0
4,3284,172.035031532227,73,69
88,4815,3878.14268331825,97,9
23,4410,467.57174899529,89,66
36,4762,846.76290933575,72,36
47,5963,1618.90628948589,57,10
33,4725,746.009913552788,58,25
76,1911,1249.794902443,88,12
82,3087,2267.38850785252,85,3
92,7808,6627.41370549433,98,6
8,2428,145.095459860942,74,66
33,5546,875.634069960584,55,22
46,6637,1735.93435638683,77,31
0,2736,176.833625766456,74,74
12,8372,579.274111503397,50,38
51,2876,903.457077229716,75,24
31,7762,1131.74772664552,55,24
46,3923,1026.07661294343,67,21
73,2053,1254.97877484785,74,1
67,4780,2506.03334324589,86,19
29,3982,536.102863340482,84,55
69,7517,4158.98862765073,80,11
27,7750,963.392211128279,86,59
33,2986,471.446688226164,84,51
93,6198,5331.23570303169,93,0
35,9314,1591.97732010707,75,40
89,3151,2572.32546114155,95,6
20,9792,922.27346772788,83,63
27,7926,985.270537471321,77,50
1,7304,353.753019049618,85,84
21,6677,654.123595817199,90,69
38,5928,1140.36956973932,53,15
58,9946,3972.29845155435,67,9
29,2950,397.163095644004,50,21
43,1504,351.169980395729,76,33
93,2242,1928.465706066,98,5
90,9577,7921.46449481619,94,4
4,3588,187.960320687464,73,69
95,4293,3805.54859777467,96,1
50,8785,2662.24818962528,78,28
33,2570,405.766238694321,56,23
96,5629,5086.37142174457,96,0
15,5380,417.229391302141,75,60
66,2711,1382.23413812097,69,3
90,2182,1804.80688396042,93,3
24,4948,545.825779249747,62,38
76,4179,2733.06797347426,83,7
15,6625,513.781545980796,75,60
62,2485,1126.42731195769,70,8
34,1501,246.590396862133,66,32
74,4130,2583.91451761288,83,9
16,9067,730.73558015451,69,53
87,3935,3125.55137848497,91,4
10,1380,88.6405401617059,82,72
30,4008,561.55174386908,80,50
11,5429,361.845692252427,72,61
4,5087,266.486664252265,54,50
24,1627,179.478282708031,79,55
56,9845,3679.45252813801,83,27
78,8413,5735.27018748755,91,13
18,7311,636.727208982175,72,54
45,3620,911.922232598243,92,47
82,4561,3350.03530428096,88,6
5,1704,92.0523134426881,80,75
12,1895,131.118542916739,73,61
77,1401,935.797356266484,93,16
20,2079,195.813576328254,69,49
86,8600,6733.00507094617,86,0
22,1075,109.556578782768,73,51
96,1188,1073.47828193863,96,0
84,7571,5748.54289817718,98,14
47,9770,2652.47601010853,82,35
33,9762,1541.28016425446,67,34
93,9827,8452.73527810462,93,0
40,3993,830.494845302923,74,34
67,6180,3240.01800444761,70,3
31,9518,1387.78341435352,89,58
82,1609,1181.80372825873,91,9
70,1990,1129.95415554318,89,19
19,9207,833.823478129068,43,24
53,8906,3002.82753497852,79,26
53,9363,3156.9137895805,71,18
60,2504,1066.54415723598,86,26
4,3758,196.865910017695,70,66
16,4935,397.725828616136,87,71
7,5654,326.295577809747,19,12
8,4202,251.108369989982,77,69
88,1581,1273.38392156307,92,4
76,8022,5246.39178827721,82,6
15,6342,491.834349375125,71,56
78,3797,2588.47270912757,86,8
45,3435,865.318472092531,82,37
98,9776,9166.38442480399,99,1
86,3976,3112.84048396302,93,7
44,1004,243.529857457441,88,44
44,1374,333.276916480601,52,8
74,4567,2857.32145325376,78,4
93,9122,7846.32657035416,97,4
93,7786,6697.16056531216,94,1
43,4640,1083.39674802938,54,11
25,4361,500.570730240296,56,31
11,8083,538.736181704985,32,21
17,4484,375.626643515582,68,51
18,7654,666.599652243136,68,50
88,4762,3835.45492377186,94,6
71,2038,1186.82786455033,89,18
12,1223,84.6216242676368,49,37
43,4647,1085.03118277856,71,28
4,8406,440.355199470128,45,41
92,1160,984.605519771186,93,1
34,5728,941.019182695736,67,33
35,4616,788.980814860881,66,31
87,7543,5991.36824597512,92,5
20,4875,459.158818951533,88,68
19,5884,532.879042610127,78,59
43,3191,745.068754948651,89,46
71,2692,1567.68430391044,73,2
90,8175,6761.82230814685,98,8
35,2588,442.348862404671,71,36
63,3744,1749.30304530692,64,1
22,1808,184.258878548134,75,53
24,2423,267.286956976988,85,61
79,2810,1953.71272947655,86,7
90,2171,1795.70840746016,90,0
19,5835,528.441402724352,90,71
44,3418,829.068777678817,75,31
20,5877,553.533616200649,85,65
95,3591,3183.25763210082,97,2
23,3567,378.192387452653,69,46
97,2422,2231.15086884796,97,0
32,2032,308.316946471084,80,48
87,4403,3497.2815043124,89,2
86,6277,4914.31079422432,92,6
60,6100,2598.21060668508,60,0
87,6563,5212.95900813134,97,10
15,9488,735.812725775968,81,66
79,5554,3861.53754431058,83,4
4,3558,186.388746099776,51,47
84,9190,6977.82449270219,84,0
83,6746,5039.49509828761,92,9
10,3352,215.306587407274,79,69
75,6490,4152.8904091629,86,11
16,5625,453.334911036629,61,45
71,2637,1535.65509264927,79,8
37,4562,843.802450975174,77,40
59,8300,3424.19149952739,91,32
31,2615,381.283213756511,81,50
2,5633,279.289168237762,4,2
9,4709,291.633728793378,54,45
24,5996,661.43317954355,90,66
53,1676,565.095323222996,73,20
44,7243,1756.85932028311,76,32
34,5371,882.369767852443,90,56
75,3433,2196.74464940774,88,13
39,1083,216.648370333293,83,44
28,2336,302.19931608605,51,23
0,8217,531.082566857811,89,89
2,2973,147.403993816947,84,82
26,4540,542.295753439489,78,52
2,8738,433.23783988311,76,74
52,7624,2481.71353942549,89,37
89,1218,994.316855496797,93,4
91,1156,968.600059962257,95,4
98,5859,5493.64222022571,98,0
95,6166,5465.87762727198,96,1
25,7518,862.942157749723,82,57
93,3354,2884.95717134048,99,6
94,5345,4663.17700788655,97,3
45,2476,623.734654119682,76,31
71,2927,1704.53638839,81,10
31,7410,1080.42394414369,75,44
1,8277,400.878113180954,66,65
48,2361,665.139401338155,63,15
75,8468,5418.59414249482,79,4
37,5224,966.248137635754,53,16
8,5075,303.278195549538,44,36
86,8017,6276.56995974133,86,0
9,3200,198.179641566959,67,58
64,6791,3268.61524017267,88,24
36,2996,532.738697263735,71,35
18,2168,188.814743410389,81,63
33,6094,962.155431363109,78,45
52,1815,590.806672882643,77,25
4,2662,139.451051747499,68,64
55,7461,2695.54935710055,60,5
3,1713,87.195167889421,87,84
62,1983,898.87539622217,76,14
32,1759,266.894443328069,79,47
22,5440,554.407245189077,71,49
69,2060,1139.75210495683,77,8
91,9720,8144.28424120514,94,3
10,8517,547.066290258876,77,67
36,1052,187.063120668041,65,29
8,6016,359.511650133207,85,77
52,9424,3067.63751253225,77,25
5,9624,519.901094232647,86,81
5,6871,371.180425859571,42,37
72,4302,2567.642084818,80,8
38,3479,669.255353090938,40,2
84,1085,823.823675144927,96,12
68,2514,1354.42854136269,69,1
31,3869,564.124188919288,91,60
84,1859,1411.50987289808,84,0
28,8390,1085.38196145632,90,62
55,2882,1041.22413177373,61,6
68,1413,761.259955825568,69,1
59,3380,1394.4297913738,63,4
89,8997,7344.71982668693,91,2
35,1548,264.588886786101,85,50
20,1265,119.145826866398,69,49
78,3141,2141.26752156168,81,3
17,7833,656.173840021755,37,20
16,7049,568.099162292835,57,41
0,2716,175.540982303251,33,33
55,5135,1855.19983228942,85,30
85,5376,4146.19203434093,86,1
78,1241,846.008594160472,84,6
25,8020,920.563461712261,82,57
76,5094,3331.4784055702,84,8
61,3440,1511.95140812763,85,24
68,5706,3074.13256046758,81,13
17,7899,661.702688922743,59,42
77,9633,6434.35826760531,80,3
2,4652,230.650312558506,79,77
36,5350,951.31910225667,78,42
48,4395,1238.15657301194,80,32
21,6792,665.389765282374,83,62
59,4187,1727.36021789412,90,31
70,6447,3660.71077426476,88,18
2,9161,454.210557469578,73,71
72,5108,3048.70194543243,75,3
12,6832,472.718672932538,69,57
48,9481,2670.98122155318,83,35
53,4353,1467.69686276235,86,33
37,6970,1289.19401212121,85,48
85,8170,6301.03960575993,86,1
27,7689,955.809382111656,81,54
85,4332,3341.01634910061,86,1
52,6494,2113.88348964181,77,25
2,3493,173.186057989437,90,88
68,9917,5342.82730496968,78,10
86,4490,3515.25497308701,92,6
25,3560,408.629167543099,45,20
9,8337,516.319897419918,76,67
90,2771,2291.98894383791,90,0
7,3267,188.540440874503,73,66
97,5842,5381.66117911222,98,1
74,2252,1408.95290403492,83,9
42,2997,673.450268209988,80,38
33,2885,455.500232931173,90,57
1,1873,90.7145953833426,88,87
59,6549,2701.81085908492,67,8
87,2008,1594.94464243909,87,0
78,2338,1593.85019592843,88,10
94,5099,4448.55744868354,97,3
31,6364,927.910658641084,80,49
55,9309,3363.20452556615,76,21
39,3764,752.968112589581,82,43
28,6147,795.213696909654,81,53
64,4447,2140.41112841229,82,18
6,3212,179.220038944478,83,77
43,5489,1281.63033403734,88,45
82,8189,6014.78603524595,83,1
78,3491,2379.86785029348,88,10
66,2071,1055.92286980764,79,13
21,9241,905.310191545115,86,65
37,2046,378.43485635581,83,46
7,2343,135.21587173828,90,83
27,6468,804.028493106801,72,45
95,8738,7745.83825934196,96,1
58,1511,603.473050502576,73,15
0,4971,321.286532779625,84,84
12,9004,623.003356423386,77,65
44,1935,469.352862729231,86,42
77,7163,4784.52281437318,86,9
57,1108,428.17876494617,80,23
58,9025,3604.4634551858,67,9
60,8897,3789.55406027495,84,24
20,5688,535.732381988989,70,50
16,4948,398.773535966087,59,43
72,2072,1236.67001388724,89,17
99,3971,3781.90476190476,99,0
16,6179,497.98336271917,81,65
9,6957,430.854926994167,52,43
1,7189,348.183249445195,74,73
57,8647,3341.57200405192,93,36
28,7383,955.110252852444,82,54
29,6051,814.655556522667,73,44
44,4318,1047.37243476218,77,33
38,3126,601.348730601401,59,21
74,6191,3873.36919577272,85,11
41,2844,614.895820384112,85,44
49,6097,1781.7765537414,74,25
12,4647,321.534495479729,90,78
89,9427,7695.75122887381,90,1
45,4150,1045.43570864163,91,46
97,9121,8402.28202921647,99,2
10,7193,462.022757524022,89,79
56,6217,2323.53035728126,62,6
51,3418,1073.71915506647,86,35
45,1252,315.394098125138,69,24
68,1384,745.636078459014,73,5
28,4160,538.163165632692,77,49
57,6473,2501.44507716296,83,26
69,8852,4897.61438498926,70,1
55,9713,3509.16377235192,89,34
41,9501,2054.19310459545,88,47
32,2393,363.091758319539,83,51
72,3737,2230.42270361805,75,3
51,1862,584.922488804496,55,4
50,1070,324.257889914519,84,34
22,2666,271.700315381264,46,24
76,3603,2356.36370146632,80,4
84,8069,6126.6665758013,91,7
3,6580,334.935320906241,62,59
94,5740,5007.78971473691,94,0
23,2023,214.489262634347,74,51
0,2211,142.901734857323,0,0
34,5170,849.348668738993,66,32
34,5357,880.069790799765,63,29
97,1263,1163.47793036952,97,0
99,1532,1459.04761904762,99,0
99,3898,3712.38095238095,99,0
89,8480,6922.66579196456,90,1
44,9205,2232.76129272484,56,12
65,5569,2759.6308758497,81,16
73,2266,1385.18358685106,84,11
46,7705,2015.27410214864,78,32
70,5194,2949.23712758355,93,23
27,4040,502.207036510741,81,54
78,1066,726.708429794571,81,3
81,2591,1869.87424942963,86,5
98,2694,2526.00650986313,99,1
65,8321,4123.3414469286,85,20
46,3499,915.177687659714,61,15
90,7889,6525.26191914012,96,6
16,1623,130.802232997769,52,36
15,4217,327.036495003927,28,13
56,1839,687.304540299217,76,20
21,6434,630.317689903827,78,57
79,6652,4624.94557881779,86,7
10,8615,553.361053255867,62,52
15,6473,501.993652397538,90,75
6,8300,463.115293661012,17,11
20,3601,339.165314265533,76,56
60,5096,2170.57069699462,71,11
76,1954,1277.91692274915,81,5
59,2526,1042.10936479593,89,30
49,6011,1756.64406503847,64,15
71,4205,2448.7787882405,83,12
94,5850,5103.7578103155,98,4
52,5917,1926.06230492926,93,41
42,5689,1278.36455650538,91,49
47,7732,2099.17548722202,75,28
59,4344,1792.13106915024,82,23
55,3872,1398.89654345173,72,17
59,5234,2159.30341066583,86,27
21,5484,537.249333452377,78,57
90,6580,5442.54321560933,96,6
12,4356,301.39966910043,82,70
75,4175,2671.5435220732,81,6
9,8643,535.270825644759,56,47
87,4360,3463.12681326416,88,1
10,1365,87.6770560295135,61,51
44,1825,442.671304641264,90,46
59,5043,2080.50575085742,84,25
55,3136,1132.99058891132,79,24
70,8931,5071.16611213876,87,17
58,8440,3370.82233371393,59,1
82,7938,5830.42759162076,86,4
9,5644,349.539342813724,81,72
12,3681,254.695174921644,81,69
45,4597,1158.04047051219,70,25
89,8779,7166.75506929916,95,6
41,5735,1239.95342120355,73,32
21,3356,328.776215001126,90,69
29,4227,569.087595012612,79,50
78,6154,4195.27549433001,87,9
19,4098,371.131596977617,70,51
65,8340,4132.75659985393,77,12
37,2429,449.275789876962,49,12
36,6468,1150.11812213012,50,14
66,9063,4620.8734761307,86,20
92,4483,3805.16081477089,93,1
72,4556,2719.2415942424,74,2
68,7222,3890.88421866401,77,9
18,4369,380.503511974165,68,50
14,1553,115.917203542935,77,63
6,4081,227.707652220553,69,63
11,5295,352.914522099208,71,60
42,6856,1540.59894522779,60,18
42,8660,1945.97241331281,80,38
78,3888,2650.50879459784,87,9
82,4086,3001.14980339662,83,1
50,2298,696.396851423892,84,34
82,6246,4587.66071268118,89,7
39,3203,640.743056488956,68,29
61,6800,2988.74115560113,69,8
57,4821,1863.04135903022,83,26
45,5002,1260.06491918685,88,43
65,1931,956.876857831887,87,22
44,2094,507.919842147291,84,40
95,8891,7881.46577750164,95,0
49,9799,2863.64252093029,84,35
54,6215,2169.61680038321,60,6
24,2890,318.802850046841,38,14
25,9235,1060.02538265745,68,43
20,9844,927.171161796696,83,63
29,1303,175.424919872589,82,53
42,1986,446.270347902915,60,18
84,3840,2915.65245396914,88,4
1,2261,109.506513700874,62,61
13,2988,214.697357151158,86,73
30,8508,1192.03648623706,55,25
39,1225,245.054712519192,53,14
3,1423,72.4335807978086,76,73
82,9281,6816.85543938426,86,4
14,3769,281.321275050434,60,46
0,5514,356.381802805643,37,37
82,1579,1159.76885451867,98,16
88,6852,5518.80242286535,90,2
83,1008,753.010829984274,98,15
29,8801,1184.89234059759,85,56
60,2880,1226.69615528738,94,34
96,5833,5270.70607621888,96,0
36,3663,651.342405900221,71,35
39,2434,486.908710425888,80,41
97,1704,1569.72794406149,98,1
87,5054,4014.36764088006,90,3
64,6024,2899.44606196439,81,17
55,1852,669.100309522882,77,22
26,7839,936.356037711929,47,21
9,4334,268.40955204725,67,58
46,9399,2458.34669514537,80,34
72,5862,3498.72568600723,78,6
23,6014,637.636394208089,71,48
18,5843,508.876635492114,72,54
93,4380,3767.47537581136,94,1
21,1902,186.332646284905,81,60
47,3535,959.723919727088,90,43
51,8369,2629.00983287048,59,8
88,1062,855.366049778605,97,9
67,9295,4873.13387562145,69,2
33,4847,765.271968463569,85,52
11,4706,313.657363739164,74,63
28,1270,164.295004892673,82,54
45,7241,1824.09637741543,86,41
0,2892,186.916244779456,70,70
8,4988,298.079140768689,69,61
50,4646,1407.94594069426,79,29
6,4242,236.69097297711,35,29
99,1643,1564.7619047619,99,0
37,9791,1810.97540497543,81,44
35,5448,931.188795355736,82,47
26,3715,443.750820270419,46,20
8,3430,204.97422871624,66,58
60,2211,941.744860882086,79,19
24,1013,111.746466123685,63,39
97,7405,6821.4996630137,97,0
27,8613,1070.67059541263,69,42
45,5144,1295.83645427772,87,42
73,6723,4109.70399576332,89,16
59,4947,2040.90064435687,63,4
56,3667,1370.49796045526,90,34
82,2260,1659.9604884181,87,5
75,3577,2288.88890501936,96,21
99,1315,1252.38095238095,99,0
83,6512,4864.68901275555,85,2
15,5449,422.580474573488,83,68
27,1381,171.670276589439,90,63
96,7452,6733.63649579686,98,2
50,6466,1959.48739830587,67,17
86,6887,5391.88440972166,87,1
96,7041,6362.25638310597,98,2
40,2648,550.751402544989,52,12
24,8965,988.95070957437,85,61
11,3387,225.745323201136,69,58
12,8079,559.000901437643,77,65
48,9227,2599.42450493315,76,28
64,3107,1495.44802697931,75,11
60,5303,2258.7394831559,78,18
97,2376,2188.77558397307,99,2
48,9188,2588.43745001905,76,28
97,4144,3817.46044612137,98,1
97,4275,3938.13788783033,97,0
87,6457,5128.76372322171,97,10
64,6489,3123.25788447658,94,30
91,9850,8253.20985348463,93,2
19,5573,504.713613947355,53,34
90,3803,3145.59146640764,90,0
70,2414,1370.70820677449,85,15
38,8946,1720.94233651956,40,2
90,4481,3706.3884725145,97,7
45,5440,1370.40247108686,92,47
80,1972,1397.35839160705,85,5
45,4617,1163.07871489118,76,31
42,6635,1490.93844830606,80,38
11,8954,596.788787700908,78,67
8,6320,377.678462241002,65,57
66,1160,591.439173817898,80,14
79,7236,5030.9840962606,85,6
48,7662,2158.53371158532,79,31
42,5550,1247.13012631479,74,32
69,7930,4387.49232636295,80,11
92,4285,3637.09883812029,93,1
37,4979,920.932135774966,73,36
97,4598,4235.68608379973,98,1
14,6088,454.413351686665,75,61
61,8596,3778.12043728637,83,22
99,1750,1666.66666666667,99,0
30,9325,1306.50449390698,65,35
39,9226,1845.61206343025,88,49
92,7941,6740.30382112327,96,4
14,1750,130.621446361969,42,28
82,2080,1527.75124597772,85,3
25,4536,520.657838195364,86,61
88,2882,2321.24760401313,96,8
65,3551,1759.64252830711,85,20
45,7488,1886.31869549603,85,40
7,3922,226.340865965657,79,72
58,3797,1516.47066363884,79,21
60,6880,2930.44081540875,80,20
94,5752,5018.2589615273,98,4
97,8411,7748.22871919085,99,2
73,4567,2791.76233060406,75,2
84,7245,5501.01615338709,85,1
77,3458,2309.76963452498,89,12
27,7375,916.77645897691,75,48
53,4535,1529.06162936533,74,21
96,6104,5515.58201427054,98,2
54,9133,3188.27196104584,67,13
30,2461,344.805100215021,85,55
78,3918,2670.96025134628,79,1
75,8964,5735.97991182376,77,2
19,1799,162.924778663429,85,66
35,6500,1110.99984761606,76,41
45,9964,2510.05334961571,72,27
27,7275,904.345591736545,75,48
86,8265,6470.73103620583,91,5
70,4249,2412.65085774018,91,21
82,7770,5707.0322986764,91,9
61,4408,1937.40750204262,81,20
46,4197,1097.74242786734,72,26
39,8548,1709.98178172575,77,38
91,4324,3623.03344228097,91,0
85,5180,3995.02878308892,87,2
58,8545,3412.75791961913,74,16
99,5665,5395.23809523809,99,0
92,1258,1067.78771023461,94,2
5,6776,366.04840134252,63,58
20,2288,215.49853902792,84,64
34,5045,828.813159340081,67,33
39,6578,1315.89379506224,46,7
66,5141,2621.19723499812,76,10
3,9757,496.651052596077,86,83
26,4511,538.831749728092,59,33
25,8382,962.115079310745,84,59
8,2009,120.056333962369,64,56
42,8046,1808.00162096015,92,50
94,4649,4055.96069404389,97,3
26,8104,968.009864729872,45,19
46,9341,2443.17655913958,77,31
71,6688,3894.75208935849,86,15
14,9539,711.998843912467,48,34
45,6758,1702.42277566269,69,24
26,6787,810.696316870884,75,49
3,9464,481.736759431104,76,73
41,3349,724.080908040222,69,28
73,3502,2140.738270588,78,5
73,2028,1239.6965199179,86,13
58,7677,3066.09040946941,84,26
52,7530,2451.11528749659,74,22
94,7965,6948.96255712187,98,4
82,9338,6858.72169949038,83,1
59,1020,420.804256568426,62,3
34,3792,622.965213125389,47,13
46,2716,710.380851581533,58,12
56,3855,1440.760741084,66,10
18,1715,149.362216304805,71,53
18,1417,123.408898253008,82,64
11,5145,342.916943569485,90,79
84,6532,4959.64630972043,94,10
48,4136,1165.19125960805,91,43
65,4014,1989.07493906639,77,12
51,5917,1858.7467058304,65,14
31,3692,538.316491468083,86,55
39,2604,520.916303183653,78,39
96,8522,7700.48983053957,98,2
14,7533,562.269345968405,84,70
84,3404,2584.60441492473,92,8
75,9327,5968.26022284473,76,1
5,2843,153.582586336598,63,58
91,4573,3831.66788426246,93,2
61,5314,2335.61330895065,73,12
45,3980,1002.61063142017,49,4
91,6725,5634.80571215067,92,1
6,2010,112.152016898631,68,62
31,8684,1266.18104331225,79,48
59,9926,4095.00299088059,66,7
79,3837,2667.75649217136,79,0
5,1086,58.6671434265019,69,64
11,6665,444.225739337341,78,67
43,1024,239.094454737518,79,36
76,9822,6423.59263830202,85,9
76,1582,1034.62874707736,77,1
94,7220,6298.99681888511,95,1
79,5728,3982.51477382265,80,1
7,5110,294.901026283658,89,82
13,6521,468.554707490865,80,67
44,2547,617.799349545918,80,36
8,3740,223.499596326162,50,42
48,6412,1806.38451562061,82,34
36,4302,764.967248207139,68,32
37,4757,879.870289190904,89,52
74,4954,3099.44613081215,93,19
0,7515,485.710781299312,16,16
20,6842,644.423515746952,90,70
84,4143,3145.71565541514,89,5
92,3853,3270.41816179171,94,2
72,6735,4019.77439359582,77,5
75,1001,640.530554633599,91,16
32,9257,1404.57183734391,89,57
52,2206,718.082380374166,74,22
61,1848,812.234361110426,94,33
55,2011,726.544666549954,72,17
43,3777,881.894292523051,78,35
6,9931,554.120238716567,88,82
64,8457,4070.48727523785,73,9
57,5402,2087.5647005769,73,16
61,5395,2371.21449036296,84,23
48,4510,1270.55429904069,70,22
36,3219,572.391811245649,85,49
25,4483,514.574314071829,77,52
34,1921,315.589708442477,42,8
49,5584,1631.85833624602,69,20
22,1642,167.341304522144,45,23
30,4509,631.745711852715,73,43
91,7785,6522.96839689115,93,2
27,6630,824.166498036192,43,16
41,9028,1951.92667595913,84,43
84,9835,7467.56299082982,88,4
58,1382,551.952187819034,76,18
13,5721,411.072148681987,80,67
74,6850,4285.66935729981,87,13
87,9150,7267.80053701079,87,0
95,7659,6789.35399728772,96,1
53,5487,1850.0465623655,70,17
78,7651,5215.80318607717,92,14
47,9924,2694.28576502733,75,28
86,3266,2556.97611182677,89,3
10,1710,109.83719106994,41,31
30,5469,766.249123557883,76,46
1,6791,328.907003335974,85,84
83,3341,2495.84244343002,84,1
69,4601,2545.63079364388,86,17
10,3667,235.539754183316,84,74
75,1955,1250.98624806063,91,16
88,8650,6966.96452974099,94,6
94,5293,4617.81027179486,97,3
17,4711,394.642532917463,69,52
3,9863,502.046667188184,82,79
25,7308,838.837628203642,71,46
84,3522,2674.19998512482,93,9
12,7737,535.337291053725,69,57
27,3352,416.682669897031,80,53
17,1086,90.9746955526141,86,69
52,8406,2736.26495440854,80,28
34,1730,284.21145008094,69,35
81,3408,2459.48724124129,82,1
99,3838,3655.23809523809,99,0
30,7970,1116.65853259395,83,53
31,3260,475.328212943107,77,46
75,5562,3559.07187299908,82,7
66,4295,2189.85452719644,82,16
79,5387,3745.42721483635,97,18
23,4802,509.133682239316,70,47
16,6353,512.006522633903,80,64
65,4241,2101.56123980582,84,19
24,8121,895.847039872109,76,52
20,9122,859.168563379669,75,55
33,9282,1465.49503017925,44,11
72,3755,2241.16597593947,72,0
32,5063,768.212942905067,67,35
79,8848,6151.7616478322,88,9
83,8050,6013.62815612441,87,4
9,4121,255.21821965545,90,81
62,9533,4321.21994563084,91,29
64,4921,2368.55479265052,76,12
95,1697,1504.31306089532,98,3
3,8053,409.914002926741,86,83
16,9676,779.816639856075,66,50
81,6548,4725.56410083568,87,6
57,5017,1938.78417304597,88,31
75,9578,6128.87277950111,94,19
33,3820,603.123358681831,43,10
34,3894,639.722188794901,91,57
12,2920,202.040182225265,29,17
6,6894,384.664678855303,54,48
13,5524,396.917068575301,85,72
11,2230,148.630667475209,32,21
65,4658,2308.19906979851,89,24
55,5756,2079.55798143289,81,26
70,6324,3590.86938676134,72,2
10,7154,459.517698780322,70,60
60,2436,1037.58049801391,64,4
62,4547,2061.11267101473,91,29
66,9184,4682.56670029619,95,29
19,3886,351.932012165695,90,71
8,3958,236.527112903463,82,74
91,7476,6264.06059539605,96,5
59,2225,917.930853788969,70,11
13,6754,485.29650274395,86,73
2,3934,195.051231643415,69,67
79,8718,6061.37636141514,97,18
49,2624,766.833143680078,85,36
15,1485,115.164618231167,74,59
8,2587,154.597180667321,87,79
52,1209,393.545601936703,85,33
39,4966,993.42179785331,77,38
3,4792,243.922501182782,76,73
96,4154,3753.55958179551,98,2
52,6935,2257.43486305297,54,2
75,3283,2100.76104981229,86,11
26,3395,405.527331041204,58,32
60,9479,4037.44890832261,90,30
53,2694,908.333413342931,92,39
4,4793,251.085233292924,35,31
73,3433,2098.55924698133,81,8
3,1611,82.0031613951297,58,55
75,2144,1371.92558355089,86,11
50,3432,1040.0496057819,85,35
71,9240,5380.90749187686,90,19
61,5064,2225.73311940649,84,23
17,8922,747.399846888051,65,48
58,4016,1603.93631424113,87,29
7,4489,259.062760662885,80,73
2,5979,296.444157090995,77,75
91,8105,6791.09298096375,95,4
64,6676,3213.26392922879,80,16
20,1212,114.153946373181,62,42
97,6803,6266.93615225958,97,0
95,6709,5947.22234858379,95,0
79,1855,1289.72851002811,84,5
66,2581,1315.95216174482,78,12
11,8896,592.923057336082,79,68
71,4593,2674.73031495567,91,20
56,3926,1467.2961529172,92,36
58,1072,428.14236276556,87,29
85,3615,2788.03649630626,86,1
15,3764,291.905470048561,83,68
32,1898,287.985021851435,91,59
69,4441,2457.10635830742,75,6
26,9833,1174.53615497148,58,32
20,1458,137.323806775659,69,49
86,4443,3478.45831746673,86,0
33,5232,826.057961419722,56,23
96,9069,8194.75971288,97,1
64,4091,1969.06272235995,85,21
17,7253,607.58698604338,74,57
37,9729,1799.50768205556,82,45
79,3379,2349.3221754097,89,10
3,3130,159.323336540507,84,81
56,5938,2219.25740092265,69,13
47,3124,848.140742638592,79,32
87,3296,2617.9967836052,90,3
90,6896,5703.91763143494,94,4
82,4547,3339.75236320226,84,2
71,9002,5242.30835951034,79,8
94,5721,4991.21340731879,95,1
26,1993,238.060668855705,69,43
9,3572,221.218024899118,63,54
30,7246,1015.22054293297,88,58
6,6613,368.985715298828,50,44
43,1706,398.33509744356,82,39
30,9746,1365.48984424852,88,58
47,6602,1792.38962320742,83,36
35,1880,321.33534054126,80,45
10,1135,72.9036326692292,90,80
11,7490,499.212421250815,87,76
89,1239,1011.46024955709,89,0
59,4035,1664.65213260157,66,7
44,2480,601.547855074156,78,34
17,6339,531.020805808491,85,68
57,2642,1020.982217498,85,28
54,5966,2082.69249092297,87,33
32,2974,451.247341931596,73,41
11,3475,231.610569271907,68,57
33,5844,922.684007365607,71,38
8,3733,223.08128157368,79,71
8,3380,201.98626619851,63,55
23,5118,542.637689650316,66,43
94,2144,1870.50542654982,94,0
5,3968,214.356560880626,89,84
27,1261,156.753235901001,60,33
71,4263,2482.55504738864,74,3
62,8162,3699.75843871172,83,21
20,4626,435.706399275855,46,26
1,8834,427.855171178029,82,81
7,9967,575.20127768478,53,46
18,4508,392.609254286916,90,72
44,8547,2073.15706343501,55,11
82,2069,1519.67179227303,95,13
25,5040,578.50870910596,84,59
74,2325,1454.62500083534,92,18
95,3263,2892.5005997062,96,1
4,9745,510.499811900594,72,68
31,9177,1338.06350005487,89,58
65,6073,3009.38019555311,69,4
98,7485,7018.24748564422,98,0
37,9227,1706.65611905917,77,40
68,9472,5103.08160055186,81,13
38,5437,1045.91588236718,75,37
77,9252,6179.86947907031,90,13
52,3031,986.630868048095,91,39
14,7375,550.476095382582,60,46
39,8198,1639.96614957741,77,38
31,3618,527.526832646675,76,45
63,4845,2263.72148891881,85,22
4,2391,125.254494638719,88,84
10,4891,314.16005937022,80,70
69,9864,5457.53143849233,78,9
16,1205,97.1144120531801,86,70
48,3796,1069.40667830565,93,45
54,2833,988.982203617963,77,23
32,9301,1411.24799169663,76,44
27,7069,878.738005221394,29,2
27,7793,968.737484041635,88,61
24,8797,970.418225557807,61,37
72,6298,3758.95161557037,74,2
44,2871,696.388666095928,79,35
39,8634,1727.18562276792,78,39
2,3556,176.30965422572,83,81
79,1986,1380.80906787915,86,7
57,1552,599.759425267559,86,29
28,4174,539.974291670879,84,56
59,4729,1950.96404834518,83,24
53,7718,2602.27070682284,73,20
38,9785,1882.34079620432,73,35
78,8975,6118.39414390833,87,9
58,1511,603.473050502576,80,22
77,4661,3113.31297470241,79,2
72,6286,3751.78943402276,80,8
2,8720,432.345383815601,80,78
59,3580,1476.94042991663,81,22
81,5113,3689.95254239048,85,4
75,6250,3999.31664981019,80,5
15,1637,126.952511814425,62,47
88,3929,3164.53221241068,93,5
22,3499,356.593924800842,91,69
31,4089,596.201552982934,64,33
76,6606,4320.32711959103,91,15
1,9737,471.589970767542,84,83
87,1645,1306.61550638063,87,0
78,5610,3824.4224119583,86,8
23,3297,349.565545677431,72,49
59,7969,3287.63639273901,80,21
26,4123,492.485769037668,75,49
26,5918,706.895653932797,66,40
44,4840,1173.98855587053,57,13
30,6883,964.361440381955,91,61
86,5823,4558.87075908367,89,3
37,7595,1404.79605768445,85,48
23,5453,578.156178519573,81,58
81,7482,5399.61371448573,86,5
35,5694,973.235866511667,78,43
57,5200,2009.50322898924,66,9
90,8998,7442.55377721166,94,4
17,8373,701.409876484381,89,72
36,3092,549.809096107967,86,50
33,8002,1263.40133931204,73,40
71,1043,607.390315370949,71,0
77,2751,1837.52928414639,91,14
28,7718,998.447911623346,91,63
10,4331,278.189985101702,37,27
77,3542,2365.8773989264,80,3
92,9459,8028.77897544453,93,1
47,4028,1093.56943385027,74,27
13,9240,663.923554242538,70,57
53,8072,2721.6285495561,64,11
11,9687,645.643621449486,69,58
74,2436,1524.07161377844,75,1
66,6028,3073.44425842611,91,25
26,8751,1045.29298201519,91,65
61,9854,4331.03755107258,83,22
65,5710,2829.50122124292,83,18
48,2904,818.113012065228,60,12
20,8652,814.900943911521,39,19
25,2516,288.795220656864,48,23
99,7832,7459.04761904762,99,0
26,5062,604.647820244646,63,37
30,9064,1269.93637884964,64,34
83,1526,1139.97472872619,87,4
49,9038,2641.24921973344,60,11
88,6291,5066.95651521394,92,4
29,4411,593.85980165617,90,61
15,1482,114.931962436761,85,70
51,5170,1624.08660962365,86,35
89,8566,6992.87207240194,90,1
86,4474,3502.72845202479,96,10
55,2793,1009.06974324914,81,26
83,4664,3484.16915778438,97,14
82,6903,5070.22444758857,93,11
40,4253,884.571644646464,83,43
56,1466,547.900193626238,81,25
78,1321,900.545812156312,92,14
75,4328,2769.44679366056,78,3
66,3551,1810.5176777822,70,4
43,7427,1734.13526888237,57,14
83,9753,7285.82800082998,96,13
18,1461,127.240931790857,77,59
82,2097,1540.23767443043,87,5
32,8888,1348.5831792495,35,3
0,1917,123.899875948208,83,83
90,5271,4359.82451207854,95,5
82,9547,7012.23131987949,85,3
96,6532,5902.32334816762,97,1
31,7373,1075.02911473298,34,3
13,4438,318.884494992249,75,62
58,1282,512.013534575978,94,36
77,7934,5299.51193762904,83,6
84,6383,4846.51292023048,92,8
94,8049,7022.2472846546,95,1
35,2427,414.830250794488,85,50
32,8651,1312.62298421326,71,39
99,1571,1496.19047619048,99,0
59,7997,3299.187882135,60,1
8,8558,511.419664534571,72,64
58,1223,488.449729162575,66,8
95,3012,2670.00055357496,95,0
74,5964,3731.34774407826,85,11
36,3517,625.381174324619,82,46
54,4164,1453.62580157614,76,22
9,9449,585.187322864437,75,66
34,9834,1615.56959543119,77,43
53,3087,1040.84084891968,73,20
28,8493,1098.70667445155,81,53
42,9625,2162.81575959998,83,41
18,3628,315.968583529932,76,58
76,8791,5749.3181514267,78,2
28,8088,1046.31338548971,91,63
36,4305,765.500698171022,84,48
26,6821,814.757562601488,41,15
61,3762,1653.47709226051,90,29
89,4448,3631.13413238896,96,7
88,3923,3159.69963585826,88,0
14,2119,158.163911337721,89,75
66,4288,2186.28549769927,77,11
4,2265,118.653881370431,88,84
99,8832,8411.42857142857,99,0
86,4827,3779.09482296014,91,5
27,6316,785.133574901446,73,46
1,5168,250.300602744856,49,48
8,9175,548.291122003353,59,51
25,3209,368.340168158934,67,42
80,2754,1951.48327103743,81,1
26,2967,354.403414197129,89,63
91,6890,5773.05745081311,96,5
57,1438,555.704931401257,85,28
58,3545,1415.82525746633,69,11
20,5308,499.94154071687,75,55
11,2004,133.567649157094,65,54
86,3149,2465.37592655924,87,1
13,2556,183.656775394364,89,76
19,8937,809.371176717658,82,63
84,1203,913.41924534502,91,7
79,6098,4239.7652043943,93,14
54,3415,1192.15468597082,84,30
95,1606,1423.64571349315,98,3
77,9454,6314.7952934642,78,1
9,2437,150.926183280837,64,55
97,8465,7797.9736188266,97,0
15,5618,435.686750991715,63,48
41,4817,1041.47439057323,89,48
6,6882,383.995114575311,83,77
7,2118,122.230992890174,58,51
49,9547,2789.9984842659,74,25
2,7179,355.94122825828,79,77
52,2978,969.378662173285,65,13
96,5065,4576.74031819795,98,2
61,5691,2501.31263478324,76,15
85,6608,5096.36104221072,92,7
34,1884,309.511197660399,70,36
15,5548,430.258115788899,81,66
0,4175,269.839322944062,73,73
3,8569,436.17944754492,76,73
17,5974,500.444595977271,60,43
91,3028,2537.12887678695,96,5
40,1370,284.943135002506,81,41
22,3850,392.365421687122,66,44
1,5750,278.488480221153,49,48
35,9698,1657.61177264316,69,34
17,1476,123.645166331177,52,35
75,8513,5447.38922237346,80,5
85,6545,5047.77285430829,89,4
45,8214,2069.20696645358,87,42
58,2021,807.160182042162,67,9
23,5057,536.170143915914,59,36
32,7911,1200.34220646296,88,56
72,1348,804.551727181464,73,1
72,4281,2555.10826710968,75,3
76,7194,4704.8793972658,85,9
90,2354,1947.07397105537,92,2
23,5697,604.026361457181,84,61
2,7604,377.013107630026,49,47
34,9211,1513.22061658701,84,50
99,8543,8136.19047619048,99,0
32,1500,227.596171115465,74,42
86,8902,6969.44315599567,90,4
42,2178,489.414309029481,84,42
24,8579,946.370121298218,90,66
62,8447,3828.94627931854,64,2
28,9056,1171.53981441578,77,49
51,3081,967.855095599706,80,29
84,3251,2468.4338874619,89,5
32,5469,829.815639886987,88,56
92,7680,6518.76757917475,96,4
2,5242,259.903039215755,73,71
97,7435,6849.13571836689,99,2
98,5866,5500.20571152825,98,0
47,5278,1432.93432767173,80,33
72,8235,4915.047087047,90,18
80,5308,3761.24662406198,92,12
41,4810,1039.96093391265,80,39
12,2866,198.303822690962,54,42
21,5900,578.003476909012,56,35
47,1675,454.748957720756,79,32
49,1306,381.663142395649,83,34
40,3277,681.575659418402,76,36
93,5845,5027.60127205877,96,3
3,8574,436.43395766719,88,85
48,2181,614.429917119236,68,20
27,3814,474.113276547517,84,57
5,8840,477.548386639297,49,44
23,4893,518.781988170965,63,40
43,9775,2282.37138189378,76,33
47,4522,1227.68643988851,86,39
99,5762,5487.61904761905,99,0
10,2638,169.444742714913,65,55
5,4724,255.196671774213,69,64
93,1798,1546.55724331252,93,0
13,7031,505.199838731524,60,47
35,7117,1216.45937161284,64,29
14,1635,122.037751315325,44,30
16,3211,258.783715437976,80,64
75,1494,955.996651970627,78,3
45,6349,1599.39067811222,79,34
21,1708,167.327108230609,90,69
95,4443,3938.51675283318,98,3
8,4419,264.076127316928,46,38
69,8322,4604.37719293726,80,11
73,3072,1877.88348579279,76,3
34,1012,166.25548409359,84,50
95,1477,1309.29310014283,98,3
15,8721,676.330394339399,75,60
4,9362,490.43604299778,65,61
42,6906,1551.83435177116,75,33
97,2047,1885.70017693302,97,0
54,2266,791.046125449454,65,11
93,5687,4891.69690918703,94,1
39,8061,1612.56003070792,62,23
76,7152,4677.41137743189,89,13
8,4684,279.912328660894,72,64
73,5073,3101.07517038634,81,8
34,4656,764.906654090668,66,32
78,8597,5860.70578887798,88,10
74,5069,3171.39532440186,76,2
16,9627,775.86758907549,86,70
65,4915,2435.55140147267,86,21
96,8891,8033.91869083869,99,3
51,6827,2144.61108005816,79,28
31,2506,365.390337924977,61,30
62,3027,1372.11085444504,70,8
99,4078,3883.80952380952,99,0
93,5888,5064.58790246057,94,1
17,4962,415.668912828795,77,60
