"Age","Benefit","NetSinglePremium","Die","SurviveYears"
61,8640,3797.45935064615,73,12
34,1941,318.875389946303,69,35
58,1955,780.800670901745,84,26
2,2252,111.656170223937,75,73
93,5032,4328.29591120611,95,2
50,8177,2477.99697741217,92,42
38,2472,475.538727462144,46,8
99,9800,9333.33333333333,99,0
6,7769,433.487074271374,47,41
49,9562,2794.38205787687,93,44
6,3278,182.902642484433,71,65
44,1801,436.849873785708,88,44
8,8730,521.698255595561,79,71
98,4164,3904.33968339646,98,0
51,7499,2355.71092564174,88,37
62,6793,3079.20351313021,85,23
14,4095,305.654184487006,75,61
41,1965,424.84890543417,85,44
93,6754,5809.48143566893,93,0
75,3395,2172.42880417689,88,13
94,3423,2986.35264695896,98,4
42,3146,706.93177970925,62,20
55,8149,2944.11361895354,80,25
37,7165,1325.26185033694,71,34
20,6125,576.891849451927,80,60
1,7764,376.03209746731,66,65
68,1445,778.500096367973,75,7
96,9819,8872.46064844732,98,2
91,6814,5709.37786209587,92,1
39,4085,817.182449502773,61,22
36,3372,599.597759403644,85,49
99,3972,3782.85714285714,99,0
30,4086,572.480146070125,91,61
75,4645,2972.29213413893,91,16
99,1362,1297.14285714286,99,0
50,6532,1979.48835226321,65,15
9,6539,404.967711314483,32,23
43,6029,1407.71530040283,73,30
31,3580,521.986197035682,90,59
87,1572,1248.63196111267,91,4
97,2014,1855.30051604451,97,0
63,9343,4365.31473085003,77,14
65,4128,2045.56585661835,72,7
55,8235,2975.18415168517,68,13
78,4392,2994.09326797163,79,1
80,6852,4855.32439112145,83,3
7,4872,281.165909990995,85,78
7,4777,275.683405588461,82,75
24,1561,172.197663987238,52,28
29,6784,913.340488423363,84,55
41,9630,2082.08394876899,85,44
3,1497,76.2003306073924,83,80
0,4808,310.751488554504,79,79
49,6948,2030.47129660411,85,36
14,6031,450.15882457659,61,47
33,3843,606.754729689601,75,42
37,5698,1053.92072899091,75,38
73,9270,5666.66012802707,78,5
56,8588,3209.66361723202,80,24
42,2529,568.286862963984,84,42
1,9615,465.681171708937,68,67
24,6457,712.28719818424,72,48
4,1557,81.564721100998,73,69
80,3031,2147.76535748528,96,16
73,2022,1236.02877873471,88,15
35,5364,916.831258863467,84,49
48,5694,1604.11001745847,79,31
40,2170,451.333286828786,56,16
70,1169,663.777089361797,79,9
5,6483,350.22015730572,68,63
74,5831,3648.13693757886,84,10
37,7694,1423.10742170166,85,48
80,6580,4662.58530262393,84,4
41,4136,894.236678308259,65,24
52,6977,2271.10642242546,93,41
97,2496,2299.31980538585,99,2
75,3821,2445.02222702795,84,9
9,8198,507.711469239354,46,37
64,7343,3534.30153270327,71,7
30,3274,458.712677002836,58,28
9,1665,103.115344752808,52,43
46,7096,1855.98767408783,60,14
85,3283,2531.98445847122,89,4
84,8793,6676.3885488934,85,1
72,3232,1929.01423015615,80,8
74,7652,4787.43677694279,83,9
11,4782,318.722803527557,68,57
45,4839,1219.00322749804,91,46
17,2722,228.023131946792,19,2
13,9593,689.287733316955,77,64
90,2441,2019.03464883015,97,7
85,4175,3219.93149988344,89,4
72,8848,5280.91519443739,90,18
68,3781,2037.03035596353,77,9
39,2216,443.298973830636,86,47
76,4316,2822.66603817059,83,7
84,5038,3825.27527684806,84,0
14,7945,593.021366483337,59,45
14,2933,218.921544102659,77,63
57,9100,3516.63065073118,59,2
74,5177,3238.96500186002,90,16
55,2115,764.11833403936,56,1
68,2604,1402.9164366382,90,22
73,1928,1178.56750019808,80,7
18,1601,139.433765774923,84,66
30,2564,359.236195429222,77,47
43,9781,2283.77232596451,53,10
63,3005,1404.02127434489,77,14
33,9106,1437.70714768501,78,45
69,2559,1415.8376876624,87,18
98,4704,4410.66615530667,98,0
21,9862,966.147506657064,64,43
58,6756,2698.25541310086,71,13
52,4975,1619.42875900339,61,9
76,4877,3189.56030309499,79,3
91,6779,5680.05173571293,94,3
78,6715,4577.71773552584,78,0
27,1178,146.435616091498,73,46
47,2948,800.35816558853,85,38
11,1885,125.636236856847,85,74
30,7715,1080.93106385977,61,31
69,7368,4076.55024724366,86,17
46,3120,816.048695483941,78,32
13,1054,75.7332712306964,79,66
67,4728,2478.77105582982,67,0
30,2758,386.417093211308,66,36
54,1545,539.349630988264,79,25
68,5507,2966.9204364695,83,15
88,7940,6395.10963770445,92,4
53,9340,3149.15890149331,80,27
52,2825,919.575124459211,82,30
60,5347,2277.48067441724,79,19
4,8994,471.158061388809,43,39
10,3779,242.733769037019,84,74
72,8897,5310.16076909013,73,1
58,3960,1581.57066842502,67,9
89,8783,7170.0204776916,97,8
13,4641,333.470694290002,82,69
44,6869,1666.14202278402,54,10
10,1303,83.6946549497847,21,11
57,8177,3159.94382758559,93,36
48,2348,661.477049700122,77,29
41,1536,332.095632950069,57,16
43,3787,884.229199307597,69,26
22,8884,905.395949680102,83,61
76,4573,2990.74415953524,82,6
46,2524,660.162470320983,67,21
85,1320,1018.03822271764,87,2
51,5441,1709.21764854203,58,7
45,7364,1855.08158034626,70,25
33,1272,200.83060529929,64,31
34,5900,969.276043628638,82,48
13,4414,317.160018227983,73,60
23,5928,628.518214975982,55,32
22,8804,897.242901956734,84,62
97,1932,1779.76196474578,98,1
56,8501,3177.14839428148,77,21
70,1219,692.167897290017,79,9
13,3020,216.996659503513,43,30
11,8941,595.922330894999,71,60
11,8195,546.201040340512,67,56
62,3872,1755.14146957753,79,17
72,4715,2814.14049974822,89,17
75,3381,2163.47033488132,87,12
74,3260,2039.60322697772,77,3
92,3583,3041.24273908635,96,4
14,5432,405.44896950755,57,43
73,2590,1583.24161074327,90,17
18,3426,298.376065924351,76,58
68,5490,2957.76161180635,91,23
50,9268,2808.61880722221,53,3
89,2139,1746.17713785521,99,10
9,7887,488.450885324565,70,61
40,3050,634.362453837695,84,44
91,3444,2885.69083608133,96,5
41,2185,472.414686195248,75,34
35,4462,762.658664625054,91,56
36,5151,915.933587985815,72,36
79,1744,1212.55338085662,89,10
57,1784,689.414184714772,84,27
15,2041,158.283492127819,82,67
70,2114,1200.36335920517,73,3
13,4754,341.590105721756,86,73
70,7335,4164.93152306996,89,19
10,5391,346.276197109969,79,69
76,8773,5737.54614292645,85,9
40,2309,480.243575708602,80,40
10,3601,231.300424001669,88,78
65,1388,687.80169791334,87,22
56,7777,2906.56194122187,81,25
53,8612,2903.69983508141,82,29
46,4781,1250.49000420151,70,24
55,7634,2758.05170782812,61,6
72,6559,3914.72906423088,78,6
68,5529,2978.7730330924,70,2
23,3703,392.611833680172,87,64
86,5132,4017.88163070881,89,3
98,6943,6510.04573050472,99,1
95,3487,3091.06637792692,95,0
81,9034,6519.66189476932,89,8
73,1898,1160.22879428213,77,4
26,7984,953.676056268917,65,39
38,1116,214.684959485337,81,43
57,4057,1567.79896154026,76,19
14,3066,228.848774026169,63,49
50,1932,585.482470387711,72,22
86,5530,4329.47884213167,98,12
47,3543,961.895855047545,64,17
3,7211,367.054498336611,78,75
73,1480,904.709491853297,87,14
16,4931,397.403457123843,37,21
96,9512,8595.05506548843,99,3
90,8367,6920.63207978773,96,6
56,8122,3035.5016184395,61,5
8,7184,429.310454547366,89,81
25,6817,782.478942455422,74,49
49,9577,2798.76563148785,79,30
25,4090,469.464408778448,79,54
71,4390,2556.51340793717,89,18
51,7064,2219.06147202737,72,21
52,3360,1093.72474979927,64,12
24,5117,564.468575671172,63,39
77,5843,3902.82937377949,79,2
56,8841,3304.21938052495,75,19
2,4154,205.959028024083,88,86
3,8109,412.764516296156,70,67
24,9897,1091.76187090436,56,32
30,7784,1090.59849657608,72,42
10,8917,572.759200450675,25,15
33,5587,882.107383496175,82,49
81,6366,4594.21824464263,82,1
59,1802,743.420853270886,81,22
34,1168,191.883799823432,53,19
43,3630,847.571162790224,50,7
75,4489,2872.46919055967,84,9
30,4046,566.875837249076,72,42
59,6762,2789.68468913304,73,14
22,6337,645.823292787349,84,62
65,6446,3194.2145135082,68,3
4,5704,298.808714939045,71,67
83,1734,1295.3579158658,84,1
24,1442,159.070487808839,72,48
80,1652,1170.60652278643,89,9
26,8107,968.368209941396,64,38
60,9481,4038.30078065267,85,25
25,4151,476.466200694214,65,40
69,3375,1867.31230787831,75,6
48,4329,1219.563095465,82,34
30,2971,416.260037683392,71,41
20,7236,681.532966960676,55,35
8,3150,188.241638616955,54,46
25,2057,236.109606077571,90,65
67,5776,3028.21100221511,72,5
27,7237,899.621862185207,57,30
30,1969,275.872101716122,82,52
46,3523,921.454985317283,69,23
44,3252,788.803880927885,79,35
35,2629,449.356707597326,84,49
38,1321,254.120816738468,83,45
52,5836,1899.69572613945,82,30
40,2667,554.703168650863,87,47
75,4554,2914.06208371769,88,13
79,1099,764.103305941183,86,7
3,3058,155.65839077983,65,62
60,3269,1392.38532348419,85,25
35,1393,238.095813496795,87,52
45,5575,1404.41062064508,78,33
27,2595,322.581004887469,65,38
94,8473,7392.16067124841,94,0
73,9916,6061.55359541709,87,14
41,9105,1968.57469922551,82,41
5,5159,278.695941931237,73,68
38,5419,1042.45322173032,76,38
43,5903,1378.29547491755,92,49
15,5351,414.980385289545,87,72
34,5913,971.411736606125,83,49
96,8661,7826.09040393138,98,2
11,6750,449.891033837517,45,34
53,7874,2654.86907819682,74,21
78,4974,3390.85152889137,84,6
0,9410,608.188749437995,74,74
7,6021,347.475357975324,81,74
94,6626,5780.76910276076,97,3
96,5590,5051.13097309507,96,0
23,2741,290.615456688456,80,57
15,8682,673.305869012116,69,54
86,4560,3570.05850273425,88,2
68,5879,3167.33707027496,86,18
55,9021,3259.15436944164,70,15
68,7453,4015.3364832045,89,21
0,1949,125.968105489336,88,88
9,6333,392.20989688861,60,51
0,4889,315.986694580484,65,65
46,1663,434.964416855703,74,28
94,4566,3983.54840374368,96,2
20,6609,622.478078861679,78,58
89,3068,2504.5682369985,89,0
70,1403,796.646070465869,74,4
21,7967,780.500627209169,40,19
97,9461,8715.49065655268,97,0
61,6908,3036.20939748421,83,22
29,2340,315.037845358295,61,32
57,8442,3262.35120367831,61,4
93,4227,3635.87178391658,94,1
14,6535,487.777801128837,58,44
80,1127,798.591738002609,82,2
53,4404,1484.89248417308,63,10
40,3247,675.336028724916,86,46
7,3637,209.893352758056,59,52
52,6539,2128.53158896948,69,17
18,2067,180.018484607599,79,61
29,7446,1002.46657971703,58,29
20,6322,595.446575058789,71,51
80,3892,2757.86960453075,93,13
97,1731,1594.60039387937,97,0
99,8637,8225.71428571428,99,0
83,6891,5147.8151085532,84,1
33,3185,502.865941728176,67,34
31,3261,475.474019143396,43,12
64,4150,1997.46035145289,75,11
32,7381,1119.92489266883,82,50
67,6597,3458.64057853412,88,21
33,8016,1265.6117390559,85,52
12,4319,298.839570901,76,64
89,4041,3298.87882845859,93,4
4,1166,61.0818656414667,80,76
36,5538,984.748633326624,81,45
64,1900,914.499919942287,78,14
12,5299,366.647577264274,81,69
29,5611,755.41767107068,72,43
39,3093,618.738143528049,72,33
82,9653,7090.08787376104,89,7
39,6162,1232.67521513735,79,40
31,3253,474.307569541082,69,38
10,4129,265.215065454843,82,72
26,9693,1157.81337843369,91,65
61,2294,1008.26061925721,79,18
27,1338,166.325003676082,67,40
82,2611,1917.76851117684,85,3
61,3231,1420.09156966872,85,24
39,1322,264.459044857446,89,50
79,9228,6415.96479274362,80,1
65,7260,3597.57948620378,90,25
84,9601,7289.89041941608,85,1
91,6224,5215.02316021201,92,1
18,2200,191.601676892461,86,68
99,8933,8507.61904761905,99,0
52,9539,3105.0715441474,71,19
46,3580,936.363567254009,62,16
38,9205,1770.76617568327,75,37
82,2335,1715.04767276826,90,8
93,5553,4776.43624700468,99,6
40,1398,290.766790316425,74,34
16,1637,131.930533220793,82,66
22,3615,368.415843999726,59,37
65,5960,2953.38481236564,86,21
37,2665,492.92712228164,47,10
44,4945,1199.45731586359,77,33
98,4346,4074.99045726249,98,0
31,5618,819.139233225268,84,53
93,2924,2515.09086732247,93,0
9,2540,157.305090493774,69,60
52,5949,1936.47873111782,64,12
38,3704,712.538611051692,65,27
29,2083,280.43753499202,79,50
17,3524,295.20702313758,59,42
38,4211,810.070218989923,90,52
88,5179,4171.31899416516,90,2
82,8493,6238.07275581193,87,5
17,9767,818.185866908271,58,41
71,3200,1863.51774610454,80,9
14,3981,297.145130266855,69,55
92,1775,1506.61620482229,94,2
36,1021,181.550804374591,71,35
47,2561,695.290794461406,85,38
30,7870,1102.64776054133,62,32
88,7207,5804.72986888362,91,3
24,3157,348.256262144594,87,63
64,7022,3379.79917780776,88,24
16,2424,195.357124329385,71,55
97,2406,2216.41163932626,99,2
56,7737,2891.61241342852,83,27
82,6134,4505.39718405161,90,8
2,1858,92.1212985240122,47,45
83,6450,4818.37287043509,85,2
91,2497,2092.20964509148,91,0
41,5934,1282.97883198288,69,28
11,2454,163.560384746262,83,72
80,2270,1608.52106944625,84,4
94,6865,5989.28160133605,95,1
49,9666,2824.77483491297,74,25
17,1459,122.221068886983,73,56
15,6166,478.185209436617,75,60
9,9622,595.901409736651,81,72
87,2973,2361.43945317301,95,8
6,8773,489.507285697356,79,73
31,6173,900.061674385828,79,48
26,6345,757.900122373031,75,49
2,4637,229.906599168915,75,73
87,5859,4653.77522910888,89,2
97,6756,6223.63966553957,97,0
29,2661,358.254575426676,70,41
59,5548,2288.84511317807,85,26
38,4623,889.326673566947,78,40
12,8582,593.804398581242,84,72
26,7549,901.716000597952,75,49
33,3948,623.332727768552,34,1
42,6449,1449.1427359647,58,16
36,6305,1121.13400742585,58,22
5,6172,333.419529676215,85,80
55,5744,2075.22255826103,84,29
57,6071,2346.09501984494,75,18
46,2407,629.560644240335,64,18
29,9503,1279.40369420507,66,37
96,5562,5025.83013816722,97,1
13,5212,374.498870639838,66,53
15,3328,258.092827928164,83,68
39,2152,430.496115380653,78,39
80,6489,4598.10273992807,82,2
79,8214,5710.95955869052,82,3
16,3109,250.563242384512,84,68
87,1234,980.160203570635,88,1
60,2311,984.33847738512,82,22
16,3954,318.664220131348,85,69
20,6538,615.790842729256,43,23
23,4426,469.268154433822,58,35
97,2464,2269.84134634244,98,1
21,7298,714.960910929147,50,29
14,8434,629.520730638196,44,30
64,2303,1108.47016611952,91,27
55,1260,455.219433044725,69,14
49,5705,1667.21916337456,86,37
77,6541,4369.05817797221,88,11
42,6972,1566.66508840842,90,48
16,9405,757.975971253244,61,45
52,9131,2972.2621102432,72,20
77,1889,1261.75674945567,90,13
48,8930,2515.75385597193,57,9
18,7528,655.626101657477,58,40
10,7081,454.828742670319,79,69
33,1687,266.353169135144,92,59
8,2786,166.489271487885,60,52
49,2837,829.079888955938,72,23
85,9729,7503.40444607569,91,6
82,6023,4423.86815121338,88,6
2,2064,102.334962407729,54,52
59,5728,2363.10468786661,81,22
56,7171,2680.07659515263,92,36
25,1011,116.046092243279,70,45
83,5935,4433.65007535383,83,0
81,5230,3774.38916422886,82,1
17,1101,92.2312521210204,80,63
72,8738,5215.2618635843,93,21
72,9715,5798.38281125217,85,13
71,2031,1182.75141948073,75,4
64,8798,4234.61594508013,66,2
53,4273,1440.72333898083,91,38
45,4081,1028.0537655341,71,26
17,6626,555.062921483997,66,49
80,2569,1820.39234687551,82,2
56,6055,2262.98476971819,63,7
55,4378,1581.70688719826,89,34
54,5514,1924.90217816782,66,12
98,2829,2652.58812784068,98,0
66,3385,1725.88069256344,88,22
96,9250,8358.31153866358,98,2
50,7092,2149.19341614371,88,38
8,7786,465.285523260829,65,57
14,2150,160.47777695899,60,46
10,5619,360.921155919294,82,72
16,5700,459.379376517118,78,62
20,7162,674.563171555053,73,53
0,5529,357.351285403047,0,0
93,7732,6650.71223876106,93,0
94,6733,5874.11988664175,98,4
49,1192,348.347982952231,85,36
96,1956,1767.44403995956,96,0
78,1870,1274.80747065277,85,7
84,7097,5388.64204839036,86,2
46,5224,1366.35845679747,63,17
52,8594,2797.46145826636,86,34
80,9330,6611.2341753011,82,2
46,3031,792.770383337123,66,20
13,2530,181.788592233076,81,68
80,8975,6359.68132082823,92,12
81,5789,4177.80857967895,85,4
69,9879,5465.83060430512,74,5
26,8613,1028.80910228509,86,60
13,5485,394.114793833368,63,50
65,5452,2701.65335520427,72,7
12,5640,390.241995804964,57,45
19,2184,197.791949194513,76,57
64,5544,2668.41450324213,81,17
40,8723,1814.27661797581,62,22
36,4372,777.414414031059,44,8
46,9566,2502.02622467929,70,24
1,7701,372.98083237967,82,81
62,9260,4197.47159304957,72,10
92,6619,5618.19304772887,92,0
66,1655,843.820545403984,76,10
24,1311,144.619562772114,73,49
67,9660,5064.4941622919,90,23
53,1696,571.838704168378,72,19
43,1016,237.226529309881,84,41
47,2407,653.481039542603,53,6
53,5771,1945.80257178992,91,38
34,4836,794.477787625101,82,48
6,7865,438.843588511308,71,65
84,6225,4726.54597030154,84,0
34,3486,572.694286116853,62,28
95,6207,5502.2222563213,99,4
27,6021,748.46251654237,61,34
88,4335,3491.53655912453,97,9
82,7378,5419.10994847291,91,9
72,2801,1671.77254290451,77,5
31,7984,1164.11670310974,32,1
73,3660,2237.32212174532,75,2
93,6592,5670.13645601563,95,2
51,4266,1340.10705544575,85,34
84,1953,1482.88261526087,88,4
84,9929,7538.93573319261,87,3
43,3141,733.394221025921,71,28
6,4669,260.516301940152,54,48
15,9051,701.922531724103,76,61
54,6136,2142.03840501229,77,23
39,8315,1663.37137518129,89,50
43,7169,1673.89467384108,52,9
66,8175,4168.11659134596,74,8
65,4834,2395.41311794891,85,20
45,7030,1770.94289921703,70,25
40,1447,300.958187115785,69,29
26,1880,224.562999221639,80,54
74,7109,4447.71145416706,88,14
56,4746,1773.76147268085,56,0
99,9584,9127.61904761905,99,0
39,7210,1442.32202225581,71,32
69,4498,2488.64318839604,81,12
93,6311,5428.43312711084,97,4
9,8676,537.314553198418,84,75
20,5917,557.301073176661,60,40
92,7210,6119.83258409505,94,2
67,1332,698.33397765764,71,4
4,2894,151.604561892285,69,65
51,3527,1107.96005263881,73,22
88,5546,4466.91159328827,88,0
54,7408,2586.08547984535,66,12
59,2749,1134.10872677118,72,13
3,2405,122.419368811475,41,38
28,6451,834.541005167427,82,54
32,4235,642.57985644933,91,59
37,6461,1195.04770621451,71,34
18,2547,221.822486838681,54,36
9,6739,417.353938912418,76,67
69,7235,4002.96431037024,73,4
69,2819,1559.68989508413,71,2
64,3618,1741.40037386905,84,20
7,5674,327.449789262912,59,52
24,1721,189.847648764918,80,56
30,4302,602.743413703787,68,38
43,7048,1645.64230174807,67,24
27,5297,658.463037722128,57,30
40,5442,1131.86900779827,64,24
15,6612,512.773370871701,70,55
85,4226,3259.26479485208,92,7
54,6133,2140.99112417542,88,34
86,8162,6390.09155686775,96,10
32,9867,1497.12761359753,85,53
47,7510,2038.90428207933,88,41
92,6909,5864.34442767166,96,4
4,7325,383.726128493777,84,80
63,4919,2298.29638885276,75,12
69,8959,4956.81510112052,76,7
31,3976,579.725452350243,59,28
22,8019,817.241121171177,50,28
79,2096,1457.28892561667,85,6
15,8445,654.926061254011,82,67
73,1590,971.951413545097,77,4
98,2078,1948.41927523964,98,0
21,1868,183.001778790853,50,29
43,6483,1513.72006842122,83,40
39,3560,712.159001280263,71,32
38,5623,1081.69670894807,64,26
13,7418,533.007026555319,66,53
78,7352,5011.97033381772,80,2
28,8969,1160.28495974991,76,48
13,3096,222.457502590357,43,30
92,1666,1414.09723787827,93,1
27,6322,785.879426935868,75,48
46,5814,1520.67535754604,86,40
67,9577,5020.97935737779,82,15
61,3483,1530.85080072923,72,11
26,6881,821.924466831966,76,50
92,4392,3727.92020934056,98,6
45,5596,1409.70077724303,65,20
49,4295,1255.16324394281,74,25
46,9385,2454.68493817846,69,23
3,3450,175.611984365734,79,76
99,4659,4437.14285714286,99,0
33,1852,292.404308973495,73,40
78,9682,6600.36680794657,90,12
62,3794,1719.78479741145,76,14
95,8674,7689.10517985033,97,2
2,2547,126.282533552561,66,64
79,6310,4387.16274839751,82,3
37,5783,1069.64260718751,66,29
95,2522,2235.63791371715,95,0
7,4855,280.184830255805,54,47
41,4733,1023.31291064627,74,33
56,6328,2365.0152969078,79,23
98,9318,8736.94456529497,99,1
53,9697,3269.52825136837,91,38
78,8460,5767.31080306011,94,16
74,5302,3317.17064706622,92,18
62,2390,1083.36469842208,73,11
87,2539,2016.71536212791,88,1
38,8741,1681.50647926643,70,32
33,1808,285.457338349935,73,40
45,8888,2238.99580202574,67,22
1,8187,396.519163055753,76,75
99,2203,2098.09523809524,99,0
57,1561,603.237411625425,74,17
96,2552,2305.99038342372,96,0
4,9348,489.702641523526,46,42
71,9566,5570.75336226126,89,18
74,3204,2004.56709792534,81,7
60,9666,4117.09897118328,85,25
37,2903,536.94838123212,49,12
71,7197,4191.16788084824,94,23
19,5700,516.215252018648,77,58
65,1491,738.8417374559,81,16
64,5119,2463.85531062346,85,21
61,3140,1380.09518067464,63,2
49,5402,1578.67097643284,68,19
22,9539,972.149027915184,86,64
71,6347,3696.17097953923,87,16
28,7508,971.281021050542,82,54
12,3162,218.7846082864,78,66
28,4039,522.509862016934,79,51
18,3804,331.296717681329,72,54
22,1225,124.843543264084,42,20
61,8280,3639.23187770256,80,19
42,4024,904.225518610941,86,44
89,2770,2261.29531176201,93,4
52,9911,3226.16249858946,70,18
92,5227,4436.66642400344,92,0
42,4952,1112.75466405601,65,23
52,9284,3022.06564795728,78,26
19,6281,568.832982092829,88,69
0,7388,477.50249530796,47,47
19,8715,789.265951112722,75,56
54,1930,673.750671719968,75,21
98,7441,6976.99125459968,99,1
97,7918,7294.07620955334,98,1
43,1402,327.353931193359,72,29
53,2000,674.338094538182,79,26
49,7654,2236.79149456072,75,26
58,7674,3064.89224987212,61,3
34,5328,875.305552619218,91,57
62,1457,660.444504435553,71,9
77,4236,2829.43440481429,92,15
60,8912,3795.94310275041,83,23
92,6365,5402.59839081345,94,2
39,5531,1106.44703260706,76,37
5,2306,124.573142487581,52,47
49,3809,1113.13545894719,74,25
54,2647,924.050791731997,57,3
12,1163,80.4701136739669,82,70
66,9487,4837.05469138828,82,16
36,3462,615.601258320111,56,20
28,2690,347.994931623063,48,20
94,1212,1057.39392582947,94,0
26,8820,1053.53492188024,73,47
61,7583,3332.88590925344,86,25
77,7608,5081.76037578544,85,8
94,9123,7959.24487239458,94,0
30,6364,891.645533428848,76,46
13,5849,420.269358091407,86,73
8,3918,234.136742889279,75,67
94,3614,3152.98815837268,96,2
92,1659,1408.15565284517,93,1
63,6182,2888.40582961735,86,23
87,1189,944.416922241074,93,6
53,3694,1245.50246061202,74,21
86,1699,1330.15995529506,90,4
21,4554,446.140310820956,88,67
21,5016,491.400922063662,66,45
92,3887,3299.27728909535,97,5
93,2140,1840.72997813614,97,4
24,7488,826.019287595414,79,55
64,1937,932.308602593795,82,18
71,8977,5227.74962711889,81,10
49,8864,2590.39976584612,56,7
10,3432,220.445169445634,88,78
83,3144,2348.67663637952,86,3
5,2658,143.588643856024,75,70
14,5004,373.502695768737,55,41
6,3305,184.409162114415,44,38
32,8277,1255.87567221514,58,26
56,6369,2380.33856289598,61,5
90,8053,6660.91193241671,96,6
13,9545,685.838779788422,83,70
6,6644,370.71542302214,73,67
29,4753,639.903794439305,91,62
36,6683,1188.34870287501,78,42
4,4148,217.296379657636,79,75
25,6517,748.043900246734,83,58
6,2336,130.341846505075,81,75
77,8651,5778.4317837697,90,13
83,7994,5971.79422112528,98,15
27,5645,701.722455718598,83,56
47,4864,1320.53667483806,56,9
45,6312,1590.06992601108,76,31
40,3074,639.354158392483,77,37
26,5597,668.55271629974,49,23
3,3282,167.06044425749,81,78
81,2232,1610.7909396862,96,15
17,2950,247.122791786567,46,29
62,4007,1816.33570986497,75,13
68,8466,4561.09468225001,92,24
51,7594,2385.55390976442,87,36
54,5713,1994.37180701356,77,23
88,6456,5199.85237040553,92,4
30,5441,762.326107383149,78,48
17,6829,572.068320376429,70,53
11,8973,598.055147648006,82,71
59,8942,3689.05064924987,94,35
91,2616,2191.91847479348,95,4
94,2823,2462.89030743943,97,3
96,6241,5639.3753851675,97,1
38,5027,967.044167860922,78,40
22,6358,647.963467814733,86,64
77,1120,748.103525352221,77,0
50,1926,583.664201846134,73,23
83,3792,2832.7550270837,91,8
44,6299,1527.88303996456,87,43
88,6712,5406.04230330885,88,0
2,6890,341.612350285492,81,79
55,5799,2095.0932477987,63,8
8,9147,546.617862993424,68,60
21,3891,381.188394686943,75,54
52,2027,659.815496381883,78,26
22,4905,499.883738539048,82,60
68,3710,1998.77879413507,81,13
54,5717,1995.76818146272,82,28
82,1406,1032.70108261763,91,9
28,3475,449.547355907117,75,47
87,8281,6577.55805977993,92,5
7,7414,427.866185688267,77,70
12,4131,285.831504374168,74,62
0,9840,635.980583896904,68,68
45,2789,702.583178650966,70,25
82,9472,6957.14413552933,84,2
19,8111,734.565247214605,82,63
65,7252,3593.61521128785,75,10
0,7805,504.454111515786,65,65
6,5331,297.453931386368,75,69
49,2025,591.782437481768,87,38
43,5897,1376.89453084682,82,39
45,1169,294.485383952305,46,1
94,3953,3448.74438020122,94,0
16,6130,494.034311938584,71,55
71,4376,2548.36051779796,76,5
59,8847,3649.85809594202,91,32
27,5524,686.681106357756,82,55
95,4670,4139.74189415506,97,2
41,3580,774.024977839354,70,29
78,5372,3662.17418842067,81,3
65,2102,1041.61323415983,78,13
55,6178,2232.02036297644,85,30
82,1615,1186.21070300674,84,2
10,6491,416.931700137415,79,69
17,1365,114.346647724971,80,63
38,7097,1365.25014109985,68,30
17,3966,332.233556686618,77,60
29,7476,1006.5055264524,82,53
75,1242,794.74420465028,89,14
1,5394,261.246410837026,1,0
70,8534,4845.74309718869,73,3
54,3482,1215.54395799426,70,16
79,4305,2993.14352327279,87,8
44,4432,1075.02423132607,83,39
9,6175,382.424777086242,56,47
4,8557,448.265458228157,60,56
92,4770,4048.76580112807,93,1
15,5134,398.151616160816,20,5
39,6865,1373.30661342388,44,5
44,6289,1525.45744377475,87,43
4,2786,145.946893376609,67,63
14,1921,143.385027692195,79,65
63,6699,3129.96290077752,86,23
30,5674,794.971206265758,43,13
9,3650,226.048653662313,79,70
56,8182,3057.92591012952,81,25
52,4265,1388.31430294461,85,33
18,1999,174.096250958196,73,55
40,8079,1680.33254575565,60,20
4,7620,399.179945272707,71,67
43,4948,1155.3118769934,91,48
85,1557,1200.82235816012,93,8
93,1946,1673.86006423034,94,1
88,2256,1817.04878371048,98,10
10,3588,230.465404420435,71,61
24,1813,199.996390012084,70,46
51,6625,2081.1554717131,63,12
71,4191,2440.62589810129,74,3
8,8649,516.857756316839,82,74
49,4840,1414.43308514161,64,15
44,5797,1406.11811123584,67,23
97,6473,5962.93954337443,99,2
47,4359,1183.43325773419,70,23
56,7418,2772.38992927656,85,29
10,3946,253.460559042095,75,65
52,4499,1464.48441944849,86,34
65,9761,4836.91093179547,86,21
73,8294,5070.04089556165,79,6
63,9613,4491.46639277121,76,13
94,8636,7534.36794015122,96,2
75,2180,1394.96164745379,88,13
87,4321,3432.14930277854,89,2
91,1059,887.324795415251,92,1
5,6012,324.776119963287,84,79
48,2006,565.129029684176,78,30
59,7368,3039.69192391781,88,29
81,2237,1614.39934232887,86,5
30,5530,774.795694509982,68,38
20,3455,325.414096303087,40,20
11,7716,514.275439568931,53,42
40,8050,1674.30090275195,60,20
73,7458,4559.00229070398,96,23
10,7153,459.453466504842,85,75
33,4615,728.642486993887,78,45
46,5634,1473.59562511427,79,33
15,8880,688.661151442938,77,62
63,3455,1614.27404421351,78,15
28,8586,1110.73772599094,52,24
65,5613,2781.4343878873,78,13
86,3077,2409.00658177923,94,8
28,5269,681.630221086215,70,42
65,5074,2514.34136542672,78,13
4,3888,203.676066564342,65,61
62,8478,3842.99829005121,79,17
44,9945,2412.25541077116,47,3
4,2884,151.080703696389,80,76
8,8591,513.391719796273,72,64
56,6759,2526.09645888114,74,18
42,6307,1417.23418138151,52,10
31,1175,171.322285339923,69,38
56,3427,1280.80079369517,84,28
0,8689,561.588952589451,27,27
88,6786,5465.64408078872,89,1
60,5596,2383.53877950979,75,15
43,2232,521.151194310683,56,13
61,6248,2746.12569708763,85,24
33,3321,524.338396382817,76,43
24,2609,287.805064281041,88,64
60,1168,497.493440755439,82,22
4,3004,157.367002047141,74,70
35,2642,451.578707292558,53,18
56,8924,3335.23965069615,69,13
82,4916,3610.78131020504,83,1
6,5886,328.42127933599,70,64
8,5419,323.835377671517,75,67
11,3132,208.749439700608,78,67
5,5394,291.390949947101,82,77
74,7912,4950.10451897169,77,3
86,7832,6131.73205995935,90,4
63,2725,1273.19732864886,76,13
36,1783,317.047095200681,65,29
27,3071,381.751932951606,86,59
76,1693,1107.22279949555,81,5
96,3859,3486.9972138057,99,3
48,2380,670.492069116819,92,44
12,5703,394.601081928318,88,76
96,4453,4023.73635477502,97,1
78,9653,6580.59706642307,88,10
5,2709,146.34373070202,86,81
76,2479,1621.26717067305,77,1
58,5607,2239.36028733815,83,25
3,9495,483.314722189172,65,62
11,6003,400.103092759499,82,71
1,7769,376.274261363155,81,80
51,7382,2318.9569346696,75,24
85,2546,1963.57978412054,87,2
63,5365,2506.68024521143,67,4
96,2836,2562.61313769188,97,1
86,5877,4601.14776766868,96,10
36,5113,909.176555109973,73,37
75,1196,765.309234107677,87,12
12,3068,212.280575022984,86,74
77,4457,2977.05126115612,93,16
63,4999,2335.67465905162,70,7
48,7373,2077.11681747828,51,3
79,5680,3949.14174499174,87,8
36,4285,761.944365078473,84,48
19,5581,505.438126581767,54,35
66,4283,2183.73619091557,86,20
95,4436,3932.31157226378,95,0
74,4029,2520.72435628627,82,8
40,8649,1798.88552893188,90,50
63,2038,952.211433316105,77,14
10,1327,85.2362295612926,81,71
24,4287,472.909279636958,75,51
74,2704,1691.74451710054,90,16
76,4212,2754.64998905804,81,5
19,4839,438.239579740041,85,66
59,3162,1304.49319536212,86,27
91,5993,5021.47072608461,93,2
97,1221,1124.78745287505,98,1
81,9181,6625.74893246371,81,0
64,4420,2127.41560323416,70,6
65,4135,2049.03459716978,88,23
12,9432,652.617465324898,62,50
21,5276,516.872261724059,74,53
18,4836,421.175322478156,70,52
86,9105,7128.37339197266,86,0
52,7202,2344.3469190638,77,25
97,8586,7909.43904208449,97,0
47,9167,2488.76638532906,76,29
19,6710,607.68497211318,46,27
34,1674,275.011541870227,83,49
0,6935,448.224120866365,72,72
11,3351,223.345904354003,90,79
8,1345,80.376191726922,69,61
80,6331,4486.14400469789,87,7
12,1690,116.934215055034,79,67
98,9318,8736.94456529497,98,0
72,1786,1065.97135366921,87,15
37,6486,1199.67178803704,56,19
32,6939,1052.85988758014,71,39
79,3240,2252.67944608684,80,1
96,6042,5459.55873693031,99,3
76,4497,2941.0401236453,76,0
90,3252,2689.84050716741,93,3
81,4964,3582.42214363902,89,8
21,7531,737.787149932503,71,50
36,8386,1491.1704657055,39,3
47,8801,2389.40034441813,76,29
9,8517,527.46750225806,78,69
55,3915,1414.43180981754,73,18
44,4499,1091.27572579783,73,29
73,8751,5349.40051568122,85,12
81,5587,4032.02911291523,81,0
8,8631,515.782089810456,90,82
55,6933,2504.79073753895,94,39
8,3306,197.564081672271,90,82
35,2662,454.997168362146,69,34
56,4177,1561.10443982046,76,20
2,1471,72.933493072563,72,70
24,8561,944.384498010729,68,44
25,7236,830.573218073557,41,16
82,1119,821.900790504362,90,8
25,9551,1096.2969604506,55,30
46,1926,503.753137019894,82,36
24,7237,798.330873975429,70,46
40,4341,902.874561347355,87,47
51,2622,823.666361785923,88,37
97,2785,2565.54713862163,97,0
99,9810,9342.85714285714,99,0
23,4036,427.918271869612,64,41
31,7231,1054.3246342919,82,51
13,1127,80.9785547220065,73,60
81,3936,2840.53456030685,94,13
15,4673,362.400175753699,30,15
92,2199,1866.5064982559,99,7
54,8969,3131.02060863025,75,21
60,1455,619.737120119147,83,23
91,4562,3822.45110168496,92,1
84,1019,773.710898592332,88,4
3,5783,294.366407416533,77,74
32,4440,673.684666501777,61,29
39,2244,448.900224402503,84,45
70,6529,3707.27169926704,74,4
54,3862,1348.19953066452,78,24
0,3831,247.605855376935,70,70
33,2471,390.13555479131,76,43
26,5208,622.087287205476,82,56
74,7968,4985.14064802407,76,2
41,4794,1036.50160440275,74,33
89,6815,5563.43954861303,90,1
10,9037,580.467073508215,57,47
53,2044,689.173532618022,69,16
28,3564,461.060942864162,80,52
81,1679,1211.70160740732,92,11
66,2874,1465.34153926952,74,8
24,3316,365.795934517414,86,62
98,4519,4237.20245659669,98,0
56,7898,2951.78426279675,71,15
13,9660,694.101897617199,85,72
87,7799,6194.70780198329,88,1
4,6712,351.613621085356,37,33
17,4728,396.066630361657,85,68
61,1949,856.625957686266,68,7
49,6417,1875.29279077556,67,18
65,8238,4082.21209467586,86,21
46,7342,1920.32997507791,85,39
72,3156,1883.65374702129,75,3
97,4051,3731.78867452647,97,0
97,2499,2302.08341092117,98,1
34,1182,194.18377687611,49,15
12,5761,398.614208835532,85,73
9,3274,202.762545778195,72,63
92,6339,5380.52964640479,99,7
43,3303,771.219710935567,76,33
69,6000,3319.66632511699,80,11
10,8608,552.911427327511,80,70
42,6610,1485.32074503437,75,33
66,4413,2250.01816729171,77,11
67,2630,1378.84261354324,69,2
89,4733,3863.79448035003,90,1
96,5652,5107.1542504353,97,1
21,2783,272.641301057251,82,61
42,6870,1543.74485905993,80,38
64,9904,4766.95116163601,80,16
31,9353,1363.72539130579,60,29
82,9653,7090.08787376104,89,7
9,3661,226.729896180199,57,48
57,1365,527.494597609677,77,20
60,5357,2281.74003606754,79,19
65,2259,1119.41212938489,72,7
78,4969,3387.44295276663,87,9
11,1189,79.2474724789345,90,79
72,9555,5702.88705728405,73,1
68,6912,3723.87035715947,78,10
85,1298,1001.07091900568,92,7
13,1327,95.3491944242259,63,50
73,3788,2315.56726698668,87,14
44,1941,470.80822044312,80,36
94,5820,5077.58469333952,98,4
3,6180,314.574511124706,66,63
32,3690,559.886580944045,73,41
79,5578,3878.22405872604,90,11
20,1245,117.262098378392,73,53
14,1019,76.059002195912,64,50
57,6303,2435.74977929216,93,36
85,4309,3323.27780431084,86,1
26,4366,521.511731171104,80,54
88,4434,3571.27407223949,90,2
52,3783,1231.41688347936,86,34
88,2938,2366.35165183573,92,4
3,7217,367.359910483334,70,67
4,9491,497.193813724838,67,63
94,3571,3115.47335737378,94,0
36,9553,1698.6825016557,87,51
39,5550,1110.2478812094,55,16
87,3016,2395.59414422126,89,2
52,4903,1595.99180007912,68,16
54,4023,1404.40360224323,76,22
28,8870,1147.47771133701,64,36
35,2113,361.160412001959,75,40
87,4518,3588.62544548795,92,5
75,6830,4370.45323491257,78,3
38,6601,1269.83460355081,77,39
44,2422,587.479397173228,58,14
3,6204,315.796159711598,75,72
63,2264,1057.8050466279,69,6
98,9628,9027.61346583601,98,0
93,3238,2785.17928467516,94,1
32,9155,1389.09529770806,92,60
22,8139,829.470692756231,51,29
36,5272,937.449403195732,69,33
68,5546,2987.93185775556,73,5
94,9255,8074.40658708887,97,3
28,4297,555.886327577807,82,54
68,6629,3571.40286423757,89,21
33,5882,928.683663813227,74,41
76,5422,3545.99056046361,84,8
77,9231,6165.84253796996,94,17
55,2565,926.696702983905,77,22
3,1506,76.658448827477,61,58
88,2682,2160.16171893241,93,5
51,3331,1046.3892643436,80,29
69,5504,3045.24057557398,75,6
43,5748,1342.10441975708,71,28
56,1678,627.132690930988,74,18
23,7204,763.806548698882,68,45
25,1149,131.886211659275,72,47
29,4039,543.776862137672,61,32
52,6108,1988.23534874225,86,34
8,7093,423.872362765099,86,78
71,7402,4310.54948645807,82,11
65,5758,2853.28687073848,80,15
71,6562,3821.37607810562,83,12
86,3086,2416.05274987673,93,7
70,3337,1894.80252112944,82,12
95,4276,3790.4788735347,97,2
40,3917,814.687780879426,52,12
51,9680,3040.84301376344,75,24
6,8603,480.021791730805,64,58
9,4260,263.826647836014,81,72
50,5553,1682.80753522927,53,3
72,3139,1873.50732316218,82,10
32,7582,1150.42277959831,81,49
41,9040,1954.52117309155,68,27
78,1743,1188.22963708437,92,14
39,1395,279.062305276957,81,42
92,3616,3069.25306852811,94,2
86,9575,7496.33994817553,94,8
16,4139,333.573901649886,58,42
42,3341,750.749865228418,57,15
26,9992,1193.52845118224,89,63
19,3635,329.200428261015,47,28
8,2608,155.852124924768,86,78
99,5329,5075.23809523809,99,0
62,3035,1375.7371797954,88,26
13,2627,188.758352488652,73,60
79,8277,5754.7616590311,91,12
29,7208,970.424268949823,63,34
16,2309,186.088943925969,66,50
63,1315,614.405316393856,70,7
91,1791,1500.65978148132,92,1
62,1719,779.206659660066,88,26
99,2257,2149.52380952381,99,0
64,2144,1031.94096229277,73,9
66,4372,2229.11385166539,81,15
47,6773,1838.8147406822,59,12
62,1139,516.298071758473,86,24
28,1913,247.477436503688,77,49
89,7283,5945.49233052806,92,3
77,2626,1754.03558712048,87,10
72,1100,656.533308530869,91,19
35,6140,1049.46754836348,76,41
88,1579,1271.77306271226,94,6
83,6538,4884.111911148,87,4
9,1181,73.1406739658059,88,79
80,5604,3970.99210272105,88,8
68,5773,3110.22910472824,81,13
88,7599,6120.45820364183,94,6
90,9155,7572.41385089717,90,0
24,6213,685.370971398278,91,67
74,1722,1077.36096836062,91,17
13,4428,318.165963007138,20,7
51,7654,2404.40211026295,77,26
78,5849,3987.35235072087,82,4
36,3979,707.532468762484,78,42
72,1388,828.425665673496,81,9
18,1488,129.592406916356,84,66
84,1662,1261.93082773352,87,3
39,7393,1478.93019563623,61,22
9,9075,562.025077256298,74,65
33,6218,981.73325766587,82,49
99,2608,2483.80952380952,99,0
91,6247,5234.29461469223,92,1
32,1774,269.170405039224,75,43
94,4324,3772.4185934708,94,0
21,4478,438.69484230484,71,50
54,9952,3474.17962951146,63,9
24,3669,404.73621343317,63,39
7,9066,523.204051719696,61,54
61,6141,2699.09697596273,89,28
40,4188,871.052444810579,89,49
87,9542,7579.1642321483,95,8
10,4464,286.732877740475,77,67
56,5870,2193.84320367396,65,9
67,1372,719.304967977689,77,10
46,5430,1420.23859502494,67,21
8,1413,84.439820751034,79,71
82,6624,4865.30012180598,94,12
40,1829,380.409484612834,57,17
55,4214,1522.45610384958,73,18
65,8332,4128.792324938,88,23
41,8242,1781.98711378546,85,44
88,3708,2986.53230939649,89,1
41,1856,401.282223148,66,25
7,5156,297.555712625938,82,75
63,4871,2275.86942673344,85,22
59,5794,2390.33319858575,65,6
21,4379,428.996139895689,76,55
80,5863,4154.51939654773,80,0
15,6545,507.577391463292,66,51
83,3812,2847.69571815481,85,2
51,7005,2200.52740820381,53,2
95,8775,7778.63707092306,95,0
65,3369,1669.45527396977,72,7
55,2251,813.253129987044,77,22
64,1230,592.018369225796,79,15
57,5636,2177.99234588142,77,20
61,8143,3579.01753383236,82,21
34,5196,853.620054693967,51,17
90,4626,3826.32293547245,94,4
76,2432,1590.52914847796,93,17
25,1417,162.648182699037,90,65
46,1723,450.657660999625,72,26
73,1242,759.222424920132,89,16
52,1165,379.223015927427,76,24
43,1276,297.934105708079,76,33
1,4097,198.429096254968,80,79
19,6643,601.617178799978,70,51
65,6084,3014.83107356251,74,9
57,9840,3802.59841793349,78,21
31,9114,1328.87770943665,55,24
99,4690,4466.66666666667,99,0
53,7473,2519.66429024192,83,30
45,2003,504.580174556431,76,31
31,1823,265.804703127388,74,43
97,7768,7155.89593278736,97,0
60,2909,1239.04830407326,71,11
5,5919,319.752138067647,68,63
78,6281,4281.85332789841,83,5
76,1921,1256.33490716536,83,7
19,9012,816.163482665272,85,66
59,5806,2395.28383689832,84,25
73,6252,3821.78631288298,91,18
48,1045,294.396727826502,91,43
50,2274,689.123777257585,87,37
96,4310,3894.52137639352,99,3
67,4992,2617.17959194215,79,12
73,6015,3676.91053614702,77,4
34,2733,448.988377497808,80,46
1,3187,154.355267211272,84,83
38,6033,1160.56842345433,82,44
33,4201,663.277808854024,70,37
8,2995,178.978954811994,68,60
24,3230,356.309067699411,86,62
53,6860,2312.97966426596,84,31
11,6717,447.691566560978,57,46
62,1463,663.164248448328,81,19
63,2408,1125.08593298586,63,0
74,8595,5377.42016437837,91,17
30,4073,570.658745703284,34,4
3,9238,470.232901904537,63,60
69,6198,3429.21531384585,91,22
38,6323,1216.35573371486,78,40
18,1233,107.384030731093,84,66
92,8799,7468.5723866092,92,0
45,7589,1911.76182960996,53,8
38,9169,1763.84085440955,66,28
43,9676,2259.25580472678,85,42
5,2124,114.741263939125,85,80
4,5136,269.053569412155,79,75
20,4272,402.364405038144,75,55
61,4858,2135.1918432221,66,5
49,8233,2405.99743594439,77,28
7,6441,371.713798491789,66,59
25,4595,527.430063163072,91,66
91,7124,5969.12355291619,91,0
25,4626,530.98835085797,37,12
34,9886,1624.11236734114,78,44
0,2777,179.483544866027,67,67
39,7539,1508.13671647525,40,1
58,5514,2202.21733982211,80,22
67,8088,4240.33424271396,83,16
36,2431,432.272287399246,86,50
6,4302,240.038794377069,84,78
9,1692,104.78748547853,69,60
46,3340,873.590590678321,79,33
30,2991,419.062192093916,51,21
65,8759,4340.38549857561,84,19
11,5434,362.178944870084,13,2
44,3698,896.985470993641,85,41
29,1187,159.80765916252,38,9
24,8035,886.360173054107,65,41
69,2508,1387.6205238989,77,8
81,1097,791.683539800968,87,6
45,3002,756.240481287272,63,18
84,4650,3530.67289347826,92,8
86,5144,4027.27652150548,91,5
39,6031,1206.46936424755,88,49
78,8327,5676.64267814202,86,8
74,4238,2651.48419507104,86,12
39,9468,1894.02287194425,78,39
72,1842,1099.39486755805,74,2
41,5761,1245.57483165713,63,22
78,2951,2011.74162882156,83,5
71,2892,1684.15416304198,81,10
79,6723,4674.30985063019,79,0
49,9988,2918.87554842859,69,20
58,1932,771.614780655842,89,31
24,5498,606.497601923022,86,62
38,1190,228.92034210354,80,42
96,5296,4785.47220635268,98,2
44,2127,515.924309573682,74,30
16,3480,280.463198294661,59,43
91,7850,6577.4312030309,94,3
87,6887,5470.31063370419,93,6
33,5409,854.003729609953,69,36
16,9701,781.831461682905,85,69
85,8907,6869.44428011061,96,11
98,5359,5024.82141290145,98,0
55,8761,3165.22020071812,86,31
9,7483,463.430705576736,84,75
92,4293,3643.88922101526,94,2
47,9522,2585.14601517435,68,21
80,9902,7016.55314081795,80,0
40,4805,999.380849406598,86,46
88,3296,2654.69538613021,92,4
2,7366,365.212855181848,84,82
37,5037,931.660005603234,88,51
83,1837,1372.30247488205,89,6
38,1547,297.596444734602,74,36
6,7733,431.478381431398,86,80
50,9653,2925.29103864005,87,37
24,3529,389.2924767527,84,60
84,1611,1223.20731857924,96,12
86,5170,4047.63211823159,91,5
79,8914,6197.64956247471,85,6
63,9839,4597.060006083,86,23
94,3038,2650.46431243393,95,1
87,1806,1434.49702402639,90,3
22,3596,366.479495165426,86,64
7,7994,461.338317830052,41,34
85,6047,4663.69479755573,87,2
88,8201,6605.32671773479,89,1
3,4799,244.278815353959,42,39
54,1336,466.389066019625,77,23
71,1543,898.564963199783,89,18
62,5821,2638.60498306064,74,12
36,5854,1040.93869618889,67,31
61,9737,4279.61362236592,73,12
88,3870,3117.01187631187,94,6
22,1948,198.52671206403,58,36
73,1794,1096.65461377352,86,13
76,4923,3219.64432481784,81,5
72,2811,1677.74102752752,75,3
39,4108,821.783476758236,89,50
83,4495,3357.92031823344,86,3
58,3033,1211.33935286189,59,1
80,5130,3635.11589703051,86,6
49,3771,1102.03040579938,81,32
83,3916,2925.38731172462,88,5
92,3666,3111.6929616217,97,5
38,5348,1028.79494921826,71,33
78,2030,1383.88190664445,78,0
27,1858,230.96551332598,68,41
27,3213,399.403764432924,88,61
20,5984,563.611563611482,51,31
43,1336,311.943546415355,80,37
28,7764,1004.39875432025,84,56
24,1085,119.688959273641,91,67
57,3415,1319.70260134582,72,15
83,4696,3508.07426349816,83,0
82,6690,4913.77684403412,82,0
39,9821,1964.63863808243,76,37
14,2540,189.587699291086,83,69
91,1847,1547.58158369402,95,4
47,6111,1659.08709291435,90,43
71,1424,829.265397016521,75,4
1,8171,395.744238589051,74,73
2,1390,68.9174407687713,85,83
37,4893,905.025294305464,73,36
48,9360,2636.89317938379,70,22
99,9901,9429.52380952381,99,0
37,5917,1094.42768575627,77,40
13,4185,300.705635768942,57,44
55,6024,2176.38243227097,85,30
1,6529,316.217615193723,61,60
96,3246,2933.08964913535,97,1
23,2314,245.342636547642,72,49
88,4509,3631.68127914476,98,10
22,1653,168.462348584107,80,58
77,7571,5057.04624146577,77,0
23,3206,339.917239745782,84,61
2,1105,54.7868863665412,83,81
27,3255,404.624728673877,38,11
45,2784,701.323617556218,83,38
66,2953,1505.62058645194,89,23
42,3691,829.397711032054,76,34
25,9560,1097.33001171686,74,49
12,9982,690.672979100205,83,71
65,8498,4211.05102944349,89,24
6,7008,391.025539515225,62,56
12,5723,395.984918792874,79,67
25,6410,735.762068525635,77,52
92,7200,6111.34460547633,92,0
27,5992,744.857565042664,75,48
35,9403,1607.18947186674,85,50
62,4799,2175.34191955128,67,5
87,7847,6232.83396873483,89,2
73,8094,4947.78285612202,93,20
7,1087,62.731392479518,86,79
88,1108,892.41580334717,96,8
12,3581,247.775990598861,67,55
35,1522,260.144887395637,83,48
9,1137,70.4157038942602,43,34
89,2845,2322.52171912019,95,6
27,3210,399.030838415713,87,60
54,3055,1066.48098554637,62,8
77,2434,1625.78926848867,83,6
36,1511,268.680965142024,75,39
34,3014,495.152202626562,87,53
91,4092,3428.64311882834,93,2
87,9473,7524.35786744297,96,9
33,3043,480.446172897594,83,50
8,5172,309.074842833934,18,10
35,4147,708.817902779045,88,53
67,4726,2477.72250631382,93,26
39,6108,1221.87280332018,64,25
81,4972,3588.19558786729,85,4
22,5866,597.822224316015,29,7
44,2725,660.974961724627,84,40
66,6095,3107.60496932766,80,14
3,9348,475.832124594459,80,77
26,9566,1142.64343114585,86,60
89,9145,7465.53993720707,92,3
9,7212,446.647367181534,77,68
62,5364,2431.45114742094,75,13
87,4883,3878.54317182772,93,6
53,8205,2766.47203284289,81,28
3,9598,488.557630707918,78,75
83,1561,1166.12093810065,89,6
87,2571,2042.13280662893,87,0
0,5229,337.961633454971,64,64
24,9356,1032.08285987483,57,33
81,5477,3952.64425477658,85,4
27,1376,171.048733227421,77,50
89,3255,2657.22607934489,90,1
35,1090,186.306128292539,75,40
82,5438,3994.18811328215,85,3
3,1531,77.9309994388229,65,62
25,9178,1053.4827246378,60,35
54,8207,2865.01127606517,54,0
69,1754,970.449122375866,75,6
4,5771,302.318564851548,86,82
16,5369,432.703135529896,41,25
30,8188,1147.20201566867,74,44
28,1421,183.829292875975,77,49
33,6063,957.260974787419,68,35
63,3405,1590.91262533922,89,26
72,5640,3366.22532737645,87,15
45,2928,737.598977084987,76,31
3,5375,273.598381439368,80,77
22,3468,353.434618808036,82,60
43,4047,944.936775705795,45,2
12,9972,689.981060667926,41,29
14,5201,388.20693858777,68,54
24,1750,193.046708505873,78,54
7,8360,482.460387422972,72,65
71,7460,4344.32574560621,81,10
51,1100,345.550342473118,91,40
31,7569,1103.60712998969,78,47
21,8878,869.748282711561,72,51
29,2180,293.496796103027,85,56
66,7679,3915.22535840314,70,4
28,4805,621.604329534876,41,13
52,3639,1184.54296563082,70,18
83,1865,1393.21944238162,92,9
25,2163,248.276654324641,52,27
87,2313,1837.20466033945,90,3
36,4708,837.16080998587,84,48
8,4809,287.382234955218,80,72
54,2165,755.78767060815,87,33
79,2730,1898.09101475835,90,11
74,5373,3361.59145354334,75,1
67,7932,4158.54738046577,69,2
27,4356,541.488576990294,91,64
34,6644,1091.50339557096,76,42
12,4737,327.761761370233,79,67
26,4039,482.452103114999,91,65
54,6149,2146.57662197206,89,35
78,4304,2934.1023281762,95,17
9,1293,80.0769614206495,71,62
38,1353,260.276657870664,72,34
42,6283,1411.84118624069,77,35
55,1650,596.120686129997,66,11
86,9064,7096.27418175071,87,1
49,9347,2731.55083611955,68,19
39,4844,969.016348933032,91,52
23,8689,921.254178462602,91,68
30,7927,1110.63390061133,71,41
19,8200,742.62545027244,89,70
49,5536,1617.8309006909,78,29
42,2783,625.362728204336,47,5
92,6983,5927.15546945017,93,1
5,5383,290.796715529337,75,70
69,6844,3786.63272151678,84,15
16,1620,130.560454378549,77,61
40,4764,990.853354125501,41,1
9,4741,293.615525209048,73,64
31,5123,746.965164082066,69,38
32,8833,1340.2379863086,88,56
12,9678,669.638658758944,62,50
18,2101,182.979601432301,52,34
64,4868,2343.04505804161,81,17
55,6656,2404.71471932198,79,24
63,7115,3324.32990581162,78,15
19,1574,142.547860820588,83,64
10,8825,566.849831106562,84,74
96,2043,1846.05734848537,97,1
54,1645,574.258992217278,81,27
82,8889,6528.93308918076,95,13
60,5436,2315.38899310494,75,15
97,5315,4896.1878067411,97,0
25,1287,147.726331075272,70,45
32,4943,750.00524921583,70,38
85,3061,2360.76893919598,98,13
66,2165,1103.84983734116,69,3
97,4641,4275.29776313931,99,2
42,4996,1122.64182181418,72,30
79,4977,3460.36592690561,79,0
13,3702,266.000540888082,73,60
4,2582,135.260186180332,75,71
62,4989,2261.46714662249,89,27
93,4727,4065.94888161194,95,2
58,1638,654.195140121257,82,24
88,8474,6825.20895086996,92,4
27,4690,583.007673573113,78,51
92,5754,4883.98289720983,95,3
72,5130,3061.83261160305,94,22
4,8366,438.259766686544,46,42
77,2498,1668.53804136594,77,0
1,4427,214.411913380704,60,59
16,1547,124.677174644207,85,69
47,3191,866.330700947422,53,6
60,8878,3781.46127313937,83,23
24,3400,375.062176525695,79,55
16,7167,577.60912131547,89,73
2,4901,242.995954825718,81,79
79,9701,6744.82818101494,82,3
27,1270,157.872013952634,73,46
91,3638,3048.24136517534,98,7
93,8077,6947.46543617086,99,6
84,4615,3504.09793621552,91,7
15,2739,212.414740293041,69,54
84,9455,7179.03488340579,94,10
6,3439,191.88596324099,67,61
55,6321,2283.68415577437,83,28
99,1820,1733.33333333333,99,0
21,2284,223.755922247489,66,45
24,7272,802.191808145546,28,4
19,7494,678.687210285569,31,12
88,7673,6180.05998112169,96,8
87,6163,4895.24095186858,87,0
64,9993,4809.78826314909,86,22
55,7013,2533.69355868465,59,4
27,9280,1153.58447990586,84,57
22,6417,653.976340510718,82,60
42,6408,1439.92970259913,80,38
98,9755,9146.69395089637,99,1
23,3299,349.777596357248,87,64
70,6013,3414.27856144781,79,9
2,1667,82.6513480298861,82,80
40,5356,1113.98206647695,68,28
69,1907,1055.10061366635,79,10
9,2730,169.072006711812,52,43
63,4150,1938.99776656616,87,24
90,7391,6113.34907394659,91,1
87,8528,6773.74895952219,93,6
95,1243,1101.86277825155,95,0
66,1345,685.763524814718,89,23
54,7853,2741.43213731446,88,34
92,2972,2522.62724548273,93,1
48,2739,771.629318197885,78,30
42,4291,964.222589552572,69,27
31,2328,339.436834273482,58,27
41,3817,825.266296204697,92,51
2,5215,258.564355114491,2,0
21,9816,961.641038870993,32,11
88,9491,7644.33067650541,88,0
86,7632,5975.15054668153,88,2
8,8798,525.761884619673,59,51
91,1971,1651.47986002215,95,4
93,1382,1188.73309802998,96,3
0,5104,329.882611809939,61,61
26,5230,624.715152089984,85,59
69,2216,1226.06342940987,79,10
3,9008,458.525436280154,71,68
42,2932,658.844239703598,90,48
18,1256,109.387139171332,82,64
60,4547,1936.73174239296,70,10
66,4389,2237.78149472996,75,9
62,2060,933.77877771945,88,26
63,3617,1689.96504136622,82,19
94,9200,8026.42253929958,95,1
72,8983,5361.48973684799,86,14
72,3983,2377.24742534405,82,10
12,6767,468.221203122729,88,76
48,8532,2403.62955197676,90,42
68,6540,3523.45372335401,78,10
83,3312,2474.1784413769,92,9
75,5266,3369.66423646407,84,9
97,1467,1351.40310677125,97,0
75,4542,2906.38339575006,85,10
72,3025,1805.46659845989,81,9
11,9394,626.115018054761,77,66
70,3478,1974.86459948702,92,22
62,5119,2320.39493356595,91,29
84,5237,3976.37289099906,84,0
63,6724,3141.64361021467,80,17
38,6534,1256.94581118028,74,36
76,4584,2997.93816472984,90,14
86,4093,3204.44066923054,89,3
21,8001,783.831494703221,90,69
24,2816,310.639732087164,69,45
45,6793,1711.23970332593,80,35
96,5022,4537.88546455876,98,2
22,5986,610.051795901069,70,48
96,4692,4239.69705290914,98,2
39,7444,1489.13247346356,80,41
57,6157,2379.329111709,84,27
6,6847,382.042218758668,58,52
59,2632,1085.84000322362,68,9
73,5834,3566.26701045415,82,9
99,3950,3761.90476190476,99,0
39,6465,1293.28874811149,62,23
0,7096,458.629900745166,30,30
26,4728,564.752053361653,58,32
12,1302,90.0877798826354,51,39
47,4250,1153.84063899296,77,30
25,2989,343.087803872562,73,48
57,2164,836.262497602447,82,25
16,1867,150.466894027624,86,70
61,6256,2749.64186315304,83,22
26,9374,1119.70933760832,37,11
93,5823,5008.67787976017,93,0
60,8675,3694.99623163821,81,21
5,3892,210.250941266985,63,58
80,9000,6377.39631057984,87,7
62,4476,2028.92903353022,84,22
6,7826,436.667504601335,90,84
36,4439,789.328129891095,50,14
60,9912,4221.87926778075,79,19
18,9565,833.031836125633,70,52
47,2497,677.915311897748,67,20
56,8766,3276.18901591242,79,23
47,7545,2048.40649910633,87,40
21,7227,708.005275868039,88,67
40,2847,592.140952811776,78,38
90,5002,4137.32540493584,92,2
91,1034,866.37756228458,91,0
24,3135,345.829389237663,81,57
43,1821,425.18652546584,59,16
87,3699,2938.09772528994,93,6
87,6065,4817.4000280842,90,3
54,7996,2791.35252387195,74,20
75,6846,4380.69148553608,86,11
92,9239,7842.04344583275,97,5
98,9252,8675.06021872816,98,0
67,6101,3198.60029856551,82,15
87,1381,1096.9215892472,91,4
32,4488,680.967743977472,88,56
3,2473,125.880706474336,82,79
17,7821,655.16859476703,61,44
91,7130,5974.15088886756,93,2
11,4765,317.589744627521,83,72
23,5825,617.597604965434,76,53
47,8878,2410.30522187753,86,39
68,6708,3613.96446120164,79,11
64,4979,2396.47110599613,83,19
20,3446,324.566418483484,84,64
44,7636,1852.18525054285,69,25
19,2746,248.688961761966,69,50
46,3137,820.495114658052,87,41
61,7901,3472.65351035361,82,21
36,4799,853.342125556965,79,43
80,9226,6537.5398179344,92,12
43,2564,598.670099557613,84,41
86,3930,3076.82673590912,87,1
46,5371,1404.80690495008,76,30
71,6498,3784.10572318353,82,11
46,7527,1968.71747785501,65,19
58,7688,3070.48366132614,75,17
58,8772,3503.41866248087,68,10
6,6903,385.166852065297,44,38
15,1693,131.295419976677,59,44
31,6037,880.232031146483,75,44
8,1994,119.15994520705,61,53
61,7481,3288.05479191942,86,25
91,8468,7095.2468060211,91,0
61,9073,3987.77183893663,80,19
32,5711,866.534488826948,75,43
67,3014,1580.16412061571,92,25
16,3268,263.377509203147,72,56
69,2802,1550.28417382963,89,20
52,9334,3038.34131387691,82,30
23,2526,267.820008608187,41,18
42,9791,2200.11730932399,48,6
7,9984,576.18235741997,81,74
83,6214,4642.07271579591,84,1
54,6165,2152.1621197687,65,11
55,6636,2397.48901403555,69,14
86,8506,6659.4117597056,97,11
56,3839,1434.78092996666,82,26
89,2219,1811.48530570393,95,6
80,8790,6228.59039666631,80,0
96,5438,4913.78358348676,97,1
11,6416,427.629758978002,68,57
77,4879,3258.92598231561,96,19
49,3939,1151.12643024231,82,33
90,5616,4645.18582049574,95,5
1,3772,182.688443025077,75,74
10,2482,159.424507740112,64,54
10,6582,422.77683720605,77,67
41,1155,249.720348995657,76,35
87,4327,3436.91507362248,91,4
53,5647,1903.99360992856,75,22
67,3953,2072.45811837887,74,7
97,5254,4839.9944941896,98,1
31,3455,503.76042199952,59,28
10,4543,291.807227503355,58,48
97,2234,2057.96492196794,97,0
65,5676,2812.65305285023,80,15
82,7123,5231.81352168237,85,3
44,8529,2068.79099029334,66,22
82,2268,1665.83645474879,82,0
72,9910,5914.76826140083,84,12
14,2120,158.238552164213,79,65
6,3708,206.895362517474,73,67
62,5550,2515.76321181697,87,25
47,9696,2632.3856083943,84,37
66,6719,3425.75845593315,79,13
43,4446,1038.09955640918,81,38
78,3200,2181.48871983361,84,6
71,1799,1047.64638288815,80,9
57,9349,3612.85493996547,83,26
97,2055,1893.06979169388,97,0
97,1558,1435.23247467594,98,1
32,2964,449.730034124159,79,47
50,8199,2484.66396206462,81,31
64,5393,2595.73582539408,64,0
97,1404,1293.36739052954,99,2
78,5196,3542.19230882982,89,11
69,6170,3413.72353766197,94,25
56,9341,3491.08847794181,67,11
39,5379,1076.04024378835,82,43
15,4987,386.751482234902,85,70
38,7822,1504.71841675117,49,11
87,8153,6475.88828177584,97,10
95,7328,6495.93760179193,95,0
98,2380,2231.58704286349,98,0
28,5112,661.319736229404,76,48
88,4111,3311.12036783413,91,3
71,6077,3538.93666971165,71,0
71,4059,2363.75579107448,89,18
77,5161,3447.28776280608,79,2
10,4995,320.840216020088,77,67
58,5658,2259.72900049211,90,32
63,3046,1423.17763782181,77,14
72,7952,4746.13897221588,91,19
18,7633,664.770727145526,63,45
35,9189,1570.61193842215,50,15
94,3742,3264.66012413685,94,0
60,4071,1733.98612783852,67,7
19,8876,803.846767880266,64,45
9,3029,187.589416970725,75,66
73,4447,2718.40750694028,85,12
24,8840,975.161658966808,76,52
63,8897,4156.93087449136,82,19
17,6066,508.151476263497,74,57
57,9324,3603.19386674918,76,19
30,6727,942.504635979865,73,43
27,2444,303.810395354518,77,50
83,1841,1375.29061309628,87,4
34,2049,336.618070066963,82,48
4,6661,348.941944286286,66,62
90,8209,6789.94487187492,95,5
78,4764,3247.69133165229,94,16
9,8667,536.757172956511,88,79
12,1539,106.486246727631,81,69
39,3497,699.556187493562,87,48
95,1444,1280.04010602996,95,0
85,1043,804.404444162498,88,3
47,8052,2186.05290004031,81,34
39,4391,878.396116466751,71,32
87,2933,2329.66764754674,92,5
58,7919,3162.7419503176,60,2
8,7864,469.946744788487,88,80
81,3462,2498.45798978209,89,8
44,8974,2176.73002074011,78,34
62,4956,2246.50855455223,90,28
10,8012,514.62899114173,83,73
5,6617,357.459012940297,63,58
53,1310,441.691451922509,82,29
88,8311,6693.92395452918,88,0
92,8399,7129.05324186051,96,4
94,5755,5020.8762732249,98,4
60,9790,4169.91505564704,86,26
63,7647,3572.89540263408,93,30
84,4343,3297.57255405937,87,3
55,6746,2437.23039311088,77,22
80,5330,3776.8358150434,87,7
12,3241,224.250763901399,91,79
91,8551,7164.79162001493,92,1
83,9163,6845.07761423204,90,7
43,2384,556.641777435783,79,36
15,8816,683.697827828935,90,75
50,4459,1351.27657114845,63,13
4,5821,304.937855831027,82,78
94,1803,1573.00433025621,98,4
74,1792,1121.1561296761,77,3
32,4738,718.900439163383,73,41
2,5443,269.868798636275,86,84
35,6537,1117.3240005948,70,35
42,2663,598.397752500233,86,44
55,9485,3426.79073208668,67,12
57,2185,844.377799104135,69,12
51,8670,2723.56497203812,76,25
58,6297,2514.93699471524,81,23
32,5532,839.374679073836,67,35
5,1138,61.4762515832036,76,71
11,1239,82.5799986555087,71,60
30,3410,477.767326994402,76,46
95,1546,1370.45845146975,95,0
68,3812,2053.73174211399,90,22
28,7683,993.920096527878,81,53
21,6938,679.692902168597,79,58
91,3089,2588.24012562579,98,7
75,6074,3886.69589295153,87,12
88,6987,5627.53539529484,95,7
42,1799,404.249927430687,75,33
10,9481,608.986203821112,64,54
53,5912,1993.34340745486,75,22
51,5593,1756.96642313832,78,27
88,4609,3712.22422168512,91,3
40,3194,664.312681166425,76,36
8,2891,172.763992775116,87,79
21,9535,934.112398699564,22,1
47,6394,1735.91930487553,87,40
0,1370,88.5460772295487,78,78
66,1746,890.217928867285,87,21
78,5966,4067.11303203979,78,0
78,2894,1972.88386099952,80,2
63,4178,1952.08016113576,94,31
68,3498,1884.56286304164,70,2
56,6090,2276.06560653737,71,15
26,3208,383.190479522881,44,18
37,8502,1572.55774620582,81,44
5,9071,490.027309412338,55,50
58,5844,2334.01489552419,93,35
28,5646,730.401257971678,87,59
73,4205,2570.47527921832,82,9
89,3738,3051.52414273155,89,0
46,4615,1207.07202873666,88,42
58,5200,2076.80996863891,81,23
8,4451,265.988423328275,66,58
14,7437,555.10382662512,87,73
32,9237,1401.53722172904,81,49
74,8857,5541.33919673057,83,9
84,5273,4003.70713275502,97,13
67,2329,1221.03591138487,86,19
87,1144,908.673640911513,92,5
52,1387,451.486972610593,63,11
94,9523,8308.2197654076,97,3
12,3063,211.934615806845,64,52
20,4967,467.823969996362,73,53
33,3200,505.234227168026,76,43
49,1683,491.836959151514,69,20
42,2952,663.338402320949,76,34
5,8521,460.315588524146,76,71
92,3707,3146.49367395844,93,1
58,9379,3745.84628766622,85,27
23,6382,676.653719294318,90,67
80,2409,1707.0164124652,83,3
9,6147,380.690705222531,85,76
97,8120,7480.15898226485,98,1
49,6091,1780.02312429701,59,10
40,2666,554.49518096108,69,29
96,9382,8477.58690332342,96,0
88,6787,5466.44951021412,89,1
98,4280,4013.10611069569,98,0
24,4180,461.105852316884,72,48
71,2821,1642.80736305028,91,20
49,7661,2238.83716224584,58,9
70,5664,3216.11072210883,84,14
66,1980,1009.52548634434,83,17
10,5909,379.548515808348,63,53
49,4974,1453.59300939966,77,28
29,6309,849.390498446786,44,15
25,1831,210.168540947026,72,47
10,2180,140.026360545304,74,64
96,2814,2542.73391024857,96,0
99,9175,8738.09523809524,99,0
64,2292,1103.1756928988,69,5
73,9002,5502.83435517796,82,9
82,8905,6540.68502184213,83,1
43,3798,886.797596770598,67,24
53,9798,3303.58232514255,81,28
26,3011,359.659143966146,72,46
35,9422,1610.43700988285,74,39
90,3615,2990.09023167595,98,8
52,6750,2197.21489915033,74,22
57,1816,701.780358431629,69,12
32,2045,310.289446620751,80,48
26,1567,187.175648819313,75,49
97,5340,4919.21785286876,97,0
9,1044,64.6561080612205,75,66
22,7623,776.883534940502,73,51
64,5191,2498.5100444318,86,22
22,1711,174.37330818355,89,67
94,5180,4519.22486451868,95,1
69,8955,4954.60199023711,77,8
80,4790,3394.1920364086,88,8
46,9124,2386.4193261524,90,44
34,7447,1223.42350794957,74,40
44,9385,2276.42202414151,57,13
41,6843,1479.51198976388,85,44
20,3736,351.880481559575,72,52
98,1621,1519.91705734526,98,0
75,2660,1702.10916615921,84,9
85,1509,1163.80278642494,96,11
84,2960,2247.48209993455,89,5
2,4581,227.130069181109,68,66
43,2215,517.181852776955,63,20
7,8861,511.373384324755,69,62
93,5652,4861.59151234836,96,3
18,6410,558.25761312758,85,67
51,4868,1529.21733378103,67,16
42,6497,1459.92872624634,88,46
47,1026,278.550704848654,90,43
95,4311,3821.50477638169,96,1
69,9765,5402.7569441279,75,6
38,3425,658.867371180358,92,54
5,3925,212.033644520276,76,71
74,5523,3455.43822779078,84,10
35,3870,661.472216965253,47,12
49,8837,2582.50933334636,86,37
99,1725,1642.85714285714,99,0
52,1475,480.132144629145,93,41
54,3693,1289.20271018748,88,34
16,5902,475.6591368779,78,62
32,9255,1404.26837578242,70,38
44,2255,546.971940803315,77,33
16,3190,257.09126510344,87,71
18,8805,766.842165926419,87,69
19,8395,760.285445736236,89,70
22,2026,206.475933594314,83,61
71,8859,5159.03241023129,90,19
75,7074,4526.58655692116,89,14
74,7471,4674.19500268422,86,12
64,8969,4316.92093787493,80,16
69,8662,4792.49161802723,85,16
1,6319,306.046731568255,26,25
11,4729,315.190325780388,52,41
69,8575,4744.35645631303,88,19
68,7676,4135.47871260938,69,1
41,1724,372.742754691354,88,47
11,6572,438.027240648913,71,60
61,5518,2425.27554361868,89,28
91,1308,1095.95923739674,98,7
11,9569,637.778859672771,89,78
97,8504,7833.90049078575,97,0
27,1989,247.249949410858,44,17
31,5365,782.250264552076,49,18
69,5192,2872.6179266679,75,6
21,7746,758.849988497832,88,67
34,1267,208.14792326737,45,11
8,8623,515.30401580762,72,64
88,1797,1447.35667745024,90,2
16,4177,336.636430826667,26,10
45,2233,562.519984914883,89,44
24,2248,247.982286126401,78,54
12,4336,300.015832235873,87,75
46,1261,329.819681091426,59,13
58,3728,1488.91299290113,83,25
59,3597,1483.95383419277,73,14
90,4799,3969.41715679471,94,4
85,9436,7277.43081027548,87,2
45,2152,542.11509517995,91,46
96,5448,4922.81959596099,96,0
99,2623,2498.09523809524,99,0
71,8636,5029.16851729963,88,17
46,3192,834.880588456647,51,5
41,1837,397.174269354998,69,28
4,1597,83.6601538845818,75,71
91,2403,2013.44804852016,97,6
52,7667,2495.71061211638,91,39
6,6154,343.374881589141,68,62
55,7470,2698.80092447944,79,24
57,1543,596.281438909693,64,7
5,8766,473.550809647068,35,30
94,1061,925.65590371705,96,2
11,3072,204.750408288719,61,50
4,3948,206.819215739717,80,76
31,7698,1122.41612982701,79,48
84,4008,3043.21224883029,90,6
2,4938,244.830447853376,85,83
77,8467,5655.52906174755,82,5
2,7072,350.636072745864,60,58
36,5303,942.961719489182,82,46
24,3876,427.570881239293,71,47
88,2245,1808.18906003104,93,5
74,9272,5800.98193881516,94,20
52,6486,2111.27938309467,76,24
8,7992,477.595928833874,82,74
24,6587,726.627810816105,71,47
30,5745,804.918854423119,87,57
91,8726,7311.42225192963,92,1
69,5316,2941.22436405365,84,15
33,4046,638.805525975572,72,39
49,8024,2344.91964363146,82,33
36,2008,357.055842491849,80,44
7,8808,508.314723973868,78,71
91,4415,3699.28137087661,93,2
47,8658,2350.57700056496,82,35
63,3632,1696.97346702851,83,20
38,7005,1347.55209784479,64,26
9,1427,88.3757339112659,90,81
65,4580,2269.54738936822,74,9
95,4935,4374.65230142511,95,0
13,2777,199.536332265317,68,55
47,9060,2459.71675041794,75,28
88,2441,1966.05322741015,94,6
80,5025,3560.71294007374,94,14
79,8158,5672.02435838778,83,4
92,9161,7775.83721260676,93,1
0,3433,221.882250459154,27,27
92,9962,8455.724299966,99,7
94,9957,8686.85752432673,95,1
47,1513,410.767267481495,69,22
4,8781,459.999881816226,90,86
95,7967,7062.3819423412,97,2
72,6302,3761.33900941958,96,24
33,2407,380.030870247949,85,52
17,5303,444.234632150564,41,24
16,4321,348.241804549204,87,71
11,2105,140.299352033774,57,46
87,9296,7383.7676275467,88,1
31,4596,670.125296529607,78,47
52,2735,890.278925803873,65,13
88,4946,3983.65393804612,89,1
40,9105,1893.72791547286,83,43
22,3792,386.45446208768,47,25
69,7436,4114.17313226165,72,3
99,7561,7200.95238095238,99,0
66,9909,5052.21618393238,79,13
73,3619,2212.25922366019,80,7
45,3075,774.630073270607,49,4
54,9254,3230.51228813294,76,22
66,6397,3261.58309906301,81,15
26,2267,270.789531508221,67,41
2,4324,214.387779772782,73,71
38,4868,936.457332235323,84,46
28,5150,666.235649761626,49,21
21,8036,787.260328888275,83,62
55,6907,2495.3973206666,89,34
91,9070,7599.65617980768,91,0
78,4090,2788.21527003733,80,2
58,7239,2891.15910826482,74,16
79,3195,2221.39223155785,89,10
32,1326,201.195015266071,77,45
32,3546,538.03734851696,85,53
22,5172,527.094535315791,86,64
2,9774,484.603644657533,47,45
63,5863,2739.35997719937,85,22
10,9329,599.222897948228,80,70
82,7345,5394.87158735884,90,8
90,8054,6661.739066644,92,2
20,5983,563.517377187082,74,54
14,1653,123.381286192191,79,65
85,8911,6872.52924442188,85,0
94,2484,2167.13408561089,94,0
69,7660,4238.10734173269,75,6
85,8972,6919.57495016868,90,5
29,8098,1090.24635543225,76,47
47,2162,586.965520353596,58,11
36,4103,729.581733936284,53,17
11,8862,590.656939536012,66,55
63,2232,1042.85373854835,79,16
32,9898,1501.83126780058,86,54
48,4713,1327.74332846536,73,25
37,6016,1112.73904977349,90,53
73,5498,3360.87350419556,83,10
94,9578,8356.20381319689,97,3
40,6145,1278.08435371562,91,51
36,6635,1179.8135034529,91,55
4,3164,165.748733181476,85,81
71,5670,3301.92050637898,78,7
52,5587,1818.64290985969,77,25
39,6669,1334.09785942081,83,44
82,7405,5438.94133483896,87,5
2,8814,437.005987723705,77,75
97,3763,3466.48254313579,97,0
62,4476,2028.92903353022,68,6
36,5578,991.861299511721,80,44
47,2322,630.404226762743,54,7
56,4913,1836.17575121808,80,24
32,7373,1118.71104642288,76,44
51,5008,1573.19646827761,91,40
88,7764,6253.35405883342,89,1
6,4446,248.073565736971,44,38
52,8777,2857.03039553221,66,14
48,9038,2546.17954650328,83,35
92,6235,5292.25466877013,92,0
31,6425,936.804836858731,50,19
76,4123,2696.44394702904,84,8
14,8864,661.616286029994,58,44
3,2262,115.140379314577,89,86
88,3301,2658.72253325723,90,2
54,2018,704.4709096015,83,29
32,3790,575.059659018409,86,54
86,6079,4759.29509607928,89,3
5,5386,290.958779461454,66,61
9,3861,239.116123778134,83,74
35,4788,818.379580059337,79,44
7,2663,153.68325498892,71,64
76,9290,6075.66438707247,86,10
39,1526,305.268156166764,86,47
53,4856,1637.2928935387,92,39
36,4774,848.896709191279,77,41
98,8280,7763.6725692898,99,1
91,7812,6545.59140867228,98,7
5,3146,169.951043480456,85,80
89,2418,1973.93937322763,92,3
43,6503,1518.38988199031,73,30
56,7636,2853.86485575031,90,34
82,1631,1197.96263566811,88,6
83,6399,4780.27410820374,85,2
72,1487,887.513663441274,87,15
14,1535,114.57366866607,79,65
67,7584,3976.09976468134,77,10
23,2025,214.701313314164,86,63
66,6585,3357.43703413005,70,4
2,5091,252.416324427205,74,72
1,1988,96.2843649877657,70,69
38,6993,1345.24365742022,79,41
26,3641,434.911638386163,70,44
49,1867,545.608795446153,49,0
99,5564,5299.04761904762,99,0
92,3217,2730.5827216413,98,6
81,6856,4947.84170362392,85,4
12,9860,682.231574226409,80,68
21,2812,275.482335096295,73,52
67,7244,3797.84634696092,86,19
30,8476,1187.55303918022,82,52
45,4933,1242.68297607932,84,39
18,6863,597.710140233165,79,61
38,1536,295.48037434541,77,39
81,2744,1980.29137029522,81,0
91,1907,1597.85494320763,93,2
84,4515,3428.16948689341,91,7
64,6450,3104.4865703304,74,10
97,1631,1502.48020936872,98,1
22,4689,477.870509685952,82,60
49,9020,2635.98893140027,62,13
40,3600,748.755683218263,80,40
71,3034,1766.84776302537,72,1
50,4597,1393.09674760471,75,25
78,3166,2158.31040218538,83,5
89,9250,7551.25690750852,89,0
48,6440,1814.27265761022,75,27
18,6931,603.632373882568,65,47
2,1801,89.2951876435662,81,79
46,3532,923.808971938871,89,43
93,5119,4403.1293262051,97,4
85,6530,5036.20423814105,90,5
61,5714,2511.42161222131,89,28
54,3917,1367.39967934047,59,5
82,8190,6015.52053103729,89,7
20,1000,94.1864244003146,56,36
3,3905,198.772405492229,63,60
56,5411,2022.29737224528,92,36
6,2684,149.759210624838,89,83
85,8331,6425.20941928837,91,6
49,3723,1088.00297024426,63,14
47,3582,972.484039734774,76,29
66,3306,1685.60164538101,77,11
75,7279,4657.76414303493,87,12
13,1744,125.311978203353,67,54
93,6461,5557.45625641945,99,6
5,8888,480.141409553176,80,75
94,7708,6724.746188361,94,0
37,4860,898.921506299725,84,47
8,3747,223.917911078644,75,67
47,4654,1263.52337267606,92,45
32,4743,719.659093067101,87,55
74,7952,4975.13032543768,76,2
68,4550,2451.3324833732,75,7
45,5658,1425.31933481792,92,47
84,1264,959.735599431509,87,3
6,7085,395.32191031184,71,65
38,6616,1272.72015408153,77,39
16,2191,176.578984903334,72,56
14,1968,146.893146537345,51,37
29,7793,1049.1837302894,80,51
80,3633,2574.34231070406,91,11
13,7829,562.53869114338,88,75
43,8398,1960.85471766179,91,48
43,2320,541.698374014689,64,21
39,8747,1749.79066971867,68,29
36,2751,489.173616880019,77,41
23,8870,940.444764985992,75,52
18,2802,244.030863023944,76,58
2,3153,156.32855449204,72,70
88,5159,4155.21040565709,90,2
9,4947,306.373339634921,55,46
34,9603,1577.619974062,82,48
32,9804,1487.56857441068,68,36
1,2837,137.403794502159,37,36
62,2842,1288.2520807178,80,18
57,3205,1238.54958632895,70,13
72,3373,2013.16986334056,93,21
91,5124,4293.34490246246,91,0
5,3527,190.533162859367,88,83
72,6646,3966.65488045105,84,12
67,4463,2339.8382449595,83,16
27,6357,790.230230469996,64,37
33,3754,592.70290274649,63,30
65,9165,4541.5724505589,68,3
38,4795,922.414319652501,58,20
48,7608,2143.32086631965,87,39
72,9417,5620.52196948654,76,4
56,3952,1477.01334598287,68,12
93,9057,7790.41654765376,95,2
64,3076,1480.52723881183,72,8
91,7210,6041.1820348857,91,0
32,4918,746.211979697239,87,55
44,1862,451.64601054358,84,40
27,4407,547.82831928288,70,43
38,4319,830.846182811084,80,42
78,5801,3954.63001992337,89,11
96,1910,1725.8783825781,96,0
75,7901,5055.77613602404,91,16
57,6568,2538.15715538488,59,2
64,4746,2284.32453686637,73,9
63,7861,3672.88227541605,93,30
57,7113,2748.7685515001,76,19
59,6922,2855.6931999673,79,20
49,1839,537.426124705665,86,37
28,6411,829.366359344036,88,60
52,7169,2333.60497955684,79,27
7,7803,450.315598452326,77,70
21,4538,444.572843764932,72,51
9,2811,174.088428888976,80,71
63,1520,710.187133778449,93,30
20,8311,782.783373191014,76,56
15,3211,249.019251946315,90,75
35,8594,1468.91272160191,67,32
12,1064,73.6201211944117,82,70
70,8243,4680.50859504644,89,19
80,3891,2757.16100494068,89,9
28,9745,1260.6730887237,77,49
70,3518,1997.5772458296,91,21
10,4012,257.699889223742,50,40
6,6337,353.585736859016,43,37
46,6639,1736.45746452496,70,24
99,3511,3343.80952380952,99,0
4,7471,391.374458153858,67,63
64,1329,639.668628212263,74,10
16,7668,617.986150725133,81,65
56,1030,384.950340678735,90,34
75,2898,1854.40314418399,79,4
69,4910,2716.5936093874,81,12
77,4356,2909.58835395917,77,0
84,8484,6441.76964048807,88,4
45,4841,1219.50705193594,66,21
11,4267,284.397783908842,85,74
20,7929,746.804159070094,33,13
37,3759,695.276942835528,83,46
93,6715,5775.93542204869,94,1
72,8882,5301.20804215561,83,11
27,4310,535.770378059727,89,62
54,3052,1065.4337047095,78,24
48,7761,2186.42392790573,51,3
64,5242,2523.05714754604,88,24
96,7098,6413.76165420909,96,0
81,7488,5403.94379765693,84,3
10,3509,225.391054657555,67,57
16,8068,650.223299954404,84,68
67,4913,2575.76188606005,78,11
50,5662,1715.83941373458,82,32
46,1800,470.797324317658,82,36
97,3741,3446.21610254345,98,1
91,1574,1318.83779790709,91,0
6,3907,217.998970160671,35,29
22,4928,502.227739759516,75,53
59,3754,1548.72468544889,74,15
97,4664,4296.48540557676,99,2
4,6320,331.078379806235,74,70
52,1839,598.618992524067,69,17
75,8846,5660.47281347534,81,6
31,2741,399.654794992962,87,56
6,1561,87.0991534222698,64,58
86,7134,5585.26257861977,92,6
58,5471,2185.04371892759,81,23
38,3763,723.888443139178,82,44
64,8805,4237.98515531149,82,18
37,4314,797.931559295682,81,44
44,3784,917.845598226051,82,38
65,9858,4884.97776515108,69,4
21,9384,919.319428358334,56,35
41,9628,2081.65153258025,80,39
36,6903,1227.46836689305,74,38
66,5240,2671.67350931533,84,18
10,6332,406.718768336175,77,67
99,3129,2980,99,0
87,1212,962.685710476183,89,2
21,3917,383.735528652983,91,70
88,9431,7596.00491098119,89,1
5,3071,165.899445177521,90,85
4,9432,494.103050369052,69,65
84,8337,6330.15481998457,88,4
62,2625,1189.88800558911,72,10
10,1775,114.012288976107,90,80
13,5308,381.396777696904,73,60
96,6690,6045.09234526047,96,0
99,2428,2312.38095238095,99,0
35,9676,1653.85146546661,86,51
34,1202,197.469458379936,76,42
45,4520,1138.64322965305,85,40
98,3767,3532.095962381,99,1
54,1334,465.690878795045,84,30
26,1648,196.850969530458,80,54
32,5975,906.59141494327,68,36
26,6379,761.961368103635,73,47
29,7166,964.769743520316,87,58
82,7472,5488.15255285844,83,1
7,3832,221.146914426415,83,76
40,2415,502.290270825585,65,25
39,3738,747.766951344276,74,35
35,2671,456.53547584346,82,47
9,6043,374.249866871605,48,39
28,2304,298.059599427337,64,36
49,9322,2724.24488010125,72,23
55,8718,3149.68493435231,79,24
68,3678,1981.53865359267,80,12
56,9003,3364.76496808801,87,31
45,3047,767.576531140012,67,22
76,1865,1219.71088072015,82,6
97,2804,2583.04997367865,97,0
56,5251,1962.49926107188,66,10
36,9044,1608.17382445034,82,46
41,2686,580.734941473884,64,23
43,4404,1028.29294791409,52,9
12,1588,109.876647045795,66,54
9,9664,598.502517532217,24,15
0,8061,520.999947844811,52,52
73,4020,2457.38659273666,74,1
13,8597,617.721947599902,81,68
62,7689,3485.35195237129,88,26
59,3130,1291.29149319527,88,29
4,3520,184.398084955371,71,67
69,2315,1280.8379237743,77,8
10,2432,156.212893966137,74,64
48,4694,1322.3906606867,81,33
37,3730,689.913007921394,85,48
28,1963,253.945743782927,36,8
52,6295,2049.10633928167,57,5
86,8791,6882.54041612649,91,5
7,4222,243.654037763132,67,60
48,9853,2775.78082227228,83,35
43,9275,2165.62604266648,56,13
78,2754,1877.4437295068,85,7
89,2630,2147.00601802675,89,0
80,2184,1547.58150470071,81,1
23,9687,1027.06746769101,80,57
47,4201,1140.53753515516,57,10
73,7690,4700.82161645396,80,7
66,4301,2192.91369533688,85,19
95,9600,8509.96192374488,96,1
74,9953,6227.04629389854,93,19
67,1405,736.60603499173,80,13
19,4835,437.877323422835,20,1
24,7184,792.484316517822,82,58
65,4921,2438.52460765961,88,23
48,9272,2612.10187598788,67,19
62,3420,1550.25408728181,70,8
86,1187,929.311281303849,93,7
22,4387,447.092754530235,72,50
50,1588,481.235074003978,81,31
22,4688,477.76859658941,30,8
40,5432,1129.78913090045,69,29
46,9993,2613.7098121702,86,40
9,2204,136.496228129243,72,63
49,8770,2562.92937121734,61,12
29,9790,1318.04295130671,70,41
11,6967,464.354197443849,83,72
11,8911,593.922815189054,57,46
28,4380,566.623717661344,84,56
88,6473,5213.54467063739,88,0
58,1372,547.958322494728,78,20
16,2524,203.416411636703,67,51
99,3489,3322.85714285714,99,0
70,3829,2174.16807114313,81,11
17,3144,263.374256737955,76,59
33,7845,1238.61328504161,46,13
64,6253,3009.6673681048,87,23
45,9345,2354.11968608579,73,28
81,8164,5891.7998349454,95,14
96,4572,4131.26490321837,97,1
79,6165,4286.34839047079,81,2
49,6152,1797.84965698165,83,34
8,9557,571.119155638806,81,73
87,5531,4393.24642297341,94,7
22,5895,600.777704115736,55,33
21,3837,375.898193372861,80,59
50,8968,2717.70538014337,82,32
32,9404,1426.87626211322,77,45
72,8684,5183.03204662006,80,8
33,3357,530.022281438457,73,40
17,6451,540.403094852591,68,51
91,4460,3736.98639051182,96,5
81,7860,5672.4089542713,89,8
44,8631,2093.53207142945,73,29
72,6708,4003.6594851137,86,14
37,9284,1717.19902561454,74,37
21,4348,425.959172474641,90,69
92,4868,4131.9479915915,96,4
84,1908,1448.71481306592,85,1
34,9435,1550.02024942986,84,50
40,6362,1323.2176823985,60,20
33,5868,926.473264069367,81,48
35,7780,1329.78135606968,46,11
64,6723,3235.88576935368,76,12
11,2115,140.965857269089,68,57
59,2506,1033.85830094164,78,19
63,3950,1845.552091069,85,22
81,1301,938.90636762175,94,13
78,6017,4101.88050851213,95,17
54,9294,3244.47603262455,71,17
31,2470,360.141314714563,78,47
27,6865,853.379036051049,71,44
79,8591,5973.0768893,80,1
79,1573,1093.66196564648,97,18
89,3676,3000.91031264879,90,1
86,9253,7244.24371179825,88,2
30,6920,969.545426041425,75,45
1,6179,299.26614248461,68,67
81,2838,2048.12933997735,81,0
51,7596,2386.18218311437,56,5
77,8175,5460.48778549501,83,6
72,3844,2294.28548908424,84,12
88,8416,6778.49404419656,93,5
83,1457,1088.42934453084,92,9
98,5843,5478.63995439134,98,0
17,9100,762.310984833139,86,69
51,4891,1536.44247730547,77,26
65,6702,3321.07131081787,82,17
34,3734,613.436736764294,77,43
82,5787,4250.52714445822,94,12
73,5350,3270.40255501023,79,6
84,4794,3640.0098605021,85,1
85,6099,4703.79933360218,89,4
88,8169,6579.55297612187,89,1
11,5841,389.305707947398,89,78
47,5939,1612.39048352452,89,42
36,4228,751.808815764711,92,56
31,9571,1395.51114296886,85,54
15,6800,527.353133987836,90,75
59,1143,471.548299272266,62,3
39,3161,632.341180631155,59,20
69,7658,4237.00078629098,83,14
35,7234,1236.45736886993,78,43
11,1898,126.502693662757,58,47
8,3693,220.690911559497,87,79
85,5705,4399.93034894252,87,2
94,4037,3522.02910773396,95,1
1,3131,151.643031577814,70,69
62,9190,4165.74124623386,66,4
29,8358,1125.25056047206,75,46
83,1159,865.813047571204,88,5
0,8688,561.524320416291,76,76
57,4470,1727.39989107345,58,1
78,1953,1331.38983432345,78,0
65,5995,2970.72851512282,72,7
29,1792,241.259751659002,81,52
61,1845,810.915798835896,78,17
99,1624,1546.66666666667,99,0
30,4668,654.022839416383,87,57
69,1943,1075.01861161705,74,5
90,4218,3488.85217073558,99,9
64,4966,2390.21400128074,92,28
75,2196,1405.19989807731,77,2
74,1170,732.004839130041,79,5
61,6075,2670.08860592307,65,4
33,5451,860.634928841534,82,49
76,4089,2674.20793097302,96,20
87,5367,4262.98201990567,97,10
82,9414,6914.54337963187,87,5
13,5034,361.709001304863,32,19
20,3998,376.557324752458,60,40
11,6497,433.028451384052,84,73
60,1719,732.184267687157,62,2
95,1736,1538.88478121053,97,2
96,5524,4991.49329076515,97,1
92,7115,6039.19678721723,93,1
2,8326,412.810512115676,36,34
2,6156,305.21997508817,66,64
45,2415,608.368008763745,78,33
19,9068,821.235071106157,51,32
46,5437,1422.06947350839,68,22
46,1776,464.520026660089,68,22
72,2093,1249.20383159555,82,10
56,1244,464.930314373152,79,23
2,3021,149.783876663639,90,88
13,4452,319.890439771405,62,49
67,8682,4551.75344896669,92,25
70,9912,5628.19376369045,79,9
89,9039,7379.00661480751,93,4
74,1334,834.610645640576,77,3
69,4138,2289.46320888902,82,13
32,2872,435.770802295744,68,36
72,3236,1931.40162400536,89,17
22,4100,417.84369582265,61,39
92,1311,1112.77399691382,96,4
41,2203,476.306431893882,50,9
4,6438,337.259906517807,46,42
3,6179,314.523609100252,82,79
77,7409,4948.83841012018,83,6
62,4574,2073.35151907222,77,15
74,7074,4425.81387350932,75,1
30,9963,1395.8932196027,48,18
45,6162,1552.28309316861,78,33
89,3440,2808.25121749506,91,2
76,4315,2822.01203769835,80,4
25,9561,1097.44479519089,77,52
30,5003,700.958925792666,86,56
84,4041,3068.26863710659,85,1
26,1669,199.359386011125,61,35
97,5391,4966.19914696919,97,0
79,7069,4914.87376678637,87,8
19,6570,595.006001010967,76,57
38,1565,301.059105371463,39,1
64,2403,1156.60174085332,71,7
95,6222,5515.51907182715,98,3
27,2144,266.517793633423,70,43
68,6084,3277.78172062474,70,2
33,9571,1511.12399632037,65,32
59,1329,548.283193117096,84,25
52,3766,1225.88315706669,90,38
53,2791,941.038810928032,87,34
35,1451,248.0093505986,85,50
32,5215,791.276021578101,38,6
12,2781,192.422516016597,65,53
0,8865,572.964215065656,62,62
0,3048,196.998863792456,76,76
37,1348,249.330491870788,81,44
44,4803,1165.01384996821,72,28
82,9892,7265.63236789021,94,12
99,9705,9242.85714285714,99,0
93,1232,1059.70996872137,95,2
86,5972,4675.52398647564,96,10
66,2777,1415.88498766578,84,18
98,7682,7202.96288372998,98,0
58,9477,3784.98616784442,80,22
80,7985,5658.16772666445,95,15
35,5726,978.705404223008,72,37
81,1411,1018.29122576041,88,7
98,5099,4781.03459309283,98,0
24,1849,203.967636587062,42,18
2,2106,104.417359898584,72,70
35,6786,1159.88384091117,57,22
71,5179,3015.98700221107,73,2
49,9613,2809.28620815419,86,37
70,6717,3814.02113707715,94,24
64,7686,3699.39283404022,87,23
94,9489,8278.55689950149,96,2
60,3262,1389.40377032897,85,25
48,2817,793.603428026084,86,38
30,7602,1065.09889144031,60,30
14,4647,346.855920710896,75,61
31,4165,607.28282420492,80,49
26,4726,564.51315655397,78,52
30,3338,467.679571116514,79,49
69,4803,2657.39289325615,87,18
72,3504,2091.35701190197,90,18
21,9707,950.962669551827,88,67
89,8624,7040.22049409226,92,3
72,7235,4318.19862474621,84,12
24,4452,491.11082643894,79,55
17,6937,581.115527668954,79,62
36,7791,1385.36955620219,90,54
46,8108,2120.68039198198,63,17
16,1901,153.207051712112,33,17
60,6496,2766.8813280371,81,21
33,4143,654.120438486603,65,32
1,6751,326.969692169218,74,73
6,7158,399.395093015123,59,53
73,5175,3163.42677050055,73,0
90,3518,2909.85821162821,90,0
44,3730,904.747378801049,79,35
27,9463,1176.33296695573,55,28
66,5150,2625.78598720877,85,19
50,1595,483.356387302484,74,24
3,4190,213.279482461573,13,10
20,5393,507.947386790896,85,65
29,6151,828.118712307209,72,43
45,5493,1383.7538186912,53,8
0,5473,353.731883706073,13,13
27,3206,398.533603726098,74,47
34,9515,1563.16297544517,58,24
72,2339,1396.02855332155,72,0
67,3528,1849.64134622834,67,0
40,3211,667.848471892734,88,48
72,7650,4565.89073660104,90,18
83,6200,4631.61423204613,85,2
96,6120,5530.03963422931,98,2
88,2296,1849.26596072663,92,4
21,2645,259.12189769904,73,52
46,2717,710.642405650598,73,27
92,5649,4794.8591217133,94,2
89,7942,6483.46836318191,90,1
23,6019,638.166520907631,91,68
57,8269,3195.49657702155,62,5
93,1418,1219.69864906404,96,3
94,6083,5307.03568549558,94,0
65,4280,2120.88708002096,85,20
3,2451,124.760861936352,84,81
1,9094,440.447693761942,87,86
92,2841,2411.43472557754,98,6
37,2492,460.928476069736,60,23
4,7210,377.701759240973,79,75
18,6429,559.912354882561,75,57
93,8557,7360.3394499584,95,2
16,1956,157.639659731137,61,45
87,7419,5892.87564853367,97,10
10,3885,249.542390237846,56,46
52,2322,755.841925307712,82,30
15,3400,263.676566993918,70,55
12,3416,236.359336466269,78,66
5,2755,148.828710994487,66,61
30,8692,1217.81630681388,83,53
80,5135,3638.65889498083,86,6
53,3764,1269.10429392086,89,36
72,9995,5965.50038069639,77,5
64,8326,4007.43491233657,80,16
97,5153,4746.95310783384,97,0
14,4619,344.765977569104,73,59
24,8085,891.875793297132,87,63
42,9327,2095.85273660145,65,23
3,3220,163.904518741352,70,67
17,8105,678.959399128856,80,63
40,1597,332.156340583213,84,44
51,1032,324.18904857478,84,33
93,2642,2272.52738422229,93,0
67,6137,3217.47418985356,76,9
50,2790,845.494871833185,89,39
88,1116,898.859238750399,92,4
14,9171,684.531019763208,74,60
77,2305,1539.62377315792,85,8
99,1963,1869.52380952381,99,0
52,8660,2818.94533728027,77,25
9,1273,78.838338660856,70,61
29,2419,325.673738428083,83,54
55,2951,1066.15281501189,64,9
97,3308,3047.33570361233,99,2
39,5692,1138.6542233953,78,39
14,1898,141.668288682866,80,66
11,4284,285.530842808878,82,71
52,5667,1844.6839753311,78,26
40,6885,1431.99524415493,64,24
63,6193,2893.54534176969,71,8
56,1258,470.162649100824,88,32
76,9941,6501.4186944981,89,13
70,6707,3808.34297549151,92,22
69,1113,615.798103309201,82,13
13,7981,573.460377317067,67,54
89,7236,5907.12378191693,89,0
30,2911,407.853574451819,83,53
42,8104,1821.03469255046,67,25
32,9837,1492.57569017522,84,52
90,5403,4469.00623008164,93,3
95,6985,6191.88375389146,95,0
72,9873,5892.6848682957,93,21
71,1333,776.271611111673,85,14
2,7857,389.557073467796,89,87
46,6836,1787.98361613084,79,33
61,6561,2883.69569439692,67,6
10,5139,330.089663689135,67,57
88,6440,5186.96549959908,94,6
61,3287,1444.70473212661,83,22
92,5703,4840.69420625438,96,4
85,9488,7317.53534632194,91,6
42,3421,768.726515697821,79,37
59,2324,958.773619867669,72,13
75,5365,3433.01341219706,88,13
19,1950,176.599954637958,83,64
32,4028,611.171584835396,54,22
28,9620,1244.5023205256,83,55
58,3777,1508.48293299022,89,31
23,1439,152.570464127942,85,62
82,8248,6058.12128693474,91,9
50,5766,1747.35606845525,85,35
91,4554,3815.74798708315,95,4
71,3192,1858.85895173928,87,16
48,5203,1465.78581328353,81,33
56,4163,1555.87210509279,61,5
18,2875,250.388555029921,90,72
19,4806,435.250965123091,85,66
22,2873,292.796326365481,77,55
28,6960,900.388373270081,67,39
27,5955,740.258144163729,74,47
12,5995,414.805100150844,77,65
82,2416,1774.54183186643,93,11
30,8434,1181.66851491812,89,59
66,8766,4469.44465317905,66,0
12,3617,250.266896955063,74,62
56,8214,3069.8855323642,63,7
71,2789,1624.17218558924,77,6
38,4631,890.865633849996,73,35
55,4696,1696.5956012524,92,37
48,6665,1877.65951288386,77,29
3,8524,433.888856444498,57,54
22,1304,132.894677890911,79,57
43,2925,682.960234479726,72,29
2,4136,205.066571956574,31,29
72,3339,1992.87701562234,83,11
56,5155,1926.62039436784,66,10
0,3693,238.68661548082,80,80
7,7041,406.34014208674,59,52
55,2507,905.742157653274,72,17
88,1298,1045.44739417385,93,5
20,6085,573.124392475914,79,59
31,7453,1086.69361075613,80,49
96,6812,6155.33169744608,96,0
47,3247,881.534248190623,73,26
17,2338,195.855283795591,49,32
43,4464,1042.30238862137,77,34
12,3697,255.80224441329,90,78
47,1499,406.966380670694,78,31
71,2608,1518.7669630752,89,18
19,6985,632.590093921097,25,6
56,6255,2337.73240868494,71,15
79,7003,4868.98585214386,83,4
60,2633,1121.48992252489,88,28
95,2484,2201.95264776899,99,4
10,2596,166.746987144774,86,76
50,2427,735.489625067792,90,40
65,3994,1979.16425177657,69,4
2,4742,235.112592896053,80,78
99,7961,7581.90476190476,99,0
21,7992,782.949794484207,75,54
17,2373,198.787249121872,69,52
71,5991,3488.8546302851,88,17
74,5335,3337.81693740065,82,8
90,5970,4937.99133695862,90,0
70,1726,980.050689682174,88,18
38,7582,1458.5496082597,76,38
29,9666,1301.34863813388,74,45
59,2739,1129.98319484404,75,16
91,2439,2043.61206422833,93,2
81,8215,5928.6055419006,96,15
99,6509,6199.04761904762,99,0
43,2444,570.65121814306,71,28
17,4239,355.102886231613,58,41
49,7004,2046.83663808509,51,2
67,7094,3719.20513326074,89,22
9,4217,261.163608902458,44,35
89,2187,1785.36203856445,96,7
9,5543,343.284297876767,79,70
38,5019,965.505207577873,83,45
56,7012,2620.65222217407,87,31
64,9876,4753.47432071054,69,5
85,2943,2269.76249201364,93,8
27,9434,1172.72801545602,55,28
34,9946,1633.96941185262,54,20
75,5346,3420.85548958164,89,14
21,6940,679.8888355506,90,69
57,6613,2555.54708717421,73,16
37,2441,451.495349151776,67,30
30,5902,826.915766545735,75,45
57,7389,2855.42679980799,71,14
56,1071,400.273606666918,79,23
56,8079,3019.43087606165,90,34
42,1089,244.70715451474,76,34
38,1616,310.8699771759,47,9
49,6556,1915.91390623727,73,24
17,1418,118.78648093334,88,71
27,2519,313.133545784791,72,45
86,5966,4670.82654107731,90,4
78,5144,3506.74311713253,97,19
47,1922,521.807460739876,81,34
61,6032,2651.18921332148,81,20
61,6225,2736.01671964957,85,24
93,5683,4888.25629240547,96,3
97,7472,6883.22018663583,97,0
23,9581,1015.82878166074,82,59
51,2421,760.524890115835,89,38
90,8713,7206.82052243223,98,8
47,6642,1803.24929980971,72,25
92,8068,6848.10114958098,92,0
17,3501,293.280303066024,79,62
43,9431,2202.0505885054,79,36
87,5604,4451.22996824136,96,9
20,4733,445.784346686689,58,38
76,1069,699.126504820287,83,7
44,1051,254.930159549572,87,43
39,7458,1491.93309874949,65,26
93,3914,3366.64352075928,99,6
40,8366,1740.02501272333,86,46
79,4260,2961.8563087438,82,3
34,6864,1127.64589211305,60,26
58,9014,3600.07020332907,89,31
83,1829,1366.32619845361,83,0
44,5916,1434.98270589464,88,44
73,1310,800.790158329608,82,9
4,7273,381.002065875118,65,61
53,6252,2107.98088352636,83,30
45,7653,1927.88421162275,66,21
47,3579,971.669563989603,79,32
20,6347,597.801235668796,85,65
0,4920,317.990291948452,81,81
96,8492,7673.38179311688,98,2
91,1063,890.676352716159,99,8
53,3450,1163.23321307836,74,21
48,5462,1538.75112668742,79,31
97,5899,5434.1696842833,98,1
24,9180,1012.66787661938,76,52
95,8921,7908.05940851335,99,4
69,7919,4381.40627143357,82,13
46,1620,423.717591885892,79,33
41,8306,1795.82443182505,91,50
95,6768,5999.52315624014,95,0
54,7043,2458.66631135945,69,15
68,2578,1388.9088224475,79,11
31,6144,895.833294577438,34,3
0,5413,349.853953316458,78,78
24,1760,194.149832554478,90,66
69,5177,2864.31876085511,79,10
12,7743,535.752442113092,81,69
73,7902,4830.41513825997,80,7
12,5971,413.144495913376,74,62
71,6305,3671.7123091216,74,3
49,1201,350.978127118816,74,25
76,6138,4014.25489858459,81,5
17,5512,461.742653670358,84,67
26,9953,1188.86996343243,70,44
82,1483,1089.25725855046,87,5
87,1664,1321.70711405311,97,10
34,3401,558.730139725593,84,50
85,7104,5478.89661680766,92,7
89,5229,4268.70512101211,92,3
37,7351,1359.66501909656,82,45
51,3928,1233.92885930401,78,27
13,1281,92.0439472927155,50,37
57,7276,2811.75874887034,92,35
48,4826,1359.57761578057,64,16
34,1279,210.119332169666,77,43
55,5114,1847.61284173867,85,30
61,5933,2607.67665826199,77,16
85,2114,1630.40363850385,85,0
73,3761,2299.06243166233,95,22
44,4358,1057.07481952144,82,38
80,9565,6777.75507896624,91,11
99,8559,8151.42857142857,99,0
43,2116,494.066275609949,64,21
82,9437,6931.43678283259,85,3
21,8538,836.439607771041,72,51
56,8780,3281.42135064009,87,31
63,5121,2392.67652110489,65,2
42,2084,468.291744727933,65,23
80,1920,1360.5112129237,81,1
41,2927,632.841092216701,77,36
52,7229,2353.1357786604,79,27
24,7320,807.48680357885,62,38
65,4525,2242.29299932123,84,19
73,7959,4865.25867950027,87,14
27,2685,333.768785403797,77,50
65,3235,1603.05366912799,89,24
0,8751,565.596147325387,81,81
21,6656,652.066295306167,73,52
60,9146,3895.61216536751,77,17
64,5494,2644.34871587522,64,0
3,7819,398.002929204543,40,37
13,8826,634.176330058944,80,67
20,7347,691.987660069111,31,11
77,3458,2309.76963452498,85,8
13,1416,101.744129091714,53,40
25,5705,654.839719335218,87,62
21,6466,633.452624015876,88,67
86,3774,2954.69315555242,97,11
95,2590,2295.91681067701,96,1
27,3954,491.516490684028,62,35
50,9619,2914.98751690445,86,36
82,1843,1353.67574343122,88,6
29,9079,1222.31991367861,83,54
60,1031,439.140186146282,65,5
6,3077,171.68744079457,76,70
66,9245,4713.6682430573,81,15
3,8444,429.816694488191,90,87
57,3314,1280.67186555199,71,14
71,7221,4205.14426394403,91,20
23,9830,1042.22909129789,84,61
13,1708,122.725263056954,65,52
4,1966,102.990521313142,35,31
84,8167,6201.07645613698,90,6
95,8151,7225.48954587964,96,1
61,2624,1153.3024694555,69,8
55,4360,1575.20375244048,70,15
58,4412,1762.09338108363,82,24
16,9064,730.49380153529,78,62
55,6580,2377.25703923356,75,20
49,6540,1911.23809438556,84,35
94,2097,1829.50087662079,98,4
95,9441,8369.01567938286,97,2
42,5795,1302.18361837734,92,50
43,2713,633.460210647349,67,24
4,1354,70.9303997243104,74,70
15,5684,440.805178468656,81,66
52,5278,1718.05929447636,59,7
93,1878,1615.36957894377,96,3
22,6505,662.944693006423,78,56
28,8666,1121.08701763772,74,46
50,7382,2237.07639565325,86,36
53,1382,465.967623325883,78,25
17,7394,619.398617786399,81,64
32,4667,708.127553730584,43,11
93,2255,1939.64771060608,93,0
83,9952,7434.48787698759,87,4
96,2949,2664.72007865069,99,3
7,1891,109.130692896751,76,69
17,4831,404.694985464713,67,50
78,1937,1320.48239072428,88,10
9,6570,406.887576592163,55,46
2,6062,300.559371180066,74,72
12,9207,637.049300598636,76,64
86,2220,1738.05479738378,95,9
84,4729,3590.65636844273,85,1
64,6028,2901.37132495374,82,18
81,6619,4776.80341836154,88,7
72,3911,2334.27433605839,84,12
81,5378,3881.19788245178,84,3
60,4418,1881.78597710405,82,22
95,6239,5530.58879606712,98,3
2,3227,159.997540547356,49,47
58,6374,2545.68975771239,81,23
77,4986,3330.3965869698,92,15
83,1226,915.864362659444,90,7
90,7405,6124.92895312873,91,1
6,8990,501.615239760542,85,79
22,3320,338.351480519804,74,52
13,6839,491.404024617394,76,63
56,6254,2337.35867049011,90,34
9,8946,554.03596045563,74,65
12,5907,408.716217946795,27,15
98,5050,4735.09015397506,99,1
17,3389,283.898014021924,22,5
39,4103,820.783253441831,86,47
66,1773,903.984185499253,86,20
38,2356,453.223803357934,91,53
64,8046,3872.66650308192,88,24
97,7249,6677.79217517708,97,0
68,2509,1351.73476940294,73,5
84,3569,2709.88635630622,89,5
64,1791,862.03650348244,84,20
58,1698,678.158332067091,61,3
67,1762,923.77212359817,82,15
25,4220,484.386260402212,72,47
92,1424,1208.68815530532,94,2
74,9970,6237.68226164658,93,19
32,6744,1023.27238533513,83,51
87,9968,7917.53396206815,92,5
22,2988,304.516332467824,74,52
1,1080,52.3074015024079,75,74
98,3227,3025.76949047079,99,1
86,3084,2414.48693474395,86,0
12,5263,364.156670908072,72,60
46,5962,1559.38535976771,77,31
2,4867,241.310204475978,60,58
0,2971,192.022186459116,59,59
84,1318,1000.73696206545,89,5
95,6239,5530.58879606712,95,0
94,5053,4408.42533598704,94,0
64,7705,3708.53783323964,94,30
10,6940,445.77199182771,80,70
92,6223,5282.06909442767,92,0
56,9514,3555.74518564804,79,23
31,2663,388.281911370397,71,40
88,4006,3226.55027816675,89,1
54,3846,1342.61403286787,56,2
80,1359,962.986842897556,81,1
70,4394,2494.98420073202,90,20
13,8793,631.805174508077,38,25
82,9374,6885.16354797845,84,2
35,3436,587.291611755197,80,45
63,4270,1995.06517186446,72,9
65,7568,3750.20407046697,69,4
68,4397,2368.90306140483,84,16
89,3322,2711.92166991819,93,4
76,6918,4524.37526692867,89,13
16,5767,464.779099013021,87,71
57,8644,3340.41267526597,90,33
70,5537,3143.99806997115,76,6
33,3110,491.024514528925,78,45
14,2278,170.031802750037,73,59
53,9280,3128.92875865716,80,27
21,3303,323.583980378045,82,61
45,1485,374.089645140439,53,8
99,4063,3869.52380952381,99,0
84,5774,4384.10866385881,86,2
50,6654,2016.45981260861,88,38
86,1090,853.369247364108,96,10
15,3462,268.484786744983,67,52
18,4035,351.414893755037,91,73
49,6443,1882.89098503458,68,19
94,8220,7171.43405141767,97,3
34,3013,494.987918551371,61,27
20,3102,292.166288489776,67,47
90,5444,4502.91873340079,91,1
50,2668,808.523411487791,54,4
64,6675,3212.78261348146,67,3
37,3267,604.275012568149,81,44
66,4982,2540.12927927653,84,18
34,1209,198.619446906275,74,40
82,6862,5040.11012014382,90,8
41,2407,520.412883145063,55,14
65,3163,1567.37519488465,80,15
43,2564,598.670099557613,70,27
98,3806,3568.66398535229,98,0
54,7423,2591.3218840297,79,25
87,6621,5259.02812628945,88,1
78,5998,4088.92791923812,83,5
50,1742,527.903966571114,86,36
75,1592,1018.70593703965,75,0
26,8311,992.735684325021,59,33
35,2837,484.90870272104,59,24
37,5658,1046.52219807487,88,51
90,8814,7290.36107938915,91,1
23,6994,741.541227318154,90,67
57,3464,1338.63830484976,93,36
75,8775,5615.0405763335,80,5
67,9375,4915.07585626154,78,11
17,5896,493.910501821559,82,65
61,1819,799.488259123303,70,9
52,8972,2920.50549261877,80,28
32,3771,572.17677418428,74,42
43,8830,2061.72269075418,79,36
93,1439,1237.76188716725,98,5
40,5415,1126.25334017414,57,17
31,7998,1166.15798991379,77,46
36,1028,182.795520956983,73,37
96,6292,5685.45904878608,98,2
14,3566,266.169187272446,83,69
69,9693,5362.9209482265,77,8
53,6405,2159.56774775853,71,18
0,5957,385.013855515636,57,57
47,3204,869.860095843165,85,38
24,5189,572.411068821128,88,64
97,5412,4985.54438571643,97,0
10,6499,417.445558341251,76,66
52,2285,743.797932527185,80,28
84,2852,2165.47937466667,93,9
12,4330,299.600681176506,47,35
9,4378,271.134522118796,61,52
75,6848,4381.97126686402,84,9
1,7595,367.846957787767,82,81
69,2357,1304.07558805012,90,21
12,2283,157.964978089137,72,60
6,1214,67.7375863258395,63,57
12,2692,186.26444196932,74,62
41,9072,1961.43983211135,64,23
1,3181,154.064670536259,72,71
6,8744,487.889172020709,75,69
12,3871,267.841625134932,74,62
69,2647,1464.52612709744,74,5
27,9344,1161.54023493969,58,31
70,7398,4200.70394105952,88,18
99,6303,6002.85714285714,99,0
65,1183,586.217153192709,73,8
49,6530,1908.31571197824,69,20
23,8401,890.718880569032,79,56
24,7764,856.465511336912,73,49
6,1666,92.9578408721983,54,48
70,2030,1152.66680188576,91,21
42,6697,1504.87035241985,77,35
43,7206,1682.5338289439,82,39
98,5125,4805.4132750737,99,1
75,1106,707.71907435041,88,13
8,5138,307.043028321878,50,42
46,3471,907.854173725884,86,40
94,1089,950.084146227961,96,2
28,7588,981.630312697324,77,49
74,7252,4537.17871228295,91,17
81,2533,1828.01677877471,94,13
34,7464,1226.21633722782,78,44
78,1416,965.308758526372,89,11
6,3959,220.900415373969,79,73
32,6294,954.993534000492,60,28
34,4228,694.593069908794,60,26
17,5507,461.323801480889,86,69
65,3525,1746.75863483035,75,10
79,1216,845.450063716541,80,1
27,2690,334.390328765815,74,47
20,8290,780.805458278608,79,59
0,8374,541.229818043971,75,75
65,7669,3800.25304128055,88,23
63,7862,3673.34950379353,84,21
10,6747,433.375162660167,31,21
99,9084,8651.42857142857,99,0
2,4939,244.880028746015,89,87
84,2993,2272.53848821084,94,10
71,6510,3791.09391473143,71,0
58,3797,1516.47066363884,80,22
48,3921,1104.62159790212,70,22
8,4523,270.291089353805,74,66
54,5061,1766.76277180039,88,34
6,7954,443.809523587914,69,63
97,3845,3542.02109443453,97,0
57,4989,1927.96377104372,70,13
22,7902,805.317288875751,56,34
28,2223,287.58094163497,69,41
85,3533,2724.79472792532,97,12
53,3120,1051.96742747956,71,18
12,2660,184.050302986029,72,60
87,5855,4650.59804854625,96,9
0,5924,382.880993801348,79,79
62,3108,1408.8273986175,86,24
34,8086,1328.40103199681,61,27
50,7693,2331.32331505831,83,33
57,4771,1843.71921259763,86,29
75,2270,1452.55180721106,91,16
29,5245,706.142520899254,74,45
46,8457,2211.9627620858,66,20
48,9828,2768.73783835298,72,24
41,3595,777.268099254882,64,23
22,3246,330.809911375688,86,64
23,1227,130.093092067397,60,37
89,4048,3304.59329314535,95,6
4,6348,332.545182754743,65,61
16,2817,227.030123447144,89,73
48,6807,1917.66366154546,87,39
81,4270,3081.57585683695,96,15
88,4253,3425.49134624144,94,6
24,6204,684.378159754534,34,10
98,7101,6658.19310561918,98,0
93,3337,2870.33455001884,95,2
26,1643,196.253727511251,73,47
57,1646,636.085060560826,74,17
31,2937,428.232810249664,83,52
42,2625,589.858843527267,86,44
34,1060,174.141119702772,54,20
13,1443,103.684165451513,75,62
40,8197,1704.87509315003,72,32
88,2834,2282.58699159375,91,3
59,9515,3925.44362867507,94,35
0,7736,499.994491567729,78,78
95,2512,2226.77337004658,97,2
98,1536,1440.21752010014,99,1
5,5340,288.473799168987,46,41
76,3141,2054.21548329329,79,3
25,8353,958.786358563905,85,60
60,2863,1219.45524048187,61,1
77,3172,2118.73605572968,79,2
49,8833,2581.34038038343,89,40
28,3977,514.489160990677,87,59
34,2066,339.410899345215,48,14
46,9620,2516.15014440882,85,39
42,5442,1222.8616481811,79,37
13,4849,348.41615958031,79,66
57,4739,1831.35303888078,65,8
80,3206,2271.77028574655,86,6
72,3905,2330.69324528458,74,2
13,3334,239.558563835998,30,17
44,9263,2246.82975062577,86,42
35,4001,683.863136971054,73,38
77,6504,4344.34404365254,84,7
16,6764,545.13019346698,78,62
97,2152,1982.42637066921,97,0
97,4379,4033.9428797214,97,0
48,9523,2682.81343453759,64,16
85,5547,4278.07425864753,86,1
32,8612,1306.70548376426,85,53
22,5621,572.853515663198,67,45
20,3371,317.50243665346,80,60
35,8074,1380.03273379262,44,9
52,2459,800.437249927504,92,40
59,1577,650.596384910204,61,2
50,9345,2831.95325350577,79,29
91,8683,7275.39301094488,98,7
35,8678,1483.27025809418,91,56
41,6558,1417.89268286885,80,39
59,3688,1521.49617472976,68,9
95,1248,1106.29505008684,96,1
87,8969,7124.03311655189,94,7
56,3976,1485.98306265888,77,21
98,5398,5061.38943587274,98,0
47,4089,1110.13044066876,61,14
91,7753,6496.15593848389,91,0
48,3904,1099.832368837,85,37
26,3879,463.340358500392,76,50
67,3547,1859.60256663037,91,24
34,5414,889.433983085669,66,32
99,2243,2136.19047619048,99,0
69,5874,3249.95333228953,84,15
62,4815,2182.59457025202,82,20
40,1904,396.008561346548,64,24
39,5712,1142.65511666092,82,43
33,8872,1400.76189482335,84,51
71,5424,3158.6625796472,90,19
18,5091,443.383698663418,85,67
92,4907,4165.05110820449,93,1
80,4676,3313.41168314126,88,8
80,9254,6557.38060645621,82,2
5,7223,390.195927228014,78,73
87,5014,3982.59583525378,91,4
2,2443,121.126120718063,51,49
47,2766,750.946637048126,90,43
81,1817,1311.2935203449,83,2
85,5799,4472.42701025726,89,4
79,3340,2322.20658948458,83,4
51,6557,2059.79417781476,76,25
89,1414,1154.32186672617,96,7
55,6010,2171.32443857047,82,27
71,3126,1820.42389822587,80,9
99,9594,9137.14285714286,99,0
10,8263,530.751292287084,79,69
38,6800,1308.11624059166,75,37
59,3425,1412.99468504594,74,15
98,9609,9009.79827515769,98,0
11,1250,83.3131544143551,89,78
54,4437,1548.92835773135,80,26
76,3872,2532.2898284978,81,5
75,3113,1991.97963693746,78,3
18,5168,450.089757354655,65,47
18,1653,143.96253268329,82,64
74,5865,3669.40887307495,82,8
72,1877,1120.28456373858,84,12
53,6734,2270.49636431006,81,28
94,4867,4246.15201073599,96,2
80,9032,6400.0714974619,94,14
39,6273,1254.88017276154,75,36
47,6629,1799.71990491396,80,33
2,9675,479.695136286232,78,76
26,6456,771.158895199415,82,56
76,5935,3881.49280272068,76,0
72,4213,2514.52257167323,72,0
6,7402,413.00956670829,89,83
58,8988,3589.68615348587,75,17
44,4848,1175.92903282238,63,19
91,5810,4868.13697956809,95,4
87,1454,1154.90513451516,88,1
34,3756,617.050986418503,52,18
67,2243,1175.94828219676,69,2
46,2684,702.011121371441,71,25
35,4853,829.489578535497,42,7
24,8541,942.178249913519,76,52
30,2834,397.0652799713,67,37
24,8672,956.629174950244,81,57
91,4855,4067.95267397644,93,2
31,1876,273.53243174272,87,56
24,8021,884.81579938606,48,24
38,1249,240.270174191027,59,21
47,2486,674.928900832119,69,22
17,5021,420.611368664526,65,48
2,4645,230.303246310031,80,78
11,2920,194.619528711933,76,65
15,1939,150.373195118002,89,74
18,4933,429.623214595687,58,40
36,3058,543.763329850635,81,45
57,2705,1045.32812200306,78,21
92,3762,3193.17755636138,99,7
73,5933,3626.78473997677,81,8
51,3944,1238.95504610362,72,21
83,6105,4560.64594945833,87,4
37,6351,1174.70174619538,76,39
1,7509,363.681738779242,77,76
4,6449,337.836150533292,84,80
13,6540,469.919918262575,60,47
3,8059,410.219415073464,83,80
2,8418,417.371954238501,76,74
35,9042,1545.48624956068,59,24
41,2819,609.490618024899,88,47
93,4440,3819.0846275348,94,1
68,4481,2414.15843032864,80,12
40,6659,1384.990026264,81,41
68,4410,2375.90686850018,85,17
88,9253,7452.63847325936,93,5
91,1313,1100.14868402288,92,1
21,7866,770.605991418015,78,57
52,4222,1374.31723025373,68,16
71,4123,2401.02614599657,90,19
19,7673,694.898180480541,35,16
72,8626,5148.41483580661,72,0
19,5107,462.510752992848,77,58
59,2750,1134.52127996389,82,23
38,3580,688.684726664432,83,45
18,6195,539.532903794908,54,36
16,9610,774.497510233246,68,52
37,8669,1603.44661278031,67,30
41,2691,581.815981945727,73,32
1,1543,74.7317782576068,51,50
37,5453,1008.60472713012,86,49
7,8436,486.846390944999,84,77
19,9026,817.431379775493,79,60
90,4468,3695.63572755965,91,1
50,9712,2943.17067929889,90,40
35,7518,1284.99951605808,87,52
24,4714,520.012676512391,83,59
63,4452,2080.10073656688,69,6
40,6162,1281.62014444193,73,33
26,8129,970.996074825905,69,43
5,3386,182.916158049848,86,81
71,8912,5189.89692290115,74,3
12,8637,597.609949958773,63,51
37,3964,733.19441378027,50,13
60,9462,4030.20799351709,67,7
70,5802,3294.46935199071,93,23
28,8231,1064.81274430834,65,37
14,5546,413.958023727701,78,64
59,5834,2406.83532629431,76,17
67,5719,2998.32734100904,86,19
19,1885,170.71328948336,77,58
49,7698,2249.64997715291,80,31
20,1758,165.579734095753,81,61
75,7936,5078.17230926298,90,15
50,3508,1063.08100730853,54,4
55,3599,1300.26566629204,56,1
38,2422,465.920225693088,87,49
72,6666,3978.59184969706,73,1
18,5780,503.389860199285,55,37
12,1909,132.087228721929,80,68
77,7937,5301.51578635766,81,4
2,9729,482.37250448876,8,6
89,7700,6285.91115543952,89,0
13,2371,170.363933669811,78,65
95,4788,4244.34350946776,97,2
61,7003,3077.96386951099,76,15
3,9790,498.330819403054,88,85
52,1258,409.495754537942,87,35
44,8528,2068.54843067436,90,46
99,3442,3278.09523809524,99,0
13,5390,387.288739974814,60,47
44,6498,1576.15240414188,57,13
95,5129,4546.62444863412,96,1
96,8656,7821.57239769426,98,2
31,4772,695.787187780523,85,54
22,5434,553.795766609824,83,61
19,1982,179.498005175607,55,36
8,3890,232.463483879351,73,65
15,5146,399.082239338441,84,69
98,1160,1087.66427299229,98,0
71,1446,842.077081520989,89,18
85,8015,6181.49723869839,95,10
99,8779,8360.95238095238,99,0
2,5727,283.949772145866,82,80
18,1063,92.5784466075847,58,40
98,2915,2733.22530670045,98,0
55,3494,1262.33071353831,72,17
67,4118,2158.96345344907,86,19
64,1486,715.235200544336,79,15
91,3274,2743.24965079276,91,0
35,9537,1630.09316103298,69,34
59,6642,2740.17830600734,72,13
11,6157,410.367273383347,54,43
82,4464,3278.78921252142,85,3
73,1528,934.05142131881,90,17
18,3973,346.015210133522,66,48
48,1078,303.693466599971,55,7
95,8607,7629.71273725752,95,0
89,1072,875.129449172879,93,4
44,1294,313.87214696208,47,3
2,1927,95.5423801161311,53,51
18,6310,549.548445996105,44,26
95,7691,6817.72053703353,96,1
6,8509,474.776871537536,76,70
74,1505,941.595968282659,86,12
5,6274,338.929703368207,81,76
84,3140,2384.15330871435,88,4
45,6475,1631.1316176999,56,11
2,6201,307.451115256943,85,83
14,1661,123.978412804131,71,57
56,1904,711.597522963409,66,10
31,5243,764.461908116782,91,60
40,2529,526.00086746083,74,34
39,5264,1053.03510751104,56,17
12,3591,248.46790903114,79,67
10,7296,468.638681898411,83,73
4,5167,270.677529819433,80,76
96,9273,8379.09436735431,98,2
74,5330,3334.68871159241,78,4
70,2594,1472.91511531608,82,12
12,8442,584.117540529346,64,52
17,6448,540.15178353891,72,55
20,8478,798.512506065867,60,40
93,1783,1533.65493038166,95,2
63,3824,1786.68131550578,67,4
81,1485,1071.69558487187,91,10
18,8860,771.632207848731,69,51
69,5720,3164.7485632782,75,6
9,1772,109.741976517704,90,81
82,6502,4775.69163526306,85,3
94,5251,4581.16790802849,97,3
17,2319,194.26364547561,87,70
28,3255,421.086803878465,67,39
59,5255,2167.96702771282,71,12
52,1679,546.536861581244,73,21
80,2222,1574.50828912316,88,8
14,5539,413.435537942253,61,47
19,1265,114.563560316419,67,48
90,4799,3969.41715679471,97,7
75,2365,1513.34142028817,80,5
73,9202,5625.0923946176,79,6
62,3501,1586.97063145427,71,9
25,3720,426.994523387732,79,54
32,1996,302.854638364313,88,56
64,8619,4148.46042630662,73,9
25,5738,658.627573978174,76,51
2,7084,351.231043457536,81,79
59,3392,1399.38042968637,86,27
25,6407,735.417718103549,75,50
69,9736,5386.71189022317,80,11
47,5532,1501.89327409625,61,14
0,4129,266.866242978691,76,76
10,8481,544.753928341615,76,66
61,5158,2267.0480706751,64,3
81,8891,6416.46157918907,90,9
45,7793,1963.15192227572,64,19
48,5623,1584.10794312768,87,39
33,5312,838.688817098923,63,30
34,3568,586.165580282539,88,54
2,3176,157.468915022746,71,69
65,8460,4192.22072359283,81,16
82,6244,4586.19172109851,90,8
38,7187,1382.56344428415,79,41
90,6475,5355.69412174322,91,1
98,4501,4220.32490753302,99,1
11,5360,357.246806128754,72,61
75,2961,1894.71625601407,83,8
89,6720,5485.88609929267,94,5
33,8912,1407.07732266295,79,46
39,3651,730.363065638831,77,38
80,1715,1215.24829696049,90,10
3,5139,261.585503668263,81,78
35,2134,364.749796125026,71,36
85,2403,1853.29230999279,90,5
2,9115,451.929836408166,33,31
70,2311,1312.22314244235,70,0
96,2265,2046.6568254133,97,1
8,9162,547.514251748743,89,81
10,2595,166.682754869295,70,60
59,2479,1022.71936473836,87,28
70,9200,5223.90865879258,88,18
47,8430,2288.67684393192,69,22
81,3081,2223.49770841092,82,1
89,2333,1904.54944488836,89,0
87,7254,5761.81695032527,87,0
48,5805,1635.38086606014,72,24
86,2583,2022.25024398302,86,0
76,2294,1500.27708330939,81,5
60,9818,4181.84126826789,74,14
15,5283,409.706853949667,82,67
49,7582,2215.75034122803,88,39
16,5780,465.826806362972,77,61
63,2688,1255.90987868189,94,31
87,2532,2011.15529614331,87,0
40,3687,766.850612229371,83,43
48,9588,2701.12519272776,77,29
23,3641,386.038262605862,74,51
7,3928,226.687129401607,63,56
18,9688,843.744111697348,72,54
45,9551,2406.01360318945,60,15
58,5172,2065.62714573086,84,26
3,8057,410.117611024556,80,77
74,2263,1415.83500081306,75,1
42,7695,1729.12906702564,57,15
90,4733,3914.82629779315,92,2
49,1210,353.608271285402,88,39
73,9862,6028.54392476839,74,1
38,4714,906.832346786629,80,42
33,8533,1347.23864388274,89,56
12,5841,404.149556293758,88,76
96,5824,5262.57366499207,96,0
0,8277,534.960497247426,76,76
38,5082,977.624519806884,70,32
4,8073,422.910721546793,88,84
76,2890,1890.06136476205,83,7
58,8224,3284.55484270892,89,31
75,1678,1073.73653414104,76,1
62,6713,3042.94025962654,67,5
7,9443,544.960937611857,48,41
85,3169,2444.06297560015,89,4
77,1082,722.721441456342,85,8
51,8041,2525.97300347849,77,26
47,6991,1897.99997816466,83,36
99,4379,4170.47619047619,99,0
80,1340,949.523450686332,82,2
20,8515,801.997403768678,77,57
12,2431,168.205370886856,85,73
70,8775,4982.58679140271,75,5
94,6095,5317.50493228597,97,3
66,8328,4246.12537892712,76,10
82,5725,4204.98840539542,83,1
36,2674,475.481734473708,75,39
78,4152,2830.48161398411,93,15
90,6409,5301.10326274167,90,0
62,5231,2371.16348847109,73,11
0,9041,584.339477541861,69,69
78,1955,1332.75326477335,81,3
52,1528,497.384350503955,67,15
71,7586,4417.70175685908,87,16
92,7151,6069.75351024462,95,3
17,2360,197.698233429254,59,42
56,6252,2336.61119410044,71,15
60,5359,2282.5919083976,84,24
41,9433,2039.49095417839,82,41
26,8249,985.32988328686,84,58
28,3291,425.743985119517,82,54
35,1885,322.189955808657,72,37
49,2478,724.166360533245,56,7
87,2433,1932.52007721828,95,8
42,6180,1388.69624876134,78,36
93,1590,1367.64517067125,94,1
7,3203,184.846964224375,70,63
6,2753,153.609205234791,63,57
65,9207,4562.38489386752,70,5
98,8967,8407.83235855333,98,0
1,1522,73.71468989506,86,85
73,8175,4997.29736209507,81,8
78,5551,3784.20121368636,80,2
50,9916,3004.99180971249,50,0
18,1259,109.648414185277,39,21
44,4793,1162.5882537784,71,27
82,3564,2617.74300031952,90,8
56,5200,1943.43861313536,83,27
86,5598,4382.71655664612,86,0
10,9446,606.738074179329,68,58
35,3118,532.938080748749,83,48
79,4288,2981.32390889517,93,14
71,1021,594.57863086648,78,7
15,2297,178.136786583832,68,53
83,3053,2280.69649200594,83,0
3,2412,122.775682982652,68,65
62,5007,2269.62637866082,84,22
17,1275,106.807308314533,70,53
35,6678,1141.42415113539,90,55
21,2242,219.641321225425,85,64
29,2050,275.994693583121,86,57
33,6434,1015.83656799971,90,57
21,3541,346.900052836409,90,69
38,8629,1659.96103530374,69,31
90,2175,1799.01694436934,94,4
13,3125,224.541245347179,66,53
19,4848,439.054656453755,72,53
16,1595,128.54563255172,91,75
29,7571,1019.29552444771,70,41
82,5569,4090.40706194709,92,10
72,4964,2962.75576686112,94,22
49,1210,353.608271285402,70,21
13,5615,403.455709639811,87,74
10,6605,424.254179542078,88,78
0,2908,187.95035955002,63,63
76,3672,2401.4897340506,94,18
57,7232,2794.75526000966,72,15
4,2203,115.405960555876,74,70
90,7350,6079.43657062744,91,1
49,9566,2795.5510108398,68,19
57,7249,2801.32478979674,81,24
51,9400,2952.88474477028,53,2
66,3883,1979.79164821974,72,6
42,8254,1854.74091218059,88,46
54,9171,3201.53751831286,83,29
25,2831,324.952014975987,81,56
64,6088,2930.25026979402,83,19
19,3944,357.184728765183,77,58
3,1862,94.7795695330426,82,79
65,8996,4457.82714295994,74,9
92,9697,8230.79286657,93,1
10,5758,369.849442210944,89,79
12,5380,372.252116565728,81,69
65,1480,733.3908594465,81,16
1,4427,214.411913380704,72,71
63,7572,3537.85327432264,72,9
45,1032,259.973409956184,69,24
88,3743,3014.72233928561,88,0
99,6501,6191.42857142857,99,0
44,1355,328.668283719952,90,46
31,3134,456.956631706656,71,40
1,6860,332.248865098628,78,77
88,7149,5758.01496221022,90,2
26,9276,1108.00339403187,53,27
41,2858,617.922733705272,87,46
98,9157,8585.98426533655,98,0
49,9723,2841.43241463468,75,26
27,4551,565.728768109006,58,31
64,4501,2166.40217876854,93,29
11,4387,292.39584673262,31,20
53,6998,2359.5089927891,76,23
92,2668,2264.59269547373,93,1
13,7978,573.244817721533,56,43
25,6615,759.292680701572,77,52
41,3034,655.975358314134,63,22
22,4910,500.393304021758,76,54
96,3710,3352.36062793966,99,3
77,6788,4534.04172329543,88,11
27,9825,1221.33270636585,67,40
30,2613,366.101473735006,87,57
14,3791,282.96337323327,61,47
61,9764,4291.48068283669,74,13
12,5037,348.519314338583,80,68
72,4234,2527.05638938154,78,6
46,9736,2546.4904164204,85,39
66,6517,3322.76646187176,69,3
52,1730,563.138040819269,93,41
38,5902,1135.36794881941,50,12
10,8248,529.787808154892,59,49
30,7883,1104.46916090817,73,43
78,2094,1427.51168104112,86,8
82,3468,2547.23140435132,95,13
55,9537,3445.57756583138,68,13
88,9417,7584.72889902554,88,0
50,9129,2766.49558600901,83,33
49,8580,2507.40410547831,86,37
54,4304,1502.49890729676,81,27
98,8963,8404.08179209474,99,1
32,6872,1042.69392527032,74,42
79,6929,4817.53576602953,91,12
71,6232,3629.20081053859,75,4
23,7401,784.693540660803,40,17
63,3190,1490.45852417977,92,29
39,4026,805.379814369196,75,36
46,7858,2055.29187471564,77,31
89,8272,6752.86455555789,91,2
6,5389,300.690158739662,65,59
71,2408,1402.29710394367,77,6
69,4433,2452.6801365406,74,5
24,6213,685.370971398278,71,47
14,7909,590.334296729605,82,68
72,1924,1148.33644146672,80,8
97,1123,1034.50967205461,99,2
28,4701,608.150250394059,68,40
21,8575,840.064375338098,54,33
6,2418,134.917202418353,82,76
29,3317,446.572877373275,64,35
0,4474,289.164342718979,87,87
14,4447,331.927755412385,77,63
95,3587,3179.71181463259,98,3
76,2287,1495.69908000374,80,4
52,3419,1112.93003558444,81,29
85,8213,6334.20297210604,87,2
20,6899,649.79214193777,66,46
86,7445,5828.74683176677,91,5
44,1927,467.412385777379,46,2
40,5625,1169.93075502854,91,51
16,2826,227.755459304803,59,43
97,3838,3535.57268151878,98,1
6,2280,127.217213198447,76,70
61,6462,2840.18313933743,85,24
52,3709,1207.32889791831,86,34
28,4965,642.302912828441,83,55
45,1446,364.265068601397,84,39
38,6990,1344.66654731407,74,36
55,2235,807.472565757905,64,9
96,3593,3246.63928199116,97,1
46,7318,1914.05267742035,87,41
28,7694,995.343124129311,78,50
84,9003,6835.83829246984,88,4
69,6449,3568.08802177991,86,17
4,2408,126.145053571743,90,86
29,9729,1309.83042627814,81,52
77,1716,1146.2014727718,79,2
39,1275,255.05694568324,68,29
31,5408,788.519931164516,56,25
0,7966,514.859891394587,66,66
85,7847,6051.92873762524,86,1
46,5700,1490.85819367258,71,25
72,4421,2638.66705183179,83,11
28,6927,896.119290465783,87,59
0,4250,274.686735931082,81,81
27,7495,931.693499665348,71,44
43,9889,2308.98931923761,89,46
87,3349,2660.09442606001,89,2
41,3909,845.157440886602,83,42
45,4831,1216.98792974644,85,40
30,6360,891.085102546743,87,57
20,3855,363.088666063213,86,66
57,4322,1670.20633763298,68,11
95,7463,6615.60894134459,95,0
46,7952,2079.87795720779,86,40
69,9532,5273.84323516919,75,6
87,3148,2500.44110278797,94,7
23,7741,820.742156229601,69,46
70,8585,4874.70172127547,92,22
27,7062,877.867844514568,72,45
68,8352,4499.67668156769,95,27
6,5158,287.801046349819,88,82
94,4740,4135.35248220435,94,0
10,9575,615.024037716184,60,50
99,4749,4522.85714285714,99,0
66,4593,2341.79321150483,86,20
90,3818,3157.99847981708,90,0
95,5509,4883.47710811568,95,0
12,9510,658.014429096669,90,78
88,3979,3204.80368368086,90,2
53,4412,1487.58983655123,89,36
13,7500,538.898988833229,70,57
67,7420,3890.11870436914,83,16
38,8641,1662.26947572831,82,44
13,7102,510.301415825812,74,61
55,5572,2013.08149279778,78,23
23,5532,586.532180372323,76,53
75,5938,3799.67076265166,88,13
28,1504,194.566682959512,89,61
52,6558,2134.71634201894,82,30
66,9706,4948.71432851424,79,13
56,8500,3176.77465608665,74,18
27,4955,615.94947176008,73,46
10,7041,452.259451651139,52,42
62,2809,1273.29348864754,74,12
39,7968,1593.95587702279,81,42
32,1048,159.013858219338,75,43
98,2158,2023.43060441152,98,0
28,9737,1259.63815955902,70,42
85,9787,7548.13642858904,86,1
95,8650,7667.83027504096,96,1
91,6597,5527.55587852164,93,2
75,2838,1816.00970434581,77,2
44,5483,1329.95439087564,73,29
81,7404,5343.32263326014,87,6
5,4161,224.782673846846,68,63
40,1272,264.560341403786,73,33
92,2813,2387.66838544513,96,4
67,3698,1938.76805508855,90,23
43,1319,307.974204881627,82,39
78,4375,2982.50410914751,84,6
0,2984,192.862404710199,81,81
87,5293,4204.20417949706,93,6
78,9412,6416.3036972106,89,11
81,7078,5108.0547809583,89,8
65,4566,2262.60990826535,94,29
24,5606,618.411341647955,79,55
32,5505,835.277947993758,43,11
11,9706,646.909981396584,88,77
91,8348,6994.70008699388,95,4
11,8413,560.730854470375,80,69
68,9176,4943.61030053462,84,16
19,5129,464.503162737481,75,56
78,3060,2086.04858834089,84,6
59,3429,1414.6448978168,71,12
24,5138,566.785136173242,86,62
76,7603,4972.36559041033,86,10
33,1462,230.828887537392,63,30
37,1288,238.232695496717,78,41
89,6237,5091.58803590601,91,2
20,6145,578.775577939933,60,40
41,9333,2017.87014474153,75,34
63,5725,2674.88246110633,90,27
40,9902,2059.49410422979,54,14
62,3966,1797.75079244434,76,14
5,8297,448.214814926046,53,48
87,5784,4594.20309355961,95,8
93,1698,1460.54182377344,93,0
81,5277,3808.30814906993,85,4
99,9978,9502.85714285714,99,0
62,2046,927.432708356308,62,0
22,8238,839.560089313899,47,25
3,1802,91.7254480658124,61,58
39,1349,269.860250766032,70,31
14,8886,663.25838421283,89,75
39,3999,799.97860846061,73,34
32,2991,453.826765204238,80,48
34,6264,1029.07544699827,53,19
5,5309,286.799138537107,77,72
98,3719,3487.08916487787,98,0
72,6189,3693.89513317959,79,7
22,6733,686.180879018024,40,18
80,9172,6499.27544007092,88,8
51,3149,989.216389498044,66,15
26,4058,484.721622787984,79,53
64,1907,917.869130173653,84,20
42,9655,2169.557003526,83,41
57,6565,2536.99782659892,85,28
72,4893,2920.37952603776,75,3
96,4279,3866.5097377234,99,3
41,8185,1769.66325240646,83,42
47,2559,694.747810631292,90,43
18,2057,179.147567894451,78,60
46,4581,1198.17919038844,66,20
17,7820,655.084824329137,78,61
82,9012,6619.27607151502,88,6
99,7204,6860.95238095238,99,0
8,3347,200.014210936809,68,60
7,8457,488.058312970822,68,61
61,8052,3539.02114483828,74,13
65,1643,814.162960858514,71,6
97,1578,1453.65651157807,97,0
56,1546,577.799249212936,79,23
41,5121,1107.20165126127,65,24
95,8937,7922.24267838625,96,1
93,7357,6328.15441548954,99,6
39,4319,863.992900710521,73,34
2,4540,225.097252582893,29,27
73,2159,1319.77553575086,90,17
24,7816,862.201756389657,38,14
32,4599,697.809860640017,76,44
98,5478,5136.40076504463,98,0
85,5829,4495.56424259175,96,11
86,5288,4140.01521106551,93,7
13,9653,693.598925227621,26,13
66,2831,1443.41750092972,78,12
13,5242,376.654466595171,15,2
49,1429,417.608446005652,87,38
47,3544,962.167346962602,78,31
69,1118,618.564491913466,84,15
17,3805,318.746516185724,80,63
43,4991,1165.35197616694,78,35
52,7605,2475.52878637603,54,2
37,7062,1306.21063322812,74,37
10,2284,146.706517195171,59,49
86,4210,3296.04085449807,90,4
68,6673,3595.10805748338,89,21
78,3418,2330.10263887227,84,6
6,6950,387.789312161932,73,67
23,4687,496.94076814987,77,54
69,4511,2495.83579876712,69,0
21,7851,769.136491052992,71,50
80,4917,3484.18418434679,81,1
67,9204,4825.42487264333,74,7
47,9173,2490.3953368194,72,25
78,1695,1155.50730628687,95,17
45,5081,1279.96598448389,45,0
71,7587,4418.28410615474,73,2
59,6161,2541.74022031184,80,21
65,6231,3087.67462514266,82,17
48,7271,2048.38144308756,75,27
15,5768,447.319540712035,75,60
66,6014,3066.30619943176,87,21
62,9613,4357.4831991345,71,9
50,4513,1367.64098802264,88,38
10,2981,191.476413204381,55,45
48,6037,1700.73975683119,69,21
32,9825,1490.7549208063,73,41
65,7452,3692.72208418603,82,17
16,5291,426.416891430188,85,69
49,6718,1963.25650123581,69,20
96,9299,8402.58799978731,97,1
66,3133,1597.39563066507,70,4
81,5640,4070.27818092749,96,15
49,8296,2424.40844511049,68,19
26,5907,705.581721490542,77,51
97,1057,973.71035027758,99,2
4,3144,164.701016789684,57,53
68,4557,2455.10376411685,85,17
90,5953,4923.93005509458,91,1
9,1638,101.443204027087,78,69
38,9801,1885.41871677042,89,51
4,3672,192.36072953299,89,85
99,8252,7859.04761904762,99,0
29,6197,834.311763968099,80,51
60,3202,1363.84760042715,67,7
71,8473,4934.24558210743,74,3
71,6059,3528.45438238982,71,0
49,1762,514.923780169321,70,21
58,9266,3700.71560950157,69,11
14,3093,230.864076341468,51,37
97,4876,4491.78019673934,97,0
85,4883,3765.97018297745,91,6
91,4334,3631.41233553324,98,7
11,3333,222.146194930436,70,59
5,7553,408.022959760929,49,44
82,4980,3657.78904085051,84,2
24,1009,111.305216504243,68,44
84,4437,3368.94529642216,84,0
46,4280,1119.45141559976,73,27
78,8936,6091.80725013535,85,7
36,1612,286.640447259393,78,42
61,9654,4243.13339943726,77,16
95,8565,7592.48165384114,98,3
49,5104,1491.58398069479,57,8
12,4181,289.29109653556,61,49
82,4971,3651.17857872849,84,2
66,3343,1704.46651558037,78,12
36,2166,385.150873922981,87,51
68,9784,5271.17297084031,91,23
91,9937,8326.10622477937,98,7
77,6832,4563.43150464855,87,10
34,5729,941.183466770927,81,47
99,5640,5371.42857142857,99,0
26,7888,942.209009500152,87,61
78,4200,2863.20394478161,78,0
10,5877,377.493082993004,77,67
81,4544,3279.31632165506,90,9
66,6270,3196.83070675709,69,3
10,5673,364.389698795187,70,60
65,5378,2664.98381223195,65,0
4,1206,63.1772984250505,81,77
75,2848,1822.4086109855,77,2
48,8473,2387.00810992723,60,12
79,3875,2694.1768066625,88,9
26,1979,236.388391201927,78,52
25,8407,964.984666161469,80,55
81,6153,4440.50029206505,81,0
41,2020,436.74035062444,64,23
26,5169,617.428799455665,80,54
13,4234,304.226442495985,84,71
60,8864,3775.49816682895,85,25
18,4537,395.134912755044,62,44
96,3698,3341.51741297058,98,2
85,3202,2469.51393116809,86,1
60,9084,3869.20412313562,68,8
90,1161,960.302837890947,96,6
9,8235,510.002921344972,69,60
60,8274,3524.19582946105,77,17
58,9929,3965.50888050303,72,14
23,6770,717.791551178711,79,56
74,9987,6248.31822939463,87,13
43,8076,1885.67071919941,61,18
18,5857,510.095918890521,74,56
99,6876,6548.57142857143,99,0
87,8968,7123.23882141123,89,2
59,8998,3712.15362804186,75,16
32,7947,1205.80451456974,76,44
13,5149,369.972119133639,73,60
47,5694,1545.87496433551,86,39
99,3007,2863.80952380952,99,0
89,4362,3560.92785195158,91,2
3,7635,388.636956705038,54,51
41,8920,1928.57620176733,73,32
67,4357,2284.26512061137,78,11
72,3996,2385.00645535396,95,23
40,2297,477.747723431208,84,44
57,3369,1301.92622662784,74,17
73,1479,904.098201656099,74,1
82,2394,1758.38292445705,98,16
24,5834,643.562569956149,75,51
19,8062,730.127607328831,82,63
34,8703,1429.76430638984,73,39
50,8165,2474.36044032902,76,26
17,9912,830.332580402865,81,64
18,9280,808.210709800928,74,56
60,3221,1371.94038756273,66,6
61,3760,1652.59805074416,67,6
56,1134,423.819112941442,87,31
60,4283,1824.28459482495,68,8
65,7508,3720.47200859752,74,9
13,4715,338.787830979823,76,63
60,2419,1030.3395832084,67,7
99,2710,2580.95238095238,99,0
89,8542,6973.27962204732,93,4
49,5568,1627.18252439431,85,36
71,2114,1231.08641102031,83,12
89,3810,3110.3014937954,93,4
82,7148,5250.17591646576,92,10
1,2512,121.663141272267,62,61
13,9170,658.893830346761,87,74
87,7365,5849.98371093819,92,5
12,4390,303.752191770176,84,72
69,8454,4677.40985208984,71,2
81,7947,5735.19516025369,88,7
12,6332,438.122751318623,68,56
9,1476,91.4103596727599,70,61
79,3462,2407.02970442982,97,18
56,8619,3221.24950127186,89,33
6,6406,357.435731468969,74,68
19,1842,166.819034073395,27,8
90,8733,7223.36320697816,91,1
42,5413,1216.34511238594,87,45
91,3944,3304.63549869476,94,3
98,4755,4458.48587765374,99,1
32,2184,331.380025144117,79,47
94,2715,2368.66708632591,95,1
74,1263,790.189839163454,87,13
95,6258,5547.4314290412,96,1
7,2117,122.173282317516,21,14
66,3813,1944.10135324797,94,28
59,2652,1094.09106707791,63,4
6,4359,243.21922470703,74,68
70,2666,1513.79787873272,79,9
64,9838,4735.18432231169,91,27
24,9616,1060.76408513855,47,23
86,3146,2463.02720386008,86,0
74,9941,6219.53855195875,76,2
32,4077,618.606393091835,82,50
70,3397,1928.87149064331,78,8
75,7669,4907.32150198309,92,17
40,9130,1898.92760771743,78,38
92,5932,5035.068916623,94,2
4,4262,223.26836309085,63,59
71,3866,2251.36237701255,80,9
52,1907,620.753898174766,56,4
28,5440,703.751831981213,63,35
24,2946,324.980344719029,57,33
36,8722,1550.91686166031,47,11
91,7565,6338.63274534124,96,5
40,6053,1258.9494862556,90,50
4,2829,148.199483618962,73,69
69,3401,1881.69752862048,71,2
22,2941,299.726416930345,59,37
47,7723,2096.73205998651,82,35
17,3516,294.53685963443,79,62
51,2330,731.938452693059,74,23
79,8187,5692.18722997313,82,3
26,9731,1162.35241777966,67,41
17,8857,741.954768424957,83,66
39,2596,519.315945877405,55,16
44,6131,1487.13302397567,79,35
12,8911,616.568515003198,49,37
11,2031,135.367213292444,64,53
78,6458,4402.5169227142,94,16
57,3809,1471.96111523462,80,23
91,9703,8130.04012267628,91,0
14,4214,314.53644283962,87,73
44,1831,444.126662355153,67,23
74,4236,2650.23290474774,76,2
2,2681,132.926373166242,46,44
86,2179,1705.95558716183,90,4
51,8880,2789.53367378299,68,17
1,4310,208.745278217943,53,52
49,4533,1324.71594523696,77,28
66,3858,1967.04511430125,92,26
38,1924,370.119948073287,77,39
45,9122,2297.94326125999,52,7
11,8645,576.19377592968,70,59
74,4678,2926.76806619686,82,8
90,4630,3829.63147238164,98,8
60,3202,1363.84760042715,70,10
15,2176,168.753002876107,69,54
85,5674,4376.02187553021,85,0
25,2046,234.846987863253,36,11
41,1454,314.366569211849,53,12
90,2823,2334.99992365732,90,0
89,1936,1580.45766193908,95,6
37,8091,1496.53784104343,81,44
41,6232,1347.40884410471,63,22
2,4087,202.637108217243,74,72
94,7008,6114.0401255882,98,4
74,4471,2797.25951773539,87,13
35,7267,1242.09782963475,74,39
58,5031,2009.31364465815,73,15
23,6044,640.817154405336,53,30
79,7516,5225.66009777428,84,5
49,8665,2532.2443559405,68,19
13,4742,340.727867339623,81,68
32,9819,1489.84453612184,68,36
67,1266,663.731843629559,71,4
89,7612,6214.07217080593,94,5
84,7838,5951.27185786722,97,13
77,9149,6111.07067272096,92,15
24,6952,766.891838590187,69,45
69,1842,1019.13756181092,76,7
0,8405,543.233415411939,74,74
87,8699,6909.57342857452,91,4
0,8470,547.434506667356,89,89
23,2083,220.850783028841,67,44
79,9133,6349.91400651577,83,4
68,8816,4749.65871943256,75,7
5,2604,140.671493077911,84,79
25,4368,501.374214558498,75,50
46,9136,2389.55797498118,76,30
82,9275,6812.44846463624,93,11
1,1909,92.4581754334229,66,65
99,1895,1804.7619047619,99,0
78,2039,1390.01734366898,78,0
72,5726,3417.55429513432,84,12
32,4048,614.206200450269,84,52
86,2351,1840.61568858075,90,4
86,4578,3584.15083892925,88,2
59,3334,1375.45234450895,76,17
83,5248,3920.43733706098,83,0
13,1045,75.0865924440965,81,68
15,5737,444.915430836502,27,12
27,6236,775.188881109154,75,48
5,3882,209.710728159927,53,48
37,5321,984.189575107169,85,48
98,1718,1610.86829396617,98,0
92,9050,7681.620649939,95,3
87,5078,4033.43072425582,93,6
26,7779,929.189133481451,74,48
82,9108,6689.78766748323,90,8
0,4706,304.159006892158,61,61
11,1643,109.506810162228,58,47
21,2565,251.284562418918,59,38
38,5970,1148.44911122532,77,39
66,7684,3917.77466518684,87,21
36,1737,308.86752908782,82,46
25,1547,177.570034322802,77,52
70,1207,685.354103387245,73,3
69,6073,3360.05559873925,74,5
43,4422,1032.49578012627,84,41
0,3595,232.352662511115,65,65
55,5741,2074.13870246807,92,37
68,4738,2552.61830905983,70,2
14,3867,288.636076046704,85,71
54,8830,3082.49659652192,89,35
22,3494,356.084359318131,66,44
57,1846,713.373646291182,85,28
68,7231,3895.73300819157,72,4
94,9822,8569.07849793484,97,3
48,5097,1435.92356146573,93,45
45,9121,2297.69134904104,58,13
26,5937,709.165173605781,82,56
28,4364,564.553859331988,85,57
16,6109,492.341861604048,84,68
30,5350,749.576304815263,54,24
45,4798,1208.6748265211,79,34
76,9653,6313.06655849414,81,5
24,5679,626.464147202772,77,53
53,1150,387.744404359454,75,22
36,9866,1754.33911455408,77,41
17,9925,831.421596095484,63,46
88,4439,3575.30121936651,93,5
5,6203,335.094190308095,77,72
16,2805,226.063008970266,74,58
33,1251,197.5150056835,84,51
39,6378,1275.88486240604,74,35
36,5694,1012.4880314485,65,29
89,9284,7579.01287884422,90,1
47,5463,1483.16033195731,75,28
20,4776,449.834362935902,86,66
7,2924,168.745714452724,73,66
83,1158,865.066013017648,89,6
24,4123,454.818045239836,68,44
40,4970,1033.69881822077,81,41
48,9713,2736.34011232423,69,21
78,2060,1404.33336339289,91,13
79,1495,1039.43079379624,87,8
85,5353,4128.45348955115,91,6
96,5254,4747.52095396091,96,0
37,8361,1546.47792472675,40,3
71,6527,3800.99385275761,88,17
39,7805,1561.34859690799,83,44
74,6471,4048.54984103461,80,6
17,5807,486.454932849015,58,41
75,6668,4266.79094734949,75,0
92,1198,1016.85983852231,98,6
19,4359,394.768821675313,51,32
48,9216,2596.32559200866,77,29
33,9025,1424.91840630982,80,47
74,5048,3158.25677600722,84,10
85,6632,5114.87082807832,85,0
68,4070,2192.73037523713,76,8
98,8626,8088.09656795819,99,1
96,5013,4529.75305333195,97,1
65,5294,2623.35892561471,73,8
51,3972,1247.75087300293,76,25
89,7086,5784.67096720058,91,2
73,2612,1596.68999508163,76,3
89,4591,3747.87248241855,97,8
12,3501,242.240643140635,56,44
97,3773,3475.69456158686,97,0
53,9860,3324.48680607324,69,16
7,3980,229.688079179836,75,68
35,6867,1173.728608243,86,51
48,1052,296.368763323905,83,35
20,3068,288.963950060165,64,44
32,4240,643.338510353049,90,58
24,5527,609.696661663976,76,52
33,4335,684.434492116685,71,38
1,1646,79.7203545120032,79,78
79,4087,2841.57435066571,82,3
56,2758,1030.76994135141,69,13
49,1712,500.311868132734,73,24
58,4708,1880.31179468308,78,20
48,1785,502.869051837614,74,26
40,5475,1138.73260156111,69,29
70,2480,1408.18407323974,81,11
73,5235,3200.10418233244,92,19
44,6157,1493.43957406919,83,39
7,7857,453.431969375872,75,68
92,7390,6272.61619923195,97,5
23,9759,1034.70129216441,91,68
90,4933,4080.2531432524,91,1
66,1560,795.383716513725,80,14
44,8636,2094.74486952436,58,14
30,2891,405.051420041295,67,37
32,1729,262.34251990576,60,28
27,5021,624.153844138721,76,49
2,1533,76.007508416206,82,80
76,6052,3958.01085797229,80,4
27,2666,331.406920628128,86,59
22,2609,265.891268878364,69,47
82,2563,1882.51271319274,89,7
38,5869,1129.01973765183,85,47
0,1596,103.152948363766,79,79
2,9447,468.390692764448,87,85
21,1705,167.033208157604,55,34
55,7903,2855.23744393053,83,28
8,8801,525.941162370736,84,76
16,1649,132.897647697671,79,63
33,5046,796.69122196558,85,52
87,3703,2941.27490585256,98,11
89,1414,1154.32186672617,92,3
96,6386,5770.39756604385,98,2
91,8830,7398.56274175323,93,2
39,8557,1711.78218369528,67,28
45,9011,2269.98100495656,92,47
16,1528,123.145910055817,71,55
76,9449,6179.65046215799,86,10
97,6576,6057.8233334204,99,2
14,9859,735.883908390084,76,62
37,9558,1767.87896238946,40,3
6,6436,359.109642168948,90,84
82,9432,6927.76430387591,94,12
75,6807,4355.73574964127,93,18
11,4286,285.664143855941,87,76
12,7593,525.373665628917,69,57
30,6732,943.205174582496,46,16
83,1187,886.730015070767,87,4
8,1999,119.458741458823,61,53
87,8798,6988.20864749955,95,8
72,4524,2700.14244344877,88,16
68,2521,1358.19982210634,86,18
9,7146,442.559912074216,78,69
27,1507,187.333169312299,91,64
51,7812,2454.03570490909,90,39
70,8118,4609.53157522589,73,3
9,5200,322.041917546309,72,63
62,5371,2434.62418210251,69,7
69,5612,3104.99456942609,70,1
3,6419,326.740094969173,72,69
58,5123,2046.05720564176,70,12
43,8678,2026.23210762908,76,33
34,5984,983.075905944707,45,11
93,8761,7535.81090581811,95,2
49,4376,1278.83454144208,72,23
62,5597,2537.06787325037,72,10
72,8550,5103.05435267175,77,5
15,1403,108.805359850725,65,50
36,2396,426.048704487286,79,43
42,2808,630.980431476025,79,37
13,1877,134.868453605329,64,51
25,5743,659.201491348319,54,29
70,1324,751.788593939281,91,21
91,5587,4681.2876600425,95,4
52,5430,1767.53731887204,85,33
56,9316,3481.74502307097,75,19
58,4400,1757.30074269446,81,23
73,8255,5046.20057787093,90,17
43,6499,1517.45591927649,67,24
16,6275,505.720278534195,49,33
15,8362,648.4892509421,77,62
89,5112,4173.19192553336,93,4
53,3366,1134.91101310776,66,13
30,7832,1097.32366716134,84,54
32,1376,208.781554303254,60,28
36,2167,385.328690577608,58,22
84,5527,4196.56539403319,93,9
60,6523,2778.38160449292,86,26
31,2072,302.110446999422,85,54
53,5845,1970.75308128784,66,13
9,7020,434.756588687517,75,66
55,8195,2960.73274111232,69,14
55,2849,1029.30171805113,61,6
42,9932,2231.80115577631,67,25
84,5484,4163.91616082468,86,2
25,7579,869.94394966549,89,64
91,5740,4809.48472680221,92,1
21,3471,340.042384466302,72,51
10,6339,407.168394264532,48,38
16,1530,123.307095801963,55,39
92,3478,2952.11896358982,92,0
63,1441,673.276091957069,74,11
84,4399,3340.09248567975,89,5
70,2252,1278.72198908705,76,6
94,5570,4859.47538520638,97,3
30,4533,635.108297145344,58,28
97,5805,5347.57671084328,99,2
21,8067,790.297296309322,78,57
31,3369,491.22108877464,89,58
48,6971,1963.86563605603,53,5
63,2987,1395.61116355015,85,22
24,1761,194.260144959338,82,58
83,4201,3138.29215948803,87,4
20,4391,413.572589541781,36,16
34,3072,504.680678987657,91,57
43,6058,1414.48653007801,84,41
19,6594,597.179538914204,77,58
28,7987,1033.24740478565,68,40
69,8689,4807.43011649025,91,22
8,3719,222.244652068716,85,77
32,7415,1125.08373921412,84,52
42,2950,662.888986059214,84,42
57,5167,1996.75061234374,57,0
71,9010,5246.9671538756,80,9
51,8337,2618.95745927126,74,23
59,6098,2515.74936917085,81,22
83,6798,5078.34089507251,87,4
36,9722,1728.73351628773,52,16
55,6656,2404.71471932198,78,23
65,2644,1310.19285971388,84,19
0,6318,408.346070026488,88,88
15,6036,468.103458345673,69,54
17,3723,311.877340278437,74,57
84,3060,2323.41054925666,93,9
16,4757,383.38029720911,38,22
91,1523,1276.10544232052,92,1
82,8820,6478.25287957862,84,2
72,1412,842.750028768715,83,11
12,6585,455.628287655264,69,57
66,6217,3169.80805484989,74,8
22,1158,118.015365795763,44,22
41,7737,1672.80202612935,51,10
96,1355,1224.37969025829,96,0
88,2111,1700.26151702696,88,0
37,2491,460.743512796835,79,42
23,7871,834.525450417671,87,64
60,6879,2930.01487924372,61,1
42,3731,838.386036266755,74,32
3,8407,427.933319583399,86,83
7,6998,403.858587462435,54,47
85,4330,3339.47386694498,98,13
69,6071,3358.94904329754,82,13
96,4220,3813.19726412544,98,2
78,7192,4902.89589782604,85,7
51,5543,1741.25958938954,90,39
3,2290,116.565635999284,69,66
20,4061,382.491069489677,78,58
5,5350,289.014012276045,64,59
60,6648,2831.62362512171,86,26
2,2734,135.55416047613,77,75
56,3418,1277.43714994167,57,1
85,3575,2757.1868531936,96,11
88,8040,6475.65258024481,94,6
47,1813,492.214841998645,73,26
74,3105,1942.62822692203,86,12
0,9788,632.619710892571,81,81
95,5109,4528.89536129298,97,2
62,2620,1187.62155224513,68,6
61,2769,1217.03297939111,81,20
28,9388,1214.48937474993,67,39
15,4722,366.200220395671,84,69
95,4758,4217.74987845606,95,0
96,7049,6369.48519308536,97,1
3,4904,249.623527921612,54,51
59,5357,2210.04745336966,87,28
46,6481,1695.13192161263,88,42
19,9141,827.846248895168,76,57
7,3704,213.759961126159,88,81
39,3474,694.955160238099,63,24
3,3403,173.219589216404,85,82
83,3155,2356.89401646863,84,1
27,1356,168.562559779348,57,30
89,3262,2662.94054403165,95,6
95,5341,4734.55277445015,97,2
24,7653,844.220834397396,76,52
73,4866,2974.53809956631,88,15
24,1618,178.485471064287,69,45
40,6305,1311.36238408087,55,15
12,6286,434.939926530143,64,52
73,6217,3800.39115598105,83,10
55,4291,1550.27506920231,69,14
59,6383,2633.32702909438,74,15
66,3256,1660.10857754403,69,3
74,5168,3233.33419540517,78,4
40,7328,1524.13379072873,75,35
62,6363,2884.28852554799,74,12
35,5857,1001.09632422881,89,54
20,8335,785.043847376622,21,1
50,8740,2648.61117556345,93,43
41,1535,331.879424855701,82,41
44,2285,554.248729372761,71,27
47,3363,913.027310337255,68,21
56,2440,911.921195394285,70,14
52,3938,1281.87144783022,74,22
52,8289,2698.1798961566,77,25
3,1180,60.0643888555264,77,74
80,3287,2329.16685254177,85,5
96,2661,2404.48291939284,96,0
27,3167,393.685565502356,51,24
47,4072,1105.51507811279,66,19
7,2999,173.074007402092,84,77
42,7993,1796.09209002417,70,28
0,6201,400.784105766738,61,61
53,4099,1382.055924756,77,24
85,7713,5948.58243319784,86,1
22,1751,178.449832045234,64,42
7,9223,532.264611627042,74,67
74,4482,2804.14161451354,75,1
75,8313,5319.41108957953,77,2
12,5102,353.016784148392,72,60
46,5301,1386.4981201155,72,26
6,6583,367.311804598848,87,81
52,6587,2144.15622825233,55,3
95,2777,2461.68377731662,97,2
42,4509,1013.20896208169,83,41
24,3355,370.098118306973,76,52
93,9930,8541.33116022986,97,4
47,6200,1683.24987335444,91,44
72,8238,4916.83763243391,84,12
4,5301,277.697229644438,85,81
21,9237,904.918324781109,70,49
82,2718,1996.35956084974,96,14
62,7584,3437.75643214772,90,28
72,9980,5956.54765376188,96,24
12,2884,199.549275869063,46,34
89,1843,1504.53691681494,97,8
26,7205,860.625749676546,72,46
24,4391,484.38176974245,68,44
99,5802,5525.71428571429,99,0
43,7389,1725.26262310109,44,1
22,1511,153.990688875128,66,44
28,1449,187.451544952349,87,59
30,9523,1334.24582257117,90,60
13,8751,628.787340170611,49,36
66,9691,4941.06640816315,82,16
16,1533,123.548874421183,71,55
53,5683,1916.13169563024,83,30
59,6249,2578.04490127068,93,34
26,1819,217.27664658732,62,36
26,9957,1189.3477570478,57,31
83,6926,5173.96131792766,93,10
80,1891,1339.96182481183,86,6
65,3341,1655.58031176403,81,16
28,1959,253.428279200587,47,19
50,6277,1902.2119392462,67,17
87,4662,3703.00394574255,90,3
69,7025,3886.77598899114,79,10
38,3155,606.927461627453,59,21
14,7870,587.423304496396,88,74
85,5959,4595.82558270789,95,10
38,6361,1223.66579505934,83,45
9,1790,110.856737001518,81,72
34,3627,595.858340718826,79,45
20,3590,338.129263597129,79,59
73,4967,3036.27840948333,89,16
98,7847,7357.67375014698,98,0
74,8286,5184.09580942865,87,13
27,6096,757.785666972643,91,64
43,2223,519.049778204592,71,28
93,4027,3463.84094483843,93,0
25,5798,665.514582419912,73,48
10,4502,289.173704208696,72,62
34,4242,696.893046961472,81,47
22,4124,420.28961013966,86,64
1,4014,194.409175583949,81,80
57,3559,1375.35038307168,76,19
24,7504,827.784286073182,85,61
0,4870,314.758683290439,85,85
53,1613,543.853673245044,77,24
95,3797,3365.86723171451,96,1
28,1725,223.156601133749,63,35
92,2367,2009.10453905034,98,6
63,2729,1275.06624215881,84,21
23,8758,928.56992691627,84,61
91,3023,2532.93943016082,99,8
84,7645,5804.72995067555,95,11
10,5173,332.273561055438,69,59
89,1031,841.659013150409,93,4
96,5148,4651.73922173406,98,2
50,2694,816.402575167957,81,31
5,6695,361.67267517535,85,80
2,1672,82.8992524930831,73,71
86,7516,5884.3332689804,93,7
15,3005,233.043554063742,54,39
25,3435,394.281233289479,68,43
50,1535,465.173701886716,88,38
36,4865,865.078024762374,70,34
64,7451,3586.28363341578,76,12
0,6581,425.344331567635,86,86
98,1843,1728.07349579723,98,0
29,6553,882.24059856107,78,49
66,1470,749.496194407164,76,10
3,4976,253.288473682288,61,58
26,9775,1167.60814754868,62,36
86,6042,4730.32751612288,92,6
89,3607,2944.58201787927,98,9
6,7702,429.748673708086,70,64
95,3510,3111.45482836922,97,2
17,6285,526.497202162228,60,43
30,6346,889.123594459376,80,50
65,2239,1109.50144209508,80,15
33,3446,544.074108381568,60,27
40,7906,1644.35067542322,77,37
53,4679,1577.61397217208,56,3
73,2500,1528.22549299543,81,8
88,9501,7652.38497075944,90,2
73,6553,4005.78466223963,81,8
6,6214,346.7227029891,55,49
75,2191,1402.00044475746,80,5
44,3799,921.483992510774,50,6
23,5593,592.999726106725,88,65
45,3495,880.433205229519,47,2
9,8920,552.425750867899,61,52
21,1560,152.828037962383,66,45
53,1651,556.666097041269,82,29
20,7519,708.187725065965,70,50
4,1816,95.1326483747029,46,42
83,2808,2097.67302638476,83,0
62,7118,3226.52298048886,78,16
32,8656,1313.38163811698,75,43
33,7188,1134.88238277618,92,59
18,6200,539.968362151482,65,47
21,9861,966.049539966062,72,51
61,1776,780.588866521708,68,7
79,6439,4476.8527633806,91,12
38,3561,685.029695992191,90,52
54,4887,1706.02048326191,88,34
95,2966,2629.22365269035,98,3
31,5797,845.238543077052,86,55
74,4446,2781.61838869415,85,11
72,6051,3611.53004538208,76,4
80,9586,6792.6356703576,81,1
45,7646,1926.1208260901,81,36
22,3860,393.384552652543,81,59
97,1565,1441.68088759169,97,0
7,1735,100.127843562064,78,71
39,1248,249.655739774654,77,38
33,8408,1327.50293188399,74,41
40,2993,622.507155520072,79,39
12,5974,413.35207144306,80,68
7,4029,232.51589724009,65,58
67,7688,4030.62433951347,91,24
85,5659,4364.45325936297,86,1
65,5040,2497.49319703403,69,4
90,1453,1201.82603226145,93,3
64,4405,2120.19586702409,79,15
3,3683,187.472156063478,84,81
44,1419,344.192099334769,60,16
79,3892,2705.99642104011,86,7
14,4055,302.668551427304,85,71
92,5400,4583.50845410725,98,6
90,5869,4854.45078000169,95,5
57,8433,3258.87321732044,68,11
76,4248,2778.19400605854,77,1
93,6197,5330.3755488363,97,4
64,8859,4263.97620566775,68,4
48,8775,2472.0873556723,77,29
34,6478,1064.23223908921,88,54
28,7107,919.405196671044,45,17
21,7811,765.217823412931,75,54
54,4910,1714.04963634458,82,28
19,8087,732.391709311369,85,66
22,7089,722.461941387015,30,8
12,1137,78.6711257500433,78,66
85,4224,3257.72231269644,88,3
77,8670,5791.12282571764,86,9
15,4320,335.024343945213,88,73
67,6507,3411.45585031401,93,26
71,5676,3305.41460215293,78,7
76,9883,6463.48666710842,82,6
15,2910,225.676120574206,66,51
54,6445,2249.90833120994,81,27
5,9459,510.987577966189,66,61
14,5208,388.729424373218,60,46
67,2708,1419.73604466733,94,27
60,6121,2607.15526615072,81,21
4,9901,518.671999756571,86,82
34,9099,1494.82080016559,76,42
99,8972,8544.7619047619,99,0
11,3697,246.406985495896,77,66
64,5198,2501.87925466316,84,20
78,2711,1848.12997483404,97,19
85,5854,4514.84526953716,86,1
5,1004,54.2373959486261,84,79
44,1979,480.025485964417,60,16
4,3342,175.073409068423,62,58
90,1582,1308.52634758267,90,0
35,1122,191.77566600388,82,47
76,1146,749.484541182459,84,8
70,2803,1591.58869245605,81,11
10,1320,84.7866036329361,39,29
10,5388,346.08350028353,61,51
13,3875,278.431144230502,74,61
6,4084,227.875043290551,64,58
13,3325,238.911885049398,53,40
5,2253,121.710013020174,74,69
27,4153,516.253916492354,84,57
47,5549,1506.50863665222,67,20
60,1830,779.463182005525,60,0
23,7688,815.122813214465,57,34
46,3872,1012.7373554211,74,28
18,8481,738.624464420438,42,24
91,7989,6693.89781923743,91,0
14,1014,75.6857980634492,65,51
96,9409,8501.98413700385,96,0
98,1542,1445.84336978803,98,0
19,5966,540.305297112851,83,64
10,1527,98.082684657192,59,49
20,9697,913.32575740985,69,49
39,1089,217.848638312979,80,41
21,2731,267.547033125171,87,66
18,5824,507.221893737134,89,71
41,3715,803.213070579106,88,47
66,9713,4952.28335801142,74,8
96,2658,2401.77211565057,96,0
74,4924,3080.67677596267,82,8
50,5799,1757.35654543392,68,18
23,7646,810.669748938319,78,55
49,7536,2202.30738215437,58,9
72,1617,965.103963540377,81,9
8,5290,316.126434375775,55,47
98,4269,4002.79205293456,98,0
36,8823,1568.87634377768,73,37
80,7372,5223.79617795496,83,3
92,6524,5537.55725085105,92,0
31,4735,690.392358369819,84,53
28,8312,1075.29140210071,79,51
83,2929,2188.06420736502,88,5
56,2192,819.234123075521,82,26
40,9764,2030.79180303975,91,51
24,5224,576.272002991245,69,45
14,4340,323.941186977682,79,65
53,1441,485.86059711476,75,22
25,1834,210.512891369113,65,40
20,1387,130.636570643236,64,44
97,2865,2639.24328623015,97,0
51,1732,544.084721057673,72,21
11,8512,567.329256299992,74,63
18,2836,246.991979848646,63,45
97,3307,3046.41450176722,97,0
79,7011,4874.54802361568,79,0
36,6713,1193.68320251384,68,32
10,8634,554.581466489978,22,12
53,2324,783.580865853367,62,9
19,4797,434.435888409378,77,58
54,2794,975.367552738648,71,17
7,1656,95.5687083220623,68,61
0,1634,105.608970943856,71,71
63,6742,3150.05372100941,77,14
85,2600,2005.22680232262,87,2
31,3024,440.917949674833,82,51
94,2450,2137.47121970478,96,2
35,4091,699.246211784199,76,41
6,5000,278.98511666326,86,80
77,3675,2454.71469256198,81,4
30,9081,1272.31821009858,75,45
86,7115,5570.38733485837,86,0
42,1362,306.052474241576,68,26
6,5774,322.172012722733,89,83
76,9285,6072.39438471129,80,4
62,2253,1021.26387679705,71,9
6,3246,181.117137737788,79,73
25,2229,255.852363610552,70,45
91,1099,920.840368424326,97,6
19,6458,584.862824129198,54,35
76,2576,1684.70521647994,87,11
98,2094,1963.42154107401,98,0
36,4877,867.211824617903,73,37
1,2101,101.757269033851,69,68
23,2190,232.195494399022,57,34
76,7105,4646.6733552368,78,2
28,6790,878.396128520668,80,52
92,3236,2746.70988101686,94,2
2,2304,114.234376641186,74,72
73,8694,5314.55697444092,80,7
30,1895,265.504130397182,91,61
54,2707,944.996408469405,91,37
19,1899,171.981186593581,58,39
31,3558,518.778460629317,80,49
53,9906,3339.99658224761,68,15
49,8418,2460.06151047976,66,17
94,5767,5031.34552001529,98,4
82,2081,1528.48574176906,88,6
25,7456,855.825582359928,80,55
38,5015,964.735727436348,83,45
40,5790,1204.24872384271,42,2
73,2896,1770.29641108591,82,9
76,3941,2577.41586108209,86,10
41,8652,1870.63243247656,64,23
82,2141,1572.55548924919,82,0
41,4669,1009.47559260669,81,40
28,3099,400.905685167239,71,43
29,3156,424.897196560161,91,62
4,7692,402.951724283158,80,76
38,9689,1863.87327280773,83,45
62,8627,3910.5385997018,71,9
14,7366,549.804327944149,77,63
63,1299,606.929662354083,86,23
43,3267,762.814046511201,45,2
69,6115,3383.29326301506,90,21
38,7976,1534.34340219986,67,29
81,7274,5249.50416455081,97,16
49,9253,2704.08044149076,84,35
43,1438,335.759595617725,77,34
56,5126,1915.78198671767,73,17
23,8509,902.169617279121,89,66
62,9905,4489.84407442289,84,22
55,6930,2503.70688174599,92,37
59,9826,4053.74767160917,84,25
37,3474,642.562410058693,48,11
40,2816,585.693334428508,87,47
8,2052,122.625981727616,86,78
75,1399,895.207038893512,84,9
68,7773,4187.73788862855,80,12
92,9047,7679.07425635338,94,2
13,8397,603.351307897683,78,65
19,5223,473.016186191824,62,43
80,5175,3667.00287858341,87,7
24,3192,352.117196314712,50,26
10,7693,494.138895263771,71,61
3,3636,185.079760914148,57,54
80,5600,3968.15770436079,81,1
6,4257,237.5279283271,90,84
39,1613,322.672041872209,68,29
93,9603,8260.0607383371,98,5
59,3297,1360.18787637853,60,1
0,6136,396.583014511322,65,65
71,2656,1546.71972926677,77,6
37,8399,1553.50652909699,85,48
97,2718,2503.82661499949,97,0
16,5660,456.15566159419,78,62
54,5804,2026.13932573196,81,27
10,4694,301.506301100759,25,15
30,5135,719.453144902127,50,20
84,8975,6814.57832665965,92,8
18,1558,135.688823908389,75,57
38,2457,472.653176931427,86,48
96,7505,6781.52736191029,97,1
5,3087,166.763786148813,75,70
22,4511,459.729978501457,89,67
29,1937,260.781327546588,78,49
83,4935,3686.61552179801,96,13
70,9569,5433.43282130285,84,14
49,5465,1597.08198559894,85,36
13,9346,671.539993284714,89,76
40,9419,1959.03605006467,86,46
30,3090,432.932856426012,82,52
66,2260,1152.28666623142,72,6
37,7757,1434.76010789444,70,33
40,2661,553.455242512166,75,35
26,1482,177.022534492802,77,51
28,6913,894.308164427596,58,30
59,6120,2524.82553941056,86,27
75,3151,2016.2954821683,86,11
84,8159,6195.00218019121,87,3
33,4227,667.382836949764,46,13
79,1224,851.012235188361,82,3
63,1466,684.956801394215,85,22
12,3080,213.110877141718,83,71
5,8234,444.811472351581,49,44
33,2578,407.029324262241,85,52
2,4429,219.593773499919,56,54
61,2153,946.2881923543,70,9
13,5161,370.834357515773,85,72
82,9763,7170.88241080794,87,5
81,1178,850.139662612161,85,4
90,3651,3019.86706385861,92,2
37,2707,500.695579743489,41,4
38,4028,774.866502515177,82,44
43,9647,2252.4845750516,87,44
74,5369,3359.08887289674,81,7
21,6361,623.166121460716,90,69
80,8232,5833.19182541036,90,10
98,3968,3720.56192692535,99,1
84,3934,2987.02519633193,88,4
0,4315,278.887827186498,72,72
72,3641,2173.12525123718,73,1
97,5098,4696.28700635298,98,1
76,3746,2449.88576899607,79,3
80,1665,1179.81831745727,84,4
33,9299,1468.17908701108,79,46
61,7022,3086.31476391635,85,24
71,7139,4157.3916217001,81,10
71,2196,1278.83905326424,83,12
30,1650,231.177738868259,78,48
28,6800,879.689789976516,38,10
5,3829,206.847598692519,82,77
94,4036,3521.15667050143,95,1
62,6007,2722.91704745667,72,10
71,4870,2836.04106985285,82,11
32,3247,492.669845074611,84,52
94,1420,1238.86087019624,97,3
73,1950,1192.01588453644,78,5
55,3384,1222.58933446298,77,22
30,6169,864.324527926235,90,60
84,3740,2839.72400464703,88,4
73,4803,2936.02681714283,92,19
15,5018,389.155592110435,72,57
75,8173,5229.82639662378,93,18
60,1517,646.145162351028,82,22
65,4900,2428.11838600531,66,1
60,9880,4208.24931049978,77,17
20,1532,144.293602181282,77,57
27,8183,1017.21786627906,88,61
85,6543,5046.23037215266,87,2
53,2466,831.458870565578,73,20
72,5481,3271.32642187063,95,23
93,4377,3764.89491322519,96,3
95,1699,1506.08596962943,98,3
33,3322,524.496282078807,66,33
22,8616,878.083239806817,72,50
76,9690,6337.26457596687,79,3
69,2702,1494.95640174435,89,20
22,4239,432.009616242003,72,50
10,8512,546.745128881479,75,65
49,1684,492.129197392245,68,19
71,9564,5569.58866366995,84,13
11,3432,228.744596760053,84,73
7,1790,103.301925058268,13,6
94,9064,7907.77107567515,97,3
6,5630,314.137241362831,45,39
8,4916,293.776474743159,57,49
16,7051,568.260348038982,78,62
74,3649,2282.97919485942,79,5
37,8056,1490.06412649189,75,38
44,4892,1186.60165605757,63,19
19,8489,768.798469190579,62,43
37,5614,1038.38381406721,72,35
55,9373,3386.3267824827,68,13
72,5295,3160.31260788268,77,5
71,5585,3252.42081624808,75,4
88,7931,6387.86077287582,88,0
26,3683,439.928471347498,76,50
94,8270,7215.0559130443,94,0
41,3370,728.621278021962,54,13
75,9084,5812.76679150011,89,14
63,4344,2029.64007179841,92,29
57,2587,999.727856422149,86,29
88,6994,5633.17340127266,89,1
32,4916,745.908518135752,69,37
62,6482,2938.2301151347,95,33
64,8723,4198.51726402977,83,19
3,4896,249.216311725981,30,27
64,2576,1239.86936514281,82,18
60,1460,621.866800944299,84,24
32,1088,165.083089449084,50,18
24,3165,349.138761383478,78,54
15,4885,378.841185225085,53,38
78,1983,1351.84129107189,87,9
79,3055,2124.05423080101,86,7
12,2163,149.661956901798,75,63
61,6260,2751.39994618575,79,18
96,8891,8033.91869083869,97,1
93,5515,4743.75038757983,96,3
82,2879,2114.61338325474,83,1
83,2837,2119.33702843788,83,0
9,7988,494.705930261522,90,81
40,3906,812.399916291815,68,28
3,1727,87.9077962317747,77,74
95,3486,3090.17992355986,99,4
21,7138,699.286240368903,83,62
27,9629,1196.96820657473,64,37
37,2208,408.398906565801,76,39
23,3438,364.515118604491,70,47
33,3251,513.286397663516,76,43
78,6765,4611.80349677324,82,4
43,2564,598.670099557613,80,37
91,5095,4269.04611203088,93,2
94,5279,4605.5961505394,95,1
10,9992,641.808896591135,82,72
45,4707,1185.75081459667,69,24
97,8801,8107.49743878238,97,0
58,1449,578.711085491881,84,26
55,4050,1463.2053205009,92,37
69,2854,1579.05461531398,78,9
49,7495,2190.32561428437,87,38
10,6947,446.221617756066,76,66
66,2790,1422.51318530339,84,18
89,4351,3551.94797887238,90,1
98,2268,2126.57118202286,98,0
47,3530,958.366460151802,81,34
4,6031,315.938877944842,80,76
46,6901,1804.98463062009,92,46
20,6507,612.871063572847,60,40
30,5989,839.105138231516,40,10
47,2548,691.761399565663,63,16
72,6341,3784.61609944931,90,18
6,2744,153.107032024797,84,78
74,2099,1313.22919430253,83,9
68,3740,2014.94142589358,83,15
35,4802,820.772502808048,78,43
2,4992,247.507816055904,68,66
82,1704,1251.5808284356,89,7
88,8605,6930.72020559783,91,3
99,2754,2622.85714285714,99,0
50,3847,1165.81317990762,67,17
74,5469,3421.6533890617,86,12
16,4924,396.839307012331,67,51
65,9243,4580.22413098919,80,15
13,5856,420.772330480985,87,74
57,4169,1611.08056954926,72,15
3,8050,409.761296853379,86,83
43,4219,985.097172399987,90,47
81,1106,798.178664557768,92,11
69,6502,3597.41174098511,90,21
4,4715,246.999139364936,80,76
51,1707,536.231304183284,78,27
35,1887,322.531801915616,66,31
45,4969,1251.75181596151,91,46
96,2028,1832.50332977403,96,0
50,5639,1708.86938432521,59,9
86,3094,2422.31601040784,87,1
83,3677,2746.84605342478,88,5
21,6606,647.16796075609,76,55
40,2483,516.433433730818,83,43
64,6377,3069.35052077472,78,14
42,6232,1400.38107156645,91,49
65,4387,2173.90925702148,86,21
8,2593,154.955736169449,84,76
19,8433,763.726880749694,63,44
97,9317,8582.83759085734,98,1
57,9027,3488.4203169396,81,24
35,6382,1090.83092730549,70,35
24,6531,720.450316143917,67,43
29,1102,148.363976745658,80,51
87,4428,3517.13888282883,95,8
22,1570,160.003561571112,86,64
15,3054,236.843598705713,77,62
25,4653,534.087504656752,62,37
23,4159,440.959388678325,49,26
87,3139,2493.29244652206,92,5
59,9246,3814.46681983497,74,15
9,4776,295.783115038687,73,64
35,4779,816.841272578022,86,51
88,6114,4924.39550691751,93,5
88,1724,1388.56032939578,92,4
72,2783,1661.0292705831,72,0
85,9010,6948.8821111257,88,3
73,7929,4846.91997358432,86,13
22,4596,468.392591707536,69,47
91,4718,3953.16183642035,92,1
56,7696,2876.28914744033,73,17
95,1743,1545.08996177993,97,2
12,5785,400.274813073,90,78
73,3574,2184.75116478627,83,10
31,6224,907.497790600582,83,52
90,8281,6849.49853624025,93,3
46,8238,2154.68242096048,79,33
53,7014,2364.9036975454,53,0
66,1503,766.32161917957,75,9
93,8184,7039.50193507766,96,3
79,2096,1457.28892561667,79,0
73,4335,2649.94300485408,76,3
65,6406,3174.39313892857,81,16
20,8553,805.57648789589,31,11
21,9315,912.559726679228,89,68
33,4900,773.639910351039,77,44
86,9087,7114.28105577766,97,11
74,2999,1876.30983978717,74,0
5,8565,462.692526195201,78,73
24,1438,158.629238189397,80,56
46,6827,1785.62962950925,67,21
75,3041,1945.90750913164,78,3
66,8823,4498.5067505132,92,26
81,1946,1404.39030852569,83,2
99,4767,4540,99,0
61,4201,1846.42670510005,75,14
95,1178,1044.24324439286,95,0
1,4251,205.887744246978,82,81
48,3555,1001.51231332365,65,17
93,7198,6191.38989842241,95,2
28,4386,567.399914534853,65,37
66,5198,2650.25933233227,66,0
36,1540,273.837648126219,73,37
73,2889,1766.01737970552,95,22
99,5158,4912.38095238095,99,0
17,2494,208.923472107016,72,55
13,9884,710.197014083684,76,63
7,2839,163.840315776772,89,82
2,2195,108.830059343491,77,75
93,2208,1899.22046342271,94,1
71,9647,5617.92365520953,78,7
43,2313,540.063939265506,75,32
69,5403,2989.35952576785,72,3
36,5671,1008.39824839207,81,45
54,9459,3302.07647865242,73,19
73,1345,822.185315231544,86,13
71,2958,1722.58921655539,75,4
1,2926,141.71431184819,1,0
17,4751,397.993350433213,84,67
69,9985,5524.47804271552,92,23
96,3155,2850.86193561985,98,2
53,8752,2950.90350169908,91,38
53,1809,609.938806509785,88,35
89,2022,1650.66394237646,91,2
5,8844,477.76447188212,65,60
77,2587,1727.98555364839,85,8
72,9135,5452.21070311771,83,11
77,6696,4472.59036228435,88,11
53,9707,3272.89994184106,76,23
26,5898,704.506685855971,69,43
43,6931,1618.32389236888,72,29
87,8548,6789.63486233532,87,0
20,3889,366.291004492823,71,51
21,1717,168.208808449623,82,61
44,5634,1366.58089334185,79,35
25,2856,327.821601826711,84,59
73,2152,1315.49650437047,78,5
44,4026,976.545026019578,90,46
32,3247,492.669845074611,76,44
22,1057,107.72214304501,83,61
20,6451,607.596623806429,73,53
60,8018,3415.15617121328,61,1
47,5406,1467.68529279905,68,21
55,6356,2296.32914002561,55,0
38,1349,259.507177729139,61,23
91,5841,4894.11154865012,97,6
4,3590,188.065092326643,7,3
43,4538,1059.58069882701,75,32
98,6396,5997.15576729197,98,0
68,7989,4304.10883728978,72,4
71,1567,912.541346295567,95,24
77,1281,855.643407121603,79,2
56,2869,1072.25488097795,72,16
93,1813,1559.45955624338,97,4
20,7151,673.527120886649,89,69
85,7405,5711.04018123039,86,1
88,3984,3208.83083080788,90,2
48,3028,853.046212304928,89,41
58,1872,747.651588710008,87,29
77,6876,4592.82128600167,94,17
78,7517,5124.45334593414,78,0
66,6399,3262.60282177649,83,17
48,4474,1260.41240219691,76,28
35,6020,1028.95678194595,61,26
52,4207,1369.43453047784,80,28
52,9064,2950.4527179109,79,27
35,2782,475.507934779673,76,41
59,2863,1181.13979074059,81,22
36,3651,649.208606044692,76,40
99,1679,1599.04761904762,99,0
26,7243,865.164789022515,61,35
17,6218,520.884582823347,78,61
5,7653,413.425090831509,90,85
0,7677,496.181193351274,76,76
25,7281,835.73847440486,67,42
3,7788,396.424966446474,82,79
59,1913,789.214257662156,67,8
61,4851,2132.11519791487,70,9
51,8085,2539.79501717742,80,29
60,3913,1666.68821376373,82,22
52,7580,2467.39095341622,84,32
44,7847,1903.36533014794,71,27
35,2009,343.384414440102,42,7
36,2111,375.370957918473,91,55
17,7279,609.765017428617,54,37
95,2666,2363.28734257332,98,3
36,6170,1097.12875905115,79,43
11,2504,166.892910922836,71,60
87,3405,2704.5749539368,88,1
44,4908,1190.48260996127,77,33
11,8333,555.398812587856,71,60
21,1727,169.188475359638,75,54
81,5620,4055.84457035683,93,12
80,8127,5758.7888684536,96,16
27,2581,320.840683473818,65,38
81,9551,6892.77072802101,94,13
58,4395,1755.30381003231,67,9
15,8728,676.873257859681,65,50
23,4876,516.979557392525,89,66
32,9843,1493.48607485968,84,52
52,3390,1103.49014935105,79,27
95,5548,4918.0488284309,95,0
18,5366,467.333908274976,74,56
21,7730,757.282521441807,89,68
63,8939,4176.55446634576,82,19
55,4676,1689.36989596598,71,16
94,7257,6331.27699648881,96,2
7,1455,83.968883217754,70,63
25,7238,830.802785021614,89,64
49,6810,1990.14241938313,84,35
30,3103,434.754256792853,80,50
23,9573,1014.98057894148,90,67
57,4006,1548.09037217902,77,20
6,6599,368.204556972171,85,79
25,9627,1105.0205044768,76,51
79,2075,1442.68822550314,89,10
5,4890,264.164209351376,83,78
18,9402,818.835893701328,76,58
46,4343,1135.92932195088,86,40
38,2525,485.734339337344,83,45
27,1275,158.493557314652,81,54
76,8819,5767.63016464931,79,3
41,4613,997.36793932205,83,42
72,1362,812.907605653676,96,24
44,3622,878.550939951046,84,40
63,4273,1996.46685699692,77,14
42,9652,2168.8828791334,73,31
25,6106,700.867892420831,90,65
29,3011,405.375620672575,86,57
74,9884,6183.87677774472,89,15
85,1808,1394.40386869204,92,7
61,1511,664.115865604899,93,32
37,2743,507.354257567931,79,42
24,5774,636.943825664519,88,64
19,5953,539.127964081931,82,63
95,2103,1864.21353392036,97,2
47,4616,1253.20667990389,75,28
71,1182,688.336867467365,84,13
43,2621,611.979068229525,70,27
43,3907,912.24808072215,84,41
59,7492,3090.84851981436,81,22
65,2170,1075.30957094521,65,0
19,9766,884.448798458616,71,52
93,7512,6461.4783157751,98,5
95,2178,1930.69761144962,96,1
96,1407,1271.36695512429,98,2
29,5713,769.150089970913,80,51
3,3403,173.219589216404,67,64
80,5773,4090.74543344194,87,7
31,7830,1141.66254826519,59,28
24,4205,463.863662438397,77,53
21,7864,770.410058036012,90,69
65,5032,2493.5289221181,69,4
77,5828,3892.81013013638,82,5
79,4099,2849.91760787344,81,2
75,5111,3270.48118354878,78,3
96,9657,8726.07724636478,99,3
6,5343,298.12349566636,60,54
92,4466,3790.73125111907,93,1
87,5590,4440.10983627217,87,0
55,1438,519.5282100939,89,34
3,4482,228.142873602093,89,86
89,9194,7505.54119001441,93,4
92,1694,1437.86357801068,94,2
37,2892,534.913785230207,51,14
70,1961,1113.48748694481,89,19
12,6257,432.933363076536,66,54
22,2599,264.872137912943,50,28
9,3811,236.01956687865,50,41
90,2636,2180.32582315292,97,7
64,2098,1009.80043791522,80,16
11,1582,105.441128226808,69,58
87,3541,2812.59909306614,88,1
89,3667,2993.56314376581,91,2
39,3649,729.962976312269,69,30
77,7480,4996.26283003091,82,5
97,3172,2922.05225267785,97,0
31,2872,418.75540723086,74,43
82,1132,831.449235791723,83,1
22,8692,885.828635144017,76,54
87,7446,5914.3216173314,88,1
44,9223,2237.12736586651,89,45
34,7997,1313.77974930478,84,50
41,6861,1483.40373546252,93,52
90,9218,7624.52330721684,93,3
58,6743,2693.06338817927,73,15
9,9078,562.210870670267,85,76
66,2301,1173.19098185774,80,14
41,2526,546.141646374918,92,51
96,9014,8145.06164427173,99,3
28,4501,582.277021277103,60,32
59,5272,2174.98043198896,65,6
58,3261,1302.39948225606,73,15
42,6872,1544.19427532167,77,35
10,9311,598.066716989597,78,68
28,2730,353.169577446454,83,55
88,7203,5801.50815118201,92,4
73,3468,2119.95440388327,88,15
14,1269,94.7192088190503,91,77
77,5401,3607.59566109585,80,3
74,4485,2806.01854999849,80,6
26,7210,861.222991695753,89,63
32,4772,724.059285708667,73,41
18,4698,409.15667183672,89,71
55,5416,1956.72099156368,59,4
47,3623,983.615208252118,47,0
78,5600,3817.60525970882,87,9
48,3971,1118.70756574071,85,37
70,4081,2317.25774310136,77,7
9,8563,530.316334605585,60,51
1,6109,295.875847942787,89,88
62,1843,835.414702590751,65,3
21,3647,357.284522082571,89,68
24,6259,690.445342021861,43,19
13,6696,481.129017230307,86,73
5,2836,153.204437161657,87,82
60,6923,2948.75607050506,74,14
67,5395,2828.46231941664,88,21
62,3190,1445.99723345876,78,16
28,2093,270.763342708948,45,17
39,8724,1745.18964246321,66,27
9,4072,252.183593893956,88,79
71,7678,4471.27789205958,94,23
27,9107,1132.07907958003,78,51
29,1609,216.622176573289,77,48
4,2897,151.761719351054,65,61
9,7560,468.199403201941,87,78
18,6376,555.296496302879,59,41
19,9497,860.087061126508,76,57
90,4294,3551.7143720101,99,9
8,4956,296.166844757342,70,62
65,2966,1469.75492507995,90,25
8,6384,381.503054263695,63,55
94,1863,1625.35056420817,95,1
40,8372,1741.27293886203,63,23
90,6595,5454.95022901877,91,1
69,2780,1538.11206397087,81,12
93,7822,6728.12611634622,98,5
87,4670,3709.3583068678,94,7
38,7166,1378.52367354115,88,50
28,5601,724.579781420363,74,46
57,4129,1595.62285240319,81,24
53,9690,3267.16806803749,62,9
92,9650,8190.89936706203,95,3
9,9519,589.522502523714,18,9
88,3259,2624.89449739028,97,9
57,9548,3689.75708276718,88,31
15,2559,198.455392628658,71,56
49,1313,383.708810080771,90,41
88,3108,2503.27465415434,96,8
90,7964,6587.29698618734,93,3
22,9010,918.236999844408,86,64
75,6672,4269.35051000537,87,12
38,2477,476.50057763905,84,46
9,5710,353.626797921043,73,64
69,3262,1804.79192542194,72,3
67,8691,4556.4719217887,70,3
36,5720,1017.11126446881,82,46
25,5458,626.488201250065,87,62
90,2164,1789.91846786909,98,8
16,9524,767.566523148952,69,53
0,4316,278.952459359658,69,69
75,1310,838.256769800215,76,1
86,6670,5221.99346781523,91,5
17,7799,653.325645133368,81,64
15,7346,569.6964885698,80,65
95,4218,3739.06452024541,96,1
57,8213,3173.85577301705,77,20
24,2051,226.250742368883,66,42
98,7396,6934.7973819405,98,0
87,4943,3926.20088026714,91,4
75,8751,5599.68320039823,76,1
90,7683,6354.87226831709,91,1
7,9716,560.715923947559,80,73
19,2099,190.094002453884,56,37
28,7443,962.872221587531,63,35
97,3654,3366.07154201918,97,0
42,3950,887.597116926744,73,31
97,3003,2766.36914085485,99,2
69,6545,3621.20268298178,77,8
63,6333,2958.95731461771,92,29
78,4763,3247.00961642734,79,1
58,8278,3306.12171546017,73,15
88,3114,2508.10723070676,90,2
87,5193,4124.77466543137,88,1
98,6594,6182.80880699238,98,0
89,6050,4938.93019355962,90,1
63,6889,3218.73629249983,68,5
50,5019,1520.98163502894,93,43
55,6468,2336.79308962959,73,18
47,9646,2618.81101264144,89,42
80,1991,1410.82178381827,85,5
20,7198,677.953882833464,80,60
36,2110,375.193141263846,57,21
26,5536,661.266363665421,91,65
67,4343,2276.92527399935,84,17
15,4860,376.902386938365,76,61
75,6901,4415.88547205441,77,2
86,4224,3307.00156042751,93,7
64,4030,1939.70246177232,86,22
7,1513,87.3160964319325,40,33
51,7649,2402.83142688807,83,32
93,2476,2129.74178778743,94,1
47,7807,2119.53738085131,69,22
52,2351,765.281811541099,66,14
64,1489,716.67914778635,70,6
31,3155,460.018561912731,74,43
98,5151,4829.79195705456,98,0
92,9816,8331.79981213273,92,0
9,8937,553.478580213723,68,59
30,9782,1370.53372218746,41,11
56,1463,546.778979041737,71,15
56,1005,375.606885807892,83,27
23,4025,426.751993130622,84,61
46,6368,1665.57631180825,75,29
74,1592,996.027097346175,76,2
76,6094,3985.4788778062,82,6
21,9900,969.870240915122,46,25
31,5595,815.785690618614,64,33
7,6585,380.024120954578,86,79
57,6364,2459.32279793991,80,23
80,2350,1665.2090366514,97,17
82,2351,1726.79960542963,88,6
36,4820,857.07627530414,37,1
67,8362,4383.9855264063,84,17
45,8603,2167.20081962505,74,29
78,6102,4159.82630263271,80,2
98,7792,7306.10346134131,98,0
56,1951,729.163218120594,61,5
69,8561,4736.61056822109,91,22
85,9242,7127.8100411791,94,9
3,7651,389.451389096299,87,84
64,1439,692.613360419448,81,17
31,4290,625.508599241082,68,37
90,5827,4819.71114245525,95,5
37,8689,1607.14587823834,54,17
50,6471,1961.00262209052,63,13
30,1645,230.477200265628,48,18
68,5027,2708.31832833343,79,11
37,2301,425.600490945611,67,30
54,6927,2418.17145233379,90,36
1,2755,133.432306610309,80,79
51,2103,660.629427473606,73,22
32,6259,949.682956674465,72,40
51,2133,670.053527722873,81,30
54,5291,1847.05430262712,82,28
17,8884,744.216570248088,85,68
12,2939,203.354827246594,86,74
31,3055,445.437941883801,54,23
27,4571,568.214941557079,76,49
84,4035,3063.71293014726,96,12
70,1401,795.51043814874,70,0
44,7629,1850.48733320997,87,43
71,1308,761.712878720231,84,13
51,3687,1158.2219206349,84,33
53,4974,1677.07884111646,77,24
14,9314,695.204657951643,74,60
67,3886,2037.33170959279,69,2
39,1451,290.264806420691,72,33
29,7803,1050.53004586785,90,61
3,7059,359.317390619628,74,71
58,9146,3652.7892256099,82,24
11,8657,576.993582212057,58,47
37,1748,323.315801031259,63,26
26,6208,741.535691046773,56,30
98,7907,7413.93224702589,99,1
26,9762,1166.05531829874,36,10
59,4436,1830.08596287994,64,5
23,3393,359.743978308621,82,59
16,6399,515.713794795269,89,73
59,1770,730.219151104033,83,24
98,3488,3270.49395189406,98,0
3,6134,312.23301799983,77,74
15,6059,469.887152769455,82,67
53,4632,1561.76702695043,71,18
45,8035,2024.11467926157,71,26
79,9594,6670.43413757936,81,2
64,1748,841.339926346904,86,22
16,4534,365.408086513791,64,48
6,6771,377.801644985387,50,44
62,3975,1801.8304084635,72,10
57,7370,2848.0843841636,92,35
28,2034,263.130740119446,74,46
7,8604,496.541767151585,85,78
75,6203,3969.24178860361,87,12
52,5833,1898.71918618427,85,33
22,5414,551.757504678982,80,58
36,7612,1353.54037502388,39,3
7,6518,376.157512586475,60,53
26,3463,413.649822502412,81,55
20,2527,238.009094459595,73,53
5,1850,99.9394248057353,85,80
55,2952,1066.51410027621,93,38
40,9737,2025.17613541562,85,45
37,7798,1442.34360208339,83,46
84,6828,5184.39451971388,97,13
85,6711,5175.79887322581,89,4
4,7256,380.111506942095,45,41
48,2841,800.364692588606,82,34
83,3774,2819.30840511969,83,0
26,3841,458.801319154422,68,42
31,3989,581.620932954004,65,34
47,4793,1301.260748869,91,44
73,8667,5298.05213911657,78,5
83,1453,1085.44120631662,85,2
70,2905,1649.50594062961,70,0
63,5591,2612.27385852323,87,24
34,5634,925.576479627754,63,29
14,7047,525.993904293024,73,59
23,4899,519.418140210414,58,35
3,1913,97.3755727801882,89,86
7,6245,360.402526250772,58,51
10,2154,138.356321382837,71,61
38,3520,677.142524541565,72,34
79,1230,855.183863792225,85,6
8,6435,384.550776031779,57,49
86,9551,7477.55016658219,87,1
88,4677,3766.99342261256,89,1
82,5119,3759.88395584614,91,9
69,8195,4534.11092238895,84,15
88,8838,7118.38526171687,98,10
99,4949,4713.33333333333,99,0
59,2098,865.536598314272,76,17
77,5165,3449.95956111091,94,17
19,6690,605.87369052715,60,41
58,2482,991.27737349265,75,17
79,5777,4016.58307408755,84,5
22,6262,638.179810546691,88,66
39,1125,225.050246191094,76,37
32,4416,670.04312776393,75,43
31,2966,432.461190058054,69,38
17,6146,514.853111294997,69,52
43,3877,905.243360368512,73,30
73,6692,4090.75399965018,90,17
23,9093,964.088415785527,54,31
74,7301,4567.83532520378,81,7
35,1359,232.284429678496,83,48
19,2066,187.105387836934,63,44
17,1574,131.854669244765,84,67
56,2673,999.002194790542,72,16
67,1501,786.936411759848,67,0
34,3763,618.200974944842,92,58
1,4388,212.523034993117,61,60
94,9311,8123.2630721107,97,3
1,6065,293.744805659356,62,61
32,1212,183.897706261296,76,44
12,6079,420.617214981982,82,70
40,5753,1196.55317932074,68,28
96,6953,6282.73947333274,96,0
9,3876,240.045090847979,80,71
58,8231,3287.35054843594,68,10
58,2745,1096.31603152189,88,30
18,1751,152.497516472136,64,46
59,3614,1490.96723846891,92,33
40,5745,1194.88927780248,66,26
0,6746,436.008640139077,62,62
78,5424,3697.62338011797,97,19
57,9624,3719.12674534471,85,28
63,9468,4423.71827803576,89,26
36,8943,1590.21434233297,62,26
65,6984,3460.8120016043,88,23
93,7061,6073.54877365388,99,6
16,4766,384.105633066769,86,70
68,2641,1422.85034914036,81,13
26,1179,140.829668128889,51,25
11,3682,245.407227642924,16,5
28,9038,1169.21122379526,69,41
76,1869,1222.32688260909,89,13
15,7496,581.32927829012,24,9
81,2363,1705.33108892405,92,11
27,4777,593.822528072231,63,36
18,1460,127.153840119543,73,55
34,6798,1116.80314315042,90,56
15,2663,206.520793501413,74,59
3,1996,101.600440809857,66,63
11,1528,101.841999956108,58,47
21,4919,481.898153036513,46,25
50,4884,1480.07059284347,51,1
49,6511,1902.76318540434,83,34
42,4954,1113.20408031774,71,29
94,5162,4503.52099433309,96,2
92,6555,5563.86998456908,92,0
92,1052,892.935350689042,93,1
70,2074,1177.65071286259,82,12
75,7618,4874.68707812064,76,1
30,5725,802.116700012595,88,58
53,6974,2351.41693565464,66,13
57,2378,918.961284333928,80,23
0,9486,613.100794598174,66,66
83,1005,750.769726323606,85,2
47,6962,1890.126712628,73,26
74,3939,2464.4162917378,89,15
49,5494,1605.55689458016,77,28
59,2446,1009.10510937879,62,3
82,5354,3932.49046680997,85,3
39,1731,346.277312139364,86,47
85,7604,5864.51715571585,86,1
66,2425,1236.41379009345,76,10
66,3542,1805.92892557155,78,12
40,3435,714.437714404092,55,15
15,1069,82.9030147401465,78,63
62,5271,2389.29511522292,87,25
53,3327,1121.76142026427,85,32
50,7956,2411.02408613076,59,9
1,3194,154.694296665454,58,57
59,8697,3587.9751170349,88,29
77,5736,3831.3587691253,82,5
4,6776,354.96631353909,77,73
43,9773,2281.90440053688,76,33
62,5405,2450.03606484157,64,2
79,6215,4321.11196216966,80,1
62,4018,1821.32190722172,86,24
62,5675,2572.42454541645,66,4
25,4233,485.878445564589,67,42
39,5580,1116.24922110783,69,30
80,4105,2908.80131721447,90,10
12,1630,112.782704461364,70,58
72,1669,996.140083580018,75,3
10,1951,125.317169460499,72,62
50,1415,428.808331055181,83,33
53,9434,3180.8527919366,74,21
67,8172,4284.37332238606,71,4
76,1454,950.916686631148,77,1
76,6478,4236.61505914483,93,17
31,8744,1274.92941532961,51,20
67,5833,3058.09466342118,85,18
75,7143,4570.73901273506,90,15
68,1331,717.082095685655,74,6
78,7392,5039.23894281564,90,12
2,8745,433.584906131586,58,56
68,6247,3365.59868651261,74,6
45,4309,1085.48975145465,76,31
16,7519,605.977812637229,80,64
35,6851,1170.99383938733,79,44
11,8516,567.595858394118,72,61
35,9449,1615.05193232679,44,9
79,8660,6021.05061824445,90,11
97,8541,7867.98495905469,97,0
85,4500,3470.58485017377,85,0
65,3551,1759.64252830711,89,24
27,3697,459.56916187629,83,56
44,4212,1021.66111515014,62,18
36,2403,427.293421069678,78,42
6,3473,193.7830620343,64,58
46,3052,798.263018787496,68,22
49,7014,2049.7590204924,83,34
63,7297,3409.36547051404,71,8
67,1334,699.382527173643,78,11
10,5592,359.186884481348,83,73
46,1596,417.440294228324,72,26
66,1621,826.485259274839,75,9
44,1847,448.007616258857,51,7
30,8176,1145.52072302235,80,50
42,6404,1439.03087007566,90,48
93,8593,7391.30500099247,97,4
86,5859,4587.05543147368,88,2
23,8606,912.454075250219,75,52
36,2305,409.867388916192,72,36
81,4673,3372.41310983585,87,6
56,5288,1976.32757428073,63,7
45,6135,1545.48146325697,68,23
42,1730,388.745066400827,53,11
67,9771,5122.68866043003,73,6
45,3643,917.716213634088,85,40
64,5777,2780.56107237189,69,5
20,2520,237.349789488793,89,69
64,3232,1555.61249539656,80,16
49,4920,1437.81214440015,81,32
5,7805,421.636330058791,86,81
62,7846,3556.51858737224,81,19
52,1453,472.970851624507,64,12
94,1666,1453.48042939925,97,3
2,9315,461.846014936046,64,62
91,2095,1755.37813635028,92,1
98,5651,5298.61276437882,98,0
65,1481,733.886393810991,89,24
49,4206,1229.15404051769,73,24
11,5445,362.912100628931,78,67
55,3428,1238.48588609311,67,12
57,8570,3311.81589854574,90,33
19,5625,509.422946071034,52,33
64,4189,2016.23166559907,83,19
91,5816,4873.16431551945,92,1
60,1120,477.048504833983,85,25
38,8026,1543.96190396892,51,13
3,7251,369.090579314765,83,80
69,2475,1369.36235911076,82,13
92,2166,1838.49616881413,94,2
2,7687,381.128321719097,67,65
3,8363,425.69363050743,79,76
1,9788,474.060042505156,82,81
56,2846,1063.65890249678,83,27
45,2356,593.505187845707,67,22
15,3917,303.770915563287,77,62
51,4419,1388.16996671701,84,33
99,1663,1583.80952380952,99,0
59,4244,1750.87574987882,85,26
9,2716,168.204970779957,82,73
97,2551,2349.9859068667,98,1
50,2224,673.971539411112,69,19
27,5794,720.244447906741,82,55
28,9416,1218.11162682631,71,43
82,3492,2564.85930334337,87,5
94,4298,3749.73522542496,98,4
59,7931,3271.95937141587,89,30
1,5479,265.363197066382,76,75
0,9485,613.036162425014,70,70
12,3789,262.16789399025,42,30
90,9687,8012.44925981878,93,3
46,2549,666.701322047617,84,38
88,3938,3171.78107723931,97,9
51,9912,3113.72272235777,75,24
53,8926,3009.5709159239,65,12
2,7383,366.055730356718,68,66
30,3728,522.321582121739,85,55
48,2937,827.409750838696,92,44
0,5007,323.613291013394,84,84
56,6913,2583.65214088553,87,31
70,7502,4259.75682155021,83,13
55,3321,1199.82836281074,79,24
24,4486,494.861448204197,28,4
75,2049,1311.13597047377,85,10
29,8146,1096.70867020883,54,25
62,1279,579.758765389892,84,22
8,8456,505.324220998403,69,61
64,1009,485.647589064088,67,3
42,2103,472.561199214416,57,15
38,2771,533.057368041101,69,31
14,4712,351.707574432912,69,55
96,6043,5460.46233817773,97,1
62,8728,3956.32095725018,71,9
43,5381,1256.41334076424,75,32
62,2421,1097.41670915475,82,20
51,9523,2991.52355579227,58,7
32,8190,1242.67509429044,61,29
84,4825,3663.54767979196,96,12
85,5447,4200.95015086589,98,13
5,1502,81.1400086801159,67,62
57,4467,1726.24056228749,67,10
71,2223,1294.562484247,76,5
91,3271,2740.73598281708,91,0
35,3706,633.440836194633,41,6
81,2429,1752.96200380725,91,10
26,5968,712.868074124862,90,64
9,4717,292.129177897296,90,81
43,6349,1482.4323175083,43,0
86,2874,2250.07634580224,96,10
59,9352,3858.19745826267,67,8
61,1056,464.133920634529,69,8
4,9637,504.842143384918,73,69
99,5886,5605.71428571429,99,0
6,5809,324.124908539376,48,42
68,7993,4306.26385485758,72,4
67,3330,1745.8349441441,92,25
11,1978,131.834735545275,80,69
28,2121,274.385594785322,75,47
37,5896,1090.54345702535,85,48
20,2880,271.256902272906,69,49
59,4715,1945.18830364718,77,18
93,8950,7698.38004874696,94,1
84,3855,2927.04172136746,84,0
29,1326,178.521445703034,77,48
90,4948,4092.66015666185,90,0
91,7044,5902.09240689804,94,3
12,6227,430.857607779701,61,49
47,5471,1485.33226727776,65,18
62,8344,3782.25734043257,82,20
38,1521,292.594823814693,79,41
87,7846,6232.03967359417,88,1
21,8823,864.360114706477,57,36
74,3794,2373.69774329861,79,5
49,6636,1939.29296549581,92,43
41,4691,1014.2321706828,85,44
49,1524,445.371078875167,73,24
45,4807,1210.94203649164,91,46
98,8506,7975.57957420036,98,0
51,9268,2911.41870367351,65,14
18,5410,471.165941812825,23,5
35,6025,1029.81139721335,63,28
95,1930,1710.85692841954,95,0
83,2215,1654.68153612616,89,6
19,1167,105.68828054487,65,46
37,1297,239.897364952828,73,36
56,1613,602.839708266796,76,20
49,2472,722.412931088854,78,29
20,7625,718.171486052398,47,27
3,9689,493.189714933217,86,83
29,1426,191.984601487576,89,60
26,3979,475.285198884521,76,50
83,4365,3260.80582627119,90,7
23,6366,674.957313855786,73,50
72,7879,4702.56903446792,85,13
63,5107,2386.13532382009,92,29
64,2299,1106.54490313017,80,16
41,3183,688.190364375046,73,32
98,7947,7451.43791161184,99,1
1,3009,145.734232519209,37,36
76,8616,5634.8680687854,89,13
59,7109,2932.84064700484,88,29
69,7545,4174.48040383461,89,20
30,7755,1086.53537268082,72,42
91,1210,1013.84608352451,92,1
89,6579,5370.7804534593,89,0
62,2210,1001.77237803883,80,18
43,5280,1232.83078224033,78,35
8,1848,110.43509465528,81,73
61,3735,1641.61003178974,77,16
80,3323,2354.67643778409,91,11
76,3611,2361.59570524421,86,10
78,3151,2148.08467381116,82,4
36,8324,1480.1458331186,55,19
54,5940,2073.61605700342,72,18
56,6025,2251.77262387318,66,10
1,4198,203.320806951026,65,64
14,2121,158.313192990706,81,67
93,3527,3033.76384714307,95,2
62,6790,3077.84364112382,70,8
73,2770,1693.27384623894,82,9
87,5756,4571.96282962121,89,2
69,3039,1681.41099367175,74,5
30,5029,704.601726526348,87,57
73,1028,628.406322719723,79,6
6,5808,324.069111516043,75,69
84,4460,3386.40883976624,87,3
32,2715,411.949069718992,58,26
83,3305,2468.94919950201,93,10
25,3292,377.867196503337,91,66
22,6240,635.937722422764,67,45
10,1545,99.238865615823,73,63
72,8788,5245.10428669934,81,9
77,4507,3010.44873996648,88,11
55,2278,823.007832123717,74,19
26,8091,966.457035479935,78,52
30,5909,827.896520589419,88,58
40,2077,431.990431678981,77,37
94,5885,5134.29311345413,94,0
27,6658,827.647140863494,53,26
52,7920,2578.06548166972,69,17
4,7055,369.581957204586,80,76
32,1560,236.700017960084,67,35
83,8957,6691.18849619954,88,5
97,9335,8599.41922406926,98,1
10,3834,246.266544188392,55,45
45,8767,2208.51442353282,71,26
61,8566,3764.93481454108,70,9
96,2857,2581.58876388777,98,2
71,2112,1229.921712429,78,7
26,2604,311.043643602738,71,45
42,3668,824.229424022101,87,45
80,9578,6786.96687363708,84,4
30,9818,1375.5776001264,76,46
51,9159,2877.17780610117,72,21
33,2846,449.342690787563,41,8
20,7423,699.145828323535,52,32
55,2542,918.387141904517,58,3
13,4126,296.466297056787,72,59
44,7089,1719.50513895996,79,35
92,3100,2631.27337180231,92,0
10,2213,142.146025636127,83,73
11,1257,83.7797080790754,83,72
89,6989,5705.484813684,91,2
85,8239,6354.25524012926,87,2
48,3480,980.383361565769,88,40
28,8864,1146.70151446351,73,45
17,5994,502.120004735146,59,42
6,6192,345.495168475781,85,79
69,3865,2138.41839109619,81,12
81,5230,3774.38916422886,85,4
91,8847,7412.80686028208,91,0
28,9796,1267.27076214852,91,63
1,9017,436.718369765937,67,66
77,3119,2083.33472819069,80,3
80,6748,4781.63003375475,88,8
11,4799,319.855862427592,63,52
53,8109,2734.10380430506,56,3
65,1789,886.510978074182,81,16
83,8066,6025.5807089813,85,2
26,5348,638.810063743257,84,58
45,5637,1420.02917821997,81,36
10,6548,420.592939839747,51,41
74,2136,1336.37806528356,78,4
88,6553,5277.97902466968,92,4
52,5626,1831.337929277,75,23
8,4957,296.226604007697,20,12
11,2970,197.952054888508,71,60
63,3171,1481.58118500754,73,10
50,6098,1847.96692775583,68,18
24,4484,494.640823394476,87,63
96,7414,6699.29964839479,96,0
57,5665,2189.19919081232,68,11
53,5291,1783.96142910076,91,38
12,1597,110.499373634845,59,47
20,3471,326.921079093492,75,55
13,1297,93.193598468893,61,48
74,9820,6143.83548739914,92,18
6,4801,267.881509020062,23,17
28,6908,893.661333699672,78,50
43,2792,651.905974245263,89,46
42,1162,261.11084806807,59,17
58,1022,408.173036144032,75,17
57,2378,918.961284333928,57,0
28,7611,984.605734045774,74,46
89,1659,1354.32813076288,90,1
56,1490,556.869910302248,88,32
55,1496,540.482755424531,72,17
13,5841,419.694532503319,88,75
45,4048,1019.74066230875,87,42
14,1828,136.443430828388,77,63
97,2267,2088.36458285646,98,1
89,6890,5624.66595597121,92,3
75,3321,2125.07689504314,86,11
18,1181,102.855263822726,73,55
86,9820,7688.15230194086,94,8
64,7656,3684.95336162008,73,9
62,2630,1192.15445893308,71,9
75,8638,5527.37555536966,96,21
36,5393,958.965218405649,77,41
78,6389,4355.47857219279,82,4
12,3260,225.565408922728,74,62
65,3202,1586.70103509979,79,14
99,5530,5266.66666666667,99,0
86,4965,3887.13606712183,91,5
93,3659,3147.30420093465,94,1
17,2670,223.667069176316,76,59
99,4475,4261.90476190476,99,0
46,7450,1948.57781453697,79,33
36,3699,657.743805466808,83,47
50,2649,802.765561106131,63,13
40,1082,225.042680345045,83,43
5,8593,464.205122894964,80,75
80,5689,4031.22306787652,90,10
23,4081,432.689412165483,28,5
62,8395,3805.37516454116,78,16
36,3957,703.620502360681,57,21
81,8794,6346.45856792135,81,0
82,2657,1951.55531757828,83,1
51,5987,1880.73627307869,86,35
49,2976,869.70100441765,58,9
48,1936,545.408674710152,70,22
27,5063,629.374808379674,88,61
39,3276,655.346316908467,72,33
96,3426,3095.7378736715,96,0
76,2872,1878.2893562618,91,15
80,7912,5606.43995658975,86,6
46,1299,339.75873571591,59,13
39,1243,248.655516458249,90,51
20,3953,372.318935654443,69,49
95,6897,6113.87576959047,96,1
80,9857,6984.66615926506,81,1
59,4531,1869.27851618778,92,33
24,3327,367.009370970879,69,45
3,3805,193.682203046846,90,87
0,9656,624.088264035417,72,72
52,1223,398.1027883942,79,27
42,6067,1363.30422997331,80,38
61,5757,2530.3210048229,90,29
95,1199,1062.85878610105,98,3
9,5142,318.449911542908,75,66
5,7153,386.414435478608,80,75
14,6015,448.964571352709,88,74
46,2892,756.414367737037,85,39
90,5331,4409.45256571631,95,5
73,4644,2838.83167578832,78,5
46,5435,1421.54636537026,77,31
63,2588,1209.18704093331,87,24
18,7809,680.098861296923,67,49
28,7415,959.249969511157,59,31
36,4524,804.442545534426,65,29
92,4145,3518.26713745825,96,4
47,1913,519.364033504362,78,31
42,9439,2121.02004725862,92,50
51,5788,1818.22307475855,80,29
74,1414,884.662258572545,89,15
88,6092,4906.67605955863,93,5
17,5948,498.266564592034,84,67
87,1935,1536.96109717113,88,1
40,5747,1195.30525318204,84,44
18,1962,170.87385911955,58,40
63,8272,3864.91313856272,73,10
84,4873,3699.99333546657,91,7
26,2324,277.598090527175,75,49
54,4719,1647.37275639716,86,32
6,4554,254.099644256897,57,51
94,7450,6499.6573823676,97,3
80,6401,4535.7459760024,93,13
86,2366,1852.35930207659,89,3
56,4576,1710.22597955912,72,16
79,4577,3182.25735331465,85,6
98,8295,7777.73719350952,98,0
77,8333,5566.02381853577,83,6
67,2120,1111.46248696261,78,11
77,6320,4221.44132163039,96,19
78,9271,6320.18185049294,83,5
72,1983,1183.55050074247,78,6
59,5736,2366.40511340833,78,19
3,4369,222.390944838809,82,79
41,1152,249.071724712552,59,18
7,1604,92.5677585438333,84,77
56,3713,1387.68991741761,72,16
66,3068,1564.25464247699,79,13
33,6165,973.365315778399,82,49
0,1199,77.4939756191451,78,78
66,2583,1316.9718844583,79,13
43,7228,1687.6706238699,78,35
63,4660,2177.28423908393,79,16
2,2709,134.314638160145,78,76
59,7893,3256.28235009273,77,18
4,4899,256.638130169421,62,58
80,5764,4084.36803713136,86,6
9,8907,551.620646074033,83,74
2,1934,95.8894463646069,20,18
43,7529,1757.95131808474,88,45
93,8411,7234.75693743136,98,5
84,4800,3644.56556746143,94,10
13,1348,96.858111592959,80,67
54,2527,882.15955825718,74,20
4,5467,286.393275696311,74,70
75,6663,4263.59149402964,75,0
16,5276,425.20799833409,70,54
68,2637,1420.69533157256,88,20
87,2393,1900.748271592,92,5
79,4205,2923.61637987505,85,6
63,1519,709.719905400964,79,16
67,5360,2810.1127028866,70,3
48,9097,2562.80098855282,89,41
19,9974,903.286126953332,72,53
87,1962,1558.40706596887,98,11
7,6985,403.108350017878,41,34
42,4838,1087.13793713711,65,23
64,4096,1971.46930109664,67,3
11,4720,314.590471068605,72,61
41,7459,1612.6961758949,78,37
42,1180,265.155594423686,67,25
83,8584,6412.54460772322,86,3
33,3622,571.861990875809,76,43
32,1671,253.542134622628,73,41
2,1633,80.9655976801464,54,52
10,2637,169.380510439434,73,63
3,4187,213.126776388211,57,54
52,1391,452.789025884164,55,3
33,3079,486.130057953235,90,57
1,8958,433.860835794972,73,72
83,3782,2825.28468154814,94,11
20,6388,601.662879069209,73,53
0,1469,94.9446623724138,73,73
38,2320,446.298482084213,85,47
31,6156,897.58296898091,60,29
99,2436,2320,99,0
55,8882,3208.93571770099,81,26
92,4626,3926.53890901854,93,1
67,6677,3500.58255917422,87,20
19,1576,142.728988979191,85,66
10,2942,188.97135446068,45,35
13,3792,272.46732875408,72,59
45,5612,1413.73137274623,55,10
60,1632,695.127821329518,67,7
53,1913,645.004387425771,88,35
41,1766,381.823494654832,92,51
81,8162,5890.35647388834,86,5
8,2810,167.923493496395,88,80
14,5256,392.312184044861,78,64
79,2303,1601.21011245,90,11
28,2219,287.063477052631,72,44
81,2187,1578.3153159022,86,5
62,2802,1270.12045396597,66,4
68,7836,4221.67941532141,73,5
37,4109,760.014088350941,58,21
19,4614,417.8626618972,88,69
4,4826,252.813965339381,44,40
87,8663,6880.97880351087,89,2
2,5954,295.20463477501,83,81
48,2774,781.489495684897,78,30
39,2022,404.490309154127,48,9
91,6144,5147.99201419387,95,4
20,7111,669.759663910637,73,53
7,4506,260.043840398075,66,59
54,7533,2629.72218138161,91,37
97,2951,2718.46664490931,98,1
17,4323,362.139603014688,85,68
95,8301,7358.45770093816,97,2
3,4379,222.899965083348,64,61
36,6981,1241.33806595398,71,35
54,1694,591.364579219495,90,36
25,3693,423.89536958895,87,62
19,4550,412.066560821903,44,25
41,8151,1762.31217719793,56,15
49,1912,558.759516279082,59,10
57,8278,3198.97456337942,57,0
3,3760,191.391611946423,82,79
39,8584,1717.18338960387,71,32
9,7057,437.048040793135,59,50
57,4308,1664.79613663186,88,31
26,5771,689.336738568126,52,26
94,4920,4292.39118406021,98,4
28,3356,434.152784582528,80,52
30,2191,306.976015672942,79,49
14,2529,188.766650199668,87,73
26,1432,171.050114300738,69,43
93,2228,1916.42354733053,98,5
60,8203,3493.95436174389,77,17
56,3005,1123.08327547534,71,15
98,9232,8656.30738643519,98,0
74,2035,1273.18790395695,92,18
8,6309,377.021110487101,36,28
64,8524,4102.7354303095,77,13
78,5459,3721.48341299115,89,11
91,4587,3843.39833481563,93,2
60,1133,482.585674979377,67,7
41,5120,1106.9854431669,86,45
63,1811,846.150591626823,76,13
80,9770,6923.01799492945,87,7
26,1186,141.665806955778,53,27
61,3583,1574.80287654689,83,22
65,4775,2366.17659044395,70,5
84,8973,6813.05975767321,86,2
93,4046,3480.18387455086,98,5
40,3667,762.690858433714,84,44
70,4260,2418.89683548439,91,21
91,2936,2460.04305886608,91,0
26,3903,466.207120192583,65,39
97,4556,4196.99560630526,97,0
65,5308,2630.29640671758,73,8
6,9572,534.089107340145,74,68
49,7804,2280.62723067048,76,27
41,1452,313.934153023112,86,45
8,2622,156.688754429732,84,76
28,8600,1112.54885202912,82,54
94,8290,7232.50465769495,96,2
48,6149,1732.29232478963,57,9
29,7243,975.136373474413,77,48
91,6286,5266.97229837608,96,5
5,3545,191.505546452071,83,78
48,1114,313.835363443755,92,44
35,7936,1356.44535241247,43,8
28,4107,531.306759916699,65,37
84,2348,1782.79999008322,90,6
29,3702,498.406027143763,69,40
61,2797,1229.33956062005,66,5
91,2743,2298.33041909729,98,7
37,6603,1221.31249096648,72,35
46,5890,1540.553466795,85,39
67,7820,4099.82860756963,84,17
67,7056,3699.28269245669,89,22
76,9911,6481.79868033103,81,5
85,6527,5033.8905149076,86,1
69,4384,2425.56952821881,84,15
45,8624,2172.490976223,53,8
35,1405,240.146890138548,76,41
81,4848,3498.70720232917,89,8
36,3149,559.94464542173,76,40
87,5441,4321.75986031428,91,4
31,6432,937.825480260756,79,48
11,7992,532.67098406362,80,69
66,2336,1191.03612934363,83,17
23,3396,360.062054328346,84,61
8,4236,253.140184502038,76,68
51,3089,970.36818899951,73,22
0,3838,248.058280589057,22,22
9,2510,155.447156354084,66,57
32,5946,902.191222301705,48,16
27,3106,386.102736485733,87,60
91,5206,4362.05182713106,92,1
17,1531,128.252540415334,64,47
64,8029,3864.48413537717,78,14
5,2224,120.143395009706,80,75
64,4942,2378.66242334462,78,14
20,4049,381.360832396874,86,66
40,4472,930.120948708909,81,41
62,5335,2418.30571802586,81,19
27,1740,216.297089982349,88,61
17,8968,751.253287031163,77,60
69,3263,1805.34520314279,75,6
30,9236,1294.03490678014,77,47
74,2158,1350.14225883985,78,4
47,3782,1026.78242274621,83,36
24,8215,906.216405928996,60,36
14,1070,79.8656843470322,86,72
50,1075,325.773113699166,74,24
86,3983,3118.32083692774,91,5
49,5479,1601.17332096919,83,34
48,2092,589.356894366548,55,7
74,6357,3977.22629260655,78,4
97,7255,6683.31938624772,99,2
36,1337,237.740867236854,68,32
32,1639,248.686749638832,62,30
36,2904,516.379565038013,79,43
66,4088,2084.31322635135,79,13
75,8419,5387.23949996031,90,15
47,8387,2277.00269158447,84,37
52,1741,566.718687321588,82,30
29,9959,1340.79568458259,50,21
40,2887,600.46046040309,90,50
68,5970,3216.36371994242,72,4
34,3389,556.758730823297,81,47
46,3617,946.041067809427,85,39
28,6386,826.132205704416,80,52
47,5319,1444.06549618907,75,28
50,3867,1171.87407504621,58,8
46,8877,2321.81547109325,87,41
77,3523,2353.18635697846,86,9
78,1027,700.121536021599,85,7
74,7702,4818.71903502527,91,17
51,3811,1197.17486833187,71,20
76,8867,5799.02218731664,91,15
84,3995,3033.34155041842,84,0
44,5461,1324.61807925805,87,43
62,6091,2760.99346363552,84,22
83,1100,821.73800891141,90,7
36,3958,703.798319015309,65,29
21,4184,409.892635150391,83,62
9,4312,267.047067011478,78,69
89,8085,6600.2067132115,96,7
42,6957,1563.29446644541,44,2
46,1577,412.470766916082,91,45
22,1519,154.805993647465,81,59
78,5356,3651.2667448215,86,8
65,2663,1319.60801263921,86,21
9,5604,347.062097294137,75,66
34,5429,891.898244213539,68,34
45,5046,1271.14905682064,74,29
21,5609,549.495169827567,74,53
34,1954,321.01108292379,45,11
17,3598,301.406035541718,66,49
51,1389,436.335841541055,89,38
30,2896,405.751958643926,81,51
95,3394,3008.62612179064,98,3
10,9652,619.969922928106,80,70
78,3285,2239.43451395419,80,2
25,6414,736.221202421751,77,52
85,5306,4092.20515889378,93,8
10,1092,70.1416448236108,75,65
98,9366,8781.95136279809,99,1
5,4031,217.759903455091,76,71
44,7398,1794.45606122524,86,42
70,9756,5539.6144429544,86,16
95,4575,4055.52872928467,96,1
33,6274,990.57485664131,86,53
29,2578,347.080156125506,78,49
66,6438,3282.48741468934,69,3
67,3593,1883.71920549842,83,16
56,1054,393.920057354744,90,34
6,6877,383.716129458648,57,51
43,4271,997.238687679627,69,26
94,9447,8241.91453573513,96,2
34,8916,1464.75681440558,69,35
6,3015,168.228025347946,76,70
0,4392,283.864504519838,82,82
28,3482,450.45291892621,90,62
61,5640,2478.89707611623,72,11
70,2569,1458.71971135197,76,6
47,1362,369.771988307862,79,32
34,1979,325.118184803572,78,44
31,8466,1234.39529164918,84,53
15,4552,353.016392045975,53,38
14,4686,349.766912944105,80,66
32,4756,721.631593216769,79,47
26,4456,532.26208751682,88,62
53,5426,1829.47925048209,80,27
33,2141,338.033275114607,62,29
77,3507,2342.49916375914,89,12
28,5027,650.323613854698,80,52
57,1776,686.322641285558,75,18
21,2802,274.50266818628,83,62
43,5887,1374.55962406227,69,26
20,3189,300.360507412603,56,36
58,6673,2665.10633090913,80,22
43,1209,282.29023025162,80,37
53,3717,1253.25734869921,82,29
97,5441,5012.25923922452,98,1
45,2335,588.215031247761,85,40
13,8060,579.136779999443,59,46
35,1507,257.581041593446,63,28
58,7106,2838.04069945156,86,28
76,7390,4833.06348982406,77,1
73,9509,5812.75848515744,85,12
57,5962,2303.9727406219,83,26
58,9236,3688.73401352865,60,2
7,1323,76.351087626865,85,78
80,2872,2035.09802266503,94,14
26,8735,1043.38180755373,65,39
93,5209,4480.54320379027,97,4
43,8297,1937.27215913788,57,14
49,6528,1907.73123549678,71,22
11,9726,648.242991867214,68,57
94,3930,3428.67832385297,94,0
23,9824,1041.59293925844,82,59
94,6732,5873.24744940922,94,0
87,2547,2023.06972325317,97,10
84,5809,4410.68362112155,87,3
70,5046,2865.20033611602,73,3
27,2289,284.542551131952,73,46
45,1534,386.433343868979,80,35
71,7412,4316.37297941464,75,4
13,6541,469.991771461087,81,68
65,8368,4146.63156205967,73,8
89,1766,1441.67780526054,98,9
87,7229,5741.95957180885,88,1
79,1673,1163.18910904422,88,9
92,3510,2979.28049516971,93,1
58,1738,694.133793364313,79,21
99,7311,6962.85714285714,99,0
48,8899,2507.020555912,80,32
56,5971,2231.59076135216,78,22
43,5902,1378.06198423909,55,12
84,1046,794.211579909303,96,12
94,7077,6174.23829463295,95,1
77,5671,3787.94204667183,88,11
5,5221,282.045263194997,55,50
45,7412,1867.17336685585,82,37
99,6459,6151.42857142857,99,0
46,9445,2470.37818232238,77,31
69,2565,1419.15735398751,81,12
85,5016,3868.54524632703,87,2
22,1764,179.774702300281,84,62
15,7251,562.329055080264,30,15
26,3119,372.559571581006,83,57
60,7832,3335.93204451764,91,31
15,5041,390.939286534218,65,50
38,1115,214.492589449956,49,11
21,6700,656.376829710234,72,51
51,7853,2466.91530858309,76,25
6,3282,183.125830577764,48,42
89,9486,7743.91600266225,98,9
54,5366,1873.23632354888,76,22
98,8680,8138.72921514921,98,0
97,9097,8380.17318493391,98,1
13,1396,100.307065121492,71,58
16,2485,200.273289586849,68,52
77,1922,1283.79908547051,84,7
0,5427,350.758803740701,68,68
12,9918,686.244701133623,75,63
55,1350,487.735106833634,87,32
88,9596,7728.90076617278,95,7
31,8288,1208.44178799769,71,40
82,8901,6537.74703867679,95,13
14,5809,433.588561095243,84,70
42,3733,838.83545252849,82,40
55,7539,2723.7296077176,91,36
39,1571,314.270166014408,89,50
48,4482,1262.66615705108,57,9
93,6227,5356.18017469802,94,1
59,2604,1074.28851382763,89,30
96,7097,6412.85805296167,96,0
36,3481,618.979774758032,85,49
65,1651,818.127235774441,82,17
52,2982,970.680715446855,63,11
47,3016,818.819615812418,71,24
85,2833,2184.92597345384,87,2
67,1361,713.537945639676,86,19
36,6259,1112.95444131299,83,47
46,2567,671.409295290793,84,38
10,1775,114.012288976107,79,69
69,8633,4776.44656412249,83,14
43,1662,388.061507591557,87,44
50,1889,572.451545839744,65,15
57,3245,1254.00730347502,88,31
91,4189,3509.91838337534,97,6
8,8341,498.451907207626,74,66
16,2334,188.103765752799,64,48
26,3825,456.890144692962,73,47
40,2244,466.724375872717,70,30
98,5863,5497.39278668431,98,0
93,5671,4877.93444206078,98,5
0,6431,415.649505593597,71,71
86,4329,3389.20685489837,91,5
13,5608,402.952737250233,61,48
76,4487,2934.50011892295,90,14
71,9115,5308.11382991965,86,15
82,6522,4790.38155108977,88,6
15,7474,579.623135797806,53,38
69,3104,1717.37404552719,94,25
96,3857,3485.19001131086,99,3
3,8807,448.294129364933,52,49
86,8449,6614.78602842142,88,2
11,7463,497.412857115465,65,54
76,8777,5740.1621448154,87,11
97,3068,2826.24726078677,97,0
96,9144,8262.52980643673,96,0
87,7686,6104.95245108906,92,5
29,2806,377.776151314263,72,43
9,8803,545.179807723107,76,67
41,4810,1039.96093391265,71,30
18,4919,428.403931197281,65,47
43,2276,531.424784162686,85,42
4,9572,501.437065111595,65,61
40,1586,329.868475995601,78,38
94,4228,3688.66461914768,97,3
87,5860,4654.56952424953,89,2
24,7531,830.762721004415,70,46
45,2050,516.420048847071,76,31
29,1390,187.137865405141,61,32
54,9191,3208.51939055866,89,35
42,4156,933.886991885455,55,13
45,8385,2112.283955894,83,38
31,8829,1287.3229423542,75,44
69,4209,2328.74592706957,78,9
61,1645,723.011647200569,62,1
79,4123,2866.6041222889,97,18
57,3112,1202.61039396433,75,18
83,2260,1688.29809103617,83,0
74,6324,3956.58000227212,85,11
98,3847,3607.10729155288,98,0
8,3092,184.775602096389,72,64
50,2040,618.211304136092,53,3
1,5078,245.941652619655,59,58
55,8326,3008.0611107384,85,30
43,2632,614.547465692526,87,44
66,1186,604.695569093127,78,12
27,6969,866.307137981029,70,43
65,3416,1692.74538910084,87,22
29,4825,649.597266604176,69,40
42,5794,1301.95891024647,90,48
53,8399,2831.88282801309,81,28
22,5438,554.203418995992,58,36
74,2300,1438.9838717941,83,9
72,3048,1819.19411309281,86,14
12,9274,641.685154094901,80,68
36,4475,795.729529457682,89,53
16,7919,638.214961866501,83,67
20,2041,192.234492201042,85,65
78,1133,772.383349866087,81,3
40,8425,1752.29628642052,88,48
12,3831,265.073951405819,85,73
0,9056,585.308960139265,77,77
23,8679,920.19392506352,78,55
50,9011,2730.73630469134,81,31
30,7941,1112.59540869869,66,36
11,4579,305.192747250665,81,70
87,1207,958.714234772899,98,11
53,7473,2519.66429024192,91,38
33,3990,629.963927000132,53,20
75,9981,6386.74871708087,77,2
24,9916,1093.8578065967,65,41
21,4256,416.946236902501,79,58
19,8558,775.047390662383,71,52
71,9559,5566.67691719166,78,7
56,6981,2609.06633813422,79,23
18,3654,318.232966984115,83,65
25,7813,896.803282588267,74,49
61,8456,3716.58753114165,82,21
25,5457,626.373417776036,67,42
59,1842,759.922980979452,78,19
94,5971,5209.32271545194,96,2
72,8298,4952.64854017195,79,7
3,6468,329.234294167411,30,27
36,4914,873.791040839117,41,5
78,5483,3737.8445783899,78,0
93,4714,4054.76687707186,97,4
73,9742,5955.18910110461,77,4
60,5394,2297.49967417366,65,5
45,2824,711.400106314209,74,29
99,6012,5725.71428571429,99,0
30,5672,794.690990824705,71,41
75,5364,3432.37352153309,91,16
59,8104,3343.33107375542,72,13
70,8544,4851.42125877433,81,11
93,2549,2192.53304405095,97,4
94,3703,3230.63507206808,95,1
25,7064,810.830460540575,89,64
96,2900,2620.44361752696,96,0
62,2905,1316.80939285194,79,17
56,4459,1666.49861076357,93,37
41,4197,907.42537206474,85,44
0,6981,451.197200831737,69,69
2,2287,113.391501466316,85,83
74,8419,5267.30661592804,85,11
22,9126,930.058919043293,62,40
46,8346,2182.93026041954,87,41
56,4739,1771.14530531701,81,25
93,5530,4756.65270051069,96,3
58,6971,2784.12351757343,88,30
41,3731,806.672400089003,81,40
55,5285,1909.3926219376,64,9
4,3764,197.180224935232,74,70
32,3673,557.307157671403,51,19
91,4689,3928.86304598877,94,3
80,8110,5746.7426754225,81,1
3,2239,113.969632752139,20,17
71,4741,2760.91801071301,81,10
27,3712,461.433791962345,82,55
95,5290,4689.34360173025,97,2
70,2985,1694.93123331477,75,5
95,3872,3432.35130924377,95,0
39,4223,844.788613035548,65,26
82,1208,887.270915933217,92,10
10,9829,631.339035687977,85,75
49,5994,1751.67601494603,50,1
90,9107,7532.71140798695,96,6
25,2547,292.353508351762,82,57
30,9053,1268.39519392385,73,43
86,1906,1492.2218215376,93,7
48,3814,1074.47762672754,69,21
72,5605,3345.33563119593,77,5
45,9561,2408.53272537895,68,23
45,1588,400.036603692268,57,12
40,6586,1369.80692490986,83,43
53,3879,1307.8787343568,56,3
78,6547,4463.18957773458,90,12
18,1992,173.486609258992,74,56
9,8662,536.447517266563,70,61
63,2239,1046.12433719076,93,30
29,8988,1210.06844191468,82,53
65,2350,1164.50575655356,67,2
76,2720,1778.88128448193,78,2
28,1291,167.011693949953,85,57
21,6491,635.901791290915,69,48
27,2787,346.448269988969,58,31
9,8067,499.598490162706,49,40
28,4795,620.310668079029,80,52
93,5404,4648.27327189146,95,2
74,6938,4340.72613152498,74,0
52,6754,2198.5169524239,90,38
74,2595,1623.54919448073,92,18
94,6482,5655.13814127608,94,0
36,5824,1035.60419655007,70,34
39,5562,1112.64841716877,84,45
55,6117,2209.98196185284,61,6
45,6074,1530.11481790103,69,24
83,3327,2485.38395968024,84,1
5,9794,529.084717052633,74,69
12,2723,188.409389109383,69,57
42,3367,756.592276630974,51,9
2,4997,247.755720519101,29,27
81,6515,4701.74864339408,88,7
28,8308,1074.77393751837,39,11
61,4525,1988.83143074928,68,7
75,6462,4134.97347057175,85,10
88,9244,7445.38960843072,89,1
90,4146,3429.29850637025,91,1
85,1915,1476.92666401839,94,9
67,7545,3955.65304911929,68,1
11,9626,641.577939514065,34,23
44,2508,608.339524405638,70,26
5,7548,407.7528532074,74,69
1,8872,429.695616786447,86,85
89,8423,6876.13372237235,94,5
97,3255,2998.51200582169,98,1
21,6861,672.14946696148,87,66
59,7957,3282.68575442644,79,20
75,4137,2647.22767684236,86,11
51,3955,1242.41054952835,80,29
77,8157,5448.46469312327,78,1
49,8508,2486.36295214562,51,2
85,9247,7131.66624656819,87,2
48,4202,1183.78473715499,81,33
60,3770,1605.77934216439,89,29
15,9560,741.396464841722,38,23
49,9170,2679.82466751003,81,32
94,5777,5040.06989234062,94,0
25,2782,319.327624748567,87,62
34,9321,1531.29186485806,88,54
58,6684,2669.49958276586,71,13
92,2653,2251.86072754565,95,3
81,9329,6732.55765068663,82,1
31,1968,286.946602169336,55,24
11,8530,568.528965723559,86,75
36,8882,1579.3675264007,86,50
16,5885,474.289058035656,90,74
36,9759,1735.31273250894,59,23
0,3694,238.75124765398,69,69
62,3880,1758.7677949279,70,8
85,2052,1582.58669167924,87,2
6,6336,353.529939835683,66,60
20,7946,748.405328284899,90,70
3,4479,227.990167528731,24,21
14,9115,680.351133479625,66,52
33,8302,1310.76704810905,72,39
60,2337,995.412817675909,81,21
62,3173,1438.29129208923,65,3
13,9589,689.000320522911,83,70
58,1937,773.611713317994,74,16
19,9422,853.294755178894,82,63
97,5693,5244.40210419136,97,0
4,9873,517.205196808063,85,81
42,3381,759.73819046312,87,45
6,4964,276.976423823285,55,49
80,3123,2212.9565197712,81,1
68,5848,3150.6356841245,84,16
24,5903,651.174125891524,61,37
3,8602,437.859214351897,68,65
94,6207,5415.21790232962,95,1
57,6371,2462.02789844048,72,15
38,3876,745.626257137245,88,50
65,9168,4543.05905365238,82,17
69,2230,1233.80931750181,87,18
48,1445,407.084470535211,67,19
7,2226,128.463734737265,73,66
46,7552,1975.25632958164,79,33
51,1368,429.738971366568,68,17
89,9914,8093.31470065291,98,9
87,1927,1530.60673604588,88,1
40,4220,877.70805088363,58,18
20,2369,223.127639404345,67,47
86,7371,5770.81167185398,97,11
18,2693,234.537870850636,76,58
28,8790,1137.12841969023,81,53
30,9024,1264.33207002859,73,43
12,6385,441.789919009698,70,58
30,8915,1249.06032849123,75,45
40,3745,778.913898236776,78,38
99,6303,6002.85714285714,99,0
93,9256,7961.58723253652,95,2
71,5428,3160.99197682983,75,4
34,6523,1071.62502247281,56,22
94,8097,7064.12427181617,94,0
32,4947,750.612172338805,76,44
44,2795,677.954135053333,90,46
19,1731,156.766421270926,74,55
72,1771,1057.0186267347,79,7
33,7867,1242.08677035339,89,56
35,1237,211.43181715401,91,56
38,1982,381.277410125392,69,31
62,8805,3991.22433874746,84,22
95,1647,1459.99034254248,97,2
75,4256,2723.37466585474,90,15
31,1715,250.057633496144,72,41
23,2448,259.550032095345,77,54
33,1324,209.040661490771,72,39
79,1143,794.69524903619,84,5
83,7445,5561.67225122313,95,12
0,4848,313.336775480914,56,56
14,3323,248.031466434755,79,65
22,4321,440.366490158456,73,51
15,4380,339.677459833341,55,40
43,3017,704.44137689755,86,43
51,4247,1334.13845862121,90,39
17,4067,340.694370913887,76,59
64,2280,1097.39990393074,80,16
16,2434,196.163053060117,74,58
4,9789,512.804787962537,74,70
82,2350,1726.06510963829,94,12
17,5827,488.13034160689,90,73
40,6447,1340.89663603004,60,20
21,6757,661.960931097321,80,59
30,3158,442.460181421795,61,31
98,5565,5217.97558551905,99,1
64,5140,2473.96294131756,76,12
24,8824,973.39666048904,83,59
83,1821,1360.34992202516,86,3
40,6987,1453.20998851278,82,42
87,7802,6197.09068740526,97,10
54,2159,753.693108934409,87,33
58,9173,3663.57266198553,68,10
54,2702,943.250940407955,85,31
75,1299,831.217972496549,82,7
22,1972,200.97262638104,60,38
67,8650,4534.97665671065,72,5
38,7612,1464.32070932113,79,41
41,1776,383.985575598517,83,42
49,2545,743.746322662271,66,17
91,2098,1757.89180432597,95,4
87,1732,1375.71918361778,91,4
22,6759,688.830619528119,87,65
41,3065,662.677809239559,80,39
77,5291,3534.12120771304,78,1
66,6899,3517.53350014628,76,10
97,1311,1207.69561893463,98,1
75,1543,987.351294505138,80,5
77,7728,5161.91432493033,78,1
70,4855,2756.74744983022,86,16
11,8281,551.932985364219,67,56
83,3435,2566.06369146427,86,3
37,4084,755.390006528411,82,45
65,3854,1909.78944074785,78,13
13,5789,415.958166180742,27,14
7,6407,369.751639021409,73,66
69,6712,3713.6000623642,76,7
44,2042,495.306741960253,64,20
40,9429,1961.1159269625,51,11
47,2407,653.481039542603,83,36
53,3245,1094.1135583882,82,29
47,4274,1160.35644495433,78,31
57,6607,2553.2284296023,80,23
35,5722,978.02171200909,81,46
32,2027,307.558292567365,70,38
77,2928,1955.75635913509,92,15
47,6634,1801.07736448925,88,41
44,8403,2038.22847830167,69,25
59,6635,2737.29043365834,86,27
61,9190,4039.1957676433,86,25
6,6035,336.735035812555,79,73
28,1391,179.948308508431,50,22
7,6809,392.951289230026,20,13
5,9089,490.999693005042,82,77
57,5861,2264.94200482807,81,24
69,5623,3111.08062435547,75,6
16,5242,422.467840649602,38,22
42,4451,1000.17589049138,73,31
71,2562,1491.97889547495,73,2
60,1830,779.463182005525,87,27
19,6951,629.510915224845,88,69
21,8414,824.291738086852,89,68
61,8983,3948.21497070073,87,26
3,4405,224.223417719147,74,71
37,5849,1081.85018319899,82,45
37,3065,566.912431442111,78,41
84,2074,1574.75603894063,92,8
76,3080,2014.32145448689,82,6
24,2132,235.186047162583,58,34
69,3813,2109.64794961185,69,0
17,6988,585.387820001535,77,60
43,5271,1230.72936613423,78,35
14,8465,631.834596259465,71,57
71,5563,3239.60913174361,86,15
97,9971,9185.303597557,97,0
70,7490,4252.94302764744,92,22
12,6842,473.410591364817,88,76
25,7488,859.498653528855,85,60
90,7313,6048.83260421748,99,9
94,9242,8063.06490306595,94,0
73,7895,4826.13610687958,78,5
75,5527,3536.67569976014,75,0
49,3005,878.17591339887,72,23
6,4726,263.696732270113,45,39
83,6356,4748.15162240084,91,8
18,4410,384.07427049807,42,24
42,4595,1032.5338613363,88,46
63,7369,3443.00591369302,71,8
93,8184,7039.50193507766,94,1
36,7796,1386.25863947533,79,43
58,2304,920.18657072001,87,29
30,1178,165.046894779884,43,13
34,5198,853.948622844349,76,42
68,4440,2392.06950025868,73,5
68,8314,4479.20401467358,70,2
38,3887,747.742327526438,74,36
14,3554,265.273497354535,61,47
83,2242,1674.85146907216,83,0
86,6983,5467.04353609501,94,8
44,3393,823.004787204279,60,16
67,6071,3182.87205582548,75,8
4,1759,92.146656658096,73,69
72,3731,2226.84161284425,78,6
37,6058,1120.50750723534,89,52
82,9338,6858.72169949038,90,8
36,4936,877.703007240921,76,40
45,2236,563.275721571732,84,39
77,4905,3276.292671297,96,19
94,3498,3051.78543939891,96,2
17,6760,566.28816016176,72,55
29,3904,525.601601828539,80,51
57,9392,3629.4719858975,82,25
51,6804,2137.38593653372,59,8
45,1579,397.76939372172,68,23
31,1974,287.821439371071,89,58
82,1626,1194.29015671143,83,1
11,1898,126.502693662757,74,63
41,9328,2016.78910426969,44,3
29,6580,885.875650622897,88,59
3,3980,202.590057326267,74,71
54,6054,2113.4127288045,87,33
95,9102,8068.50764895062,95,0
17,4632,388.024668323857,72,55
69,8108,4485.97576067476,72,3
24,7713,850.839578689026,44,20
67,9918,5199.75704985621,69,2
49,5457,1594.74407967309,92,43
37,5731,1060.02451699665,80,43
92,8040,6824.33480944857,95,3
77,6044,4037.08723859716,93,16
78,6875,4686.79217151752,82,4
59,9120,3762.48511755299,81,22
78,4192,2857.75022298203,91,13
17,2551,213.69838706696,59,42
96,1689,1526.1825068976,97,1
61,4242,1864.4470561853,90,29
1,9411,455.800884758482,69,68
79,4879,3392.22932637583,79,0
77,5426,3624.29440050103,84,7
73,5331,3258.78804126346,85,12
50,7130,2160.70911690703,65,15
10,4386,281.722760253074,44,34
7,4622,266.738266826432,79,72
51,4058,1274.76662705083,82,31
31,3664,534.233917859983,75,44
17,1708,143.079907922528,87,70
48,4199,1182.93957908467,49,1
17,5855,490.475913867915,80,63
27,2140,266.020558943809,41,14
26,9789,1169.28042520246,66,40
49,9023,2636.86564612247,76,27
13,1258,90.3913237269602,72,59
69,2483,1373.78858087758,74,5
19,8940,809.642868955563,83,64
5,9554,516.11960248324,87,82
57,4355,1682.95895427849,77,20
96,2813,2541.83030900115,98,2
43,6142,1434.0997470682,93,50
71,2895,1685.90121092895,76,5
68,1556,838.30183387444,87,19
51,9073,2850.16205205327,92,41
11,3063,204.150553576936,76,65
56,8906,3328.51236318914,91,35
60,6775,2885.71751808057,79,19
49,4473,1307.18165079306,74,25
80,1647,1167.06352483611,86,6
98,2246,2105.94306650059,98,0
94,9426,8223.59335385194,98,4
35,6633,1133.73261372882,91,56
95,4759,4218.63633282312,98,3
66,5828,2971.4719870782,73,7
2,9876,489.660895706752,15,13
24,3712,409.479646842171,80,56
31,8265,1205.08824539104,87,56
50,1565,474.2650445946,74,24
48,4336,1221.53513096241,79,31
36,4709,837.338626640497,57,21
97,6447,5938.98829540166,97,0
27,8676,1078.50204177406,77,50
99,1155,1100,99,0
16,1740,140.231599147331,68,52
88,4097,3299.84435587848,91,3
65,3384,1676.88828943713,83,18
55,8890,3211.82599981556,88,33
76,1799,1176.54684955257,81,5
98,2626,2462.24688006703,98,0
40,1045,217.347135823079,88,48
74,9700,6068.75806800119,94,20
96,7298,6594.48190369371,96,0
72,2587,1544.04697197214,83,11
12,5013,346.858710101115,69,57
99,8634,8222.85714285714,99,0
14,8865,661.690926856486,59,45
85,9600,7403.91434703737,92,7
45,8641,2176.77348394514,91,46
7,2001,115.478855889159,83,76
33,5704,900.580009927006,76,43
4,3142,164.596245150505,51,47
74,1303,815.215645629438,86,12
76,4152,2715.40996072388,87,11
51,3252,1021.57246702053,62,11
10,5010,321.80370015228,78,68
42,4910,1103.31692255957,78,36
0,3182,205.65957499593,71,71
69,1223,676.658652603013,85,16
64,9555,4598.97196581503,74,10
85,6474,4993.01473778333,89,4
61,3318,1458.32987563008,87,26
99,6602,6287.61904761905,99,0
49,7332,2142.6907810451,83,34
5,4202,226.997547585784,77,72
60,2428,1034.17300869367,90,30
44,7485,1815.55874807664,67,23
32,1797,272.660212996327,70,38
48,2363,665.702840051699,88,40
38,5949,1144.40934048232,74,36
53,5313,1791.37914814068,90,37
98,2417,2266.27978260549,98,0
96,8895,8037.53309582838,97,1
26,9131,1090.68337547488,64,38
38,4057,780.445233541229,78,40
86,9304,7284.17199768409,95,9
99,5504,5241.90476190476,99,0
42,5845,1313.41902492071,82,40
26,6390,763.275300545889,83,57
84,7320,5557.96249037868,85,1
84,5233,3973.33575302618,91,7
98,2877,2697.59492534381,99,1
65,6457,3199.6653915176,85,20
45,1218,306.829082680845,77,32
25,4715,541.204080046548,71,46
86,4108,3216.18428272638,98,12
8,4363,260.729609297071,81,73
94,2093,1826.01112769066,94,0
69,4650,2572.74140196567,74,5
79,9706,6748.30453818483,97,18
1,4106,198.864991267488,75,74
69,3936,2177.70110927674,78,9
87,6067,4818.98861836551,93,6
93,4629,3981.65377046365,95,2
32,3384,513.45696203649,90,58
43,4811,1123.32365404511,92,49
81,2080,1501.09549934915,93,12
23,9238,979.46209007222,59,36
12,4528,313.300666135617,60,48
45,8558,2155.86476977231,64,19
0,9704,627.19060834711,77,77
75,8049,5150.47995429155,92,17
19,8586,777.583184882826,83,64
97,6068,5589.8527961063,99,2
15,9079,704.093985805229,78,63
78,9735,6636.49771486881,82,4
38,6264,1205.00590162738,88,50
87,3188,2532.21290841425,87,0
18,8178,712.235688012068,69,51
34,7279,1195.82378331743,71,37
29,3371,453.842981496928,90,61
64,3308,1592.19249219426,74,10
24,4175,460.554290292582,69,45
19,2204,199.603230780544,84,65
93,9112,7837.72502840025,98,5
22,2966,302.274244343897,73,51
55,8783,3173.16847653319,73,18
51,5380,1690.05531136852,80,29
71,4346,2530.89003892823,78,7
36,4405,783.282363633763,90,54
78,7641,5208.98603382769,85,7
98,1563,1465.53384369565,98,0
45,9410,2370.49398031753,86,41
15,8669,672.297693903022,87,72
35,1755,299.969958856336,72,37
80,4764,3375.76844706693,83,3
58,4954,1978.56088166099,73,15
1,4686,226.956003185448,90,89
59,3191,1316.45723795083,92,33
48,2590,729.653134038891,80,32
59,5096,2102.37107007127,88,29
42,6520,1465.0970132563,74,32
23,3665,388.582870763659,57,34
1,3018,146.170127531729,81,80
0,8363,540.518864139208,54,54
76,2648,1731.79325048094,92,16
5,4059,219.272500154854,73,68
80,6624,4693.76368458676,80,0
72,1705,1017.62662822285,72,0
40,9509,1977.75494214513,66,26
91,6397,5359.97801347626,96,5
38,5774,1110.74458429062,77,39
84,1647,1250.5415603352,90,6
38,3174,610.582492299695,85,47
90,7356,6084.39937599122,95,5
34,1182,194.18377687611,57,23
81,5798,4184.30370443575,83,2
0,3098,200.230472450468,84,84
77,6082,4062.46932249304,85,8
1,3018,146.170127531729,35,34
64,4035,1942.10904050901,85,21
18,4734,412.291972004051,79,61
43,6043,1410.98416990119,74,31
32,4561,692.044090971758,83,51
86,7502,5873.37256305095,92,6
48,9502,2676.89732804538,80,32
51,2036,639.582270250244,64,13
34,2382,391.324667105664,69,35
61,4285,1883.34644878689,71,10
97,2497,2300.24100723095,97,0
74,1549,969.124355395242,95,21
27,7936,986.513624195357,85,58
41,4777,1032.82606679849,84,43
95,3050,2703.68581952311,98,3
59,2535,1045.82234353035,88,29
40,8592,1787.03023061425,76,36
83,2363,1765.24265005242,96,13
20,4959,467.07047860116,87,67
87,4102,3258.19866697467,96,9
9,1146,70.9730841361673,73,64
10,8917,572.759200450675,80,70
11,3190,212.615170065434,80,69
46,3525,921.978093455414,76,30
96,4478,4046.32638596059,98,2
75,9009,5764.77499170239,88,13
42,6012,1350.94528277559,93,51
33,2071,326.981276395307,83,50
82,7939,5831.16208741209,93,11
84,4295,3261.12689838476,95,11
63,3807,1778.73843308852,86,23
96,3297,2979.17331275393,96,0
67,4138,2169.4489486091,90,23
75,2365,1513.34142028817,82,7
81,9763,7045.76700007006,87,6
43,9014,2104.68497558983,77,34
65,8704,4313.13110852861,70,5
56,4532,1693.78149898643,69,13
45,3117,785.210386466498,77,32
40,4154,863.980863357962,64,24
78,3618,2466.44568386187,93,15
47,4501,1221.98510967231,60,13
52,1085,353.181950456015,90,38
51,5921,1860.0032525303,66,15
87,3729,2961.92657950964,90,3
7,8903,513.797228376401,80,73
50,8134,2464.9660528642,68,18
63,5749,2686.09594216599,87,24
20,9495,894.300099680987,86,66
28,1943,251.358420871231,76,48
36,1281,227.783134577719,86,50
4,2927,153.333293938742,86,82
49,9253,2704.08044149076,54,5
98,8746,8200.61356171601,98,0
54,7619,2659.74423203857,67,13
96,5941,5368.29501094057,96,0
13,6749,484.937236751395,77,64
30,9855,1380.76158578587,79,49
17,4350,364.401404837819,89,72
18,3796,330.599984310811,67,49
81,1491,1076.02566804307,89,8
77,4249,2838.11774930499,88,11
80,6688,4739.11405835089,86,6
87,8086,6422.67050735183,87,0
7,4547,262.409973877064,84,77
36,2585,459.656052211868,74,38
36,4135,735.271866884361,78,42
47,7066,1918.36187179395,63,16
87,5121,4067.58541530407,95,8
75,4285,2741.93149510986,77,2
68,3605,1942.20958298031,72,4
17,5620,470.789860962883,72,55
66,5822,2968.41281893776,80,14
93,1509,1297.9726808446,96,3
89,8258,6741.43562618436,89,0
62,6431,2915.11229102611,68,6
6,3728,208.011302984127,82,76
95,4260,3776.29560366179,96,1
34,3450,566.780059409966,81,47
24,7951,877.093931045825,64,40
29,2902,390.700780867423,61,32
71,5475,3188.36239372574,83,12
72,7921,4727.63666988455,88,16
12,2603,180.106367922043,62,50
2,1195,59.2491667040875,46,44
67,2736,1434.41573789137,75,8
9,6351,393.324657372424,78,69
17,2993,250.724920615998,87,70
88,3929,3164.53221241068,92,4
14,8363,624.221231957224,81,67
38,5803,1116.32331531668,87,49
92,3595,3051.42831342881,97,5
61,8398,3691.0953271674,86,25
98,1531,1435.52931202689,99,1
42,4452,1000.40059862224,59,17
87,4607,3659.31771300642,87,0
71,2791,1625.33688418055,95,24
19,6486,587.39861834964,71,52
63,8818,4120.01983266998,92,29
34,4830,793.492083173953,89,55
37,2246,415.427510936046,71,34
56,9296,3474.27025917429,64,8
99,6458,6150.47619047619,99,0
26,3353,400.510498079869,74,48
86,6676,5226.69091321356,89,3
64,2184,1051.19359218629,70,6
7,3534,203.949163774256,69,62
92,7630,6476.32768608117,97,5
6,2028,113.156363318618,74,68
63,5000,2336.14188742911,74,11
32,5132,778.682366776379,69,37
32,5429,823.746408657241,76,44
9,7051,436.676453965197,70,61
26,1920,229.340935375291,66,40
2,4974,246.615359988394,54,52
27,2816,350.053221488675,74,47
13,4706,338.141152193223,87,74
46,9671,2529.48940193115,92,46
10,2665,171.17901415286,86,76
39,1446,289.264583104287,67,28
43,1050,245.165212377337,51,8
0,8963,579.298168035361,85,85
16,6747,543.760114624735,84,68
16,8020,646.354842046892,49,33
46,2127,556.325504902033,56,10
14,5468,408.136039261282,77,63
64,8923,4294.78041349738,74,10
42,9434,2119.89650660428,73,31
40,1775,369.17814936456,75,35
51,2702,848.797295783968,84,33
82,3145,2309.98926374997,87,5
35,1399,239.121351817672,75,40
23,6058,642.301509164052,70,47
86,9897,7748.43618455282,98,12
38,8274,1591.66967274344,54,16
50,5595,1695.53541502031,52,2
50,2951,894.285077698827,93,43
84,3522,2674.19998512482,89,5
16,1686,135.879584001379,79,63
96,3926,3547.53849738305,97,1
4,9891,518.148141560675,73,69
28,2548,329.624938950024,90,62
81,4779,3448.91124586037,81,0
9,1467,90.8529794308529,80,71
4,8096,424.115595397354,76,72
63,6925,3235.55651408932,66,3
1,1732,83.8855735205282,37,36
76,4871,3185.63630026157,80,4
74,1049,656.301774570438,75,1
23,3662,388.264794743935,81,58
14,3669,273.857192401179,79,65
39,7463,1492.9333220659,79,40
21,7456,730.439648107389,54,33
23,9231,978.719912692862,65,42
18,1165,101.46179708169,74,56
37,5879,1087.39908138603,50,13
10,7933,509.55464137885,81,71
40,6308,1311.98634715022,74,34
5,4288,231.643380306483,65,60
95,2632,2333.14789409339,99,4
12,3128,216.432085616654,36,24
15,8243,639.260571097313,89,74
82,1904,1398.47998670269,82,0
9,6826,422.74194791752,79,70
89,7445,6077.74137042172,94,5
71,5192,3023.55754305462,71,0
86,5646,4420.2961198328,89,3
84,3981,3022.71156751332,96,12
84,1363,1034.9047642604,85,1
9,6198,383.849193260004,70,61
69,4247,2349.77048046198,89,20
68,6606,3559.01151322272,73,5
84,3897,2958.93167008275,91,7
53,1446,487.546442351105,73,20
96,5730,5177.6351477343,96,0
22,1954,199.138190643282,69,47
28,5938,768.176172482434,90,62
63,5977,2792.62401223276,69,6
39,1163,232.651943395771,85,46
13,8716,626.272478222723,70,57
19,4498,407.357228698224,71,52
62,2208,1000.86579670124,77,15
89,1187,969.009940455417,93,4
17,1540,129.006474356377,18,1
18,3889,338.699509743083,69,51
80,3536,2505.60815046781,93,13
93,9242,7949.54507380105,94,1
96,3934,3554.76730736243,97,1
4,7445,390.012426844528,72,68
94,2255,1967.34595936093,94,0
94,2419,2110.42566549627,95,1
66,5582,2846.04609332027,81,15
98,3067,2875.74683212703,98,0
14,2430,181.377208376905,89,75
81,1697,1224.69185692091,81,0
67,8574,4495.13177510256,70,3
43,1070,249.83502594643,57,14
22,5830,594.153352840499,58,36
53,6160,2076.9613311776,76,23
48,4314,1215.33730511343,60,12
26,5542,661.983054088469,84,58
71,2493,1451.79679407457,85,14
55,1517,548.069745975276,85,30
90,3170,2622.01550052911,94,4
86,5837,4569.83146501312,90,4
99,4229,4027.61904761905,99,0
89,4077,3328.26750399051,89,0
10,8402,539.679578578734,83,73
94,4758,4151.05635238994,96,2
90,6082,5030.6303704158,91,1
38,6876,1322.73636328062,82,44
24,3542,390.726538015886,79,55
41,5270,1139.41665732218,53,12
28,8834,1142.82053009596,75,47
50,5307,1608.25852502463,71,21
60,5913,2518.56054382441,68,8
4,6166,323.010963589437,63,59
56,1331,497.445537323686,83,27
35,7010,1198.17060489055,85,50
72,5870,3503.50047370564,84,12
29,3139,422.608460076789,73,44
75,9001,5759.65586639064,94,19
67,8420,4414.39346237037,86,19
29,2327,313.287635106304,75,46
36,1550,275.615814672493,70,34
99,6413,6107.61904761905,99,0
4,8691,455.285158053162,88,84
51,8521,2676.75860746676,79,28
52,6649,2164.33805399267,64,12
17,3949,330.809459242425,70,53
79,5762,4006.15400257789,81,2
8,8994,537.474697689172,80,72
4,3154,165.22487498558,82,78
49,2403,702.248492478364,63,14
21,2085,204.260550738185,73,52
39,3715,743.165924088814,83,44
6,4175,232.952572413822,57,51
5,6745,364.37374071064,42,37
26,6322,755.152809084681,88,62
72,8645,5159.75495659033,80,8
27,3056,379.887302865551,47,20
49,5512,1610.81718291334,55,6
89,1206,984.520630319489,89,0
25,8512,977.03693093451,56,31
25,2118,243.111397993338,63,38
26,3350,400.152152868346,65,39
15,6575,509.903949407356,85,70
18,4049,352.634177153444,76,58
26,5694,680.139211472346,49,23
77,9540,6372.23895701803,92,15
11,6697,446.358556090349,89,78
26,3880,463.459806904233,48,22
87,2760,2192.25458821309,96,9
22,2107,214.730894414225,31,9
16,3266,263.216323457001,72,56
71,2945,1715.01867571184,86,15
75,5360,3429.81395887721,81,6
92,1099,932.828850197012,93,1
33,4586,724.063801810177,77,44
92,9223,7828.4626800428,97,5
53,1748,589.371494626371,69,16
73,8505,5199.02312717047,87,14
73,6997,4277.19750979562,88,15
72,7196,4294.92153471648,75,3
84,6057,4598.98617544039,93,9
69,4118,2278.39765447196,69,0
4,7015,367.486524421003,65,61
18,3076,267.893980964187,79,61
78,6485,4420.9232337878,85,7
10,8349,536.275267978321,80,70
85,6720,5182.74004292616,88,3
4,5217,273.296820798912,52,48
75,5322,3405.49811364637,89,14
35,5993,1024.34185950201,49,14
96,7851,7094.17339351867,97,1
11,6678,445.09219614325,81,70
43,1167,272.483621756527,48,5
57,6486,2506.46883523543,78,21
66,1542,786.206212092413,66,0
61,9147,4020.2963750417,81,20
74,1361,851.503065005115,79,5
10,5950,382.182039103008,73,63
27,9258,1150.84968911298,68,41
16,6392,515.149644683757,87,71
50,7239,2193.74099541234,86,36
73,6627,4051.0201368323,90,17
63,3641,1701.17852242588,74,11
89,6530,5330.77920065196,92,3
51,1244,390.786023669599,52,1
57,1569,606.328955054639,87,30
5,2090,112.904539375128,69,64
22,7638,778.412231388634,79,57
18,9800,853.4983788846,31,13
14,4978,371.562034279931,67,53
32,9491,1440.07684003792,78,46
51,1322,415.288684317693,78,27
58,3872,1546.42465357113,83,25
52,9336,3038.9923405137,79,27
39,9653,1931.03113465123,89,50
3,7276,370.36312992611,89,86
3,3903,198.670601443322,55,52
41,1310,283.23260362278,65,24
10,4506,289.430633310614,81,71
29,6530,879.144072730625,67,38
8,9483,566.696971112566,31,23
58,7882,3147.96464861767,76,18
18,4990,434.587439860628,91,73
58,7496,2993.80144709948,87,29
85,9857,7602.12330403618,86,1
1,3306,160.118767932371,70,69
66,6164,3142.78540294269,75,9
6,8464,472.266005487567,68,62
64,4341,2089.39165919446,84,20
53,6673,2249.92905242664,78,25
39,7839,1568.15011545955,79,40
6,2856,159.356298638054,88,82
44,7061,1712.71346962847,82,38
30,2946,412.757344670237,85,55
49,4130,1206.94393422207,53,4
32,4278,649.104280021307,50,18
75,4731,3027.32273124032,90,15
71,2502,1457.03793773549,83,12
6,6877,383.716129458648,77,71
75,4897,3133.54458145928,78,3
38,5741,1104.39637312305,84,46
90,8160,6749.4152947374,96,6
67,3984,2088.71063587691,85,18
1,2123,102.822790175567,62,61
95,8773,7776.86416218895,96,1
42,2362,530.760605109106,72,30
30,8332,1167.37752742444,88,58
10,4607,295.918093134043,90,80
14,3037,226.684190057885,85,71
94,1106,964.915579181015,94,0
3,1128,57.417483583927,71,68
68,8928,4809.99921133098,79,11
5,3607,194.854867715831,71,66
29,1781,239.778804522702,74,45
13,1717,123.371941843554,55,42
68,2696,1452.48184069762,80,12
66,5686,2899.07167442118,87,21
80,2493,1766.53877803062,88,8
71,5701,3319.97333454437,77,6
19,5982,541.754322381675,80,61
29,8939,1203.47149558025,71,42
32,5476,830.877755352192,79,47
35,2574,439.955939655959,56,21
57,6548,2530.42829681184,66,9
7,4720,272.393902946941,77,70
81,1343,969.216949820146,90,9
2,3029,150.180523804754,78,76
16,8620,694.710565890799,72,56
79,5640,3921.33088763264,83,4
10,1636,105.084002684457,41,31
34,1929,316.903981044007,84,50
93,3862,3321.91550259897,95,2
86,5632,4409.33541390335,86,0
94,4439,3872.74887521205,98,4
52,4440,1445.27913366333,86,34
95,1048,929.004176675483,96,1
94,6198,5407.36596723683,97,3
78,4426,3017.27158561986,81,3
88,2459,1980.55095706741,88,0
56,8855,3309.45171525262,75,19
91,1555,1302.91790072778,96,5
81,3812,2751.04617476872,81,0
51,6495,2040.31770396627,77,26
28,8161,1055.7571141174,75,47
47,8797,2388.3143767579,62,15
93,2275,1956.85079451389,93,0
83,8908,6654.58380307531,88,5
51,2327,730.996042668132,55,4
19,1509,136.661195665989,87,68
59,7382,3045.4676686158,61,2
65,1756,870.158344045983,91,26
15,8326,645.697381409223,83,68
37,3959,732.269597415764,50,13
33,8576,1354.02772881031,81,48
82,4380,3217.09156604925,89,7
43,1529,357.007247357094,64,21
95,4592,4070.59845352464,99,4
57,8164,3154.92006951311,68,11
71,7091,4129.43885550853,74,3
42,4391,986.693402639325,75,33
60,6295,2681.268158866,85,25
13,9870,709.191069304529,83,70
96,4778,4317.40676018752,98,2
15,7712,598.080495487381,91,76
18,2942,256.22369700801,77,59
66,6511,3319.70729373132,81,15
46,7689,2011.0892370436,66,20
28,4425,572.445194212659,75,47
92,9558,8112.80996376983,95,3
62,6733,3052.00607300246,83,21
99,4753,4526.66666666667,99,0
98,6030,5653.97893633061,99,1
76,8797,5753.24215426012,76,0
33,6589,1040.30885087816,69,36
99,2364,2251.42857142857,99,0
48,5360,1510.0157522967,71,23
24,5144,567.447010602405,76,52
27,6283,781.031388712126,89,62
63,5820,2719.26915696748,85,22
46,2176,569.141654286236,49,3
72,3188,1902.75289781492,84,12
93,4327,3721.88720345565,94,1
48,6463,1820.75220281597,85,37
18,5881,512.186119002075,67,49
63,8688,4059.28014359682,85,22
49,5281,1543.3101493043,68,19
70,2499,1418.97258025246,92,22
12,8597,594.842276229659,75,63
55,5941,2146.39575533231,76,21
37,9625,1780.27150167384,62,25
50,5916,1792.81278199467,72,22
4,2966,155.376340902736,51,47
42,6580,1478.57950110835,78,36
50,7073,2143.43556576205,84,34
71,4668,2718.40651213,86,15
94,3369,2939.24103640221,97,3
56,4292,1604.08433222634,65,9
43,1553,362.611023640005,74,31
95,5450,4831.17630045934,97,2
15,6053,469.421841180642,67,52
61,1301,571.816506387805,89,28
96,9303,8406.202404777,96,0
42,7624,1713.17478973405,73,31
14,5969,445.531093334051,44,30
98,8631,8092.78477603143,98,0
5,1342,72.4965989671874,64,59
77,4756,3176.76818444211,83,6
50,9951,3015.59837620503,93,43
45,1694,426.739298900946,54,9
70,7237,4109.28553953065,78,8
23,5872,622.580795941121,54,31
92,1601,1358.92537685661,93,1
95,7923,7023.3779501907,95,0
25,7680,881.537080542415,55,30
94,4794,4182.46409276111,99,5
36,3715,660.588871940847,68,32
60,1940,826.316160158863,64,4
55,2698,974.747643138625,67,12
40,8126,1690.10796717545,58,18
39,6537,1307.69196386772,40,1
34,4646,763.263813338755,72,38
71,5373,3128.96276556866,73,2
11,5519,367.84423937026,42,31
17,5560,465.763634689258,80,63
86,8738,6841.04631510786,86,0
99,3449,3284.7619047619,99,0
79,7995,5558.69511464946,79,0
65,7828,3879.0430052346,90,25
28,5020,649.418050835605,50,22
27,2543,316.116953922479,80,53
97,7377,6795.70601135072,97,0
53,9003,3035.53293256362,67,14
75,6522,4173.36691040992,76,1
68,8062,4343.43790790214,78,10
9,5687,352.20238174728,83,74
57,2910,1124.54892237667,79,22
7,7913,456.663761444734,63,56
62,1600,725.265070073359,81,19
48,1351,380.602850998665,63,15
65,9530,4722.44249359807,85,20
16,4532,365.246900767645,89,73
55,2471,892.735888137711,87,32
38,8019,1542.61531372125,67,29
88,8188,6594.85613520454,90,2
78,2785,1898.57690148019,81,3
66,9317,4750.37826074255,84,18
46,3924,1026.33816701249,84,38
51,8693,2730.79011556256,87,36
44,4764,1155.55402482794,82,38
3,6758,343.995881259023,85,82
85,6114,4715.36794976943,93,8
22,4677,476.647552527447,62,40
58,9437,3769.01070654719,91,33
61,6261,2751.83946694393,72,11
6,3455,192.778715614313,37,31
2,2134,105.805624892488,42,40
75,2087,1335.45181570462,85,10
98,3303,3097.03025318408,98,0
25,5283,606.401093294997,77,52
53,4878,1644.71061257862,69,16
83,1661,1240.82439345623,89,6
94,3315,2892.12942584545,97,3
24,9780,1078.85531953568,69,45
74,5196,3250.85225993136,91,17
46,3398,888.760726684112,74,28
41,9008,1947.60251407176,83,42
49,1293,377.864045266136,68,19
12,1468,101.573625858455,77,65
66,7759,3956.0142669423,78,12
57,7674,2965.56303447374,78,21
98,1171,1097.97833075342,99,1
93,4277,3678.87949368611,98,5
6,6503,362.848042732236,84,78
51,2380,747.645286441837,71,20
13,1368,98.2951755631809,65,52
42,9186,2064.16889014913,80,38
14,6001,447.919599781813,78,64
17,1030,86.283551030564,78,61
64,2509,1207.62121007116,82,18
25,7534,864.778693334187,53,28
9,8367,518.177831559609,73,64
29,6116,823.406607782619,74,45
65,2874,1424.16576354679,74,9
3,6953,353.921776027521,76,73
81,8155,5885.3047101886,86,5
48,3067,864.033267219027,88,40
6,1189,66.3426607425233,11,5
51,1896,595.603135753665,65,14
6,1178,65.7288934858641,56,50
86,3670,2873.27076864796,89,3
39,1287,257.457481642612,90,51
63,3421,1598.388279379,79,16
10,9555,613.739392206594,64,54
51,5647,1773.929803587,67,16
27,3955,491.640799356431,40,13
52,9441,3073.17123894492,93,41
92,1745,1481.15226896614,92,0
33,3022,477.130573281804,81,48
16,9830,792.227942309345,88,72
0,7818,505.29432976687,70,70
39,4869,974.017465515056,82,43
57,2326,898.866252044035,60,3
69,9950,5505.11332248567,71,2
44,3642,883.402132330676,80,36
52,7510,2444.60502112873,78,26
8,7152,427.398158536019,75,67
78,6862,4677.9298735932,79,1
50,2150,651.546227398332,78,28
71,3607,2100.53390943721,80,9
24,6384,704.234392629423,83,59
22,5553,565.923425098335,70,48
57,8126,3140.23523822435,75,18
74,3891,2434.38532397862,91,17
49,1050,306.850152768324,83,34
20,8715,820.834688648741,64,44
35,9536,1629.9222379795,75,40
38,6543,1258.67714149871,74,36
36,8225,1462.54198431049,52,16
99,2150,2047.61904761905,99,0
95,1923,1704.65174785015,96,1
59,3615,1491.37979166163,83,24
82,5177,3802.48471174359,85,3
86,1101,861.981230594388,87,1
26,8002,955.82612753806,76,50
84,3234,2455.52605107714,95,11
85,5934,4576.54455576248,94,9
47,2364,641.806887195144,74,27
20,8899,838.164990738399,77,57
92,5572,4729.50168634918,95,3
52,2003,652.00317674046,86,34
18,5651,492.155034599681,80,62
39,6041,1208.46981088036,88,49
16,2898,233.558146166071,88,72
37,4301,795.527036747967,89,52
35,6374,1089.46354287766,78,43
70,4579,2600.03019006644,84,14
31,6082,886.793310159502,72,41
84,9531,7236.7405048906,92,8
92,1907,1618.65752258936,98,6
94,1155,1007.66500357511,94,0
17,7508,628.948447706286,71,54
53,2543,857.420887205298,84,31
38,6491,1248.67389965889,67,29
37,4068,752.430594161992,86,49
23,2106,223.28936584673,91,68
3,2190,111.475433553901,36,33
70,2835,1609.75880953011,84,14
54,5927,2069.07784004365,88,34
83,1515,1131.75734863708,88,5
21,2709,265.391765923138,79,58
24,8854,976.706032634855,40,16
97,5987,5515.23544665267,98,1
54,7320,2555.36524196382,78,24
75,3365,2153.2320842578,91,16
52,7155,2329.04779309935,85,33
89,3952,3226.22349172688,91,2
21,2380,233.160724583635,90,69
3,1060,53.9561459210661,67,64
38,5316,1022.63910808607,89,51
71,3787,2205.35678265559,74,3
5,4867,262.921719205142,22,17
21,8680,850.350877893258,66,45
32,1961,297.544061038285,76,44
29,5168,695.775890945157,72,43
97,5051,4652.99051963298,97,0
92,4116,3493.65199946397,94,2
6,6437,359.165439192281,67,61
19,1561,141.370527789668,51,32
85,3411,2630.70331643172,88,3
47,9163,2487.68041766883,54,7
42,5539,1244.65833687525,86,44
53,9512,3207.15197762359,73,20
68,8821,4752.35249139231,75,7
46,8153,2132.45032508993,81,35
20,6351,598.177981366398,82,62
62,6544,2966.33413660004,80,18
86,2429,1901.6824787591,87,1
45,5548,1397.60899073344,76,31
55,1833,662.235889500779,75,20
96,9962,9001.67562682882,98,2
61,6711,2949.62380812341,92,31
66,4031,2055.2511290172,91,25
41,3416,738.566850362914,88,47
7,5589,322.54439058696,90,83
65,2460,1219.01453664756,82,17
49,7571,2212.53572057998,88,39
64,4800,2310.31558722262,64,0
95,7569,6709.57310425261,95,0
97,5048,4650.22691409766,98,1
13,4824,346.619829617533,76,63
97,7165,6600.41122018814,97,0
56,6210,2320.91418991742,67,11
59,5178,2136.20043187383,82,23
97,1754,1615.78803631682,97,0
46,1772,463.473810383828,71,25
25,7217,828.392332067006,62,37
94,6275,5474.54363414184,94,0
92,2308,1959.02546519991,99,7
59,3726,1537.1731960529,82,23
89,2132,1740.46267316845,93,4
91,8472,7098.59836332201,98,7
9,4602,285.007097028483,77,68
57,8010,3095.40785850074,72,15
36,1610,286.284813950138,71,35
87,3241,2574.31055086907,87,0
27,4607,572.69005376361,72,45
22,3028,308.592856329508,66,44
97,7060,6503.68502645195,98,1
18,8952,779.644641609688,78,60
40,5812,1208.82445301793,72,32
87,6721,5338.45764035514,90,3
79,2932,2038.53584442179,93,14
11,3681,245.340577119393,71,60
19,2283,206.757793045364,69,50
71,5941,3459.73716550221,92,21
94,3939,3436.53025894577,98,4
19,9867,893.595770468069,67,48
86,4480,3507.42589742312,88,2
92,5335,4528.33659308559,96,4
4,1547,81.0408629051021,65,61
91,6404,5365.84323875285,93,2
34,1941,318.875389946303,53,19
28,3845,497.412829773486,79,51
8,2388,142.705089846758,60,52
39,3385,677.151185206093,67,28
62,9453,4284.95669212717,87,25
30,7477,1047.58542637453,69,39
37,9096,1682.42593030912,92,55
52,3016,981.748168272205,77,25
9,4860,300.985330629819,87,78
69,3321,1837.43531095225,87,18
15,2632,204.11668362588,88,73
36,7948,1413.28677097869,81,45
27,6660,827.895758208301,67,40
85,6846,5279.91641873103,93,8
14,1615,120.544934785474,74,60
83,1540,1150.43321247597,91,8
25,6609,758.603979857398,66,41
68,9027,4863.33589613404,72,4
87,9644,7660.18233649531,87,0
12,2201,152.291246944455,87,75
97,8008,7376.98437561292,99,2
2,1973,97.8231011775437,86,84
75,6830,4370.45323491257,77,2
58,9331,3726.67573410955,59,1
22,2996,305.331637240161,73,51
32,7634,1158.31278019697,90,58
26,2035,243.07750181704,81,55
61,9779,4298.07349420934,91,30
19,9614,870.683058404785,62,43
30,1516,212.403304317746,69,39
60,3990,1699.48529847106,93,33
84,2585,1962.75041497662,91,7
49,6872,2008.2611903085,82,33
43,9663,2256.22042590687,55,12
58,5864,2342.0026261728,80,22
81,2196,1584.810440659,87,6
12,4598,318.144095161565,66,54
14,3630,270.946200167969,87,73
95,7823,6934.73251348502,96,1
42,4928,1107.36166891519,59,17
11,1380,91.977722473448,87,76
90,5612,4641.87728358656,96,6
33,6187,976.83880109018,61,28
53,9112,3072.28435871596,89,36
73,2799,1711.00126195769,75,2
34,2270,372.924850684239,69,35
7,1039,59.9612849919219,65,58
38,5753,1106.70481354762,48,10
7,7846,452.797153076631,78,71
54,5159,1800.97394580483,54,0
19,7819,708.120536058562,50,31
12,3827,264.797184032908,84,72
32,6756,1025.09315470406,71,39
24,7520,829.54928455095,75,51
41,5233,1131.41695783054,76,35
26,7356,878.662458656582,78,52
37,2210,408.768833111604,89,52
7,6540,377.427145184956,82,75
41,5134,1110.01235648806,84,43
47,6267,1701.43983166327,74,27
52,4323,1407.19407541139,75,23
96,4267,3855.66652275432,98,2
32,2876,436.377725418719,88,56
52,2232,726.545726652375,77,25
35,7996,1366.70073562123,75,40
27,7939,986.886550212568,58,31
74,7438,4653.54871234978,86,12
0,6201,400.784105766738,64,64
53,6847,2308.59646665146,72,19
85,1244,959.423900803593,95,10
51,5591,1756.33814978837,74,23
9,6459,400.013220275309,82,73
94,7989,6969.90105070265,95,1
77,7006,4679.65473090863,91,14
88,7950,6403.16393195849,92,4
57,6357,2456.61769743935,78,21
91,6790,5689.26851829042,94,3
68,3666,1975.07360088927,78,10
59,8092,3338.38043544285,63,4
96,4123,3725.5479431254,96,0
96,5451,4925.53039970326,97,1
20,1020,96.0701528883208,77,57
46,4426,1157.63830968331,57,11
41,1362,294.475424529944,80,39
40,1747,363.35449405064,53,13
70,4927,2797.63021324685,75,5
52,4180,1360.64567088124,55,3
6,3663,204.384496467504,78,72
93,3358,2888.39778812204,98,5
60,2485,1058.4513701004,85,25
49,7284,2128.66334548997,68,19
52,2047,666.325762749736,79,27
41,2028,438.470015379388,76,35
32,3435,521.195231854416,46,14
71,9357,5449.04235946881,87,16
42,5252,1180.16710331627,77,35
96,5438,4913.78358348676,96,0
70,7542,4282.46946789279,71,1
65,7932,3930.57857914165,82,17
97,1344,1238.09527982315,97,0
4,1686,88.3224918280556,65,61
86,5734,4489.19198567504,89,3
7,7232,417.362861464465,42,35
88,6266,5046.82077957885,91,3
17,1781,149.195149888771,80,63
94,4277,3731.41404354177,95,1
87,4094,3251.84430584942,92,5
17,2430,203.562164081816,61,44
73,1467,896.762719289721,77,4
39,8348,1669.97284906956,88,49
67,9862,5170.39766340814,75,8
0,3162,204.366931532725,89,89
11,3246,216.347599383197,78,67
47,7281,1976.73263353124,80,33
59,1508,622.130214612928,85,26
39,2929,585.930818749969,46,7
94,3504,3057.0200627941,94,0
42,2218,498.402634264182,68,26
72,4062,2424.39845386581,87,15
18,4426,385.467737239106,75,57
77,6144,4103.8821962179,84,7
91,5374,4502.81723376918,91,0
65,1022,506.436120509678,76,11
0,8193,529.531394701965,66,66
82,5041,3702.59328412197,84,2
73,3797,2321.06887876147,92,19
49,4456,1302.21360070062,67,18
26,4229,505.147299844846,84,58
0,2776,179.418912692866,89,89
5,6179,333.797678851156,72,67
6,5960,332.550259062606,77,71
51,5693,1788.38009063587,59,8
24,5968,658.344432207456,88,64
19,9731,881.279055683063,22,3
85,7983,6156.81752420827,90,5
88,3980,3205.60911310626,94,6
65,9015,4467.24229588527,91,26
81,2456,1772.44737807765,93,12
78,9822,6695.80693943929,81,3
45,7728,1946.77762804398,86,41
54,6796,2372.44018912378,57,3
60,1555,662.330736622181,73,13
46,5080,1328.69467085206,82,36
91,7117,5963.25832763961,98,7
65,7798,3864.17697429987,84,19
49,9391,2744.40931871174,72,23
86,9719,7609.07863773556,87,1
63,3770,1761.45098312155,83,20
15,5676,440.184763016905,86,71
73,4344,2655.44461662887,90,17
18,7202,627.234216808867,79,61
88,5259,4235.75334819744,90,2
7,2195,126.674706984859,78,71
44,2416,586.024039459339,57,13
1,6209,300.719125859677,71,70
29,8129,1094.41993372546,87,58
82,6682,4907.90087770344,90,8
7,3824,220.685229845149,76,69
59,7139,2945.21724278627,84,25
49,6073,1774.76283596384,81,32
38,7035,1353.32319890622,81,43
73,6574,4018.6217563808,78,5
73,1864,1139.4449275774,82,9
27,6430,799.304763555462,72,45
58,6316,2522.52533883142,87,29
43,9269,2164.22509859575,86,43
96,5726,5174.02074274461,99,3
44,2025,491.183228437567,74,30
18,4686,408.111571780943,82,64
51,7645,2401.57488018817,72,21
46,8589,2246.48789920243,66,20
4,5000,261.92909794797,75,71
52,6042,1966.75146972834,61,9
33,3990,629.963927000132,83,50
96,6646,6005.33389037385,99,3
80,8972,6357.55552205804,94,14
34,2121,348.446523480736,60,26
91,8643,7241.8774379358,91,0
55,2911,1051.70140443904,78,23
17,6777,567.712257605954,62,45
65,4450,2205.12792198441,80,15
83,4186,3127.08664118469,97,14
25,7035,807.501739793736,76,51
97,1340,1234.41047244272,98,1
94,1353,1180.40757561656,97,3
99,3843,3660,99,0
73,8278,5060.26025240648,84,11
62,1660,752.46251020111,75,13
15,1562,121.136116954265,85,70
33,1812,286.088881133895,75,42
68,3510,1891.02791574504,69,1
76,8419,5506.02997575491,88,12
96,3036,2743.3333871765,96,0
52,2519,819.968049031063,89,37
45,9117,2296.68370016524,65,20
10,6136,394.129242342194,36,26
58,4022,1606.33263343571,79,21
41,2605,563.222085830033,84,43
97,6366,5864.37094594804,99,2
98,3259,3055.77402213955,98,0
22,2020,205.864455015062,69,47
59,8421,3474.1104358458,84,25
4,2375,124.416321525286,79,75
49,7772,2271.27560696706,92,43
52,6187,2013.95090089527,82,30
3,5980,304.394106233939,67,64
82,4606,3383.08761489106,86,4
3,4604,234.352920585461,87,84
53,4419,1489.95001988211,59,6
88,5571,4487.04732892336,90,2
98,2901,2720.09832409537,98,0
83,4387,3277.24058644941,89,6
98,8815,8265.31083312676,98,0
8,4714,281.705106171532,88,80
47,2679,727.326840438152,73,26
16,2734,220.34091498207,84,68
64,3074,1479.56460731715,85,21
65,8115,4021.26136784348,89,24
27,3449,428.740611120185,59,32
2,6697,332.043238006087,57,55
52,2621,853.170407507112,86,34
16,1532,123.46828154811,50,34
34,1870,307.211220607721,46,12
18,5707,497.032168193308,34,16
9,6143,380.442980670572,62,53
97,2034,1873.72455294664,97,0
59,8157,3365.19639296927,85,26
20,7641,719.678468842803,80,60
88,6013,4843.04713495175,90,2
75,5915,3784.95327738036,97,22
98,1750,1640.87282563492,98,0
18,7205,627.495491822811,68,50
8,4073,243.39942669424,47,39
66,8621,4395.51475645181,86,20
22,2260,230.323598185168,66,44
10,9514,611.105868911935,59,49
70,9536,5414.69488807023,81,11
74,2927,1831.2633881484,77,3
0,6218,401.882852710462,75,75
3,1238,63.0167062738489,85,82
71,5290,3080.62777402907,87,16
18,8734,760.658657263072,87,69
40,5296,1101.50280508998,79,39
96,4012,3625.24820466144,97,1
16,8156,657.315472784844,77,61
86,5040,3945.85413460101,86,0
42,5027,1129.60777387107,76,34
89,3185,2600.08143247726,92,3
69,1655,915.674628011436,78,9
17,1524,127.666147350077,66,49
40,1477,307.197817809271,82,42
86,8261,6467.59940594027,91,5
62,5370,2434.17089143371,78,16
37,5393,997.506930756053,70,33
82,2790,2049.24325782589,86,4
5,6452,348.54549667384,73,68
77,8406,5614.7841375989,93,16
15,4947,383.64940497615,69,54
30,1081,151.456445888841,77,47
79,8054,5599.71612925413,85,6
72,2908,1735.6353283707,92,20
50,8269,2505.87709504968,80,30
22,4746,483.679556188852,76,54
70,6646,3773.70618981908,83,13
55,8978,3243.61910307583,90,35
72,4552,2716.85420039319,89,17
27,6025,748.959751231984,77,50
58,2071,827.12950866369,82,24
49,4744,1386.37821403136,61,12
4,4605,241.236699210081,75,71
87,3192,2535.39008897688,89,2
24,7486,825.798662785693,62,38
96,3138,2835.50071441365,96,0
18,7195,626.624575109663,90,72
14,8144,607.874890955355,58,44
67,9841,5159.38789349012,83,16
20,5285,497.775252955662,79,59
64,3082,1483.41513329586,78,14
37,6332,1171.18744401026,67,30
45,5632,1418.76961712522,81,36
75,4295,2748.33040174956,82,7
63,8128,3797.63225220476,69,6
39,4017,803.579412399667,80,41
16,2084,167.955547484504,61,45
3,9861,501.944863139276,68,65
37,7348,1359.11012927786,81,44
31,3774,550.272599891805,79,48
63,4793,2239.42561328954,83,20
61,1465,643.897910728774,61,0
86,3556,2784.0193060796,87,1
62,1446,655.458307078799,72,10
91,2932,2456.69150156517,97,6
98,2993,2806.36135264304,99,1
61,3118,1370.42572399476,75,14
9,1043,64.5941769232308,82,73
66,6219,3170.82777756337,86,20
42,4423,993.884062827086,76,34
65,8390,4157.53331807847,79,14
75,1399,895.207038893512,80,5
77,8638,5769.74843927901,89,12
3,3375,171.794332531696,41,38
16,2952,237.910161312023,60,44
9,6213,384.778160329849,68,59
16,3286,264.828180918465,32,16
79,6981,4853.68988059636,85,6
27,3574,444.279195170641,65,38
77,9455,6315.4632430404,93,16
62,1510,684.468909881733,77,15
62,6141,2783.65799707531,72,10
38,4127,793.911136017908,68,30
63,6371,2976.71199296217,87,24
70,7892,4481.20512339033,83,13
11,1087,72.4491190787232,53,42
37,4509,833.999397511412,69,32
49,2171,634.449220628601,77,28
58,2116,845.101902623065,76,18
80,3161,2239.88330419365,81,1
59,8140,3358.18298869313,68,9
59,4211,1737.26149451926,92,33
58,8234,3288.54870803323,79,21
3,3419,174.034021607665,74,71
11,2509,167.226163540493,38,27
26,5777,690.053428991174,37,11
23,6051,641.559331784694,75,52
22,7335,747.532563136374,70,48
41,3646,788.294712067677,87,46
17,5214,436.77906317802,87,70
33,2684,423.765208037181,74,41
79,5969,4150.07518941121,85,6
22,2182,222.374376654883,83,61
61,5914,2599.32576385663,91,30
78,4386,2990.00297662194,85,7
21,9063,887.872120546843,73,52
74,4986,3119.46677598494,95,21
44,9846,2388.24200849199,71,27
33,8940,1411.49812215067,79,46
62,8705,3945.89527186787,88,26
37,3133,579.489933999391,88,51
17,7509,629.03221814418,82,65
78,3167,2158.99211741033,92,14
42,3681,827.150629723379,90,48
13,7311,525.318734314631,85,72
33,1749,276.142082286524,76,43
94,9614,8387.61155356806,97,3
63,7880,3681.75961458828,72,9
91,1949,1633.04629486716,92,1
29,5307,714.489677485671,81,52
1,5226,253.109703936652,60,59
38,2946,566.722124232798,54,16
52,3768,1226.53418370347,70,18
15,6082,471.670847193238,70,55
39,8109,1622.16217454541,77,38
8,3002,179.397269564476,54,46
9,1920,118.907784940176,39,30
27,5812,722.482004010007,77,50
5,1868,100.91180839844,84,79
13,9072,651.852216892674,81,68
56,5352,2000.24681875009,62,6
16,1660,133.784169301476,79,63
40,4344,903.498524416704,53,13
97,7396,6813.20884640774,97,0
38,5918,1138.44586938551,81,43
5,6008,324.560034720464,62,57
67,7175,3761.67138865883,83,16
36,9226,1640.53645559253,72,36
11,1454,96.9098612147778,84,73
88,4776,3846.73093572751,92,4
80,4816,3412.61562575028,94,14
12,5418,374.881406608386,89,77
29,2249,302.786373594361,61,32
85,4086,3151.29104395778,88,3
11,3877,258.404079731564,36,25
92,6702,5688.64327026422,95,3
87,1968,1563.17283681281,94,7
79,5719,3976.25733091686,83,4
62,9043,4099.10751792087,87,25
40,2857,594.220829709605,70,30
95,2846,2522.84912864354,97,2
36,8291,1474.2778835159,76,40
0,5261,340.029862996099,71,71
59,8143,3359.42064827127,76,17
63,6024,2814.58374597459,70,7
73,1013,619.23696976175,95,22
62,6585,2984.91905402067,87,25
73,9639,5892.2262107932,83,10
84,5249,3985.48430491772,86,2
32,5079,770.640635396966,72,40
91,7825,6556.48396990023,95,4
9,3126,193.596737355723,78,69
49,2230,651.691276831774,74,25
90,2956,2445.00877588772,93,3
71,5861,3413.1492218496,86,15
48,2648,745.992856731654,52,4
93,1164,1001.2194834348,94,1
69,5685,3145.38384304835,75,6
78,4843,3301.54683442318,91,13
18,7826,681.579419709274,60,42
26,1425,170.213975473848,74,48
54,4810,1679.14027511557,81,27
36,9117,1621.15444023814,55,19
85,3393,2616.82097703102,90,5
34,4996,820.763239655708,67,33
1,8409,407.271240031248,76,75
44,1922,466.199587682471,89,45
61,7780,3419.47149861424,82,21
71,4753,2767.9062022609,86,15
8,1358,81.1530619815316,83,75
26,6259,747.627559642679,69,43
43,4723,1102.77647434111,50,7
75,2528,1617.64359851522,84,9
26,1201,143.457533013398,91,65
70,2050,1164.02312505704,80,10
69,6513,3603.49779591449,79,10
48,3956,1114.48177538913,70,22
85,4460,3439.73520706111,85,0
62,1899,860.798980043319,71,9
80,5212,3693.22106341579,97,17
97,3126,2879.67696780295,97,0
78,2319,1580.89760665442,85,7
98,5573,5225.47671843624,98,0
59,3498,1443.11106811407,78,19
57,9830,3798.73398864698,90,33
12,6271,433.902048881725,83,71
50,6965,2110.70673201367,50,0
80,6364,4509.52779117001,84,4
24,6722,741.519985472272,57,33
39,7390,1478.33006164639,81,42
40,6680,1389.35776774944,44,4
45,9902,2494.43479204083,82,37
59,6695,2762.04362522119,80,21
2,2580,127.918703009662,65,63
59,8406,3467.92213795509,89,30
61,9066,3984.69519362939,84,23
72,6561,3915.92276115548,85,13
82,5497,4037.52336497094,87,5
95,1565,1387.30108444383,95,0
95,3805,3372.95886665097,95,0
6,6342,353.864721975679,82,76
49,5688,1662.25111328212,71,22
86,6409,5017.65459298767,88,2
26,9286,1109.19787807029,49,23
43,8677,2025.99861695063,66,23
86,1382,1081.97825674972,96,10
86,2107,1649.58624238181,87,1
66,2371,1208.88127682951,74,8
95,8875,7867.28250762873,99,4
18,6053,527.165886468213,86,68
57,2413,932.48678683674,89,32
7,7770,448.411149554604,80,73
59,3589,1480.65340865106,92,33
65,2301,1140.22457269351,89,24
42,7219,1622.1679967327,76,34
83,7965,5950.13021907216,91,8
62,9426,4272.71784406968,64,2
65,5597,2773.50583805545,79,14
49,8513,2487.82414334928,72,23
93,6343,5455.95806136335,99,6
50,8736,2647.39899653574,77,27
35,7363,1258.50644276878,83,48
8,9953,594.783818779223,72,64
72,1039,620.12555233052,92,20
51,7848,2465.34462520821,87,36
7,4130,238.344665078573,55,48
19,6550,593.194719424937,74,55
44,1329,322.361733626433,79,35
47,4066,1103.88612662244,86,39
80,8342,5911.13778031745,81,1
38,1518,292.01771370855,79,41
23,4975,527.476066043439,49,26
6,8142,454.299363974453,85,79
45,9498,2392.66225558511,88,43
17,4238,355.019115793719,81,64
75,5339,3416.37625493385,89,14
61,3904,1715.88903992159,89,28
5,2676,144.561027448728,84,79
53,8927,3009.90808497117,65,12
24,7575,835.616466818277,87,63
65,5403,2677.37217134422,83,18
25,7722,886.357986451631,87,62
69,6793,3758.41555775328,77,8
52,2758,897.765732126904,65,13
2,2552,126.530438015758,48,46
24,8239,908.863903645648,76,52
26,7081,845.814147600225,59,33
78,6382,4350.70656561815,83,5
43,9616,2245.2463640195,75,32
82,1869,1372.77263400595,91,9
83,4902,3661.96338153066,85,2
83,5316,3971.23568670278,86,3
79,4993,3471.49026984925,95,16
78,9290,6333.13443976695,83,5
72,3852,2299.06027678264,86,14
54,3897,1360.41780709467,73,19
12,2257,156.165990165214,82,70
61,2624,1153.3024694555,88,27
33,6015,949.682461379898,87,54
30,1006,140.948366849375,88,58
84,6983,5302.08361616316,95,11
74,3908,2445.02129172667,80,6
46,6472,1692.77793499105,91,45
42,2035,457.281046315424,59,17
86,5408,4233.9641190322,97,11
53,7281,2454.92783316625,79,26
77,7852,5244.74007238004,87,10
24,3076,339.320957350894,84,60
15,6231,483.226084982089,80,65
34,3138,515.523427950283,87,53
71,2451,1427.33812365695,87,16
90,2290,1894.13738050841,95,5
21,3664,358.949955829597,71,50
70,3571,2027.67150223351,81,11
3,3303,168.12938677102,65,62
73,4609,2817.43651888638,76,3
10,4336,278.511146479099,80,70
55,5612,2027.53290337063,70,15
88,2931,2360.7136458579,99,11
46,5148,1346.4803475485,77,31
16,2723,219.454393378265,50,34
47,1850,502.26004285576,93,46
81,7127,5143.41712685643,97,16
98,8706,8163.10789713007,98,0
40,7455,1550.54822733115,79,39
87,8120,6449.67654213416,89,2
75,7312,4678.88053494593,77,2
97,1153,1062.1457274078,98,1
25,6321,725.546339337058,82,57
74,6051,3785.77887314177,78,4
57,4627,1788.07143087178,78,21
71,2082,1212.45123355927,96,25
30,5481,767.930416204198,79,49
81,3190,2302.16088602105,82,1
51,7276,2285.65844712219,80,29
26,8042,960.604063691712,34,8
99,4831,4600.95238095238,99,0
97,4178,3848.78130885499,98,1
80,7396,5240.8025681165,80,0
75,4537,2903.18394243021,87,12
84,4306,3269.47902781019,95,11
41,7124,1540.26646428144,44,3
22,7299,743.863691660859,75,53
97,2380,2192.46039135349,98,1
84,9659,7333.9289200229,97,13
53,2035,686.1390111926,79,26
71,5875,3421.30211198881,80,9
17,8184,685.577263722462,73,56
19,6755,611.760355681748,86,67
84,5722,4344.62587021131,90,6
5,4657,251.577243956924,84,79
65,5897,2922.16614740271,77,12
28,5904,763.777723532552,47,19
3,6289,320.122831790174,84,81
48,3015,849.383860666894,88,40
42,1314,295.266483959935,63,21
71,7710,4489.91306952063,83,12
15,8845,685.94683384153,53,38
24,2424,267.397269381849,90,66
92,9404,7982.09509304158,94,2
57,6038,2333.34240319944,72,15
13,9197,660.833866706561,56,43
85,5330,4110.71494476137,95,10
46,5644,1476.21116580492,82,36
20,8113,764.134461159752,75,55
40,7681,1597.55344522208,46,6
30,1046,146.552675670423,71,41
59,4187,1727.36021789412,88,29
42,7567,1700.3664262746,66,24
56,7282,2721.56153477917,68,12
13,3353,240.923774607709,78,65
93,7771,6684.25825238129,96,3
45,7063,1779.25600244237,72,27
37,6963,1287.8992692109,61,24
42,1193,268.076800124963,86,44
85,7364,5679.41929703992,89,4
39,3250,650.145155663161,49,10
78,2819,1921.75521912842,82,4
90,6944,5743.62007434516,92,2
27,1089,135.372144247574,76,49
71,3663,2133.14546999404,77,6
7,5454,314.753463278097,76,69
83,8659,6468.57219923991,85,2
40,8448,1757.08000328552,74,34
9,2398,148.51086889924,82,73
15,6192,480.201559654806,72,57
57,1366,527.881040538329,93,36
78,2963,2019.92221152093,88,10
5,4993,269.728404354074,84,79
86,2873,2249.29343823585,89,3
99,2090,1990.47619047619,99,0
95,8194,7263.60708366308,96,1
40,7665,1594.22564218555,85,45
67,1457,763.868322407794,95,28
80,5593,3963.19750723034,87,7
16,4364,351.707298091351,72,56
11,3566,237.675766913272,56,45
60,2626,1118.50836936968,86,26
16,3715,299.402523466858,88,72
76,3792,2479.96979071892,90,14
40,2302,478.787661880122,86,46
57,2558,988.521011491248,86,29
26,6575,785.373255256529,61,35
72,6228,3717.17222320932,92,20
83,7161,5349.51443801328,85,2
88,4198,3381.19272784424,93,5
93,5090,4378.18485453877,94,1
18,4757,414.29508044429,82,64
28,3162,409.05575233908,77,49
39,1248,249.655739774654,91,52
10,6548,420.592939839747,85,75
6,9392,524.045643140268,71,65
89,3996,3262.14298404368,90,1
22,3393,345.791136567378,86,64
86,8357,6542.75853231362,95,9
53,6057,2042.23291930888,89,36
86,8116,6354.07780881385,93,7
90,4976,4115.81991502614,91,1
16,4144,333.976866015252,86,70
42,1085,243.80832199127,55,13
66,1178,600.616678239211,79,13
23,4723,500.757680386566,37,14
33,9927,1567.33130409281,80,47
68,9774,5265.78542692081,73,5
42,3124,701.988200830164,44,2
67,3679,1928.80683468653,81,14
53,9957,3357.19220365834,89,36
45,1191,300.027452769201,86,41
71,5450,3173.8036613343,93,22
92,7243,6147.84291353681,93,1
38,3507,674.64171408161,69,31
4,8187,428.882704980007,78,74
99,1522,1449.52380952381,99,0
42,4180,939.279987026276,82,40
52,8014,2608.66373359862,84,32
56,3145,1175.40662275206,57,1
22,5416,551.961330872066,71,49
28,2923,378.137243544317,57,29
44,1510,366.265024662087,71,27
48,5792,1631.71851442211,87,39
13,7401,531.78552218063,32,19
20,9279,873.955832010519,67,47
43,7148,1668.99136959353,57,14
5,4286,231.535337685071,75,70
30,7038,986.078137063518,90,60
61,6601,2901.27652472398,71,10
31,1789,260.847292317552,57,26
38,3478,669.062983055557,89,51
93,6412,5515.3087008453,97,4
80,1094,775.207951530483,86,6
13,2964,212.972880386892,83,70
93,4270,3672.85841431838,96,3
6,9017,503.121759390523,88,82
63,2433,1136.766642423,69,6
27,5056,628.504647672849,79,52
96,8964,8099.88158190057,97,1
77,4315,2882.20242133467,88,11
44,3256,789.774119403811,74,30
18,3598,313.355833390489,78,60
63,4932,2304.37035776007,90,27
7,5750,331.835792784939,81,74
8,9807,586.058968227453,66,58
86,3831,2999.3188868366,87,1
87,9007,7154.21633189685,91,4
93,9275,7977.93016224894,95,2
76,6902,4513.91125937289,83,7
41,5813,1256.81765256429,59,18
47,4608,1251.03474458343,75,28
33,3384,534.285195230187,74,41
14,2449,182.795384080263,81,67
50,6221,1885.24143285815,56,6
56,8127,3037.37030941367,88,32
71,9666,5628.98829182703,80,9
15,5848,453.523695229539,85,70
24,6914,762.699967205488,78,54
9,1833,113.519775935074,70,61
58,1194,476.867519722089,86,28
32,1278,193.911937790376,84,52
94,1744,1521.53053353679,99,5
35,4105,701.639134532911,76,41
24,2098,231.435425397326,67,43
31,1687,245.975059888043,38,7
67,5790,3035.55084882713,78,11
54,5247,1831.69418368636,82,28
82,3258,2392.98728817088,83,1
80,4688,3321.91487822203,86,6
13,6289,451.88476543629,69,56
81,1764,1273.04445233264,82,1
4,9695,507.880520921115,83,79
68,5390,2903.88617261133,84,16
6,4306,240.2619824704,58,52
72,3002,1791.73908382697,84,12
79,8740,6076.67233296264,87,8
89,2815,2298.03115617692,89,0
36,5482,974.790900667489,45,9
56,4544,1698.26635732444,78,22
52,8482,2761.00396660638,75,23
18,5590,486.842442649481,65,47
86,1774,1388.87802277424,92,6
1,1393,67.4668613822724,83,82
13,4754,341.590105721756,90,77
56,4198,1568.95294191197,81,25
95,7131,6321.30609148175,98,3
67,2997,1571.25144972969,86,19
69,7858,4347.65633046155,93,24
5,2140,115.605604910418,84,79
33,4538,716.485288402656,88,55
30,3871,542.356986156988,72,42
41,5895,1274.54671630251,80,39
29,5349,720.144202915178,77,48
97,3610,3325.5386608345,97,0
14,4091,305.355621181036,82,68
97,5707,5257.29893002285,98,1
15,1298,100.662407046502,84,69
93,1635,1406.35210946383,96,3
83,9625,7190.20757797484,88,5
92,9182,7793.66196770606,92,0
77,6490,4334.99274958564,89,12
58,9433,3767.41316041747,74,16
8,4129,246.745944714097,81,73
79,1818,1264.00346697095,82,3
26,3475,415.083203348508,86,60
56,4512,1686.30673508976,87,31
91,9080,7608.03507305994,91,0
59,4359,1798.31936704095,70,11
95,3374,2990.8970344495,98,3
30,3006,421.16380790181,65,35
41,8948,1934.63002840965,48,7
33,7610,1201.51014648396,49,16
40,3370,700.918514568207,41,1
23,5700,604.344437476906,74,51
23,5440,576.777849100766,84,61
70,6509,3695.91537609575,71,1
77,7976,5327.56581982975,84,7
58,9511,3798.56530994706,75,17
44,7852,1904.57812824285,80,36
39,4027,805.579859032477,70,31
5,6444,348.113326188194,72,67
17,6198,519.209174065472,79,62
20,8259,777.885679122198,86,66
3,2542,129.392946161651,89,86
38,2387,459.187274454748,68,30
64,9791,4712.56248218681,76,12
73,9182,5612.86659067363,93,20
0,3754,242.629178043595,51,51
2,5187,257.176090120588,80,78
83,3568,2665.41928708719,89,6
24,7756,855.583012098028,69,45
18,1706,148.578391262972,85,67
48,1580,445.116583699401,75,27
5,8363,451.780221432629,62,57
54,7674,2678.94438071452,84,30
86,3244,2539.75214536621,94,8
22,9550,973.270071977147,79,57
19,6277,568.470725775623,89,70
92,6820,5788.80141796508,98,6
98,1091,1022.96700158154,98,0
42,7201,1618.12325037708,83,41
9,8853,548.276364622591,83,74
76,5572,3644.09063129901,88,12
96,8831,7979.7026159933,97,1
51,7632,2397.49110341349,75,24
31,3689,537.879072867215,72,41
25,6750,774.788449695482,80,55
0,3270,211.347206234032,55,55
86,1464,1146.17667719363,88,2
16,4133,333.090344411447,72,56
77,8298,5542.64558336851,82,5
54,4533,1582.4413445112,83,29
72,4306,2570.0294786672,75,3
98,9131,8561.60558335569,98,0
9,2447,151.545494660734,89,80
60,5467,2328.59301422088,75,15
73,7436,4545.55390636562,84,11
20,4956,466.787919327959,78,58
37,1573,290.947228273553,79,42
93,1830,1574.08217756502,93,0
70,4162,2363.25085194508,75,5
44,2069,501.855851672754,48,4
25,9825,1127.74763233453,76,51
38,3448,663.291881994123,78,40
16,1110,89.4580891112282,77,61
67,6222,3262.03754428366,80,13
59,9289,3832.20660712168,59,0
17,1604,134.367782381577,46,29
29,3199,430.686353547515,73,44
60,3839,1635.16893755148,78,18
58,5475,2186.64126505732,58,0
39,3644,728.962752995865,73,34
3,4365,222.187336740994,88,85
45,6914,1741.72108181885,89,44
15,8221,637.554428604999,55,40
69,3154,1745.03793156983,69,0
94,5548,4840.28176609066,94,0
47,3548,963.253314622831,83,36
99,5453,5193.33333333333,99,0
67,6421,3366.36822112591,80,13
28,4243,548.900555716229,72,44
90,9279,7674.97849508191,94,4
44,5750,1394.71780914371,80,36
37,9423,1742.9089205478,81,44
25,3926,450.639919037698,46,21
29,5081,684.062945412605,87,58
67,4033,2114.40009901897,91,24
24,7284,803.515557003872,86,62
36,8728,1551.98376158808,90,54
6,8552,477.17614354084,82,76
19,9128,826.668915864248,91,72
53,4312,1453.87293182432,72,19
48,6095,1717.07947952395,79,31
38,6163,1185.57652805388,81,43
78,5552,3784.88292891131,88,10
31,8882,1295.05067096953,85,54
65,3917,1941.00810571077,83,18
95,5884,5215.89749576197,98,3
30,2421,339.200791393972,91,61
45,1802,453.945818547523,90,45
0,5021,324.518141437638,88,88
28,7092,917.464704487272,89,61
81,2720,1962.97103761042,93,12
34,8051,1322.65108936511,86,52
87,4163,3306.65067055474,88,1
46,5142,1344.91102313411,78,32
92,8978,7620.50720388423,93,1
96,2257,2039.42801543391,97,1
20,7849,739.269245118069,57,37
62,5114,2318.12848022198,81,19
95,9347,8285.68896887953,95,0
63,9951,4649.38958436141,82,19
85,5435,4191.6952579321,85,0
8,3058,182.743787584333,83,75
0,4182,270.291748156184,86,86
95,9068,8038.36820047069,95,0
65,2266,1122.88086993633,88,23
36,4895,870.412524401197,80,44
67,7150,3748.5645197088,77,10
57,4438,1715.03371735659,67,10
85,3054,2355.37025165126,85,0
3,8650,440.302511525681,63,60
17,2064,172.902183812703,86,69
59,3633,1498.80574913048,91,32
97,2266,2087.44338101135,98,1
21,3584,351.112620549474,73,52
63,2248,1050.32939258813,65,2
18,4476,389.822320804844,63,45
36,1780,316.513645236799,88,52
17,7265,608.592231298105,68,51
37,2503,462.963072071649,79,42
31,9788,1427.15108843163,81,50
13,8213,590.130319371641,83,70
97,3016,2778.34476484123,97,0
67,8188,4292.76171851408,81,14
68,5526,2977.15676991655,85,17
72,3202,1911.10877628713,82,10
98,5074,4757.59355272662,98,0
36,4313,766.923231408041,68,32
76,8212,5370.65187800206,79,3
86,4968,3889.484789821,89,3
22,2966,302.274244343897,84,62
86,4450,3483.93867043145,93,7
98,3321,3113.90780224775,99,1
12,3495,241.825492081268,67,55
4,2425,127.035612504766,45,41
60,2410,1026.50615772312,91,31
3,3285,167.213150330851,54,51
9,8620,533.846409470996,75,66
60,6074,2587.1362663943,83,23
9,3618,224.066857246643,78,69
38,5744,1104.97348322919,80,42
53,3054,1029.7142703598,86,33
69,7999,4425.6684891018,88,19
0,9794,633.007503931532,83,83
44,7272,1763.89354923357,51,7
9,2628,162.755030636865,66,57
11,1993,132.834493398248,74,63
81,5833,4209.56252293441,91,10
75,2267,1450.63213521915,86,11
89,6680,5453.23201536831,94,5
97,5586,5145.83350676496,99,2
67,5660,2967.39513028697,89,22
2,8781,435.369818266605,66,64
11,8918,594.389368853775,63,52
86,7509,5878.85291601567,86,0
7,1442,83.2186457731968,83,76
82,2015,1480.00901954092,83,1
33,6816,1076.14890386789,86,53
94,4143,3614.50745438241,97,3
68,8766,4722.72099983505,74,6
32,7615,1155.42989536285,71,39
73,4505,2753.86233837777,86,13
36,4878,867.389641272531,89,53
56,1304,487.354606063175,80,24
51,1689,530.576844033724,87,36
61,5275,2318.47199938176,71,10
58,3057,1220.92462964022,74,16
2,1372,68.024984701262,84,82
72,4769,2846.37031671247,87,15
51,9788,3074.7697746608,57,6
53,4902,1652.80266971308,82,29
28,1917,247.994901086027,67,39
87,6948,5518.76263728426,92,5
57,5382,2079.83584200387,80,23
86,2151,1684.03417530293,92,6
88,3916,3154.06162988043,96,8
48,7651,2155.43479866083,78,30
79,5776,4015.88780265357,91,12
88,5692,4584.5042893972,94,6
10,7738,497.029347660348,84,74
2,8925,442.509466806679,48,46
15,5882,456.160460899478,86,71
2,6086,301.749312603412,89,87
28,9677,1251.87619082393,45,17
67,7742,4058.93517644553,92,25
34,7922,1301.45844366544,70,36
48,6699,1887.2379710141,81,33
5,6618,357.513034251003,73,68
96,3687,3331.57779924893,96,0
78,5217,3556.50832855373,86,8
62,3319,1504.47172973343,77,15
90,7167,5928.07100703223,94,4
47,4828,1310.76296589601,74,27
80,1246,882.915089220276,91,11
65,9850,4881.01349023515,78,13
74,8612,5388.05613212642,74,0
42,9711,2182.14065885459,92,50
31,2220,323.689764642238,34,3
58,4992,1993.73756989335,86,28
96,2170,1960.8147069081,96,0
2,5801,287.618758201181,65,63
12,8307,574.776641693588,61,49
58,7588,3030.54500808309,60,2
30,1894,265.364022676656,71,41
97,7346,6767.14875415241,97,0
64,2813,1353.94119726192,91,27
50,6495,1968.27569625682,83,33
97,4436,4086.45138489247,97,0
63,3070,1434.39111888147,71,8
68,6630,3571.94161862952,73,5
91,4434,3715.20126805592,91,0
75,3704,2370.15501934351,83,8
71,2613,1521.67870955349,91,20
23,4008,424.949562352182,66,43
78,6838,4661.56870819444,81,3
84,9266,7035.530114187,86,2
17,5327,446.245122660014,84,67
89,6278,5125.05847192848,94,5
23,8166,865.802925690598,30,7
5,6454,348.653539295252,82,77
71,3676,2140.71601083759,74,3
66,2743,1398.54970153663,87,21
2,7933,393.32522130839,63,61
60,3218,1370.66257906764,70,10
57,3620,1398.92340171944,66,9
65,6424,3183.3127574894,67,2
33,7388,1166.45952197418,77,44
48,9151,2578.01383381849,90,42
96,5353,4836.9774774558,96,0
39,2423,484.708219129797,59,20
39,4335,867.193615323017,63,24
36,7891,1403.15122166493,58,22
82,6358,4669.92424131075,88,6
51,6982,2193.30226467937,84,33
53,1845,622.076892211473,68,15
98,2648,2482.8749955893,98,0
27,2204,273.976313977642,48,21
23,8713,923.7987866204,60,37
7,8013,462.434818710559,52,45
63,7049,3293.49283289756,88,25
70,6002,3408.0325837036,82,12
35,4316,737.703898817063,74,39
58,6187,2471.00447614787,83,25
36,9256,1645.87095523135,64,28
55,1051,379.710812801592,75,20
69,6858,3794.37860960872,79,10
15,4510,349.759210924285,81,66
27,1832,227.733487843485,74,47
32,3545,537.885617736216,66,34
81,9249,6674.82320840397,84,3
19,4231,383.176619524719,85,66
27,3468,431.102475895854,72,45
70,7670,4355.14993618904,84,14
2,6317,313.202498803114,70,68
61,4620,2030.58590277606,72,11
28,5846,756.274487088634,85,57
82,1398,1026.82511628695,88,6
20,1296,122.065606022808,84,64
20,2685,252.890549514845,72,52
62,8720,3952.69463189981,83,21
4,4320,226.306740627047,80,76
48,1800,507.094842189191,76,28
46,1554,406.455023327578,61,15
40,1257,261.440526057043,68,28
15,6534,506.724320217135,83,68
22,3823,389.613768080485,87,65
40,9078,1888.11224784872,77,37
20,7592,715.063334047188,68,48
41,7632,1650.10017622066,81,40
65,8094,4010.85514618917,77,12
8,1284,76.7308774552921,85,77
50,4378,1326.72994583716,78,28
32,1320,200.284630581609,83,51
41,2173,469.820189062826,69,28
51,4370,1372.7772696432,86,35
66,8225,4193.60965918294,70,4
33,8217,1297.3467639499,70,37
60,2291,975.819754084513,72,12
83,4077,3045.65987484711,97,14
2,8711,431.899155781846,64,62
13,3101,222.816768582912,77,64
17,1123,94.0742017546829,77,60
35,6141,1049.63847141696,84,49
95,1963,1740.10992253242,97,2
58,1143,456.49880656813,76,18
9,9278,574.597098268202,71,62
33,2377,375.294299368249,88,55
1,9372,453.912006370895,76,75
67,9745,5109.057516722,76,9
38,9866,1897.92276907019,48,10
73,6916,4227.68300382257,84,11
73,5188,3171.37354306413,83,10
94,4628,4037.6395121607,96,2
39,6449,1290.08803349899,71,32
39,2187,437.497678595487,65,26
51,6922,2174.45406418084,86,35
29,2590,348.695734819651,68,39
45,9347,2354.62351052369,78,33
48,5901,1662.42592431023,75,27
25,8973,1029.95211246186,76,51
8,2942,175.8117145432,74,66
3,9090,462.699402285369,81,78
48,3959,1115.32693345945,84,36
7,3975,229.399526316545,86,79
69,6782,3752.3295028239,77,8
77,8862,5919.36914434945,80,3
95,4146,3675.23980581732,95,0
71,9286,5407.69555947711,92,21
50,4640,1406.12767215268,78,28
48,1286,362.2910928085,67,19
24,8403,926.95513804277,82,58
79,3868,2689.30990662466,84,5
78,4814,3281.77709289969,87,9
98,3170,2972.32391843583,98,0
65,6647,3293.81692077087,85,20
77,4080,2725.23427092595,82,5
70,4068,2309.87613304003,89,19
92,1788,1517.65057702662,94,2
52,9507,3094.65511795884,61,9
11,1812,120.770748639049,76,65
39,4349,869.99424060895,69,30
11,3099,206.549972424069,69,58
30,5174,724.917346002649,77,47
43,9739,2273.96571746942,70,27
99,6028,5740.95238095238,99,0
38,6674,1283.87761613364,66,28
21,4117,403.328866853288,85,64
53,4032,1359.46559858897,60,7
97,8835,8138.81830151601,97,0
97,6439,5931.61868064081,97,0
33,2635,416.028808933671,89,56
3,2782,141.609432030572,53,50
89,8663,7072.05822591852,95,6
12,2531,175.124555209639,73,61
33,6839,1079.78027487566,74,41
12,2310,159.833157856289,82,70
33,6083,960.418688707219,68,35
77,2631,1757.37533500151,80,3
53,6443,2172.38017155475,92,39
21,9503,930.977464587515,76,55
71,1757,1023.18771247052,92,21
64,7007,3372.57944159769,87,23
36,8766,1558.74079446392,71,35
86,3419,2676.7609694843,87,1
18,9932,864.994479498148,65,47
76,6426,4202.60703458855,80,4
54,9298,3245.87240707371,67,13
62,9344,4235.54800922842,91,29
16,6008,484.201981423657,64,48
3,4367,222.289140789902,90,87
24,8334,919.343582107396,76,52
82,5407,3971.41874375075,91,9
49,5344,1561.7211584704,79,30
9,6059,375.240765079439,70,61
21,2556,250.402862199904,83,62
95,3175,2814.49261540521,96,1
20,9886,931.12699162151,65,45
79,5298,3683.54805721236,85,6
66,1330,678.115604463625,78,12
23,4675,495.668464070971,33,10
1,2467,119.483666209667,78,77
68,2994,1613.03064949876,84,16
1,1526,73.9084210117356,73,72
21,9071,888.655854074855,79,58
54,5212,1819.4759072562,71,17
36,5264,936.026869958713,88,52
14,4935,368.352478740751,74,60
26,1230,146.921536724796,47,21
15,9206,713.943081101767,86,71
19,5094,461.333419961928,58,39
22,5212,531.171059177476,64,42
94,2455,2141.83340586744,96,2
52,3239,1054.33763827376,71,19
53,8852,2984.62040642599,71,18
65,7878,3903.81972345914,67,2
86,1143,894.863348382729,93,7
25,3035,348.367843677894,65,40
84,4373,3320.351088856,94,10
94,1719,1499.71960272348,94,0
45,4646,1170.38416924073,80,35
3,2852,145.17257374234,61,58
54,4211,1470.03320135377,91,37
92,9140,7758.01245750745,99,7
47,5110,1387.32368594213,82,35
52,8955,2914.9717662061,78,26
83,3943,2945.55724467063,89,6
96,1717,1551.48334182544,99,3
20,3486,328.333875459497,89,69
10,1193,76.62910464704,31,21
77,6409,4280.88883391284,84,7
25,9069,1040.97132596864,83,58
32,3630,550.782734099426,84,52
84,6778,5146.43029505282,86,2
23,9723,1030.88437992771,69,46
75,7032,4499.71114903444,81,6
98,1839,1724.32292933864,98,0
98,7468,7002.30757819519,98,0
43,4060,947.972154525705,89,46
19,8034,727.591813108388,47,28
87,9054,7191.54820350772,96,9
57,1808,698.688815002414,85,28
92,7225,6132.56455202312,92,0
46,2245,587.188885051746,77,31
53,7595,2560.79891400874,61,8
61,4523,1987.95238923293,72,11
14,3289,245.493678334008,67,53
12,6442,445.733854073684,85,73
31,2424,353.434229501255,73,42
30,4736,663.550164412166,88,58
0,1802,116.467176034779,74,74
23,3478,368.756132200821,72,49
59,2172,896.065534575119,80,21
78,6847,4667.70414521898,85,7
55,8136,2939.41691051737,86,31
97,5108,4705.49902480405,97,0
54,7182,2507.19032346778,61,7
61,1791,787.181677894358,77,16
8,7580,452.975117687783,85,77
42,2769,622.216814372191,79,37
90,8193,6776.71072423818,92,2
64,5865,2822.91685813764,74,10
20,6475,609.857097992037,82,62
2,4468,221.527428312856,88,86
63,7496,3502.34391763372,69,6
71,5839,3400.33753734513,93,22
57,2642,1020.982217498,83,26
86,5930,4642.6418686873,90,4
42,7117,1599.24776738421,59,17
61,4074,1790.60756881162,93,32
65,5730,2839.41190853273,70,5
44,2312,560.797839085262,65,21
70,9630,5468.06960697528,79,9
10,1957,125.702563113376,80,70
54,7871,2747.71582233568,85,31
60,5646,2404.83558776131,75,15
84,7923,6015.81103979102,90,6
39,4533,906.802458652649,65,26
33,1101,173.832151284999,91,58
17,3014,252.484099811767,85,68
65,1931,956.876857831887,65,0
48,4193,1181.24926294404,70,22
27,7149,888.682699013686,73,46
17,8109,679.294480880431,40,23
20,3179,299.4186431686,85,65
47,1002,272.034898887282,93,46
87,2178,1729.97481635076,89,2
93,7986,6869.1914043903,94,1
63,2453,1146.11120997272,76,13
31,5390,785.895419559309,80,49
34,2322,381.467622594186,53,19
55,4898,1769.57522464529,65,10
86,8089,6332.93930452135,88,2
72,4043,2413.05833308209,77,5
24,3595,396.573095473493,26,2
37,4978,920.747172502064,78,41
61,9837,4323.56569818358,86,25
33,3605,569.177934043979,82,49
48,7839,2208.39803773393,87,39
89,8927,7287.5751798193,90,1
10,2098,134.759313955985,11,1
18,5882,512.27321067339,74,56
97,1829,1684.8781746998,97,0
66,5262,2682.8904591636,71,5
51,9064,2847.33482197849,69,18
4,9072,475.244155316798,71,67
50,5188,1572.19619895002,87,37
58,8213,3280.16159085219,73,15
34,4557,748.64253064673,64,30
21,3164,309.966610328833,86,65
56,4287,1602.21564125217,73,17
92,3699,3139.70329106346,92,0
6,9419,525.552162770249,56,50
41,8630,1865.87585440045,54,13
82,9444,6936.57825337193,89,7
49,4251,1242.30476135061,74,25
28,3276,423.803492935745,87,59
50,8540,2588.00222417756,69,19
58,2119,846.300062220356,79,21
41,1768,382.255910843569,81,40
70,5837,3314.34291754047,94,24
67,8584,4500.37452268257,71,4
94,4891,4267.09050431677,94,0
56,6750,2522.73281512763,65,9
11,8139,542.468611022749,43,32
87,3142,2495.67533194403,95,8
0,1139,73.6160452295299,53,53
46,5357,1401.14514798316,81,35
80,2005,1420.74217807918,96,16
59,4094,1688.9927709717,87,28
46,4289,1121.80540222135,86,40
34,2420,397.567461962933,83,49
13,5861,421.131596473541,84,71
78,9246,6303.13896986924,83,5
97,2834,2610.68602903185,97,0
63,8445,3945.74364786777,83,20
83,8018,5989.72305041062,90,7
51,6455,2027.75223696725,75,24
64,4928,2371.92400288189,65,1
87,8672,6888.12745977678,89,2
96,3783,3418.32351900155,97,1
12,1285,88.9115185477623,79,67
27,6061,753.434863438516,88,61
57,4146,1602.19238219027,73,16
40,3603,749.379646287611,69,29
89,5915,4828.7226603149,90,1
89,2785,2273.54059323365,89,0
41,9534,2061.32797170961,90,49
8,9004,538.072290192718,70,62
32,7946,1205.65278378899,80,48
4,9189,481.37329620878,70,66
42,4294,964.896713945174,54,12
44,4447,1078.6626256108,85,41
56,1383,516.879923455039,76,20
92,4305,3654.07479535772,93,1
87,7131,5664.11864802447,91,4
53,1187,400.219659108411,69,16
28,9015,1166.23580244681,85,57
89,9166,7482.68333126736,90,1
21,2145,210.138552198276,84,63
43,3380,789.198493176572,49,6
84,9265,7034.77082969378,87,3
52,9509,3095.30614459562,63,11
92,5738,4870.40213141989,92,0
51,3412,1071.83433501662,81,30
80,1783,1263.43306908487,90,10
47,9731,2641.8878254213,54,7
25,5207,597.677549268796,86,61
49,5646,1649.97710717139,85,36
80,6295,4460.63441945557,86,6
92,5674,4816.0790682601,93,1
87,9148,7266.21194672947,87,0
20,5529,520.756740509339,65,45
48,2561,721.48327269251,79,31
16,3087,248.790199176902,65,49
73,4314,2637.10591071292,87,14
59,8520,3514.9532019245,84,25
54,1274,444.745262057637,61,7
52,9401,3060.15070620922,66,14
11,5748,383.10720925897,90,79
99,8312,7916.19047619048,99,0
77,7128,4761.14457920592,86,9
8,1924,114.976797682229,85,77
50,9401,2848.92375989382,84,34
91,9120,7641.55064606902,92,1
60,9365,3988.89218550915,86,26
32,8781,1332.34798570993,79,47
56,9553,3570.32097524656,56,0
81,4357,3144.36206281934,83,2
89,2912,2377.21730969349,90,1
23,1591,168.686315793992,82,59
98,2957,2772.60625451569,98,0
59,5037,2078.03043170114,69,10
64,7629,3671.95783644195,71,7
38,2839,546.138530447018,88,50
66,5323,2713.99200192472,77,11
86,3439,2692.41912081208,88,2
88,5294,4263.94337808657,88,0
28,4058,524.967818783044,34,6
19,7677,695.260436797747,69,50
82,4467,3280.99269989543,96,14
31,2067,301.381415997976,76,45
21,3909,382.951795124971,54,33
86,9790,7664.66507494919,87,1
66,1939,988.621170718022,81,15
24,2958,326.304093577355,63,39
81,2652,1913.89676167016,89,8
43,8006,1869.32637170758,63,20
68,6120,3297.17687873494,68,0
21,5775,565.757640533821,63,42
26,1487,177.619776512009,57,31
2,2065,102.384543300369,70,68
80,7761,5499.44141849002,83,3
16,8379,675.287683480163,85,69
3,2177,110.813707236001,86,83
47,4838,1313.47788504658,76,29
7,5304,306.096877379359,74,67
64,3550,1708.67090305006,83,19
78,2297,1565.89987170556,84,6
8,3678,219.794522804178,84,76
2,3148,156.080650028843,63,61
76,4824,3154.89827806648,93,17
99,2168,2064.7619047619,99,0
99,9146,8710.47619047619,99,0
30,6014,842.607831244672,88,58
30,4427,620.256878769565,55,25
61,4383,1926.4194830882,61,0
35,3836,655.660833146954,62,27
83,2264,1691.28622925039,86,3
54,1489,519.800388700016,75,21
64,5488,2641.4608213912,81,17
76,4745,3103.23224075983,81,5
60,4641,1976.76974190582,61,1
36,3722,661.833588523239,77,41
7,2344,135.273582310938,82,75
5,1451,78.3849218341199,87,82
16,6943,559.556317747079,38,22
48,5029,1416.76664520524,69,21
17,2742,229.698540704667,67,50
68,7334,3951.22471056243,85,17
33,7917,1249.98105515289,76,43
56,6699,2503.67216719111,90,34
53,8245,2779.95879473365,67,14
22,3872,394.607509811049,81,59
5,9480,512.122025491011,77,72
78,1610,1097.56151216628,86,8
89,2058,1680.05261790838,94,5
22,2237,227.979596964699,78,56
8,8127,485.663427631744,55,47
43,1950,455.306822986484,56,13
77,1492,996.580767701352,85,8
44,9436,2288.79256470957,85,41
48,1225,345.106212045421,82,34
80,3661,2594.18309922587,80,0
16,5645,454.946768498093,84,68
82,8396,6166.82666405239,85,3
15,9728,754.42518932848,89,74
82,6210,4561.21886419311,88,6
97,7260,6687.92539547325,97,0
33,9433,1489.33577027375,68,35
12,9769,675.935116492677,60,48
14,3241,241.910918662366,87,73
54,1816,633.953999918892,78,24
62,8850,4011.62241884327,69,7
13,6558,471.213275835775,65,52
44,1128,273.607250211148,92,48
4,7469,391.269686514678,77,73
6,5343,298.12349566636,78,72
77,1447,966.523036772021,84,7
84,9377,7119.81069293454,86,2
18,4132,359.862785872568,78,60
79,3195,2221.39223155785,86,7
71,9059,5275.50226936282,85,14
31,5622,819.722458026425,73,42
55,1903,687.525858003263,65,10
60,6815,2902.75496468178,81,21
81,1222,881.893605867624,83,2
83,2707,2022.22253647562,91,8
25,8075,926.876552783854,71,46
35,3257,556.696385182385,40,5
72,5211,3110.17733704942,84,12
78,2842,1937.43466930222,87,9
60,5152,2194.42312223632,68,8
77,1682,1123.49118718075,86,9
0,9139,590.673430511566,79,79
15,5486,425.449896037833,84,69
99,2374,2260.95238095238,99,0
79,4310,2996.61988044267,82,3
75,2597,1661.79605432913,76,1
83,3992,2982.16193779486,92,9
65,1736,860.247656756165,67,2
64,9946,4787.1664230242,87,23
15,1844,143.005761628466,87,72
29,4232,569.760752801839,70,41
28,4334,560.672874964444,73,45
9,1950,120.765719079866,79,70
19,2352,213.006714517168,70,51
69,1991,1101.57594221799,79,10
35,3286,561.653153733287,67,32
79,8291,5764.49545910678,90,11
98,3241,3038.89647307587,99,1
30,5338,747.895012168949,74,44
84,3992,3031.06369693875,89,5
6,7502,418.589269041555,68,62
3,2703,137.588172098719,67,64
20,6047,569.545308348702,79,59
99,3542,3373.33333333333,99,0
34,5311,872.512723340966,84,50
75,4504,2882.06755051921,78,3
46,9537,2494.44115667639,58,12
61,5111,2246.39059504079,64,3
44,3675,891.406599757066,89,45
37,6628,1225.93657278901,47,10
75,4127,2640.82877020266,87,12
58,4170,1665.44184023543,67,9
53,4770,1608.29635547356,73,20
48,5703,1606.64549166942,75,27
80,6547,4639.2015161518,84,4
22,2585,263.445354561353,58,36
10,5008,321.675235601321,84,74
83,6008,4488.18359776341,84,1
70,2390,1357.08061896894,86,16
84,7986,6063.64596286395,86,2
62,4515,2046.60736961326,75,13
7,6081,350.937992334819,79,72
28,1248,161.448949689808,65,37
59,6792,2802.06128491446,63,4
3,2048,104.247346081456,76,73
53,8042,2711.51347813803,85,32
49,9954,2908.93944824371,74,25
26,5454,651.471594550435,73,47
92,3311,2810.36972065724,93,1
74,1073,671.317258450029,84,10
78,5636,3842.14700780694,87,9
49,9889,2889.94396259615,88,39
91,7373,6177.75799489768,94,3
90,6131,5071.15994755331,93,3
93,9208,7920.29983115776,95,2
10,2081,133.667365272833,73,63
56,6750,2522.73281512763,77,21
43,4075,951.474514702524,87,44
13,5739,412.365506255187,83,70
24,2298,253.497906369426,85,61
3,5117,260.465659130279,70,67
63,1769,826.526999772419,74,11
20,2443,230.097434809968,89,69
44,7000,1697.9173328706,83,39
25,5065,581.378295956684,69,44
7,3916,225.994602529708,53,46
54,3512,1226.01676636297,80,26
53,7161,2414.46754749396,74,21
18,6583,573.324472265033,26,8
22,8062,821.623384322488,73,51
31,4621,673.770451536839,67,36
90,9602,7942.1428504986,94,4
38,5402,1039.18293112884,76,38
66,1478,753.575085261081,71,5
78,9125,6220.65142765053,78,0
30,7839,1098.30442120502,90,60
38,3043,585.382017664767,86,48
66,9306,4744.76978581842,86,20
3,5347,272.173124754661,87,84
52,3345,1088.84205002338,88,36
24,1237,136.456444812437,75,51
99,9950,9476.19047619048,99,0
79,7354,5113.02612546994,90,11
67,6310,3308.17372298777,75,8
86,2129,1666.81020884237,90,4
97,2489,2292.8713924701,97,0
36,9861,1753.45003128094,89,53
30,7845,1099.14506752818,86,56
41,1312,283.665019811517,72,31
86,4773,3736.81781437512,89,3
54,1085,378.7665693348,68,14
98,7123,6678.82122114145,98,0
77,2763,1845.54467906088,83,6
43,4209,982.762265615441,81,38
83,8468,6325.88859951074,98,15
45,1478,372.326259607791,72,27
20,1986,187.054238859025,64,44
35,6138,1049.12570225652,46,11
49,5468,1597.95870032114,84,35
5,6370,344.115749195964,75,70
38,1740,334.72386156316,74,36
53,1174,395.836461493913,86,33
82,8647,6351.18510767759,91,9
53,2870,967.675165662291,88,35
5,4499,243.041876865407,87,82
21,3957,387.654196293044,71,50
4,2201,115.301188916697,83,79
44,1459,353.89448409403,73,29
63,8123,3795.29611031733,90,27
81,2269,1637.49311924193,84,3
57,1567,605.556069197336,79,22
55,9527,3441.96471318817,59,4
47,3165,859.271911155936,75,28
21,2489,243.839093902802,91,70
8,5555,331.962635719741,72,64
24,2391,263.756960021452,88,64
61,8361,3674.83305911487,70,9
39,4595,919.20522777607,51,12
13,2057,147.802029337327,68,55
19,5021,454.722242172917,82,63
78,1537,1047.79630074508,78,0
52,7760,2525.98335072689,71,19
83,3651,2727.42315503232,83,0
92,6532,5544.34763374603,92,0
96,3968,3585.48974977482,96,0
59,9671,3989.80192673848,85,26
44,5182,1256.94394556221,83,39
61,5496,2415.6060869388,81,20
74,5412,3385.99161484767,77,3
11,6990,465.887159485073,73,62
49,9226,2696.19000899101,69,20
42,6010,1350.49586651386,77,35
87,4853,3854.71431760802,89,2
72,3787,2260.26512673309,92,20
1,2953,143.021996885751,86,85
83,5197,3882.33857482963,85,2
31,6778,988.274425560852,79,48
97,4588,4226.47406534866,99,2
6,3747,209.071446427447,72,66
33,3452,545.021422557508,43,10
10,5709,366.702060712449,77,67
38,3645,701.188778964205,47,9
35,4216,720.611593469123,59,24
95,9929,8801.60541050656,97,2
84,5537,4204.1582389654,89,5
67,2889,1514.62977586556,88,21
25,2429,278.809058416344,80,55
82,4513,3314.77950629686,90,8
93,9481,8155.12192649943,93,0
74,6365,3982.23145389975,93,19
21,8370,819.981203682785,67,46
56,5135,1919.14563047117,73,17
19,7412,671.260955782845,58,39
85,2453,1891.85436388361,90,5
53,5132,1730.35155058497,75,22
9,5088,315.105630091465,72,63
9,2239,138.663817958882,77,68
46,4782,1250.75155827058,91,45
93,2509,2158.12687623532,97,4
52,3717,1209.93300446545,74,22
69,3093,1711.28799059781,74,5
82,6463,4747.04629940098,85,3
60,8385,3571.47474377942,87,27
24,4276,471.695843183492,68,44
88,5367,4322.73972614103,90,2
93,8660,7448.93533208365,95,2
59,1684,694.739576530617,85,26
57,5724,2211.99932360278,78,21
25,2046,234.846987863253,84,59
14,9397,701.399846550525,87,73
73,5834,3566.26701045415,85,12
97,6256,5763.03874298632,97,0
75,3514,2248.57579318928,87,12
1,3754,181.816653000036,80,79
29,3063,412.376461680537,85,56
10,1062,68.2146765592259,67,57
27,3670,456.212827721391,67,40
15,2438,189.071608920933,82,67
16,7752,624.75595206328,64,48
66,8670,4420.49796293205,72,6
6,9317,519.860866390319,57,51
58,3866,1544.02833437654,84,26
19,5259,476.276493046678,68,49
61,2202,967.824709504956,89,28
95,1470,1303.08791957344,97,2
94,6340,5531.25205425645,95,1
28,3966,513.066133389244,78,50
34,8044,1321.50110083877,68,34
76,9256,6053.42837101644,87,11
24,5868,647.313191721406,85,61
38,8097,1557.62017648098,53,15
17,1790,149.949083829815,83,66
46,4176,1092.24979241697,54,8
2,5435,269.47215149516,43,41
66,3799,1936.96329425362,81,15
4,7487,392.212631267291,73,69
50,6333,1919.18244563425,85,35
2,7470,370.369268016346,59,57
87,6664,5293.18281733769,96,9
63,1302,608.33134748654,87,24
45,8166,2057.11517994399,70,25
50,8519,2581.63828428204,83,33
18,8601,749.075464978209,57,39
32,5827,884.135259393211,83,51
91,1822,1526.63435056335,92,1
35,7146,1221.41614016375,82,47
67,5032,2638.1505822622,69,2
47,7085,1923.52021818003,72,25
60,1890,805.019351907346,68,8
13,5811,417.538936547986,54,41
95,1223,1084.13369091042,96,1
91,9559,8009.38405984361,99,8
91,6906,5786.46368001674,91,0
43,5622,1312.6845942718,64,21
75,6969,4459.39803720435,81,6
22,7441,758.335351369838,69,47
27,1604,199.391110535453,79,52
63,3443,1608.66730368368,84,21
32,5229,793.400252508512,46,14
6,4586,255.885149003542,72,66
94,4908,4281.92193726982,96,2
37,4994,923.706584868483,68,31
59,7612,3140.35490294006,80,21
88,3856,3105.73586435622,96,8
64,7456,3588.69021215247,69,5
71,3383,1970.08766720989,90,19
75,8726,5583.68593379899,78,3
88,2656,2139.22055387192,89,1
81,5301,3825.62848175472,86,5
80,4345,3078.86521882993,85,5
53,8555,2884.48119938707,74,21
57,4572,1766.81706979593,94,37
2,3821,189.448590775162,70,68
98,5453,5112.95972467841,98,0
76,3349,2190.24758151837,85,9
55,5818,2101.9576678208,86,31
17,1891,158.409898057084,84,67
68,3111,1676.06491335693,95,27
85,9827,7578.98607170169,88,3
26,2415,288.467895276733,67,41
82,8934,6561.98539979086,83,1
80,4045,2866.28534181061,88,8
33,4477,706.854260947266,69,36
90,8458,6995.90129447169,90,0
41,1549,334.90633817686,79,38
9,8133,503.685945270025,70,61
61,7582,3332.44638849526,64,3
64,5382,2590.44135217336,82,18
46,6353,1661.65300077227,63,17
88,2679,2157.7454306562,97,9
13,7688,552.407390153315,85,72
54,5252,1833.43965174781,72,18
59,2823,1164.63766303203,69,10
61,4150,1824.01114643305,67,6
80,9032,6400.0714974619,88,8
38,5373,1033.60420010279,75,37
0,5319,343.778529039394,68,68
3,6670,339.516503107086,63,60
87,2405,1910.27981327988,92,5
70,7152,4061.02116605267,85,15
20,6560,617.862944066063,71,51
7,3629,209.43166817679,73,66
37,2330,430.964425859745,78,41
0,2196,141.932252259919,70,70
86,8112,6350.94617854829,87,1
26,6240,745.358039969694,73,47
70,8549,4854.26033956715,74,4
69,7469,4132.4312970498,77,8
82,5246,3853.16492134574,83,1
88,5629,4533.76223559677,89,1
56,9933,3712.34148928337,85,29
4,1022,53.5383076205652,70,66
10,6599,423.868785889201,64,54
54,8013,2797.28711528088,74,20
21,3305,323.779913760048,30,9
81,5348,3859.54746659579,81,0
11,5052,336.718444881057,75,64
95,8821,7819.41397180767,99,4
61,6197,2723.71013842062,62,1
14,8586,640.866136265064,87,73
37,7847,1451.40680245554,55,18
13,9031,648.906235753719,64,51
7,1273,73.4655589939525,38,31
52,1274,414.703967632225,93,41
62,7892,3577.36995813685,68,6
95,8069,7152.80028778099,99,4
62,6643,3011.20991281083,67,5
73,9295,5681.94238295703,84,11
42,4270,959.503718804354,64,22
52,6910,2249.29703009315,76,24
22,3479,354.55566287,80,58
29,7507,1010.67910474561,70,41
39,8901,1780.59754786394,78,39
19,9882,894.954231657592,48,29
55,2745,991.728050561722,81,26
87,3098,2460.72634575513,95,8
38,6728,1294.26559804422,57,19
81,3276,2364.22541147491,85,4
18,9357,814.916768492164,65,47
27,4954,615.825163087676,75,48
46,2852,745.952204974423,70,24
11,7659,510.476359727636,57,46
30,4675,655.003593460067,79,49
40,6374,1325.71353467589,83,43
7,8099,467.397927959168,84,77
45,6653,1675.97199267296,62,17
13,7433,534.084824532985,76,63
6,9320,520.028257460317,61,55
22,9660,984.480512596779,88,66
6,4614,257.447465656856,88,82
27,2990,371.68293048691,77,50
0,6867,443.829133091468,84,84
27,3334,414.445113793765,76,49
21,2314,226.694922977535,79,58
42,2374,533.457102679517,65,23
70,4532,2573.34283061391,91,21
64,7981,3841.38097950494,81,17
40,1167,242.721633976587,78,38
75,2281,1459.59060451473,94,19
71,1598,930.594174460955,88,17
29,6934,933.535222100177,83,54
23,5132,544.122044409031,88,65
97,6281,5786.06878911398,98,1
66,1900,968.736577805178,87,21
80,3084,2185.32113575869,80,0
52,7347,2391.54635023073,82,30
67,4395,2304.18756141541,85,18
15,1753,135.948535864805,74,59
77,8477,5662.20855750962,93,16
57,2326,898.866252044035,78,21
27,5862,728.697437630189,75,48
39,7323,1464.92706920656,71,32
32,3240,491.607729609405,59,27
81,5606,4045.74104295736,84,3
32,6689,1014.92719239423,69,37
94,8193,7147.87824613929,99,5
54,2234,779.87512985617,78,24
46,5501,1438.80893392858,74,28
84,4802,3646.08413644787,93,9
24,4401,485.484893791055,57,33
30,1416,198.392532265124,53,23
38,2368,455.532243782507,72,34
91,5683,4761.72503526428,96,5
27,9069,1127.35535002869,78,51
65,4185,2073.81131539433,79,14
46,9180,2401.06635402006,73,27
39,3777,755.568693212234,39,0
24,9013,994.245705007674,83,59
89,6693,5463.84459264373,97,8
52,9845,3204.67861957555,83,31
28,4618,597.412860310522,66,38
48,2051,577.806400738906,72,24
17,8820,738.855262222888,65,48
60,8143,3468.39819184207,73,13
78,2778,1893.80489490555,90,12
0,2679,173.149591896322,77,77
40,3907,812.607903981598,80,40
97,1012,932.256267247787,97,0
41,6892,1490.10618638794,75,34
55,5897,2130.49920370218,67,12
12,9290,642.792223586546,69,57
56,5925,2214.39880438981,85,29
61,4081,1793.68421411886,69,8
67,1798,942.646014886214,83,16
65,7614,3772.99865123355,84,19
5,8333,450.159582111455,84,79
91,6628,5553.53044760367,92,1
35,8759,1497.11502542601,50,15
14,6692,499.496410888168,86,72
25,5456,626.258634302007,32,7
66,2229,1136.4809641725,92,26
80,1731,1226.58589040152,94,14
54,3338,1165.27447782448,89,35
51,5913,1857.4901591305,60,9
89,5071,4139.72148951088,91,2
62,7055,3197.96566835472,63,1
47,5651,1534.20081198805,77,30
94,9872,8612.70035956147,98,4
4,6729,352.504180018379,66,62
52,4878,1587.8539671193,77,25
92,7895,6701.25911947717,92,0
19,9950,901.112589050095,73,54
42,3580,804.455108505758,76,34
51,7677,2411.62725378739,75,24
76,4790,3132.66226201045,87,11
23,5875,622.898871960846,84,61
30,1692,237.06226313036,65,35
35,4304,735.65282217531,66,31
62,9840,4460.38018095116,72,10
79,8319,5783.96305925815,80,1
82,1922,1411.70091094672,84,2
11,3759,250.539317954849,61,50
58,1211,483.657090773408,80,22
59,2263,933.607875112106,66,7
8,3723,222.483689070134,74,66
27,2006,249.36319684172,53,26
68,5212,2807.9878908442,77,9
16,9440,760.796721810805,74,58
45,5220,1314.98178291791,80,35
62,2372,1075.20546638376,83,21
32,2512,381.147721228033,82,50
62,9955,4512.50860786268,89,27
15,2750,213.267811539198,82,67
73,2856,1745.84480319798,74,1
11,3411,227.344935765892,74,63
65,1294,641.221467651197,91,26
65,2732,1353.79988378908,90,25
13,8478,609.171416977082,22,9
84,5575,4233.0110497078,87,3
22,7706,785.342321953497,76,54
7,3636,209.835642185398,80,73
48,5457,1537.34252990356,90,42
65,7430,3681.82032816723,92,27
88,4546,3661.48216788469,89,1
71,8169,4757.2113962275,87,16
0,4289,277.207390684332,72,72
91,1299,1088.4182334697,98,7
80,5565,3943.35671870854,86,6
70,3611,2050.38414857609,73,3
64,3170,1525.77091906161,88,24
8,4151,248.060648221898,86,78
50,5154,1561.89267721442,70,20
4,6720,352.032707642072,66,62
91,1888,1581.93504602832,91,0
56,5176,1934.46889645935,76,20
26,3309,395.254768310852,90,64
12,7896,546.33879412695,48,36
17,6925,580.110282414229,77,60
98,4244,3979.35101256834,98,0
78,3451,2352.59924129556,89,11
72,1739,1037.91947594107,78,6
79,2359,1640.14531275273,91,12
36,2857,508.022182270525,49,13
80,8797,6233.55059379676,86,6
79,6332,4402.45871994502,89,10
23,5492,582.291166775994,53,30
20,7892,743.319261367282,77,57
27,1776,220.77220218888,69,42
4,7791,408.137920422528,78,74
56,7252,2710.34938893416,70,14
69,3684,2038.27512362183,76,7
61,4593,2018.7188423053,92,31
70,1837,1043.07828328282,73,3
88,9431,7596.00491098119,89,1
29,4641,624.825059960618,68,39
5,5912,319.373988892706,80,75
49,1459,426.375593227605,68,19
19,3197,289.53336152695,86,67
65,9215,4566.34916878345,78,13
78,6574,4481.59588880817,79,1
40,5346,1111.90218957912,58,18
34,4786,786.263583865536,87,53
82,3846,2824.87081347612,90,8
54,3624,1265.11525093946,82,28
28,6827,883.182675907305,71,43
40,5325,1107.53444809368,81,41
54,2940,1026.33522013301,80,26
28,4155,537.516334904768,91,63
77,6930,4628.89056311687,77,0
27,5228,649.885739326276,66,39
74,4186,2618.95064666526,77,3
47,5637,1530.39992517725,64,17
26,2299,274.611880431142,60,34
31,5776,842.176612870977,76,45
33,8006,1264.032882096,79,46
21,2614,256.084930277993,44,23
62,1572,712.572931347076,78,16
35,9997,1708.7177656335,74,39
65,2770,1372.63018963973,81,16
15,9304,721.543170385709,76,61
96,9209,8321.26388751923,98,2
4,1548,81.0932487246917,65,61
45,4826,1215.72836865169,83,38
21,1043,102.179258714593,69,48
75,2361,1510.7818576323,77,2
2,5176,256.630700301554,59,57
4,5607,293.727290438854,71,67
36,6013,1069.21154427465,87,51
51,4309,1353.6149324697,60,9
69,1263,698.789761437126,76,7
48,5994,1688.62582449001,73,25
11,1804,120.237544450797,55,44
74,3874,2423.74935623058,93,19
41,1830,395.660812694418,47,6
49,8903,2601.79705723466,81,32
99,7049,6713.33333333333,99,0
94,1417,1236.24355849864,94,0
26,4570,545.879205554728,77,51
16,8685,699.949102640556,70,54
34,7482,1229.17345058127,73,39
93,3793,3262.56486311701,98,5
68,1864,1004.23818659509,90,22
31,7916,1154.20188149007,91,60
14,4407,328.942122352683,61,47
3,5631,286.62929969955,73,70
94,8290,7232.50465769495,97,3
92,8316,7058.60301932516,94,2
25,9993,1147.0312559714,89,64
70,1592,903.963324434543,73,3
5,2397,129.489081761809,80,75
4,5425,284.193071273548,55,51
99,4499,4284.7619047619,99,0
6,8638,481.974687547448,76,70
34,1038,170.526870048564,89,55
57,2401,927.849471692919,80,23
37,6158,1139.00383452545,41,4
35,8131,1389.77534784095,41,6
7,9423,543.806726158692,85,78
85,4330,3339.47386694498,92,7
49,1592,465.243279244926,86,37
59,4145,1710.03298380012,79,20
90,1035,856.083925251619,91,1
72,2384,1422.88673412508,77,5
13,2344,168.423897310012,89,76
84,3497,2655.21787279429,89,5
71,2708,1577.00189264097,88,17
25,2363,271.233349130433,75,50
38,4867,936.264962199942,55,17
63,1693,791.017643083497,79,16
38,3160,607.889311804359,68,30
37,9663,1787.30010604408,61,24
78,3738,2548.25151085563,83,5
88,2399,1932.2251915432,89,1
4,1942,101.733261642992,64,60
76,5024,3285.69837251368,78,2
36,2294,407.91140571529,89,53
64,9902,4765.98853014133,71,7
73,2698,1649.26095204067,82,9
46,7891,2063.9231589948,57,11
34,6734,1106.28896233818,78,44
96,3092,2793.93505703219,98,2
41,4722,1020.93462160822,91,50
97,8388,7727.0410767534,97,0
40,9343,1943.22898564117,82,42
24,4172,460.223353078,62,38
52,4432,1442.67502711618,53,1
97,5776,5320.8618573352,97,0
66,9455,4820.73912797261,77,11
75,7205,4610.41223390118,83,8
86,7868,6159.91673234936,89,3
19,2885,261.277368784877,87,68
81,1164,840.036135212696,82,1
6,8231,459.265299051059,63,57
8,1397,83.4836727453606,52,44
3,1021,51.9709669673665,89,86
35,7358,1257.65182750138,88,53
10,9787,628.641280117838,69,59
95,4817,4270.05068611241,98,3
93,3603,3099.13556599277,95,2
29,3694,497.328974681,73,44
49,3493,1020.78817487596,86,37
86,7499,5871.02384035178,86,0
13,2868,206.074973329827,66,53
93,2659,2287.15000554393,95,2
92,5177,4394.22653090986,99,7
14,7640,570.255914403108,75,61
46,9652,2524.51987461891,78,32
16,9145,737.021824254218,79,63
22,4035,411.219344547413,86,64
80,6637,4702.9754792576,90,10
20,4937,464.998377264353,91,71
4,4190,219.496584080399,79,75
84,9711,7373.4117136704,86,2
36,1157,205.733869403919,68,32
44,3421,829.796456535761,87,43
29,2590,348.695734819651,68,39
53,2969,1001.05490134193,75,22
0,6463,417.717735134725,79,79
76,3017,1973.11942473602,85,9
57,3942,1523.35802474531,65,8
72,1250,746.060577875987,83,11
86,4799,3757.17341110124,88,2
15,8847,686.101937704468,79,64
62,7711,3495.3243470848,68,6
64,9491,4568.16775798539,85,21
26,9044,1080.29136434069,54,28
91,7040,5898.74084959714,93,2
75,7069,4523.38710360131,78,3
42,3380,759.513482332252,90,48
74,6493,4062.3140345909,74,0
73,9973,6096.39713665739,80,7
98,4157,3897.77619209392,98,0
10,7799,500.947516464598,49,39
0,7979,515.700109645671,47,47
1,4063,196.782381763225,78,77
21,2971,291.059038965538,74,53
31,9361,1364.89184090811,77,46
38,3894,749.088917774106,85,47
54,7296,2546.98699526885,73,19
19,3836,347.40380820062,84,65
27,3038,377.649746762285,82,55
15,5797,449.56854672463,56,41
99,7961,7581.90476190476,99,0
1,4360,211.166917176387,74,73
8,2299,137.3865165652,90,82
13,1313,94.3432496450706,71,58
26,6971,832.674823177683,84,58
58,7549,3014.9689333183,78,20
36,8829,1569.94324370545,90,54
62,9220,4179.33996629773,76,14
83,8994,6718.82877468111,96,13
86,8299,6497.34989346305,87,1
49,6332,1850.45254031336,87,38
40,9849,2048.4707566713,78,38
94,4850,4231.32057778293,94,0
88,8851,7128.85584424711,91,3
5,5223,282.153305816408,69,64
82,5743,4218.20932963946,84,2
31,3459,504.343646800677,69,38
63,2133,996.598129177258,86,23
94,3574,3118.09066907138,95,1
47,4498,1221.17063392714,53,6
83,7737,5779.80634086143,97,14
35,4634,792.05742982351,89,54
54,5558,1940.26229710859,80,26
29,6615,890.587755147487,82,53
4,1225,64.1726289972528,85,81
82,9515,6988.72745455675,85,3
71,6095,3549.41895703349,79,8
10,2347,150.75315055038,72,62
34,2780,456.709729031799,76,42
54,2005,699.932692641728,70,16
89,7927,6471.22308171027,89,0
36,6383,1135.00370648679,65,29
43,1618,377.787917739554,78,35
58,8086,3229.43950123351,83,25
30,6498,910.419967979361,66,36
63,7746,3619.15101200518,79,16
84,9942,7548.80643160448,84,0
59,7504,3095.79915812693,60,1
83,2681,2002.79963808317,85,2
57,4239,1638.13157455489,65,8
60,8138,3466.26851101692,62,2
0,6776,437.947605333884,68,68
4,8263,432.864027268816,54,50
10,9817,630.568248382223,48,38
77,3181,2124.74760191555,90,13
23,7542,799.643113587863,87,64
38,2696,518.629615387517,77,39
72,2775,1656.25448288469,90,18
64,3659,1761.13431950991,78,14
98,6038,5661.4800692478,98,0
15,3338,258.868347242852,84,69
0,9052,585.050431446624,70,70
84,3503,2659.77357975362,92,8
57,3496,1351.00447856662,76,19
30,6428,900.612427542526,58,28
66,3044,1552.01796991524,72,6
15,7208,558.994322027106,77,62
5,7381,398.731294319531,61,56
24,7439,820.613979757249,75,51
1,5716,276.841765729411,2,1
16,7215,581.477579222983,83,67
94,9343,8151.18106355174,95,1
71,2489,1449.46739689194,79,8
59,5741,2368.4678793719,89,30
32,5173,784.903328786868,75,43
29,9510,1280.34611510999,89,60
97,8010,7378.82677930314,98,1
29,6928,932.727432753104,33,4
15,7992,619.795036298644,82,67
72,8876,5297.62695138181,75,3
7,7547,435.541691851814,25,18
10,2924,187.815173502049,60,50
86,8690,6803.46675192119,90,4
21,2286,223.951855629492,82,61
82,6298,4625.85449383063,90,8
13,2018,144.999754595394,80,67
35,2794,477.559011421426,83,48
37,3303,610.933690392591,89,52
38,5265,1012.82823628163,69,31
42,1447,325.152665365316,76,34
83,7100,5303.94533024637,85,2
6,1294,72.2013481924517,78,72
98,4452,4174.38046841524,99,1
20,8744,823.56609495635,78,58
31,1596,232.706695661717,79,48
11,5478,365.11156790547,73,62
16,5333,429.801792099261,79,63
93,4877,4194.97201092055,98,5
61,6521,2866.11486406985,88,27
28,6812,881.242183723533,61,33
66,1783,909.082799066649,87,21
42,8607,1934.06288237683,81,39
53,8022,2704.77009719265,87,34
0,1328,85.831525956818,65,65
79,4657,3237.87906803284,82,3
78,4755,3241.55589462775,95,17
0,7687,496.827515082876,86,86
29,2983,401.605937052903,68,39
62,4824,2186.67418627118,90,28
49,1252,365.882277396135,66,17
0,4498,290.715514874825,65,65
41,2345,507.007981294214,51,10
12,3113,215.394207968237,61,49
97,1355,1248.22850011932,97,0
60,3753,1598.53842735887,74,14
3,5983,304.546812307301,53,50
9,2248,139.221198200789,78,69
97,5217,4805.91002592066,98,1
9,1560,96.6125752638926,57,48
78,3670,2501.89487555917,90,12
41,9636,2083.3811973352,89,48
12,8500,588.13066743656,72,60
37,5574,1030.98528315117,54,17
48,1195,336.654631342268,68,20
15,9413,729.996330915808,85,70
71,2814,1638.73091798068,91,20
60,9246,3938.20578187054,77,17
94,6248,5450.98782886346,94,0
14,4569,341.033936244477,75,61
57,6552,2531.97406852645,85,28
81,9165,6614.20204400718,94,13
58,3522,1406.63936722043,71,13
91,4649,3895.3474729797,91,0
27,7012,871.652410894386,77,50
58,2067,825.531962533967,78,20
17,3632,304.254230430105,76,59
31,5125,747.256776482645,85,54
74,8728,5460.63097087777,95,21
42,1462,328.523287328329,81,39
62,9215,4177.07351295375,77,15
17,5765,482.936574457477,83,66
53,2274,766.722413489912,85,32
34,2247,369.146316954839,64,30
8,2623,156.748513680087,71,63
34,5283,867.91276923561,76,42
2,3158,156.576458955237,74,72
90,5457,4513.67147835564,90,0
43,3903,911.314118008332,63,20
51,7342,2306.39146767057,67,16
2,4871,241.508528046536,63,61
18,5047,439.551665125569,73,55
21,4913,481.310352890504,75,54
7,1198,69.1372660445837,86,79
50,1507,456.688448692692,77,27
42,4841,1087.81206152971,82,40
99,9393,8945.71428571428,99,0
58,6649,2655.52105413079,68,10
81,5278,3809.02982959846,90,9
94,3090,2695.83104852562,95,1
98,4794,4495.05390062503,99,1
34,5758,945.947704951474,58,24
38,5645,1085.92884972646,61,23
53,4710,1588.06621263742,90,37
67,4684,2455.70296647777,82,15
99,6974,6641.90476190476,99,0
91,8609,7213.38920087809,95,4
84,7979,6058.3309714114,86,2
69,9115,5043.12642557356,73,4
30,4491,629.223772883243,51,21
11,1137,75.7816452552973,62,51
19,5775,523.007557966261,82,63
2,9284,460.309007264225,69,67
94,4424,3859.66231672406,96,2
91,8925,7478.16222764978,91,0
75,5627,3600.66476615711,84,9
28,9086,1175.42079878333,84,56
37,1084,200.500187824877,50,13
48,3802,1071.09699444628,76,28
32,5820,883.073143928005,68,36
51,6488,2038.11874724144,74,23
77,2237,1494.20320197582,80,3
19,1272,115.19750887153,86,67
29,2637,355.023418038386,89,60
10,1239,79.5837893190969,74,64
8,1936,115.693908686484,72,64
86,3936,3081.52418130746,86,0
2,3996,198.125246987058,66,64
43,1532,357.707719392458,76,33
53,5236,1765.41713150096,71,18
55,8098,2925.68807047316,59,4
88,3303,2660.33339210804,93,5
71,2477,1442.47920534405,79,8
27,7190,893.779354582235,73,46
60,7863,3349.13606563358,84,24
20,5553,523.017214694947,86,66
95,4172,3698.2876193608,97,2
59,9439,3894.0895860288,86,27
86,6974,5459.99736799751,90,4
36,3309,588.395310162116,91,55
37,5409,1000.46634312247,86,49
96,3598,3251.15728822828,99,3
70,4037,2292.27383212453,76,6
56,2883,1077.48721570562,56,0
64,7917,3810.57677167531,85,21
31,7273,1060.44849470405,90,59
17,4988,417.846944214032,48,31
93,3401,2925.38441852384,97,4
40,6639,1380.83027246835,75,35
70,3850,2186.09221047298,87,17
3,2453,124.86266598526,83,80
61,6725,2955.77709873789,80,19
12,7614,526.826694336702,66,54
44,6796,1648.43517059837,77,33
11,4359,290.529632073739,87,76
2,5218,258.713097792409,69,67
64,1116,537.148374029259,77,13
30,5752,805.899608466803,61,31
50,1714,519.418713377089,69,19
18,7321,637.598125695322,87,69
50,9104,2758.91946708578,59,9
97,6075,5596.30120902204,97,0
81,9069,6544.92071326799,89,8
11,5445,362.912100628931,89,78
12,5973,413.282879599832,65,53
81,3032,2188.13536251279,96,15
51,3875,1217.2796155303,77,26
42,1574,353.690597985493,71,29
32,8577,1301.39490643823,69,37
8,5833,348.575707318317,66,58
22,9089,926.288134471235,88,66
14,7018,523.82932032474,79,65
99,4411,4200.95238095238,99,0
43,7476,1745.57631212664,73,30
78,5809,3960.08374172295,85,7
27,5586,694.388244046782,73,46
2,2960,146.759442212635,85,83
36,2422,430.671937507599,66,30
20,5067,477.242612436394,69,49
22,8537,870.03210517999,74,52
32,1353,205.29174634615,90,58
58,5785,2310.45109011079,70,12
40,6265,1303.04287648956,65,25
65,3001,1487.09862783713,84,19
31,7037,1026.03823143578,75,44
3,2003,101.956754981033,69,66
64,3982,1916.5993059001,65,1
31,5633,821.326326229608,77,46
85,3340,2575.94519990675,86,1
86,1729,1353.64718228674,90,4
9,4354,269.648174807044,55,46
85,8007,6175.32731007586,86,1
28,7754,1003.1050928644,74,46
3,8733,444.527379555349,34,31
9,2402,148.758593451199,27,18
94,6714,5857.54357922363,99,5
90,4135,3420.20002987,96,6
96,3577,3232.18166203239,96,0
36,4976,884.815673426017,73,37
45,4491,1131.33777530351,75,30
53,1835,618.705201738782,92,39
61,1183,519.953056922962,65,4
29,7145,961.942480805562,89,60
64,5053,2432.08847129915,82,18
73,6553,4005.78466223963,85,12
10,1056,67.8292829063489,79,69
12,6794,470.089382889881,73,61
11,8662,577.326834829715,84,73
73,6734,4116.4281879325,76,3
56,7722,2886.00634050601,60,4
86,9163,7173.78203082323,96,10
2,2705,134.116314589587,87,85
95,3452,3060.04047507993,95,0
74,5811,3635.62403434587,76,2
9,8775,543.445735859396,25,16
54,3227,1126.52508686028,75,21
19,9288,841.159168552491,72,53
38,5411,1040.91426144727,67,29
17,4370,366.076813595694,52,35
61,7823,3438.37089121583,76,15
28,2775,358.991053997769,85,57
15,3523,273.21545456458,75,60
90,1720,1422.67087094955,94,4
47,2894,785.697602175443,83,36
81,7373,5320.95053687561,85,4
28,6452,834.670371313012,80,52
87,9573,7603.78738150866,91,4
92,2384,2023.53410270216,93,1
41,5211,1126.66037975443,83,42
57,9739,3763.56768213966,74,17
10,1716,110.222584722817,57,47
17,7867,659.022034910143,60,43
89,2760,2253.13179078092,96,7
21,8462,828.994139254925,87,66
54,9373,3272.05442799547,81,27
55,6759,2441.92710154706,67,12
2,6075,301.203922784378,70,68
68,3584,1930.89574074935,83,15
22,5957,607.096316101347,74,52
66,4118,2099.60906705354,78,12
99,2010,1914.28571428571,99,0
22,2781,283.420321483607,71,49
68,1688,909.41741361186,93,25
52,3701,1204.72479137116,81,29
2,4653,230.699893451146,83,81
98,9914,9295.77896762549,98,0
72,1523,909.000208084103,92,20
61,8820,3876.57308711794,84,23
57,9799,3786.75425785877,93,36
15,5573,432.196914075619,75,60
54,1900,663.277863351263,82,28
91,7402,6202.05678532926,92,1
43,9215,2151.6166019592,62,19
67,6393,3351.68852790187,72,5
68,9738,5246.3902688106,88,20
47,5173,1404.42767659073,75,28
56,3256,1216.8915623786,58,2
89,5841,4768.31260505484,90,1
37,9205,1702.58692705534,38,1
49,3664,1070.76091404109,50,1
57,9345,3611.30916825086,63,6
17,3373,282.557687015624,71,54
64,7014,3375.94865182905,90,26
77,2157,1440.76723587923,79,2
42,4081,917.033882070391,82,40
82,2074,1523.34427122971,84,2
1,5479,265.363197066382,66,65
38,1091,209.875708600809,84,46
49,3358,981.336012377174,53,4
24,5891,649.850377033198,80,56
86,5820,4556.5220363845,88,2
30,4780,669.714904115319,71,41
99,3530,3361.90476190476,99,0
45,4551,1146.4525084405,90,45
13,1267,91.0380025135601,77,64
59,2325,959.186173060383,92,33
19,2468,223.512147716144,83,64
95,8192,7261.83417492897,95,0
63,2798,1307.30500020533,86,23
28,4057,524.83845263746,83,55
33,5503,868.844985033014,88,55
77,1684,1124.82708633316,90,13
69,8637,4778.65967500591,93,24
71,5556,3235.53268667401,94,23
66,7816,3985.07636427646,67,1
35,9603,1641.37408256262,77,42
84,2381,1807.85637835951,94,10
43,9245,2158.62132231284,91,48
71,5092,2965.32261348885,74,3
85,9747,7517.28678547638,92,7
30,9773,1369.27275270272,85,55
0,5520,356.769595844605,78,78
6,1054,58.8100625926152,76,70
27,4201,522.220732767729,54,27
10,3448,221.472885853306,83,73
35,6387,1091.68554257289,67,32
82,8114,5959.69885089579,82,0
95,6523,5782.34183631124,96,1
79,6275,4362.8282482083,87,8
62,6034,2735.15589551416,77,15
27,2342,291.130910769346,81,54
18,3944,343.489551665394,88,70
56,2816,1052.44675665176,70,14
41,9444,2041.86924321644,79,38
98,3587,3363.32047174426,98,0
80,7696,5453.38244513583,86,6
71,8301,4834.08150325431,80,9
26,5634,672.972307241868,49,23
36,8150,1449.20573521343,74,38
67,5409,2835.80216602866,76,9
28,7582,980.854115823815,89,61
83,2842,2123.07220120566,88,5
78,5314,3622.63470537369,92,14
13,2221,159.585953893147,85,72
87,6471,5139.88385519091,89,2
10,4760,305.745631282406,44,34
96,2762,2495.74664538257,97,1
67,9535,4998.95981754174,74,7
32,1684,255.514634772296,92,60
8,4816,287.8005497077,68,60
71,2425,1412.19704196985,84,13
61,2425,1065.83783857835,63,2
71,3271,1904.86454609624,76,5
55,1056,381.517239123198,89,34
27,6942,862.95080382613,64,37
0,7826,505.811387152152,48,48
99,6568,6255.23809523809,99,0
70,2972,1687.54962325343,83,13
47,9128,2478.17820064183,85,38
73,2962,1810.64156410099,85,12
94,1669,1456.09774109685,97,3
25,9143,1049.46530304678,38,13
42,5661,1272.07272884109,73,31
12,7016,485.449972086459,82,70
56,6682,2497.31861787894,72,16
7,4749,274.06750955403,73,66
13,3840,275.916282282613,56,43
70,4814,2733.46698732908,84,14
19,8802,797.145026011954,89,70
89,2169,1770.66770079848,91,2
40,9854,2049.51069512021,82,42
77,5980,3994.33846571989,90,13
90,3985,3296.12989577556,91,1
57,4936,1907.48229582518,79,22
63,6868,3208.92449657262,89,26
32,9305,1411.8549148196,86,54
94,2122,1851.3118074341,96,2
72,3478,2075.83895188215,79,7
85,3807,2936.11478324701,85,0
42,3340,750.525157097551,92,50
19,2877,260.552856150465,72,53
70,6984,3965.62805141385,83,13
98,2491,2335.66526208948,98,0
94,1492,1301.67635093858,98,4
23,2938,311.502448650377,76,53
77,7924,5292.83244186696,83,6
32,1909,289.654060439616,79,47
30,8800,1232.94794063071,56,26
86,5800,4540.86388505672,88,2
44,7340,1780.38760332432,63,19
78,1718,1171.18675646067,93,15
32,2666,404.514261462554,85,53
8,2877,171.927363270152,86,78
97,3110,2864.93773828124,97,0
85,5640,4349.79967888446,98,13
71,4314,2512.25486146718,82,11
4,4335,227.09252792089,79,75
67,9225,4836.43464256136,79,12
9,5146,318.697636094866,69,60
61,5710,2509.6635291886,67,6
7,7761,447.89175440068,80,73
96,8273,7475.49311993122,99,3
43,1847,431.257283105659,52,9
15,5891,456.858428282697,77,62
33,6514,1028.46742367891,87,54
42,3795,852.767356642277,84,42
18,8535,743.327414671435,86,68
74,4568,2857.94709841541,81,7
59,4357,1797.49426065552,82,23
1,1667,80.73744287455,85,84
79,9910,6890.13991071622,81,2
29,7831,1054.29972948752,78,49
45,2084,524.985064291364,69,24
81,5769,4163.37496910828,83,2
40,7325,1523.50982765938,85,45
19,8388,759.651497181125,80,61
8,1625,97.1087818262069,56,48
44,7588,1840.54238883173,89,45
26,7911,944.956322788502,80,54
99,5896,5615.23809523809,99,0
83,4038,3016.52552725843,89,6
91,4051,3394.28965649403,95,4
90,2878,2380.49230615861,90,0
64,1329,639.668628212263,73,9
5,1085,58.6131221157961,77,72
78,6944,4733.83052203893,83,5
10,1765,113.369966221312,73,63
87,1679,1333.62154116296,95,8
81,1566,1130.15170768306,84,3
73,2969,1814.92059548138,79,6
42,1988,446.71976416465,63,21
91,8730,7314.77380923054,94,3
33,5494,867.424013769104,77,44
38,5270,1013.79008645854,62,24
48,1838,517.800177746518,83,35
8,2926,174.855566537527,77,69
52,8363,2722.26788171766,72,20
83,8439,6304.22459745763,91,8
24,4028,444.338366778089,79,55
66,4787,2440.70631471231,87,21
28,4416,571.280898902396,51,23
46,3128,818.141128036464,84,38
87,3175,2521.88707158571,90,3
6,1567,87.4339355622657,54,48
32,7374,1118.86277720363,73,41
11,3363,224.145710636381,75,64
59,4093,1688.58021777899,90,31
23,1812,192.117915913711,73,50
21,3649,357.480455464574,88,67
80,9033,6400.78009705197,86,6
85,2840,2190.32466099856,88,3
89,3630,2963.35811613577,89,0
24,9862,1087.90093673424,68,44
84,3606,2737.9798825554,84,0
31,3610,526.360383044361,77,46
83,1640,1225.13666783156,96,13
56,8608,3217.13838112869,74,18
3,2789,141.965746201748,40,37
9,5841,361.73977699769,50,41
13,5905,424.293137208029,48,35
64,6309,3036.62104995573,93,29
1,8639,418.410779240094,77,76
89,1143,933.09044813862,92,3
68,7377,3974.39114941629,78,10
32,6093,924.49564707102,80,48
50,6906,2092.82709135483,75,25
52,9193,2992.44393598355,68,16
58,9427,3765.01684122289,76,18
7,5349,308.69385314898,54,47
10,2893,185.823972962185,77,67
67,9954,5218.63094114426,78,11
90,2610,2158.82033324321,98,8
24,5978,659.447556256061,78,54
53,1716,578.58208511376,83,30
86,8375,6556.85086850862,94,8
84,2664,2022.73388994109,85,1
25,2971,341.021701340041,86,61
32,6423,974.566804716422,82,50
80,1171,829.770119965444,90,10
83,2996,2238.11552245326,84,1
91,6700,5613.85847902,93,2
76,4985,3260.19235409647,91,15
4,9701,508.194835838652,87,83
62,1196,542.135639879836,86,24
84,8005,6078.07236823515,98,14
70,9917,5631.03284448327,84,14
67,9139,4791.34701337325,90,23
65,7370,3652.08826629778,84,19
26,6608,789.315052583292,75,49
9,8869,549.267262830425,65,56
58,5029,2008.51487159329,85,27
97,6328,5829.36527583399,97,0
65,6568,3254.66970597609,71,6
25,4730,542.925832156982,76,51
77,8240,5503.90450794848,86,9
82,3106,2281.34392788789,98,16
51,8591,2698.74817471505,75,24
92,3297,2798.48655059104,94,2
68,7086,3817.61362135879,73,5
76,4715,3083.61222659275,84,8
1,4748,229.958835493919,66,65
50,5677,1720.38508508853,91,41
38,2669,513.435624432226,88,50
99,3188,3036.19047619048,99,0
94,7918,6907.95800719284,94,0
75,2829,1810.25068837008,88,13
63,7179,3354.23252197072,70,7
86,2245,1757.62748654351,89,3
22,2259,230.221685088626,81,59
34,9840,1616.55529988234,88,54
8,5368,320.787655903433,88,80
94,8338,7274.38164485651,94,0
67,5707,2992.03604391303,77,10
99,5181,4934.28571428571,99,0
60,6572,2799.25247657941,76,16
85,5487,4231.79979397855,90,5
64,3243,1560.90696861728,91,27
44,7741,1877.6540105359,76,32
55,3390,1224.7570460489,83,28
8,2405,143.720997102786,87,79
99,8934,8508.57142857143,99,0
58,1599,638.619065356465,64,6
94,2493,2174.98602070368,98,4
13,6697,481.200870428818,61,48
74,2287,1430.85048469265,80,6
99,4943,4707.61904761905,99,0
74,8782,5494.41580960685,77,3
31,2283,332.875555260464,53,22
23,5033,533.625535758117,84,61
39,6135,1227.27400922877,86,47
60,2317,986.894094375302,81,21
29,1470,197.908390032775,76,47
58,3712,1482.52280838224,82,24
51,7139,2242.62172265054,81,30
86,7506,5876.50419331651,90,4
91,3224,2701.35518453142,94,3
25,3813,437.669386472426,78,53
76,9601,6279.05853393786,83,7
81,7665,5531.68125120731,88,7
90,3208,2653.44660116637,93,3
44,9539,2313.77620546467,90,46
75,5371,3436.85275618088,89,14
89,5904,4819.74278723571,96,7
7,8365,482.748940286263,42,35
5,9340,504.559041992199,88,83
21,2585,253.243896238948,25,4
23,2488,263.791045691674,84,61
0,9321,602.436486026732,81,81
99,4151,3953.33333333333,99,0
6,1175,65.5615024158661,43,37
23,8496,900.791287860314,49,26
17,3703,310.201931520562,84,67
30,8720,1221.73932298862,69,39
34,9142,1501.88501539882,51,17
7,6487,374.368484834069,88,81
51,5907,1855.60533908064,89,38
49,5846,1708.42475531774,73,24
40,2505,521.009162906041,71,31
98,6103,5722.42677419995,98,0
88,7794,6277.51694159553,94,6
84,3717,2822.26046130294,98,14
9,3116,192.977425975827,85,76
77,3712,2479.42882688165,80,3
43,8237,1923.2627184306,75,32
44,5409,1312.00497907101,84,40
68,8200,4417.78601399127,69,1
74,4553,2848.56242099066,88,14
64,4870,2344.00768953628,85,21
51,6942,2180.73679768035,83,32
24,1335,147.267060488766,58,34
60,1971,839.520181274803,91,31
60,6355,2706.82432876782,87,27
92,2563,2175.4689199772,93,1
9,6579,407.44495683407,73,64
78,2185,1489.54776651139,81,3
78,2185,1489.54776651139,83,5
75,9718,6218.45747245686,88,13
43,8112,1894.07638362377,69,26
91,7561,6335.28118804033,96,5
75,3906,2499.41293346537,87,12
24,5349,590.061053598807,91,67
94,1194,1041.69005564388,96,2
18,3324,289.492715450246,62,44
27,3593,446.64105994631,82,55
62,3413,1547.08105260023,76,14
98,9342,8759.44796404653,98,0
43,1459,340.662899865272,90,47
77,5742,3835.36646658255,84,7
98,8302,7784.30068481206,98,0
94,3414,2978.50071186617,94,0
62,4178,1893.84841422906,78,16
70,9973,5662.83054936287,78,8
64,7422,3572.32547674298,76,12
6,1108,61.8231018525784,27,21
22,1905,194.144448912719,82,60
17,6034,505.470822250897,73,56
62,8733,3958.58741059416,72,10
29,5626,757.437144438361,69,40
85,3562,2747.16071918199,91,6
18,8689,756.739532053908,56,38
95,2440,2162.94865561849,96,1
79,5495,3820.51652970592,81,2
30,3449,483.231528094924,86,56
63,9615,4492.40084952618,81,18
21,8889,870.825916312577,77,56
40,6488,1349.42413131114,84,44
76,2045,1337.43096572263,84,8
66,2028,1033.99883146784,84,18
74,1522,952.231936030702,83,9
30,6557,918.686323490408,73,43
18,6661,580.117622627584,88,70
17,9571,801.766861081095,80,63
24,5835,643.67288236101,87,63
48,3854,1085.74640099841,76,28
6,4277,238.643868793753,82,76
43,6973,1628.13050086398,59,16
0,3075,198.743932467783,73,73
6,9621,536.823161483445,57,51
34,3903,641.200745471623,62,28
20,1303,122.72491099361,77,57
93,6871,5910.11947652965,96,3
11,6977,465.020702679164,46,35
32,1856,281.612329060202,63,31
30,2942,412.196913788132,78,48
84,3159,2398.57971408555,84,0
65,5972,2959.33122473953,72,7
9,4291,265.746513113694,23,14
25,5731,657.824089659971,65,40
26,3830,457.487386712168,66,40
16,2334,188.103765752799,64,48
84,1143,867.862175751752,96,12
5,3460,186.913735042078,79,74
84,3097,2351.50407550584,88,4
87,3233,2567.95618974381,91,4
0,8535,551.635597922772,82,82
6,5886,328.42127933599,77,71
96,2457,2220.14826491853,96,0
62,1724,781.473113004045,89,27
64,2786,1340.9456720838,75,11
13,4509,323.986072086537,65,52
29,4785,644.212004290359,73,44
79,8360,5812.46918805122,83,4
54,2152,751.249453648378,70,16
44,7431,1802.46052865163,90,46
35,2368,404.745790639204,77,42
74,5169,3233.95984056682,81,7
95,8905,7893.87613864044,99,4
11,5736,382.307402976592,60,49
48,7368,2075.70822069442,81,33
51,7147,2245.13481605034,83,32
20,9799,922.932772698682,81,61
33,5797,915.263379654076,73,40
64,1856,893.322027059413,92,28
76,2083,1362.28298366759,77,1
68,6160,3318.72705441295,79,11
