"Age","Benefit","NetSinglePremium","Die","SurviveYears"
93,4411,3794.14015586847,94,1
25,4790,549.81284059872,91,66
77,6486,4332.32095128081,77,0
93,2519,2166.72841818923,94,1
34,4982,818.46326260303,94,60
43,5553,1296.57373745843,75,32
80,9536,6757.20569085437,80,0
9,2643,163.68399770671,84,75
22,2331,237.559428039658,71,49
64,3546,1706.74564006071,74,10
17,4237,354.935345355825,82,65
23,7131,756.066698885581,82,59
95,2236,1982.11196473891,99,4
73,3073,1878.49477598999,75,2
38,7943,1527.99519103229,66,28
83,7184,5366.69623274506,90,7
42,7286,1637.22344150082,69,27
5,2860,154.500948618596,88,83
55,3521,1272.08541567498,73,18
41,8539,1846.20091781292,90,49
58,2935,1172.19947268369,60,2
94,9909,8644.98053716517,96,2
92,2113,1793.50988213493,92,0
33,8078,1275.40065220728,93,60
71,5908,3440.51963874551,76,5
75,2198,1406.47967940525,87,12
32,6062,919.791992867967,78,46
40,2772,576.541876078062,80,40
28,7202,931.694980501598,83,55
29,4620,621.997797245864,74,45
20,1507,141.938941571274,67,47
14,6953,518.977666602724,75,61
66,9012,4594.87054693698,91,25
40,5632,1171.38666885702,65,25
94,4008,3496.72842799051,96,2
10,5071,325.72186895653,85,75
56,5169,1931.85272909552,81,25
4,1294,67.7872505489348,83,79
86,4915,3847.99068880238,95,9
7,9689,559.157738485786,30,23
96,9890,8936.61633701435,96,0
55,4401,1590.01644827765,90,35
81,3863,2787.85188172392,81,0
66,6777,3455.33041462405,82,16
35,4912,839.574038690782,41,6
52,8551,2783.46438557547,78,26
40,3717,773.090242922856,52,12
8,6826,407.916642920423,45,37
29,9838,1324.50526608329,84,55
55,9879,3569.13712622924,58,3
75,7739,4952.11384846096,75,0
98,1681,1576.17555422417,99,1
4,1225,64.1726289972528,47,43
0,2413,155.957433835694,66,66
47,6028,1636.55326396461,67,20
37,1164,215.297249656971,45,8
79,7300,5075.48146803516,85,6
46,4956,1296.26196628795,96,50
69,5343,2956.16286251668,88,19
87,4805,3816.58815085648,92,5
36,5665,1007.33134846431,59,23
33,5301,836.952074443033,71,38
24,5111,563.806701242009,62,38
15,9227,715.571671662612,51,36
73,7242,4426.96360810918,79,6
70,5445,3091.75898338322,91,21
1,9776,473.478849155129,70,69
37,4704,870.067235727142,87,50
75,8292,5305.97338563617,93,18
75,3542,2266.49273178043,78,3
29,2329,313.556898221995,82,53
10,3522,226.226074238789,46,36
37,2042,377.695003264206,52,15
34,4215,692.457376931307,87,53
3,4715,240.003045299837,72,69
79,6483,4507.44470647561,87,8
86,5388,4218.30596770441,86,0
76,8381,5481.17795780994,84,8
0,3538,228.66862864098,73,73
97,7925,7300.52462246908,97,0
75,2135,1366.16656757516,77,2
88,9534,7678.96414179776,89,1
87,4814,3823.7368071224,92,5
19,7977,722.429660588202,76,57
19,7740,700.965973793742,97,78
18,5789,504.173685241118,76,58
85,8345,6436.0067943778,90,5
34,5064,831.934556768716,60,26
48,6668,1878.50467095418,70,22
83,9627,7191.70164708195,90,7
23,3980,421.980852834752,89,66
92,4647,3944.36366411785,93,1
87,9141,7260.65188074488,88,1
51,1559,489.739076286901,66,15
70,1846,1048.1886287099,90,20
58,6441,2572.44865538524,89,31
30,4523,633.707219940081,70,40
40,9687,2014.77675092648,63,23
35,1559,266.469040374375,86,51
93,2633,2264.78599646377,95,2
88,2067,1664.82262230921,96,8
45,7270,1831.40183176498,62,17
4,1612,84.4459411784257,79,75
4,3100,162.396040727742,85,81
63,7178,3353.76529359323,93,30
33,3786,597.75524501817,70,37
62,9293,4212.43018511983,86,24
2,2326,115.325156279253,47,45
20,6606,622.195519588478,79,59
69,8578,4746.01628947559,78,9
97,4402,4055.13052215885,97,0
20,8967,844.569667597621,67,47
14,7966,594.588823839681,94,80
38,4421,850.467926419959,79,41
38,7057,1357.55533968461,89,51
74,7778,4866.26806731065,89,15
96,7116,6430.0264766627,98,2
78,3459,2358.05296309514,93,15
58,7680,3067.2885690667,83,25
65,2106,1043.59537161779,74,9
83,4509,3368.37880198322,85,2
24,5020,553.768272399703,78,54
82,8292,6090.4391017535,93,11
39,7450,1490.33274144325,70,31
43,4254,993.269346145899,78,35
76,5766,3770.96672291279,90,14
76,5014,3279.15836779132,89,13
30,2448,342.98369984818,78,48
25,5143,590.331406930943,71,46
52,3753,1221.65148392758,81,29
25,7037,807.731306741793,90,65
77,8685,5801.14206936075,90,13
51,9085,2853.93169215298,85,34
26,9455,1129.38465831946,76,50
24,7565,834.513342769672,65,41
70,1510,857.402399432261,74,4
49,4804,1403.91250847527,59,10
10,2080,133.603132997354,63,53
12,7097,491.054511387914,96,84
88,7428,5982.72977189782,90,2
15,3754,291.129950733873,67,52
62,2478,1123.25427727612,77,15
42,4122,926.246915435959,87,45
59,8638,3563.63447866477,85,26
36,8751,1556.07354464451,79,43
58,4682,1869.92774483988,70,12
85,1741,1342.73071647834,85,0
26,9036,1079.33577710996,83,57
72,1228,732.92991170537,92,20
7,3225,186.116596822857,84,77
61,7928,3484.52057082438,79,18
34,8375,1375.87912972709,73,39
0,9288,600.303624312444,70,70
69,5898,3263.23199759,89,20
38,1290,248.157345641653,73,35
64,2065,993.917018253065,66,2
81,9749,7035.66347267059,92,11
12,9077,628.054360979018,69,57
22,2281,232.463773212552,89,67
36,8433,1499.52784847299,85,49
92,4317,3664.26036970018,93,1
21,2705,264.999899159132,59,38
95,9872,8751.07751158432,95,0
84,5270,4001.42927927536,94,10
42,3542,795.916199532792,94,52
0,2548,164.682777212328,61,61
37,3538,654.400059524368,53,16
74,7162,4480.87064773449,77,3
81,8410,6069.33324496458,84,3
72,7026,4193.45729612535,79,7
44,2338,567.104389178781,87,43
9,1886,116.802126248527,88,79
84,1150,873.1771672043,93,9
35,1613,275.698885262262,67,32
68,1596,859.852009552446,68,0
59,4190,1728.59787747226,66,7
88,7596,6118.04191536562,89,1
98,7165,6718.20216895669,98,0
0,9463,611.614254615488,58,58
47,9740,2644.33125265681,67,20
3,9982,508.104008098191,89,86
94,5331,4650.96288663109,99,5
63,9739,4550.33716833442,86,23
80,5483,3885.25155232325,89,9
81,2385,1721.20806055179,89,8
73,2411,1473.8206654448,84,11
25,1245,142.905425166056,78,53
5,4822,260.490760223381,79,74
97,2075,1911.49382859601,98,1
53,8165,2752.98527095213,76,23
54,2264,790.347938224874,68,14
3,6899,351.173066707014,66,63
98,1522,1427.09053749506,98,0
73,6366,3891.47339536358,85,12
18,4177,363.781911081732,62,44
39,9542,1908.82617702704,93,54
95,6881,6099.69249971756,96,1
73,3031,1852.82058770767,84,11
59,3098,1278.08979102842,70,11
36,1515,269.392231760534,55,19
61,5639,2478.45755535806,94,33
20,5510,518.967198445733,73,53
18,6698,583.34001446623,70,52
13,5816,417.898202540541,66,53
33,8953,1413.55063619854,62,29
44,1834,444.854341212098,58,14
67,6951,3644.23384286656,80,13
23,5893,624.807328079194,71,48
93,8397,7222.71477869589,96,3
97,3782,3483.98537819282,97,0
67,1168,612.352917345438,67,0
51,5419,1702.30664169257,64,13
8,9663,577.453636176392,80,72
15,1952,151.381370227096,85,70
99,5926,5643.80952380952,99,0
38,4465,858.932207976729,82,44
8,5496,328.43683994882,60,52
89,1950,1591.88659131261,90,1
18,8965,780.77683333678,41,23
40,3938,819.055522364866,85,45
81,8275,5971.90637361259,84,3
87,9618,7639.53066283822,96,9
33,9371,1479.54685712237,74,41
51,3435,1079.05947854105,82,31
25,3209,368.340168158934,90,65
17,2983,249.887216237061,48,31
72,8132,4853.57169543002,83,11
5,1665,89.9454823251617,62,57
57,7008,2708.19204399166,57,0
94,2432,2121.76734951919,94,0
57,8677,3353.16529191148,77,20
53,9536,3215.24403475805,90,37
98,7408,6946.04908131628,98,0
86,5922,4636.37860815619,86,0
91,5476,4588.28194494232,97,6
27,4895,608.490951415861,78,51
26,6308,753.480531430903,92,66
54,1320,460.803568222983,73,19
19,1508,136.570631586688,97,78
10,5019,322.381790631596,92,82
32,9653,1464.65722651839,63,31
86,1577,1234.64523219559,90,4
11,6246,416.299169977649,71,60
64,3106,1494.96671123197,83,19
24,6018,663.860052450481,64,40
20,1537,144.764534303283,82,62
55,9980,3605.62693792568,68,13
58,1023,408.572422676463,88,30
88,6417,5168.44062281479,88,0
32,7164,1086.99931324746,67,35
63,7270,3396.75030432193,80,17
85,5621,4335.14609840594,87,2
25,6892,791.087703007594,65,40
44,3620,878.065820713083,85,41
35,6139,1049.29662531,77,42
45,9682,2439.01410387187,89,44
13,2094,150.460597682237,57,44
41,6375,1378.32660159941,57,16
88,4763,3836.26035319727,90,2
43,7610,1776.86406303956,81,38
68,6094,3283.16926454424,68,0
67,1060,555.731243481305,71,4
78,4706,3208.1518486053,85,7
95,2961,2624.79138085506,97,2
14,5483,409.255651658671,76,62
20,6432,605.807081742823,56,36
98,6314,5920.26915489079,99,1
82,4227,3104.71370997492,91,9
67,6341,3324.42624048581,85,18
31,8232,1200.27664078149,72,41
45,4282,1078.688121543,53,8
70,6881,3907.14298708171,92,22
9,9164,567.536948537379,69,60
6,2569,143.342552941583,75,69
70,7283,4135.40508282461,82,12
13,8581,616.572296423725,16,3
60,7515,3200.91028020302,60,0
46,9177,2400.28169181286,87,41
0,1014,65.5370235844981,78,78
48,9780,2755.21530922794,69,21
37,7836,1449.37220645363,71,34
4,5372,281.4166228353,81,77
95,2088,1850.91671841451,98,3
35,7015,1199.02522015795,36,1
42,3478,781.53487915727,82,40
0,5192,335.570243048041,66,66
26,2546,304.115636179943,69,43
90,6931,5732.86732939031,97,7
15,3408,264.296982445668,78,63
79,3805,2645.50780628408,93,14
7,2257,130.252762489671,88,81
41,3754,811.645186259479,68,27
8,9061,541.47856746293,72,64
51,1212,380.733650070381,76,25
70,3782,2147.4807116906,75,5
21,9847,964.678006292041,76,55
6,8870,494.919596960623,85,79
77,2971,1984.47819091201,77,0
60,9991,4255.52822481814,81,21
21,8867,868.670649110544,70,49
65,7551,3741.77998627062,87,22
67,6923,3629.55414964252,73,6
21,5892,577.219743381,87,66
36,6772,1204.17438513685,63,27
96,5516,4984.26448078576,99,3
54,3110,1085.68113422233,67,13
46,4826,1262.25993730945,87,41
85,1240,956.338936492327,95,10
66,1798,916.730719417742,80,14
20,5389,507.570641093295,93,73
27,5487,682.081685478821,61,34
95,9336,8275.9379708419,95,0
7,2379,137.293452353977,50,43
97,4001,3685.72858227114,98,1
51,5854,1838.95609530694,96,45
71,4313,2511.67251217153,90,19
96,5186,4686.07606913614,97,1
29,2888,388.815939057587,81,52
20,9930,935.271194295123,52,32
64,3996,1923.33772636283,68,4
97,7198,6630.81088107665,98,1
29,7203,969.751111160596,71,42
56,2193,819.607861270355,92,36
71,4832,2813.91179661786,95,24
75,9037,5782.69193029354,97,22
70,8664,4919.55919780206,83,13
4,7492,392.474560365239,83,79
65,1915,948.948308000033,81,16
53,9388,3165.34301576222,92,39
55,8937,3228.80640723866,59,4
60,3607,1536.35174726444,91,31
72,3900,2327.70900297308,92,20
45,1468,369.807137418293,76,31
11,5376,358.313214505258,87,76
36,6024,1071.16752747555,94,58
3,5096,259.396716616748,97,94
76,2701,1766.45527550944,79,3
57,1859,718.397404363655,71,14
38,7786,1497.79309547745,73,35
17,7478,626.435334569474,69,52
2,2867,142.148419197171,39,37
37,2239,414.132768025738,69,32
8,1890,112.944983170173,88,80
61,5224,2296.05644071475,83,22
93,5840,5023.30050108181,93,0
54,4284,1495.51703505095,80,26
88,9949,8013.21735334025,89,1
74,8720,5455.62580958458,91,17
28,6679,864.036486360757,82,54
45,6511,1640.20045758209,73,28
62,1100,498.619735675435,78,16
9,2505,155.137500664135,60,51
27,3809,473.491733185498,76,49
55,4482,1619.28055468766,70,15
9,2426,150.244940762951,87,78
55,2077,750.389493995154,81,26
10,8885,570.703767635331,78,68
76,8005,5235.2737802492,79,3
77,4268,2850.80879125293,82,5
19,9425,853.566447416799,55,36
87,6481,5147.82680659748,89,2
11,9888,659.040376679314,75,64
88,5924,4771.36391609083,90,2
86,8512,6664.10920510393,87,1
7,6993,403.570034599144,85,78
24,6517,718.90594247587,81,57
65,1119,554.502953865293,70,5
4,7699,403.318425020285,55,51
31,6605,963.049952910804,73,42
90,4693,3881.7409287013,93,3
93,6186,5320.913852687,95,2
79,8368,5818.03135952304,89,10
55,9636,3481.34480699918,95,40
89,6033,4925.05220789177,96,7
46,6640,1736.71901859403,61,15
88,1213,976.985893014546,90,2
99,7443,7088.57142857143,99,0
88,7131,5743.51723255295,93,5
60,7585,3230.72581175514,95,35
34,1941,318.875389946303,76,42
78,8208,5595.51856637321,94,16
54,2992,1044.48808797209,91,37
79,4969,3454.80375543379,97,18
63,4494,2099.72432842128,82,19
24,5851,645.437880838778,50,26
71,6159,3586.68931195558,80,9
27,1940,241.158824463079,86,59
45,8239,2075.50477192733,78,33
36,6713,1193.68320251384,87,51
40,5281,1098.38298974323,58,18
58,3312,1322.76819541001,89,31
80,9221,6533.99681998408,90,10
43,5413,1263.88504247479,54,11
97,4918,4530.47067423381,97,0
85,1503,1159.17533995804,95,10
6,5829,325.240849006029,29,23
27,6338,787.868365694326,30,3
52,2801,911.762804817787,53,1
75,8399,5374.44168668092,76,1
59,6666,2750.07958263248,89,30
54,4531,1581.74315728662,82,28
56,6935,2591.87438117187,79,23
11,8893,592.723105765488,56,45
42,7320,1644.86351795032,67,25
5,7608,410.994131849748,83,78
99,4935,4700,99,0
0,8970,579.750593247483,91,91
2,4361,216.22227280044,95,93
89,9644,7872.89963416347,93,4
0,9228,596.425693922828,38,38
92,4081,3463.94407429846,94,2
7,6139,354.285205548998,46,39
28,6715,868.69366760181,89,61
32,7149,1084.72335153631,88,56
38,7709,1482.9806027531,64,26
15,5431,421.184539807049,72,57
64,2599,1250.93962733158,66,2
53,1582,533.401432779702,96,43
24,6777,747.587167739599,72,48
74,6593,4124.87855075586,78,4
46,8438,2206.99323477355,93,47
28,5014,648.641853962096,35,7
92,5329,4523.24380591436,95,3
76,1949,1274.64692038797,81,5
90,3434,2840.37893653532,97,7
74,4700,2940.53225975315,79,5
21,3188,312.31781091287,78,57
59,7985,3294.23724382243,62,3
47,5136,1394.38247573361,90,43
37,9560,1768.24888893526,93,56
17,9626,806.374235165252,76,59
71,7187,4185.34438789167,88,17
95,1437,1273.83492546056,95,0
3,9711,494.309559471201,82,79
27,6716,834.857043862906,76,49
99,8483,8079.04761904762,99,0
16,8263,665.938910203674,36,20
83,6997,5227.00077123012,88,5
6,9940,554.622411926561,89,83
12,7199,498.112079397152,79,67
18,5059,440.596765181346,55,37
42,6644,1492.96082148387,85,43
53,4549,1533.78199602709,80,27
39,9937,1987.84381902303,75,36
81,1815,1309.85015928784,83,2
95,1451,1286.24528659936,97,2
35,6350,1085.36138959415,89,54
70,9533,5412.99143959453,75,5
1,7519,364.166066570931,67,66
65,7537,3734.84250516775,81,16
66,6581,3355.39758870309,83,17
17,2843,238.159354931935,86,69
53,3491,1177.0571440164,91,38
32,4975,754.860634199627,83,51
76,7365,4816.71347801816,92,16
32,9292,1409.88241466994,84,52
96,3871,3497.84042877478,98,2
87,4619,3668.8492546943,93,6
30,9460,1325.41903617802,89,59
79,1334,927.492092925877,87,8
9,3870,239.673504020041,70,61
4,7417,388.545623896019,82,78
12,4673,323.333483403652,61,49
76,3104,2030.01746582055,76,0
59,1739,717.430002129895,83,24
67,6649,3485.90286595019,82,15
6,1487,82.9701736956536,78,72
50,7129,2160.4060721501,69,19
89,9506,7760.24304462443,94,5
25,8367,960.393327200311,73,48
61,9671,4250.60525232626,74,13
31,3736,544.731964280812,81,50
40,8565,1781.41456299012,76,36
17,8322,697.1375841518,72,55
5,1224,66.1220843039027,64,59
99,5577,5311.42857142857,99,0
93,4799,4127.87998368007,98,5
65,4840,2398.38632413585,66,1
40,1358,282.447282725111,60,20
57,9008,3481.07790129522,89,32
50,9012,2731.03934944827,61,11
90,8115,6712.19425450907,91,1
62,7137,3235.13550319598,71,9
44,5868,1423.33984418353,61,17
26,5835,696.981436413969,62,36
71,9327,5431.57188059908,91,20
7,7282,420.248390097378,73,66
37,4305,796.266889839572,67,30
29,2275,306.286794098342,96,67
12,2732,189.032115698433,67,55
63,8350,3901.35695200661,67,4
88,3350,2698.188575102,89,1
71,5591,3255.91491202203,92,21
96,2024,1828.88892478433,99,3
25,3135,359.84619108079,77,52
7,9628,555.637393553633,74,67
87,3399,2699.80918309286,88,1
95,2987,2647.83919439854,96,1
73,5968,3648.1798968787,83,10
19,2853,258.379318247228,46,27
2,6782,336.257613880437,97,95
61,6804,2990.49923863384,75,14
50,5719,1733.11296487956,73,23
58,8452,3375.61497210309,79,21
39,7535,1507.33653782213,85,46
56,3483,1301.73013260586,70,14
91,3559,2982.04810848242,93,2
96,1124,1015.64780210355,96,0
19,3136,284.008952689558,77,58
43,2102,490.797406111584,72,29
34,1409,231.476261944534,55,21
74,1381,864.015968238108,86,12
75,9211,5894.03290582426,80,5
15,2983,231.337411571428,95,80
28,2994,387.322239880837,76,48
53,8723,2941.12559932828,54,1
49,8191,2393.72342983366,50,1
18,9825,855.675670667469,72,54
22,9173,934.848834580772,81,59
45,2963,746.41590474823,60,15
98,7780,7294.85176196553,98,0
80,5247,3718.02204906805,90,10
75,2826,1808.33101637817,76,1
53,2805,945.7591775898,61,8
11,2123,141.499061457341,28,17
25,6177,709.017519076888,87,62
88,8228,6627.07331222068,89,1
41,1741,376.418292295619,42,1
12,1257,86.974146937383,63,51
46,1984,518.923273025685,82,36
22,8424,858.515925270732,94,72
64,1615,777.324931950944,69,5
36,7500,1333.62490970561,79,43
58,6088,2431.46520943725,81,23
45,9598,2417.85347748009,75,30
25,3883,445.704229654453,70,45
24,9242,1019.50724572073,87,63
14,5595,417.615424225836,77,63
77,5495,3670.38292125934,78,1
81,8130,5867.26269697527,89,8
34,3362,552.323060793133,80,46
89,5580,4555.24470744838,90,1
95,7269,6443.63679413558,96,1
82,4565,3352.9732874463,86,4
35,2359,403.20748315789,83,48
37,8112,1500.42206977436,82,45
91,2740,2295.81675112161,91,0
34,4331,711.514329653497,66,32
87,3609,2866.61116263081,91,4
36,5954,1058.72036165163,64,28
66,5042,2570.7209606809,71,5
14,3471,259.078308755653,86,72
84,4116,3125.21497409817,97,13
86,9262,7251.28987989575,97,11
87,9590,7617.29039889983,87,0
49,8751,2557.37684464343,95,46
48,8389,2363.3436839584,89,41
28,7884,1019.92269179042,69,41
47,7808,2119.80887276636,92,45
32,7190,1090.9443135468,66,34
50,4497,1362.79227191177,54,4
96,4536,4098.73525831113,98,2
79,2154,1497.61466878736,90,11
11,9266,617.583751042731,86,75
8,4926,294.374067246705,45,37
98,1778,1667.12679084508,99,1
90,2683,2219.20113183584,94,4
26,6177,737.832790527693,75,49
39,4052,810.580975614501,64,25
39,3054,610.936401660091,89,50
8,5368,320.787655903433,83,75
68,5181,2791.28650469375,97,29
58,4792,1913.86026340724,63,5
93,1131,972.834394986906,96,3
92,5720,4855.12376990619,93,1
98,3023,2834.49060108249,98,0
46,2640,690.502742332565,77,31
50,1351,409.413466611696,72,22
27,4162,517.372694543987,76,49
33,6875,1085.46415993131,88,55
70,7838,4450.54305082786,78,8
42,4533,1018.60195722251,60,18
25,7874,903.805074504033,81,56
94,4442,3875.36618690965,94,0
4,2595,135.941201834997,6,2
29,7190,968.000900908606,87,58
29,9965,1341.60347392966,90,61
88,7042,5671.83401369203,89,1
13,1272,91.3972685061156,87,74
50,4960,1503.10199437011,70,20
97,1419,1307.18541820614,99,2
64,2867,1379.93224761818,73,9
85,2576,1986.71701645503,85,0
99,9677,9216.19047619048,99,0
94,2194,1914.12728817644,96,2
44,6919,1678.2700037331,89,45
79,1925,1338.39751040653,83,4
90,3263,2698.93898366767,93,3
73,8934,5461.26662176849,84,11
0,7356,475.434265766832,93,93
8,2697,161.170698206326,66,58
95,7144,6332.82999825349,99,4
47,8244,2238.17934773129,78,31
77,4504,3008.44489123786,77,0
78,8928,6086.35352833577,91,13
33,3582,565.546563036209,60,27
83,4699,3510.31536715883,89,6
46,2673,699.134026611722,84,38
8,8071,482.316909611887,75,67
38,3147,605.388501344404,67,29
0,3045,196.804967272975,82,82
10,9836,631.788661616333,62,52
74,7666,4796.19580920589,81,7
86,4820,3773.61446999541,90,4
65,1708,846.372694550421,73,8
99,3349,3189.52380952381,99,0
25,8805,1010.668488825,75,50
56,8203,3065.77441222103,75,19
47,2628,713.480752770237,97,50
97,4433,4083.68777935715,99,2
74,2425,1517.1895170003,79,5
90,5646,4669.99984731463,91,1
35,7106,1214.57921802457,74,39
93,7868,6767.69320933419,93,0
37,7023,1298.99706558497,65,28
52,9450,3076.10085881046,90,38
70,5657,3212.13600899888,83,13
62,8420,3816.70743126105,76,14
88,9305,7494.52080338034,96,8
94,6710,5854.0538302935,97,3
80,1628,1153.60013262489,84,4
97,4119,3794.43039999371,97,0
12,8819,610.202865426238,80,68
7,5995,345.97488308621,57,50
86,7583,5936.78807592847,92,6
29,6889,927.476801997133,78,49
59,3444,1420.83319570751,80,21
94,7072,6169.87610847029,95,1
85,6076,4686.0607888124,89,4
52,5255,1710.57248815333,54,2
54,5608,1957.7169777231,76,22
49,3121,912.075549323752,64,15
49,9940,2904.84811287347,87,38
88,5882,4737.53588022388,94,6
44,7734,1875.95609320303,54,10
70,1125,638.793178384963,75,5
93,2091,1798.582422562,95,2
51,4278,1343.87669554545,82,31
17,6269,525.156875155928,85,68
20,8611,811.039300511109,84,64
5,6026,325.532418313168,80,75
29,3999,538.391599823855,74,45
3,4013,204.269824133244,62,59
81,7447,5374.35489598707,83,2
72,6250,3730.30288937994,89,17
41,7522,1626.31728584012,90,49
58,2204,880.247917476954,73,15
35,3957,676.342522617961,78,43
27,7306,908.199160581058,61,34
6,7494,418.142892854894,82,76
96,3682,3327.05979301182,98,2
77,3670,2451.37494468094,81,4
30,7141,1000.50923227772,83,53
95,3169,2809.17388920287,96,1
94,2000,1744.87446506513,96,2
42,3613,811.870476824387,61,19
76,8024,5247.69978922169,86,10
91,2900,2429.87904315791,92,1
61,2910,1279.00540629401,85,24
61,3346,1470.63645685903,87,26
69,3424,1894.42291620009,84,15
95,8209,7276.90389916893,95,0
25,4858,557.618116832689,73,48
77,5524,3689.75345896935,80,3
6,6876,383.660332435315,73,67
53,9474,3194.33955382737,92,39
56,6719,2511.14693108779,90,34
94,9875,8615.31767125906,94,0
40,8567,1781.83053836968,79,39
98,3684,3454.27170836517,98,0
25,4071,467.283522771897,84,59
97,4694,4324.12146092995,97,0
52,6934,2257.10934973457,84,32
57,6632,2562.88950281859,64,7
17,5580,467.439043447133,70,53
7,9177,529.609925284762,76,69
50,1028,311.530010123482,86,36
22,4549,463.602676170057,83,61
79,9679,6729.53220946744,88,9
42,9151,2056.30410556877,79,37
27,5027,624.899696173143,90,63
19,3327,301.306691836147,85,66
44,3199,775.948221121865,62,18
57,3571,1379.9876982155,79,22
48,6105,1719.89667309167,83,35
7,5296,305.635192798093,70,63
21,8658,848.195610691225,75,54
34,8452,1388.52900351682,78,44
30,4638,649.819607800596,76,46
21,6419,628.848189538805,58,37
62,1649,747.476312844356,72,10
73,1591,972.562703742295,82,9
48,7258,2044.71909144953,78,30
19,4211,381.365337938689,50,31
82,1889,1387.46254983265,84,2
85,1022,788.208381528354,91,6
60,6393,2723.00990303897,80,20
55,1926,695.835419082651,83,28
4,1864,97.6471677150034,87,83
18,1686,146.836557836677,80,62
94,5603,4888.26581387995,94,0
93,7249,6235.25776238734,93,0
60,6052,2577.76567076363,75,15
38,8451,1625.7191690059,69,31
53,3712,1251.57150346287,65,12
92,3202,2717.85075371322,99,7
89,5903,4818.9264351376,89,0
32,7207,1093.52373681944,87,55
10,7545,484.632518492805,33,23
46,5476,1432.27008220194,87,41
50,9851,2985.29390051208,62,12
54,1857,648.266838022788,86,32
73,7543,4610.96195746583,91,18
80,6703,4749.74305220185,93,13
3,6728,342.468820525408,91,88
58,6108,2439.45294008586,71,13
39,2943,588.731444035903,76,37
13,3931,282.454923347123,79,66
96,6749,6098.40481885843,97,1
36,8733,1552.87284486122,82,46
45,7134,1797.14176998781,78,33
39,2779,555.924119257823,87,48
78,6860,4676.5664431433,85,7
34,6395,1050.59666084833,77,43
90,3170,2622.01550052911,90,0
39,1592,318.471103943309,87,48
11,5379,358.513166075853,60,49
13,4697,337.494473406623,79,66
85,8175,6304.89581114901,95,10
58,4992,1993.73756989335,63,5
63,9381,4383.0694091945,93,30
46,9275,2425.91399058127,89,43
39,6208,1241.87726964828,74,35
46,5238,1370.02021376439,77,31
76,5945,3888.03280744304,88,12
19,2158,195.437283132674,90,71
31,6713,978.797022542048,67,36
88,2737,2204.46033732961,92,4
87,5991,4758.62218767559,87,0
70,3799,2157.1335863862,76,6
67,4461,2338.78969544349,77,10
99,2557,2435.23809523809,99,0
91,9800,8211.31538722329,93,2
66,6112,3116.27261239224,79,13
91,1940,1625.50529094012,95,4
98,4531,4248.45415597247,98,0
36,3521,626.092440943128,72,36
5,4361,235.586935988006,56,51
65,7890,3909.76613583303,92,27
38,1883,362.232776622661,66,28
10,5157,331.245844647766,81,71
63,3303,1543.25533083567,72,9
86,5966,4670.82654107731,96,10
25,3558,408.399600595041,94,69
97,5909,5443.38170273436,99,2
1,8935,432.746881874088,59,58
58,8571,3423.14196946233,61,3
91,7890,6610.94677603997,91,0
65,1820,901.872543373399,67,2
27,4016,499.223628373054,71,44
97,9842,9066.46855953826,99,2
59,4210,1736.84894132654,91,32
50,1991,603.362111046549,91,41
18,5491,478.220367189321,84,66
79,6064,4216.12597563907,91,12
7,7772,448.526570699921,72,65
98,1713,1606.18008589293,98,0
89,4675,3816.44605865971,94,5
0,8457,546.594288416272,63,63
78,4170,2842.75248803317,95,17
0,8782,567.599744693355,77,77
1,3676,178.038896224862,79,78
5,5597,302.357276020379,72,67
26,3426,409.230231560284,94,68
85,8954,6905.69261076798,85,0
50,4439,1345.21567600986,51,1
47,7449,2022.34327526084,91,44
72,5511,3289.23187573965,79,7
46,7813,2043.5219416077,65,19
71,1413,822.859554764286,78,7
77,9794,6541.89814937469,78,1
60,1824,776.907565015343,78,18
17,3044,254.99721294858,78,61
0,1539,99.4689144936317,92,92
87,8045,6390.1044065849,91,4
62,1182,535.789570516694,90,28
95,2908,2577.80929940105,97,2
2,7893,391.341985602814,86,84
65,4394,2177.37799757292,82,17
35,8044,1374.90504218824,57,22
55,3941,1423.82522668989,61,6
94,3118,2720.25929103653,97,3
84,2405,1826.07920619682,87,3
80,7843,5557.5465848753,92,12
37,9309,1721.82310743707,67,30
79,8012,5570.51472902708,85,6
30,2601,364.420181088692,66,36
14,9282,692.816151503881,68,54
73,2074,1267.81586898901,80,7
86,5578,4367.05840531834,98,12
5,6086,328.773696955516,83,78
37,7831,1448.44739008913,94,57
1,9865,477.789366501161,81,80
24,4005,441.801181466297,60,36
56,1882,703.375282677067,69,13
82,9555,7018.10728621017,88,6
38,6044,1162.68449384353,81,43
42,5456,1226.00756201324,76,34
32,2377,360.664065827641,79,47
11,9560,637.179004960987,82,71
8,7403,442.397730375021,75,67
49,3604,1053.22661959718,77,28
2,5074,251.573449252335,55,53
96,5348,4832.45947121868,96,0
74,7573,4738.01080917248,83,9
37,4668,863.408557902699,81,44
72,1246,743.673184026784,72,0
62,3041,1378.45692380818,75,13
99,5955,5671.42857142857,99,0
37,4369,808.104539305247,61,24
24,6628,731.150619415385,54,30
54,9260,3232.60684980668,81,27
3,5076,258.378676127671,61,58
65,4700,2329.01151310713,85,20
17,9003,754.185252357445,82,65
33,3464,546.916050909388,92,59
55,8439,3048.88634560669,82,27
65,3598,1782.93264343818,98,33
91,2715,2274.86951799094,91,0
2,2511,124.497621417543,79,77
20,4693,442.016889710676,90,70
53,8913,3005.18771830941,90,37
25,5234,600.776703067578,73,48
4,9220,482.997256616058,74,70
33,8918,1408.02463683889,88,55
54,4908,1713.35144912,64,10
42,3494,785.13020925115,93,51
65,7785,3857.73502756149,90,25
49,6599,1928.48015058873,94,45
37,8206,1517.80861742707,83,46
18,3700,322.239183864594,85,67
24,2413,266.183832928383,76,52
93,9469,8144.80007615474,98,5
29,6654,895.838385903458,69,40
82,1361,999.648772007539,89,7
32,9930,1506.68665278438,67,35
69,3165,1751.12398649921,82,13
15,7299,566.051547790766,87,72
60,7786,3316.33898092624,87,27
42,2008,451.213926782001,83,41
56,8294,3099.7845879509,68,12
4,1957,102.519048936836,83,79
99,7134,6794.28571428571,99,0
50,7759,2351.32426901566,79,29
41,6527,1411.19023194343,74,33
64,3723,1791.93852733954,79,15
0,2325,150.269802597592,87,87
87,1192,946.799807663045,88,1
41,6495,1404.27157292363,88,47
10,4855,311.847697452958,88,78
16,3978,320.598449085104,62,46
81,6082,4389.26097453919,88,7
14,7724,576.525743828483,69,55
87,9566,7598.22731552407,89,2
23,1498,158.825959182527,66,43
79,9703,6746.21872388289,82,3
89,3898,3182.14047842899,91,2
43,2986,697.203165865457,81,38
53,4300,1449.82690325709,57,4
61,7721,3393.53977388182,70,9
58,1284,512.812307640839,66,8
82,2129,1563.74153975316,90,8
14,3467,258.779745449683,82,68
92,7646,6489.90845187111,92,0
4,4786,250.718532555797,71,67
53,1132,381.675361508611,70,17
32,6135,930.868339862253,96,64
84,6615,5022.66692265778,85,1
58,2985,1192.16879930522,78,20
86,2768,2167.088143765,98,12
69,1955,1081.65794426729,79,10
5,3908,211.115282238278,48,43
21,8893,871.217783076583,68,47
30,6515,912.801799228307,86,56
41,2336,505.062108444897,91,50
78,9161,6245.19317574866,92,14
86,5933,4644.99059138647,97,11
32,2484,376.899259367211,76,44
33,7563,1194.08951877243,89,56
65,9731,4822.04490086074,72,7
43,4590,1071.72221410665,90,47
4,2330,122.058959643754,73,69
64,7010,3374.0233888397,70,6
61,2682,1178.79467342974,80,19
76,6011,3931.19683861061,82,6
86,5024,3933.32761353879,93,7
61,2439,1071.99112919282,75,14
39,1425,285.063645175386,88,49
23,2409,255.415043838924,78,55
85,9397,7247.35240824064,85,0
94,5547,4839.40932885813,96,2
79,2536,1763.20835656673,90,11
62,1269,575.225858701933,81,19
15,9619,745.972028798381,75,60
39,2437,487.50884441573,76,37
7,9089,524.531394890836,75,68
93,2283,1963.73202807702,93,0
53,7985,2692.29484244369,53,0
43,5240,1223.49115510214,63,20
27,9643,1198.70852798839,60,33
94,2233,1948.15234024521,95,1
60,8798,3747.38637993695,75,15
21,9900,969.870240915122,53,32
71,8388,4884.74589197653,79,8
83,6031,4505.36539249519,89,6
58,5312,2121.54126027113,78,20
22,9906,1009.55113434614,64,42
11,7096,472.952114979411,89,78
27,6586,818.696916450431,86,59
83,4133,3087.49380984623,89,6
94,3985,3476.66237164227,97,3
90,5825,4818.05687400066,99,9
2,6391,316.87148485843,87,85
92,1209,1026.1966150029,96,4
98,5604,5254.54360849034,98,0
70,7810,4434.64419838805,81,11
39,3897,779.574052805951,80,41
98,3493,3275.1821599673,99,1
56,9170,3427.17924662524,90,34
88,4683,3771.82599916498,91,3
43,4302,1004.47689871172,76,33
64,5882,2831.09922584239,78,14
56,2166,809.516930009845,88,32
80,9109,6454.63366589686,90,10
18,4160,362.301352669381,74,56
84,8760,6651.33216061711,88,4
46,8534,2232.10242540383,78,32
65,2471,1224.46541465696,71,6
68,7352,3960.92228961753,73,5
30,1580,221.370198431424,68,38
71,9917,5775.1579650371,78,7
37,1781,329.419589036998,82,45
94,6877,5999.75084812644,95,1
30,8275,1159.39138735445,96,66
26,9147,1092.59454993635,81,55
86,1882,1473.43203994427,91,5
17,7064,591.754373281461,67,50
82,2589,1901.60960376746,96,14
87,8200,6513.22015338672,90,3
85,8631,6656.58174263329,94,9
5,3520,190.155013684426,93,88
18,6120,533.001028446301,90,72
88,1203,968.931598760511,91,3
28,6629,857.568179081518,81,53
58,4215,1683.41423419481,76,18
48,2026,570.763416819611,84,36
34,7466,1226.54490537821,97,63
78,6104,4161.18973308261,82,4
11,5909,393.837943547539,66,55
91,2389,2001.71759796698,91,0
45,1698,427.746947776745,89,44
25,5637,647.034443101249,86,61
25,2221,254.934095818321,86,61
51,9067,2848.27723200342,78,27
90,6612,5469.01151088281,91,1
63,7429,3471.03961634217,74,11
43,1576,367.981309244461,95,52
18,2073,180.541034635487,77,59
2,1399,69.3636688025259,46,44
81,2298,1658.42185456939,87,6
37,7042,1302.5113677701,52,15
5,9660,521.845861418056,90,85
74,3184,1992.05419469235,76,2
27,4611,573.187288453225,83,56
63,9126,4263.92617293561,70,7
9,9188,569.023295849132,50,41
44,2537,615.373753356102,78,34
75,7585,4853.57068620964,90,15
42,4398,988.266359555398,90,48
44,4554,1104.61650484182,71,27
19,9340,845.86850067617,90,71
52,5923,1928.01538483961,92,40
76,1925,1258.95090905431,89,13
8,7817,467.138060021821,77,69
91,3878,3249.33480322979,98,7
26,5670,677.272449780155,98,72
96,9078,8202.89212410681,97,1
49,7442,2174.83698752559,84,35
36,3428,609.555492062779,52,16
54,1411,492.571086941386,66,12
19,9987,904.463459984251,53,34
58,8503,3395.98368525705,81,23
26,2288,273.297947988888,89,63
1,2785,134.885289985376,87,86
69,9484,5247.28590456825,72,3
20,5280,497.304320833661,70,50
91,9508,7966.65170425704,93,2
5,2219,119.873288456177,91,86
89,9348,7631.2594131232,90,1
70,2868,1628.49674276273,76,6
23,8578,909.485365732789,80,57
65,2787,1381.05427383608,79,14
11,5747,383.040558735439,80,69
81,6653,4801.34055633167,85,4
58,9327,3725.07818797983,75,17
79,1780,1237.58315247981,86,7
82,2322,1705.4992274809,91,9
41,5449,1178.11790621415,82,41
39,3506,701.35658946309,78,39
79,9789,6806.01206720495,79,0
95,3512,3113.22773710334,95,0
75,1359,869.611412334727,79,4
24,4856,535.677038002581,60,36
61,9013,3961.40059344603,82,21
50,3305,1001.56292165185,65,15
23,2497,264.745273750848,67,44
75,6366,4073.54396683066,78,3
23,8224,871.952395405276,91,68
66,9099,4639.22848497333,68,2
67,5398,2830.03514369065,76,9
44,1634,396.342417415795,62,18
89,7589,6195.29607254942,91,2
65,7644,3787.86468216828,95,30
41,6824,1475.40403597088,75,34
33,3945,622.859070680582,79,46
37,1216,224.915339847833,59,22
32,9769,1482.25799708465,50,18
75,4387,2807.20034283476,84,9
25,8469,972.101241551265,74,49
98,6969,6534.42441248558,98,0
43,4943,1154.14442360112,98,55
82,1533,1125.98204811724,83,1
15,8560,663.844533372922,95,80
68,2201,1185.79841668229,83,15
87,6867,5454.42473089105,88,1
55,2960,1069.40438239078,93,38
56,7425,2775.0060966404,82,26
88,2853,2297.89015067642,89,1
1,7742,374.966576325594,42,41
71,3020,1758.69487288616,83,12
54,3101,1082.53929171172,86,32
29,8831,1188.93128733295,82,53
78,8241,5618.01516879649,87,9
88,3411,2747.31977005162,94,6
30,9638,1350.35821043168,64,34
84,4478,3400.07596064422,99,15
86,1351,1057.70812219166,88,2
70,8764,4976.3408136585,74,4
8,1826,109.120391147479,75,67
0,6502,420.238389887975,50,50
95,2653,2351.76343580158,96,1
8,2306,137.804831317682,93,85
87,5442,4322.55415545494,97,10
94,4320,3768.92884454067,95,1
27,8385,1042.3282181046,67,40
48,9819,2766.20236414204,63,15
70,8847,5023.46955481935,71,1
31,5553,809.661830206464,85,54
66,7003,3570.55908124719,77,11
57,4939,1908.64162461113,91,34
53,5783,1949.84860035715,94,41
97,1079,993.976790869923,97,0
77,2518,1681.89703289008,79,2
44,8422,2042.83711106232,73,29
68,2290,1233.74755756585,81,13
44,6916,1677.54232487615,94,50
61,7374,3241.02607079452,63,2
60,6796,2894.6621775462,78,18
29,4092,550.912334703479,80,51
97,9827,9052.65053186166,97,0
25,6912,793.383372488173,63,38
95,1149,1018.53606774822,98,3
39,6261,1252.47963680217,88,49
54,5024,1753.84630814566,76,22
64,3347,1610.96380634044,92,28
24,7847,865.621440940333,67,43
15,9620,746.04958072985,30,15
21,4315,422.726271671591,77,56
57,7148,2762.29405400291,58,1
67,2657,1392.99803200927,79,12
51,4486,1409.21712394037,78,27
92,9667,8205.32893071384,97,5
30,4021,563.37314423592,63,33
61,4767,2095.19545422803,70,9
43,4268,996.538215644263,83,40
76,8041,5258.8177972497,89,13
38,4481,862.010128542827,90,52
27,5014,623.283683431895,91,64
80,8429,5972.78594465305,87,7
90,9237,7640.23885753547,98,8
74,5953,3724.46564730011,88,14
61,8328,3660.32887409504,82,21
69,9651,5339.68328395068,74,5
12,7544,521.983265310754,84,72
82,6097,4478.2208397722,88,6
47,5164,1401.98424935521,89,42
70,3356,1905.59102814216,70,0
35,8860,1514.37825382743,78,43
19,8732,790.805540460847,42,23
80,5195,3681.1748703847,88,8
71,7705,4487.00132304234,92,21
3,2235,113.766024654323,81,78
36,5722,1017.46689777807,82,46
48,1108,312.145047303124,52,4
38,1060,203.912237503994,78,40
19,2605,235.919426580452,55,36
91,8605,7210.03764357718,93,2
8,1180,70.5159154184148,77,69
5,9682,523.034330253583,56,51
97,7619,7018.63685786649,99,2
18,4262,371.184703143486,80,62
5,8735,471.876149015188,76,71
77,3573,2386.58383578883,92,15
63,9868,4610.60962903009,88,25
84,2522,1914.91549190369,84,0
95,7384,6545.57904634711,99,4
33,5349,844.530587850553,72,39
19,4268,386.527490458875,74,55
51,9743,3060.6336242869,90,39
93,9852,8474.23913298939,95,2
88,6565,5287.64417777452,88,0
48,2696,759.515385856699,77,29
8,7901,472.157837051606,75,67
49,3981,1163.40043635305,76,27
74,2441,1527.19983958669,85,11
53,7350,2478.19249742782,71,18
97,1363,1255.59811488017,97,0
1,8982,435.023222495026,85,84
84,9208,6991.49161358017,86,2
99,2329,2218.09523809524,99,0
16,1871,150.789265519917,72,56
39,7017,1403.71340224259,65,26
2,1462,72.4872650388083,85,83
46,7309,1911.69869079876,94,48
47,6092,1653.92874652827,87,40
29,6602,888.837544895496,82,53
75,7932,5075.6127466071,90,15
7,5849,337.549139478105,55,48
0,7257,469.035680623967,86,86
87,8600,6830.93820964948,88,1
30,5458,764.707938632095,52,22
61,3919,1722.48185129424,69,8
18,9564,832.944744454318,69,51
34,7855,1290.45141062762,88,54
50,4669,1414.91597010363,97,47
41,6692,1446.86456751423,80,39
55,9627,3478.09323962029,61,6
26,2684,320.599515910042,79,53
98,7144,6698.51169504907,99,1
85,4041,3116.58519545604,86,1
64,6808,3276.79760787742,92,28
90,2817,2330.03711829354,92,2
80,4829,3421.82742042112,81,1
31,7508,1094.71295177204,65,34
83,1884,1407.41309889918,83,0
38,5333,1025.90939868755,76,38
55,1512,546.26331965367,83,28
66,7526,3837.21657082199,71,5
29,2111,284.207218611692,82,53
63,9768,4563.88679128151,77,14
65,1380,683.837422997413,92,27
54,3969,1385.55254717956,63,9
5,1327,71.6862793066004,92,87
76,1997,1306.0389430553,96,20
46,6799,1778.30611557542,81,35
12,3086,213.526028201085,49,37
54,7383,2577.35813953809,87,33
69,5648,3124.91256737679,91,22
11,5333,355.447241993404,51,40
82,5460,4010.34702069153,88,6
41,9048,1956.2508378465,70,29
91,8898,7455.53921586865,92,1
50,3061,927.620000961067,65,15
5,5771,311.756984083188,69,64
13,4024,289.137270808655,73,60
31,6120,892.333945770495,52,21
19,1193,108.04294660671,81,62
32,4969,753.950249515165,39,7
52,2820,917.947557867247,76,24
88,2077,1672.87691656324,91,3
24,2207,243.459477527121,58,34
92,2446,2076.15957013821,94,2
74,5824,3643.75742144731,74,0
58,9211,3678.74935021789,74,16
10,5331,342.422260581199,74,64
22,2819,287.293019152207,74,52
6,7210,402.296538228421,57,51
68,4970,2677.60932799227,82,14
51,5006,1572.56819492766,81,30
81,8846,6383.98595540507,91,10
46,6401,1674.20759608741,51,5
34,4732,777.392243805206,74,40
44,9950,2413.46820886607,58,14
5,7585,409.751641703515,70,65
15,4413,342.236673571812,59,44
60,8116,3456.89791538625,72,12
90,4159,3440.05125132511,90,0
42,2551,573.230441843069,70,28
43,3117,727.79044474301,91,48
3,8381,426.609866947599,41,38
37,6029,1115.1435723212,97,60
15,7438,576.83126626493,74,59
4,8380,438.993168160799,56,52
98,9400,8813.83117769615,98,0
6,9637,537.715913856768,69,63
90,7183,5941.30515466897,99,9
0,8818,569.926502927124,75,75
80,8583,6081.91028152298,82,2
92,6704,5690.34086598796,97,5
60,2251,958.782307483299,70,10
79,2582,1795.1908425297,81,2
90,5188,4291.17237121295,94,4
75,5136,3286.47845014802,76,1
13,9245,664.282820235093,75,62
37,8723,1613.43462951698,86,49
46,8391,2194.70019352748,68,22
78,4645,3166.56721988347,93,15
79,6862,4770.95257995305,81,2
15,2313,179.377617487333,93,78
55,9142,3302.8698864245,77,22
69,8402,4648.63941060549,94,25
43,9010,2103.75101287601,69,26
52,4647,1512.6603905706,69,17
50,1534,464.870657129787,63,13
74,3862,2416.24161429078,80,6
50,7930,2403.14492245059,76,26
26,6902,824.432883312633,82,56
71,6018,3504.57806126785,74,3
27,1888,234.694773498089,61,34
0,6544,422.952941160705,66,66
20,2356,221.903215887141,61,41
59,7330,3024.01490259467,70,11
71,4058,2363.17344177882,93,22
40,3291,684.487487075362,88,48
96,6218,5618.59255647677,96,0
41,6921,1496.37622112463,88,47
20,8841,832.702178123181,77,57
1,5164,250.10687162818,71,70
22,8284,844.248091754837,85,63
59,3812,1572.65277062631,74,15
42,7748,1741.03859796162,84,42
44,7128,1728.96496410024,67,23
56,4289,1602.96311764184,93,37
34,1893,310.989754337121,78,44
95,3981,3528.97483525296,96,1
20,4929,464.24488586915,73,53
98,7158,6711.63867765415,98,0
37,7385,1365.9537703752,68,31
24,2944,324.759719909308,72,48
97,3551,3271.18775197321,97,0
52,9202,2995.37355584908,58,6
23,8150,864.106520252067,50,27
78,7185,4898.1238912514,81,3
5,2859,154.44692730789,48,43
32,1811,274.784443926738,76,44
8,3685,220.21283755666,81,73
25,8965,1029.03384466963,79,54
76,4673,3056.14420675884,78,2
82,8420,6184.45456304444,95,13
36,6893,1225.69020034677,64,28
58,1228,490.446661824728,78,20
65,9569,4741.76833381322,87,22
12,6137,424.630341889196,67,55
20,1412,132.991231253244,77,57
88,4587,3694.50477432624,89,1
48,7798,2196.84754410628,81,33
12,2589,179.137682116853,79,67
47,2341,635.562573148829,85,38
20,6108,575.290680237121,52,32
41,2114,457.063911495082,63,22
35,2467,421.667172933664,85,50
3,4354,221.627414472002,78,75
7,9224,532.3223221997,91,84
5,3524,190.371098927249,78,73
59,9971,4113.56788455272,60,1
77,4340,2898.90116073986,80,3
62,7922,3590.96867820072,85,23
0,2038,131.720368900599,79,79
72,1835,1095.21692832195,79,7
10,8746,561.775481343681,77,67
31,8135,1186.13343935343,52,21
41,5856,1266.11460062214,80,39
14,5662,422.616359600838,72,58
51,9632,3025.76445336461,68,17
46,3909,1022.41485597651,79,33
76,5420,3544.68255951914,92,16
51,4802,1508.48431323265,84,33
61,3192,1402.95026009983,84,23
51,9832,3088.59178835972,79,28
80,5365,3801.63680069565,84,4
92,4478,3800.91682546153,99,7
22,5763,587.325175372178,61,39
24,5182,571.638881987104,87,63
93,9561,8223.93426213069,97,4
1,2990,144.814009715,86,85
81,9548,6890.60568643541,92,11
39,8352,1670.77302772268,82,43
81,7123,5140.5304047423,91,10
77,1734,1158.22456514353,85,8
64,7059,3397.60786045927,81,17
16,8887,716.228863001338,78,62
64,7454,3587.72758065779,90,26
5,7143,385.87422237155,79,74
48,8545,2407.2919036148,69,21
5,4151,224.242460739788,83,78
43,8950,2089.74157216873,81,38
61,6158,2706.56882885173,63,2
12,4180,289.221904692332,49,37
18,6061,527.862619838731,92,74
45,9811,2471.5107801164,89,44
23,3408,361.334358407245,88,65
61,8927,3923.60180824284,69,8
40,7760,1613.98447271492,65,25
79,8923,6203.90700538051,96,17
11,8272,551.333130652436,53,42
13,1074,77.1703352009184,89,76
65,1915,948.948308000033,82,17
98,5966,5593.96987299311,98,0
16,5869,472.999572066485,85,69
75,3043,1947.18729045958,94,19
74,9413,5889.19790660775,83,9
84,6521,4951.29418029499,89,5
54,3456,1206.46752407472,89,35
23,9590,1016.78300971992,81,58
49,8826,2579.29471269831,58,9
9,1356,83.978623113999,83,74
47,1399,379.817189164977,89,42
66,1017,518.52899980414,70,4
39,8880,1776.39660993504,81,42
70,7417,4211.49244807224,80,10
50,1710,518.206534349371,94,44
28,2660,344.11394725552,75,47
79,9173,6377.72486387486,87,8
96,2526,2282.49675099072,97,1
2,1766,87.5598564011871,90,88
0,2701,174.571499705847,37,37
97,4113,3788.90318892307,98,1
72,4202,2507.95723858792,88,16
96,1406,1270.46335387686,96,0
32,4082,619.365046995553,66,34
69,2979,1648.21433042058,85,16
92,9944,8440.44593845231,92,0
86,5839,4571.39728014589,87,1
15,9354,725.420766959149,91,76
7,6518,376.157512586475,85,78
78,2256,1537.94954748269,80,2
86,1167,913.653129976067,90,4
94,2866,2500.40510843833,95,1
85,5288,4078.32281949309,87,2
59,3319,1369.26404661824,75,16
73,7675,4691.65226349598,80,7
18,9596,835.73167793639,84,66
31,4027,587.161568564997,81,50
56,6713,2508.90450191878,79,23
59,7918,3266.59617991059,77,18
70,6552,3720.33147091402,88,18
59,1567,646.470852983062,79,20
4,4048,212.057797698677,77,73
79,3926,2729.63564979535,84,5
65,9524,4719.46928741113,70,5
13,9229,663.133169058916,67,54
78,7508,5118.31790890961,86,8
99,8947,8520.95238095238,99,0
14,3926,293.039884809765,86,72
41,9897,2139.81150996539,88,47
66,8532,4350.13709570199,88,22
56,6775,2532.07626999848,71,15
86,4662,3649.91507450594,99,13
54,3740,1305.61010996512,82,28
43,1062,247.967100518793,73,30
48,4301,1211.67495347539,70,22
87,9136,7256.68040504159,93,6
74,4549,2846.05984034406,75,1
30,8392,1175.78399065602,81,51
57,3885,1501.33077781216,76,19
48,9765,2750.98951887636,90,42
94,9607,8381.50449294034,96,2
11,7563,504.077909468614,80,69
33,2613,412.555323621891,74,41
22,4798,488.979037209042,90,68
91,2254,1888.60253906136,94,3
71,7005,4079.35681608197,73,2
90,8186,6770.92078464711,94,4
1,8263,400.200054272589,72,71
57,1690,653.088549421505,77,20
16,3420,275.627625910271,67,51
67,3810,1997.48682798469,95,28
43,8628,2014.55757370635,93,50
83,2661,1987.85894701206,89,6
16,9415,758.781899983976,62,46
14,5812,433.812483574721,74,60
9,2871,177.804297168356,57,48
94,4423,3858.78987949153,97,3
6,7566,422.160278534845,86,80
46,4890,1278.99939772964,72,26
14,6503,485.389294681075,92,78
72,9141,5455.79179389152,77,5
68,9928,5348.75360328113,70,2
98,4923,4616.00966891469,99,1
21,6536,640.310292385983,72,51
89,2115,1726.5846875006,91,2
88,7287,5869.16422291591,92,4
29,4431,596.552432813078,91,62
36,9097,1617.59810714559,74,38
24,2225,245.44510081461,82,58
67,4071,2134.32253982301,71,4
46,4300,1124.68249698107,97,51
36,1326,235.784884035952,70,34
48,2961,834.171015401219,75,27
1,4666,225.98734760207,73,72
35,7643,1306.36489774301,67,32
76,8707,5694.38211175888,85,9
85,8843,6820.08485113036,89,4
6,5379,300.132188506335,63,57
36,3098,550.875996035732,74,38
95,7575,6714.89183045495,96,1
31,6530,952.114487889107,89,58
32,1191,180.711359865679,82,50
78,8517,5806.16857088214,81,3
14,8297,619.294937408716,86,72
13,8189,588.405842607375,72,59
57,3162,1221.93254039692,90,33
32,7140,1083.35777450961,62,30
3,3189,162.326555983283,80,77
50,3279,993.683757971689,58,8
56,5093,1903.44862628815,88,32
88,8909,7175.57075092052,89,1
18,6763,589.000973101689,82,64
67,4606,2414.80953535367,68,1
54,2819,984.094893045901,92,38
92,8318,7060.3006150489,92,0
7,2282,131.695526806127,95,88
85,9480,7311.36541769941,89,4
73,3313,2025.20442331755,77,4
13,9157,657.959738766117,82,69
84,3799,2884.52178974708,94,10
99,9201,8762.85714285714,99,0
56,8558,3198.451471387,86,30
79,5490,3817.04017253603,83,4
22,9077,925.065177312729,81,59
16,1779,143.374721197185,75,59
34,3067,503.859258611701,78,44
94,9513,8299.49539308228,94,0
95,1361,1206.46439356425,97,2
4,6141,321.701318099697,68,64
20,4103,386.446899314491,75,55
5,6015,324.938183895404,56,51
15,1213,94.0704928716536,85,70
79,4492,3123.15928142657,80,1
70,6799,3860.58206207943,92,22
40,3387,704.454305294516,76,36
62,3140,1423.33270001897,73,11
71,4555,2652.60104172068,89,18
30,5846,819.069734196267,91,61
68,1089,586.703532833718,74,6
11,5812,387.372842764985,71,60
54,1970,687.714416211573,83,29
72,4224,2521.08790475854,88,16
25,9755,1119.71278915251,73,48
59,6170,2545.45319904626,90,31
22,9664,984.888164982948,74,52
72,6557,3913.53536730628,85,13
23,3023,320.514602542576,63,40
36,9681,1721.443033448,57,21
71,2808,1635.23682220673,78,7
93,5772,4964.81001579524,96,3
31,3757,547.793894486887,68,37
45,8378,2110.52057036135,87,42
84,6312,4792.60372121178,88,4
83,8861,6619.47317905818,85,2
40,3300,686.359376283408,59,19
78,8928,6086.35352833577,82,4
4,2329,122.006573824165,96,92
51,2705,849.739705808895,94,43
73,1478,903.486911458901,76,3
65,9425,4670.41138532653,78,13
3,4425,225.241458208224,69,66
94,5273,4600.36152714421,97,3
25,9807,1125.68152980201,79,54
5,9623,519.847072921941,67,62
22,9040,921.294392740671,83,61
55,3128,1130.10030679675,72,17
56,9602,3588.63414679341,84,28
59,1111,458.346597105413,74,15
23,3946,418.375991277872,77,54
79,6771,4707.6828794611,96,17
53,5451,1837.90847666381,67,14
72,3023,1804.27290153529,73,1
86,5402,4229.26667363386,94,8
96,1784,1612.02462540279,97,1
61,8106,3562.75526577982,95,34
66,8275,4219.10272701992,87,21
80,2991,2119.4213738827,81,1
78,7578,5166.03797465597,93,15
41,3357,725.810572795171,66,25
44,7907,1917.91890728684,84,40
72,9344,5576.95203173858,76,4
11,7678,511.742719674734,77,66
20,2060,194.024034264648,73,53
88,8236,6633.51674762391,88,0
15,6902,535.263430997653,60,45
85,5404,4167.78678451979,85,0
71,6247,3637.93604997346,76,5
37,6543,1210.21469459241,91,54
61,2757,1211.75873029299,75,14
22,9770,995.690953216411,65,43
56,2053,767.284513993634,68,12
18,6583,573.324472265033,19,1
11,2154,143.565227686817,85,74
67,8561,4488.31620324854,95,28
54,2110,736.587521932193,75,21
90,6816,5637.74689325124,90,0
75,8443,5402.59687589558,82,7
30,3743,524.423197929632,38,8
14,9688,723.120327059858,85,71
94,1526,1331.33921684469,95,1
29,6527,878.740178057089,61,32
15,1457,112.993164150041,72,57
28,8798,1138.16334885491,84,56
47,4940,1341.17006038241,80,33
24,7388,814.988047109364,64,40
25,7805,895.885014796035,92,67
87,2489,1977.00060509507,96,9
44,4644,1126.44687055015,71,27
29,1933,260.242801315207,84,55
87,8003,6356.7440106773,87,0
36,6020,1070.45626085704,45,9
97,2381,2193.3815931986,98,1
71,6070,3534.86022464205,76,5
65,8219,4072.79694175053,71,6
84,5330,4046.98634886863,91,7
82,8344,6128.63288290295,94,12
21,9687,949.003335731796,77,56
41,8958,1936.79210935333,80,39
47,7097,1926.77812116072,79,32
93,9959,8566.27563189619,94,1
78,7777,5301.69930442062,98,20
57,8020,3099.27228778726,69,12
98,8156,7647.40500907338,98,0
52,6800,2213.49056506996,73,21
63,9497,4437.26790098285,72,9
8,6131,366.383963923984,73,65
53,2588,872.593494332407,79,26
38,6607,1270.9888237631,48,10
35,5774,986.909710790019,83,48
65,6710,3325.0355857338,77,12
77,9443,6307.44784812591,96,19
58,5280,2108.76089123336,90,32
50,9508,2881.34954888528,84,34
74,1520,950.980645707403,94,20
69,2427,1342.80502850982,80,11
12,8244,570.417555570235,90,78
67,4906,2572.09196275404,73,6
46,6830,1786.41429171645,86,40
80,6156,4362.13907643661,89,9
35,8772,1499.33702512124,69,34
41,6924,1497.02484540773,79,38
75,9425,6030.96950791376,77,2
56,3426,1280.42705550034,77,21
44,5559,1348.38892191824,51,7
25,9062,1040.16784165044,88,63
6,2760,153.99978439812,63,57
31,5981,872.066883930283,92,61
47,8070,2190.93975451134,83,36
48,3512,989.398380982465,85,37
82,6712,4929.9357514435,88,6
68,6847,3688.85132168271,69,1
51,8244,2589.74274849853,72,21
95,1266,1122.25122869386,97,2
84,4302,3266.4418898373,84,0
57,1315,508.172451177088,77,20
36,5286,939.938836360516,70,34
26,3241,387.132276849644,91,65
80,4450,3153.2681757867,86,6
65,5283,2617.90804760531,85,20
27,1759,218.658954758018,76,49
2,8205,406.811224106308,51,49
33,4849,765.587739855549,80,47
36,5617,998.79614904219,77,41
80,8125,5757.37166927347,81,1
38,6310,1213.85492325491,68,30
94,4283,3736.64866693697,95,1
84,7091,5384.08634143104,85,1
90,4441,3673.30310342265,92,2
49,3767,1100.86145283645,77,28
47,3208,870.946063503394,84,37
51,7913,2485.76350908162,71,20
27,8346,1037.48017988085,79,52
20,1507,141.938941571274,26,6
54,1712,597.648264240717,65,11
64,6312,3038.06499719775,71,7
81,9859,7115.04833080925,88,7
46,3040,795.124369958711,82,36
81,6816,4918.97448248259,81,0
55,1117,403.555640246792,70,15
12,6796,470.227766576336,65,53
75,9190,5880.5952018809,77,2
73,5307,3244.11707653071,81,8
82,4761,3496.93446254805,98,16
27,6037,750.451455300828,70,43
16,1240,99.9351626107414,61,45
56,5764,2154.22695502158,90,34
51,5800,1821.99271485826,72,21
90,4480,3705.5613382872,91,1
73,4242,2593.09301651465,87,14
89,2562,2091.49407535533,89,0
16,3052,245.969448619341,89,73
78,7398,5043.32923416533,80,2
7,1367,78.890352823828,66,59
71,5288,3079.46307543775,80,9
0,2887,186.593083913655,63,63
79,7563,5258.33785517122,89,10
38,2928,563.259463595938,66,28
25,5699,654.151018491045,62,37
52,5385,1752.88921954437,78,26
26,6835,816.429840255266,85,59
28,4698,607.762151957305,53,25
61,9959,4377.18723068113,79,18
32,7468,1133.12547059353,85,53
47,6060,1645.24100524644,55,8
47,9116,2474.92029766114,85,38
71,7101,4135.26234846511,86,15
15,9948,771.486614251616,75,60
38,3196,614.81463307808,91,53
33,2190,345.769674218118,78,45
42,1915,430.31607061132,73,31
27,7351,913.793050839223,98,71
21,4822,472.395384009365,58,37
52,1983,645.492910372607,67,15
65,9443,4679.33100388737,77,12
56,5009,1872.05461792212,79,23
97,4419,4070.79095352566,99,2
87,4540,3606.0999385824,90,3
15,7973,618.321549600737,65,50
71,8708,5071.09766658698,75,4
62,2081,943.297881764163,74,12
74,8609,5386.17919664147,86,12
38,6075,1168.64796494034,83,45
89,6061,4947.91006663882,92,3
5,2984,161.199591146116,93,88
92,9372,7954.93356146169,92,0
84,3627,2753.92485691304,86,2
14,9503,709.311774158735,69,55
6,2032,113.379551411949,87,81
33,3162,499.234570720405,86,53
34,8277,1359.77929035835,91,57
5,8380,452.698583714628,79,74
51,4299,1350.47356571994,79,28
73,4519,2762.42040113855,76,3
42,3096,695.696373165873,74,32
44,3141,761.879763220937,92,48
76,6352,4154.21099964309,76,0
99,3356,3196.19047619048,99,0
42,2627,590.308259789002,63,21
59,8251,3403.9763930844,74,15
71,2134,1242.73339693347,85,14
51,7522,2362.93606916618,77,26
52,4157,1353.15886455821,73,21
44,5963,1446.38300798677,78,34
80,4846,3433.87361345221,88,8
87,1759,1397.16515241552,91,4
67,4729,2479.29533058782,80,13
82,8113,5958.96435510446,89,7
69,2326,1286.92397870369,72,3
86,2966,2322.10384191004,94,8
80,1098,778.042349890741,90,10
3,9577,487.488688194387,79,76
14,7112,530.84555801504,85,71
34,9898,1626.08377624343,70,36
54,3998,1395.67626193597,65,11
74,8517,5328.61984176971,93,19
11,3961,264.002723708208,97,86
91,6385,5349.92334157354,91,0
86,1771,1386.52930007508,93,7
48,6597,1858.50259662338,77,29
7,2046,118.07583165878,45,38
21,4035,395.295598191163,66,45
86,5260,4118.09379920661,86,0
19,5592,506.434331454084,75,56
98,6524,6117.17389396698,98,0
70,3523,2000.41632662242,90,20
47,1743,473.210407944643,89,42
9,6165,381.805465706345,72,63
85,7324,5648.56965392726,87,2
9,1129,69.9202547903428,71,62
35,7902,1350.63396859417,51,16
55,3480,1257.27271983781,65,10
67,8598,4507.71436929459,77,10
77,3086,2061.29239217585,91,14
80,9815,6954.90497648235,91,11
6,4536,253.09529783691,80,74
82,1870,1373.50712979728,89,7
40,8294,1725.04989905896,94,54
86,6088,4766.34126417678,96,10
26,9941,1187.43658258634,93,67
26,1099,131.273795821586,67,41
15,5506,427.000934667209,86,71
97,1664,1532.87987025723,98,1
31,2564,373.847097541756,73,42
20,2826,266.170835355289,83,63
3,7846,399.377283864797,25,22
43,5305,1238.66804920169,85,42
93,2418,2079.85284445476,95,2
57,8868,3426.97589128397,88,31
51,9085,2853.93169215298,71,20
51,8024,2520.63268000391,78,27
35,9972,1704.44468929651,74,39
25,3787,434.685016147673,70,45
3,6359,323.685973501943,61,58
84,4710,3576.22996307153,87,3
60,3187,1357.4585579517,90,30
22,4673,476.239900141278,76,54
80,8039,5696.43210452793,88,8
17,3204,268.40048301158,85,68
64,6390,3075.60762549011,74,10
41,5587,1207.954623237,75,34
16,8918,718.727242066606,78,62
61,6754,2968.52320072501,71,10
49,8647,2526.98406760733,75,26
52,7230,2353.46129197879,64,12
22,5301,540.241324769723,77,55
82,3926,2883.63047678295,98,16
70,4120,2339.40257328537,92,22
70,7501,4259.18900539165,87,17
86,9255,7245.80952693102,88,2
65,7693,3812.14586602833,70,5
57,7235,2795.91458879561,74,17
90,5083,4204.32327734684,95,5
90,9127,7549.25409253288,91,1
17,3836,321.343399760431,79,62
24,9342,1030.53848620678,71,47
5,8829,476.954152221533,81,76
49,6589,1925.55776818142,90,41
77,8385,5600.75719649855,81,4
61,5092,2238.03970063544,62,1
94,9845,8589.14455428309,97,3
45,3385,852.722861145042,49,4
56,5368,2006.22662986743,75,19
76,4537,2967.20014253475,80,4
97,2113,1946.49949871005,98,1
11,2533,168.825776105249,88,77
92,9026,7661.24950125408,94,2
58,4397,1756.10258309717,69,11
97,4549,4190.54719338951,97,0
29,9955,1340.25715835121,82,53
34,3728,612.451032313146,93,59
66,2029,1034.50869282458,78,12
84,2565,1947.5647251122,92,8
37,6266,1158.97986799878,75,38
75,2339,1496.70426302496,84,9
83,4947,3695.57993644068,84,1
16,1677,135.15424814372,44,28
64,8779,4225.4709458807,78,14
96,4191,3786.99282795017,99,3
86,5840,4572.18018771228,86,0
2,2400,118.994142334569,88,86
3,2723,138.606212587795,63,60
88,7546,6077.77044409544,88,0
9,4297,266.118099941632,80,71
60,3941,1678.61442638458,90,30
64,9532,4587.90170362625,92,28
22,8374,853.420270443626,96,74
97,5177,4769.0619521164,98,1
13,2354,169.142429295123,83,70
45,7517,1893.62414984558,76,31
73,7311,4469.14263171585,79,6
75,1796,1149.24363248945,75,0
95,5567,4934.89146140498,97,2
41,7109,1537.02334286591,78,37
41,7781,1682.31518228157,61,20
0,2658,171.792316259956,91,91
72,4439,2649.41032415321,87,15
83,2451,1830.98169076533,92,9
29,5057,680.831788024314,61,32
45,4802,1209.6824753969,82,37
27,5154,640.686897568406,75,48
27,6622,823.172028656963,89,62
68,3860,2079.5919529276,81,13
53,4255,1434.65429612998,86,33
23,9759,1034.70129216441,84,61
70,3968,2253.09451718358,82,12
14,5882,439.037341429199,71,57
37,1751,323.870690849963,74,37
96,3022,2730.68296971258,97,1
0,1221,78.9158834286707,98,98
36,8752,1556.25136129914,81,45
87,1231,977.777318148665,96,9
5,8970,484.571157031052,80,75
60,6057,2579.89535158878,89,29
49,4391,1283.21811505306,67,18
15,9380,727.437117177338,72,57
3,5666,288.410870555435,48,45
35,9769,1669.7473094402,57,22
34,2992,491.537952972353,92,58
6,3967,221.346791560631,65,59
40,3369,700.710526878424,71,31
98,4148,3889.33741756209,99,1
25,3313,380.277649457945,61,36
60,5818,2478.09660814653,80,20
83,2763,2064.05647147475,96,13
80,7921,5612.81735290033,86,6
4,4410,231.02146439011,75,71
23,5616,595.438308924614,49,26
83,5392,4028.01031277302,85,2
77,9201,6145.80405068374,87,10
6,7237,403.803057858403,80,74
6,5971,333.164026319265,15,9
65,6570,3255.66077470507,75,10
21,2961,290.079372055523,77,56
30,9352,1310.28740236119,69,39
77,6507,4346.34789238116,78,1
91,9786,8199.58493667011,91,0
65,6448,3195.20558223719,82,17
60,8864,3775.49816682895,92,32
76,9798,6407.89662696836,76,0
31,6684,974.568642733658,87,56
71,3922,2283.97393756938,82,11
75,2655,1698.90971283937,91,16
90,2730,2258.07644051876,90,0
99,4840,4609.52380952381,99,0
12,7241,501.018136812721,55,43
30,4401,616.614078035883,62,32
24,9827,1084.04000256412,77,53
12,9685,670.123001661539,74,62
12,7096,490.985319544686,91,79
87,5803,4609.29470123209,94,7
58,4414,1762.89215414849,65,7
30,3594,503.547147571226,74,44
0,6241,403.369392693148,94,94
41,4066,879.102111702462,89,48
0,7394,477.890288346922,85,85
3,2963,150.822698456716,88,85
1,4446,215.332136184913,80,79
32,7160,1086.39239012449,77,45
75,9641,6169.1858913312,87,12
44,9373,2273.51130871374,56,12
30,7576,1061.45609070662,75,45
74,6824,4269.40258309692,82,8
63,2285,1067.6168425551,77,14
47,4059,1101.98568321704,80,33
0,1006,65.019966199216,67,67
40,9533,1982.74664669992,75,35
38,1133,217.955250086816,67,29
26,6879,821.685570024283,39,13
38,8025,1543.76953393354,85,47
0,8040,519.642672208446,90,90
3,7420,377.693021447463,79,76
1,5680,275.09818567933,3,2
55,4923,1778.60735625332,80,25
90,8554,7075.30618029213,94,4
41,2053,443.875217738602,79,38
75,6355,4066.505169527,99,24
91,2585,2165.94390571145,91,0
25,6444,739.66470664262,88,63
34,5852,961.390408019456,76,42
71,9545,5558.52402705245,83,12
89,5527,4511.9780462486,91,2
28,4820,623.544821718648,77,49
76,9373,6129.94642626805,84,8
96,3055,2760.50181087754,96,0
46,3790,991.289921757736,80,34
48,7966,2244.17639604394,81,33
91,3341,2799.38823558296,92,1
25,4891,561.405971475645,81,56
58,1571,627.43624244841,74,16
62,1172,531.256663828736,79,17
66,5975,3046.42160651892,66,0
87,3045,2418.62870330031,90,3
35,1201,205.278587228752,57,22
1,3943,190.970448262958,73,72
29,9844,1325.31305543036,68,39
16,7707,621.129272774987,75,59
65,7037,3487.07532292231,84,19
71,3550,2067.33999958472,77,6
59,5317,2193.5453256611,65,6
28,7395,956.662646599461,76,48
20,1558,146.74244921569,77,57
81,4242,3061.36880203802,94,13
49,1234,360.621989062964,76,27
96,6498,5871.60090575524,97,1
90,6454,5338.32430297,94,4
32,2510,380.844259666545,92,60
33,3160,498.918799328425,63,30
85,8763,6758.38556490505,97,12
38,5866,1128.44262754569,83,45
34,5699,936.254944515188,66,32
11,9793,652.708576943823,45,34
95,4532,4017.41119150123,96,1
37,4765,881.349995374114,84,47
77,8918,5956.77432061706,85,8
2,6030,298.972782615605,90,88
58,1575,629.033788578132,66,8
68,1724,928.812571722066,85,17
64,6237,3001.96631614739,80,16
73,1268,775.115970047284,84,11
66,8565,4366.9625204744,67,1
27,1502,186.711625950281,48,21
29,5054,680.427893350778,77,48
89,8655,7065.52740913364,92,3
28,7609,984.347001754604,84,56
65,3575,1771.53535305489,86,21
60,8993,3830.44393211786,79,19
10,1722,110.607978375694,83,73
3,3117,158.661610222607,73,70
10,9065,582.265577221641,83,73
86,2481,1942.39367221133,89,3
61,2560,1125.17314093219,63,2
26,2103,251.199993278248,87,61
98,1420,1331.45109280091,98,0
24,2560,282.399756442877,83,59
77,9026,6028.91287484745,80,3
41,4215,911.317117763373,67,26
38,6432,1237.3240675714,81,43
53,3690,1244.15378442295,65,12
75,6431,4115.13685998869,89,14
12,6614,457.634851108871,74,62
6,4443,247.906174666973,88,82
42,8410,1889.79538059593,71,29
28,3252,420.69870544171,63,35
14,1090,81.3585008768832,71,57
91,9500,7959.94858965523,93,2
39,9680,1936.43234055982,84,45
51,3370,1058.64059466764,81,30
9,1523,94.3211231582747,61,52
86,8717,6824.60525621369,94,8
46,9416,2462.79311431948,77,31
55,3811,1376.85814232813,75,20
45,1777,447.648013073778,72,27
11,2280,151.963193651784,87,76
68,9053,4877.34351032475,74,6
63,1441,673.276091957069,82,19
81,9407,6788.84873191222,87,6
91,7104,5952.36576641166,91,0
43,7213,1684.16826369308,85,42
7,5304,306.096877379359,73,66
15,9986,774.43358764743,92,77
22,8067,822.132949805199,71,49
6,6624,369.599482555487,61,55
81,9091,6560.79768489572,83,2
23,4947,524.507356526009,79,56
41,8769,1895.92877951768,87,46
15,8088,627.240021719649,76,61
0,2534,163.777926788085,33,33
98,1242,1164.55088539347,98,0
28,8969,1160.28495974991,80,52
3,2897,147.463164842763,97,94
68,2216,1193.87973256154,98,30
23,2190,232.195494399022,71,48
81,1401,1011.07442047507,91,10
95,7979,7073.01939474588,97,2
9,5029,311.451692950074,81,72
7,4845,279.607724529222,61,54
76,4304,2814.81803250376,87,11
47,8995,2442.06977593922,77,30
33,6848,1081.20124613957,90,57
26,5551,663.058089723041,74,48
41,1705,368.634800898352,77,36
53,6186,2085.7277264066,68,15
37,9214,1704.25159651145,87,50
30,5990,839.245245952043,76,46
60,5404,2301.75903582397,62,2
81,7116,5135.47864104256,88,7
49,6067,1773.00940651945,78,29
53,4480,1510.51733176553,64,11
40,4411,917.433699632155,77,37
33,5437,858.424529097674,53,20
29,1320,177.713656355961,75,46
41,8545,1847.49816637913,67,26
12,6867,475.140387445512,81,69
5,2902,156.76984366824,83,78
7,7603,438.773483920676,75,68
49,8373,2446.91078964684,56,7
98,7045,6605.68517519887,98,0
97,6440,5932.53988248592,98,1
95,9959,8828.19904151826,99,4
2,9147,453.516424972627,73,71
19,3974,359.901651144229,59,40
46,8663,2265.84290031326,69,23
47,9254,2512.38618193903,56,9
74,1154,721.994516543647,80,6
57,3920,1514.85628031497,63,6
86,2062,1614.3554018943,88,2
77,1585,1058.70007828863,81,4
57,7982,3084.58745649849,83,26
86,2195,1718.48210822405,89,3
15,8495,658.80365782745,70,55
24,5290,583.552621712038,75,51
17,2331,195.268890730335,74,57
3,4613,234.811038805545,78,75
9,5315,329.163998415121,80,71
12,8027,555.402925589796,79,67
89,9793,7994.53609678172,90,1
48,1628,458.639112824446,98,50
33,8632,1362.86932778575,78,45
83,1699,1269.21170649135,93,10
9,1316,81.501377594412,36,27
52,5865,1909.13561237284,76,24
99,1800,1714.28571428571,99,0
1,9294,450.134249595721,64,63
91,1768,1481.3883270011,91,0
79,8031,5583.72488627265,81,2
38,5083,977.816889842265,89,51
11,3827,255.071553554989,51,40
22,8637,880.223414834201,67,45
59,6155,2539.26490115555,82,23
40,5327,1107.95042347325,53,13
2,1025,50.8204149553889,78,76
84,9063,6881.39536206311,85,1
49,4515,1319.45565690379,78,29
42,4209,945.796522821434,45,3
46,3935,1029.21526177221,65,19
37,5421,1002.68590239729,92,55
36,9869,1754.87256451796,83,47
7,9528,549.866336287808,92,85
37,7034,1301.03166158689,72,35
65,5931,2939.0143157954,84,19
8,7354,439.469527107646,74,66
76,2081,1360.97498272312,86,10
63,9336,4362.04413220763,77,14
57,6882,2659.50023498154,78,21
46,2735,715.350378893775,65,19
82,1337,982.020873015489,89,7
66,9143,4661.66238466987,81,15
24,3391,374.069364881951,79,55
85,4998,3854.66290692633,88,3
32,8520,1292.74625193584,65,33
45,1313,330.760743481075,77,32
30,3418,478.888188758611,71,41
22,6673,680.066093225498,87,65
56,3916,1463.55877096886,97,41
11,7534,502.145044286201,75,64
22,5981,609.542230418358,75,53
58,2178,869.863867633759,90,32
33,7168,1131.72466885638,45,12
15,4764,369.45740151736,65,50
88,2218,1786.44246554515,88,0
3,6173,314.218196953529,89,86
35,3269,558.747461824138,64,29
2,7155,354.751286834934,66,64
37,6788,1255.5306964532,91,54
86,8820,6905.24473555177,94,8
10,2443,156.919448996411,78,68
59,3874,1598.23106857459,79,20
26,2282,272.58125756584,83,57
98,3982,3733.68890953043,98,0
38,5839,1123.2486365904,58,20
64,2761,1328.91277840034,85,21
27,3144,390.826466037072,33,6
21,8921,873.960850424626,49,28
47,1067,289.681873365998,50,3
26,1963,234.477216740466,82,56
56,1076,402.142297641086,63,7
23,5915,627.139885557175,75,52
22,9114,928.835961884788,80,58
52,4619,1503.54601765561,73,21
78,4414,3009.09100292049,78,0
33,6288,992.78525638517,64,31
72,2741,1635.96163516646,87,15
59,1721,710.00404466104,78,19
69,7924,4384.17266003784,78,9
11,6090,405.901688306738,74,63
89,4331,3535.6209369102,89,0
89,7868,6423.05830792184,90,1
28,3314,428.719406467967,83,55
50,8508,2578.30479195582,84,34
33,9257,1461.5478877795,83,50
66,1283,654.152120696865,75,9
86,4674,3659.3099653026,89,3
69,3071,1699.11588073905,73,4
80,5352,3792.42500602481,88,8
55,8821,3186.8973165774,62,7
1,7692,372.54493736715,78,77
97,8633,7952.73552880449,97,0
52,3557,1157.85087352262,95,43
69,4386,2426.67608366052,72,3
72,8561,5109.61968575706,83,11
32,2681,406.790223173708,59,27
36,9136,1624.53295667606,81,45
98,7102,6659.13074723383,98,0
45,7944,2001.19066733714,86,41
86,1448,1133.6501561314,89,3
27,1367,169.929955175788,64,37
29,6173,831.080606579809,75,46
99,9175,8738.09523809524,99,0
57,3679,1421.72353450989,66,9
29,2832,381.276571818244,74,45
74,5420,3390.99677614087,98,24
31,8691,1267.20168671428,70,39
90,9020,7460.75073021218,92,2
92,4159,3530.15030752445,93,1
42,5540,1244.88304500612,61,19
44,4162,1009.53313420106,99,55
87,8784,6977.08851553036,97,10
9,5580,345.575749982385,81,72
30,4790,671.115981320582,60,30
8,9968,595.680207534542,80,72
8,2194,131.111795277968,82,74
88,4920,3962.71277298563,94,6
34,1327,218.004967778848,73,39
58,3622,1446.57802046349,86,28
51,7135,2241.36517595063,82,31
43,3671,857.144280606863,82,39
13,5331,383.049401262659,88,75
74,3904,2442.51871108007,84,10
58,5558,2219.79034724905,65,7
93,2423,2084.15361543172,95,2
75,8803,5632.95751492465,79,4
99,5140,4895.2380952381,99,0
85,4152,3202.19295509366,85,0
58,3502,1398.65163657182,77,19
25,2542,291.779590981617,52,27
64,2843,1368.38066968206,83,19
6,9171,511.714500983752,63,57
13,5189,372.846247074083,87,74
53,9451,3186.58466574018,58,5
74,4636,2900.49096940758,80,6
1,5224,253.012838378314,73,72
5,6269,338.659596814678,78,73
81,3874,2795.79036753779,91,10
34,9960,1636.26938890529,35,1
98,1067,1000.46360282998,99,1
41,3611,780.727428764778,79,38
22,6528,665.288694226892,77,55
68,4533,2442.17365871005,82,14
63,6527,3049.59961984996,84,21
44,4797,1163.55849225433,86,42
0,1919,124.029140294528,75,75
55,8539,3085.01487203882,81,26
37,8587,1588.27962440242,89,52
13,4846,348.200599984777,82,69
52,5621,1829.71036268503,95,43
6,8963,500.10872013056,83,77
67,7266,3809.38039163695,94,27
54,1555,542.840567111166,80,26
49,9476,2769.24956917394,90,41
2,6016,298.278650118653,90,88
78,5329,3632.86043374791,89,11
9,1194,73.9457787596717,77,68
65,8045,3986.57396232912,79,14
31,1112,162.136494721698,82,51
98,7984,7486.13065135383,99,1
85,4549,3508.37566298677,91,6
15,3472,269.260306059671,94,79
62,7120,3227.42956182645,67,5
70,6699,3803.80044622299,87,17
64,9223,4439.1751376988,67,3
48,7607,2143.03914696287,80,32
53,5340,1800.48271241694,58,5
35,7496,1281.23920888153,89,54
4,8603,450.675205929278,52,48
73,1370,837.467570161498,88,15
10,1510,96.9907359740406,70,60
90,7608,6292.83720126987,97,7
76,6867,4491.02124284463,87,11
84,5386,4089.50628048901,90,6
91,2830,2371.22679039203,94,3
79,6009,4177.88604677031,79,0
92,2784,2363.05324745085,92,0
78,6006,4094.38164103771,79,1
41,6165,1332.92290178202,49,8
50,8347,2529.51458609018,54,4
33,3770,595.22907388233,88,55
20,3424,322.494317146677,86,66
62,4262,1931.92483040791,64,2
95,9455,8381.42604052166,95,0
85,7062,5446.50449153937,86,1
21,1896,185.744846138896,62,41
7,9056,522.626945993114,92,85
71,3210,1869.34123906112,92,21
44,9462,2295.09911480309,94,50
5,7274,392.95101407401,81,76
96,8043,7267.66483302391,98,2
27,3808,473.367424513095,93,66
84,3757,2852.63184103179,88,4
31,9290,1354.53960068757,75,44
28,2593,335.446415501339,59,31
85,1462,1127.55445576757,87,2
47,3290,893.208400538081,75,28
1,4939,239.209496315178,92,91
99,6236,5939.04761904762,99,0
80,6026,4270.02112972824,82,2
10,7443,478.080826393897,93,83
54,6028,2104.33629488496,65,11
70,6858,3894.08321543473,93,23
67,2857,1497.85298360952,68,1
86,9410,7367.16019972133,92,6
69,9262,5124.45825053892,87,18
37,7835,1449.18724318073,89,52
47,1415,384.161059805892,54,7
4,5493,287.75530700564,74,70
13,9639,692.592980448466,85,72
86,7512,5881.20163871484,92,6
18,7457,649.442592994129,77,59
37,7143,1321.19265833312,70,33
56,1717,641.708480529503,95,39
28,6558,848.383182744999,86,58
6,6890,384.441490761972,93,87
16,2477,199.628546602263,75,59
16,6561,528.769840233124,87,71
22,7962,811.432074668277,46,24
19,6501,588.757079539163,47,28
35,8944,1528.7357903197,70,35
62,8887,4028.39417358872,71,9
40,9341,1942.81301026161,90,50
4,4791,250.980461653745,69,65
12,8972,620.789217440096,87,75
86,4613,3611.55260375287,87,1
36,4658,828.269977254499,75,39
62,3358,1522.15006581646,78,16
4,2057,107.757630895795,57,53
97,8887,8186.72079746154,97,0
22,5678,578.662562166099,73,51
41,5733,1239.52100501481,84,43
58,8637,3449.50148060275,74,16
50,5459,1654.32132807791,57,7
80,6836,4843.98679768042,81,1
50,7607,2305.26146596238,76,26
78,9182,6259.50919547256,90,12
45,2644,666.055906903247,72,27
92,2522,2140.66820764046,94,2
9,4999,309.593758810384,81,72
28,4914,635.705239403618,66,38
49,1480,432.512596282971,62,13
80,2083,1476.0129461042,87,7
72,2930,1748.76599454131,74,2
41,4107,887.966643571572,70,29
48,5533,1558.75320101822,76,28
5,5128,277.021281299357,67,62
13,3451,247.965388061796,90,77
15,8064,625.378775364398,86,71
16,6785,546.822643801516,55,39
60,2261,963.041669133603,79,19
62,6281,2847.11869070673,76,14
15,2431,188.528745400651,89,74
16,3912,315.279319462274,72,56
14,9536,711.77492143299,71,57
92,1694,1437.86357801068,97,5
64,8265,3978.07465174895,91,27
63,3331,1556.33772540527,89,26
96,3984,3599.94736973359,99,3
5,6492,350.706349102072,24,19
46,5307,1388.0674445299,80,34
27,3825,475.480671943957,85,58
71,8465,4929.58678774217,81,10
15,8987,696.9592081101,66,51
67,5119,2683.7624862083,69,2
67,5405,2833.70506699666,74,7
44,6222,1509.20594930298,61,17
68,9545,5142.41067116422,95,27
49,3610,1054.98004904157,86,37
47,6715,1823.06820960888,64,17
68,2360,1271.46036500236,69,1
84,4832,3668.8626712445,84,0
32,2193,332.74560217081,87,55
43,8052,1880.0669429165,73,30
17,5357,448.758235796827,85,68
85,1289,994.129749305331,89,4
79,5047,3509.03492728403,96,17
92,4799,4073.38093912235,93,1
48,1768,498.079822772494,67,19
29,3799,511.46528825477,57,28
20,8845,833.078923820782,84,64
16,7793,628.06025985928,89,73
92,5405,4587.75244341661,97,5
96,7549,6821.2858167969,97,1
52,6516,2121.04478264645,85,33
46,9794,2561.66055242619,51,5
82,7931,5825.28612108141,85,3
9,3010,186.412725348921,73,64
49,9016,2634.81997843734,54,5
51,5289,1661.46887394575,64,13
79,5230,3636.2695997019,83,4
67,9441,4949.67799028963,67,0
1,2637,127.717238668379,85,84
73,4467,2730.63331088424,74,1
45,9676,2437.50263055818,89,44
94,2028,1769.30270757604,97,3
42,3013,677.045598303868,83,41
36,9750,1733.7123826173,97,61
57,9361,3617.49225510929,63,6
53,5632,1898.93607421952,82,29
81,1779,1283.86966026064,90,9
53,6245,2105.62070019547,88,35
15,9730,754.580293191418,69,54
81,4228,3051.26527463855,81,0
27,7955,988.875488971027,83,56
7,2934,169.322820179306,62,55
46,1403,366.960358898708,76,30
88,2350,1892.75914969842,94,6
1,6251,302.75330258477,80,79
13,8595,617.57824120288,79,66
3,2533,128.934827941566,72,69
12,3201,221.483090172286,58,46
47,6306,1712.0280163505,95,48
6,2449,136.646910141665,67,61
67,2911,1526.16382054158,75,8
60,2585,1101.04498660343,66,6
15,8118,629.566579663713,77,62
97,7403,6819.65725932349,98,1
97,7182,6616.07165155495,98,1
94,5849,5102.88537308296,96,2
13,6072,436.292621359382,68,55
49,5998,1752.84496790896,91,42
58,5605,2238.56151427329,87,29
58,7559,3018.9627986426,86,28
99,5060,4819.04761904762,99,0
8,4637,277.103643894228,87,79
22,2551,259.980309278922,91,69
66,2185,1114.04706447596,77,11
26,1850,220.9795471064,77,51
27,6759,840.202316776263,84,57
54,1541,537.953256539104,69,15
11,1760,117.304921415412,62,51
90,2641,2184.4614942894,92,2
73,7030,4297.37008630316,97,24
83,5304,3962.27127206011,89,6
40,4766,991.269329505067,87,47
20,7584,714.309842651985,74,54
43,7122,1662.92061195371,83,40
64,4818,2318.9792706747,77,13
96,3921,3543.02049114593,98,2
21,3357,328.874181692128,90,69
50,1595,483.356387302484,83,33
85,5787,4463.17211732347,91,6
98,4487,4207.19792492794,99,1
75,8836,5654.07390683565,81,6
44,3060,742.232434083435,65,21
83,8154,6091.31974969421,93,10
99,9292,8849.52380952381,99,0
73,8835,5400.74889224587,82,9
63,4816,2250.17186597172,73,10
56,8118,3034.00666566017,78,22
65,8370,4147.62263078865,80,15
77,4610,3079.24754631584,82,5
78,6234,4249.81271232585,83,5
96,5504,4973.42126581668,97,1
21,3840,376.192093445865,85,64
43,7815,1824.72965212275,59,16
76,4857,3176.48029365027,89,13
45,7781,1960.12897564832,70,25
19,9521,862.260599029744,89,70
16,2411,194.309416979433,89,73
89,6166,5033.62703694027,99,10
0,2267,146.521136554297,60,60
90,4909,4060.40192179729,92,2
35,9952,1701.02622822693,91,56
44,9608,2330.51281917439,67,23
7,1529,88.2394655944645,67,60
71,8711,5072.84471447395,79,8
31,8330,1214.56564840984,95,64
62,7539,3417.35835205191,86,24
61,4640,2039.3763179396,67,6
34,8089,1328.89388422238,90,56
34,4654,764.578085940285,54,20
62,7748,3512.09610183024,84,22
37,3232,597.801298016608,79,42
68,7474,4026.65032543545,68,0
66,3786,1930.335096616,70,4
18,9396,818.313343673439,76,58
37,4759,880.240215736707,81,44
9,1858,115.068054384816,65,56
89,5335,4355.23844341167,96,7
79,6756,4697.25380795144,88,9
74,1163,727.625322998493,74,0
57,6515,2517.67568016633,81,24
92,7068,5999.30328770926,93,1
82,9732,7148.11304127654,92,10
76,1906,1246.52490008182,88,12
85,9542,7359.18236452402,91,6
58,6876,2746.18179699253,96,38
43,7833,1828.93248433494,71,28
37,2789,515.862568121386,87,50
52,3264,1062.47547123358,91,39
64,4259,2049.92376791274,83,19
56,5204,1944.9335659147,82,26
51,5562,1747.22818621407,82,31
70,6645,3773.13837366051,79,9
14,5830,435.156018451587,72,58
29,1475,198.581547822002,95,66
60,1640,698.53531064976,95,35
72,4652,2776.53904662327,83,11
73,1493,912.656264416874,89,16
29,5377,723.91388653485,65,36
80,1176,833.313117915766,83,3
52,1093,355.786057003157,79,27
31,2405,350.663911695758,77,46
42,7212,1620.59503981663,64,22
80,3772,2672.83765372302,82,2
82,5929,4354.82554682785,94,12
33,5017,792.11253678187,62,29
8,7197,430.087324801976,69,61
99,1944,1851.42857142857,99,0
90,1806,1493.80441449703,97,7
7,2599,149.989778338792,94,87
39,5162,1032.63055185638,72,33
96,3326,3005.3777489292,97,1
57,8322,3215.9780522401,65,8
79,2643,1837.60240000232,95,16
59,3604,1486.84170654177,85,26
44,2396,581.172847079709,80,36
37,4499,832.1497647824,57,20
98,7131,6686.32235405864,99,1
13,4973,357.325956195686,58,45
42,7167,1610.48317392759,66,24
63,8679,4055.07508819945,68,5
6,8417,469.643545390932,77,71
77,7415,4952.84610757743,79,2
1,7084,343.097807632461,58,57
12,7882,545.370108321761,75,63
14,8467,631.98387791245,86,72
62,3509,1590.59695680464,95,33
44,7377,1789.36230922663,83,39
63,8564,4001.34382478858,84,21
21,2247,220.131154680432,98,77
13,1452,104.330844238113,79,66
90,7301,6038.90699348993,92,2
22,6332,645.313727304638,92,70
50,8604,2607.39708862105,75,25
47,5502,1493.74851664454,82,35
87,1383,1098.51017952852,93,6
72,1748,1043.29111210178,77,5
43,1557,363.544986353823,88,45
36,6705,1192.26066927682,68,32
69,1111,614.691547867496,71,2
62,3226,1462.31569753541,62,0
19,7866,712.377047785734,83,64
89,5490,4481.77301861857,90,1
42,3683,827.600045985114,84,42
51,4791,1505.02880980792,74,23
9,4238,262.464162800242,55,46
40,9609,1998.55371112341,62,22
5,6242,337.201021425621,97,92
10,5276,338.889485429826,81,71
67,3413,1789.3497490582,79,12
47,3720,1009.94992401266,63,16
76,1878,1228.21288685921,78,2
48,4757,1340.13898016332,76,28
45,6931,1746.003589541,83,38
3,4392,223.561691401248,91,88
50,8749,2651.33857837582,83,33
0,4901,316.762280658407,80,80
21,8274,810.576401346638,68,47
91,8983,7526.75980851294,98,7
25,6288,721.758484694102,90,65
12,8608,595.603386505166,83,71
98,8535,8002.77118102517,99,1
0,7289,471.103910165095,61,61
13,2037,146.364965367105,78,65
30,9119,1277.64230347858,68,38
86,4931,3860.5172098646,86,0
72,6065,3619.88592385429,74,2
10,8812,566.014811525328,95,85
71,7015,4085.18030903855,87,16
59,9207,3798.37724531912,62,3
42,9280,2085.29145445068,84,42
5,6102,329.638037926809,74,69
82,7029,5162.77091729684,82,0
67,1930,1011.85028294238,76,9
48,4001,1127.15914644386,93,45
96,5869,5303.23572112611,98,2
33,9443,1490.91462723365,64,31
99,1792,1706.66666666667,99,0
5,5167,279.128112416883,85,80
21,7577,742.293617718573,79,58
75,2483,1588.84851863659,77,2
82,7205,5292.04217657188,97,15
97,6040,5564.05914444331,99,2
29,8263,1112.46056247675,78,49
15,6009,466.009556196015,74,59
33,4496,709.854089171076,73,40
34,7039,1156.39560527152,58,24
83,1566,1169.85611086843,87,4
90,7787,6440.8942279559,94,4
88,3747,3017.94405698723,90,2
12,6062,419.440953647109,73,61
61,7095,3118.39977926324,74,13
28,1884,243.725818281729,67,39
5,3521,190.209034995132,93,88
58,2688,1073.55099917334,62,4
98,8515,7984.0183487322,98,0
60,3151,1342.12485601061,68,8
57,5246,2027.27960370723,75,18
61,8082,3552.20676758358,64,3
23,6835,724.683198272745,86,63
54,4591,1602.68877402403,99,45
57,5299,2047.76107892577,67,10
23,9547,1012.22392010386,67,44
10,7141,458.682679199089,71,61
11,2356,157.028633440176,78,67
10,3030,194.623794702876,90,80
37,1347,249.145528597887,65,28
1,5767,279.311837467024,89,88
61,9371,4118.74902487327,82,21
27,3745,465.535978151665,90,63
92,6551,5560.47479312159,95,3
93,6391,5497.2454627421,95,2
8,4363,260.729609297071,75,67
22,2549,259.776483085838,59,37
62,7994,3623.60560635402,88,26
45,4348,1095.31432799369,53,8
84,2882,2188.2579094633,90,6
62,8297,3760.95267899916,79,17
43,9607,2243.14494791341,79,36
65,1799,891.466321719091,88,23
48,2129,599.780510567104,83,35
36,2863,509.089082198289,91,55
91,5712,4786.02382569586,99,8
90,5723,4733.68918281644,97,7
37,9096,1682.42593030912,83,46
54,3610,1260.2279403674,96,42
2,8626,427.684779907497,73,71
72,2128,1270.09352777608,91,19
16,7235,583.089436684447,80,64
21,9882,968.106840477094,80,59
10,1108,71.1693612312827,87,77
0,9316,602.113325160931,69,69
64,4578,2203.46349131357,82,18
78,4635,3159.75006763399,79,1
96,1494,1349.9802636501,96,0
99,1234,1175.2380952381,99,0
70,9472,5378.3546539221,74,4
84,6555,4977.10985306451,90,6
28,3212,415.524059618319,94,66
31,9592,1398.57307317493,60,29
6,3296,183.906988904421,83,77
13,4225,303.579763709386,93,80
66,3021,1540.29115871023,70,4
40,8747,1819.2683225306,79,39
69,9938,5498.47398983544,84,15
53,5876,1981.20532175318,98,45
42,7897,1774.52010946089,65,23
23,4033,427.600195849888,72,49
45,9381,2363.18852596799,82,37
20,3089,290.941864972572,79,59
68,3761,2026.25526812453,90,22
16,9046,729.043129819973,77,61
51,1616,507.644866760508,93,42
94,1269,1107.12284808382,96,2
40,5505,1144.97223225459,83,43
3,2516,128.069493525851,64,61
91,9222,7727.01535724216,94,3
48,9676,2725.91649612367,60,12
30,3748,525.123736532263,85,55
5,7180,387.873010867664,90,85
32,9252,1403.81318344019,80,48
66,6675,3403.32455623661,89,23
11,8552,569.995277241252,68,57
52,3349,1090.14410329695,97,45
94,2591,2260.48486949187,94,0
26,3063,365.870460965893,68,42
20,2453,231.039299053972,88,68
77,4709,3145.37455436037,79,2
55,3074,1110.5909025234,79,24
23,9178,973.100569677726,99,76
55,9798,3539.87301981922,83,28
77,5612,3748.53302167559,84,7
21,9936,973.397041791177,74,53
85,1196,922.404329068406,88,3
58,3595,1435.79458408786,83,25
54,5145,1796.08663523276,84,30
5,9425,509.150853402192,76,71
97,6355,5854.23772565186,99,2
55,3973,1435.38635514817,82,27
50,5711,1730.68860682413,70,20
83,4133,3087.49380984623,86,3
52,4833,1573.20586779163,71,19
33,3497,552.126278877058,86,53
93,1564,1345.28116159109,94,1
32,4169,632.56562492025,71,39
11,8990,599.188206548042,75,64
59,2481,1023.54447112379,90,31
59,8035,3314.86490345814,68,9
64,9157,4407.40829837449,66,2
90,8816,7292.01534784374,90,0
88,9817,7906.90066918698,89,1
74,2594,1622.92354931908,85,11
11,5744,382.840607164844,87,76
46,9933,2598.01656802628,87,41
26,2259,269.83394427749,71,45
67,2184,1145.01607147469,75,8
6,7800,435.216781994686,88,82
25,9357,1074.02896648898,91,66
35,5806,992.379248501359,72,37
11,3938,262.469761666984,73,62
72,2219,1324.40673784545,95,23
68,2733,1472.41575319977,75,7
95,8832,7829.16496984529,97,2
35,1621,277.066269690097,93,58
78,7511,5120.36305458445,95,17
24,5164,569.653258699615,89,65
15,1693,131.295419976677,70,55
14,3398,253.629528421697,66,52
73,2059,1258.64651603104,86,13
90,9987,8260.58952800765,93,3
16,8506,685.522978360457,59,43
25,9658,1108.5787921717,76,51
59,3866,1594.93064303288,75,16
71,1803,1049.97578007078,91,20
67,8060,4225.65454948992,88,21
97,3249,2992.98479475105,97,0
17,9051,758.206233376345,55,38
19,7765,703.23007577628,78,59
42,8613,1935.41113116204,81,39
99,3800,3619.04761904762,99,0
56,2506,936.587916253311,81,25
38,6469,1244.44175888051,81,43
19,1489,134.849914079959,61,42
81,5050,3644.48666909288,89,8
65,6252,3098.08084679697,78,13
79,4409,3065.45175240644,88,9
90,1903,1574.03643454476,97,7
54,8226,2871.64405469868,84,30
4,6539,342.550874296356,83,79
71,3807,2217.00376856875,75,4
30,9238,1294.3151222212,46,16
34,7787,1279.28009351461,91,57
17,4509,377.720904462925,84,67
54,4132,1442.45480598285,72,18
61,7761,3411.12060420888,76,15
29,7284,980.656267346076,86,57
80,8169,5788.5500512363,82,2
40,5633,1171.5946565468,61,21
44,8177,1983.41000441184,93,49
19,8975,812.812611731116,44,25
64,9702,4669.72538067372,90,26
80,2829,2004.62824029226,87,7
35,5189,886.919724504574,90,55
84,9185,6974.02807023609,91,7
16,9461,762.489172145342,70,54
56,1255,469.041434516323,83,27
86,1269,993.509701747755,86,0
13,1227,88.1638745731162,76,63
3,7584,386.040953457892,61,58
17,7128,597.115681306661,85,68
33,7491,1182.72174866115,76,43
40,7037,1463.60937300192,99,59
77,4532,3027.14747937167,79,2
80,3367,2385.85481974693,89,9
67,6234,3268.32884137968,83,16
39,6531,1306.49169588803,78,39
96,4260,3849.34131402236,97,1
59,7355,3034.32873241252,73,14
68,5269,2838.69689118536,77,9
87,7685,6104.15815594841,90,3
85,1430,1102.87474127744,86,1
22,3487,355.370967642336,83,61
54,8462,2954.03014719915,80,26
98,7780,7294.85176196553,98,0
68,6952,3745.42053283747,74,6
20,8045,757.729784300531,90,70
18,8548,744.459606398527,61,43
74,7850,4911.31451894942,93,19
47,7176,1948.22598245023,76,29
76,7509,4910.88954602015,94,18
74,1615,1010.41693606412,85,11
23,9484,1005.54432368964,83,60
7,9470,546.519123073629,67,60
37,1407,260.243324971958,67,30
42,8059,1810.92282666143,86,44
36,9630,1712.37438406201,87,51
79,2814,1956.49381521246,84,5
94,2579,2250.01562270148,95,1
43,4433,1035.06417758927,87,44
46,7783,2035.67531953574,76,30
88,3219,2592.67732037413,92,4
88,6062,4882.51317679652,90,2
43,5897,1376.89453084682,72,29
93,9873,8492.30237109259,95,2
47,2439,662.168780824432,59,12
43,1435,335.059123582361,53,10
44,5880,1426.25055961131,46,2
70,4226,2399.5910860932,76,6
26,5579,666.402645030597,81,55
93,6815,5861.95084158777,93,0
42,2568,577.050480067817,77,35
15,2532,196.361490479,92,77
28,3040,393.273082577737,77,49
41,3456,747.215174137656,57,16
64,9727,4681.75827435717,83,19
57,9742,3764.72701092562,57,0
86,8245,6455.07288487804,87,1
96,2665,2408.09732438253,99,3
95,4616,4091.873358334,95,0
11,8845,589.523880635976,58,47
7,8582,495.272134553103,62,55
48,9772,2752.96155437376,79,31
1,9133,442.336572149529,86,85
63,3848,1797.89479656544,87,24
99,8790,8371.42857142857,99,0
7,1919,110.746588931182,64,57
74,9725,6084.39919704243,84,10
90,5412,4476.45043812731,95,5
66,8913,4544.39427261977,79,13
84,4814,3655.19555036652,88,4
12,8286,573.323612985804,76,64
70,6963,3953.703912084,85,15
54,6782,2367.55287855172,84,30
92,3118,2646.551733316,95,3
99,3885,3700,99,0
64,7488,3604.09231606729,67,3
86,1639,1283.18550131172,90,4
67,1913,1002.93761205636,78,11
74,6990,4373.25967993075,75,1
59,3834,1581.72894086602,64,5
96,6314,5705.33827622939,96,0
90,1888,1561.62942113532,90,0
61,7553,3319.70028650814,70,9
92,7716,6549.32430220213,96,4
81,1635,1179.94766415185,86,5
0,3756,242.758442389916,77,77
6,7441,415.185650618264,76,70
85,1060,817.515542485376,91,6
4,6833,357.952305255696,78,74
29,4754,640.038425997151,61,32
98,3633,3406.45198601809,98,0
73,9481,5795.64235963589,87,14
85,9779,7541.96649996651,91,6
51,4478,1406.70403054057,84,33
73,1309,800.17886813241,89,16
71,8904,5185.23812853589,75,4
73,3643,2226.93018839295,87,14
66,2448,1248.14060129846,88,22
12,4486,310.394608720048,74,62
89,8634,7048.38401507335,89,0
52,9622,3132.08914957399,62,10
73,4305,2631.60429893814,94,21
7,2524,145.661485389423,89,82
36,9404,1672.18782011621,88,52
66,6385,3255.46476278214,71,5
26,7057,842.947385908034,59,33
37,5137,950.156332893352,96,59
44,4152,1007.10753801125,77,33
43,5196,1213.21756525014,80,37
22,7308,744.780909529738,66,44
8,1943,116.112223438966,80,72
36,4666,829.692510491519,64,28
96,4594,4151.14413066167,96,0
67,7068,3705.5739895527,83,16
79,8642,6008.53573243285,91,12
58,5205,2078.80690130106,75,17
1,6246,302.511138688926,81,80
1,1638,79.332892278652,88,87
38,2484,477.847167886718,76,38
9,9571,592.742921699177,61,52
50,2488,753.975355240489,92,42
80,3752,2658.66566192173,83,3
25,4351,499.422895500006,67,42
13,2488,178.77075789561,59,46
38,5387,1036.29738059813,77,39
48,7569,2132.33381140555,75,27
72,6510,3885.48348957814,80,8
66,9353,4768.73326958518,84,18
54,9978,3483.256063431,92,38
11,5877,391.705126794532,80,69
60,7197,3065.46257972337,76,16
37,7823,1446.96768390592,65,28
4,6615,346.532196585165,66,62
52,1504,489.572030862532,73,21
86,8529,6677.41863373254,90,4
68,9524,5131.09682893327,76,8
11,6444,429.495973636883,71,60
10,1670,107.26790005076,73,63
70,4608,2616.49685866481,75,5
37,9854,1822.62809116821,75,38
24,9080,1001.63663613333,72,48
85,5583,4305.83893744892,98,13
99,7363,7012.38095238095,99,0
86,9752,7634.9145874264,95,9
67,4679,2453.08159268776,88,21
64,8027,3863.52150388249,76,12
88,5208,4194.67644750186,91,3
91,9350,7834.2651908712,94,3
80,5268,3732.9026404594,85,5
97,6265,5771.32955959228,97,0
87,3769,2993.69838513592,89,2
98,3382,3171.10394074132,99,1
60,1851,788.407841471163,78,18
43,9714,2268.12845050805,83,40
97,5455,5025.15606505601,97,0
21,4435,434.482274591774,70,49
68,7647,4119.85483524283,81,13
57,2247,868.337260680545,67,10
41,4113,889.263892137783,94,53
70,6758,3837.30159957829,89,19
69,1174,649.548044281224,72,3
41,5876,1270.43876250951,80,39
41,2654,573.816282454091,67,26
33,3116,491.971828704865,74,41
6,6919,386.059604438619,83,77
20,6368,599.779150581203,79,59
24,2484,274.016013673479,95,71
31,1247,181.820331760753,83,52
20,1606,151.263397586905,83,63
73,3188,1948.79314866778,86,13
96,7023,6345.99156065236,96,0
36,5278,938.516303123497,78,42
29,1032,138.939767696479,78,49
30,1538,215.485674169322,74,44
77,6648,4440.5287826264,79,2
31,3997,582.787382556318,84,53
72,1638,977.637781248693,94,22
35,8465,1446.86364770307,80,45
63,4533,2117.94623514323,80,17
82,5688,4177.81206111601,87,5
99,6573,6260,99,0
72,9514,5678.41627032971,84,12
59,5412,2232.73787896894,83,24
23,2826,299.627610580655,87,64
25,1801,206.725036726157,62,37
12,6655,460.471716681212,89,77
69,4101,2268.99193321746,81,12
14,5992,447.24783234338,71,57
22,6614,674.053220529513,92,70
28,5654,731.436187136356,60,32
26,8886,1061.41851653377,85,59
69,6510,3601.83796275193,81,12
60,1432,609.940588323449,90,30
73,7722,4720.3829027643,78,5
20,8441,795.027608363055,40,20
0,1130,73.0343556710876,80,80
23,9444,1001.30331009332,82,59
37,7185,1328.96111579496,98,61
36,1160,206.267319367801,78,42
18,6858,597.274681876591,73,55
18,8071,702.916879181389,65,47
32,6665,1011.28565365638,61,29
36,7843,1394.61602224282,84,48
75,3706,2371.43480067145,96,21
56,9160,3423.44186467691,66,10
96,7857,7099.59500100321,97,1
53,3241,1092.76488219912,71,18
49,7763,2268.64546280048,87,38
21,6929,678.811201949584,44,23
53,3503,1181.10317258363,89,36
30,6586,922.749447385668,77,47
80,6585,4666.12830057425,82,2
76,8276,5412.50790822516,78,2
80,1880,1332.16722932112,89,9
17,9906,829.829957775502,87,70
1,8170,395.695805809882,75,74
44,9790,2374.65866982903,48,4
79,5154,3583.42897071962,81,2
18,1601,139.433765774923,81,63
58,2898,1157.42217098376,72,14
19,1761,159.483343649972,77,58
80,4661,3302.78268929029,91,11
53,8911,3004.51338021487,73,20
79,6547,4551.94207825016,92,13
36,5388,958.076135132512,50,14
27,9062,1126.48518932187,69,42
96,6347,5735.15711739435,97,1
93,6248,5374.24341280123,95,2
42,4758,1069.16128666771,91,49
95,5057,4482.79973420603,97,2
1,3166,153.338178848725,52,51
1,7627,369.396806721171,84,83
78,7603,5183.08085527967,85,7
28,9891,1279.56054597908,79,51
96,1096,990.346967175706,98,2
66,4199,2140.90783694944,87,21
76,3172,2074.4894979326,93,17
49,2351,687.052103960314,67,18
40,3450,717.557529750835,96,56
12,7666,530.424670184549,72,60
6,4979,277.813379173274,82,76
9,2688,166.470898916246,82,73
65,2705,1340.42045594783,70,5
3,8187,416.734874203555,80,77
63,6379,2980.44981998206,68,5
73,2124,1298.38037884892,85,12
5,9882,533.838592394744,80,75
76,8780,5742.1241462321,97,21
58,9641,3850.48555916303,79,21
17,5916,495.585910579434,90,73
60,3763,1602.79778900918,68,8
60,3763,1602.79778900918,88,28
34,6561,1077.86781733008,86,52
89,2207,1801.68908052663,92,3
21,3555,348.27158651043,72,51
4,9188,481.320910389191,81,77
21,6971,682.925802971648,91,70
14,5746,428.886189026212,76,62
65,7002,3469.73162016513,79,14
99,6179,5884.7619047619,99,0
64,2250,1082.9604315106,71,7
17,9198,770.520487746726,88,71
73,5663,3461.73638673326,76,3
6,8614,480.635558987464,65,59
85,3573,2755.64437103797,86,1
21,1369,134.116399981091,84,63
96,2968,2681.88850235173,97,1
14,6797,507.333697669886,89,75
82,5537,4066.90319662435,92,10
70,3436,1951.01632082732,74,4
27,7819,971.96950952413,66,39
66,9371,4777.91077400649,75,9
8,1997,119.339222958114,86,78
81,1032,744.774305446307,81,0
58,4513,1802.43142085912,87,29
80,1449,1026.76080600335,82,2
37,8566,1584.39539567149,74,37
2,2627,130.249004963714,82,80
73,7789,4761.33934597658,76,3
41,7700,1664.80232663772,94,53
81,4559,3290.14152958306,87,6
25,5348,613.86201910688,89,64
0,7617,492.303262961658,56,56
13,8017,576.047092463466,42,29
81,9062,6539.86894956825,88,7
22,8587,875.127760007096,68,46
97,6655,6130.59827918382,99,2
73,9218,5634.87303777277,85,12
21,1882,184.373312464875,62,41
85,8188,6314.92194516063,88,3
51,9111,2862.09924570234,80,29
24,3282,362.045312752157,69,45
74,1157,723.871452028596,87,13
99,9616,9158.09523809524,99,0
18,5770,502.518943486137,86,68
91,4911,4114.87447618914,95,4
45,8884,2237.98815314994,60,15
27,8440,1049.1651950868,90,63
72,4467,2666.12208109763,77,5
72,9165,5470.11615698674,77,5
59,6295,2597.02234813553,76,17
79,5289,3677.29061430657,94,15
68,3513,1892.64417892089,68,0
27,4070,505.936296682851,85,58
5,3260,176.109472900917,84,79
45,3828,964.319974139799,69,24
53,9656,3255.70432043034,87,34
46,9067,2371.51074421567,67,21
76,3564,2330.85768304911,83,7
11,2162,144.098431875068,69,58
32,8498,1289.40817475948,73,41
67,3451,1809.27218986225,76,9
54,2073,723.671058277458,95,41
53,6613,2229.6989095905,92,39
84,7102,5392.43847085647,98,14
21,8056,789.219662708305,82,61
45,6755,1701.66703900584,55,10
75,5864,3752.31885351791,85,10
20,5743,540.912635331006,78,58
92,2896,2458.11860798048,94,2
35,2310,394.832253537399,79,44
82,9675,7106.24678117042,87,5
32,5630,854.244295586713,87,55
15,3550,275.309356714238,78,63
58,8335,3328.88674780872,66,8
6,8001,446.431983684549,34,28
77,3411,2278.37600444324,89,12
47,8394,2278.90313498987,61,14
80,4814,3411.19842657015,81,1
33,4541,716.958945490626,79,46
97,3769,3472.00975420643,97,0
60,1417,603.551545847994,88,28
23,5432,575.9296463815,76,53
96,8884,8027.59348210673,96,0
84,7622,5787.26640733146,87,3
14,3088,230.490872209005,68,54
20,5164,486.378695603224,82,62
36,6351,1129.31357353871,76,40
10,1214,77.9779824321094,81,71
49,1309,382.539857117844,90,41
12,8576,593.389247521875,96,84
24,3655,403.191839765123,70,46
89,6638,5418.94522724773,90,1
86,4977,3896.5309579185,92,6
69,5270,2915.77358889442,88,19
33,4341,685.381806292625,87,54
76,2312,1512.04909180964,91,15
73,3923,2398.09144360844,74,1
98,7615,7140.14089554853,98,0
38,4740,911.833967706539,82,44
19,1079,97.718641566337,73,54
31,3060,446.166972885248,69,38
84,5601,4252.75244653155,85,1
97,3313,3051.94171283786,97,0
32,2604,395.106953056448,50,18
38,2842,546.715640553161,80,42
19,5699,516.124687939346,57,38
93,3090,2657.87646375733,93,0
80,7608,5391.02568121016,82,2
38,5357,1030.52627953669,87,49
98,7819,7331.41978493682,99,1
75,4570,2924.30033434121,84,9
65,2068,1024.76506576714,94,29
55,2715,980.889492632086,87,32
10,6433,413.206228159605,58,48
38,1257,241.809134474076,68,30
61,7063,3104.33511500159,63,2
71,5944,3461.48421338918,72,1
58,8071,3223.44870324705,76,18
61,6145,2700.85505899544,75,14
2,7291,361.494288233893,98,96
95,5429,4812.56075875114,97,2
24,3950,435.73399919897,84,60
61,1934,850.033146313617,75,14
8,9300,555.761028297676,96,88
89,3986,3253.97946306259,91,2
62,6488,2940.94985914747,69,7
90,2396,1981.81360860182,96,6
9,6416,397.350181341753,88,79
96,4968,4489.09099719791,98,2
93,8624,7417.96978104958,95,2
61,9788,4302.02918103293,65,4
77,9054,6047.61546298126,88,11
80,1599,1133.05074451302,94,14
44,3949,957.867935358001,91,47
21,7913,775.210425895087,74,53
11,4410,293.928808773845,53,42
43,2973,694.167787045547,82,39
6,7271,405.700156651713,69,63
4,7056,369.634343024176,87,83
22,5081,517.820443530459,93,71
90,2326,1923.91421269108,92,2
39,5692,1138.6542233953,61,22
63,6796,3175.28405339365,74,11
63,3842,1795.09142630053,78,15
70,9249,5251.73165056224,87,17
1,8620,417.490556435885,72,71
33,9384,1481.59937117024,83,50
25,8505,976.233446616307,63,38
46,8555,2237.5950608542,76,30
2,5686,281.91695554765,92,90
46,9434,2467.50108756266,92,46
25,8255,947.537578109067,68,43
91,5017,4203.69074466319,96,5
8,3023,180.652213821922,89,81
98,6208,5820.87914373805,99,1
38,4588,882.593722328607,55,17
84,1607,1220.17018060636,86,2
74,5284,3305.90903415652,84,10
0,7338,474.270886649947,80,80
59,4203,1733.96106897754,65,6
25,1682,193.065803316711,59,34
54,3395,1185.17281372502,83,29
2,4113,203.926211425868,74,72
67,5399,2830.55941844865,92,25
20,6571,618.898994734467,87,67
30,2386,334.297021175555,78,48
17,8429,706.101021006431,74,57
52,4099,1334.27909209144,89,37
67,3784,1983.85568427666,90,23
86,4349,3404.86500622615,93,7
71,6943,4043.2511597512,90,19
58,4696,1875.51915629391,62,4
97,6885,6342.47470355831,97,0
7,4341,250.521595909464,79,72
61,9343,4106.44244364432,63,2
6,1341,74.8238082890864,96,90
37,2631,486.638371003,71,34
30,9392,1315.89171118223,80,50
37,5602,1036.1642547924,85,48
96,1967,1777.38365368122,96,0
52,6558,2134.71634201894,89,37
38,1603,308.369166715945,70,32
88,8954,7211.81507506368,89,1
74,5455,3412.89435679861,86,12
86,8578,6715.78110448561,88,2
1,8718,422.236968794437,92,91
77,4987,3331.06453654601,91,14
17,6614,554.057676229272,82,65
25,6910,793.153805540116,68,43
94,6571,5732.78505497147,99,5
16,6655,536.345570302003,40,24
70,7806,4432.3729337538,82,12
79,7641,5312.56902702146,86,7
60,9658,4113.69148186304,71,11
48,6458,1819.34360603211,72,24
29,1339,180.271655955024,65,36
27,6894,856.983987550755,74,47
60,9314,3967.1694410926,60,0
67,5147,2698.44217943234,90,23
30,8128,1138.7955524371,81,51
28,3194,413.195468997793,80,52
59,9516,3925.85618186779,80,21
78,5224,3561.28033512837,79,1
74,5857,3664.40371178175,74,0
35,6491,1109.46154013474,79,44
43,3535,825.389548337036,79,36
55,5019,1813.29074162815,67,12
74,5025,3143.86693728928,88,14
6,6261,349.345163085734,80,74
35,3920,670.018369639223,74,39
11,4164,277.5327799851,81,70
83,9161,6843.58354512493,92,9
0,8846,571.736203775611,82,82
54,3856,1346.10496899077,62,8
50,2489,754.278399997418,86,36
2,5928,293.915531566386,77,75
93,4388,3774.35660937448,94,1
70,9347,5307.37763410155,79,9
57,9445,3649.95346111604,75,18
37,2980,551.190553245511,85,48
51,9895,3108.38239888318,82,31
35,5206,889.825416413723,90,55
33,5574,880.054869448305,81,48
91,4781,4005.94886390965,93,2
61,5986,2630.97125844535,86,25
92,3494,2965.69972937976,98,6
53,6425,2166.31112870391,81,28
27,1486,184.722687191822,92,65
62,7860,3562.86465673538,72,10
76,5901,3859.25678666465,78,2
59,7399,3052.48107289195,78,19
3,3801,193.47859494903,81,78
55,5755,2079.19669616857,60,5
14,3546,264.676370742594,60,46
26,1793,214.170988087446,65,39
42,7136,1603.5172218707,82,40
24,8672,956.629174950244,78,54
79,7301,5076.17673946913,89,10
15,8261,640.656505863751,88,73
13,5553,399.000811332123,53,40
53,9297,3134.66063246074,87,34
10,6329,406.526071509737,49,39
79,9708,6749.69508105278,84,5
97,6202,5713.29384335057,98,1
26,9652,1152.9159938762,46,20
1,3344,161.959213540789,74,73
63,1886,881.19271993826,83,20
11,1530,101.975301003171,69,58
44,4413,1070.41559856542,72,28
26,4844,578.608068207243,80,54
97,4718,4346.23030521251,98,1
21,1656,162.232840298529,84,63
97,5175,4767.21954842618,97,0
90,4753,3931.36898233908,90,0
72,8379,5000.99326561832,85,13
70,5342,3033.27391905109,72,2
79,4254,2957.68468013994,81,2
10,6046,388.348337549039,66,56
32,1417,215.002516313743,91,59
97,4213,3881.02337343372,97,0
21,5135,503.058958292843,73,52
28,5087,658.085582589785,67,39
84,6437,4887.51428286442,84,0
92,7153,6071.45110596836,92,0
92,1052,892.935350689042,97,5
91,2240,1876.87208850818,96,5
30,2254,315.802802066094,77,47
24,6617,729.93718296192,72,48
35,1645,281.168422973603,67,32
71,1764,1027.26415754013,84,13
53,6729,2268.81051907371,75,22
8,8648,516.797997066484,66,58
66,9681,4935.96779459575,91,25
11,7304,486.815423873959,43,32
82,9758,7167.20993185126,87,5
85,4404,3396.54570670339,90,5
35,3743,639.76498917337,74,39
23,5376,569.992227346639,74,51
24,5665,624.919773534725,90,66
84,5391,4093.30270295512,93,9
35,6976,1192.35922107225,50,15
97,9315,8580.99518716713,97,0
0,5019,324.388877091317,78,78
40,2135,444.053717686386,84,44
86,7311,5723.83721787063,95,9
61,2473,1086.93483497082,89,28
98,1623,1521.79234057456,98,0
49,4919,1437.51990615942,62,13
25,4356,499.996812870151,79,54
50,5846,1771.5996490096,60,10
49,1643,480.147429522244,78,29
67,5288,2772.36492031051,73,6
99,5453,5193.33333333333,99,0
19,2893,262.001881419289,33,14
45,6580,1657.58240068962,78,33
37,7597,1405.16598423025,84,47
15,2168,168.132587424357,86,71
74,4088,2557.63742082359,75,1
36,6218,1105.66395847327,78,42
21,9908,970.653974443134,71,50
11,9862,657.307463067496,79,68
94,6273,5472.79875967677,94,0
22,5220,531.986363949812,83,61
82,3714,2727.91736901984,90,8
78,2674,1822.90651151096,78,0
9,3959,245.185375301122,82,73
43,1278,298.401087064988,68,25
33,4163,657.278152406403,76,43
61,8108,3563.63430729618,68,7
50,2193,664.577151946299,87,37
53,2739,923.50602047004,89,36
65,4120,2041.60158170242,75,10
97,4012,3695.86180256731,98,1
27,3412,424.14119024125,79,52
90,8767,7251.48577070623,96,6
10,4908,315.252008053372,71,61
66,4610,2350.46085456941,96,30
67,6159,3229.00823452958,85,18
28,1087,140.621000250658,97,69
7,9886,570.526721299461,96,89
60,9058,3858.12978284484,76,16
83,4165,3111.39891556002,94,11
29,5465,735.761463625248,82,53
37,1187,219.551404933698,82,45
47,7385,2004.96779269718,53,6
10,3808,244.596505025925,60,50
50,4520,1369.76230132115,75,25
2,2780,137.834881537543,77,75
38,4306,828.34537235113,50,12
85,3984,3072.62445402051,92,7
74,3941,2465.6675820611,75,1
2,1928,95.5919610087705,95,93
25,7509,861.909106483463,94,69
62,3359,1522.60335648526,77,15
16,6740,543.195964513223,50,34
78,6817,4647.25268847054,78,0
31,4392,640.380831670591,85,54
24,4866,536.780162051186,84,60
95,7589,6727.30219159374,96,1
21,6854,671.463700124469,38,17
85,9825,7577.44358954606,86,1
27,8958,1113.55708739189,48,21
82,6703,4923.32528932148,83,1
70,9492,5389.71097709339,89,19
63,4899,2288.95182130304,78,15
61,9497,4174.12864040353,68,7
73,7999,4889.71028738819,82,9
41,4594,993.259985529048,94,53
15,9113,706.730751475169,57,42
35,1389,237.412121282878,70,35
80,2356,1669.46063419179,80,0
37,4698,868.957456089735,70,33
43,1286,300.269012492625,83,40
39,2966,593.332471291365,64,25
34,2301,378.017657015169,70,36
48,4940,1391.69362245256,75,27
42,2437,547.613714924171,67,25
40,3535,735.236483382377,74,34
65,9892,4901.82593354377,84,19
29,3649,491.270554577956,86,57
51,5810,1825.13408160801,67,16
68,6341,3416.24159935593,83,15
19,1489,134.849914079959,77,58
69,1440,796.719918028077,88,19
30,1373,192.367900282497,58,28
65,6967,3452.38791740795,65,0
95,9953,8822.88031531592,95,0
29,7768,1045.81794134326,81,52
61,7876,3461.6654913992,80,19
32,9631,1461.31914934203,61,29
81,2711,1956.47591285362,91,10
17,9239,773.95507570037,85,68
56,5662,2116.10565914854,73,17
36,6669,1185.85926971023,74,38
82,2835,2082.29556843598,85,3
23,5474,580.382710657646,81,58
1,3632,175.907853941431,61,60
48,9098,2563.08270790959,80,32
15,8975,696.028584932474,79,64
33,3948,623.332727768552,76,43
79,7450,5179.77218313177,88,9
37,9097,1682.61089358202,90,53
7,3174,183.173357617286,61,54
8,8577,512.555090291308,76,68
38,8062,1550.88722524264,51,13
15,2860,221.798524000766,86,71
98,3451,3235.80121215206,98,0
10,7939,509.940035031727,79,69
63,2471,1154.52132076747,89,26
30,5682,796.092068029968,58,28
26,4681,559.137978381112,86,60
90,7791,6444.20276486509,97,7
91,9158,7673.39044042764,93,2
26,9255,1105.49497755121,93,67
59,7141,2946.0423491717,75,16
60,4321,1840.47016909611,91,31
10,1046,67.1869601515539,87,77
35,8773,1499.50794817472,85,50
17,3576,299.563085908055,73,56
10,5373,345.120016151338,65,55
72,9298,5549.49700247274,91,19
4,9544,499.970262163086,57,53
99,6422,6116.19047619048,99,0
98,7563,7091.3835315868,98,0
43,6765,1579.56443974542,78,35
42,6398,1437.68262129046,91,49
24,5953,656.689746134548,80,56
53,7879,2656.55492343317,86,33
6,6718,374.844402748756,61,55
27,5241,651.501752067524,87,60
72,7151,4268.06335391295,79,7
70,5180,2941.28770136365,81,11
75,1306,835.697207144336,80,5
92,1142,969.327158257496,94,2
24,8437,930.705759808027,65,41
22,5916,602.917879143121,85,63
6,3349,186.864231141052,67,61
68,1841,991.846835580234,74,6
44,1466,355.5924014269,87,43
97,9592,8836.16809826163,98,1
68,1806,972.990431861979,78,10
56,3351,1252.39669088781,97,41
7,7837,452.277757922707,85,78
90,6521,5393.74229619885,90,0
84,6656,5053.79758687985,85,1
88,3843,3095.26528182597,94,6
47,5109,1387.05219402707,85,38
92,4678,3970.67639783587,95,3
50,4157,1259.75705455575,83,33
97,6524,6009.92083747486,97,0
80,3363,2383.02042138667,98,18
18,1363,118.705948002011,88,70
70,4905,2785.13825775844,84,14
29,5196,699.545574564828,81,52
21,5510,539.796467418416,75,54
73,2166,1324.05456713124,84,11
52,4883,1589.48153371127,76,24
28,4311,557.697453615994,82,54
52,6450,2099.56090363253,71,19
30,5705,799.314545602071,85,55
82,3484,2558.98333701269,92,10
83,4676,3493.13357242705,89,6
11,9624,641.444638467002,77,66
69,2295,1269.77236935725,85,16
43,1107,258.47418104925,75,32
93,7387,6353.95904135126,95,2
72,1370,817.682393352082,76,4
12,4398,304.305726515999,83,71
68,8036,4329.43029371144,78,10
61,3559,1564.25437835065,87,26
60,2505,1066.97009340101,87,27
89,7774,6346.32121069959,95,6
63,2714,1268.05781649652,81,18
1,7462,361.405398158304,93,92
94,7067,6165.51392230762,97,3
49,2557,747.253181551052,85,36
35,1301,222.370892576691,67,32
92,1579,1340.25182389543,92,0
42,2537,570.084528010924,99,57
84,7355,5584.53744764142,84,0
76,7804,5103.81968532977,87,11
60,3610,1537.62955575953,84,24
79,3517,2445.26963329858,79,0
51,9435,2963.87952839443,82,31
5,5784,312.459261122364,82,77
56,5818,2174.4088175426,68,12
57,8890,3435.47763571431,82,25
73,8617,5267.48762925666,84,11
42,9855,2214.49862969951,90,48
73,7585,4636.63614574815,89,16
12,4069,281.541610094043,89,77
33,1961,309.613849836406,77,44
83,2527,1887.75631683558,83,0
83,4296,3209.26044207583,92,9
53,1219,411.009068621022,60,7
59,2475,1021.0691519675,87,28
29,9055,1219.08875629032,77,48
8,5480,327.480691943147,76,68
75,9281,5938.82525230213,79,4
71,2155,1254.96273214228,86,15
51,8175,2568.06731792522,74,23
96,9103,8225.48215529238,97,1
14,9468,706.699345231496,90,76
4,3352,175.597267264319,91,87
7,8513,491.290105039684,81,74
87,4477,3556.05934472102,89,2
41,3750,810.780353882005,58,17
16,7421,598.079711076058,70,54
49,9199,2688.29957649125,85,36
16,3006,242.262176457975,68,52
20,7396,696.602794864726,75,55
76,5233,3422.384471211,87,11
21,7957,779.520960299154,71,50
62,2163,980.467716605423,74,12
17,4677,391.794338029076,48,31
18,5540,482.487859083744,57,39
3,7953,404.823800481357,78,75
12,8153,564.121097836503,81,69
95,5482,4859.54284020515,95,0
51,9217,2895.39773324975,77,26
71,8277,4820.10512015853,82,11
14,3710,276.917466287373,83,69
44,2256,547.214500422297,63,19
43,7197,1680.43241283781,70,27
21,7302,715.352777693153,37,16
70,2969,1685.84617477774,96,26
13,2277,163.609733009768,85,72
3,2170,110.457393064824,80,77
80,3138,2223.58551362217,86,6
6,9269,517.182609270352,76,70
97,3946,3635.06248079028,97,0
76,7234,4731.03941615524,80,4
0,4273,276.173275913767,86,86
82,7428,5455.83473803968,82,0
71,7588,4418.86645545039,84,13
54,9347,3262.97799407593,74,20
30,5513,772.413863261037,90,60
64,8536,4108.51121927756,94,30
93,4291,3690.92165242158,96,3
71,5581,3250.09141906545,74,3
91,4571,3829.99210561201,95,4
32,4249,644.704087379741,55,23
90,6826,5646.01823552421,93,3
15,2362,183.177662129304,51,36
98,5861,5495.51750345501,98,0
87,3810,3026.26448590285,90,3
64,9834,4733.25905932234,86,22
12,9909,685.621974544573,66,54
54,6858,2394.08399308577,90,36
94,3977,3469.682873782,95,1
16,1026,82.6882877730812,80,64
98,8671,8130.29044061737,98,0
95,9572,8485.1412014673,97,2
98,9723,9116.68941922762,98,0
65,9768,4840.3796723469,81,16
35,6196,1059.03923935832,82,47
23,7379,782.360983182822,80,57
9,9942,615.719373893346,99,90
79,7080,4922.52175256012,84,5
69,8731,4830.66778076607,91,22
50,3797,1150.66094206115,90,40
8,6683,399.371070119717,67,59
93,2487,2139.20348393672,97,4
16,5292,426.497484303261,82,66
5,7934,428.60507913984,76,71
63,2990,1397.01284868261,77,14
33,2422,382.399155687799,89,56
64,8558,4119.100165719,66,2
91,2678,2243.86761295755,99,8
75,1283,820.979721873035,97,22
40,5714,1188.44165941921,65,25
89,7849,6407.54761805777,93,4
17,4246,355.689279296869,75,58
67,6733,3529.94194562229,83,16
96,5616,5074.62460552807,99,3
25,4236,486.222795986676,69,44
74,5182,3242.09322766826,76,2
46,5500,1438.54737985951,93,47
78,2372,1617.02851357666,95,17
26,7286,870.301070387691,87,61
36,4456,792.351013019761,68,32
17,9290,778.227368032951,80,63
50,5896,1786.75188685608,92,42
38,1843,354.537975207416,81,43
48,8134,2291.5052479816,52,4
29,6371,857.737655033203,45,16
17,1418,118.78648093334,76,59
51,9426,2961.05229831965,93,42
91,5794,4854.73075036446,92,1
53,2164,729.633818290313,78,25
76,6930,4532.2232725955,94,18
53,3035,1023.30805846169,78,25
49,1852,541.225221835177,69,20
75,5772,3693.4489124327,80,5
95,5484,4861.31574893927,98,3
13,1262,90.6787365210046,15,2
41,4253,919.533025349378,80,39
86,9664,7566.01872158416,92,6
60,4819,2052.58637928122,84,24
61,9383,4124.02327397139,64,3
29,5414,728.895254175131,59,30
70,1993,1131.65760401887,73,3
98,3415,3202.04611402472,98,0
79,7863,5466.91928536444,86,7
12,7863,544.055463300432,68,56
9,4718,292.191109035285,91,82
13,6099,438.232657719182,81,68
46,7836,2049.53768519621,66,20
35,2712,463.543321036116,80,45
87,1866,1482.15473246581,89,2
10,2938,188.714425358762,65,55
89,6517,5320.16662337654,92,3
60,8260,3518.23272315062,78,18
93,9886,8503.48437563267,99,6
99,6396,6091.42857142857,99,0
52,6633,2159.12984089839,62,10
9,6856,424.59988205721,90,81
47,1296,351.853521914089,67,20
57,1947,752.404382085012,71,14
53,1630,549.585547048618,78,25
92,5973,5069.86962895974,94,2
52,8621,2806.25031786296,76,24
21,1119,109.624727230709,83,62
37,6882,1272.91724410591,74,37
6,7888,440.126920047959,58,52
86,6098,4774.17033984067,95,9
77,6685,4465.24291694607,80,3
80,4920,3486.30998311698,81,1
75,3645,2332.4014701693,94,19
79,7613,5293.10142687009,83,4
54,7495,2616.45662411459,67,13
16,8260,665.697131584455,85,69
50,6353,1925.24334077284,74,24
85,1141,879.986069788504,89,4
31,8887,1295.77970197098,87,56
36,9003,1600.88334161062,75,39
33,3768,594.91330249035,76,43
26,3308,395.135319907011,74,48
88,9303,7492.90994452953,93,5
97,3431,3160.64353056043,98,1
21,6169,604.356516788423,77,56
29,6520,877.797757152171,65,36
12,9566,661.889172317427,62,50
29,9160,1233.22506986409,77,48
4,1026,53.7478508989235,81,77
69,8074,4467.16431816576,98,29
79,5574,3875.44297299013,85,6
15,6339,491.601693580719,86,71
60,9635,4103.89495006734,91,31
96,2480,2240.93109360926,96,0
76,1351,883.55463799084,95,19
76,5711,3734.99669693981,79,3
51,7938,2493.61692595601,85,34
61,6796,2986.98307256843,95,34
6,3589,200.255516740888,82,76
12,8782,607.642767226808,70,58
48,2549,718.102640411248,81,33
36,1070,190.263820451334,75,39
65,7708,3819.57888149569,84,19
38,1943,373.774978745528,89,51
61,5116,2248.58819883168,97,36
33,4785,755.483055312188,92,59
19,8716,789.356515192023,80,61
83,1643,1227.37777149222,88,5
63,6004,2805.23917842487,81,18
67,5654,2964.24948173896,84,17
74,2240,1401.44516209512,85,11
35,4304,735.65282217531,79,44
57,6547,2530.04185388319,73,16
15,7056,547.206428443848,64,49
20,2863,269.655733058101,35,15
93,3851,3312.45380644967,99,6
46,7494,1960.08619357585,67,21
56,4685,1750.96344279599,69,13
36,9023,1604.43967470317,77,41
37,5837,1079.63062392418,65,28
56,3813,1425.06373690099,81,25
2,4828,239.376549663042,76,74
11,7180,478.550758956055,77,66
1,8522,412.744144077334,92,91
15,2391,185.426668141899,80,65
20,7486,705.079573060755,79,59
95,4941,4379.97102762745,95,0
75,1335,854.254036399455,83,8
68,6756,3639.82467201524,75,7
44,6625,1606.95747575253,76,32
75,9196,5884.43454586471,81,6
24,3733,411.796207344241,76,52
25,8583,985.186557590566,60,35
13,7185,516.265231302233,81,68
11,2646,176.357285264307,53,42
48,7399,2084.44152075435,53,5
62,9452,4284.50340145837,74,12
43,2504,584.660658850336,68,25
86,3043,2382.387724522,93,7
86,5031,3938.80796650351,87,1
25,2553,293.042209195936,40,15
80,8166,5786.42425246611,86,6
77,9699,6478.44293963499,87,10
84,6518,4949.01632681533,87,3
15,4963,384.890235879651,86,71
46,3989,1043.33918150174,87,41
98,8903,8347.82329521583,98,0
59,1718,708.766385082898,59,0
6,3057,170.571500327917,76,70
72,6287,3752.38628248506,74,2
97,6518,6004.39362640422,97,0
2,9314,461.796434043407,62,60
17,8740,732.153627191388,77,60
0,9792,632.878239585212,84,84
33,9629,1520.28136668779,85,52
34,5369,882.041199702061,85,51
29,8184,1101.82466940696,80,51
91,9407,7882.02488240913,93,2
41,3154,681.920329638358,77,36
17,8317,696.718731962331,86,69
67,6662,3492.7184378042,78,11
99,6740,6419.04761904762,99,0
60,8376,3567.64131829414,77,17
65,4920,2438.02907329512,89,24
59,6089,2512.03639043642,87,28
82,7931,5825.28612108141,85,3
87,5128,4073.14548128867,92,5
81,6061,4374.10568343999,87,6
59,3726,1537.1731960529,87,28
92,3004,2549.78877706262,94,2
28,9519,1231.43633982154,84,56
95,6714,5951.65462041908,95,0
72,2071,1236.07316542494,79,7
49,9967,2912.73854537322,67,18
33,5205,821.795047627992,68,35
94,8367,7299.68232459996,95,1
50,6304,1910.3941476833,74,24
67,7472,3917.3809917852,83,16
32,6419,973.959881593448,78,46
99,7644,7280,99,0
73,1196,731.103075849016,78,5
81,1431,1032.72483633107,86,5
21,1814,177.711577476771,75,54
37,7263,1343.38825108126,50,13
55,6711,2424.58540885964,84,29
38,8227,1582.62828108053,75,37
43,5454,1273.45816029143,67,24
32,4591,696.596014394068,83,51
35,7392,1263.46321131968,89,54
75,3970,2540.36593595943,77,2
30,3166,443.581043186004,87,57
65,2719,1347.3579370507,79,14
83,5631,4206.55157107286,88,5
20,5860,551.932446985843,76,56
8,4970,297.003474262307,78,70
19,3286,297.593564584785,80,61
91,2443,2046.96362152923,93,2
62,4293,1945.97684114058,86,24
49,6633,1938.41625077361,95,46
79,1167,811.381763451648,88,9
86,7968,6238.20748898827,91,5
14,1015,75.7604388899417,87,73
45,9181,2312.80608217803,73,28
66,1867,951.911153032773,88,22
13,2872,206.362386123871,75,62
50,3560,1078.83933466887,77,27
9,8487,525.60956811837,66,57
63,7018,3279.0087531955,80,17
53,8586,2894.93343985241,88,35
58,2896,1156.6233979189,66,8
58,3840,1533.64428453335,70,12
58,1139,454.901260438408,68,10
62,9463,4289.48959881513,74,12
43,8567,2000.31464232062,85,42
91,4529,3794.80075395248,96,5
53,9117,3073.9702039523,79,26
9,4764,295.039941382811,88,79
87,1165,925.353838865308,90,3
31,6014,876.87848853983,72,41
62,8227,3729.22233218346,80,18
73,9141,5587.80369258851,78,5
78,6569,4478.18731268343,84,6
32,6262,950.138149016696,79,47
46,5562,1454.76373214156,49,3
19,2316,209.746407662314,90,71
47,1263,342.894288717203,63,16
32,9079,1377.56375837154,94,62
68,5447,2934.59517295249,89,21
80,9615,6813.18505846946,87,7
49,1868,545.901033686885,54,5
47,7232,1963.42952969344,71,24
67,9759,5116.39736333402,89,22
61,6035,2652.50777559601,97,36
0,4140,267.577196883454,70,70
88,5248,4226.893624518,88,0
93,6268,5391.44649670904,94,1
5,7161,386.846605964254,69,64
58,1782,711.706800791258,92,34
98,1567,1469.28441015424,99,1
24,8102,893.75110417976,66,42
25,1318,151.28461877017,80,55
42,1056,237.291786196112,81,39
14,5966,445.307170854574,76,62
60,8964,3818.09178333198,65,5
4,3813,199.747130095122,73,69
5,4012,216.733498551681,83,78
80,3346,2370.97422835557,82,2
48,5749,1619.60458208092,80,32
11,7101,473.285367597068,62,51
70,4921,2794.22331629547,83,13
98,1362,1277.06787915129,99,1
49,7959,2325.9241579839,77,28
66,6592,3361.00606362723,73,7
20,8896,837.882431465198,86,66
75,3331,2131.47580168284,81,6
37,5557,1027.84090751185,93,56
66,3904,1990.49873671127,75,9
60,5192,2211.46056883753,77,17
91,3088,2587.40223630056,91,0
0,7877,509.107627983325,48,48
18,3697,321.97790885065,71,53
49,7706,2251.98788307877,91,42
18,9922,864.123562785001,79,61
44,4567,1107.76977988858,78,34
16,9047,729.123722693046,99,83
75,3339,2136.59492699459,81,6
87,4715,3745.10158819736,90,3
81,2307,1664.91697932619,81,0
91,5080,4256.47777215248,93,2
47,5855,1589.58516265972,53,6
10,4323,277.676126897866,85,75
72,8760,5228.39252975492,79,7
23,4275,453.258328107679,80,57
7,2997,172.958586256776,76,69
41,9840,2127.48764858638,85,44
8,2097,125.315147993573,86,78
17,1583,132.608603185809,96,79
3,6660,339.007482862547,45,42
96,5513,4981.55367704349,96,0
84,9217,6998.32517401916,86,2
92,1935,1642.42386272176,96,4
31,9805,1429.62979383655,82,51
75,7896,5052.5766827042,86,11
94,8962,7818.78247795683,95,1
69,6165,3410.95714905771,93,24
84,2825,2144.97869334969,88,4
32,1887,286.315983263255,79,47
52,1788,582.017813286042,90,38
77,7801,5210.67464399346,79,2
43,2811,656.342297135901,86,43
56,1720,642.829695114004,74,18
19,2500,226.410198253793,76,57
72,8214,4902.51326933869,78,6
36,5774,1026.71336381869,48,12
46,4379,1145.34526843724,60,14
54,1649,575.655366666439,84,30
89,8387,6846.74504684042,93,4
80,2486,1761.57858090017,92,12
23,7424,787.132123478692,76,53
71,2194,1277.67435467293,80,9
90,3740,3093.48201008798,91,1
55,6830,2467.57835531387,66,11
44,8690,2107.84308894936,66,22
17,8627,722.687567709394,56,39
13,7533,541.270144384095,79,66
18,7992,696.036637147523,36,18
86,4538,3552.83453627369,87,1
72,3880,2315.77203372706,82,10
81,7592,5478.99857262439,82,1
8,2641,157.824180186469,92,84
2,2731,135.405417798212,57,55
18,5802,505.305876968209,90,72
72,1560,931.083601189232,97,25
22,2556,260.489874761632,92,70
16,1757,141.601677989575,80,64
16,7429,598.724454060643,82,66
71,7409,4314.62593152767,78,7
23,4685,496.728717470053,80,57
74,5672,3548.65935687657,82,8
56,7292,2725.29891672751,65,9
32,2023,306.951369444391,87,55
39,9290,1858.41492188024,75,36
74,7305,4570.33790585038,78,4
50,1743,528.207011328043,83,33
80,7277,5156.47921689883,90,10
55,3270,1181.40281433036,85,30
12,9271,641.477578565217,86,74
37,7391,1367.06355001261,59,22
12,6263,433.348514135903,55,43
71,2257,1314.36236029936,82,11
90,3316,2742.77709771437,94,4
27,2292,284.915477149163,56,29
28,3256,421.216170024049,80,52
78,3181,2168.5361305596,93,15
58,8644,3452.29718632976,79,21
74,9279,5805.36145494671,76,2
82,7716,5667.36952594429,84,2
44,7529,1826.23137131182,81,37
22,8337,849.649485871568,58,36
57,7689,2971.35967840352,61,4
40,4472,930.120948708909,81,41
48,9625,2711.54880892831,74,26
1,9736,471.541537988374,63,62
70,6948,3945.18666970553,70,0
36,6124,1088.94919293829,79,43
64,7984,3842.82492674696,74,10
51,5835,1832.9874984824,80,29
42,1686,378.857908642656,58,16
0,8931,577.229938494233,89,89
50,8217,2490.11876768935,74,24
99,6591,6277.14285714286,99,0
23,1525,161.688643360049,78,55
80,3144,2227.83711116256,85,5
82,6341,4657.43781285805,88,6
69,8498,4701.75407180736,94,25
19,2043,185.022414012999,87,68
31,7352,1071.96718452691,87,56
37,6764,1251.09157790357,68,31
92,8989,7629.84398036482,92,0
82,1561,1146.54793027463,84,2
29,4240,570.837805264602,95,66
53,8810,2970.45930644069,83,30
87,1679,1333.62154116296,88,1
99,1007,959.047619047619,99,0
97,3692,3401.07721213323,98,1
27,9528,1184.41303066197,80,53
41,6074,1313.24796519448,92,51
48,1906,536.957094006999,60,12
98,2396,2246.58930869787,98,0
8,6318,377.558943740292,92,84
89,2279,1860.46643159048,93,4
7,5360,309.328669448221,61,54
11,5510,367.244384658477,37,26
88,9640,7764.33966089054,95,7
44,3996,969.268237450132,84,40
48,6549,1844.98006749834,67,19
19,6423,581.693081353644,57,38
35,7995,1366.52981256775,86,51
37,9776,1808.20095588192,72,35
38,8758,1684.7767698679,63,25
52,9264,3015.55538158943,74,22
62,1981,897.968814884578,63,1
99,1902,1811.42857142857,99,0
67,8249,4324.74247875216,98,31
72,3169,1891.4127770312,77,5
41,6422,1388.48838203473,89,48
72,4371,2608.82462871675,85,13
93,4127,3549.85636437751,94,1
56,6361,2377.34865733731,97,41
19,7120,644.816244626802,87,68
41,7241,1565.56281132256,63,22
21,9135,894.925722298953,92,71
57,1205,465.663729025392,70,13
97,2441,2248.65370390499,98,1
66,7700,3925.93244689467,92,26
14,4905,366.113253945975,90,76
37,8209,1518.36350724577,74,37
85,6399,4935.1716569471,94,9
45,8814,2220.35429782346,65,20
9,5546,343.470091290736,31,22
36,4385,779.726030541215,65,29
8,5959,356.105372862995,78,70
28,5830,754.204628759278,62,34
60,4612,1964.41759311994,89,29
97,3829,3527.28186491282,97,0
92,4971,4219.37417136428,95,3
55,5379,1943.35343678379,93,38
67,4766,2498.69349663387,88,21
45,8410,2118.58176136774,59,14
53,4613,1555.36081505232,81,28
97,5094,4692.60219897256,97,0
93,6172,5308.87169395153,97,4
22,5351,545.336979596829,52,30
56,1166,435.778735176121,85,29
88,5223,4206.75788888291,98,10
72,1155,689.359973957412,94,22
80,7402,5245.05416565689,83,3
99,8501,8096.19047619048,99,0
77,8264,5519.93529777746,91,14
61,3752,1649.08188467874,91,30
40,5724,1190.52153631704,74,34
63,1852,865.306955103742,70,7
39,1651,330.273739076886,63,24
71,3348,1949.70544186188,93,22
62,4495,2037.54155623734,82,20
65,2780,1377.58553328464,82,17
24,9064,999.87163765556,78,54
82,8934,6561.98539979086,82,0
59,6239,2573.91936934354,86,27
49,2350,686.759865719582,69,20
93,6457,5554.01563963789,94,1
10,2277,146.256891266815,52,42
0,6566,424.374848970231,56,56
90,7590,6277.94878517854,91,1
7,2151,124.135441787896,9,2
17,6792,568.96881417436,61,44
67,8606,4511.9085673586,81,14
20,5720,538.746347569799,80,60
52,6668,2170.52280704213,56,4
99,5544,5280,99,0
26,9418,1124.96506737734,72,46
48,9979,2811.27746122552,56,8
14,7906,590.110374250128,76,62
17,3544,296.882431895455,85,68
80,8985,6366.76731672887,81,1
75,7170,4588.01606066224,75,0
72,3209,1915.28671552323,84,12
48,2220,625.416972033335,81,33
86,5732,4487.62617054226,91,5
63,4419,2064.68220010985,80,17
2,4921,243.987572678506,66,64
51,5237,1645.13376684702,85,34
46,2441,638.453482588557,81,35
3,1983,100.938714491957,76,73
86,4755,3722.72547818012,92,6
12,5819,402.627335742746,68,56
21,3387,331.813182422173,78,57
3,5360,272.834851072561,94,91
31,7324,1067.88461091881,83,52
1,8543,413.76123243988,96,95
4,7996,418.877013438394,73,69
70,8967,5091.60749384708,76,6
60,7569,3223.91083311466,89,29
33,5971,942.735490756338,67,34
26,3291,393.104697041709,96,70
5,7487,404.457553254346,75,70
3,5203,264.843233233308,68,65
57,8631,3335.38891719349,66,9
60,4630,1972.08444409048,64,4
41,5850,1264.81735205593,78,37
56,7333,2740.62218271569,89,33
43,6869,1603.8474703047,89,46
97,2908,2678.85496556973,98,1
91,4274,3581.13897601963,91,0
0,9071,586.278442736668,0,0
8,6815,407.259291166523,90,82
79,3770,2621.17330609487,82,3
57,7799,3013.86840055522,84,27
99,4973,4736.19047619048,99,0
56,2302,860.345324507231,65,9
4,8806,461.309527305966,69,65
28,2682,346.960002458385,86,58
33,2514,396.92463971888,60,27
14,8254,616.085381869536,94,80
45,8880,2236.98050427414,75,30
55,2459,888.400464965856,94,39
83,2187,1633.76456862659,83,0
53,6363,2145.40664777322,57,4
88,4081,3286.95748507202,89,1
75,5348,3422.13527090958,82,7
97,4452,4101.19061441418,98,1
22,9037,920.988653451045,83,61
81,2845,2053.18110367708,82,1
98,1914,1794.64605043728,98,0
33,4780,754.693626832238,73,40
16,3365,271.195017891246,53,37
97,4973,4581.13677571467,97,0
76,5928,3876.91479941503,77,1
91,4695,3933.89038194014,92,1
93,4255,3659.95610138752,96,3
54,1608,561.342528562543,83,29
79,3751,2607.9631488493,93,14
91,3782,3168.89742800801,92,1
29,2656,357.581417637449,91,62
74,9690,6062.50161638469,87,13
72,8199,4893.56054240418,88,16
9,4221,261.411333454417,88,79
40,6226,1294.93135658803,89,49
58,7990,3191.09839412017,86,28
70,6652,3777.11308677046,73,3
13,6257,449.585463083935,46,33
3,5690,289.632519142327,23,20
51,7103,2231.31280235142,79,28
92,9760,8284.26713186791,95,3
43,3059,714.247985392643,82,39
54,7895,2756.09406903064,77,23
85,5332,4112.25742691701,93,8
21,6210,608.373151119485,74,53
87,6505,5166.88988997324,93,6
2,1454,72.0906178976931,68,66
20,7102,668.911986091034,83,63
36,5009,890.683623028722,75,39
77,9858,6584.64692225196,80,3
89,9249,7550.44055541041,94,5
55,2351,849.381656419165,79,24
31,4726,689.080102567216,64,33
63,4573,2136.63537024266,93,30
70,5254,2983.30609709742,84,14
61,9426,4142.92266657298,85,24
78,5123,3492.42709740862,95,17
48,3036,855.299967159102,65,17
32,6075,921.764493017635,40,8
85,7434,5733.40617248707,87,2
74,2710,1695.49838807044,94,20
18,3977,346.363576818781,74,56
72,5227,3119.72691244623,89,17
33,8436,1331.92373137171,49,16
11,3970,264.602578419992,53,42
18,8375,729.392747261074,64,46
24,9700,1070.03032714684,87,63
99,9689,9227.61904761905,99,0
55,2327,840.710810075456,67,12
14,3788,282.739450753792,80,66
11,8386,558.931290335025,53,42
37,2629,486.268444457197,88,51
68,5084,2739.02732867458,89,21
99,4743,4517.14285714286,99,0
84,1176,892.91856402805,94,10
60,2309,983.486605055059,77,17
36,8571,1524.06654681157,81,45
34,8715,1431.73571529213,83,49
72,3805,2271.0083990545,78,6
30,8464,1185.8717465339,72,42
83,5406,4038.4687965228,89,6
45,1252,315.394098125138,75,30
17,7834,656.257610459649,77,60
86,9888,7741.39001645532,92,6
14,7023,524.202524457203,62,48
49,5867,1714.5617583731,81,32
80,6144,4353.63588135584,80,0
14,4189,312.670422177306,75,61
33,2659,419.818065637431,93,60
72,2092,1248.60698313325,81,9
84,3625,2752.4062879266,92,8
80,6387,4525.82558174149,85,5
6,3618,201.873630417535,73,67
40,9741,2026.00808617475,69,29
60,1569,668.293842932606,82,22
97,6422,5915.958249274,97,0
29,1306,175.828814546125,89,60
55,6406,2314.39340324167,88,33
76,9305,6085.47439415601,83,7
7,1386,79.9868537043348,63,56
55,7975,2881.24998296165,59,4
13,2878,206.793505314938,90,77
62,6625,3003.0506807725,80,18
81,8804,6353.67537320668,89,8
38,8737,1680.7369991249,85,47
24,9887,1090.65874685575,69,45
88,3471,2795.64553557584,90,2
87,1151,914.233706896111,87,0
68,5668,3053.65989357347,87,19
52,8874,2888.6051874163,91,39
17,1225,102.618786419846,77,60
83,8932,6672.51263236065,87,4
31,8574,1250.14236128043,76,45
26,7704,920.230503193353,64,38
72,1143,682.197792409803,79,7
66,2315,1180.3290408521,92,26
37,3762,695.831832654232,76,39
95,7597,6734.3938265302,97,2
31,6185,901.811348789299,87,56
57,2835,1095.56570272779,90,33
50,7865,2383.44701325018,74,24
69,3173,1755.55020826603,76,7
22,7375,751.609086998059,67,45
80,2735,1938.01987882621,81,1
34,2984,490.223680370823,78,44
5,6110,330.070208412455,65,60
87,5357,4255.0390684991,88,1
30,6184,866.426143734129,83,53
71,8873,5167.1853003705,81,10
83,8859,6617.97910995107,86,3
31,7672,1118.62516861948,76,45
77,3498,2336.48761757328,86,9
17,4642,388.862372702794,49,32
1,5873,284.445712058927,79,78
76,8067,5275.82180952784,81,5
45,2232,562.268072695933,68,23
92,7246,6150.38930712243,97,5
12,2729,188.82454016875,75,63
48,6973,1964.42907476957,85,37
74,4893,3061.28177595153,79,5
29,8621,1160.65866018541,77,48
44,6408,1554.32203843355,63,19
93,3264,2807.54329375531,94,1
84,6511,4943.70133536278,94,10
82,9771,7176.75837713863,99,17
71,2880,1677.16597149409,72,1
48,1044,294.115008469731,67,19
85,3950,3046.40225737475,90,5
5,4264,230.346868849543,86,81
75,7991,5113.36629578131,77,2
16,1776,143.132942577965,51,35
51,7034,2209.6373717781,75,24
77,6865,4585.47384066339,93,16
8,5004,299.035288774363,60,52
64,4962,2388.28873829138,66,2
8,2843,169.895548758096,81,73
74,5857,3664.40371178175,75,1
98,3146,2949.82051968426,99,1
88,7595,6117.23648594021,93,5
17,5762,482.685263143796,74,57
55,7554,2729.14888668242,71,16
15,6923,536.892021558498,68,53
31,1626,237.080881670396,43,12
72,7847,4683.4698836743,84,12
8,7147,427.099362284246,94,86
20,5965,561.822021547876,74,54
37,7730,1429.76609952611,69,32
36,8105,1441.2039857552,62,26
58,7935,3169.13213483649,67,9
43,6447,1505.31440399685,88,45
0,2301,148.718630441746,4,4
80,8615,6104.58546840504,92,12
54,2988,1043.09171352293,75,21
17,3248,272.086382278905,73,56
79,9982,6940.19945396259,84,5
22,1482,151.035209075407,63,41
60,5916,2519.8383523195,62,2
28,9301,1203.23452008406,61,33
21,4150,406.561767656339,74,53
40,4859,1010.61218465487,83,43
2,9448,468.440273657087,76,74
55,7514,2714.69747610957,62,7
17,2197,184.043652052572,76,59
27,6577,817.578138398799,86,59
61,5361,2356.27078458495,97,36
74,2695,1686.11371064569,93,19
96,7749,7002.00606628152,96,0
21,6460,632.864823869867,99,78
61,7153,3143.89198323749,77,16
71,2868,1670.17777994619,91,20
39,8565,1713.38254100153,70,31
88,4614,3716.25136881213,93,5
47,7682,2085.60089146916,73,26
82,8591,6310.0533433628,84,2
50,5659,1714.9302794638,87,37
7,5703,329.123395870001,66,59
83,7170,5356.23774899528,91,8
17,8485,710.792165528481,44,27
59,6758,2788.03447636218,73,14
21,5512,539.992400800419,66,45
48,8764,2468.98844274782,67,19
97,8498,7828.37327971511,98,1
42,1641,368.746042753617,85,43
2,4489,222.568627058284,78,76
88,9407,7576.67460477151,91,3
64,1610,774.918353214254,81,17
22,8408,856.885315726058,62,40
3,7766,395.30512190849,74,71
51,7137,2241.99344930058,98,47
89,7290,5951.20679521482,91,2
28,7720,998.706643914515,90,62
7,8241,475.59282927664,93,86
14,7993,596.60412615498,64,50
94,3230,2817.97226108018,95,1
94,4699,4099.58255567051,98,4
96,8334,7530.61279602403,98,2
77,5327,3558.1673924565,86,9
11,9128,608.385978795386,80,69
34,7706,1265.97308342412,76,42
19,5388,487.959259276574,75,56
66,3065,1562.72505840677,82,16
79,2362,1642.23112705466,92,13
95,8285,7344.27443106525,95,0
92,6548,5557.92839953597,96,4
79,3061,2128.22585940488,86,7
74,9297,5816.6230678564,79,5
83,6572,4909.5110859689,84,1
27,4991,620.424583966611,76,49
18,1940,168.957842350625,87,69
63,1770,826.994228149905,63,0
51,5718,1796.23350751026,97,46
39,2394,478.906923894649,71,32
29,5215,702.103574163891,63,34
81,3522,2541.75882149408,85,4
69,9213,5097.34764221714,87,18
96,7292,6589.06029620917,98,2
62,7620,3454.07489622437,85,23
55,6638,2398.21158456419,80,25
10,9462,607.765790587001,76,66
89,2571,2098.84124423831,96,7
5,6874,371.342489791689,84,79
87,8598,6829.34961936817,95,8
43,2471,576.955466461334,76,33
15,6152,477.099482396054,44,29
27,7344,912.922890132397,76,49
65,4149,2055.97207827266,71,6
52,5508,1792.92735770667,75,23
94,6229,5434.41152144534,95,1
27,5647,701.971073063405,73,46
19,1820,164.826624328761,79,60
72,4286,2558.09250942118,85,13
82,8130,5971.45078355716,91,9
64,3325,1600.374859899,80,16
61,9939,4368.3968155176,69,8
50,5995,1816.75331779209,73,23
48,3227,909.10836430251,79,31
90,4342,3591.41681492032,93,3
28,8131,1051.87612974986,84,56
27,7760,964.635297852315,74,47
62,7317,3316.72782357923,64,2
33,4893,772.534710479109,98,65
53,7221,2434.6976903301,61,8
24,6517,718.90594247587,55,31
99,1818,1731.42857142857,99,0
53,9671,3260.76185613938,89,36
87,4245,3371.78287208861,90,3
0,5445,351.922182857586,79,79
85,5365,4137.70838248495,89,4
73,4626,2827.82845223875,98,25
45,4298,1082.7187170462,89,44
86,3286,2572.63426315455,95,9
79,2177,1513.60591176884,85,6
30,6536,915.744061359357,35,5
79,3798,2640.64090624624,90,11
19,3266,295.782282998755,82,63
24,7216,796.014313473358,83,59
55,3188,1151.77742265602,80,25
69,4644,2569.42173564055,75,6
21,4482,439.086709068846,68,47
28,8613,1114.23061192173,64,36
84,3511,2665.84785569939,99,15
58,6318,2523.32411189628,60,2
46,3259,852.404711084027,93,47
11,3826,255.004903031458,84,73
40,4036,839.438315963586,64,24
14,2227,166.225120598917,88,74
24,2249,248.092598531261,77,53
11,3883,258.803982872753,37,26
17,6880,576.34061270901,85,68
17,8605,720.844618075732,74,57
19,4738,429.092607730588,33,14
22,5735,584.471608668999,36,14
74,3544,2217.28645288621,87,13
86,3527,2761.31498665432,91,5
86,3946,3089.35325697135,86,0
28,1518,196.377808997699,80,52
68,9811,5285.71933942296,91,23
81,9431,6806.16906459702,90,9
99,8964,8537.14285714286,99,0
49,5754,1681.53883717042,93,44
78,3713,2531.20863023193,82,4
81,7415,5351.261119074,84,3
98,5715,5358.62182771633,99,1
21,8837,865.731648380498,61,40
34,3024,496.795043378475,91,57
8,7281,435.107101831761,28,20
18,2496,217.380811601629,72,54
99,9467,9016.19047619048,99,0
68,4297,2315.02762220981,68,0
52,3891,1266.57232186577,86,34
10,3961,254.424043174288,65,55
79,4349,3023.73546636779,89,10
72,6419,3831.17027950877,74,2
87,3333,2647.3857038095,94,7
10,6969,447.634727816615,25,15
80,3441,2438.29118941169,81,1
57,6348,2453.13971108149,75,18
3,1049,53.3962236520739,72,69
36,8188,1455.96276808927,89,53
43,5139,1199.90859657823,79,36
9,8050,498.545660816882,92,83
42,7650,1719.01720113661,72,30
27,7840,974.579991644607,74,47
57,1688,652.315663564201,77,20
67,9313,4882.57082126547,78,11
55,7655,2765.63869837887,88,33
46,3362,879.344780197759,65,19
21,7362,721.230779153245,79,58
21,5383,527.354697661222,76,55
10,9184,589.909218003701,59,49
45,1329,334.791338984272,59,14
51,2001,628.587486626099,60,9
89,2222,1813.93436199826,89,0
54,2535,884.952307155502,84,30
92,3385,2873.18076243575,96,4
51,4931,1549.00794430449,70,19
83,5354,3999.6229997379,88,5
7,3089,178.267958941335,57,50
26,7281,869.703828368485,69,43
45,7469,1881.53236333599,80,35
60,1019,434.028952165918,83,23
22,2699,275.063447567154,80,58
94,1096,956.191206855689,95,1
0,8406,543.298047585099,85,85
95,5172,4584.74198641756,95,0
89,2902,2369.0537887124,89,0
12,8651,598.578635763962,57,45
72,3360,2005.41083333065,74,2
20,7987,752.266971685312,70,50
36,3044,541.273896685851,83,47
46,5642,1475.68805766679,69,23
13,5879,422.42495404674,67,54
49,1584,462.905373319072,74,25
4,7191,376.706428668771,93,89
87,1006,799.060911500858,92,5
37,2074,383.613827997043,79,42
5,4004,216.301328066035,39,34
1,8801,426.256889465456,69,68
87,2802,2225.61498412068,98,11
42,8888,1997.20586715061,91,49
68,9081,4892.42863329935,74,6
61,3001,1319.00179528809,75,14
0,9220,595.908636537546,89,89
27,1845,229.349500584732,70,43
12,9610,664.933613419452,88,76
54,5860,2045.68856802021,70,16
58,3766,1504.08968113349,64,6
38,6035,1160.9531635251,61,23
75,5582,3571.86968627847,78,3
97,5063,4664.04494177425,97,0
13,6687,480.482338443707,60,47
10,2578,165.590806186143,81,71
9,6808,421.627187433706,72,63
49,1233,360.329750822232,51,2
55,3786,1367.8260107201,73,18
82,4822,3541.73870581951,86,4
46,2979,779.169571745724,85,39
93,4298,3696.94273178932,99,6
77,7034,4698.35731904243,97,20
80,9337,6616.19437243155,88,8
64,3683,1772.68589744602,84,20
86,2134,1670.72474667432,87,1
94,1128,984.109198296731,97,3
25,4573,524.904826734435,85,60
56,7954,2972.71360170743,81,25
86,8639,6763.53846603534,93,7
23,4066,431.099032066859,84,61
94,1701,1484.01573253789,95,1
42,3870,869.620466457342,53,11
19,5612,508.245613040114,67,48
43,4498,1050.24107168882,94,51
77,3596,2401.9466760416,89,12
49,5333,1558.50653782235,83,34
76,1498,979.692707409532,90,14
95,5746,5093.56679310814,96,1
95,3027,2683.29736908081,97,2
94,6621,5776.4069165981,94,0
70,5770,3276.29923491665,83,13
47,8169,2217.817454102,70,23
28,4021,520.181271396408,69,41
88,9910,7981.80560574951,93,5
93,4236,3643.6131716751,93,0
59,8351,3445.23171235581,75,16
57,2747,1061.55872500643,81,24
22,2194,223.597333813389,69,47
31,4355,634.986002259887,52,21
6,3992,222.741717143947,36,30
87,8312,6602.18120914029,95,8
49,5342,1561.13668198894,74,25
5,8693,469.607253965544,83,78
36,9328,1658.67375436453,79,43
65,8057,3992.52037470301,79,14
12,5649,390.864722394015,80,68
60,6753,2876.3469224499,73,13
28,7224,934.541035704464,96,68
58,8488,3389.99288727059,88,30
65,9622,4768.03165513123,76,11
59,2107,869.2495770487,81,22
2,1842,91.3280042417818,83,81
45,4049,1019.9925745277,85,40
34,5252,862.819962904679,62,28
53,1379,464.956116184076,70,17
19,6326,572.908365661397,36,17
11,4962,330.719897763224,62,51
59,5252,2166.72936813468,80,21
25,7987,916.775607069306,75,50
55,2971,1073.37852029832,93,38
26,5266,629.015294628271,73,47
60,5543,2360.96416276318,81,21
26,3776,451.037172904738,58,32
4,2087,109.329205483483,50,46
10,4964,318.849015480223,89,79
12,8524,589.791271674028,77,65
70,8674,4925.2373593877,77,7
43,7621,1779.43246050256,46,3
8,6634,396.442866852342,78,70
15,8982,696.571448452756,17,2
58,5770,2304.46029212433,83,25
53,5475,1846.00053379827,76,23
4,4555,238.617408230601,98,94
67,8354,4379.79132834229,71,4
42,3055,686.483339800305,76,34
39,9584,1917.22805288484,87,48
76,7972,5213.69176466541,82,6
21,4477,438.596875613838,24,3
16,3668,295.614658432419,41,25
2,7041,349.099065074042,83,81
36,8113,1442.62651899222,79,43
75,4789,3064.43638975056,92,17
62,3164,1434.21167607007,87,25
56,5244,1959.88309370804,90,34
28,5402,698.835918448991,88,60
29,9782,1316.96589884395,59,30
38,6106,1174.61143603716,63,25
64,8212,3952.56491714003,80,16
79,1954,1358.56038199188,84,5
12,1198,82.891828186941,80,68
0,8132,525.58883213919,66,66
68,5529,2978.7730330924,71,3
5,7295,394.085461598832,85,80
14,9300,694.159686380747,55,41
46,9275,2425.91399058127,88,42
37,5391,997.137004210251,84,47
51,7444,2338.43340851808,89,38
58,5690,2272.50936952989,84,26
40,9165,1906.20717685983,49,9
70,9052,5139.87186732505,70,0
15,1510,117.103416517887,56,41
95,8445,7486.10712979433,98,3
87,9972,7920.71114263077,87,0
75,4232,2708.01728991947,76,1
3,6942,353.361853758529,53,50
4,2391,125.254494638719,71,67
42,6030,1354.99002913121,70,28
82,5357,3934.69395418397,89,7
96,1560,1409.61794598002,97,1
28,4383,567.011816098099,85,57
43,6701,1564.62103632432,96,53
54,4072,1421.50918924544,73,19
52,2387,777.000291003234,96,44
97,5334,4913.69064179812,97,0
91,6152,5154.69512879568,95,4
43,9543,2228.20154449232,84,41
23,8900,943.625525183238,73,50
71,9112,5306.36678203268,74,3
21,3854,377.563627119887,85,64
75,5327,3408.69756696622,89,14
48,4009,1129.41290129804,83,35
5,3427,185.131031788786,89,84
14,5844,436.200990022482,42,28
46,8613,2252.76519685999,94,48
77,8537,5702.28553208206,86,9
33,9319,1471.33680093088,75,42
45,7719,1944.51041807343,86,41
92,7112,6036.65039363162,96,4
60,1312,558.828248519808,77,17
60,3431,1461.3869822191,66,6
72,7485,4467.41074032141,75,3
33,8900,1405.18269431107,63,30
79,2214,1539.33095482601,85,6
96,1336,1207.21126655725,97,1
50,2847,862.768422978164,84,34
37,6137,1135.11960579453,80,43
38,4155,799.29749700858,52,14
66,2162,1102.32025327095,84,18
62,9181,4161.6616302147,77,15
32,4259,646.221395187178,57,25
43,9123,2130.13545954138,81,38
59,3625,1495.50532358877,82,23
82,5345,3925.88000468795,91,9
34,8442,1386.88616276491,78,44
45,5512,1388.54015085125,82,37
18,5250,457.231274402465,82,64
21,2722,266.665332906158,80,59
59,1371,565.61042721109,85,26
28,5770,746.442660024191,77,49
51,6997,2198.01431480401,62,11
83,8371,6253.42624781583,96,13
94,6469,5643.79645725315,95,1
84,9260,7030.97440722767,89,5
0,6775,437.882973160724,82,82
27,2475,307.663964199031,99,72
66,3695,1883.9377131527,83,17
42,6813,1530.93649560048,73,31
25,7182,824.374910475993,83,58
30,5262,737.246825408956,80,50
55,9803,3541.67944614082,84,29
72,3391,2023.91313566198,94,22
82,4477,3288.33765780878,87,5
94,9196,8022.93279036945,94,0
68,5166,2783.2051888145,76,8
61,1118,491.384207641481,90,29
76,2257,1476.07906583666,82,6
94,5055,4410.17021045211,95,1
28,7910,1023.28621157562,57,29
56,8760,3273.94658674342,93,37
70,7170,4071.24185690683,70,0
2,8160,404.580083937535,77,75
38,1235,237.576993695691,86,48
16,7692,619.920379678889,78,62
52,8050,2620.38221306076,80,28
90,2093,1731.19193773105,90,0
31,5985,872.65010873144,43,12
17,3112,260.693602725355,76,59
44,6889,1670.99321516365,72,28
82,6068,4456.92046182348,94,12
52,1502,488.921004225747,88,36
34,9131,1500.07789057171,61,27
75,6632,4243.75488344658,93,18
32,5864,889.749298280726,79,47
76,4459,2916.18810570034,76,0
22,4800,489.182863402126,52,30
12,2393,165.576080844199,72,60
2,5601,277.702579673301,79,77
77,2113,1411.37745452611,79,2
67,4009,2101.81750482694,72,5
29,5544,746.397356695036,42,13
42,2462,553.231418195859,55,13
61,7389,3247.61888216717,70,9
50,9039,2739.22155788536,91,41
54,1557,543.538754335746,67,13
84,9238,7014.27014837681,84,0
36,2272,403.999439313487,72,36
35,9845,1682.73746150463,67,32
23,9637,1021.7662006956,90,67
24,1480,163.262359193538,86,62
43,4694,1096.00524466593,77,34
36,7287,1295.74996226997,91,55
52,5740,1868.44644757376,71,19
2,5540,274.678145222297,96,94
46,6569,1718.14867969039,91,45
60,4298,1830.67363730041,69,9
64,4124,1984.9461420221,94,30
96,5428,4904.74757101253,96,0
67,8805,4616.23924420084,87,20
6,8844,493.468874353974,88,82
37,6469,1196.52741239772,68,31
90,3964,3278.76007700234,98,8
4,4892,256.271429432294,77,73
50,8513,2579.82001574047,88,38
35,3225,551.226847471044,87,52
51,6230,1957.07148509775,75,24
38,2241,431.101249289104,85,47
34,4053,665.843356750317,62,28
36,5234,930.69237031989,80,44
96,5800,5240.88723505392,98,2
68,9499,5117.62796913452,92,24
79,5291,3678.68115717452,87,8
68,2629,1416.38529643696,83,15
24,1542,170.101728294889,60,36
21,4181,409.598735077386,90,69
89,3531,2882.53925842298,89,0
14,6868,512.633196350857,76,62
35,4630,791.373737609592,67,32
3,9691,493.291518982124,81,78
38,7760,1492.79147455754,81,43
91,1387,1162.15249408966,91,0
63,6555,3062.68201441956,84,21
38,9196,1769.03484536484,61,23
69,5081,2811.20409965324,91,22
43,6911,1613.65407879979,73,30
24,8005,883.050800908292,71,47
47,4400,1194.56442625154,69,22
39,4421,884.39745636518,61,22
51,9876,3102.41380205865,81,30
39,8177,1635.76521164851,90,51
37,3734,690.652861012999,83,46
75,8371,5356.52474808977,87,12
39,8135,1627.36333579071,83,44
85,2188,1687.47547826227,96,11
42,3288,738.840334292439,82,40
72,2437,1454.51970262702,82,10
92,6026,5114.85591563894,99,7
66,3123,1592.29701709767,84,18
20,1356,127.716791486827,84,64
98,3674,3444.89529221868,99,1
32,5211,790.669098455126,83,51
60,5322,2266.83227029148,70,10
15,7318,567.525034488674,95,80
66,3394,1730.46944477409,69,3
78,8662,5905.0172784996,82,4
7,2214,127.771207865366,93,86
85,2219,1711.38395167458,90,5
15,8164,633.133968511278,85,70
64,1834,882.733080617976,87,23
96,2444,2208.40144870203,98,2
54,4397,1534.96461323974,99,45
83,7279,5437.66451533287,86,3
39,9036,1807.60357740687,77,38
51,4718,1482.0968325347,94,43
1,7740,374.869710767257,72,71
38,4849,932.802301563081,82,44
18,5806,505.654243653468,92,74
29,3730,502.175710763435,87,58
31,3186,464.538554121699,80,49
74,8091,5062.09500290697,91,17
90,7072,5849.49325543908,97,7
83,6203,4633.8553357068,86,3
49,6029,1761.90435337164,85,36
95,2157,1912.08206974143,96,1
46,6289,1644.91354035208,83,37
78,4267,2908.87886485313,84,6
56,7561,2825.83449113778,80,24
42,7960,1788.67672170554,65,23
42,3352,753.221654667961,71,29
52,4141,1347.95065146393,80,28
50,2828,857.010572596504,97,47
87,2639,2096.1448761936,95,8
90,9919,8204.34440055151,91,1
90,3013,2492.1554268436,92,2
99,4526,4310.47619047619,99,0
5,9686,523.250415496406,78,73
21,4782,468.476716369304,62,41
78,2459,1676.33773814714,84,6
59,7163,2955.11851941141,89,30
85,8373,6457.60154455666,87,2
35,3136,536.014695711378,74,39
40,2536,527.45678128931,77,37
60,6829,2908.7180709922,79,19
73,6054,3700.75085383774,88,15
45,4103,1033.59583435099,67,22
80,9075,6430.54127983467,95,15
5,9662,521.953904039467,78,73
44,7080,1717.32210238912,98,54
86,8118,6355.64362394663,88,2
66,1261,642.935170848595,73,7
33,5490,866.792470985144,91,58
35,9818,1678.12253906069,54,19
48,6509,1833.71129322747,93,45
78,3427,2336.23807589681,85,7
44,2221,538.724913757944,89,45
34,6200,1018.56126618603,79,45
33,1397,220.566317298041,83,50
33,4270,674.171921877334,71,38
44,4572,1108.98257798348,93,49
34,7923,1301.62272774063,89,55
1,5483,265.556928183058,67,66
94,8511,7425.31328608465,94,0
3,2624,133.566912166866,70,67
22,5224,532.394016335981,51,29
73,8143,4977.73607578473,79,6
25,3819,438.358087316599,67,42
93,9027,7764.61192179204,96,3
29,2567,345.599208989206,56,27
78,9849,6714.21325051288,79,1
18,7374,642.213984275004,94,76
71,4554,2652.01869242502,78,7
84,4650,3530.67289347826,85,1
69,6638,3672.6575110211,81,12
21,1675,164.094207427558,69,48
5,2084,112.580411510893,80,75
63,4825,2254.37692136909,88,25
28,1366,176.714154868812,87,59
81,3467,2502.06639242476,88,7
15,2773,215.051505962981,90,75
54,8224,2870.9458674741,65,11
30,5751,805.759500746277,43,13
5,3546,191.559567762777,62,57
86,7570,5926.61027756541,89,3
51,2185,686.388634821602,88,37
85,2193,1691.33168365135,85,0
69,4097,2266.77882233405,88,19
12,3504,242.448218670318,75,63
3,9165,466.517054119407,69,66
69,7348,4065.48469282661,70,1
3,3625,184.519838645155,60,57
94,4228,3688.66461914768,96,2
84,9804,7444.02517153997,86,2
91,8318,6969.56340723707,94,3
4,6180,323.744365063692,55,51
57,7756,2997.25135462319,69,12
78,5664,3861.23503410549,90,12
34,4968,816.163285550352,87,53
8,9117,544.825085482786,90,82
50,1601,485.17465584406,71,21
2,6265,310.624292385865,79,77
74,3540,2214.78387223961,75,1
6,4597,256.498916260201,90,84
73,5191,3173.20741365572,93,20
46,9231,2414.40561154239,72,26
2,4678,231.939415767131,54,52
63,6450,3013.62303478355,87,24
48,8387,2362.78024524486,85,37
88,7275,5859.49906981107,92,4
4,8230,431.135295222359,73,69
90,7947,6573.2357043233,90,0
98,2524,2366.60743537288,98,0
44,6962,1688.7000673493,88,44
21,3055,299.288241009666,61,40
48,6348,1788.35447678721,88,40
17,3855,322.935038080412,82,65
15,7478,579.933343523682,69,54
54,3768,1315.38473110924,73,19
12,2240,154.98972883034,88,76
97,5545,5108.06423111559,99,2
5,7412,400.405954951411,40,35
41,7737,1672.80202612935,79,38
92,6883,5842.275683263,97,5
53,5539,1867.57935282349,78,25
92,6274,5325.35778538312,95,3
60,2149,915.336818650204,75,15
37,4686,866.737896814921,76,39
70,1615,917.023096081524,85,15
51,5119,1608.0656391999,76,25
18,3180,276.951514780921,55,37
68,1427,768.80251731287,87,19
18,5770,502.518943486137,69,51
64,6015,2895.11422023835,83,19
3,7520,382.783223892846,70,67
2,8490,420.941778508538,88,86
74,3608,2257.32774323178,74,0
19,2128,192.720360753628,85,66
31,4690,683.831079356801,65,34
29,1791,241.125120101156,92,63
81,9625,6946.17508713247,83,2
50,9418,2854.07552076162,67,17
59,9949,4104.49171431301,67,8
70,1334,757.466755524925,86,16
87,2541,2018.30395240923,88,1
12,2001,138.452878298889,21,9
93,7486,6439.11430669494,95,2
68,1598,860.929518336347,83,15
69,4644,2569.42173564055,79,10
9,2476,153.341497662435,74,65
77,6991,4669.63548726552,79,2
25,5652,648.756195211683,89,64
99,6984,6651.42857142857,99,0
17,6849,573.743729134304,76,59
26,7238,864.567547003309,75,49
34,9056,1487.75658493236,90,56
83,6599,4929.6810189149,93,10
69,7978,4414.04965696389,76,7
71,6651,3873.20516541916,74,3
40,5806,1207.57652687923,72,32
3,7335,373.366349368887,66,63
82,5105,3749.60101476744,83,1
69,1076,595.326827637647,79,10
7,7705,444.659962331818,66,59
21,2437,238.744825970722,81,60
72,3681,2196.99918972921,86,14
59,3491,1440.22319576507,72,13
96,9436,8526.38137068427,99,3
7,8619,497.407425741458,82,75
50,1670,506.084744072193,67,17
20,4229,398.31438878893,82,62
74,7830,4898.80161571642,97,23
97,8791,8098.28542033132,98,1
16,3850,310.282561331737,69,53
36,9799,1742.42539869404,91,55
40,2397,498.546492409493,85,45
67,4054,2125.40986893699,79,12
66,1283,654.152120696865,94,28
16,4302,346.710539960814,77,61
72,7545,4503.22164805946,80,8
1,5667,274.468559550135,86,85
7,8319,480.094253943983,48,41
48,7627,2148.67353409831,86,38
51,9360,2940.31927777126,82,31
99,6609,6294.28571428571,99,0
80,1317,933.22566011485,83,3
38,9974,1918.69873289135,82,44
23,5917,627.351936236991,83,60
95,4116,3648.64617480562,96,1
35,3744,639.93591222685,60,25
48,5463,1539.03284604419,70,22
52,9805,3191.65808683984,77,25
79,5929,4122.26433205212,80,1
42,9482,2130.68249688592,59,17
65,4406,2183.32440994681,79,14
53,6974,2351.41693565464,80,27
21,2314,226.694922977535,72,51
47,1318,357.826344045347,52,5
99,2961,2820,99,0
58,8609,3438.31865769469,63,5
13,9871,709.26292250304,84,71
82,6016,4418.72668067403,85,3
43,3965,925.790540072517,67,24
86,6037,4726.41297829093,86,0
58,8303,3316.10637877094,84,26
6,7845,437.727648044655,78,72
59,1392,574.274044258087,89,30
41,9566,2068.2466307294,45,4
0,4204,271.71365596571,56,56
20,7090,667.78174899823,38,18
67,8783,4604.70519952481,92,25
50,7930,2403.14492245059,81,31
62,3803,1723.86441343062,65,3
50,6212,1882.51403004579,93,43
93,1726,1484.62614124438,93,0
20,1619,152.487821104109,81,61
32,5625,853.485641682995,75,43
64,1292,621.859945560755,91,27
18,9840,856.982045737191,29,11
67,8577,4496.70459937656,82,15
35,2743,468.841935693977,51,16
90,9948,8228.3312931431,96,6
62,1040,471.422295547684,74,12
54,2778,969.782054942005,82,28
99,8714,8299.04761904762,99,0
91,1361,1140.36737163376,93,2
10,4932,316.793582664879,90,80
87,3632,2884.87995086592,87,0
43,9180,2143.44442821329,73,30
69,4215,2332.06559339468,74,5
51,2259,709.634748769794,71,20
96,7619,6884.53790411652,96,0
67,2243,1175.94828219676,79,12
78,7635,5204.895742478,89,11
55,9599,3467.9772522193,75,20
90,3319,2745.25850039626,93,3
69,9696,5364.58078138905,86,17
30,7993,1119.88101016606,69,39
97,1318,1214.14403185038,97,0
48,3611,1017.28859730287,71,23
36,5356,952.386002184435,72,36
16,1267,102.111170183717,63,47
87,7174,5698.27333907272,95,8
75,6633,4244.39477411055,92,17
37,8876,1641.73401027086,92,55
59,8091,3337.96788225013,74,15
27,9460,1175.96004093852,81,54
69,3095,1712.39454603951,75,6
94,1649,1438.6489964462,98,4
63,9042,4224.6789892268,71,8
80,9881,7001.6725494266,90,10
27,6541,813.103026192267,90,63
44,6723,1630.72831841272,76,32
75,6651,4255.91280606201,92,17
96,3391,3064.1118300117,98,2
80,1806,1279.73085965635,88,8
5,1889,102.046255923262,82,77
97,4821,4441.11409525848,97,0
10,6094,391.431486772055,74,64
12,4727,327.069842937955,74,62
40,8926,1856.49811900173,58,18
54,8093,2825.21460426409,67,13
5,4924,266.000933915373,85,80
74,2197,1374.54242014419,86,12
46,9272,2425.12932837407,89,43
9,3000,185.793413969024,69,60
98,3913,3668.99163811968,98,0
41,6925,1497.2410535021,90,49
21,4730,463.382448437225,96,75
82,2472,1815.67359618122,82,0
63,9648,4507.81938598321,73,10
36,9909,1761.98523070306,68,32
38,8201,1577.62666016062,88,50
59,4873,2010.37170809602,69,10
66,9551,4869.68581821961,84,18
2,3638,180.375287422151,47,45
84,7809,5929.25260756381,87,3
93,5295,4554.51646459387,95,2
95,8972,7953.26858123324,95,0
42,8642,1941.9276669572,84,42
63,2378,1111.06908166128,91,28
88,9536,7680.57500064857,89,1
63,5984,2795.89461087516,71,8
62,7098,3217.45716711294,82,20
78,5930,4042.57128394166,87,9
62,8516,3860.22333546546,83,21
19,4876,441.590450674197,77,58
80,7290,5165.69101156967,87,7
9,3061,189.571213386394,87,78
46,8805,2302.98357812054,46,0
78,1568,1068.92947271847,89,11
94,3815,3328.34804211173,98,4
24,1170,129.065513686783,76,52
29,6449,868.238916545146,38,9
73,1461,893.094978106532,75,2
19,6840,619.458302422377,81,62
60,6104,2599.91435134521,74,14
87,2872,2281.21564396667,90,3
7,3038,175.324719735764,72,65
60,8778,3738.86765663634,65,5
77,2016,1346.586345634,87,10
5,5665,306.030725148373,16,11
18,4527,394.263996041897,81,63
28,1342,173.609367374777,84,56
80,4117,2917.30451229525,87,7
93,9176,7892.77489690526,98,5
76,1577,1031.35874471618,83,7
48,6912,1947.24419400649,90,42
61,7705,3386.50744175099,79,18
29,1773,238.701752059939,82,53
64,8898,4282.74751981393,76,12
12,6620,458.050002168238,83,71
57,4921,1901.6856518954,90,33
76,2905,1899.87137184559,91,15
59,4184,1726.12255831597,97,38
63,1323,618.143143413742,68,5
72,1059,632.062521576536,78,6
36,3151,560.300278730985,70,34
18,7887,686.892011659474,83,65
12,6565,454.244450790708,66,54
52,9449,3075.77534549206,75,23
4,7103,372.096476544887,78,74
73,3243,1982.41410951368,78,5
10,1263,81.1253639306048,82,72
17,5483,459.313310971439,78,61
0,1120,72.388033939485,86,86
0,5519,356.704963671445,62,62
79,5438,3780.8860579692,84,5
50,6235,1889.48405945516,61,11
79,6569,4567.23804979766,80,1
99,1084,1032.38095238095,99,0
86,5097,3990.47986588519,88,2
69,7056,3903.92759833758,76,7
40,7930,1649.34237997801,60,20
9,1886,116.802126248527,79,70
52,6237,2030.2265668149,86,34
61,5075,2230.56784774643,83,22
48,9674,2725.35305741013,71,23
93,3608,3103.43633696972,95,2
85,1216,937.829150624734,94,9
71,6997,4074.69802171671,76,5
18,7084,616.957399593725,90,72
69,6427,3555.91591192115,93,24
52,8258,2688.08898328643,76,24
90,2923,2417.71334638694,92,2
66,6831,3482.86292788799,80,14
79,9033,6280.38686311802,86,7
65,8939,4429.58168418396,67,2
77,7662,5117.82965290064,79,2
41,5042,1090.12121180615,89,48
48,7049,1985.83974588423,60,12
1,2091,101.272941242162,10,9
4,3783,198.175555507434,81,77
54,8945,3122.64236193529,56,2
65,7671,3801.24411000953,79,14
71,8343,4858.54017367193,81,10
24,6440,710.411887301611,82,58
95,2396,2123.94466346799,95,0
21,4672,457.700380359136,91,70
67,8616,4517.15131493861,71,4
12,2816,194.844230529571,49,37
91,9767,8183.6650394908,96,5
98,9618,9018.23704968952,98,0
38,4629,890.480893779234,72,34
16,2630,211.95925618246,88,72
65,2392,1185.31819986218,92,27
36,5987,1064.58831125433,79,43
33,4393,693.591862484105,77,44
99,1623,1545.71428571429,99,0
11,7404,493.480476227108,66,55
56,2230,833.436174479203,87,31
70,7330,4162.09244227713,79,9
96,9317,8418.85282224092,96,0
37,1403,259.503471880353,80,43
18,3260,283.918848486102,62,44
11,6418,427.763060025065,65,54
45,2659,669.834590187494,71,26
21,3465,339.454584320293,74,53
55,7073,2555.37067454392,96,41
25,6883,790.054651741334,67,42
33,6143,969.891830466619,78,45
99,7617,7254.28571428571,99,0
73,8930,5458.82146097969,87,14
16,9692,781.106125825246,70,54
47,8108,2201.25644728352,92,45
11,4619,307.858768191925,77,66
32,2220,336.842333250889,83,51
52,9343,3041.27093374244,75,23
41,6186,1337.46327176376,73,32
48,4665,1314.22079934032,87,39
8,6957,415.745104716875,84,76
71,6188,3603.57744152966,95,24
74,4913,3073.79467918452,86,12
40,7777,1617.52026344123,61,21
79,6348,4413.58306288865,88,9
90,6157,5092.66543746301,92,2
88,5109,4114.93893438691,95,7
97,6840,6301.02062052852,97,0
94,6173,5385.55503642351,98,4
33,8365,1320.71384695642,68,35
2,4766,236.302534319398,85,83
78,4640,3163.15864375873,81,3
35,2565,438.417632174645,85,50
83,9793,7315.70938297222,85,2
80,2358,1670.87783337192,87,7
50,9756,2956.50464860378,93,43
73,7821,4780.90063228692,94,21
57,2416,933.646115622695,85,28
27,3634,451.73771551486,75,48
8,9105,544.107974478531,70,62
23,7498,794.977998631901,84,61
39,8333,1666.97217912035,56,17
41,9489,2051.59860746303,76,35
47,3470,942.076945248372,61,14
98,2753,2581.32736512739,99,1
71,9992,5818.83416221143,95,24
44,6392,1550.44108452984,67,23
0,2474,159.89999639847,77,77
15,7580,587.843640533499,49,34
57,9318,3600.87520917727,93,36
72,1355,808.72966641757,94,22
3,3873,197.143540709707,54,51
0,1834,118.535405575907,77,77
54,5928,2069.42693365594,56,2
34,4426,727.12131679667,91,57
67,6987,3663.1077341546,79,12
69,3425,1894.97619392095,84,15
83,5311,3967.500513935,83,0
90,4352,3599.68815719328,91,1
65,6327,3135.24592413379,78,13
15,8654,671.13441493099,33,18
40,8112,1687.19613951849,77,37
1,8109,392.741406280579,48,47
48,2015,567.664503895122,87,39
44,3936,954.714660311241,97,53
46,3909,1022.41485597651,68,22
98,4888,4583.19221240199,99,1
50,9648,2923.7758148554,84,34
27,8283,1029.64873351942,90,63
47,2750,746.602766407211,88,41
7,6599,380.832068971793,37,30
90,1928,1594.71479022717,91,1
41,9043,1955.16979737466,64,23
44,1106,268.270938593555,67,23
80,8650,6129.38645405729,87,7
30,3725,521.90125896016,60,30
44,9217,2235.67200815262,88,44
66,3315,1690.19039759167,79,13
95,6522,5781.45538194418,95,0
63,4236,1979.17940702994,68,5
44,6141,1489.55862016548,80,36
88,9247,7447.80589670693,90,2
6,7236,403.74726083507,74,68
47,9812,2663.87867054093,83,36
48,6307,1776.80398315957,90,42
8,4528,270.589885605578,74,66
87,2033,1614.80202095551,91,4
41,2668,576.84319577525,91,50
57,2724,1052.67053764744,79,22
41,5169,1117.57963979096,68,27
77,7652,5111.15015713857,82,5
97,8886,8185.79959561644,97,0
49,9094,2657.61456121442,79,30
35,4113,703.006518960746,85,50
90,3406,2817.21917817103,95,5
4,7103,372.096476544887,91,87
75,1951,1248.42668540475,87,12
99,5478,5217.14285714286,99,0
31,8254,1203.48437718785,82,51
5,4370,236.073127784358,83,78
91,6206,5199.94115235793,92,1
34,9173,1506.97782172975,82,48
88,1275,1026.92251738957,88,0
37,2610,482.754142272075,59,22
62,1255,568.879789338791,75,13
98,9811,9199.20188131669,99,1
67,4366,2288.98359343338,76,9
89,8939,7297.37140499661,94,5
74,7959,4979.50984156922,97,23
31,2644,385.5115935649,68,37
4,4475,234.426542663434,96,92
52,7651,2490.5023990221,56,4
67,6041,3167.14381308544,77,10
41,1808,390.904234618311,68,27
46,3954,1034.18478908446,76,30
32,1406,213.333477725563,60,28
6,2769,154.501957608113,84,78
23,3623,384.129806487514,88,65
57,1237,478.029902742249,67,10
95,7974,7068.5871229106,97,2
99,4198,3998.09523809524,99,0
76,8486,5549.84800739472,81,5
15,3919,303.926019426225,67,52
58,2872,1147.03812114057,67,9
44,3696,896.500351755678,83,39
90,4326,3578.18266728358,90,0
18,7061,614.954291153486,78,60
5,3803,205.443044614168,89,84
68,6837,3683.4637777632,75,7
34,5106,838.83448792675,80,46
39,9788,1958.03716419416,73,34
58,4839,1932.63143043148,90,32
16,7938,639.746226454891,88,72
65,6986,3461.80307033328,80,15
94,8454,7375.58436383029,94,0
63,3358,1568.95289159739,77,14
0,6561,424.05168810443,88,88
53,4797,1617.39991974983,86,33
16,7992,644.098241600843,41,25
94,6094,5316.63249505344,96,2
61,6671,2932.04297779635,82,21
67,1370,718.256418461687,86,19
41,5366,1160.17263438156,86,45
84,5909,4486.61207044366,86,2
24,9760,1076.64907143847,67,43
80,8524,6040.10290570917,89,9
21,6822,668.32876601242,44,23
43,4615,1077.55948106801,71,28
86,1085,849.454709532162,95,9
84,2493,1892.89624160028,84,0
45,7646,1926.1208260901,57,12
59,5756,2374.65617726261,69,10
0,4572,295.498295688684,62,62
86,5476,4287.20183354665,91,5
34,8061,1324.29393011703,92,58
15,2862,221.953627863704,87,72
44,8773,2127.97553732483,74,30
44,6101,1479.85623540622,47,3
90,6206,5133.19501460053,96,6
88,3322,2675.6365511907,89,1
36,7997,1421.99978705544,52,16
93,9676,8322.85199460062,97,4
39,2913,582.730104137474,82,43
72,1438,858.268088788536,76,4
66,9202,4691.7442047175,80,14
57,4034,1558.91077418127,73,16
73,1707,1043.47236661728,80,7
22,9908,1009.75496053922,82,60
86,7710,6036.21733685988,88,2
76,9786,6400.04862130152,80,4
53,9323,3143.42702768973,68,15
45,7320,1843.99744271247,89,44
33,2239,353.506073321628,98,65
72,2919,1742.20066145601,91,19
30,2929,410.375513421291,52,22
27,1653,205.482235483232,93,66
14,3921,292.666680677302,79,65
57,5757,2224.75194024829,96,39
86,3879,3036.89845002328,94,8
4,6310,330.554521610339,81,77
1,9795,474.399071959338,82,81
45,2382,600.054905538402,87,42
81,6984,5040.21681127617,86,5
82,1914,1405.82494461604,83,1
3,4761,242.344538424713,72,69
67,2730,1431.27008934336,89,22
6,6561,366.08427008553,75,69
92,8461,7181.67870929656,99,7
68,1116,601.249901416372,81,13
67,1911,1001.88906254035,70,3
27,1079,134.129057523537,92,65
20,2278,214.556674783917,86,66
74,6804,4256.88967986393,85,11
94,1029,897.737912276008,94,0
89,5685,4640.96167774983,90,1
22,6603,672.93217646755,79,57
3,3535,179.93865644431,30,27
46,1781,465.827797005416,90,44
12,1840,127.312991539208,73,61
37,8696,1608.44062114864,96,59
22,1265,128.920067125769,72,50
36,6569,1168.07760424749,56,20
51,8837,2776.02579675904,71,20
43,6558,1531.23186930531,81,38
72,9875,5893.8785652203,90,18
28,8887,1149.67693581196,71,43
84,3837,2913.37460048948,84,0
71,3363,1958.44068129674,74,3
13,9655,693.742631624643,76,63
73,5034,3077.23485269561,74,1
21,7072,692.820438762802,74,53
91,7739,6484.42548793072,97,6
74,4418,2764.10032416797,74,0
32,1189,180.407898304192,71,39
3,7229,367.97073477678,60,57
69,4573,2530.13901746,69,0
18,8575,746.811081524025,52,34
95,3517,3117.66000893862,98,3
67,5974,3132.01740429936,83,16
97,9184,8460.31774545818,97,0
57,8018,3098.49940192996,91,34
18,1374,119.663956386474,73,55
77,5863,3916.18836530364,91,14
4,2935,153.752380495459,74,70
28,2899,375.032456050282,80,52
63,3908,1825.92849921459,80,17
50,6709,2033.12727423973,99,49
81,2810,2027.92228517841,90,9
93,6200,5332.95601142247,99,6
60,4081,1738.24548948882,61,1
88,9753,7855.35318596115,90,2
90,4185,3461.55674123481,94,4
59,8054,3322.70341411971,85,26
42,4449,999.726474229642,73,31
50,7712,2337.08116543997,62,12
27,2798,347.815665385409,83,56
32,4190,635.751971315866,93,61
51,8714,2737.38698573705,76,25
31,7722,1125.91547863395,78,47
92,2720,2308.73018429106,93,1
32,5666,859.706603693484,85,53
98,6714,6295.3258007502,99,1
61,2783,1223.18627000558,68,7
24,9921,1094.40936862101,75,51
30,4704,659.066717355327,86,56
8,7551,451.2420994275,76,68
41,7286,1575.29217556914,71,30
37,6888,1274.02702374331,52,15
18,5205,453.312149193301,79,61
53,4917,1657.86020542212,59,6
59,6342,2616.4123481931,77,18
78,2154,1468.414594538,85,7
27,8010,995.712465953227,66,39
7,7246,418.170809481681,54,47
92,2285,1939.50311437686,94,2
51,4782,1502.20157973314,81,30
12,3053,211.242697374567,84,72
1,3388,164.09025582422,80,79
75,6338,4055.62702823951,94,19
30,3664,513.354688008061,88,58
39,3478,695.755338891223,76,37
54,8559,2987.8922275913,83,29
6,9638,537.7717108801,72,66
91,5051,4232.1789817209,96,5
43,8612,2010.82172285108,82,39
8,5212,311.465212848117,79,71
98,1005,942.329822721769,98,0
78,4876,3324.04343684646,81,3
10,7748,497.671670415143,70,60
20,7943,748.122769011698,88,68
25,6836,784.659828461972,60,35
2,1539,76.3049937720424,46,44
14,2247,167.717937128768,76,62
70,5957,3382.4808565682,77,7
63,2585,1207.78535580085,96,33
57,5842,2257.59958918369,77,20
11,8525,568.195713105901,82,71
69,4162,2302.74187418948,72,3
63,3840,1794.15696954556,73,10
53,2517,848.654491976302,95,42
40,9819,2042.23112597781,69,29
75,6920,4428.04339466984,98,23
84,8944,6791.04050736979,84,0
70,4570,2594.91984463936,86,16
14,3282,244.97119254856,91,77
26,6907,825.03012533184,86,60
77,5329,3559.50329160892,81,4
90,6055,5008.2977462788,90,0
0,7016,453.459326892346,72,72
78,3147,2145.35781291137,89,11
22,1725,175.800091535139,85,63
25,2957,339.414732703636,80,55
72,3124,1864.55459622767,73,1
9,8562,530.254403467595,79,70
15,5783,448.482819684067,85,70
3,7728,393.370844979244,87,84
6,5985,333.945184645922,87,81
99,8516,8110.47619047619,99,0
16,8470,682.621634929822,43,27
84,3510,2665.08857120617,91,7
3,8011,407.77611789968,79,76
18,9641,839.650803145554,66,48
94,4733,4129.24542157662,94,0
77,7885,5266.78240839488,93,16
6,4094,228.433013523877,70,64
85,9773,7537.33905349961,85,0
9,7374,456.680211535862,70,61
62,9163,4153.50239817637,63,1
59,5280,2178.28085753068,82,23
68,9743,5249.08404077035,98,30
40,9278,1929.70978580529,54,14
68,9929,5349.29235767308,80,12
20,6007,565.777851372689,79,59
24,9683,1068.15501626421,69,45
17,1235,103.456490798783,81,64
10,7519,482.962479330338,89,79
81,7204,5198.98652755349,82,1
73,8689,5311.50052345493,80,7
68,2874,1548.38012246474,85,17
93,6829,5873.99300032324,93,0
10,1637,105.148234959937,54,44
12,5427,375.504133197436,55,43
11,2227,148.430715904615,85,74
94,7504,6546.76899292436,96,2
70,9139,5189.27187312016,76,6
93,3013,2591.64459071224,96,3
94,4403,3841.34113484088,98,4
95,8727,7736.08726130433,95,0
15,7612,590.325302340501,71,56
93,7167,6164.7251183653,99,6
37,7953,1471.01290938307,58,21
55,1878,678.493726395233,95,40
60,9576,4078.76471633055,77,17
29,8147,1096.84330176668,80,51
57,4149,1603.35171097623,83,26
0,5908,381.846879030784,70,70
12,7779,538.243348469294,68,56
93,8198,7051.54409381313,95,2
44,6664,1616.41730089281,69,25
62,7891,3576.91666746805,83,21
37,4256,787.203689467414,92,55
50,9996,3029.23539026685,92,42
47,8884,2411.93417336788,83,36
98,6351,5954.96189463279,98,0
23,9660,1024.20478351349,86,63
21,3315,324.759580670063,64,43
35,9016,1541.04225017021,81,46
51,2915,915.708407553763,56,5
56,4140,1547.27612661161,86,30
53,1274,429.553366220822,54,1
92,6491,5509.54692140929,98,6
53,8742,2947.53181122639,93,40
5,4879,263.569974933612,91,86
9,2508,155.323294078104,71,62
72,1993,1189.51898536547,78,6
84,9411,7145.62636570406,93,9
60,5901,2513.44930984405,74,14
24,7558,833.741155935649,58,34
70,9138,5188.70405696159,94,24
77,6636,4432.51338771191,85,8
37,5777,1068.53282755011,66,29
96,9222,8333.01070373573,96,0
43,4579,1069.15381664365,73,30
50,4298,1302.48636528281,53,3
40,6741,1402.0450168262,83,43
98,2345,2198.76958635079,98,0
58,4102,1638.28355603016,69,11
16,5049,406.913416146478,78,62
34,1091,179.233926033702,99,65
56,7516,2809.01627237026,80,24
8,8334,498.033592455143,76,68
94,9355,8161.65031034213,96,2
96,1248,1127.69435678402,97,1
63,3402,1589.51094020677,84,21
1,4273,206.953265388694,59,58
85,5022,3873.17269279393,95,10
40,2487,517.26538448995,90,50
27,7581,942.384045492062,89,62
84,8986,6822.93045608508,85,1
95,7752,6871.79425342399,97,2
23,7025,744.828012855309,81,58
41,7946,1717.98951785238,53,12
57,7699,2975.22410769004,79,22
44,8885,2155.14221465076,93,49
15,8677,672.918109354772,79,64
5,1733,93.6189314531563,69,64
21,6602,646.776093992084,82,61
71,3822,2225.73900800361,81,10
49,2535,740.823940254954,81,32
76,9168,5995.87632945967,94,18
55,9361,3381.99135931085,81,26
87,6658,5288.41704649375,87,0
50,6999,2121.01025374927,89,39
54,6930,2419.21873317066,62,8
45,4360,1098.33727462109,55,10
45,9678,2438.00645499608,89,44
33,7097,1120.51478444109,60,27
76,6964,4554.45928865152,80,4
84,9431,7160.81205556848,92,8
67,4971,2606.16982202412,86,19
2,7571,375.376938172926,81,79
85,3543,2732.50713870348,86,1
52,6907,2248.32049013797,85,33
13,1375,98.7981479527586,81,68
99,6676,6358.09523809524,99,0
75,8480,5426.27283046246,83,8
42,6030,1354.99002913121,88,46
29,1013,136.381768097416,97,68
32,1584,240.341556697931,59,27
11,8541,569.262121482405,76,65
46,4911,1284.49203318001,63,17
21,4530,443.789110236919,82,61
67,8610,4514.0056663906,84,17
86,2668,2088.79738712609,87,1
51,9840,3091.10488175953,74,23
63,6160,2878.12680531266,66,3
43,2243,523.719591773684,77,34
9,4856,300.737606077861,56,47
84,4187,3179.12417311687,91,7
11,8178,545.067981440477,82,71
50,8405,2547.09118199208,90,40
27,7811,970.975040144901,78,51
88,5780,4655.38207883271,89,1
6,6756,376.964689635397,64,58
96,1528,1380.70270606248,98,2
99,5732,5459.04761904762,99,0
65,6978,3457.83879541735,83,18
36,4499,799.99712916874,71,35
92,7642,6486.51326042363,96,4
4,1874,98.1710259108993,67,63
9,2824,174.893533682842,80,71
37,5969,1104.04577594713,86,49
11,6075,404.901930453766,98,87
68,1508,812.441623060833,97,29
65,2764,1369.65698345279,82,17
51,6264,1967.75213204692,85,34
29,5233,704.526942205109,92,63
18,1438,125.237823350618,73,55
55,7766,2805.74136271852,82,27
56,6616,2472.65189701991,74,18
67,2673,1401.38642813729,67,0
29,1038,139.747557043551,78,49
80,5328,3775.41861586327,84,4
1,9639,466.843558408991,82,81
24,4986,550.017650634446,90,66
24,1690,186.427964214243,86,62
87,5768,4581.4943713091,95,8
57,7511,2902.5728371035,86,29
34,3442,565.465786808436,83,49
79,2218,1542.11204056191,85,6
3,6828,347.559022970792,87,84
89,3714,3031.93169237693,94,5
24,2984,329.172216103728,84,60
55,1020,368.510969607635,77,22
79,8047,5594.84922921629,82,3
9,5034,311.761348640023,79,70
82,6487,4764.67419839303,94,12
25,6090,699.031356836368,71,46
88,8258,6651.23619498279,92,4
28,2502,323.674096253124,57,29
66,9926,5060.88382699695,82,16
11,8592,572.661298182511,75,64
8,3691,220.571393058787,82,74
60,1906,811.834330547831,90,30
63,5226,2441.73550074091,74,11
39,1666,333.2744090261,72,33
25,5832,669.417220536896,72,47
60,8292,3531.86268043159,62,2
94,1201,1047.79711627161,97,3
19,1186,107.408998051599,59,40
35,7113,1215.77567939893,73,38
83,1965,1467.9228977372,88,5
49,6580,1922.92762401483,85,36
74,2159,1350.7679040015,92,18
88,7484,6027.83381972042,93,5
84,4677,3551.17357479523,91,7
29,8448,1137.36740067815,84,55
44,6023,1460.93658512566,94,50
28,6736,871.41035665909,81,53
81,9944,7176.39117573458,82,1
46,9445,2470.37818232238,79,33
14,8883,663.034461733352,64,50
42,2892,649.855914468897,73,31
57,6129,2368.50870970675,76,19
47,4904,1331.39635144035,61,14
31,6682,974.27703033308,80,49
49,7718,2255.49474196755,61,12
50,4791,1451.88743044903,60,10
70,2221,1261.11968817156,72,2
99,6609,6294.28571428571,99,0
63,6667,3115.01159269797,80,17
65,2762,1368.66591472381,76,11
47,6841,1857.27619090608,89,42
43,5453,1273.22466961297,76,33
57,7696,2974.06477890408,82,25
42,1856,417.058290890136,68,26
66,1843,939.674480471023,81,15
67,2830,1483.69756514348,95,28
42,4225,949.391852915315,75,33
38,8366,1609.3677159985,71,33
59,5222,2154.35277235326,81,22
47,4555,1236.6456730854,76,29
86,4442,3477.67540990034,91,5
81,3345,2414.0213679437,84,3
83,3442,2571.29293333916,85,2
19,4326,391.780207058363,67,48
80,3367,2385.85481974693,87,7
22,3257,331.930955437651,33,11
2,9900,490.850837130098,82,80
12,9109,630.268499962309,76,64
78,1528,1041.66086372055,92,14
8,3337,199.416618433263,82,74
29,9369,1261.36306545379,85,56
63,3829,1789.01745739321,70,7
79,2935,2040.62165872372,86,7
63,5208,2433.32538994616,72,9
43,2996,699.538072650003,81,38
81,3805,2745.99441106899,84,3
35,7120,1216.97214077328,86,51
19,8929,808.646664083246,84,65
71,7490,4361.79622447594,72,1
45,1302,327.989709072628,76,31
22,4607,469.513635769499,56,34
72,2987,1782.78635689246,78,6
28,7558,977.749328329781,88,60
34,7940,1304.41555701888,81,47
89,9920,8098.21281324157,89,0
74,6058,3790.15838927332,77,3
43,7672,1791.34048510375,94,51
94,9713,8473.98283958879,95,1
64,7994,3847.63808422034,98,34
90,7853,6495.48508695746,98,8
35,9847,1683.07930761159,85,50
72,1191,710.846518600241,93,21
12,7663,530.217094654866,77,65
82,9093,6678.77023061319,93,11
90,4107,3397.0402715057,96,6
79,6523,4535.2555638347,97,18
99,5063,4821.90476190476,99,0
47,6237,1693.29507421155,63,16
59,8396,3463.79660602795,90,31
43,6440,1503.67996924767,64,21
0,2810,181.616406580315,62,62
99,2428,2312.38095238095,99,0
5,3379,182.538008874908,90,85
94,8599,7502.08776254751,99,5
22,5445,554.916810671787,62,40
16,1939,156.269580888893,91,75
79,3457,2403.55334725994,94,15
78,1497,1020.52769174716,78,0
90,9992,8264.72519914414,93,3
62,6377,2890.63459491113,87,25
66,4358,2221.97579267104,85,19
76,7167,4687.22138451543,93,17
3,6885,350.460438364661,65,62
58,6510,2600.00632612294,72,14
84,6674,5067.46470775783,87,3
17,4740,397.071875616382,30,13
78,2312,1576.12560007978,85,7
72,4898,2923.36376834927,76,4
72,8006,4778.36878918012,91,19
82,4259,3128.21757529766,82,0
92,8397,7127.35564613677,95,3
10,8182,525.548477973245,83,73
28,3878,501.681912577784,95,67
10,3717,238.751367957291,23,13
80,1900,1346.33922112241,90,10
80,5741,4068.07024655987,86,6
17,1376,115.268122541802,91,74
52,4475,1456.67209980707,61,9
98,9615,9015.42412484558,98,0
66,1242,633.247805070543,86,20
54,7702,2688.71900185865,72,18
60,6904,2940.66328336948,89,29
81,1749,1262.21924440464,83,2
69,9431,5217.96218536305,89,20
7,2422,139.775006978282,66,59
28,5794,749.547447518226,74,46
81,7608,5490.54546108092,90,9
84,7469,5671.09587986863,90,6
24,6624,730.709369795943,80,56
55,5439,1965.03055264306,62,7
84,5262,3995.35500332959,89,5
36,2306,410.045205570819,88,52
5,8752,472.794511297187,86,81
65,1493,739.832806184882,85,20
46,8578,2243.61080444271,80,34
49,1983,579.508431371035,87,38
84,3551,2696.21923542824,91,7
54,7253,2531.97596994038,85,31
98,4726,4431.29427082893,98,0
34,3895,639.886472870093,85,51
16,9543,769.097787737343,70,54
39,7639,1528.14118280335,80,41
23,7852,832.510968959414,75,52
29,4924,662.925790830873,75,46
77,8698,5809.82541385145,84,7
90,9202,7611.2891595801,97,7
50,6557,1987.06447118645,88,38
82,9386,6893.97749747448,92,10
89,7355,6004.26968159191,94,5
72,8693,5188.40368278076,91,19
86,3666,2870.1391383824,92,6
14,2754,205.560836160492,92,78
78,4497,3065.67336659117,81,3
53,6432,2168.67131203479,82,29
38,7640,1469.7070703118,43,5
35,3241,553.961616326715,85,50
81,8495,6130.67608988991,90,9
76,4399,2876.94807736618,80,4
78,7716,5260.11467569879,88,10
89,3370,2751.10657062743,93,4
2,7143,354.156316123261,87,85
41,9551,2065.00350931387,75,34
80,9491,6725.31870930147,81,1
55,6899,2492.50703855203,71,16
11,9346,622.91579292525,81,70
61,9526,4186.87474239065,74,13
80,4704,3333.25247166306,84,4
81,3572,2577.84284792075,87,6
3,6264,318.850281178828,69,66
23,4821,511.148163697572,85,62
42,5365,1205.5591221043,88,46
6,8865,494.64061184396,70,64
84,4006,3041.69367984385,88,4
43,5930,1384.59972323582,90,47
20,8802,829.028907571569,72,52
43,9746,2275.6001522186,71,28
29,9636,1297.30969139852,90,61
85,9283,7159.43092536958,88,3
12,9793,677.595720730145,61,49
61,5682,2497.35694795965,81,20
87,6199,4923.83557693223,95,8
85,7998,6168.38614037551,87,2
80,9698,6871.99882444481,83,3
98,2826,2649.77520299673,98,0
64,7084,3409.64075414272,66,2
71,1929,1123.35179132364,79,8
64,9036,4349.16909294658,69,5
98,4279,4012.16846908104,98,0
11,2414,160.894363805002,74,63
69,1952,1079.99811110473,77,8
50,2072,627.908736357835,76,26
16,4647,374.515081171061,82,66
9,7016,434.508864135558,85,76
5,6904,372.963129112863,97,92
10,9548,613.289766278238,87,77
93,2257,1941.36801899686,94,1
61,7021,3085.87524315817,79,18
97,5930,5462.7269414816,99,2
32,4218,640.000433176688,89,57
54,2037,711.103688235013,64,10
71,9212,5364.60171159845,83,12
38,4777,918.95165901564,78,40
17,1718,143.917612301465,93,76
66,3371,1718.74263356908,66,0
42,7714,1733.39852151213,83,41
7,2022,116.690777914982,8,1
86,8320,6513.79095235723,90,4
65,7354,3644.15971646592,86,21
71,1185,690.083915354338,90,19
25,6994,802.795617358548,93,68
68,9746,5250.7003039462,81,13
79,3309,2300.65317503128,79,0
5,9648,521.197605689586,68,63
50,3485,1056.11097789916,82,32
91,5523,4627.66274322798,94,3
79,8932,6210.1644482863,88,9
17,7614,637.828114123024,71,54
35,4393,750.864973934976,62,27
55,8778,3171.36205021158,82,27
18,1955,170.264217420346,37,19
12,9956,688.873991176281,87,75
55,8326,3008.0611107384,68,13
91,9246,7747.1247010476,92,1
20,9765,919.730434269072,69,49
48,6496,1830.04894158943,90,42
78,5579,3803.28923998491,82,4
43,6488,1514.88752181349,71,28
80,8003,5670.92251928561,90,10
45,5586,1407.18165505353,87,42
2,4321,214.239037094864,84,82
6,5510,307.441598562913,67,61
71,1844,1073.85210119274,88,17
42,8505,1911.14265302834,88,46
19,1492,135.121606317864,84,65
43,2202,514.146473957045,70,27
94,7648,6672.39995440904,95,1
58,5337,2131.5259235819,68,10
47,5693,1545.60347242046,75,28
90,2356,1948.72823950997,90,0
11,7509,500.478781197914,91,80
48,1573,443.144548201998,87,39
93,4262,3665.97718075525,93,0
76,3335,2181.09157490707,87,11
23,4633,491.215399794825,58,35
84,5638,4280.84597278074,90,6
43,9150,2136.43970785966,78,35
37,9208,1703.14181687405,80,43
88,1481,1192.84097902271,89,1
34,3591,589.944114011939,70,36
82,8599,6315.92930969348,96,14
70,9070,5150.09255817921,78,8
95,5633,4993.39744963072,97,2
49,9394,2745.28603343394,77,28
73,2025,1237.8626493263,98,25
92,4885,4146.37755524332,94,2
6,4900,273.405414329995,80,74
13,6316,453.82480179609,92,79
86,5643,4417.94739713363,99,13
6,2804,156.454853424756,69,63
1,1281,62.042390115356,34,33
17,9099,762.227214395245,77,60
35,6327,1081.43015936412,87,52
1,8735,423.060326040308,58,57
32,9477,1437.95260910751,80,48
0,5734,370.600880900899,33,33
93,8566,7368.08083771692,95,2
88,2626,2115.05767110981,89,1
49,6391,1867.69459651653,82,33
26,4452,531.784293901455,84,58
43,5048,1178.66094483886,69,26
20,2902,273.329003609713,84,64
35,3106,530.887004106997,69,34
93,4803,4131.32060046163,93,0
83,9714,7256.6936532413,84,1
22,3036,309.408161101845,69,47
32,9493,1440.38030159941,40,8
20,4105,386.635272163291,69,49
81,6254,4513.39002544691,94,13
74,4761,2978.69661461378,78,4
60,2521,1073.78507204149,98,38
53,4140,1395.87985569404,83,30
7,7127,411.303251335349,81,74
1,7220,349.684665599431,76,75
70,9243,5248.32475361085,76,6
11,3431,228.677946236522,84,73
67,7318,3836.64267905301,83,16
98,3897,3653.98937228531,98,0
24,9730,1073.33969929265,84,60
51,7330,2302.62182757087,91,40
95,7940,7038.44767443066,98,3
93,8108,6974.13021622797,95,2
15,8577,665.162916207892,78,63
88,5558,4476.57674639312,89,1
25,3977,456.493876213175,73,48
2,2689,133.323020307357,74,72
82,1904,1398.47998670269,82,0
95,4577,4057.30163801879,97,2
49,7045,2058.81840595509,76,27
21,5480,536.85746668837,80,59
25,3037,348.597410625952,65,40
87,7130,5663.32435288382,94,7
54,1572,548.775158520098,76,22
65,6650,3295.30352386434,75,10
88,9205,7413.97786083998,95,7
11,8175,544.868029869882,74,63
12,1349,93.3397965143434,81,69
90,5558,4597.21203531256,93,3
81,9880,7130.20362190845,87,6
2,4514,223.808149374269,78,76
55,4059,1466.45688787979,86,31
99,6137,5844.7619047619,99,0
23,7427,787.450199498417,85,62
77,7623,5091.77961942855,95,18
75,8438,5399.39742257573,86,11
88,2653,2136.80426559571,93,5
65,6075,3010.37126428209,90,25
96,8049,7273.08644050845,97,1
38,1532,294.710894203885,94,56
95,9147,8108.39809546817,96,1
47,9287,2521.34541513592,90,43
57,1073,414.653262443358,60,3
65,3913,1939.02596825281,86,21
29,5629,757.841039111897,62,33
35,7661,1309.44151270563,77,42
91,5519,4624.31118592707,93,2
67,1097,575.129409527351,69,2
14,3582,267.363440496326,58,44
69,8720,4824.58172583669,69,0
76,5736,3751.34670874571,88,12
80,7543,5344.96670785597,90,10
78,6787,4626.8012317221,78,0
30,4910,687.928907783728,40,10
28,6221,804.786791682927,55,27
37,8436,1560.35017019434,73,36
92,6139,5210.77007403044,94,2
72,2448,1461.08503571233,78,6
60,3108,1323.8096009143,72,12
51,8056,2530.68505360313,91,40
60,8284,3528.45519111135,96,36
72,5921,3533.93974528298,72,0
23,9508,1008.08893184744,90,67
80,3892,2757.86960453075,89,9
26,8841,1056.04333836091,75,49
70,7009,3979.82345537796,86,16
87,5211,4139.07197796319,89,2
52,9819,3196.21527329734,97,45
7,4601,265.526344800609,93,86
6,8433,470.536297764254,70,64
58,1250,499.2331655382,70,12
89,3066,2502.93553280228,89,0
98,3740,3506.77963878549,98,0
55,3812,1377.21942759245,89,34
81,2148,1550.16977528941,85,4
55,7850,2836.0893249215,87,32
68,9838,5300.26570800562,72,4
91,5639,4724.8579049543,91,0
31,6235,909.101658803764,82,51
97,1375,1266.65253702145,99,2
89,1700,1387.79856678535,89,0
44,3500,848.958666435301,63,19
50,7090,2148.58732662985,67,17
24,4338,478.535212284843,52,28
55,7250,2619.31816632878,63,8
7,4606,265.8148976639,81,74
18,5838,508.441177135541,53,35
38,6281,1208.27619222885,81,43
18,4965,432.410148077759,76,58
75,5056,3235.28719703045,84,9
68,2705,1457.33063022517,88,20
26,2291,273.656293200412,73,47
25,5312,609.729814041837,83,58
32,4454,675.808897432188,89,57
31,8451,1232.20819864485,87,56
63,9416,4399.4224024065,64,1
12,5987,414.251565405022,87,75
62,3939,1785.51194438685,68,6
66,8087,4123.24879195288,81,15
15,8713,675.709978887649,82,67
7,4553,262.756237313013,87,80
96,2945,2661.105673661,98,2
4,7531,394.517607329233,87,83
51,8269,2597.59616537292,77,26
70,5608,3184.31301722922,70,0
8,9432,563.649249344482,88,80
25,2934,336.774712800969,77,52
41,6747,1458.7560127045,47,6
61,8139,3577.25945079965,86,25
24,6975,769.429023901978,93,69
59,1522,627.905959310926,86,27
60,8040,3424.52676684395,91,31
18,4629,403.147346516002,38,20
97,5737,5284.93498537604,98,1
22,8834,900.300294852997,65,43
89,9858,8047.59898315881,92,3
63,7150,3340.68289902363,69,6
34,3675,603.743976328008,64,30
22,9328,950.645364544799,56,34
39,1734,346.877446129207,83,44
66,5592,2851.14470688766,83,17
25,8951,1027.42687603322,70,45
6,4283,238.978650933749,78,72
92,3027,2569.31112788567,94,2
60,6391,2722.15803070891,85,25
33,2030,320.507962859716,94,61
76,7844,5129.97970421921,87,11
36,4789,851.563959010691,57,21
60,1369,583.106609926538,96,36
9,1125,69.6725302383841,72,63
13,5845,419.981945297363,81,68
81,8143,5876.6445438462,82,1
29,6727,905.666489626174,77,48
14,5164,385.445228007546,79,65
48,3034,854.736528445558,52,4
72,5153,3075.56012623597,87,15
88,8174,6583.58012324889,90,2
12,6939,480.122200157916,77,65
81,6699,4834.5378606442,81,0
7,4013,231.592528077558,80,73
62,6493,2943.21631249145,89,27
94,3586,3128.55991586177,99,5
17,5428,454.705936887283,77,60
9,3238,200.533024810567,91,82
39,1435,287.064091808196,51,12
8,8828,527.55466213031,49,41
23,1215,128.820787988498,62,39
98,7574,7101.69758934794,98,0
17,1749,146.514495876171,70,53
14,6661,497.182545266898,85,71
8,7146,427.039603033892,76,68
17,5406,452.862987253621,42,25
67,3384,1774.14578107617,77,10
67,2491,1305.96842218107,81,14
5,2053,110.905750879013,74,69
64,4654,2240.04348811127,70,6
60,3875,1650.50263949257,84,24
34,5460,896.991050544469,54,20
85,6555,5055.48526508646,88,3
22,9337,951.562582413678,71,49
15,2892,224.280185807768,78,63
29,8410,1132.25140148002,50,21
57,1151,444.795810878196,74,17
43,6436,1502.74600653385,88,45
58,3812,1522.46146162529,69,11
65,8472,4198.16713596672,71,6
3,9674,492.426184566409,82,79
93,8508,7318.19189438426,94,1
36,5416,963.05500146208,86,50
73,9073,5546.23595917903,77,4
28,6710,868.046836873886,95,67
27,4793,595.811466830689,91,64
5,8984,485.327455380933,61,56
51,8106,2546.3918873519,83,32
77,4461,2979.72305946095,83,6
2,5231,259.357649396721,31,29
48,1414,398.351170475286,66,18
90,8874,7339.98913302693,90,0
40,2022,420.551108740924,76,36
69,1531,847.068190625685,77,8
46,8268,2162.52904303244,73,27
49,7579,2214.87362650584,59,10
51,6024,1892.35933005278,79,28
10,8272,531.3293827664,24,14
46,2720,711.427067857794,85,39
73,1808,1105.2126765343,78,5
65,5975,2960.817827833,85,20
59,8149,3361.89596742755,73,14
98,7323,6866.34954407116,99,1
16,3802,306.414103424225,75,59
62,8725,3954.96108524379,90,28
46,4995,1306.4625749815,76,30
22,1157,117.913452699221,85,63
35,2102,359.280258413685,37,2
96,4411,3985.78510238325,96,0
38,8614,1657.07548477302,81,43
60,6808,2899.77341152657,86,26
64,7546,3632.00862941289,80,16
87,7369,5853.16089150082,87,0
53,1366,460.572918569578,79,26
9,1784,110.48515017358,88,79
71,3319,1932.8173122878,83,12
8,1412,84.3800615006794,82,74
89,1402,1144.52564154886,96,7
45,1090,274.584318655272,88,43
83,5265,3933.13692447143,84,1
39,5474,1095.04448680004,53,14
12,8473,586.262487669408,90,78
25,7676,881.077946646299,84,59
89,8803,7186.34751965378,94,5
68,7075,3811.68732304734,85,17
69,5946,3289.78932819094,94,25
74,4166,2606.43774343226,76,2
58,5696,2274.90568872447,92,34
4,6840,358.319005992824,68,64
39,7108,1421.91746660115,88,49
83,8738,6527.58792897082,98,15
26,4388,524.139596055612,69,43
57,3157,1220.00032575366,92,35
30,7306,1023.62700616454,57,27
49,2805,819.728265252523,88,39
37,6912,1278.46614229294,56,19
94,1570,1369.72645507612,95,1
55,2164,781.821311991099,58,3
28,1924,248.90046410512,56,28
55,9969,3601.65280001815,71,16
93,3834,3297.83118512803,93,0
31,8917,1300.15388797966,73,42
0,7368,476.209851844755,31,31
50,5675,1719.77899557467,90,40
33,4681,739.062942929227,60,27
68,2127,1145.93059167798,87,19
62,1062,481.394690261192,87,25
26,6860,819.416050351299,78,52
75,1029,658.447493224749,88,13
1,7905,382.861119330125,73,72
50,1809,548.207965285387,91,41
10,9928,637.698030960447,51,41
72,4014,2395.74972767537,79,7
67,9661,5065.0184370499,84,17
6,8466,472.377599534232,81,75
89,6410,5232.81694887887,97,8
92,8145,6913.4585849451,95,3
85,7536,5812.07276242434,91,6
78,6924,4720.19621753997,79,1
6,8718,486.43844941406,71,65
82,3750,2754.35921750792,98,16
92,6995,5937.34104379263,92,0
60,4937,2102.8468467548,63,3
81,3483,2513.61328088129,89,8
46,1095,286.401705626575,70,24
9,5445,337.215046353779,89,80
99,3246,3091.42857142857,99,0
31,8317,1212.67016780608,72,41
57,3659,1413.99467593686,84,27
66,3967,2022.62000218586,81,15
65,8569,4246.23396932234,96,31
31,7225,1053.44979709017,66,35
92,3299,2800.18414631478,93,1
92,1765,1498.12822620357,97,5
72,5357,3197.31721254533,74,2
62,2994,1357.15226237477,77,15
19,2160,195.618411291277,66,47
40,4452,925.961194913252,85,45
2,3823,189.547752560441,79,77
20,5823,548.447549283032,70,50
93,6871,5910.11947652965,97,4
17,8215,688.174147297168,35,18
49,1996,583.307528500548,85,36
94,2881,2513.49166692631,96,2
97,5536,5099.77341450963,97,0
8,7688,459.429116726079,70,62
63,3255,1520.82836871635,86,23
11,3072,204.750408288719,48,37
78,5705,3889.18535832836,82,4
19,4484,406.089331588003,84,65
28,8960,1159.12066443964,70,42
43,7865,1836.40418604549,94,51
70,2077,1179.35416133828,90,20
58,1005,401.383465092713,92,34
28,6999,905.433652947888,61,33
91,3688,3090.13583143668,97,6
85,1752,1351.21436833432,86,1
66,2647,1349.60301128964,91,25
18,3415,297.418057539889,72,54
5,5631,304.194000584376,68,63
9,7374,456.680211535862,80,71
25,7391,848.364656548045,76,51
26,2791,333.38049512106,87,61
39,7978,1595.9563236556,71,32
71,5444,3170.30956556035,88,17
97,1307,1204.01081155421,97,0
11,9967,664.305768038301,86,75
67,6426,3368.98959491591,90,23
53,3467,1168.96508688194,78,25
3,5515,280.724664862905,90,87
24,1658,182.897967258707,90,66
55,7511,2713.61362031661,64,9
59,2051,846.146598256708,83,24
34,9424,1548.21312460276,77,43
49,6409,1872.9548848497,81,32
55,7413,2678.20766441313,80,25
33,1121,176.989865204799,33,0
1,2318,112.267182113501,80,79
66,9705,4948.2044671575,78,12
11,7558,503.744656850956,79,68
46,7449,1948.31626046791,74,28
67,4983,2612.46111912014,86,19
2,1391,68.9670216614107,83,81
13,4624,332.249189915313,83,70
66,7229,3685.78774787033,84,18
12,5060,350.110726732823,60,48
54,9189,3207.82120333408,88,34
67,4198,2200.90543408917,72,5
78,3549,2419.40733334046,90,12
20,9743,917.658332932265,77,57
83,3176,2372.58174209331,87,4
46,3696,966.703839265591,84,38
79,9852,6849.81416754553,82,3
49,2223,649.645609146652,68,19
95,7996,7088.08911898584,97,2
76,3552,2323.00967738228,82,6
88,9933,8000.33048253379,96,8
13,7582,544.790951111139,64,51
69,1841,1018.58428409006,96,27
20,8320,783.631051010617,80,60
24,9556,1054.14534084693,54,30
26,6843,817.385427485997,77,51
56,9631,3599.47255444359,83,27
36,5223,928.736387118989,61,25
77,2992,1998.50513201236,94,17
58,2922,1167.0074477621,75,17
13,5106,366.882431597662,77,64
82,8133,5973.65427093117,92,10
3,9405,478.733539988327,58,55
27,3335,414.569422466169,74,47
34,5973,981.268781117603,83,49
48,2440,687.395230523125,58,10
98,8906,8350.63622005977,98,0
53,1071,361.108049625196,86,33
61,6828,3001.04773683008,75,14
83,5913,4417.21531517561,90,7
83,4419,3301.1456921632,91,8
72,3582,2137.91119196143,76,4
56,8415,3145.00690952578,72,16
86,5272,4127.48869000328,95,9
16,6492,523.208931991075,60,44
25,9526,1093.42737359988,72,47
48,6173,1739.05358935215,71,23
8,5022,300.110955280745,65,57
78,4471,3047.94877074252,84,6
21,3598,352.484154223496,93,72
49,2479,724.458598773977,84,35
5,2001,108.096642722312,67,62
23,4415,468.101875694831,72,49
95,4433,3929.65220916261,95,0
52,6628,2157.50227430642,52,0
16,9444,761.119093303098,68,52
98,9320,8738.81984852426,98,0
15,4239,328.74263749624,78,63
18,2982,259.7073638606,83,65
41,9295,2009.65423715553,79,38
75,8883,5684.14876804222,95,20
48,8004,2254.88173160127,79,31
50,4104,1243.69568243849,90,40
57,9284,3587.73614960311,72,15
7,8144,469.99490372879,96,89
5,5194,280.58668780594,62,57
86,9512,7447.01677149302,93,7
64,8464,4073.85648546922,77,13
70,6225,3534.65558706346,72,2
3,9855,501.639450992553,78,75
8,3756,224.455744331836,83,75
44,1528,370.631097803754,93,49
40,4986,1037.02662125729,91,51
70,7590,4309.72464350388,86,16
52,7710,2509.70768480726,92,40
65,5670,2809.67984666328,76,11
63,9717,4540.05814402973,75,12
80,2381,1687.1756239434,82,2
32,9407,1427.33145445545,73,41
60,6172,2628.87801056727,78,18
24,7006,772.848708452654,68,44
36,1425,253.388732844066,72,36
83,8221,6141.37106478245,87,4
29,9566,1287.88548234934,80,51
47,7720,2095.91758424133,75,28
75,4707,3011.96535530505,83,8
11,2260,150.630183181154,72,61
64,9179,4417.99724481592,68,4
8,1905,113.841371925492,38,30
27,3086,383.61656303766,95,68
7,5642,325.603050937848,69,62
4,9557,500.651277817751,91,87
0,9379,606.185152070027,51,51
65,5281,2616.91697887633,67,2
10,9481,608.986203821112,86,76
75,6490,4152.8904091629,84,9
18,5025,437.635648356645,55,37
68,7176,3866.10151663431,79,11
13,2026,145.574580183483,88,75
89,1406,1147.79104994129,91,2
76,1122,733.788529848795,77,1
65,5482,2716.519386139,73,8
4,6740,353.080424033864,76,72
12,8481,586.816022415231,95,83
7,6187,357.055313036594,88,81
99,6552,6240,99,0
30,1975,276.712748039279,72,42
61,1095,481.275230203418,94,33
8,3351,200.253247938227,86,78
8,7086,423.454048012617,67,59
15,6853,531.463386355682,76,61
37,7751,1433.65032825703,82,45
66,8074,4116.62059431527,85,19
33,8943,1411.97177923864,75,42
98,7395,6933.85974032585,98,0
74,7132,4462.101292885,91,17
77,4934,3295.66320900702,86,9
19,3112,281.835414786321,96,77
77,9428,6297.4286044828,89,12
88,2902,2337.3561925212,88,0
80,3548,2514.11134554859,88,8
50,6481,1964.03306965981,88,38
37,6742,1247.02238589974,79,42
59,5121,2112.68489988913,82,23
97,4770,4394.13280115805,97,0
40,1853,385.401189167622,68,28
1,3904,189.081569875371,90,89
24,9808,1081.94406687177,84,60
37,2029,375.29048071649,86,49
80,8295,5877.83359958442,90,10
66,6417,3271.78032619781,86,20
84,6006,4560.26266628611,87,3
74,5326,3332.18613094581,91,17
5,7507,405.537979468462,83,78
74,2237,1399.56822661017,75,1
10,3086,198.220802129728,82,72
34,6522,1071.46073839762,86,52
35,2390,408.506097815751,78,43
30,8198,1148.60309287393,90,60
59,9762,4027.34426727547,78,19
34,6396,1050.76094492352,82,48
34,8882,1459.17115584908,82,48
6,4098,228.656201617208,72,66
50,8434,2555.87947994304,85,35
27,9799,1218.10068088335,69,42
90,6228,5151.39196760105,90,0
96,7191,6497.79657021944,97,1
60,3524,1500.99904556692,68,8
72,7173,4281.19402008356,83,11
95,4179,3704.4927999302,98,3
28,6215,804.010594809419,81,53
20,2160,203.442676704679,89,69
24,3577,394.587472186004,63,39
92,9572,8124.69313383603,92,0
84,7484,5682.48514726694,89,5
80,9433,6684.21993307774,91,11
71,4305,2507.01371780627,81,10
9,9117,564.626185051865,86,77
45,5386,1356.79921126357,74,29
20,1188,111.893472187574,69,49
41,4310,931.856886728384,51,10
57,9699,3748.10996499359,83,26
51,7524,2363.56434251613,52,1
94,8086,7054.52746225831,94,0
61,6302,2769.85981802917,83,22
60,9430,4016.57803623612,72,12
20,3103,292.260474914176,76,56
51,1727,542.514037682795,87,36
40,2761,574.254011490451,53,13
3,1942,98.8517314893494,92,89
88,8168,6578.74754669647,91,3
47,6167,1674.29064015755,60,13
94,3541,3089.30024039781,94,0
85,5054,3897.85240728405,85,0
31,5894,859.381744505114,89,58
10,2634,169.187813612995,77,67
22,6682,680.983311094377,69,47
89,1912,1560.86521158446,96,7
0,4684,302.737099082632,93,93
90,7543,6239.07347649562,96,6
68,4640,2499.82037864872,79,11
44,4606,1117.22960502886,69,25
27,1364,169.557029158577,72,45
78,4806,3276.3233711001,79,1
43,5510,1286.53363828489,94,51
55,3968,1433.57992882656,93,38
42,2878,646.710000636752,75,33
3,8336,424.319275847177,75,72
60,5567,2371.18663072391,77,17
52,5029,1637.00647819659,59,7
57,2288,884.181420755268,98,41
70,1812,1028.88287931871,85,15
67,9582,5023.6007311678,76,9
87,6841,5433.77305723397,89,2
18,2381,207.365269400432,71,53
89,4117,3360.92158791487,99,10
1,3141,152.127359369503,56,55
53,4669,1574.24228169938,74,21
83,4088,3053.87725493622,83,0
30,1024,143.470305818847,88,58
98,5257,4929.1819682073,98,0
15,5815,450.964481491068,64,49
46,5806,1518.58292499351,75,29
14,3743,279.380613561628,73,59
96,2984,2696.3461223105,99,3
78,3237,2206.71218315669,96,18
62,8563,3881.52799689886,75,13
1,6424,311.132173380989,73,72
59,2605,1074.70106702034,83,24
92,3538,3003.04683530212,93,1
10,5394,346.468893936407,71,61
90,8274,6843.70859664918,99,9
62,1752,794.165251730329,82,20
82,1867,1371.30364242327,84,2
62,8422,3817.61401259865,72,10
9,3845,238.125225570299,65,56
73,4203,2569.25269882393,86,13
54,5184,1809.70128611208,85,31
23,5674,601.587778639292,70,47
57,6469,2499.89930544835,75,18
67,4619,2421.62510720769,69,2
29,9786,1317.50442507533,95,66
37,6006,1110.88941704448,90,53
51,8765,2753.4079561608,87,36
69,9386,5193.06468792468,78,9
6,3386,188.92872100436,56,50
86,8423,6594.4304316953,88,2
21,5680,556.450804888676,86,65
97,7966,7338.29389811845,99,2
8,6049,361.483705394908,82,74
97,2448,2255.10211682073,98,1
20,1492,140.526145205269,86,66
78,2501,1704.96977759496,86,8
67,6576,3447.6308086161,84,17
60,6689,2849.08700788796,82,22
23,6533,692.66354562046,87,64
82,4658,3421.2813960405,87,5
91,1733,1452.06220061816,91,0
91,7450,6242.27547294015,98,7
8,4633,276.86460689281,91,83
24,4900,540.530783816443,82,58
10,9518,611.362798013853,34,24
71,6008,3498.75456831128,73,2
75,5094,3259.60304226129,95,20
31,1012,147.555874692768,55,24
67,6632,3476.99019506417,87,20
36,6195,1101.57417541684,76,40
89,8148,6651.63689539237,91,2
5,7270,392.734928831187,98,93
79,9284,6454.89999304636,98,19
37,7027,1299.73691867658,85,48
10,3321,213.31538686741,44,34
77,8219,5489.87756684813,79,2
94,4725,4122.26592371636,97,3
53,3186,1074.22058459932,88,35
62,3204,1452.3433028219,72,10
17,4862,407.29186903942,60,43
2,9858,488.768439639243,90,88
29,5692,766.322827256159,78,49
88,9532,7677.35328294696,95,7
28,9279,1200.38846488119,78,50
76,4891,3198.71630970629,97,21
82,8498,6241.7452347686,89,7
50,3842,1164.29795612297,55,5
4,7306,382.730797921574,78,74
52,6135,1997.02420833885,67,15
86,4113,3220.09882055833,88,2
48,7730,2177.6906278458,83,35
16,3555,286.50766377515,77,61
56,5489,2051.44895144231,77,21
92,9437,8010.10542248335,94,2
52,1797,584.947433151576,72,20
61,3221,1415.69636208695,69,8
22,2364,240.922560225547,84,62
22,5466,557.056985699171,55,33
12,1523,105.379177235986,44,32
92,5743,4874.64612072925,92,0
51,4786,1503.45812643304,65,14
12,4659,322.364797598463,78,66
66,3035,1547.42921770459,80,14
72,2911,1737.4258737576,89,17
62,8938,4051.5119976973,62,0
82,6597,4845.46873543993,86,4
65,4599,2278.96254229355,71,6
8,5814,347.44028156158,77,69
84,8779,6665.75856598831,85,1
50,9925,3007.71921252486,85,35
38,8135,1564.93023782546,83,45
59,9675,3991.45213950933,88,29
35,6730,1150.31214991632,75,40
51,4540,1426.18050438905,83,32
54,1677,585.429987810563,80,26
1,1872,90.6661626041737,82,81
7,1305,75.3122973190165,60,53
86,9894,7746.08746185365,95,9
97,7388,6805.83923164689,97,0
78,5583,3806.0161008847,81,3
30,9819,1375.71770784693,73,43
84,7956,6040.86742806732,85,1
83,7402,5529.54976542023,93,10
4,3004,157.367002047141,27,23
91,9546,7998.49149861566,93,2
97,1249,1150.58110453803,97,0
58,1203,480.461998513964,67,9
61,7194,3161.91233432273,87,26
11,7323,488.081783821058,83,72
86,7278,5698.00126817979,95,9
46,3024,790.939504853666,65,19
76,4296,2809.58602872587,87,11
38,3688,709.460690485594,74,36
50,8201,2485.27005157848,73,23
90,3819,3158.82561404438,93,3
39,9709,1942.23363579496,73,34
60,1669,710.88745943564,73,13
7,8879,512.412174632603,66,59
60,4468,1903.08278535557,93,33
56,6129,2290.64139613589,74,18
21,2623,256.966630497006,82,61
2,3960,196.340334852039,81,79
80,1299,920.47086749369,88,8
16,9191,740.729096415584,81,65
48,3570,1005.73810367523,69,21
65,8345,4135.23427167638,72,7
19,9244,837.174349063224,76,57
11,6795,452.890307396434,87,76
8,6293,376.064962481428,48,40
5,6057,327.207078945048,84,79
31,1010,147.26426229219,72,41
93,2153,1851.91198267622,95,2
29,4965,668.445684702535,73,44
46,6826,1785.36807544019,57,11
94,4599,4012.33883241726,97,3
36,8064,1433.91350291547,68,32
11,9666,644.243960455325,95,84
48,6288,1771.45131538091,74,26
88,9518,7666.07727099131,88,0
29,4904,660.233159673964,84,55
71,8983,5231.24372289284,75,4
1,1036,50.1763592189765,63,62
24,9321,1028.22192570471,80,56
51,8506,2672.04655734213,69,18
66,8912,4543.88441126303,74,8
59,6523,2691.08447607436,59,0
71,2828,1646.88380811989,77,6
1,6676,323.337233731551,66,65
32,7667,1163.31989596152,70,38
84,1309,993.90340162646,88,4
88,6874,5536.52187022423,95,7
40,8887,1848.38659910019,85,45
37,6298,1164.89869273162,71,34
33,5202,821.321390540022,87,54
70,5571,3163.30381936234,77,7
52,8273,2692.97168306232,75,23
86,7748,6065.96782438267,97,11
2,2698,133.769248341111,81,79
74,8182,5119.02871261709,77,3
45,8494,2139.74238775952,47,2
78,8251,5624.83232104597,99,21
91,8179,6853.09679103054,93,2
87,9976,7923.8883231934,91,4
89,6544,5342.20813002548,90,1
44,8022,1945.81326346971,59,15
45,3628,913.937530349841,98,53
84,1409,1069.83185094857,87,3
72,3191,1904.54344320182,84,12
30,5150,721.55476071002,85,55
27,7016,872.149645584,76,49
59,9484,3912.65447970093,68,9
11,7647,509.676553445258,77,66
80,7582,5372.60209186848,90,10
19,8236,745.885757127295,76,57
83,5799,4332.05337607024,99,16
86,6199,4853.24400404597,87,1
14,1523,113.677978748159,44,30
35,6052,1034.42631965729,85,50
74,2025,1266.93145234045,87,13
4,4501,235.788573972763,76,72
97,2178,2006.37761864198,97,0
37,8184,1513.73942542324,70,33
43,8094,1889.87355141159,82,39
82,9987,7335.40946806708,82,0
81,1821,1314.18024245904,86,5
90,5561,4599.69343799445,90,0
85,4835,3728.95061124226,92,7
15,3289,255.068302600881,75,60
76,9327,6099.8624045452,89,13
35,5967,1019.89786011154,70,35
54,3083,1076.2556066905,79,25
10,8514,546.873593432438,75,65
12,2224,153.882659338695,62,50
80,8697,6162.69063479032,90,10
25,4238,486.452362934734,46,21
48,5482,1544.38551382286,89,41
30,8136,1139.91641420131,66,36
27,1240,154.142753780525,53,26
29,9704,1306.464637332,72,43
75,4771,3052.9183577991,81,6
58,5973,2385.53575820773,76,18
72,8841,5276.73725520128,84,12
60,5646,2404.83558776131,82,22
39,2785,557.124387237509,78,39
22,3180,324.083647003909,89,67
12,8750,605.428628243517,82,70
21,2610,255.693063513987,89,68
79,3799,2641.33617768021,86,7
94,3459,3017.76038733014,97,3
54,6983,2437.72069462204,67,13
24,7031,775.606518574166,77,53
94,3928,3426.93344938791,98,4
49,4865,1421.7390411599,77,28
61,4970,2184.41816813789,73,12
7,4396,253.695677405668,81,74
16,4841,390.150098547257,58,42
5,8536,461.125908184733,72,67
22,6741,686.996183790361,67,45
0,6231,402.723070961546,74,74
94,2993,2611.20463696996,94,0
1,2739,132.657382143607,86,85
16,5340,430.365942210773,67,51
85,7817,6028.79150529074,92,7
25,2528,290.172622345212,84,59
95,4194,3717.78961543605,96,1
66,3139,1600.4547988055,95,29
6,1304,72.7593184257782,59,53
3,4251,216.384505953257,74,71
31,4033,588.036405766733,71,40
56,5974,2232.71197593666,85,29
12,4177,289.014329162648,52,40
65,4897,2426.63178291183,77,12
72,1096,654.145914681666,81,9
70,7672,4356.28556850616,90,20
60,5299,2257.03573849578,63,3
18,5513,480.136383958245,80,62
70,8834,5016.08794475801,79,9
27,4332,538.505168852607,90,63
67,1658,869.247548766042,83,16
17,7300,611.524196624386,93,76
64,4928,2371.92400288189,73,9
19,4598,416.413636628376,73,54
59,5596,2308.64766642835,83,24
0,9057,585.373592312425,77,77
16,1706,137.491441462843,74,58
33,6559,1035.57227999846,63,30
37,1180,218.25666202339,56,19
20,4670,439.850601949469,81,61
54,8793,3069.58013286719,84,30
94,4718,4116.15886308863,97,3
76,7967,5210.42176230424,85,9
66,3813,1944.10135324797,87,21
16,2242,180.689221430066,54,38
93,1344,1156.04723860513,93,0
81,7714,5567.04359710544,83,2
74,7009,4385.1469380021,87,13
2,5579,276.611800035234,90,88
20,3203,301.679117354208,87,67
50,5237,1587.04539203957,75,25
52,4177,1359.66913092606,80,28
96,7925,7161.03988582798,97,1
48,8658,2439.12619093001,81,33
51,7427,2333.0930850435,81,30
0,1954,126.291266355137,45,45
75,9175,5870.99684192135,78,3
5,5434,293.551802375333,63,58
52,6514,2120.39375600966,79,27
13,7511,539.689374016851,61,48
53,5557,1873.64839567434,65,12
51,3384,1063.0385081173,58,7
18,5630,490.326109502071,66,48
58,8306,3317.30453836823,77,19
9,2645,163.80785998269,61,52
20,2042,192.328678625442,71,51
65,2212,1096.12201425382,75,10
9,7833,485.106603873122,85,76
77,9226,6162.50279008892,77,0
54,9015,3147.0789147956,63,9
79,2710,1884.1855860788,86,7
3,5893,299.965630106455,83,80
49,5562,1625.42909494992,64,15
75,8866,5673.27062675474,85,10
81,4643,3350.76269397985,85,4
26,6791,811.174110486249,63,37
23,1330,141.013702077945,63,40
54,9841,3435.43023854725,83,29
94,6608,5765.06523257518,97,3
48,4522,1273.93493132196,76,28
14,3892,290.502096709018,59,45
49,8628,2521.43154103343,82,33
70,6358,3610.17513615253,85,15
49,4487,1311.2729861633,89,40
74,2316,1448.99419438049,84,10
57,1047,404.605746298411,77,20
88,7382,5945.68001832925,91,3
89,5925,4836.886181296,90,1
76,8125,5313.75383691752,86,10
14,3999,298.488665143721,76,62
13,2699,193.931782781451,74,61
57,4101,1584.80245040094,87,30
25,2216,254.360178448176,98,73
50,5116,1550.3769764511,76,26
44,5280,1280.7147882224,70,26
55,9618,3474.8416722414,85,30
46,3258,852.143157014961,83,37
75,7288,4663.52315901066,79,4
89,6583,5374.04586185174,90,1
97,4967,4575.60956464403,97,0
16,8798,709.056097297825,26,10
67,7824,4101.92570660163,74,7
64,3889,1871.83694139766,84,20
91,9798,8209.63960857283,93,2
25,5711,655.528420179392,32,7
49,1455,425.206640264678,62,13
15,5166,400.633277967817,40,25
48,6149,1732.29232478963,91,43
77,4567,3050.52571453892,85,8
92,9441,8013.50061393084,98,6
7,4556,262.929369030988,92,85
48,2384,671.618946543906,77,29
31,2548,371.514198337128,87,56
49,2724,796.056967753252,67,18
28,3395,439.198064260334,73,45
38,8201,1577.62666016062,73,35
60,8809,3752.07167775228,88,28
92,7075,6005.24487274237,94,2
62,6268,2841.22591201239,87,25
4,4054,212.372112616214,57,53
96,2740,2475.86741793927,99,3
73,6300,3851.1282423485,82,9
46,5520,1443.77846124082,70,24
93,7293,6273.10454698453,93,0
29,7166,964.769743520316,95,66
58,5805,2318.4388207594,78,20
61,4990,2193.20858330142,76,15
1,3800,184.044560841806,88,87
22,8585,874.923933814012,89,67
13,5498,395.048885414012,97,84
28,4462,577.231741599296,50,22
89,3601,2939.68390529061,94,5
19,4576,414.421226883742,80,61
90,6903,5709.70757102602,96,6
52,3308,1076.79805724286,68,16
33,5547,875.791955656574,94,61
65,3370,1669.95080833426,84,19
95,5582,4948.18827691083,96,1
22,1402,142.882161352038,48,26
50,3175,962.167103251026,63,13
80,9965,7061.19491499201,82,2
66,6732,3432.38665357077,76,10
24,2791,307.881921965652,67,43
49,4097,1197.30007227793,83,34
20,6110,575.479053085922,84,64
89,7018,5729.15902452916,92,3
7,8892,513.162412077161,90,83
35,5468,934.607256425324,79,44
61,2508,1102.31806150701,84,23
3,3271,166.500521988497,71,68
4,6388,334.640615538327,82,78
43,5889,1375.02660541918,80,37
18,7822,681.231053024015,79,61
15,8689,673.848732532398,82,67
44,1266,307.080477630597,79,35
40,9271,1928.25387197681,90,50
55,7238,2614.98274315692,79,24
77,1597,1066.71547320312,78,1
91,4794,4016.8414251376,98,7
4,4762,249.461272885647,97,93
87,4247,3373.37146236993,93,6
99,7530,7171.42857142857,99,0
79,9542,6634.28002301253,90,11
14,5026,375.144793951574,89,75
91,3850,3225.87390212343,93,2
57,1524,588.93902326531,72,15
64,3632,1748.13879433178,92,28
18,1504,130.985873657392,60,42
18,5633,490.587384516016,63,45
18,3584,312.136549992082,73,55
17,5459,457.302820461989,88,71
92,6411,5441.64309245955,93,1
28,2127,275.161791658831,66,38
69,8728,4829.00794760351,98,29
97,9374,8635.34609602842,97,0
48,4340,1222.66200838949,84,36
30,5467,765.968908116831,82,52
65,3414,1691.75432037186,86,21
33,1860,293.667394541415,90,57
3,9845,501.130430748015,22,19
30,4256,596.298458559581,72,42
35,2367,404.574867585725,87,52
23,6164,653.540195194324,75,52
90,2662,2201.83131306262,90,0
87,2466,1958.73181685996,91,4
42,3413,766.92885065088,77,35
75,1362,871.531084326635,78,3
79,8967,6234.49894847551,82,3
25,9450,1084.70382957367,82,57
98,7979,7481.44244328059,99,1
15,7641,592.574308353096,54,39
46,7980,2087.20147114162,73,27
79,2186,1519.86335467464,84,5
10,3760,241.513355802909,74,64
69,1891,1046.2481701327,89,20
40,6710,1395.59739844293,89,49
60,8971,3821.0733364872,75,15
39,9203,1841.01103617479,77,38
67,6964,3651.04941472057,83,16
12,9525,659.052306745086,89,77
58,3913,1562.79950140078,93,35
48,9324,2626.75128254001,71,23
90,1765,1459.89191117788,95,5
98,6513,6106.85983620585,98,0
38,6253,1202.88983123818,90,52
71,8167,4756.04669763618,77,6
79,9912,6891.53045358417,79,0
86,4649,3639.73727614288,91,5
87,8350,6632.36442448525,88,1
88,9977,8035.76937725155,95,7
49,4771,1394.26864653112,84,35
17,4147,347.396005945387,83,66
32,2974,451.247341931596,80,48
82,9852,7236.2525362368,92,10
72,9347,5578.74257712548,94,22
74,2842,1778.08354940818,75,1
12,5585,386.436444427434,38,26
87,3645,2895.20578769446,90,3
24,2424,267.397269381849,89,65
14,8076,602.799314753861,74,60
94,1196,1043.43493010895,94,0
61,2554,1122.53601638313,68,7
32,4892,742.266979397904,77,45
27,4903,609.48542079509,77,50
47,3323,902.167633734968,91,44
82,8442,6200.61347045382,89,7
28,4652,601.811309260405,80,52
71,3760,2189.63335167284,83,12
31,2997,436.981182267022,55,24
85,3636,2804.2325589404,94,9
36,5056,899.04100579621,93,57
94,8223,7174.05136311527,98,4
16,8354,673.272861653333,38,22
38,4247,816.995540263643,85,47
38,7920,1523.57068021852,61,23
35,2209,377.56902513598,76,41
53,2355,794.033106318709,78,25
62,5519,2501.71120108429,86,24
5,5172,279.398218970412,32,27
94,3000,2617.31169759769,95,1
62,7765,3519.80204319977,79,17
50,5213,1579.77231787326,57,7
32,5292,802.959291695362,64,32
90,2551,2110.01941383274,93,3
22,9033,920.581001064877,55,33
16,7742,623.950023332548,79,63
43,2958,690.665426868728,90,47
56,5674,2120.59051748655,68,12
17,9828,823.29586361979,84,67
13,4756,341.733812118778,74,61
81,9328,6731.8359701581,86,5
40,9285,1931.16569963377,82,42
50,9556,2895.89569721789,83,33
20,1117,105.206236055151,68,48
22,4629,471.755723893426,89,67
50,4429,1342.18522844056,65,15
45,6744,1698.89600459739,81,36
75,2110,1350.16930097592,82,7
75,5946,3804.78988796342,78,3
49,5038,1472.29625680649,85,36
25,2215,254.245394974147,69,44
38,8226,1582.43591104514,94,56
36,5998,1066.54429445524,82,46
50,6798,2060.09825760645,89,39
47,7434,2018.27089653498,55,8
88,5995,4828.54940529448,96,8
50,5720,1733.41600963649,68,18
77,5977,3992.33461699127,79,2
53,8634,2911.11755412133,77,24
43,7597,1773.82868421965,79,36
0,5270,340.611552554541,93,93
93,9479,8153.40161810865,96,3
51,2077,652.461873924242,54,3
22,3021,307.879464653713,97,75
62,2991,1355.79239036839,82,20
85,9064,6990.52912932779,88,3
6,4141,231.055473620512,85,79
79,9619,6687.81592342879,85,6
23,5662,600.315474560393,72,49
43,9103,2125.46564597229,87,44
18,5394,469.772475071789,94,76
67,8118,4256.062485454,73,6
51,7925,2489.53314918133,58,7
14,5595,417.615424225836,77,63
45,2641,665.300170246397,86,41
13,3540,254.360322729284,59,46
69,5418,2997.65869158064,77,8
23,1054,111.750708263273,85,62
36,1271,226.004968031444,42,6
22,3982,405.817950430681,57,35
27,3702,460.190705238308,40,13
14,2864,213.771327074673,90,76
63,6415,2997.27004157155,80,17
53,8211,2768.4950471265,62,9
26,9487,1133.20700724239,77,51
57,8185,3163.0353710148,79,22
73,9212,5631.20529658958,74,1
94,2309,2014.45756991769,97,3
56,9503,3551.63406550487,94,38
34,3438,564.808650507671,88,54
12,1764,122.054411453893,92,80
40,1384,287.854962659465,87,47
18,1811,157.723016751022,91,73
60,2358,1004.35747714155,87,27
48,3761,1059.54650081864,49,1
0,3120,201.652380259994,56,56
46,1593,416.655632021127,47,1
88,8274,6664.12306578925,88,0
20,8974,845.228972568423,64,44
52,3626,1180.31129249172,85,33
37,9747,1802.83702096778,87,50
91,5433,4552.25270395756,93,2
31,6570,957.946735900679,67,36
45,7821,1970.20546440631,77,32
19,9938,900.025820098477,87,68
71,3089,1798.87697428654,95,24
39,7011,1402.5131342629,97,58
77,5271,3520.76221618889,77,0
33,9756,1540.33285007852,75,42
96,6209,5610.46014524996,96,0
54,7034,2455.52446884884,76,22
31,3976,579.725452350243,84,53
78,9424,6424.48427990998,89,11
46,6161,1611.43461951172,76,30
60,4715,2008.28901811806,75,15
67,4895,2566.32494041603,88,21
45,9981,2514.33585733786,80,35
79,9445,6566.83869391672,83,4
50,1137,344.561888628792,58,8
1,3053,147.86527480264,85,84
24,6299,694.857838216281,64,40
55,7477,2701.32992132969,78,23
23,7622,808.125140780522,63,40
68,7965,4291.17873188298,95,27
77,3767,2516.16605357305,88,11
26,6435,768.650478718747,82,56
26,2009,239.971843317166,90,64
10,9639,619.134903346872,74,64
67,2595,1360.4929970132,67,0
52,8596,2798.11248490314,74,22
84,1342,1018.95978990276,93,9
68,1109,597.478620672721,85,17
1,1631,78.9938628244697,92,91
57,4680,1808.55290609032,74,17
43,6784,1584.00076263605,50,7
4,6280,328.982947022651,80,76
76,2681,1753.37526606472,90,14
14,1475,110.095219076516,82,68
69,8665,4794.15145118978,88,19
44,4586,1112.37841264923,79,35
4,6676,349.72773158013,67,63
6,3303,184.29756806775,78,72
71,8996,5238.81426373639,78,7
55,1730,625.023507275694,63,8
55,3462,1250.76958508003,75,20
43,5623,1312.91808495026,68,25
89,5587,4560.95917213514,92,3
87,4231,3360.66274011941,90,3
29,8746,1177.48760491609,95,66
46,4547,1189.28635204022,96,50
85,5846,4508.67534091463,89,4
80,2658,1883.45771039125,81,1
26,5332,636.898889281797,96,70
71,8003,4660.54141314832,85,14
58,2218,885.839328930982,76,18
18,9025,786.002333615665,90,72
92,4736,4019.90667382443,92,0
37,1433,265.052370067388,98,61
17,6332,530.434412743234,84,67
76,6183,4043.68491983521,84,8
40,7766,1615.23239885362,77,37
12,2635,182.320506905334,83,71
97,4919,4531.39187607892,99,2
34,8408,1381.30050420841,92,58
80,8943,6337.00613394617,90,10
10,7356,472.49261842718,93,83
3,9505,483.823742433711,77,74
44,3346,811.604485112148,82,38
62,8464,3836.65222068807,69,7
12,2831,195.882108177988,78,66
4,5963,312.37664221275,65,61
1,5396,261.343276395364,66,65
54,6200,2164.38039619886,69,15
64,3128,1505.55565767341,79,15
4,3255,170.515842764129,39,35
6,3692,206.002610144151,77,71
82,6545,4807.27495429048,84,2
57,2908,1123.77603651937,80,23
1,4713,228.263688223008,88,87
79,3011,2093.46228770601,96,17
9,6191,383.415675294076,90,81
37,1004,185.703125992783,64,27
84,8155,6191.96504221832,97,13
86,2656,2079.40249632942,90,4
70,6476,3677.17744286313,76,6
14,4688,349.916194597091,66,52
68,2962,1595.79050895636,81,13
61,1151,505.88839266131,90,29
82,1308,960.720495066761,89,7
37,5777,1068.53282755011,97,60
3,8371,426.100846703061,77,74
1,3705,179.44344682076,58,57
85,2452,1891.0831228058,90,5
36,7573,1346.60552549341,65,29
10,1599,102.707408491716,89,79
14,8880,662.810539253874,73,59
30,1986,278.253932965068,85,55
5,3366,181.835731835732,89,84
37,4724,873.766501185165,91,54
86,8225,6439.41473355026,86,0
40,1181,245.633461633547,83,43
29,7712,1038.27857410392,65,36
38,7241,1392.95142619474,78,40
86,8482,6640.62197811226,91,5
43,4946,1154.84489563649,78,35
15,2507,194.42269219228,74,59
71,3122,1818.09450104324,88,17
20,7707,725.894772853224,84,64
16,3730,300.611416562956,86,70
11,4704,313.524062692101,89,78
17,3104,260.023439222205,76,59
61,7648,3361.45475853492,77,16
22,9757,994.366082961364,78,56
24,1789,197.348892295432,70,46
17,9169,768.091145047807,92,75
38,5944,1143.44749030541,99,61
70,8984,5101.26036854267,71,1
3,6745,343.334154941124,65,62
40,1898,394.760635207851,83,43
73,3258,1991.58346247165,80,7
15,4737,367.363499367703,65,50
55,4720,1705.26644759611,89,34
67,3156,1654.61113625189,87,20
61,9863,4334.99323789617,69,8
87,4624,3672.82073039758,88,1
87,1253,995.251811243117,93,6
81,7665,5531.68125120731,83,2
89,7600,6204.27594562862,92,3
30,5594,783.76258862366,97,67
84,4799,3643.80628296821,86,2
38,3940,757.937939401638,78,40
34,6283,1032.1968444269,93,59
28,3549,459.12045068039,81,53
61,6716,2951.8214119143,83,22
49,5357,1565.52025559992,66,17
65,3138,1554.98683577238,78,13
75,2270,1452.55180721106,89,14
14,3744,279.45525438812,80,66
36,7095,1261.60916458151,88,52
78,5014,3418.12013788929,79,1
20,8264,778.356611244199,70,50
7,7507,433.233268945484,75,68
49,8161,2384.95628261171,88,39
52,8933,2907.81047320146,81,29
4,7534,394.674764788002,20,16
23,7117,754.582344126866,92,69
60,6931,2952.1635598253,85,25
48,5911,1665.24311787795,74,26
18,2495,217.293719930314,57,39
50,7450,2257.68343912445,84,34
64,2249,1082.47911576327,95,31
66,2015,1027.37063383023,84,18
14,9040,674.753071492683,89,75
89,5863,4786.27235121324,94,5
39,8555,1711.38209436872,75,36
58,7462,2980.22230499684,58,0
71,4340,2527.39594315428,75,4
14,5905,440.754080438528,75,61
96,6500,5873.40810825008,99,3
11,1128,75.181790543514,86,75
4,1244,65.167959569455,81,77
56,8874,3316.55274095446,86,30
85,4515,3482.15346634101,85,0
66,6522,3325.31576865546,80,14
18,2814,245.075963079721,87,69
8,6694,400.028421873618,87,79
51,1875,589.006265579178,81,30
86,3441,2693.98493594486,91,5
0,9268,599.010980849239,78,78
93,4959,4265.50465494259,98,5
63,1220,570.018620532703,70,7
13,7465,536.38412688534,96,83
96,9388,8483.00851080796,96,0
78,5555,3786.92807458616,88,10
26,5132,613.009208513537,87,61
4,6787,355.542557554575,91,87
96,4169,3767.11360050686,97,1
42,8343,1874.7399358278,81,39
61,4666,2050.80385765219,85,24
33,7648,1207.50980293158,81,48
76,2368,1548.67311825485,85,9
62,7471,3386.53458657379,94,32
77,8717,5822.51645579939,93,16
15,5152,399.547550927254,83,68
99,8264,7870.47619047619,99,0
12,8201,567.442306311438,32,20
33,6181,975.89148691424,52,19
2,5056,250.680993184826,92,90
25,3819,438.358087316599,73,48
50,1906,577.603306707545,91,41
15,3035,235.370112007806,88,73
60,6856,2920.21834744802,77,17
53,6895,2324.78058092038,61,8
41,4947,1069.58144284114,76,35
2,4643,230.204084524752,62,60
6,9912,553.060095273247,26,20
96,6532,5902.32334816762,97,1
7,6701,386.718547382935,70,63
63,1916,895.209571262835,63,0
14,7601,567.344922169899,37,23
89,6174,5040.15785372514,95,6
29,8492,1143.29118922335,79,50
38,5217,1003.59447458334,74,36
90,5622,4650.14862585952,94,4
18,1924,167.564375609589,60,42
18,4783,416.559463898474,77,59
30,5504,771.152893776301,49,19
96,5271,4762.8821751671,97,1
62,3609,1635.92602368422,87,25
15,5875,455.617597379196,69,54
83,7868,5877.66786737725,83,0
25,5620,645.083124042757,46,21
8,8040,480.464372850894,32,24
86,8405,6580.3380955003,87,1
19,1310,118.638943884987,75,56
35,6473,1106.38492517211,81,46
16,4461,359.524806779449,88,72
27,8020,996.955552677264,93,66
60,8687,3700.10746561858,75,15
94,2587,2256.99512056174,95,1
85,8298,6399.75846372043,88,3
63,1362,636.365050135689,79,16
47,8788,2385.87094952239,79,32
16,3868,311.733233047055,42,26
61,7488,3291.13143722666,77,16
19,3408,308.64238225957,74,55
54,5688,1985.64446670631,80,26
74,4933,3086.30758241751,95,21
26,1599,190.997997742234,83,57
71,7879,4588.33010048677,87,16
10,1511,97.0549682495201,68,58
35,9873,1687.52330700205,78,43
90,9415,7787.4687499942,93,3
22,4074,415.193955312555,50,28
92,6387,5421.27194377463,94,2
50,8610,2609.21535716262,64,14
72,4673,2789.07286433159,88,16
75,7171,4588.65595132621,79,4
38,7409,1425.26959213876,72,34
51,6314,1983.4589657957,88,37
74,5653,3536.77209880523,88,14
56,1050,392.425104575409,85,29
50,6238,1890.39319372595,93,43
89,9253,7553.70596380284,90,1
91,5054,4234.69264969658,92,1
8,8783,524.865495864354,93,85
62,9834,4457.66043693839,86,24
42,3833,861.306265615243,81,39
47,7519,2041.34770931484,68,21
31,1411,205.732548608197,76,45
29,1513,203.697547020128,78,49
83,7212,5387.61320024463,92,9
35,5609,958.707406965919,94,59
2,6927,343.44684331315,59,57
85,8042,6202.32074779943,85,0
78,9649,6577.87020552328,79,1
53,2952,995.323027538356,87,34
0,4347,280.956056727626,72,72
21,4248,416.162503374489,80,59
77,6383,4263.52214493145,94,17
46,5306,1387.80589046083,68,22
92,5295,4494.38467861072,94,2
5,2165,116.956137678063,84,79
46,1332,348.390019995067,64,18
94,4841,4223.46864269014,96,2
78,1374,936.676719078556,87,9
57,6672,2578.34721996466,77,20
50,6409,1942.21384716089,72,22
13,1705,122.509703461421,86,73
74,1325,828.97983918573,82,8
47,9518,2584.06004751412,73,26
8,7445,444.907618889914,94,86
73,2201,1345.44972403318,73,0
77,9958,6651.44187987269,86,9
24,9794,1080.39969320372,66,42
17,6984,585.05273824996,51,34
82,4403,3233.98496924996,82,0
32,4630,702.51351484307,81,49
87,6496,5159.74123370733,99,12
20,4849,456.709971917125,78,58
24,7617,840.249587822418,81,57
13,5538,397.923013354456,81,68
1,2701,130.816936535189,87,86
37,3054,564.877835440198,59,22
95,5452,4832.94920919345,98,3
59,7421,3061.55724313166,81,22
60,2362,1006.06122180167,85,25
1,4627,224.098469214483,35,34
55,9822,3548.54386616293,76,21
26,2343,279.867610200159,40,14
90,8530,7055.45495883702,92,2
80,6446,4567.6329575553,87,7
53,8165,2752.98527095213,91,38
12,8364,578.720576757575,76,64
78,6876,4687.47388674247,81,3
44,6483,1572.51400985716,79,35
3,9809,499.297957867677,68,65
31,2147,313.04591202112,84,53
5,9591,518.118390979355,55,50
6,7037,392.643653191872,78,72
22,3423,348.848529463641,85,63
53,8452,2849.75278751836,86,33
24,5189,572.411068821128,65,41
66,6086,3103.01621711701,68,2
66,8302,4232.86898365189,68,2
54,7841,2737.24301396698,65,11
36,5275,937.982853159614,82,46
68,6971,3755.65686628453,80,12
44,5711,1385.25798400343,92,48
15,1858,144.091488669029,78,63
49,4254,1243.18147607281,88,39
90,2439,2017.38038037555,95,5
12,1146,79.2938523390938,85,73
70,3269,1856.19102234706,80,10
73,6973,4262.52654506287,81,8
3,4208,214.195718901742,58,55
3,1949,99.2080456605263,78,75
63,8890,4153.66027584896,76,13
49,8572,2505.06619955245,92,43
79,3977,2765.09449292819,86,7
49,5899,1723.91338207652,76,27
28,9579,1239.19830855662,64,36
80,5210,3691.80386423566,97,17
55,7547,2726.61988983217,72,17
46,1298,339.497181646845,55,9
94,1899,1656.75830457934,94,0
87,7554,6000.10549252235,90,3
91,9339,7825.0484082937,97,6
18,3748,326.419584087702,85,67
57,3903,1508.28675052789,59,2
51,1265,397.382893844086,93,42
68,6291,3389.30387975842,75,7
34,2884,473.795272851694,66,32
14,5276,393.805000574712,86,72
35,9772,1670.26007860063,75,40
57,3536,1366.46219571269,90,33
25,7745,888.998006354297,72,47
55,2827,1021.35344223606,72,17
90,9903,8191.11025291477,97,7
30,8211,1150.42449324077,77,47
17,1312,109.906814516602,85,68
14,9388,700.728079112092,74,60
97,6409,5903.98262528762,97,0
18,8245,718.070829990156,79,61
98,8864,8311.25527224453,98,0
23,4130,437.884653820986,47,24
72,5613,3350.11041889433,84,12
87,6332,5029.4768306396,94,7
35,9638,1647.3563894344,83,48
58,8008,3198.28735170392,85,27
89,8168,6667.96393735455,90,1
65,6835,3386.97738129516,90,25
13,7044,506.133930312169,73,60
50,7564,2292.23054141441,89,39
74,7198,4503.39387355387,80,6
60,8260,3518.23272315062,88,28
68,1920,1034.4084325443,73,5
34,4420,726.135612345522,53,19
42,9248,2078.10079426292,64,22
81,9264,6685.64841633197,83,2
3,7499,381.714281379316,83,80
64,6391,3076.08894123745,84,20
43,6761,1578.6304770316,71,28
14,1752,130.770728014954,80,66
24,2034,224.375431486254,60,36
31,3043,443.68826748033,60,29
61,7449,3273.99012765777,90,29
65,3888,1926.63760914054,98,33
86,3573,2797.32873470822,92,6
3,2860,145.579789937971,80,77
3,7548,384.208480577554,73,70
30,3504,490.937452723866,83,53
91,8431,7064.24490098771,93,2
18,5172,450.438124039914,98,80
90,8981,7428.49249534763,91,1
54,7641,2667.42429150895,63,9
35,6748,1153.38876487895,74,39
51,1807,567.64497168084,82,31
78,6295,4291.39734104768,88,10
63,8314,3884.53673041712,79,16
62,5959,2701.15909535447,81,19
38,3532,679.450964966138,64,26
69,5301,2932.92519824086,79,10
34,9998,1642.51218376256,53,19
94,5177,4516.60755282108,95,1
42,9301,2090.0103251989,89,47
25,3851,442.031158485526,60,35
29,3293,443.341719984985,75,46
62,1013,459.183447490196,80,18
15,8568,664.464948824673,20,5
64,2847,1370.30593267142,94,30
4,2517,131.855107907008,55,51
53,8453,2850.08995656562,73,20
98,9184,8611.30058893206,98,0
78,7650,5215.12147085222,84,6
96,9623,8695.35480395239,97,1
6,3195,178.271489547823,73,67
47,8119,2204.24285834914,61,14
17,6538,547.691122949347,41,24
35,1788,305.610419621156,82,47
38,6883,1324.08295352829,51,13
95,9778,8667.75080108099,99,4
62,7883,3573.29034211768,70,8
79,3467,2410.50606159971,86,7
12,7862,543.986271457204,63,51
82,5259,3862.7133666331,82,0
2,2071,102.682028656205,74,72
1,4678,226.568540952096,64,63
33,8902,1405.49846570305,47,14
49,3051,891.61887247253,82,33
55,8147,2943.3910484249,89,34
9,7893,488.822472152503,61,52
75,1377,881.12944428618,85,10
65,2145,1062.92121183293,84,19
53,3129,1055.00194890499,82,29
56,6354,2374.73248997348,60,4
43,2172,507.141753603407,86,43
2,4644,230.253665417391,77,75
4,5258,275.444639402086,70,66
64,9122,4390.56224721765,83,19
97,9776,9005.66923776123,98,1
81,5515,3980.06811486084,87,6
57,1984,766.702770445127,61,4
18,8942,778.773724896541,78,60
10,1862,119.600496942824,53,43
32,1988,301.640792118363,79,47
27,6718,835.105661207713,55,28
81,9460,6827.09779992449,98,17
98,9261,8683.49899326,98,0
40,5399,1122.92553713761,79,39
47,1446,392.577309172664,65,18
88,3798,3059.02095768281,89,1
29,4324,582.146856123618,74,45
16,7167,577.60912131547,76,60
77,6965,4652.26879828413,82,5
75,6280,4018.51336972927,77,2
92,2992,2539.60320272016,96,4
55,2519,910.077580825129,74,19
99,5914,5632.38095238095,99,0
45,5624,1416.75431937362,69,24
74,3221,2015.20306567339,79,5
17,1458,122.13729844909,62,45
60,5766,2455.94792756495,89,29
15,4083,316.644536187108,65,50
74,7775,4864.3911318257,75,1
61,6312,2774.25502561094,81,20
50,1574,476.992447406965,69,19
87,5413,4299.51959637589,91,4
8,4998,298.676733272235,91,83
55,3995,1443.33463096324,85,30
5,7480,404.079404079405,84,79
10,3467,222.693299087416,61,51
12,8432,583.425622097067,73,61
16,3420,275.627625910271,71,55
42,9876,2219.21750044773,79,37
28,2407,311.38431242257,82,54
30,6523,913.922660992516,70,40
49,5041,1473.17297152869,86,37
80,2152,1524.90631781865,81,1
71,9556,5564.92986930468,93,22
5,4685,253.089840656686,91,86
90,7100,5872.65301380338,90,0
4,1064,55.7385120433281,65,61
46,4604,1204.19493397694,47,1
21,2486,243.545193829797,42,21
15,7835,607.619383058043,53,38
85,5472,4220.2311778113,88,3
77,3145,2100.70141717209,97,20
37,1969,364.19268434242,69,32
18,1609,140.130499145441,69,51
39,8267,1653.7692313438,81,42
47,5582,1515.46786984911,63,16
57,2861,1105.61321887274,97,40
79,8966,6233.80367704154,90,11
66,6190,3156.04179821792,91,25
50,6819,2066.46219750197,84,34
57,1796,694.051499858593,85,28
7,3019,174.228218855257,82,75
44,5405,1311.03474059509,86,42
69,5096,2819.50326546603,84,15
28,3716,480.724596993049,84,56
45,4778,1203.6365821421,75,30
14,8849,660.496673632605,27,13
49,9450,2761.65137491492,88,39
55,1335,482.315827868816,55,0
78,3766,2567.33953715418,94,16
37,2339,432.629095315856,86,49
25,1821,209.020706206737,78,53
79,3762,2615.61113462305,86,7
70,9888,5614.5661758849,90,20
75,6820,4364.05432827287,86,11
18,4946,430.755406322779,80,62
96,2469,2230.99147988761,97,1
78,5948,4054.84215799072,79,1
53,4021,1355.75673906901,65,12
54,8514,2972.18301503824,71,17
16,3925,316.327026812226,84,68
52,2869,933.897710468487,91,39
97,3981,3667.30454536901,99,2
72,5313,3171.0558802041,80,8
79,2501,1738.87385637752,86,7
47,3816,1036.01314785815,72,25
61,9807,4310.38007543828,87,26
22,3829,390.225246659738,91,69
58,1454,580.708018154034,79,21
34,3900,640.707893246049,66,32
73,8934,5461.26662176849,86,13
59,5562,2294.62085787606,82,23
38,6244,1201.15850091975,77,39
3,8938,454.962294568386,84,81
29,6303,848.582709099714,97,68
69,6453,3570.30113266332,81,12
53,7965,2685.55146149831,64,11
10,1054,67.7008183553899,66,56
80,9316,6601.3137810402,83,3
34,5571,915.226582890702,80,46
29,3565,479.96150371894,62,33
95,3260,2889.84123660503,95,0
24,4178,460.885227507163,88,64
66,7454,3800.50655313674,91,25
90,9095,7522.7857972594,93,3
1,6093,295.100923476085,74,73
58,1120,447.312916322227,77,19
88,7867,6336.31328964999,90,2
5,2903,156.823864978946,74,69
59,1958,807.779151334292,87,28
44,9287,2252.65118148133,62,18
78,8437,5751.6313528863,90,12
32,4253,645.311010502716,72,40
67,9233,4840.62884062537,76,9
10,5305,340.752221418732,75,65
52,4831,1572.55484115485,75,23
69,4036,2233.02888136203,89,20
14,5163,385.370587181053,27,13
10,7771,499.149012751172,76,66
73,8887,5432.53598250017,93,20
97,8525,7853.24572953299,97,0
41,4775,1032.39365060975,77,36
96,6844,6184.24693736362,97,1
33,9626,1519.80770959982,75,42
15,5439,421.8049552588,74,59
49,7685,2245.8508800234,77,28
20,2927,275.683664219721,74,54
26,2677,319.763377083153,88,62
28,5754,744.372801694834,82,54
53,2679,903.275877633894,61,8
32,1204,182.683860015347,61,29
49,9567,2795.84324908053,89,40
23,7204,763.806548698882,77,54
84,7895,5994.55107398083,94,10
20,3258,306.859370696225,25,5
83,5072,3788.95925563516,89,6
51,1545,485.341162837243,72,21
39,2314,462.903350832171,67,28
39,5760,1152.2572604984,87,48
28,3231,417.98201638443,75,47
96,6715,6067.68237644605,97,1
70,3667,2082.1818534557,92,22
9,2310,143.060928756149,37,28
99,9775,9309.52380952381,99,0
74,4521,2828.54177581787,74,0
27,7213,896.638454047519,40,13
13,7397,531.498109386586,73,60
85,6225,4800.97570940705,89,4
25,9426,1081.94902619698,89,64
32,1162,176.311167224114,69,37
70,6214,3528.40960931925,85,15
0,5442,351.728286338105,60,60
91,9061,7592.11517588063,95,4
11,5090,339.251164775254,79,68
79,9840,6841.4709103378,87,8
99,1261,1200.95238095238,99,0
64,1147,552.069162196739,69,5
39,2367,473.505717986062,55,16
64,7663,3688.32257185144,79,15
26,1671,199.598282818808,70,44
59,7347,3031.02830687081,82,23
11,9865,657.50741463809,62,51
78,3240,2208.75732883153,83,5
76,4464,2919.45810806152,88,12
73,4072,2489.17368299096,85,12
97,4484,4130.66907345759,97,0
34,3802,624.608053877302,57,23
42,8088,1817.43936245658,76,34
30,2260,316.643448389251,92,62
93,7834,6738.44796669091,96,3
68,7119,3835.39251629315,80,12
34,9139,1501.39216317324,71,37
65,5391,2671.42575897033,90,25
13,5619,403.743122433855,70,57
6,2923,163.094699201342,58,52
43,6312,1473.79316240548,88,45
23,2484,263.366944332041,74,51
28,4255,550.452949463246,79,51
67,2767,1450.66825538941,83,16
56,5614,2098.16622579652,75,19
88,4645,3741.21968099964,93,5
54,5689,1985.9935603186,88,34
30,3308,463.476339500727,80,50
73,7118,4351.1636236566,86,13
58,1530,611.061394618757,76,18
12,3472,240.234079687028,85,73
92,6224,5282.91789228954,96,4
67,8486,4448.99559639845,76,9
60,7727,3291.20874718945,86,26
35,4646,794.108506465263,83,48
44,8601,2086.25528286001,82,38
97,9607,8849.98612593823,98,1
65,7861,3895.3956392628,70,5
44,4616,1119.65520121867,75,31
31,4180,609.46991720926,82,51
64,5863,2821.95422664296,66,2
28,6253,808.92650834164,79,51
18,8973,781.473566707298,81,63
88,8073,6502.23175128313,89,1
50,7016,2126.16201461707,78,28
60,3574,1522.29585381844,87,27
21,9788,958.897971522951,70,49
58,4181,1669.83509209217,58,0
82,8068,5925.91204449436,85,3
22,3401,346.606441339715,81,59
5,3490,188.534374363252,74,69
48,9785,2756.6239060118,85,37
44,3468,841.196758627893,71,27
47,5878,1595.82947670603,84,37
61,2772,1218.35154166564,77,16
74,8799,5505.05177735489,84,10
16,7833,631.283974782207,86,70
80,3335,2363.17963286486,87,7
64,4405,2120.19586702409,73,9
23,3309,350.83784975633,86,63
49,3697,1080.40477598523,93,44
23,2924,310.018093891662,91,68
72,3641,2173.12525123718,79,7
82,4203,3087.08581098287,86,4
31,5785,843.488868673581,77,46
45,1078,271.561372027874,71,26
39,8016,1603.55802086028,64,25
82,7352,5400.01305789819,85,3
70,9775,5550.40294996712,84,14
89,2361,1927.40730363542,89,0
89,6635,5416.49617095341,92,3
51,2148,674.765577847507,76,25
41,4818,1041.6905986676,86,45
50,2128,644.879242745884,94,44
54,7812,2727.11929921056,75,21
72,5199,3103.01515550181,72,0
41,7154,1546.7527071125,85,44
66,4202,2142.43742101966,97,31
22,9937,1012.71044033894,77,55
14,9997,746.184342446057,39,25
56,9365,3500.05819461782,63,7
66,5515,2811.88538241871,91,25
83,3224,2408.43940066399,90,7
18,9076,790.444008852718,81,63
68,4117,2218.05183165878,68,0
60,6470,2755.80698774631,83,23
84,5078,3855.6466565769,97,13
16,5938,478.560480308534,91,75
76,1766,1154.96483396878,86,10
91,1571,1316.32412993141,91,0
28,7300,944.372862768907,55,27
32,2832,429.701571065999,80,48
89,7394,6036.10741341816,95,6
72,9279,5538.15688168903,82,10
13,2750,197.596295905517,89,76
99,5405,5147.61904761905,99,0
24,4812,530.82329218872,69,45
23,7813,828.375980702994,72,49
31,8581,1251.16300468245,87,56
55,6770,2445.90123945459,90,35
38,1713,329.529870607869,91,53
28,3482,450.45291892621,79,51
56,7732,2889.74372245435,79,23
11,5437,362.378896440679,65,54
53,3170,1068.82587984302,84,31
88,2012,1620.52400391201,93,5
19,6070,549.723961360209,76,57
26,3149,376.143023696245,99,73
67,9739,5105.91186817399,68,1
50,9619,2914.98751690445,52,2
56,5369,2006.60036806226,93,37
35,9946,1700.00068990605,83,48
12,5544,383.599578855093,93,81
94,2622,2287.53042370038,98,4
88,6256,5038.76648532482,94,6
18,8399,731.482947372628,71,53
41,4156,898.56084019563,82,41
25,7691,882.799698756734,82,57
88,3550,2859.27446018272,88,0
56,4344,1623.51871835769,66,10
10,5707,366.57359616149,78,68
97,1645,1515.37703520021,97,0
72,6332,3779.2444632886,89,17
33,8999,1420.81337821408,89,56
72,1889,1127.44674528619,86,14
63,3942,1841.81426404911,76,13
16,5897,475.256172512534,77,61
80,4128,2925.09910778595,83,3
19,1295,117.280482695465,90,71
24,1552,171.204852343494,85,61
75,9332,5971.45967616458,82,7
97,2795,2574.75915707269,97,0
64,1141,549.18126771271,83,19
94,2576,2247.39831100388,94,0
28,8097,1047.47768079998,73,45
37,1834,339.222642500761,80,43
88,6508,5241.73470052652,97,9
94,3297,2876.42555565986,99,5
40,8276,1721.30612064287,80,40
26,2754,328.960904178932,73,47
95,2319,2055.68767720462,96,1
2,1203,59.6458138452028,73,71
85,2560,1974.37715920997,93,8
38,5276,1014.94430667082,67,29
33,6141,969.576059074639,88,55
25,3910,448.803383453235,85,60
14,4603,343.571724345223,82,68
76,1627,1064.05876832798,96,20
73,6901,4218.5136508646,74,1
61,3986,1751.92974209208,79,18
59,6437,2655.60490150094,84,25
34,7647,1256.28032298783,35,1
71,5005,2914.65822476663,73,2
97,7364,6783.73038736433,99,2
15,7592,588.774263711125,51,36
10,8008,514.372062039812,87,77
25,8642,991.958782558275,77,52
47,6231,1691.66612272121,65,18
89,8366,6829.60165278013,92,3
12,9667,668.877548483438,86,74
91,3233,2708.89618845846,92,1
75,5941,3801.59043464357,81,6
95,2275,2016.68368505413,98,3
62,8741,3962.21373594452,81,19
45,7665,1930.90715825015,76,31
77,3336,2228.27978622769,91,14
62,8071,3658.5089878513,71,9
91,9848,8251.53407483418,98,7
84,5677,4310.45806801636,90,6
62,7760,3517.53558985579,88,26
24,5516,608.483225210511,91,67
0,8381,541.682243256093,81,81
9,7227,447.576334251379,79,70
40,4087,850.045688142511,88,48
43,4540,1060.04768018392,77,34
29,4816,648.385582583567,72,43
17,2281,191.080368835647,73,56
26,7785,929.905823904499,61,35
9,2241,138.787680234861,30,21
97,8797,8103.81263140196,97,0
75,5283,3380.54237775155,97,22
48,2300,647.954520575077,84,36
59,8044,3318.57788219257,67,8
78,6187,4217.77209675329,79,1
45,1174,295.744945047054,62,17
2,3757,186.27541364624,90,88
12,4341,300.361791452012,60,48
80,9372,6640.99535808381,91,11
16,1596,128.626225424793,76,60
29,6137,826.233870497373,57,28
92,8672,7360.77505815149,93,1
35,7421,1268.41997987058,88,53
8,8988,537.116142187044,24,16
20,9902,932.633974411915,75,55
94,7028,6131.48887023886,98,4
81,2315,1670.69042355446,90,9
73,2270,1387.62874763985,94,21
91,9237,7739.58369712056,97,6
41,6521,1409.89298337721,65,24
88,5495,4425.83469259269,89,1
59,3016,1244.26042922586,85,26
51,9226,2898.22496332453,74,23
63,9492,4434.93175909542,76,13
3,6032,307.041011505539,68,65
70,2640,1499.03465861005,71,1
98,4676,4384.41219009651,98,0
18,5430,472.90777523912,96,78
55,4463,1612.41613466556,78,23
90,4353,3600.51529142058,97,7
24,1717,189.406399145476,58,34
16,6171,497.338619734585,72,56
41,1083,234.153366201123,94,53
85,5496,4238.7409636789,87,2
74,4760,2978.07096945213,77,3
9,9702,600.855900775824,85,76
80,7902,5599.3539606891,84,4
80,4896,3469.30359295543,90,10
70,3739,2123.06461687233,75,5
0,1022,66.0540809697801,82,82
9,9365,579.985107273304,79,70
13,8998,646.535080202852,18,5
35,8560,1463.10133778361,82,47
93,4726,4065.08872741655,98,5
52,6092,1983.02713564797,78,26
27,3895,484.182279012212,86,59
74,8700,5443.11290635158,84,10
1,3658,177.167106199822,87,86
20,7674,722.786620848014,82,62
10,5090,326.94228219064,83,73
69,4431,2451.5735810989,89,20
16,3935,317.132955542958,78,62
71,8567,4988.98641589925,77,6
88,7614,6132.53964502288,91,3
37,5571,1030.43039333246,81,44
8,2599,155.314291671576,30,22
81,3936,2840.53456030685,88,7
21,8184,801.759399156501,91,70
20,9537,898.2559295058,85,65
40,3179,661.192865819683,52,12
41,7542,1630.64144772749,88,47
35,6125,1046.90370256129,80,45
59,7186,2964.60724284383,81,22
90,9355,7737.84069635642,92,2
54,6000,2094.56167374083,75,21
33,7083,1118.30438469723,65,32
7,5870,338.761061503929,32,25
16,1674,134.912469524501,68,52
44,5685,1378.95143390991,76,32
37,1049,194.026473273336,82,45
66,7153,3647.03828475813,88,22
22,7862,801.240765014066,68,46
71,7516,4376.93730616304,86,15
27,1389,172.664745968668,81,54
18,8739,761.094115619645,81,63
97,9870,9092.26221120124,99,2
62,9788,4436.80906617378,71,9
50,8510,2578.91088146968,86,36
67,4674,2450.46021889776,82,15
67,9227,4837.48319207736,75,8
11,2704,180.223015629133,81,70
63,4002,1869.84796669826,79,16
41,8811,1905.00951948116,65,24
78,1786,1217.54339175713,80,2
6,9759,544.523150703351,88,82
40,9321,1938.65325646595,57,17
6,1259,70.2484523758089,89,83
10,7454,478.787381424171,77,67
55,5476,1978.39810742295,86,31
61,2182,959.034294341423,75,14
96,4894,4422.2245048886,98,2
54,9345,3262.27980685135,86,32
88,7013,5648.47656035533,97,9
66,1038,529.236088295671,71,5
20,5535,521.321859055741,95,75
14,8829,659.003857102754,82,68
93,8021,6899.29680122897,95,2
54,6003,2095.6089545777,80,26
48,6113,1722.15042794585,95,47
17,8998,753.766400167976,54,37
49,6922,2022.87310234509,74,25
56,9766,3649.92721074614,88,32
75,8782,5619.51981098129,78,3
88,2593,2088.47850007149,95,7
61,1614,709.386503697093,89,28
17,8066,675.692352050999,66,49
2,1509,74.8175669928603,69,67
7,2139,123.442914915997,80,73
15,6913,536.11650224381,83,68
29,8092,1089.43856608518,47,18
40,4026,837.358439065757,77,37
98,3979,3730.87598468649,99,1
88,1516,1221.03100891183,88,0
47,2951,801.172641333702,75,28
11,2442,162.760578463884,72,61
69,4786,2647.98717200165,92,23
93,9230,7939.22322345636,93,0
70,2759,1566.60478147921,85,15
66,3858,1967.04511430125,72,6
60,4937,2102.8468467548,88,28
6,1672,93.2926230121942,69,63
98,5615,5264.85766625147,99,1
1,6093,295.100923476085,65,64
9,6705,415.248280220769,78,69
18,7345,639.688325806877,87,69
39,9361,1872.61809297319,78,39
16,2877,231.865695831535,81,65
94,5355,4671.90138021188,97,3
48,5750,1619.88630143769,84,36
83,2817,2104.39633736677,86,3
63,3903,1823.59235732716,80,17
68,9662,5205.44493502239,79,11
38,2570,494.390990929495,38,0
89,1314,1072.68665691526,96,7
92,5607,4759.20961151469,93,1
93,5005,4305.07174793056,95,2
59,6765,2790.92234871118,82,23
66,7198,3669.98204581141,70,4
50,9322,2824.9832240964,67,17
44,6593,1599.19556794513,81,37
45,7642,1925.1131772143,73,28
84,6702,5088.72467356802,88,4
83,5255,3925.66657893587,92,9
12,6373,440.959616890964,58,46
51,1502,471.833285813294,84,33
76,2715,1775.61128212075,87,11
15,6891,534.410359751496,79,64
47,3518,955.108557171116,75,28
68,7561,4073.52195753512,94,26
96,6875,6212.25857603374,97,1
43,3667,856.210317893044,93,50
76,8631,5644.67807586894,76,0
13,7137,512.816277773701,88,75
60,4884,2080.27223000819,83,23
4,4760,249.356501246468,71,67
61,7493,3293.32904101754,75,14
68,8728,4702.24833294095,78,10
89,9442,7707.99651034545,90,1
3,5119,260.567463179186,76,73
82,5820,4274.76550557229,96,14
90,4716,3900.76501592912,92,2
88,6462,5204.68494695795,92,4
58,7104,2837.2419263867,79,21
34,9415,1546.73456792604,78,44
48,9012,2538.85484322722,80,32
82,7101,5215.65461427299,87,5
69,6784,3753.43605826561,86,17
31,6754,984.775076753909,83,52
8,8817,526.89731037641,73,65
77,9152,6113.07452144958,85,8
6,5893,328.811858499318,65,59
25,9621,1104.33180363263,78,53
20,1255,118.203962622395,74,54
84,4429,3362.87102047639,94,10
4,2255,118.130023174535,83,79
18,1215,105.816380647428,66,48
47,4177,1134.02172919379,79,32
78,7503,5114.90933278487,86,8
98,2070,1940.91814232245,99,1
44,8556,2075.34010000584,49,5
78,9149,6237.01259304928,89,11
61,4538,1994.54520060558,78,17
76,6251,4088.15695194725,87,11
89,5803,4737.29122532669,95,6
64,2604,1253.34620606827,70,6
94,1306,1139.40302568753,94,0
82,4985,3661.46151980719,87,5
27,8379,1041.58236607017,86,59
43,1728,403.471892369561,50,7
42,1195,268.526216386699,54,12
14,8852,660.720596112083,36,22
13,3217,231.1517396102,74,61
94,3685,3214.9312018825,94,0
83,4556,3403.48942600035,83,0
26,5025,600.228229302518,40,14
84,7689,5838.13846837727,85,1
97,2785,2565.54713862163,98,1
11,9913,660.706639767601,74,63
20,2532,238.480026581596,96,76
36,3442,612.044925227563,93,57
82,4464,3278.78921252142,88,6
68,4447,2395.84078100234,76,8
73,5984,3657.96054003387,88,15
68,9665,5207.06119819824,88,20
43,1029,240.261908129791,90,47
83,1196,893.453326052769,88,5
31,2817,410.736066214948,92,61
16,1731,139.506263289672,79,63
58,5326,2127.13267172516,58,0
89,4659,3803.38442508997,92,3
31,3001,437.564407068179,59,28
89,5011,4090.74036362434,93,4
25,3151,361.682726665254,88,63
99,5723,5450.47619047619,99,0
7,5051,291.496102496822,42,35
30,5546,777.037418038402,85,55
10,6278,403.250225460283,33,23
54,5383,1879.17091495782,83,29
83,1626,1214.67818408178,83,0
33,9246,1459.81114512361,72,39
97,8978,8270.55016536624,97,0
27,3289,408.851223535601,88,61
76,5206,3404.72645846063,80,4
71,2611,1520.51401096217,78,7
36,5915,1051.78551212116,64,28
47,3188,865.51622520225,81,34
41,6634,1434.32449804086,64,23
12,7551,522.467608213349,87,75
99,8234,7841.90476190476,99,0
36,3360,597.463959548115,86,50
0,6795,439.175616623929,58,58
1,4522,219.013027401749,74,73
88,8585,6914.61161708976,89,1
51,2524,792.880967638318,85,34
21,9504,931.075431278517,87,66
10,7697,494.395824365689,72,62
67,3486,1827.62180639229,81,14
47,2871,779.453288129128,97,50
66,2359,1202.76294054864,97,31
3,8353,425.184610262892,74,71
63,4021,1878.72530587049,81,18
4,9547,500.127419621855,79,75
33,3181,502.234398944216,90,57
49,1917,560.22070748274,99,50
86,9155,7167.51877029211,97,11
19,2066,187.105387836934,37,18
79,6631,4610.34487870426,79,0
19,4450,403.010152891751,81,62
97,3758,3461.87653391026,97,0
32,2547,386.45829855406,69,37
61,7308,3212.01770075487,73,12
51,5794,1820.1078948084,77,26
29,7565,1018.48773510064,65,36
57,9371,3621.35668439581,79,22
16,4502,362.82911457545,76,60
60,3314,1411.55245091055,65,5
99,6008,5721.90476190476,99,0
44,6217,1507.99315120808,53,9
66,5100,2600.29291937179,98,32
8,6207,370.925666950933,66,58
71,8124,4731.0056779229,89,18
30,9187,1287.16962847436,70,40
4,8706,456.070945347006,90,86
72,1532,914.37184424481,81,9
77,7403,4944.83071266294,91,14
45,2747,692.002865455075,83,38
22,7785,793.393456580324,51,29
73,5969,3648.7911870759,83,10
25,4489,515.263014916003,93,68
83,7756,5793.999997379,86,3
80,5963,4225.37935555418,88,8
4,6271,328.511474646345,76,72
75,5966,3817.58770124281,86,11
27,3180,395.301578243603,89,62
66,6783,3458.38958276449,74,8
23,8429,893.687590086463,61,38
25,3605,413.794423874402,39,14
15,6290,487.801648938748,74,59
36,3294,585.728060342705,73,37
44,6290,1525.70000339373,83,39
51,8004,2514.3499465044,86,35
6,3425,191.104804914333,74,68
26,9999,1194.36459000913,37,11
35,8757,1496.77317931905,71,36
86,6628,5189.11135002689,87,1
34,6315,1037.45393483303,71,37
25,9008,1033.96953405287,64,39
90,3644,3014.07712426754,93,3
47,6445,1749.76539254345,53,6
6,4239,236.523581907112,76,70
49,5928,1732.38829105774,75,26
54,3454,1205.76933685014,71,17
35,4918,840.599577011658,80,45
34,8729,1434.03569234481,82,48
6,1513,84.4208963023025,87,81
25,8794,1009.40587061068,75,50
68,9001,4849.32828194334,84,16
85,1192,919.31936475714,97,12
84,3070,2331.00339418887,89,5
67,8729,4576.39436259275,90,23
13,5413,388.941363540569,51,38
24,8289,914.379523888673,76,52
77,1380,921.77041516613,85,8
67,1386,726.644814589707,89,22
12,4737,327.761761370233,68,56
20,7728,727.872687765631,81,61
1,9617,465.778037267275,5,4
65,9067,4493.0100828388,89,24
69,4399,2433.86869403161,77,8
2,3880,192.373863440887,89,87
51,4854,1524.81942033138,77,26
26,8111,968.846003556761,87,61
95,3448,3056.4946576117,96,1
26,6195,739.982861796836,80,54
5,4470,241.475258854939,81,76
17,9359,784.00752824762,90,73
27,3803,472.745881151077,84,57
55,2312,835.291531110638,91,36
27,8334,1035.98847581201,81,54
74,1010,631.901613266103,83,9
86,8276,6479.34301943611,89,3
70,7018,3984.93380080504,85,15
75,8235,5269.4996177899,77,2
29,3715,500.156237395754,74,45
29,6886,927.072907323597,88,59
7,7422,428.327870269533,30,23
37,8467,1566.08403165427,74,37
35,6758,1155.09799541374,79,44
92,9042,7674.83026704402,92,0
28,2292,296.50720568032,65,37
92,8625,7320.88155864352,92,0
57,1510,583.528822264185,70,13
16,4858,391.520177389501,91,75
87,4543,3608.48282400437,94,7
26,8816,1053.05712826488,70,44
72,8697,5190.79107662997,84,12
14,4453,332.37560037134,74,60
58,8226,3285.35361577379,91,33
62,1634,740.676952812418,64,2
94,4695,4096.09280674038,96,2
7,3100,178.902775240576,62,55
99,5983,5698.09523809524,99,0
46,6598,1725.73374769328,86,40
87,6700,5321.77744240134,92,5
18,5072,441.728956908438,76,58
53,6229,2100.22599543917,78,25
1,6223,301.397184768041,87,86
36,5316,945.273335999338,64,28
56,1010,377.475576782061,88,32
3,2553,129.952868430643,90,87
34,4814,790.863537970892,78,44
4,1648,86.3318306836511,66,62
85,8854,6828.56850298634,99,14
17,7999,670.079732712118,93,76
46,4850,1268.53723496702,93,47
68,2806,1511.74482381213,81,13
5,3677,198.636359465237,64,59
13,8644,621.099047929924,29,16
29,5223,703.180626626655,79,50
66,1655,843.820545403984,74,8
61,8954,3935.46886871361,85,24
93,5587,4805.68148964796,93,0
43,1499,350.002527003456,56,13
8,3943,235.630724148144,85,77
87,6661,5290.79993191572,91,4
18,8070,702.829787510074,77,59
9,5108,316.344252851259,72,63
88,1670,1345.06714042398,94,6
27,7340,912.425655442782,67,40
56,1001,374.111933028557,65,9
2,7722,382.863652961476,64,62
32,5087,771.854481642915,83,51
7,3540,204.295427210206,83,76
85,2038,1571.78931658981,93,8
3,4220,214.806543195188,66,63
57,5049,1951.15034676283,92,35
3,8822,449.057659731741,87,84
58,8897,3553.34197903469,68,10
89,9716,7931.67698522732,91,2
20,5210,490.711271125639,71,51
97,4991,4597.71840892659,98,1
90,7505,6207.64237585836,94,4
79,3094,2151.16981672613,83,4
63,5089,2377.72521302535,78,15
76,2405,1572.87113572759,88,12
25,2380,273.184668188925,69,44
58,3657,1460.55654909856,62,4
14,4703,351.035806994479,83,69
89,7017,5728.34267243105,92,3
60,7769,3309.09806612072,73,13
27,9361,1163.65348237056,84,57
16,8042,648.127885254502,55,39
64,8976,4320.2901481063,78,14
48,6026,1697.6408439067,85,37
40,9466,1968.81147148447,85,45
89,1631,1331.47027201583,92,3
91,8068,6760.09107593036,99,8
46,6079,1589.98718584836,73,27
80,2521,1786.37956655242,90,10
16,6360,512.570672745415,95,79
67,8837,4633.01603645688,68,1
35,9899,1691.96730639252,91,56
16,6027,485.733246012047,58,42
25,6919,794.186856806376,62,37
24,3970,437.94024729618,46,22
40,2557,531.824522774749,95,55
79,7857,5462.74765676058,80,1
23,7202,763.594498019066,32,9
23,6465,685.453822506701,83,60
2,3533,175.169293695014,85,83
33,5498,868.055556553064,74,41
1,1921,93.0393687834496,68,67
19,6247,565.753803396577,70,51
64,2570,1236.98147065878,84,20
42,7351,1651.82947000721,91,49
6,2714,151.433121324818,90,84
46,3375,882.744983095609,81,35
9,9960,616.834134377161,73,64
81,2840,2049.57270103441,81,0
4,3800,199.066114440458,64,60
15,3797,294.464683787031,37,22
70,8614,4891.16838987384,77,7
73,4562,2788.70587961807,80,7
18,2777,241.853571241075,75,57
99,6053,5764.7619047619,99,0
20,3669,345.569991124754,60,40
15,3678,285.236003942244,77,62
64,7901,3802.8757197179,74,10
97,4374,4029.33687049587,98,1
66,2158,1100.28080784399,69,3
78,2611,1779.95845233924,91,13
48,8734,2460.53686204466,68,20
34,1643,269.918735539297,88,54
77,1562,1043.33723803587,81,4
58,6883,2748.97750271954,68,10
17,8007,670.749896215268,56,39
39,6084,1217.07173140144,84,45
47,2828,767.77913578167,81,34
4,5384,282.045252670375,67,63
65,8092,4009.86407746019,79,14
60,9686,4125.61769448389,86,26
77,5026,3357.11457001809,80,3
85,5472,4220.2311778113,93,8
76,6673,4364.14515123085,79,3
44,2148,521.018061572293,67,23
56,7061,2638.96539372092,71,15
22,4605,469.309809576415,82,60
16,8609,693.824044286994,68,52
38,1845,354.922715278178,86,48
31,3902,568.935793528835,96,65
91,8693,7283.77190419715,94,3
10,1012,65.003062785251,65,55
92,7156,6073.99749955397,96,4
10,8220,527.989304441466,88,78
17,5725,479.585756941727,88,71
48,7486,2108.95110479349,73,25
18,5404,470.643391784937,79,61
25,4817,552.911994397502,58,33
78,3778,2575.52011985356,81,3
22,8151,830.693649914736,79,57
21,4612,451.822378899045,78,57
41,2877,622.030687498274,79,38
4,6270,328.459088826755,77,73
22,7506,764.959702645075,86,64
97,8521,7849.56092215256,98,1
18,5888,512.795760701278,43,25
22,2217,225.941335033857,70,48
51,3479,1092.88149223998,85,34
74,4226,2643.97645313124,77,3
72,9310,5556.65918402035,75,3
98,3512,3292.99735064562,98,0
71,8694,5062.94477644777,73,2
61,4206,1848.62430889094,82,21
5,8387,453.076732889569,96,91
36,7239,1287.21476284786,84,48
33,4642,732.905400785617,71,38
6,7088,395.489301381837,26,20
74,9072,5675.85290648524,84,10
42,8159,1833.39363974818,86,44
7,4785,276.145090169727,16,9
31,3835,559.166778109452,74,43
38,3173,610.390122264314,75,37
17,7085,593.513552477229,88,71
87,9641,7657.79945107333,98,11
62,9124,4135.82406209333,84,22
51,9959,3128.48714608162,58,7
25,5225,599.743651801317,85,60
68,8908,4799.22412349197,85,17
48,1233,347.359966899596,92,44
44,4862,1179.32486748812,83,39
60,8493,3617.47584960269,77,17
43,6196,1446.70824370475,54,11
69,9220,5101.22058626311,75,6
50,8781,2661.03601059756,64,14
59,4989,2058.22787845086,70,11
48,2836,798.956095804747,81,33
95,3363,2981.14603641188,95,0
31,1365,199.02546339489,76,45
89,4182,3413.98447429196,89,0
27,1102,136.988156988821,88,61
4,5233,274.134993912346,84,80
55,6602,2385.20531504863,76,21
63,5415,2530.04166408573,70,7
92,2067,1754.46518048883,92,0
79,6908,4802.93506591601,87,8
28,9185,1188.22804719622,80,52
8,3892,232.58300238006,71,63
71,1276,743.077701259186,84,13
62,2541,1151.81158941025,82,20
84,8651,6568.570150856,85,1
9,7111,440.392322244577,75,66
7,7313,422.037417849784,75,68
79,2828,1966.22761528814,79,0
80,9049,6412.117690493,80,0
41,8838,1910.84713802911,77,36
0,6506,420.496918580616,77,77
74,7746,4846.24742213786,84,10
67,4217,2210.86665449119,89,22
95,2950,2615.04038281744,96,1
31,3370,491.366894974929,76,45
18,4585,399.315312978152,89,71
46,6086,1591.81806433182,90,44
47,3578,971.398072074546,81,34
19,3717,336.626682763739,81,62
60,6323,2693.19437148685,79,19
45,6011,1514.24434810719,84,39
47,2738,743.344863426525,89,42
36,9682,1721.62085010263,55,19
56,2384,890.991856483596,89,33
99,9147,8711.42857142857,99,0
34,5791,951.369079432787,69,35
47,8249,2239.53680730658,65,18
44,1422,344.919778191714,63,19
4,9749,510.709355178953,73,69
51,2899,910.682220754153,78,27
82,5003,3674.68244405123,88,6
8,4516,269.872774601323,88,80
82,6569,4824.90285328253,85,3
70,5103,2897.56585715419,71,1
1,2127,103.016521292242,85,84
96,4773,4312.88875395041,99,3
48,5483,1544.66723317963,78,30
21,4487,439.576542523854,87,66
95,7671,6799.9914496924,95,0
76,5093,3330.82440509796,81,5
20,3696,348.113024583563,64,44
96,6566,5933.04579058,96,0
4,4841,253.599752633225,61,57
66,4605,2347.91154778571,91,25
12,1910,132.156420565156,61,49
71,3041,1770.92420809497,75,4
36,4529,805.331628807563,62,26
61,1722,756.85474558017,80,19
91,6616,5543.47577570095,94,3
15,2749,213.190259607729,67,52
72,8241,4918.62817782081,84,12
23,8451,896.020147564444,84,61
20,9199,866.420918058493,74,54
28,5585,722.509923091006,70,42
97,3763,3466.48254313579,99,2
55,8806,3181.47803761258,72,17
74,9089,5686.48887423328,87,13
43,6908,1612.95360676443,66,23
27,1267,157.499087935423,79,52
2,6183,306.558659189434,51,49
56,9903,3701.12934343836,72,16
30,9665,1354.14111888589,77,47
29,5040,678.543051540942,97,68
58,3073,1227.31481415911,84,26
18,6761,588.82678975906,86,68
91,9019,7556.9238242211,91,0
71,3721,2166.92172914219,87,16
53,4511,1520.96957223087,84,31
42,6481,1456.33339615246,75,33
33,3801,600.12353045802,70,37
31,7086,1033.18273524996,90,59
95,6953,6163.51721414564,96,1
27,5925,736.528883991619,80,53
46,3372,881.960320888413,95,49
43,3861,901.507509513238,80,37
66,6989,3563.42102225284,84,18
51,3956,1242.72468620332,92,41
11,1766,117.704824556601,61,50
84,2089,1586.14530633894,84,0
98,3639,3412.07783570599,99,1
11,6282,418.698588824783,56,45
42,2557,574.578690628275,56,14
9,6027,373.25896866377,76,67
31,7714,1124.74902903163,64,33
60,3445,1467.35008852953,80,20
80,9533,6755.07989208418,98,18
72,7132,4256.72323312923,82,10
19,3249,294.242693650629,89,70
68,7369,3970.08111428069,85,17
43,6516,1521.42526081022,68,25
54,5085,1775.14101849536,71,17
40,1134,235.858040213753,51,11
6,8502,474.386292374207,65,59
57,1714,662.363179709147,81,24
44,7515,1822.83553664608,64,20
1,5018,243.035685869521,80,79
0,6497,419.915229022173,0,0
69,2248,1243.76831647717,74,5
1,7131,345.374148253399,89,88
78,5542,3778.06577666183,81,3
63,6542,3056.60804551225,84,21
99,4510,4295.2380952381,99,0
57,2389,923.212156549097,66,9
1,7480,362.277188183344,19,18
95,7993,7085.42975588467,98,3
75,2219,1419.91738334861,78,3
66,4202,2142.43742101966,88,22
17,4069,340.861911789675,96,79
65,4389,2174.90032575047,90,25
49,2255,658.997232850067,72,23
50,3499,1060.35360449617,67,17
97,4378,4033.0216778763,99,2
85,2008,1548.65208425532,90,5
49,2495,729.134410625684,70,21
42,6083,1366.89956006719,51,9
18,7508,653.884268231182,75,57
47,1236,335.564007010659,83,36
62,7327,3321.26073026719,82,20
97,2750,2533.3050740429,97,0
15,7116,551.859544331976,87,72
50,3164,958.833610924802,86,36
28,1766,228.460613102725,70,42
38,4576,880.285281904034,67,29
35,9715,1660.51746455231,94,59
42,9825,2207.75738577348,62,20
23,5828,617.915680985159,62,39
37,6150,1137.52412834225,89,52
90,2715,2245.66942710932,90,0
29,2190,294.843111681481,90,61
91,6982,5850.14326873398,95,4
61,2743,1205.60543967852,83,22
23,8264,876.193409001605,64,41
31,1264,184.299037165671,71,40
72,6006,3584.67186457854,87,15
56,1483,554.253742938412,76,20
48,9625,2711.54880892831,80,32
23,5075,538.078600034262,83,60
65,3509,1738.83008499849,85,20
26,6898,823.955089697268,76,50
64,6614,3183.42235289384,82,18
14,8659,646.31491659902,52,38
56,8196,3063.1582448572,71,15
19,8185,741.266989082918,85,66
39,7975,1595.35618966576,77,38
35,4196,717.193132399536,83,48
86,2177,1704.38977202905,86,0
86,8055,6306.32044726412,95,9
28,8821,1141.13877020336,43,15
49,9318,2723.07592713833,73,24
49,9934,2903.09468342908,81,32
88,4922,3964.32363183644,91,3
80,8026,5687.22030985709,80,0
88,8930,7192.484768854,89,1
35,7882,1347.21550752458,63,28
57,8190,3164.96758565806,70,13
63,8822,4121.88874617992,88,25
4,2108,110.429307694864,65,61
75,2230,1426.95618065227,80,5
0,6799,439.43414531657,74,74
90,5465,4520.28855217401,90,0
20,7105,669.194545364235,77,57
33,1457,230.039459057442,63,30
16,4302,346.710539960814,56,40
2,3660,181.466067060218,52,50
63,1551,724.67121348051,70,7
30,3995,559.730343502239,88,58
48,3263,919.250261146294,51,3
97,9878,9099.63182596209,97,0
5,3859,208.468238013693,74,69
54,8970,3131.36970224254,64,10
47,6292,1708.2271295397,73,26
1,4821,233.494428373249,88,87
49,9347,2731.55083611955,76,27
18,4880,425.007356016005,85,67
6,8803,491.181196397336,33,27
71,7336,4272.11443294466,73,2
30,4109,575.702623642228,58,28
14,1937,144.579280916076,83,69
16,8176,658.927330246308,88,72
84,8259,6270.93062951332,87,3
66,7187,3664.37357088727,91,25
92,7172,6087.57826534392,97,5
36,1283,228.138767886973,71,35
82,2259,1659.22599262677,89,7
82,8125,5967.77830460048,83,1
53,9072,3058.79759682519,63,10
69,9544,5280.48256781942,78,9
99,1311,1248.57142857143,99,0
55,1615,583.475701878755,87,32
33,1873,295.719908589285,65,32
94,1054,919.548843089322,98,4
18,3981,346.71194350404,87,69
43,6861,1601.97954487706,87,44
44,9832,2384.84617382625,79,35
61,8352,3670.87737229128,65,4
37,6026,1114.5886825025,72,35
6,5188,289.474957049799,78,72
25,3204,367.766250788789,68,43
62,4665,2114.60096993264,85,23
82,7893,5797.37528101066,87,5
79,3180,2210.96316004819,84,5
51,7402,2325.23966816911,84,33
19,2607,236.100554739055,80,61
7,3016,174.055087137283,62,55
81,4218,3044.04846935322,98,17
53,8615,2904.71134222322,82,29
90,5799,4796.55138409096,94,4
92,2640,2240.82635534132,96,4
91,8078,6768.46996918262,91,0
71,8617,5018.10388068213,93,22
50,4421,1339.76087038513,73,23
62,5044,2286.39813340627,85,23
78,1282,873.95891838334,93,15
35,1258,215.021201277077,90,55
13,8490,610.033655359215,70,57
31,9651,1407.175638992,78,47
75,1874,1199.15510427909,97,22
46,5337,1395.91406660186,78,32
19,5964,540.124168954248,98,79
62,6767,3067.41795574151,92,30
50,5075,1537.95214141699,79,29
48,7437,2095.14685631167,81,33
44,5751,1394.96036876269,70,26
36,7870,1399.41707191776,65,29
39,1036,207.246271159088,66,27
89,2685,2191.90538342274,93,4
88,7234,5826.47646336952,90,2
55,4204,1518.84325120637,79,24
3,7512,382.376007697216,80,77
61,7492,3292.88952025937,83,22
85,3602,2778.01036229465,95,10
37,6097,1127.72107487848,71,34
86,4732,3704.71860415317,87,1
21,1887,184.863145919882,82,61
25,5678,651.740565536436,71,46
11,2046,136.366971145416,70,59
55,2027,732.325230779093,86,31
42,7526,1691.15339290903,70,28
35,3107,531.057927160476,90,55
74,3609,2257.95338839343,82,8
40,7132,1483.36820353129,76,36
59,1629,672.049150931339,85,26
6,9955,555.459367276551,83,77
78,2245,1530.45068000827,78,0
90,3599,2976.85608403921,90,0
14,3255,242.955890233261,62,48
20,1326,124.891198754817,69,49
14,9226,688.636265220298,65,51
66,6363,3244.24781293387,83,17
29,2983,401.605937052903,81,52
57,7475,2888.66089167204,74,17
90,8021,6634.44363714323,92,2
7,1036,59.7881532739472,82,75
56,7788,2910.67306136504,90,34
88,6921,5574.3770532182,95,7
72,9796,5846.72753669854,75,3
33,2798,441.764177380042,95,62
76,3472,2270.6896396034,87,11
43,9821,2293.1119531027,55,12
90,2639,2182.80722583481,93,3
16,5288,426.175112810968,80,64
16,5054,407.316380511844,93,77
19,9566,866.335982598313,58,39
64,8006,3853.41387318839,82,18
36,4690,833.960110202577,71,35
40,1295,269.344058268792,61,21
76,7693,5031.22563291157,85,9
18,7168,624.273099984165,68,50
1,4001,193.779549454754,88,87
37,3276,605.939682024259,81,44
12,4933,341.323362642888,56,44
47,9701,2633.74306796958,74,27
83,7921,5917.26069871571,91,8
54,6494,2267.01391821216,80,26
57,7718,2982.56652333442,65,8
38,3807,732.352724695948,83,45
66,7849,4001.90178904887,93,27
58,8164,3260.59165076309,65,7
13,4266,306.525744848341,84,71
22,8800,896.835249570565,76,54
65,9206,4561.88935950303,85,20
53,4300,1449.82690325709,71,18
92,3573,3032.75476046763,94,2
82,8925,6555.37493766884,93,11
75,9125,5839.00230872287,75,0
87,3107,2467.87500202104,92,5
84,7695,5842.6941753366,93,9
79,7778,5407.82121347636,83,4
91,7694,6446.72046829551,92,1
38,6906,1328.50746434206,74,36
37,8215,1519.47328688318,75,38
14,1396,104.198593783605,70,56
49,6581,1923.21986225556,83,34
42,2889,649.181790076295,81,39
82,7546,5542.50524141726,94,12
25,8089,928.48352142026,78,53
9,3438,212.919252408502,79,70
98,9600,9001.35950062585,98,0
93,1738,1494.94799158907,99,6
99,2091,1991.42857142857,99,0
9,9112,564.316529361916,75,66
29,4974,669.657368723144,70,41
41,1230,265.935956073298,83,42
47,3874,1051.75967893147,47,0
38,2704,520.168575670565,95,57
13,3509,252.13287357544,64,51
38,2562,492.852030646446,81,43
30,4863,681.343844918996,89,59
73,9577,5854.32621856691,84,11
0,9747,629.969791793001,77,77
35,2679,457.902860271296,80,45
31,7618,1110.75163380386,64,33
45,3771,949.960977659661,77,32
18,2885,251.259471743069,91,73
56,7254,2711.09686532383,83,27
30,7164,1003.73170984982,90,60
99,1467,1397.14285714286,99,0
19,8415,762.096727322266,94,75
0,1675,108.258890043426,65,65
3,6669,339.465601082632,63,60
51,4718,1482.0968325347,83,32
89,4425,3612.35803413245,93,4
52,3291,1071.26433083018,84,32
86,5309,4156.45626995968,95,9
7,8448,487.538917816898,46,39
56,4514,1687.05421147943,89,33
36,6671,1186.21490301949,91,55
19,4990,451.91475571457,67,48
68,9775,5266.32418131276,91,23
56,1139,425.687803915611,80,24
85,4018,3098.84665066627,90,5
68,9304,5012.57086270424,87,19
69,6615,3659.93212344148,83,14
8,4799,286.784642451672,78,70
40,9840,2046.59886746325,67,27
73,3441,2103.44956855892,76,3
0,2311,149.364952173348,70,70
68,1470,791.968956166727,81,13
33,3505,553.389364444978,78,45
34,7013,1152.12421931655,71,37
67,9691,5080.74667978993,88,21
94,3114,2716.7695421064,97,3
82,4157,3053.29900458144,89,7
95,9154,8114.60327603757,97,2
79,5719,3976.25733091686,91,12
34,8694,1428.28574971312,81,47
68,3540,1907.19054750355,85,17
10,6463,415.133196423989,33,23
18,1667,145.181816081697,44,26
38,1979,380.700300019249,71,33
44,1427,346.132576286621,72,28
16,9990,805.122802001054,57,41
90,1425,1178.66627389716,95,5
81,1644,1186.44278890865,92,11
50,5286,1601.89458512911,64,14
75,7344,4699.35703619296,84,9
89,9012,7356.96510815857,91,2
12,9189,635.803847420535,86,74
19,7346,665.283726548945,96,77
52,3354,1091.77166988892,87,35
48,5190,1462.1234616455,69,21
49,4213,1231.19970820281,77,28
29,4158,559.798017521277,49,20
32,9174,1391.97818254219,66,34
41,4961,1072.6083561623,64,23
62,9434,4276.34416942005,92,30
56,9594,3585.64424123474,89,33
6,9848,549.489085779957,62,56
28,2676,346.183805584876,79,51
85,4754,3666.48008393913,85,0
12,8377,579.620070719537,50,38
82,3139,2305.58228900196,87,5
54,2818,983.745799433611,88,34
91,5589,4682.96343869295,96,5
86,1594,1247.95466082421,89,3
88,4373,3522.14287728987,88,0
73,5425,3316.24931980009,81,8
72,3377,2015.55725718977,92,20
24,4117,454.156170810673,90,66
13,5152,370.187678729173,52,39
13,2599,186.746462930342,74,61
82,3507,2575.8767402134,84,2
83,6035,4508.35353070942,88,5
79,1419,986.590164813957,84,5
90,4950,4094.31442511644,92,2
20,8938,841.838261290011,73,53
42,5701,1281.06105407579,66,24
8,5827,348.217151816189,85,77
9,6737,417.230076636439,76,67
79,5875,4084.71967461734,87,8
3,8112,412.917222369517,59,56
24,9248,1020.16912014989,84,60
98,1264,1185.17900091574,98,0
74,4973,3111.3333888835,88,14
15,2700,209.390214965758,58,43
18,6659,579.943439284954,79,61
14,7063,527.188157516905,71,57
71,6551,3814.97023585339,76,5
75,8777,5616.32035766144,79,4
45,1135,285.920368508013,90,45
33,6531,1031.15148051074,74,41
86,6005,4701.35993616648,86,0
93,8537,7343.13636605059,94,1
94,5224,4557.61210275011,99,5
7,7381,425.961736790545,49,42
9,8445,523.008460322803,75,66
8,9650,576.676765921782,82,74
6,3197,178.383083594489,53,47
1,1918,92.8940704459429,92,91
9,6096,377.532217185057,82,73
3,4642,236.287197514707,86,83
39,1230,246.054935835596,65,26
48,7611,2144.16602438996,69,21
61,7931,3485.83913309891,73,12
24,8745,964.681980505061,80,56
87,9443,7500.52901322326,89,2
26,1798,214.768230106652,89,63
17,7047,590.330275837267,65,48
9,8353,517.310795627753,73,64
22,1525,155.417472226717,88,66
14,7979,595.559154584084,84,70
94,8723,7610.26997938155,95,1
92,7456,6328.63685811549,96,4
23,4028,427.070069150347,24,1
8,5150,307.760139326133,48,40
6,5268,293.938718916411,72,66
4,9069,475.086997858029,93,89
97,3156,2907.31302315614,98,1
87,4926,3912.69786287597,96,9
11,9289,619.116713083955,51,40
61,1265,555.993759093446,94,33
6,2520,140.608498798283,56,50
24,5537,610.799785712581,88,64
90,3393,2806.46643321618,92,2
66,3852,1963.98594616081,72,6
20,5127,482.893797900413,72,52
3,4104,208.901908358543,73,70
72,7663,4573.64976661095,89,17
87,9858,7830.16149659589,88,1
51,8205,2577.49141817448,68,17
60,5342,2275.35099359209,65,5
32,7839,1189.41759024942,80,48
7,1269,73.2347167033195,96,89
55,4086,1476.21159001647,78,23
65,7434,3683.80246562519,88,23
74,2519,1576.00016219536,85,11
48,8547,2407.85534232834,72,24
5,6411,346.330622934902,83,78
79,3505,2436.92637609085,86,7
24,9476,1045.32034845809,84,60
49,3330,973.153341636685,94,45
28,6853,886.546195692509,58,30
19,5559,503.445716837134,67,48
87,8503,6753.89158100576,87,0
71,2971,1730.15975739893,79,8
96,1301,1175.58522289744,97,1
99,9996,9520,99,0
98,7549,7078.25654898172,99,1
40,7114,1479.6244251152,71,31
54,3220,1124.08143157425,73,19
0,3889,251.35452142023,89,89
45,9184,2313.56181883488,82,37
57,1243,480.34856031416,59,2
60,1842,784.574415985889,84,24
34,4838,794.806355775483,76,42
73,1521,929.772389938423,78,5
86,8551,6694.6426001931,86,0
60,9654,4111.98773720292,94,34
50,3899,1181.57150726795,98,48
62,1333,604.236461504868,77,15
42,4554,1023.32082797073,82,40
96,7905,7142.96786087952,98,2
69,3484,1927.61957945126,87,18
61,1751,769.600847567292,82,21
10,2390,153.515138395998,67,57
94,2335,2037.14093796354,95,1
10,1977,126.987208622966,71,61
85,1852,1428.33847611596,88,3
55,4245,1533.65594704354,83,28
13,6308,453.249976208001,48,35
84,1200,911.141391865357,91,7
42,2266,509.188624545823,71,29
12,8774,607.089232480985,79,67
47,3409,925.515938429884,95,48
15,6934,537.745092804655,94,79
74,6482,4055.43193781275,81,7
40,6670,1387.27789085161,80,40
95,8319,7374.41387954518,96,1
12,1957,135.408437196864,76,64
35,8382,1432.67703426428,80,45
29,9693,1304.9836901957,60,31
31,2899,422.692174638671,64,33
63,7258,3391.1435637921,74,11
23,7167,759.883611122278,91,68
44,9793,2375.38634868597,88,44
18,5792,504.434960255062,81,63
55,7022,2536.94512606354,74,19
53,2177,734.017015904811,77,24
64,6678,3214.22656072347,81,17
17,4705,394.139910290101,67,50
92,9399,7977.85110373223,92,0
71,4379,2550.10756568493,90,19
23,9105,965.360719864425,97,74
24,9014,994.356017412535,84,60
43,3767,879.559385738505,76,33
54,5107,1782.82107796574,75,21
63,4985,2329.13346176682,79,16
38,5292,1018.02222723692,64,26
63,7316,3418.24280968627,73,10
45,3483,877.410258602121,66,21
97,5911,5445.22410642457,97,0
39,4559,912.003619897955,88,49
89,2589,2113.53558200428,89,0
24,5912,652.166937535268,72,48
38,7007,1347.93683791555,67,29
2,7445,369.129745700361,82,80
0,2025,130.880150649515,62,62
66,5754,2933.74224667947,69,3
83,7904,5904.56111130526,92,9
35,9607,1642.05777477653,51,16
63,9365,4375.59375515472,82,19
54,2860,998.407731149797,90,36
13,4132,296.897416247854,73,60
67,6525,3420.89279595803,78,11
67,9137,4790.29846385725,91,24
68,1561,840.995605834191,69,1
65,5844,2895.90282608469,83,18
68,8578,4621.43517414842,68,0
26,7749,925.605681366212,72,46
73,2720,1662.70933637903,94,21
97,7195,6628.04727554133,99,2
54,2501,873.083124337637,75,21
63,1350,630.75830960586,72,9
75,7671,4908.60128331103,88,13
68,4143,2232.05944584949,73,5
4,2104,110.219764416506,68,64
28,9993,1292.75589282872,69,41
47,7518,2041.07621739979,50,3
91,5629,4716.47901170203,96,5
19,3957,358.362061796103,68,49
38,4490,863.741458861257,93,55
1,5575,270.012743866596,82,81
59,6039,2491.40873080071,84,25
28,9182,1187.83994875947,65,37
80,5142,3643.61909211128,84,4
72,8574,5117.37871576697,78,6
9,2849,176.441812132583,72,63
59,3957,1632.47298356986,83,24
32,9723,1475.27838117045,59,27
5,2337,126.247803119461,73,68
86,4499,3522.30114118451,87,1
5,6228,336.44472307574,66,61
14,4284,319.761300694099,64,50
92,7534,6394.84309134148,93,1
2,4889,242.400984114045,87,85
13,5837,419.407119709274,94,81
5,7690,415.423879327624,54,49
90,5485,4536.83123671993,91,1
6,5171,288.526407653144,79,73
5,5132,277.23736654218,88,83
80,5236,3710.22745357734,84,4
96,5916,5345.704979755,99,3
22,2944,300.032156219971,82,60
46,7709,2016.3203184249,80,34
73,2764,1689.60610505575,87,14
2,9850,488.371792498127,67,65
89,1182,964.928179964872,94,5
69,6879,3805.99744174663,79,10
44,9688,2349.91758869291,74,30
34,7139,1172.82401279065,71,37
35,3154,539.091310674007,83,48
54,4387,1531.47367711684,87,33
82,3918,2877.75451045227,84,2
13,5216,374.786283433883,74,61
49,6024,1760.44316216798,75,26
74,3282,2053.36742053401,81,7
32,3944,598.42619925293,68,36
1,7495,363.003679870877,69,68
16,7233,582.9282509383,39,23
94,5976,5213.6849016146,98,4
44,9918,2405.70630105866,85,41
82,3641,2674.29917625235,86,4
16,4149,334.379830380618,76,60
12,9738,673.790169352614,95,83
56,5002,1869.43845055828,96,40
75,3831,2451.42113366765,76,1
2,4143,205.41363820505,75,73
72,7572,4519.33655654158,90,18
68,1375,740.787288931462,71,3
75,3028,1937.58893050004,93,18
52,4466,1453.74247994153,78,26
55,5778,2087.50625724795,79,24
82,1928,1416.10788569474,92,10
85,9225,7114.69894285622,93,8
96,3121,2820.13949320746,99,3
98,3468,3251.74111960109,98,0
0,2260,146.068711342175,68,68
46,9270,2424.60622023594,73,27
69,4566,2526.26607341403,86,17
93,8179,7035.20116410071,96,3
66,1178,600.616678239211,89,23
89,6545,5343.02448212359,92,3
23,3704,392.71785902008,28,5
33,4575,722.327059154287,86,53
70,9870,5604.34548503074,72,2
23,3250,344.582354701744,53,30
18,7391,643.694542687355,92,74
26,3575,427.028043732637,72,46
51,5831,1831.7309517825,79,28
96,6673,6029.73112405428,97,1
4,6864,359.576265662974,56,52
77,1389,927.781961351996,77,0
58,1803,720.093917972299,84,26
1,1344,65.0936552029965,53,52
1,7093,343.533702644981,80,79
78,4948,3373.12693304272,80,2
1,7425,359.613385329054,91,90
74,4518,2826.66484033293,79,5
3,9058,461.070537502846,86,83
51,4959,1557.80377120381,83,32
19,4254,385.259593348654,76,57
4,2486,130.231147499731,61,57
34,9224,1515.3563095645,63,29
76,9400,6147.60443901843,83,7
95,9008,7985.18093844728,95,0
98,5424,5085.7681178536,98,0
62,2664,1207.56634167214,87,25
69,2741,1516.53423285761,82,13
11,5212,347.382528646095,84,73
39,7627,1525.74064684398,51,12
69,4992,2761.96238249733,79,10
34,3148,517.166268702195,87,53
82,5894,4329.11819413111,98,16
9,5025,311.203968398116,76,67
1,8921,432.068822965723,76,75
39,2194,438.897991238454,72,33
28,2312,299.094528592015,66,38
60,9729,4143.93294958019,74,14
0,2466,159.382939013188,72,72
52,3067,998.34934751023,71,19
73,7738,4730.16354591947,87,14
17,3531,295.793416202837,89,72
40,2318,482.115464916648,80,40
44,6240,1513.57202244465,67,23
14,6835,510.170049076603,53,39
41,4493,971.422967997826,84,43
8,4893,292.402011985003,74,66
62,1244,563.893591982037,72,10
14,7338,547.714384802357,77,63
68,8464,4560.01717346611,78,10
9,3008,186.288863072942,84,75
75,3477,2224.8998386224,92,17
15,4424,343.089744817968,64,49
65,5311,2631.78300981106,96,31
90,8872,7338.33486457233,92,2
14,8949,667.960756281861,49,35
75,9693,6202.46020585762,76,1
59,9178,3786.41320273041,70,11
94,4589,4003.61446009193,95,1
35,1157,197.757972875658,79,44
57,1156,446.728025521455,77,20
51,4265,1339.79291877077,78,27
47,7628,2070.94032805607,85,38
69,4368,2416.71708468517,84,15
82,1635,1200.90061883345,83,1
40,9284,1930.95771194399,51,11
86,4434,3471.41214936922,90,4
6,4453,248.464144900299,70,64
25,1014,116.390442665366,87,62
8,1214,72.5477299304709,81,73
7,9935,573.354539359716,87,80
51,4373,1373.71967966813,51,0
45,6335,1595.86390704692,81,36
55,7860,2839.70217756471,76,21
41,5823,1258.97973350798,54,13
44,3951,958.353054595964,78,34
71,8564,4987.23936801228,80,9
57,8645,3340.79911819462,83,26
2,9030,447.715460533816,75,73
5,2315,125.059334283934,79,74
70,8546,4852.55689109146,94,24
77,6303,4210.08617883487,77,0
82,7580,5567.47809832267,92,10
93,7745,6661.89424330114,94,1
64,8313,4001.17780762117,82,18
44,2048,496.762099674142,61,17
41,6410,1385.89388490231,66,25
46,5857,1531.92218251585,69,23
40,8443,1756.04006483661,86,46
84,1078,818.508683692379,94,10
17,7125,596.864369992979,79,62
57,2411,931.713900979436,79,22
32,8135,1234.32990134954,83,51
43,7464,1742.77442398519,87,44
8,8827,527.494902879956,79,71
96,7707,6964.05481388975,97,1
61,4192,1842.47101827646,73,12
78,1050,715.800986195403,84,6
74,9137,5716.51984199246,74,0
97,5336,4915.53304548833,97,0
29,2328,313.422266664149,80,51
15,5636,437.082685758153,78,63
68,7590,4089.14583490167,83,15
27,2024,251.600752944985,83,56
83,3479,2598.93321182072,86,3
81,6881,4965.88371683725,90,9
64,1194,574.691002321627,74,10
44,9593,2326.87442488967,47,3
71,2673,1556.61966729295,74,3
13,5103,366.666872002129,17,4
35,4137,707.108672244251,83,48
12,9375,648.673530260912,70,58
55,4447,1606.63557043642,74,19
3,5813,295.893468150148,59,56
65,6568,3254.66970597609,75,10
15,7714,598.235599350318,56,41
81,8079,5830.45699002008,86,5
54,6618,2310.30152613614,98,44
61,2670,1173.52042433162,84,23
21,1118,109.526760539708,82,61
14,7884,588.468276067291,78,64
7,1851,106.822269990421,81,74
88,8634,6954.07765893454,88,0
26,3077,367.542738619671,64,38
65,7494,3713.53452749464,82,17
2,5640,279.636234486237,80,78
51,1652,518.953787059628,59,8
99,1134,1080,99,0
47,1553,421.626944083781,86,39
51,8166,2565.24008785044,73,22
15,2350,182.247038951678,54,39
51,8893,2793.61745055767,82,31
11,6619,441.159815254893,84,73
57,5162,1994.81839770048,75,18
88,8134,6551.36294623275,88,0
63,6202,2897.75039716707,64,1
2,8199,406.513738750472,80,78
18,4760,414.556355458235,86,68
67,8617,4517.67558969661,86,19
27,6693,831.997944397622,50,23
25,5024,576.672173521496,71,46
6,3385,188.872923981027,69,63
90,7909,6541.80460368605,93,3
44,4696,1139.05997073719,84,40
96,3901,3524.94846619747,96,0
40,9162,1905.58321379048,77,37
88,3408,2744.90348177541,97,9
51,3379,1061.46782474242,54,3
88,1866,1502.93130780309,89,1
96,1949,1761.1188312276,96,0
91,5279,4423.21774787263,93,2
82,2871,2108.73741692406,87,5
7,9848,568.333719538448,82,75
33,4477,706.854260947266,60,27
40,5130,1066.97684858602,58,18
62,5846,2649.93724978054,77,15
34,2999,492.687941498693,74,40
44,8353,2026.10049735259,45,1
89,8568,6994.50477659816,91,2
29,9557,1286.67379832873,76,47
7,2284,131.810947951443,80,73
62,5106,2314.50215487161,81,19
73,4118,2517.29303206208,77,4
37,2811,519.931760125212,71,34
21,7139,699.384207059904,79,58
95,5835,5172.46123177619,96,1
28,4556,589.392159284266,75,47
59,9860,4067.77448016145,83,24
9,8267,511.984717760641,76,67
3,6167,313.912784806806,67,64
81,2945,2125.3491565304,83,2
79,1131,786.351991828461,92,13
72,5954,3553.6357445389,86,14
43,7427,1734.13526888237,87,44
70,9621,5462.9592615482,81,11
37,8148,1507.0807475988,79,42
30,2912,407.993682172345,75,45
28,5820,752.91096730343,76,48
21,2018,197.696782441082,77,56
18,5840,508.61536047817,32,14
83,4746,3545.42599117596,91,8
90,7667,6341.63812068035,91,1
49,6252,1827.07348105482,98,49
19,6643,601.617178799978,90,71
57,9196,3553.72917188175,76,19
92,7645,6489.05965400924,95,3
47,1900,515.834638608619,88,41
18,8089,704.484529265054,61,43
23,9471,1004.16599427084,82,59
73,6368,3892.69597575797,85,12
34,6231,1023.65407251696,47,13
63,6336,2960.35899975017,80,17
21,6061,593.776114160258,64,43
44,3507,850.656583768172,53,9
89,1608,1312.69417375932,89,0
22,5195,529.43853653626,52,30
67,2727,1429.69726506936,77,10
38,9124,1755.1842028174,84,46
47,9238,2508.04231129811,78,31
23,7288,772.712677251173,90,67
29,6901,929.092380691278,93,64
51,3503,1100.42077243939,78,27
72,2135,1274.27146701219,73,1
8,1864,111.391242660954,75,67
86,9576,7497.12285574192,86,0
16,7694,620.081565425036,70,54
50,7137,2162.83043020553,92,42
12,7739,535.475674740181,70,58
93,4284,3684.90057305385,93,0
31,8830,1287.46874855449,60,29
99,3172,3020.95238095238,99,0
28,7857,1016.42980585963,65,37
85,2885,2225.03050950029,89,4
80,5029,3563.547338434,92,12
99,9720,9257.14285714286,99,0
30,9943,1393.09106519218,83,53
65,5242,2597.59113866119,99,34
76,8274,5411.19990728069,83,7
8,5650,337.639764503427,83,75
84,9234,7011.23301040392,90,6
93,8551,7355.17852478606,95,2
47,8313,2256.91228987023,76,29
21,6713,657.650396693254,60,39
15,1396,108.262496330444,67,52
35,2211,377.910871242939,91,56
33,2491,393.29326871111,59,26
15,1030,79.8784894128633,94,79
30,6652,931.996556940398,83,53
51,7595,2385.86804643939,73,22
73,8047,4919.05221685371,95,22
64,2321,1117.1338495716,76,12
1,6747,326.775961052543,48,47
55,9988,3608.51722004025,78,23
42,4460,1002.19826366918,72,30
42,1154,259.31318302113,78,36
8,9972,595.91924453596,87,79
40,9429,1961.1159269625,71,31
57,7775,3004.59377026757,82,25
13,5779,415.239634195631,86,73
55,3959,1430.32836144767,70,15
54,4063,1418.36734673483,82,28
47,4579,1243.16147904677,79,32
69,2202,1218.31754131793,84,15
9,5576,345.328025430426,81,72
39,5153,1030.83014988685,89,50
68,2959,1594.17424578051,90,22
39,7792,1558.74801628534,40,1
46,1573,411.42455063982,92,46
90,3876,3205.97226500027,91,1
73,5096,3115.13484492189,82,9
10,5625,361.306549572171,98,88
43,6949,1622.52672458107,84,41
22,3428,349.358094946352,59,37
99,5558,5293.33333333333,99,0
54,1155,403.20312219511,69,15
20,4316,406.508607711758,80,60
35,4719,806.585889369259,95,60
42,3808,855.688562343555,87,45
22,7964,811.635900861361,67,45
2,3176,157.468915022746,86,84
44,4615,1119.41264159969,90,46
22,4221,430.175180504245,51,29
9,4114,254.784701689522,78,69
6,2234,124.650550125145,76,70
31,6922,1009.27051840251,59,28
14,5064,377.981145358291,60,46
36,9851,1751.67186473467,58,22
28,9468,1224.83866639671,90,62
98,1370,1284.56901206848,99,1
62,5023,2276.87902936155,69,7
56,6178,2308.95456768274,72,16
29,2862,385.315518553606,82,53
64,3574,1720.22248098618,88,24
43,7774,1815.15653430612,61,18
52,9924,3230.39417172857,62,10
93,4483,3856.0712579366,93,0
43,8478,1979.53397193816,54,11
59,5198,2144.45149572812,92,33
0,6214,401.624324017821,98,98
5,7921,427.902802100664,78,73
1,6588,319.075149164688,88,87
36,8426,1498.2831318906,59,23
79,7864,5467.61455679842,88,9
32,4872,739.232363783031,84,52
79,2134,1483.70924010781,82,3
99,8520,8114.28571428571,99,0
58,5691,2272.90875606232,76,18
35,1220,208.52612524486,62,27
96,3941,3561.0925160944,97,1
94,2632,2296.25479602571,95,1
74,1744,1091.12516191691,83,9
67,6031,3161.90106550543,84,17
23,7643,810.351672918595,79,56
70,2164,1228.75416713339,73,3
55,4170,1506.55955221945,88,33
64,7373,3548.74100512341,76,12
16,9350,753.543363234219,80,64
42,9454,2124.39066922163,83,41
61,8108,3563.63430729618,92,31
5,1897,102.478426408908,79,74
48,3714,1046.30569105036,95,47
27,6948,863.696655860552,82,55
58,9052,3615.24689156143,92,34
3,6836,347.966239166423,82,79
37,6222,1150.84148399113,92,55
55,2811,1015.57287800692,65,10
59,9782,4035.59533112975,59,0
8,2506,149.7566813886,85,77
49,8037,2348.71874076097,82,33
81,7847,5663.02710740036,95,14
18,7869,685.324361575808,84,66
46,6959,1820.15476662588,69,23
40,3212,668.056459582517,66,26
56,7800,2915.15791970304,68,12
60,1492,635.49675822527,62,2
68,5085,2739.56608306653,77,9
1,5808,281.297581412949,92,91
90,9462,7826.34405867712,91,1
8,6460,386.044757290644,87,79
4,1832,95.9708214881364,85,81
52,8922,2904.22982669914,72,20
30,8475,1187.41293145969,71,41
97,3918,3609.2688291273,98,1
48,5415,1525.51031691915,76,28
42,8313,1867.99869190178,77,35
99,1232,1173.33333333333,99,0
15,7620,590.945717792251,52,37
87,7613,6046.96890582111,87,0
5,6369,344.061727885258,55,50
30,5461,765.128261793673,75,45
71,1728,1006.29958289645,78,7
84,5976,4537.48413148948,87,3
18,4311,375.452195037909,61,43
94,4437,3871.00400074698,94,0
33,3851,608.017815257521,90,57
20,3296,310.438454823437,45,25
11,8115,540.868998457993,77,66
7,9765,563.543742007813,91,84
44,8809,2136.70768360816,66,22
48,6922,1950.06138757421,88,40
79,8324,5787.43941642803,80,1
24,9540,1052.38034236916,73,49
61,2699,1186.26652631874,70,9
51,4964,1559.37445457869,71,20
82,5657,4155.04269158461,82,0
0,6073,392.511187602226,75,75
12,6101,422.139435532994,86,74
54,7355,2567.58351839397,88,34
63,9932,4640.51224518918,87,24
11,3925,261.603304861075,72,61
63,8645,4039.18932336493,68,5
97,2673,2462.3725319697,99,2
62,3341,1514.44412444693,73,11
23,4001,424.207384972824,76,53
38,1414,272.011230028913,60,22
98,6338,5942.77255364236,98,0
44,1739,421.811177408854,74,30
82,4798,3524.11080682746,83,1
94,1803,1573.00433025621,95,1
11,9202,613.318117536716,47,36
36,5582,992.572566130231,77,41
43,6353,1483.36628022212,77,34
69,4404,2436.63508263587,75,6
37,4524,836.77384660493,92,55
89,6082,4965.05346069911,92,3
16,5576,449.385860256043,86,70
5,5122,276.697153435122,77,72
50,5369,1627.04729995425,80,30
81,2464,1778.22082230591,81,0
24,3857,425.474945546943,93,69
37,8056,1490.06412649189,79,42
13,2417,173.669180801322,51,38
34,3538,581.2370580268,40,6
19,7465,676.060851985825,37,18
82,8606,6321.07078023283,91,9
80,4658,3300.6568905201,85,5
8,1773,105.953150878686,36,28
19,3430,310.634792004204,74,55
17,8814,738.352639595526,73,56
24,5833,643.452257551289,87,63
45,9908,2495.94626535453,78,33
27,4026,500.46671509709,86,59
99,7039,6703.80952380952,99,0
29,4038,543.642230579826,85,56
17,3022,253.154263314917,69,52
24,9427,1039.91504061992,65,41
29,3186,428.936143295524,89,60
4,3288,172.244574810585,94,90
72,1482,884.52942112977,83,11
78,7923,5401.22972726303,89,11
71,8888,5175.92053980536,89,18
6,1695,94.5759545488452,90,84
21,4176,409.108901622379,82,61
31,2345,341.9155396784,81,50
23,4683,496.516666790237,62,39
10,5953,382.374735929446,48,38
34,5360,880.562643025339,90,56
94,2539,2215.11813340018,94,0
84,5252,3987.76215839738,90,6
94,8599,7502.08776254751,94,0
44,1825,442.671304641264,86,42
46,3188,833.834372180386,62,16
99,9594,9137.14285714286,99,0
21,9205,901.78339066906,50,29
7,3697,213.355987117551,70,63
31,9311,1357.60153089364,55,24
83,1927,1439.53558470208,91,8
93,3287,2827.3268402493,97,4
28,6468,836.740229642368,94,66
33,5334,842.162302410703,39,6
60,6212,2645.91545716848,66,6
47,5663,1537.45871496874,88,41
20,3987,375.521274084054,92,72
33,6985,1102.83158649021,87,54
54,4453,1554.51385552799,81,27
16,3165,255.07644327661,81,65
71,8048,4686.74713145292,79,8
46,5433,1421.02325723213,77,31
76,4340,2838.36204950425,78,2
66,7143,3641.93967119073,70,4
0,6337,409.574081316533,66,66
97,3922,3612.95363650773,97,0
62,8718,3951.78805056222,77,15
38,9548,1836.74909781899,77,39
1,2144,103.839878538113,99,98
37,8990,1662.81982338159,96,59
94,6961,6073.03557565917,96,2
14,4453,332.37560037134,48,34
58,2471,986.884121635914,72,14
83,3584,2677.37183994408,83,0
77,6523,4357.03508560048,85,8
10,5076,326.043030333927,95,85
15,3815,295.86061855347,89,74
84,6162,4678.71104722861,95,11
48,8217,2314.88795459366,82,34
77,6318,4220.10542247798,93,16
62,1613,731.157848767706,82,20
23,7722,818.727674771345,88,65
17,2797,234.305914788823,78,61
88,8501,6846.95554535586,91,3
10,1393,89.4755597429394,68,58
79,1039,722.387019902538,86,7
81,1355,977.877116162545,90,9
19,7639,691.819001784289,95,76
87,3716,2951.6007426811,87,0
22,4329,441.181794930793,90,68
75,9549,6110.31595024599,84,9
40,3495,726.916975791063,79,39
43,7883,1840.60701825767,91,48
44,6674,1618.84289708263,71,27
63,9004,4206.92431088234,68,5
47,3145,853.842072854792,79,32
5,6928,374.259640569802,79,74
43,7786,1817.95842244757,79,36
30,6851,959.877993325116,82,52
19,7952,720.165558605664,88,69
83,7922,5918.00773326926,89,6
65,6476,3209.08054444293,84,19
87,1728,1372.54200305515,89,2
5,3629,196.043336551359,79,74
65,5919,2933.06790342151,83,18
83,8274,6180.96389612091,89,6
49,4889,1428.75275893746,74,25
47,7871,2136.91286341497,75,28
39,7172,1434.72032505114,90,51
91,6058,5075.93353222436,93,2
77,6059,4047.10648224027,91,14
82,3444,2529.60350535927,83,1
78,7170,4887.89816287718,88,10
33,7127,1125.25135532079,34,1
84,3691,2802.51906447919,86,2
53,7135,2405.70115226496,90,37
85,2185,1685.16175502882,91,6
6,8899,496.53771063727,40,34
70,1483,842.071363151022,71,1
74,2747,1718.64725905147,80,6
54,8640,3016.1688101868,80,26
35,4725,807.611427690135,67,32
3,8073,410.932043415818,90,87
76,5642,3689.87066435553,96,20
94,5365,4680.6257525372,96,2
10,2430,156.084429415178,92,82
54,1321,461.152661835273,78,24
35,6825,1166.54983999686,41,6
54,7700,2688.02081463407,80,26
8,3605,215.432097528293,70,62
36,8488,1509.3077644775,79,43
98,2193,2056.24806092422,99,1
52,1362,443.349139650777,52,0
54,7043,2458.66631135945,54,0
12,4974,344.160228215229,74,62
20,4200,395.582982481321,98,78
17,2550,213.614616629066,83,66
80,7299,5172.06840788025,94,14
85,4582,3533.82661855471,93,8
64,3258,1568.12670482735,77,13
51,7046,2213.40701187781,84,33
21,5818,569.970208246887,76,55
46,7393,1933.66923260025,78,32
86,9778,7655.27018415252,92,6
11,1385,92.3109750911054,81,70
66,1907,972.305607302355,70,4
80,6809,4824.85460874868,85,5
86,5158,4038.23722743492,88,2
1,5732,277.616690196113,87,86
81,6447,4652.67436745382,81,0
82,1903,1397.74549091135,83,1
84,3931,2984.74734285227,91,7
17,3604,301.90865816908,17,0
11,4164,277.5327799851,66,55
62,5999,2719.2907221063,91,29
97,9288,8556.12273734925,97,0
85,4254,3280.85954503094,97,12
16,1965,158.364995588796,64,48
85,9547,7363.0385699131,86,1
57,2273,878.384776825491,89,32
85,7620,5876.85701296091,95,10
92,7966,6761.52376767006,93,1
21,4433,434.286341209771,74,53
0,6154,397.746393628206,73,73
97,6376,5873.5829643991,98,1
51,9370,2943.46064452101,68,17
44,6186,1500.47380301965,68,24
10,5615,360.664226817376,43,33
89,2589,2113.53558200428,89,0
33,3718,587.01901769085,55,22
69,7921,4382.51282687528,71,2
10,3228,207.341785247817,33,23
54,2880,1005.3896033956,81,27
35,2497,426.794864538046,74,39
20,5040,474.699578977585,69,49
99,8324,7927.61904761905,99,0
84,3356,2548.15875925012,99,15
6,5794,323.287953189386,67,61
72,6480,3867.57803570912,73,1
5,8379,452.644562403922,72,67
79,4410,3066.14702384042,88,9
50,2544,770.945861628538,88,38
14,9851,735.286781778144,82,68
37,4259,787.758579286117,90,53
37,3505,648.296271518629,78,41
67,2437,1277.657585249,77,10
38,2098,403.592334229603,84,46
66,7683,3917.2648038301,74,8
46,1116,291.894341076948,72,26
45,2341,589.72650456146,85,40
64,8803,4237.02252381682,75,11
59,7006,2890.34766815529,92,33
42,5326,1196.79550500047,79,37
1,7778,376.710156375675,86,85
67,9010,4723.71556959109,74,7
10,2391,153.579370671477,89,79
29,1401,188.61881254144,65,36
98,4243,3978.4133709537,98,0
13,1046,75.1584456426076,85,72
13,8337,599.040115987017,38,25
0,2736,176.833625766456,73,73
58,6345,2534.1075482719,66,8
17,9606,804.698826407377,56,39
82,1297,952.641041362071,82,0
25,1738,199.493677862333,90,65
46,3902,1020.58397749306,85,39
38,7019,1350.24527834013,84,46
70,1437,815.951819857059,78,8
23,9259,981.688622210293,74,51
12,9862,682.369957912865,92,80
94,2232,1947.27990301268,96,2
25,6606,758.259629435312,92,67
32,4845,735.135632702953,96,64
22,5974,608.828838742563,55,33
1,8795,425.966292790442,61,60
33,1463,230.986773233382,78,45
77,1290,861.654953307469,85,8
89,1156,943.703025414037,96,7
66,4022,2050.66237680654,81,15
30,1330,186.343268299869,95,65
38,9512,1829.82377654527,81,43
16,1232,99.290419626156,85,69
42,9365,2104.39164557442,96,54
64,4595,2211.64585901832,85,21
76,2220,1451.88104836393,82,6
46,1412,369.314345520296,48,2
14,6920,516.51451932847,67,53
92,7057,5989.96651122867,95,3
59,3346,1380.40298282152,67,8
93,6765,5818.94313181823,93,0
30,3304,462.915908618622,89,59
10,3484,223.785247770568,83,73
28,8774,1135.05856136088,61,33
87,8029,6377.39568433438,90,3
73,7133,4360.33297661457,81,8
16,4096,330.108408107739,74,58
23,6888,730.302541287882,57,34
94,9445,8240.16966127006,94,0
39,5358,1071.83930585945,59,20
36,3274,582.171727250157,52,16
79,7246,5037.93681060038,83,4
79,2872,1996.81955838315,95,16
55,9188,3319.48900858328,80,25
76,4713,3082.30422564828,91,15
72,4161,2483.48645163359,75,3
45,3430,864.058910997782,75,30
75,2354,1506.30262298451,75,0
81,6826,4926.19128776792,86,5
17,1475,123.561395893283,96,79
1,3662,177.360837316498,79,78
44,5674,1376.28327810111,87,43
40,6735,1400.7970906875,67,27
16,1140,91.8758753034235,82,66
12,4883,337.863770481497,80,68
85,4185,3227.6439106616,92,7
3,3171,161.410319543114,71,68
31,6446,939.866767064806,86,55
13,4346,312.274000729228,77,64
1,6806,329.633495023508,78,77
74,8996,5628.30387419987,83,9
43,6381,1489.90401921885,82,39
10,3748,240.742568497155,93,83
72,2565,1530.91630580153,72,0
82,4749,3488.12051305202,83,1
60,9715,4137.96984326977,90,30
84,1340,1017.44122091632,84,0
42,1260,283.132244893088,74,32
22,1479,150.72946978578,62,40
95,3014,2671.77346230907,97,2
29,8968,1207.37581075777,57,28
22,5804,591.503612330405,83,61
22,3595,366.377582068884,61,39
33,5114,807.427449292901,87,54
68,6305,3396.84644124572,87,19
81,6159,4444.83037523625,81,0
85,5565,4291.95659804823,90,5
34,8659,1422.53580708142,64,30
96,6055,5471.30555314681,96,0
73,7734,4727.71838513068,95,22
2,2548,126.332114445201,19,17
59,6199,2557.41724163497,78,19
45,7233,1822.08107966384,57,12
77,3882,2592.9802548369,89,12
46,2476,647.607875005845,80,34
47,4386,1190.76353944074,92,45
66,2585,1317.99160717178,73,7
72,1862,1111.33183680407,91,19
63,2434,1137.23387080049,88,25
95,8831,7828.27851547824,97,2
26,6518,778.564696237575,95,69
2,8972,444.839768760731,77,75
89,7476,6103.0482854631,91,2
76,9882,6462.83266663618,97,21
71,1718,1000.47608993988,91,20
22,6078,619.427800782943,74,52
12,1150,79.5706197120052,79,67
49,9056,2646.50950806661,51,2
53,9124,3076.33038728318,85,32
54,6158,2149.71846448267,66,12
31,8549,1246.4972062732,79,48
50,8764,2655.88424972976,85,35
7,9193,530.533294447294,75,68
29,1234,166.135342381254,90,61
46,5578,1458.94859724661,77,31
31,2667,388.865136171554,67,36
26,7306,872.690038464517,76,50
49,7507,2193.83247317315,85,36
7,9941,573.700802795665,75,68
94,3982,3474.04505994467,95,1
11,2179,145.231490775104,95,84
46,4960,1297.30818256421,88,42
42,1638,368.071918361014,73,31
6,3609,201.371457207541,82,76
75,7597,4861.24937417728,79,4
12,5523,382.146550147308,53,41
38,9979,1919.66058306826,92,54
48,7221,2034.29547524897,84,36
21,5152,504.724392039869,88,67
9,5798,359.076738064134,62,53
26,8647,1032.8703480157,77,51
84,9634,7314.94680769237,84,0
70,7762,4407.38902277696,76,6
43,5120,1195.47227368759,70,27
1,7485,362.519352079188,55,54
65,7874,3901.83758600118,84,19
78,8880,6053.63119753827,90,12
90,4231,3499.60491569044,96,6
81,5862,4230.49125826187,90,9
20,3935,370.623580015238,49,29
68,2699,1454.09810387347,87,19
79,1187,825.287192131196,90,11
65,8591,4257.13572534114,78,13
53,7849,2646.43985201509,84,31
31,7454,1086.83941695642,46,15
98,1433,1343.64043379134,98,0
70,5285,3000.90839801291,84,14
92,4513,3830.62475062704,95,3
67,8647,4533.40383243665,77,10
74,8294,5189.10097072184,87,13
19,2332,211.195432931138,79,60
41,3389,732.729231814964,72,31
50,6659,2017.97503639325,73,23
4,4262,223.26836309085,60,56
71,3645,2122.6631826722,95,24
8,7161,427.935991789211,71,63
80,5998,4250.18034120643,93,13
74,7741,4843.11919632961,80,6
61,6386,2806.77956171601,84,23
12,4043,279.742622170119,72,60
15,9646,748.065930948038,58,43
66,2439,1243.55184908781,72,6
3,3895,198.263385247691,85,82
1,3887,188.2582126295,65,64
91,5603,4694.69388924613,96,5
25,2003,229.911298480007,84,59
73,7830,4786.4022440617,98,25
89,3071,2507.01729329283,91,2
67,6087,3191.2604519535,76,9
15,1668,129.356621689957,87,72
49,4221,1233.53761412866,60,11
48,5155,1452.26328415849,68,20
2,2079,103.07867579732,80,78
75,3898,2494.29380815362,82,7
41,6208,1342.21984983986,91,50
88,6573,5294.08761317775,94,6
73,9072,5545.62466898183,82,9
81,1958,1413.05047486809,90,9
77,2808,1875.60240999021,82,5
47,2892,785.154618345329,97,50
52,5582,1817.01534326772,76,24
88,8146,6561.02809933759,89,1
68,6989,3765.35444533963,71,3
38,7648,1471.24603059485,69,31
84,6679,5071.26113022393,84,0
60,4279,1822.58085016483,65,5
50,3347,1014.29080144289,75,25
11,7163,477.41770005602,82,71
46,6588,1723.11820700263,58,12
3,2890,147.106850671586,70,67
91,5818,4874.84009416991,94,3
85,2451,1890.31188172798,85,0
30,2048,286.940611637693,83,53
69,7458,4126.34524212042,84,15
77,9129,6097.71168119681,78,1
9,1665,103.115344752808,83,74
10,9770,627.549331434686,89,79
49,7602,2221.59510604267,75,26
95,2120,1879.28325816033,95,0
54,8932,3118.10414497552,78,24
28,3056,395.342940907093,32,4
2,7354,364.617884470176,63,61
48,9468,2667.31886991514,73,25
34,9169,1506.32068542898,80,46
87,9450,7506.08907920786,87,0
40,9447,1964.85970537859,89,49
5,6263,338.335468950443,61,56
67,6240,3271.47448992768,84,17
44,6213,1507.02291273215,89,45
22,4351,443.423883054719,80,58
66,9479,4832.97580053436,77,11
27,5294,658.090111704917,72,45
34,5258,863.805667355827,79,45
2,7481,370.91465783538,75,73
58,8846,3532.97326588073,85,27
51,9339,2933.72240759677,64,13
4,1621,84.917413554732,70,66
94,4770,4161.52559918033,95,1
80,4879,3457.25739992434,81,1
14,4622,344.989900048582,87,73
1,8208,397.5362514183,72,71
25,8096,929.287005738462,85,60
18,9128,794.972775761085,82,64
92,7152,6070.60230810649,92,0
95,3387,3002.42094122124,99,4
11,8493,566.062896352894,50,39
26,6324,755.391705892363,79,53
97,8419,7755.5983339517,99,2
57,1886,728.831363437253,98,41
31,4734,690.24655216953,63,32
53,2849,960.59461566964,82,29
75,9665,6184.54326726647,84,9
49,7507,2193.83247317315,78,29
95,2100,1861.55417081919,99,4
98,3246,3043.58468114912,99,1
21,9377,918.633661521323,96,75
97,9791,9019.48726543783,97,0
18,2700,235.147512549839,79,61
22,4809,490.100081271005,78,56
46,2389,624.852670997158,87,41
11,1794,119.571039215482,69,58
86,8476,6635.92453271392,90,4
7,8907,514.028070667035,65,58
47,2137,580.178222477167,73,26
51,6050,1900.52688360215,81,30
31,3210,468.037902928642,80,49
44,5941,1441.04669636918,69,25
0,9907,640.310939498641,82,82
51,2115,664.399067573313,84,33
75,3929,2514.13041873667,77,2
98,4276,4009.3555442371,98,0
16,6753,544.243671863175,41,25
1,8851,428.6785284239,90,89
92,2718,2307.03258856731,96,4
37,1771,327.569956307986,93,56
50,6628,2008.58064892844,64,14
82,4581,3364.72522010767,87,5
26,1073,128.168137321712,53,27
10,2684,172.39942738697,56,46
35,6484,1108.26507876039,74,39
65,4671,2314.64101653689,90,25
25,8231,944.782774732372,70,45
59,2947,1215.79425892858,87,28
86,2199,1721.61373848961,92,6
55,2976,1075.18494661992,79,24
30,6784,950.490776049859,76,46
28,5587,722.768655382176,72,44
19,2792,252.854909409836,91,72
3,7989,406.656273361695,79,76
23,2788,295.598647664143,78,55
70,7582,4305.18211423537,91,21
55,5896,2130.13791843786,60,5
51,5178,1626.59970302346,87,36
94,3639,3174.799089186,95,1
36,3360,597.463959548115,75,39
59,8005,3302.48830767672,70,11
85,7150,5514.37370638721,85,0
18,8681,756.042798683389,66,48
40,1851,384.985213788057,83,43
61,5064,2225.73311940649,71,10
49,7640,2232.70015919047,72,23
61,8837,3884.04494000694,88,27
18,5718,497.99017657777,92,74
19,6587,596.545590359093,66,47
87,9511,7554.54108278794,94,7
84,4060,3082.69504247779,96,12
28,5352,692.367611169752,89,61
77,3481,2325.13247477775,86,9
47,6391,1735.10482913036,75,28
30,8870,1242.75548106755,85,55
74,4954,3099.44613081215,80,6
56,1119,418.213040018936,82,26
77,2557,1707.94706636217,94,17
71,3622,2109.26914887208,84,13
1,6634,321.303057006457,84,83
63,4738,2213.72805252782,77,14
0,2905,187.756463030539,18,18
5,8531,460.855801631204,82,77
8,9381,560.601527576398,48,40
50,5672,1718.86986130388,85,35
68,5522,2975.00175234875,78,10
0,3832,247.670487550095,0,0
71,2526,1471.01432083127,73,2
82,2112,1551.25511130046,83,1
57,7159,2766.54492621808,59,2
88,7058,5684.72088449849,94,6
11,1989,132.567891304122,85,74
99,9048,8617.14285714286,99,0
95,5148,4563.46708160819,97,2
67,9602,5034.08622632782,78,11
0,4063,262.600519550114,91,91
9,1255,77.7235781770418,78,69
79,4572,3178.78099614476,83,4
90,5807,4803.16845790933,96,6
65,2709,1342.40259340579,88,23
79,4123,2866.6041222889,95,16
37,8647,1599.37742077649,68,31
60,7617,3244.35576903611,76,16
0,9623,621.955402321129,92,92
36,4274,759.988381877572,74,38
10,1067,68.5358379366234,73,63
77,3535,2361.20175189295,82,5
46,5226,1366.8815649356,95,49
36,8259,1468.58775056782,91,55
82,8376,6152.13674822568,95,13
19,6609,598.538000103727,88,69
5,9182,496.023674900682,80,75
29,4374,588.878434015889,80,51
80,6590,4669.67129852457,86,6
44,9529,2311.35060927485,90,46
61,7588,3335.08351304432,84,23
13,4798,344.751646456244,62,49
35,6125,1046.90370256129,57,22
11,9337,622.315938213466,41,30
98,1247,1169.23909346671,98,0
95,1092,968.008168825981,95,0
89,9706,7923.51346424623,92,3
99,9899,9427.61904761905,99,0
78,9819,6693.76179376444,84,6
1,6942,336.220352990478,55,54
14,9501,709.16249250575,60,46
58,1242,496.038073278755,58,0
3,9954,506.678751413483,68,65
67,3381,1772.57295680216,92,25
21,9464,927.156763638456,35,14
58,3331,1330.35653952619,62,4
74,7139,4466.48080901655,92,18
76,6327,4137.86098783719,89,13
86,8780,6873.92843289621,88,2
75,2194,1403.92011674937,79,4
30,3013,422.144561945493,87,57
62,2093,948.737369789713,76,14
53,7705,2597.88750920834,60,7
72,9364,5588.88900098459,85,13
19,7951,720.074994526363,95,76
19,5780,523.460378362769,31,12
24,2270,250.409159033332,70,46
48,8477,2388.13498735432,82,34
56,9535,3563.59368773955,84,28
33,9013,1423.02377795794,87,54
77,8702,5812.49721215628,84,7
49,1094,319.708635360521,59,10
66,6290,3207.02793389188,70,4
70,7757,4404.54994198414,85,15
19,2569,232.659119725597,77,58
72,4858,2899.48982985724,74,2
17,4734,396.56925298902,78,61
29,3851,518.466129262732,86,57
18,8148,709.622937872625,70,52
77,7510,5016.30131731713,80,3
79,8659,6020.35534681047,90,11
48,9927,2796.62805467339,91,43
60,2355,1003.07966864645,85,25
94,6758,5895.93081745506,97,3
37,7150,1322.48740124342,95,58
56,5177,1934.84263465419,92,36
77,4086,2729.24196838319,93,16
26,8068,963.709722191586,80,54
93,9638,8290.16613517577,96,3
79,1153,801.647963375964,90,11
91,9769,8185.34081814126,93,2
53,6916,2331.86113091303,85,32
74,5434,3399.75580840397,82,8
73,2996,1831.42543080573,77,4
15,9752,756.286435683731,84,69
42,5657,1271.17389631762,85,43
20,1995,187.901916678628,92,72
23,5723,606.783020294795,79,56
64,2458,1183.07410695692,85,21
40,2280,474.2119327049,82,42
75,3244,2075.80531391748,88,13
81,2451,1768.83897543498,87,6
26,7491,894.787993175157,80,54
6,5295,295.445238546392,55,49
68,1400,754.256148730216,78,10
87,1926,1529.81244090522,96,9
89,9225,7530.84810505579,94,5
21,6278,615.034886107589,56,35
33,5596,883.528354760085,60,27
49,4441,1297.83002708965,67,18
95,6900,6116.53513269164,98,3
96,4811,4347.22560135248,98,2
76,8390,5487.06396206006,88,12
64,3299,1587.86065046821,91,27
58,8076,3225.4456359092,81,23
45,8630,2174.00244953669,81,36
9,4181,258.93408793483,91,82
96,8308,7507.11916359103,97,1
16,7432,598.966232679863,83,67
72,9647,5757.79711581572,72,0
56,3794,1417.96271119915,83,27
11,8890,592.523154194893,71,60
47,6631,1800.26288874408,56,9
42,9843,2211.8021321291,77,35
58,5477,2187.44003812218,64,6
5,2920,157.742227260944,87,82
53,1698,572.513042262916,71,18
15,9301,721.310514591303,90,75
70,6062,3442.10155321746,82,12
71,8202,4776.4289229842,85,14
41,5681,1228.27818410765,61,20
89,4082,3332.34926448106,89,0
37,2618,484.233848455284,74,37
91,6714,5625.58892957318,91,0
87,3033,2409.09716161243,88,1
45,8855,2230.6826988004,85,40
11,3394,226.211876865857,73,62
22,4275,435.678487717519,91,69
46,6808,1780.66010219701,62,16
65,4549,2254.18582406901,83,18
77,4750,3172.76048698487,93,16
65,4719,2338.42666603246,79,14
63,9559,4466.23606038697,65,2
22,7291,743.048386888522,72,50
31,6472,943.657728272328,71,40
73,4591,2806.43329533682,77,4
27,8110,1008.14333319359,49,22
26,1375,164.241555281784,53,27
74,1756,1098.63290385671,76,2
46,3747,980.043096787925,74,28
17,4614,386.516800441769,41,24
88,4110,3310.31493840873,96,8
66,9693,4942.08613087663,72,6
65,3753,1859.74046993427,71,6
10,9093,584.064080935067,85,75
47,1794,487.056495612559,93,46
41,1924,415.984373565061,53,12
98,4921,4614.1343856854,98,0
84,2537,1926.30475930201,85,1
0,4447,287.419274043652,83,83
46,7807,2041.95261719331,75,29
97,8227,7578.72757969125,97,0
39,1380,276.061635327742,77,38
95,3895,3452.73975968608,97,2
46,1027,268.61602893013,73,27
25,2577,295.797012572631,87,62
78,6776,4619.30236424767,82,4
5,6618,357.513034251003,88,83
20,9832,926.040924703893,73,53
79,3845,2673.31866364318,86,7
81,1226,884.780327981757,86,5
56,5680,2122.83294665555,83,27
47,8704,2363.06562865759,54,7
15,9103,705.95523216048,83,68
65,1318,653.114292398978,74,9
11,3430,228.61129571299,88,77
6,4038,225.308380217249,62,56
9,2932,181.582096585726,65,56
5,8911,481.383899699409,60,55
93,8466,7282.06541817785,98,5
99,2457,2340,99,0
7,7923,457.240867171316,70,63
63,1170,546.657201658412,83,20
79,6859,4768.86676565112,79,0
4,8685,454.970843135625,45,41
13,4812,345.7575912354,92,79
77,1028,686.652164341146,84,7
9,8991,556.822861665166,77,68
25,2701,310.030163352222,79,54
83,8325,6219.06265835226,89,6
8,3211,191.886952888585,81,73
78,6395,4359.56886354248,85,7
68,9655,5201.67365427874,76,8
36,3590,638.36179011242,59,23
96,7952,7185.43711950841,97,1
65,4949,2452.39956986536,65,0
10,6039,387.898711620683,91,81
11,8477,564.99648797639,92,81
72,7938,4737.78309374367,74,2
15,2159,167.434620041138,79,64
91,8003,6705.62826979061,93,2
24,9931,1095.51249266961,72,48
72,9005,5374.62040301861,77,5
9,2800,173.407186371089,74,65
4,5299,277.592458005259,91,87
34,7908,1299.15846661276,60,26
17,6215,520.633271509666,72,55
70,1474,836.961017723942,91,21
0,4694,303.383420814235,56,56
3,5122,260.720169252548,73,70
2,4130,204.769086600738,88,86
57,6571,2539.31648417083,65,8
74,4496,2812.90064677663,80,6
96,7989,7218.87036566306,96,0
92,6726,5709.01441894914,94,2
78,6239,4253.22128845059,89,11
37,8878,1642.10393681666,80,43
2,9703,481.083401280135,96,94
44,1371,332.549237623656,53,9
36,6271,1115.08824116852,77,41
0,9891,639.276824728077,82,82
10,7339,471.400669744029,85,75
32,3894,590.839660215748,52,20
58,5928,2367.56336424836,84,26
13,2360,169.573548486189,84,71
64,9161,4409.33356136384,82,18
63,8603,4019.56573151053,78,15
50,4548,1378.24755451517,95,45
6,6720,374.955996795422,55,49
44,4380,1062.41113113903,60,16
26,2695,321.913448352296,69,43
75,5402,3456.68936676394,88,13
51,8236,2587.22965509873,76,25
61,1611,708.067941422563,87,26
41,3616,781.808469236621,59,18
20,2574,242.43585640641,91,71
62,6880,3118.63980131545,97,35
23,8013,849.581048684639,74,51
50,8837,2678.00651698561,77,27
3,3347,170.369075846989,60,57
10,9184,589.909218003701,76,66
52,7541,2454.69593399891,82,30
23,5736,608.161349713602,67,44
70,5986,3398.94752516657,84,14
29,1376,185.253023595305,67,38
41,9867,2133.32526713433,59,18
42,5716,1284.4316760388,72,30
0,2112,136.503149714457,79,79
91,4327,3625.54711025665,95,4
40,4401,915.353822734326,57,17
74,6604,4131.76064753401,88,14
17,9809,821.704225299808,65,48
79,8340,5798.56375937167,89,10
23,1157,122.671318273821,72,49
39,4428,885.797769008147,82,43
99,9399,8951.42857142857,99,0
45,4757,1198.34642554415,97,52
85,5557,4285.7866694257,87,2
19,1027,93.0093094426581,71,52
53,4404,1484.89248417308,78,25
34,3216,528.337585815204,93,59
57,7525,2907.98303810463,82,25
31,4818,702.494272993831,83,52
26,2819,336.725050428617,95,69
63,5389,2517.89372627109,84,21
30,6538,916.02427680041,69,39
63,5079,2373.05292925049,79,16
93,1677,1442.47858567024,94,1
53,2725,918.785653808272,71,18
83,7074,5284.52243185392,87,4
39,5614,1123.05073965938,87,48
99,1313,1250.47619047619,99,0
46,3269,855.02025177468,75,29
75,3702,2368.87523801557,83,8
20,2801,263.816174745281,44,24
24,4772,526.4107959943,84,60
61,9504,4177.20528571076,72,11
82,5331,3915.59706360925,84,2
54,8444,2947.74646217793,69,15
76,6258,4092.73495525291,83,7
26,2270,271.147876719745,57,31
84,1861,1413.02844188452,93,9
72,8170,4876.25193699745,93,21
99,2427,2311.42857142857,99,0
27,4901,609.236803450283,84,57
57,7345,2838.42331094731,68,11
23,3263,345.960684120551,71,48
19,8815,798.322359042873,61,42
4,9443,494.679294384537,92,88
29,4319,581.473698334391,82,53
45,5774,1454.54115221609,76,31
13,5357,384.917584423948,72,59
92,4953,4204.09580985059,92,0
96,3749,3387.60107658916,97,1
60,2543,1083.15566767216,77,17
13,4855,348.847278771377,76,63
26,2213,264.339317700791,64,38
41,3133,677.379959656619,91,50
79,2308,1604.68646961988,90,11
6,6185,345.104589312453,45,39
72,3794,2264.4430659692,77,5
48,1712,482.303538793275,79,31
71,7221,4205.14426394403,77,6
81,2367,1708.21781103819,87,6
51,4505,1415.18572076491,85,34
13,1469,105.552348612802,83,70
7,9590,553.444391792619,91,84
20,3486,328.333875459497,89,69
95,8543,7572.97965776589,96,1
36,1319,234.54016745356,77,41
43,8445,1971.82877954916,55,12
27,8054,1001.18204753899,88,61
60,4544,1935.45393389787,83,23
8,2201,131.53011003045,80,72
42,9411,2114.72821959433,67,25
36,3711,659.877605322337,74,38
19,3762,340.702066332307,41,22
97,3664,3375.28356047025,98,1
41,6475,1399.94741103626,89,48
47,2399,651.309104222145,85,38
97,2889,2661.3521305127,97,0
64,9960,4793.90484348694,81,17
41,3101,670.461300636826,90,49
20,6205,584.426763403952,63,43
94,8152,7112.10831960546,94,0
48,6502,1831.73925773007,61,13
30,7364,1031.75325395507,87,57
19,9716,879.92059449354,77,58
30,6213,870.489267629389,81,51
34,9527,1565.13438434746,51,17
11,5697,379.708032558865,64,53
40,8167,1698.63546245654,87,47
2,9775,484.653225550172,74,72
41,7644,1652.69467335308,81,40
23,1494,158.401857822894,89,66
85,4800,3701.95717351869,89,4
43,9071,2117.99394426174,69,26
35,5833,996.994170945303,69,34
19,2292,207.572869759077,87,68
0,8860,572.641054199855,54,54
32,9997,1516.8526150942,68,36
53,8440,2845.70675895113,86,33
30,7082,992.242876766672,83,53
16,5520,444.872659363946,66,50
20,4809,452.942514941113,74,54
21,9568,937.345299502615,88,67
55,7151,2583.55092516098,71,16
96,9667,8735.11325883901,96,0
0,4836,312.561189402991,94,94
80,7378,5228.04777549534,89,9
97,1191,1097.15139752185,98,1
42,6537,1468.91705148104,81,39
40,6246,1299.09111038369,87,47
99,7023,6688.57142857143,99,0
84,9610,7296.72397985507,88,4
9,1286,79.6434434547217,23,14
14,5578,416.346530175463,69,55
32,8393,1273.4764427814,55,23
52,1078,350.903357227267,72,20
62,3307,1499.03224170787,85,23
12,3532,244.385590280698,63,51
97,1594,1468.39574109978,99,2
44,6704,1626.11968565207,83,39
57,8110,3134.05215136592,88,31
95,9215,8168.67699242803,96,1
71,9136,5320.34316512846,85,14
67,1628,853.519306026005,68,1
75,9109,5828.76405809936,77,2
37,8855,1637.84978153993,77,40
56,4255,1590.25601901749,72,16
81,1512,1091.18095914226,91,10
89,1741,1421.26900280782,91,2
11,3841,256.00466088443,61,50
24,7202,794.469939805311,75,51
20,5379,506.628776849292,73,53
34,5419,890.255403461626,78,44
45,5088,1281.72937001654,79,34
77,4117,2749.94840524562,88,11
72,5250,3133.45442707915,94,22
28,4591,593.919974379733,88,60
34,4233,695.41449028475,80,46
15,1465,113.613579601791,50,35
43,4548,1061.91560561155,62,19
43,9535,2226.33361906468,53,10
28,4991,645.666432613646,56,28
16,5169,416.58456091526,71,55
25,2243,257.459332246958,96,71
52,1143,372.061722922789,81,29
3,7309,372.042896733087,88,85
64,9450,4548.43381234453,95,31
25,4777,548.320655436343,72,47
93,6882,5919.58117267894,97,4
88,8817,7101.47124378339,91,3
51,9272,2912.67525037341,75,24
58,9440,3770.20886614449,73,15
79,7523,5230.52699781212,87,8
54,1758,613.706570406064,69,15
80,5125,3631.57289908019,87,7
29,2250,302.921005152206,76,47
31,4087,595.909940582355,76,45
12,5373,371.767773663134,49,37
98,9111,8542.85275106272,99,1
77,6145,4104.55014579411,98,21
84,7741,5877.62126202477,84,0
63,1577,736.819151295141,80,17
8,1220,72.9062854325984,57,49
25,4738,543.844099949214,82,57
4,9186,481.216138750011,79,75
37,5814,1075.37646864745,83,46
93,3823,3288.36948897873,93,0
26,3490,416.874929406127,53,27
76,1073,701.742506709231,82,6
26,7133,852.025464599973,80,54
61,1369,601.703917943817,82,21
31,6261,912.892620011286,94,63
73,5287,3231.89127258675,77,4
26,8774,1048.04029530354,30,4
29,2018,271.686483732068,74,45
45,7804,1965.92295668417,88,43
21,1406,137.741167548148,91,70
83,7819,5841.06317425301,84,1
59,3650,1505.81915340662,85,26
94,4336,3782.88784026119,98,4
17,3645,305.343246122724,96,79
28,2194,283.829323413011,67,39
75,2939,1880.63866140674,93,18
25,8394,963.492480999093,66,41
26,6848,817.982669505203,90,64
90,1561,1291.15652880945,94,4
88,1109,893.221232772574,94,6
34,4840,795.134923925866,47,13
68,1484,799.511517654029,83,15
50,1744,528.510056084973,77,27
33,8769,1384.49966813638,87,54
93,2358,2028.24359273132,94,1
88,5361,4317.90714958861,88,0
65,1166,577.793068996364,73,8
45,7409,1866.417630199,82,37
19,3239,293.337052857614,83,64
12,5367,371.352622603767,77,65
47,8044,2183.88096471986,87,40
63,2221,1037.71422639601,76,13
41,1348,291.448511208785,78,37
91,4789,4012.65197851146,94,3
97,6008,5534.58068539991,97,0
27,2623,326.061647714771,89,62
19,1999,181.037594523733,88,69
79,4120,2864.51830798697,88,9
10,7387,474.483818967045,66,56
7,9578,552.75186492072,78,71
56,2428,907.43633705628,76,20
61,2088,917.719343072819,67,6
12,6062,419.440953647109,80,68
34,9237,1517.49200254199,87,53
90,3394,2807.29356744347,90,0
16,5209,419.808275838187,92,76
96,4530,4093.3136508266,97,1
76,1069,699.126504820287,80,4
57,9914,3831.19519465373,65,8
87,3357,2666.44878718527,88,1
90,7879,6516.99057686716,91,1
89,8390,6849.19410313475,90,1
83,2233,1668.12815809016,83,0
55,9343,3375.48822455307,87,32
45,2286,575.871332519222,72,27
57,9469,3659.22809140368,73,16
14,7431,554.655981666165,90,76
27,9815,1220.08961964181,43,16
99,3330,3171.42857142857,99,0
29,7802,1050.39541431001,90,61
64,4847,2332.93742734751,80,16
81,8985,6484.29954887119,94,13
0,9613,621.309080589526,63,63
25,9277,1064.84628856666,75,50
56,6236,2330.6313829831,90,34
3,1063,54.1088519944276,74,71
89,9454,7717.79273552276,92,3
24,1883,207.718258352319,74,50
42,1997,448.742137342458,83,41
9,4966,307.550031256725,77,68
57,7451,2879.3862613844,81,24
67,7641,4005.98342588741,85,18
56,5150,1924.75170339367,77,21
27,6647,826.279745467054,69,42
59,5894,2431.58851785716,75,16
6,1653,92.2324795688738,77,71
32,1515,229.87213282662,83,51
59,4049,1670.42787729957,66,7
51,5393,1694.1390881432,55,4
96,5471,4943.60242465172,99,3
57,2764,1068.12825479351,81,24
58,1317,525.992063211047,64,6
26,8088,966.098690268412,69,43
14,7535,562.41862762139,82,68
65,7134,3535.14215627793,75,10
38,3811,733.122204837472,76,38
46,7524,1967.93281564781,91,45
48,8115,2286.15258020294,97,49
36,9338,1660.4519209108,80,44
65,1865,924.171589775489,86,21
24,3624,399.772155214447,73,49
89,9464,7725.95625650385,92,3
44,6379,1547.28780948308,80,36
17,1203,100.775836786183,64,47
12,2027,140.251866222813,95,83
53,4165,1404.30908187576,80,27
54,8533,2978.81579367175,75,21
37,5757,1064.83356209208,75,38
8,7588,453.45319169062,92,84
26,3675,438.972884116767,46,20
11,5697,379.708032558865,70,59
77,6594,4404.4595055112,77,0
22,1721,175.392439148971,67,45
85,9580,7388.48952548104,91,6
82,9605,7054.83207577694,82,0
38,6024,1158.8370931359,68,30
75,6125,3919.33031681398,93,18
84,2556,1940.73116467321,85,1
82,1763,1294.91608012439,85,3
31,6147,896.270713178306,62,31
32,9021,1368.76337308841,55,23
94,6763,5900.29300361773,96,2
15,7935,615.374576204923,99,84
59,8830,3642.84469166588,87,28
31,4540,661.960149313407,85,54
22,7266,740.500559474969,86,64
75,7257,4643.6865484276,80,5
77,5990,4001.01796148197,93,16
48,1078,303.693466599971,68,20
32,1318,199.981169020122,47,15
76,2603,1702.36322923032,83,7
50,7294,2210.40845704346,78,28
46,2948,771.061395604698,70,24
9,5948,368.366408762585,85,76
74,8505,5321.11209982991,77,3
39,7087,1417.71652867225,83,44
70,5459,3099.70840960312,86,16
41,5492,1187.41485427199,88,47
50,6481,1964.03306965981,66,16
92,8607,7305.60319712983,94,2
10,2368,152.102028335449,75,65
41,4561,986.125118414886,59,18
43,8238,1923.49620910905,82,39
49,1703,497.681723966148,67,18
73,5312,3247.1735275167,89,16
59,9224,3805.39064959526,78,19
32,5773,875.941797233054,79,47
17,8220,688.592999486637,68,51
88,6448,5193.4089350023,97,9
35,2578,440.639631869877,80,45
61,4123,1812.14408596228,81,20
38,3380,650.210719588207,85,47
50,9981,3024.68971891291,76,26
53,2116,713.449704021396,64,11
76,2580,1687.32121836889,84,8
47,2586,702.078092337836,70,23
36,4564,811.555211719522,81,45
4,5906,309.390650496143,52,48
82,3821,2806.50841869273,85,3
96,5775,5218.29720386834,96,0
98,5094,4776.34638501959,98,0
0,5860,378.744534719091,79,79
51,3498,1098.85008906452,80,29
87,3474,2759.38131864213,92,5
85,5916,4562.66221636178,88,3
5,9206,497.320186357621,65,60
39,1728,345.677178149521,73,34
77,2597,1734.66504941046,79,2
13,1175,84.4275082505392,69,56
93,3492,3003.6584503044,97,4
6,5613,313.188691966176,89,83
76,9687,6335.30257455016,86,10
33,7408,1169.61723589398,85,52
27,5454,677.979499289501,98,71
39,9108,1822.0067931631,51,12
72,9216,5500.55542856408,74,2
44,4932,1196.30404081683,94,50
35,4616,788.980814860881,80,45
94,7783,6790.17898080094,95,1
82,2128,1563.00704396183,89,7
29,1041,140.151451717087,45,16
38,4275,822.381901254315,80,42
1,4421,214.12131670569,87,86
87,3350,2660.88872120067,87,0
50,5986,1814.02591497973,76,26
31,1429,208.357060213405,88,57
68,9948,5359.52869112013,81,13
9,10000,619.311379896748,74,65
2,3283,162.774070535163,52,50
25,2825,324.263314131813,69,44
39,4474,894.999823519072,80,41
89,2446,1996.79723197468,92,3
42,9791,2200.11730932399,78,36
34,6864,1127.64589211305,94,60
90,2152,1779.99285714153,90,0
92,4603,3907.01655819549,93,1
88,1041,838.45203184513,99,11
9,9615,595.467891770723,74,65
37,7146,1321.74754815182,81,44
51,8630,2710.9995050391,67,16
37,3062,566.357541623407,75,38
53,5854,1973.78760271326,82,29
94,3419,2982.86289802883,94,0
29,3541,476.73034633065,74,45
9,6569,406.825645454173,94,85
80,9596,6799.72166625824,81,1
27,9863,1226.05643591719,78,51
45,1594,401.548077005966,85,40
83,1109,828.461319893412,94,11
98,6950,6516.60922180726,98,0
38,4559,877.014991302555,75,37
6,6859,382.71178303866,57,51
63,3894,1819.38730192979,84,21
73,8205,5015.63606801102,77,4
64,1788,860.592556240426,71,7
53,6663,2246.55736195395,89,36
78,6434,4386.15575731545,81,3
97,2560,2358.27672347266,97,0
33,6458,1019.62582470347,56,23
74,5299,3315.29371158127,83,9
46,2403,628.514427964074,67,21
17,2173,182.033161543122,52,35
65,8253,4089.64511014322,67,2
91,9216,7721.9880212908,96,5
4,1829,95.8136640293676,83,79
83,9281,6933.22769155163,88,5
60,1514,644.867353855937,76,16
55,8787,3174.61361759048,59,4
68,6321,3405.46651151693,73,5
42,4917,1104.88987947565,81,39
70,9313,5288.07188471036,82,12
44,3077,746.35594760612,80,36
75,1460,934.240369395659,89,14
85,5754,4437.72116175552,91,6
21,2944,288.413938308497,84,63
14,2095,156.372531501899,78,64
78,4927,3358.81091331881,92,14
52,2284,743.472419208792,81,29
68,9745,5250.16154955425,80,12
7,8527,492.098053056899,89,82
67,6353,3330.71753758182,80,13
83,2580,1927.34914817403,83,0
85,8834,6813.14368143002,87,2
68,2975,1602.79431605171,77,9
4,6064,317.667609991299,78,74
58,5220,2084.79769928752,90,32
37,8755,1619.35345424981,66,29
48,2232,628.797604314596,88,40
32,9331,1415.79991511894,70,38
41,3710,802.132030107263,64,23
48,8274,2330.94595792965,87,39
61,9275,4076.55503208831,80,19
55,9046,3268.18650104967,59,4
0,2175,140.574976623554,69,69
4,3900,204.304696399417,79,75
9,5245,324.828818755844,88,79
11,1875,124.969731621533,80,69
91,2200,1843.35651549911,91,0
14,5943,443.590431845245,57,43
88,1981,1595.5556917245,97,9
9,3339,206.788069747524,85,76
10,3013,193.531846019725,50,40
34,9169,1506.32068542898,89,55
61,4609,2025.75117443612,73,12
78,1965,1339.57041702283,83,5
81,7587,5475.39016998172,87,6
32,7625,1156.94720317028,88,56
34,1929,316.903981044007,52,18
79,4985,3465.92809837743,90,11
30,2147,300.811275969789,99,69
64,6030,2902.33395644842,91,27
24,7704,849.846767045282,92,68
53,5499,1854.09259093273,88,35
49,5666,1655.82187198602,87,38
80,2199,1558.21049855167,92,12
77,3363,2246.31442478529,86,9
52,5858,1906.85701914409,87,35
2,4415,218.899641002968,73,71
32,7330,1112.18662285091,73,41
5,7349,397.002612376945,55,50
74,9746,6097.53774543707,84,10
19,9678,876.479159480083,71,52
23,4243,449.865517230616,85,62
24,9672,1066.94157981074,96,72
46,1099,287.447921902837,89,43
