"Age","Benefit","NetSinglePremium","Die","SurviveYears"
31,8049,1173.59410612855,87,56
4,8123,425.530012526273,81,77
66,6244,3183.57431148186,69,3
8,3614,215.969930781484,86,78
63,4642,2168.87412828919,69,6
60,6902,2939.81141103942,88,28
45,8179,2060.39003879034,70,25
64,8470,4076.74437995325,68,4
4,6286,329.297261940188,65,61
84,9607,7294.4461263754,90,6
48,2834,798.392657091204,59,11
14,3972,296.473362828422,83,69
93,8064,6936.28343163078,95,2
99,8984,8556.19047619048,99,0
40,3896,810.320039393987,63,23
48,5461,1538.46940733065,91,43
1,3060,148.204304256822,68,67
37,2864,529.734813588974,42,5
76,1391,909.71465688028,78,2
41,3700,799.969949163578,68,27
16,5936,478.399294562388,74,58
80,2907,2059.89900831729,93,13
49,4079,1192.03978394476,78,29
97,9095,8378.3307812437,98,1
42,2249,505.368586321075,78,36
0,2113,136.567781887618,72,72
52,6702,2181.59025986748,62,10
15,5122,397.22099298319,85,70
82,2426,1781.88678977979,88,6
46,5350,1399.31426949971,88,42
14,1946,145.251048354509,82,68
15,7310,566.904619036923,87,72
40,7876,1638.11104472973,78,38
91,9302,7794.04650326031,93,2
65,9773,4842.85734416936,71,6
13,5822,418.329321731608,75,62
81,4544,3279.31632165506,87,6
96,8740,7897.4749024778,96,0
4,8732,457.432976656336,31,27
11,3333,222.146194930436,75,64
61,6188,2719.75445159703,78,17
36,1181,210.001469114977,76,40
72,7039,4201.21632613526,91,19
52,1060,345.044117496199,62,10
43,6132,1431.76484028365,46,3
79,1156,803.733777677896,88,9
52,2871,934.548737105272,59,7
1,2598,125.828360280792,56,55
27,1370,170.302881192999,67,40
23,5103,541.047309551693,33,10
57,4308,1664.79613663186,68,11
26,1485,177.380879704326,55,29
36,3708,659.344155358455,86,50
33,3352,529.232852958507,78,45
95,3891,3449.19394221785,97,2
8,1609,96.1526338205335,42,34
91,1970,1650.64197069693,94,3
45,2694,678.651517850736,79,34
3,9067,461.528655722931,80,77
99,4026,3834.28571428571,99,0
60,5527,2354.1491841227,71,11
60,9727,4143.08107725013,75,15
66,8665,4417.94865614835,88,22
20,3356,316.089640287456,63,43
54,6088,2125.28191162236,74,20
13,3722,267.437604858304,35,22
40,6418,1334.86499302634,62,22
39,2105,421.094016206448,68,29
49,7376,2155.54926363729,65,16
39,8446,1689.5772260711,77,38
32,2260,342.911564480634,83,51
18,6836,595.358665107666,83,65
61,2366,1039.90611384592,74,13
45,6486,1633.90265210834,77,32
19,4500,407.538356856827,71,52
53,8025,2705.78160433445,68,15
2,8777,435.171494696047,81,79
0,1377,88.9985024416704,64,64
75,5024,3214.81069578342,82,7
86,2102,1645.67170454987,93,7
8,2093,125.076110992154,49,41
5,6122,330.718464140925,67,62
97,4611,4247.66170778611,99,2
60,1729,736.443629337461,89,29
5,8290,447.836665751106,86,81
86,7962,6233.51004358993,87,1
94,1871,1632.33006206843,97,3
27,9577,1190.50415560974,76,49
20,3085,290.56511927497,70,50
1,8535,413.373770206529,63,62
35,7873,1345.67720004327,78,43
46,6608,1728.34928838394,70,24
27,4840,601.65397443366,88,61
96,3442,3110.19549363027,96,0
10,4966,318.977480031182,57,47
21,5052,494.927722939717,73,52
78,3593,2449.40280323817,83,5
98,5325,4992.9415980034,98,0
53,7510,2532.13954499087,80,27
73,3517,2149.90762354598,88,15
81,6867,4955.78018943778,88,7
13,6933,498.158225277437,81,68
98,3366,3156.10167490694,99,1
85,4034,3111.18650791133,90,5
61,5207,2288.58458782575,84,23
21,4453,436.245675029802,79,58
20,6988,658.174733709398,69,49
18,4629,403.147346516002,67,49
1,4920,238.289273510969,73,72
67,6024,3158.23114219942,75,8
20,2128,200.428711123869,89,69
97,5268,4852.89132002109,98,1
23,1555,164.869403557296,73,50
6,5726,319.493755602765,81,75
44,3724,903.29202108716,78,34
16,5579,449.627638875263,65,49
1,9530,461.564385479581,87,86
2,5519,273.63694647687,84,82
59,2084,859.760853616274,70,11
23,9454,1002.3635634924,84,61
57,4165,1609.53479783465,89,32
66,4363,2224.52509945473,79,13
58,3880,1549.61974583057,90,32
24,2387,263.31571040201,78,54
5,6402,345.84443113855,84,79
85,5225,4029.73463159065,92,7
9,1425,88.2518716352865,83,74
17,6256,524.067859463309,43,26
5,4766,257.465566823856,53,48
71,6733,3920.95780766309,87,16
69,5263,2911.90064484845,69,0
20,7915,745.48554912849,84,64
99,1777,1692.38095238095,99,0
90,8262,6833.78298592162,97,7
91,3557,2980.37232983196,92,1
35,5852,1000.24170896141,88,53
91,5575,4671.23298813978,93,2
86,5330,4172.89732885385,92,6
52,5099,1659.79241048408,80,28
37,8597,1590.12925713143,72,35
42,8788,1974.73505406386,83,41
71,8707,5070.51531729132,81,10
32,5186,786.875828936535,81,49
66,4777,2435.60770114491,91,25
83,2180,1628.5353267517,96,13
73,7669,4687.9845223128,94,21
30,3576,501.025208601754,80,50
25,1883,216.137281596532,78,53
0,1538,99.4042823204714,82,82
82,3091,2270.32649101786,82,0
1,5627,272.531248383379,17,16
61,3702,1627.10584676991,64,3
14,2174,162.269156794811,81,67
57,5239,2024.57450320666,62,5
60,8907,3793.81342192525,82,22
83,8861,6619.47317905818,86,3
75,3258,2084.76378321305,86,11
25,2794,320.705026436915,48,23
85,1392,1073.56758032042,96,11
14,9682,722.672482100902,76,62
72,4849,2894.11819369653,72,0
23,2483,263.260918992133,45,22
33,6500,1026.25702393505,83,50
11,4274,284.864337573563,81,70
79,9533,6628.02258010673,82,3
3,3091,157.338157586807,72,69
65,1134,561.935969332656,68,3
93,6188,5322.63416107778,95,2
95,6344,5623.66650460808,97,2
55,7299,2637.02114428051,60,5
76,6249,4086.84895100278,89,13
84,2254,1711.42724772043,91,7
6,4467,249.245303226957,67,61
44,3468,841.196758627893,49,5
16,7217,581.638764969129,25,9
92,1701,1443.80516304378,97,5
23,8747,927.403648177279,91,68
10,3537,227.189558370981,80,70
34,8964,1472.64245001477,84,50
76,3302,2159.50955932328,90,14
76,7736,5059.34765321772,89,13
74,5428,3396.00193743407,79,5
34,6241,1025.29691326887,85,51
92,7154,6072.29990383023,94,2
77,8907,5949.42687527878,81,4
14,3955,295.204468778049,62,48
75,5511,3526.43744913663,85,10
97,6144,5659.86413633439,98,1
86,4865,3808.84531048292,86,0
64,1055,507.788113441638,75,11
91,1282,1074.17411494084,94,3
27,3421,425.259968292883,75,48
2,7428,368.286870525491,16,14
3,5734,291.872208218295,75,72
58,5443,2173.86089601954,86,28
96,2851,2576.16715640323,98,2
9,7526,466.093744510292,72,63
88,4901,3947.40961390296,89,1
83,6661,4975.99716123536,89,6
79,8667,6025.91751828229,88,9
68,7497,4039.04167645031,73,5
35,2265,387.140716130827,66,31
35,8330,1423.78903548335,77,42
94,8998,7850.190218328,95,1
2,4253,210.867536395384,55,53
32,7560,1147.08470242195,73,41
82,4140,3040.81257612874,84,2
31,5075,739.96646646818,81,50
5,3251,175.623281104565,81,76
51,5924,1860.94566255523,67,16
46,2045,534.878071238673,58,12
85,2856,2202.66451824362,86,1
2,8395,416.231593707795,15,13
50,6034,1828.57206331234,55,5
39,4532,906.602413989368,77,38
19,8629,781.477440292791,79,60
37,7319,1353.74619436372,67,30
95,2513,2227.65982441363,96,1
8,2062,123.223574231162,84,76
49,4811,1405.95817616039,82,33
85,4076,3143.57863317962,90,5
90,6155,5091.01116900842,92,2
31,8148,1188.02891995719,51,20
51,4740,1489.00783938416,62,11
31,8144,1187.44569515603,80,49
57,2755,1064.65026843565,77,20
35,3214,549.346693882771,84,49
18,6737,586.736589647505,84,66
93,7000,6021.07936773505,94,1
9,4614,285.750270684359,90,81
21,2591,253.831696384958,68,47
8,8214,490.862482412593,28,20
93,3195,2748.19265427335,93,0
14,8169,609.740911617669,76,62
57,1601,618.695128771496,58,1
18,1254,109.212955828703,42,24
47,1706,463.165207087528,74,27
62,3209,1454.60975616588,89,27
61,3401,1494.81009855874,81,20
61,3130,1375.69997309288,66,5
83,1179,880.75373864232,84,1
6,5923,330.485769199298,86,80
55,4599,1661.55093061325,87,32
86,6477,5070.89230750213,91,5
66,9453,4819.71940525913,85,19
6,3724,207.788114890796,84,78
80,9278,6574.38699661775,91,11
61,8473,3724.05938403065,93,32
55,4799,1733.80798347749,89,34
31,1262,184.007424765092,60,29
88,4425,3564.02520741086,88,0
4,6573,344.331992162402,66,62
13,5963,428.460622721672,61,48
46,4070,1064.52506109604,67,21
76,6613,4324.90512289669,79,3
16,6377,513.94075158766,82,66
40,1332,277.039602790757,90,50
83,6491,4849.00128713087,85,2
38,6049,1163.64634402043,81,43
12,3412,236.082569093358,79,67
91,2547,2134.10411135283,92,1
98,5704,5348.30776995519,98,0
98,6734,6314.07863304317,98,0
38,2300,442.45108137659,83,45
80,2525,1789.21396491268,83,3
69,7058,3905.03415377928,80,11
97,1062,978.316359503112,98,1
34,4963,815.341865174395,69,35
63,6933,3239.2943411092,75,12
62,7144,3238.30853787755,71,9
66,8569,4369.00196590135,81,15
40,7877,1638.31903241952,44,4
96,2712,2450.56658301142,96,0
98,5560,5213.2873774458,99,1
17,5902,494.413124448921,19,2
44,3016,731.559810848248,60,16
64,3867,1861.24799495622,74,10
43,1577,368.214799922915,80,37
36,8083,1437.2920193534,83,47
52,3806,1238.90368980239,83,31
81,8899,6422.23502341734,83,2
42,8955,2012.26131191873,65,23
70,7202,4089.41197398089,84,14
54,2534,884.603213543211,80,26
8,4432,264.852997571538,68,60
45,2331,587.207382371962,73,28
46,1186,310.203125911524,81,35
39,2195,439.098035901735,64,25
63,2726,1273.66455702635,85,22
3,2994,152.400661214785,75,72
68,1739,936.893887601318,85,17
40,6865,1427.83549035927,46,6
72,2781,1659.8355736585,72,0
56,6907,2581.40971171653,85,29
55,9253,3342.97255076416,79,24
71,1754,1021.44066458355,94,23
56,5740,2145.25723834557,92,36
59,4156,1714.57106891998,74,15
15,7920,614.211297232891,68,53
48,5217,1469.72988427834,61,13
15,4115,319.126197994109,73,58
97,9404,8662.98215138161,98,1
60,7799,3321.87615107163,73,13
69,2209,1222.1904853639,81,12
44,8194,1987.53351793453,89,45
44,3739,906.930415371883,73,29
15,5205,403.657803295101,62,47
19,5305,480.442440694548,75,56
32,9435,1431.57991631628,58,26
64,2986,1437.2088215514,69,5
35,5199,888.628955039367,77,42
98,4403,4128.43602929746,99,1
60,6099,2597.78467052005,73,13
33,3516,555.126107100868,90,57
79,5262,3658.51828558918,82,3
87,3839,3049.2990449819,90,3
24,9940,1096.50530431336,73,49
5,1199,64.7715515362576,69,64
14,2204,164.508381589588,75,61
44,4069,986.975089635783,87,43
65,9515,4715.00947813071,81,16
20,4018,378.441053240464,81,61
96,9289,8393.55198731308,96,0
56,4299,1606.70049959018,75,19
38,2623,504.586602804694,84,46
22,2217,225.941335033857,68,46
75,4724,3022.84349659253,80,5
92,4474,3797.52163401404,94,2
45,9312,2345.80658286045,86,41
36,4796,852.808675593083,61,25
69,8176,4523.59864569275,75,6
93,7856,6757.37135898951,93,0
8,2981,178.142325307029,57,49
2,1763,87.4111137232689,71,69
88,2662,2144.05313042434,96,8
63,7569,3536.45158919019,92,29
51,3366,1057.38404796774,90,39
39,5241,1048.43408025558,87,48
38,7791,1498.75494565435,81,43
31,2625,382.741275759404,62,31
83,6496,4852.73645989865,87,4
41,7310,1580.48116983399,73,32
26,7470,892.27957669449,82,56
88,7815,6294.430959529,90,2
25,6809,781.560674663191,74,49
27,4747,590.093267900121,59,32
71,6682,3891.25799358454,89,18
51,5255,1650.78822699658,55,4
19,7722,699.335820366315,46,27
13,4489,322.549008116315,74,61
0,3177,205.336414130129,52,52
98,6292,5899.64103936853,99,1
95,1052,932.54999414371,97,2
95,6667,5909.99126516741,98,3
56,9435,3526.21986825618,93,37
13,5075,364.654982443818,75,62
6,3837,214.093178527386,75,69
4,1418,74.2830921780444,68,64
31,5788,843.926287274449,59,28
25,3720,426.994523387732,87,62
23,4115,436.294273722363,90,67
65,9778,4845.33501599181,87,22
44,1039,252.019444121794,84,40
65,9933,4922.1428424879,85,20
52,2805,913.064858091358,66,14
49,6548,1913.57600031142,57,8
78,6319,4307.75850644643,92,14
80,1516,1074.23697853767,83,3
97,8726,8038.4073003994,98,1
35,4548,777.358047224282,83,48
33,2619,413.502637797831,37,4
59,5004,2064.41617634157,80,21
31,7413,1080.86136274456,79,48
55,1991,719.31896126353,71,16
65,2386,1182.34499367524,82,17
21,6952,681.064435842619,74,53
66,6130,3125.45011681355,83,17
36,4857,863.655491525355,77,41
1,4333,209.859232138827,82,81
53,3592,1211.11121779057,75,22
91,7855,6581.62064965703,94,3
58,8036,3209.47017461198,92,34
36,6680,1187.81525291113,90,54
51,3170,995.813259672531,66,15
63,6916,3231.35145869194,70,7
39,6741,1348.50107517704,77,38
48,6947,1957.1043714935,80,32
23,5827,617.809655645251,68,45
64,4200,2021.52613881979,81,17
15,9554,740.931153252909,60,45
39,5730,1146.25592059997,53,14
41,1056,228.315747653173,67,26
62,8186,3710.63741476283,71,9
69,2717,1503.25556755714,69,0
99,7224,6880,99,0
34,1387,227.862012290326,35,1
27,4066,505.439061993236,85,58
59,4977,2053.27724013829,85,26
23,3504,371.512791038435,84,61
60,5988,2550.50575620169,72,12
53,3018,1017.57618465812,76,23
82,2273,1669.50893370546,90,8
44,5153,1249.90971661174,70,26
39,3613,722.761368434154,59,20
90,1334,1103.3970592132,90,0
97,1979,1823.05845146578,99,2
63,3562,1664.2674806045,85,22
4,9405,492.688633240132,70,66
36,5264,936.026869958713,65,29
23,1025,108.675973405935,82,59
88,5721,4607.8617427339,95,7
59,8164,3368.08426531826,65,6
64,3545,1706.26432431337,78,14
33,4363,688.855291604405,70,37
43,5740,1340.23649432944,48,5
91,4861,4072.9800099278,98,7
26,7701,919.87215798183,38,12
38,2681,515.7440648568,73,35
49,7971,2329.43101687268,80,31
46,7625,1994.34977662341,65,19
47,8140,2209.94418856534,75,28
78,1232,839.87315713594,84,6
69,1597,883.584520201972,76,7
52,6355,2068.63713838523,90,38
60,9386,3997.83684497479,71,11
99,1086,1034.28571428571,99,0
97,9581,8826.03487796546,98,1
78,4016,2737.76834339118,79,1
36,9756,1734.77928254506,76,40
68,9870,5317.50584854802,81,13
19,3993,361.622368650958,70,51
93,8027,6904.45772640132,93,0
76,6038,3948.85485136099,93,17
23,4117,436.506324402179,34,11
65,2612,1294.33576005017,79,14
98,1892,1774.01793491501,99,1
42,1313,295.041775829067,92,50
8,9680,578.46954343242,80,72
98,7314,6857.91076953932,98,0
80,2902,2056.35601036697,87,7
11,3013,200.818027400361,69,58
34,8135,1336.45095168118,38,4
80,4055,2873.37133771125,93,13
35,6862,1172.8739929756,77,42
66,5445,2776.19508744695,91,25
13,8255,593.148153709107,87,74
24,2870,316.596601949631,81,57
81,7096,5121.0450304719,92,11
71,6357,3701.9944724958,72,1
98,1918,1798.39661689587,98,0
29,9406,1266.34443309407,83,54
92,5548,4709.13053766426,95,3
25,5116,587.232253132161,71,46
14,3199,238.776003949678,67,53
35,8266,1412.84996006067,65,30
30,8492,1189.79476270864,75,45
69,9037,4999.97076334704,93,24
35,4986,852.222344648257,87,52
11,6609,440.493310019578,49,38
51,7134,2241.05103927566,70,19
16,6220,501.28767051517,50,34
45,2271,572.092649234975,60,15
14,1952,145.698893313464,89,75
94,1039,906.462284601333,94,0
48,7394,2083.03292397049,77,29
33,1919,302.982650604825,78,45
78,7879,5371.23425736531,78,0
75,6742,4314.14285648324,88,13
71,4291,2498.86082766706,93,22
88,1990,1602.80455655313,90,2
0,1290,83.3755033767283,27,27
39,5086,1017.42715744703,66,27
17,5997,502.371316048828,68,51
59,1909,787.564044891299,88,29
11,7341,489.281493244624,78,67
17,2561,214.536091445898,87,70
3,5565,283.269766085597,48,45
53,3919,1321.36549624757,76,23
92,4546,3858.6350800688,93,1
84,3940,2991.58090329126,84,0
54,3744,1307.00648441428,88,34
16,9143,736.860638508071,83,67
91,3455,2894.90761865882,91,0
85,3418,2636.10200397643,85,0
21,2589,253.635763002955,91,70
72,7937,4737.18624528137,91,19
81,5849,4221.10941139094,87,6
95,7280,6453.3877921732,96,1
63,4384,2048.32920689784,68,5
88,8824,7107.10924976122,90,2
59,1556,641.932767863207,62,3
64,6564,3159.35656552693,77,13
44,6714,1628.54528184189,63,19
50,1415,428.808331055181,77,27
14,5146,384.10169313068,76,62
62,6017,2727.44995414463,77,15
98,1101,1032.34341772803,98,0
82,8760,6434.18313209849,88,6
12,6642,459.572222719251,85,73
78,3727,2540.75264338121,80,2
2,1653,81.9572155329345,82,80
86,3565,2791.0654741771,88,2
49,6878,2010.01461975289,86,37
56,8610,3217.88585751836,70,14
20,1699,160.022735056134,80,60
89,4747,3875.22340972356,89,0
25,3872,444.441611440134,86,61
7,3095,178.614222377284,71,64
3,2173,110.610099138186,80,77
5,8394,453.454882064509,73,68
18,1011,88.0496796992174,86,68
95,8056,7141.27638100925,96,1
77,9845,6575.96357776127,87,10
1,7702,373.029265158839,89,88
42,5665,1272.97156136456,77,35
40,5740,1193.84933935356,74,34
35,1073,183.400436383389,46,11
35,9534,1629.58039187254,51,16
31,3784,551.730661894698,69,38
85,6986,5387.89016962532,87,2
48,3738,1053.06695561289,62,14
90,3177,2627.80544012019,93,3
81,3977,2870.12346197671,92,11
10,4842,311.012677871725,90,80
56,4009,1498.3164230884,78,22
15,7218,559.769841341794,72,57
67,5870,3077.49282946723,90,23
22,9025,919.76569629254,70,48
55,4024,1453.81190362855,84,29
41,2153,465.496027175455,63,22
21,6880,674.010834090509,88,67
79,6307,4385.07693409558,86,7
10,6316,405.691051928503,47,37
82,6713,4930.67024723484,91,9
45,9789,2465.9687112995,62,17
90,9601,7941.3157162713,93,3
91,6645,5567.77456613253,96,5
36,5520,981.547933543331,54,18
33,6623,1045.67696454182,82,49
98,4127,3869.64694365447,99,1
92,5369,4557.19572038922,94,2
72,3244,1936.17641170376,83,11
57,1025,396.104001868072,76,19
13,7740,556.143756475892,58,45
30,2417,338.640360511868,87,57
9,8340,516.505690833887,28,19
24,2756,304.020987795534,89,65
78,2717,1852.22026618372,81,3
15,6132,475.548443766678,57,42
41,3388,732.513023720595,88,47
76,2628,1718.71324103622,87,11
21,5062,495.907389849732,84,63
47,4138,1123.43354450656,76,29
48,5997,1689.47098256032,56,8
61,3970,1744.89740996125,83,22
16,5524,445.195030856238,68,52
62,1766,800.511321093471,74,12
80,9898,7013.7187424577,86,6
45,3055,769.591828891611,65,20
20,4534,427.041248231026,79,59
10,3052,196.036904763425,57,47
16,2307,185.927758179823,78,62
2,8644,428.577235975006,88,86
51,2670,838.74492218475,85,34
51,1018,319.791135125122,74,23
99,8102,7716.19047619048,99,0
55,6407,2314.75468850599,88,33
84,1650,1252.81941381487,92,8
88,1768,1423.99922411354,96,8
10,7970,511.931235571592,76,66
6,5785,322.785779979392,72,66
47,3214,872.575014993737,91,44
51,5706,1792.46386741056,75,24
38,3135,603.080060919831,71,33
55,5960,2153.26017535441,83,28
60,2362,1006.06122180167,85,25
4,2041,106.919457782362,45,41
3,1188,60.4716050511571,77,74
53,1285,433.262225740782,76,23
15,4026,312.224076093386,49,34
63,6491,3032.77939826047,71,8
54,2999,1046.93174325813,68,14
54,1265,441.603419547025,65,11
91,9241,7742.93525442147,91,0
97,4313,3973.14355794437,97,0
47,3299,895.651827773596,78,31
94,8851,7721.94194514572,95,1
55,5544,2002.96550539679,82,27
0,9863,637.46712387959,88,88
86,3861,3022.80611382827,89,3
76,6606,4320.32711959103,83,7
80,8354,5919.64097539822,93,13
26,1823,217.754440202685,68,42
29,5599,753.802092376535,80,51
81,9090,6560.07600436719,91,10
11,3503,233.476783930789,76,65
5,3797,205.118916749933,80,75
39,6535,1307.29187454116,69,30
42,5385,1210.05328472165,60,18
4,8078,423.172650644741,77,73
48,5760,1622.70349500541,69,21
3,1926,98.0372990980881,90,87
34,4812,790.53496982051,64,30
91,6196,5191.56225910566,91,0
29,3238,435.936984303486,89,60
66,1953,995.759229712375,82,16
0,8367,540.777392831849,89,89
15,7417,575.202675704085,78,63
37,6068,1122.35713996435,78,41
73,3217,1966.52056438653,93,20
14,4452,332.300959544848,85,71
27,2412,299.832517837601,48,21
55,3244,1172.00939745801,72,17
55,2435,879.729618622147,70,15
39,9414,1883.22046012708,86,47
15,2105,163.246815741823,78,63
89,6237,5091.58803590601,95,6
89,3772,3079.28011406726,92,3
5,8482,458.20875740662,72,67
83,8932,6672.51263236065,92,9
71,2473,1440.14980816142,87,16
83,4132,3086.74677529268,96,13
74,6206,3882.75387319746,79,5
78,4710,3210.87870950509,84,6
73,8887,5432.53598250017,89,16
91,2889,2420.66226058042,91,0
16,4265,343.728603657106,72,56
43,7420,1732.50083413318,46,3
96,7405,6691.16723716798,99,3
64,7777,3743.19256704798,78,14
22,9882,1007.10522002913,62,40
83,8152,6089.8256805871,91,8
53,1103,371.897459137807,88,35
25,7433,853.185562457262,88,63
46,4239,1108.72769876808,75,29
74,3337,2087.77790442474,82,8
70,1722,977.779425047916,94,24
58,1564,624.640536721396,70,12
48,4476,1260.97584091045,63,15
31,2475,360.870345716009,77,46
28,4040,522.639228162518,78,50
50,2602,788.522457530447,65,15
53,6085,2051.67365263242,65,12
4,6334,331.811781280489,83,79
43,1906,445.033233134481,68,25
14,2319,173.092076636231,84,70
88,6516,5248.17813592975,88,0
31,9564,1394.49049956683,80,49
48,2736,770.78416012757,80,32
9,1930,119.527096320072,88,79
71,4926,2868.65263040968,79,8
54,8047,2809.15629809875,86,32
96,6388,5772.2047685387,96,0
0,6628,428.382043706167,86,86
98,3120,2925.4418377034,98,0
18,3327,289.75399046419,85,67
18,8558,745.330523111675,70,52
29,1768,238.028594270711,74,45
12,2739,189.516458601028,73,61
95,9217,8170.44990116215,95,0
72,2810,1677.14417906522,92,20
43,5612,1310.34968748726,78,35
99,8261,7867.61904761905,99,0
58,7789,3110.82170110163,78,20
9,1171,72.5213625859091,79,70
31,1049,152.950704103472,65,34
65,1762,873.131550232928,69,4
40,2073,431.15848091985,86,46
28,3468,448.641792888023,73,45
7,7577,437.273009031562,77,70
96,4445,4016.50754479563,97,1
17,2145,179.687589282097,78,61
78,1790,1220.27025265693,79,1
8,9858,589.106689995537,60,52
66,6924,3530.28003406477,85,19
38,4304,827.960632280368,52,14
46,8596,2248.31877768588,75,29
70,7282,4134.83726666604,89,19
21,9539,934.50426546357,84,63
91,9196,7705.23023478626,91,0
13,7179,515.834112111167,75,62
8,5286,315.887397374357,79,71
16,2591,208.816134132606,88,72
34,9010,1480.19951747356,64,30
74,8715,5452.49758377633,84,10
73,8887,5432.53598250017,91,18
22,6916,704.83097568523,50,28
39,3683,736.764494863823,69,30
73,5100,3117.58000571069,84,11
52,3492,1136.6925078271,89,37
88,2851,2296.27929182562,91,3
33,3040,479.972515809624,84,51
65,2263,1121.39426684286,80,15
77,6498,4340.3363461953,80,3
33,2076,327.770704875257,74,41
51,3307,1038.84998414418,69,18
25,3452,396.232552347971,68,43
89,5609,4578.91891829354,90,1
26,5399,644.901932339164,90,64
88,3336,2686.91256314635,88,0
16,8751,705.268232263385,78,62
37,9698,1793.77382059563,83,46
41,7317,1581.99462649457,75,34
49,2157,630.357885258357,77,28
79,4392,3053.63213802882,79,0
82,6478,4758.06373627101,93,11
34,4206,690.978820254585,78,44
50,1418,429.71746532597,74,24
56,3772,1409.7404709128,69,13
35,8823,1508.05410084869,86,51
18,7606,662.419252020028,76,58
67,8356,4380.83987785829,86,19
52,1069,347.973737361733,74,22
12,3939,272.546670474425,73,61
34,9321,1531.29186485806,75,41
78,5596,3814.87839880902,78,0
81,5570,4019.76054393017,84,3
6,2275,126.938228081783,67,61
73,9537,5829.87461067898,92,19
84,2972,2256.5935138532,90,6
84,1004,762.321631194015,85,1
84,1396,1059.9611525367,88,4
25,5841,670.450271803157,81,56
20,5884,554.192921171451,72,52
33,5295,836.004760267092,89,56
4,3865,202.471192713781,89,85
63,2039,952.678661693591,86,23
31,4569,666.188529121796,73,42
65,7950,3939.49819770248,71,6
85,1125,867.646212543442,86,1
12,6378,441.305576107103,90,78
51,6406,2012.35953989345,73,22
55,9168,3312.26330329686,86,31
84,4496,3413.7430815222,89,5
47,3819,1036.82762360332,53,6
45,6068,1528.60334458733,78,33
11,3404,226.878382101172,70,59
88,7855,6326.64813654515,88,0
69,4165,2304.40170735204,78,9
73,8202,5013.80219741942,91,18
3,5762,293.297464903003,7,4
55,3174,1146.71942895552,78,23
19,5965,540.21473303355,54,35
1,6429,311.374337276834,78,77
71,9784,5697.70550871463,94,23
66,5792,2953.11697823558,74,8
26,8531,1019.01433317011,88,62
85,4125,3181.36944599262,85,0
51,8059,2531.62746362805,78,27
25,4989,572.654751930483,88,63
47,8168,2217.54596218695,79,32
21,5767,564.973907005809,48,27
46,5593,1462.87190828259,89,43
23,7807,827.739828663544,76,53
21,3670,359.537755975606,68,47
34,5833,958.269010590821,87,53
1,5154,249.622543836491,80,79
15,5914,458.642122706479,78,63
72,3697,2206.54876512602,79,7
74,9221,5769.07403557103,88,14
45,1438,362.249770849799,92,47
27,3239,402.635789915419,40,13
47,2019,548.142176500421,72,25
79,3291,2288.13828921969,83,4
78,2801,1909.48434507936,78,0
88,3328,2680.46912774312,91,3
73,6514,3981.9443445489,81,8
70,7205,4091.11542245658,80,10
57,6979,2696.98519906076,80,23
39,6980,1396.31174970119,80,41
59,2215,913.805321861827,86,27
37,4308,796.821779658275,55,18
95,7783,6899.27433880275,97,2
63,4474,2090.37976087157,81,18
18,7032,612.428632685358,73,55
50,1525,462.143254317422,55,5
6,7129,397.776979338476,75,69
67,7174,3761.14711390083,85,18
19,6776,613.66220134708,38,19
1,2934,142.101774081541,83,82
80,5343,3786.04760971423,83,3
29,9176,1235.37917478962,75,46
55,4886,1765.23980147343,84,29
12,6767,468.221203122729,82,70
82,4141,3041.54707192007,82,0
55,6315,2281.51644418844,82,27
88,9080,7313.29918266454,94,6
12,9191,635.942231106991,73,61
91,5052,4233.01687104613,91,0
49,5958,1741.15543827969,74,25
59,7067,2915.51341291085,83,24
16,3596,289.81197157115,80,64
17,4528,379.312542782907,72,55
32,5554,842.712756250196,84,52
64,3057,1471.38223961241,77,13
9,2600,161.020958773154,52,43
39,5190,1038.23180242825,91,52
78,7953,5421.68118401147,82,4
48,1228,345.951370115737,72,24
12,4167,288.32241073037,61,49
76,3813,2493.70380063588,79,3
86,1808,1415.49688003147,90,4
74,1423,890.293065027391,83,9
48,4691,1321.54550261639,69,21
32,5744,871.541604591489,58,26
13,2504,179.920409071787,77,64
48,1957,551.324781202359,66,18
66,9262,4722.33588612187,78,12
29,7228,973.116900106732,78,49
10,1495,96.0272518418481,75,65
22,7441,758.335351369838,90,68
79,8667,6025.91751828229,85,6
16,7281,586.796708845813,80,64
38,2446,470.537106542235,77,39
7,5978,344.99380335102,68,61
75,3414,2184.58672679232,96,21
52,1002,326.164345029426,65,13
63,2771,1294.68983401321,84,21
51,7166,2251.10341287488,68,17
67,6095,3195.45465001751,75,8
45,5835,1469.90779757203,90,45
7,2481,143.179930765119,47,40
85,3435,2649.21310229931,90,5
24,6302,695.188775430863,70,46
9,6849,424.166364091282,87,78
79,5229,3635.57432826792,80,1
83,7346,5487.71583042111,88,5
85,2539,1958.18109657582,87,2
84,2507,1903.52622450537,88,4
33,1538,242.828200432632,71,38
59,5000,2062.76596357072,63,4
23,2946,312.350651369643,66,43
38,1679,322.989289404911,71,33
85,2852,2199.57955393235,87,2
95,1679,1488.3568822883,98,3
91,1671,1400.11306245409,99,8
70,1485,843.206995468151,71,1
11,5159,343.850050898926,90,79
68,6631,3572.48037302147,86,18
29,4411,593.85980165617,86,57
20,1509,142.127314420075,64,44
31,4427,645.484048680716,80,49
94,6085,5308.78055996065,98,4
23,8561,907.682934954349,88,65
35,8419,1439.00118724302,52,17
61,5287,2323.74624847988,83,22
75,8994,5755.17663174285,75,0
27,3072,381.876241624009,83,56
64,7368,3546.33442638672,79,15
40,9818,2042.02313828803,75,35
53,9379,3162.3084943368,78,25
89,3280,2677.63488179761,93,4
33,1333,210.461632754681,79,46
99,3081,2934.28571428571,99,0
9,7113,440.516184520557,76,67
52,5222,1699.83054864637,59,7
38,1421,273.35782027658,92,54
69,4756,2631.38884037607,69,0
27,8034,998.695874090915,77,50
95,5961,5284.15448202534,95,0
32,2082,315.903485508266,80,48
64,8651,4163.86253022143,94,30
12,4867,336.756700989851,89,77
6,9050,504.963061160501,76,70
52,5382,1751.91267958919,63,11
89,3591,2931.52038430952,97,8
95,8957,7939.97176572739,95,0
58,4996,1995.33511602308,60,2
42,5020,1128.034816955,67,25
23,5548,588.228585810855,83,60
63,4873,2276.80388348841,68,5
31,8609,1255.24557829055,59,28
38,9369,1802.31486148577,73,35
37,1634,302.229987920525,85,48
21,5310,520.203129218111,68,47
3,3405,173.321393265311,57,54
85,6435,4962.93633574849,90,5
11,1989,132.567891304122,73,62
4,6800,356.22357320924,82,78
18,7910,688.895120099713,86,68
46,5623,1470.71853035455,77,31
15,4509,349.681658992816,68,53
62,4317,1956.85581719168,71,9
54,8846,3088.08209431857,85,31
5,5314,287.069245090636,87,82
56,8298,3101.27954073024,89,33
17,2536,212.441830498554,67,50
49,5269,1539.80329041552,55,6
70,7698,4371.04878862884,87,17
78,9119,6216.56113630084,83,5
15,3337,258.790795311383,85,70
53,4008,1351.37354145452,61,8
94,5398,4709.41618121078,97,3
20,4690,441.734330437475,59,39
58,6626,2646.33516388489,83,25
44,3867,937.978046601517,63,19
82,8456,6210.89641153252,83,1
98,6137,5754.306589098,98,0
14,2941,219.5186707146,24,10
77,3007,2008.52437565547,87,10
85,2022,1559.44945934475,91,6
63,8906,4161.13592988873,67,4
73,2625,1604.63676764521,78,5
86,8913,6978.05513922595,97,11
12,6574,454.867177379758,62,50
98,8728,8183.73601265234,98,0
96,4962,4483.66938971337,99,3
25,2658,305.094473968976,41,16
58,8342,3331.68245353573,75,17
73,6969,4260.08138427407,87,14
23,5488,581.867065416361,66,43
20,5334,502.390387751278,41,21
33,5488,866.476699593164,75,42
67,1634,856.664954574012,93,26
91,4219,3535.05506313215,96,5
92,3887,3299.27728909535,95,3
14,9003,671.991360912459,76,62
87,9193,7301.95522805904,93,6
94,3879,3384.18402499381,95,1
78,9245,6302.45725464429,83,5
48,2386,672.182385257449,75,27
56,5094,1903.82236448299,80,24
71,4885,2844.77630928771,71,0
6,2839,158.407749241399,75,69
76,4979,3256.26835126306,85,9
7,9653,557.080157870089,67,60
75,1225,783.866063362796,77,2
72,1241,740.68894171528,75,3
28,1113,143.984520035862,78,50
86,7648,5987.67706774376,91,5
76,3814,2494.35780110811,78,2
68,7542,4063.28562408806,69,1
94,6375,5561.78735739509,95,1
10,7914,508.33422814474,73,63
64,5450,2623.17082299235,64,0
31,1538,224.249936044938,78,47
79,5000,3476.35716988709,94,15
99,2953,2812.38095238095,99,0
73,4715,2882.23327978939,84,11
58,5948,2375.55109489697,90,32
67,1830,959.422807142253,92,25
42,4471,1004.67005310873,63,21
97,6198,5709.60903597014,97,0
6,1029,57.4151370092989,81,75
89,9082,7414.1097550262,89,0
27,5524,686.681106357756,86,59
37,8853,1637.47985499413,66,29
91,9017,7555.24804557065,91,0
54,3860,1347.50134343994,68,14
42,9485,2131.35662127852,46,4
14,7800,582.198446641917,66,52
56,4347,1624.6399329422,62,6
27,8123,1009.75934593484,71,44
5,2962,160.011122310588,80,75
36,4137,735.627500193616,65,29
66,6093,3106.58524661419,89,23
64,4646,2236.19296213256,79,15
5,7317,395.273930434359,67,62
54,8116,2833.24375734677,60,6
78,8359,5698.45756534036,96,18
63,8981,4196.17805820017,88,25
33,2531,399.60869655071,52,19
37,6832,1263.66908046085,72,35
9,6167,381.929327982324,69,60
5,2563,138.456619338973,84,79
99,9548,9093.33333333333,99,0
25,5171,593.545344203754,68,43
6,3625,202.264209580864,84,78
40,1245,258.944673779649,80,40
30,3906,547.260756375405,73,43
31,6444,939.575154664227,71,40
75,6073,3886.05600228756,87,12
48,6753,1902.45081627978,91,43
78,6157,4197.32064000485,84,6
73,8749,5348.17793528682,89,16
7,7592,438.138667621435,9,2
88,8147,6561.83352876299,89,1
36,7256,1290.23764597652,63,27
17,5577,467.187732133452,47,30
39,5157,1031.63032853998,85,46
35,4658,796.159583107015,82,47
94,6816,5946.53217694195,97,3
23,2162,229.226784881591,78,55
69,2835,1568.54233861778,70,1
28,5432,702.716902816535,69,41
35,9191,1570.95378452911,57,22
29,1644,221.334281097879,45,16
35,1656,283.048576561876,77,42
55,5453,1970.08854634356,74,19
1,2759,133.626037726985,79,78
44,5973,1448.80860417659,92,48
32,7135,1082.5991206059,79,47
25,2268,260.328919097682,84,59
15,6449,500.132406042287,30,15
47,3927,1066.1487504295,63,16
57,7873,3042.46517727545,74,17
20,4050,381.455018821274,77,57
80,7887,5588.72496683813,84,4
44,6216,1507.75059158909,63,19
47,8177,2219.98938942246,82,35
40,5820,1210.48835453619,79,39
41,2150,464.847402892349,89,48
4,5379,281.783323572427,59,55
28,1492,193.014289212494,79,51
89,5019,4097.27118040922,90,1
40,3319,690.311142389282,84,44
54,3157,1102.08853399997,78,24
42,9473,2128.66012370811,81,39
36,9492,1687.83568572342,85,49
58,3086,1232.50683908071,76,18
15,8762,679.51002352962,60,45
80,2060,1459.71515553272,80,0
92,3172,2692.38681785707,94,2
79,6819,4741.05590829202,90,11
69,6902,3818.72282932624,86,17
26,4934,589.35842455296,79,53
73,3672,2244.65760411169,95,22
63,6435,3006.61460912126,70,7
90,7208,5961.98351035137,94,4
39,3412,682.552391114679,85,46
90,3528,2918.12955390117,92,2
96,2088,1886.71940461941,96,0
82,5047,3707.00025886999,84,2
74,9214,5764.69451943948,75,1
9,2403,148.820524589188,70,61
69,6655,3682.06323227559,78,9
8,8835,527.972976882792,84,76
1,6168,298.733381913752,72,71
25,6153,706.262715700193,75,50
13,1617,116.186621992444,42,29
30,1778,249.111527095615,48,18
30,5173,724.777238282123,86,56
20,9022,849.749920939638,63,43
29,8806,1185.56549838681,84,55
27,9626,1196.59528055752,84,57
97,7997,7366.85115531675,97,0
71,3666,2134.89251788101,89,18
70,2176,1235.56796103616,70,0
36,9183,1632.89033944355,84,48
86,3654,2860.74424758573,87,1
57,5311,2052.39839406959,76,19
62,6513,2952.28212586737,65,3
17,9346,782.918512555001,83,66
40,5066,1053.66563643992,75,35
68,5625,3030.49345471962,72,4
77,1850,1235.70671598358,89,12
61,1298,570.497944113275,82,21
98,9962,9340.78576512862,99,1
29,9573,1288.82790325425,91,62
8,9245,552.474269528174,73,65
29,4851,653.097687108157,67,38
73,7092,4335.27007852945,93,20
39,1752,350.478250068264,68,29
2,8019,397.589178075379,43,41
3,3625,184.519838645155,82,79
33,9003,1421.44492099804,60,27
77,8438,5636.15852403754,81,4
69,1470,813.318249653662,88,19
58,6609,2639.54559283357,66,8
11,4093,272.800592814364,82,71
15,8159,632.746208853934,90,75
42,9994,2245.7330598901,63,21
59,5300,2186.53192138496,78,19
12,2957,204.600280424695,54,42
22,8367,852.706878767832,68,46
92,7655,6497.54763262796,96,4
24,2786,307.330359941349,86,62
21,1159,113.54339487077,82,61
44,5291,1283.38294403119,90,46
10,9247,593.955851358909,81,71
0,5333,344.683379463637,71,71
39,7141,1428.51894048943,64,25
31,4475,652.482746294602,49,18
5,6314,341.090555796439,71,66
0,2665,172.244741472078,81,81
3,4228,215.213759390818,55,52
37,7109,1314.90390705447,86,49
24,9949,1097.4981159571,55,31
57,1029,397.649773582679,65,8
8,2630,157.166828432569,52,44
52,8165,2657.81624467591,68,16
88,3203,2579.79044956768,88,0
23,3159,334.934048770096,77,54
12,3974,274.968384987399,53,41
5,9758,527.139949867224,47,42
91,9152,7668.36310447628,97,6
8,2065,123.402851982226,74,66
61,4729,2078.49366541732,82,21
7,3609,208.277456723625,85,78
8,1092,65.257101387211,79,71
76,6950,4545.30328204022,86,10
34,3258,535.237516973238,73,39
65,1577,781.457692802116,66,1
53,7044,2375.01876896348,66,13
95,8397,7443.5573201756,95,0
45,1846,465.029956181314,55,10
84,4111,3121.41855163207,86,2
36,7319,1301.44009521805,71,35
88,6192,4987.21900209899,93,5
14,5968,445.456452507559,70,56
30,5325,746.073611802108,81,51
94,3505,3057.89250002663,94,0
77,2287,1527.60068078619,82,5
68,7675,4134.93995821743,75,7
98,1303,1221.74702388703,98,0
45,1344,338.570022268519,80,35
11,1256,83.713057555544,81,70
70,1185,672.862147898828,78,8
45,4550,1146.20059622155,91,46
80,3608,2556.62732095245,91,11
96,7118,6431.83367915755,99,3
9,1388,85.9604195296686,90,81
25,3403,390.608162120552,53,28
97,1972,1816.61003855004,99,2
46,2741,716.919703308167,73,27
49,8460,2472.3355165905,78,29
69,6243,3454.11281128423,70,1
23,5074,537.972574694354,75,52
59,6603,2724.08873149149,84,25
38,9652,1856.75558149863,75,37
1,2319,112.31561489267,84,83
16,8503,685.281199741237,46,30
10,2582,165.847735288061,90,80
23,7865,833.889298378221,80,57
30,6750,945.727113551968,87,57
49,2964,866.194145528869,70,21
59,5323,2196.02064481738,82,23
16,4950,398.934721712234,80,64
40,6435,1338.40078375264,85,45
39,5967,1193.66650579756,55,16
82,2965,2177.78002130959,92,10
44,4998,1212.31297566961,48,4
2,4266,211.512087999697,86,84
45,2619,659.758101429502,71,26
20,1130,106.430659572355,77,57
69,6208,3434.74809105438,90,21
25,2565,294.419610884283,78,53
88,3769,3035.66350434611,92,4
70,2504,1421.81166104529,91,21
57,2701,1043.78235028845,80,23
58,6414,2561.66521900961,84,26
29,9486,1277.1149577217,81,52
75,4522,2893.58558247067,82,7
85,1186,914.691918290242,90,5
66,2695,1374.07635641313,91,25
34,6227,1022.99693621619,75,41
49,5230,1528.40599902699,73,24
91,4066,3406.85799637244,91,0
59,1270,523.942554746962,92,33
86,2004,1568.94676304374,92,6
99,1643,1564.7619047619,99,0
16,3376,272.081539495051,62,46
74,8457,5291.08113207073,84,10
90,4200,3473.96375464425,95,5
47,6011,1631.93790140863,72,25
74,9589,5999.31145505808,81,7
51,2109,662.51424752346,74,23
17,2624,219.813629033204,38,21
99,9319,8875.2380952381,99,0
76,3010,1968.54142143037,87,11
94,3128,2728.98366336186,94,0
35,8359,1428.74580403425,58,23
81,5909,4264.41024310294,89,8
14,2968,221.533973029899,71,57
85,6718,5181.19756077053,97,12
12,4174,288.806753632965,58,46
59,6546,2700.57319950678,76,17
63,4204,1964.2280989504,70,7
85,1902,1466.90053000678,85,0
48,7221,2034.29547524897,87,39
6,9114,508.53407065379,51,45
22,7626,777.189274230128,64,42
55,8444,3050.6927719283,78,23
19,2188,198.154205511719,63,44
98,2253,2112.50655780313,98,0
74,7673,4800.57532533744,77,3
79,9955,6921.4271252452,80,1
18,2761,240.460104500039,73,55
84,1939,1472.25263235577,89,5
46,9193,2404.46655691791,82,36
5,9137,493.592715918921,16,11
37,4964,918.157686681448,88,51
91,4816,4035.27499029259,96,5
37,2624,485.343628092691,44,7
84,8129,6172.22364539457,84,0
63,6392,2986.52378888937,64,1
87,6668,5296.35999790032,93,6
28,9471,1225.22676483347,85,57
38,1517,291.825343673169,66,28
99,1382,1316.19047619048,99,0
3,1357,69.0740471838554,76,73
65,9425,4670.41138532653,87,22
42,1464,328.972703590064,79,37
32,3146,477.345036219503,65,33
23,2912,308.745789812763,77,54
57,3507,1355.25535078178,85,28
22,2101,214.119415834972,86,64
75,2854,1826.24795496932,86,11
63,3381,1579.69914427956,75,12
69,5445,3012.59719004367,84,15
14,7460,556.820565634449,82,68
15,1547,119.972837982233,36,21
95,1604,1421.87280475904,98,3
46,1446,378.207183868519,84,38
1,5812,281.491312529625,63,62
18,2425,211.197302938281,80,62
27,6991,869.041928773909,71,44
18,3379,294.282757372558,88,70
71,5156,3002.59296841094,85,14
3,2773,141.151313810487,70,67
68,5806,3128.0079996626,84,16
64,2871,1381.85751060753,78,14
28,1728,223.544699570503,73,45
8,3602,215.252819777229,79,71
30,6303,883.098962476749,86,56
59,7301,3012.05086000596,68,9
38,2464,473.999767179095,54,16
44,8931,2166.29995712391,75,31
34,4569,750.613939549025,84,50
18,3841,334.519109519975,74,56
54,1434,500.600240024059,88,34
77,4353,2907.58450523055,81,4
58,2387,953.335652911746,75,17
43,2848,664.981452238721,76,33
65,5255,2604.03308539957,78,13
9,6732,416.92042094649,85,76
31,4334,631.924072053811,55,24
14,5638,420.824979765016,53,39
81,8925,6440.9987171592,85,4
41,2955,638.89491885902,82,41
99,1241,1181.90476190476,99,0
18,6711,584.472206193322,86,68
95,6750,5983.56697763312,97,2
41,4286,926.667892463539,81,40
90,6399,5292.83192046871,94,4
26,5081,606.917339917631,77,51
7,7033,405.878457505474,74,67
27,2812,349.555986799061,53,26
97,9595,8838.93170379695,97,0
84,5837,4431.94358693174,94,10
51,4879,1532.67283720577,56,5
4,9600,502.903868060103,73,69
94,3298,2877.29799289239,95,1
49,4750,1388.13164347575,78,29
15,2782,215.7494733462,72,57
91,9810,8219.69428047556,92,1
23,4902,519.736216230139,84,61
7,3332,192.29162809729,71,64
72,4579,2732.96910887532,74,2
85,1940,1496.2076909638,86,1
32,2094,317.72425487719,86,54
8,5107,305.190491560885,20,12
55,3976,1436.47021094113,74,19
53,2217,747.503777795574,74,21
16,5925,477.512772958583,51,35
1,1478,71.5836476116286,72,71
72,5192,3098.8372162657,77,5
90,5054,4180.33638475525,91,1
61,1525,670.269156219372,84,23
45,3680,927.03696573523,91,46
82,9464,6951.26816919864,90,8
59,3887,1603.59426007987,74,15
94,8301,7242.10146725281,98,4
59,4923,2030.99936773173,61,2
95,3206,2841.97270078397,95,0
27,5777,718.131200475879,82,55
58,6690,2671.89590196045,64,6
34,3765,618.529543095224,74,40
7,1406,81.1410651574998,68,61
90,9667,7995.90657527285,94,4
84,5331,4047.74563336185,84,0
4,3068,160.719694500875,45,41
40,2428,504.994110792762,76,36
63,2062,963.424914375765,67,4
38,2768,532.480257934958,80,42
33,3606,569.335819739969,80,47
57,2495,964.175106986186,71,14
86,4423,3462.80016613894,97,11
93,9253,7959.00676995034,98,5
49,3876,1132.71542107621,78,29
63,1233,576.092589440018,71,8
12,7782,538.450923998977,85,73
95,7663,6792.89981475594,97,2
68,1409,759.104938257767,80,12
52,9428,3068.93956580582,87,35
65,8321,4123.3414469286,79,14
66,6430,3278.40852383542,89,23
96,8261,7464.64990496214,97,1
91,7275,6095.64484102545,97,6
21,8112,794.705797404391,74,53
75,9626,6159.58753137165,89,14
73,3537,2162.13342748994,87,14
87,1783,1416.22823579128,92,5
35,5743,981.611096132158,69,34
24,2282,251.732907891658,82,58
32,7087,1075.3160431302,69,37
80,3816,2704.01603568585,89,9
78,2762,1882.89745130638,79,1
41,2905,628.084514140593,59,18
36,9598,1706.68425111393,85,49
38,5047,970.891568568544,73,35
5,2700,145.857538905668,78,73
77,5906,3944.91019708055,78,1
45,1172,295.241120609155,45,0
23,6100,646.754573440197,91,68
56,9914,3705.24046358153,68,12
75,6979,4465.79694384405,75,0
2,7593,376.467717810993,85,83
36,3616,642.985023132733,72,36
96,7532,6805.92459559071,98,2
56,7255,2711.47060351866,93,37
15,5060,392.412773232125,15,0
35,3808,650.874987649531,92,57
88,2041,1643.88145724871,93,5
60,1686,718.128374241156,67,7
2,1788,88.650636039254,79,77
59,1191,491.350852522544,88,29
73,1444,882.703044754163,90,17
80,9888,7006.63274655705,82,2
22,1386,141.251551807364,73,51
84,3686,2798.72264201309,87,3
91,2283,1912.90132949294,92,1
14,8654,645.941712466557,16,2
17,5232,438.286931060108,80,63
73,9331,5703.94883005616,78,5
40,5881,1223.17560361295,72,32
77,7344,4905.42168766671,81,4
92,6141,5212.46766975419,94,2
32,2134,323.793486106935,79,47
73,3276,2002.58668602122,86,13
95,2559,2268.43672529825,98,3
1,4515,218.673997947566,76,75
76,5497,3595.04059588131,89,13
76,3304,2160.81756026775,87,11
92,8613,7310.69598430106,93,1
4,4228,221.487245224804,44,40
28,7606,983.95890331785,78,50
17,4365,365.657961406225,59,42
26,9039,1079.69412232149,82,56
35,7308,1249.10567482741,77,42
63,5748,2685.6287137885,73,10
79,1228,853.79332092427,80,1
50,5404,1637.65386644678,91,41
20,5620,529.327705129768,60,40
6,5514,307.664786656243,46,40
69,3452,1909.91469238397,90,21
93,8676,7462.6977992099,98,5
11,3785,252.272231566667,75,64
2,9036,448.012945889653,75,73
33,2958,467.025888738444,86,53
23,2572,272.697174243965,71,48
17,1349,113.006320718671,79,62
3,5411,275.430854319706,84,81
28,6394,827.167134869095,77,49
26,5275,630.090330262843,64,38
41,4349,940.289002408757,73,32
52,9315,3032.15656082745,71,19
8,8521,509.208572271452,78,70
95,1875,1662.10193823142,96,1
48,5909,1664.6796791644,71,23
80,2550,1806.92895466429,86,6
18,7224,629.150233577791,68,50
93,3573,3073.33094013105,96,3
28,9958,1288.22807773326,89,61
60,5984,2548.80201154156,79,19
14,2592,193.469022268698,75,61
46,3471,907.854173725884,89,43
97,3432,3161.56473240554,98,1
67,9493,4976.94027770569,78,11
65,1796,889.979718625618,86,21
66,2169,1105.88928276812,72,6
81,3323,2398.14439631597,87,6
83,5474,4089.2671461646,87,4
5,5388,291.066822082866,69,64
81,2219,1601.40909281527,82,1
29,2938,395.547516949859,67,38
13,3921,281.736391362012,77,64
39,7146,1429.51916380583,75,36
77,5726,3824.67927336323,89,12
31,5205,758.921272505789,55,24
35,8941,1528.22302115926,86,51
76,5071,3316.43639470877,83,7
33,1311,206.9881474429,80,47
37,3525,651.995536976653,50,13
47,6559,1780.71547085996,74,27
81,9903,7146.80227406471,87,6
48,2326,655.279223851143,67,19
74,3212,2009.57225921854,89,15
27,6162,765.990039351284,72,45
74,3485,2180.37338834888,88,14
17,4527,379.228772345013,70,53
20,6332,596.388439302792,85,65
96,5523,4990.58968951772,97,1
4,7493,392.526946184829,84,80
62,3274,1484.07364963761,68,6
86,9099,7123.67594657433,94,8
92,9950,8445.53872562354,92,0
5,1046,56.5062909982698,79,74
30,4587,642.674114053759,31,1
51,1573,494.136989736559,78,27
27,6434,799.801998245077,78,51
80,6514,4615.81772967968,96,16
88,5292,4262.33251923576,91,3
15,2242,173.871430353048,22,7
64,8592,4135.46490112849,81,17
45,4959,1249.23269377201,65,20
29,6247,841.04334186037,46,17
53,2750,927.21487999,81,28
31,8140,1186.86247035487,78,47
35,4478,765.393433480725,68,33
49,4632,1353.64753106941,86,37
25,1594,182.964857602163,77,52
3,1575,80.1706885147916,74,71
44,2480,601.547855074156,84,40
85,3427,2643.04317367678,85,0
19,8407,761.372214687854,81,62
30,6307,883.659393358853,71,41
24,4963,547.480465322655,89,65
31,2754,401.550275596723,89,58
12,1173,81.1620321062452,52,40
36,4513,802.486562333524,72,36
49,1085,317.078491193935,76,27
23,4737,502.242035145281,87,64
11,9943,662.706155473546,64,53
63,4343,2029.17284342092,88,25
15,3608,279.807368739428,44,29
82,4160,3055.50249195545,89,7
7,9854,568.679982974397,53,46
30,5580,781.801080536293,60,30
8,4166,248.957036977217,79,71
0,4029,260.403025662665,73,73
15,9089,704.869505119917,53,38
41,7877,1703.07115934095,80,39
66,1045,532.805117792848,82,16
74,4676,2925.51677587356,91,17
18,9111,793.492217348734,67,49
38,9584,1843.67441909271,65,27
50,4674,1416.43119388828,64,14
4,3289,172.296960630175,30,26
57,3679,1421.72353450989,72,15
54,4640,1619.79436102624,68,14
55,2436,880.090903886468,78,23
32,8302,1259.66894173373,75,43
26,10000,1194.48403841297,27,1
49,8352,2440.77378659147,93,44
48,8251,2324.4664127239,59,11
55,7267,2625.46001582224,67,12
50,3611,1094.29461727227,51,1
70,8196,4653.82123559392,88,18
23,7658,811.942053017218,91,68
52,5679,1848.59013515181,57,5
46,5030,1315.61696739879,86,40
5,5987,323.425587195642,69,64
87,9474,7525.15216258363,87,0
62,5204,2358.9246404136,72,10
9,8923,552.611544281868,82,73
47,5662,1537.18722305368,70,23
95,9319,8260.86824660194,97,2
85,6313,4868.84492425489,85,0
86,5637,4413.2499517353,91,5
67,5750,3014.57985850708,81,14
23,9525,1009.89136262588,63,40
21,9656,945.966368310749,89,68
80,3006,2130.05036773367,82,2
22,6397,651.938078579876,51,29
47,4790,1300.44627312383,87,40
90,9763,8075.31146109329,91,1
97,8005,7374.2207700776,98,1
96,8914,8054.70151952942,96,0
42,7105,1596.5512698138,74,32
92,6466,5488.32697486249,97,5
48,3701,1042.64333941233,70,22
80,2255,1597.89207559528,85,5
85,7468,5759.62836913282,91,6
34,6813,1119.26740427829,45,11
97,3437,3166.17074163107,97,0
79,6602,4590.18200711892,86,7
40,4467,929.081010259994,79,39
56,8963,3349.81544029466,83,27
99,6341,6039.04761904762,99,0
96,7668,6928.81436524025,96,0
17,5064,424.213497493958,89,72
85,3399,2621.44842349792,93,8
8,6502,388.554645805537,69,61
54,6023,2102.59082682351,61,7
97,1944,1790.81638688705,99,2
72,1616,964.507115078076,82,10
5,3114,168.22236153787,71,66
0,7617,492.303262961658,84,84
83,5474,4089.2671461646,84,1
40,6892,1433.45115798341,82,42
97,5985,5513.39304296246,98,1
60,3286,1399.6262382897,91,31
37,4289,793.307477473153,80,43
75,1086,694.921261071018,93,18
59,6389,2635.80234825066,72,13
14,7923,591.379268300501,29,15
66,8143,4151.8010279303,89,23
76,1291,844.31460965668,88,12
20,2029,191.104255108238,71,51
89,3027,2471.09780097603,92,3
20,2682,252.607990241644,64,44
96,9842,8893.24347713805,97,1
45,4853,1222.52999856333,70,25
56,5556,2076.48941049617,66,10
35,7734,1321.91889560963,82,47
41,8485,1834.52568071702,62,21
8,4667,278.896421404866,41,33
12,7723,534.368605248535,75,63
60,8383,3570.62287144935,88,28
35,2103,359.451181467165,59,24
8,9618,574.764469910436,59,51
26,1203,143.69642982108,71,45
7,5297,305.692903370751,70,63
25,3326,381.769834620322,71,46
10,5844,375.373417902181,69,59
55,6776,2448.06895104052,88,33
29,2261,304.401952288506,79,50
56,1843,688.799493078552,67,11
55,4879,1762.71080462319,84,29
30,5295,741.870380186321,76,46
65,7744,3837.41811861736,85,20
98,5742,5383.93815131184,99,1
26,3539,422.727901194351,80,54
17,2502,209.593635610166,59,42
96,1658,1498.17086822748,98,2
74,5634,3524.88484073389,85,11
8,5738,342.898578534631,81,73
57,3645,1408.58447493573,59,2
99,1494,1422.85714285714,99,0
34,5157,847.212975761506,56,22
0,1883,121.702382060759,84,84
3,2684,136.621033634096,82,79
88,7695,6197.77942848057,88,0
72,6554,3911.74482191938,81,9
23,8840,937.264004788745,82,59
59,2619,1080.47681171834,67,8
93,5884,5061.147285679,95,2
14,6995,522.112581315411,77,63
82,3928,2885.09946836562,82,0
30,9674,1355.40208837063,77,47
51,3094,971.938872374388,81,30
47,8620,2340.26030779279,69,22
21,5354,524.513663622178,62,41
79,5343,3714.83527174135,80,1
55,6113,2208.53682079556,65,10
20,3873,364.784021702418,70,50
38,1156,222.379760900582,71,33
58,9063,3619.64014341816,63,5
50,2708,820.645201764969,82,32
76,2714,1774.95728164851,94,18
26,6704,800.782099352056,79,53
4,7845,410.966754680366,29,25
53,2196,740.423227802923,82,29
17,7738,648.215648421849,46,29
52,4529,1474.24981900027,64,12
90,1631,1349.05592472018,90,0
51,3230,1014.66146017106,59,8
32,3934,596.908891445494,85,53
17,2771,232.127883403585,86,69
74,8083,5057.08984161378,90,16
71,7191,4187.6737850743,81,10
95,5569,4936.66437013909,95,0
33,9600,1515.70268150408,89,56
79,3352,2330.54984669231,84,5
34,4882,802.0348550839,39,5
46,1880,491.721649842887,52,6
38,7602,1462.39700896732,81,43
80,8046,5701.39230165838,84,4
81,4855,3503.7589660289,81,0
95,3546,3143.36718558327,95,0
35,8261,1411.99534479327,90,55
1,6088,294.85875958024,89,88
55,8824,3187.98117237036,87,32
30,5054,708.104419539503,83,53
7,6453,372.406325363688,35,28
58,6938,2770.94376200322,92,34
14,2796,208.695750873179,64,50
39,2191,438.297857248611,92,53
90,6209,5135.67641728242,93,3
96,6504,5877.02251323977,98,2
27,1858,230.96551332598,82,55
21,1162,113.837294943775,84,63
91,9787,8200.42282599534,93,2
84,1697,1288.50578499626,86,2
31,5272,768.690287925172,90,59
72,8783,5242.12004438784,92,20
95,5767,5112.18233481633,97,2
70,5896,3347.84407089577,71,1
11,9150,609.852290313079,80,69
66,3234,1648.89162769576,91,25
85,3866,2981.61800683818,87,2
7,5259,303.499901609738,64,57
87,3639,2890.44001685052,98,11
59,5928,2445.61532640944,81,22
67,4539,2379.68312656759,80,13
62,2294,1039.84879421768,73,11
30,2178,305.154615306102,62,32
13,4760,342.021224912823,77,64
32,4643,704.486014992737,86,54
31,5609,817.826977422665,85,54
94,3055,2665.29574538698,98,4
21,7058,691.448905088781,71,50
19,6953,629.692043383448,89,70
4,3539,185.393415527573,78,74
74,7178,4490.88097032088,83,9
28,3770,487.710368854627,80,52
31,2488,362.76582631977,89,58
31,1241,180.945494559017,90,59
12,3824,264.589608503224,63,51
13,9827,706.101381768552,89,76
47,7343,1993.56513226478,83,36
45,1992,501.809140147983,88,43
9,9751,603.890526537319,85,76
16,9749,785.699919590417,67,51
56,5562,2078.73183966517,75,19
79,5820,4046.47974574858,97,18
1,5349,259.066935774426,59,58
95,3267,2896.04641717443,95,0
89,8978,7329.20913682286,89,0
2,4094,202.984174465719,74,72
39,3441,688.353686349827,67,28
87,8551,6792.0177477573,87,0
11,1738,115.838609897719,73,62
63,6883,3215.93292223491,67,4
5,8610,465.123485176963,76,71
30,6042,846.530847419406,84,54
77,1978,1321.20426173812,77,0
78,7502,5114.22761755992,78,0
16,3366,271.275610764319,89,73
6,3806,212.363470804074,82,76
49,4404,1287.01721218257,85,36
51,5691,1787.75181728592,71,20
63,3831,1789.95191414818,91,28
12,5838,403.941980764075,80,68
84,4601,3493.46795331042,96,12
39,2840,568.126843717963,83,44
17,9740,815.92406508514,23,6
82,2255,1656.28800946143,93,11
16,4564,367.825872705987,83,67
4,2126,111.372252447477,88,84
16,4926,397.000492758477,39,23
95,5104,4524.4630894577,97,2
72,1106,660.114399304673,73,1
52,4029,1311.49315980395,79,27
44,1579,383.001638371812,72,28
49,3588,1048.55080774547,68,19
92,4315,3662.56277397644,92,0
54,4915,1715.79510440603,69,15
75,7526,4815.81713703543,76,1
72,8581,5121.55665500308,93,21
88,4177,3364.27870991077,88,0
54,1696,592.062766444075,84,30
35,3482,595.154072215249,91,56
9,2260,139.964371856665,75,66
97,9193,8468.60856206414,97,0
86,2765,2164.73942106583,95,9
61,6434,2827.87655810848,83,22
3,8462,430.73293092836,62,59
14,3506,261.690737682892,58,44
94,9990,8715.64795300031,99,5
83,8346,6234.75038397693,87,4
33,4931,778.534366926729,49,16
26,8250,985.449331690702,57,31
36,3315,589.462210089881,87,51
21,1796,175.948177038743,75,54
16,9648,777.560039410026,64,48
88,9409,7578.28546362231,97,9
75,5122,3277.51998085244,88,13
7,9448,545.249490475148,87,80
41,9539,2062.40901218145,64,23
73,3422,2091.83505481215,73,0
60,8110,3454.34229839607,62,2
63,9275,4333.543201181,86,23
90,5802,4799.03278677285,90,0
0,3833,247.735119723255,38,38
97,4143,3816.53924427627,97,0
65,8424,4174.38148647116,82,17
84,3925,2980.19163589294,85,1
62,7495,3397.41356262489,78,16
67,4327,2268.53687787133,81,14
71,2400,1397.63830957841,79,8
81,8855,6390.48108016187,94,13
18,6930,603.545282211253,73,55
99,7730,7361.90476190476,99,0
90,2343,1937.97549455511,93,3
82,3883,2852.04715775553,90,8
66,6098,3109.13455339788,87,21
41,4107,887.966643571572,68,27
85,2888,2227.34423273374,93,8
11,4168,277.799382079225,85,74
39,6268,1253.87994944514,85,46
29,1506,202.75512611521,62,33
21,1035,101.395525186581,70,49
79,8116,5642.82295816073,89,10
16,9419,759.104271476269,74,58
60,3532,1504.40653488717,84,24
83,5361,4004.85224161279,90,7
17,3178,266.222451626342,65,48
29,8024,1080.28362015169,86,57
64,9116,4387.67435273363,75,11
32,7885,1196.39720616363,84,52
95,6264,5552.75015524354,95,0
94,4338,3784.63271472626,96,2
74,5873,3674.41403436814,88,14
85,6318,4872.70112964397,88,3
52,9472,3083.2621518151,67,15
30,1442,202.035332998806,83,53
67,9869,5174.06758671415,77,10
43,2387,557.342249471147,87,44
71,9763,5685.47617350582,79,8
99,6090,5800,99,0
45,1234,310.859678184042,91,46
9,3336,206.602276333555,75,66
76,4619,3020.8281812581,80,4
6,5175,288.749595746474,67,61
7,3020,174.285929427916,63,56
87,5285,4197.8498183718,93,6
89,5830,4759.33273197564,97,8
91,6704,5617.21003632091,91,0
92,3728,3164.31842905774,94,2
83,1228,917.358431766556,90,7
42,2973,668.057273069167,74,32
31,1596,232.706695661717,64,33
25,4389,503.784667513107,84,59
58,2272,907.406201682232,74,16
1,6818,330.214688373534,87,86
2,7801,386.780543479989,27,25
18,8924,777.206074812875,72,54
30,8403,1177.32517558181,70,40
72,3435,2050.17446800321,86,14
75,5584,3573.14946760641,86,11
90,5298,4382.15713621554,93,3
92,6669,5660.63294082245,92,0
50,7537,2284.04833297732,88,38
60,5490,2338.38954601658,70,10
7,3618,208.796851877549,16,9
82,4597,3376.47715276904,97,15
99,4186,3986.66666666667,99,0
10,5641,362.334265979843,80,70
58,4643,1854.35167007509,80,22
55,3297,1191.15751646703,69,14
40,7543,1568.85114403204,66,26
12,2638,182.528082435017,75,63
57,4635,1791.16297430099,68,11
20,7747,729.662229829237,84,64
39,8091,1618.56137060635,62,23
94,8534,7445.3793424329,97,3
79,3024,2102.50081634771,82,3
25,5604,643.246588458293,90,65
51,7573,2378.95703958993,72,21
47,7290,1979.17606076675,79,32
42,6787,1525.09408419793,80,38
69,5772,3193.51900476254,69,0
62,2538,1150.45171740387,88,26
60,6830,2909.14400715723,70,10
32,5048,765.936981193913,78,46
49,5821,1701.11879929944,87,38
42,3313,744.458037564127,89,47
61,1664,731.362541605925,92,31
25,2911,334.134692898303,81,56
27,4068,505.687679338043,79,52
18,3658,318.581333669374,53,35
1,9488,459.530208754487,47,46
94,1296,1130.6786533622,98,4
63,4232,1977.31049352,77,14
4,1982,103.828694426575,68,64
82,6175,4535.51151149637,86,4
1,1178,57.0538138609597,68,67
41,3766,814.239683391901,75,34
62,7630,3458.60780291233,73,11
99,8646,8234.28571428571,99,0
80,1231,872.286095369309,80,0
58,3479,1389.46574632592,86,28
85,7799,6014.90916589005,86,1
94,1458,1272.01348503248,94,0
95,6428,5698.12867144085,95,0
64,7767,3738.3794095746,71,7
99,5232,4982.85714285714,99,0
56,8128,3037.7440476085,77,21
21,3510,343.863085415361,50,29
82,3032,2226.99123932907,93,11
89,3665,2991.93043956959,89,0
47,1781,483.527100716816,81,34
10,9642,619.327600173311,67,57
75,6454,4129.85434525999,85,10
31,5382,784.728969956994,82,51
32,4978,755.315826541858,61,29
99,5957,5673.33333333333,99,0
94,4673,4076.89918762467,96,2
61,4001,1758.52255346473,88,27
84,2393,1816.96779227817,95,11
19,1150,104.148691196745,86,67
41,8113,1754.09626961192,78,37
17,2517,210.850192178573,65,48
86,6427,5031.74692918268,89,3
88,4961,3995.73537942718,93,5
58,2334,932.168166692927,69,11
24,6229,687.135969876046,76,52
69,2640,1460.65318305148,83,14
87,3579,2842.78230841111,94,7
87,7065,5611.69516874112,88,1
38,5941,1142.87038019927,79,41
43,3248,758.377723620564,79,36
58,3565,1423.81298811495,87,29
0,7404,478.536610078524,72,72
6,6856,382.544391968662,61,55
65,2773,1374.11679273321,88,23
18,4368,380.41642030285,63,45
0,6206,401.107266632539,88,88
71,7311,4257.55570055322,71,0
29,6015,809.808820440231,48,19
70,3428,1946.4737915588,88,18
68,9983,5378.38509483839,87,19
9,9695,600.422382809897,42,33
86,9452,7400.04231750967,95,9
16,3383,272.645689606563,75,59
12,4466,309.010771855491,76,64
82,5571,4091.87605352976,82,0
46,8098,2118.06485129133,79,33
24,2164,238.716044118119,82,58
76,6048,3955.39485608335,94,18
40,3365,699.878576119293,92,52
95,2682,2377.47061244623,96,1
31,6900,1006.06278199615,69,38
53,1929,650.399092182076,73,20
9,2838,175.760569614697,80,71
83,5270,3936.87209723921,83,0
24,7431,819.731480518365,89,65
16,5969,481.058859373803,29,13
13,7340,527.402477071453,90,77
1,8459,409.692878989693,56,55
53,2526,851.689013401723,82,29
34,2708,444.881275618026,88,54
19,3351,303.480229739384,72,53
27,2443,303.686086682114,52,25
76,6720,4394.88317342594,79,3
1,1910,92.5066082125918,78,77
31,6504,948.323526681585,64,33
10,6411,411.793118099056,74,64
78,6983,4760.4174158119,83,5
22,5935,604.854227977421,85,63
46,8221,2150.23600178637,80,34
99,6285,5985.71428571429,99,0
25,1930,221.532104875893,82,57
49,6606,1930.52581827386,61,12
34,8577,1409.06451291573,71,37
76,5108,3340.6344121815,79,3
41,3900,843.211568037285,79,38
48,6839,1926.67868096215,90,42
81,4045,2919.19773791697,90,9
89,8617,7034.5060294055,91,2
37,3681,680.849807549237,80,43
45,5874,1479.73237411107,60,15
46,8199,2144.48181226693,80,34
14,3459,258.182618837742,54,40
85,6174,4761.64241443841,88,3
27,1173,145.81407272948,83,56
15,6018,466.707523579234,61,46
34,4932,810.249058843465,85,51
6,3129,174.588886007868,62,56
1,4802,232.57420556904,90,89
76,3449,2255.64762874197,79,3
16,8084,651.512785923575,57,41
46,1494,390.761779183656,71,25
85,5966,4601.2242702526,98,13
66,1890,963.637964237783,68,2
42,5741,1290.04937931049,91,49
73,3795,2319.84629836707,87,14
8,1684,100.634577597128,71,63
40,6820,1418.47604431904,92,52
69,6190,3424.78909207903,93,24
14,5603,418.212550837777,77,63
54,1132,395.173969112437,75,21
96,9003,8135.12203055007,97,1
26,3748,447.692617597182,81,55
15,7897,612.427602809109,51,36
64,2323,1118.09648106628,88,24
58,9928,3965.1094939706,84,26
57,2767,1069.28758357947,76,19
85,5645,4353.65588427354,94,9
3,1802,91.7254480658124,68,65
71,5437,3166.23312049075,83,12
4,1480,77.5310129925993,58,54
18,4805,418.475480667398,68,50
18,3956,344.534651721171,87,69
85,8196,6321.09187378316,85,0
79,4175,2902.75823685572,90,11
75,3876,2480.21621354628,82,7
31,6376,929.660333044555,71,40
81,1441,1039.9416416164,97,16
26,5926,707.851241163527,58,32
53,5881,1982.89116698952,78,25
23,1693,179.500900464632,91,68
21,2425,237.569225678704,86,65
70,4718,2678.95663610689,71,1
59,7311,3016.1763919331,86,27
44,1161,281.611717637538,71,27
19,6446,583.776055177579,42,23
59,1682,693.914470145189,87,28
71,5128,2986.28718813253,88,17
23,5108,541.577436251234,80,57
62,3548,1608.27529288767,73,11
38,1485,285.669502540973,80,42
56,9742,3640.95749407013,69,13
37,1570,290.39233845485,74,37
92,3198,2714.45556226574,93,1
79,4554,3166.26611033317,86,7
38,4211,810.070218989923,80,42
69,2098,1160.77665834924,86,17
65,8220,4073.29247611502,68,3
14,7115,531.069480494518,77,63
36,8292,1474.45570017053,74,38
64,8823,4246.64883876358,88,24
58,2863,1143.44364234869,68,10
78,1127,768.293058516399,95,17
86,9719,7609.07863773556,88,2
9,3497,216.573189549893,50,41
64,2050,986.697282042994,92,28
81,1529,1103.44952812733,81,0
68,3732,2010.63139075798,77,9
7,1685,97.2423149291516,69,62
94,2171,1894.0612318282,96,2
45,7319,1843.74553049352,76,31
9,7724,478.356109832248,82,73
79,5002,3477.74771275505,84,5
52,2037,663.07062956581,68,16
15,2954,229.088405558833,66,51
76,8643,5652.52608153577,80,4
81,7961,5745.29868765315,90,9
62,9996,4531.09352528331,90,28
75,3908,2500.69271479331,78,3
39,2706,541.320858838312,73,34
27,5094,633.228377224187,82,55
61,1756,771.798451358175,82,21
39,2251,450.30053704547,81,42
21,4451,436.049741647799,65,44
21,8655,847.90171061822,85,64
64,2583,1243.23857537417,71,7
24,7223,796.786500307382,71,47
62,6781,3073.76402510466,81,19
99,6811,6486.66666666667,99,0
62,1536,696.254467270425,62,0
11,6222,414.699557412894,45,34
17,4339,363.479930020988,79,62
6,2238,124.873738218475,80,74
32,9837,1492.57569017522,80,48
34,1122,184.326732364633,88,54
85,3829,2953.08208695897,93,8
29,3311,445.765088026202,50,21
81,6875,4961.55363366605,81,0
91,7332,6143.40453256338,95,4
17,6392,535.46063901686,77,60
22,8218,837.521827383057,87,65
4,1764,92.408585756044,75,71
44,8032,1948.23885965952,86,42
38,7421,1427.57803256334,55,17
21,9073,888.851787456858,79,58
89,4416,3605.01086524947,93,4
89,8573,6998.5865370887,96,7
23,2660,282.027404155889,90,67
36,1186,210.890552388114,87,51
93,5128,4410.87071396362,97,4
83,7923,5918.75476782282,83,0
70,8890,5047.88564963762,74,4
41,3407,736.620977513597,78,37
51,5314,1669.32229082014,89,38
70,1349,765.983997903391,71,1
63,3606,1684.82552921387,86,23
45,2900,730.545434954393,59,14
79,3314,2304.12953220117,91,12
32,5171,784.599867225381,72,40
78,4245,2893.88112990427,78,0
16,3399,273.935175575734,89,73
38,1588,305.483616185229,46,8
22,3493,355.982446221589,80,58
18,6212,541.013462207259,30,12
25,1506,172.863911887614,83,58
17,1121,93.9066608788954,80,63
97,1136,1046.48529604099,97,0
35,6023,1029.46955110639,84,49
18,7081,616.696124579781,39,21
13,4045,290.646187977388,52,39
18,9543,831.115819356708,47,29
20,3757,353.858396471982,82,62
36,5398,959.854301678786,90,54
75,1723,1102.53161401967,96,21
18,6570,572.192280537941,87,69
67,2728,1430.22153982736,77,10
27,4435,551.308962110183,57,30
48,3998,1126.31398837355,52,4
75,8036,5142.16137565994,91,16
81,6449,4654.11772851089,83,2
93,2362,2031.68420951288,95,2
76,3207,2097.37951446086,82,6
12,8258,571.386241375425,88,76
89,9432,7699.83298936436,92,3
75,5644,3611.54290744459,85,10
98,8967,8407.83235855333,99,1
74,8043,5032.06403514779,92,18
21,2158,211.412119181296,67,46
64,7979,3840.41834801027,87,23
27,4963,616.943941139309,82,55
40,1147,238.56188018093,78,38
4,6572,344.279606342812,86,82
65,3040,1506.42446805227,84,19
43,5001,1167.68688295149,79,36
12,3059,211.657848433934,42,30
26,3242,387.251725253485,85,59
5,5551,299.872295727912,30,25
83,7767,5802.21737746811,86,3
39,2422,484.508174466516,70,31
28,6334,819.405166134008,87,59
46,8252,2158.3441779274,64,18
54,3102,1082.88838532401,86,32
77,4317,2883.53832048709,88,11
54,4642,1620.49254825082,59,5
41,1984,428.956859227173,55,14
69,9243,5113.94597384272,70,1
13,5757,413.658863828386,54,41
87,6823,5419.47574470214,91,4
86,6878,5384.83824162416,98,12
53,9740,3284.02652040094,68,15
0,8518,550.536850979048,0,0
96,9787,8843.54540852978,97,1
58,7970,3183.11066347156,74,16
75,2430,1554.9343134462,90,15
96,5406,4884.86834356922,97,1
23,9393,995.896017757995,84,61
32,2003,303.916753829518,79,47
54,3691,1288.5045229629,57,3
39,1921,384.285798162749,75,36
74,7994,5001.40742222696,81,7
53,6996,2358.83465469456,85,32
93,3207,2758.51450461804,94,1
32,6886,1044.81815620073,79,47
63,1545,721.867843215595,82,19
20,2647,249.311465387633,62,42
33,4050,639.437068759532,79,46
41,3216,695.325231489207,72,31
50,8565,2595.5783431008,75,25
42,6721,1510.26334756067,91,49
6,4453,248.464144900299,61,55
54,9200,3211.66123306928,56,2
6,7624,425.396505888139,20,14
22,1648,167.952783101397,85,63
30,2671,374.227721525527,76,46
42,6322,1420.60480334453,66,24
27,9499,1180.80807916226,57,30
68,1416,762.876219001418,89,21
94,9550,8331.77557068598,95,1
40,5000,1039.93844891425,85,45
84,9725,7384.0416965755,84,0
46,7600,1987.81092489678,65,19
83,9423,7039.30659815656,83,0
52,8395,2732.68430790622,86,34
12,8424,582.872087351245,72,60
12,6345,439.022245280585,87,75
31,2617,381.574826157089,89,58
69,1241,686.617651578364,80,11
18,7295,635.333742241139,83,65
45,1396,351.669457653908,85,40
84,8295,6298.26487126928,98,14
49,1882,549.992369057129,81,32
6,9737,543.295616190033,77,71
77,6757,4513.335286433,92,15
30,1734,242.946787392461,58,28
4,6302,330.135435053622,88,84
93,6700,5763.03310911783,94,1
0,6596,426.313814165039,64,64
74,5082,3179.5287115033,77,3
58,4952,1977.76210859613,63,5
96,3780,3415.61271525928,99,3
63,4104,1917.50526120181,93,30
62,7136,3234.68221252718,89,27
84,8762,6652.85072960355,84,0
8,4071,243.279908193531,49,41
98,5211,4886.05045393347,99,1
49,2502,731.180078310806,85,36
4,5919,310.071666150807,60,56
0,9889,639.147560381757,71,71
86,1632,1277.70514834699,88,2
13,6086,437.298566138537,86,73
83,2252,1682.32181460772,85,2
80,1774,1257.05567277429,85,5
4,6153,322.329947934772,67,63
60,9955,4240.19452287705,62,2
43,5503,1284.8992035357,56,13
57,9754,3769.36432606944,74,17
98,4798,4498.80446708363,98,0
16,9563,770.709645198806,63,47
5,4480,242.015471961997,70,65
14,8446,630.416420556106,87,73
25,9562,1097.55957866492,74,49
3,4886,248.707291481442,42,39
41,5750,1243.19654261907,66,25
21,1181,115.698662072804,69,48
35,8573,1465.32333747884,88,53
54,3742,1306.3082971897,55,1
32,2386,362.029642854333,80,48
1,9651,467.424751759017,78,77
78,3146,2144.67609768642,90,12
8,4038,241.30785293183,65,57
5,3657,197.555933251121,84,79
15,6602,511.997851557013,64,49
64,6760,3253.69445200519,69,5
14,2455,183.243229039219,76,62
4,4951,259.36219278808,80,76
82,3114,2287.21989421857,83,1
13,3475,249.689864826063,53,40
29,2358,317.461213399512,68,39
15,1926,149.365020008908,26,11
20,5781,544.491719458218,87,67
58,4784,1910.6651711478,85,27
23,5039,534.261687797566,85,62
70,5542,3146.83715076397,74,4
66,7806,3979.97775070906,78,12
72,7211,4303.87426165099,77,5
82,5312,3901.64164357388,86,4
8,4312,257.681887528987,27,19
44,2572,623.863340020455,79,35
29,1903,256.203854579844,54,25
26,8753,1045.53187882287,52,26
87,5087,4040.57938052174,98,11
25,7649,877.978792847517,75,50
69,4590,2539.5447387145,88,19
34,9467,1555.27733983599,76,42
45,1807,455.205379642272,65,20
76,6472,4232.69105631141,78,2
59,5725,2361.86702828847,82,23
5,3642,196.745613590534,67,62
92,5675,4816.92786612197,94,2
63,6215,2903.82436607438,72,9
5,1147,61.9624433795559,66,61
61,1930,848.27506328091,88,27
80,6411,4542.83197190304,81,1
83,4621,3452.04667198148,94,11
74,6014,3762.63000216074,89,15
27,7502,932.563660372174,83,56
33,5917,934.209663172877,73,40
9,4923,304.886992323169,72,63
52,3383,1101.2115561223,88,36
32,8891,1349.03837159173,79,47
83,5561,4154.25915232395,83,0
52,5551,1806.92443039755,79,27
17,1047,87.7076484747578,78,61
48,4516,1272.24461518133,75,27
65,9914,4912.72768956257,85,20
7,5441,314.003225833539,68,61
9,2563,158.729506667536,82,73
94,9306,8118.90088594803,99,5
77,8752,5845.89469096664,85,8
40,2792,580.701629873719,92,52
12,5502,380.693521439524,86,74
52,6412,2087.19139753361,72,20
3,5634,286.782005772912,84,81
69,6495,3593.53879693914,71,2
52,8223,2676.69601714269,67,15
8,4576,273.458329622599,70,62
83,8737,6526.84089441726,85,2
46,3450,902.361538275511,77,31
15,7231,560.778016450888,84,69
22,5767,587.732827758347,87,65
72,9782,5838.37165822633,75,3
28,4057,524.83845263746,88,60
55,2333,842.878521661384,91,36
95,7366,6529.62286774009,97,2
69,1752,969.342566934161,71,2
61,2125,933.981611125354,92,31
17,8930,748.070010391201,79,62
89,9346,7629.62670892698,91,2
65,9358,4637.21058290564,86,21
72,3510,2094.93810267577,77,5
18,2944,256.397880350639,68,50
64,3585,1725.51695420689,89,25
40,3735,776.834021338948,81,41
82,5452,4004.47105436084,87,5
91,6048,5067.55463897209,96,5
4,2841,148.828113454037,74,70
44,5017,1216.92160843026,92,48
98,3561,3338.9417897634,99,1
28,3888,502.975574033632,89,61
52,7342,2389.91878363877,88,36
65,4204,2083.22646831965,72,7
65,3789,1877.57970705594,76,11
60,7116,3030.96175035591,77,17
20,9693,912.949011712249,59,39
48,4709,1326.61645103828,63,15
65,4366,2163.50303536718,73,8
35,5556,949.648485131511,56,21
42,1586,356.387095555903,79,37
29,6148,827.714817633673,70,41
96,6072,5486.666774353,96,0
97,4377,4032.10047603119,98,1
70,2429,1379.22544915296,71,1
0,4333,280.051206303383,68,68
43,6805,1588.9040668836,64,21
73,2029,1240.30781011509,83,10
90,3786,3131.5301845436,91,1
90,2855,2361.4682189308,92,2
60,3518,1498.44342857674,94,34
84,2308,1752.42861035437,89,5
20,4274,402.552777886944,59,39
67,8281,4341.5192710082,91,24
96,6858,6196.89735482755,98,2
28,7814,1010.86706159948,72,44
11,3230,215.281191006693,85,74
42,4757,1068.93657853684,74,32
85,9434,7275.88832811985,91,6
43,2202,514.146473957045,65,22
7,6845,395.028869845723,82,75
87,6755,5365.46367513747,87,0
7,8839,510.103751726273,79,72
53,1687,568.804182742956,92,39
56,4659,1741.24624973032,87,31
49,3927,1147.61957135353,80,31
28,2284,295.472276515642,68,40
45,1059,266.775039867828,82,37
40,1485,308.861719327533,63,23
96,1975,1784.6124636606,97,1
2,2372,117.605877340666,84,82
62,2275,1031.23627151056,89,27
24,9761,1076.75938384333,86,62
89,6580,5371.59680555741,89,0
72,6463,3857.43161185,73,1
33,7421,1171.66974994185,56,23
42,6687,1502.62327111117,65,23
12,3799,262.859812422528,85,73
28,3642,471.151502219775,47,19
61,3207,1409.54307147248,78,17
4,5994,314.000602620027,58,54
41,4349,940.289002408757,90,49
48,9374,2640.8372503786,51,3
68,3451,1859.24140661998,85,17
31,4256,620.551188431246,80,49
11,9004,600.121313877482,81,70
67,8501,4456.85971776847,88,21
49,7529,2200.26171446925,66,17
70,7742,4396.03269960567,83,13
37,4159,769.262251996,82,45
18,1032,89.8786047968273,56,38
34,3137,515.359143875091,90,56
61,9517,4182.91905556706,72,11
82,5104,3748.86651897611,85,3
38,5202,1000.70892405262,77,39
58,3109,1241.69272932661,90,32
86,8331,6522.4029355875,96,10
59,2631,1085.42745003091,79,20
20,6645,625.86879014009,64,44
6,6386,356.319791002316,83,77
93,4134,3555.87744374524,97,4
90,7170,5930.55240971412,94,4
39,7706,1541.54417524318,75,36
20,5244,493.913609555249,42,22
26,4903,585.65552403388,75,49
85,9792,7551.99263397812,89,4
12,8392,580.657948367954,77,65
84,8887,6747.76129125619,93,9
59,2989,1233.12149302257,86,27
80,6429,4555.5867645242,80,0
8,6009,359.093335380724,54,46
3,2430,123.691919422821,71,68
4,4330,226.830598822942,86,82
88,3559,2866.52332501135,89,1
46,2376,621.452468099309,79,33
56,3634,1358.16460002575,59,3
32,9246,1402.90279875573,86,54
81,7393,5335.38414744627,81,0
83,6230,4654.0252686528,83,0
62,3221,1460.04924419143,70,8
48,1573,443.144548201998,79,31
29,6637,893.549649420086,83,54
95,4249,3766.54460562417,96,1
91,7982,6688.03259396085,92,1
69,4059,2245.75426894164,83,14
94,5881,5130.803364524,99,5
68,1369,737.554762579761,90,22
34,2425,398.388882338889,47,13
97,3496,3220.52165049236,99,2
84,3486,2646.86574336886,89,5
21,5933,581.236377712062,55,34
83,1357,1013.72588917526,84,1
83,1670,1247.54770443823,84,1
14,2285,170.554288535485,74,60
40,5525,1149.13198605025,83,43
18,9152,797.062975872639,69,51
59,3882,1601.5314941163,77,18
35,7416,1267.56536460318,55,20
72,3501,2089.56646651506,86,14
10,5506,353.662908790111,46,36
40,4822,1002.91664013291,89,49
57,5785,2235.57234225053,89,32
38,5137,988.204871752846,90,52
30,3911,547.961294978036,89,59
1,8263,400.200054272589,80,79
78,4442,3028.17902921903,88,10
25,8911,1022.83553707206,89,64
5,3396,183.456371156906,57,52
25,4642,532.824886442434,84,59
65,6857,3397.87913731395,80,15
7,4629,267.14224083504,21,14
98,1139,1067.97379908467,99,1
67,3071,1610.04778182178,78,11
78,8049,5487.12584560648,84,6
79,7901,5493.33959985559,85,6
7,1364,78.7172211058533,74,67
96,1185,1070.76747819636,97,1
89,5154,4207.47871365393,95,6
72,1319,787.243121774742,89,17
87,5495,4364.65179790976,97,10
26,9188,1097.49193449384,82,56
72,4063,2424.99530232811,79,7
32,1563,237.155210302315,86,54
82,6264,4600.88163692522,97,15
41,1393,301.177875455369,78,37
29,3150,424.089407213089,78,49
1,8306,402.282663776852,75,74
79,8044,5592.76341491436,82,3
85,9227,7116.24142501186,98,13
78,5303,3615.13583789926,81,3
26,9137,1091.40006589793,86,60
2,3277,162.476585179326,87,85
60,6066,2583.72877707405,71,11
97,5501,5067.53134993091,97,0
82,5514,4050.00979342364,91,9
87,8687,6900.04188688664,98,11
20,5330,502.013642053677,57,37
55,7179,2593.66691256197,64,9
45,4712,1187.01037569141,80,35
3,7489,381.205261134778,76,73
39,5591,1118.44971240392,70,31
23,2882,305.565029615516,90,67
40,6774,1408.90861058903,82,42
6,9418,525.496365746917,65,59
89,2884,2354.35945094644,89,0
5,3713,200.581126650646,51,46
58,2035,812.751593496189,92,34
5,4888,264.056166729964,73,68
34,6765,1111.38176866911,89,55
12,5833,403.596021547936,33,21
31,1051,153.242316504051,84,53
38,4592,883.363202470132,81,43
85,8447,6514.67338431507,86,1
28,2093,270.763342708948,32,4
72,5883,3511.25950371555,77,5
4,9609,503.37534043641,36,32
33,9001,1421.12914960606,77,44
65,6142,3043.57206670298,87,22
95,5784,5127.25205905629,96,1
72,3612,2155.81664583045,85,13
38,2235,429.947029076817,83,45
46,9470,2476.91703404901,92,46
36,9992,1776.74401303713,70,34
84,5937,4507.87203625385,85,1
26,9109,1088.05551059038,92,66
66,5231,2667.08475710468,74,8
41,9420,2036.6802489516,89,48
6,4207,234.738077160467,51,45
65,6134,3039.60779178705,69,4
50,3113,943.378328321399,91,41
19,3448,312.264945431631,75,56
33,8692,1372.34246954515,88,55
2,4396,217.957604042819,43,41
96,7501,6777.91295692059,96,0
17,1292,108.231405758727,74,57
46,2777,726.33564979452,76,30
91,5729,4800.26794422472,92,1
84,1344,1020.4783588892,93,9
1,7050,341.451093140718,65,64
10,7658,491.890765621988,71,61
35,5645,964.860636891177,67,32
16,6844,551.577623312834,69,53
28,9121,1179.94861387879,62,34
58,4286,1711.77067799738,80,22
66,5969,3043.36243837848,95,29
10,9534,612.390514421525,30,20
45,7588,1911.50991739101,74,29
88,9155,7373.7063895698,92,4
77,5931,3961.60893648574,80,3
31,2947,429.690872252557,85,54
89,4188,3418.88258688061,90,1
84,9142,6941.37883702758,90,6
67,7807,4093.01303571561,73,6
27,4862,604.388765226541,80,53
18,8164,711.016404613661,86,68
82,5956,4374.65693319391,85,3
39,5023,1004.82434366033,88,49
66,5703,2907.73931748575,70,4
46,5390,1409.77643226232,78,32
30,7515,1052.90951975452,83,53
80,4408,3123.50699300399,82,2
89,1752,1430.24887588702,90,1
14,6665,497.481108572869,80,66
84,6520,4950.53489580177,89,5
65,5104,2529.20739636144,86,21
58,4290,1713.3682241271,74,16
46,4840,1265.92169427637,86,40
97,2828,2605.15881796121,98,1
61,5214,2291.66123313299,81,20
49,4881,1426.41485301161,72,23
35,3509,599.768994659192,54,19
78,2278,1552.94728243155,82,4
14,6655,496.734700307943,52,38
23,1716,181.939483282521,68,45
15,8812,683.38762010306,84,69
32,3853,584.618698205259,91,59
37,8991,1663.00478665449,83,46
40,5736,1193.01738859443,91,51
11,8838,589.057326971256,86,75
32,6172,936.482378749768,47,15
94,6603,5760.70304641252,95,1
75,1798,1150.52341381739,87,12
95,1066,944.960355282505,98,3
52,6327,2059.52276547024,87,35
0,1201,77.6232399654656,54,54
97,9353,8616.00085728118,98,1
70,7686,4364.23499472607,79,9
81,8311,5997.88687263979,89,8
27,8863,1101.74776351354,71,44
11,8720,581.192565194541,45,34
37,9987,1847.22820646407,78,41
51,4768,1497.80366628348,86,35
24,7950,876.983618640964,88,64
83,3063,2288.1668375415,84,1
46,6313,1651.19083800965,76,30
71,7937,4622.10635963492,76,5
78,2975,2028.10279422031,86,8
94,4902,4276.68731387463,95,1
4,8800,460.995212388428,76,72
52,9298,3026.62283441478,72,20
63,3957,1848.8226897114,67,4
58,6896,2754.16952764114,64,6
36,1620,288.062980496412,90,54
96,9329,8429.69603721,96,0
17,1543,129.257785670059,73,56
67,6998,3668.87475649262,74,7
52,8199,2668.88369750126,87,35
95,9104,8070.28055768473,96,1
13,2111,151.682102056926,83,70
56,2984,1115.23477338383,69,13
83,2904,2169.38834352612,86,3
72,9372,5593.663788683,85,13
96,2591,2341.23083207322,99,3
18,3005,261.710472300839,69,51
22,1462,148.996947144564,77,55
27,7162,890.298711754933,75,48
73,1983,1212.18846104398,84,11
96,7506,6782.43096315771,97,1
18,3706,322.761733892483,80,62
72,9949,5938.04535143056,76,4
82,6368,4677.26919922411,90,8
19,3101,280.839209914005,67,48
23,1558,165.187479577021,73,50
50,5249,1590.68192912272,75,25
3,5862,298.387667348386,71,68
72,3937,2349.79239607821,76,4
87,5988,4756.23930225362,89,2
79,1461,1015.79156504101,87,8
51,8959,2814.35047110606,89,38
65,8009,3968.73472520745,85,20
70,1636,928.947235411377,77,7
54,9031,3152.66441259224,88,34
8,4997,298.61697402188,83,75
25,2654,304.635340072861,32,7
36,8471,1506.28488134883,89,53
84,4654,3533.71003145114,92,8
10,5334,342.614957407637,69,59
87,4310,3423.41205623131,91,4
96,4141,3741.81276557901,96,0
64,3257,1567.64538908002,67,3
19,1994,180.584774127225,65,46
96,9782,8839.02740229266,98,2
92,6940,5890.65716138968,97,5
41,3260,704.838387641423,74,33
23,2980,315.955512926523,74,51
86,2891,2263.38577443086,92,6
53,4969,1675.39299588011,85,32
10,6817,437.871421943731,91,81
1,3841,186.03030478773,70,69
48,2052,578.088120095677,60,12
66,3012,1535.70240649958,77,11
5,8082,436.600233124299,73,68
88,7258,5845.80676957921,97,9
84,5742,4359.81156007573,86,2
46,1950,510.030434677463,72,26
15,8593,666.403747111393,80,65
63,3139,1466.62987692799,75,12
49,4668,1364.16810773575,62,13
98,5453,5112.95972467841,98,0
23,6824,723.516919533755,78,55
89,9745,7955.35119607249,91,2
33,6882,1086.56935980324,88,55
60,6311,2688.08313750649,80,20
60,6229,2653.156371974,78,18
18,8146,709.448754529995,85,67
88,4879,3929.69016654408,89,1
20,2843,267.772004570094,78,58
32,1071,162.503666176442,80,48
62,7677,3479.91246434574,88,26
62,4056,1838.54695263597,74,12
10,6762,434.338646792359,79,69
74,1657,1036.6940328534,85,11
27,2670,331.904155317742,63,36
46,2740,716.658149239102,55,9
23,9794,1038.4121790612,87,64
3,9319,474.355965885297,77,74
10,5541,355.911038431893,83,73
53,7858,2649.47437344052,81,28
5,3914,211.439410102512,81,76
49,8819,2577.24904501319,72,23
81,3004,2167.92830771386,87,6
69,1650,912.908239407172,69,0
76,5327,3483.86051560119,78,2
68,6661,3588.64300477998,71,3
24,3465,382.232482841628,90,66
73,5085,3108.41065275271,91,18
57,6324,2443.86508079384,88,31
21,4081,399.802065977233,70,49
29,4079,549.162124451489,31,2
68,5006,2697.00448610247,87,19
22,1350,137.582680331848,73,51
84,5489,4167.71258329079,90,6
56,1947,727.668265341259,76,20
40,8814,1833.20349774605,83,43
26,1807,215.843265741224,88,62
45,6978,1757.84346383164,78,33
59,8579,3539.29384029463,85,26
45,2691,677.895781193887,77,32
24,2871,316.706914354492,86,62
21,9136,895.023688989955,74,53
33,9261,1462.17943056346,66,33
14,5480,409.031729179193,48,34
26,5968,712.868074124862,68,42
38,1000,192.370035381126,78,40
17,6468,541.827192296785,32,15
24,7984,880.734240406221,83,59
47,3661,993.931901024291,76,29
89,1762,1438.41239686811,92,3
22,5023,511.909483931017,50,28
93,7380,6347.93796198352,95,2
64,8939,4302.48146545479,69,5
43,4518,1054.91088525791,79,36
49,3301,964.678432655465,73,24
71,5415,3153.42143598628,88,17
94,7250,6325.16993586108,96,2
78,4845,3302.91026487307,88,10
67,2611,1368.88139314122,82,15
94,2880,2512.61922969378,94,0
37,2571,475.540574628929,72,35
57,1588,613.671370699023,60,3
40,2575,535.568301190841,84,44
70,4865,2762.42561141586,72,2
92,7726,6557.81228082085,97,5
41,6189,1338.11189604686,92,51
16,8688,700.190881259775,87,71
64,4169,2006.60535065231,82,18
57,7370,2848.0843841636,58,1
66,1954,996.269091069115,68,2
8,6539,390.765738068656,70,62
47,5907,1603.70274224269,60,13
6,4858,271.061939350024,29,23
38,9432,1814.43417371478,82,44
79,5931,4123.65487492007,79,0
70,9607,5455.0098353283,79,9
81,8166,5893.24319600247,92,11
88,6337,5104.00626878251,88,0
85,5319,4102.23129290539,86,1
1,1744,84.466766870555,54,53
88,6441,5187.77092902448,97,9
96,6546,5914.97376563154,96,0
15,5390,418.004910616829,68,53
24,1714,189.075461930895,70,46
56,5418,2024.91353960911,59,3
5,4444,240.070704776588,64,59
25,9682,1111.33359554839,91,66
83,6860,5124.65703739297,83,0
23,4789,507.755352820509,33,10
19,1353,122.533199294953,77,58
86,2823,2210.1480599164,86,0
26,1954,233.402181105895,72,46
40,3373,701.542477637556,62,22
30,7108,995.885677500354,63,33
78,6592,4493.86676285724,81,3
91,3615,3028.96991069512,91,0
22,8505,866.770886090643,78,56
43,7100,1657.78381702771,65,22
88,3245,2613.61848543463,88,0
63,3098,1447.47351345108,71,8
80,6559,4647.70471123258,96,16
59,1717,708.353831890184,85,26
57,6630,2562.11661696129,86,29
38,9741,1873.87651464755,72,34
8,4513,269.693496850259,56,48
97,2225,2049.67410536198,99,2
83,5276,3941.35430456054,84,1
34,7007,1151.1385148654,58,24
46,8546,2235.24107423261,80,34
71,3366,1960.18772918371,83,12
67,1983,1039.63684511644,88,21
37,4711,871.36197863745,49,12
58,6614,2641.54252549572,82,24
51,8126,2552.67462085141,79,28
77,5765,3850.72930683532,91,14
36,7664,1362.78684106451,71,35
40,6041,1256.4536339782,82,42
66,3717,1895.15466300097,82,16
37,2640,488.30304045911,66,29
59,2194,905.14170481483,71,12
80,3063,2170.44054436734,83,3
6,5583,311.514781266196,83,77
42,9624,2162.59105146911,46,4
27,4389,545.590763179615,59,32
25,1198,137.510601886694,64,39
93,1517,1304.85391440772,93,0
37,4688,867.107823360723,78,41
20,4029,379.477103908867,58,38
54,4311,1504.94256258279,59,5
66,5958,3037.75396345434,94,28
26,3407,406.9607118873,89,63
64,4586,2207.31401729228,86,22
56,5902,2205.80282590863,88,32
79,3946,2743.54107847489,83,4
5,9526,514.607005783478,46,41
86,2392,1872.7148988027,89,3
29,3423,460.84382250489,71,42
14,5340,398.582013470235,79,65
90,6101,5046.34592073442,90,0
46,7326,1916.14510997287,73,27
29,5855,788.267771184964,39,10
80,7379,5228.75637508541,89,9
78,9349,6373.35563803888,79,1
20,1029,96.9178307079237,89,69
22,2889,294.426935910155,82,60
83,3458,2583.24548619605,93,10
24,7306,805.942429910803,81,57
31,7107,1036.24466545603,89,58
13,3995,287.053528051833,74,61
3,9047,460.510615233854,82,79
57,3029,1170.53563088624,65,8
17,2552,213.782157504854,90,73
39,2655,531.118581010983,79,40
88,9198,7408.33985486216,90,2
98,6805,6380.65118768322,98,0
28,3631,469.728474618343,74,46
84,5011,3804.77459553109,89,5
50,4284,1298.24373868579,82,32
91,2022,1694.21221560872,94,3
39,5804,1161.05922568277,76,37
76,2354,1539.51711164355,93,17
53,2177,734.017015904811,72,19
72,6646,3966.65488045105,77,5
66,3639,1855.38547717529,88,22
15,6480,502.53651591782,84,69
62,8205,3719.24993746995,82,20
98,8731,8186.54893749628,98,0
83,5697,4255.85585160755,86,3
50,2581,782.158517634928,61,11
70,4809,2730.62790653625,71,1
72,2366,1412.14346180367,72,0
90,9758,8071.17578995681,91,1
10,3804,244.339575924007,80,70
94,2785,2429.73769260319,96,2
15,1078,83.6009821233657,88,73
58,5244,2094.38297606586,81,23
95,3797,3365.86723171451,96,1
51,5238,1645.44790352199,77,26
96,3094,2795.74225952704,97,1
44,7468,1811.43523455395,67,23
42,5725,1286.45404921661,70,28
43,7791,1819.12587583984,63,20
68,4006,2158.25009415232,75,7
55,1234,445.826016172374,89,34
63,1733,809.706778182929,83,20
44,7364,1786.20903417987,88,44
41,6084,1315.41004613816,92,51
29,4616,621.459271014482,76,47
46,9329,2440.0379103108,88,42
52,6524,2123.64888919359,67,15
86,5584,4371.75585071668,90,4
22,8097,825.190342701462,83,61
67,8540,4477.30643333052,73,6
80,1204,853.15390643757,83,3
35,1649,281.85211518752,85,50
83,2099,1568.02552791368,96,13
95,3923,3477.56048196367,96,1
61,5116,2248.58819883168,71,10
26,2113,252.394477316661,70,44
45,4949,1246.71357158251,90,45
41,8151,1762.31217719793,90,49
45,5637,1420.02917821997,82,37
33,8072,1274.45333803134,60,27
58,3038,1213.33628552404,73,15
2,6422,318.408492530251,68,66
74,8643,5407.45113213756,74,0
50,5962,1806.75284081342,64,14
55,5066,1830.27114905125,92,37
81,7564,5458.79151782546,91,10
48,3369,949.112512964102,81,33
64,1896,912.574656952935,73,9
91,2481,2078.80341588785,96,5
95,5757,5103.31779114576,97,2
31,7192,1048.63819248062,83,52
3,5620,286.069377430558,78,75
39,5762,1152.65734982496,92,53
93,6162,5300.27015199762,98,5
23,5219,553.346248981047,87,64
50,3920,1187.93544716347,61,11
11,6885,458.888854514268,66,55
46,3925,1026.59972108156,82,36
67,5180,2715.74324644638,94,27
87,3668,2913.47457592957,91,4
95,1227,1087.67950837864,96,1
55,7653,2764.91612785022,76,21
25,2985,342.628669976446,82,57
82,4323,3175.22530594313,93,11
30,6828,956.655515753013,66,36
32,7832,1188.35547478422,56,24
76,1249,816.846589822768,89,13
26,8080,965.143103037681,90,64
76,6839,4472.70922962202,87,11
92,5172,4389.9825416005,92,0
86,4095,3206.00648436332,90,4
1,8608,416.909363085859,42,41
46,9747,2549.36751118012,84,38
92,7232,6138.50613705622,98,6
27,8071,1003.29529496985,63,36
99,7091,6753.33333333333,99,0
41,5867,1268.49288966019,65,24
57,5670,2191.13140545558,86,29
23,1430,151.616236068768,79,56
54,9127,3186.1773993721,71,17
6,3824,213.367817224061,70,64
40,7681,1597.55344522208,40,0
23,7658,811.942053017218,82,59
57,5401,2087.17825764825,69,12
86,9282,7266.94803122353,89,3
31,6096,888.834596963552,71,40
84,8799,6680.94425585273,88,4
67,4036,2115.97292329297,69,2
45,3887,979.182795057837,68,23
14,4452,332.300959544848,80,66
19,4111,372.308930008537,91,72
34,1662,273.040132967932,55,21
27,3247,403.630259294648,57,30
5,6521,352.27296711254,70,65
16,3924,316.246433939153,76,60
63,1942,907.357509077466,78,15
62,3763,1705.73278667878,81,19
2,6732,333.778569248466,78,76
73,8690,5312.11181365213,86,13
7,3908,225.532917948442,58,51
1,3774,182.785308583414,85,84
15,2377,184.340941101336,72,57
1,1433,69.4041725490283,72,71
15,2900,224.900601259518,88,73
79,1824,1268.17509557481,80,1
7,7464,430.751714321179,89,82
84,1843,1399.36132100654,90,6
78,2223,1515.45294505941,91,13
91,5110,4281.61445190929,96,5
4,6610,346.270267487217,81,77
79,1355,942.092793039402,89,10
60,1580,672.97914074794,79,19
83,8139,6080.11423139088,87,4
49,8972,2621.96149584515,90,41
30,5765,807.721008833644,82,52
20,7216,679.64923847267,74,54
62,1265,573.41269602675,87,25
25,5061,580.919162060568,76,51
45,9686,2440.02175274767,71,26
65,9007,4463.27802096934,91,26
11,9187,612.318359683744,63,52
53,8204,2766.13486379562,84,31
72,5885,3512.45320064015,83,11
65,2803,1388.98282366793,79,14
7,1521,87.7777810131985,38,31
73,2509,1533.72710477022,82,9
35,7654,1308.24505133128,77,42
51,5875,1845.55296548143,79,28
22,5747,585.694565827504,81,59
92,4974,4221.9205649499,93,1
85,7834,6041.90260361362,86,1
59,7668,3163.45788173205,85,26
65,1795,889.484184261127,84,19
21,8596,842.12167584913,63,42
23,2834,300.475813299921,44,21
98,5248,4920.74319367546,98,0
2,1276,63.2652190078792,61,59
41,2578,557.384467282082,84,43
80,9603,6804.68186338869,82,2
42,6001,1348.47349333605,73,31
65,6222,3083.21481586225,75,10
75,5290,3385.02161239934,94,19
71,2246,1307.95651804712,72,1
3,6479,329.794216436403,83,80
3,4802,244.43152142732,84,81
74,5519,3452.93564714418,96,22
13,2275,163.466026612746,73,60
23,4910,520.584418949405,51,28
32,1650,250.355788227012,75,43
97,8660,7977.60797862237,97,0
7,2194,126.616996412201,80,73
47,3095,840.267477101934,86,39
65,7676,3803.72178183198,79,14
11,1310,87.3121858262441,74,63
18,3272,284.963948541879,65,47
23,4302,456.121012285201,65,42
54,6120,2136.45290721565,63,9
57,9637,3724.15050341718,79,22
37,5550,1026.54616460154,82,45
7,9033,521.299602821974,74,67
49,3658,1069.00748459669,76,27
41,3109,672.190965391774,88,47
8,4093,244.594611701332,34,26
43,5239,1223.25766442369,68,25
55,5850,2113.51879627908,63,8
81,6159,4444.83037523625,86,5
51,5730,1800.00314760997,64,13
80,4826,3419.70162165092,89,9
19,9153,828.933017846786,74,55
91,2994,2508.64063972924,92,1
37,5986,1107.19015158645,87,50
96,2780,2512.01146783619,98,2
12,6136,424.561150045968,67,55
22,3599,366.785234455053,81,59
26,1757,209.870845549159,65,39
91,8040,6736.630174824,96,5
62,5425,2459.10187821748,75,13
45,8735,2200.45323252642,54,9
26,1060,126.615308071775,90,64
98,5060,4744.46657012154,98,0
25,3529,405.070879848201,78,53
74,2213,1384.55274273058,96,22
51,2662,836.231828784945,82,31
36,1757,312.423862180368,47,11
73,8796,5376.90857455514,73,0
67,7085,3714.48666043872,81,14
81,2498,1802.75796027604,86,5
95,2966,2629.22365269035,98,3
54,6401,2234.54821226918,66,12
32,7882,1195.9420138214,82,50
28,1387,179.430843926092,84,56
85,3095,2386.99113584174,90,5
87,8104,6436.96781988365,89,2
48,3683,1037.57239099044,62,14
45,1092,275.088143093172,75,30
11,2470,164.626793122766,41,30
16,3073,247.661898953878,80,64
94,3272,2854.61462484655,96,2
89,3964,3236.01971690419,91,2
54,8880,3099.95127713643,68,14
56,9215,3443.99746539276,90,34
86,1010,790.73664205298,89,3
43,5772,1347.70819603999,84,41
68,5024,2706.70206515758,81,13
51,2103,660.629427473606,70,19
80,7837,5553.29498733491,84,4
85,2606,2009.85424878952,92,7
92,2172,1843.58895598536,94,2
17,3024,253.321804190705,63,46
58,6537,2610.78976249857,68,10
86,9445,7394.56196454495,89,3
89,7020,5730.79172872538,93,4
40,3550,738.35629872912,88,48
33,1339,211.408946930621,71,38
65,2968,1470.74599380893,78,13
84,3322,2522.3430864806,85,1
91,9155,7670.87677245196,96,5
63,4106,1918.43971795678,78,15
16,7477,602.592911968156,84,68
13,3148,226.193868912934,58,45
26,8215,981.268637556256,73,47
59,3573,1474.05255756763,91,32
18,2597,226.177070404419,22,4
95,3673,3255.94689019948,95,0
32,9275,1407.30299139729,76,44
6,1218,67.9607744191702,82,76
30,3380,473.564095378615,87,57
91,3755,3146.27441622688,91,0
31,2857,416.56831422652,89,58
12,6790,469.81261551697,73,61
45,7272,1831.90565620288,67,22
27,8640,1074.02692956753,54,27
27,8395,1043.57130482863,80,53
81,7193,5191.04804173962,84,3
50,2009,608.816916671279,86,36
22,5740,584.98117415171,57,35
3,2103,107.046957426417,23,20
2,5658,280.528690553747,65,63
68,3585,1931.4344951413,73,5
26,8717,1041.23173628459,54,28
39,4787,957.613803126016,76,37
11,5814,387.506143812048,73,62
40,1493,310.525620845796,75,35
40,7986,1660.98969060585,88,48
9,2618,162.135719256969,86,77
34,1597,262.361668080498,80,46
17,1879,157.404652802359,87,70
99,2336,2224.7619047619,99,0
31,6389,931.555813648316,69,38
83,9269,6924.26327690896,89,6
49,7604,2222.17958252413,81,32
81,2811,2028.64396570695,91,10
13,1324,95.1336348286926,73,60
51,7312,2296.96736742131,65,14
61,3364,1478.54783050621,82,21
40,5638,1172.63459499571,68,28
99,9299,8856.19047619048,99,0
63,4721,2205.78517011057,73,10
37,5038,931.844968876135,63,26
88,8033,6470.01457426698,93,5
62,5638,2555.652790671,87,25
89,4825,3938.89887337606,94,5
85,4437,3421.99666227134,93,8
98,6162,5777.74762946422,99,1
10,2319,148.954646836954,77,67
36,1321,234.895800762815,63,27
78,4322,2946.37320222527,95,17
37,1938,358.458822882483,83,46
17,2710,227.017886692067,79,62
72,4800,2864.87261904379,92,20
75,4812,3079.15387502186,80,5
7,5989,345.62861965026,72,65
77,9792,6540.56225022228,82,5
81,2164,1561.71666374594,89,8
28,9904,1281.24230587168,58,30
63,9431,4406.43082806879,91,28
36,8895,1581.67914291086,84,48
93,5670,4877.07428786539,97,4
75,8496,5436.51108108597,84,9
43,1910,445.9671958483,62,19
14,8101,604.665335416175,78,64
32,9757,1480.43722771573,76,44
43,3752,876.057025561686,64,21
25,8359,959.475059408079,75,50
99,8410,8009.52380952381,99,0
48,1787,503.432490551158,91,43
52,9809,3192.96014011342,92,40
38,6317,1215.20151350257,43,5
43,9578,2236.37371823823,73,30
61,2467,1084.29771042176,85,24
62,3997,1811.80280317701,72,10
75,3150,2015.65559150433,95,20
68,6141,3308.4907209659,89,21
8,1335,79.7785992233761,77,69
14,2516,187.796319455264,80,66
18,2975,259.097722161397,87,69
17,2378,199.206101311341,41,24
93,1452,1248.94389170733,95,2
5,9471,511.635833694659,78,73
14,4235,316.103900195964,62,48
52,3349,1090.14410329695,72,20
42,7364,1654.75067570849,78,36
12,3978,275.24515236031,73,61
66,1655,843.820545403984,77,11
45,6744,1698.89600459739,82,37
5,6940,374.907896298272,58,53
3,3801,193.47859494903,79,76
58,7051,2816.07444016788,79,21
23,1389,147.26919713253,85,62
2,8461,419.503932621995,83,81
39,7174,1435.1204143777,89,50
26,5819,695.070261952508,67,41
83,4494,3357.17328367989,84,1
27,3409,423.768264224039,70,43
22,2202,224.412638585725,84,62
47,3527,957.55198440663,62,15
43,2161,504.573356140406,81,38
53,3897,1313.94777720765,87,34
82,4612,3387.49458963907,90,8
51,9794,3076.65459471065,86,35
89,3764,3072.74929728238,94,5
36,4665,829.514693836891,78,42
11,1732,115.43870675653,66,55
7,4333,250.059911328198,84,77
20,4817,453.696006336315,41,21
50,8466,2565.57691216478,73,23
46,1971,515.523070127836,73,27
16,9947,801.657308458907,88,72
79,9168,6374.24850670497,81,2
80,4402,3119.25539546361,92,12
46,9617,2515.36548220162,76,30
47,4576,1242.3470033016,47,0
64,5282,2542.30977743956,78,14
54,5999,2094.21258012854,82,28
80,8622,6109.54566553549,81,1
76,1547,1011.7387305491,77,1
94,1310,1142.89277461766,97,3
61,7912,3477.48823869356,75,14
30,4269,598.119858926422,88,58
53,9711,3274.24861803014,58,5
86,4714,3690.62626795817,88,2
78,4166,2840.02562713338,90,12
72,3621,2161.18828199116,94,22
75,9255,5922.18809503892,87,12
19,2611,236.462811056261,79,60
9,1258,77.9093715910108,55,46
8,7800,466.122152765793,25,17
6,9424,525.831147886913,82,76
85,7799,6014.90916589005,94,9
6,1241,69.2441059558212,26,20
59,9676,3991.86469270205,78,19
97,9047,8334.11309267859,97,0
52,5249,1708.61940824297,78,26
35,2707,462.688705768719,78,43
87,1940,1540.93257287442,89,2
95,6676,5917.96935447092,95,0
69,5932,3282.043440099,82,13
42,5500,1235.89471977142,83,41
42,9381,2107.9869756683,78,36
27,3610,448.754307377172,61,34
99,5227,4978.09523809524,99,0
45,9287,2339.50877738671,58,13
68,3741,2015.48018028553,82,14
82,8568,6293.15994016209,86,4
31,1564,228.04089725246,68,37
81,4563,3293.02825169719,91,10
22,5669,577.74534429722,48,26
9,5996,371.33910338609,87,78
94,4508,3932.9470442568,94,0
67,4539,2379.68312656759,85,18
33,1899,299.824936685025,83,50
42,2575,578.62343698389,88,46
22,3041,309.917726584556,89,67
55,5244,1894.57992610043,78,23
76,4237,2771.00000086394,89,13
80,5346,3788.17340848443,87,7
99,7462,7106.66666666667,99,0
66,5091,2595.70416716114,72,6
65,4663,2310.67674162097,81,16
74,7966,4983.88935770077,84,10
74,3543,2216.66080772456,92,18
55,3218,1162.61598058565,71,16
92,6598,5600.36829262956,94,2
63,1143,534.042035466294,72,9
10,6663,427.979651519889,89,79
13,9460,679.731257914979,57,44
16,5859,472.193643335753,79,63
25,9328,1070.70024574214,75,50
72,9706,5793.01117509146,78,6
68,6223,3352.66858110581,84,16
89,9680,7902.2883096954,93,4
66,3839,1957.3577485232,83,17
38,1059,203.719867468613,89,51
37,2378,439.842662959001,90,53
91,1489,1247.6172052628,91,0
18,5171,450.351032368599,84,66
99,8851,8429.52380952381,99,0
94,5068,4421.51189447503,94,0
4,6718,351.927936002893,86,82
80,7244,5133.09543042671,83,3
41,4526,978.557835111988,78,37
32,7781,1180.61720496629,89,57
79,1947,1353.69348195403,96,17
38,7460,1435.0804639432,45,7
44,3489,846.290510626504,80,36
41,4563,986.557534603623,82,41
54,5447,1901.51290614439,93,39
75,4556,2915.34186504563,86,11
63,2731,1276.00069891378,74,11
5,7178,387.764968246253,85,80
70,7115,4040.01196818579,74,4
18,5417,471.775583512029,25,7
5,6178,333.74365754045,81,76
51,2345,736.650502817692,87,36
70,2070,1175.37944822833,85,15
52,6651,2164.98908062946,89,37
11,1508,100.508989485478,71,60
73,5399,3300.35577467294,86,13
34,4084,670.936163081247,82,48
15,1219,94.5358044604664,88,73
59,7321,3020.30192386024,93,34
45,1518,382.402748365782,69,24
14,1363,101.73544650935,70,56
69,1865,1031.86294939053,82,13
42,9327,2095.85273660145,73,31
38,5932,1141.13904988084,71,33
33,2712,428.186007524902,87,54
88,5639,4541.81652985081,90,2
76,4790,3132.66226201045,94,18
60,1766,752.203267443583,78,18
17,8321,697.053813713906,88,71
51,6555,2059.16590446481,74,23
59,5938,2449.74085833658,66,7
65,4338,2149.62807316143,75,10
37,4973,919.822356137559,63,26
97,9893,9113.44985363869,97,0
8,9521,568.96782262604,83,75
41,2544,550.033392073552,83,42
25,6096,699.720057680542,78,53
1,3891,188.451943746175,23,22
61,4706,2068.38468797926,70,9
34,4935,810.741911069039,37,3
45,5977,1505.6793326629,89,44
46,8706,2277.08972528307,66,20
54,5129,1790.50113743612,67,13
64,3409,1640.8053826754,87,23
29,6096,820.713976625711,81,52
24,5779,637.495387688822,29,5
88,3874,3120.23359401348,96,8
63,1118,522.361326029149,64,1
51,7788,2446.49642470968,82,31
11,6738,449.091227555139,80,69
31,2748,400.675438394987,69,38
58,1756,701.322750948063,71,13
97,7819,7202.87722688779,98,1
2,4907,243.293440181554,80,78
19,8145,737.644425910857,61,42
92,4578,3885.7966116487,92,0
21,7397,724.659613338298,54,33
39,3016,603.334704455414,87,48
28,3080,398.447728401128,87,59
49,8513,2487.82414334928,90,41
79,3137,2181.06648838716,92,13
78,3795,2587.10927867767,78,0
85,4314,3327.13400969992,92,7
30,3172,444.421689509162,60,30
58,6498,2595.21368773378,60,2
67,4840,2537.48982872596,73,6
42,7946,1785.53080787339,83,41
8,6542,390.94501581972,68,60
14,9861,736.033190043069,53,39
84,7802,5923.93761611126,84,0
90,5809,4804.82272636392,94,4
23,9155,970.661986859837,69,46
5,5121,276.643132124416,67,62
15,5644,437.703101209904,85,70
20,5294,498.622930775265,74,54
90,4054,3353.202157459,91,1
95,9676,8577.3324556412,98,3
55,5833,2107.37694678562,76,21
12,5568,385.260183092561,68,56
70,3299,1873.22550710399,86,16
23,8070,855.624493059408,86,63
57,3860,1491.66970459586,85,28
17,5828,488.214112044784,60,43
31,3731,544.002933279366,55,24
79,2140,1487.88086871168,91,12
45,4305,1084.48210257885,80,35
53,3894,1312.93627006584,89,36
81,5676,4096.25867995469,82,1
31,7336,1069.63428532228,70,39
55,4440,1604.10657358617,93,38
73,3851,2354.07854941017,73,0
51,8507,2672.3606940171,71,20
69,4104,2270.65176638002,82,13
4,3812,199.694744275533,77,73
26,3400,406.12457306041,77,51
9,8548,529.38736753574,75,66
7,4606,265.8148976639,72,65
68,1619,872.2433605673,78,10
51,5495,1726.18102899071,80,29
16,7177,578.415050046202,22,6
14,2071,154.581151666078,81,67
9,5276,326.748684033524,53,44
40,4000,831.950759131403,90,50
7,4576,264.083580484153,78,71
46,3697,966.965393334657,69,23
20,1974,185.924001766221,74,54
43,7464,1742.77442398519,77,34
90,6368,5267.19075942252,99,9
18,9877,860.204437575837,65,47
79,5219,3628.62161392815,96,17
1,6752,327.018124948387,63,62
86,8908,6974.14060139401,86,0
58,5249,2096.37990872801,70,12
74,4563,2854.81887260716,74,0
39,1807,361.480706548718,80,41
23,3808,403.744494370536,77,54
2,8702,431.452927748092,28,26
58,5459,2180.25108053843,62,4
93,1567,1347.86162417726,95,2
98,8812,8262.49790828281,98,0
22,8765,893.268291191591,35,13
15,2640,204.73709907763,67,52
15,2793,216.602544592357,66,51
31,4730,689.663327368373,48,17
71,1417,825.188951946917,84,13
18,1806,157.287558394448,51,33
75,5537,3543.07460639984,92,17
72,9425,5625.29675718494,79,7
67,8320,4361.96598657025,89,22
19,6576,595.549385486776,78,59
35,9113,1557.62178635771,72,37
44,5855,1420.18656913677,86,42
88,7615,6133.34507444829,90,2
76,3361,2198.09558718521,80,4
16,5542,446.645702571555,18,2
41,3102,670.677508731194,79,38
20,8555,805.764860744691,75,55
29,4413,594.129064771861,54,25
26,2938,350.939410485731,81,55
69,7752,4289.00889205115,71,2
50,1551,470.022417997588,77,27
77,1699,1134.84632997627,81,4
81,9420,6798.23057878316,92,11
63,2130,995.196444044801,82,19
85,5519,4256.47950846867,87,2
14,1268,94.6445679925578,74,60
7,7091,409.225670719652,64,57
4,5194,272.091946948352,26,22
17,2135,178.849884903159,88,71
80,6653,4714.31307269863,88,8
31,5462,796.393465980138,85,54
93,4735,4072.83011517507,93,0
38,5089,978.971110054552,83,45
36,2846,506.066199069623,70,34
54,2285,797.678904082967,80,26
66,1236,630.188636930106,79,13
1,3590,173.873677216337,70,69
63,3864,1805.37045060522,77,14
29,9136,1229.9939124758,78,49
85,3923,3025.57874827371,88,3
10,5535,355.525644779016,69,59
41,6500,1405.35261339547,64,23
54,2191,764.864104527694,90,36
11,1817,121.104001256706,77,66
68,1636,881.402185230452,91,23
32,4518,685.519667399781,73,41
66,7003,3570.55908124719,87,21
75,4566,2921.74077168533,81,6
0,8656,559.456090875163,78,78
71,5176,3014.23995432409,81,10
35,1938,331.248877643065,75,40
34,9917,1629.20517367207,90,56
9,1816,112.466946589249,91,82
47,3918,1063.70532319398,84,37
93,1925,1655.79682612714,95,2
73,6554,4006.39595243683,87,14
14,5480,409.031729179193,87,73
60,4664,1986.56627370151,65,5
31,8064,1175.78119913289,63,32
81,9641,6957.721975589,93,12
37,6334,1171.55737055606,71,34
0,6231,402.723070961546,87,87
71,9474,5517.17722706076,75,4
47,5596,1519.26875665991,68,21
11,4592,306.059204056575,80,69
98,8026,7525.51159916907,98,0
50,4919,1490.677159336,80,30
99,3156,3005.71428571429,99,0
93,2649,2278.54846359002,99,6
92,9128,7747.82688316499,96,4
56,9732,3637.22011212179,69,13
61,4098,1801.15606700786,66,5
80,9892,7009.46714491731,91,11
19,2579,233.564760518613,35,16
96,2164,1955.39309942357,98,2
4,5647,295.822723222438,81,77
2,4288,212.602867637763,50,48
45,6940,1748.27079951155,84,39
18,6447,561.480004966226,67,49
78,1211,825.557137412032,81,3
55,8275,2989.63556225802,91,36
47,7277,1975.64666587101,73,26
1,1156,55.988292719244,71,70
30,1004,140.668151408322,78,48
24,6920,763.361841634651,65,41
5,5270,284.692307419581,82,77
1,7984,386.687308884467,70,69
83,4349,3248.85327341429,93,10
13,6481,465.680579550421,77,64
94,5561,4851.62345011359,97,3
77,3911,2612.35079254691,83,6
79,2934,2039.92638728975,82,3
50,1350,409.110421854767,83,33
83,4025,3006.8140780622,91,8
83,6362,4752.63382972217,93,10
89,7255,5922.634471781,89,0
93,1823,1568.06109819728,95,2
36,8678,1543.09292885671,84,48
52,4326,1408.17061536656,72,20
63,1550,724.203985103024,93,30
27,2979,370.31553509047,76,49
35,8584,1467.20349106712,73,38
16,6809,548.756872755273,72,56
11,8958,597.055389795034,24,13
96,4356,3936.08703377498,97,1
31,6524,951.239650687371,82,51
5,1547,83.570967661877,66,61
91,4853,4066.27689532598,96,5
9,2058,127.454281982751,76,67
85,4083,3148.97732072433,86,1
41,8571,1853.11957683271,83,42
35,5814,993.746632929195,78,43
80,3626,2569.38211357361,93,13
96,5574,5036.6733531363,98,2
1,8613,417.151526981703,39,38
66,4204,2143.45714373314,81,15
21,9245,905.702058309121,30,9
82,9446,6938.04724495461,91,9
72,9019,5382.97628149082,78,6
28,7779,1006.33924650402,83,55
16,5974,481.461823739169,75,59
93,9306,8004.59494230605,97,4
81,8850,6386.87267751921,88,7
86,5787,4530.68608669366,90,4
37,1817,336.078266861441,79,42
24,1908,210.476068473831,29,5
60,3768,1604.92746983433,82,22
74,5880,3678.79355049969,85,11
36,3717,660.944505250102,83,47
75,5657,3619.86148607619,86,11
50,7299,2211.92368082811,76,26
2,8221,407.604518388539,69,67
77,3713,2480.09677645785,79,2
73,6952,4249.6894509217,91,18
67,8394,4400.76231866234,86,19
76,1729,1130.76681649605,89,13
14,2636,196.753218634371,87,73
80,3186,2257.59829394526,80,0
89,8252,6736.53751359571,94,5
36,2974,528.826730861932,85,49
63,6051,2827.19891216671,89,26
65,7255,3595.10181438132,71,6
31,8382,1222.14757082488,84,53
39,8371,1674.57387632502,44,5
50,1881,570.027187784308,81,31
81,4361,3147.24878493348,91,10
47,8619,2339.98881587773,80,33
70,7700,4372.18442094597,75,5
89,8246,6731.63940100705,90,1
55,4815,1739.58854770663,82,27
90,1269,1049.63333443894,92,2
10,3746,240.614103946196,74,64
59,7299,3011.22575362053,68,9
38,4203,808.531258706874,89,51
63,1666,778.402476891379,73,10
86,2834,2218.76004314668,91,5
57,1425,550.681173328783,74,17
82,2919,2143.99321490816,92,10
40,4856,1009.98822158552,78,38
80,5266,3731.48544127927,86,6
58,2644,1055.9779917464,60,2
71,5244,3053.83970642882,80,9
29,6281,845.620814827115,83,54
52,7308,2378.85133081342,79,27
45,1151,289.950964011209,81,36
42,3333,748.952200181478,66,24
23,5998,635.939988769558,91,68
50,8405,2547.09118199208,71,21
78,2042,1392.06248934382,90,12
99,2412,2297.14285714286,99,0
53,3693,1245.16529156475,73,20
19,5380,487.234746642162,56,37
67,5767,3023.4925293931,83,16
49,5108,1492.75293365771,77,28
41,3535,764.29561359277,76,35
90,8961,7411.9498108017,90,0
39,9637,1927.83042003873,73,34
74,4472,2797.88516289704,76,2
24,1022,112.73927776743,88,64
28,2406,311.254946276985,66,38
60,7562,3220.92927995944,76,16
42,4706,1057.4764638626,76,34
2,4384,217.362633331146,78,76
76,8573,5606.74604847925,82,6
76,2326,1521.20509842094,86,10
85,7247,5589.1840909354,86,1
1,7932,384.168804367685,72,71
31,8814,1285.13584934986,90,59
64,2857,1375.1190901448,70,6
77,6438,4300.25937162286,89,12
66,6674,3402.81469487987,67,1
15,7473,579.545583866338,67,52
70,4491,2550.06236811277,82,12
82,3768,2767.58014175195,82,0
18,9856,858.375512478227,79,61
35,6857,1172.0193777082,53,18
54,1198,418.214147523586,69,15
8,2001,119.578259959532,16,8
22,7398,753.953088218527,89,67
42,8499,1909.79440424314,43,1
99,3873,3688.57142857143,99,0
84,2331,1769.89215369846,84,0
20,8407,791.825269933444,88,68
71,8509,4955.21015675111,91,20
63,9124,4262.99171618064,67,4
52,9757,3176.033447557,83,31
47,8589,2331.84405842601,63,16
59,8733,3602.82703197261,92,33
70,3525,2001.55195893955,83,13
31,3395,495.012049982162,65,34
63,4688,2190.36663365353,89,26
48,9518,2681.40483775373,76,28
71,2904,1691.14235458987,74,3
12,6808,471.05806869507,78,66
64,9754,4694.7537995353,77,13
7,9251,533.880507661473,75,68
56,3059,1143.26513799636,67,11
34,2686,441.267025963817,71,37
52,5201,1692.99476896013,92,40
61,4418,1941.80270962438,93,32
74,8722,5456.87709990787,91,17
38,5801,1115.93857524591,75,37
87,4295,3411.49762912146,93,6
33,2011,317.508134635906,66,33
76,4685,3063.99221242567,78,2
74,8708,5448.11806764478,77,3
13,1529,109.863540523468,64,51
29,8609,1159.04308149126,80,51
80,1366,967.947040028007,93,13
23,2757,292.311862126987,33,10
70,1968,1117.46220005476,72,2
40,4531,942.392222406097,79,39
92,3137,2662.67889269156,94,2
79,5326,3703.01565736373,79,0
17,9179,768.928849426745,71,54
50,2045,619.726527920739,72,22
52,8487,2762.63153319834,69,17
27,9313,1157.68666609518,69,42
69,9669,5349.64228292603,89,20
47,4882,1325.42352930909,60,13
6,2602,145.183854711561,82,76
83,2145,1602.38911737725,87,4
28,1640,212.160478759042,76,48
5,5868,316.997051221651,31,26
48,3610,1017.0068779461,68,20
86,3806,2979.74619767687,90,4
11,2943,196.152490753158,78,67
62,1128,511.311874401718,75,13
45,6746,1699.39982903529,73,28
55,4032,1456.70218574312,84,29
58,3286,1312.38414556682,84,26
93,2230,1918.14385572131,95,2
59,6128,2528.12596495227,88,29
40,5597,1164.10709971462,50,10
92,2628,2230.64078099886,93,1
88,8147,6561.83352876299,89,1
13,9402,675.563772401336,50,37
19,1616,146.351552151252,89,70
10,7153,459.453466504842,85,75
57,6173,2385.51219856743,82,25
73,6275,3835.84598741854,79,6
31,3400,495.741080983608,52,21
5,3077,166.223573041755,87,82
92,8081,6859.13552178531,92,0
72,7563,4513.96492038087,93,21
5,5536,299.061976067325,85,80
17,8675,726.708548728294,81,64
77,7300,4876.03190631358,92,15
96,2715,2453.27738675369,97,1
55,1792,647.423193663609,85,30
24,8745,964.681980505061,46,22
70,2056,1167.43002200843,74,4
45,6728,1694.86540909419,83,38
28,9838,1272.70414026308,66,38
46,8015,2096.35586355891,82,36
51,4838,1519.79323353177,77,26
87,3065,2434.51460611345,88,1
87,4154,3299.50201428883,94,7
22,4087,416.518825567602,71,49
73,7357,4497.26198078697,93,20
27,6081,755.921036886589,84,57
32,4177,633.779471166199,64,32
2,1927,95.5423801161311,64,62
92,3621,3073.49705783747,96,4
64,4143,1994.09114122152,92,28
25,2951,338.726031859462,78,53
63,1572,734.483009407712,77,14
28,1037,134.152692971419,76,48
13,8799,632.236293699144,85,72
94,1941,1693.40066834571,94,0
80,3281,2324.91525500138,85,5
91,5463,4577.38938371437,97,6
32,7860,1192.60393664504,67,35
36,3636,646.541356225281,80,44
23,1058,112.174809622906,77,54
59,6290,2594.95958217196,83,24
29,7124,959.115218090808,70,41
91,4815,4034.43710096736,94,3
95,7642,6774.28427304775,95,0
2,3622,179.581993139921,77,75
76,2478,1620.61317020082,93,17
30,6532,915.183630477252,51,21
84,4942,3752.38396549883,96,12
34,7542,1239.03049509274,83,49
27,9161,1138.79174788983,63,36
62,2387,1082.00482641569,81,19
41,3691,798.024076314261,75,34
74,6132,3836.45613123539,88,14
24,2173,239.708855761864,81,57
98,2921,2738.85115638834,98,0
57,3729,1441.04568094248,82,25
39,3953,790.776553949685,82,43
34,2608,428.452868098896,71,37
37,1439,266.162149704795,58,21
24,8476,935.007943597587,73,49
22,9637,982.136511376311,83,61
90,3712,3070.32225172368,90,0
68,2949,1588.786701861,79,11
43,1190,277.853907360982,66,23
19,7241,655.774498222285,75,56
7,7744,446.910674665489,68,61
22,8156,831.203215397446,68,46
26,6839,816.907633870631,43,17
81,8261,5961.80284621313,87,6
29,1444,194.407969528794,74,45
18,7138,621.660349844722,31,13
72,3779,2255.49033903468,73,1
15,7594,588.929367574062,77,62
7,7591,438.080957048777,42,35
52,1894,616.522225035662,72,20
96,7091,6407.43644547713,97,1
42,9813,2205.06088820307,87,45
12,4758,329.214790078018,87,75
43,2126,496.401182394495,59,16
42,2502,562.21974343056,89,47
93,9931,8542.19131442525,94,1
80,5852,4146.72480105703,80,0
33,3356,529.864395742467,82,49
64,1577,759.034933552098,83,19
26,7849,937.550521750342,82,56
99,3616,3443.80952380952,99,0
73,4227,2583.92366355668,84,11
99,4383,4174.28571428571,99,0
89,5223,4263.80700842346,91,2
70,5974,3392.13373126379,79,9
33,8307,1311.556476589,70,37
93,6289,5409.50973481225,96,3
46,5788,1513.87495175034,86,40
71,6393,3722.95904713948,75,4
94,4758,4151.05635238994,94,0
26,4580,547.073689593141,72,46
70,4053,2301.35889066156,75,5
75,6777,4336.53902972218,91,16
8,7556,451.540895679273,53,45
6,3840,214.260569597384,70,64
23,7288,772.712677251173,78,55
2,3387,167.930483369661,85,83
67,2359,1236.7641541249,84,17
29,6646,894.761333440695,80,51
55,2359,852.271938533735,63,8
23,2051,217.457972151778,63,40
70,8983,5100.69255238411,77,7
9,3381,209.38917754309,81,72
8,4281,255.829350767995,89,81
53,2485,837.865082463691,77,24
87,2509,1992.8865079082,91,4
60,4684,1995.08499700212,80,20
83,7585,5666.25708872095,92,9
5,5451,294.470164657331,79,74
83,3368,2516.01237637603,85,2
82,8883,6524.52611443275,90,8
23,8262,875.981358321788,85,62
58,4662,1861.94001419127,65,7
53,5656,1907.02813135398,68,15
19,1363,123.438840087968,81,62
47,5857,1590.12814648983,87,40
17,6546,548.361286452497,64,47
53,9774,3295.49026800809,72,19
1,2560,123.987914672374,69,68
23,5130,543.909993729215,78,55
58,7435,2969.43886862121,64,6
18,5035,438.506565069792,56,38
13,7282,523.23499155781,88,75
11,1075,71.6493127963453,81,70
91,2226,1865.141637955,92,1
81,9126,6586.05650339438,89,8
44,2785,675.528538863518,74,30
97,1194,1099.91500305717,99,2
0,9195,594.29283220854,79,79
75,5129,3281.99921550023,82,7
52,6169,2008.0916611642,70,18
93,2290,1969.75310744475,95,2
7,7834,452.104626204732,87,80
21,8601,842.611509304137,83,62
68,9699,5225.37884752455,72,4
14,9143,682.441076621416,41,27
41,9531,2060.6793474265,74,33
65,1334,661.042842230832,87,22
4,3267,171.144472599204,36,32
31,6160,898.166193782067,82,51
49,4931,1441.0267650482,72,23
92,6468,5490.02457058624,92,0
33,1132,178.726607860689,79,46
77,8296,5541.30968421609,83,6
84,1635,1241.43014641655,89,5
55,3374,1218.97648181976,85,30
43,5203,1214.85199999932,55,12
35,7284,1245.0035215439,52,17
76,7443,4867.72551485257,88,12
63,9951,4649.38958436141,91,28
52,1594,518.86822951787,70,18
96,2476,2237.31668861957,98,2
57,9237,3569.57333195647,76,19
29,5870,790.287244552645,68,39
29,3438,462.863295872571,89,60
40,4326,899.754746000612,70,30
73,5390,3294.85416289816,76,3
85,3907,3013.23889102865,89,4
66,3962,2020.07069540217,80,14
66,9693,4942.08613087663,72,6
52,6189,2014.60192753206,83,31
96,8408,7597.47928833334,97,1
83,1980,1479.12841604054,88,5
16,3065,247.017155969292,79,63
76,4628,3026.71418550822,79,3
4,3894,203.990381481879,71,67
20,9549,899.386166598604,63,43
32,4015,609.199084685729,79,47
93,1952,1679.02098940269,97,4
79,1891,1314.7582816513,80,1
26,9731,1162.35241777966,80,54
82,6238,4581.7847463505,89,7
79,5068,3523.63562739756,86,7
52,4613,1501.59293774525,86,34
91,8045,6740.81962145014,91,0
26,4867,581.355381495593,85,59
31,8198,1195.31922997165,86,55
70,7217,4097.92921635936,86,16
11,9030,601.854227489301,61,50
36,8193,1456.85185136241,67,31
60,9371,3991.44780249933,86,26
54,2643,922.654417282837,72,18
28,7067,914.230550847653,80,52
89,9096,7425.53868439973,95,6
8,7593,453.751987942393,65,57
15,2866,222.263835589579,63,48
18,8793,765.797065870642,89,71
0,6986,451.520361697538,78,78
38,4296,826.421671997319,82,44
39,2726,545.321752103932,59,20
8,6941,414.788956711201,67,59
33,3502,552.915707357008,75,42
5,3836,207.22574786746,67,62
36,8487,1509.12994782287,80,44
49,5769,1685.92241078139,89,40
37,4694,868.21760299813,85,48
93,9656,8305.6489106928,93,0
4,2275,119.177739566327,86,82
27,1733,215.426929275523,87,60
22,4824,491.628777719137,89,67
36,8343,1483.52434955652,64,28
89,2675,2183.74186244165,95,6
80,5515,3907.92673920531,82,2
88,3938,3171.78107723931,92,4
80,5555,3936.27072280789,83,3
59,2619,1080.47681171834,87,28
82,3992,2932.10719901109,89,7
61,2680,1177.91563191339,79,18
20,5227,492.312440340444,79,59
60,5743,2446.15139576925,91,31
45,5909,1488.54930177431,65,20
22,3443,350.886791394484,26,4
81,7534,5437.14110196946,94,13
41,3110,672.407173486143,61,20
95,6438,5706.99321511141,95,0
98,7042,6602.87225035492,99,1
62,9183,4162.56821155229,70,8
14,5698,425.303429354569,39,25
48,5781,1628.61960149762,71,23
19,4170,377.652210687326,77,58
1,2004,97.059289454468,47,46
52,4387,1428.02692778852,78,26
46,9134,2389.03486684305,65,19
74,3313,2072.76242054515,84,10
88,8427,6787.353767876,88,0
41,9961,2153.64882800497,67,26
70,2387,1355.37717049325,77,7
50,3358,1017.62429376912,92,42
83,5108,3815.85249956317,90,7
36,5613,998.084882423681,52,16
52,9897,3221.60531213197,84,32
49,7991,2335.27578168731,62,13
51,1939,609.111012777614,80,29
2,9774,484.603644657533,87,85
47,1757,477.011294755444,56,9
90,8844,7315.17510620804,96,6
32,1291,195.884437940044,85,53
5,6223,336.174616522211,77,72
1,6893,333.847146811202,69,68
10,4228,271.574060727314,40,30
55,8955,3235.30954199644,94,39
63,4818,2251.10632272669,82,19
95,7774,6891.29624949924,98,3
17,2773,232.295424279373,68,51
46,7114,1860.69564733101,82,36
37,5590,1033.94469551759,60,23
20,9475,892.41637119298,73,53
24,3160,348.587199359176,75,51
91,7806,6540.56407272092,92,1
36,2105,374.304057990709,76,40
43,1474,344.165260042091,64,21
49,5872,1716.02294957676,75,26
43,5783,1350.27659350299,86,43
0,8615,556.806171775592,82,82
28,3966,513.066133389244,85,57
1,3129,151.546166019476,79,78
44,4369,1059.74297533024,80,36
76,7020,4591.08331509674,79,3
90,8909,7368.9388309823,93,3
9,1113,68.929356582508,81,72
41,6916,1495.29518065279,82,41
46,3750,980.827758995121,77,31
67,2934,1538.22213997561,71,4
79,4488,3120.37819569066,83,4
30,2865,401.408619307613,67,37
4,6637,347.684684616136,77,73
64,3286,1581.60354575282,70,6
47,1121,304.342436779085,77,30
82,8677,6373.21998141765,85,3
77,5196,3470.66599797334,87,10
84,6214,4718.19384087611,86,2
34,1499,246.261828711751,35,1
55,4732,1709.60187076797,67,12
28,4960,641.656082100518,66,38
99,4781,4553.33333333333,99,0
27,8730,1085.21471008385,88,61
0,5032,325.229095342401,63,63
39,3479,695.955383554504,80,41
60,9111,3880.70439959144,83,23
30,3498,490.096806400709,85,55
17,3410,285.657193217693,84,67
53,8805,2968.77346120434,74,21
54,2218,774.289632059528,55,1
97,5324,4904.47862334705,98,1
66,6842,3488.47140281212,73,7
76,2382,1557.82912486616,87,11
14,2678,199.888133347058,66,52
71,5062,2947.85213461912,76,5
11,3201,213.34832582428,90,79
55,2743,991.00548003308,66,11
68,3408,1836.07496776613,75,7
26,7849,937.550521750342,82,56
46,1258,329.03501888423,89,43
45,1632,411.120741326059,75,30
68,9685,5217.83628603724,83,15
6,1513,84.4208963023025,74,68
22,1481,150.933295978864,73,51
57,5954,2300.88119719269,80,23
76,1757,1149.07882971866,83,7
68,3438,1852.23759952463,76,8
55,3340,1206.69278283284,82,27
75,6092,3898.21392490298,77,2
31,4274,623.175700036454,87,56
98,4268,4001.85441131991,98,0
90,3719,3076.11219131476,92,2
83,9219,6886.91154923117,85,2
70,6352,3606.76823920114,81,11
78,9859,6721.03040276236,92,14
77,9254,6181.20537822273,84,7
78,6741,4595.44233137449,81,3
91,9686,8115.79600414743,93,2
9,4925,305.010854599148,71,62
69,8192,4532.4510892264,86,17
50,9025,2734.97893128835,86,36
31,3216,468.912740130378,79,48
78,2372,1617.02851357666,85,7
46,4915,1285.53824945627,66,20
32,6662,1010.83046131415,49,17
33,1995,314.981963500066,76,43
65,9343,4629.77756743828,93,28
28,7268,940.233146110194,82,54
24,3431,378.481861076371,78,54
7,5718,329.989054459875,14,7
80,5794,4105.62602483329,88,8
76,2096,1370.78498980666,77,1
24,4497,496.074884657662,42,18
28,1596,206.468368353312,70,42
11,7661,510.609660774699,86,75
73,8669,5299.27471951097,85,12
17,9534,798.667354879027,82,65
91,9246,7747.1247010476,95,4
11,1432,95.4435496970851,87,76
27,7725,960.284494318187,55,28
97,2325,2141.79428987263,97,0
2,3126,154.989870390776,81,79
2,4345,215.428978518209,61,59
68,7533,4058.43683456051,83,15
38,3106,597.501329893778,86,48
15,6210,481.597494421244,36,21
29,2154,289.996375599046,73,44
66,1943,990.66061614498,74,8
50,6316,1914.03068476645,80,30
57,3137,1212.27146718063,92,35
7,7518,433.868085244725,86,79
16,2517,202.85226152519,86,70
24,2205,243.2388527174,63,39
55,9798,3539.87301981922,85,30
72,6763,4036.48615054024,93,21
89,8135,6641.02431811695,89,0
38,1033,198.718246548703,89,51
69,6984,3864.09160243617,77,8
4,7828,410.076195747343,69,65
73,4870,2976.98326035511,85,12
8,9232,551.697399273564,83,75
92,5868,4980.74585346321,95,3
97,6187,5699.47581567397,98,1
34,4640,762.278108887607,70,36
40,5803,1206.95256380988,69,29
58,2393,955.73197210633,86,28
7,4396,253.695677405668,89,82
26,8728,1042.54566872684,71,45
70,3022,1715.94043118165,78,8
65,3608,1787.88798708309,76,11
55,5111,1846.52898594571,78,23
74,2975,1861.29435590758,76,2
6,6449,359.835003472273,86,80
13,6595,473.871844180686,51,38
46,4111,1075.24877792772,73,27
55,7264,2624.37616002927,81,26
76,3578,2340.01368966042,94,18
28,4618,597.412860310522,72,44
27,6120,760.769075110331,67,40
79,1211,841.973706546654,91,12
27,5796,720.493065251549,65,38
95,4496,3985.49883428719,96,1
55,9349,3377.655936139,90,35
6,1817,101.383191395429,75,69
46,6808,1780.66010219701,78,32
33,1284,202.72523365117,82,49
84,1695,1286.98721600982,90,6
69,4149,2295.5492638184,91,22
39,3942,788.576062653594,78,39
42,2593,582.668183339506,82,40
48,6344,1787.22759936013,66,18
84,6413,4869.29145502711,93,9
18,5987,521.417836161439,72,54
96,2297,2075.57206533084,97,1
14,2560,191.080515820937,54,40
71,2180,1269.52146453372,88,17
9,4368,270.515210738899,59,50
73,3044,1860.76736027124,82,9
57,8632,3335.77536012215,77,20
79,2787,1937.72148649507,94,15
11,6686,445.625400331502,84,73
89,8972,7324.31102423421,89,0
13,1146,82.3437654937174,83,70
26,1068,127.570895302505,88,62
38,1697,326.451950041771,66,28
14,4185,312.371858871336,74,60
43,1433,334.592142225452,65,22
51,5688,1786.809407261,85,34
44,8893,2157.08269160261,66,22
26,7908,944.597977576978,63,37
1,2375,115.027850526129,40,39
39,8295,1659.37048191567,62,23
6,8933,498.43480943058,76,70
59,1198,494.238724871543,83,24
54,3699,1291.29727186122,70,16
15,3739,289.966671761841,80,65
28,8900,1151.35869570456,87,59
41,8788,1900.03673331068,82,41
1,7551,365.715915504335,66,65
12,2263,156.581141224581,86,74
32,1941,294.509445423412,75,43
60,8470,3607.67931780699,75,15
56,8452,3158.83522273463,59,3
19,7751,701.962178666059,60,41
5,1846,99.7233395629121,17,12
5,3466,187.237862906313,69,64
19,5093,461.242855882627,74,55
85,1371,1057.37151768627,91,6
74,8177,5115.90048680884,87,13
38,2924,562.489983454413,59,21
26,8019,957.856750403362,63,37
18,3012,262.320114000043,26,8
4,3332,174.549550872528,81,77
92,6196,5259.15155215713,95,3
12,5803,401.520266251101,84,72
64,3579,1722.62905972287,92,28
21,9998,979.470976633271,59,38
4,4631,242.59873051941,40,36
69,2331,1289.69036730795,81,12
79,9741,6772.63903837404,82,3
98,4328,4058.11290819882,99,1
24,8671,956.518862545384,89,65
27,4368,542.980281059138,75,48
47,5732,1556.19165710768,71,24
73,4173,2550.91399290798,82,9
27,4558,566.598928815831,90,63
99,5354,5099.04761904762,99,0
64,4744,2283.36190537169,91,27
38,2288,440.142640952017,73,35
28,9358,1210.60839038239,62,34
15,7923,614.443953027297,69,54
17,6448,540.15178353891,87,70
35,5538,946.571870168882,76,41
81,4482,3234.572128886,93,12
41,3855,833.482203790701,77,36
93,4700,4042.72471833639,95,2
21,4728,463.186515055222,90,69
7,3299,190.387179199567,52,45
3,6877,350.05322216903,89,86
43,1679,392.030849125285,81,38
93,1868,1606.76803698987,96,3
92,8407,7135.84362475549,93,1
34,4675,768.028051519302,70,36
98,7363,6903.8552086571,98,0
57,2889,1116.43362087499,79,22
45,8436,2125.13147906043,51,6
41,2828,611.436490874216,84,43
8,5607,335.07011673818,75,67
0,1103,71.2892869957607,75,75
9,3268,202.390958950257,85,76
42,8331,1872.04343825739,71,29
13,5626,404.246094823433,77,64
41,5599,1210.54912036943,73,32
25,3905,448.22946608309,66,41
40,4430,921.385465738029,77,37
33,8384,1323.71367518023,68,35
42,5373,1207.35678715124,76,34
93,8129,6992.19345433117,95,2
31,6985,1018.45630902074,75,44
54,5665,1977.61531362364,76,22
74,2858,1788.09387199458,87,13
94,6204,5412.60059063202,94,0
51,3205,1006.80804329668,70,19
42,2254,506.492126975413,87,45
94,3571,3115.47335737378,94,0
63,1691,790.083186328525,84,21
61,6571,2888.09090197868,80,19
79,4017,2792.90535028729,89,10
63,2726,1273.66455702635,70,7
57,2906,1123.00315066207,79,22
74,9677,6054.36822928325,83,9
76,3777,2470.15978363538,82,6
53,1782,600.83524223352,70,17
63,3584,1674.54650490919,81,18
38,8438,1623.21835854594,69,31
68,3460,1864.09019614753,79,11
35,7050,1205.00752702972,79,44
10,5859,376.336902034373,69,59
40,1355,281.823319655763,54,14
17,5092,426.559069754983,43,26
3,3093,157.439961635715,89,86
18,5120,445.909357131546,91,73
67,5505,2886.13254279678,67,0
39,9813,1963.03828077619,78,39
91,2123,1778.83903745664,93,2
89,8563,6990.42301610761,94,5
13,8122,583.591678307131,80,67
17,5038,422.03546610872,77,60
65,7275,3605.01250167114,73,8
62,2647,1199.86040030261,76,14
31,3043,443.68826748033,89,58
87,8464,6722.91407052014,89,2
19,3505,317.427097951817,82,63
1,5796,280.716388062922,88,87
36,6110,1086.45975977351,67,31
53,8561,2886.50421367069,83,30
26,6369,760.766884065222,82,56
17,7387,618.812224721142,80,63
37,8963,1657.82581501326,90,53
87,2849,2262.94685573156,87,0
4,2268,118.811038829199,30,26
90,3479,2877.59997676366,91,1
20,5515,519.438130567735,80,60
17,1605,134.451552819471,44,27
12,7326,506.899443487087,30,18
73,2033,1242.75297090389,74,1
84,4840,3674.93694719027,89,5
1,9284,449.649921804032,86,85
97,8306,7651.50252545466,98,1
72,8665,5171.69192583634,87,15
53,5966,2011.5505360074,82,29
92,8365,7100.19411455687,92,0
70,3727,2116.25082296956,85,15
71,6311,3675.20640489555,74,3
40,9931,2065.52574723349,78,38
66,4213,2148.0458959438,77,11
85,8010,6177.64103330931,85,0
84,1888,1433.52912320149,86,2
78,3226,2199.21331568226,91,13
69,4180,2312.70087316484,90,21
6,2669,148.922255274848,79,73
33,2118,334.401904106837,74,41
28,7800,1009.0559355613,90,62
91,4301,3603.76198780075,95,4
49,4237,1238.21342598037,69,20
76,1590,1039.86075085524,77,1
54,9289,3242.7305645631,58,4
73,5462,3338.86705709643,94,21
58,6092,2433.06275556697,75,17
38,4453,856.623767552155,65,27
97,3050,2809.66562757485,98,1
39,3166,633.34140394756,46,7
33,2002,316.087163371996,52,19
89,5415,4420.54661126039,94,5
5,2443,131.974062054276,88,83
54,3008,1050.07358576874,66,12
25,8439,968.657737330396,47,22
44,8397,2036.77312058778,65,21
67,6206,3253.64914815564,71,4
54,9602,3351.99686520991,59,5
86,7989,6254.64854788244,89,3
7,6293,363.172633738368,88,81
62,4918,2229.28350913799,74,12
64,8647,4161.93726723208,81,17
98,5590,5241.41662588526,99,1
87,5227,4151.7807002137,91,4
61,7516,3303.43801845561,65,4
61,7264,3192.67878739509,68,7
22,1079,109.964231168936,78,56
57,2412,932.100343908088,75,18
77,9784,6535.21865361262,81,4
97,9694,8930.1306864625,97,0
5,2539,137.160107882033,79,74
2,9597,475.827826660358,75,73
71,7849,4570.85962161704,86,15
85,4322,3333.30393832245,89,4
97,1235,1137.68427870654,97,0
80,8544,6054.27489751046,80,0
89,5606,4576.46986199922,96,7
36,5071,901.708255615622,87,51
87,4221,3352.71978871285,87,0
39,8600,1720.38410421637,77,38
80,9689,6865.62142813423,83,3
48,1341,377.785657430947,78,30
89,6454,5268.73644119567,92,3
3,2906,147.921283062847,81,78
53,5491,1851.39523855458,81,28
51,4668,1466.38999878592,81,30
20,1849,174.150698716182,83,63
44,2905,704.6356931413,82,38
92,6165,5232.83881843911,94,2
41,9879,2135.91976426675,83,42
87,9365,7438.57399225203,93,6
94,6454,5630.70989876516,95,1
80,7920,5612.10875331026,88,8
67,3472,1820.28195978028,89,22
49,3998,1168.36848644549,77,28
3,1432,72.8916990178931,71,68
9,3294,204.001168537989,70,61
50,4802,1455.22092277525,86,36
83,6091,4550.18746570854,85,2
21,1932,189.271647014951,50,29
19,3047,275.948749631723,47,28
53,8533,2877.06348034715,91,38
42,1595,358.409468733711,84,42
12,6257,432.933363076536,83,71
89,3145,2567.4273485529,91,2
15,8310,644.456550505723,55,40
46,2323,607.590102438844,69,23
8,9822,586.955356982772,49,41
48,2908,819.239889492315,85,37
81,9049,6530.48710269732,85,4
12,1436,99.3594868751647,86,74
80,3949,2798.25978116442,88,8
39,9800,1960.43770015353,85,46
19,5437,492.396899162349,90,71
96,4083,3689.40389322847,97,1
79,9827,6832.43238169609,83,4
19,5137,465.227675371893,68,49
12,5051,349.488000143772,78,66
94,3311,2888.63967691532,94,0
26,1146,136.887870802127,62,36
43,2706,631.825775898167,44,1
4,3506,183.664683481117,81,77
14,1048,78.223586164196,73,59
42,3064,688.505712978112,65,23
47,6189,1680.26346228881,72,25
12,1156,79.9857707713721,74,62
61,6818,2996.65252924831,66,5
70,6080,3452.32224407162,77,7
10,4841,310.948445596245,62,52
48,9119,2568.99881440179,76,28
38,2912,560.18154302984,64,26
92,2217,1881.78485976959,96,4
4,3488,182.721738728504,78,74
93,7438,6397.82690531618,97,4
66,6395,3260.56337634953,72,6
56,8628,3224.61314502536,80,24
51,1949,612.25237952737,75,24
80,3264,2312.86906197029,81,1
32,6434,976.235843304603,87,55
17,6857,574.413892637454,84,67
37,6727,1244.24793680622,85,48
52,2129,693.017854857933,77,25
69,7736,4280.1564485175,75,6
72,4215,2515.71626859783,75,3
3,4137,210.581675165519,61,58
78,2445,1666.79372499787,78,0
2,3993,197.976504309139,71,69
62,6842,3101.4147559012,68,6
52,1076,350.252330590482,76,24
45,1169,294.485383952305,77,32
78,2598,1771.09615441491,81,3
26,2592,309.610262756642,87,61
80,1418,1004.79421871136,80,0
69,7805,4318.33261125635,80,11
30,6352,889.964240782533,79,49
58,5070,2024.88971942294,71,13
63,6628,3096.78968597603,79,16
15,5325,412.964035071357,77,62
38,2413,464.188895374658,51,13
57,5207,2012.20832948981,71,14
30,8620,1207.72855093599,85,55
96,5672,5125.22627538376,98,2
78,2878,1961.97641740035,86,8
13,5303,381.037511704348,85,72
28,2261,292.496855167192,90,62
81,5220,3767.17235894353,86,5
61,4697,2064.42900115567,74,13
46,5593,1462.87190828259,67,21
80,2120,1502.23113093659,90,10
73,9826,6006.53747766926,83,10
80,5439,3854.07317036042,83,3
99,1346,1281.90476190476,99,0
74,1385,866.518548884706,85,11
63,2672,1248.43422464212,79,16
7,8097,467.282506813852,87,80
6,8738,487.554389880713,80,74
32,2711,411.342146596018,80,48
54,9543,3331.40034208479,73,19
6,7306,407.653052468356,82,76
6,9130,509.426823027113,78,72
16,2395,193.019931010263,32,16
68,7438,4007.25516732525,75,7
40,8275,1721.09813295309,73,33
8,5389,322.042600160879,70,62
95,7911,7012.74049778602,96,1
69,4490,2484.21696662921,77,8
21,8650,847.411877163212,60,39
24,4950,546.046404059468,67,43
3,1858,94.5759614352272,73,70
91,9398,7874.48387848209,95,4
97,1952,1798.18600164791,99,2
32,2079,315.448293166035,78,46
2,6246,309.682255425716,82,80
97,9688,8924.60347539186,97,0
34,8776,1441.7570438788,44,10
90,3097,2561.63470193649,94,4
96,6781,6127.32005877597,97,1
22,3156,321.637732686898,87,65
65,8644,4283.39904665915,72,7
92,9168,7781.77879763986,94,2
15,4464,346.19182207672,87,72
25,5908,678.140764563097,77,52
96,7963,7195.37673323006,97,1
35,3975,679.41913758059,84,49
32,4024,610.564661712422,72,40
16,5836,470.34000725507,74,58
69,5773,3194.0722824834,73,4
57,4222,1631.56204476781,80,23
67,7886,4134.43074159771,72,5
54,3923,1369.49424101421,89,35
72,7095,4234.6398400241,72,0
98,4962,4652.57769188599,98,0
67,1853,971.481126576282,70,3
46,5914,1546.83076445257,83,37
14,2093,156.223249848914,74,60
1,5821,281.927207542145,40,39
18,1619,141.001415858589,63,45
45,6010,1513.99243588824,81,36
33,9814,1549.49022044594,76,43
7,8192,472.765011216386,84,77
82,3392,2491.40972420983,88,6
71,2930,1706.28343627697,90,19
84,8519,6468.34459775081,92,8
20,7735,728.531992736433,75,55
74,1591,995.401452184525,75,1
41,9379,2027.81571708249,77,36
31,7330,1068.75944812054,71,40
53,9385,3164.33150862042,66,13
88,1652,1330.56941076672,96,8
17,1630,136.545813766815,80,63
94,9912,8647.59784886277,94,0
45,5098,1284.24849220603,79,34
67,5417,2839.99636409267,88,21
35,2157,368.681026355052,67,32
79,4948,3440.20305532027,83,4
82,6939,5096.66629607665,86,4
38,8704,1674.38878795732,84,46
68,7277,3920.51571022127,85,17
33,1347,212.672032498541,75,42
15,1611,124.936161596236,72,57
70,9157,5199.49256397432,83,13
24,8486,936.111067646191,72,48
19,3541,320.687404806672,66,47
9,3299,204.310824227937,79,70
77,7028,4694.34962158519,86,9
0,3508,226.729663446173,67,67
29,8439,1136.15571665754,51,22
19,5366,485.966849531941,32,13
28,1667,215.653364689831,63,35
64,3402,1637.43617244403,95,31
65,5141,2547.54216784761,76,11
25,1719,197.312791855783,80,55
75,5983,3828.46584253029,89,14
10,9848,632.559448922087,46,36
48,2147,604.851458988996,86,38
18,8241,717.722463304897,84,66
38,8965,1724.5973671918,66,28
83,4649,3472.96363948104,87,4
51,7253,2278.43330359775,72,21
37,7523,1391.47870203556,90,53
22,1350,137.582680331848,80,58
98,5459,5118.5855743663,99,1
28,6887,890.944644642392,80,52
90,2862,2367.25815852187,93,3
5,8588,463.935016341435,88,83
58,1519,606.66814276202,78,20
42,2586,581.095226423433,62,20
10,4640,298.037758224866,53,43
2,2879,142.743389908844,77,75
51,6370,2001.05061959433,65,14
96,8761,7916.45052867369,98,2
36,8013,1424.84485352948,79,43
73,7332,4481.97972585701,80,7
57,9855,3808.39506186327,73,16
9,8967,555.336514353414,85,76
49,3187,931.363273212046,64,15
74,3845,2405.60564654274,81,7
68,6425,3461.49696827974,79,11
60,3093,1317.42055843885,77,17
85,4488,3461.32995723997,97,12
48,5566,1568.04993979169,92,44
44,4022,975.574787543652,80,36
25,1608,184.571826238568,81,56
11,7309,487.148676491617,87,76
0,7077,457.401889455121,77,77
84,5463,4147.97118646704,92,8
56,9858,3684.31112467084,90,34
64,7225,3477.50627451738,69,5
82,7212,5297.18364711122,83,1
4,9635,504.737371745739,39,35
28,7750,1002.58762828206,70,42
79,2883,2004.4675441569,93,14
24,4121,454.597420430115,83,59
55,7401,2673.87224124128,93,38
91,4104,3438.69779073106,98,7
16,4295,346.146389849302,63,47
21,2673,261.864965047083,65,44
13,1245,89.457232146316,64,51
52,3941,1282.8479877854,92,40
57,3036,1173.2407313868,87,30
55,9461,3418.11988574297,80,25
54,8368,2921.21534764388,89,35
22,4402,448.621450978367,63,41
4,9515,498.451073394988,89,85
52,4297,1398.73072913318,59,7
52,4675,1521.7747634856,82,30
84,2988,2268.74206574474,90,6
43,1561,364.478949067642,81,38
74,2160,1351.39354916315,87,13
2,8747,433.684067916865,42,40
52,9637,3136.97184934988,68,16
57,3864,1493.21547631047,89,32
42,7962,1789.12613796728,82,40
36,7250,1289.17074604876,85,49
72,5547,3310.71842038248,81,9
14,5389,402.23941396837,70,56
3,4284,218.064272760233,81,78
21,6261,613.369452360563,78,57
70,4935,2802.17274251537,74,4
56,9236,3451.84596748427,71,15
98,6492,6087.16936229823,98,0
87,3491,2772.8843360333,94,7
47,6675,1812.20853300659,60,13
23,2672,283.299708234788,57,34
72,7666,4575.44031199785,86,14
38,5389,1036.68212066889,92,54
10,8894,571.281858114647,58,48
43,5681,1326.46054430062,79,36
82,4446,3265.56828827738,90,8
21,3550,347.781753055422,77,56
62,3139,1422.87940935017,67,5
76,3444,2252.37762638079,79,3
90,3285,2717.13593666818,95,5
80,2457,1741.0291927883,87,7
38,4160,800.259347185485,50,12
99,4654,4432.38095238095,99,0
42,9654,2169.33229539514,66,24
1,3274,158.568918998966,72,71
81,6136,4428.23172307998,83,2
94,2121,1850.43937020157,94,0
75,7951,5087.77066922252,90,15
11,8838,589.057326971256,89,78
50,1109,336.076635434768,61,11
29,2980,401.202042379367,78,49
10,6477,416.032448280702,76,66
97,9497,8748.65392297651,99,2
82,7281,5347.86385671337,84,2
31,2552,372.097423138285,58,27
24,7050,777.702454266515,58,34
41,3172,685.812075336992,74,33
53,2217,747.503777795574,57,4
54,2119,739.729364442804,81,27
18,2687,234.015320822747,86,68
18,9251,805.6850513328,63,45
52,8606,2801.36761808707,81,29
1,1156,55.988292719244,78,77
41,3103,670.893716825563,57,16
9,9179,568.465915607225,59,50
27,7906,982.784364023248,83,56
31,9814,1430.94204963916,69,38
50,3994,1210.36075917625,69,19
29,6172,830.945975021963,91,62
84,9502,7214.72125458718,84,0
79,1363,947.654964511222,84,5
10,4647,298.487384153223,89,79
54,8989,3138.00248087606,75,21
41,8671,1874.74038626956,92,51
28,2525,326.649517601574,62,34
43,6301,1471.22476494248,81,38
81,7767,5605.2926651177,84,3
92,5473,4645.47069802388,99,7
43,9767,2280.50345646615,76,33
24,9174,1012.00600219021,75,51
74,2143,1340.75758141511,80,6
17,4773,399.836300066876,47,30
70,2000,1135.63231712882,80,10
82,1634,1200.16612304212,82,0
30,1286,180.178528596716,76,46
32,8480,1286.6770207061,75,43
33,1903,300.456479468985,64,31
79,1603,1114.5201086658,88,9
38,2040,392.434872177498,82,44
16,3460,278.851340833198,76,60
72,2343,1398.41594717075,76,4
2,9097,451.037380340656,71,69
27,5620,698.614738908507,76,49
64,2625,1263.45383676237,84,20
11,3581,238.675524766244,86,75
55,1844,666.210027408312,73,18
17,6729,563.691276587054,26,9
44,7636,1852.18525054285,80,36
58,6473,2585.22902442301,62,4
9,9807,607.35867026474,86,77
70,3894,2211.07612144982,83,13
87,8690,6902.42477230861,89,2
38,2559,492.274920540302,78,40
77,4104,2741.26506075492,81,4
47,7494,2034.56041143841,78,31
58,4685,1871.12590443717,70,12
74,7093,4437.70113158066,76,2
73,4755,2906.68488767732,95,22
73,2433,1487.26904978316,84,11
31,6953,1013.79051061148,67,36
62,8534,3868.38256750378,86,24
9,6763,418.84028622417,84,75
60,4960,2112.6433785505,60,0
36,9449,1680.18956957444,85,49
71,2924,1702.78934050302,90,19
77,9399,6278.05806677279,94,17
53,2199,741.434734944731,68,15
94,5271,4598.61665267914,98,4
95,8311,7367.32224460872,97,2
12,5577,385.882909681611,52,40
1,9981,483.407568884753,79,78
6,8658,483.090628014101,80,74
49,9814,2868.02609454127,57,8
92,5239,4446.8519983459,94,2
21,1118,109.526760539708,77,56
41,1732,374.472419446302,49,8
20,7681,723.445925818816,56,36
94,2215,1932.44847005963,98,4
79,4234,2943.77925146039,84,5
6,8859,494.305829703964,86,80
17,1623,135.959420701559,66,49
59,8142,3359.00809507855,62,3
54,7187,2508.93579152923,62,8
12,2990,206.883611251213,80,68
21,3787,370.999858822784,69,48
94,4951,4319.43673826872,96,2
54,2592,904.85064305604,86,32
14,6337,472.998917483311,78,64
8,6591,393.873219087095,83,75
25,8987,1031.55908109827,48,23
90,3984,3295.30276154826,93,3
79,4815,3347.73195460127,87,8
86,4958,3881.65571415711,97,11
31,5032,733.69679985574,67,36
38,8556,1645.91802272092,72,34
18,8644,752.820406844744,77,59
30,8880,1244.15655827281,79,49
44,3762,912.509286608458,79,35
83,7268,5429.44713524375,89,6
70,6380,3622.66709164094,83,13
33,8730,1378.34212599277,53,20
67,7211,3780.54527994688,79,12
5,8168,441.246065844998,56,51
13,3000,215.559595533292,89,76
97,5604,5162.41513997688,97,0
71,4702,2738.20638818236,76,5
60,8440,3594.90123285608,85,25
26,8009,956.662266364949,76,50
35,5408,924.351873216561,92,57
20,9957,937.814227753932,82,62
58,9582,3826.92175374962,75,17
31,4025,586.869956164419,63,32
50,5859,1775.53923084969,79,29
92,8697,7381.99500469828,92,0
96,5449,4923.72319720841,96,0
81,9883,7132.36866349405,87,6
0,6042,390.507590234258,54,54
90,2412,1995.04775623856,95,5
94,9872,8612.70035956147,94,0
91,5851,4902.49044190239,94,3
36,6648,1182.12511996306,84,48
73,1140,696.870824805918,91,18
4,6336,331.916552919668,77,73
76,5745,3757.23271299584,85,9
25,1588,182.276156757989,65,40
89,2850,2326.60347961073,99,10
27,8615,1070.91921275743,84,57
56,3458,1292.38667773502,79,23
58,5868,2343.60017230253,86,28
54,8889,3103.09311964704,83,29
32,6027,914.48141554194,75,43
65,5277,2614.93484141837,75,10
71,4135,2408.01433754446,79,8
93,4769,4102.07535781835,95,2
79,4130,2871.47102232674,88,9
14,3748,279.75381769409,63,49
84,4423,3358.31531351706,86,2
11,3186,212.348567971308,70,59
35,8488,1450.79487793309,77,42
57,5749,2221.66039681907,78,21
68,2733,1472.41575319977,74,6
8,2300,137.446275815554,77,69
64,3718,1789.53194860285,83,19
48,8654,2437.99931350292,73,25
15,3643,282.521686340836,89,74
88,5807,4677.12867331861,88,0
77,6350,4241.47980891661,88,11
8,2061,123.163814980808,84,76
51,3099,973.509555749266,89,38
0,6791,438.917087931288,79,79
35,5036,860.768497322226,68,33
50,3051,924.589553391773,53,3
20,6584,620.123418251671,76,56
83,7764,5799.97627380744,98,15
26,3670,438.375642097561,77,51
22,7648,779.431362354055,80,58
62,1343,608.769368192826,82,20
55,6582,2377.97960976221,78,23
28,6646,859.76740355646,87,59
86,5831,4565.13401961478,90,4
64,3108,1495.92934272665,68,4
27,4054,503.947357924392,59,32
11,1218,81.1803376613476,46,35
74,7882,4931.3351641222,81,7
6,2340,130.565034598406,36,30
10,9776,627.934725087563,82,72
30,7281,1020.12431315139,80,50
57,2289,884.56786368392,79,22
34,8203,1347.62226879419,81,47
69,4795,2652.96667148933,79,10
70,2959,1680.16801319209,86,16
0,9701,626.996711827629,84,84
39,6702,1340.69933330908,45,6
95,2504,2219.68173511012,96,1
53,5479,1847.34920998735,81,28
65,7333,3633.75349481161,82,17
98,2660,2494.12669496508,98,0
48,4746,1337.04006723883,82,34
72,9529,5687.36899726423,72,0
2,9674,479.645555393592,50,48
94,5281,4607.34102500447,96,2
25,3123,358.468789392443,78,53
27,4207,522.966584802151,73,46
98,2829,2652.58812784068,98,0
46,5882,1538.46103424248,69,23
39,4049,809.980841624658,80,41
97,2671,2460.53012827949,97,0
81,2877,2076.27488059014,81,0
89,6397,5222.20437160346,90,1
70,2376,1349.13119274904,83,13
56,2804,1047.96189831376,71,15
52,2528,822.897668896596,77,25
42,9987,2244.16010297402,73,31
7,9706,560.138818220976,81,74
33,7381,1165.35432210225,43,10
55,2330,841.79466586842,72,17
76,9705,6347.07458305041,81,5
68,1306,703.613235886902,69,1
83,5860,4377.62248383715,84,1
37,1546,285.953219905221,74,37
63,7509,3508.41788654104,77,14
20,9807,923.686264093885,84,64
90,9997,8268.86087028062,90,0
80,7825,5544.79179225414,92,12
44,2376,576.321654700079,84,40
23,4614,489.200918336569,68,45
34,8580,1409.55736514131,88,54
34,7011,1151.79565116617,77,43
42,4290,963.997881421704,72,30
55,8371,3024.31894763285,63,8
62,6599,2991.26512338381,91,29
71,5844,3403.24928382342,86,15
85,9220,7110.84273746714,91,6
71,1234,718.619030841564,84,13
67,8802,4614.66641992684,85,18
53,2201,742.109073039269,87,34
60,6014,2561.58009649248,71,11
75,1298,830.578081832579,83,8
21,5232,512.561727319992,64,43
44,2002,485.604357200992,67,23
70,5229,2969.11069313331,90,20
45,1175,295.996857266004,51,6
12,5604,387.751089448762,68,56
46,5916,1547.3538725907,85,39
81,2580,1861.93576361577,82,1
91,3932,3294.58082679204,98,7
73,1493,912.656264416874,94,21
26,3973,474.568508461474,78,52
62,4133,1873.45033413325,76,14
61,7698,3383.43079644375,74,13
14,7283,543.609139345267,74,60
64,2338,1125.31621727635,77,13
43,3893,908.979211223786,68,25
28,9608,1242.94992677858,89,61
83,5537,4136.33032303861,89,6
53,8826,2975.854011197,71,18
83,5422,4050.42134937969,97,14
71,6935,4038.59236538593,79,8
99,6093,5802.85714285714,99,0
9,9685,599.80307143,44,35
67,8576,4496.18032461856,74,7
10,1914,122.940575267757,75,65
95,2686,2381.01642991445,96,1
33,3679,580.861475547239,88,55
35,3192,545.586386706224,49,14
58,1347,537.973659183964,64,6
55,3705,1338.56190431008,92,37
12,1877,129.873089738638,23,11
39,6426,1285.48700624353,91,52
81,5881,4244.20318830401,86,5
59,6636,2737.70298685105,60,1
44,6261,1518.66577444326,60,16
68,4574,2464.26258878001,91,23
55,3259,1177.42867642282,85,30
34,1973,324.132480352424,70,36
0,7137,461.279819844736,81,81
53,5991,2019.97976218912,75,22
89,6926,5654.05463150313,92,3
22,2607,265.68744268528,91,69
65,4365,2163.00750100269,69,4
36,1948,346.386843214204,86,50
81,6748,4869.90020654233,85,4
17,1540,129.006474356377,32,15
76,4817,3150.32027476083,84,8
68,8771,4725.4147717948,69,1
89,1341,1094.72816356421,93,4
3,6304,320.886362156982,70,67
34,1567,257.433145824759,73,39
61,4032,1772.1476969682,90,29
82,6455,4741.17033307029,93,11
87,7149,5678.4159605563,90,3
66,6962,3549.65476562087,76,10
6,2662,148.53167611152,56,50
65,6389,3165.96905473222,71,6
81,3289,2373.60725834584,86,5
52,7821,2545.83966314884,68,16
21,6154,602.8870164234,79,58
71,5332,3105.08644444669,74,3
35,7705,1316.96212705873,78,43
74,8577,5366.15855146868,85,11
9,4476,277.203773641784,50,41
83,9869,7372.48400904246,86,3
31,8949,1304.81968638892,44,13
35,8253,1410.62796036544,86,51
88,2254,1815.43792485968,90,2
1,5600,271.223563345819,90,89
2,4108,203.678306962671,56,54
34,1543,253.490328020168,74,40
52,8645,2814.06263750438,66,14
60,1746,743.684544142977,71,11
10,5845,375.43765017766,80,70
4,2087,109.329205483483,67,63
3,6030,306.939207456631,88,85
81,3993,2881.67035043324,91,10
93,1538,1322.91715251093,93,0
58,6900,2755.76707377086,83,25
89,8399,6856.54127201773,90,1
25,4630,531.447484754086,49,24
76,2873,1878.94335673404,80,4
89,4106,3351.94171483567,94,5
69,4475,2475.91780081642,79,10
90,1327,1097.60711962212,91,1
53,3011,1015.21600132723,81,28
47,6951,1887.14030156237,70,23
59,4146,1710.44553699284,78,19
6,3053,170.348312234587,90,84
65,8512,4217.98851054636,69,4
78,1052,717.164416645299,79,1
29,1988,267.647536996705,88,59
65,3410,1689.7721829139,82,17
37,9145,1691.48913068127,72,35
98,6975,6540.05026217347,99,1
51,1887,592.775905678885,76,25
48,1964,553.296816699761,79,31
7,7460,430.520872030546,88,81
16,9522,767.405337402806,67,51
3,1922,97.8336910002727,65,62
16,7850,632.654053624451,82,66
8,4027,240.650501177929,84,76
72,2521,1504.65497346029,73,1
49,6733,1967.64007484679,83,34
24,6678,736.66623965841,73,49
96,5791,5232.75482382711,97,1
75,7793,4986.66794431532,77,2
0,1241,80.2085268918758,44,44
11,4162,277.399478938037,72,61
70,9294,5277.28337769764,70,0
58,5018,2004.12161973655,71,13
74,2507,1568.49242025557,84,10
85,6018,4641.32880629905,87,2
25,3543,406.677848484606,46,21
18,1905,165.909633854609,57,39
85,4433,3418.91169796007,86,1
68,2242,1207.88734675225,74,6
54,9416,3287.06545332395,68,14
0,1082,69.9320113593954,72,72
26,1697,202.703941318681,60,34
93,6174,5310.59200234231,98,5
15,5592,433.670400773526,36,21
51,2392,751.414926541544,58,7
65,4710,2333.96685675204,80,15
48,2132,600.625668637419,72,24
7,6387,368.597427568244,83,76
56,8264,3088.57244210589,76,20
57,2301,889.205178827741,75,18
84,8386,6367.3597601524,95,11
43,6375,1488.50307514812,48,5
85,7842,6048.07253223615,88,3
30,5412,758.262983487889,86,56
95,5502,4877.27192754629,96,1
45,3257,820.478097119469,89,44
50,6540,1981.91271031865,86,36
61,4203,1847.30574661641,88,27
82,3456,2538.4174548553,88,6
36,8955,1592.3481421885,70,34
48,7112,2003.58806536085,76,28
63,2922,1365.24131901357,67,4
88,7263,5849.83391670622,89,1
59,9775,4032.70745878075,62,3
16,2253,181.575743033871,79,63
80,5867,4157.35379490799,85,5
4,7280,381.368766612245,88,84
14,2465,183.989637304144,85,71
67,2733,1432.84291361737,71,4
97,5443,5014.10164291473,98,1
44,8062,1955.51564822897,63,19
29,4587,617.554955836965,73,44
45,6334,1595.61199482797,86,41
80,6246,4425.91303954241,88,8
65,4902,2429.10945473429,65,0
74,1603,1002.90919412432,76,2
71,6554,3816.71728374036,71,0
23,4686,496.834742809961,49,26
59,2551,1052.42319461378,80,21
58,3775,1507.68415992536,74,16
60,4887,2081.55003850328,67,7
84,1380,1047.81260064516,85,1
52,9702,3158.1302150454,71,19
75,2024,1295.13870387453,83,8
72,6208,3705.2352539633,96,24
4,7489,392.31740290647,83,79
32,3317,503.290999726666,71,39
33,3542,559.231135196608,85,52
44,6085,1475.97528150252,63,19
46,3498,914.916133590649,75,29
14,9881,737.526006572921,72,58
29,4970,669.118842491762,48,19
53,9603,3237.83436092508,70,17
10,2756,177.024151221494,50,40
7,3864,222.993652751479,77,70
70,8700,4940.00057951038,76,6
16,6708,540.616992574882,57,41
66,9799,4996.13143469102,67,1
95,6311,5594.4135104952,96,1
82,7859,5772.40242410526,86,4
41,5521,1193.68488900868,69,28
20,4502,424.027282650216,44,24
80,5677,4022.71987279575,80,0
83,2258,1686.80402192906,87,4
14,7993,596.60412615498,83,69
91,2745,2300.00619774775,91,0
46,5742,1501.84346457333,67,21
36,2214,393.686073345097,83,47
94,7707,6723.87375112847,96,2
83,6450,4818.37287043509,91,8
71,3458,2013.76386438422,76,5
26,5870,701.162130548414,80,54
26,5131,612.889760109696,73,47
95,8048,7134.18474607279,95,0
24,6367,702.359081746795,77,53
51,8045,2527.22955017839,71,20
56,2017,753.82993897962,77,21
82,2327,1709.17170643758,86,4
87,6319,5019.15099381106,89,2
92,4310,3658.31878466708,92,0
71,3716,2164.0099826639,94,23
62,2317,1050.27447959998,79,17
19,6399,579.519543450408,86,67
57,4012,1550.40902975093,75,18
5,1224,66.1220843039027,79,74
47,3366,913.841786082426,47,0
86,6741,5277.57990502885,87,1
69,3704,2049.34067803889,72,3
46,3790,991.289921757736,79,33
32,4118,624.827355102324,62,30
58,9360,3738.25794355004,73,15
51,5303,1665.8667873954,87,36
36,5420,963.766268080589,39,3
18,5195,452.441232480153,79,61
34,6718,1103.66041713512,77,43
45,1611,405.830584728113,64,19
76,7892,5161.37172688653,80,4
42,6702,1505.99389307419,79,37
77,8083,5399.03642448393,91,14
67,3399,1782.00990244619,88,21
0,6655,430.127112381494,64,64
43,4945,1154.61140495803,55,12
87,7851,6236.01114929745,87,0
78,2677,1824.9516571858,83,5
82,4295,3154.65942378573,87,5
23,2015,213.641059915082,73,50
19,3954,358.090369558199,67,48
94,6432,5611.51627964945,99,5
13,1120,80.4755823324288,63,50
2,1508,74.7679861002209,76,74
85,3215,2479.5400651797,87,2
29,4499,605.707378746567,61,32
17,8836,740.195589229188,59,42
72,7681,4584.39303893237,77,5
78,2341,1595.89534160328,79,1
42,1911,429.41723808785,64,22
80,5922,4196.32677236154,89,9
33,4249,670.856322261544,38,5
81,8409,6068.61156443605,83,2
89,4169,3403.37189701654,95,6
34,6987,1147.85283336158,80,46
11,9905,660.173435579349,82,71
4,6560,343.650976507737,45,41
51,3447,1082.82911864076,72,21
68,7456,4016.95274638035,87,19
43,9806,2289.60959292588,80,37
30,5787,810.80337868522,41,11
41,5280,1141.57873826586,79,38
73,3177,1942.0689564986,92,19
42,2588,581.544642685168,85,43
78,4905,3343.81317836995,85,7
80,2256,1598.60067518535,91,11
26,3662,437.42005486683,64,38
57,9990,3860.56485723126,73,16
80,3522,2495.68775620691,87,7
12,2423,167.651836141033,89,77
92,4521,3837.41513352201,95,3
35,3252,555.841769914988,65,30
46,4863,1271.93743786487,81,35
9,2252,139.468922752748,50,41
39,3769,753.968335905986,78,39
30,1958,274.330916790334,87,57
50,9268,2808.61880722221,90,40
86,3967,3105.79431586552,91,5
83,3094,2311.32490870173,86,3
41,7101,1535.29367811096,83,42
87,9630,7649.06220452611,93,6
21,3508,343.667152033358,66,45
78,3510,2392.82043956749,81,3
17,4309,360.966816884175,68,51
45,8119,2045.27530565335,61,16
22,4927,502.125826662974,43,21
16,7094,571.725841581129,79,63
6,6786,378.638600335377,73,67
97,2870,2643.84929545568,97,0
59,9539,3935.34490530021,89,30
82,3871,2843.2332082595,85,3
0,8492,548.856414476881,90,90
93,9990,8592.9404119533,93,0
23,7115,754.37029344705,78,55
23,1066,113.023012342172,65,42
45,4724,1190.03332231881,55,10
52,9072,2953.05682445804,80,28
35,4191,716.338517132139,88,53
66,8153,4156.89964149769,70,4
64,9573,4607.63564926711,81,17
85,3710,2861.30439869882,90,5
14,4547,339.39183806164,34,20
32,6496,985.643151710708,53,21
71,5047,2939.11689518426,77,6
56,3670,1371.61917503976,88,32
12,8168,565.15897548492,76,64
21,3910,383.049761815972,76,55
46,8307,2172.72965172599,74,28
5,2186,118.090585202885,71,66
29,8554,1151.63834580977,61,32
6,8457,471.875426324238,79,73
4,3879,203.204594188035,68,64
57,3540,1368.00796742729,85,28
73,5769,3526.53314763627,83,10
55,2790,1007.98588745618,64,9
94,1856,1619.24350358044,98,4
30,2150,301.231599131367,87,57
87,4260,3383.69729919847,87,0
72,8925,5326.87252603455,81,9
57,5650,2183.40254688254,69,12
14,1191,88.8972243526311,59,45
27,8892,1105.35271501325,87,60
44,5076,1231.23262595017,77,33
47,3057,829.950784329761,77,30
10,6165,395.991978331099,80,70
41,1176,254.260718977397,75,34
52,4797,1561.4873883295,80,28
34,8628,1417.44300075049,73,39
88,8330,6709.22711361185,90,2
31,9966,1453.10459208313,49,18
6,5246,292.711184403092,69,63
57,6560,2535.06561195566,79,22
3,9684,492.935204810947,42,39
69,8703,4815.17600458219,79,10
15,9452,733.020856243091,82,67
71,5654,3292.60291764846,74,3
86,9780,7656.8359992853,89,3
95,2674,2370.37897750977,97,2
41,3944,852.724724189501,68,27
84,4057,3080.41718899813,89,5
7,1709,98.6273686729496,87,80
55,3783,1366.74215492714,79,24
97,5489,5056.47692778963,99,2
65,3047,1509.89320860371,84,19
80,8764,6210.16680732464,85,5
92,7491,6358.344783281,93,1
91,1197,1002.95352229656,97,6
52,6842,2227.16212444245,74,22
87,3231,2566.3675994625,90,3
34,9665,1587.80558672386,77,43
19,9367,848.313730817311,77,58
8,6176,369.073130189941,42,34
83,1957,1461.94662130875,85,2
23,3417,362.288586466419,78,55
44,6172,1497.07796835391,54,10
63,3709,1732.95005209491,95,32
6,8424,470.034124554261,82,76
37,5511,1019.33259695839,88,51
58,9680,3866.06163392782,67,9
1,6902,334.283041823722,66,65
17,5253,440.046110255877,53,36
86,7415,5805.2596047751,91,5
20,3989,375.709646932855,79,59
79,8991,6251.18546289097,83,4
33,5682,897.106524615226,72,39
25,3229,370.635837639513,91,66
95,7934,7033.12894822832,96,1
48,1116,314.398802157298,79,31
20,1712,161.247158573339,77,57
62,5336,2418.75900869465,78,16
99,7143,6802.85714285714,99,0
18,7266,632.808083773011,84,66
20,5905,556.170836083857,37,17
85,6317,4871.92988856615,95,10
93,4040,3475.02294937851,94,1
78,8499,5793.89769683308,86,8
43,8899,2077.83354756755,61,18
97,3209,2956.13672094679,97,0
72,1790,1068.35874751841,92,20
13,5528,397.204481369345,87,74
71,2163,1259.62152650754,79,8
77,9205,6148.47584898857,87,10
74,3845,2405.60564654274,84,10
60,4804,2046.19733680576,87,27
17,9379,785.682937005495,85,68
36,7055,1254.49649839641,80,44
60,1163,495.363759930287,60,0
41,2477,535.54744975086,73,32
52,7664,2494.7340721612,84,32
13,4146,297.903361027009,20,7
97,6648,6124.14986626807,97,0
7,1970,113.689828136753,72,65
73,7991,4884.81996581061,78,5
50,9388,2844.98417805374,77,27
4,9576,501.646608389953,65,61
40,3430,713.397775955178,82,42
90,9742,8057.94164232007,97,7
15,5586,433.205089184713,79,64
1,8567,414.923619139934,56,55
83,5349,3995.88782697012,83,0
25,3922,450.180785141582,73,48
35,3493,597.034225803522,77,42
99,9189,8751.42857142857,99,0
32,7019,1064.99835003963,65,33
51,2768,869.530316332355,53,2
33,1453,229.407916273482,79,46
92,1358,1152.66749642179,93,1
32,8893,1349.34183315322,39,7
38,4241,815.841320051357,73,35
30,1676,234.82053960194,80,50
52,1099,357.739136913512,63,11
70,9421,5349.39602983532,84,14
14,2222,165.851916466454,86,72
71,5855,3409.65512607565,76,5
46,3834,1002.79830079661,71,25
58,7121,2844.03149743802,71,13
53,9691,3267.50523708476,71,18
62,7053,3197.05908701713,67,5
67,6519,3417.74714741003,91,24
30,1392,195.029946972495,81,51
40,1832,381.033447682183,84,44
17,4266,357.364688054744,66,49
69,4676,2587.12662270784,85,16
75,1652,1057.09937687783,82,7
46,4465,1167.83891837686,79,33
40,3932,817.807596226169,72,32
65,1579,782.448761531097,75,10
27,9032,1122.75592914976,54,27
45,7028,1770.43907477913,81,36
4,4943,258.943106231364,39,35
55,2289,826.98197003125,78,23
42,5205,1169.60582116549,88,46
45,4470,1126.04761870556,80,35
59,7498,3093.32383897065,69,10
28,2881,372.703865429756,80,52
2,3157,156.526878062598,89,87
39,4657,931.60799689949,87,48
96,1794,1621.06063787702,97,1
62,1624,736.14404612446,67,5
7,4443,256.408074320606,51,44
35,3546,606.09314763793,65,30
89,1373,1120.8514307037,92,3
49,1778,519.599592021029,82,33
42,6217,1397.01044960344,77,35
6,2808,156.678041518087,89,83
90,2575,2129.87063528785,91,1
29,7186,967.462374677224,77,48
7,7765,448.122596691313,11,4
13,1881,135.155866399374,47,34
19,8737,791.258360857355,29,10
39,5941,1188.46534455226,42,3
69,5703,3155.3428420237,88,19
38,5335,1026.29413875831,86,48
85,2436,1878.74326556073,90,5
60,3739,1592.57532104845,74,14
33,1403,221.513631473981,50,17
13,4840,347.76948079371,42,29
42,3280,737.042669245499,70,28
23,6046,641.029205085153,76,53
56,7668,2865.82447798499,90,34
14,7277,543.161294386311,54,40
55,4837,1747.53682352169,89,34
74,1799,1125.53564580764,76,2
46,9353,2446.31520796836,81,35
13,9909,711.993344046462,67,54
14,6507,485.687857987045,65,51
75,2474,1583.08950266086,81,6
37,9089,1681.13118739881,55,18
53,2458,828.761518187425,72,19
0,6516,421.143240312218,82,82
16,6012,484.524352915949,55,39
94,6185,5396.0242832139,97,3
1,2893,140.116030135617,71,70
35,2245,383.722255061239,57,22
98,7895,7402.68054765011,98,0
56,4167,1557.36705787212,83,27
17,1458,122.13729844909,71,54
75,3544,2267.77251310837,75,0
57,5824,2250.64361646795,86,29
35,8929,1526.17194451751,89,54
56,7773,2905.06698844253,72,16
94,5013,4373.52784668574,97,3
87,5505,4372.59474931633,87,0
93,3001,2581.32274036755,93,0
26,4930,588.880630937595,89,63
10,6127,393.551151862878,39,29
98,1000,937.641614648526,99,1
39,7794,1559.1481056119,85,46
12,2194,151.80690404186,63,51
18,6489,565.137855161446,86,68
76,6223,4069.84493872465,87,11
39,3608,721.761145117749,65,26
54,3870,1350.99227956284,69,15
25,1675,192.262318998508,42,17
70,8076,4585.68329656619,83,13
31,5761,839.989519866638,45,14
5,7168,387.224755139195,70,65
6,3835,213.98158448072,84,78
43,6115,1427.79549874992,69,26
52,9079,2955.33541768679,75,23
33,5726,904.053495238786,75,42
99,6624,6308.57142857143,99,0
27,1551,192.802750898059,68,41
6,5822,324.8502698427,79,73
10,8349,536.275267978321,85,75
29,5724,770.631037107213,69,40
12,5424,375.296557667753,88,76
57,7920,3060.62799492208,71,14
87,4236,3364.6342158227,88,1
57,8631,3335.38891719349,81,24
50,2036,616.999125108374,76,26
73,9651,5899.56169315958,77,4
83,1747,1305.06936506203,84,1
0,8214,530.88867033833,79,79
27,5317,660.949211170201,64,37
41,7914,1711.07085883258,65,24
77,2681,1790.77281381188,79,2
85,4082,3148.20607964652,88,3
90,8777,7259.75711297919,95,5
51,3859,1212.25342873069,75,24
89,7773,6345.50485860148,92,3
39,3572,714.559537239634,65,26
49,6881,2010.89133447508,82,33
23,9199,975.327101815799,65,42
20,5942,559.655733786669,88,68
2,8199,406.513738750472,66,64
28,4090,529.107535441757,79,51
28,7467,965.977009081565,63,35
96,1977,1786.41966615545,96,0
73,3488,2132.18020782723,76,3
92,3853,3270.41816179171,97,5
72,9519,5681.40051264122,88,16
25,5693,653.462317646871,54,29
40,9657,2008.53712023299,84,44
94,1920,1675.07948646252,98,4
33,9737,1537.33302185471,87,54
41,6214,1343.51709840607,53,12
26,2471,295.157005891845,70,44
25,1456,167.124738186166,65,40
15,4703,364.726733697763,85,70
61,5892,2589.65630717675,77,16
90,2329,1926.39561537297,92,2
10,4530,290.972207922122,85,75
12,7815,540.734254825496,89,77
44,2214,537.026996425073,79,35
18,6491,565.312038504076,89,71
66,6074,3096.89788083613,93,27
51,6302,1979.68932569599,62,11
80,3025,2143.51375994489,89,9
37,8200,1516.69883778966,76,39
63,3933,1837.60920865174,86,23
37,2245,415.242547663145,70,33
14,6909,515.693470237052,69,55
82,2627,1929.52044383821,86,4
87,1036,822.889765720566,91,4
56,9520,3557.98761481705,71,15
85,2092,1613.43633479189,98,13
32,9508,1442.65626331056,83,51
17,2203,184.546274679935,23,6
89,1031,841.659013150409,89,0
11,5318,354.447484140432,58,47
52,1666,542.30518844214,63,11
70,4965,2819.2072272723,77,7
91,3577,2997.1301163365,93,2
55,6458,2333.18023698638,84,29
23,2505,265.593476470114,89,66
0,8154,527.010739948715,1,1
16,6057,488.151032204242,76,60
26,9596,1146.22688326109,50,24
5,1176,63.5290613900242,79,74
0,8920,576.51898458947,0,0
0,5070,327.68511792249,24,24
36,6027,1071.70097743943,66,30
23,9088,963.558289085986,74,51
10,3537,227.189558370981,89,79
69,9861,5455.87160532977,81,12
62,8399,3807.18832721634,62,0
12,2825,195.466957118621,84,72
76,8055,5267.973803861,77,1
38,1991,383.008740443822,74,36
50,4815,1459.16050461533,50,0
55,5558,2008.02349909729,60,5
3,5159,262.60354415734,75,72
31,2486,362.474213919191,81,50
98,4596,4309.40086092463,98,0
34,3059,502.54498601017,68,34
2,1662,82.4034435666891,80,78
0,3578,231.253915567391,80,80
52,3264,1062.47547123358,70,18
50,1813,549.420144313105,51,1
79,7619,5297.27305547395,90,11
35,3449,589.513611450429,61,26
37,9538,1764.17969693144,88,51
30,2433,340.882084040287,90,60
51,7434,2335.29204176833,62,11
40,4755,988.981464917455,71,31
64,6288,3026.51341926163,88,24
26,6409,765.544820218874,71,45
64,1729,832.194927147481,72,8
23,8011,849.368998004823,80,57
62,4010,1817.69558187136,94,32
85,1955,1507.77630713105,86,1
53,7807,2632.27875202979,55,2
17,2412,202.054296199729,73,56
53,4075,1373.96386762154,91,38
97,4112,3787.98198707796,97,0
59,3217,1327.1836209614,75,16
56,2867,1071.50740458828,90,34
36,4405,783.282363633763,78,42
1,8370,405.382361643661,85,84
50,9835,2980.44518440121,88,38
18,1512,131.68260702791,79,61
24,2685,296.188807050439,82,58
83,4399,3286.20500109208,90,7
10,5924,380.511999940541,89,79
21,2321,227.380689814545,59,38
23,4863,515.601227973718,91,68
24,9161,1010.57194092703,67,43
67,2254,1181.71530453478,78,11
55,6082,2197.3369776016,74,19
93,5155,4434.09487723917,97,4
81,1313,947.566533964149,82,1
53,2102,708.729337359629,79,26
48,2690,757.825069716068,77,29
9,3397,210.380075750925,87,78
20,1503,141.562195873673,82,62
0,2306,149.041791307547,79,79
9,9045,560.167143116608,69,60
33,8521,1345.34401553086,85,52
59,8508,3510.00256361193,76,17
35,3578,611.56268534927,82,47
2,3610,178.987022428248,69,67
80,6235,4418.1184440517,88,8
35,4280,731.550668891805,39,4
48,6939,1954.85061663933,72,24
96,5050,4563.1862994866,98,2
11,3529,235.209697542607,85,74
55,6059,2189.02741652221,80,25
56,4004,1496.44773211423,79,23
88,8461,6814.73836833972,94,6
6,5598,312.351736616186,61,55
22,9162,933.727790518809,84,62
56,2112,789.335067488824,77,21
63,5084,2375.38907113792,81,18
25,2206,253.212343707886,43,18
71,9287,5408.27790877277,71,0
48,3148,886.85253511754,76,28
39,6328,1265.882629242,83,44
8,1232,73.6233964368535,26,18
59,9816,4049.62213968203,60,1
65,3197,1584.22336327734,90,25
45,9963,2509.80143739677,87,42
94,2165,1888.826608433,94,0
49,3940,1151.41866848304,71,22
4,2930,153.490451397511,48,44
79,5800,4032.57431706903,83,4
0,1154,74.5855278269337,49,49
13,5473,393.252555451235,76,63
89,4406,3596.84734426838,90,1
20,3602,339.259500689933,37,17
25,3664,420.56664884211,85,60
34,5205,855.098611370688,51,17
25,1376,157.942060263849,72,47
2,5706,282.908573400438,59,57
17,7068,592.089455033036,74,57
2,1211,60.042460986318,64,62
57,2207,852.879543534474,58,1
91,9232,7735.39425049443,94,3
58,5874,2345.99649149711,93,35
38,3611,694.648197761247,92,54
99,4720,4495.2380952381,99,0
70,5822,3305.825675162,89,19
78,1242,846.69030938542,93,15
15,8153,632.280897265121,87,72
11,5905,393.571341453413,70,59
31,3004,438.001825669047,62,31
46,6762,1768.62861502,53,7
14,3992,297.966179358273,91,77
92,1371,1163.70186862612,92,0
88,1322,1064.77770038354,91,3
30,6704,939.282158407762,72,42
14,5630,420.227853153076,77,63
61,3025,1329.55029348433,89,28
98,5386,5050.13773649696,98,0
70,3567,2025.40023759926,84,14
49,6410,1873.24712309044,71,22
39,9659,1932.23140263092,67,28
23,4524,479.658637744828,85,62
86,1320,1033.4379876336,89,3
77,3049,2036.57825785618,89,12
25,3437,394.510800237536,58,33
21,4177,409.20686831338,84,63
42,8128,1826.42768769129,80,38
79,8828,6137.85621915265,79,0
28,3135,405.562866408291,86,58
40,6947,1444.89048092146,80,40
92,3079,2613.448616703,92,0
31,2253,328.501369251785,58,27
61,7094,3117.96025850507,90,29
22,6210,632.880329526501,72,50
52,4598,1496.71023796936,59,7
62,2517,1140.93261335915,78,16
3,6343,322.871541110682,74,71
28,1258,162.742611145655,68,40
22,8162,831.814693976699,69,47
81,4963,3581.70046311049,89,8
85,7859,6061.18363055903,90,5
21,8397,822.626304339826,52,31
50,8795,2665.27863719457,70,20
35,1658,283.390422668835,47,12
65,5803,2875.58591714057,76,11
33,4955,782.32362363049,55,22
69,2373,1312.92803158377,77,8
80,7581,5371.89349227842,84,4
59,5956,2457.16681580544,72,13
70,2716,1542.18868666094,77,7
67,7246,3798.89489647692,69,2
11,6023,401.436103230128,69,58
72,8007,4778.96563764242,89,17
38,6717,1292.14952765503,38,0
9,1347,83.4212428720919,80,71
37,6987,1292.33838776053,72,35
98,1676,1571.48734615093,99,1
77,4719,3152.05405012244,91,14
75,6011,3846.38278112144,86,11
48,3751,1056.72930725092,91,43
56,3705,1384.70001185894,76,20
9,9407,582.58621506887,82,73
45,7876,1984.06063644855,70,25
99,6073,5783.80952380952,99,0
19,1881,170.351033166154,74,55
3,4290,218.369684906956,69,66
55,6706,2422.77898253804,77,22
20,6268,590.360508141172,83,63
28,9685,1252.91111998861,65,37
89,5003,4084.20954683947,90,1
75,9935,6357.31374653827,80,5
79,8165,5676.89125842562,86,7
23,3745,397.064897956318,88,65
60,8981,3825.3326981375,76,16
0,5260,339.965230822939,70,70
0,2431,157.120812952579,56,56
89,1510,1232.69166814463,96,7
79,7247,5038.63208203435,79,0
20,5493,517.366029230928,83,63
28,5300,685.640571599343,68,40
4,2827,148.094711979783,48,44
3,3253,165.584285548328,86,83
5,7419,400.784104126351,77,72
90,6494,5371.40967206185,96,6
99,1012,963.809523809524,99,0
67,5166,2708.40339983436,75,8
4,6690,350.461133054385,75,71
33,7980,1259.92785400026,88,55
31,9843,1435.17042944755,88,57
51,3494,1097.59354236461,72,21
34,4657,765.070938165859,90,56
40,2095,435.734210095072,62,22
48,5644,1590.02404961988,83,35
25,9787,1123.38586032143,88,63
88,4967,4000.5679559796,89,1
19,2346,212.463330041359,79,60
21,1343,131.569266015051,85,64
30,1001,140.247828246744,56,26
93,3267,2810.12375634149,96,3
4,7135,373.772822771754,80,76
22,6747,687.607662369614,88,66
88,2389,1924.17089728916,97,9
33,2785,439.711663332172,66,33
35,6197,1059.2101624118,78,43
96,5395,4874.92872984757,97,1
67,2308,1210.02614146684,89,22
34,6038,991.947246005037,48,14
43,6645,1551.54555833086,61,18
1,3892,188.500376525344,79,78
71,6920,4029.85712595107,90,19
40,3802,790.769196554399,61,21
71,6462,3763.14114853986,78,7
89,7478,6104.68098965932,90,1
11,4071,271.334281296672,89,78
96,1900,1716.84237010387,99,3
58,3311,1322.36880887758,78,20
85,2488,1918.84780160719,93,8
45,6368,1604.17701027227,77,32
63,2941,1374.1186581858,94,31
25,1143,131.197510815102,42,17
67,9836,5156.76651970011,77,10
43,2797,653.073427637536,89,46
1,9176,444.419181653792,78,77
53,5975,2014.58505743282,85,32
21,2468,241.78179339177,69,48
50,1546,468.50719421294,77,27
67,5361,2810.6369776446,74,7
57,7095,2741.81257878436,62,5
78,5467,3726.93713479073,84,6
50,2383,722.155655762896,90,40
96,6496,5869.79370326039,96,0
9,3251,201.338129604433,69,60
87,3252,2583.04779741629,87,0
5,1252,67.6346810036652,74,69
68,2211,1191.18596060179,87,19
91,4832,4048.68121949622,92,1
59,1411,582.112554919656,75,16
60,6320,2691.91656299176,92,32
41,6265,1354.54371121887,69,28
76,2421,1583.33514328336,78,2
21,8652,847.607810545215,72,51
50,7124,2158.89084836545,85,35
23,7508,796.038252030984,72,49
95,2035,1803.9346369605,95,0
68,4576,2465.34009756391,73,5
6,3893,217.217811834014,80,74
41,2067,446.902131059761,82,41
50,3658,1108.53772084795,63,13
3,1497,76.2003306073924,83,80
52,7342,2389.91878363877,82,30
21,3537,346.508186072403,79,58
82,6380,4686.08314872013,84,2
3,8921,454.096960152671,80,77
19,8403,761.009958370648,64,45
25,2784,319.557191696625,75,50
49,3932,1149.08076255719,86,37
14,8209,612.726544677371,76,62
66,5678,2894.99278356726,86,20
35,6461,1104.33384853036,65,30
9,1046,64.7799703371998,57,48
5,3119,168.492468091399,83,78
55,4730,1708.87930023932,83,28
6,6200,345.941544662443,39,33
83,3894,2908.95255154639,86,3
96,3844,3473.44319509436,97,1
40,4276,889.35536151147,76,36
37,7678,1420.14800933525,57,20
35,3919,669.847446585744,67,32
17,6294,527.251136103272,74,57
37,5462,1010.26939658623,67,30
20,5308,499.94154071687,84,64
89,5210,4253.19443114804,89,0
51,5391,1693.51081479325,61,10
61,6001,2637.564069818,65,4
5,9082,490.621543830101,80,75
85,4471,3448.21885891709,97,12
77,2863,1912.33963668162,84,7
12,1284,88.8423267045344,74,62
6,3575,199.474358414231,85,79
96,4405,3980.36349489871,96,0
18,3010,262.145930657413,68,50
52,6123,1993.11804851814,84,32
40,6092,1267.06100615713,64,24
60,5559,2367.77914140367,65,5
86,5882,4605.06230550062,87,1
23,3658,387.840693384302,84,61
2,1737,86.1220105146444,86,84
49,4852,1417.93994403039,74,25
96,4985,4504.4522184041,96,0
17,6088,509.994425897159,78,61
18,9159,797.672617571842,62,44
95,4908,4350.71803351457,98,3
14,8373,624.96764022215,74,60
19,2695,244.070193717589,74,55
23,6490,688.104456004407,81,58
30,2632,368.763520425004,71,41
19,7394,669.630802355417,89,70
88,5103,4110.10635783448,91,3
72,2925,1745.78175222981,74,2
28,7991,1033.76486936799,49,21
83,9152,6836.86023414293,89,6
13,2556,183.656775394364,87,74
81,5648,4076.05162515576,90,9
42,3074,690.752794286788,78,36
60,4071,1733.98612783852,78,18
94,8450,7372.09461490016,96,2
72,8692,5187.80683431846,85,13
14,2932,218.846903276167,34,20
31,3296,480.577236153522,62,31
27,9463,1176.33296695573,79,52
17,1618,135.54056851209,58,41
23,3678,389.961200182466,80,57
45,5120,1289.79056102293,61,16
77,4199,2804.72027049462,86,9
93,3533,3038.92477231542,99,6
22,4635,472.367202472678,48,26
20,7860,740.305295786472,79,59
43,9039,2110.52224255119,77,34
84,6985,5303.6021851496,87,3
56,4794,1791.70090603287,73,17
74,3599,2251.69693677694,84,10
11,8135,542.202008928623,52,41
22,6420,654.282079800344,75,53
8,1884,112.586427668045,76,68
28,5124,662.872129976422,88,60
60,1057,450.214526437071,63,3
99,3349,3189.52380952381,99,0
72,8569,5114.39447345547,87,15
99,5851,5572.38095238095,99,0
77,2674,1786.09716677843,79,2
65,7125,3530.68234699751,83,18
1,7372,357.046448033103,88,87
67,6971,3654.71933802658,80,13
52,3943,1283.49901442218,85,33
69,4793,2651.86011604762,83,14
73,6549,4003.33950145084,91,18
41,4007,866.345834134718,90,49
89,7898,6447.54887086511,90,1
16,3463,279.093119452417,77,61
8,5136,306.923509821168,34,26
96,5249,4743.0029477238,97,1
14,8850,660.571314459098,83,69
10,5779,371.198319996013,64,54
27,3582,445.27366454987,68,41
74,9208,5760.94064846958,77,3
52,2138,695.947474723466,71,19
78,5837,3979.17176802149,85,7
98,2331,2185.64260374571,98,0
59,1073,442.669575782276,69,10
42,9209,2069.33717715909,72,30
59,7660,3160.15745619034,70,11
9,8600,532.607786711203,75,66
0,1043,67.4113566061454,75,75
11,1730,115.305405709467,50,39
51,7971,2503.9834362302,72,21
25,2118,243.111397993338,77,52
66,9027,4602.51846728808,88,22
28,5668,733.247313174543,76,48
65,4984,2469.74327262254,83,18
18,3134,272.945297900443,66,48
47,5046,1369.94820337847,63,16
71,5366,3124.88632049905,82,11
3,8275,421.214252355493,55,52
98,9471,8880.40373233619,98,0
21,4259,417.240136975505,69,48
9,2681,166.037380950318,72,63
90,2333,1929.70415228215,91,1
53,5364,1808.5747695514,84,31
82,8367,6145.52628610366,93,11
10,9599,616.565612327692,69,59
24,4418,487.360204673683,73,49
79,7616,5295.18724117202,92,13
99,8994,8565.71428571428,99,0
28,5839,755.368924069541,77,49
0,9671,625.057746632821,79,79
70,6318,3587.46248980995,72,2
64,3924,1888.68299255449,78,14
2,1602,79.4285900083249,61,59
89,9908,8088.41658806426,90,1
54,7269,2537.56146773702,84,30
90,6533,5403.6679069264,90,0
28,1138,147.218673675482,76,48
37,5125,947.936773618538,87,50
95,8912,7900.08131920983,95,0
39,7772,1554.74712301972,74,35
92,1221,1036.38218934536,92,0
31,7286,1062.34397530781,48,17
97,2528,2328.79826442925,97,0
92,8167,6932.13213790628,93,1
29,9546,1285.19285119243,57,28
52,1661,540.677621850177,93,41
1,3991,193.295221663065,77,76
55,8159,2947.72647159675,58,3
20,7156,673.998053008651,76,56
23,4546,481.991195222809,72,49
7,2657,153.336991552971,64,57
71,7120,4146.3269850826,91,20
89,6527,5328.33014435763,90,1
62,5110,2316.31531754679,75,13
9,5760,356.723354820527,71,62
78,8812,6007.2745622418,84,6
39,4003,800.778787113734,77,38
87,9818,7798.38969096961,94,7
72,4504,2688.20547420276,83,11
41,8665,1873.44313770335,56,15
87,5222,4147.80922451042,91,4
9,3824,236.824671672516,78,69
14,3474,259.302231235131,65,51
71,7180,4181.26794282206,77,6
59,6436,2655.19234830823,78,19
9,6823,422.556154503551,84,75
42,3675,825.802380938173,76,34
1,3323,160.942125178242,89,88
13,5317,382.043456483504,58,45
44,7415,1798.57957474793,63,19
49,1129,329.936973786131,72,23
24,7131,786.637759060216,90,66
37,3339,617.592368217034,68,31
77,3944,2634.39312856175,84,7
13,9568,687.491403354178,77,64
95,3762,3334.84132886753,97,2
43,7374,1721.76026292427,75,32
31,5332,777.438659942529,63,32
90,1673,1383.79556226663,95,5
76,5515,3606.81260438156,83,7
49,6355,1857.17401985019,76,27
41,7802,1686.85555226331,79,38
70,3829,2174.16807114313,77,7
49,5494,1605.55689458016,86,37
97,9831,9056.33533924209,97,0
86,4789,3749.34433543735,88,2
42,4527,1017.25370843731,83,41
32,3352,508.601577052693,74,42
98,8677,8135.91629030526,99,1
40,3460,719.637406648664,73,33
7,6758,390.008050024455,26,19
82,1018,747.716715579482,86,4
88,3826,3081.57298159411,88,0
63,4719,2204.85071335559,69,6
82,5873,4313.69378251306,83,1
71,3820,2224.5743094123,72,1
21,3260,319.371412664979,33,12
17,9309,779.819006352933,74,57
55,8660,3128.73038902168,82,27
71,5948,3463.81361057182,72,1
78,6089,4150.96400470839,88,10
67,7000,3669.92330600862,80,13
59,1128,465.360001381553,83,24
32,2100,318.634639561651,74,42
17,6336,530.769494494809,28,11
42,3875,870.744007111679,76,34
29,6322,851.140708698777,86,57
21,6816,667.740965866411,58,37
60,1484,632.089268905027,76,16
16,5784,466.149177855265,57,41
62,1017,460.996610165379,73,11
9,3085,191.057560698147,62,53
46,6752,1766.01307432935,61,15
21,6897,675.676267837535,58,37
84,4441,3371.98243439504,96,12
55,6921,2500.4553143671,74,19
97,7862,7242.48890622737,98,1
58,1854,740.462631126258,84,26
19,8351,756.300626246969,86,67
61,2129,935.739694158061,82,21
80,2739,1940.85427718647,88,8
4,2086,109.276819663893,71,67
46,6294,1646.22131069741,88,42
42,1031,231.674082924424,84,42
94,4439,3872.74887521205,98,4
88,1261,1015.64650543392,97,9
17,8821,738.939032660782,81,64
25,4474,513.541262805568,75,50
99,7676,7310.47619047619,99,0
72,4450,2655.97565723851,82,10
57,5601,2164.46684337861,73,16
86,8579,6716.564012052,86,0
67,9902,5191.36865372819,83,16
3,5082,258.684088274394,66,63
75,1862,1191.47641631145,78,3
46,6599,1725.99530176235,60,14
91,6296,5275.35119162835,98,7
39,5639,1128.0518562414,79,40
84,3318,2519.30594850771,86,2
80,9076,6431.24987942474,86,6
65,4780,2368.6542622664,80,15
67,7318,3836.64267905301,73,6
45,6725,1694.10967243734,82,37
16,8744,704.704082151873,82,66
42,5670,1274.0951020189,80,38
20,4129,388.895746348899,81,61
3,8691,442.389494528288,79,76
93,2531,2177.05026853392,94,1
51,4091,1285.13313732502,82,31
15,8929,692.461196084909,89,74
61,2321,1020.12767972798,79,18
29,5944,800.249979833206,91,62
15,1714,132.924010537522,62,47
43,1036,241.896342878973,81,38
15,9747,755.898676026387,70,55
69,6643,3675.42389962536,91,22
3,9550,486.114333534133,67,64
57,7646,2954.74263247149,61,4
87,5588,4438.52124599085,89,2
58,9113,3639.60947003969,77,19
72,5969,3562.58847147341,85,13
20,2937,276.625528463724,85,65
4,5830,305.409328207334,21,17
73,8070,4933.11189138926,76,3
78,8613,5871.61323247715,80,2
97,3446,3174.46155823703,99,2
85,1491,1149.92044702424,97,12
93,1583,1361.62409130351,97,4
55,3011,1087.82993087116,76,21
57,2248,868.723703609197,66,9
51,3264,1025.34210712023,79,28
11,8137,542.335309975686,59,48
74,2160,1351.39354916315,74,0
22,4225,430.582832890413,70,48
22,9712,989.779993616969,73,51
45,1020,256.950463328787,75,30
52,2120,690.088234992399,63,11
59,3960,1633.71064314801,73,14
40,6110,1270.80478457322,84,44
48,8030,2262.20643487733,83,35
39,8568,1713.98267499137,80,41
53,4128,1391.83382712681,72,19
31,6660,971.069293926715,66,35
3,9651,491.255438003971,45,42
49,4869,1422.90799412283,87,38
57,1566,605.169626268684,85,28
32,7380,1119.77316188809,63,31
20,1517,142.880805815277,80,60
91,4516,3783.90819272453,92,1
64,5715,2750.71949603693,89,25
39,7526,1505.5361358526,72,33
97,6607,6086.3805906187,99,2
52,1277,415.680507587403,78,26
82,4810,3532.92475632349,83,1
30,1332,186.623483740922,47,17
38,6862,1320.04318278529,57,19
52,9255,3012.62576172389,65,13
19,2831,256.386908502595,84,65
65,3363,1666.48206778282,74,9
54,9691,3383.06619670373,81,27
97,4654,4287.27338712569,99,2
45,5803,1461.84660656564,63,18
12,4116,284.793626725751,56,44
63,3620,1691.36672649868,80,17
23,5900,625.549505458551,77,54
86,2372,1857.05674747492,94,8
95,1276,1131.11577236442,97,2
46,8565,2240.21060154486,86,40
98,6585,6174.37003246054,99,1
2,9908,491.247484271213,83,81
52,3672,1195.28490513778,74,22
34,4801,788.727844993405,89,55
81,1831,1321.39704774437,92,11
36,7764,1380.56850652725,77,41
35,6400,1093.90754226812,69,34
75,1233,788.985188674553,89,14
17,8440,707.022495823263,67,50
22,9342,952.072147896389,72,50
50,1915,580.33070951991,91,41
31,1858,270.907920137513,76,45
8,8941,534.307457420379,84,76
4,4621,242.074872323514,78,74
28,7279,941.656173711626,81,53
81,9955,7184.32966154844,82,1
31,2962,431.877965256896,75,44
89,1717,1401.6765524532,89,0
71,9535,5552.70053409587,87,16
98,3273,3068.90100474463,98,0
85,4223,3256.95107161863,86,1
88,5010,4035.20142127195,92,4
47,9625,2613.10968242524,79,32
76,7088,4635.55534720879,84,8
65,4557,2258.15009898493,93,28
53,7134,2405.36398321769,81,28
2,3836,190.192304164753,60,58
67,8271,4336.27652342818,81,14
46,8220,2149.97444771731,72,26
5,9235,498.886804368089,75,70
17,7532,630.958938215736,47,30
50,1492,452.14277733875,84,34
20,4893,460.854174590739,76,56
90,3086,2552.53622543623,91,1
84,9506,7217.75839256007,93,9
70,3533,2006.09448820807,80,10
50,3028,917.619523982395,86,36
39,3585,717.160117862287,54,15
93,4198,3610.92731225025,93,0
69,5330,2948.97025214559,79,10
23,3086,327.194198956795,75,52
46,6276,1641.51333745423,80,34
34,7401,1215.86644049077,37,3
50,8105,2456.17775491325,57,7
14,9944,742.228378641951,65,51
27,3730,463.67134806561,84,57
5,2855,154.230842065067,85,80
32,9834,1492.12049783299,81,49
22,8738,890.516637584954,82,60
25,3475,398.872572250637,78,53
52,2974,968.076608899714,85,33
4,2361,123.682920051032,79,75
32,6657,1010.07180741044,64,32
34,2714,445.866980069174,75,41
68,8678,4675.31061334344,88,20
23,1356,143.770360915559,59,36
87,9413,7476.70015900356,92,5
52,6238,2030.55208013329,61,9
13,8793,631.805174508077,71,58
20,3043,286.609289450157,71,51
97,4083,3761.26713356988,99,2
62,1306,591.99761344738,73,11
47,1617,439.00242664744,55,8
38,2568,494.006250858732,69,31
66,8466,4316.48624615718,85,19
23,4011,425.267638371907,81,58
40,4852,1009.15627082639,77,37
72,3649,2177.90003893558,77,5
18,1996,173.834975944251,82,64
10,4126,265.022368628405,86,76
26,3736,446.259236751086,78,52
57,4170,1611.46701247791,71,14
51,9008,2829.74316817986,68,17
65,7211,3573.29830234373,73,8
98,7761,7277.03657128721,99,1
90,5491,4541.79404208371,92,2
65,4569,2264.09651135882,73,8
20,6719,632.838585545713,86,66
66,8052,4105.403644467,79,13
54,7803,2723.97745669995,72,18
13,1971,141.622654265373,84,71
33,5298,836.478417355062,78,45
15,4363,338.359076998372,72,57
5,6919,373.77344877345,87,82
43,3615,844.068802613405,91,48
92,3808,3232.22225800748,92,0
99,7246,6900.95238095238,99,0
73,6476,3958.71531705537,88,15
66,4863,2479.45577782452,71,5
79,9768,6791.41136709143,86,7
0,4056,262.148094337992,77,77
8,3247,194.03828590135,57,49
75,3464,2216.5812599908,79,4
9,4811,297.950704868325,56,47
8,1908,114.020649676556,69,61
83,8472,6328.87673772497,84,1
43,2832,661.245601383447,83,40
9,9989,618.630137378861,83,74
46,9301,2432.71439637697,53,7
18,7323,637.772309037952,71,53
93,8881,7639.029409265,94,1
6,5703,318.210424066114,86,80
79,1720,1195.86686644116,86,7
49,8490,2481.10266381245,89,40
62,4190,1899.28790225461,80,18
56,5968,2230.46954676766,81,25
88,4850,3906.33271320738,97,9
81,8462,6106.86063244831,91,10
29,2941,395.951411623395,70,41
14,5010,373.950540727693,85,71
29,6401,861.776601768566,57,28
23,7568,802.399772425477,77,54
59,1103,455.0461715637,74,15
34,6783,1114.33888202255,59,25
13,8426,605.435050654505,90,77
38,6349,1221.35735463477,72,34
78,5161,3518.33227595664,80,2
48,1769,498.361542129266,84,36
70,4346,2467.72902512093,95,25
47,7331,1990.3072292841,72,25
61,5916,2600.20480537299,66,5
78,4324,2947.73663267516,90,12
43,2496,582.792733422699,89,46
43,2680,625.755018258347,52,9
18,2295,199.875385667363,66,48
23,5522,585.471926973241,91,68
58,9336,3728.67266677171,62,4
69,9099,5034.27398203991,76,7
43,7526,1757.25084604937,55,12
13,8469,608.524738190482,88,75
7,7378,425.78860507257,87,80
89,4841,3951.96050694581,92,3
5,5364,289.770310625926,89,84
44,2451,594.513626123692,69,25
53,9773,3295.15309896082,74,21
37,8806,1628.78658116777,53,16
59,5584,2303.69702811578,87,28
28,3236,418.628847112354,83,55
12,2381,164.745778725465,88,76
46,7410,1938.11565177436,83,37
26,5095,608.589617571409,87,61
46,8434,2205.94701849729,62,16
62,2114,958.256473834426,84,22
69,7544,4173.92712611376,70,1
89,5308,4333.19693676272,90,1
67,6331,3319.1834929058,91,24
67,1333,698.858252415641,68,1
31,9388,1368.82860831592,81,50
11,8732,581.992371476919,65,54
32,6252,948.620841209259,69,37
91,4825,4042.81599421963,93,2
50,2430,736.39875933858,80,30
54,6572,2294.24321997079,64,10
97,7898,7275.65217265121,97,0
86,2451,1918.90644521966,88,2
45,5712,1438.9225946412,57,12
91,6903,5783.95001204106,95,4
71,6836,3980.93978511583,82,11
42,3524,791.871453177176,69,27
58,5344,2134.32162930891,80,22
28,8730,1129.36645095514,76,48
64,2666,1283.18778240323,90,26
99,1463,1393.33333333333,99,0
63,6378,2979.98259160457,65,2
63,8823,4122.35597455741,86,23
37,9901,1831.32136499456,68,31
58,5624,2246.14985838947,84,26
32,9139,1386.66760521616,78,46
51,6275,1971.20763547165,67,16
27,9674,1202.5620968329,69,42
77,1709,1141.52582573834,97,20
71,8855,5156.70301304866,82,11
57,7914,3058.30933735017,75,18
60,7449,3172.79849331102,60,0
33,6592,1040.78250796613,86,53
90,9481,7842.05960899575,97,7
43,7862,1835.70371401012,54,11
50,3285,995.502026513266,92,42
30,5377,753.359213269471,83,53
83,4037,3015.77849270487,83,0
44,3536,857.690812718635,69,25
80,5551,3933.43632444763,81,1
65,8392,4158.52438680745,81,16
95,3363,2981.14603641188,97,2
55,3567,1288.70453783376,91,36
9,2272,140.707545512541,46,37
23,9252,980.946444830935,73,50
99,3699,3522.85714285714,99,0
0,6518,421.272504658539,88,88
53,8572,2890.21307319065,88,35
61,1449,636.865578597948,91,30
50,7607,2305.26146596238,51,1
88,3424,2757.79035258187,96,8
44,5214,1264.70585336962,83,39
7,7535,434.849164979915,41,34
37,1252,231.574017672275,63,26
88,3324,2677.24741004151,93,5
43,7021,1639.3380534298,78,35
94,6261,5462.32951288638,98,4
8,6365,380.367628506958,72,64
86,2704,2116.9820595161,94,8
47,2890,784.611634515214,82,35
53,3178,1071.52323222117,87,34
74,4886,3056.90225981998,93,19
40,7680,1597.34545753229,75,35
79,6329,4400.37290564308,96,17
63,3762,1757.71315610166,81,18
13,6109,438.951189704293,79,66
76,8433,5515.18598236621,81,5
2,9269,459.565293874634,77,75
51,1766,554.765368006842,72,21
68,9993,5383.77263875789,69,1
94,8396,7324.9830043434,94,0
17,1956,163.854976520178,74,57
64,8309,3999.25254463182,65,1
38,3994,768.325921312218,90,52
57,3441,1329.75011749077,90,33
58,6789,2711.43516867107,76,18
52,4003,1303.02981352574,74,22
40,9979,2075.50915634307,78,38
36,2535,450.765219480497,76,40
48,6276,1768.07068309965,88,40
20,3700,348.489770281164,83,63
13,6153,442.112730438781,68,55
18,3838,334.25783450603,61,43
5,7501,405.213851604227,79,74
78,6632,4521.13537185516,80,2
97,1600,1473.92295217041,98,1
76,8305,5431.47392192,89,13
61,7239,3181.69076844068,80,19
85,5742,4428.46626882173,87,2
25,2698,309.685812930135,65,40
97,8925,8221.72646757559,97,0
16,2651,213.651706516996,78,62
16,3242,261.282094503245,63,47
14,7525,561.672219356465,77,63
3,9548,486.012529485226,70,67
5,9298,502.290146942555,66,61
74,2705,1692.37016226219,84,10
76,6901,4513.25725890066,93,17
12,5374,371.836965506361,83,71
36,3133,557.099578947691,58,22
89,1904,1554.33439479959,90,1
28,6517,843.079170776023,71,43
84,7063,5362.82637562085,95,11
53,1379,464.956116184076,78,25
31,6962,1015.10276641408,72,41
8,9564,571.537470391288,30,22
50,6346,1923.12202747433,79,29
99,6972,6640,99,0
53,4505,1518.94655794725,64,11
96,6036,5454.13712944577,96,0
87,5606,4452.81855852268,91,4
87,9411,7475.11156872224,93,6
74,4571,2859.82403390035,96,22
6,8491,473.772525117548,85,79
46,2641,690.764296401631,75,29
7,6399,369.289954440143,78,71
63,6652,3108.00316703569,82,19
55,5627,2032.95218233545,81,26
92,4807,4080.17132201732,95,3
15,5017,389.078040178966,24,9
50,1552,470.325462754517,69,19
74,9603,6008.07048732118,79,5
28,3394,439.068698114749,48,20
69,9938,5498.47398983544,81,12
63,1410,658.792012255009,82,19
96,8424,7611.93690829211,98,2
42,6437,1446.44623839429,82,40
81,2368,1708.93949156672,88,7
4,2666,139.660595025858,87,83
44,8439,2046.960624585,78,34
72,4012,2394.55603075077,79,7
33,2947,465.289146082554,73,40
21,1099,107.665393410679,89,68
93,4645,3995.4162375899,94,1
86,6511,5097.51116475936,87,1
30,3345,468.660325160197,87,57
16,7139,575.352520869421,82,66
14,2118,158.089270511228,70,56
26,8119,969.801590787492,79,53
21,9100,891.4968881139,45,24
77,2286,1526.93273120998,82,5
33,2748,433.869892580542,46,13
77,7872,5258.09906390418,88,11
36,9268,1648.00475508688,83,47
4,3388,177.483156769545,51,47
64,3531,1699.52590385064,71,7
62,2518,1141.38590402795,74,12
79,9661,6717.01732365584,79,0
20,3166,298.194219651396,85,65
8,7671,458.413209470051,77,69
17,7498,628.110743327349,69,52
74,5011,3135.10790502618,84,10
2,4830,239.47571144832,83,81
71,3018,1757.53017429485,85,14
47,3792,1029.49734189678,92,45
17,1546,129.50909698374,74,57
85,1271,980.247409904635,90,5
74,9832,6151.34322933894,75,1
74,4085,2555.76048533865,85,11
32,1420,215.457708655974,78,46
69,2613,1445.71468458845,75,6
67,6649,3485.90286595019,91,24
45,4924,1240.41576610877,82,37
35,4975,850.342191059983,92,57
25,8927,1024.67207265653,69,44
51,5040,1583.24884187683,58,7
12,3253,225.081066020133,74,62
35,8907,1522.41163734096,71,36
63,5678,2652.9227273645,87,24
30,3565,499.484023675965,63,33
78,3792,2585.06413300283,90,12
33,5546,875.634069960584,86,53
66,5864,2989.82699592082,88,22
77,1393,930.453759656825,78,1
98,3085,2892.6243811907,98,0
14,5234,390.670085862025,61,47
6,4209,234.849671207132,82,76
21,3450,337.98508395527,80,59
82,2286,1679.05737899283,88,6
65,1729,856.778916204729,82,17
98,2506,2349.72988630921,99,1
76,6016,3934.46684097179,79,3
67,4285,2246.51733803528,79,12
1,7308,353.946750166293,44,43
12,3825,264.658800346452,84,72
61,8119,3568.46903563612,69,8
32,4453,675.657166651445,74,42
91,4480,3753.74417701636,94,3
35,2188,373.979641012913,42,7
59,3042,1254.98681223642,91,32
11,7149,476.484592726579,64,53
3,7208,366.90179226325,68,65
25,2992,343.432154294649,43,18
48,7126,2007.53213635565,74,26
88,5808,4677.93410274401,91,3
77,6161,4115.23733901342,83,6
84,1341,1018.20050540954,84,0
86,6480,5073.2410302013,92,6
72,3617,2158.80088814196,86,14
2,5346,265.059452050253,84,82
50,2639,799.735113536837,80,30
35,9013,1540.52948100977,56,21
42,5438,1221.96281565763,77,35
27,8471,1053.01876393131,65,38
3,3486,177.444457246072,74,71
98,5035,4721.02552975533,98,0
59,2964,1222.80766320472,87,28
89,2219,1811.48530570393,93,4
62,9051,4102.73384327123,88,26
41,5162,1116.06618313038,74,33
87,9266,7359.93877332699,97,10
34,5724,940.36204639497,50,16
99,7790,7419.04761904762,99,0
27,9331,1159.92422219845,61,34
36,5063,900.285722378602,86,50
73,2611,1596.07870488443,85,12
72,8302,4955.03593402116,84,12
36,7451,1324.91189362887,62,26
53,5268,1776.20654101357,90,37
0,5656,365.559571394399,84,84
28,7896,1021.47508553744,55,27
39,9342,1868.81724437085,71,32
81,3098,2235.76627739599,93,12
24,6641,732.584680678572,79,55
88,3632,2925.31967306581,88,0
97,1083,997.661598250349,97,0
99,1166,1110.47619047619,99,0
49,4876,1424.95366180795,67,18
5,3727,201.337425000527,69,64
69,2997,1658.17332939594,84,15
19,1560,141.279963710367,20,1
80,1524,1079.90577525819,94,14
4,6701,351.03737706987,75,71
60,1020,434.454888330949,75,15
25,8153,935.829663758113,88,63
77,2607,1741.34454517254,79,2
11,1364,90.9113140969442,61,50
0,5151,332.920323948471,85,85
0,2144,138.571379255586,62,62
2,7592,376.418136918354,2,0
0,8892,574.709283740983,82,82
73,4872,2978.2058407495,83,10
59,3005,1239.722344106,79,20
63,2951,1378.79094196066,89,26
47,2382,646.693741666173,79,32
87,5904,4689.51851043844,89,2
18,8999,783.737950161482,74,56
15,8830,684.783554869498,72,57
18,8849,770.674199464268,85,67
98,1357,1272.37967107805,99,1
33,2714,428.501778916882,78,45
40,7518,1563.65145178747,76,36
46,9499,2484.50210205191,58,12
91,1104,925.02981505046,93,2
14,3804,283.933703977673,60,46
73,7082,4329.15717655747,91,18
58,1169,466.882856411324,79,21
76,1378,901.212650741212,84,8
90,2047,1693.14376327542,95,5
3,6593,335.59704722414,53,50
6,2369,132.183148275053,74,68
24,4869,537.111099265768,79,55
64,2725,1311.58541149617,82,18
11,6885,458.888854514268,78,67
38,2409,463.419415233133,69,31
79,3277,2278.404489144,88,9
39,3355,671.149845307663,84,45
46,1470,384.484481526087,85,39
21,1753,171.735609325678,71,50
41,5787,1251.19624211071,90,49
29,4547,612.169693523148,90,61
9,3949,244.566063921226,80,71
40,3525,733.156606484549,84,44
36,7214,1282.76934648217,83,47
65,1140,564.909175519602,84,19
26,2664,318.210547833216,78,52
71,7418,4319.86707518859,71,0
92,5896,5004.51219359562,93,1
89,2673,2182.10915824543,92,3
70,3814,2165.65082876466,75,5
93,1655,1423.55519337164,93,0
57,7850,3033.57698991646,70,13
87,9245,7343.2585753732,87,0
1,1367,66.2076091238811,61,60
50,9314,2822.55886604096,83,33
76,2775,1814.85131045491,80,4
25,8388,962.803780154919,71,46
67,1636,857.713504090014,81,14
54,3224,1125.47780602341,83,29
71,9333,5435.06597637302,78,7
95,6785,6014.59288048011,96,1
49,1031,301.297626194421,82,33
47,8906,2417.90699549914,87,40
81,2838,2048.12933997735,94,13
44,1574,381.788840276904,85,41
80,3271,2317.82925910074,81,1
48,3438,968.551148581354,72,24
77,2412,1611.0943778121,78,1
96,7003,6327.9195357039,99,3
28,7137,923.286181038587,85,57
96,6487,5861.66129203358,96,0
32,5846,887.01814422734,53,21
84,6470,4912.57067114072,86,2
72,9607,5733.92317732369,86,14
5,9823,530.651335063101,87,82
14,1665,124.276976110101,87,73
75,4210,2693.93969531214,88,13
92,1434,1217.17613392404,98,6
50,8757,2653.76293643125,89,39
58,6979,2787.31860983288,72,14
96,7687,6945.98278894129,96,0
79,4486,3118.9876528227,92,13
62,3614,1638.1924770282,81,19
33,4513,712.538146002906,54,21
72,6544,3905.77633729637,90,18
3,6845,348.424357386507,55,52
23,6320,670.080148220008,90,67
60,6433,2740.04734964019,66,6
10,2507,161.030314627099,78,68
50,1225,371.229827238585,59,9
90,6782,5609.62432952317,90,0
24,9640,1063.41158285521,91,67
32,3333,505.718692218564,63,31
78,3658,2493.7142928598,78,0
56,8171,3053.81478998635,79,23
6,2787,155.506304028101,87,81
8,6106,364.889982665119,83,75
28,1615,208.926325119423,89,61
16,9136,736.296488396559,70,54
80,7958,5639.03553773271,86,6
70,2808,1594.42777324887,86,16
92,1918,1627.99429906994,95,3
81,6850,4943.51162045272,93,12
59,6449,2660.55553981351,86,27
81,8680,6264.18698766856,91,10
40,4925,1024.33937218054,67,27
83,8957,6691.18849619954,93,10
85,6701,5168.08646244765,90,5
85,5135,3960.32293458718,95,10
10,5758,369.849442210944,77,67
86,4941,3868.34628552849,91,5
29,7737,1041.64436305005,77,48
62,7973,3614.08650230931,75,13
47,3911,1061.80487978858,85,38
91,2297,1924.63178004611,96,5
69,9863,5456.97816077148,86,17
79,2603,1809.79154264322,87,8
23,9732,1031.83860798689,81,58
30,7130,998.96804735193,72,42
87,4279,3398.78890687095,93,6
76,8781,5742.77814670434,79,3
21,3432,336.221683517242,52,31
87,9151,7268.59483215145,95,8
16,3660,294.969915447833,66,50
65,9800,4856.23677201061,65,0
67,1584,830.451216673951,92,25
36,9888,1758.25108095588,73,37
21,4294,420.668971160559,80,59
87,9664,7676.06823930844,88,1
22,4119,419.78004465695,24,2
95,6827,6051.82396389649,95,0
83,4937,3688.10959090512,89,6
75,8277,5296.37502567662,83,8
21,5302,519.419395690098,62,41
29,7487,1007.9864735887,55,26
29,3119,419.915828919881,67,38
54,1643,573.560804992698,66,12
29,6529,879.00944117278,60,31
93,2843,2445.41837749582,97,4
35,5865,1002.46370865664,73,38
31,6150,896.708131779174,65,34
48,5305,1494.52118767425,89,41
89,2819,2301.29656456935,89,0
37,6210,1148.62192471632,84,47
0,8110,524.166924329664,56,56
42,4422,993.659354696218,77,35
78,2784,1897.89518625524,79,1
81,1719,1240.56882854865,85,4
76,9674,6326.80056841109,94,18
16,7401,596.467853614594,81,65
83,2894,2161.91799799056,85,2
30,6683,936.339896276711,82,52
51,9996,3140.11020305572,83,32
45,2867,722.23233172905,89,44
29,5327,717.182308642579,74,45
69,6069,3357.84248785583,71,2
30,3550,497.382407868072,59,29
39,3220,644.143815764732,77,38
72,1849,1103.57280679416,86,14
37,7097,1312.68434777966,80,43
5,4291,231.8054442386,77,72
99,4247,4044.7619047619,99,0
95,1560,1382.86881260854,96,1
24,7456,822.489290639878,46,22
63,1227,573.289219175104,71,8
2,9012,446.823004466307,62,60
45,6702,1688.3156914015,78,33
4,6537,342.446102657177,46,42
82,2423,1779.68330240578,83,1
31,3416,498.073980188237,77,46
78,3217,2193.07787865773,78,0
13,5189,372.846247074083,62,49
96,3450,3117.42430360966,97,1
82,4851,3563.03908376824,83,1
38,9979,1919.66058306826,69,31
21,1041,101.98332533259,89,68
2,6705,332.439885147202,80,78
36,5529,983.148283434978,65,29
88,4681,3770.21514031417,88,0
71,3292,1917.09388130505,78,7
94,2327,2030.16144010327,98,4
43,7090,1655.44891024316,63,20
69,9766,5403.31022184875,71,2
89,1241,1013.0929537533,90,1
73,4782,2923.18972300167,75,2
72,3383,2019.13834796357,75,3
45,9460,2383.08959126502,74,29
35,3814,651.900525970407,52,17
53,1334,449.783509056967,59,6
7,6197,357.632418763176,77,70
97,7090,6531.32108180515,97,0
28,5255,679.819095048028,72,44
83,9864,7368.74883627468,96,13
39,2890,578.129076882011,91,52
48,9151,2578.01383381849,74,26
89,9146,7466.35628930518,97,8
55,9010,3255.18023153411,83,28
48,5680,1600.16594646367,85,37
9,8351,517.186933351774,79,70
23,4041,428.448398569154,77,54
39,2500,500.111658202432,78,39
63,3387,1582.50251454448,69,6
40,5228,1087.35964218474,48,8
9,9652,597.759343876341,83,74
98,3015,2826.98946816531,98,0
0,5721,369.760662649816,48,48
19,1926,174.426416734722,32,13
42,9391,2110.23405697698,76,34
74,2261,1414.58371048976,95,21
89,6679,5452.4156632702,95,6
60,4884,2080.27223000819,83,23
80,1269,899.212879791758,83,3
80,5372,3806.5969978261,82,2
94,4567,3984.42084097622,96,2
24,4912,541.854532674769,57,33
93,1378,1185.29248124841,97,4
79,2541,1766.68471373662,93,14
43,4303,1004.71038939017,83,40
37,9951,1840.56952863962,76,39
33,7925,1251.24414072081,62,29
14,1420,105.989973619426,33,19
33,2602,410.818580966001,80,47
55,7566,2733.48430985428,86,31
9,8142,504.243325511932,86,77
95,2897,2568.05830136343,97,2
53,9931,3348.42580842934,68,15
40,8703,1810.11686418015,74,34
59,9439,3894.0895860288,66,7
72,8483,5063.0655056976,79,7
6,2922,163.038902178009,70,64
91,5591,4684.63921734341,96,5
14,1752,130.770728014954,75,61
51,2810,882.724056681329,77,26
39,3650,730.16302097555,53,14
20,3198,301.208185232206,57,37
64,4893,2355.07795172506,89,25
30,5539,776.056663994718,70,40
28,5599,724.321049129193,82,54
73,4242,2593.09301651465,92,19
81,4891,3529.7394650561,87,6
11,2271,151.36333894,65,54
47,7860,2133.92645234934,67,20
18,2805,244.292138037888,81,63
10,4853,311.719232901999,80,70
99,1083,1031.42857142857,99,0
61,4675,2054.75954447578,71,10
81,8771,6329.85991576508,84,3
46,2981,779.692679883855,86,40
15,5821,451.429793079881,89,74
18,2013,175.315534356602,65,47
18,1844,160.597041904408,48,30
61,1664,731.362541605925,77,16
10,5293,339.981434112978,26,16
27,2827,351.420616885115,75,48
36,1761,313.135128798878,68,32
8,1234,73.7429149375626,64,56
63,5308,2480.04822769474,93,30
2,1983,98.3189101039377,82,80
74,6638,4153.03258303009,83,9
77,2637,1761.38303245876,86,9
6,1396,77.8926445723822,85,79
37,2921,540.277720144341,82,45
23,8084,857.108847818124,45,22
19,3825,346.407603328303,73,54
63,8528,3984.52360319909,75,12
83,4898,3658.97524331644,93,10
48,8594,2421.09615209661,78,30
79,4839,3364.41846901673,82,3
90,9111,7536.01994489614,97,7
35,8903,1521.72794512704,77,42
84,3736,2836.68686667414,90,6
12,3030,209.651284980327,71,59
86,1362,1066.32010542194,88,2
71,6069,3534.27787534639,82,11
50,6464,1958.88130879201,75,25
49,7392,2160.225075489,72,23
70,7150,4059.88553373554,85,15
71,5464,3181.9565514735,83,12
62,8073,3659.41556918889,72,10
95,6300,5584.66251245758,97,2
28,3909,505.692263090912,72,44
90,8967,7416.91261616548,91,1
51,4229,1328.48399847165,85,34
7,6207,358.209524489759,83,76
84,9481,7198.77628022954,88,4
44,4448,1078.90518522978,62,18
32,5845,886.866413446597,80,48
47,5121,1390.31009700776,81,34
79,7246,5037.93681060038,96,17
53,4516,1522.65541746721,61,8
36,8409,1495.26024876193,81,45
36,2416,429.605037579835,85,49
85,7380,5691.75915428498,88,3
5,6264,338.389490261149,83,78
90,3285,2717.13593666818,90,0
64,2171,1044.9364874709,80,16
60,9359,3986.33656851897,67,7
33,4633,731.484429521707,66,33
22,1442,146.958685213722,79,57
29,3559,479.153714371868,88,59
2,3463,171.698631210255,21,19
93,1192,1025.30380090574,94,1
89,1527,1246.56965381249,90,1
11,4553,303.459833638847,80,69
45,1862,469.06055168451,63,18
90,2295,1898.27305164489,92,2
32,3017,457.771765503573,80,48
94,5312,4634.38657921298,94,0
57,1865,720.716061935566,90,33
62,1994,903.861593578924,88,26
35,2932,501.146392801582,65,30
78,2604,1775.1864457646,86,8
26,1885,225.160241240845,54,28
34,6098,1001.80429051651,78,44
35,3710,634.12452840855,55,20
26,8052,961.798547730125,71,45
80,1526,1081.32297443832,88,8
76,5872,3840.29077296981,90,14
48,2403,676.97161432257,77,29
11,5913,394.104545641665,88,77
31,5217,760.67094690926,68,37
50,1337,405.170840014684,57,7
55,7901,2854.51487340188,91,36
49,4244,1240.25909366549,73,24
11,1033,68.849990808023,84,73
58,1803,720.093917972299,82,24
37,6971,1289.37897539411,70,33
12,5442,376.542010845854,86,74
35,9085,1552.83594086029,75,40
78,3874,2640.96478144856,79,1
29,9087,1223.39696614138,66,37
73,8256,5046.81186806812,79,6
56,7271,2717.450414636,63,7
78,9457,6446.98088233326,94,16
32,8996,1364.97010356982,92,60
34,7317,1202.0665781747,58,24
49,8793,2569.65085075417,74,25
35,4939,844.188961134725,71,36
73,6399,3911.64597187111,77,4
50,7642,2315.86803245491,93,43
36,4574,813.333378265796,67,31
95,6128,5432.19236132382,98,3
86,6361,4980.075029801,90,4
72,5675,3387.11502355698,80,8
16,4215,339.698960003447,26,10
51,8010,2516.23476655425,76,25
68,1457,784.965149071375,75,7
8,3679,219.854282054532,61,53
38,8982,1727.86765779328,80,42
4,2672,139.974909943395,55,51
79,8046,5594.15395778231,86,7
15,2994,232.190482817585,79,64
61,3511,1543.15738195817,84,23
49,1223,357.407368414915,70,21
18,6492,565.39913017539,60,42
55,7548,2726.9811750965,68,13
17,8874,743.378865869151,85,68
4,2394,125.411652097488,86,82
96,7384,6672.19161097209,98,2
34,1255,206.176514365075,67,33
77,6163,4116.57323816584,84,7
76,8204,5365.41987422417,82,6
23,1151,122.035166234372,89,66
6,4821,268.997449486715,78,72
80,1120,793.631540872158,85,5
62,5585,2531.62838522482,67,5
64,5540,2666.48924025277,77,13
81,9222,6655.33783413357,81,0
1,6582,318.784552489675,78,77
35,8195,1400.71442326363,89,54
36,4643,825.602727435088,77,41
14,1605,119.798526520548,76,62
11,5444,362.845450105399,55,44
16,2892,233.074588927632,58,42
61,3073,1350.64728987681,72,11
81,1441,1039.9416416164,81,0
93,9817,8444.13373615071,93,0
15,1556,120.670805365452,74,59
24,6139,677.207853438601,71,47
18,3690,321.368267151447,18,0
77,1464,977.878179567546,81,4
26,2822,337.083395640141,75,49
94,6020,5252.07213984603,96,2
48,2487,700.636040291399,60,12
67,9168,4806.55098135529,84,17
47,1788,485.427544122216,84,37
49,6583,1923.80433873703,70,21
4,2114,110.743622612402,63,59
79,7777,5407.12594204239,92,13
35,3765,643.525296349917,84,49
81,7649,5520.13436275078,83,2
71,5204,3030.54573460251,72,1
94,2499,2180.22064409888,94,0
17,8806,737.682476092376,87,70
23,4111,435.87017236273,79,56
72,1564,933.470995038435,82,10
49,5956,1740.57096179823,53,4
45,9160,2307.51592558008,80,35
53,2023,682.092982625371,67,14
58,9139,3649.99351988289,80,22
67,4347,2279.02237303135,76,9
56,4099,1531.95286062343,84,28
42,8045,1807.77691282928,67,25
30,3313,464.176878103358,79,49
98,1532,1436.46695364154,99,1
35,3771,644.550834670793,85,50
83,4894,3655.98710510222,96,13
44,5629,1365.36809524695,87,43
84,2349,1783.55927457644,95,11
76,7432,4860.53150965797,79,3
7,6211,358.440366780392,74,67
11,5806,386.972939623796,79,68
95,1189,1053.99424243049,98,3
72,4748,2833.83649900415,72,0
27,5981,743.490169646224,82,55
57,5014,1937.62484426001,89,32
45,5671,1428.59419366426,75,30
50,1724,522.449160946384,72,22
45,2599,654.719857050506,89,44
64,6612,3182.45972139916,83,19
52,6689,2177.35858672838,86,34
39,1097,219.448995619227,56,17
2,1293,64.1080941827491,63,61
58,3617,1444.58108780134,60,2
30,2745,384.595692844467,71,41
75,1884,1205.55401091878,81,6
22,4403,448.723364074909,54,32
64,9383,4516.18565727288,67,3
17,9263,775.96556620982,60,43
79,9693,6739.26600954312,79,0
56,1128,421.57668377244,73,17
62,6913,3133.59839338571,62,0
5,2415,130.461465354514,31,26
7,4467,257.793128064404,59,52
57,4158,1606.82969733409,66,9
21,4463,437.225341939817,50,29
21,7203,705.654075284002,90,69
82,5648,4148.43222946259,85,3
37,2525,467.032264075475,72,35
97,4701,4330.5698738457,97,0
78,1690,1152.09873016213,95,17
57,5639,2179.15167466738,83,26
59,9151,3775.27426652712,68,9
53,3864,1302.82119864777,76,23
2,5206,258.118127080736,49,47
20,7046,663.637546324616,61,41
89,5461,4458.09880777341,98,9
27,3171,394.182800191971,83,56
89,1194,974.72440514218,95,6
3,7973,405.841840970434,82,79
1,4752,230.152566610595,81,80
20,3064,288.587204362564,58,38
34,4154,682.436048344638,65,31
92,1268,1076.27568885333,92,0
79,5017,3488.17678426471,79,0
0,4327,279.663413264421,35,35
17,9238,773.871305262476,91,74
25,5952,683.191237420372,79,54
79,3547,2466.1277763179,81,2
90,8294,6860.2512811951,96,6
82,2888,2121.22384537676,90,8
76,2624,1716.09723914727,81,5
11,6766,450.957442214021,43,32
92,8421,7147.72679482169,94,2
72,3863,2305.62560986795,80,8
73,1662,1015.96430774336,84,11
12,5326,368.515757031426,67,55
64,4405,2120.19586702409,85,21
55,8415,3040.21549926298,91,36
47,8098,2198.54152813294,76,29
22,9136,931.078050008714,85,63
10,6621,425.28189594975,87,77
23,1636,173.457456089863,67,44
85,8202,6325.71932025005,85,0
94,5463,4766.12460132539,95,1
60,2590,1103.17466742859,81,21
83,9159,6842.08947601782,86,3
48,2000,563.438713543545,72,24
85,3927,3028.66371258498,89,4
6,1347,75.1585904290823,73,67
14,3420,255.271626604533,78,64
59,4081,1683.62957946642,74,15
21,3751,367.473057946729,73,52
4,3087,161.715025073077,70,66
3,9549,486.06343150968,37,34
94,5554,4845.51638948586,98,4
58,8631,3447.10516140816,77,19
1,3901,188.936271537864,74,73
86,9763,7643.52657065668,91,5
82,4595,3375.00816118637,91,9
94,2265,1976.07033168626,96,2
9,1432,88.6853896012143,68,59
53,7513,2533.15105213268,58,5
72,1555,928.099358877728,92,20
48,8195,2308.69012874468,84,36
45,2508,631.795845126075,71,26
16,3683,296.823551528517,72,56
40,7123,1481.49631432325,80,40
12,6915,478.461595920448,65,53
14,5078,379.026116929186,81,67
13,1959,140.760415883239,75,62
9,4391,271.939626912662,84,75
58,5239,2092.3860434037,76,18
52,8797,2863.54066190006,76,24
63,7730,3611.6753579654,79,16
34,6979,1146.53856076005,67,33
96,7909,7146.58226586921,96,0
97,6770,6236.53649137107,98,1
6,7998,446.264592614551,84,78
19,3296,298.4992053778,85,66
34,9960,1636.26938890529,85,51
41,8851,1913.6578432559,83,42
3,6187,314.930825295883,72,69
76,5614,3671.55865113292,76,0
74,8620,5393.06129341961,82,8
31,1471,214.480920625555,66,35
16,7080,570.597541358104,85,69
37,5687,1051.886132989,72,35
69,7119,3938.78409475131,80,11
24,2409,265.742583308941,84,60
62,7088,3212.92426042498,75,13
40,7656,1592.35375297751,76,36
99,4125,3928.57142857143,99,0
87,7158,5685.56461682221,96,9
45,3716,936.105805617422,74,29
47,3992,1083.79572490821,86,39
9,2248,139.221198200789,44,35
50,6619,2005.85324611608,62,12
62,5946,2695.26631666012,74,12
33,7474,1180.03769182932,88,55
27,5357,665.921558066347,65,38
23,2980,315.955512926523,73,50
66,7226,3684.25816380012,73,7
82,1932,1419.04586886008,86,4
77,7154,4778.51126818731,78,1
68,4189,2256.8421478792,90,22
31,5170,753.818055495663,70,39
7,4514,260.505524979341,83,76
88,1244,1001.95420520206,88,0
51,7112,2234.14003242619,80,29
20,6676,628.7885692965,83,63
28,3853,498.447758938164,35,7
62,3909,1771.91322432298,74,12
20,2777,261.555700559673,84,64
52,3626,1180.31129249172,67,15
86,9991,7822.02949579339,86,0
60,2164,921.725861125659,87,27
86,5696,4459.44149815225,88,2
68,5403,2910.88997970668,84,16
19,2602,235.647734342548,91,72
43,8993,2099.78167134228,71,28
17,9873,827.065533325008,65,48
41,5365,1159.95642628719,79,38
73,3327,2033.76248607832,81,8
12,1766,122.192795140349,30,18
24,8327,918.571395273372,54,30
6,9374,523.04129672028,71,65
66,5226,2664.53545032098,68,2
37,1383,255.804206422329,67,30
47,6311,1713.38547592578,54,7
84,8574,6510.10524487798,86,2
34,1844,302.939834652747,80,46
75,2929,1874.23975476705,79,4
11,1348,89.8449057204405,68,57
79,5099,3545.18904185086,90,11
29,6153,828.3879754229,80,51
98,6368,5970.90180208181,98,0
69,6390,3535.44463624959,71,2
89,6676,5449.96660697588,98,9
75,1611,1030.86385965507,87,12
91,3602,3018.07734946717,93,2
68,4968,2676.53181920837,88,20
33,7387,1166.30163627819,77,44
10,1896,121.784394309126,72,62
49,9010,2633.06654899295,72,23
93,3261,2804.96283116914,97,4
30,2028,284.138457227169,84,54
71,1578,918.947188547802,83,12
22,3541,360.87427485561,72,50
53,1982,668.269051687338,81,28
87,2981,2367.79381429827,94,7
4,1960,102.676206395604,25,21
94,8739,7624.22897510207,99,5
74,7713,4825.60113180342,79,5
58,8441,3371.22172024636,63,5
0,9854,636.885434321148,72,72
48,6634,1868.92621282394,63,15
10,3787,243.247627240855,75,65
16,6501,523.934267848734,76,60
28,4907,634.799676384524,66,38
80,6533,4629.2811218909,83,3
31,7512,1095.2961765732,74,43
35,7129,1218.5104482546,71,36
1,1496,72.4554376366687,85,84
38,1237,237.961733766453,48,10
62,1357,615.115437555968,78,16
72,7218,4308.0522008871,83,11
59,7752,3198.11234992004,77,18
5,2880,155.581374832712,67,62
83,6084,4544.95822383365,95,12
10,1716,110.222584722817,88,78
92,4284,3636.25004025842,94,2
74,5994,3750.11709892775,74,0
73,6677,4081.58464669221,84,11
95,2236,1982.11196473891,97,2
88,8221,6621.43530624286,95,7
91,1446,1211.58796427805,94,3
23,6636,703.584155631008,80,57
0,7966,514.859891394587,50,50
28,4217,545.537035931025,76,48
14,1118,83.4484440186747,74,60
74,3618,2263.58419484828,84,10
35,5470,934.949102532283,78,43
20,2513,236.69048451799,60,40
95,9460,8385.85831235694,95,0
40,9676,2012.48888633886,70,30
29,6036,812.636083154985,68,39
38,4897,942.036063261375,88,50
5,1116,60.287782747676,86,81
84,2626,1993.88107919869,85,1
5,6190,334.39191326892,55,50
15,9103,705.95523216048,48,33
75,2045,1308.57640781789,79,4
52,4620,1503.871530974,84,32
7,4339,250.406174764148,69,62
41,9985,2158.83782226982,80,39
71,9732,5667.42334534043,73,2
59,3727,1537.58574924561,78,19
40,3476,722.965209685189,71,31
83,4102,3064.335738686,87,4
22,5326,542.789152183276,74,52
59,5737,2366.81766660104,67,8
86,1404,1099.20222321028,89,3
51,6532,2051.94076094037,67,16
87,3675,2919.03464191417,87,0
7,5400,311.637092354551,85,78
75,5734,3669.13306720186,85,10
46,6550,1713.17915237814,64,18
81,3420,2468.14740758369,82,1
32,3713,563.376388901149,55,23
68,2102,1132.46173187922,68,0
72,3164,1888.4285347197,72,0
57,7006,2707.41915813436,86,29
50,5311,1609.47070405235,50,0
55,2039,736.660653950948,79,24
62,4676,2119.58716728939,83,21
77,8500,5677.57139776239,86,9
20,4023,378.911985362465,81,61
80,3582,2538.20373161078,81,1
68,7543,4063.82437848001,81,13
83,3456,2581.75141708894,95,12
84,8377,6360.52619971341,91,7
75,2603,1665.63539831295,82,7
79,3668,2550.25561982917,83,4
2,2976,147.552736494866,72,70
4,8627,451.932465599428,85,81
85,8864,6836.28091376451,86,1
47,3266,886.692594576709,83,36
26,5361,640.362892993194,55,29
20,9391,884.504711543354,69,49
49,6081,1777.10074188969,65,16
81,5837,4212.44924504854,89,8
88,6225,5013.79817313731,93,5
21,6411,628.064456010792,83,62
5,6198,334.824083754566,75,70
27,4996,621.04612732863,67,40
76,5114,3344.55841501492,88,12
34,9281,1524.72050185041,83,49
78,7171,4888.57987810213,90,12
68,6104,3288.55680846374,87,19
58,6252,2496.96460075586,80,22
86,7669,6004.11812663793,88,2
29,3091,416.146145300209,61,32
75,1787,1143.48461651373,79,4
35,2229,380.987486205568,69,34
77,5221,3487.36473737852,78,1
3,4166,212.057833874681,65,62
94,4828,4212.12695866722,94,0
57,5788,2236.73167103649,84,27
98,2088,1957.79569138612,98,0
26,4149,495.591427537542,47,21
96,6753,6102.01922384812,97,1
9,2636,163.250479740783,72,63
36,1024,182.084254338473,82,46
36,6453,1147.45087231071,67,31
38,8953,1722.28892676722,72,34
92,6441,5467.1070283157,94,2
92,4654,3950.30524915095,97,5
75,5053,3233.36752503854,77,2
1,4942,239.354794652685,67,66
20,7814,735.972720264058,88,68
15,4733,367.053291641827,90,75
74,7784,4870.02193828054,94,20
37,6613,1223.16212369549,90,53
96,8979,8113.43560061192,97,1
77,8471,5658.20086005238,81,4
44,3774,915.420002036236,69,25
21,7960,779.814860372158,40,19
21,1748,171.24577587067,70,49
49,2910,850.413280529355,52,3
83,5913,4417.21531517561,87,4
11,4891,325.987710592488,73,62
47,3147,854.385056684907,87,40
95,3274,2902.25159774383,97,2
70,5981,3396.10844437374,76,6
61,4683,2058.27571054119,76,15
32,3375,512.091385009797,84,52
74,2429,1519.6920976469,74,0
6,3876,216.269262437359,61,55
53,6137,2069.20644309041,88,35
99,8907,8482.85714285714,99,0
98,1263,1184.24135930109,98,0
69,1670,923.973793824229,82,13
49,6881,2010.89133447508,60,11
52,6914,2250.59908336672,69,17
80,4901,3472.84659090576,80,0
50,3403,1031.26130783094,75,25
34,5184,851.648645791671,66,32
79,2359,1640.14531275273,88,9
76,4466,2920.76610900599,91,15
25,1307,150.022000555851,78,53
83,9169,6849.55982155338,86,3
46,4905,1282.92270876562,89,43
4,3514,184.083770037834,86,82
15,8663,671.832382314209,78,63
71,5738,3341.5202584837,73,2
1,5279,255.676641232603,72,71
33,7138,1126.98809797668,60,27
10,5599,359.636510409704,65,55
10,6113,392.651900006166,89,79
11,2434,162.227374275632,47,36
54,3142,1096.85212981562,81,27
90,8511,7039.73940851839,97,7
92,1066,904.818520755245,95,3
16,2383,192.052816533384,60,44
5,2915,157.472120707415,47,42
95,5267,4668.95515128795,97,2
40,8307,1727.75373902614,84,44
49,7996,2336.73697289097,81,32
41,1959,423.551656867959,65,24
25,1732,198.804977018159,87,62
72,9876,5894.4754136826,94,22
76,4079,2667.66792625066,78,2
53,3925,1323.38851053118,69,16
86,1309,1024.82600440332,87,1
75,7665,4904.76193932721,90,15
25,8129,933.074860381418,77,52
69,9499,5255.58507038105,84,15
59,6475,2671.28192282408,70,11
32,2512,381.147721228033,71,39
97,1969,1813.84643301472,97,0
7,8891,513.104701504502,83,76
42,4377,983.54748880718,63,21
61,5306,2332.09714288524,85,24
49,6195,1810.41590133311,55,6
75,2353,1505.66273232054,91,16
66,7471,3809.17419620131,82,16
71,5943,3460.90186409353,71,0
38,1797,345.688953579884,69,31
2,7601,376.864364952108,68,66
0,1133,73.2282521905683,78,78
72,8147,4862.52442236453,81,9
18,5495,478.56873387458,79,61
4,9062,474.720297120902,78,74
65,6360,3151.59855816199,85,20
33,3796,599.33410197807,84,51
26,7491,894.787993175157,76,50
53,7982,2691.28333530188,89,36
84,6125,4650.61752097943,90,6
30,1274,178.497235950401,77,47
86,3648,2856.0468021874,91,5
33,9178,1449.07491779629,87,54
85,9161,7065.33951387598,89,4
71,3408,1984.64639960134,71,0
92,3233,2744.16348743125,92,0
47,5165,1402.25574127027,72,25
55,6797,2455.65594159127,63,8
36,8149,1449.02791855881,72,36
5,3013,162.766209156584,68,63
14,1875,139.951549673538,76,62
78,6310,4301.6230694219,85,7
99,3119,2970.47619047619,99,0
56,6489,2425.18714627603,74,18
38,6605,1270.60408369234,72,34
44,6946,1684.8191134456,73,29
80,5621,3983.03829575214,86,6
81,2817,2032.97404887815,89,8
45,7322,1844.50126715037,71,26
16,3868,311.733233047055,25,9
84,9849,7478.19297373492,90,6
44,7386,1791.54534579747,79,35
17,3945,330.47437749085,88,71
25,1778,204.085016823491,76,51
88,4072,3279.70862024339,88,0
52,5420,1764.28218568811,79,27
60,1345,572.88414196581,94,34
25,6326,726.120256707203,87,62
17,8724,730.813300185088,79,62
81,1578,1138.81187402546,81,0
56,5224,1952.40832981137,86,30
31,8665,1263.41072550675,75,44
71,3603,2098.20451225458,75,4
79,8948,6221.28879122994,91,12
30,6107,855.63784925361,87,57
64,1337,643.519154190967,82,18
61,7732,3398.37450222176,73,12
86,7568,5925.04446243263,93,7
4,7125,373.248964575858,79,75
86,8507,6660.19466727199,90,4
63,3641,1701.17852242588,67,4
75,4931,3155.30086403424,84,9
77,2637,1761.38303245876,79,2
28,1009,130.530440895045,73,45
22,4305,438.735880613782,59,37
10,5008,321.675235601321,40,30
36,2034,361.679075512162,72,36
59,4021,1658.87638790357,83,24
72,3115,1859.18296006696,81,9
13,6007,431.622163456161,63,50
4,6782,355.280628456627,78,74
98,6395,5996.21812567732,98,0
1,8326,403.25131936023,87,86
92,8368,7102.74050814249,92,0
26,5615,670.702787568884,82,56
53,3212,1082.98697982832,78,25
20,4212,396.713219574125,86,66
93,4532,3898.21881351075,96,3
36,2849,506.599649033505,70,34
21,9288,909.914626022187,82,61
50,6168,1869.18006074089,65,15
55,2605,941.148113556753,85,30
74,1702,1064.84806512763,81,7
0,4607,297.760421749292,70,70
85,9122,7035.26111184114,86,1
97,1313,1209.53802262485,99,2
94,2000,1744.87446506513,94,0
79,5914,4111.83526054245,88,9
13,7725,555.065958498226,17,4
20,3788,356.778175628392,58,38
0,9715,627.901562251872,90,90
99,2978,2836.19047619048,99,0
12,6020,416.53489623154,67,55
35,9673,1653.33869630617,71,36
28,4617,597.283494164937,75,47
6,3075,171.575846747905,89,83
5,6165,333.041380501275,85,80
33,3337,526.864567518657,45,12
8,5430,324.492729425417,88,80
46,6770,1770.72104757253,71,25
70,5408,3070.74978551634,74,4
56,7682,2871.05681271266,57,1
13,6637,476.889678518152,82,69
18,9080,790.792375537977,69,51
15,3478,269.725617648484,80,65
26,9590,1145.51019283804,50,24
30,4584,642.253790892181,88,58
43,3227,753.474419373017,83,40
61,3554,1562.05677455977,89,28
16,6013,484.604945789023,87,71
97,5789,5332.83748132158,97,0
52,1162,378.246475972249,84,32
80,1294,916.927869543368,88,8
70,4457,2530.75661872158,84,14
73,4818,2945.1961701008,81,8
45,7008,1765.40083040013,68,23
47,3931,1067.23471808973,77,30
84,9554,7254.20404823468,96,12
76,1739,1137.30682121841,85,9
41,6495,1404.27157292363,74,33
83,9907,7400.87132207758,84,1
81,9979,7201.64999423324,85,4
2,4569,226.535098469436,74,72
83,1013,756.746002752053,86,3
32,9750,1479.37511225052,76,44
94,8986,7839.72097153761,97,3
42,7963,1789.35084609814,86,44
27,9190,1142.39669938953,77,50
66,3487,1777.88655095087,80,14
51,2662,836.231828784945,69,18
88,6223,5012.1873142865,88,0
45,7667,1931.41098268805,67,22
11,6409,427.163205313281,46,35
94,6433,5612.38871688198,97,3
98,2755,2583.20264835669,99,1
74,1906,1192.47967810415,75,1
36,8544,1519.26549713663,54,18
41,9034,1953.22392452534,88,47
36,9923,1764.47466386784,91,55
14,3202,238.999926429156,88,74
21,4773,467.59501615029,55,34
41,7072,1529.02364337428,63,22
73,1843,1126.60783343623,95,22
85,8369,6454.51658024539,86,1
1,1191,57.6834399901554,82,81
15,4446,344.795887310282,64,49
79,6619,4602.00162149653,89,10
37,9594,1774.5376402139,89,52
59,4095,1689.40532416442,79,20
6,3328,185.692493651066,67,61
95,7880,6985.26041240726,95,0
39,4921,984.419788005667,85,46
83,4504,3364.64362921545,87,4
89,3172,2589.46885520184,92,3
69,4549,2516.86035215953,92,23
58,9854,3935.55489057074,77,19
83,9609,7178.25502511794,86,3
7,9562,551.828495758188,73,66
24,1952,215.329814287693,65,41
33,1295,204.46197630706,65,32
93,9450,8128.45714644232,94,1
97,4231,3897.60500664564,97,0
91,2767,2318.43976290274,96,5
39,1330,266.059402163694,78,39
56,1524,569.577008926594,81,25
31,3684,537.150041865769,72,41
86,6034,4724.06425559177,88,2
9,2008,124.357725083267,31,22
33,4491,709.064660691126,82,49
89,9786,7988.82163209496,92,3
46,7813,2043.5219416077,62,16
58,9203,3675.55425795844,85,27
5,6517,352.056881869717,70,65
56,4632,1731.15531846981,84,28
7,4918,283.820596333274,78,71
86,7143,5592.30874671727,88,2
24,4420,487.580829483404,62,38
56,6160,2302.22728017574,80,24
25,7853,901.394621549425,88,63
16,3255,262.329801853196,30,14
61,1094,480.835709445241,72,11
32,4875,739.687556125262,59,27
94,4624,4034.14976323057,95,1
85,9640,7434.76399015003,86,1
39,7145,1429.31911914255,67,28
28,3373,436.352009057469,76,48
18,2591,225.654520376531,76,58
62,1274,577.492312045913,77,15
74,4620,2890.48064682119,77,3
70,5316,3018.51069892841,81,11
30,1759,246.449480405616,73,43
16,1039,83.7359951230325,76,60
54,6956,2428.2951670902,66,12
19,3113,281.925978865623,69,50
74,2896,1811.86838813726,93,19
62,3015,1366.67136641949,77,15
39,1294,258.857794285579,92,53
39,9993,1999.04632016676,39,0
53,2588,872.593494332407,78,25
90,9725,8043.88036045604,95,5
3,1265,64.3910609341025,40,37
80,4691,3324.04067699223,88,8
11,1556,103.708214614989,59,48
9,5314,329.102067277132,59,50
48,7892,2223.32916364283,86,38
16,9403,757.814785507098,73,57
33,2408,380.188755943939,54,21
8,8267,494.029722681386,83,75
89,6303,5145.46727438121,90,1
9,1032,63.9129344053443,85,76
27,7386,918.14385437335,81,54
56,5428,2028.65092155745,79,23
31,3227,470.51660833356,69,38
9,3925,243.079716609473,18,9
46,8455,2211.43965394767,82,36
57,9217,3561.84447338344,66,9
71,2575,1499.5494363185,91,20
57,3941,1522.97158181666,78,21
36,8703,1547.53834522239,91,55
17,8162,683.7343140888,64,47
31,2973,433.481833460079,39,8
29,1810,243.683119700219,71,42
49,5528,1615.49299476504,64,15
55,5107,1845.08384488842,65,10
57,1216,469.914601240562,69,12
65,1874,928.631399055907,81,16
8,2274,135.892535306335,79,71
52,7864,2559.83673583973,54,2
51,7426,2332.77894836852,90,39
43,5792,1352.37800960908,81,38
74,2563,1603.52854930794,87,13
79,5082,3533.36942747324,94,15
84,1589,1206.50305972838,90,6
62,2388,1082.45811708449,85,23
25,2101,241.160078934846,84,59
5,4454,240.610917883646,88,83
74,1695,1060.46854899608,90,16
65,7027,3482.1199792774,88,23
23,3209,340.235315765507,75,52
99,1506,1434.28571428571,99,0
46,8209,2147.09735295759,74,28
78,9757,6651.49544981766,88,10
61,6180,2716.23828553162,91,30
52,3434,1117.81273536033,65,13
32,5401,819.497946796419,73,41
85,5872,4528.72760893786,93,8
2,3794,188.109906673898,76,74
79,4197,2918.05420840323,94,15
22,9272,944.938231138441,77,55
42,3606,810.297519908314,71,29
21,2796,273.914868040271,84,63
58,2714,1083.93504901654,85,27
21,3409,333.968449624207,83,62
53,9789,3300.54780371713,90,37
8,1201,71.7708596758612,73,65
99,6630,6314.28571428571,99,0
46,1125,294.248327698536,63,17
63,6384,2982.78596186949,76,13
96,3598,3251.15728822828,97,1
77,9476,6329.49018414076,80,3
96,6894,6229.42699973478,97,1
53,8839,2980.23720881149,85,32
21,3074,301.149608138695,89,68
82,8500,6243.21422635128,86,4
85,5856,4516.3877516928,87,2
30,3400,476.366249789139,85,55
9,6363,394.0678310283,44,35
88,4326,3484.2876942959,94,6
13,6706,481.847549215418,45,32
27,4982,619.305805914979,81,54
31,1381,201.358362599519,87,56
19,5998,543.2033476505,80,61
46,2400,627.729765756877,80,34
34,6568,1079.01780585642,62,28
43,7333,1712.18714510763,79,36
5,4908,265.13659294408,83,78
92,4183,3550.52145620937,93,1
86,3801,2975.83165984493,92,6
18,4151,361.517527627549,56,38
11,8943,596.055631942062,77,66
62,5659,2565.17189471571,65,3
96,4702,4248.73306538337,98,2
66,5017,2557.97442676241,77,11
37,4429,819.202335679318,72,35
45,2874,723.995717261699,85,40
77,2538,1695.25602441423,89,12
62,5332,2416.94584601947,85,23
81,7761,5600.9625819465,83,2
8,6128,366.20468617292,81,73
29,3062,412.241830122691,69,40
88,9008,7255.30826403548,91,3
69,6981,3862.43176927362,84,15
55,6628,2394.59873192098,84,29
67,1629,854.043580784006,91,24
60,3076,1310.17964363333,85,25
31,3739,545.16938288168,79,48
92,9375,7957.4799550473,99,7
29,8390,1129.55877032312,90,61
68,3326,1791.89710762621,77,9
5,7070,381.930666690026,61,56
67,1154,605.013070733421,89,22
3,8674,441.524160112573,61,58
37,6378,1179.69575456371,90,53
8,1520,90.834060538975,78,70
14,7087,528.979537352726,73,59
56,8633,3226.48183599953,92,36
98,6475,6071.22945484921,99,1
20,4495,423.367977679414,85,65
45,2764,696.285373177222,87,42
61,2202,967.824709504956,70,9
86,4959,3882.4386217235,87,1
81,9347,6745.54790020023,85,4
74,3504,2192.26064642022,84,10
42,1050,235.943537410907,80,38
63,3327,1554.46881189533,87,24
73,1778,1086.87397061835,83,10
40,7055,1467.35315141801,76,36
73,2896,1770.29641108591,77,4
41,1391,300.745459266632,74,33
2,3039,150.676332731148,83,81
99,3662,3487.61904761905,99,0
27,8496,1056.1264807414,58,31
14,3951,294.905905472079,83,69
76,3130,2047.02147809869,78,2
98,2920,2737.9135147737,98,0
49,6556,1915.91390623727,64,15
14,8495,634.073821054241,84,70
33,6168,973.838972866369,41,8
57,7073,2733.31083435402,61,4
53,4942,1666.28943160385,80,27
71,3712,2161.68058548127,89,18
3,9359,476.392046863451,72,69
48,9671,2724.50789933981,68,20
66,4938,2517.69537957998,84,18
5,4281,231.265231131542,78,73
74,3847,2406.85693686604,81,7
49,2422,707.801019052268,52,3
62,6284,2848.47856271312,85,23
61,4581,2013.44459320718,66,5
52,8324,2709.57286230034,85,33
96,1692,1528.89331063987,97,1
51,7785,2445.55401468475,77,26
70,5611,3186.01646570491,88,18
43,9391,2192.71096136722,74,31
50,5534,1677.04968484761,93,43
1,1024,49.5951658689497,78,77
69,4736,2620.32328595901,79,10
44,5638,1367.55113181778,76,32
23,3503,371.406765698526,88,65
79,1896,1318.23463882119,84,5
69,7703,4261.89828372936,71,2
76,3393,2219.02360229676,78,2
14,1439,107.408149322784,72,58
38,7061,1358.32481982613,78,40
74,2343,1465.88661374503,75,1
84,9274,7041.60439013277,92,8
48,5173,1457.33423258038,67,19
53,7107,2396.26041894143,72,19
51,2357,740.420142917399,70,19
36,8257,1468.23211725857,56,20
49,3084,901.262734416678,88,39
66,8041,4099.79516954286,70,4
58,2709,1081.93811635439,78,20
0,6286,406.27784048536,61,61
63,1005,469.564519373251,73,10
92,4887,4148.07515096706,93,1
99,6077,5787.61904761905,99,0
74,6342,3967.84161518181,89,15
1,1248,60.4441084027825,77,76
39,8304,1661.1708838852,83,44
57,1391,537.542113754623,83,26
55,4291,1550.27506920231,64,9
41,8541,1846.63333400165,82,41
74,6433,4024.77532489192,87,13
28,1363,176.326056432058,57,29
56,8232,3076.61281987121,75,19
40,8782,1826.547891673,52,12
46,6159,1610.91151137359,75,29
26,5634,672.972307241868,78,52
37,6066,1121.98721341855,43,6
2,2231,110.61497147851,81,79
73,2729,1668.21094815382,92,19
37,3054,564.877835440198,83,46
55,6574,2375.08932764764,69,14
54,4944,1725.91881916245,73,19
60,8780,3739.7195289664,70,10
24,6380,703.793143009981,76,52
61,1670,733.999666154984,75,14
91,9282,7777.28871675577,92,1
87,9160,7275.74348841736,92,5
55,3905,1410.81895717433,61,6
72,1985,1184.74419766707,72,0
41,8544,1847.28195828476,84,43
18,3568,310.743083251046,85,67
92,2507,2127.93623971238,96,4
27,3165,393.436948157549,79,52
15,6998,542.708416418658,81,66
12,8751,605.497820086745,61,49
20,6624,623.890875227684,81,61
43,4346,1014.75048856372,68,25
11,5613,374.10938858222,60,49
70,5073,2880.53137239726,94,24
69,9749,5393.90450059425,77,8
19,4234,383.448311762623,88,69
69,1871,1035.18261571565,70,1
59,8591,3544.2444786072,63,4
29,1516,204.101441693664,75,46
15,2008,155.724278389349,54,39
21,1484,145.382569446267,78,57
74,3932,2460.03677560626,87,13
95,8922,7908.9458628804,97,2
71,3620,2108.10445028076,80,9
60,1172,499.19718541556,88,28
73,3966,2424.37692208796,74,1
97,7985,7355.79673317547,98,1
41,9625,2081.00290829715,85,44
0,1924,124.35230116033,58,58
40,3437,714.853689783658,74,34
27,1803,224.128536343779,72,45
23,4239,449.441415870983,70,47
2,2509,124.398459632264,64,62
5,7774,419.961669426911,83,78
82,5026,3691.57584725194,88,6
15,4486,347.897964569034,81,66
12,5335,369.138483620476,53,41
82,3675,2699.27203315776,83,1
63,9316,4352.69956465792,94,31
11,1624,108.24045021513,73,62
76,5267,3444.62048726703,83,7
86,8085,6329.80767425579,89,3
21,1446,141.659835188209,73,52
97,9552,8799.32002445737,97,0
3,7553,384.462990699823,70,67
24,2693,297.071306289323,63,39
92,2004,1700.99091519091,97,5
41,6703,1449.24285655229,72,31
41,3703,800.618573446684,49,8
13,1098,78.8948119651847,70,57
4,3382,177.168841852007,63,59
4,5206,272.720576783427,75,71
29,4064,547.142651083807,75,46
7,2889,166.725844409685,72,65
2,4712,233.625166116871,68,66
82,7140,5244.29995013507,84,2
96,6577,5942.98540430166,98,2
94,4018,3505.45280031584,97,3
85,1582,1220.10338510553,86,1
96,5007,4524.33144584741,99,3
92,6933,5884.71557635658,97,5
86,5606,4388.97981717724,89,3
56,2483,927.991937772135,68,12
96,6600,5963.76823299239,99,3
42,1321,296.839440876007,70,28
54,8019,2799.38167695462,72,18
86,5474,4285.63601841388,88,2
84,8405,6381.7861655236,96,12
50,4451,1348.85221309301,88,38
32,5180,785.965444252074,75,43
30,1954,273.770485908229,67,37
11,6514,434.161510284087,70,59
30,4220,591.254580620638,74,44
4,8315,435.588089887475,65,61
37,6577,1216.50344587105,82,45
14,1856,138.533373970179,63,49
64,1015,488.535483548117,78,14
49,9026,2637.74236084466,62,13
13,6631,476.458559327085,66,53
22,6006,612.090057831911,66,44
62,2529,1146.3721013847,82,20
42,2728,613.003781006622,65,23
60,3470,1477.99849265529,91,31
35,3261,557.380077396303,77,42
52,4792,1559.85982173754,92,40
10,4575,293.862660318699,76,66
28,4756,615.265388401222,75,47
25,5907,678.025981089068,54,29
55,5257,1899.2766345366,66,11
75,1537,983.511950521321,79,4
12,2218,153.467508279328,89,77
6,1800,100.434641998774,65,59
24,3379,372.745616023625,80,56
88,8086,6512.70233381337,95,7
99,3553,3383.80952380952,99,0
2,8957,444.09605537114,62,60
1,9599,464.906247242235,88,87
32,4352,660.332357796337,75,43
50,6123,1855.54304667906,72,22
91,2514,2106.45376362034,96,5
10,5876,377.428850717525,83,73
77,6490,4334.99274958564,91,14
91,4762,3990.02896673034,94,3
21,2178,213.371453001327,87,66
93,1925,1655.79682612714,93,0
59,3673,1515.30787683905,68,9
72,3069,1831.72793080112,83,11
85,7720,5953.98112074255,90,5
44,3272,793.655073307516,68,24
88,8614,6937.96907042647,95,7
64,7656,3684.95336162008,79,15
63,1826,853.159017289111,79,16
2,1406,69.7107350510017,3,1
49,7981,2332.35339927999,60,11
65,3890,1927.62867786952,85,20
33,5868,926.473264069367,71,38
91,5903,4946.06068681419,92,1
91,6434,5390.97991850966,96,5
37,2060,381.024342176427,84,47
81,6411,4626.69386842663,86,5
45,6351,1599.89450255012,80,35
13,9260,665.36061821276,79,66
84,2301,1747.11361890182,85,1
19,5435,492.215771003745,42,23
63,3458,1615.67572934597,89,26
96,2693,2433.39815931038,96,0
60,1545,658.071374971878,79,19
44,2755,668.251750294073,81,37
21,6943,680.182735623605,72,51
79,2458,1708.9771847165,90,11
13,6493,466.542817932554,80,67
64,4321,2079.7653442477,85,21
29,2761,371.717731211219,84,55
20,3903,367.609614434428,81,61
21,3724,364.827957289688,67,46
37,9429,1744.01870018521,55,18
81,4518,3260.5526279132,89,8
75,8608,5508.17883545057,90,15
51,1134,356.230989422287,59,8
52,3156,1027.32003284717,77,25
41,7833,1693.55800318873,68,27
34,5971,980.94021296722,62,28
75,3242,2074.52553258954,77,2
83,8475,6331.11784138564,89,6
18,7231,629.759875276994,91,73
86,7473,5850.66824362567,87,1
6,7110,396.716835895156,73,67
92,6338,5379.68084854291,92,0
23,4857,514.965075934268,89,66
48,2820,794.448586096399,76,28
42,9685,2176.29824745203,58,16
38,2389,459.572014525511,68,30
4,3512,183.978998398654,74,70
34,5563,913.912310289172,73,39
0,6001,387.857671134687,82,82
2,4296,212.999514778879,85,83
20,4438,417.999351488596,81,61
86,6497,5086.55045882991,86,0
52,5749,1871.37606743929,61,9
96,3392,3065.01543125912,97,1
95,9111,8076.48573825413,98,3
59,5096,2102.37107007127,80,21
65,4781,2369.14979663089,69,4
51,5365,1685.34326124389,72,21
68,9179,4945.22656371047,83,15
80,3107,2201.61892633017,92,12
15,4285,332.310026343805,76,61
13,6065,435.789648969804,69,56
36,6273,1115.44387447777,51,15
26,4554,543.968031093267,66,40
33,2669,421.396922597331,84,51
42,7539,1694.07459861031,79,37
48,2234,629.36104302814,92,44
50,6698,2029.7937819135,73,23
15,4957,384.424924290838,81,66
74,9290,5812.24355172485,79,5
56,4026,1504.66997240057,58,2
91,2131,1785.54215205845,96,5
19,9309,843.061014217823,80,61
86,8294,6493.43535563111,88,2
40,2972,618.139414034632,79,39
32,2857,433.49484058459,71,39
34,9415,1546.73456792604,79,45
68,2128,1146.46934606993,92,24
21,8206,803.914666358534,85,64
73,3064,1872.9931642152,80,7
15,1099,85.2295726842105,73,58
30,5775,809.122086038906,70,40
0,5773,373.121535654149,57,57
78,1785,1216.86167653219,87,9
86,8497,6652.36559160809,91,5
52,6902,2246.69292354601,63,11
63,4984,2328.66623338934,80,17
76,9632,6299.33254857718,87,11
18,6222,541.884378920407,72,54
0,5279,341.193242112983,27,27
80,2114,1497.9795333962,93,13
51,4147,1302.72479112365,85,34
52,4476,1456.99761312546,68,16
54,4495,1569.17578724417,76,22
26,7853,938.028315365707,74,48
52,2497,812.806756026425,77,25
26,8690,1038.00662938087,83,57
17,4157,348.233710324325,66,49
62,5333,2417.39913668827,90,28
44,7922,1921.55730157156,87,43
45,3224,812.164993894125,70,25
89,2914,2378.85001388971,97,8
51,3229,1014.34732349609,85,34
17,5132,429.909887270733,75,58
54,4856,1695.19858128091,70,16
61,6494,2854.24780359908,68,7
92,3837,3256.83739600176,97,5
64,7327,3526.60048074586,77,13
71,1463,851.97701954717,73,2
51,1026,322.304228524926,72,21
10,6033,387.513317967806,81,71
2,7118,352.916793807276,76,74
84,9602,7290.6497039093,93,9
17,2143,179.520048406309,77,60
85,5593,4313.55134822709,92,7
84,4626,3512.45006564095,85,1
46,3305,864.436198261033,58,12
95,3010,2668.22764484084,99,4
55,6613,2389.17945295616,71,16
97,7227,6657.52573458474,97,0
16,9793,789.246006005637,53,37
63,2948,1377.3892568282,89,26
52,7815,2543.88658323849,60,8
77,4598,3071.23215140135,78,1
93,9927,8538.75069764369,94,1
53,4344,1464.66234133693,78,25
72,4273,2550.33347941127,77,5
60,2157,918.744307970447,76,16
66,8190,4175.76451169706,94,28
11,2556,170.358738146473,67,56
13,9299,668.162892954693,79,66
67,2887,1513.58122634955,73,6
41,1121,242.369273787127,62,21
74,6158,3852.72290543828,81,7
59,5975,2465.00532646701,85,26
83,1094,817.255801590075,84,1
13,1281,92.0439472927155,64,51
42,6479,1455.88397989073,56,14
70,2357,1338.34268573632,88,18
15,3423,265.4602614177,77,62
15,9112,706.6531995437,87,72
91,3646,3054.94447977715,94,3
71,3948,2299.11501925648,88,17
63,2812,1313.84619749013,72,9
92,9436,8009.25662462148,94,2
85,4040,3115.81395437823,89,4
29,2345,315.711003147522,79,50
99,9915,9442.85714285714,99,0
49,4563,1333.48309245892,76,27
98,3926,3681.18097911011,98,0
65,4551,2255.17689279799,85,20
18,2226,193.866060346645,47,29
65,4992,2473.70754753847,92,27
0,5734,370.600880900899,80,80
5,4170,225.268865643198,69,64
94,2953,2576.30714766866,96,2
40,1573,327.164636028424,82,42
5,7490,404.619617186463,52,47
83,4147,3097.95229359602,93,10
7,1687,97.3577360744681,36,29
84,4084,3100.9178703151,86,2
29,5063,681.639577371387,83,54
79,4940,3434.64088384845,95,16
16,6754,544.324264736248,79,63
1,1319,63.8828357237741,86,85
44,1861,451.403450924599,69,25
17,7721,646.791550977655,72,55
29,6574,885.067861275824,70,41
66,7632,3891.26187463638,84,18
27,4061,504.817518631218,74,47
3,4395,223.714397474609,82,79
42,8869,1992.93641266413,78,36
79,2342,1628.32569837511,92,13
20,4752,447.573888750295,66,46
37,1983,366.782170163036,53,16
86,7159,5604.83526777949,93,7
35,2151,367.655488034176,75,40
57,9259,3578.07507638681,75,18
90,7150,5914.00972516819,91,1
15,7429,576.13329888171,80,65
49,3945,1152.8798596867,74,25
92,9018,7654.4591183591,96,4
85,2692,2076.18098148173,96,11
38,6331,1217.89469399791,63,25
48,1417,399.196328545602,68,20
22,1250,127.391370677637,78,56
98,4401,4126.56074606816,98,0
26,5159,616.234315417252,52,26
86,1911,1496.13635936955,88,2
54,9644,3366.6587969261,92,38
95,5482,4859.54284020515,98,3
4,5379,281.783323572427,84,80
49,9242,2700.86582084272,75,26
60,8227,3504.17682970462,86,26
21,6087,596.323248126297,87,66
27,1159,144.073751315829,73,46
25,2983,342.399103028388,76,51
74,3879,2426.87758203883,78,4
32,1364,206.96078493433,87,55
34,7540,1238.70192694236,63,29
16,3840,309.476632601006,70,54
22,2488,253.559784196769,59,37
14,3832,286.023647119465,61,47
5,2962,160.011122310588,74,69
28,5009,647.995023234172,80,52
4,5185,271.620474572045,71,67
35,1993,340.649645584431,84,49
99,2566,2443.80952380952,99,0
65,5030,2492.53785338912,86,21
94,1892,1650.65124395161,94,0
62,9045,4100.01409925846,74,12
93,4982,4285.28820143657,97,4
51,1534,481.885659412512,91,40
8,6987,417.537882227512,72,64
87,5547,4405.95514522392,88,1
8,3197,191.050323383621,78,70
23,3419,362.500637146235,79,56
56,1728,645.819600672674,80,24
75,4481,2867.35006524791,77,2
56,9925,3709.3515837247,75,19
97,3919,3610.19003097241,98,1
29,4481,603.284010705349,91,62
70,9452,5366.99833075082,78,8
78,3897,2656.64423162237,78,0
28,9051,1170.89298368786,74,46
40,8429,1753.12823717965,63,23
75,3463,2215.94136932683,87,12
82,8424,6187.39254620978,82,0
79,1835,1275.82308134856,97,18
11,7262,484.016101885637,67,56
5,3422,184.860925235257,89,84
52,5567,1812.13264349183,74,22
49,5541,1619.29209189456,80,31
4,1972,103.30483623068,54,50
10,8715,559.784280803817,75,65
94,2773,2419.2684458128,94,0
65,4991,2473.21201317398,90,25
45,4972,1252.50755261836,82,37
64,2919,1404.96066647976,90,26
39,4546,909.403039275302,92,53
49,8631,2522.30825575562,55,6
73,5875,3591.32990853927,87,14
66,5610,2860.32221130897,89,23
46,2865,749.352407872272,65,19
79,6766,4704.20652229122,97,18
28,3044,393.790547160076,69,41
25,3542,406.563065010577,89,64
24,2057,226.912616798046,65,41
53,1652,557.003266088538,71,18
54,4758,1660.98740727648,93,39
76,9048,5917.39627279135,83,7
46,3634,950.487486983539,62,16
66,6164,3142.78540294269,91,25
6,8652,482.755845874105,83,77
98,7303,6847.59671177819,98,0
99,3416,3253.33333333333,99,0
21,1392,136.369633874126,77,56
85,6497,5010.75328257311,87,2
13,5631,404.605360815988,60,47
67,3712,1946.10790170057,74,7
12,8448,584.532691588713,68,56
6,4698,262.134415616799,77,71
66,3798,1936.45343289688,74,8
57,9708,3751.58795135146,80,23
66,6696,3414.03164472814,70,4
50,1769,536.086175008209,69,19
95,8463,7502.06330840135,97,2
1,2486,120.403889013876,58,57
20,8049,758.106529998132,63,43
37,4739,876.540950278683,88,51
1,3838,185.885006450224,75,74
5,2602,140.563450456499,6,1
81,6093,4397.19946035305,81,0
13,6028,433.131080624894,64,51
35,3991,682.15390643626,54,19
56,6452,2411.35883306718,75,19
14,5711,426.273760098973,79,65
13,5318,382.115309682015,79,66
87,5286,4198.64411351246,88,1
82,6677,4904.22839874676,82,0
62,6752,3060.61859570958,79,17
74,3561,2227.92242063425,93,19
78,4444,3029.54245966892,94,16
88,7367,5933.5985769482,90,2
84,7400,5618.70524983637,93,9
52,9245,3009.37062853997,79,27
20,2184,205.703150890287,87,67
22,2918,297.382415709876,69,47
10,4858,312.040394279397,67,57
31,1098,160.095207917648,90,59
36,1069,190.086003796707,36,0
31,9910,1444.93944486693,72,41
3,5996,305.2085386252,70,67
51,5794,1820.1078948084,90,39
71,6807,3964.05165554175,82,11
24,1325,146.163936440161,69,45
19,5442,492.849719558856,66,47
49,7960,2326.21639622463,75,26
19,9460,856.736190192352,86,67
4,1479,77.4786271730097,72,68
29,7919,1066.14730657792,75,46
96,7321,6615.26473238444,97,1
42,3694,830.071835424656,70,28
50,1028,311.530010123482,84,34
26,5036,601.542161744773,58,32
95,1592,1411.23535235436,95,0
11,6411,427.296506360344,78,67
39,6385,1277.28517504901,75,36
73,2470,1509.88678707949,80,7
40,6726,1398.92520147945,75,35
53,8401,2832.55716610763,77,24
6,3136,174.979465171197,90,84
59,8873,3660.58447895259,67,8
28,8453,1093.53202862816,73,45
90,9736,8052.97883695629,95,5
14,7309,545.549800834073,83,69
84,6355,4825.25295442029,87,3
64,5673,2730.50423464873,85,21
49,1597,466.704470448584,68,19
35,3222,550.714078310606,64,29
1,3029,146.702888102587,63,62
68,8966,4830.47187822508,79,11
71,6424,3741.01187530487,86,15
0,2628,169.853351065149,54,54
7,5917,341.473458418866,80,73
82,9075,6665.54930636916,90,8
47,4307,1169.31567815122,79,32
20,8722,821.493993619544,77,57
73,1052,643.077287452479,74,1
1,2825,136.822601152132,71,70
45,4240,1068.10780834711,57,12
95,4125,3656.62426410913,96,1
6,5919,330.262581105967,68,62
59,4259,1757.06404776954,82,23
5,1493,80.6538168837637,70,65
70,1075,610.402370456742,85,15
54,8821,3079.35475401131,63,9
76,8920,5833.68421234515,96,20
47,6604,1792.93260703754,72,25
89,9977,8144.74488283378,91,2
5,4432,239.422449048118,75,70
44,6830,1656.68219764374,74,30
85,2426,1871.03085478257,89,4
80,9967,7062.61211417214,80,0
20,5537,521.510231904542,73,53
44,1289,312.659348867172,74,30
27,8673,1078.12911575685,73,46
60,2357,1003.93154097652,83,23
63,4808,2246.43403895183,79,16
80,5549,3932.0191252675,97,17
87,8463,6722.11977537949,91,4
44,4773,1157.73706139877,78,34
95,3552,3148.68591178561,96,1
63,6540,3055.67358875728,75,12
34,4883,802.199139159092,73,39
64,4971,2392.62058001743,81,17
90,7767,6424.35154340998,90,0
54,9918,3462.3104466936,78,24
10,6370,409.159594804396,53,43
41,6522,1410.10919147158,70,29
71,6599,3842.92300204496,81,10
10,1164,74.7663686581346,72,62
44,4753,1152.88586901914,53,9
50,6734,2040.70339316296,81,31
30,2020,283.017595462959,34,4
5,7900,426.768354575843,75,70
96,7295,6591.77109995144,98,2
1,5538,268.220731037347,80,79
28,3990,516.170920883279,65,37
40,7439,1547.22042429463,58,18
51,7561,2375.18739949022,87,36
13,2313,166.196448156168,82,69
79,6325,4397.59181990717,86,7
75,1571,1005.26823309629,86,11
92,6515,5529.91807009421,97,5
23,6352,673.472959097071,66,43
41,2570,555.654802527134,82,41
52,7241,2357.04193848111,74,22
35,2566,438.588555228124,75,40
75,5716,3657.6150352504,88,13
94,7821,6823.33159563718,94,0
19,4692,424.926660082718,89,70
54,1069,373.181071538158,63,9
28,4304,556.791890596901,56,28
55,2104,760.144196131827,59,4
46,6480,1694.87036754357,82,36
53,4475,1508.83148652918,66,13
83,3245,2424.12712628866,94,11
25,7215,828.162765118948,82,57
69,2299,1271.98548024066,70,1
60,5230,2227.64614310869,80,20
32,4761,722.390247120487,53,21
94,5894,5142.14504854693,96,2
40,3224,670.552311859911,66,26
70,3495,1984.51747418262,91,21
49,9873,2885.26815074444,65,16
62,7082,3210.20451641221,66,4
60,7241,3084.2037709847,70,10
12,3618,250.336088798291,64,52
68,8324,4484.59155859308,91,23
49,7591,2218.38048539462,54,5
95,9565,8478.9360208979,99,4
99,1818,1731.42857142857,99,0
47,4654,1263.52337267606,91,44
99,3883,3698.09523809524,99,0
67,6176,3237.9209054156,95,28
30,7415,1038.8987477019,76,46
50,9068,2748.00985583631,90,40
77,8941,5972.13716086983,85,8
63,2721,1271.32841513892,82,19
33,8762,1383.39446826445,70,37
33,6291,993.25891347314,57,24
82,8543,6274.7975453787,89,7
47,4984,1353.11570464492,76,29
92,6785,5759.09349279957,95,3
35,1554,265.614425106978,41,6
62,5719,2592.36933484346,83,21
66,4216,2149.57548001402,70,4
24,3033,334.577523941892,89,65
80,8604,6096.79087291433,80,0
1,1676,81.17333788707,44,43
56,7315,2733.89489520869,90,34
31,4613,672.604001934525,88,57
78,2730,1861.08256410805,82,4
12,3922,271.370409139551,65,53
50,7256,2198.89275628014,62,12
4,5588,292.731959866652,80,76
76,6511,4258.19707472862,87,11
35,5097,871.194803584469,73,38
44,3353,813.302402445018,53,9
92,6862,5824.45092816369,93,1
10,7120,457.333801414019,57,47
11,3483,232.143773460159,84,73
42,6521,1465.32172138716,84,42
94,2674,2332.89715979207,97,3
89,3823,3120.91407107082,93,4
62,8986,4073.2699497995,82,20
24,9694,1069.36845271767,85,61
41,6678,1443.83765419307,79,38
1,5229,253.255002274158,64,63
1,1242,60.1535117277691,74,73
47,8643,2346.5046218391,61,14
1,3238,156.825338948886,42,41
37,8857,1638.21970808573,87,50
74,2029,1269.43403298705,86,12
84,4529,3438.7994697985,89,5
0,4218,272.618506389953,82,82
36,7991,1420.93288712767,70,34
91,8154,6832.14955789987,92,1
25,2000,229.566948057921,82,57
90,1844,1525.23551513429,90,0
14,2578,192.424050697803,71,57
22,1390,141.659204193532,82,60
99,5887,5606.66666666667,99,0
43,3282,766.316406688021,84,41
89,5273,4304.62461332891,89,0
85,3016,2326.06309069424,91,6
13,7244,520.504570014388,91,78
30,9046,1267.41443988016,61,31
24,2674,294.975370596973,80,56
86,1365,1068.66882812111,92,6
13,4400,316.154073448828,46,33
4,5317,278.535402757872,26,22
24,2774,306.006611083023,75,51
68,7819,4212.52059065826,76,8
46,1192,311.772450325916,88,42
53,2237,754.247158740956,67,14
23,3698,392.081706980631,76,53
79,6964,4841.87026621874,79,0
38,7283,1401.03096768074,89,51
13,1013,72.7872900917414,87,74
1,4675,226.42324261459,78,77
48,4591,1293.37356693921,92,44
94,8354,7288.34064057703,94,0
34,5764,946.933409402622,77,43
34,2349,385.903292624351,83,49
16,4505,363.070893194669,55,39
33,6688,1055.93953478117,53,20
89,4234,3456.43478339363,92,3
89,6743,5504.66219754918,91,2
29,4916,661.848738368109,80,51
48,1300,366.235163803304,68,20
85,2348,1810.87405071289,86,1
74,1875,1173.08467809301,76,2
55,8110,2930.02349364502,70,15
90,6674,5520.29383297518,91,1
26,2528,301.965564910799,54,28
60,8332,3548.90012703281,71,11
40,8601,1788.9021198223,83,43
94,6664,5813.921717597,97,3
58,8614,3440.31559035684,69,11
20,1362,128.281910033228,74,54
30,4976,697.176017338458,75,45
99,5439,5180,99,0
58,6463,2581.23515909871,76,18
26,1397,166.869420166292,91,65
11,5944,396.170711871141,75,64
33,2912,459.763146722903,74,41
81,4014,2896.82564153244,92,11
85,4158,3206.82040156056,91,6
83,5164,3857.68643456229,91,8
2,1672,82.8992524930831,81,79
67,7870,4126.04234546969,91,24
58,2762,1103.10560257321,75,17
74,1176,735.758710099938,87,13
86,8344,6532.58073395056,90,4
89,7384,6027.94389243707,89,0
81,6149,4437.61356995092,85,4
61,3510,1542.7178612,94,33
4,3351,175.54488144473,71,67
68,6823,3675.9212162759,70,2
30,6956,974.589303980369,85,55
14,4708,351.409011126942,84,70
71,4911,2859.91739097481,72,1
96,6293,5686.3626500335,97,1
21,7586,743.175317937587,71,50
56,3700,1382.83132088478,74,18
35,5513,942.298793831897,80,45
59,2264,934.02042830482,91,32
55,3169,1144.91300263392,76,21
41,4387,948.504909994761,80,39
90,1762,1457.41050849599,90,0
1,3513,170.144353220332,75,74
99,2806,2672.38095238095,99,0
47,5451,1479.90242897662,77,30
98,6851,6423.78270195705,98,0
24,3129,345.1675148085,79,55
79,3552,2469.60413348779,97,18
20,3231,304.316337237416,89,69
53,5652,1905.6794551649,83,30
72,5848,3490.36980753502,91,19
34,6854,1126.00305136113,82,48
38,9491,1825.78400580227,83,45
18,3269,284.702673527935,87,69
69,3727,2062.0660656185,74,5
7,9958,574.681882530855,75,68
43,9733,2272.56477339869,63,20
19,7374,667.819520769387,79,60
31,5566,811.557310810225,74,43
13,8799,632.236293699144,68,55
68,5263,2835.46436483366,70,2
50,6088,1844.93648018653,76,26
62,4398,1993.57236136415,86,24
67,5151,2700.53927846434,85,18
54,1559,544.236941560326,77,23
59,7963,3285.16107358272,75,16
43,5200,1214.15152796396,61,18
81,7073,5104.44637831563,89,8
4,7149,374.506224246008,58,54
71,6206,3614.05972885149,72,1
27,2439,303.1888519925,67,40
94,2319,2023.18194224301,97,3
17,8583,719.001668442069,22,5
98,4808,4508.18088323011,98,0
10,4937,317.114744042277,65,55
55,8134,2938.69433998873,82,27
10,2812,180.621158648346,74,64
17,8743,732.404938505069,73,56
79,7616,5295.18724117202,89,10
48,6507,1833.14785451392,83,35
86,7258,5682.34311685201,90,4
52,4651,1513.96244384417,77,25
51,5074,1593.929488826,67,16
90,6954,5751.89141661813,98,8
72,6400,3819.83015872505,81,9
6,8000,446.376186661216,77,71
2,9260,459.119065840879,66,64
1,1319,63.8828357237741,70,69
85,9738,7510.34561577603,88,3
91,4847,4061.24955937462,96,5
79,8426,5858.35710269373,79,0
15,3585,278.023674315646,46,31
11,7512,500.678732768508,83,72
70,7779,4417.04189747256,73,3
40,9342,1943.02099795139,82,42
61,9810,4311.69863771281,87,26
74,4791,2997.46596946327,89,15
24,8450,932.139821071214,27,3
3,8122,413.426242614056,52,49
69,7841,4338.25060920705,83,14
89,7413,6051.61810328223,94,5
36,8883,1579.54534305533,77,41
96,9998,9034.20527173605,97,1
19,4022,364.248726950702,87,68
51,1106,347.435162522971,68,17
87,2129,1691.05435445858,87,0
51,6509,2044.71561741593,60,9
92,4285,3637.09883812029,94,2
19,7848,710.746894358306,83,64
42,4865,1093.20505667053,58,16
10,9799,629.412067423592,64,54
61,1072,471.166252765355,85,24
45,6635,1671.43757273186,85,40
94,3927,3426.06101215538,94,0
46,4666,1220.411286259,87,41
32,1106,167.81424350247,76,44
67,7205,3777.39963139887,74,7
23,6137,650.677511016802,63,40
23,5934,629.154367015431,81,58
73,3935,2405.42692597481,85,12
10,8086,519.382179527213,51,41
8,6889,411.681475692763,83,75
18,3202,278.867531549846,71,53
18,9065,789.486000468255,39,21
13,9052,650.415152922452,89,76
82,3958,2907.13434210569,86,4
8,1199,71.651341175152,52,44
83,2364,1765.98968460598,83,0
42,6699,1505.31976868158,77,35
20,2246,211.542709203106,62,42
32,3200,485.538498379659,76,44
20,6732,634.063009062918,78,58
11,2724,181.556026099763,90,79
62,5271,2389.29511522292,74,12
23,2140,226.89422740361,85,62
88,3995,3217.69055448731,91,3
1,3402,164.768314732585,51,50
13,6478,465.465019954887,87,74
90,8730,7220.88180429627,92,2
60,1452,618.459311624056,77,17
50,2001,606.392558615843,73,23
10,8822,566.657134280123,55,45
84,4701,3569.39640263254,90,6
19,5625,509.422946071034,71,52
49,7888,2305.17524289194,55,6
65,2683,1329.51869992903,82,17
26,3225,385.221102388183,84,58
87,2776,2204.9633104636,91,4
69,2227,1232.14948433926,84,15
12,3184,220.306828837413,81,69
87,1265,1004.783352931,95,8
28,9449,1222.3807096306,70,42
30,1317,184.521867933028,59,29
5,5361,289.608246693809,62,57
64,8425,4055.08517132304,80,16
55,3019,1090.72021298573,68,13
35,4126,705.228518655978,74,39
81,5077,3663.97204336328,84,3
53,6552,2209.13159770708,56,3
14,3652,272.588298350805,71,57
39,6883,1376.90741736294,87,48
5,1681,90.8098232964546,34,29
68,2694,1451.40433191372,90,22
51,2479,778.744817264418,76,25
24,7530,830.652408599555,91,67
73,8340,5098.16024463277,95,22
74,4085,2555.76048533865,84,10
35,5545,947.768331543238,64,29
57,5998,2317.88468605336,90,33
67,6459,3386.29066192995,73,6
59,3638,1500.86851509405,61,2
60,2129,906.818095349597,93,33
91,7785,6522.96839689115,95,4
17,6673,559.000132065004,84,67
10,4754,305.360237629529,85,75
49,9986,2918.29107194713,80,31
5,6226,336.336680454329,80,75
31,5139,749.298063286695,47,16
94,6143,5359.38191944754,97,3
93,4259,3663.39671816908,93,0
75,2328,1489.6654657213,76,1
47,7340,1992.75065651961,67,20
35,4704,804.022043567068,72,37
65,5827,2887.47874188835,78,13
49,4189,1224.18599042525,81,32
30,2906,407.153035849188,80,50
67,7643,4007.03197540341,75,8
74,6178,3865.23580867127,75,1
24,1753,193.377645720454,73,49
54,9515,3321.62572094067,88,34
83,8914,6659.06601039664,97,14
34,4538,745.521133218095,63,29
6,4456,248.631535970297,80,74
17,5396,452.025282874683,62,45
85,8362,6449.11789270068,91,6
26,7230,863.611959772579,58,32
29,1396,187.945654752213,89,60
86,4220,3303.86993016196,90,4
64,4456,2144.74297013833,81,17
93,9713,8354.67769983008,96,3
4,6114,320.286900970778,85,81
13,3281,235.75034431491,83,70
99,5533,5269.52380952381,99,0
40,7949,1653.29414608388,92,52
47,1373,372.758399373491,56,9
24,1041,114.835213459779,75,51
13,8357,600.477179957239,50,37
90,5983,4948.74408191347,91,1
0,9554,617.495782373071,85,85
23,6562,695.738280477799,64,41
87,6992,5553.71162347316,89,2
90,7970,6592.25979155112,93,3
10,1287,82.6669385421127,84,74
49,6384,1865.64892883141,65,16
72,9758,5824.04729513111,72,0
34,1917,314.932572141712,92,58
67,7434,3897.45855098115,82,15
30,2631,368.623412704478,68,38
24,5014,553.10639797054,67,43
48,3601,1014.47140373515,89,41
53,7533,2539.89443307806,89,36
68,8183,4408.62718932811,73,5
17,7692,644.362208278736,81,64
21,8920,873.862883733625,76,55
73,4645,2839.44296598552,95,22
28,1994,257.956094296055,78,50
1,6626,320.915594773106,83,82
59,8255,3405.62660585525,59,0
26,4802,573.591235245909,87,61
12,2468,170.765469086286,68,56
64,4395,2115.38270955071,87,23
55,8629,3117.53054582772,70,15
99,4656,4434.28571428571,99,0
83,6261,4677.18333981303,95,12
71,2374,1382.49722789131,96,25
68,2053,1106.06276667367,78,10
0,1222,78.980515601831,82,82
87,7430,5901.61289508089,92,5
49,5768,1685.63017254066,54,5
77,9778,6531.21095615537,88,11
83,5435,4060.13279857592,86,3
44,4507,1093.21620274969,78,34
71,2895,1685.90121092895,80,9
74,1569,981.637258628234,74,0
48,8098,2281.36335113781,75,27
52,6037,1965.12390313637,84,32
14,9370,699.384544235226,64,50
61,4660,2048.16673310313,81,20
28,3119,403.493008078934,66,38
76,1548,1012.39273102133,83,7
70,2687,1525.72201806257,83,13
96,8396,7586.63607336426,99,3
44,8448,2049.14366115584,89,45
23,6461,685.029721147068,65,42
47,1438,390.405373852207,75,28
50,1344,407.29215331319,79,29
76,4800,3139.20226673281,83,7
61,5779,2539.99046150279,85,24
7,8050,464.570109898914,46,39
77,5110,3413.22233441951,78,1
47,2280,619.001566330342,85,38
80,4940,3500.48197491827,87,7
36,2639,469.258151561748,77,41
77,7141,4769.82792369662,83,6
79,4725,3285.1575255433,80,1
82,9763,7170.88241080794,96,14
32,5374,815.40121571634,54,22
53,4889,1648.41947209858,87,34
67,4341,2275.87672448335,92,25
58,8035,3209.07078807955,77,19
75,1409,901.605945533208,82,7
44,1018,246.925692123182,81,37
70,5402,3067.34288856495,87,17
16,8421,678.672584149236,83,67
8,8928,533.530587165769,82,74
21,6499,636.685524818927,82,61
33,7922,1250.77048363284,50,17
85,2195,1692.87416580698,88,3
4,6314,330.764064888697,81,77
22,3197,325.816169645125,81,59
45,5607,1412.47181165148,61,16
52,2801,911.762804817787,66,14
58,2900,1158.22094404862,92,34
86,9306,7285.73781281687,87,1
14,3119,232.804737830274,79,65
86,7208,5643.19773853256,89,3
38,4210,809.877848954542,64,26
93,5031,4327.43575701072,95,2
80,3601,2551.667123822,89,9
1,4510,218.431834051722,70,69
73,4968,3036.88969968053,73,0
85,2751,2121.6842050729,90,5
10,8606,552.782962776552,52,42
72,3900,2327.70900297308,87,15
73,4202,2568.64140862673,91,18
10,7558,485.467538074039,79,69
43,3743,873.955609455595,77,34
77,4082,2726.57017007836,84,7
78,5711,3893.27564967804,82,4
58,1079,430.938068492574,87,29
65,4133,2048.0435284408,79,14
63,6193,2893.54534176969,78,15
60,6522,2777.95566832789,72,12
26,1340,160.060861147338,80,54
0,2720,175.799510995892,79,79
33,5960,940.998748100448,74,41
58,1835,732.874287010077,86,28
0,3890,251.41915359339,87,87
88,5382,4334.82116752208,93,5
83,6399,4780.27410820374,85,2
78,3212,2189.66930253299,90,12
81,9969,7194.43318894791,86,5
18,6882,599.364881988145,66,48
60,2527,1076.34068903167,64,4
98,5374,5038.88603712118,98,0
53,7409,2498.08547121669,69,16
19,9009,815.891790427368,28,9
68,3592,1935.20577588495,82,14
99,1607,1530.47619047619,99,0
12,8161,564.674632582325,79,67
59,1524,628.731065696354,66,7
22,8823,899.179250791034,83,61
80,1222,865.90869905873,91,11
84,5050,3834.38669076671,87,3
81,5041,3637.99154433608,85,4
46,6410,1676.56158270899,60,14
13,7117,511.379213803479,56,43
86,3905,3057.25404674939,93,7
77,9519,6358.21201591767,78,1
88,7048,5676.66659024445,88,0
49,4166,1217.46451088842,61,12
29,7774,1046.62573069033,88,59
96,7415,6700.20324964221,99,3
6,9677,539.947794790074,68,62
67,5574,2922.30750109886,74,7
18,4155,361.865894312808,70,52
34,4938,811.234763294613,84,50
49,1445,422.28425785736,83,34
18,3264,284.267215171361,87,69
61,7553,3319.70028650814,68,7
24,5599,617.639154813932,71,47
94,4165,3633.70107349813,96,2
69,5276,2919.09325521954,76,7
78,8126,5539.61791792747,93,15
6,8133,453.797190764459,81,75
64,8938,4302.00014970745,74,10
47,4486,1217.91273094645,82,35
68,5331,2872.09966348627,78,10
34,8855,1454.73548581891,64,30
79,1106,768.970205979025,82,3
97,6782,6247.59091351234,97,0
81,4872,3516.02753501396,82,1
13,5831,418.976000518208,77,64
80,6020,4265.76953218785,80,0
14,4790,357.529558899331,82,68
91,6982,5850.14326873398,95,4
77,3493,2333.14786969224,86,9
18,7771,676.789377786962,41,23
27,1942,241.407441807886,43,16
21,3990,390.887097096094,69,48
27,7631,948.599479112244,82,55
73,3719,2273.38824338001,95,22
23,9271,982.960926289191,75,52
13,1556,111.803576883267,88,75
78,1389,946.902447452776,87,9
18,3342,291.060365533912,51,33
89,9586,7825.55121247315,93,4
52,4177,1359.66913092606,84,32
84,3425,2600.54938928237,89,5
35,4995,853.760652129571,83,48
96,6915,6248.40262593066,97,1
27,6215,772.578398988678,33,6
71,6745,3927.94599921098,85,14
47,1314,356.740376385118,50,3
10,4269,274.207584021973,63,53
45,7656,1928.6399482796,54,9
95,1786,1583.20749956337,95,0
4,5472,286.655204794259,77,73
40,3533,734.820508002812,86,46
26,4020,480.182583442015,38,12
10,4441,285.255535404446,77,67
14,2210,164.956226548543,30,16
21,2632,257.84833071602,81,60
99,5923,5640.95238095238,99,0
75,2212,1415.43814870082,76,1
77,3581,2391.92743239849,80,3
52,5028,1636.6809648782,84,32
58,6919,2763.35541788704,93,35
13,9693,696.473053168065,70,57
65,9126,4522.24661034376,79,14
22,1801,183.54548687234,57,35
0,6945,448.870442597967,88,88
65,5100,2527.22525890348,74,9
44,4257,1032.57629800431,74,30
27,1631,202.747444690351,87,60
60,2083,887.225031758202,88,28
36,5475,973.546184085097,75,39
8,5807,347.021966809097,60,52
17,1770,148.27367507194,57,40
31,2995,436.689569866443,83,52
27,7189,893.655045909832,57,30
38,4036,776.405462798226,67,29
28,4052,524.191621909536,72,44
51,3774,1185.55181135777,64,13
9,5047,312.566453433889,24,15
63,5816,2717.40024345754,83,20
97,1919,1767.78634075939,97,0
39,9898,1980.04207715507,50,11
8,2139,127.825036508466,90,82
47,8802,2389.67183633319,68,21
47,8076,2192.56870600169,82,35
11,6162,410.700526001005,68,57
60,7302,3110.18587705156,81,21
59,3308,1364.72596149839,63,4
24,5944,655.696934490804,50,26
88,2875,2315.6095980353,88,0
16,4395,354.20567715662,81,65
81,1832,1322.1187282729,89,8
37,1812,335.153450496935,91,54
63,5436,2539.85346001293,91,28
25,2504,287.417818968517,67,42
77,5748,3839.37416403979,82,5
37,9353,1729.96149144472,76,39
45,3584,902.85339271605,84,39
68,9491,5113.31793399891,83,15
11,6390,425.896845366183,78,67
94,3328,2903.47110986837,98,4
84,2841,2157.12724524123,87,3
34,4122,677.178957938516,77,43
78,3386,2308.28775167394,90,12
45,3659,921.746809137284,69,24
24,6122,675.332542555973,85,61
71,2339,1362.11500254329,81,10
40,4659,969.014646698302,84,44
0,1139,73.6160452295299,31,31
29,4838,651.347476856166,77,48
68,4455,2400.15081613794,81,13
84,8262,6273.20848299298,97,13
1,3361,162.78257078666,78,77
71,4103,2389.37916008342,82,11
17,6737,564.361440090204,83,66
6,7821,436.388519484671,78,72
88,2159,1738.92212944634,91,3
30,6619,927.373002163033,42,12
58,8886,3548.94872717796,66,8
30,9926,1390.70923394323,76,46
20,1077,101.438779079139,78,58
68,4450,2397.45704417819,80,12
32,5365,814.035638689648,80,48
46,5833,1525.64488485828,77,31
86,7087,5548.46592299948,90,4
87,4401,3495.69291403109,88,1
43,7999,1867.6919369584,76,33
33,2812,443.974577123903,91,58
11,2022,134.767358580661,84,73
75,1477,945.118510683143,86,11
93,3958,3404.49030535647,95,2
13,5751,413.22774463732,71,58
35,8898,1520.87332985964,69,34
56,5143,1922.13553602984,76,20
90,2730,2258.07644051876,91,1
15,5978,463.605446320483,87,72
58,2802,1119.08106387043,73,15
1,9995,484.085627793118,2,1
70,9556,5426.05121124152,79,9
70,4466,2535.86696414866,88,18
31,3425,499.386235990841,81,50
93,4549,3912.84143483239,96,3
75,8438,5399.39742257573,80,5
53,4310,1453.19859372978,85,32
38,5255,1010.90453592782,65,27
61,5114,2247.70915731532,70,9
32,8511,1291.38067490915,78,46
41,5689,1230.00784886259,54,13
27,6864,853.254727378646,88,61
2,4978,246.813683558952,44,42
69,4713,2607.59789837939,72,3
58,5282,2109.55966429822,59,1
64,2026,975.145704106881,80,16
75,5303,3393.34019103095,82,7
44,3697,896.742911374659,64,20
88,4110,3310.31493840873,92,4
34,9722,1597.16977900977,85,51
10,8822,566.657134280123,61,51
0,4882,315.534269368362,21,21
57,9587,3704.82835698459,71,14
27,1838,228.479339877907,61,34
15,8153,632.280897265121,54,39
44,5056,1226.38143357054,78,34
18,4813,419.172214037917,67,49
86,5040,3945.85413460101,94,8
37,4654,860.819072082083,59,22
70,3594,2040.73127388049,77,7
30,1553,217.587289977216,75,45
91,9197,7706.06812411149,91,0
37,9621,1779.53164858223,75,38
21,5123,501.883358000825,76,55
90,2685,2220.85540029043,91,1
33,7776,1227.7191720183,72,39
24,8045,887.463297102712,57,33
80,7690,5449.13084759544,88,8
14,5738,428.289062414272,66,52
42,8907,2001.47532163709,80,38
77,3399,2270.36060952875,88,11
81,4049,2922.0844600311,91,10
47,1726,468.595045388671,80,33
27,1210,150.413493608415,86,59
2,7659,379.740056725194,81,79
93,8158,7017.1379259975,93,0
29,2003,269.667010364386,63,34
28,2919,377.619778961978,74,46
9,6943,429.987891062312,84,75
24,1619,178.595783469147,85,61
47,9122,2476.54924915148,70,23
37,9522,1761.22028456502,81,44
43,5968,1393.4723690171,63,20
27,4838,601.405357088853,62,35
81,4355,3142.91870176228,82,1
33,2324,366.926357480779,78,45
9,9259,573.420406646399,76,67
73,4879,2982.48487212989,81,8
18,5508,479.700925601671,77,59
69,1626,899.629574106704,75,6
83,9546,7131.19184824393,88,5
43,9226,2154.18499942221,88,45
79,6157,4280.78621899897,85,6
53,1099,370.548782948731,72,19
24,3303,364.361873254227,54,30
64,9627,4633.62669962337,78,14
50,3766,1141.26655459633,74,24
71,7935,4620.9416610436,80,9
1,2729,132.173054351918,77,76
24,5358,591.053865242552,81,57
51,4867,1528.90319710606,78,27
81,2588,1867.70920784403,90,9
70,3551,2016.31517906222,90,20
35,7244,1238.16659940473,49,14
43,3709,866.016926388138,82,39
36,2152,382.661440758197,49,13
39,3344,668.949354011573,73,34
93,1867,1605.90788279448,99,6
34,1553,255.133168772081,77,43
53,7906,2665.65848770943,87,34
24,9527,1050.94628110597,63,39
52,4608,1499.96537115329,74,22
19,9017,816.61630306178,54,35
71,8935,5203.29095670127,81,10
31,1377,200.775137798361,63,32
14,2474,184.661404742577,76,62
78,8242,5618.69688402144,85,7
53,3792,1278.54502724439,84,31
48,4564,1285.76714430637,84,36
76,3114,2036.55747054291,88,12
29,4166,560.875069984041,68,39
30,2167,303.613430380313,77,47
17,4487,375.877954829263,61,44
1,1821,88.19609086656,47,46
54,1617,564.484371073154,67,13
51,5321,1671.52124754496,85,34
3,8524,433.888856444498,84,81
87,6253,4966.7275145277,93,6
28,9793,1266.88266371177,65,37
32,9289,1409.4272223277,80,48
33,1452,229.250030577492,77,44
15,4803,372.481926844643,28,13
56,4094,1530.08416964926,78,22
61,7651,3362.77332080945,91,30
37,9515,1759.92554165471,78,41
16,9347,753.301584615,87,71
75,2287,1463.42994849854,79,4
27,2995,372.304473848928,63,36
16,5456,439.714715487262,69,53
95,2881,2553.87503149052,96,1
69,4652,2573.84795740737,81,12
50,7399,2242.22815652105,57,7
82,3567,2619.94648769353,96,14
84,9558,7257.24118620757,90,6
24,1108,122.226144585433,63,39
33,7283,1149.88152389523,50,17
17,2268,189.991353143028,76,59
47,6670,1810.85107343131,67,20
58,8152,3255.79901237392,73,15
12,7578,524.3357879805,63,51
36,2191,389.596290288666,45,9
56,3816,1426.18495148549,91,35
55,8811,3183.28446393418,86,31
29,7051,949.287114368092,49,20
96,7888,7127.60663967333,98,2
32,5557,843.167948592427,44,12
91,3599,3015.56368149149,91,0
97,8638,7957.34153803002,98,1
66,6825,3479.80375974755,87,21
86,3784,2962.52223121631,98,12
23,4307,456.651138984742,76,53
20,1862,175.375122233386,78,58
32,4384,665.187742780133,74,42
17,9600,804.196203780014,73,56
98,7597,7123.26334648485,99,1
60,2179,928.114903601115,78,18
93,9120,7844.60626196338,94,1
50,9915,3004.68876495556,77,27
10,8093,519.83180545557,55,45
87,4741,3765.75326185444,88,1
74,7861,4918.19661572756,92,18
17,9749,816.677999026183,83,66
42,4090,919.056255248198,85,43
99,4360,4152.38095238095,99,0
70,3063,1739.22089368279,77,7
82,2620,1924.37897329886,85,3
36,3043,541.096080031224,85,49
6,6869,383.269753271987,89,83
14,6810,508.304028414289,74,60
40,3638,756.659215430011,74,34
3,5374,273.547479414914,89,86
80,5899,4180.02898179005,82,2
0,2164,139.864022718791,68,68
91,9200,7708.58179208717,91,0
64,6960,3349.9576014728,66,2
47,4882,1325.42352930909,86,39
44,2139,518.83502500146,76,32
62,6588,2986.27892602706,86,24
54,7965,2780.53062189095,74,20
26,5173,617.90659307103,72,46
88,8014,6454.71141518432,88,0
57,8866,3426.20300542666,89,32
89,3120,2547.01854610017,89,0
92,1796,1524.4409599216,96,4
97,4435,4085.53018304737,99,2
16,4823,388.69942683194,88,72
54,7077,2470.53549417731,66,12
52,5454,1775.34963851346,76,24
19,7602,688.468130850133,88,69
66,4844,2469.76841204647,86,20
50,3939,1193.69329754513,88,38
10,9359,601.149866212613,83,73
14,4214,314.53644283962,89,75
40,4740,985.861649570713,75,35
11,4594,306.192505103638,84,73
58,6716,2682.27995180364,78,20
40,4766,991.269329505067,79,39
18,3916,341.050984868581,87,69
4,3607,188.955651259666,83,79
7,8517,491.520947330317,76,69
36,5785,1028.6693470196,90,54
97,9032,8320.29506500199,97,0
89,9721,7935.75874571787,93,4
19,6485,587.308054270338,82,63
54,2773,968.036586880555,72,18
75,8340,5336.68813750671,76,1
67,6432,3372.13524346392,80,13
13,7296,524.240936336965,68,55
56,4703,1757.690730303,69,13
43,5511,1286.76712896334,89,46
65,8394,4159.51545553644,85,20
20,6568,618.616435461266,77,57
12,4340,300.292599608785,36,24
5,6319,341.360662349968,84,79
60,3575,1522.72178998347,75,15
79,4269,2968.1137516496,93,14
95,9957,8826.42613278415,98,3
72,5629,3359.65999429115,74,2
35,3047,520.802543951712,70,35
64,7091,3413.00996437408,83,19
98,8878,8324.38225484961,99,1
52,5588,1818.96842317808,60,8
3,8880,452.009977150063,73,70
85,5275,4068.29668548147,87,2
20,2612,246.014940533622,84,64
54,1539,537.255069314523,64,10
60,2452,1044.3954766544,74,14
3,6656,338.803874764732,75,72
52,8472,2757.74883342245,72,20
79,4360,3031.38345214155,80,1
91,6682,5598.77647116592,94,3
26,2664,318.210547833216,85,59
8,9783,584.624746218943,17,9
70,2698,1531.96799580678,75,5
72,4132,2466.17784622686,89,17
38,1330,255.852147056898,67,29
4,5547,290.584141263478,82,78
21,4283,419.591337559542,77,56
79,3415,2374.35194703289,86,7
55,7389,2669.53681806942,70,15
19,6637,601.073794324169,80,61
5,6177,333.689636229744,46,41
39,9701,1940.63327848872,87,48
64,7769,3739.34204106928,71,7
27,8045,1000.06326948736,82,55
60,1109,472.363207018649,81,21
81,2318,1672.85546514006,89,8
87,9441,7498.94042294195,93,6
59,1796,740.945534114601,71,12
75,4744,3035.64130987192,80,5
26,6460,771.63668881478,73,47
68,8093,4360.1392940526,88,20
62,4513,2045.70078827567,87,25
0,2608,168.560707601944,69,69
79,3470,2412.59187590164,85,6
99,7713,7345.71428571429,99,0
72,7778,4642.28733977554,74,2
76,6814,4456.35921781612,82,6
44,8128,1971.52458308175,90,46
62,8876,4023.40797623196,70,8
92,2832,2403.79554482069,94,2
71,2030,1182.16907018507,85,14
94,5178,4517.47999005361,94,0
46,8729,2283.10546887158,56,10
79,6348,4413.58306288865,80,1
43,2525,589.563963097883,73,30
18,8751,762.139215675422,85,67
21,6894,675.38236776453,82,61
19,7764,703.139511696979,63,44
50,6302,1909.78805816944,74,24
31,7389,1077.36201393761,72,41
47,3202,869.317112013051,90,43
3,8630,439.284471036604,89,86
74,2558,1600.4003234997,81,7
49,1700,496.805009243953,75,26
46,9519,2489.73318343322,70,24
21,1703,166.837274775601,88,67
44,3943,956.412577644112,66,22
13,9725,698.77235552042,90,77
70,1687,957.905859498162,79,9
5,2834,153.096394540245,40,35
66,9689,4940.04668544967,87,21
35,2522,431.067940875031,64,29
12,5205,360.143544000858,86,74
9,6017,372.639657283873,74,65
49,3085,901.554972657409,64,15
96,3204,2895.13839674358,97,1
92,1809,1535.47533212593,93,1
6,3357,187.310607327713,39,33
91,7647,6407.33967000984,98,7
9,2085,129.126422708472,67,58
5,8102,437.680659338415,79,74
45,6140,1546.74102435172,57,12
3,4351,221.47470839864,79,76
63,5427,2535.64840461556,70,7
26,2865,342.219677005316,73,47
46,2862,748.567745665076,59,13
1,6860,332.248865098628,71,70
41,8682,1877.11867530762,86,45
19,6778,613.843329505683,21,2
1,4608,223.178246410274,49,48
88,2436,1962.02608028313,90,2
8,3994,238.678445916228,68,60
98,8775,8227.80516854082,99,1
2,6729,333.629826570548,71,69
61,2878,1264.94074203236,79,18
98,2595,2433.17999001292,98,0
35,9578,1637.10100622563,88,53
71,8515,4958.70425252505,74,3
10,1083,69.5635543442953,72,62
45,8999,2266.95805832917,66,21
93,2773,2385.20758381847,93,0
40,3748,779.537861306125,89,49
7,5836,336.798902033548,55,48
41,4400,951.315615221552,82,41
50,8714,2640.73201188329,85,35
87,2140,1699.7916010058,90,3
93,2328,2002.4389668696,96,3
87,2109,1675.16845164544,97,10
97,6091,5611.04043854375,98,1
84,4109,3119.89998264563,87,3
72,7066,4217.33123461738,73,1
16,4952,399.09590745838,81,65
54,2875,1003.64413533415,64,10
94,6721,5863.65063985136,95,1
13,1955,140.473003089195,60,47
9,6259,387.626992677374,67,58
2,4303,213.346581027355,58,56
63,1695,791.952099838468,70,7
72,7757,4629.75352206723,79,7
28,5167,668.434874236567,76,48
41,2277,492.305830877153,80,39
21,7972,780.990460664177,88,67
22,8879,904.886384197392,64,42
56,4388,1639.96319893038,73,17
0,8436,545.237012779907,87,87
77,8743,5839.88314478078,82,5
87,5992,4759.41648281624,91,4
37,6391,1182.10027711143,68,31
74,1103,690.086613299517,77,3
77,9991,6673.48421588754,81,4
34,3788,622.308076824624,70,36
26,1845,220.382305087193,81,55
89,2452,2001.69534456334,97,8
97,2963,2729.52106705059,98,1
5,9832,531.137526859454,56,51
83,4366,3261.55286082474,94,11
1,4099,198.525961813306,88,87
54,8795,3070.27832009177,73,19
47,5956,1617.00584608049,71,24
9,6625,410.293789181595,43,34
17,1430,119.791726188065,81,64
22,2753,280.566754780428,85,63
64,5549,2670.82108197882,79,15
40,4371,909.114192040841,85,45
38,2154,414.365056210946,76,38
82,1119,821.900790504362,87,5
52,2666,867.818506834781,70,18
60,3075,1309.7537074683,80,20
16,8650,697.128352082994,84,68
69,1272,703.769260924802,83,14
55,8426,3044.18963717052,92,37
43,1036,241.896342878973,92,49
6,1314,73.3172886591047,62,56
13,2154,154.771789592903,69,56
11,5089,339.184514251722,65,54
54,4441,1550.32473218051,77,23
76,1664,1088.25678580071,85,9
32,3427,519.981385608466,56,24
14,9650,720.283975653141,77,63
85,7439,5737.26237787615,88,3
15,5850,453.678799092476,91,76
77,5288,3532.11735898442,81,4
95,8963,7945.29049192973,99,4
32,5946,902.191222301705,57,25
62,9942,4506.61582916834,73,11
88,3030,2440.45115897286,89,1
95,5780,5123.70624158807,96,1
44,3865,937.492927363554,81,37
19,4700,425.65117271713,82,63
26,8743,1044.33739478446,65,39
81,2131,1537.90120630434,82,1
10,3754,241.127962150032,87,77
84,2534,1924.02690582235,94,10
76,6029,3942.96884711086,76,0
50,1359,411.837824667132,55,5
10,1402,90.0536502222549,83,73
59,5196,2143.62638934269,66,7
41,9812,2121.43382194406,75,34
56,2181,815.12300293235,85,29
39,5599,1120.05006971017,62,23
6,6672,372.277739675454,82,76
78,1092,744.433025643219,80,2
18,9865,859.15933752006,60,42
25,3532,405.415230270288,37,12
43,4643,1084.09722006474,81,38
39,6913,1382.90875726136,57,18
36,3405,605.465709006348,88,52
15,2822,218.851550604952,78,63
8,6156,367.877945182849,88,80
43,9031,2108.65431712356,70,27
76,3628,2372.71371327222,79,3
42,5208,1170.2799455581,84,42
86,5641,4416.38158200085,91,5
1,5962,288.756229404959,87,86
89,4628,3778.07751004859,94,5
38,9720,1869.83674390455,76,38
84,2614,1984.76966528004,89,5
60,4339,1848.13702006665,80,20
50,5807,1759.78090348936,81,31
61,1173,515.557849341196,77,16
9,1216,75.3082637954445,49,40
43,2206,515.080436670863,77,34
86,2896,2267.3003122628,87,1
33,4535,716.011631314686,63,30
30,6322,885.761009166747,79,49
14,1220,91.0618083209152,56,42
46,5314,1389.89832301335,56,10
33,6166,973.523201474389,76,43
69,9860,5455.31832760892,78,9
99,1961,1867.61904761905,99,0
39,3750,750.167487303648,46,7
28,9836,1272.44540797191,64,36
51,8738,2744.92626593646,61,10
41,4276,924.505811519854,51,10
33,1468,231.776201713332,79,46
66,3234,1648.89162769576,93,27
7,6425,370.790429329258,84,77
41,3016,652.0836126155,85,44
7,9194,530.591005019952,85,78
41,5783,1250.33140973324,87,46
65,1270,629.328642903416,76,11
32,5529,838.919486731605,55,23
73,4309,2634.04945972693,74,1
2,2791,138.380271356576,86,84
13,6457,463.956102786154,86,73
54,5036,1758.03543149314,74,20
38,5397,1038.22108095194,74,36
96,6584,5949.31061303362,96,0
99,9446,8996.19047619048,99,0
90,4457,3686.53725105939,93,3
28,8056,1042.173668831,77,49
66,2840,1448.00625314037,66,0
17,7883,660.362361916443,70,53
15,3152,244.443687989656,70,55
73,5287,3231.89127258675,92,19
67,4222,2213.4880282812,79,12
13,6501,467.117643520643,72,59
65,1665,825.064716877313,85,20
18,1703,148.317116249028,86,68
98,2558,2398.48725027093,98,0
59,1329,548.283193117096,79,20
64,8276,3983.36912496967,86,22
65,3903,1934.0706246079,86,21
21,1327,130.001798959027,74,53
65,7882,3905.80186091711,67,2
4,3752,196.551595100157,56,52
1,4161,201.528794121777,18,17
8,4423,264.315164318346,11,3
30,4144,580.606393860645,72,42
41,6186,1337.46327176376,79,38
70,5754,3267.21417637962,81,11
72,3381,2017.94465103897,87,15
67,6186,3243.16365299562,76,9
59,5047,2082.15596362828,81,22
15,5560,431.188738966524,61,46
9,2159,133.709326919708,59,50
7,7301,421.344890977885,84,77
21,4994,489.245654861628,70,49
24,1941,214.116377834228,67,43
32,8821,1338.41721693968,66,34
30,7796,1092.27978922239,84,54
1,5950,288.175036054932,54,53
72,5374,3207.46363640444,92,20
98,6301,5908.07981390036,98,0
73,2638,1612.58354020878,73,0
0,4707,304.223639065318,72,72
50,4985,1510.67811329334,68,18
61,5429,2386.15819614096,70,9
59,7444,3071.04596656408,77,18
45,7708,1941.73938366499,83,38
59,6350,2619.71277373481,69,10
41,7432,1606.85855734695,76,35
35,7299,1247.56736734609,88,53
31,2037,297.007229989297,85,54
48,5164,1454.79875836943,83,35
74,5697,3564.30048591781,78,4
51,2258,709.320612094818,88,37
15,2780,215.594369483262,73,58
84,3128,2375.0418947957,88,4
61,1957,860.142123751679,78,17
51,8316,2612.36058909677,64,13
12,5275,364.986973026806,75,63
92,4061,3446.96811706102,92,0
66,7604,3876.98575664767,73,7
85,4136,3189.8530978486,90,5
37,7335,1356.70560673014,69,32
4,8838,462.985873532833,87,83
48,1657,466.808974170827,78,30
7,4953,285.840466376313,60,53
81,6226,4493.18297064798,85,4
94,2145,1871.37786378235,99,5
75,3281,2099.48126848435,77,2
82,2918,2143.25871911683,97,15
34,8338,1369.80061894501,65,31
2,2258,111.953655579774,86,84
2,1823,90.3859672816331,73,71
74,5068,3170.76967924021,83,9
69,3986,2205.36499531939,72,3
49,5930,1732.9727675392,77,28
10,9165,588.688804769591,68,58
58,7484,2989.00880871031,74,16
28,2414,312.289875441663,70,42
59,7201,2970.79554073454,79,20
73,4356,2662.78009899525,87,14
70,6877,3904.87172244746,81,11
48,3476,979.256484138682,78,30
25,8274,949.718464115617,71,46
27,3264,405.74350672551,84,57
75,5588,3575.70903026229,75,0
7,1896,109.419245760042,77,70
68,3969,2138.31618165016,68,0
21,3095,303.206908649727,61,40
50,1690,512.145639210782,88,38
9,5234,324.147576237958,83,74
74,3017,1887.57145269687,79,5
51,8914,2800.21432073216,83,32
75,9911,6341.956370603,90,15
19,2696,244.16075779689,76,57
30,2879,403.37012739498,77,47
52,6515,2120.71926932806,83,31
15,4922,381.71060668943,84,69
4,8202,429.668492273851,9,5
66,5132,2616.60848278746,68,2
19,5643,511.053099498461,89,70
4,4852,254.175996648711,70,66
53,3196,1077.59227507201,57,4
86,5678,4445.34916195725,86,0
4,2017,105.662198112211,75,71
37,1492,275.965203168558,74,37
87,1231,977.777318148665,90,3
37,5893,1089.98856720664,77,40
48,1301,366.516883160076,65,17
94,4713,4111.79667692597,96,2
98,1544,1447.71865301732,98,0
47,8776,2382.6130465417,63,16
78,8462,5768.67423351,91,13
93,6260,5384.56526314592,94,1
31,5013,730.926482050244,82,51
14,5165,385.519868834039,77,63
79,3001,2086.50957336623,89,10
17,1503,125.906968154308,70,53
22,5147,524.546707902238,79,57
46,7746,2025.99781898032,86,40
40,1116,232.114261797661,83,43
2,1438,71.2973236154627,78,76
78,2295,1564.53644125567,80,2
81,2472,1783.99426653418,91,10
1,2367,114.640388292777,74,73
26,2493,297.784870776354,73,47
77,9453,6314.12734388799,93,16
55,9861,3562.63399147145,84,29
16,3326,268.051895841392,90,74
2,4107,203.628726070031,82,80
10,6005,385.71481425438,32,22
68,5823,3137.16682432575,68,0
15,6857,531.773594081557,73,58
60,4211,1793.61719094277,68,8
41,8459,1828.90427026343,81,40
40,5023,1044.72216577926,71,31
50,6010,1821.29898914604,66,16
69,7874,4356.5087739952,87,18
17,6662,558.078657248172,79,62
77,2859,1909.66783837679,83,6
21,7315,716.626344676173,47,26
21,4008,392.650497534122,89,68
21,1509,147.831736721305,83,62
95,5903,5232.74012873605,96,1
97,9863,9085.8137982855,98,1
15,7812,605.835688634261,72,57
1,8336,403.735647151919,76,75
85,9224,7113.92770177841,87,2
40,9894,2057.83020271153,79,39
61,1661,730.043979331395,87,26
13,1877,134.868453605329,85,72
89,8352,6818.17272340661,95,6
62,4934,2236.53615983872,71,9
7,6843,394.913448700406,9,2
99,8426,8024.7619047619,99,0
10,6507,417.959416545087,86,76
68,6495,3499.20977571625,72,4
34,2723,447.345536745895,82,48
55,3664,1323.74920847291,65,10
36,1225,217.825401918583,54,18
85,2191,1689.78920149572,89,4
97,1857,1710.67182636279,98,1
85,2513,1938.1288285526,91,6
15,5758,446.544021397347,84,69
36,6057,1077.03547707825,56,20
72,3353,2001.23289409455,87,15
83,8494,6345.3114979032,89,6
29,2023,272.359641521295,90,61
82,3744,2749.9522427599,84,2
48,1623,457.230516040587,64,16
46,7321,1914.83733962754,49,3
76,2059,1346.58697233393,92,16
78,8541,5822.52973628089,88,10
25,9328,1070.70024574214,82,57
51,9408,2955.39783817008,52,1
84,4284,3252.77476895932,87,3
7,6458,372.69487822698,79,72
6,4702,262.35760371013,84,78
60,2041,869.335712826927,63,3
0,4376,282.830389749274,65,65
24,1256,138.552380504786,86,62
63,3261,1523.63173898127,86,23
78,7122,4855.17583207968,87,9
86,4779,3741.51525977346,93,7
21,4886,478.665252233463,60,39
54,2747,958.960152961011,84,30
18,7019,611.296440958266,89,71
27,9944,1236.12543838188,87,60
27,7891,980.919733937193,73,46
9,1362,84.350209941937,85,76
30,7824,1096.20280539713,72,42
95,2367,2098.23748682335,95,0
43,4628,1080.59485988792,76,33
1,9857,477.40190426781,84,83
81,1433,1034.16819738814,92,11
76,9718,6355.57658918948,85,9
71,7017,4086.34500762986,77,6
22,3692,376.263152433469,83,61
3,6461,328.877979996234,84,81
64,6809,3277.27892362475,88,24
3,2852,145.17257374234,84,81
14,4150,309.759429944097,67,53
78,7333,4999.01774454371,96,18
56,8542,3192.47166026966,79,23
2,8806,436.60934058259,84,82
3,6246,317.934044738659,79,76
25,1526,175.159581368193,71,46
11,4048,269.801319255447,72,61
76,1321,863.93462382376,94,18
37,1777,328.679735945393,62,25
11,2000,133.301047062968,69,58
80,8556,6062.77809259124,82,2
94,5485,4785.31822044111,95,1
35,8345,1426.35288128554,85,50
98,7068,6627.25093233578,98,0
31,5277,769.419318926618,86,55
87,6637,5271.73684853996,90,3
45,4865,1225.55294519073,68,23
6,6952,387.900906208597,77,71
30,3372,472.443233614405,70,40
70,2247,1275.88290829423,74,4
78,7737,5274.4306954227,86,8
95,7609,6745.03127893488,97,2
95,3110,2756.87308154652,97,2
12,6455,446.633348035646,68,56
88,7767,6255.77034710963,91,3
78,4550,3101.80427351341,95,17
60,7092,3020.73928239518,71,11
96,6135,5543.59365294065,96,0
33,2113,333.612475626887,86,53
27,7168,891.044563789355,52,25
46,7611,1990.6880196565,83,37
36,2392,425.337437868777,78,42
71,4677,2723.64765579092,71,0
43,1311,306.10627945399,73,30
62,2670,1210.28608568492,78,16
58,2844,1135.85529823251,80,22
30,3934,551.183772550139,82,52
57,8551,3304.47348290135,81,24
66,8125,4142.62352350899,90,24
43,9202,2148.58122313929,72,29
21,8016,785.300995068244,55,34
69,4592,2540.6512941562,94,25
51,4710,1479.5837391349,92,41
55,9622,3476.28681329869,87,32
51,1901,597.173819128543,75,24
64,1088,523.671533103794,84,20
59,2022,834.182555667997,71,12
1,9099,440.689857657787,30,29
27,2348,291.876762803767,85,58
81,2969,2142.6694892152,87,6
25,5906,677.911197615039,81,56
52,3734,1215.46673087812,70,18
46,5912,1546.30765631444,85,39
88,2121,1708.315811281,92,4
42,7205,1619.02208290055,72,30
87,4134,3283.61611147569,92,5
63,5134,2398.75049001221,64,1
41,1179,254.909343260502,74,33
43,2321,541.931864693143,78,35
82,2264,1662.89847158345,89,7
72,5200,3103.61200396411,87,15
44,2162,524.413896238034,82,38
89,5793,4729.1277043456,91,2
81,5707,4118.63077633922,88,7
60,9023,3843.22201706877,90,30
79,4745,3299.06295422285,87,8
45,7785,1961.13662452412,78,33
45,4530,1141.16235184255,85,40
76,4594,3004.4781694522,82,6
96,3045,2751.46579840331,98,2
76,4063,2657.20391869488,84,8
88,8364,6736.61171407557,88,0
42,1139,255.942561058117,88,46
88,2932,2361.51907528331,96,8
20,9596,903.812928545418,82,62
4,1604,84.0268546217089,70,66
27,3791,471.254177082233,76,49
27,9102,1131.45753621801,89,62
56,8799,3288.52237634193,85,29
67,2273,1191.6765249368,85,18
0,6103,394.450152797033,75,75
20,1918,180.649561999803,85,65
81,6585,4752.26628039141,91,10
22,7928,807.967029385845,83,61
12,1456,100.743323739721,71,59
68,2912,1568.85278935885,85,17
90,7237,5985.97040294296,94,4
64,9210,4432.9180329834,74,10
20,8332,784.761288103421,61,41
14,5530,412.763770503821,40,26
29,5774,777.362614999484,79,50
25,8427,967.280335642048,90,65
4,7564,396.24633937569,68,64
70,1201,681.947206435858,94,24
19,3793,343.509552790654,78,59
6,8163,455.471101464438,79,73
36,6890,1225.15675038289,65,29
67,2898,1519.34824868757,70,3
20,5626,529.89282367617,55,35
51,9142,2871.83748262659,91,40
45,8162,2056.10753106819,66,21
54,5314,1855.0834557098,65,11
15,8197,635.693182249748,63,48
95,2572,2279.96063206998,95,0
33,3228,509.655026655746,86,53
33,3500,552.599935965028,65,32
53,6663,2246.55736195395,93,40
35,7307,1248.93475177393,73,38
44,5322,1290.90229221962,85,41
34,3710,609.493918959703,75,41
48,7699,2168.95732778588,71,23
86,4891,3829.20090720904,89,3
14,9101,679.306161908729,59,45
47,8539,2318.26946267315,66,19
90,9378,7756.86478358424,93,3
39,9811,1962.63819144962,43,4
13,3440,247.175002878174,71,58
62,3749,1699.38671731564,83,21
62,6577,2981.2927286703,79,17
11,5427,361.712391205364,88,77
63,4379,2045.99306501041,77,14
49,4823,1409.46503504917,68,19
10,6746,433.310930384687,76,66
73,6817,4167.16527429995,82,9
56,4790,1790.20595325353,82,26
17,5263,440.883814634814,86,69
62,8360,3789.5099911333,64,2
52,3621,1178.68372589975,77,25
76,2102,1374.70899264008,81,5
71,9160,5334.31954822425,88,17
89,4392,3585.41841489485,92,3
17,2366,198.200856056616,87,70
36,3312,588.928760125999,53,17
2,7056,349.842778463633,80,78
26,4461,532.859329536027,84,58
16,2376,191.488666421872,60,44
42,2950,662.888986059214,58,16
47,5606,1521.98367581048,61,14
69,5820,3220.07633536348,72,3
51,5186,1629.11279642326,85,34
14,3123,233.103301136244,41,27
26,8496,1014.83363903566,48,22
69,9597,5309.80628702462,93,24
1,3238,156.825338948886,53,52
98,5488,5145.77718119111,98,0
94,8869,7737.6458153313,95,1
32,2945,446.84714929003,75,43
23,7007,742.919556736961,73,50
17,3907,327.291100850887,72,55
55,5084,1836.77428380903,76,21
90,3905,3229.95915759186,94,4
1,6378,308.90426553922,82,81
16,6653,536.184384555857,62,46
46,4694,1227.73480019283,79,33
39,9461,1892.62255930128,73,34
63,9978,4662.00475055353,85,22
61,4966,2182.66008510518,79,18
88,9771,7869.85091561841,96,8
60,4257,1813.21025453416,92,32
94,1025,894.248163345877,95,1
31,3601,525.048127241757,88,57
95,2753,2440.40887250726,99,4
47,3442,934.475171626771,88,41
33,2766,436.711835108362,70,37
82,5985,4395.95731114263,90,8
42,2007,450.989218651133,86,44
61,6281,2760.62988210746,92,31
72,1352,806.939121030668,85,13
28,5623,727.425836623228,82,54
52,1394,453.765565839341,77,25
16,2370,191.005109183433,67,51
48,5164,1454.79875836943,79,31
16,4502,362.82911457545,81,65
75,5492,3514.27952652121,87,12
61,2679,1177.47611115521,86,25
20,9094,856.531343496461,80,60
67,6765,3546.71873787833,79,12
73,3021,1846.70768573568,81,8
16,6348,511.603558268537,84,68
43,8783,2050.74862886681,63,20
19,4165,377.199390290819,20,1
95,1114,987.510164901229,96,1
78,2212,1507.95407758498,85,7
37,3620,669.567047902265,84,47
82,9882,7258.28740997686,93,11
48,4324,1218.15449868114,61,13
86,6072,4753.81474311455,89,3
46,5386,1408.73021598606,79,33
79,4917,3418.64964086697,83,4
53,1364,459.89858047504,75,22
56,4328,1617.53890724035,83,27
77,8521,5691.59833886275,84,7
75,4919,3147.62217606661,81,6
59,3967,1636.59851549701,94,35
78,4830,3292.68453649885,85,7
18,7075,616.173574551893,77,59
15,9329,723.481968672429,79,64
0,2826,182.650521350879,78,78
12,3683,254.8335586081,87,75
23,6334,671.564502978723,39,16
8,6919,413.4742532034,83,75
14,2842,212.129228891837,74,60
62,3316,1503.11185772704,83,21
75,8273,5293.81546302075,86,11
95,2271,2013.1378675859,97,2
77,9711,6486.45833454948,84,7
71,3205,1866.42949258283,79,8
92,5025,4265.20925590536,95,3
46,9026,2360.78702738399,63,17
8,6995,418.015956230349,54,46
68,7869,4239.45831025576,84,16
21,2574,252.166262637932,37,16
88,3260,2625.69992681568,94,6
25,7487,859.383870054826,71,46
74,3034,1898.20742044491,89,15
32,7030,1066.66738862781,70,38
13,1681,120.785226697154,82,69
12,4721,326.654691878588,51,39
85,6191,4774.75351276129,85,0
31,1162,169.426804736163,76,45
69,4968,2748.68371719687,86,17
38,8666,1667.07872661284,54,16
70,4486,2547.22328731995,84,14
47,4334,1176.64595985776,67,20
25,1473,169.076057244658,88,63
22,4691,478.074335879036,67,45
22,5011,510.686526772512,83,61
33,5668,894.896124871365,75,42
34,3522,578.60851282374,63,29
1,4384,212.329303876441,66,65
47,6480,1759.26760957045,75,28
63,7179,3354.23252197072,80,17
73,7631,4664.75549481926,77,4
10,2522,161.993798759292,58,48
34,3584,588.7941254856,91,57
31,5953,867.984310322183,68,37
27,4272,531.046648508388,77,50
91,1086,909.947807196377,91,0
91,2217,1857.60063402796,95,4
31,1623,236.643463069528,67,36
82,7010,5148.81549726146,84,2
66,3329,1697.32845658602,72,6
78,2425,1653.15942049891,79,1
35,2931,500.975469748103,92,57
19,4448,402.829024733148,78,59
83,7300,5453.35224095754,89,6
30,6455,904.395335996734,36,6
64,1210,582.392054279036,78,14
46,5022,1313.52453484627,83,37
70,2260,1283.26451835557,87,17
58,2296,916.991478460566,70,12
44,8066,1956.4858867049,71,27
92,9655,8195.14335637138,97,5
36,3980,707.710285417112,84,48
25,2429,278.809058416344,87,62
26,1185,141.546358551937,83,57
51,5328,1673.72020426979,89,38
93,4410,3793.28000167308,94,1
47,5658,1536.10125539345,84,37
68,7032,3788.52088419349,83,15
99,9955,9480.95238095238,99,0
14,8628,644.001050977751,61,47
56,9804,3664.12926214982,83,27
82,8688,6381.29943512234,89,7
0,9368,605.474198165264,69,69
36,4664,829.336877182264,79,43
75,4249,2718.89543120696,80,5
12,8335,576.714013303968,82,70
80,6785,4807.84821858714,94,14
92,2805,2380.87800255015,92,0
16,1481,119.358045021377,23,7
84,4425,3359.8338825035,88,4
15,6398,496.177257537378,68,53
79,2326,1617.20135543148,80,1
17,7220,604.822561592886,86,69
49,2680,783.198485161056,90,41
53,7409,2498.08547121669,64,11
44,3731,904.989938420031,60,16
5,3341,180.485199068087,86,81
76,6248,4086.19495053055,78,2
51,3164,993.928439622677,77,26
19,4834,437.786759343534,70,51
54,2550,890.188711339854,59,5
23,8197,869.089711227753,90,67
71,6336,3689.76513728699,80,9
44,8461,2052.29693620259,67,23
43,7089,1655.21541956471,75,32
14,5531,412.838411330313,83,69
67,1269,665.304667903563,91,24
24,8122,895.95735227697,69,45
29,3838,516.715919010741,90,61
37,1591,294.276567185774,68,31
9,3276,202.886408054174,74,65
75,3896,2493.01402682568,84,9
75,2367,1514.62120161611,85,10
69,4771,2639.68800618886,71,2
41,2984,645.164953595707,87,46
15,4741,367.673707093578,80,65
96,3483,3147.24314477462,98,2
3,9930,505.457102826591,46,43
59,7715,3182.84788178961,75,16
72,5370,3205.07624255524,73,1
16,9179,739.761981938706,58,42
30,3798,532.129122558574,64,34
99,2975,2833.33333333333,99,0
26,4208,502.638883364179,90,64
60,3957,1685.42940502506,83,23
3,4610,234.658332732184,84,81
20,8973,845.134786144022,74,54
8,3564,212.981968263755,72,64
79,1673,1163.18910904422,81,2
34,5144,845.07728278402,61,27
76,4260,2786.04201172537,80,4
63,6924,3235.08928571183,83,20
59,3966,1636.18596230429,69,10
66,9136,4658.09335517269,90,24
37,4314,797.931559295682,73,36
56,8085,3021.67330523065,73,17
83,7813,5836.58096693168,91,8
84,9646,7324.05822161103,95,11
78,3971,2707.09115826852,82,4
28,8146,1053.81662193363,44,16
14,9264,691.472616627015,88,74
80,3466,2456.0061791633,87,7
96,8487,7668.86378687976,96,0
86,1789,1400.62163627008,95,9
52,1470,478.504578037182,69,17
78,2124,1447.96313778956,95,17
78,2990,2038.32852259453,92,14
76,7666,5013.5676201612,77,1
5,8599,464.529250759199,78,73
91,9989,8369.67646969117,91,0
39,5075,1015.22666615094,77,38
75,4102,2624.83150360342,79,4
77,1944,1298.49397614707,77,0
48,5970,1681.86455992748,77,29
36,9661,1717.88670035546,64,28
39,6069,1214.07106145222,85,46
24,9659,1065.50751854756,83,59
92,1521,1291.02154790687,96,4
82,1707,1253.7843158096,92,10
30,1336,187.183914623027,82,52
15,5705,442.4337690295,71,56
13,9472,680.593496297112,70,57
18,4652,405.150454956241,47,29
98,4394,4119.99725476562,98,0
94,5450,4754.78291730247,95,1
21,1758,172.225442780685,69,48
94,5054,4409.29777321957,96,2
51,5137,1613.72009934946,77,26
23,1337,141.755879457302,73,50
78,4597,3133.84488908597,89,11
43,1018,237.69351066679,73,30
9,1412,87.4467668414208,87,78
0,2216,143.224895723124,60,60
83,2618,1955.73646120916,95,12
0,8704,562.558435186855,73,73
37,2250,416.167364027651,87,50
37,6080,1124.57669923916,49,12
91,5396,4521.25079892417,93,2
50,7433,2252.53167825665,75,25
64,8653,4164.82516171611,73,9
53,6950,2343.32487852018,65,12
23,4825,511.572265057205,65,42
52,5468,1779.90682497096,75,23
26,8922,1065.71865907205,83,57
85,2195,1692.87416580698,94,9
8,9623,575.063266162208,85,77
2,3912,193.960452005348,83,81
14,1172,87.4790486492726,78,64
57,6265,2421.06494800339,59,2
18,5741,499.993285018009,79,61
29,5807,781.805456408383,80,51
41,6206,1341.78743365113,91,50
66,4756,2424.90061265338,70,4
60,9856,4198.02684253905,84,24
46,6472,1692.77793499105,81,35
11,3062,204.083903053404,83,72
28,9631,1245.92534812703,78,50
12,2426,167.859411670717,67,55
58,1791,715.301279583133,75,17
96,2151,1943.64628320707,96,0
85,7617,5874.54328972746,94,9
25,5077,582.755697645031,68,43
36,7866,1398.70580529925,54,18
35,2819,481.832087758411,85,50
18,4376,381.113153673369,85,67
46,2030,530.954760202692,64,18
77,6663,4450.54802626951,92,15
65,5942,2944.4651938048,81,16
57,7928,3063.71953835129,74,17
13,2694,193.572516788896,85,72
28,3615,467.658616288986,82,54
25,4576,525.249177156522,69,44
95,6410,5682.17249283382,97,2
6,1382,77.1114862457251,82,76
82,5045,3705.53126728732,83,1
51,9686,3042.72783381329,76,25
3,1351,68.7686350371324,60,57
61,4832,2123.76430350951,78,17
55,6462,2334.62537804366,75,20
89,5665,4624.63463578765,89,0
54,8653,3020.70702714657,68,14
5,8813,476.089811250241,79,74
47,3928,1066.42024234455,54,7
8,4222,252.303554997074,17,9
9,2117,131.108219124141,82,73
82,3783,2778.59757862199,91,9
47,3530,958.366460151802,73,26
36,7801,1387.14772274846,82,46
60,7178,3057.36979258779,84,24
85,4940,3809.93092441298,89,4
95,3314,2937.7097724261,96,1
39,1157,231.451675416085,79,40
85,5084,3920.98963961854,87,2
10,6734,432.540143078933,83,73
64,5272,2537.49661996618,83,19
75,6069,3883.49643963168,78,3
17,9310,779.902776790826,52,35
91,3618,3031.4835786708,94,3
13,7148,513.606662957323,87,74
38,2863,550.755411296165,45,7
76,3158,2065.3334913213,82,6
86,9161,7172.21621569045,89,3
78,1106,753.977038792491,78,0
68,3247,1749.33551066215,83,15
99,1017,968.571428571429,99,0
77,1334,891.044734660592,84,7
71,3574,2081.31638268051,80,9
79,3146,2187.32393129296,86,7
52,3248,1057.2672581393,68,16
61,4451,1956.30689464421,88,27
1,3163,153.192880511219,83,82
9,7961,493.033789535801,55,46
4,2947,154.381010330534,71,67
77,9533,6367.56330998458,87,10
70,3921,2226.40715773106,81,11
57,2365,913.937526261455,90,33
51,2699,847.854885759041,75,24
0,2259,146.004079169015,79,79
17,4697,393.469746786951,83,66
37,1325,245.076336594061,79,42
57,6192,2392.85461421181,71,14
4,4614,241.708171586387,75,71
2,5373,266.398136151517,74,72
32,3160,479.469267149914,84,52
13,5720,411.000295483476,55,42
52,3701,1204.72479137116,60,8
91,4290,3594.54520522326,92,1
67,2315,1213.69606477285,68,1
97,5012,4617.06364767382,97,0
31,9428,1374.66085632749,63,32
90,4532,3748.57231810661,93,3
83,3988,2979.17379958064,84,1
8,6277,375.108814475754,37,29
10,4666,299.707797387333,71,61
36,1523,270.814764997553,71,35
18,9091,791.750383922439,82,64
62,1601,725.718360742155,87,25
63,1100,513.951215234404,76,13
8,2524,150.832347894982,42,34
34,2547,418.431539512227,83,49
80,7635,5410.1578701419,80,0
15,9367,726.428942068243,79,64
15,6487,503.079379438101,62,47
17,1912,160.169077252853,77,60
97,3868,3563.20873687198,97,0
30,9580,1342.23196264116,79,49
67,7786,4082.00326579759,74,7
22,6756,688.524880238493,73,51
0,1042,67.3467244329852,48,48
28,8456,1093.92012706491,78,50
46,4174,1091.72668427884,87,41
21,9859,965.853606584059,91,70
75,6162,3943.00627138086,78,3
58,3045,1216.13199125105,90,32
37,3009,556.554488159645,64,27
54,4212,1470.38229496606,88,34
8,2108,125.972499747473,81,73
22,7874,802.463722172572,90,68
25,4269,490.010650629631,61,36
87,9732,7730.08030887311,91,4
19,1114,100.88838434189,73,54
32,8701,1320.20952325044,68,36
0,2240,144.77606787897,78,78
2,4730,234.51762218438,78,76
55,2793,1009.06974324914,91,36
81,6154,4441.22197259358,84,3
83,3615,2700.52991110432,92,9
43,7443,1737.87111973764,85,42
77,8502,5678.90729691481,82,5
21,7794,763.552389665905,81,60
27,3661,455.094049669758,88,61
18,6157,536.223420284947,46,28
77,1212,809.554886363296,94,17
87,5874,4665.68965621873,89,2
10,9309,597.938252438638,82,72
29,4876,656.463476054292,58,29
38,6680,1285.03183634592,90,52
32,6653,1009.46488428746,65,33
56,9878,3691.78588856752,85,29
90,7983,6603.01253650597,93,3
88,4998,4025.53626816711,88,0
41,9979,2157.54057370361,69,28
97,1065,981.079965038432,97,0
55,8458,3055.7507656288,76,21
36,4233,752.697899037848,77,41
60,1075,457.881377407617,74,14
97,2248,2070.86174779943,99,2
13,3354,240.99562780622,77,64
81,4876,3518.9142571281,91,10
74,5415,3387.86855033262,81,7
22,5684,579.274040745351,85,63
93,4920,4231.95864132235,96,3
85,9839,7588.24096463549,88,3
33,3380,533.653652446227,72,39
29,4242,571.107068380293,76,47
4,3403,178.268944063389,36,32
86,4934,3862.86593256377,93,7
97,7597,6998.37041727415,97,0
80,6427,4554.16956534407,85,5
75,7598,4861.88926484125,88,13
41,1567,338.798083875494,44,3
25,5990,687.553009433472,70,45
3,3493,177.800771417249,84,81
63,1450,677.481147354442,83,20
19,5087,460.699471406818,85,66
66,3283,1673.874834176,90,24
28,4436,573.868221814092,81,53
97,4373,4028.41566865076,97,0
30,6475,907.197490407258,77,47
51,6553,2058.53763111486,70,19
92,2109,1790.11469068744,97,5
80,2993,2120.83857306283,83,3
35,8598,1469.59641381583,85,50
57,7177,2773.50089893381,67,10
79,7192,5000.3921531656,87,8
78,6403,4365.02258534206,89,11
74,4273,2673.38177572877,86,12
46,7833,2048.75302298901,72,26
55,4155,1501.14027325463,78,23
25,4578,525.47874410458,73,48
42,3735,839.284868790225,87,45
33,6525,1030.2041663348,65,32
64,6000,2887.89448402828,86,22
95,7493,6642.20257235629,95,0
38,7927,1524.91727046619,86,48
84,3496,2654.45858830107,84,0
78,2153,1467.73287931305,86,8
9,6089,377.09869921913,50,41
71,7898,4599.39473710427,78,7
61,5380,2364.62167899031,76,15
56,3582,1338.7302138944,87,31
96,1776,1604.79581542341,98,2
47,8995,2442.06977593922,79,32
41,8136,1759.0690557824,42,1
36,9464,1682.85681939386,70,34
68,3171,1708.39017687394,72,4
13,7814,561.460893165713,78,65
78,3682,2510.07545825855,83,5
20,1169,110.103930123968,82,62
88,7810,6290.40381240198,98,10
91,3415,2861.39204564975,91,0
15,5539,429.56014840568,83,68
15,2797,216.912752318232,75,60
45,4473,1126.80335536241,80,35
29,1031,138.805136138633,72,43
38,7945,1528.37993110305,76,38
3,1926,98.0372990980881,82,79
51,3329,1045.76099099365,93,42
7,5510,317.985255346959,86,79
46,8140,2129.05012219208,47,1
65,5258,2605.51968849304,84,19
5,3139,169.572894305515,49,44
28,4083,528.201972422664,37,9
65,5185,2569.34567988521,85,20
66,1177,600.106816882471,88,22
85,3650,2815.02993402983,89,4
36,9957,1770.52043012517,48,12
88,1241,999.537916925847,92,4
30,2464,345.2254233766,70,40
4,7604,398.341772159273,80,76
75,3157,2020.13482615212,77,2
56,9910,3703.7455108022,93,37
70,2675,1518.9082241598,78,8
38,5320,1023.40858822759,82,44
99,1045,995.238095238095,99,0
73,3191,1950.62701925937,75,2
45,2509,632.047757345025,72,27
21,1565,153.31787141739,50,29
94,4662,4067.30237806681,98,4
10,1126,72.3255421899137,52,42
15,4000,310.207725875197,86,71
18,7051,614.083374440339,73,55
17,6979,584.633886060492,79,62
40,1172,243.761572425501,81,41
84,8785,6670.31427294763,85,1
3,3872,197.092638685253,86,83
9,6447,399.270046619433,82,73
87,7549,5996.13401681906,98,11
37,8247,1525.39211161602,78,41
7,3980,229.688079179836,82,75
22,1087,110.779535941273,46,24
56,4309,1610.43788153851,61,5
84,8575,6510.8645293712,91,7
30,2433,340.882084040287,83,53
68,5205,2804.21661010055,76,8
52,8775,2856.37936889542,83,31
11,4046,269.668018208384,66,55
38,1101,211.79940895462,70,32
39,5541,1108.44747923987,74,35
85,5206,4015.08105111214,88,3
57,2588,1000.1142993508,94,37
82,7340,5391.19910840216,85,3
70,9426,5352.23511062814,82,12
94,4466,3896.30468049043,97,3
79,4290,2982.71445176313,87,8
87,8349,6631.5701293446,87,0
6,5343,298.12349566636,67,61
25,6959,798.778195767534,80,55
4,7397,387.497907504228,74,70
42,5219,1172.75173499764,66,24
84,4133,3138.12281048293,85,1
68,1425,767.72500852897,73,5
11,7561,503.944608421551,85,74
18,9083,791.053650551921,78,60
55,2601,939.702972499468,60,5
87,7766,6168.49606234162,92,5
83,1617,1207.95487309977,89,6
99,8845,8423.80952380952,99,0
35,8365,1429.77134235513,86,51
20,6275,591.019813111974,87,67
5,9482,512.230068112423,29,24
41,1851,400.201182676158,91,50
87,3492,2773.67863117395,90,3
65,3151,1561.42878251076,76,11
39,3652,730.563110302112,79,40
66,7941,4048.80903386891,79,13
16,1592,128.3038539325,53,37
97,5573,5133.85788277857,97,0
12,5008,346.512750884975,90,78
51,5403,1697.28045489296,89,38
24,6006,662.536303592155,69,45
74,7153,4475.23984127964,77,3
65,6522,3231.87512520951,82,17
75,4178,2673.46319406511,82,7
1,6960,337.092143015518,53,52
97,7315,6738.59149695411,97,0
30,1626,227.81515357563,74,44
31,2110,307.651082610416,56,25
46,9082,2375.43405525165,66,20
46,6586,1722.5950988645,91,45
4,2732,143.118059118771,6,2
50,8026,2432.23721911582,70,20
41,9748,2107.59650390448,75,34
60,1709,727.924906036854,75,15
43,9139,2133.87131039665,68,25
71,4811,2801.68246140905,79,8
7,4413,254.676757140858,83,76
61,9621,4228.62921441743,69,8
35,7151,1222.27075543114,79,44
36,3187,566.701678297572,91,55
33,7877,1243.66562731329,75,42
60,6586,2805.21558288983,74,14
10,5416,347.882003996956,87,77
58,7958,3178.3180250824,84,26
51,4512,1417.38467748973,80,29
38,5692,1094.97024138937,74,36
50,6778,2054.03736246786,64,14
39,5659,1132.05274950702,45,6
70,3702,2102.05541900545,84,14
61,1338,588.078774440341,88,27
60,8654,3686.05157217258,88,28
51,1670,524.608247209188,80,29
6,2875,160.416442081375,68,62
10,8477,544.496999239697,64,54
68,1581,851.770693673194,82,14
23,6616,701.463648832843,76,53
31,4957,722.761334834043,60,29
42,1280,287.626407510439,75,33
14,3247,242.358763621321,28,14
21,7977,781.480294119184,81,60
12,4176,288.94513731942,74,62
15,7820,606.456104086011,79,64
28,1880,243.20835369939,72,44
52,9591,3121.99823670382,68,16
62,8559,3879.71483422368,85,23
32,3727,565.500619831559,72,40
85,6175,4762.41365551623,88,3
83,7292,5447.37596452909,91,8
11,2338,155.82892401661,77,66
95,7250,6426.7941611615,95,0
22,8609,877.369848131022,83,61
88,4198,3381.19272784424,92,4
87,8638,6861.12142499445,88,1
98,2485,2330.03941240159,98,0
51,9357,2939.37686774633,80,29
56,9850,3681.32121911217,89,33
57,3450,1333.22810384863,65,8
89,6040,4930.76667257853,97,8
52,4131,1344.69551828,78,26
48,2507,706.270427426834,80,32
42,5821,1308.02602977989,49,7
46,1181,308.895355566197,68,22
13,2054,147.586469741794,72,59
94,5844,5098.5231869203,99,5
5,5546,299.602189174383,88,83
81,3152,2274.73702593678,86,5
20,9455,890.532642704974,85,65
65,1542,764.113990044935,68,3
23,4747,503.302288544363,67,44
49,6414,1874.41607605336,67,18
29,7775,1046.76036224818,78,49
33,8347,1317.8719044286,55,22
81,9900,7144.63723247911,95,14
87,5487,4358.2974367845,88,1
99,4767,4540,99,0
49,2533,740.23946377349,60,11
77,4640,3099.28603360206,88,11
79,6518,4531.77920666482,80,1
47,7063,1917.54739604877,78,31
31,7981,1163.67928450888,73,42
57,2388,922.825713620446,89,32
74,4094,2561.39129179349,87,13
68,5926,3192.65852669661,83,15
61,9034,3970.63052936774,92,31
40,4260,886.027558474944,90,50
35,7236,1236.79921497689,84,49
70,2776,1576.25765617481,94,24
17,7530,630.791397339949,80,63
61,8438,3708.67615749447,89,28
99,9211,8772.38095238095,99,0
90,9504,7861.08369622357,94,4
31,4910,715.908443420446,72,41
53,9866,3326.50982035685,68,15
59,3744,1544.59915352175,86,27
29,6158,829.061133212127,81,52
48,8765,2469.27016210459,68,20
95,1301,1153.27713154084,95,0
98,6656,6240.94258710059,98,0
35,1908,326.121186038683,68,33
86,5731,4486.84326297587,86,0
96,6501,5874.3117094975,96,0
12,4399,304.374918359227,69,57
89,4523,3692.36053974714,90,1
9,3722,230.507695597569,49,40
47,9221,2503.42694874214,82,35
32,2978,451.85426505457,84,52
52,8598,2798.76351153993,57,5
74,4664,2918.00903393377,88,14
45,9409,2370.24206809858,87,42
44,2452,594.756185742674,85,41
79,4480,3114.81602421884,86,7
84,9139,6939.10098354791,96,12
29,6633,893.011123188704,89,60
62,3151,1428.31889737572,84,22
30,3527,494.159930295969,76,46
11,8242,549.333614946491,61,50
4,4456,233.431212091231,88,84
23,7032,745.570190234667,72,49
58,5129,2048.45352483634,82,24
50,6496,1968.57874101375,59,9
55,9031,3262.76722208485,86,31
69,3934,2176.59455383504,90,21
76,5218,3412.57446412746,96,20
73,3953,2416.43014952438,82,9
68,6657,3586.48798721218,86,18
43,2091,488.229008648584,54,11
55,5880,2124.35735420872,69,14
66,9009,4593.34096286676,75,9
15,2977,230.872099982616,73,58
14,6305,470.610411035549,90,76
24,5853,645.658505648499,59,35
68,6443,3471.19454733484,85,17
49,8852,2586.89290695734,78,29
18,7482,651.619884776998,88,70
0,8687,561.459688243131,61,61
40,5200,1081.53598687082,70,30
52,1594,518.86822951787,73,21
97,2126,1958.47512269644,97,0
17,9539,799.086207068495,86,69
86,4649,3639.73727614288,87,1
89,8301,6776.53876640305,98,9
84,3554,2698.4970889079,90,6
66,3853,1964.49580751755,95,29
93,5375,4623.32880022513,94,1
11,6971,464.620799537975,87,76
24,2632,290.342249592832,84,60
9,8124,503.128565028118,62,53
34,3953,649.414949231188,68,34
49,9259,2705.83387093515,82,33
20,6894,649.321209815768,91,71
52,3110,1012.34642020111,87,35
99,1683,1602.85714285714,99,0
77,4765,3182.77973062798,90,13
25,1626,186.637928771089,87,62
98,5670,5316.42795505714,98,0
84,7338,5571.62961125666,89,5
5,7610,411.10217447116,90,85
23,3535,374.79957657559,89,66
60,8257,3516.95491465553,90,30
80,6376,4518.03098625079,81,1
99,1662,1582.85714285714,99,0
86,4378,3427.56932565143,93,7
8,9492,567.234804365757,29,21
95,4668,4137.96898542095,95,0
34,2323,381.631906669377,77,43
34,3889,638.900768418945,58,24
66,5824,2969.43254165124,93,27
80,2306,1634.03065468857,81,1
81,7121,5139.08704368523,81,0
23,9259,981.688622210293,81,58
66,4003,2040.97501102849,85,19
20,6387,601.568692644809,78,58
56,1864,696.64799517006,74,18
80,2292,1624.11026042767,81,1
80,2904,2057.7732095471,86,6
56,6565,2453.59124908339,80,24
15,5516,427.776453981897,84,69
0,4693,303.318788641074,40,40
88,6846,5513.96984631293,90,2
6,6242,348.285019642414,41,35
60,8035,3422.3970860188,80,20
61,8632,3793.94318458073,94,33
63,2452,1145.64398159524,74,11
98,4693,4400.35209754553,98,0
17,2122,177.760869210541,75,58
76,1490,974.460703631644,93,17
61,3308,1453.93466804832,65,4
49,2001,584.768719704206,81,32
43,2301,537.262051124051,88,45
60,7538,3210.70681199872,66,6
22,7007,714.105067470563,71,49
99,5418,5160,99,0
19,3585,324.672224295939,82,63
30,6407,897.670165411475,80,50
5,4501,243.149919486819,80,75
29,2725,366.870995128783,72,43
83,2945,2200.01676022191,90,7
81,1988,1434.70089072409,81,0
84,2206,1674.98159204581,89,5
75,8104,5185.67394080988,84,9
66,6411,3268.72115805737,93,27
27,9465,1176.58158430054,70,43
18,2326,202.57522747812,72,54
13,2955,212.326201600292,85,72
6,7129,397.776979338476,65,59
17,4165,348.903873827475,65,48
75,4520,2892.30580114273,77,2
28,5245,678.52543359218,86,58
22,7263,740.194820185343,89,67
27,5056,628.504647672849,49,22
78,8470,5774.12795530958,81,3
74,5881,3679.41919566134,80,6
1,5042,244.198072569575,35,34
77,5304,3542.80455220373,87,10
63,9674,4519.96732379784,84,21
66,4679,2385.64128818444,85,19
31,9229,1345.64542246992,77,46
47,3565,967.868677178803,90,43
18,5610,488.584276075776,81,63
49,3060,894.249016639116,83,34
83,1842,1376.03764764983,85,2
29,8348,1123.90424489361,81,52
98,2889,2708.84662471959,98,0
87,2812,2233.55793552725,95,8
21,9270,908.151225584159,59,38
26,2810,335.650014794045,74,48
53,4718,1590.76356501557,72,19
89,9803,8002.69961776281,92,3
77,1078,720.049643151513,90,13
3,4061,206.713121307028,80,77
35,2462,420.812557666267,87,52
62,5907,2677.58798057708,68,6
47,2056,558.187377357537,85,38
35,1262,215.704893490995,79,44
58,9985,3987.87452631914,81,23
96,9284,8389.03398107596,96,0
5,3100,167.466063187989,54,49
25,6416,736.450769369809,71,46
70,9036,5130.78680878802,91,21
12,4560,315.514805118907,62,50
74,4002,2503.83193692173,83,9
90,9196,7606.32635421632,90,0
45,6042,1522.05362689464,82,37
9,2687,166.408967778256,14,5
85,8880,6848.62077100957,89,4
47,9666,2624.24085094258,83,36
56,2661,994.517336452538,80,24
93,1222,1051.10842676746,96,3
38,2999,576.917736107998,73,35
85,5981,4612.79288641985,88,3
71,7028,4092.7508498821,85,14
57,4387,1695.32512799535,58,1
71,3967,2310.17965587397,75,4
3,5637,286.934711846273,63,60
2,5745,284.842228213375,77,75
6,7225,403.133493578411,46,40
14,9348,697.742446052389,79,65
61,2306,1013.53486835533,76,15
73,3059,1869.93671322921,75,2
44,5937,1440.07645789325,75,31
4,1440,75.4355802090155,69,65
11,9463,630.713904178433,79,68
10,2640,169.573207265872,89,79
94,5776,5039.19745510809,94,0
46,6505,1701.4092192702,55,9
32,3137,475.97945919281,88,56
96,2721,2458.69899423823,99,3
22,6439,656.218428634644,75,53
63,9583,4477.44954144663,77,14
8,9118,544.884844733141,57,49
70,3905,2217.32209919403,79,9
56,4005,1496.82147030906,56,0
5,1912,103.288746069495,71,66
79,1061,737.682991450041,83,4
28,7852,1015.78297513171,77,49
1,4541,219.933250205958,85,84
90,2027,1676.6010787295,92,2
75,9056,5794.84985290897,77,2
49,3624,1059.07138441182,64,15
61,3038,1335.26406334062,71,10
41,3940,851.859891812026,75,34
35,4687,801.116351657918,79,44
15,9922,769.470264033427,75,60
20,2420,227.931147048761,86,66
98,8799,8250.30856729238,98,0
78,8466,5771.40109440979,87,9
52,2199,715.803787145417,89,37
20,6049,569.733681197503,77,57
29,6368,857.333760359666,62,33
38,5994,1153.06599207447,86,48
17,5370,449.847251489446,77,60
72,5264,3141.81030555136,94,22
69,6472,3580.81340935952,90,21
5,8800,475.387534211065,80,75
31,9987,1456.1665222892,76,45
68,6237,3360.21114259311,80,12
20,3056,287.833712967361,76,56
6,5392,300.85754980966,84,78
92,2703,2294.30062063924,94,2
41,9670,2090.73227254373,78,37
82,9114,6694.19464223124,87,5
39,9228,1846.01215275682,73,34
71,9513,5539.88884959141,88,17
14,3068,228.998055679154,80,66
11,1146,76.3814999670807,73,62
42,2741,615.9249867079,71,29
31,3546,517.028786225846,39,8
52,8795,2862.88963526328,70,18
25,2631,301.995320170194,55,30
85,3645,2811.17372864075,93,8
57,6945,2683.8461394866,59,2
90,6735,5570.74902084025,94,4
81,6099,4401.52954352425,91,10
19,3597,325.758993247557,59,40
77,3879,2590.97640610827,80,3
25,3010,345.49825682717,50,25
93,3962,3407.93092213804,93,0
28,9499,1228.84901690984,67,39
58,7863,3140.37630450149,84,26
29,6769,911.321015055682,80,51
63,1321,617.208686658771,86,23
91,6186,5183.18336585339,95,4
81,7045,5084.2393235167,87,6
59,8176,3373.03490363083,83,24
56,8263,3088.19870391106,87,31
97,6043,5566.82274997863,97,0
12,7439,514.718121771832,47,35
95,8458,7497.63103656607,97,2
27,5509,684.816476271702,48,21
9,4314,267.170929287457,71,62
10,5467,351.15785004641,78,68
77,8958,5983.49230366535,85,8
11,1583,105.507778750339,71,60
38,4827,928.570160784697,86,48
97,3223,2969.03354677828,98,1
92,5701,4838.99661053063,93,1
87,8593,6825.37814366489,98,11
97,6302,5805.41402786122,98,1
71,2557,1489.06714899666,74,3
61,9885,4344.66269457606,87,26
17,3722,311.793569840543,66,49
45,5144,1295.83645427772,87,42
25,7881,904.608558822236,75,50
89,5802,4736.47487322859,93,4
2,7029,348.504094362369,55,53
51,9368,2942.83237117106,53,2
61,6564,2885.01425667145,84,23
61,6561,2883.69569439692,80,19
64,6671,3210.8573504921,71,7
82,3942,2895.38240944432,82,0
22,5038,513.438180379149,87,65
82,7983,5863.47990223085,91,9
43,3759,877.691460310868,82,39
46,7645,1999.58085800472,78,32
98,7788,7302.35289488272,98,0
57,7092,2740.65324999841,88,31
96,6549,5917.68456937381,98,2
75,1937,1239.46821610917,83,8
87,4391,3487.74996262452,88,1
43,7245,1691.63996540363,87,44
27,4167,517.994237906005,82,55
20,6111,575.573239510322,70,50
94,5804,5063.625697619,94,0
53,3602,1214.48290826327,77,24
53,6768,2281.96011191721,78,25
69,2303,1274.19859112407,81,12
28,2512,324.967757708972,83,55
50,4440,1345.51872076679,51,1
94,1878,1638.43712269615,94,0
47,4731,1284.42825013546,85,38
66,1333,679.645188533844,80,14
1,9740,471.735269105049,87,86
75,3451,2208.26268135919,84,9
98,8390,7866.81314690113,98,0
47,6907,1875.19465729986,74,27
49,2838,829.37212719667,67,18
75,2017,1290.65946922674,79,4
76,5813,3801.70474510788,79,3
79,3948,2744.93162134285,94,15
22,2971,302.783809826608,89,67
34,9734,1599.14118791206,75,41
39,9363,1873.01818229975,69,30
70,3191,1811.90136197904,73,3
46,1220,319.095964259746,59,13
98,3676,3446.77057544798,98,0
24,5643,622.492900627794,64,40
78,2613,1781.32188278913,91,13
20,6981,657.515428738596,67,47
74,6894,4313.19774441239,94,20
42,4117,925.123374781622,80,38
86,1404,1099.20222321028,92,6
33,9051,1429.02343440556,61,28
40,2541,528.496719738224,85,45
49,4261,1245.22714375793,87,38
24,5342,589.288866764784,79,55
29,6866,924.380276166688,71,42
54,4560,1591.86687204303,64,10
72,6640,3963.07378967724,81,9
36,2368,421.069838157719,44,8
99,8519,8113.33333333333,99,0
77,1491,995.912818125144,93,16
45,1462,368.295664104594,61,16
90,5447,4505.40013608268,95,5
7,2043,117.902699940805,70,63
98,8586,8050.59090337224,98,0
53,4235,1427.9109151846,74,21
85,2114,1630.40363850385,90,5
5,8149,440.219660941587,80,75
62,9439,4278.61062276402,72,10
79,4197,2918.05420840323,92,13
10,1480,95.0637677096557,81,71
90,1700,1406.12818640363,90,0
28,5176,669.59916954683,83,55
55,6947,2509.84873123945,78,23
92,1149,975.268743290598,94,2
2,3975,197.08404824163,10,8
44,4918,1192.90820615109,60,16
52,8007,2606.38514036988,88,36
88,8370,6741.44429062799,90,2
43,8908,2079.93496367364,81,38
51,2050,643.980183699902,68,17
63,4175,1950.67847600331,80,17
66,6191,3156.55165957466,85,19
5,2334,126.085739187344,68,63
36,4289,762.655631696983,73,37
53,2327,784.592372995174,70,17
43,3554,829.825871227674,91,48
15,5469,424.131513202864,89,74
15,7377,572.100598445333,78,63
72,8633,5152.59277504272,75,3
19,1846,167.181290390601,80,61
79,3436,2388.95264714641,84,5
56,1406,525.475901936215,88,32
87,1440,1143.78500254596,88,1
61,5720,2514.05873677037,92,31
20,2067,194.68333923545,77,57
98,4792,4493.17861739574,98,0
10,5695,365.802808855736,79,69
75,7176,4591.85540464606,81,6
79,2590,1800.75301400151,79,0
68,4633,2496.04909790506,81,13
38,5083,977.816889842265,92,54
4,5196,272.196718587531,63,59
88,6267,5047.62620900426,90,2
72,9751,5819.869355895,92,20
5,1999,107.9886001009,87,82
76,6504,4253.61907142296,95,19
22,7884,803.482853137993,72,50
7,1998,115.305724171184,65,58
96,7943,7177.3047082816,96,0
3,3496,177.953477490611,81,78
85,1986,1531.68478054336,98,13
53,2146,723.564775439469,81,28
34,4133,678.986082765621,86,52
45,5581,1405.92209395878,60,15
19,3809,344.958578059479,85,66
82,5694,4182.21903586402,89,7
9,5159,319.502740888732,82,73
52,7317,2381.78095067895,59,7
65,2040,1010.89010356139,69,4
15,9973,773.425412538336,70,55
51,5952,1869.74148945454,54,3
22,2649,269.967792740049,80,58
7,9485,547.384781663503,72,65
85,4897,3776.76755806688,98,13
67,6073,3183.92060534148,86,19
26,2157,257.650207085678,72,46
45,3751,944.922733280665,90,45
43,6545,1528.1964904854,82,39
28,4986,645.019601885722,73,45
65,5265,2608.98842904448,90,25
76,4061,2655.89591775041,77,1
91,1162,973.627395913618,93,2
14,6862,512.185351391902,76,62
70,7388,4195.02577947387,88,18
17,2853,238.997059310873,77,60
31,8825,1286.73971755304,44,13
99,5135,4890.47619047619,99,0
81,6157,4443.38701417918,91,10
92,4256,3612.48370012601,94,2
8,3523,210.531838999216,67,59
91,4757,3985.8395201042,98,7
29,2538,341.694893811689,84,55
86,2476,1938.47913437939,92,6
40,9761,2030.16783997041,69,29
31,6035,879.940418745905,48,17
75,3909,2501.33260545728,79,4
38,8003,1539.53739315515,73,35
97,8414,7750.99232472617,97,0
74,8477,5303.59403530372,81,7
7,4351,251.098701636047,77,70
78,5497,3747.38859153917,87,9
73,8702,5319.44729601851,86,13
77,5648,3772.57920641906,83,6
70,1168,663.209273203232,81,11
80,2946,2087.5343923298,84,4
30,9858,1381.18190894745,75,45
95,6180,5478.28798841077,99,4
92,4780,4057.25377974679,92,0
11,1123,74.8485379258566,45,34
23,9630,1021.02402331625,89,66
76,9456,6184.22846546364,92,16
8,4892,292.342252734649,78,70
47,5096,1383.52279913133,88,41
33,1598,252.301342192033,79,46
31,5877,856.903039100196,74,43
34,7594,1247.57326700269,53,19
7,6153,355.093153566213,89,82
24,2265,249.857597009029,66,42
53,8135,2742.87019953405,71,18
31,6058,883.293961352559,59,28
36,2613,464.634918541435,72,36
6,5245,292.65538737976,84,78
23,5095,540.199106832427,65,42
11,1289,85.9125248320829,26,15
96,3472,3137.30353105297,98,2
87,3944,3132.70003475088,87,0
22,4619,470.736592928005,38,16
60,7639,3253.72636466678,72,12
24,2953,325.752531553053,59,35
70,7442,4225.68785203635,88,18
53,9677,3262.78487042299,69,16
45,1444,363.761244163498,86,41
58,3892,1554.41238421974,66,8
7,3386,195.407999020835,84,77
87,2382,1892.01102504478,96,9
98,2458,2304.72308880608,98,0
74,3517,2200.39403352167,88,14
70,4984,2829.99573428503,85,15
48,1250,352.149195964716,53,5
95,5140,4556.37544667174,96,1
8,2961,176.947140299938,84,76
39,4928,985.820100648633,87,48
94,4286,3739.26597863457,94,0
30,8230,1153.08653993077,88,58
94,5224,4557.61210275011,97,3
83,9242,6904.09334396295,84,1
11,9929,661.773048144105,87,76
56,7623,2849.00625921747,83,27
94,4182,3648.53250645118,97,3
94,9299,8112.79382532031,97,3
24,6521,719.347192095312,87,63
14,3963,295.801595389989,80,66
38,3586,689.838946876719,85,47
46,4400,1150.83790388761,62,16
15,5024,389.620903699248,67,52
53,7095,2392.2143903742,65,12
6,1302,72.6477243791129,83,77
71,1228,715.124935067618,84,13
9,3119,193.163219389796,84,75
8,4137,247.224018716934,51,43
26,1474,176.066947262072,83,57
79,8318,5783.26778782417,85,6
91,3649,3057.45814775283,92,1
34,7213,1184.98103435481,91,57
33,1426,225.145002481751,77,44
80,9709,6879.79341993552,80,0
15,2147,166.503996863512,41,26
90,7234,5983.48900026108,96,6
73,5852,3577.27023400371,77,4
84,1544,1172.33525753343,95,11
53,5622,1895.56438374683,79,26
41,1248,269.827701771931,64,23
33,5799,915.579151046056,63,30
29,2259,304.132689172815,79,50
75,9584,6132.71212348493,78,3
10,7223,463.949725788407,60,50
96,8792,7944.4621673438,96,0
57,6774,2617.76439868714,77,20
45,8019,2020.08408375837,71,26
76,6950,4545.30328204022,82,6
6,2572,143.509944011581,75,69
44,4853,1177.14183091729,81,37
41,5469,1182.44206810152,70,29
58,5698,2275.70446178933,72,14
64,8583,4131.13305940245,84,20
3,4831,245.907680136482,81,78
11,6219,414.499605842299,60,49
26,4487,535.9649880359,41,15
31,9784,1426.56786363048,80,49
12,6903,477.631293801714,83,71
71,9798,5705.85839885384,94,23
82,4552,3343.42484215894,84,2
70,7224,4101.90392946931,74,4
84,4307,3270.23831230341,84,0
80,2992,2120.12997347276,90,10
15,5800,449.801202519036,88,73
69,1076,595.326827637647,82,13
60,4432,1887.74908341447,67,7
71,2739,1595.05472080636,82,11
91,1836,1538.36480111653,93,2
9,6962,431.164582684116,57,48
55,1739,628.275074654585,92,37
59,7626,3146.13064763806,66,7
