"Age","Benefit","NetSinglePremium","Die","SurviveYears"
61,5081,2233.20497229549,83,22
31,4294,626.09182404224,81,50
86,1232,964.542121791358,90,4
56,5693,2127.69154318839,70,14
19,7961,720.980635319378,67,48
13,6529,469.129533078953,81,68
5,9073,490.135352033749,92,87
33,6069,958.208288963359,80,47
98,7175,6727.57858510317,99,1
79,3572,2483.50956216734,86,7
52,1568,510.404883239661,78,26
62,2772,1256.5217339021,76,14
39,8476,1695.57856596952,82,43
92,3655,3102.35618514111,92,0
41,1599,345.716742895287,73,32
92,5491,4660.74905953757,92,0
36,6390,1136.24842306918,89,53
19,1256,113.748483602705,75,56
68,5708,3075.21006925148,87,19
12,3916,270.955258080184,46,34
99,5191,4943.80952380952,99,0
31,8801,1283.2403687461,64,33
70,4886,2774.34975074571,88,18
55,6265,2263.45218097238,82,27
62,5671,2570.61138274126,90,28
95,5459,4839.15438976285,97,2
65,6094,3019.78641720741,75,10
50,6717,2035.55163229516,61,11
67,8034,4212.02340578189,80,13
10,9613,617.464864184405,80,70
46,9167,2397.66615112221,78,32
64,2010,967.444652149472,83,19
88,7774,6261.40835308746,96,8
84,6379,4843.47578225759,96,12
83,7203,5380.88988926262,88,5
96,4541,4103.25326454825,96,0
54,3987,1391.83623220078,67,13
2,5676,281.421146621256,65,63
20,3337,314.30009822385,84,64
55,1331,480.870686811531,71,16
97,3130,2883.36177518337,98,1
46,3166,828.080182660947,59,13
98,7385,6924.48332417936,98,0
85,7371,5684.81798458463,94,9
64,7502,3610.83073653002,69,5
15,9941,770.943750731334,76,61
82,3488,2561.92132017803,91,9
30,8941,1252.70312922491,69,39
47,3667,995.560852514634,63,16
58,1038,414.563220662921,79,21
28,8900,1151.35869570456,83,55
85,7494,5779.68063715605,93,8
39,7530,1506.33631450572,88,49
24,4329,477.542400641099,67,43
13,8975,644.882456637097,57,44
17,1151,96.419774015708,44,27
7,3422,197.485579636532,84,77
17,6946,581.869461609998,61,44
81,8882,6409.96645443227,88,7
99,2710,2580.95238095238,99,0
92,2767,2348.62368379903,94,2
25,5503,631.653457581368,79,54
12,6106,422.485394749133,62,50
3,2770,140.998607737126,60,57
61,3585,1575.68191806325,90,29
56,3108,1161.57830954321,83,27
75,4654,2978.05115011466,86,11
65,9231,4574.2777186153,80,15
25,2682,307.849277345671,52,27
31,4171,608.157661406656,56,25
12,6454,446.564156192418,86,74
36,1105,196.487403363294,74,38
27,8689,1080.1180545153,63,36
60,8543,3638.77265785421,80,20
85,2243,1729.89373754217,88,3
61,1388,610.054812349173,61,0
45,8335,2099.68834494651,76,31
50,7285,2207.68105423109,67,17
21,4760,466.321449167271,79,58
84,1861,1413.02844188452,96,12
1,9460,458.174090937758,80,79
63,6625,3095.38800084357,67,4
54,4469,1560.09935332463,79,25
45,9513,2396.44093886936,95,50
79,3982,2768.57085009808,80,1
10,2197,141.118309228455,79,69
85,9579,7387.71828440323,93,8
9,7687,476.06465772663,97,88
97,4503,4148.17190851461,97,0
50,4959,1502.79894961318,68,18
51,7185,2257.07200969941,83,32
10,8650,555.60918289765,88,78
10,6736,432.668607629892,81,71
91,5606,4697.20755722181,91,0
33,3959,625.069470424442,44,11
4,7489,392.31740290647,87,83
38,4818,926.838830466266,80,42
7,4818,278.049539067449,78,71
62,2523,1143.65235737193,94,32
9,3469,214.839117686182,85,76
51,9067,2848.27723200342,97,46
82,2299,1688.60582428019,82,0
12,7456,515.894383106705,70,58
81,9072,6547.08575485359,87,6
73,5348,3269.17997461583,93,20
50,7190,2178.89180232279,64,14
48,4281,1206.04056633996,79,31
49,5530,1616.07747124651,67,18
8,1586,94.7781710623779,79,71
82,9364,6877.8185900651,86,4
63,9282,4336.8137998234,91,28
41,5202,1124.71450690512,71,30
7,5971,344.589829342412,10,3
30,1744,244.347864597723,87,57
91,4146,3473.88914239059,95,4
33,5377,848.951387338273,62,29
14,3211,239.671693867589,90,76
30,5072,710.626358508975,74,44
90,7994,6612.11101300623,93,3
2,5792,287.172530167427,79,77
98,9607,9007.92299192839,98,0
79,3500,2433.45001892097,84,5
84,1216,923.289943756895,96,12
29,9477,1275.90327370109,65,36
33,4179,659.804323542244,85,52
80,2903,2057.06460995703,82,2
67,3190,1672.43647802393,88,21
47,7125,1934.37989478232,88,41
62,7220,3272.75862870603,80,18
97,6953,6405.11642902556,98,1
25,8162,936.862715024374,65,40
32,2043,309.985985059264,61,29
69,3328,1841.30825499822,78,9
84,4008,3043.21224883029,91,7
32,5844,886.714682665853,54,22
13,4797,344.679793257733,88,75
40,8271,1720.26618219396,85,45
94,2440,2128.74684737945,94,0
65,1335,661.538376595323,80,15
99,2627,2501.90476190476,99,0
59,3782,1560.27617484489,81,22
26,8448,1009.10011565128,77,51
56,4620,1726.6704601318,82,26
6,2542,141.836033311601,69,63
36,6375,1133.58117324977,74,38
18,7121,620.179791432371,63,45
87,9868,7838.10444800245,97,10
51,4236,1330.68295519648,64,13
79,6360,4421.92632009638,81,2
7,4386,253.118571679085,88,81
53,1695,571.501535121109,55,2
78,1605,1094.15293604154,84,6
2,2885,143.04087526468,85,83
95,9494,8415.99776083687,97,2
45,2359,594.260924502556,68,23
4,4679,245.113249859711,66,62
95,6988,6194.54311699263,95,0
40,1295,269.344058268792,76,36
91,1605,1344.81236698912,97,6
50,6279,1902.81802876006,69,19
46,3941,1030.78458618661,86,40
91,9106,7629.82019551584,91,0
4,8732,457.432976656336,67,63
11,6513,434.094859760556,57,46
75,1425,911.844196156722,82,7
95,3070,2721.41490686425,99,4
79,8703,6050.94728990548,84,5
39,2501,500.311702865713,85,46
28,5925,766.494412589832,33,5
50,7797,2362.83996977898,71,21
39,1863,372.683207692452,85,46
24,3289,362.81749958618,92,68
86,4537,3552.0516287073,90,4
2,3121,154.741965927579,77,75
4,4102,214.886631956515,52,48
21,5172,506.6837258599,73,52
34,2808,461.309683137155,62,28
51,2931,920.734594353371,69,18
23,2358,250.007751503604,33,10
88,7364,5931.18228867199,89,1
26,2800,334.455530755632,79,53
89,6549,5346.28989051603,89,0
2,9229,457.582058169058,78,76
30,3844,538.57407770278,71,41
96,3253,2939.41485786731,97,1
20,6162,580.376747154738,66,46
22,9721,990.697211485848,43,21
35,9151,1564.11686238993,84,49
10,1684,108.167151907473,88,78
56,9264,3462.31063693961,83,27
61,6891,3028.73754459521,71,10
72,1646,982.4125689471,81,9
94,6296,5492.86481602502,94,0
99,2919,2780,99,0
11,6791,452.623705302308,75,64
72,5325,3178.21806175171,84,12
49,9092,2657.03008473295,79,30
10,1820,116.902741372685,61,51
95,2814,2494.48258889772,95,0
63,5419,2531.91057759567,68,5
50,3601,1091.26416970297,74,24
67,6092,3193.8818257435,76,9
55,2089,754.724917167008,73,18
7,8613,497.061162305509,89,82
65,3599,1783.42817780267,77,12
12,6490,449.05506254862,80,68
45,7305,1840.21875942822,61,16
76,2314,1513.35709275411,83,7
64,6211,2989.4521067166,90,26
65,6594,3267.55359945285,65,0
9,3832,237.320120776434,65,56
14,7534,562.343986794898,77,63
26,8668,1035.37876449636,86,60
76,2680,1752.72126559249,79,3
50,8686,2632.24675868926,72,22
30,1508,211.282442553536,89,59
71,5651,3290.85586976149,82,11
99,1674,1594.28571428571,99,0
59,3801,1568.11468550646,87,28
61,5732,2519.33298586849,84,23
17,5919,495.837221893115,75,58
69,4393,2430.54902770649,88,19
46,8488,2220.07093822682,60,14
11,2030,135.300562768913,84,73
34,6091,1000.65430199018,96,62
74,1244,778.302581092111,85,11
24,9281,1023.80942951029,52,28
46,6865,1795.56868413373,80,34
90,6007,4968.59530336858,93,3
30,2848,399.026788058667,82,52
91,3337,2796.03667828205,99,8
55,8539,3085.01487203882,56,1
34,5198,853.948622844349,84,50
90,4423,3658.41468733132,95,5
91,5313,4451.70598493034,91,0
99,8245,7852.38095238095,99,0
24,2930,323.215346241261,92,68
4,8819,461.99054296063,93,89
36,5527,982.792650125723,84,48
42,6955,1562.84505018367,78,36
11,5999,399.836490665373,83,72
54,1409,491.872899716805,87,33
44,2791,676.983896577407,96,52
50,5354,1622.50162860031,90,40
41,1079,233.288533823649,48,7
32,6478,982.911997657323,54,22
70,3919,2225.27152541393,88,18
91,4061,3402.6685497463,93,2
67,5055,2650.20890169622,78,11
19,8518,771.424827490323,85,66
70,1344,763.144917110569,75,5
89,7950,6489.99917996678,95,6
90,9281,7676.6327635365,90,0
31,4670,680.914955351015,81,50
53,5585,1883.08912899787,82,29
98,7044,6604.74753358422,98,0
34,8384,1377.35768640381,84,50
95,7198,6380.69853407455,95,0
85,9829,7580.52855385733,92,7
73,4170,2549.08012231639,76,3
40,8966,1864.81762659304,60,20
30,1312,183.821329330397,85,55
55,8799,3178.94904076233,84,29
77,7753,5178.61306433551,77,0
35,7934,1356.10350630551,63,28
77,8515,5687.5906414055,81,4
58,8327,3325.69165554927,72,14
87,9402,7467.96291245633,88,1
51,9758,3065.34567441153,54,3
54,5806,2026.83751295655,57,3
29,9369,1261.36306545379,84,55
4,1018,53.3287643422068,97,93
11,9928,661.706397620574,74,63
7,2334,134.696476584356,77,70
5,9554,516.11960248324,98,93
23,7707,817.137294672721,58,35
90,1426,1179.49340812445,94,4
35,6790,1160.56753312508,84,49
47,3208,870.946063503394,67,20
44,2973,721.129747232043,92,48
82,2616,1921.44099013352,84,2
30,5682,796.092068029968,62,32
69,9127,5049.76575822379,72,3
80,3279,2323.49805582126,85,5
99,5717,5444.7619047619,99,0
15,5454,422.968234230832,32,17
93,5286,4546.77507683535,94,1
65,1064,527.248563818295,85,20
27,4043,502.579962527952,78,51
42,6634,1490.7137401752,83,41
66,3661,1866.60242702356,88,22
82,7389,5427.1894021776,93,11
79,9265,6441.68983580078,89,10
53,4183,1410.37812472661,79,26
70,9895,5618.54088899485,70,0
59,9790,4038.89575667146,64,5
7,8822,509.122671991083,77,70
54,5351,1867.99991936453,96,42
67,9989,5236.9805576743,69,2
45,4906,1235.88134616767,96,51
43,1970,459.976636555576,59,16
49,7586,2216.91929419096,94,45
47,3054,829.13630858459,84,37
74,9930,6212.6564551806,81,7
23,6846,725.849477011736,94,71
25,9490,1089.29516853483,88,63
24,7770,857.127385766074,83,59
32,1575,238.975979671239,49,17
5,5986,323.371565884936,78,73
87,8598,6829.34961936817,90,3
59,3245,1338.73511035739,77,18
45,4112,1035.86304432154,69,24
28,2732,353.428309737624,83,55
16,4375,352.593819695156,78,62
38,9107,1751.91391221592,89,51
50,8293,2513.15016921599,70,20
79,7559,5255.55676943531,89,10
7,5267,303.961586191004,89,82
72,3186,1901.55920089032,80,8
85,8784,6774.5816275392,88,3
28,9897,1280.33674285259,83,55
93,8573,7374.10191708465,93,0
20,1543,145.329652849685,84,64
37,2114,391.01235891309,74,37
5,1898,102.532447719614,62,57
63,4065,1899.28335447987,87,24
84,5229,3970.29861505329,84,0
94,5806,5065.37057208406,97,3
66,4801,2447.84437370666,70,4
92,1258,1067.78771023461,94,2
24,7012,773.510582881817,79,55
71,4163,2424.32011782288,83,12
79,9561,6647.4901802581,80,1
5,1213,65.5278498861389,73,68
56,5019,1875.79199987046,76,20
54,2210,771.496883161206,82,28
34,6571,1079.510658082,72,38
92,8964,7608.62403381803,97,5
40,4074,847.341848175334,88,48
6,1274,71.0854077257987,97,91
13,4522,324.920163667181,90,77
22,1005,102.42266202482,82,60
34,9381,1541.14890936953,86,52
36,6161,1095.5284091595,79,43
43,5996,1400.01010801382,87,44
67,7696,4034.81853757748,71,4
79,1695,1178.48508059172,83,4
23,2936,311.29039797056,68,45
76,5522,3611.39060768721,98,22
73,3263,1994.63991345764,82,9
28,2305,298.188965572922,91,63
31,3198,466.28822852517,91,60
29,7274,979.309951767622,80,51
56,7817,2921.51146901521,66,10
17,2470,206.912981597566,65,48
54,6916,2414.3314225986,96,42
4,9467,495.936554054687,82,78
97,5827,5367.84315143563,97,0
60,4116,1753.15325526489,80,20
54,7306,2550.47793139175,79,25
57,1312,507.013122391133,61,4
50,3833,1161.57055331061,75,25
57,3831,1480.46285966496,84,27
24,6448,711.294386540495,86,62
73,7742,4732.60870670826,95,22
46,9218,2411.00540864454,78,32
15,7013,543.87169539069,76,61
3,8605,438.011920425258,70,67
82,4331,3181.10127227381,83,1
35,2536,433.460863623742,86,51
23,4038,428.130322549429,83,60
79,9403,6537.63729368967,90,11
42,1960,440.427936500359,64,22
9,6338,392.519552578559,93,84
65,9802,4857.22784073959,69,4
6,4035,225.140989147251,90,84
65,3611,1789.37459017656,90,25
2,8355,414.248358002219,71,69
82,9211,6765.44073399078,87,5
90,3443,2847.82314458099,93,3
18,4200,365.785019521972,81,63
6,5177,288.861189793139,64,58
48,8264,2328.12876436193,75,27
22,6443,656.626081020813,82,60
77,4133,2760.63559846494,90,13
48,6507,1833.14785451392,88,40
48,7224,2035.14063331929,87,39
18,9740,848.272878605715,71,53
77,6276,4192.05154027727,86,9
36,2270,403.643806004232,72,36
7,8823,509.180382563741,71,64
22,1396,142.270682772785,82,60
15,8085,627.007365925243,79,64
59,5593,2307.4100068502,82,23
95,5836,5173.34768614324,97,2
20,7457,702.348166753146,67,47
13,4348,312.41770712625,68,55
88,6230,5017.82532026432,88,0
57,8861,3424.2707907834,88,31
85,9820,7573.58738415698,86,1
70,9996,5675.89032100986,86,16
96,2858,2582.49236513519,96,0
24,6235,687.797844305209,67,43
11,6533,435.427870231185,80,69
89,7012,5724.26091194051,90,1
71,7856,4574.93606668665,89,18
45,6278,1581.50491056679,63,18
9,5078,314.486318711568,74,65
79,4102,2852.00342217537,89,10
5,7690,415.423879327624,64,59
76,7463,4880.80552429729,84,8
18,1254,109.212955828703,59,41
9,6112,378.523115392892,68,59
7,8525,491.982631911583,80,73
18,2342,203.968694219157,57,39
78,9508,6481.74835880561,81,3
18,6272,546.238962486144,81,63
29,1133,152.537555038867,63,34
73,5600,3423.22510430977,79,6
78,7321,4990.83716184433,85,7
57,5726,2212.77220946008,98,41
1,8763,424.416443857038,69,68
8,3693,220.690911559497,87,79
23,7363,780.66457774429,99,76
62,9302,4216.50980113899,85,23
97,8662,7979.45038231258,99,2
9,4575,283.334956302762,84,75
60,4681,1993.80718850703,81,21
57,7425,2869.33874523945,60,3
85,4918,3792.96362070102,96,11
94,7297,6366.17448579011,97,3
55,4860,1755.84638460108,81,26
3,1149,58.4864260974575,75,72
28,5341,690.944583568319,62,34
89,5737,4683.4119868515,90,1
9,3079,190.685973870209,87,78
84,1038,788.137303963534,93,9
31,6458,941.616441468277,86,55
1,8375,405.624525539506,78,77
99,3534,3365.71428571429,99,0
83,2974,2221.68076227503,91,8
94,3172,2767.37090159329,96,2
0,2309,149.235687827028,86,86
10,5388,346.08350028353,83,73
35,3065,523.879158914341,82,47
26,1387,165.674936127879,78,52
60,7791,3318.46866175139,81,21
7,8450,487.654338962214,85,78
94,5837,5092.41612629257,96,2
36,7847,1395.32728886133,81,45
56,2194,819.981599465189,86,30
45,9426,2374.52457582073,75,30
60,8832,3761.86820954798,83,23
96,9798,8853.48502225143,96,0
36,5897,1048.58481233787,74,38
30,2796,391.741186591304,81,51
18,4417,384.683912197274,84,66
30,5831,816.968118388374,81,51
77,2299,1535.61607570068,80,3
37,4828,893.002681566888,87,50
96,7469,6748.99771700306,98,2
1,8090,391.82118347637,81,80
63,3766,1759.58206961161,68,5
25,9456,1085.39253041785,87,62
77,1678,1120.81938887592,83,6
74,4599,2877.34209842654,87,13
61,6357,2794.03345972888,98,37
32,7356,1116.13162315024,76,44
45,4161,1048.20674305008,48,3
73,8482,5184.96345263491,81,8
33,8591,1356.39601425016,72,39
58,4083,1630.69521191398,69,11
23,4372,463.542786078777,85,62
76,4109,2687.28794041774,83,7
14,9311,694.980735472165,76,62
43,9368,2187.34067576276,83,40
8,3425,204.675432464467,85,77
46,5164,1350.66521265355,55,9
62,4625,2096.4693431808,68,6
79,7838,5449.53749951501,88,9
27,5721,711.169914821275,85,58
85,9444,7283.60073889802,87,2
72,7024,4192.26359920075,83,11
81,3017,2177.3101545848,82,1
87,6935,5508.43680045572,89,2
42,9065,2036.97920631416,47,5
94,1554,1355.7674593556,94,0
42,8081,1815.86640554051,82,40
88,5147,4145.54525255224,88,0
39,8106,1621.56204055556,56,17
13,2415,173.5254744043,83,70
71,8164,4754.29964974921,77,6
47,8353,2267.77196647252,83,36
91,4239,3551.81284963669,91,0
34,7407,1216.85214494192,94,60
11,7158,477.084447438363,84,73
60,4024,1713.9671280821,80,20
30,7210,1010.17666499403,88,58
3,5576,283.829688354589,88,85
33,3601,568.546391260019,85,52
54,3938,1374.73064519857,80,26
56,5694,2128.06528138322,65,9
75,9304,5953.54273757343,92,17
24,4610,508.540186406899,75,51
67,5242,2748.24828144245,72,5
74,2610,1632.93387190547,79,5
48,4884,1375.91733847334,75,27
26,4309,514.70317215215,59,33
15,6083,471.748399124706,45,30
68,9644,5195.74735596729,79,11
9,1066,66.0185930969933,85,76
52,8748,2847.59050929882,88,36
61,6878,3023.02377473891,84,23
33,1704,269.037225966974,58,25
15,3331,258.325483722571,64,49
34,7201,1183.00962545251,81,47
30,3603,504.808117055961,51,21
55,8367,3022.87380657557,78,23
73,3568,2181.08342360308,81,8
77,4847,3237.55159587698,82,5
23,6046,641.029205085153,62,39
65,9387,4651.58107947588,73,8
54,5962,2081.29611647381,89,35
79,6648,4622.16449308188,81,2
42,6574,1477.23125232314,48,6
98,1242,1164.55088539347,98,0
85,2055,1584.90041491269,90,5
87,7838,6225.68531246891,93,6
33,4503,710.959289043006,72,39
67,8294,4348.33484286221,76,9
59,4818,1987.68128249674,95,36
84,1795,1362.91566533193,94,10
42,3132,703.785865877104,81,39
19,8878,804.027896038869,69,50
3,6315,321.446284425974,79,76
79,6496,4516.48323511731,84,5
37,3956,731.714707597061,67,30
3,3628,184.672544718517,76,73
23,7100,752.779913348426,83,60
1,3849,186.417767021082,80,79
64,6898,3320.11602513784,75,11
61,9012,3960.96107268786,84,23
89,3037,2479.26132195712,95,6
99,1647,1568.57142857143,99,0
32,7647,1160.28528034664,90,58
56,6570,2455.45994005756,83,27
95,5806,5146.75405513154,98,3
81,3107,2242.26140215279,83,2
16,4946,398.612350219941,78,62
44,3314,803.842577304739,69,25
49,3896,1138.56018589085,76,27
57,6500,2511.87903623656,85,28
36,4559,810.666128446385,70,34
89,6266,5115.26224675117,89,0
70,3143,1784.64618636794,75,5
33,5521,871.686927560834,67,34
23,7335,777.69586822686,92,69
72,9333,5570.38669865327,95,23
9,9112,564.316529361916,79,70
42,2117,475.707113046561,94,52
97,6628,6105.72582936594,98,1
17,7969,667.566619575306,68,51
16,1683,135.637805382159,81,65
7,1258,72.5999004040787,68,61
97,1094,1007.79481854652,97,0
30,5194,727.719500413173,90,60
37,7025,1299.36699213078,67,30
51,6712,2108.48536243597,81,30
44,1900,460.863276064878,83,39
92,5886,4996.0242149769,92,0
90,1935,1600.50472981824,92,2
52,1113,362.296323371009,63,11
63,6820,3186.49753445331,72,9
13,4136,297.184829041898,90,77
5,7048,380.742197854498,71,66
25,1809,207.643304518389,80,55
47,8085,2195.0121332372,84,37
91,3470,2907.47595853723,91,0
37,3098,573.01621944785,37,0
30,8847,1239.53300349545,89,59
27,1789,222.388214930128,78,51
58,6912,2760.55971216003,76,18
66,8591,4380.21891574963,80,14
32,6944,1053.61854148386,67,35
7,8817,508.834119127792,84,77
0,1860,120.215842078073,72,72
63,6504,3038.85336716779,95,32
27,1657,205.979470172846,80,53
56,7881,2945.43071348457,58,2
7,9280,535.554114268562,69,62
43,9946,2322.29828790952,82,39
29,5854,788.133139627118,88,59
20,3909,368.17473298083,85,65
12,4887,338.140537854408,87,75
38,3969,763.51667042769,60,22
24,7227,797.227749926824,92,68
42,8623,1937.65821247071,83,41
13,7300,524.528349131009,62,49
95,4359,3864.05458600041,98,3
26,2881,344.130851466777,65,39
55,3046,1100.47491512241,87,32
58,1598,638.219678824035,79,21
4,5870,307.504760990917,69,65
5,9266,500.561464999969,61,56
25,6152,706.147932226164,89,64
84,5956,4522.29844162505,89,5
44,6755,1638.49022622013,73,29
4,1632,85.4936575702176,69,65
78,6906,4707.92534349091,88,10
90,2335,1931.35842073675,90,0
23,4625,490.367197075559,91,68
78,1250,852.144031185004,95,17
56,4103,1533.44781340277,77,21
50,1516,459.415851505057,88,38
52,4260,1386.68673635265,87,35
81,3303,2383.7107857453,94,13
87,9972,7920.71114263077,89,2
7,3674,212.028643946411,96,89
33,4149,655.067752662543,88,55
41,1571,339.662916252968,70,29
39,1996,399.289147908822,88,49
57,8457,3268.14784760809,79,22
11,1437,95.7768023147426,78,67
12,7343,508.07570482196,86,74
59,5490,2264.91702800065,79,20
52,1586,516.264122970729,87,35
2,1235,61.2324024096637,92,90
49,9387,2743.24036574882,55,6
17,1311,109.823044078708,82,65
57,1769,683.617540784995,97,40
80,3469,2458.1319779335,90,10
71,4777,2781.88258535669,84,13
57,4555,1760.24754000885,77,20
10,9682,621.896891192491,88,78
19,5474,495.747770096505,44,25
22,8705,887.153505399065,83,61
48,1438,405.112435037809,71,23
60,5398,2299.20341883378,66,6
0,7486,483.836448277665,72,72
61,5988,2631.8502999617,78,17
81,1673,1207.37152423612,81,0
33,3632,573.440847835709,70,37
40,7046,1465.48126220997,86,46
4,9840,515.476464761606,75,71
15,6803,527.585789782242,76,61
57,3734,1442.97789558574,72,15
18,2152,187.421276669353,88,70
11,9204,613.451418583779,86,75
61,6539,2874.02623771703,85,24
46,1227,320.926842743204,78,32
64,5717,2751.68212753161,79,15
64,7888,3796.61861500251,78,14
94,7103,6196.9216626788,98,4
46,9051,2367.32587911062,86,40
86,3693,2891.27764267491,86,0
37,9422,1742.7239572749,63,26
15,2450,190.002232098558,37,22
63,8680,4055.54231657693,75,12
49,2112,617.207164425429,87,38
83,3570,2666.9133561943,83,0
29,2754,370.775310306301,69,40
29,6500,875.105125995263,80,51
25,2809,322.426778547349,67,42
80,8175,5792.80164877669,85,5
96,6079,5492.99198308496,97,1
53,7359,2481.22701885324,91,38
62,9769,4428.19654346666,81,19
45,6391,1609.97099130811,80,35
63,7598,3550.00121213727,74,11
31,9693,1413.29949940415,57,26
0,3687,238.298822441858,94,94
9,5644,349.539342813724,89,80
20,5451,513.410199406115,95,75
14,7811,583.019495733335,92,78
7,7960,459.376158359672,55,48
68,5749,3097.29899932144,83,15
90,1958,1619.52881704606,90,0
34,3591,589.944114011939,90,56
12,6392,442.274261912293,87,75
90,2592,2143.93191715188,93,3
40,9990,2077.79702093068,77,37
39,2320,464.103618811857,89,50
56,7512,2807.52131959093,96,40
4,1842,96.4946796840323,72,68
80,5904,4183.57197974038,82,2
73,3792,2318.01242777548,83,10
34,6710,1102.34614453359,59,25
28,7893,1021.08698710068,83,55
45,1478,372.326259607791,83,38
19,8062,730.127607328831,63,44
5,8005,432.440592199952,72,67
36,1172,208.40111922333,86,50
78,1120,763.521051941763,89,11
21,5364,525.493330532193,83,62
7,4691,270.720296339852,84,77
81,7834,5653.64526052943,93,12
19,2159,195.527847211975,75,56
96,1722,1556.00134806256,96,0
93,9185,7900.51628466377,98,5
71,7129,4151.56812874352,71,0
62,4271,1936.00444642707,85,23
12,7330,507.176210859998,40,28
91,4782,4006.78675323487,93,2
41,4709,1018.12391638143,87,46
11,5261,350.648404299138,69,58
82,6110,4487.76928505956,93,11
67,2330,1221.56018614287,78,11
62,6007,2722.91704745667,84,22
16,4594,370.243658898182,68,52
24,7637,842.455835919628,70,46
51,4456,1399.7930236911,84,33
46,3086,807.155857135718,83,37
10,6651,427.208864214135,32,22
4,8905,466.495723445335,38,34
18,5122,446.083540474176,58,40
92,6675,5665.72572799368,93,1
55,5547,2004.04936118975,76,21
80,8531,6045.06310283963,86,6
31,7475,1089.90134716249,76,45
66,4230,2156.71353900837,74,8
78,3758,2561.8858153546,83,5
77,8023,5358.95944991149,89,12
92,4361,3701.60747562254,98,6
80,7167,5078.53326199175,96,16
49,5844,1707.84027883627,56,7
73,8048,4919.6635070509,78,5
89,7368,6014.88225886732,94,5
49,4897,1431.09066486332,63,14
26,5971,713.226419336385,66,40
62,8065,3655.78924383853,69,7
32,3450,523.47119356557,56,24
26,3407,406.9607118873,86,60
24,5402,595.907611056414,71,47
86,8214,6430.80275031998,93,7
59,3940,1625.45957929372,67,8
42,1605,360.656550042386,59,17
77,9994,6675.48806461616,89,12
49,8390,2451.87883973928,91,42
34,2123,348.775091631118,55,21
47,1334,362.170214686262,89,42
57,4063,1570.11761911217,61,4
69,6938,3838.64082727694,75,6
20,8705,819.892824404738,85,65
79,8942,6217.11716262608,84,5
18,1703,148.317116249028,84,66
75,1472,941.919057363295,81,6
84,4365,3314.27681291024,98,14
72,5065,3023.0374615535,80,8
85,9489,7318.30658739975,87,2
83,1847,1379.77282041761,86,3
87,8194,6508.45438254278,88,1
6,1447,80.7382927623475,96,90
65,8790,4355.74706387482,65,0
60,4505,1918.84242346169,94,34
9,8180,506.59670875554,90,81
46,8468,2214.83985684552,80,34
31,3942,574.768041540407,65,34
89,6753,5512.82571853027,90,1
16,3621,291.826793397979,61,45
31,9566,1394.78211196741,84,53
90,4693,3881.7409287013,94,4
20,2947,277.567392707727,73,53
77,7257,4847.31007453667,86,9
55,6299,2275.7358799593,62,7
91,9191,7701.04078816013,92,1
30,6862,961.419178250904,73,43
15,8781,680.983510227527,46,31
28,5603,724.838513711532,33,5
52,7448,2424.42319538839,87,35
7,6246,360.460236823431,75,68
63,2475,1156.39023427741,86,23
4,5691,298.12769928438,59,55
60,4214,1794.89499943786,74,14
10,3248,208.626430757406,81,71
41,7243,1565.9952275113,56,15
76,3777,2470.15978363538,90,14
93,8947,7695.79958616078,97,4
96,9646,8716.13763264312,98,2
54,2526,881.81046464489,68,14
37,3514,649.96094097474,60,23
18,6857,597.187590205276,83,65
9,5014,310.522725880229,43,34
25,5447,625.225583035747,67,42
95,7316,6485.30014938725,96,1
73,5976,3653.07021845629,88,15
13,8401,603.638720691727,83,70
51,3548,1114.55692281329,56,5
59,9068,3741.03235153185,80,21
50,1701,515.479131537006,74,24
13,8317,597.603052016795,78,65
84,8840,6712.0749200748,85,1
42,9312,2092.48211463844,90,48
54,6479,2261.77751402781,77,23
39,6006,1201.46824766552,69,30
61,8667,3809.32641111692,78,17
98,4883,4578.50400432875,98,0
59,2125,876.675534517554,88,29
86,1680,1315.28471153367,91,5
41,2680,579.437692907673,88,47
86,3249,2543.66668319815,91,5
17,9763,817.850785156696,86,69
80,3367,2385.85481974693,96,16
69,5362,2966.67513921288,77,8
2,3865,191.630150051296,62,60
40,8707,1810.94881493928,81,41
68,8574,4619.28015658062,99,31
84,5623,4269.45670538242,89,5
4,8920,467.281510739179,83,79
52,2015,655.909336561172,71,19
93,6957,5984.09273733325,94,1
44,5374,1303.51539240666,79,35
89,1636,1335.55203250637,89,0
45,7857,1979.27430428851,85,40
68,7430,4002.94513218965,74,6
73,1755,1072.8142960828,93,20
28,5549,717.852741849954,76,48
60,4207,1791.91344628265,77,17
26,2505,299.218251622449,87,61
65,7021,3479.14677309046,71,6
62,2083,944.204463101755,72,10
69,1872,1035.7358934365,84,15
19,2270,205.580460014444,64,45
16,7952,640.874526677916,83,67
17,3110,260.526061849567,87,70
8,1111,66.3925271439482,75,67
91,4058,3400.15488177062,91,0
44,2059,499.430255482938,62,18
27,9174,1140.40776063107,59,32
58,3194,1275.64058458321,72,14
1,4366,211.457513851401,61,60
58,8288,3310.11558078448,85,27
19,1258,113.929611761309,85,66
79,8660,6021.05061824445,84,5
27,8814,1095.65663856576,72,45
34,4431,727.942737172626,71,37
98,5897,5529.27260158236,99,1
84,5289,4015.85568464656,86,2
39,3555,711.158777963858,97,58
29,2326,313.153003548459,75,46
17,7323,613.450916695942,91,74
95,5217,4624.63243293511,99,4
90,2971,2457.41578929716,90,0
16,3389,273.129246845002,85,69
88,9179,7393.03669577949,92,4
46,2831,740.45956952405,90,44
88,9994,8049.46167748341,96,8
8,1005,60.0580466063618,81,73
34,2080,341.710876397893,64,30
83,7424,5545.98452559846,91,8
8,7977,476.699540078555,77,69
44,4204,1019.72063819829,75,31
96,7897,7135.73905090014,96,0
64,1593,766.735985509507,67,3
4,3225,168.944268176441,53,49
75,8635,5525.45588337775,91,16
71,1163,677.272230849869,76,5
77,4146,2769.31894295563,84,7
28,3363,435.058347601621,83,55
79,6628,4608.25906440233,94,15
13,6988,502.110151195547,29,16
66,6346,3235.5801698693,90,24
94,3017,2632.14313055074,94,0
2,5109,253.308780494714,65,63
67,5862,3073.29863140322,70,3
55,6896,2491.42318275907,59,4
6,5695,317.764047879453,77,71
16,4549,366.616979609889,75,59
81,3643,2629.08216544661,86,5
7,1296,74.7929021650922,41,34
75,9703,6208.85911249732,84,9
67,4435,2325.15855173546,89,22
19,1356,122.804891532857,92,73
40,3403,707.782108331041,61,21
31,6892,1004.89633239383,99,68
72,9913,5916.55880678773,89,17
49,5034,1471.12730384357,87,38
29,2894,389.62372840466,85,56
91,8804,7376.77761929733,96,5
44,2336,566.619269940818,82,38
52,9352,3044.20055360798,55,3
49,9432,2756.39108658175,74,25
23,5663,600.421499900301,88,65
97,7426,6840.84490176094,98,1
23,4810,509.981884958582,66,43
28,2773,358.7323217066,95,67
25,3334,382.688102412554,80,55
92,8377,7110.37968889934,92,0
69,4346,2404.54497482641,69,0
94,3058,2667.91305708458,94,0
99,7272,6925.71428571429,99,0
73,9890,6045.66005028994,79,6
14,3229,241.015228744455,91,77
40,3786,787.441393517873,62,22
16,9953,802.140865697346,84,68
48,6340,1786.10072193304,72,24
29,7359,990.753634184483,99,70
38,2737,526.516786838143,73,35
33,6553,1034.62496582252,87,54
98,3828,3589.29210087456,99,1
98,8883,8329.07046292286,98,0
58,1928,770.017234526119,88,30
1,1207,58.4583644568577,67,66
62,2434,1103.3094878491,72,10
71,2041,1188.5749124373,71,0
71,9247,5384.98393694647,82,11
41,4311,932.073094822753,79,38
30,9254,1296.55684574962,69,39
98,2596,2434.11763162757,98,0
68,1037,558.68830445231,75,7
40,6936,1442.60261633385,85,45
52,7752,2523.37924417975,85,33
12,3977,275.175960517082,97,85
44,1962,475.901972441732,61,17
74,4346,2719.05387252919,84,10
55,1025,370.317395929241,67,12
20,2140,201.558948216673,87,67
26,4722,564.035362938605,76,50
13,5286,379.81600732966,58,45
79,3246,2256.8510746907,89,10
68,3966,2136.69991847431,71,3
34,3308,543.451720732803,67,33
30,1434,200.914471234596,65,35
57,1034,399.581988225938,65,8
97,6978,6428.14647515322,97,0
92,2039,1730.69884035642,98,6
84,2995,2274.05705719729,91,7
76,3466,2266.76563676999,84,8
10,6173,396.505836534935,85,75
18,4168,362.998086039899,54,36
46,5825,1523.55245230575,94,48
45,8149,2052.83267222184,81,36
55,3310,1195.85422490321,79,24
38,2333,448.799292544168,45,7
33,6178,975.41782982627,84,51
50,5270,1597.04586901824,82,32
82,3814,2801.36694815338,82,0
66,2106,1073.76801729353,83,17
78,9994,6813.06195813034,93,15
4,7166,375.396783179031,83,79
94,6932,6047.73489591573,94,0
10,5743,368.885958078752,79,69
72,8035,4795.67739458685,76,4
15,4672,362.322623822231,64,49
71,6510,3791.09391473143,79,8
60,2628,1119.36024169974,72,12
17,9959,834.269790983871,75,58
71,3052,1777.33005034721,81,10
12,6843,473.479783208045,81,69
21,3741,366.493391036714,66,45
67,4871,2553.742346224,69,2
74,5500,3441.04838907284,87,13
41,7111,1537.45575905465,79,38
95,8872,7864.62314452756,98,3
54,4494,1568.82669363188,84,30
69,7830,4332.16455427767,75,6
73,7605,4648.86194969211,76,3
53,8918,3006.87356354575,80,27
61,3003,1319.88083680444,67,6
19,4588,415.50799583536,84,65
68,4492,2420.08472864009,75,7
35,3484,595.495918322207,80,45
3,6709,341.501682060785,66,63
96,6444,5822.80643839439,98,2
98,4011,3760.88051635524,98,0
60,9196,3916.90897361902,88,28
95,9082,8050.77856160948,98,3
54,7608,2655.90420230338,69,15
58,1775,708.911095064244,96,38
47,5353,1453.29622130102,63,16
67,6962,3650.00086520457,79,12
75,4474,2862.87083060012,76,1
85,2242,1729.12249646435,87,2
63,2616,1222.26943550291,72,9
78,1456,992.577367524292,86,8
14,8484,633.252771962823,67,53
76,9347,6112.94241398992,76,0
42,5962,1339.70987623221,70,28
22,3577,364.543146331126,77,55
24,1468,161.938610335212,95,71
58,2027,809.556501236745,93,35
86,6108,4781.99941550456,86,0
39,3139,627.940198038973,76,37
51,3676,1154.76641721016,79,28
30,4575,640.992821407445,84,54
64,3478,1674.01616924172,80,16
95,2134,1891.69361929912,96,1
94,3549,3096.27973825807,96,2
12,7977,551.943333428404,94,82
81,5900,4257.91511834614,86,5
98,2153,2018.74239633828,98,0
12,5471,378.548574299461,74,62
55,2553,922.36127981205,74,19
17,9342,782.583430803426,45,28
42,1701,382.228530605669,87,45
86,7136,5586.82839375254,86,0
7,1121,64.6935519498985,83,76
85,3982,3071.08197186488,85,0
2,6056,300.261885824229,64,62
10,9444,606.60960962837,79,69
64,1342,645.925732927657,80,16
3,5448,277.314229224498,55,52
89,9082,7414.1097550262,91,2
86,2137,1673.07346937348,92,6
3,9318,474.305063860843,68,65
26,9455,1129.38465831946,50,24
5,1521,82.1664135835261,22,17
49,2514,734.686937199587,85,36
72,7605,4539.03255579751,80,8
13,4813,345.829444433911,74,61
58,7395,2953.46340732399,93,35
73,4083,2495.89787516014,90,17
78,3605,2457.58338593755,93,15
56,2856,1067.39628444511,67,11
19,9053,819.876609916634,72,53
48,3291,927.138403135904,59,11
6,8036,448.384879501192,61,55
7,6422,370.617297611283,68,61
37,8251,1526.13196470762,90,53
42,3714,834.565998042007,66,24
78,7249,4941.75366564807,83,5
0,8280,535.154393766907,70,70
26,5928,708.09013797121,81,55
74,3518,2201.01967868332,90,16
73,6656,4068.74755255105,86,13
51,6202,1948.27565819843,66,15
59,4058,1674.14085603399,81,22
98,1144,1072.66200715791,98,0
26,8931,1066.79369470663,89,63
91,7923,6638.59712377246,91,0
7,7747,447.083806383464,94,87
34,3509,576.472819846253,60,26
3,9873,502.555687432722,83,80
19,8382,759.108112705316,88,69
52,6903,2247.0184368644,76,24
5,4148,224.08039680767,91,86
91,9242,7743.7731437467,94,3
60,7226,3077.81472850925,94,34
95,6833,6057.14269009883,99,4
59,7382,3045.4676686158,85,26
27,5431,675.120399824217,83,56
35,1121,191.6047429504,79,44
40,5685,1182.41001641551,88,48
51,4552,1429.95014448876,82,31
62,9416,4268.18493738172,86,24
95,5672,5027.96916994594,96,1
38,7668,1475.09343130248,92,54
54,5628,1964.6988499689,87,33
59,2118,873.787662168555,92,33
15,3337,258.790795311383,67,52
88,8632,6952.46680008373,91,3
4,8963,469.534100981532,67,63
28,8860,1146.18404988117,59,31
11,4680,311.924450127345,90,79
29,4723,635.864847703942,77,48
16,8237,663.843495503772,62,46
46,1341,350.744006616655,86,40
91,6163,5163.91191137318,91,0
60,7912,3370.00693772006,79,19
59,1373,566.435533596519,81,22
51,9569,3005.97384284115,95,44
86,9019,7061.0433412632,89,3
50,2894,877.011526553848,91,41
87,1956,1553.64129512493,93,6
6,2339,130.509237575073,8,2
41,5478,1184.38794095083,72,31
10,5288,339.66027273558,81,71
73,9187,5615.92304165962,86,13
84,8728,6627.03505683403,93,9
54,1359,474.418219102298,84,30
89,9171,7486.7650917579,98,9
63,6902,3224.81026140714,95,32
93,9796,8426.07049804751,93,0
54,7678,2680.34075516368,86,32
25,5522,633.834343587919,81,56
65,8497,4210.555495079,85,20
22,2206,224.820290971894,88,66
72,3676,2194.0149474177,95,23
11,7917,527.672194798759,77,66
41,8338,1802.74309084484,46,5
61,7665,3368.92661142393,78,17
60,6342,2701.28715862243,69,9
71,7416,4318.70237659727,71,0
62,3449,1563.39951667689,92,30
33,3887,613.701700313161,69,36
81,3316,2393.09263261624,81,0
30,3190,446.943628478634,63,33
5,9371,506.233702624078,62,57
4,8986,470.738974832093,87,83
43,4144,967.585371515892,68,25
64,6525,3140.58525138075,68,4
29,2304,310.191109275859,78,49
1,9959,482.342047743037,5,4
83,9762,7292.55131181198,94,11
48,7147,2013.44824284786,84,36
10,8911,572.373806797798,77,67
46,9437,2468.28574976986,81,35
57,5122,1979.36068055441,96,39
0,1816,117.372026459022,58,58
4,9327,488.602539312144,92,88
85,5717,4409.18524187632,98,13
37,4572,845.652083704186,88,51
4,1717,89.9464522353331,83,79
90,7015,5802.3466044832,91,1
8,3717,222.125133568007,77,69
34,4884,802.363423234283,76,42
11,2749,183.22228918805,81,70
28,4780,618.370175895257,73,45
87,7624,6055.70615236833,90,3
10,9835,631.724429340854,65,55
20,9010,848.619683846834,92,72
59,5878,2424.98766677373,85,26
66,8569,4369.00196590135,81,15
88,8339,6716.47597844048,94,6
27,9280,1153.58447990586,80,53
15,5096,395.204642765001,81,66
92,4289,3640.49402956777,95,3
36,1191,211.779635661251,75,39
40,1970,409.735748872216,64,24
95,1838,1629.30312665032,96,1
9,6232,385.954851951653,86,77
36,7768,1381.27977314576,78,42
27,5676,705.576024563111,37,10
57,5965,2305.13206940785,67,10
67,9107,4774.57022111721,89,22
44,3646,884.372370806602,75,31
97,7095,6535.92709103068,97,0
33,7033,1110.41009989773,69,36
17,6095,510.580818962415,78,61
31,3144,458.414693709548,92,61
90,8156,6746.10675782822,97,7
36,3543,630.004407344931,79,43
29,6368,857.333760359666,69,40
87,3974,3156.52888897059,87,0
50,4415,1337.94260184355,70,20
22,3562,363.014449882995,86,64
54,1010,352.58454841304,75,21
72,4919,2935.89758605758,76,4
67,5444,2854.1517825587,91,24
10,8171,524.84192294297,66,56
15,4783,370.930888215267,90,75
8,5625,336.145783244562,66,58
26,2316,276.642503296444,86,60
95,1818,1611.57403930919,95,0
96,8611,7780.91034156022,98,2
70,8543,4850.85344261577,82,12
6,4988,278.315552383268,46,40
93,6231,5359.62079147958,97,4
28,1735,224.450262589596,83,55
47,2990,811.760826020931,75,28
60,2764,1177.28756014386,70,10
8,4006,239.395556920483,89,81
8,4298,256.845258024023,86,78
1,9594,464.66408334639,60,59
28,8313,1075.42076824629,91,63
12,6446,446.010621446596,80,68
83,1361,1016.71402738948,92,9
98,8192,7681.16010720073,99,1
46,4999,1307.50879125776,64,18
71,5129,2986.86953742818,75,4
53,6677,2251.27772861572,88,35
78,7939,5412.1371708622,87,9
18,6041,526.120786412436,77,59
93,9066,7798.15793541228,97,4
77,1977,1320.53631216191,82,5
47,4420,1199.99426455268,64,17
60,5051,2151.40356956826,92,32
11,1895,126.302742092162,35,24
26,4815,575.144064495846,85,59
69,7380,4083.1895798939,75,6
65,6683,3311.65615789254,87,22
42,1391,312.569010036734,69,27
49,5801,1695.27403448481,55,6
70,8374,4754.89251181838,77,7
79,8319,5783.96305925815,91,12
85,6519,5027.72058628507,90,5
95,5400,4786.8535821065,95,0
6,1416,79.0085850390353,84,78
34,7193,1181.69535285098,83,49
69,3119,1725.67321133998,80,11
57,3581,1383.85212750202,77,20
36,6239,1109.39810822044,45,9
4,7810,409.13325099473,74,70
24,2201,242.797603097958,69,45
31,1949,284.176284363839,54,23
46,4471,1169.40824279125,55,9
63,6894,3221.07243438726,87,24
56,7641,2855.73354672448,76,20
52,1234,401.683434896519,72,20
3,3609,183.705406253894,78,75
66,4760,2426.94005808034,87,21
4,6513,341.188842987026,81,77
89,4587,3744.60707402611,90,1
27,3776,469.389546996178,72,45
78,3269,2228.52707035502,78,0
31,3503,510.759119613406,58,27
87,8733,6936.57946335685,87,0
12,3478,240.649230746395,66,54
73,5278,3226.38966081196,85,12
94,1226,1069.60804708492,94,0
28,9650,1248.38330489314,84,56
83,5984,4470.25476847807,84,1
15,6748,523.320433551458,82,67
1,5863,283.961384267238,74,73
55,7064,2552.11910716503,81,26
94,1113,971.022639808743,98,4
57,8584,3317.22609954686,69,12
93,7300,6279.12562635227,95,2
96,3185,2877.96997304254,99,3
69,2910,1610.03816768174,82,13
27,3462,430.356623861432,68,41
95,8698,7710.38008465969,99,4
1,2786,134.933722764545,80,79
38,4053,779.675753399705,91,53
93,3989,3431.15508541359,96,3
85,3998,3083.42182910994,85,0
30,1242,174.013788893562,85,55
12,3234,223.766420998804,85,73
81,8917,6435.22527293093,81,0
21,5967,584.567245206114,92,71
22,6435,655.810776248476,64,42
17,4605,385.762866500726,78,61
30,2415,338.360145070815,84,54
95,9376,8311.39614552417,95,0
26,9851,1176.68622624062,85,59
54,7012,2447.84440937845,81,27
83,3879,2897.74703324305,91,8
61,4969,2183.97864737971,92,31
9,9391,581.595316861036,78,69
32,8158,1237.81970930664,78,46
69,5469,3025.87585534414,85,16
62,6973,3160.79583351346,62,0
36,2923,519.758081475934,83,47
36,4151,738.1169333584,90,54
54,6548,2285.86497327583,84,30
42,8006,1799.01329572545,67,25
82,6341,4657.43781285805,91,9
81,3228,2329.58474610531,87,6
12,5449,377.026353748449,71,59
54,5352,1868.34901297682,78,24
66,9801,4997.1511574045,87,21
19,2089,189.188361660869,69,50
10,7804,501.268677841995,85,75
36,3021,537.184113629421,94,58
57,7784,3008.07175662544,74,17
32,4683,710.555246222483,72,40
26,6771,808.785142409423,77,51
13,3608,259.246340228039,69,56
48,7717,2174.02827620777,91,43
80,3973,2815.26617132597,81,1
61,7781,3419.91101937242,78,17
26,9003,1075.3939797832,66,40
80,8906,6310.78794911379,85,5
39,3053,610.73635699681,93,54
38,5431,1044.7616621549,63,25
98,4070,3816.2013716195,98,0
84,1253,951.383470006077,87,3
4,1048,54.9003389298946,54,50
94,3295,2874.6806811948,97,3
0,9220,595.908636537546,49,49
80,6683,4735.57106040056,87,7
80,1843,1305.94904448874,94,14
64,5224,2514.39346409395,90,26
85,9253,7136.29369303508,87,2
21,3515,344.352918870369,82,61
37,9363,1731.81112417373,53,16
38,2604,500.931572132453,55,17
64,5180,2493.21557121108,80,16
29,5227,703.719152858037,29,0
32,6811,1033.43834764496,79,47
2,4444,220.33748688951,80,78
97,3084,2840.98649030847,97,0
10,5855,376.079972932455,88,78
23,5603,594.059979505807,83,60
74,1298,812.08741982119,93,19
36,1033,183.68460423012,85,49
58,3120,1246.08598118335,69,11
24,8046,887.573609507572,78,54
10,3096,198.863124884523,54,44
99,1722,1640,99,0
50,6014,1822.51116817375,71,21
37,7750,1433.46536498413,58,21
65,6762,3350.80337268732,68,3
69,9955,5507.87971108994,74,5
11,3213,214.148132106658,84,73
60,7207,3069.72194137367,75,15
57,2819,1089.38261586936,66,9
29,9893,1331.91000176479,86,57
94,5397,4708.54374397824,96,2
76,7707,5040.38163952287,78,2
22,3273,333.561564982325,93,71
82,4513,3314.77950629686,84,2
51,9128,2867.43956917693,62,11
84,4505,3420.57664196119,89,5
61,7905,3474.41159338632,91,30
43,3917,914.582987506696,75,32
68,4106,2212.12553334733,85,17
88,9654,7775.61567284619,88,0
19,9236,836.449836428812,84,65
85,9451,7288.99942644273,87,2
18,8028,699.171937314854,88,70
49,9767,2854.29089722688,53,4
45,7125,1794.87456001726,88,43
35,5848,999.558016747494,82,47
98,8130,7623.02632709252,99,1
98,3103,2909.50193025438,98,0
12,5402,373.774337116741,78,66
78,8506,5798.66970340771,81,3
6,4261,237.75111642043,66,60
11,5454,363.511955340714,77,66
39,4558,911.803575234674,85,46
40,4776,993.349206402895,85,45
19,6500,588.666515459861,91,72
27,2740,340.605762385998,63,36
65,3004,1488.5852309306,88,23
18,3188,277.648248151439,69,51
59,8831,3643.2572448586,79,20
61,8079,3550.88820530905,62,1
46,6368,1665.57631180825,83,37
96,3979,3595.42936349647,96,0
31,6632,966.986720318615,64,33
88,6020,4848.68514092957,91,3
22,6495,661.925562041002,61,39
40,7679,1597.13746984251,82,42
2,2240,111.061199512264,85,83
14,9320,695.652502910598,81,67
20,1316,123.949334510814,79,59
36,3621,643.87410640587,84,48
69,2628,1454.01385040124,77,8
95,5376,4765.57867729714,97,2
51,2870,901.572257179862,56,5
88,9035,7277.05485852137,94,6
18,9824,855.588578996155,79,61
74,2894,1810.61709781396,94,20
21,2489,243.839093902802,58,37
74,7758,4853.75516407765,78,4
95,8834,7830.93787857941,95,0
45,6473,1630.627793262,58,13
97,3155,2906.39182131104,97,0
4,6845,358.580935090772,93,89
68,7977,4297.64378458638,76,8
96,1942,1754.79362249564,96,0
94,3967,3460.95850145668,97,3
32,9416,1428.69703148215,88,56
53,4393,1481.18362465312,65,12
99,4249,4046.66666666667,99,0
50,6776,2053.431272954,91,41
12,4608,318.836013593843,62,50
62,9894,4484.85787706614,72,10
44,9807,2378.78218335171,78,34
80,4455,3156.81117373702,95,15
28,1981,256.274334403453,90,62
89,2071,1690.6651951838,92,3
42,9180,2062.82064136393,77,35
33,9911,1564.80513295697,74,41
86,8008,6269.52379164383,93,7
14,2964,221.235409723928,22,8
7,6408,369.809349594067,81,74
30,9886,1385.10492512219,62,32
34,8565,1407.09310401344,35,1
72,4903,2926.34801066077,86,14
80,1769,1253.51267482397,96,16
5,4594,248.173901382458,77,72
48,3451,972.213500219387,81,33
58,2685,1072.35283957605,86,28
70,1947,1105.53806072491,83,13
75,1380,883.049116278089,79,4
27,4913,610.728507519127,69,42
81,3023,2181.640237756,83,2
54,2984,1041.69533907377,94,40
83,5914,4417.96234972916,86,3
30,2026,283.858241786117,86,56
59,7140,2945.62979597898,94,35
30,4538,635.808835747975,84,54
69,5941,3287.02293958667,71,2
46,5522,1444.30156937895,70,24
15,5619,435.764302923184,90,75
7,3706,213.875382271475,80,73
48,3196,900.375064242585,70,22
37,7583,1402.57649840963,82,45
55,4315,1558.94591554602,85,30
40,1175,244.38553549485,78,38
49,2824,825.280791826426,82,33
90,8269,6839.5729255127,90,0
51,3090,970.682325674486,64,13
90,9259,7658.43581053598,92,2
52,4867,1584.27332061698,77,25
57,3164,1222.70542625423,67,10
72,2465,1471.23145957145,84,12
34,1352,222.11206965863,72,38
96,8082,7302.90528167341,96,0
35,8909,1522.75348344792,88,53
92,6857,5820.20693885433,97,5
28,5743,742.949774093402,57,29
29,2102,282.995534591083,62,33
92,7800,6620.62332259936,93,1
79,3341,2322.90186091856,90,11
36,9271,1648.53820505076,53,17
26,6189,739.266171373788,60,34
8,6150,367.519389680721,70,62
19,3610,326.936326278477,88,69
77,3994,2667.79060737212,83,6
73,9432,5765.68913997318,95,22
89,3796,3098.87256442187,99,10
18,7489,652.229526476201,67,49
82,9116,6695.66363381391,83,1
38,2657,511.127184007653,53,15
45,7429,1871.455874578,92,47
59,8657,3571.47298932634,86,27
60,6733,2867.82819914929,73,13
72,8119,4845.81266542011,81,9
22,6737,686.588531404193,35,13
36,3980,707.710285417112,83,47
67,3328,1744.7863946281,74,7
65,8129,4028.19884894635,89,24
72,5914,3529.76180604687,75,3
28,1660,214.747801670738,82,54
15,7450,577.761889442555,62,47
27,8592,1068.06011329215,73,46
98,7598,7124.2009880995,98,0
81,7934,5725.81331338276,88,7
40,1485,308.861719327533,62,22
11,5968,397.770324435897,82,71
41,8808,1904.36089519805,73,32
5,4358,235.424872055889,93,88
62,3674,1665.38991715595,74,12
21,8030,786.672528742265,82,61
23,7798,826.78560060437,73,50
19,2659,240.809886862734,78,59
72,8260,4929.96829860452,83,11
55,8617,3113.19512265587,87,32
3,2368,120.535993906684,75,72
38,1389,267.201979144384,65,27
14,3807,284.157626457151,77,63
20,3393,319.574537990267,89,69
83,5570,4160.98246330596,92,9
71,4287,2496.53143048443,85,14
38,9931,1910.42682136997,58,20
4,7004,366.910280405517,12,8
39,1199,239.853551273886,76,37
90,2482,2052.94715214929,98,8
17,6567,550.120465648266,71,54
67,1335,699.906801931644,79,12
2,7114,352.718470236719,78,76
94,1240,1081.82216834038,94,0
0,9704,627.19060834711,69,69
61,6613,2906.5507738221,88,27
16,1912,154.093573315917,90,74
58,8184,3268.5793814117,77,19
80,9618,6815.31085723966,92,12
50,5646,1710.99069762371,65,15
97,3837,3534.65147967367,99,2
91,1319,1105.17601997424,91,0
59,2705,1115.95638629176,89,30
93,8804,7572.79753621991,97,4
64,9421,4534.47565567173,74,10
76,8338,5453.05593750379,81,5
18,5371,467.76936663155,90,72
22,2404,244.999084087232,77,55
21,6253,612.585718832551,71,50
15,5351,414.980385289545,74,59
37,7748,1433.09543843833,94,57
4,2135,111.843724823783,65,61
3,3140,159.832356785045,44,41
73,1588,970.7288331507,90,17
53,1403,473.048173318534,79,26
98,1393,1306.1347692054,99,1
53,2397,808.194206304011,56,3
44,3519,853.56729919595,65,21
0,3443,222.528572190756,77,77
28,2071,267.917287506083,82,54
25,6136,704.3113966417,90,65
79,6311,4387.85801983149,83,4
25,5511,632.5717253736,88,63
64,5043,2427.27531382576,86,22
33,9983,1576.17290306825,66,33
28,9508,1230.01331222011,77,49
91,6855,5743.73132443017,91,0
83,9633,7196.18385440328,84,1
44,6445,1563.29674433586,82,38
71,3837,2234.47424743848,80,9
54,6353,2217.79171887925,82,28
98,1417,1328.63816795696,98,0
79,2550,1772.94215664242,95,16
56,8387,3134.54224007044,78,22
84,9528,7234.46265141093,95,11
41,2806,606.679912798108,84,43
66,7909,4032.49347045324,67,1
51,2876,903.457077229716,68,17
8,2355,140.733034585057,87,79
26,9369,1119.11209558911,71,45
3,5158,262.552642132886,90,87
97,9968,9182.53999202168,97,0
81,2746,1981.73473135229,89,8
28,2503,323.803462398709,75,47
75,1489,952.797198650778,80,5
83,9263,6919.78106958763,86,3
14,9633,719.015081602767,84,70
31,4351,634.402777458729,93,62
51,6393,2008.27576311877,84,33
84,5994,4551.15125236746,89,5
78,5437,3706.48567804229,93,15
29,4395,591.705696730643,79,50
1,9938,481.324959380491,82,81
85,5239,4040.53200668008,85,0
44,2523,611.977918690361,85,41
20,3493,328.993180430299,67,47
70,2253,1279.28980524562,84,14
42,7707,1731.82556459606,49,7
10,3721,239.008297059209,80,70
56,7165,2677.83416598363,63,7
86,9484,7425.09535963413,89,3
86,6408,5016.87168542129,86,0
59,1500,618.829789071215,77,18
47,1152,312.758686145857,48,1
25,8316,954.539370024834,78,53
33,2344,370.084071400579,88,55
32,3150,477.951959342477,92,60
38,8569,1648.41883318087,72,34
48,6986,1968.0914264076,94,46
69,6443,3564.76835545479,76,7
12,1341,92.7862617685208,71,59
2,5215,258.564355114491,90,88
23,1618,171.548999971515,82,59
79,2809,1953.01745804257,80,1
49,4606,1346.04933681038,78,29
39,2251,450.30053704547,80,41
44,7248,1758.07211837802,83,39
17,4298,360.045342067344,89,72
99,9181,8743.80952380952,99,0
74,4851,3035.00467916224,97,23
82,5284,3881.07576141649,90,8
85,2336,1801.61915777909,86,1
56,6017,2248.78271831451,81,25
27,5787,719.374287199916,87,60
6,7625,425.452302911472,68,62
97,1980,1823.97965331089,99,2
7,5644,325.718472083164,36,29
34,5898,968.947475478256,87,53
16,6709,540.697585447955,97,81
80,3319,2351.84203942383,97,17
86,8976,7027.37831590847,88,2
76,5212,3408.65046129405,89,13
18,9881,860.552804261096,71,53
65,8607,4265.06427517299,83,18
75,8460,5413.47501718307,99,24
32,9265,1405.78568358986,89,57
56,1294,483.617224114838,78,22
46,1402,366.698804829643,92,46
99,5038,4798.09523809524,99,0
84,6408,4865.49503256101,98,14
50,5893,1785.84275258529,77,27
38,8363,1608.79060589236,74,36
59,6433,2653.95468873008,62,3
6,8270,461.441382961032,63,57
4,8029,420.605745484851,79,75
66,2882,1469.42043012343,92,26
54,4122,1438.96386985995,85,31
68,6494,3498.6710213243,84,16
56,9242,3454.08839665327,79,23
14,2632,196.454655328401,82,68
20,4081,384.374797977684,78,58
40,3991,830.078869923357,67,27
55,5875,2122.55092788711,60,5
16,1669,134.509505159135,86,70
43,5699,1330.66337651281,82,39
2,2828,140.214764384234,82,80
8,2652,158.48153194037,63,55
28,3866,500.129518830766,92,64
60,5733,2441.89203411895,84,24
0,4285,276.94886199169,90,90
93,5808,4995.77556682931,95,2
50,2644,801.250337321484,73,23
42,7421,1667.55903916794,54,12
95,7569,6709.57310425261,96,1
0,2589,167.332696311899,61,61
32,2661,403.755607558835,81,49
53,1356,457.201228096887,94,41
30,5307,743.551672832636,86,56
73,1455,889.427236923343,84,11
92,8387,7118.86766751805,93,1
81,1197,863.851592654293,81,0
52,7301,2376.57273758467,84,32
1,8658,419.331002044303,72,71
98,9180,8607.55002247347,98,0
3,1213,61.744155662503,86,83
81,8121,5860.76757221847,87,6
20,2402,226.235791409556,56,36
39,5306,1061.43698336884,82,43
6,2799,156.175868308093,71,65
8,5234,312.779916355918,83,75
85,9448,7286.68570320928,87,2
83,9564,7144.63847020793,93,10
80,8875,6288.82136182179,97,17
31,7499,1093.40069596943,64,33
33,6258,988.04868550547,91,58
16,6751,544.082486117028,46,30
62,8910,4038.81985897102,75,13
5,6214,335.688424725859,87,82
74,5686,3557.41838913967,78,4
80,4571,3239.0087261845,80,0
52,1439,468.41366516701,58,6
19,4776,432.534042744046,47,28
32,7193,1091.39950588903,82,50
67,3853,2020.03064257874,74,7
49,3585,1047.67409302328,76,27
32,7098,1076.98508171838,78,46
30,5195,727.8596081337,65,35
67,5064,2654.92737451824,88,21
91,2258,1891.95409636226,98,7
72,3395,2026.30052951118,81,9
4,2664,139.555823386679,78,74
60,8074,3439.00859645498,88,28
69,1287,712.068426737594,82,13
10,2704,173.68407289656,82,72
86,6115,4787.47976846928,89,3
9,1494,92.5251201565741,51,42
3,3695,188.082980356924,80,77
14,8382,625.639407660583,65,51
84,5016,3808.57101799719,90,6
77,8801,5878.6242202008,79,2
58,2066,825.132576001537,81,23
92,2875,2440.29385288117,92,0
15,6705,519.9857004983,79,64
24,1018,112.298028147988,92,68
2,1746,86.568238548399,84,82
68,2393,1289.23925993672,83,15
85,5733,4421.52509912138,85,0
78,7138,4866.08327567884,83,5
82,2410,1770.13485711842,89,7
84,6132,4655.93251243197,84,0
20,4261,401.32835436974,96,76
92,4309,3657.46998680521,93,1
99,8317,7920.95238095238,99,0
26,9998,1194.24514160529,50,24
14,6005,448.218163087783,87,73
9,7112,440.454253382567,80,71
43,4929,1150.87555410276,87,44
49,4420,1291.69302403428,81,32
94,6443,5621.11308920731,95,1
85,7426,5727.23624386453,93,8
55,2398,866.362063842262,92,37
82,9169,6734.59191075469,94,12
10,6755,433.889020864003,74,64
72,2061,1230.10468080193,88,16
51,7922,2488.5907391564,80,29
3,7900,402.125993185304,82,79
72,1324,790.227364086246,90,18
95,9234,8185.51962540211,95,0
59,9436,3892.85192645065,83,24
80,9324,6606.98257776072,86,6
89,2452,2001.69534456334,89,0
57,4943,1910.18739632574,75,18
84,7186,5456.21836828705,93,9
0,7007,452.877637333903,72,72
79,6853,4764.69513704725,85,6
20,2815,265.134784686885,76,56
77,6051,4041.76288563062,89,12
65,3880,1922.67333422461,66,1
29,6121,824.079765571847,78,49
22,2237,227.979596964699,91,69
42,7529,1691.82751730163,80,38
29,1314,176.905867008888,70,41
93,8592,7390.44484679708,96,3
48,1675,471.879922592719,86,38
85,3271,2522.72956553742,92,7
81,1001,722.402209061777,83,2
78,7273,4958.11483104683,89,11
64,9160,4408.8522456165,82,18
20,7109,669.571291061836,39,19
16,4005,322.77445665808,73,57
45,7233,1822.08107966384,82,37
7,3712,214.221645707425,93,86
56,3105,1160.45709495871,78,22
76,6524,4266.69908086768,84,8
35,1247,213.141047688804,37,2
63,7234,3379.93008273244,86,23
19,3909,354.01498598963,38,19
18,5829,507.657352093708,75,57
81,5056,3648.81675226408,89,8
84,6697,5084.92825110191,96,12
44,1603,388.823069227368,87,43
62,2764,1252.89540855173,77,15
26,6088,727.201882585817,86,60
71,9518,5542.80059606969,95,24
2,7978,395.556361477163,35,33
59,1147,473.198512043122,90,31
14,3932,293.48772976872,53,39
22,9957,1014.74870226979,63,41
76,7052,4612.01133020829,99,23
68,5730,3087.06266587438,91,23
3,4348,221.322002325279,72,69
97,6273,5778.69917435313,97,0
25,6886,790.399002163421,52,27
31,7011,1022.24727022826,68,37
58,1607,641.81415761591,78,20
17,5765,482.936574457477,82,65
92,6829,5796.44059872192,94,2
4,5812,304.466383454721,48,44
42,2157,484.695438281263,97,55
35,8174,1397.12503914056,80,45
59,2445,1008.69255618608,74,15
20,2580,243.000974952812,84,64
68,1626,876.014641310951,80,12
47,6353,1724.78813635819,81,34
0,5945,384.238269437713,75,75
58,9870,3941.94507508963,85,27
2,8899,441.220363598054,94,92
3,7918,403.042229625473,74,71
16,9855,794.242764136174,46,30
57,9420,3640.29238789975,71,14
29,8857,1192.43170783693,78,49
87,9089,7219.34853343072,88,1
22,7464,760.679352590307,50,28
60,3551,1512.49932202274,67,7
19,8774,794.609231791511,84,65
13,7855,564.406874304668,59,46
73,4357,2663.39138919244,76,3
65,7198,3566.85635560534,78,13
34,2315,380.317634067847,62,28
7,7739,446.622121802198,31,24
18,1950,169.828759063773,59,41
40,1836,381.865398441314,48,8
28,7722,998.965376205685,70,42
41,1215,262.69283465777,81,40
83,1358,1014.47292372881,84,1
83,9600,7171.53171413594,97,14
69,2187,1210.01837550514,89,20
46,5255,1374.4666329385,58,12
67,8273,4337.32507294419,72,5
64,5927,2852.7584344726,78,14
7,3396,195.985104747418,82,75
51,9923,3117.1782257825,67,16
29,7922,1066.55120125146,69,40
51,9014,2831.62798822971,83,32
84,3563,2705.33064934689,89,5
69,7387,4087.06252393987,80,11
26,5442,650.038213704339,85,59
93,4055,3487.92526230937,93,0
73,1519,928.549809544026,78,5
97,2267,2088.36458285646,99,2
50,9341,2830.74107447806,70,20
15,2295,177.981682720894,32,17
57,1555,600.918754053515,73,16
3,9805,499.094349769862,90,87
16,7281,586.796708845813,89,73
36,1162,206.622952677056,84,48
2,3935,195.100812536054,85,83
83,7484,5590.80659881181,93,10
73,1968,1203.01910808601,80,7
83,5076,3791.94739384938,87,4
68,7353,3961.46104400948,72,4
69,7242,4006.83725441621,96,27
61,4344,1909.27817351931,62,1
10,6364,408.774201151519,79,69
1,8858,429.017557878083,65,64
37,3432,634.793952596843,37,0
29,5215,702.103574163891,47,18
61,2868,1260.5455344506,85,24
99,7145,6804.7619047619,99,0
6,4252,237.248943210436,82,76
72,3727,2224.45421899504,91,19
74,8976,5615.79097096687,93,19
51,7371,2315.50143124487,55,4
75,7015,4488.83300774695,78,3
37,8526,1576.99686475544,61,24
7,8140,469.764061438157,82,75
29,9009,1212.89570462943,66,37
36,4798,853.164308902337,79,43
27,4004,497.73192430421,85,58
46,5877,1537.15326389715,73,27
58,3562,1422.61482851765,88,30
19,8585,777.492620803524,83,64
76,2245,1468.23106016983,79,3
1,8276,400.829680401785,61,60
19,1792,162.290830108319,84,65
20,8344,785.891525196225,66,46
74,3072,1921.98193658759,85,11
41,6837,1478.21474119767,75,34
36,5666,1007.50916511893,59,23
6,2076,115.834620438586,86,80
95,2946,2611.49456534921,98,3
53,3507,1182.4518487727,80,27
70,1860,1056.13805492981,84,14
79,4107,2855.47977934526,80,1
86,6421,5027.04948378434,91,5
39,1790,358.079947272941,84,45
40,3668,762.898846123497,88,48
72,5254,3135.84182092835,90,18
25,6706,769.737976838208,80,55
62,3354,1520.33690314128,82,20
7,4343,250.637017054781,70,63
39,9905,1981.44238979803,88,49
23,3964,420.28444739622,62,39
95,5497,4872.839655711,97,2
62,2482,1125.0674399513,83,21
44,7918,1920.58706309563,74,30
52,3787,1232.71893675293,75,23
16,8211,661.748080803869,80,64
28,1315,170.116481443988,67,39
39,5139,1028.02952460092,64,25
33,9554,1508.43993948854,61,28
63,6811,3182.29247905593,70,7
45,1810,455.961116299121,89,44
86,1685,1319.19924936562,89,3
66,7114,3627.15369184528,84,18
26,5540,661.744157280786,60,34
2,9605,476.224473801473,84,82
29,9128,1228.91686001304,71,42
32,3084,467.937727813397,73,41
12,3798,262.7906205793,75,63
75,9117,5833.88318341111,89,14
85,1857,1432.19468150504,88,3
98,3273,3068.90100474463,98,0
92,6975,5920.36508655519,93,1
7,3089,178.267958941335,79,72
97,1535,1414.04483223849,97,0
5,2683,144.939176623669,82,77
24,1945,214.55762745367,89,65
80,4310,3054.06423317768,88,8
21,5387,527.746564425228,87,66
43,1560,364.245458389187,87,44
45,4728,1191.04097119461,92,47
87,3486,2768.91286033001,94,7
63,1519,709.719905400964,78,15
79,8263,5745.02785895541,79,0
66,4644,2367.79614069855,68,2
50,6203,1879.78662723342,64,14
88,3688,2970.42372088841,94,6
69,4676,2587.12662270784,71,2
89,3174,2591.10155939806,89,0
34,4273,701.985853292402,78,44
52,5707,1857.7045080668,82,30
7,4825,278.453513076057,78,71
84,6149,4668.84034881673,85,1
89,2152,1756.78971513063,91,2
82,6376,4683.14516555479,89,7
4,5788,303.209123784571,98,94
50,5312,1609.77374880927,78,28
1,7926,383.878207692671,94,93
58,3689,1473.33691813634,59,1
57,5228,2020.32363099149,78,21
57,3943,1523.74446767396,70,13
43,8629,2014.7910643848,95,52
22,3673,374.326803599169,55,33
54,9304,3247.96696874745,83,29
80,3233,2290.90247467829,80,0
22,5728,583.758216993204,80,58
87,5288,4200.23270379378,88,1
73,9901,6052.38424245912,95,22
94,6492,5663.8625136014,98,4
84,1454,1103.99965314352,92,8
71,7027,4092.16850058644,79,8
64,9275,4464.20355656037,68,4
33,6165,973.365315778399,84,51
22,3791,386.352548991138,77,55
90,6452,5336.67003451541,92,2
86,2156,1687.94871313488,86,0
69,3917,2167.18883258054,93,24
79,4431,3080.74772395394,80,1
96,6698,6052.32115523985,96,0
47,3129,849.498202213878,80,33
23,5355,567.765695208567,74,51
55,1811,654.287613685712,68,13
30,7613,1066.64007636609,74,44
74,6067,3795.78919572817,80,6
57,9767,3774.38808414191,81,24
56,8417,3145.75438591545,82,26
15,4983,386.441274509027,70,55
68,6301,3394.69142367792,78,10
32,8131,1233.72297822657,86,54
0,2891,186.851612606296,51,51
67,1758,921.675024566165,74,7
66,4429,2258.17594899954,74,8
64,2371,1141.19963693851,75,11
46,8886,2324.16945771484,86,40
53,4366,1472.08006037685,56,3
79,5251,3650.87029981543,84,5
98,5691,5336.11842896476,98,0
0,6056,391.412440658501,78,78
2,5651,280.181624305271,81,79
60,3284,1398.77436595964,94,34
36,6896,1226.22365031065,72,36
8,4946,295.569252253796,57,49
77,8786,5868.60497655769,98,21
66,2122,1081.92579900136,76,10
12,4284,296.417856388026,42,30
15,6800,527.353133987836,77,62
72,2309,1378.12309945252,78,6
25,3155,362.14186056137,75,50
4,8537,447.217741836365,82,78
17,2861,239.667222814023,72,55
72,9958,5943.41698759126,77,5
47,1568,425.699322809639,77,30
78,6973,4753.60026356242,90,12
83,5083,3797.17663572427,94,11
34,2484,408.081642775176,85,51
62,7730,3503.93686979192,76,14
9,3587,222.146991968963,71,62
97,2078,1914.25743413133,99,2
20,9586,902.871064301415,89,69
26,5979,714.182006567116,86,60
27,4585,569.95526297073,71,44
92,8660,7350.58948380903,95,3
0,9053,585.115063619784,8,8
88,7586,6109.98762111158,92,4
33,5390,851.003901386143,86,53
29,3618,487.096976284748,88,59
42,3992,897.03485842318,81,39
73,9971,6095.17455626299,94,21
69,7512,4156.22223904647,78,9
46,7794,2038.55241429546,88,42
91,3922,3286.20193353977,91,0
90,1178,974.364119754983,95,5
34,9279,1524.39193370002,62,28
8,7914,472.934707306216,40,32
6,5290,295.166253429729,35,29
18,4683,407.850296766998,65,47
82,7199,5287.63520182386,84,2
18,3101,270.071272747056,89,71
8,7061,421.960066753752,81,73
73,1404,858.251436866236,82,9
18,6579,572.976105579774,50,32
12,4457,308.388045266441,66,54
41,7467,1614.42584064985,90,49
64,4047,1947.88482947707,75,11
58,9197,3673.15793876386,79,21
16,3125,251.852728353683,83,67
97,2191,2018.35324262836,97,0
91,1923,1611.26117241126,96,5
44,7244,1757.10187990209,74,30
30,6259,876.934222773595,72,42
81,3396,2450.8270748989,85,4
95,7614,6749.46355077016,98,3
31,4829,704.098141197013,75,44
36,6884,1224.08985045513,94,58
67,2080,1090.49149664256,86,19
9,4720,292.314971311265,50,41
18,1984,172.789875888474,52,34
62,7454,3378.82864520426,89,27
47,5284,1434.56327916207,77,30
41,7888,1705.449448379,64,23
62,6010,2724.27691946306,82,20
77,9327,6229.96569728586,87,10
68,4502,2425.47227255959,73,5
77,5279,3526.10581279855,84,7
62,3104,1407.01423594232,90,28
23,4087,433.325564204932,82,59
64,9975,4801.12457969701,70,6
61,6187,2719.31493083886,73,12
22,1685,171.723567673455,84,62
97,7453,6865.71735157881,98,1
37,2119,391.937175277596,86,49
68,1226,660.512884530889,90,22
53,8641,2913.47773745221,55,2
1,7556,365.95807940018,80,79
98,5061,4745.40421173619,98,0
80,8765,6210.8754069147,88,8
51,1353,425.026921241935,88,37
40,5413,1125.83736479457,67,27
79,3542,2462.65141914802,87,8
94,9741,8498.4110820997,99,5
7,8537,492.675158783482,84,77
85,9471,7304.42424799906,87,2
63,7355,3436.46471640822,71,8
34,6739,1107.11038271413,88,54
60,3646,1552.96325770063,84,24
47,9539,2589.76137773032,83,36
61,8562,3763.17673150837,85,24
63,9328,4358.30630518775,83,20
16,7288,587.360858957325,82,66
72,9698,5788.23638739306,88,16
12,5998,415.012675680528,74,62
39,3729,745.966549374747,67,28
50,8099,2454.35948637167,71,21
96,7869,7110.43821597229,97,1
83,3612,2698.28880744365,86,3
33,5233,826.215847115712,75,42
96,7813,7059.8365461166,98,2
38,4931,948.576644464334,86,48
38,9011,1733.44638881933,86,48
27,1285,159.736644038689,78,51
71,7556,4400.23127798935,71,0
94,5016,4376.14515838334,98,4
44,6290,1525.70000339373,89,45
40,5300,1102.33475584911,80,40
24,1955,215.660751502275,92,68
84,6687,5077.3354061697,86,2
46,1420,371.406778072819,58,12
78,6694,4563.40171580193,84,6
97,1511,1391.93598795593,98,1
21,6324,619.54135389366,89,68
37,6375,1179.14086474501,75,38
45,7989,2012.52671718988,85,40
15,9434,731.624921476653,74,59
41,2767,598.247797117735,72,31
75,6977,4464.51716251611,90,15
1,2577,124.811271918246,80,79
75,3196,2045.09056204694,80,5
29,5569,749.763145641172,79,50
43,5479,1279.29542725279,71,28
29,7937,1068.57067461914,69,40
55,8725,3152.21393120256,88,33
55,3666,1324.47177900156,93,38
79,9993,6947.84743973635,92,13
1,1295,62.7204490237206,63,62
14,3481,259.824717020579,88,74
23,9581,1015.82878166074,60,37
52,9426,3068.28853916903,71,19
93,9130,7853.20780391728,95,2
67,5112,2680.09256290229,76,9
1,7930,384.071938809347,74,73
39,6830,1366.30505020904,86,47
92,9814,8330.10221640899,92,0
55,9236,3336.8307012707,85,30
41,7407,1601.45335498774,66,25
19,8807,797.597846408461,76,57
69,5846,3234.46155610565,74,5
34,9918,1629.36945774726,83,49
41,9867,2133.32526713433,71,30
54,4708,1643.53272666197,73,19
92,6197,5260.000350019,98,6
94,8762,7644.29503145032,98,4
30,8728,1222.86018475283,34,4
99,9210,8771.42857142857,99,0
66,4866,2480.98536189474,74,8
45,6751,1700.65939013004,83,38
56,8366,3126.69373797893,84,28
48,7473,2105.28875315546,87,39
68,9362,5043.81861743734,71,3
5,9639,520.711413893234,76,71
33,7083,1118.30438469723,88,55
95,6567,5821.34582846174,98,3
72,6762,4035.88930207794,93,21
66,4907,2501.88967752106,86,20
77,1837,1227.02337149288,84,7
26,1993,238.060668855705,98,72
9,6831,423.051603607468,82,73
94,5580,4868.1997575317,95,1
25,9741,1118.1058205161,69,44
39,1285,257.05739231605,87,48
38,5151,990.898052248182,60,22
94,8409,7336.32468836633,97,3
90,1101,910.674784253172,92,2
57,1546,597.440767695649,87,30
46,2500,653.885172663414,93,47
8,8265,493.910204180677,75,67
86,4793,3752.47596570291,92,6
32,3116,472.793112797193,94,62
15,8647,670.591551410708,74,59
64,5449,2622.68950724501,90,26
23,8591,910.863695151596,60,37
62,8963,4062.8442644172,75,13
61,8601,3780.31804107726,83,22
1,3412,165.252642524274,69,68
85,1463,1128.32569684538,91,6
70,2963,1682.43927782635,84,14
44,1635,396.584977034776,90,46
97,2573,2370.25234745905,97,0
19,9489,859.362548492096,86,67
23,5132,544.122044409031,46,23
59,4094,1688.9927709717,83,24
23,8863,939.702587606634,89,66
57,9623,3718.74030241606,93,36
12,2538,175.608898112234,81,69
95,3886,3444.76167038256,98,3
97,6798,6262.33014303405,97,0
41,9157,1979.81752013267,59,18
90,8729,7220.05467006897,99,9
91,9548,8000.16727726612,93,2
39,3142,628.540332028816,91,52
84,4451,3379.57527932725,89,5
94,8078,7047.54796439805,95,1
2,3111,154.246157001185,73,71
42,6974,1567.11450467016,74,32
36,9890,1758.60671426513,66,30
25,5996,688.241710277646,83,58
76,5287,3457.70049671175,87,11
87,8645,6866.68149097905,99,12
24,6378,703.57251820026,90,66
78,8400,5726.40788956322,79,1
98,4682,4390.0380397844,98,0
25,6156,706.607066122279,78,53
66,8557,4362.88362962048,85,19
25,4664,535.350122871071,62,37
25,2439,279.956893156634,58,33
81,3465,2500.62303136769,95,14
71,5303,3088.19831487262,82,11
97,8702,8016.29845611684,98,1
94,4291,3743.62816479723,95,1
54,6657,2323.91617701545,92,38
32,7257,1101.11027585662,55,23
42,2744,616.599111100503,62,20
87,9834,7811.09841322012,91,4
60,4222,1798.3024887581,63,3
93,5034,4330.01621959689,93,0
1,7129,345.277282695061,83,82
99,3571,3400.95238095238,99,0
18,8080,703.700704223222,78,60
59,8167,3369.32192489641,77,18
49,4788,1399.23669662356,69,20
71,3583,2086.55752634143,85,14
3,5694,289.836127240142,72,69
9,8793,544.56049634321,76,67
14,7584,566.076028119525,61,47
18,6083,529.778636607656,83,65
97,7363,6782.80918551923,99,2
12,4172,288.668369946509,90,78
41,9204,1989.97930056799,82,41
78,5027,3426.98243581361,81,3
25,6030,692.14434839463,84,59
66,5792,2953.11697823558,76,10
14,5973,445.829656640022,73,59
19,6655,602.703947751596,76,57
58,4077,1628.29889271939,68,10
88,7036,5667.00143713961,94,6
44,8261,2003.78501240629,45,1
45,4379,1103.12360678113,91,46
79,3211,2232.51657450149,80,1
36,8393,1492.41518228789,70,34
96,3279,2962.90849030031,99,3
59,2698,1113.06851394276,70,11
29,2187,294.439217007945,87,58
88,7741,6234.82918204914,92,4
63,9803,4580.23978449351,88,25
10,7471,479.879330107323,81,71
10,7546,484.696750768285,48,38
63,1131,528.435294936465,70,7
44,1217,295.195056300503,70,26
98,2514,2357.23101922639,98,0
83,4669,3487.90433055216,97,14
8,1832,109.478946649607,22,14
34,2041,335.303797465432,88,54
10,1812,116.388883168849,91,81
10,3784,243.054930414417,53,43
57,7992,3088.45188578501,87,30
24,7309,806.273367125385,81,57
76,7121,4657.13736279258,83,7
91,8423,7057.54178638589,95,4
4,3312,173.501834480736,77,73
83,3225,2409.18643521754,84,1
95,2832,2510.43876750474,96,1
75,2713,1736.0233713496,79,4
1,7651,370.559193421225,93,92
15,1414,109.658431096882,90,75
61,4498,1976.96437027851,79,18
93,3131,2693.14278576835,95,2
44,2563,621.680303449622,71,27
76,4454,2912.91810333916,85,9
42,4948,1111.85583153254,87,45
22,1630,166.118347363639,79,57
55,1180,426.316611899028,86,31
54,1923,671.307016433937,62,8
65,7477,3705.1104432983,87,22
5,6420,346.816814731254,72,67
54,2247,784.413346815942,57,3
32,6903,1047.39757947337,53,21
68,7959,4287.94620553128,73,5
8,8482,506.877961507623,95,87
22,7136,727.251856924495,78,56
49,9733,2844.354797042,72,23
9,8263,511.736993208683,68,59
49,2222,649.35337090592,80,31
88,9873,7952.00471700958,88,0
80,5371,3805.88839823604,80,0
80,9520,6745.86809741334,84,4
41,2107,455.550454834502,50,9
0,1696,109.616165679792,69,69
50,1198,363.047618801489,94,44
3,1802,91.7254480658124,32,29
95,6439,5707.87966947847,95,0
79,6665,4633.9841074595,86,7
62,1731,784.646147685616,80,18
52,9151,2978.77237661106,71,19
36,9210,1637.69138911849,76,40
22,4487,457.284064184446,81,59
95,5173,4585.62844078461,95,0
55,5589,2019.22334229124,87,32
24,4362,481.182710001495,65,41
29,5609,755.148407954989,62,33
96,7114,6428.21927416786,96,0
47,3675,997.732787835091,78,31
20,7210,679.084119926268,69,49
53,7200,2427.61714033745,81,28
89,9935,8110.4580947132,94,5
81,8036,5799.42472729315,82,1
11,1557,103.774865138521,86,75
65,2526,1251.71980470396,82,17
16,6271,505.397907041903,80,64
45,1287,324.211025788381,76,31
69,9044,5003.84370739301,69,0
74,2881,1802.48371071252,98,24
48,8220,2315.73311266397,63,15
46,8294,2169.32944882814,68,22
87,8366,6645.07314673577,98,11
81,9391,6777.30184345569,91,10
95,1745,1546.86287051404,97,2
43,6328,1477.52901326075,69,26
8,5186,309.911472338898,73,65
76,1516,991.46471590978,89,13
65,8743,4332.45694874375,67,2
72,3500,2088.96961805276,88,16
88,3096,2493.60950104949,93,5
97,1144,1053.85491080185,98,1
95,5811,5151.18632696683,96,1
46,7637,1997.4884254522,85,39
89,5621,4588.71514347085,90,1
60,2939,1251.82638902417,89,29
6,2044,114.049115691941,89,83
21,2595,254.223563148964,71,50
45,1541,388.196729401628,72,27
84,4585,3481.31940141888,89,5
28,8055,1042.04430268542,62,34
96,5434,4910.16917849707,98,2
16,8315,670.129739603479,81,65
31,8152,1188.61214475835,82,51
13,9661,694.17375081571,96,83
31,1004,146.389425090454,50,19
89,4306,3515.21213445748,92,3
33,2972,469.236288482304,68,35
82,3658,2686.78560470505,90,8
72,1946,1161.46710763734,91,19
31,6287,916.683581218808,72,41
42,8498,1909.56969611227,42,0
79,3337,2320.12077518265,84,5
7,4226,243.884880053765,82,75
79,1184,823.201377829264,88,9
3,4841,246.41670038102,77,74
2,9708,481.331305743332,52,50
35,3180,543.535310064472,78,43
83,3214,2400.96905512843,88,5
80,3916,2774.8759946923,89,9
59,9187,3790.12618146483,71,12
70,8278,4700.3821605962,91,21
66,7426,3786.23043514803,81,15
79,8706,6053.03310420741,92,13
17,2410,201.886755323941,79,62
83,4114,3073.30015332867,85,2
63,7391,3453.28493799771,68,5
13,5796,416.461138570319,70,57
88,5450,4389.59036844953,96,8
64,4640,2233.30506764853,87,23
14,2681,200.112055826536,51,37
98,5760,5400.81570037551,99,1
41,2934,634.354548877281,97,56
67,7935,4160.12020473977,68,1
27,4785,594.81699745146,78,51
27,3273,406.862284777143,67,40
65,4496,2227.92250275099,87,22
77,4602,3073.90394970618,81,4
13,5126,368.319495567884,95,82
10,1149,73.8028845259421,83,73
92,5067,4300.85876610397,92,0
66,2319,1182.36848627906,81,15
55,3786,1367.8260107201,65,10
11,7392,492.68066994473,45,34
7,1335,77.043614498764,91,84
42,1565,351.668224807685,84,42
49,6883,2011.47581095655,91,42
9,1777,110.051632207652,59,50
70,6820,3872.50620140929,90,20
66,4067,2073.60613785982,70,4
79,5501,3824.68815830978,86,7
20,1738,163.696005607747,88,68
41,2999,648.408075011235,76,35
86,1025,802.480255548817,91,5
89,7365,6012.433202573,91,2
92,9749,8274.93035538733,94,2
44,8770,2127.24785846788,82,38
15,5348,414.747729495139,36,21
30,7931,1111.19433149343,66,36
18,2352,204.839610932304,61,43
8,8458,505.443739499112,83,75
54,7227,2522.89953602083,61,7
31,8608,1255.09977209027,84,53
40,2835,589.645100534382,96,56
76,5695,3724.53268938404,83,7
82,9166,6732.38842338068,92,10
63,2808,1311.97728398019,81,18
40,9429,1961.1159269625,43,3
11,1842,122.770264344994,72,61
91,6290,5270.32385567699,93,2
47,5748,1560.5355277486,72,25
87,1479,1174.76251303158,90,3
16,9609,774.416917360173,81,65
63,1349,630.291081228374,73,10
56,8419,3146.50186230512,70,14
15,2115,164.022335056511,66,51
64,5903,2841.20685653648,69,5
77,6453,4310.27861526597,96,19
30,6745,945.026574949337,80,50
54,2851,995.265888639185,77,23
87,3015,2394.7998490806,93,6
7,6084,351.111124052794,90,83
80,1037,734.817774896811,81,1
82,5579,4097.75201986044,83,1
65,8547,4235.33221330354,78,13
46,2821,737.844028833396,77,31
20,4344,409.145827594966,90,70
52,5782,1882.11800694625,67,15
34,4078,669.950458630099,89,55
61,8524,3746.47494269766,75,14
76,7235,4731.69341662748,84,8
95,4195,3718.6760698031,96,1
47,1304,354.025457234547,77,30
31,7090,1033.76596005111,76,45
13,5770,414.592955409031,69,56
32,4898,743.177364082366,64,32
27,4351,540.867033628276,76,49
77,9117,6089.69628628232,79,2
10,3628,233.034695439615,72,62
66,7259,3701.08358857252,92,26
95,2634,2334.9208028275,97,2
55,5829,2105.93180572833,85,30
31,8768,1278.42876413655,70,39
96,8110,7328.20611660126,97,1
63,8260,3859.30639803289,86,23
43,9967,2327.20159215707,73,30
53,5522,1861.84747901992,64,11
47,4539,1232.30180244448,87,40
5,6405,346.006495070667,67,62
14,9103,679.455443561714,69,55
38,1115,214.492589449956,85,47
1,8667,419.766897056823,69,68
0,8499,549.308839689003,36,36
93,5964,5129.95962131026,93,0
25,9584,1100.08481509356,70,45
5,3584,193.612377569597,87,82
70,6565,3727.71308097536,78,8
21,2852,279.401002736356,72,51
98,4864,4560.68881365043,99,1
8,1963,117.307408446058,84,76
21,4733,463.676348510229,54,33
60,3051,1299.53123950757,63,3
75,3457,2212.10202534301,80,5
43,1332,311.009583701537,50,7
64,1596,768.179932751521,80,16
28,4637,599.870817076633,93,65
55,6182,2233.46550403372,75,20
66,5607,2858.79262723876,98,32
18,2883,251.085288400439,45,27
67,5396,2828.98659417464,82,15
74,2711,1696.12403323209,81,7
86,5965,4670.04363351092,92,6
93,2762,2375.74588766917,94,1
8,5240,313.138471858046,16,8
12,5027,347.827395906304,47,35
90,5282,4368.9229885788,90,0
95,7809,6922.32215234623,96,1
43,6988,1631.63286104079,59,16
73,3377,2064.32699593823,94,21
90,2813,2326.72858138435,92,2
98,4552,4268.14462988009,98,0
77,1716,1146.2014727718,92,15
96,8531,7708.62224176638,97,1
7,4878,281.512173426944,68,61
2,6185,306.657820974712,72,70
34,6714,1103.00328083435,83,49
84,8648,6566.29229737634,93,9
88,6504,5238.51298282491,88,0
94,4029,3515.0496098737,94,0
35,8049,1375.75965745564,53,18
53,1306,440.342775733433,91,38
61,3443,1513.26997040216,80,19
9,9955,616.524478687212,56,47
36,6933,1232.80286653187,65,29
51,3209,1008.06458999658,69,18
15,8328,645.852485272161,77,62
93,3262,2805.82298536453,97,4
70,2413,1370.14039061592,70,0
62,8790,3984.42497871552,81,19
73,9289,5678.27464177384,94,21
31,4772,695.787187780523,77,46
78,8439,5752.9947833362,91,13
30,4792,671.396196761634,88,58
23,1903,201.76622184536,90,67
86,8634,6759.6239282034,86,0
23,7266,770.380119773192,43,20
85,6611,5098.67476544417,86,1
70,8297,4711.17066760892,91,21
15,5741,445.225638562377,83,68
47,6799,1845.87353047368,72,25
91,5333,4468.46377143488,96,5
37,2911,538.428087415329,70,33
54,8145,2843.36747210318,89,35
79,4591,3191.99115339033,83,4
20,4314,406.320234862957,69,49
25,4237,486.337579460705,44,19
16,2866,230.97917422773,23,7
62,9982,4524.74745592017,76,14
47,5119,1389.76711317764,57,10
2,5262,260.894657068543,83,81
23,6684,708.673371946603,75,52
91,7377,6181.10955219859,92,1
46,8972,2346.66310765446,56,10
72,4706,2808.76886358752,80,8
36,3427,609.377675408151,87,51
50,9978,3023.78058464212,83,33
81,4960,3579.53542152489,86,5
11,8267,550.999878034779,93,82
17,4322,362.055832576794,89,72
99,3260,3104.7619047619,99,0
96,4494,4060.78400591936,96,0
24,5540,611.130722927163,51,27
58,9414,3759.82481630129,63,5
20,1604,151.075024738105,68,48
36,6708,1192.7941192407,89,53
92,2702,2293.45182277737,97,5
46,2038,533.047192755215,73,27
63,8448,3947.14533300022,71,8
36,5293,941.183552942908,82,46
8,3450,206.169413723332,30,22
58,2129,850.293927544662,65,7
92,7203,6113.89099906194,94,2
86,9811,7681.10613384336,86,0
38,7299,1404.10888824684,96,58
22,4445,453.003714129677,55,33
68,9634,5190.35981204779,69,1
8,8665,517.813904322512,83,75
5,6647,359.079652261472,78,73
13,7915,568.718066215334,72,59
94,8252,7199.35204285871,95,1
83,9027,6743.48091494845,85,2
30,5726,802.256807733121,63,33
26,6355,759.094606411444,85,59
31,1848,269.44985813462,93,62
28,8198,1060.54366150404,85,57
84,8081,6135.77798971996,90,6
12,6903,477.631293801714,85,73
4,8911,466.810038362873,78,74
23,6396,678.138074053033,85,62
83,5425,4052.66245304036,84,1
63,2860,1336.27315960945,79,16
32,4616,700.389283912659,66,34
78,7875,5368.50739646552,88,10
70,6970,3957.67862519395,79,9
37,5300,980.305346376244,70,33
51,3141,986.703296098239,71,20
45,5151,1297.59983981037,59,14
75,6408,4100.41937471739,84,9
51,1995,626.702666576246,93,42
63,5680,2653.85718411947,66,3
71,3451,2009.68741931462,75,4
42,4949,1112.08053966341,89,47
83,4882,3647.02269045955,92,9
81,5584,4029.86407132963,83,2
2,6336,314.144535763262,8,6
51,4104,1289.21691409971,70,19
20,6455,607.97336950403,69,49
21,7164,701.833374334943,92,71
99,9585,9128.57142857143,99,0
98,5914,5545.21250903138,99,1
83,7609,5684.18591800629,95,12
88,2507,2019.21156948678,88,0
89,7069,5770.79298153272,94,5
29,2594,349.234261051032,49,20
33,5911,933.262348996937,81,48
45,7951,2002.95405286979,83,38
56,1534,573.314390874932,68,12
14,5857,437.171320766885,94,80
29,3475,467.844663512852,38,9
85,9809,7565.103732301,85,0
20,7426,699.428387596736,82,62
67,7560,3963.51717048931,80,13
32,5812,881.859297682056,80,48
99,1040,990.47619047619,99,0
94,2411,2103.44616763601,99,5
29,1400,188.484180983595,84,55
83,6572,4909.5110859689,87,4
89,5873,4794.43587219433,89,0
87,8243,6547.37484443496,94,7
42,3506,787.826706821561,64,22
33,9724,1535.28050780684,79,46
25,3352,384.754204945075,69,44
67,9333,4893.05631642549,70,3
41,8192,1771.17670906704,86,45
80,9306,6594.22778513956,81,1
4,9552,500.389348719803,81,77
9,1612,99.8329944393557,86,77
91,9572,8020.27662107156,92,1
89,4567,3728.28003206393,98,9
22,3883,395.728553873012,94,72
68,1750,942.82018591277,82,14
89,5794,4729.94405644371,90,1
88,3500,2819.00298891254,88,0
18,2092,182.195776390468,82,64
85,6819,5259.09290962998,98,13
21,9775,957.624404539931,81,60
43,5318,1241.7034280216,89,46
14,3709,276.842825460881,86,72
55,2597,938.257831442183,90,35
79,5052,3512.51128445392,87,8
85,3224,2486.48123488005,88,3
34,5527,907.998083582285,89,55
32,9404,1426.87626211322,65,33
48,2340,659.223294845948,85,37
82,8354,6135.9778408163,82,0
2,5341,264.811547587056,75,73
52,5791,1885.04762681178,65,13
32,6514,988.374305764094,87,55
5,1325,71.5782366851888,86,81
32,3608,547.444656923066,85,53
86,3550,2779.32186068127,93,7
60,5347,2277.48067441724,70,10
83,8404,6278.07838808317,88,5
74,2153,1347.0140330316,90,16
42,7635,1715.64657917359,86,44
66,6293,3208.5575179621,85,19
61,4834,2124.64334502587,87,26
63,3350,1565.2150645775,70,7
77,5385,3596.90846787653,82,5
44,3372,817.911035205667,85,41
56,6979,2608.31886174455,91,35
82,1835,1347.79977710054,82,0
88,3241,2610.39676773301,97,9
92,8367,7101.89171028062,93,1
81,2071,1494.60037459235,91,10
4,9783,512.490473044999,60,56
62,6119,2773.6856023618,66,4
56,9243,3454.4621348481,68,12
37,4413,816.242923312899,80,43
7,1677,96.7806303478856,86,79
30,4872,682.604814403731,99,69
39,6041,1208.46981088036,81,42
8,5506,329.034432452366,53,45
96,1071,967.756935990129,97,1
45,3190,803.599978449833,77,32
74,3426,2143.46032381155,92,18
65,5575,2762.60408203665,68,3
3,2694,137.130053878634,72,69
50,2800,848.525319402479,86,36
17,2005,167.959727976972,82,65
86,3933,3079.17545860829,96,10
37,8898,1645.80320227468,75,38
7,1614,93.1448642704158,83,76
5,9545,515.633410686888,73,68
52,5105,1661.74549039443,86,34
18,5389,469.337016715215,58,40
14,3353,250.270691229532,69,55
88,9347,7528.34883924729,91,3
54,1803,629.41578295912,69,15
44,2110,511.800796050996,78,34
62,6183,2802.69620516474,85,23
39,1660,332.074141046415,69,30
40,4693,976.086228150919,64,24
77,2958,1975.79484642131,85,8
44,5885,1427.46335770621,86,42
63,6143,2870.1839228954,76,13
16,2538,204.544711859727,58,42
80,6467,4582.51354894665,80,0
50,9162,2776.49606298768,79,29
3,3280,166.958640208582,95,92
1,8013,388.091859480365,78,77
53,4043,1363.17445810893,79,26
70,7712,4378.99821484874,84,14
88,8633,6953.27222950913,95,7
77,8457,5648.84956598548,80,3
27,8107,1007.77040717638,62,35
90,5579,4614.58185408578,92,2
48,6187,1742.99766034696,72,24
90,5646,4669.99984731463,93,3
55,1414,510.857363750191,72,17
44,2336,566.619269940818,50,6
49,3323,971.107673951563,85,36
43,8575,2002.18256774826,68,25
9,5808,359.696049444031,86,77
87,8181,6498.12854571424,89,2
73,2320,1418.19325749976,76,3
19,6756,611.85091976105,79,60
77,8619,5757.05739733107,81,4
57,7074,2733.69727728268,84,27
95,6420,5691.03703650439,95,0
4,4072,213.315057368827,17,13
11,1887,125.76953790391,75,64
1,5511,266.913045999787,76,75
39,7180,1436.32068235738,89,50
53,2341,789.312739656942,76,23
8,1028,61.4325093645173,84,76
96,2029,1833.40693102145,96,0
18,3450,300.466266035905,86,68
44,3548,860.601528146414,77,33
95,4282,3795.79759973704,97,2
45,7083,1784.29424682137,60,15
45,7546,1900.92960419512,87,42
62,3383,1533.48233253636,75,13
67,2798,1466.92077288745,71,4
13,4285,307.890955620051,43,30
86,1620,1268.31025755033,94,8
32,4483,680.209090073754,79,47
97,2113,1946.49949871005,99,2
5,1514,81.7882644085855,84,79
53,4367,1472.41722942412,79,26
9,1469,90.9768417068322,70,61
81,1849,1334.38729725797,98,17
42,2346,527.165275015226,56,14
91,7693,6445.88257897028,92,1
6,4133,230.609097433851,75,69
26,1020,121.837371918123,77,51
73,7230,4419.6281257428,84,11
86,7159,5604.83526777949,88,2
15,5747,445.69095015119,89,74
70,6616,3756.67170506215,78,8
28,6665,862.225360322571,91,63
98,7710,7229.21684894014,98,0
9,9567,592.495197147218,76,67
61,8827,3879.64973242518,86,25
90,8289,6856.11561005862,90,0
85,4293,3310.93794706578,86,1
58,4959,1980.55781432315,80,22
52,7017,2284.12695516116,86,34
53,2255,760.3162015918,86,33
74,7501,4692.9643575337,96,22
69,4904,2713.27394306229,79,10
70,6052,3436.42339163182,82,12
49,2659,777.061482105689,86,37
26,7076,845.216905581019,84,58
59,6485,2675.40745475122,77,18
72,7770,4637.51255207714,88,16
28,7585,981.24221426057,86,58
34,9529,1565.46295249785,46,12
5,9077,490.351437276572,67,62
76,6566,4294.16710070159,80,4
2,1768,87.6590181864659,65,63
14,9844,734.764295992696,65,51
67,3937,2064.06972225085,78,11
75,9842,6297.80391478909,76,1
0,7015,453.394694719185,73,73
93,9037,7773.21346374595,96,3
74,7060,4417.05484124623,88,14
0,1804,116.596440381099,93,93
86,5549,4344.35408589306,89,3
22,6979,711.251500767383,67,45
12,2341,161.978104996351,80,68
5,8580,463.502845855788,34,29
74,5012,3135.73355018783,77,3
49,9670,2825.9437878759,98,49
29,2443,328.904895816373,87,58
93,5225,4494.30567091652,96,3
3,9298,473.287023371767,85,82
68,3167,1706.23515930614,70,2
38,4631,890.865633849996,91,53
91,4792,4015.16564648714,92,1
69,4169,2306.61481823545,78,9
77,9262,6186.54897483239,85,8
64,7634,3674.36441517864,80,16
39,4974,995.022155159558,67,28
18,2346,204.317060904416,67,49
45,5932,1494.34328281016,77,32
72,9917,5918.94620063693,81,9
47,5302,1439.4501336331,95,48
42,6038,1356.78769417815,89,47
98,8595,8059.02967790408,98,0
98,1242,1164.55088539347,98,0
78,4190,2856.38679253213,86,8
86,2904,2273.56357279392,86,0
16,9023,727.18949373929,92,76
46,2832,740.721123593115,87,41
56,8119,3034.380403855,61,5
60,9482,4038.7267168177,89,29
86,1104,864.329953293555,91,5
30,4518,633.00668133745,79,49
16,3627,292.310350636419,98,82
92,5333,4526.63899736184,94,2
60,5970,2542.83890523114,91,31
39,1155,231.051586089523,77,38
12,5045,349.072849084405,97,85
99,3786,3605.71428571429,99,0
50,6029,1827.0568395277,97,47
87,5894,4681.57555903187,93,6
93,8371,7200.35076961573,93,0
74,3375,2111.55242056742,85,11
59,8869,3658.93426618174,70,11
5,4276,230.995124578013,91,86
46,9824,2569.50717449815,87,41
12,6941,480.260583844372,72,60
76,4120,2694.48194561233,91,15
81,7539,5440.74950461212,97,16
26,7068,844.261318350288,73,47
68,6150,3313.33951049345,79,11
45,5435,1369.14290999211,68,23
29,6932,933.265958984486,65,36
34,7157,1175.7811261441,79,45
37,3500,647.371455154123,68,31
81,4542,3277.87296059799,86,5
93,8582,7381.84330484317,98,5
29,9657,1300.13695411327,90,61
2,8721,432.39496470824,74,72
15,2642,204.892202940568,86,71
77,2436,1627.12516764108,91,14
93,7883,6780.59552226506,96,3
6,7746,432.203742734723,40,34
61,5799,2548.78087666632,83,22
69,6134,3393.80553971127,86,17
99,6799,6475.23809523809,99,0
40,2025,421.175071810273,77,37
29,6098,820.983239741402,80,51
75,8039,5144.08104765185,92,17
52,4630,1507.12666415793,61,9
37,9422,1742.7239572749,73,36
12,1230,85.1059671702316,91,79
34,9483,1557.90588503905,89,55
27,9512,1182.42409190351,80,53
41,5142,1111.742021243,87,46
3,2646,134.68675670485,79,76
66,4210,2146.51631187358,90,24
23,7879,835.373653136937,77,54
16,7236,583.17002955752,79,63
27,2065,256.697408513535,53,26
17,4230,354.348952290569,84,67
2,3281,162.674908749884,66,64
95,5160,4574.10453401288,98,3
91,6476,5426.17127016918,91,0
34,5921,972.726009207655,68,34
66,3264,1664.18746839795,91,25
74,2754,1723.02677518302,77,3
93,2527,2173.60965175235,94,1
42,3262,732.997922889883,77,35
81,8526,6153.04818627444,83,2
37,6142,1136.04442215904,72,35
62,5924,2685.29392194661,72,10
63,6517,3044.9273360751,75,12
17,8916,746.897224260688,58,41
78,6510,4437.9661144115,85,7
84,9108,6915.56316425806,87,3
77,3457,2309.10168494878,81,4
52,9659,3144.13314235452,99,47
86,8878,6950.65337440234,97,11
85,8072,6225.45798013392,94,9
73,4630,2830.27361302755,76,3
86,5448,4265.28042168776,89,3
44,5418,1314.18801564185,68,24
46,2720,711.427067857794,62,16
28,8203,1061.19049223196,92,64
47,3804,1032.75524487747,92,45
81,4279,3088.07098159375,87,6
57,9724,3757.77103820989,81,24
40,8347,1736.07324661746,70,30
36,9705,1725.71063315906,82,46
69,4216,2332.61887111554,88,19
23,3395,359.956028988438,78,55
16,3589,289.247821459638,62,46
97,2304,2122.4490511254,98,1
62,6693,3033.87444625062,85,23
62,9885,4480.77826104697,78,16
39,6627,1325.69598356301,90,51
35,2710,463.201474929157,63,28
7,6225,359.248314797607,93,86
8,7924,473.532299809762,57,49
40,7800,1622.30398030624,90,50
3,7022,357.434015714836,91,88
52,3122,1016.25258002183,76,24
74,1238,774.548710122214,82,8
19,1443,130.683966432089,31,12
96,7414,6699.29964839479,96,0
60,3445,1467.35008852953,81,21
79,1763,1225.76353810219,83,4
24,1783,196.687017866269,94,70
1,6440,311.907097847692,85,84
53,8907,3003.16470402579,74,21
8,5817,347.619559312643,84,76
66,5483,2795.56981900305,67,1
70,2864,1626.22547812847,79,9
83,5057,3777.75373733182,85,2
72,8455,5046.35374875318,72,0
54,3566,1244.86782142663,74,20
61,7106,3123.23450760319,63,2
88,9436,7600.03205810821,92,4
6,2846,158.798328404728,86,80
46,8239,2154.94397502955,72,26
80,9294,6585.72459005878,97,17
72,1092,651.758520832462,82,10
16,1716,138.297370193574,38,22
60,3174,1351.9213878063,97,37
1,5007,242.502925298663,33,32
91,5244,4393.89162148969,91,0
81,2911,2100.81201856027,81,0
56,2369,885.38578356109,89,33
36,8353,1485.3025161028,80,44
43,5049,1178.89443551731,61,18
17,1468,122.975002828027,81,64
93,4221,3630.71085874423,98,5
2,4361,216.22227280044,96,94
72,3692,2203.56452281452,85,13
77,9688,6471.09549429671,97,20
65,4460,2210.08326562932,69,4
85,8488,6546.29426850554,85,0
93,6900,5935.06394819598,94,1
0,8670,560.360941299406,91,91
37,9056,1675.02739939307,79,42
93,5177,4453.01826953776,96,3
71,7337,4272.69678224032,76,5
34,7308,1200.58802149798,83,49
10,3321,213.31538686741,91,81
12,5943,411.207124302997,86,74
44,8633,2094.01719066742,82,38
48,7654,2156.27995673115,62,14
23,2896,307.049384374231,93,70
55,9380,3388.85577933295,81,26
47,9399,2551.75250962232,63,16
17,5803,486.11985109744,62,45
13,9420,676.857129974535,84,71
65,4115,2039.12390987997,95,30
58,3112,1242.8908889239,65,7
86,6517,5102.2086101577,94,8
29,5016,675.311894152652,67,38
11,2872,191.420303582422,79,68
28,6810,880.983451432364,87,59
87,1920,1525.04667006128,92,5
44,2881,698.814262285743,50,6
25,7018,805.550420735243,58,33
89,8292,6769.19159752007,90,1
77,9645,6442.3736625198,81,4
90,4047,3347.41221786793,92,2
73,3396,2075.941509685,76,3
18,1667,145.181816081697,19,1
21,2505,245.406560958826,80,59
94,6373,5560.04248293003,94,0
46,3875,1013.52201762829,70,24
74,3999,2501.95500143678,93,19
14,9680,722.523200447917,91,77
35,2232,381.500255366007,83,48
43,9113,2127.80055275683,68,25
95,8717,7727.22271763377,95,0
26,3550,424.041833636605,78,52
53,4887,1647.74513400405,72,19
76,8484,5548.54000645025,97,21
35,9677,1654.02238852009,75,40
23,6816,722.668716814489,81,58
17,8080,676.865138181512,84,67
55,7941,2868.96628397473,79,24
21,5764,564.680006932804,80,59
84,6581,4996.85124988826,94,10
88,1213,976.985893014546,88,0
93,4516,3884.4563463845,93,0
5,4444,240.070704776588,81,76
63,4605,2151.58667832221,79,16
23,3223,341.719670524222,83,60
80,1666,1180.52691704734,84,4
27,1687,209.708730344956,81,54
51,2029,637.383313525415,75,24
93,3112,2676.79985605592,93,0
16,7259,585.023665638203,60,44
16,9842,793.195056786223,68,52
22,8688,885.420982757849,76,54
10,8340,535.697177499005,73,63
90,4019,3324.25245950363,97,7
81,2742,1978.84800923815,89,8
57,2549,985.043025133382,76,19
65,5207,2580.247435904,82,17
80,8619,6107.4198667653,81,1
87,1840,1461.50305880873,91,4
72,7102,4238.81777926021,77,5
42,7666,1722.61253123049,87,45
96,4389,3965.90587493994,98,2
29,9860,1327.46716035589,83,54
22,1384,141.04772561428,88,66
21,2637,258.338164171028,85,64
62,5999,2719.2907221063,69,7
4,3319,173.868535217863,75,71
57,2000,772.885857303556,71,14
37,8898,1645.80320227468,71,34
57,4886,1888.16014939259,67,10
60,6269,2670.19381857521,74,14
40,6375,1325.92152236567,77,37
90,4520,3738.64670737905,94,4
17,2439,204.31609802286,77,60
89,7631,6229.58286067,91,2
80,2029,1437.74856824072,95,15
98,7032,6593.49583420843,99,1
13,4004,287.700206838433,75,62
40,3892,809.488088634855,71,31
8,4583,273.876644375081,71,63
26,9589,1145.3907444342,90,64
14,1410,105.2435653545,80,66
74,2567,1606.03112995454,82,8
65,1149,569.36898480002,89,24
51,6254,1964.61076529716,78,27
50,5532,1676.44359533376,84,34
65,8019,3973.69006885236,70,5
57,1062,410.402390228188,82,25
75,2101,1344.41028500019,77,2
38,1591,306.060726291372,66,28
67,7419,3889.59442961114,74,7
74,9363,5857.91564852527,81,7
91,8231,6896.66703594234,92,1
37,8731,1614.91433570019,73,36
19,8509,770.609750776609,83,64
20,7778,732.582008985647,64,44
11,2549,169.892184481753,84,73
56,4412,1648.93291560639,77,21
21,4834,473.570984301384,83,62
69,3045,1684.73065999687,76,7
2,8957,444.09605537114,42,40
88,1844,1485.21186044421,88,0
67,6824,3577.6509486004,75,8
68,9078,4890.8123701235,70,2
84,7196,5463.81121321926,91,7
76,7784,5090.73967588505,94,18
99,3165,3014.28571428571,99,0
35,5862,1001.95093949621,86,51
66,2687,1369.99746555922,78,12
0,3276,211.734999272994,66,66
72,8983,5361.48973684799,88,16
49,6886,2012.35252567874,72,23
70,6487,3683.42342060734,89,19
35,8260,1411.82442173979,93,58
43,2923,682.493253122817,64,21
38,6135,1180.19016706321,82,44
65,7729,3829.98510315,80,15
21,2253,220.718954826441,72,51
74,2940,1839.39677524985,76,2
94,6648,5799.96272187648,95,1
71,3758,2188.46865308152,78,7
25,2561,293.960476988167,44,19
29,2331,313.826161337686,75,46
83,9459,7066.19984208457,92,9
66,4104,2092.47100805919,81,15
85,1712,1320.36472522166,94,9
39,1015,203.045333230187,63,24
8,5421,323.954896172226,49,41
98,9367,8782.88900441274,98,0
31,4028,587.307374765287,77,46
51,4238,1331.31122854643,74,23
11,7590,505.877473603964,82,71
12,8375,579.481687033081,95,83
48,4660,1312.81220255646,90,42
51,1228,385.75983686999,95,44
45,1863,469.31246390346,69,24
40,8776,1825.2999655343,94,54
13,9260,665.36061821276,76,63
74,6265,3919.66693773479,93,19
14,6053,451.800922759426,33,19
57,3124,1207.24770910815,78,21
89,5020,4098.08753250732,92,3
81,3638,2625.47376280394,89,8
28,3822,494.437408425036,80,52
19,4155,376.293749497804,85,66
55,9746,3521.08618607452,81,26
41,9628,2081.65153258025,82,41
11,8688,579.059748441533,79,68
2,5202,257.919803510179,59,57
48,3776,1063.77229117021,54,6
21,9587,939.206666631644,56,35
97,3234,2979.16676707445,97,0
50,4583,1388.8541210077,71,21
6,4289,239.313433073745,76,70
83,1586,1184.79680193954,85,2
54,9326,3255.64702821783,80,26
14,4207,314.013957054172,53,39
50,5202,1576.43882554703,74,24
90,7014,5801.5194702559,91,1
42,3090,694.348124380668,71,29
95,3673,3255.94689019948,95,0
27,1596,198.396641156224,78,51
66,2015,1027.37063383023,78,12
39,4148,829.785263289475,80,41
31,7380,1076.04975813501,81,50
11,4860,323.921544363012,84,73
44,5294,1284.11062288814,96,52
48,5220,1470.57504234865,63,15
59,9001,3713.39128762,70,11
66,5426,2766.50772166889,76,10
37,6620,1224.4568666058,92,55
64,3552,1709.63353454474,76,12
71,8186,4767.11133425368,94,23
82,3350,2460.56090097374,93,11
43,1956,456.707767057212,77,34
72,9688,5782.26790277005,91,19
82,8053,5914.89460762433,85,3
42,3905,877.485251037705,79,37
24,7825,863.194568033402,61,37
27,4305,535.148834697708,71,44
31,1294,188.67322317435,63,32
46,8394,2195.48485573468,91,45
89,5251,4286.66486717051,93,4
40,9562,1988.77828970362,75,35
74,5992,3748.86580860445,83,9
63,6964,3253.77842081126,84,21
42,9789,2199.66789306225,85,43
67,4032,2113.87582426096,97,30
44,9735,2361.31789078504,75,31
8,8464,505.80229500124,86,78
31,9990,1456.60394089007,63,32
60,4754,2024.90052855424,79,19
73,3678,2248.32534529488,77,4
5,7564,408.617194178693,85,80
75,9521,6092.39901165484,94,19
49,2516,735.271413681051,86,37
82,3255,2390.78380079687,90,8
86,6012,4706.84028913121,91,5
94,4970,4336.01304568684,96,2
85,7812,6024.93529990166,90,5
5,8795,475.117427657536,65,60
95,2248,1992.74941714359,95,0
5,2271,122.682396612878,92,87
18,6908,601.629265442329,56,38
93,4359,3749.41213770815,98,5
28,1678,217.076392291264,92,64
64,3722,1791.45721159221,78,14
60,8896,3789.12812410992,75,15
51,8002,2513.72167315444,92,41
9,3941,244.070614817308,73,64
40,2978,619.38734017333,74,34
65,6606,3273.50001182674,89,24
1,3345,162.007646319958,64,63
57,6214,2401.35635864215,60,3
75,8162,5222.78759932012,82,7
72,8443,5039.19156720557,75,3
84,3387,2571.69657853997,95,11
13,2258,162.244522238057,79,66
49,6656,1945.13773031044,87,38
23,3087,327.300224296703,31,8
80,5673,4019.88547443549,89,9
90,6743,5577.36609465862,93,3
86,2113,1654.28368778015,94,8
45,6492,1635.41412542204,70,25
75,3556,2275.451201076,95,20
45,1891,476.366006034054,78,33
47,4802,1303.70417610452,80,33
12,9893,684.514905052928,66,54
87,1970,1564.76142709413,87,0
44,5594,1356.87850858259,47,3
8,5233,312.720157105563,80,72
40,2342,487.107169471436,69,29
35,5014,857.00819014568,80,45
59,6997,2886.63468942086,71,12
4,6343,332.283253656795,73,69
42,9712,2182.36536698545,85,43
2,2379,117.952943589142,76,74
21,5472,536.073733160358,94,73
77,2884,1926.36657778197,95,18
43,4893,1142.46988967839,68,25
81,2902,2094.31689380347,81,0
43,6100,1424.2931385731,55,12
74,4231,2647.10467893949,84,10
87,7088,5629.96395697623,90,3
72,3696,2205.95191666372,90,18
64,4650,2238.11822512191,90,26
76,6068,3968.47486552807,89,13
58,8601,3435.12356543525,79,21
5,4831,260.976952019734,75,70
93,8468,7283.78572656863,93,0
46,2907,760.337678773018,85,39
22,1863,189.86409885795,79,57
18,1573,136.99519897811,63,45
18,4901,426.836281113615,88,70
38,1572,302.405695619131,76,38
88,8370,6741.44429062799,95,7
0,5784,373.832489558912,90,90
0,2363,152.725825177681,76,76
15,5146,399.082239338441,65,50
97,4804,4425.45366389167,97,0
71,2522,1468.68492364864,85,14
70,3124,1773.85767935522,97,27
65,3059,1515.8396209776,71,6
63,8440,3943.40750598034,97,34
23,8823,935.461574010305,76,53
96,7599,6866.46587916806,96,0
96,6662,6019.79151033262,97,1
86,2489,1948.65693274244,89,3
23,7608,806.640786021807,72,49
98,5650,5297.67512276417,99,1
37,2617,484.048885182383,78,41
82,1071,786.644992520261,88,6
50,6155,1865.24047890081,82,32
73,2836,1733.61899925402,82,9
25,5940,681.813835732024,69,44
90,5044,4172.06504248229,95,5
67,6766,3547.24301263633,69,2
3,5807,295.588056003425,65,62
89,6296,5139.75280969445,89,0
96,9441,8530.89937692139,96,0
66,1801,918.260303487961,73,7
49,2151,628.604455813967,85,36
95,4303,3814.41314144523,95,0
0,9394,607.154634667431,75,75
81,8094,5841.28219794808,87,6
53,4534,1528.72446031806,78,25
45,6678,1682.2697981467,75,30
40,9750,2027.8799753828,75,35
65,5338,2645.16243765231,72,7
99,8541,8134.28571428571,99,0
47,3858,1047.41580829055,65,18
71,9134,5319.17846653715,81,10
62,7657,3470.84665096982,69,7
78,1927,1313.6652384748,89,11
84,6175,4688.58174564048,86,2
58,6189,2471.80324921273,64,6
13,2052,147.442763344771,92,79
95,3766,3338.38714633575,99,4
40,6429,1337.15285761395,78,38
82,8981,6596.50670198362,87,5
79,2410,1675.60415588558,86,7
86,7201,5637.71738556783,90,4
42,7931,1782.16018591038,82,40
23,6191,656.402879371846,75,52
20,6767,637.359533916929,84,64
16,3616,291.423829032614,95,79
84,5393,4094.82127194156,90,6
92,6554,5563.0211867072,93,1
10,6545,420.400243013308,72,62
73,7564,4623.79905160699,74,1
73,4583,2801.54297375923,78,5
98,1388,1301.44656113215,99,1
80,3866,2739.44601518907,85,5
20,4158,391.627152656508,50,30
49,3890,1136.80675644646,79,30
77,5835,3897.48577716983,83,6
29,5531,744.647146443046,82,53
93,6533,5619.38735848758,94,1
93,7290,6270.52408439836,97,4
7,5832,336.568059742915,79,72
91,4568,3827.47843763632,92,1
25,4641,532.710102968405,78,53
60,2028,863.798542681533,69,9
98,6431,6029.97322380467,98,0
36,3990,709.488451963386,60,24
57,9615,3715.64875898684,62,5
66,2186,1114.55692583269,80,14
98,2124,1991.55078951347,99,1
21,7509,735.63188273047,72,51
56,2887,1078.98216848496,70,14
16,9302,749.674905326707,84,68
77,8024,5359.6273994877,82,5
19,7650,692.815206656606,78,59
53,2005,676.023939774527,65,12
19,4953,448.563884780414,75,56
48,9597,2703.6606669387,54,6
33,3485,550.231650525178,77,44
13,6183,444.268326394114,75,62
50,8479,2569.51649400486,72,22
44,1437,348.558172476436,79,35
46,5130,1341.77237430533,85,39
84,1473,1118.42605851473,85,1
69,5452,3016.47013408964,93,24
50,7918,2399.50838536744,52,2
51,2059,646.807413774682,79,28
17,2753,230.620015521498,60,43
50,9448,2863.16686346951,88,38
73,6360,3887.80565418039,94,21
97,7053,6497.23661353621,98,1
96,8636,7803.5003727458,97,1
94,1899,1656.75830457934,94,0
40,8361,1738.98507427442,90,50
38,2258,434.371539890583,89,51
22,5662,577.031952621425,39,17
61,7154,3144.33150399566,76,15
39,5653,1130.85248152734,66,27
76,5515,3606.81260438156,90,14
7,6550,378.004250911539,69,62
42,2253,506.267418844545,94,52
84,8307,6307.37628518793,84,0
7,1291,74.504349301801,75,68
66,5072,2586.01680138309,86,20
67,3261,1709.65998584202,83,16
22,1896,193.22723104384,72,50
28,1430,184.993588186238,95,67
55,1325,478.702975225604,68,13
47,5708,1549.67585114631,81,34
72,4706,2808.76886358752,81,9
43,8757,2044.67787122699,77,34
7,5459,315.042016141388,62,55
25,2190,251.375808123423,59,34
88,3483,2805.31068868068,90,2
54,4286,1496.21522227553,92,38
1,9681,468.877735134084,72,71
90,1267,1047.97906598435,95,5
36,3407,605.821342315603,63,27
80,5059,3584.80532613594,97,17
31,9050,1319.54611261813,82,51
33,9444,1491.07251292964,54,21
32,3008,456.40618847688,74,42
16,5970,481.139452246876,96,80
83,4045,3021.75476913332,91,8
30,3210,449.745782889158,64,34
34,2575,423.031493617584,75,41
68,1117,601.788655808322,77,9
97,7697,7090.4906017848,97,0
34,1175,193.033788349771,77,43
52,7969,2594.01563427096,56,4
51,5879,1846.80951218133,81,30
91,8244,6907.55959717028,97,6
69,2748,1520.40717690358,83,14
71,1299,756.471735059312,87,16
72,5008,2989.01709920235,72,0
50,5832,1767.35702241259,83,33
73,9408,5751.01817524042,83,10
93,2526,2172.74949755696,93,0
40,9196,1912.6547952431,81,41
36,4719,839.116793186771,74,38
97,8686,8001.55922659514,97,0
24,1172,129.286138496504,70,46
97,5424,4996.5988078577,99,2
31,8199,1195.46503617194,74,43
73,2640,1613.80612060318,84,11
61,9037,3971.94909164227,77,16
96,2882,2604.17879507334,96,0
9,5318,329.34979182909,74,65
92,4395,3730.46660292618,95,3
84,7819,5936.84545249602,94,10
20,6330,596.200066453991,77,57
35,9172,1567.706246513,85,50
74,6349,3972.22113131336,78,4
82,6339,4655.96882127538,82,0
49,1843,538.595077668592,79,30
38,5800,1115.74620521053,57,19
65,7977,3952.87762554374,65,0
75,6110,3909.73195685444,83,8
6,7665,427.684183844778,88,82
82,3766,2766.11115016928,90,8
5,8210,443.514960894641,64,59
86,9573,7494.77413304275,91,5
13,6277,451.022527054157,82,69
84,3305,2509.43525009584,91,7
87,9102,7229.67437025926,87,0
56,7698,2877.03662383,86,30
57,9454,3653.43144747391,74,17
56,3685,1377.22524796227,80,24
16,4194,338.006509668911,87,71
94,9923,8657.19465842063,97,3
24,9221,1017.19068521866,66,42
13,3625,260.467844602727,91,78
47,8372,2272.93031285861,71,24
7,2876,165.975606965128,70,63
31,6073,885.481054356898,70,39
72,7346,4384.4488040616,81,9
68,2030,1093.67141565881,92,24
27,1166,144.943912022655,78,51
56,9111,3405.12869313005,58,2
61,3892,1710.61479082347,76,15
86,2136,1672.2905618071,86,0
53,2607,878.99970623052,88,35
59,6003,2476.556815863,62,3
65,9066,4492.51454847431,70,5
36,5327,947.22931920024,71,35
92,3669,3114.23935520731,92,0
18,7421,646.307292826798,68,50
91,4715,3950.64816844467,96,5
74,8797,5503.8004870316,92,18
10,3211,206.249836564665,71,61
47,3586,973.570007395003,83,36
63,1013,473.302346393138,69,6
57,6133,2370.05448142135,73,16
25,2850,327.132900982537,69,44
76,6050,3956.70285702782,86,10
75,8876,5679.66953339443,85,10
12,6009,415.773785956034,67,55
55,9653,3487.48665649264,63,8
35,9894,1691.11269112512,66,31
34,1685,276.818666697331,71,37
72,4691,2799.816136653,84,12
99,3170,3019.04761904762,99,0
99,6213,5917.14285714286,99,0
62,1964,890.262873515049,68,6
30,7684,1076.58772452345,61,31
82,3316,2435.58804406833,88,6
44,2813,682.320208195001,77,33
47,3876,1052.30266276158,89,42
2,3767,186.771222572634,78,76
0,7011,453.136166026544,40,40
57,4934,1906.70940996787,95,38
47,6502,1765.2404317017,63,16
11,6746,449.624431743391,73,62
27,2760,343.091935834071,64,37
1,2787,134.982155543714,76,75
81,3352,2419.07313164343,89,8
98,5785,5424.25674074172,98,0
71,1499,872.941594190846,74,3
93,8383,7210.67261996042,93,0
41,2609,564.086918207507,82,41
36,4098,728.692650663147,82,46
47,4982,1352.57272081481,50,3
39,5810,1162.25949366245,83,44
5,7001,378.203196251326,79,74
85,4900,3779.08128130033,92,7
8,4730,282.661254177205,62,54
72,2133,1273.07777008758,83,11
59,6457,2663.85596535522,84,25
50,2397,726.398282359908,59,9
59,3164,1305.31830174755,86,27
27,6436,800.050615589884,81,54
58,7456,2977.82598580225,88,30
68,8770,4724.87601740285,84,16
7,5594,322.832943450252,78,71
8,9345,558.450194563633,81,73
45,6976,1757.33963939374,84,39
11,8410,560.530902899781,67,56
23,4127,437.566577801261,65,42
50,9680,2933.47324707714,66,16
21,1353,132.548932925067,64,43
95,9894,8770.57950765957,97,2
11,1477,98.4428232560019,61,50
55,4255,1537.26879968675,65,10
43,4394,1025.95804112954,82,39
65,7438,3685.78460308316,83,18
7,3981,229.745789752494,84,77
70,1989,1129.38633938461,90,20
25,1298,148.98894928959,45,20
56,8131,3038.865262193,78,22
74,5436,3401.00709872727,89,15
97,5350,4928.42987131982,99,2
42,9074,2039.00157949197,67,25
56,1049,392.051366380576,78,22
71,8814,5132.82669192669,85,14
82,7976,5858.3384316915,98,16
18,9373,816.3102352332,61,43
58,3858,1540.8332421171,81,23
90,5927,4902.42456518488,91,1
41,1668,360.635101406716,55,14
8,2301,137.506035065909,93,85
3,6196,315.388943515968,88,85
7,8921,514.83601868425,32,25
91,5521,4625.98696457753,98,7
29,3258,438.629615460395,63,34
57,9803,3788.30002957338,75,18
98,8000,7501.13291718821,98,0
66,5870,2992.88616406126,84,18
66,7491,3819.3714233361,78,12
12,3785,261.891126617339,75,63
11,3832,255.404806172647,91,80
93,1086,934.127456194323,95,2
11,7013,467.420121526298,95,84
81,5755,4153.27144170882,86,5
30,7014,982.715551770889,68,38
61,8147,3580.77561686506,74,13
63,6449,3013.15580640607,89,26
33,5405,853.372186825993,57,24
81,9929,7165.56596780658,90,9
15,3251,252.121329205067,92,77
53,7913,2668.01867104032,79,26
30,4945,692.832678002145,65,35
34,2430,399.210302714846,94,60
98,7998,7499.25763395891,98,0
13,7049,506.493196304724,76,63
62,5956,2699.79922334808,73,11
53,5686,1917.14320277205,84,31
25,2965,340.333000495867,74,49
75,4618,2955.01508621175,77,2
81,9944,7176.39117573458,90,9
69,1968,1088.85055463837,77,8
21,9858,965.755639893057,58,37
55,1308,472.561125732143,90,35
2,8385,415.735784781401,70,68
99,5871,5591.42857142857,99,0
31,2237,326.168470047156,92,61
81,1474,1063.757099058,92,11
58,8889,3550.14688677525,72,14
94,1174,1024.24131099323,96,2
34,5970,980.775928892029,51,17
87,3177,2523.47566186702,94,7
58,2535,1012.44485971147,81,23
99,4312,4106.66666666667,99,0
97,4519,4162.91113803631,98,1
97,7377,6795.70601135072,97,0
4,8340,436.897735377215,80,76
67,3453,1810.32073937825,85,18
8,9276,554.326806289166,81,73
9,6189,383.291813018097,89,80
22,5748,585.796478924046,73,51
53,7554,2546.97498307071,93,40
46,1290,337.404749094322,77,31
76,8666,5667.5680923972,77,1
87,3314,2632.29409613702,91,4
49,7757,2266.89203335609,93,44
20,4638,436.836636368659,74,54
8,9449,564.66515660051,77,69
27,7878,979.303721195946,73,46
40,6450,1341.52059909939,73,33
26,9576,1143.83791518426,76,50
38,2202,423.59881790924,67,29
3,6172,314.167294929076,76,73
74,8735,5465.01048700932,80,6
8,8653,517.096793318257,90,82
35,1483,253.478888309941,78,43
53,4969,1675.39299588011,78,25
5,2352,127.058122780048,89,84
37,5441,1006.38516785531,61,24
50,1052,318.803084289789,69,19
75,1893,1211.31302689451,88,13
43,6203,1448.34267845393,84,41
94,8220,7171.43405141767,94,0
71,4002,2330.56188122199,80,9
74,2388,1494.04064601926,90,16
99,7475,7119.04761904762,99,0
34,9412,1546.24171570046,79,45
28,5718,739.715620453782,92,64
86,5303,4151.75882456134,94,8
30,7329,1026.84948373665,79,49
4,7748,405.885330180175,90,86
83,4348,3248.10623886074,92,9
48,4154,1170.26220802994,93,45
10,8799,565.179791944095,75,65
90,8528,7053.80069038242,91,1
66,4897,2496.79106395366,87,21
45,8955,2255.87392069538,79,34
45,3746,943.663172185916,82,37
24,2524,278.428509867899,68,44
61,6985,3070.05249586381,80,19
76,9916,6485.0686826922,81,5
98,2936,2752.91578060807,98,0
17,8823,739.106573536569,95,78
80,1131,801.426136362867,90,10
94,4359,3802.95389660944,95,1
3,8028,408.641452315395,97,94
55,5835,2108.09951731426,98,43
46,5443,1423.63879792278,83,37
13,3700,265.85683449106,77,64
34,4330,711.350045578306,87,53
76,2584,1689.93722025783,90,14
16,2374,191.327480675726,95,79
51,3678,1155.39469056012,89,38
63,5471,2556.20645322493,68,5
91,2353,1971.55358225882,91,0
15,9955,772.029477771898,74,59
86,3099,2426.23054823979,91,5
40,2906,604.412226508964,84,44
31,8181,1192.84052456674,76,45
0,4632,299.376226078299,68,68
45,5196,1308.93588966311,67,22
56,4455,1665.00365798424,74,18
0,6277,405.696150926917,83,83
25,1540,176.766550004599,41,16
86,8134,6368.17014500885,92,6
36,2307,410.223022225446,84,48
79,9314,6475.75813606568,88,9
88,8254,6648.01447728118,89,1
36,3978,707.354652107857,87,51
92,2553,2166.98094135848,93,1
33,3645,575.493361883579,88,55
12,2285,158.103361775593,51,39
15,5775,447.862404232316,82,67
41,3787,818.780053373641,89,48
62,3145,1425.59915336295,73,11
16,8516,686.328907091188,73,57
18,5286,460.366574569796,83,65
62,5824,2639.96485506703,67,5
1,6572,318.300224697986,84,83
30,8826,1236.5907413644,62,32
57,3837,1482.78151723687,75,18
29,7645,1029.25825972827,75,46
9,7142,442.312187522257,84,75
2,5502,272.794071302,74,72
29,8719,1173.85255285426,84,55
96,9032,8161.32646672534,99,3
85,2803,2161.78874111935,89,4
98,1925,1804.96010819841,98,0
5,4671,252.333542306805,85,80
96,7027,6349.60596564205,96,0
72,1674,999.124325891522,72,0
89,6665,5440.98673389668,91,2
2,7945,393.920192020063,84,82
4,5682,297.656226908074,55,51
12,7306,505.51560662253,66,54
1,2148,104.033609654789,74,73
36,6432,1143.71672256353,43,7
65,8495,4209.56442635001,74,9
71,6703,3903.48732879336,80,9
26,8169,975.774010979557,52,26
5,9221,498.130506018208,73,68
12,8791,608.265493815858,79,67
20,6397,602.510556888812,75,55
18,1618,140.914324187274,83,65
71,8861,5160.19710882261,80,9
42,6590,1480.82658241702,96,54
82,1427,1048.12549423568,84,2
99,6848,6521.90476190476,99,0
78,1740,1186.18449140953,87,9
77,4127,2756.62790100769,77,0
20,9000,847.677819602831,67,47
21,5068,496.495189995741,70,49
6,6041,337.069817952551,95,89
40,1904,396.008561346548,69,29
29,9864,1328.00568658727,84,55
91,8017,6717.35872034379,95,4
29,5447,733.33809558403,81,52
72,9632,5748.84438888121,77,5
91,8538,7153.89905878698,96,5
14,9950,742.676223600907,73,59
47,6340,1721.25874146244,75,28
51,4240,1331.93950189638,74,23
7,9025,520.837918240708,69,62
5,4737,255.898948813388,18,13
11,5090,339.251164775254,61,50
38,1560,300.097255194557,65,27
47,8639,2345.41865417887,83,36
46,7125,1863.57274209073,59,13
28,3792,490.556424057492,83,55
59,5596,2308.64766642835,96,37
22,9712,989.779993616969,56,34
45,3401,856.753456648238,79,34
75,2307,1476.22776177794,83,8
82,8294,6091.90809333617,87,5
94,9179,8008.1013574164,95,1
56,1244,464.930314373152,76,20
24,2155,237.723232474375,81,57
6,2991,166.888896787962,65,59
17,1879,157.404652802359,90,73
55,9234,3336.10813074206,72,17
6,7839,437.392865904659,84,78
93,3483,2995.91706254588,93,0
17,2621,219.562317719523,76,59
92,1361,1155.2138900074,96,4
6,3909,218.110564207337,88,82
71,9482,5521.83602142602,97,26
98,7789,7303.29053649737,99,1
56,9917,3706.36167816603,69,13
81,3199,2308.65601077785,85,4
59,8199,3382.52362706326,87,28
75,7668,4906.68161131912,85,10
17,2571,215.373795824835,91,74
88,7156,5763.65296818804,93,5
47,4640,1259.72248586526,64,17
48,4463,1257.31348927242,73,25
49,7692,2247.89654770852,90,41
59,3189,1315.6321315654,66,7
78,3873,2640.28306622362,86,8
81,2414,1742.13679587925,81,0
56,4613,1724.05429276797,83,27
40,8370,1740.85696348246,64,24
3,7348,374.028075686787,75,72
6,4311,240.540967587063,87,81
22,8876,904.580644907765,63,41
89,2385,1946.99975399003,90,1
74,7635,4776.80080919475,92,18
65,8515,4219.47511363983,69,4
93,3158,2716.3669490439,97,4
49,6615,1933.15596244044,75,26
38,6707,1290.22582730121,60,22
77,3159,2110.05271123899,81,4
24,7454,822.268665830157,83,59
10,4189,269.069001983613,82,72
31,7227,1053.74140949075,69,38
59,1180,486.812767402689,90,31
21,4623,452.900012500061,92,71
56,2005,749.345080641615,76,20
97,3884,3577.94796639368,97,0
48,6575,1852.3047707744,67,19
36,7521,1337.35905945279,83,47
59,8115,3347.86915887527,79,20
89,8806,7188.79657594811,89,0
33,6663,1051.99239238142,90,57
69,6562,3630.60840423628,75,6
49,1442,421.407543135165,74,25
66,3194,1628.49717342618,89,23
15,1434,111.209469726258,87,72
16,9778,788.03711290954,58,42
98,1191,1116.73116304639,98,0
74,2239,1400.81951693347,77,3
61,3208,1409.98259223065,94,33
98,9740,9132.62932667664,98,0
46,6694,1750.84293832356,81,35
62,7875,3569.66401676732,91,29
57,6565,2536.99782659892,86,29
7,3297,190.271758054251,84,77
81,9504,6858.85174317995,96,15
10,9768,627.420866883727,83,73
13,4549,326.860200026981,75,62
96,6698,6052.32115523985,97,1
7,7349,424.114998465481,79,72
1,5999,290.548242234208,59,58
67,4275,2241.27459045526,83,16
58,4900,1956.99400890974,76,18
19,1207,109.310843716931,57,38
93,5814,5000.93649200165,97,4
95,5940,5265.53894031715,97,2
39,9170,1834.40956228652,85,46
79,3904,2714.33967824784,80,1
93,6268,5391.44649670904,94,1
75,5195,3324.23199932223,85,10
99,9235,8795.2380952381,99,0
19,1127,102.06571737281,87,68
34,4105,674.386128660264,77,43
49,9965,2912.15406889176,78,29
72,9400,5610.37554562742,76,4
75,5028,3217.3702584393,82,7
0,1035,66.8942992208634,96,96
59,6945,2865.18192339972,72,13
77,2680,1790.10486423567,88,11
29,7913,1065.33951723085,96,67
79,2353,1635.97368414887,82,3
61,2481,1090.45100103624,68,7
90,1260,1042.18912639328,92,2
55,2939,1061.81739184004,60,5
22,2107,214.730894414225,57,35
93,2033,1748.69347922934,94,1
23,3219,341.295569164589,87,64
10,4933,316.857814940359,72,62
68,6727,3624.20079464869,93,25
9,8165,505.667741685694,81,72
92,7708,6542.53391930716,92,0
36,4094,727.981384044637,69,33
39,8601,1720.58414887965,76,37
57,8258,3191.24570480638,95,38
29,2413,324.865949081011,53,24
30,4289,600.922013336947,90,60
9,9579,593.238370803095,92,83
24,9725,1072.78813726835,60,36
37,1319,243.966556956654,91,54
53,5745,1937.03617656093,86,33
3,1362,69.3285573061246,59,56
73,2151,1314.88521417327,76,3
50,7263,2201.01406957865,72,22
19,8554,774.685134345177,53,34
92,3160,2682.20124351461,97,5
59,9449,3898.21511795594,87,28
15,2534,196.516594341938,89,74
59,8450,3486.07447843451,84,25
90,2346,1940.456897237,94,4
84,7433,5643.76163811267,94,10
18,1154,100.503788697227,83,65
65,1411,699.19898829663,70,5
56,5361,2003.61046250359,73,17
29,3149,423.954775655243,68,39
47,8997,2442.61275976934,61,14
85,6741,5198.9361055603,88,3
37,7700,1424.21720133907,80,43
69,1082,598.646493962764,73,4
56,4374,1634.73086420271,79,23
19,6606,598.266307865822,95,76
5,9022,487.380265187753,75,70
90,4438,3670.82170074076,90,0
61,2434,1069.79352540194,61,0
60,8941,3808.29525153629,67,7
80,9318,6602.73098022033,98,18
74,7828,4897.55032539313,74,0
65,4253,2107.50765217971,77,12
60,8136,3465.41663868686,85,25
5,7853,424.22935297267,73,68
35,5828,996.139555677906,44,9
23,9677,1026.00721429193,76,53
47,2043,554.657982461793,86,39
88,8243,6639.15475360174,89,1
9,7430,460.148355263283,95,86
36,3982,708.065918726367,84,48
29,7034,946.99837788472,75,46
41,2207,477.171264271356,85,44
0,1776,114.786739532612,0,0
74,9086,5684.61193874833,84,10
6,4942,275.748889309966,67,61
10,6833,438.899138351403,70,60
63,7080,3307.97691259962,90,27
16,7652,616.696664755962,86,70
91,4361,3654.03534731436,96,5
95,5903,5232.74012873605,98,3
62,1294,586.558125421829,86,24
65,3290,1630.30805917499,94,29
50,1615,489.417282441073,89,39
31,3795,553.334530097881,89,58
51,6371,2001.3647562693,85,34
14,2988,223.02678955975,72,58
26,4163,497.26370519132,77,51
93,6375,5483.48299561585,94,1
17,5304,444.318402588458,88,71
21,5862,574.280742650954,86,65
88,6713,5406.84773273425,91,3
85,7722,5955.52360289819,87,2
16,1807,145.631321643234,77,61
68,3277,1765.49814242066,85,17
20,5266,495.985710892056,90,70
99,6451,6143.80952380952,99,0
88,7337,5909.43569418609,94,6
25,3288,377.408062607221,40,15
0,5704,368.661915706092,53,53
72,3045,1817.4035677059,73,1
27,3147,391.199392054283,54,27
99,3704,3527.61904761905,99,0
28,9956,1287.96934544209,66,38
51,3649,1146.28472698582,70,19
62,4393,1991.30590802017,80,18
43,8904,2079.00100095982,70,27
94,4501,3926.83998362907,95,1
85,5398,4163.15933805289,92,7
64,6364,3063.09341605932,84,20
68,4577,2465.87885195586,93,25
89,5062,4132.3743206279,93,4
35,3791,647.969295740381,79,44
79,5343,3714.83527174135,84,5
57,2955,1141.938854166,67,10
57,3636,1405.10648857786,91,34
44,2980,722.827664564913,54,10
95,4144,3673.46689708321,95,0
37,7732,1430.13602607191,85,48
74,7275,4551.56855100089,74,0
5,1550,83.7330315939944,80,75
31,3342,487.284321366829,75,44
44,3898,945.497394789944,79,35
0,1787,115.497693437375,82,82
18,3713,323.371375591686,91,73
64,4927,2371.44268713455,88,24
70,8863,5032.55461335638,79,9
23,6704,710.793878744768,86,63
26,1140,136.171180379079,82,56
94,9080,7921.73007139567,96,2
87,8688,6900.83618202729,88,1
38,2694,518.244875316754,76,38
90,9339,7724.60654871968,91,1
38,8592,1652.84334399464,81,43
0,2944,190.277117783789,80,80
47,9742,2644.87423648693,76,29
46,2821,737.844028833396,77,31
78,5931,4043.25299916661,84,6
12,1491,103.165038252695,41,29
26,3724,444.825855904991,63,37
81,4943,3567.26685253982,96,15
5,4418,238.666150698237,34,29
88,4976,4007.81682080823,93,5
3,9231,469.87658773336,58,55
74,6774,4238.12032501444,81,7
84,8790,6674.11069541374,91,7
52,6072,1976.51686928012,67,15
90,7336,6067.85669144529,90,0
67,6155,3226.91113549758,79,12
39,3789,757.969229171606,74,35
83,7764,5799.97627380744,96,13
72,4768,2845.77346825017,86,14
95,5087,4509.39336521773,95,0
77,5623,3755.88046701387,78,1
28,8151,1054.46345266156,60,32
77,4663,3114.64887385483,89,12
5,3384,182.808115428437,79,74
72,3988,2380.23166765555,90,18
11,7341,489.281493244624,80,69
59,7378,3043.81745584495,78,19
60,3848,1639.00236303675,69,9
19,1527,138.291349093417,83,64
19,7531,682.038081219725,58,39
31,3463,504.926871601834,63,32
19,6575,595.458821407475,53,34
44,3081,747.326186082046,74,30
15,5159,400.090414447536,83,68
69,3188,1763.84937407883,86,17
19,6123,554.523857563189,35,16
66,5885,3000.53408441236,83,17
95,8816,7814.98169997239,95,0
43,6427,1500.64459042776,77,34
3,3445,175.357474243465,52,49
47,3117,846.240299233192,92,45
63,4685,2188.96494852108,68,5
66,6066,3092.81898998222,98,32
31,6705,977.630572939734,80,49
32,2246,340.787333550223,81,49
39,3803,760.769854457539,92,53
47,1833,497.644680299788,66,19
48,3908,1100.95924626409,78,30
79,2339,1626.23988407318,90,11
41,5218,1128.17383641501,86,45
1,1484,71.874244286642,79,78
85,4631,3571.61743136772,95,10
88,6166,4966.27783703849,91,3
64,5315,2558.19319710171,92,28
2,9027,447.566717855898,56,54
92,1043,885.296169932196,97,5
91,5763,4828.75618128243,93,2
20,9489,893.734981134585,75,55
49,8432,2464.15284585001,91,42
6,9097,507.585521257135,54,48
7,6177,356.478207310011,77,70
43,5921,1382.49830712973,81,38
83,1381,1031.6547184606,92,9
80,4479,3173.81756389857,84,4
73,4338,2651.77687544568,85,12
22,2500,254.782741355274,96,74
14,5809,433.588561095243,60,46
25,1912,219.466002343372,49,24
79,4942,3436.0314267164,82,3
34,1991,327.089593705868,85,51
41,6318,1366.0027402204,55,14
81,6609,4769.58661307621,84,3
64,2669,1284.63172964524,93,29
2,2366,117.308391984829,93,91
13,5610,403.096443647255,96,83
56,3244,1212.4067040406,72,16
81,9898,7143.19387142205,86,5
96,8673,7836.93361890045,97,1
13,5788,415.88631298223,59,46
88,3579,2882.63191351942,90,2
71,4924,2867.48793181836,83,12
5,5380,290.634651597219,81,76
7,2799,161.531892870442,72,65
23,1607,170.382721232524,85,62
16,4778,385.072747543647,90,74
70,8918,5063.78450207742,94,24
99,2062,1963.80952380952,99,0
2,7863,389.854558823632,89,87
70,6914,3925.88092031434,79,9
74,7502,4693.59000269535,85,11
64,5330,2565.41293331178,95,31
18,3909,340.441343169378,79,61
83,7765,5800.723308361,88,5
59,5666,2337.52638991834,92,33
77,6161,4115.23733901342,88,11
67,3965,2078.74941547488,85,18
94,1231,1073.97023324759,96,2
95,3252,2882.74960166858,98,3
81,4636,3345.71093028012,92,11
58,6072,2425.07502491836,94,36
35,2223,379.961947884692,53,18
4,7905,414.109903855741,17,13
59,4323,1783.46745210324,86,27
4,2814,147.413696325118,71,67
11,8917,594.322718330243,58,47
1,4364,211.360648293063,88,87
3,8625,439.029960914335,62,59
24,9329,1029.10442494359,82,58
3,9141,465.295405532515,89,86
2,8025,397.886663431215,90,88
40,2604,541.599944194543,69,29
99,6386,6081.90476190476,99,0
73,2585,1580.18515975728,97,24
19,6316,572.002724868382,77,58
29,5411,728.491359501595,57,28
42,4714,1059.27412890954,69,27
60,6912,2944.07077268972,81,21
34,5627,924.426491101415,85,51
44,1572,381.303721038941,66,22
4,4310,225.782882431151,83,79
59,7328,3023.18979620924,80,21
59,8707,3592.10064896204,83,24
52,7989,2600.52590063881,85,33
17,3217,269.489498704199,58,41
61,6421,2822.16278825219,87,26
81,3090,2229.99283316772,86,5
5,1444,78.0067726591793,81,76
84,8506,6458.47389933894,87,3
94,4906,4280.17706280476,97,3
6,4883,272.45686493334,85,79
38,5197,999.747073875713,78,40
63,8646,4039.65655174242,81,18
60,3300,1405.58934460013,79,19
47,4261,1156.82705005859,88,41
38,4599,884.7097927178,70,32
48,7314,2060.49537542874,87,39
49,7370,2153.7958341929,53,4
60,3986,1697.78155381094,70,10
54,7942,2772.50146880828,67,13
31,7500,1093.54650216972,71,40
71,9067,5280.16106372808,83,12
23,3331,353.170407234311,61,38
96,2353,2126.17373518653,97,1
2,4200,208.239749085496,73,71
83,7712,5761.13047702254,87,4
77,2181,1456.79802570821,95,18
67,6577,3448.1550833741,77,10
94,9086,7926.96469479087,96,2
51,8764,2753.09381948582,83,32
28,6215,804.010594809419,86,58
13,8720,626.559891016767,51,38
1,4276,207.0985637262,63,62
81,1757,1267.99268863291,84,3
5,8857,478.466748921296,86,81
93,5626,4839.2275032682,96,3
78,5949,4055.52387321567,87,9
54,5494,1917.92030592202,74,20
7,3610,208.335167296283,67,60
97,8695,8009.8500432011,97,0
97,5820,5361.39473851988,97,0
10,4663,299.515100560895,84,74
88,1268,1021.28451141174,98,10
26,5263,628.656949416747,79,53
19,7665,694.173667846129,56,37
73,6468,3953.82499547779,80,7
34,4789,786.75643609111,67,33
86,7805,6110.59355566684,89,3
21,7621,746.604152122641,76,55
47,2180,591.852374824625,72,25
45,4745,1195.32347891676,67,22
95,6410,5682.17249283382,98,3
75,1893,1211.31302689451,95,20
79,2013,1399.58139659654,79,0
46,2774,725.550987587324,82,36
92,2846,2415.67871488689,96,4
89,6640,5420.57793144395,97,8
62,7461,3382.00167988583,80,18
36,9772,1737.6243490191,79,43
77,2939,1963.10380447337,77,0
10,9773,627.742028261125,54,44
84,7547,5730.32007033987,86,2
67,6578,3448.6793581321,93,26
50,6778,2054.03736246786,78,28
62,8481,3844.3581620576,86,24
6,6740,376.071937262075,79,73
24,1120,123.549893443758,82,58
84,6308,4789.56658323889,92,8
35,5551,948.793869864114,80,45
20,3599,338.976941416732,88,68
23,8710,923.480710600675,55,32
73,3499,2138.90439999641,82,9
91,3929,3292.06715881636,93,2
73,5755,3517.97508487549,78,5
70,7152,4061.02116605267,86,16
68,1898,1022.55583592139,74,6
80,5489,3889.50314986364,81,1
42,5325,1196.5707968696,87,45
24,5217,575.499816157221,76,52
35,8863,1514.89102298787,84,49
43,8217,1918.59290486151,83,40
43,4080,952.641968094797,68,25
51,4574,1436.86115133822,93,42
0,5214,336.992150857567,87,87
99,9146,8710.47619047619,99,0
6,6116,341.2545947025,71,65
22,1277,130.143024284274,81,59
67,9787,5131.07705655805,68,1
11,8383,558.731338764431,65,54
42,7527,1691.3781010399,94,52
36,5025,893.52868950276,36,0
30,4282,599.941259293263,62,32
43,2857,667.082868344813,71,28
86,5878,4601.93067523507,87,1
81,5056,3648.81675226408,83,2
67,5848,3065.9587847912,90,23
35,9353,1598.64331919277,85,50
50,9727,2947.71635065283,83,33
97,5787,5330.99507763137,97,0
81,5389,3889.13636826565,84,3
70,7467,4239.88325600046,70,0
38,4107,790.063735310286,80,42
73,4304,2630.99300874094,87,14
50,8484,2571.03171778951,61,11
34,1509,247.904669463664,75,41
78,9034,6158.61534218026,80,2
73,9347,5713.72947321133,79,6
32,2327,353.077526790459,97,65
64,2245,1080.55385277391,74,10
9,1943,120.332201113938,81,72
68,7346,3957.68976326583,71,3
9,5209,322.599297788216,84,75
25,4222,484.61582735027,74,49
43,4667,1089.70099634765,64,21
14,9631,718.865799949782,56,42
34,3919,643.829290674684,76,42
81,1940,1400.06022535449,85,4
30,7340,1028.39066866244,94,64
45,8228,2072.73373751888,92,47
28,6565,849.288745764092,89,61
29,3889,523.582128460858,66,37
78,7482,5100.59331306096,79,1
90,6488,5366.44686669807,94,4
3,6414,326.485584846904,84,81
9,5885,364.464747069236,89,80
6,6429,358.71906300562,95,89
10,1957,125.702563113376,80,70
62,9192,4166.64782757145,79,17
51,6808,2138.64248323362,78,27
52,5188,1688.76309582102,75,23
23,7344,778.650096286034,92,69
14,9138,682.067872488953,69,55
68,4391,2365.67053505313,76,8
72,9676,5775.10572122244,83,11
81,9956,7185.05134207697,88,7
68,2723,1467.02820928027,71,3
99,8644,8232.38095238095,99,0
19,4098,371.131596977617,90,71
35,2171,371.073949103764,83,48
54,8542,2981.95763618236,79,25
45,3958,997.068562603272,86,41
21,7015,687.236337375715,85,64
63,7946,3712.59668750234,70,7
76,3293,2153.62355507316,90,14
13,5987,430.185099485939,64,51
37,2417,447.056230602147,63,26
3,9858,501.792157065915,72,69
11,8636,575.593921217896,48,37
92,8671,7359.92626028962,97,5
52,8919,2903.25328674396,83,31
29,6692,900.954385101584,87,58
54,9804,3422.51377489252,65,11
45,3026,762.286374542067,94,49
94,9542,8324.79607282572,94,0
34,5469,898.46960722119,80,46
43,7672,1791.34048510375,82,39
63,2154,1006.40992510446,65,2
27,9340,1161.04300025008,57,30
77,5873,3922.86786106571,77,0
41,7104,1535.94230239407,81,40
53,2729,920.134329997349,79,26
48,4451,1253.93285699116,85,37
56,1628,608.445781189302,93,37
82,6519,4788.17806371576,89,7
42,5784,1299.71182893779,61,19
74,8761,5481.27726121221,89,15
3,6900,351.223968731468,64,61
38,9248,1779.03808720466,85,47
67,7606,3987.63380935737,68,1
88,2589,2085.25678236988,90,2
64,9239,4446.87618965621,69,5
91,4703,3940.59349654195,95,4
41,4232,914.992655367638,66,25
31,7017,1023.12210742999,91,60
94,5063,4417.14970831237,97,3
49,4002,1169.53743940841,89,40
45,2907,732.308820487042,65,20
71,3665,2134.31016858536,74,3
44,7864,1907.48884367063,93,49
24,9504,1048.40909579418,80,56
26,1455,173.797427589087,79,53
73,1665,1017.79817833496,83,10
80,8909,6312.91374788398,92,12
35,8183,1398.66334662188,53,18
76,4226,2763.80599566935,79,3
62,3730,1690.77419460852,90,28
61,2527,1110.66895591236,83,22
8,7067,422.318622255879,66,58
91,6734,5642.34671607772,95,4
33,9262,1462.33731625945,84,51
61,3269,1436.79335847943,98,37
31,2056,299.777547794794,77,46
53,5673,1912.76000515755,73,20
30,2991,419.062192093916,73,43
54,7013,2448.19350299074,79,25
76,1582,1034.62874707736,81,5
58,8091,3231.43643389566,72,14
20,7045,663.543359900216,41,21
67,7623,3996.54648024339,71,4
30,9256,1296.83706119067,38,8
10,3584,230.208475318517,91,81
76,3597,2352.4396986329,88,12
0,7525,486.357103030915,98,98
75,9815,6280.52686686191,80,5
72,8582,5122.15350346538,80,8
63,8938,4176.08723796828,66,3
14,3050,227.654520802288,82,68
55,4679,1690.45375175894,66,11
46,7189,1880.31220251091,79,33
85,4848,3738.97674525387,92,7
66,5778,2945.97891924122,92,26
57,6295,2432.65823586294,81,24
48,2698,760.078824570243,92,44
20,5089,479.314713773201,90,70
99,4972,4735.2380952381,99,0
7,1633,94.2413651509226,76,69
53,5932,2000.08678840025,83,30
71,6136,3573.29527815546,96,25
31,9107,1327.85706603462,64,33
15,5425,420.719228218236,83,68
80,2713,1922.43068784479,93,13
60,9265,3946.29856900612,75,15
39,5945,1189.26552320538,93,54
50,1879,569.421098270449,89,39
26,6255,747.149766027314,73,47
11,8170,544.534777252225,57,46
99,6185,5890.47619047619,99,0
51,8875,2787.96299040811,72,21
26,5888,703.312201817558,86,60
21,5671,555.569104669662,80,59
36,5800,1031.33659683901,84,48
63,7167,3348.62578144089,87,24
87,9276,7367.88172473356,92,5
51,6848,2151.20795023265,68,17
80,2866,2030.84642512465,82,2
42,2583,580.42110203083,55,13
63,8379,3914.9065749537,64,1
42,4713,1059.04942077867,91,49
32,2824,428.487724820049,71,39
62,3191,1446.45052412756,81,19
19,1867,169.083136055932,85,66
17,8818,738.687721347101,74,57
86,4178,3270.98781237362,94,8
7,6173,356.247365019378,69,62
80,9676,6856.40963346339,90,10
57,2981,1151.98637031095,65,8
58,2750,1098.31296418404,76,18
61,8666,3808.88689035874,83,22
7,3860,222.762810460846,71,64
84,8273,6281.56061241842,86,2
21,7726,756.890654677801,71,50
10,9126,586.18374602589,69,59
22,9113,928.734048788245,56,34
40,1575,327.58061140799,58,18
80,3036,2151.3083554356,81,1
96,3956,3574.64653480574,97,1
28,5439,703.622465835628,58,30
84,8726,6625.51648784759,96,12
28,7048,911.772594081542,82,54
4,4938,258.681177133416,87,83
98,8836,8285.00130703438,98,0
80,2225,1576.63408789335,86,6
33,1737,274.247453934644,72,39
21,1791,175.458343583736,73,52
8,1298,77.5675069602563,97,89
17,4764,399.082366125832,70,53
89,2896,2364.15567612375,92,3
83,9670,7223.82413288485,83,0
93,9908,8522.40776793127,97,4
5,2097,113.282688550069,71,66
25,2802,321.623294229147,73,48
89,6298,5141.38551389066,91,2
56,6980,2608.69259993939,70,14
70,7494,4255.2142922817,99,29
50,3092,937.014388425881,82,32
96,1230,1111.4295343304,98,2
84,3914,2971.83950646751,87,3
9,4184,259.119881348799,90,81
83,8221,6141.37106478245,94,11
68,3299,1777.35073904356,75,7
50,6327,1917.36417709267,72,22
50,9224,2795.28483791731,83,33
89,8072,6589.59413593608,91,2
5,3370,182.051817078556,85,80
49,1615,471.964758781756,65,16
42,5317,1194.77313182266,61,19
0,7391,477.696391827441,77,77
81,9530,6877.61543692181,83,2
78,5262,3587.18551367639,89,11
18,1123,97.80394688647,83,65
27,3744,465.411669479261,81,54
89,4922,4018.08502689264,91,2
98,6921,6489.41761498245,98,0
15,2093,162.316192564197,77,62
38,3529,678.873854859995,87,49
71,7098,4133.51530057813,85,14
85,7824,6034.19019283546,89,4
86,6595,5163.27540033605,88,2
15,4537,351.853113073943,77,62
68,1180,635.730182501182,92,24
55,6209,2243.2202061704,70,15
93,1207,1038.2061138366,95,2
40,8224,1710.49076077416,82,42
87,4387,3484.57278206189,93,6
47,9838,2670.93746033241,86,39
38,5999,1154.02784225138,65,27
76,8774,5738.20014339869,83,7
62,3750,1699.84000798444,84,22
80,4534,3212.79054135211,83,3
7,3629,209.43166817679,81,74
85,8801,6787.69272586207,98,13
49,7224,2111.12905104607,64,15
60,1764,751.351395113523,85,25
28,9063,1172.44537743488,76,48
91,5558,4656.98886961092,91,0
1,6283,304.303151518175,57,56
65,1863,923.180521046507,96,31
38,9077,1746.14281115448,96,58
5,6676,360.64627027194,61,56
50,5655,1713.71810043608,73,23
86,7900,6184.96977447381,92,6
59,8856,3653.57107467645,72,13
94,6805,5936.93536738409,95,1
53,9100,3068.23833014873,56,3
56,3220,1203.43698736459,88,32
22,2349,239.393863777416,78,56
63,7225,3375.72502733506,74,11
64,8147,3921.27939356306,79,15
93,1340,1152.60662182357,98,5
12,3633,251.373966446708,64,52
23,3034,321.680881281567,88,65
73,1799,1099.71106475951,75,2
75,2803,1793.61353110687,88,13
36,7726,1373.81147365141,71,35
8,8903,532.036605906904,81,73
21,8590,841.533875703121,93,72
69,7197,3981.93975697783,82,13
91,5728,4799.43005489949,91,0
83,6275,4687.64182356282,89,6
14,6004,448.143522261291,82,68
25,6711,770.311894208352,92,67
43,3810,889.599484912053,72,29
91,8638,7237.68799130967,95,4
65,3946,1955.37860228101,96,31
40,8579,1784.32639064708,78,38
81,8325,6007.99040003925,86,5
40,7702,1601.92118670752,64,24
92,1018,864.076223385403,92,0
68,4210,2268.15599011015,81,13
9,4118,255.032426241481,91,82
82,3124,2294.56485213193,87,5
98,5626,5275.17172401261,98,0
37,6528,1207.44024549889,79,42
90,4472,3698.94426446883,97,7
16,4449,358.557692302571,97,81
44,1667,404.346884842185,68,24
59,8017,3307.43894598929,71,12
59,9824,4052.92256522374,74,15
21,2588,253.537796311953,75,54
53,4301,1450.16407230436,69,16
12,2812,194.56746315666,64,52
57,5592,2160.98885702074,86,29
14,9989,745.587215834116,74,60
13,6923,497.439693292326,85,72
78,8148,5554.61565287633,82,4
11,5712,380.707790411837,86,75
74,8966,5609.53451935038,75,1
53,5182,1747.21000294843,64,11
64,5725,2755.53265351031,79,15
45,9697,2442.79278715612,84,39
22,4335,441.793273510045,85,63
14,6254,466.803728884429,71,57
65,6557,3249.21882796669,88,23
86,7175,5617.36178884172,98,12
30,5146,720.994329827915,82,52
31,1638,238.830556073868,76,45
54,4215,1471.42957580293,71,17
4,4454,233.326440452052,94,90
93,2838,2441.11760651887,97,4
96,8530,7707.71864051895,97,1
48,1724,485.684171074536,86,38
32,2800,424.846186082202,51,19
12,9600,664.241694987173,97,85
19,8568,775.953031455399,72,53
3,7421,377.743923471917,78,75
23,6087,645.37624402139,58,35
20,6485,610.79896223604,66,46
29,9838,1324.50526608329,55,26
86,6959,5448.25375450167,87,1
45,1409,354.944316500255,99,54
35,2987,510.547160742949,72,37
15,9658,748.996554125664,35,20
78,1889,1287.76005992678,78,0
90,2735,2262.21211165525,90,0
75,5737,3671.05273919376,86,11
59,5857,2416.32404972674,86,27
1,7269,352.057871778707,52,51
0,6240,403.304760519988,71,71
92,8170,6934.67853149189,92,0
99,7219,6875.23809523809,99,0
8,9245,552.474269528174,86,78
28,4322,559.120481217427,85,57
87,5197,4127.951845994,88,1
87,2481,1970.64624396981,97,10
86,2290,1792.85832703102,92,6
84,7155,5432.68054899719,87,3
28,6597,853.428462422805,81,53
87,9767,7757.88063879611,96,9
64,1986,955.893074213359,80,16
94,3650,3184.39589874386,97,3
28,1810,234.152723508455,75,47
17,7033,589.157489706754,80,63
5,4341,234.50650977389,91,86
23,7954,843.325553630054,81,58
68,3324,1790.81959884231,73,5
17,6071,508.570328452965,98,81
73,2419,1478.71098702238,97,24
60,3776,1608.33495915457,80,20
8,4694,280.50992116444,76,68
12,2133,147.586201604963,71,59
82,5329,3914.12807202658,86,4
14,2355,175.779146389963,84,70
34,7836,1287.33001319898,89,55
29,9874,1329.35200216573,52,23
60,9126,3887.0934420669,81,21
6,7363,410.833482798317,63,57
86,5526,4326.34721186611,87,1
56,9951,3719.06877679038,65,9
76,3641,2381.21571941129,79,3
69,9971,5516.73215462358,89,20
59,3293,1358.53766360767,65,6
14,9723,725.732755987097,93,79
67,4410,2312.05168278543,85,18
32,7614,1155.2781645821,93,61
82,6892,5062.14499388388,83,1
49,8016,2342.58173770561,75,26
3,9956,506.780555462391,90,87
33,4480,707.327918035236,95,62
84,3633,2758.48056387237,89,5
70,5562,3158.19347393526,77,7
28,3837,496.377900608808,75,47
85,5344,4121.5123198508,95,10
0,8507,549.825897074285,85,85
82,2518,1849.46040258265,84,2
99,2141,2039.04761904762,99,0
93,7381,6348.79811617891,93,0
83,8376,6257.16142058361,97,14
38,6868,1321.19740299758,65,27
37,5794,1071.67720318943,90,53
16,3180,256.285336372708,73,57
45,8741,2201.96470584012,66,21
29,1881,253.241960307244,85,56
76,3696,2417.18574538427,88,12
39,7295,1459.3258186347,55,16
90,6361,5261.40081983145,90,0
96,8873,8017.65386838507,96,0
27,2349,292.001071476171,72,45
2,2497,123.803488920591,42,40
0,8175,528.36801558508,83,83
52,1263,411.123321129906,87,35
71,6962,4054.31579636869,76,5
68,8016,4318.65520587244,91,23
75,8169,5227.2668339679,85,10
14,2746,204.963709548552,82,68
47,2615,709.951357874493,76,29
29,6397,861.238075537184,86,57
52,8223,2676.69601714269,58,6
5,6645,358.97160964006,69,64
72,1148,685.182034721307,96,24
32,1526,231.5411714148,98,66
45,5523,1391.31118525969,69,24
59,6429,2652.30447595923,76,17
86,3088,2417.61856500951,96,10
49,1700,496.805009243953,81,32
99,3850,3666.66666666667,99,0
48,7579,2135.15100497326,66,18
14,9080,677.738704552385,94,80
60,6037,2571.37662828817,67,7
11,2511,167.359464587556,82,71
91,2684,2248.89494890891,94,3
94,4546,3966.09965909303,98,4
70,8376,4756.02814413551,79,9
53,6955,2345.01072375653,60,7
31,1580,230.373796457089,87,56
12,2126,147.101858702368,86,74
76,4244,2775.5780041696,80,4
27,9657,1200.44884940204,83,56
62,5616,2545.68039595749,77,15
14,5574,416.047966869493,73,59
79,7588,5275.71964102065,81,2
95,2422,2146.99247701147,95,0
81,3060,2208.34241731173,82,1
8,8682,518.82981157854,86,78
69,7131,3945.42342740154,89,20
96,8864,8009.52145715826,96,0
98,9327,8745.3833398268,99,1
14,3101,231.461202953408,68,54
6,2575,143.677335081579,61,55
14,6826,509.49828163817,91,77
60,1535,653.812013321575,75,15
81,2251,1624.50286972833,91,10
76,4210,2753.34198811357,79,3
21,2625,257.16256387901,88,67
61,7024,3087.1938054327,88,27
31,1704,248.453765292961,82,51
25,9393,1078.16117155402,87,62
49,6373,1862.43430818336,64,15
87,9114,7239.20591194714,91,4
88,7688,6192.14142250275,88,0
66,8457,4311.89749394652,81,15
12,4608,318.836013593843,91,79
81,6286,4536.48380235997,88,7
8,1890,112.944983170173,68,60
66,8467,4316.99610751392,79,13
61,3764,1654.35613377686,88,27
6,2004,111.817234758635,89,83
26,9026,1078.14129307155,84,58
6,2976,166.051941437972,85,79
74,4842,3029.3738727074,89,15
44,9244,2242.22111786512,64,20
96,2319,2095.45129277414,99,3
96,1913,1728.58918632037,96,0
58,1100,439.325185673616,82,24
39,6649,1330.09696615519,70,31
12,3470,240.095696000572,63,51
26,9588,1145.27129603036,76,50
20,9468,891.757066222178,60,40
36,8633,1535.09117939847,77,41
85,5884,4537.98250187166,89,4
15,5460,423.433545819644,75,60
55,9249,3341.52740970687,61,6
98,4210,3947.47119767029,98,0
75,2844,1819.84904832963,91,16
53,4910,1655.50002209124,86,33
80,8870,6285.27836387147,81,1
68,3862,2080.6694617115,78,10
4,9306,487.502437100763,77,73
93,1811,1557.7392478526,98,5
7,9280,535.554114268562,95,88
63,2899,1354.4950663314,83,20
69,3407,1885.0171949456,77,8
86,8965,7018.76633267819,92,6
84,5275,4005.22570174146,96,12
53,4987,1681.46203873096,84,31
29,2582,347.618682356887,53,24
72,2748,1640.13957440257,78,6
96,2006,1812.62410233072,96,0
22,1157,117.913452699221,70,48
63,9480,4429.32501856559,84,21
94,2093,1826.01112769066,97,3
21,6898,675.774234528536,88,67
5,6108,329.962165791044,68,63
72,5410,3228.95018104727,82,10
24,4319,476.439276592494,75,51
84,9595,7285.33471245675,89,5
13,5252,377.372998580282,71,58
23,7759,822.650612347949,59,36
31,1668,243.204742082547,79,48
26,2160,258.008552297202,67,41
66,9026,4602.00860593134,72,6
36,3308,588.217493507489,68,32
71,2777,1617.18399404135,90,19
78,7726,5266.93182794827,82,4
30,3181,445.682658993898,74,44
50,6425,1947.06256327176,51,1
32,6434,976.235843304603,73,41
23,2503,265.381425790297,82,59
8,8682,518.82981157854,22,14
19,9360,847.6797822622,64,45
3,6893,350.867654560291,92,89
88,2901,2336.55076309579,89,1
54,8654,3021.05612075886,66,12
48,3227,909.10836430251,82,34
25,2566,294.534394358312,74,49
92,1183,1004.12787059424,96,4
22,4274,435.576574620977,68,46
22,1941,197.813320388235,90,68
33,4217,665.803979989864,91,58
65,3175,1573.32160725854,92,27
26,2115,252.633374124344,85,59
8,3879,231.80613212545,88,80
85,4103,3164.40214228066,91,6
65,6446,3194.2145135082,81,16
43,5131,1198.04067115059,85,42
47,3481,945.063356314001,89,42
47,1913,519.364033504362,68,21
30,9323,1306.22427846593,66,36
41,7379,1595.39952834542,73,32
19,1060,95.9979240596081,85,66
43,6966,1626.49606611479,79,36
92,7543,6402.48227209833,93,1
81,2151,1552.33481687501,88,7
39,9366,1873.61831628959,65,26
49,4352,1271.82082366452,68,19
90,1389,1148.88944171449,91,1
42,2911,654.12536895538,78,36
70,2736,1553.54500983223,91,21
58,8715,3480.65363013233,90,32
35,5270,900.764491836404,82,47
96,4455,4025.54355726986,96,0
8,9312,556.478139301931,96,88
74,6813,4262.52048631877,83,9
67,7835,4107.69272893965,70,3
13,6272,450.663261061601,85,72
82,1449,1064.28440164506,83,1
5,6649,359.187694882883,67,62
2,1812,89.8405774625997,40,38
75,8503,5440.99031573376,84,9
66,1534,782.127321238497,83,17
78,6041,4118.24167391089,88,10
70,4937,2803.3083748325,80,10
12,7723,534.368605248535,74,62
56,5247,1961.00430829255,70,14
65,8718,4320.06858963148,90,25
63,1112,519.557955764234,73,10
56,9167,3426.05803204074,57,1
52,4406,1434.21168083798,80,28
27,1130,140.468799816123,91,64
19,3658,331.28340208495,93,74
97,9637,8877.62218129143,97,0
45,7460,1879.26515336544,71,26
3,3210,163.395498496813,75,72
42,7544,1695.19813926465,48,6
44,3555,862.299445479284,71,27
9,6089,377.09869921913,74,65
35,2929,500.633623641144,65,30
71,5186,3020.06344728067,89,18
75,9296,5948.42361226168,92,17
12,9586,663.273009181984,71,59
31,8824,1286.59391135275,86,55
71,8007,4662.87081033096,90,19
80,2619,1855.82232637873,85,5
5,2094,113.120624617951,92,87
17,7983,668.739405705818,57,40
71,6488,3778.28223022696,84,13
6,5735,319.995928812759,92,86
59,4379,1806.57043089523,85,26
17,1757,147.184659379321,59,42
38,3517,676.565414435421,79,41
93,7301,6279.98578054766,94,1
66,1230,627.129468789668,96,30
71,1405,818.200760399025,78,7
44,9360,2270.35803366698,79,35
36,5609,997.373615805171,87,51
6,3737,208.513476194121,84,78
45,2960,745.660168091381,48,3
36,2334,415.024071900387,84,48
8,8985,536.936864435981,51,43
80,4033,2857.78214672983,84,4
81,8919,6436.668633988,83,2
98,8792,8243.74507598984,99,1
39,9895,1979.44194316522,93,54
40,2115,439.893963890729,84,44
66,2402,1224.68697888844,83,17
13,2280,163.825292605302,76,63
30,3324,465.718063029147,46,16
39,5492,1098.6452907391,48,9
10,2556,164.177696125594,87,77
59,9948,4104.0791611203,64,5
33,4786,755.640941008178,80,47
86,9201,7203.53251834601,92,6
99,2299,2189.52380952381,99,0
87,7698,6114.48399277695,93,6
44,9996,2424.62595133922,84,40
99,7838,7464.7619047619,99,0
33,2644,417.449780197581,83,50
92,1434,1217.17613392404,94,2
7,3319,191.541390652732,84,77
96,5191,4690.59407537326,99,3
48,7298,2055.9878657204,90,42
59,5862,2418.38681569031,61,2
68,8236,4437.18117210147,79,11
20,3107,292.637220611777,51,31
99,8635,8223.80952380952,99,0
95,6579,5831.98328086642,96,1
53,9459,3189.28201811833,86,33
63,1411,659.259240632495,75,12
85,1665,1284.11639456429,98,13
87,3724,2957.95510380636,89,2
4,3728,195.294335430007,69,65
68,4224,2275.69855159745,76,8
96,1082,977.696549711783,97,1
28,7524,973.350879379898,88,60
61,6545,2876.66336226609,94,33
97,4753,4378.47236979124,98,1
14,8679,647.807733128871,68,54
60,2711,1154.71294339726,81,21
53,4788,1614.36539832441,79,26
67,3226,1691.31036931197,92,25
87,9493,7540.24377025611,91,4
31,8376,1221.27273362315,68,37
41,7846,1696.36870841552,71,30
70,3768,2139.5312854707,85,15
9,4047,250.635315444214,75,66
64,8465,4074.33780121656,79,15
51,2812,883.35233003128,54,3
8,8698,519.785959584214,82,74
65,3002,1487.59416220162,74,9
97,8283,7630.31488301721,99,2
59,6503,2682.83341222007,80,21
75,8125,5199.11164475324,81,6
6,8727,486.940622624054,72,66
50,4341,1315.51728983077,89,39
57,6568,2538.15715538488,83,26
9,5696,352.759761989187,57,48
48,9190,2589.00088873259,66,18
15,6628,514.014201775202,79,64
29,9284,1249.91938303693,81,52
14,7995,596.753407807965,73,59
98,8478,7949.3256089902,99,1
73,6562,4011.28627401442,74,1
61,6132,2695.14128913914,77,16
87,3331,2645.79711352819,91,4
31,8754,1276.3874773325,77,46
51,4201,1319.68817157233,53,2
74,7893,4938.21726090035,84,10
10,5927,380.704696766979,57,47
84,7058,5359.02995315474,89,5
33,4182,660.277980630214,77,44
27,4975,618.435645208153,76,49
42,4789,1076.1272387246,90,48
63,1389,648.980216327807,81,18
38,8237,1584.55198143434,88,50
36,8095,1439.42581920892,75,39
38,6503,1250.98234008346,79,41
49,1260,368.220183321989,85,36
72,5639,3365.62847891415,83,11
8,8083,483.034020616142,33,25
53,2188,737.725875424771,86,33
99,6374,6070.47619047619,99,0
46,7776,2033.84444105228,84,38
33,4029,636.121469143742,91,58
64,3228,1553.68723240721,75,11
46,9509,2487.11764274256,74,28
70,5304,3011.69690502564,85,15
79,1168,812.077034885625,88,9
67,6732,3529.41767086429,92,25
26,2372,283.331613911557,96,70
10,7889,506.728421257752,83,73
78,2409,1642.25197689974,91,13
54,3710,1295.13730159641,97,43
33,6196,978.25977235409,83,50
13,9256,665.073205418715,91,78
28,8956,1158.60319985731,84,56
74,9737,6091.90693898223,75,1
31,8523,1242.70624506567,88,57
98,9222,8646.93097028871,98,0
67,7923,4153.82890764376,68,1
30,2510,351.670378520806,92,62
85,7485,5772.7394674557,88,3
96,7708,6964.95841513717,97,1
4,1986,104.038237704934,77,73
91,7706,6456.77514019823,96,5
76,2014,1317.15695108331,91,15
84,1402,1064.51685949603,90,6
71,1687,982.423261774488,75,4
96,8112,7330.0133190961,99,3
78,5161,3518.33227595664,98,20
43,5853,1366.62094099482,79,36
76,3221,2106.53552107217,88,12
58,7879,3146.76648902038,71,13
11,8087,539.002783799111,85,74
30,2579,361.337811237115,76,46
21,5260,515.304794668034,39,18
27,9292,1155.07618397471,36,9
54,8351,2915.28075623495,91,37
56,8753,3271.33041937958,76,20
18,7193,626.450391767034,84,66
54,3326,1161.085354477,58,4
7,3164,182.596251890704,57,50
65,6079,3012.35340174005,70,5
73,2193,1340.5594024556,88,15
60,7153,3046.72138846203,77,17
81,8916,6434.5035924024,83,2
13,8409,604.213546279816,80,67
70,9997,5676.45813716842,89,19
83,4965,3709.02655840468,95,12
16,1291,104.045399137473,51,35
70,4537,2576.18191140673,89,19
90,9944,8225.02275623392,92,2
65,1255,621.895627436053,79,14
86,4266,3339.88367821586,87,1
24,6650,733.577492322316,84,60
73,3761,2299.06243166233,74,1
28,5170,668.822972673322,88,60
5,8777,474.145044064832,62,57
4,1096,57.4148582701951,67,63
38,5258,1011.48164603396,46,8
87,2417,1919.81135496777,87,0
75,4611,2950.53585156396,86,11
31,7826,1141.07932346404,60,29
30,5599,784.463127226291,90,60
79,8858,6158.71436217198,80,1
16,3131,252.336285592122,92,76
33,3204,505.865769951986,90,57
25,6020,690.996513654341,72,47
4,3597,188.43179306377,78,74
0,9101,588.217407931476,83,83
85,5889,4541.83870726074,86,1
89,1566,1278.40738563874,89,0
11,5666,377.641866329389,69,58
45,9006,2268.72144386182,85,40
45,2457,618.948321959636,71,26
15,5932,460.038057472918,60,45
44,7777,1886.38615681924,84,40
15,5324,412.886483139888,73,58
77,9811,6553.25329217022,91,14
63,6568,3068.75598332688,68,5
16,5747,463.167241551557,82,66
8,9533,569.684933630295,71,63
34,7265,1193.52380626476,85,51
27,8271,1028.15702945058,59,32
35,9826,1679.48992348852,70,35
56,5729,2141.1461182024,84,28
11,6798,453.090258967028,94,83
13,3030,217.715191488624,82,69
50,5128,1554.01351353425,75,25
41,6178,1335.73360700881,83,42
31,7295,1063.65623111042,64,33
52,3539,1151.99163379156,75,23
48,9716,2737.18527039454,83,35
48,8972,2527.58606895634,75,27
38,1354,260.469027906045,79,41
54,7438,2596.55828821405,64,10
28,2870,371.280837828324,85,57
10,6821,438.128351045649,62,52
81,1435,1035.6115584452,81,0
78,6167,4204.13779225433,90,12
57,2531,978.08705241765,89,32
1,7500,363.245843766722,77,76
80,8863,6280.31816674102,87,7
52,9879,3215.7460724009,85,33
60,2728,1161.95385820277,79,19
35,8117,1387.38242509224,65,30
21,4538,444.572843764932,81,60
50,5713,1731.29469633799,96,46
24,3506,386.755291440908,56,32
78,2561,1745.87269109184,78,0
73,3368,2058.82538416345,81,8
92,3220,2733.12911522691,94,2
81,9208,6645.23430673411,92,11
1,4958,240.129719119387,58,57
58,1467,585.900043075631,76,18
57,7458,2882.09136188496,59,2
39,6544,1309.09227651069,68,29
3,4592,233.742096292015,78,75
70,8205,4658.931581021,86,16
7,1430,82.5261189012978,63,56
61,2959,1300.54192344467,78,17
23,8529,904.290124077286,39,16
96,1273,1150.28438796959,99,3
79,1804,1254.26966689526,86,7
98,6784,6360.9607137756,98,0
95,8056,7141.27638100925,95,0
71,5175,3013.65760502844,75,4
86,1237,968.456659623304,91,5
14,2763,206.232603598925,80,66
18,1116,97.1943051872667,60,42
19,4130,374.029647515266,72,53
47,7496,2035.10339526853,97,50
25,9727,1116.4988518797,45,20
14,7983,595.857717890054,74,60
87,8598,6829.34961936817,88,1
31,7573,1104.19035479084,78,47
65,7293,3613.93212023198,69,4
92,3960,3361.23953301198,95,3
12,6036,417.641965723185,77,65
41,5598,1210.33291227506,92,51
61,6534,2871.82863392615,82,21
21,8877,869.650316020559,77,56
89,2248,1835.1595165491,92,3
16,7491,603.72121219118,75,59
11,2511,167.359464587556,70,59
47,5169,1403.3417089305,66,19
38,8586,1651.68912378235,95,57
48,4417,1244.35439886092,73,25
2,5590,277.157189854267,96,94
97,6225,5734.48148578802,97,0
31,1634,238.247331272711,74,43
13,1471,105.696055009824,71,58
80,5006,3547.24954786252,84,4
60,9421,4012.74461075085,67,7
59,5449,2248.00234709937,84,25
0,4637,299.6993869441,93,93
9,8935,553.354717937744,85,76
22,9861,1004.96504500174,69,47
5,6418,346.708772109843,79,74
80,4299,3046.26963768697,82,2
44,8499,2061.51420172389,74,30
59,3386,1396.90511053009,78,19
49,8171,2387.87866501902,88,39
97,7383,6801.23322242136,97,0
59,1051,433.593405542564,73,14
2,9775,484.653225550172,81,79
59,4760,1963.75319731932,88,29
19,6621,599.624769055345,81,62
37,4371,808.474465851049,90,53
85,4830,3725.09440585318,86,1
64,4633,2229.93585741717,90,26
28,3373,436.352009057469,79,51
95,6856,6077.53114054114,95,0
15,7526,583.655836234184,82,67
18,3366,293.150565645466,55,37
27,7744,962.646359093857,81,54
72,2548,1520.76988194241,75,3
87,5670,4503.65344752472,91,4
46,2953,772.369165950025,68,22
84,9729,7387.07883454838,89,5
70,7984,4533.44420997826,94,24
87,8287,6582.32383062387,96,9
14,6304,470.535770209057,86,72
48,9023,2541.9537561517,77,29
63,4805,2245.03235381937,63,0
53,5694,1919.8405551502,57,4
11,9105,606.853016754162,94,83
81,7962,5746.02036818169,86,5
2,8144,403.786789655305,74,72
64,6718,3233.47919061699,86,22
86,9608,7522.17589786637,87,1
17,5427,454.622166449389,25,8
31,5297,772.335442932404,73,42
89,2480,2024.55320331039,90,1
24,6702,739.313737375062,44,20
24,6401,706.109703512052,69,45
5,7036,380.093942126029,54,49
70,2094,1189.00703603388,92,22
52,3279,1067.35817100947,67,15
59,2078,857.285534459989,62,3
87,3559,2826.89640559797,91,4
21,8920,873.862883733625,76,55
39,7793,1558.94806094862,63,24
79,3298,2293.00518925753,84,5
78,7853,5353.50966151667,79,1
1,2267,109.797110375888,72,71
69,7186,3975.85370204845,80,11
1,7042,341.063630907367,61,60
19,9918,898.214538512447,44,25
51,7543,2369.53293934066,69,18
43,4280,999.340103785718,86,43
31,6340,924.41130983414,68,37
51,1502,471.833285813294,81,30
85,2666,2056.1287134585,91,6
28,9745,1260.6730887237,67,39
88,2541,2046.5961699505,91,3
94,3003,2619.92900929529,96,2
17,2370,198.535937808191,74,57
74,2036,1273.8135491186,85,11
76,7641,4997.2176083553,81,5
0,2162,139.73475837247,79,79
79,6428,4469.20477760685,95,16
49,9829,2872.40966815225,75,26
78,5337,3638.31415554749,91,13
62,9731,4410.97149805241,90,28
58,7603,3036.53580606955,86,28
39,5868,1173.86208413275,92,53
36,7689,1367.23225743019,91,55
16,2953,237.990754185096,62,46
62,4691,2126.38652732133,81,19
13,9776,702.436868644486,90,77
95,5800,5141.4353289292,98,3
12,8931,617.952351867755,36,24
53,6032,2033.80369312716,67,14
4,7435,389.488568648632,85,81
30,3912,548.101402698563,40,10
87,8849,7028.71769967306,91,4
97,7209,6640.94410137282,97,0
73,8916,5450.26339821892,81,8
49,2143,626.266549888113,66,17
19,3566,322.95150678921,80,61
49,5005,1462.65239486234,62,13
44,1608,390.035867322275,82,38
19,4321,391.327386661855,86,67
0,3872,250.255774476505,85,85
75,8247,5277.17830575753,83,8
71,1406,818.783109694683,86,15
33,4784,755.325169616198,55,22
29,2547,342.906577832298,82,53
66,7382,3763.79653545149,88,22
44,8677,2104.6898139026,85,41
39,9583,1917.02800822156,79,40
5,3301,178.324346639855,68,63
55,6581,2377.61832449789,68,13
5,2659,143.64266516673,78,73
48,4705,1325.48957361119,76,28
20,1920,180.837934848604,90,70
63,6107,2853.36370130591,70,7
92,6797,5769.27906714203,96,4
58,7153,2856.81186647579,95,37
28,7632,987.322423103054,69,41
63,5325,2487.991110112,82,19
89,1046,853.904294622044,89,0
31,2201,320.919446836742,88,57
62,4905,2223.39073044364,93,31
63,3231,1509.61488765669,79,16
67,8984,4710.08442588306,85,18
43,7600,1774.52915625501,74,31
23,5598,593.529852806266,31,8
77,6336,4232.12851484971,83,6
44,5659,1372.64488381639,89,45
26,6709,801.379341371263,82,56
5,6210,335.472339483036,80,75
27,2667,331.531229300531,68,41
41,8172,1766.85254717966,91,50
1,4480,216.978850676655,88,87
42,2646,594.577714275485,73,31
28,5481,709.055843950189,77,49
39,6115,1223.27311596315,90,51
87,8511,6760.24594213102,91,4
11,5970,397.90362548296,26,15
86,9570,7492.42541034359,88,2
60,3450,1469.47976935468,84,24
53,1221,411.68340671556,78,25
77,7399,4942.15891435811,85,8
10,5375,345.248480702297,83,73
37,5036,931.475042330333,82,45
80,6363,4508.81919157995,87,7
68,4397,2368.90306140483,70,2
22,4827,491.934517008763,38,16
1,1956,94.734516054361,86,85
72,2940,1754.73447916432,88,16
85,1767,1362.78298450157,89,4
58,3883,1550.81790542786,81,23
52,3618,1177.70718594458,72,20
94,3028,2641.7399401086,97,3
2,7705,382.020777786606,81,79
12,5344,369.761210209527,86,74
93,5275,4537.31338068605,97,4
58,9875,3943.94200775178,63,5
97,2527,2327.87706258415,97,0
74,1042,651.922258438891,82,8
87,6922,5498.11096362718,89,2
38,9899,1904.27098023777,57,19
6,6644,370.71542302214,39,33
12,5642,390.38037949142,82,70
59,2698,1113.06851394276,64,5
50,4398,1332.79084097575,71,21
75,6046,3868.77895436038,79,4
32,8970,1361.02510327048,73,41
65,9850,4881.01349023515,83,18
73,5710,3490.46702600157,84,11
11,1524,101.575397861982,54,43
48,4848,1365.77544162955,49,1
8,8411,502.635054732447,63,55
68,7262,3912.43439434202,92,24
29,7087,954.133850450527,77,48
7,1203,69.425818907875,60,53
11,1951,130.035171409925,77,66
84,6305,4787.28872975923,86,2
65,8858,4389.4434006602,93,28
44,2689,652.242815441293,62,18
68,9110,4908.05251066591,79,11
18,2010,175.054259342658,60,42
34,2117,347.789387179971,86,52
68,5670,3054.73740235737,82,14
5,1429,77.1964529985923,80,75
20,8641,813.864893243118,64,44
89,4015,3277.65367390775,90,1
91,5065,4243.90943227408,91,0
74,4919,3077.54855015442,80,6
28,2295,296.895304117074,74,46
74,3233,2022.71080761318,75,1
38,4852,933.379411669225,74,36
32,3864,586.287736793439,83,51
13,8093,581.507935550309,70,57
10,2726,175.097182957109,54,44
88,4981,4011.84396793525,94,6
40,6680,1389.35776774944,53,13
55,7360,2659.05954540411,79,24
12,7259,502.263589990822,86,74
97,7597,6998.37041727415,98,1
46,7423,1941.51585467221,59,13
64,2230,1073.33411656384,85,21
36,5543,985.637716599761,77,41
82,5761,4231.43025388349,97,15
51,5623,1766.39052338758,55,4
74,8865,5546.34435802377,94,20
35,2322,396.883330179152,79,44
90,7750,6410.29026154594,98,8
39,3463,692.754668942008,41,2
60,1236,526.457099977502,79,19
43,4374,1021.28822756045,64,21
20,9779,921.049044210676,74,54
66,4309,2196.9925861908,88,22
46,6240,1632.09739096788,90,44
32,8799,1335.07913976332,75,43
18,3005,261.710472300839,49,31
43,2398,559.910646934148,75,32
27,4465,555.038222282292,82,55
18,4953,431.365048021982,57,39
85,7115,5487.38026866364,93,8
41,8269,1787.82473233341,74,33
30,6028,844.569339332039,83,53
54,5691,1986.69174754318,77,23
27,7988,992.977675160347,89,62
46,6680,1747.18118135664,95,49
40,9307,1935.74142880899,96,56
49,6415,1874.70831429409,81,32
48,4603,1296.75419922047,69,21
43,7282,1700.27912050645,87,44
52,7784,2533.79567036832,55,3
27,3852,478.837006098855,94,67
25,4966,570.014732027817,35,10
34,7115,1168.88119498606,80,46
93,9126,7849.76718713572,96,3
83,5574,4163.97060152018,90,7
18,5514,480.22347562956,64,46
11,8488,565.729643735237,72,61
68,1708,920.192501450864,77,9
95,3524,3123.86518950802,95,0
87,1368,1086.59575241866,92,5
93,6960,5986.67319991942,93,0
20,5022,473.00422333838,90,70
27,1635,203.244679379966,80,53
5,8070,435.951977395829,90,85
41,4608,996.286898850208,85,44
95,5082,4504.96109338245,98,3
50,2346,710.942999756506,91,41
2,7870,390.201625072108,67,65
47,3100,841.62493667722,82,35
28,2513,325.097123854557,62,34
79,8645,6010.62154673478,88,9
62,5916,2681.66759659625,99,37
90,1332,1101.74279075861,90,0
67,4482,2349.79946536152,87,20
92,6291,5339.78734903494,96,4
94,7181,6264.97176681634,96,2
74,3003,1878.81242043377,94,20
15,3310,256.696893161726,83,68
28,4367,564.941957768742,89,61
44,8852,2147.13774722437,84,40
93,2107,1812.34488968825,95,2
65,9718,4815.60295412236,92,27
37,8060,1490.8039795835,91,54
2,4907,243.293440181554,84,82
72,2133,1273.07777008758,86,14
67,7532,3948.83747726527,83,16
90,6097,5043.03738382524,93,3
92,8834,7498.28031177471,94,2
16,6883,554.720745362688,38,22
15,9208,714.098184964704,93,78
28,9942,1286.1582194039,79,51
35,5186,886.406955344135,64,29
70,7416,4210.92463191367,76,6
59,5046,2081.74341043557,66,7
35,8409,1437.29195670822,82,47
52,9682,3151.61994867755,87,35
65,1686,835.470938531621,85,20
65,9681,4797.2681826362,87,22
87,1650,1310.58698208391,89,2
38,6885,1324.46769359905,68,30
79,6481,4506.05416360765,85,6
27,8494,1055.87786339659,36,9
84,4916,3732.64256867508,86,2
94,8503,7418.33378822439,96,2
89,3355,2738.86128915579,89,0
5,2517,135.971639046506,62,57
73,8619,5268.71020965106,89,16
74,9064,5670.84774519204,76,2
24,6031,665.294113713667,95,71
88,1771,1426.41551238975,88,0
13,9028,648.690676158185,51,38
21,6180,605.43415038944,87,66
91,9095,7620.60341293835,97,6
36,6879,1223.20076718199,73,37
69,4064,2248.52065754591,75,6
53,1695,571.501535121109,75,22
68,6925,3730.87416425482,69,1
7,6717,387.641916545467,72,65
17,3266,273.594250160992,64,47
49,5007,1463.23687134381,88,39
61,4457,1958.94401919327,74,13
54,1227,428.33786228,79,25
34,3067,503.859258611701,79,45
61,4084,1795.00277639339,69,8
14,3401,253.853450901174,85,71
34,9408,1545.5845793997,80,46
3,6241,317.67953461639,88,85
68,2875,1548.91887685669,89,21
60,1277,543.920482743746,85,25
25,2936,337.004279749027,88,63
8,7105,424.589473769354,65,57
61,7499,3295.9661655666,82,21
92,3300,2801.03294417665,99,7
45,4742,1194.56774225991,73,28
74,2932,1834.39161395665,87,13
12,6181,427.674782991221,70,58
76,4518,2954.77413356226,76,0
20,3878,365.25495382442,45,25
75,8780,5618.24002965335,79,4
34,5781,949.726238680874,56,22
39,1191,238.253193967638,78,39
86,7462,5842.05626039539,95,9
63,2029,948.006377918733,77,14
80,7967,5645.41293404329,97,17
49,5849,1709.30147003993,60,11
93,3027,2603.68674944771,99,6
45,8046,2026.88571367002,66,21
97,3783,3484.90658003792,97,0
49,7331,2142.39854280437,79,30
48,9773,2753.24327373053,83,35
98,6643,6228.75324611016,98,0
80,1243,880.789290450083,86,6
95,9302,8245.79852236197,96,1
60,7246,3086.33345180986,84,24
1,8097,392.160212930553,77,76
12,9569,662.096747847111,74,62
55,1719,621.049369368161,76,21
66,9784,4988.48351433993,93,27
64,3277,1577.27170402678,89,25
34,9246,1518.97055921871,67,33
98,7670,7191.71118435419,98,0
85,5125,3952.61052380901,91,6
80,9570,6781.29807691657,89,9
71,4494,2617.07773468556,88,17
76,6260,4094.04295619738,80,4
5,3409,184.158648196082,87,82
21,1051,102.962992242605,90,69
27,6692,831.873635725218,87,60
99,6490,6180.95238095238,99,0
82,9980,7330.26799752773,83,1
63,1416,661.595382519924,76,13
70,7686,4364.23499472607,86,16
72,1895,1131.02783606,75,3
93,3741,3217.83684495669,96,3
91,7776,6515.42739296411,91,0
44,8353,2026.10049735259,80,36
68,4134,2227.21065632194,88,20
85,4573,3526.88544885436,87,2
15,5164,400.47817410488,81,66
67,1445,757.577025311779,78,11
31,2651,386.532236966925,50,19
53,2102,708.729337359629,83,30
69,3026,1674.21838330067,72,3
86,2114,1655.06659534654,90,4
6,8961,499.997126083895,83,77
1,4646,225.018692018692,68,67
17,9845,824.719961063983,68,51
20,1821,171.513478832973,97,77
98,7231,6780.08651552349,98,0
54,7679,2680.68984877597,82,28
46,9277,2426.4370987194,79,33
34,8690,1427.62861341235,71,37
90,6560,5426.0005310634,91,1
81,8799,6350.06697056401,84,3
93,4828,4152.8244553464,94,1
80,5650,4003.58768386401,81,1
90,1806,1493.80441449703,90,0
14,3531,263.556758345206,98,84
1,2057,99.6262267504195,75,74
86,9005,7050.08263533375,86,0
70,7151,4060.45334989411,86,16
37,1974,365.117500706926,72,35
4,1904,99.7426004985872,74,70
30,8503,1191.33594763443,68,38
94,8535,7446.25177966543,95,1
17,9685,811.316691000983,85,68
20,7082,667.028257603028,85,65
94,7994,6974.26323686531,96,2
36,6464,1149.40685551161,66,30
25,8658,993.795318142738,75,50
58,8392,3351.65178015726,70,12
46,6565,1717.10246341413,73,27
30,4878,683.445460726889,88,58
3,5952,302.968849549232,59,56
52,1157,376.618909380286,78,26
78,6780,4622.02922514746,93,15
10,3751,240.935265323593,60,50
10,2561,164.498857502992,65,55
5,6003,324.289928166934,85,80
99,6238,5940.95238095238,99,0
8,6674,398.833236866526,73,65
57,7393,2856.97257152259,86,29
58,6455,2578.04006683926,68,10
15,9067,703.163362627604,95,80
16,1055,85.0254810922033,77,61
52,1821,592.759752792999,81,29
24,9828,1084.15031496898,82,58
71,9515,5541.05354818272,83,12
86,3814,2986.00945820799,88,2
37,9095,1682.24096703621,86,49
71,3087,1797.71227569522,88,17
94,5371,4685.8603759324,94,0
72,6320,3772.08228174099,76,4
56,4590,1715.45831428679,83,27
88,7913,6373.36304321855,90,2
66,9076,4627.50167376832,82,16
37,1714,317.027049752619,57,20
83,4123,3080.02346431068,86,3
1,5197,251.705153340754,95,94
60,1912,814.389947538013,69,9
78,1560,1063.47575091888,84,6
5,9926,536.215530065799,77,72
0,2023,130.750886303195,69,69
41,1090,235.666822861703,93,52
45,3332,839.371513540703,83,38
59,5501,2269.4551131205,81,22
90,5904,4883.40047795706,95,5
48,8250,2324.18469336712,64,16
25,3919,449.836434719495,80,55
7,9922,572.604301915158,54,47
61,2972,1306.25569330097,85,24
24,7175,791.491504874078,81,57
34,8687,1427.13576118678,90,56
20,6387,601.568692644809,50,30
50,6242,1891.60537275367,64,14
9,3413,211.37097395876,41,32
68,3116,1678.75868531668,78,10
49,3872,1131.54646811329,68,19
91,6838,5729.48720590131,91,0
4,4123,215.986734167896,70,66
37,7433,1374.83200747446,40,3
44,8359,2027.55585506648,84,40
53,6441,2171.70583346021,82,29
45,7644,1925.6170016522,86,41
9,2732,169.195868987791,94,85
54,3952,1379.61795577063,78,24
49,9656,2821.85245250565,71,22
47,8011,2174.92173152297,67,20
26,1088,129.959863379331,69,43
83,4012,2997.10262886598,89,6
52,6433,2094.02717721986,58,6
86,1271,995.075516880533,87,1
58,2237,893.427673047162,82,24
57,1226,473.77903052708,73,16
67,6442,3377.37799104393,85,18
83,2344,1751.04899353486,87,4
15,8299,643.603479259566,89,74
73,1418,866.809499627011,84,11
15,6811,528.206205233992,84,69
89,4634,3782.97562263724,93,4
88,4033,3248.29687265265,91,3
66,8808,4490.85883016211,84,18
64,3637,1750.54537306847,87,23
9,2322,143.804102412025,69,60
51,7952,2498.01483940567,66,15
73,3166,1935.34476432942,76,3
96,2780,2512.01146783619,99,3
45,7187,1810.49311759215,67,22
51,4239,1331.62536522141,82,31
80,6892,4883.66837472403,84,4
95,4810,4263.84550554301,96,1
23,5107,541.471410911326,90,67
63,4910,2294.09133345539,89,26
65,6616,3278.45535547165,71,6
99,5597,5330.47619047619,99,0
45,2656,669.078853530644,63,18
65,1581,783.439830260079,88,23
81,3283,2369.27717517464,88,7
90,6922,5725.42312134465,94,4
70,1827,1037.40012169718,77,7
64,8932,4299.11225522343,79,15
44,3142,762.122322839919,77,33
61,5068,2227.4912024392,91,30
21,4317,422.922205053594,42,21
49,5083,1485.44697763942,90,41
32,6056,918.881608183505,75,43
97,1938,1785.28917581641,98,1
35,7025,1200.73445069274,76,41
41,7291,1576.37321604099,81,40
92,6722,5705.61922750165,94,2
99,7527,7168.57142857143,99,0
9,6331,392.086034612631,69,60
36,6116,1087.52665970127,78,42
50,3693,1119.14428734048,68,18
14,7839,585.109438875126,59,45
93,1629,1401.19118429148,98,5
37,6919,1279.76088520325,79,42
53,7233,2438.74371889733,90,37
54,6734,2350.79638516179,83,29
62,9725,4408.25175403964,84,22
70,9205,5226.74773958541,77,7
43,2260,527.688933307412,80,37
25,1038,119.145246042061,29,4
79,7918,5505.1592142332,80,1
84,6205,4711.36028043712,95,11
69,3262,1804.79192542194,71,2
69,9171,5074.10997794132,78,9
34,5110,839.491624227516,91,57
81,9317,6723.89748434423,96,15
14,3745,279.529895214613,73,59
89,5910,4824.64089982436,94,5
2,8685,430.610052573222,63,61
11,5891,392.638234123972,67,56
19,7370,667.457264452181,78,59
99,7634,7270.47619047619,99,0
24,2260,249.306034984727,92,68
0,1013,65.4723914113378,68,68
38,6726,1293.88085797346,68,30
22,9679,986.416861431079,75,53
9,2357,145.971692241663,76,67
22,6446,656.931820310439,81,59
12,5767,399.029359894899,91,79
99,9923,9450.47619047619,99,0
53,9665,3258.73884185576,82,29
83,6105,4560.64594945833,85,2
80,1271,900.630078971887,80,0
28,3714,480.465864701879,86,58
58,1079,430.938068492574,76,18
73,8364,5112.83120936553,78,5
8,2001,119.578259959532,69,61
93,8929,7680.31681064375,98,5
10,9132,586.569139678767,75,65
68,5433,2927.05261146519,92,24
88,4016,3234.60457242079,93,5
47,2834,769.408087272013,74,27
66,5389,2747.64285146953,80,14
94,8604,7506.44994871017,97,3
99,3142,2992.38095238095,99,0
65,2616,1296.31789750814,80,15
21,9215,902.763057579075,75,54
22,2315,235.928818494984,64,42
87,7648,6074.7692357441,91,4
60,6914,2944.92264501978,67,7
20,8271,779.015916215002,25,5
39,3864,772.972578917679,82,43
54,7389,2579.45270121183,82,28
28,1204,155.756839284077,69,41
72,2563,1529.72260887692,76,4
60,3795,1616.42774629015,66,6
64,9868,4749.62379473184,65,1
23,9405,997.168321836894,94,71
40,7452,1549.9242642618,77,37
46,7450,1948.57781453697,86,40
86,2490,1949.43984030883,88,2
35,2578,440.639631869877,62,27
46,1960,512.645975368117,74,28
60,1887,803.741543412255,83,23
72,2523,1505.84867038489,87,15
40,3113,647.465678294014,69,29
37,8309,1536.85983453589,88,51
40,6522,1356.49571276375,79,39
8,8859,529.407198891303,93,85
49,1476,431.343643320044,76,27
79,9209,6402.75463549805,90,11
55,3215,1161.53212479269,94,39
1,9605,465.196843917248,81,80
24,3779,416.870577967824,89,65
56,3000,1121.21458450117,86,30
58,9339,3729.870826369,65,7
92,1076,913.306499373963,94,2
28,7660,990.944675179428,90,62
18,6990,608.770782490138,86,68
49,7263,2122.52634243461,74,25
12,7590,525.166090099234,73,61
13,6669,479.188980870507,76,63
5,8895,480.519558728116,32,27
69,7825,4329.39816567341,71,2
75,3757,2404.0692245339,77,2
61,3220,1415.25684132877,83,22
82,7565,5556.46066145264,96,14
93,4175,3591.14376575626,97,4
75,2843,1819.20915766566,84,9
7,8922,514.893729256908,66,59
65,2733,1354.29541815357,85,20
51,7085,2225.65834220185,62,11
11,8668,577.726737970904,66,55
74,3465,2167.86048511589,85,11
90,8665,7167.11807952201,94,4
37,1310,242.301887500543,39,2
74,5655,3538.02338912853,83,9
2,4165,206.504417843117,75,73
79,2314,1608.85809822375,93,14
2,6400,317.317712892184,66,64
20,2156,203.065931007078,51,31
16,1863,150.144522535332,78,62
37,9311,1722.19303398287,79,42
44,7401,1795.18374008219,71,27
50,6816,2065.55306323118,79,29
40,3149,654.953235126197,74,34
46,9390,2455.99270852378,86,40
55,6338,2289.82600526783,89,34
55,6380,2304.99998636932,65,10
95,1425,1263.19747305588,95,0
47,9405,2553.38146111266,81,34
48,6856,1931.46791002727,53,5
92,7493,6360.04237900474,96,4
97,5340,4919.21785286876,98,1
68,5252,2829.53806652221,68,0
49,6118,1787.91355679677,75,26
73,7895,4826.13610687958,81,8
19,9176,831.015991670721,79,60
89,4830,3942.98063386661,90,1
34,9686,1591.25555230288,81,47
28,5568,720.310698616065,74,46
30,3372,472.443233614405,58,28
44,1768,428.845406359318,82,38
82,1128,828.511252626381,86,4
21,9548,935.385965682584,74,53
89,5874,4795.25222429244,95,6
30,8365,1172.00108220181,77,47
36,4660,828.625610563754,91,55
1,3073,148.833930386018,80,79
20,3301,310.909386945438,78,58
68,3709,1998.24003974312,81,13
55,9833,3552.51800407046,98,43
7,1493,86.1618849787675,93,86
6,8333,464.956595430989,74,68
71,4837,2816.82354309614,90,19
15,5848,453.523695229539,75,60
47,2489,675.74337657729,68,21
74,3210,2008.32096889524,74,0
66,1573,802.01191415134,68,2
3,2962,150.771796432262,72,69
97,1729,1592.75799018915,97,0
11,8255,550.200071752401,78,67
94,7513,6554.62092801715,99,5
27,1651,205.233618138424,67,40
23,6547,694.147900379176,82,59
5,2779,150.125222451426,80,75
94,6273,5472.79875967677,97,3
6,2320,129.449094131753,53,47
27,8487,1055.00770268977,40,13
13,2244,161.238577458902,52,39
7,9509,548.769835407301,78,71
38,8853,1703.05192322911,76,38
47,9311,2527.86122109729,89,42
27,2704,336.130650179466,66,39
39,8507,1701.77995053123,58,19
99,1996,1900.95238095238,99,0
58,6863,2740.98977207093,92,34
70,3376,1916.94735131345,80,10
81,4826,3482.83023070143,90,9
13,6041,434.065172205538,80,67
41,6107,1320.38283230864,67,26
80,1194,846.067910536926,89,9
75,8027,5136.40235968422,82,7
36,8870,1577.23372654517,83,47
15,3961,307.183200547914,61,46
15,5650,438.168412798716,76,61
10,2271,145.871497613938,79,69
29,3382,455.323928633227,84,55
2,6491,321.82957412237,62,60
71,5926,3451.00192606735,79,8
97,7729,7119.96906082821,98,1
67,1494,783.26648845384,71,4
21,6999,685.668870319691,79,58
86,4712,3689.06045282539,87,1
2,7666,380.087122973669,87,85
28,1497,193.661119940418,53,25
13,1588,114.102879235622,43,30
9,9797,606.739358884844,94,85
1,4462,216.107060651615,73,72
97,1341,1235.33167428783,98,1
82,4226,3103.97921418359,85,3
16,4446,358.315913683352,50,34
32,6212,942.551609979514,89,57
21,8055,789.121696017304,58,37
99,3246,3091.42857142857,99,0
51,3745,1176.44184778348,87,36
20,1792,168.782072525364,98,78
95,9685,8585.31054494471,99,4
16,3333,268.616045952904,83,67
43,5558,1297.74119085071,76,33
40,1624,337.77200820735,94,54
58,6858,2738.99283940878,88,30
45,8487,2137.97900222687,79,34
21,6349,621.990521168698,83,62
29,2221,299.016689974689,81,52
5,6123,330.772485451631,93,88
91,4890,4097.27880035938,97,6
47,4125,1119.90414961082,72,25
40,8077,1679.91657037609,53,13
14,8233,614.517924513192,78,64
21,2390,234.140391493651,72,51
18,1702,148.230024577713,91,73
94,7112,6204.77359777159,98,4
94,8301,7242.10146725281,96,2
86,9119,7139.33409790211,91,5
7,6166,355.843391010771,69,62
77,8608,5749.70995199279,88,11
7,3583,206.77698183451,61,54
49,5364,1567.56592328504,59,10
3,7080,360.386333133159,75,72
26,3046,363.839838100591,72,46
39,2697,539.520456868783,83,44
14,9460,706.102218619556,82,68
52,9248,3010.34716849514,79,27
9,7482,463.368774438747,31,22
4,1579,82.7172091319691,67,63
15,6738,522.54491423677,78,63
87,8935,7097.02708176955,87,0
89,4680,3820.52781915025,90,1
66,9327,4755.47687430995,71,5
47,7514,2039.99024973956,72,25
74,2485,1554.72822669927,85,11
44,2032,492.881145770438,77,33
46,5109,1336.27973885495,91,45
66,5838,2976.5706006456,79,13
95,3272,2900.47868900971,95,0
33,6698,1057.51839174107,72,39
27,3881,482.441957598561,62,35
80,9695,6869.87302567462,91,11
5,6778,366.156443963932,76,71
40,5836,1213.81615757272,55,15
71,3573,2080.73403338485,75,4
39,4412,882.597054395652,87,48
31,2735,398.779957791226,61,30
67,8629,4523.96688679263,85,18
1,7899,382.570522655111,68,67
5,8509,459.667332795676,48,43
91,9541,7994.30205198953,91,0
53,3229,1088.71885363189,67,14
70,9784,5555.5132953942,85,15
49,3888,1136.22227996499,80,31
36,3762,668.946254708335,99,63
98,9980,9357.66331419229,98,0
50,2463,746.399236317252,73,23
68,6816,3672.14993553225,93,25
3,7439,378.660159912086,55,52
3,2008,102.211265103303,84,81
76,9052,5920.0122746803,83,7
48,5057,1424.65478719485,62,14
95,7260,6435.65870483207,96,1
52,3187,1037.41094571735,77,25
31,3677,536.129398463744,92,61
78,8603,5864.79608022767,79,1
99,1155,1100,99,0
39,9435,1887.42139805598,82,43
14,7867,587.199382016918,81,67
61,4417,1941.36318886621,94,33
79,4633,3221.19255361738,84,5
14,4450,332.151677891863,81,67
9,9165,567.598879675369,75,66
13,9753,700.784245078731,91,78
95,7942,7040.22058316478,97,2
49,1933,564.896519334448,73,24
76,8772,5736.89214245422,86,10
77,8672,5792.45872487006,84,7
44,4799,1164.04361149229,75,31
39,6203,1240.87704633187,66,27
97,2188,2015.58963709304,98,1
85,8566,6606.45107257522,87,2
14,2741,204.590505416089,90,76
95,5063,4488.11846040837,96,1
43,8106,1892.67543955305,70,27
62,5969,2705.69200204243,81,19
81,2909,2099.36865750321,89,8
16,3098,249.676720780707,78,62
21,8811,863.184514414458,74,53
16,6684,538.682763621125,95,79
5,5186,280.154517320294,84,79
42,3143,706.257655316647,69,27
50,9098,2757.1011985442,64,14
13,6975,501.176059614903,74,61
68,2145,1155.62817073308,74,6
80,8689,6157.02183806981,83,3
2,4937,244.780866960737,81,79
6,3116,173.863524704544,50,44
51,5078,1595.1860355259,91,40
62,7305,3311.28833555368,86,24
62,6839,3100.05488389482,92,30
98,8605,8068.40609405057,98,0
97,5920,5453.51492303053,98,1
44,4472,1084.72661608533,92,48
21,7638,748.269585869667,27,6
93,7687,6612.00529996847,93,0
96,1646,1487.32765325841,97,1
3,4163,211.905127801319,85,82
57,4429,1711.55573099872,77,20
58,3847,1536.43999026036,76,18
25,8290,951.554999700081,58,33
19,9760,883.905413982807,94,75
10,2863,183.8970046978,68,58
62,7996,3624.51218769161,69,7
0,7168,463.283417212704,52,52
91,5928,4967.00791994486,97,6
65,2057,1019.31418775774,83,18
84,5290,4016.61496913978,90,6
6,9726,542.681848933374,72,66
15,6323,490.360862677218,59,44
32,6424,974.718535497166,63,31
74,6485,4057.3088732977,78,4
20,3030,285.384865932953,66,46
55,9480,3424.98430576507,80,25
14,1179,88.0015344347205,68,54
50,2942,891.557674886462,68,18
67,8797,4612.04504613683,87,20
23,8212,870.680091326377,56,33
89,9537,7785.54995966581,96,7
88,7202,5800.70272175661,89,1
71,3215,1872.25298553941,76,5
46,9716,2541.25933503909,74,28
6,7661,427.460995751447,79,73
40,2540,528.288732048441,68,28
40,2332,485.027292573608,90,50
19,1829,165.641701042475,50,31
8,6867,410.366772184962,84,76
15,7462,578.692512620181,63,48
77,4595,3069.22830267273,81,4
46,2500,653.885172663414,63,17
52,6144,1999.95382820439,78,26
78,9195,6268.37149339689,89,11
68,6942,3740.03298891797,84,16
43,2788,650.972011531445,79,36
79,8075,5614.31682936766,96,17
62,8385,3800.8422578532,69,7
48,6966,1962.45703927217,52,4
92,9589,8139.12269748785,95,3
85,2014,1553.27953072222,94,9
67,8672,4546.51070138668,99,32
30,2119,296.888259795055,85,55
10,3187,204.708261953157,82,72
72,6858,4093.18675445882,91,19
31,1200,174.967440347156,59,28
57,7022,2713.60224499278,70,13
12,4852,335.718823341434,80,68
96,4096,3701.15070944497,97,1
55,9629,3478.81581014893,66,11
34,2890,474.780977302841,79,45
95,1748,1549.52223361521,97,2
81,6005,4333.69157384213,86,5
80,8238,5837.44342295075,82,2
18,8975,781.647750049927,81,63
71,7342,4275.60852871861,89,18
72,8701,5193.17847047917,82,10
79,4976,3459.67065547164,86,7
88,9233,7436.52988475128,93,5
77,6252,4176.02075044829,90,13
47,2093,568.232578214652,86,39
50,3813,1155.50965817202,66,16
54,8233,2874.08770998471,77,23
27,5649,702.219690408212,54,27
67,7035,3688.27292253866,82,15
69,8714,4821.26205951157,75,6
41,4173,902.236377799895,93,52
66,6704,3418.11053558206,66,0
0,6713,433.875778424788,90,90
29,2133,287.169112884292,90,61
66,3258,1661.12830025751,92,26
64,7092,3413.49128012142,85,21
90,4447,3678.26590878643,91,1
68,5895,3175.95714054616,76,8
87,3141,2494.88103680338,93,6
18,6965,606.59349070727,84,66
92,1209,1026.1966150029,97,5
87,8322,6610.12416054686,92,5
89,8348,6814.90731501417,94,5
1,7445,360.582040912432,78,77
40,9017,1875.42499877197,74,34
75,4724,3022.84349659253,82,7
49,3704,1082.45044367035,76,27
23,5597,593.423827466358,72,49
15,1984,153.863032034098,82,67
72,2631,1570.30830431338,74,2
69,1606,888.564019689647,85,16
27,4706,584.996612331571,81,54
46,9262,2422.51378768342,84,38
72,3925,2342.6302145306,73,1
7,3138,181.095777001589,65,58
12,6349,439.299012653496,80,68
70,8119,4610.09939138446,81,11
90,9988,8261.41666223495,91,1
66,7210,3676.10038209228,83,17
13,2149,154.412523600348,88,75
99,9737,9273.33333333333,99,0
61,4328,1902.24584138849,77,16
44,3119,756.543451603344,88,44
1,6665,322.804473160693,70,69
43,9386,2191.54350797494,61,18
89,7920,6465.50861702351,89,0
27,4851,603.021369830101,88,61
68,5413,2916.27752362619,87,19
48,7659,2157.68855351501,52,4
12,1859,128.627636560537,88,76
95,9824,8708.5277019656,97,2
65,7997,3962.78831283356,67,2
55,7317,2643.5242790383,81,26
68,2812,1514.97735016383,73,5
95,5754,5100.65842804459,95,0
8,1263,75.4759331978457,74,66
79,9285,6455.59526448033,86,7
34,6040,992.27581415542,94,60
60,2621,1116.37868854453,88,28
72,5654,3374.58120584866,87,15
87,7721,6132.75278101205,89,2
35,5436,929.137718713984,60,25
60,8523,3630.2539345536,92,32
58,8397,3353.64871281941,85,27
91,1160,971.951617263165,92,1
41,7730,1671.28856946877,75,34
9,4370,270.639073014879,61,52
30,4658,652.621762211121,76,46
14,1229,91.7335757593482,85,71
9,3198,198.05577929098,63,54
28,1884,243.725818281729,88,60
30,2758,386.417093211308,77,47
54,9977,3482.90696981871,56,2
50,2723,825.190873118911,83,33
15,7770,602.578507512571,87,72
54,9217,3217.59582447821,78,24
76,6049,3956.04885655558,94,18
95,9913,8787.42214063365,99,4
65,8941,4430.57275291295,89,24
39,3524,704.957393402148,99,60
87,4437,3524.28753909474,88,1
70,1571,892.03918510469,75,5
53,8121,2738.14983287229,89,36
34,6978,1146.37427668485,83,49
21,5066,496.299256613738,85,64
10,5970,383.466684612597,67,57
41,9921,2145.00050423023,73,32
43,8958,2091.60949759637,68,25
23,6110,647.814826839279,53,30
6,9270,517.238406293684,69,63
19,8826,799.31856391519,77,58
33,9602,1516.01845289606,97,64
21,4558,446.532177584962,89,68
55,9829,3551.07286301318,78,23
44,6335,1536.61518624789,78,34
75,7622,4877.24664077652,90,15
97,4651,4284.50978159037,97,0
2,9378,464.969611172329,95,93
98,4210,3947.47119767029,98,0
84,2531,1921.74905234268,89,5
73,4755,2906.68488767732,77,4
23,5623,596.180486303972,74,51
98,8332,7812.42993325152,99,1
80,9630,6823.81405232043,87,7
21,8823,864.360114706477,75,54
13,4569,328.297263997203,78,65
47,7875,2137.9988310752,59,12
32,3980,603.888507359701,89,57
95,3287,2913.77550451557,95,0
44,7263,1761.71051266274,63,19
23,3949,418.694067297597,70,47
67,3855,2021.07919209475,73,6
36,5614,998.262699078308,84,48
56,8731,3263.10817909324,66,10
27,5552,690.161749185058,85,58
41,2056,444.523842021707,83,42
54,7020,2450.63715827677,78,24
95,3666,3249.74170963008,95,0
34,4914,807.291945490022,61,27
62,8722,3953.6012132374,75,13
45,4729,1191.29288341356,75,30
0,3737,241.530431099871,79,79
81,1677,1210.25824635025,95,14
18,3498,304.646666259014,69,51
87,3873,3076.30507976424,87,0
86,9604,7519.04426760082,88,2
47,8903,2417.09251975396,75,28
93,8730,7509.146125761,94,1
17,3122,261.531307104292,78,61
59,8333,3437.80575488695,61,2
79,4051,2816.54457904252,84,5
19,1990,180.222517810019,89,70
14,3715,277.290670419836,81,67
31,6965,1015.54018501495,77,46
90,2826,2337.4813263392,98,8
73,7589,4639.08130653694,75,2
58,5795,2314.44495543509,87,29
80,5411,3834.23238183861,87,7
29,4569,615.131587795747,59,30
86,4402,3446.35910724477,86,0
23,7388,783.315211241996,82,59
31,1466,213.751889624109,93,62
47,9099,2470.30493510517,76,29
40,6407,1332.57712843872,50,10
22,3594,366.275668972342,68,46
95,3633,3220.48871551721,95,0
28,6927,896.119290465783,62,34
94,9237,8058.70271690329,94,0
94,5331,4650.96288663109,95,1
71,3774,2197.78624181204,77,6
13,4800,344.895352853266,68,55
82,9725,7142.97157073719,84,2
15,9012,698.89800639682,42,27
49,7033,2055.31154706631,83,34
82,6311,4635.40293911799,86,4
11,6899,459.821961843708,57,46
16,5135,413.844403230772,61,45
50,9792,2967.41425985324,81,31
89,9020,7363.49592494344,98,9
83,8020,5991.21711951773,87,4
42,2472,555.478499504535,69,27
43,9509,2220.26286142486,78,35
24,3222,355.426568460527,91,67
30,4129,578.504778052752,71,41
51,7224,2269.32334002346,70,19
10,6317,405.755284203983,77,67
11,3511,234.00998811904,79,68
55,5362,1937.21158729033,77,22
19,4380,396.670667340645,84,65
50,9763,2958.62596190229,69,19
6,5574,311.012608056202,83,77
75,8803,5632.95751492465,80,5
71,9160,5334.31954822425,72,1
29,2836,381.815098049625,38,9
25,7925,909.65903167951,57,32
75,8869,5675.19029874664,89,14
88,1732,1395.00376479901,89,1
56,7533,2815.36982168244,76,20
83,8401,6275.8372844225,87,4
26,8125,970.51828121054,27,1
46,1439,376.376305385061,92,46
78,4787,3263.37078182609,93,15
18,3361,292.715107288892,64,46
50,7245,2195.55926395391,66,16
37,1506,278.554688989174,72,35
24,3084,340.203456589778,71,47
32,5413,821.318716165342,85,53
92,2703,2294.30062063924,95,3
0,2642,170.758201489392,67,67
2,2777,137.686138859624,63,61
36,1136,201.999719656743,84,48
48,1802,507.658280902734,64,16
86,1181,924.613835905515,98,12
74,8060,5042.70000289583,84,10
51,7098,2229.74211897654,71,20
82,1929,1416.84238148607,89,7
41,2699,583.545646700675,86,45
81,6911,4987.53413269325,84,3
63,3723,1739.49124937971,79,16
88,4991,4019.89826218928,88,0
49,9351,2732.71978908247,88,39
70,9295,5277.8511938562,86,16
56,6044,2258.87364957502,63,7
54,9176,3203.28298637431,73,19
27,6775,842.191255534721,39,12
97,7345,6766.22755230731,98,1
41,9504,2054.84172887855,72,31
3,7698,391.843784245629,74,71
10,9265,595.11203231754,53,43
65,1755,869.662809681492,72,7
79,9303,6468.11015029193,93,14
77,6586,4399.11590890154,78,1
92,1990,1689.10774512471,93,1
23,7638,809.821546219053,88,65
39,2588,517.715588571157,74,35
28,9703,1255.23971060914,72,44
35,5356,915.463874435632,67,32
46,4223,1104.54283366304,64,18
5,3591,193.990526744538,65,60
93,2859,2459.18084462207,97,4
74,5513,3449.18177617429,81,7
11,6282,418.698588824783,59,48
15,3687,285.933971325463,62,47
65,5892,2919.68847558026,78,13
84,2639,2003.75177761056,86,2
32,2098,318.331178000164,80,48
60,2085,888.076904088262,65,5
15,8682,673.305869012116,76,61
22,8952,912.326040244966,78,56
53,3787,1276.85918200805,76,23
76,9714,6352.96058730053,79,3
36,3245,577.015044265962,85,49
4,9162,479.958879079861,78,74
99,3307,3149.52380952381,99,0
2,4633,229.708275598358,80,78
81,4162,3003.63435975536,82,1
85,3031,2337.63170686149,87,2
0,2848,184.072429160405,83,83
1,7342,355.593464658036,79,78
80,6749,4782.33863334482,87,7
8,5201,310.807861094217,67,59
83,2998,2239.60959156037,84,1
58,6916,2762.15725828975,86,28
15,6157,477.487242053398,80,65
43,5499,1283.96524082188,87,44
39,4771,954.413088513521,90,51
61,7776,3417.71341558153,79,18
36,5802,1031.69223014826,85,49
64,3827,1841.9953650627,92,28
48,1653,465.68209674374,66,18
22,7304,744.373257143569,57,35
26,7730,923.336161693227,45,19
24,1925,212.35137935646,91,67
15,8017,621.733834585364,98,83
40,8362,1739.1930619642,66,26
31,9358,1364.45442230724,67,36
23,4694,497.682945529227,82,59
31,9129,1331.06480244099,49,18
56,5341,1996.13569860692,72,16
99,6846,6520,99,0
61,4264,1874.11651286518,62,1
71,1201,699.40150408486,85,14
18,5344,465.417891506051,54,36
9,2333,144.485344929911,78,69
38,5089,978.971110054552,60,22
86,8416,6588.95007873058,89,3
67,7972,4179.51837078582,80,13
71,8179,4763.03488918407,82,11
13,9578,688.209935339289,16,3
51,9512,2988.06805236754,60,9
40,3883,807.61619942681,74,34
18,7780,677.573202828795,87,69
31,3720,542.399065076183,68,37
53,4844,1633.24686497148,92,39
96,8512,7691.45381806534,98,2
8,4588,274.175440626854,75,67
23,4487,475.735700168224,81,58
29,5106,687.42873435874,66,37
8,2944,175.93123304391,84,76
6,8500,474.274698327542,85,79
58,4847,1935.82652269092,95,37
97,8040,7406.46283465633,98,1
1,2789,135.079021102052,91,90
76,6647,4347.14113895271,84,8
93,5096,4383.34577971112,94,1
21,4207,412.145869043426,66,45
97,9722,8955.92433812548,97,0
73,2829,1729.33996787363,77,4
89,3136,2560.08017966991,90,1
8,7209,430.804435806231,84,76
81,7506,5416.93404717053,86,5
69,4357,2410.63102975579,83,14
83,7344,5486.22176131399,84,1
21,4925,482.485953182523,47,26
78,3673,2503.94002123401,91,13
38,2509,482.656418771246,81,43
99,8699,8284.7619047619,99,0
98,9308,8727.56814914848,99,1
5,9665,522.115967971584,50,45
69,8350,4619.86896912114,80,11
12,8045,556.648378767897,60,48
29,2462,331.462895415436,78,49
5,1978,106.854152576078,51,46
88,3976,3202.38739540465,92,4
60,4227,1800.43216958325,64,4
10,3038,195.137652906712,39,29
51,4813,1511.93981665738,89,38
75,5804,3713.92541367973,76,1
31,6258,912.455201410418,71,40
26,1094,130.676553802379,67,41
98,9155,8584.10898210726,99,1
1,7724,374.094786300554,78,77
25,8000,918.267792231682,78,53
63,2524,1179.28442477421,66,3
41,5672,1226.33231125833,80,39
93,1465,1260.12589624741,97,4
94,1677,1463.07723895711,95,1
1,7210,349.200337807742,83,82
61,4957,2178.70439828159,87,26
50,2523,764.58192173302,68,18
23,3745,397.064897956318,90,67
19,8196,742.263193955234,83,64
44,8636,2094.74486952436,49,5
11,2420,161.294266946191,68,57
48,7323,2063.03084963969,73,25
32,9723,1475.27838117045,71,39
8,8161,487.6952421438,69,61
73,1740,1063.64494312482,77,4
30,4596,643.935083538495,97,67
35,8019,1370.63196585126,57,22
5,6097,329.36793137328,66,61
85,8488,6546.29426850554,86,1
81,6022,4345.96014282719,88,7
98,5833,5469.26353824485,98,0
98,6836,6409.71807773732,99,1
11,8185,545.534535105197,82,71
5,8704,470.201488383308,87,82
16,5926,477.593365831656,83,67
73,5719,3495.96863777636,87,14
87,2247,1784.78118105609,88,1
79,1525,1060.28893681556,87,8
89,7919,6464.6922649254,91,2
55,1821,657.900466328924,65,10
9,2580,159.782336013361,89,80
75,4001,2560.20254654249,87,12
14,8863,661.541645203501,67,53
74,3666,2293.61516260746,84,10
0,3954,255.555612675646,86,86
91,7179,6015.20746580367,93,2
41,4249,918.668192971904,81,40
39,2091,418.293390920514,79,40
88,7572,6098.71160915593,90,2
79,7443,5174.90528309393,82,3
78,2485,1694.06233399579,92,14
12,2947,203.908361992417,52,40
87,8649,6869.85867154167,87,0
31,6070,885.04363575603,73,42
20,9662,910.029232555839,93,73
51,6993,2196.7577681041,77,26
13,2074,149.023533712016,33,20
30,3019,422.98520826865,86,56
5,1058,57.1545467267394,68,63
18,9006,784.347591860685,88,70
30,4977,697.316125058984,77,47
87,5992,4759.41648281624,93,6
30,3334,467.119140234409,68,38
26,5971,713.226419336385,93,67
53,5925,1997.72660506936,70,17
87,2717,2158.09989716484,87,0
18,1771,154.239349898431,68,50
77,1711,1142.86172489076,99,22
21,2011,197.011015604072,21,0
83,4317,3224.94816770051,83,0
54,5763,2011.82648762807,77,23
4,5787,303.156737964981,80,76
73,4528,2767.92201291333,87,14
79,9039,6284.55849172189,85,6
68,9965,5368.68751578329,83,15
25,2617,300.388351533789,72,47
87,7441,5910.35014162812,91,4
55,6805,2458.54622370584,89,34
11,3973,264.802529990586,63,52
41,7611,1645.55980623892,72,31
46,2259,590.850642018661,95,49
3,8753,445.545420044426,79,76
14,1008,75.2379531044939,87,73
92,9164,7778.38360619237,96,4
31,9214,1343.45832946558,70,39
86,7801,6107.46192540129,88,2
93,6456,5553.1554854425,98,5
53,3851,1298.43800103327,79,26
4,8185,428.777933340828,73,69
34,6973,1145.5528563089,73,39
96,5755,5200.22517891988,99,3
33,7263,1146.72380997543,88,55
49,6419,1875.87726725702,66,17
96,3217,2906.88521296008,98,2
35,3535,604.212994049656,70,35
49,3875,1132.42318283548,66,17
75,2544,1627.88184913874,89,14
90,7595,6282.08445631502,94,4
74,2696,1686.73935580734,84,10
93,1175,1010.6811795841,98,5
51,1618,508.273140110459,85,34
19,5178,468.940802623256,63,44
32,7396,1122.20085437999,35,3
48,6013,1693.97849226867,85,37
27,9010,1120.02113835688,84,57
41,8958,1936.79210935333,88,47
42,9062,2036.30508192156,80,38
12,3889,269.087078313033,36,24
80,1384,980.701832649167,83,3
85,9342,7204.93414896074,90,5
86,9191,7195.70344268212,91,5
91,3437,2879.82561080474,93,2
95,1611,1428.07798532844,99,4
55,3748,1354.0971706759,68,13
54,6054,2113.4127288045,58,4
44,4915,1192.18052729414,91,47
17,5580,467.439043447133,96,79
65,4265,2113.4540645536,85,20
10,4717,302.983643436788,57,47
7,9614,554.829445536417,38,31
92,2526,2144.06339908795,92,0
95,9041,8014.43393256016,95,0
9,3162,195.826258323352,74,65
81,4677,3375.29983194998,83,2
29,6369,857.468391917512,62,33
54,1145,399.712186072209,79,25
21,3906,382.657895051966,90,69
53,4325,1458.25612943882,81,28
34,9684,1590.9269841525,55,21
12,6953,481.090885963106,86,74
46,6252,1635.23603979667,59,13
1,6461,312.924186210238,62,61
73,1318,805.680479907193,81,8
25,7064,810.830460540575,87,62
93,1529,1315.17576475241,97,4
80,8068,5716.9814926398,86,6
29,6485,873.085652627581,87,58
1,5529,267.784836024827,89,88
82,7165,5262.66234491846,86,4
77,3616,2415.30566756574,92,15
60,5117,2179.51535646026,96,36
89,8810,7192.06198434054,92,3
8,9903,591.795856261493,77,69
98,6979,6543.80082863206,98,0
91,5154,4318.48158221927,92,1
58,1542,615.854033007923,85,27
90,7548,6243.2091476321,92,2
60,4934,2101.56903825971,61,1
15,5220,404.821082267133,84,69
44,3076,746.113387987139,87,43
35,5812,993.404786822236,51,16
14,7250,541.145992071012,86,72
69,7303,4040.58719538823,80,11
16,5291,426.416891430188,88,72
41,3056,660.731936390242,61,20
12,3075,212.764917925579,85,73
63,2195,1025.56628858138,89,26
86,4709,3686.71173012622,87,1
82,1447,1062.81541006239,83,1
25,7790,894.163262685601,71,46
81,6340,4575.45455090076,87,6
37,5976,1105.34051885744,88,51
70,5213,2960.02563459628,79,9
41,3474,751.106919836289,64,23
45,5223,1315.73751957476,57,12
20,5024,473.19259618718,70,50
27,3823,475.23205459915,61,34
12,8286,573.323612985804,92,80
55,3714,1341.81347168898,77,22
20,2561,241.211432889206,62,42
16,8792,708.572540059386,22,6
5,7429,401.324317233409,42,37
37,3502,647.741381699926,84,47
55,3484,1258.7178608951,84,29
2,8301,411.570989799691,66,64
72,9664,5767.94353967483,79,7
69,8858,4900.93405131438,71,2
55,7499,2709.27819714476,68,13
89,6428,5247.51128664484,91,2
40,7863,1635.40720476256,43,3
21,7232,708.495109323046,77,56
80,1786,1265.55886785507,85,5
0,5560,359.354882771015,97,97
16,1330,107.188521187327,86,70
49,9252,2703.78820325003,76,27
33,7646,1207.1940315396,91,58
37,5032,930.735189238728,84,47
31,1706,248.74537769354,80,49
17,6798,569.471436801723,76,59
96,6494,5867.98650076554,98,2
35,1822,311.421803439455,75,40
87,9900,7863.52189250348,87,0
83,9866,7370.24290538179,86,3
0,2929,189.307635186385,81,81
59,6176,2547.92851820255,72,13
75,1087,695.561151734987,92,17
35,8078,1380.71642600654,80,45
1,3346,162.056079099127,79,78
50,7147,2165.86087777483,83,33
23,4694,497.682945529227,79,56
15,8533,661.750631223265,75,60
76,8579,5610.67005131267,88,12
40,2712,564.062614691091,90,50
27,8048,1000.43619550457,70,43
13,3890,279.508942208168,82,69
50,3409,1033.07957637252,70,20
88,1571,1265.32962730903,91,3
43,8869,2070.82882721391,84,41
83,8874,6629.18462825441,87,4
34,9309,1529.32045595576,89,55
16,9495,765.22932982983,91,75
87,7356,5842.83505467228,94,7
81,9193,6634.40909880611,91,10
1,6839,331.231776736081,72,71
76,3793,2480.62379119116,81,5
38,9884,1901.38542970705,93,55
81,3929,2835.48279660711,89,8
60,8900,3790.83186877004,96,36
15,5406,419.245741520329,47,32
31,8985,1310.06870959933,94,63
20,7773,732.111076863645,86,66
30,7284,1020.54463631297,81,51
80,7071,5010.50770134556,87,7
9,7105,440.020735416639,53,44
6,7867,438.955182557973,92,86
5,5245,283.341774651936,93,88
55,6377,2303.91613057636,82,27
29,4087,550.239176914252,82,53
85,5575,4299.66900882639,96,11
90,9748,8062.90444768385,91,1
32,6566,996.264306362763,79,47
5,2114,114.201050832067,79,74
42,5271,1184.43655780275,77,35
23,7010,743.237632756686,82,59
62,1954,885.72996682709,63,1
21,5101,499.728090798791,77,56
75,5132,3283.91888749214,89,14
70,5029,2855.54746142042,81,11
38,7881,1516.06824883866,87,49
86,8794,6884.88913882565,96,10
4,8446,442.450632253712,80,76
10,8931,573.658452307388,61,51
36,9151,1627.20020649547,93,57
98,8003,7503.94584203215,99,1
12,7087,490.362592955635,78,66
46,1502,392.854211736179,92,46
9,7184,444.913295317823,81,72
64,2779,1337.57646185243,79,15
88,2902,2337.3561925212,93,5
95,3053,2706.34518262428,95,0
83,2651,1980.3886014765,85,2
62,6830,3095.97526787565,72,10
95,2756,2443.06823560843,99,4
6,3812,212.698252944069,37,31
92,1999,1696.74692588155,92,0
3,8662,440.913335819127,75,72
38,1666,320.488478944956,77,39
19,7679,695.44156495635,74,55
78,7857,5356.23652241646,82,4
24,2379,262.433211163126,77,53
12,6555,453.552532358429,84,72
85,9436,7277.43081027548,85,0
70,3466,1968.05080558425,76,6
17,4069,340.861911789675,77,60
86,1908,1493.78763667038,86,0
90,4062,3359.81923127737,98,8
73,5185,3169.53967247253,94,21
49,8317,2430.54544816586,85,36
98,3009,2821.36361847742,98,0
94,3575,3118.96310630391,99,5
61,6247,2745.68617632945,72,11
26,9987,1192.93120916303,82,56
39,7485,1497.33430465808,89,50
33,1971,311.192706796306,77,44
64,9325,4488.26934392728,89,25
17,3748,313.971601225781,46,29
25,5901,677.337280244895,79,54
13,6902,495.930776123593,73,60
39,3686,737.364628853665,83,44
49,1358,396.859530913699,91,42
21,6845,670.581999905455,87,66
78,9452,6443.57230620852,78,0
82,1264,928.402680248001,82,0
82,2413,1772.33834449243,90,8
51,1112,349.319982572825,77,26
43,1593,371.950650778189,76,33
11,4106,273.667049620273,88,77
66,2454,1251.1997694389,76,10
19,2730,247.239936493142,93,74
98,7559,7087.63296512821,99,1
33,1810,285.773109741914,68,35
96,2308,2085.51167905249,96,0
8,1662,99.3198740893267,81,73
80,9131,6470.22285687828,81,1
4,2139,112.053268102142,63,59
30,7276,1019.42377454876,66,36
34,9895,1625.59092401786,52,18
78,8121,5536.20934180273,78,0
14,5070,378.428990317246,71,57
10,4695,301.570533376239,86,76
79,3096,2152.56035959409,90,11
46,1433,374.806980970669,84,38
77,6727,4493.29679914678,87,10
12,9384,649.296256849962,65,53
86,7200,5636.93447800144,93,7
87,7570,6012.81421477286,89,2
51,7370,2315.18729456989,82,31
22,6397,651.938078579876,74,52
57,9483,3664.63829240481,73,16
18,8489,739.321197790956,68,50
42,9151,2056.30410556877,73,31
81,2040,1472.22827820782,81,0
67,4839,2536.96555396796,82,15
67,9789,5132.12560607405,89,22
95,6608,5857.69045751106,95,0
77,5118,3418.56593102917,86,9
27,9235,1147.9905896477,83,56
28,4539,587.192934809324,78,50
59,2855,1177.83936519888,88,29
34,3431,563.658661981332,78,44
83,5474,4089.2671461646,86,3
39,8786,1757.59241158663,70,31
99,4283,4079.04761904762,99,0
26,7793,930.861411135229,85,59
14,1598,119.2760407351,38,24
56,6137,2293.63130169456,78,22
91,9544,7996.81571996521,94,3
95,6655,5899.35381276273,96,1
41,5255,1136.17353590665,94,53
12,3159,218.577032756717,78,66
72,8230,4912.0628447355,81,9
80,5327,3774.7100162732,84,4
56,7963,2976.07724546094,75,19
9,4490,278.07080957364,74,65
90,7290,6029.80851698967,96,6
54,7773,2713.50464833125,77,23
23,9185,973.842747057084,84,61
81,6846,4940.62489833859,81,0
4,2337,122.425660380881,78,74
93,4736,4073.69026937046,96,3
52,5947,1935.82770448104,78,26
80,7098,5029.6398902773,93,13
31,7995,1165.72057131293,61,30
54,5009,1748.6099039613,93,39
93,5546,4770.41516763694,96,3
65,7404,3668.93643469047,80,15
32,5591,848.326795137711,84,52
24,5502,606.938851542464,78,54
40,6191,1287.65178744563,93,53
59,6967,2874.25809363944,88,29
24,4710,519.571426892949,65,41
50,1501,454.870180151115,75,25
42,6268,1408.47056427768,64,22
90,5855,4842.87090081955,92,2
26,9398,1122.57609930051,77,51
66,5415,2760.89924674476,66,0
35,8847,1512.1562541322,86,51
9,9555,591.752023491342,77,68
46,6819,1783.53719695673,56,10
12,9710,671.852797742235,73,61
54,8141,2841.97109765402,64,10
35,5916,1011.18078438409,85,50
61,3695,1624.02920146268,84,23
70,4827,2740.84859739041,83,13
63,7947,3713.06391587983,79,16
80,4623,3275.85590486785,90,10
25,8488,974.282127557815,95,70
98,2845,2667.59039367506,98,0
89,2303,1880.05888194509,93,4
65,8124,4025.7211771239,86,21
38,8748,1682.85306951409,76,38
62,4473,2027.56916152384,90,28
43,9826,2294.27940649497,49,6
45,9891,2491.66375763238,93,48
88,9828,7915.76039286642,93,5
47,6980,1895.01356709903,90,43
48,5661,1594.813278685,61,13
75,5255,3362.6254391604,87,12
59,7661,3160.57000938305,75,16
9,8334,516.134104005949,65,56
19,4117,372.852314484346,64,45
71,9260,5392.55447779001,82,11
4,9702,508.247221658242,33,29
57,3826,1478.5306450217,78,21
88,3036,2445.28373552528,95,7
46,9842,2574.21514774133,86,40
67,9010,4723.71556959109,76,9
23,5693,603.602260097548,79,56
11,9684,645.443669878891,77,66
29,7081,953.326061103455,86,57
73,1029,629.017612916921,75,2
77,3898,2603.66744805621,81,4
4,5560,291.265156918143,91,87
47,7593,2061.43811102907,59,12
20,4814,453.413447063114,54,34
64,4736,2279.51137939298,87,23
91,4687,3927.18726733832,98,7
68,5466,2944.83150639954,71,3
36,9551,1698.32686834644,66,30
55,6591,2381.2311771411,79,24
4,5720,299.646888052478,64,60
45,7230,1821.32534300699,84,39
58,3726,1488.11421983627,95,37
34,3927,645.143563276214,85,51
57,1121,433.202523018643,91,34
43,1147,267.813808187434,85,42
15,1695,131.450523839615,77,62
47,6231,1691.66612272121,75,28
97,4402,4055.13052215885,97,0
35,5081,868.460034728799,43,8
61,7587,3334.64399228615,85,24
3,7843,399.224577791435,70,67
98,4682,4390.0380397844,98,0
26,2159,257.889103893361,84,58
64,1145,551.106530702063,66,2
55,3926,1418.40594772507,64,9
13,1616,116.114768793933,58,45
65,8967,4443.45664638971,67,2
88,9443,7605.67006408604,95,7
56,6715,2509.65197830845,87,31
30,6203,869.088190424127,62,32
36,3674,653.298389101123,60,24
32,7226,1096.40662165357,85,53
91,2864,2399.71502744974,91,0
13,4669,335.482583848313,80,67
76,4725,3090.15223131511,85,9
78,3969,2705.72772781862,91,13
95,6025,5340.88756151697,97,2
63,9420,4401.29131591644,66,3
29,9159,1233.09043830625,74,45
61,7867,3457.70980457561,84,23
17,3539,296.463579705987,60,43
22,5825,593.643787357789,74,52
94,1287,1122.82671826941,98,4
65,8340,4132.75659985393,70,5
68,5599,3016.48584052891,92,24
34,8856,1454.89976989411,80,46
26,1061,126.734756475616,80,54
42,8021,1802.38391768846,86,44
78,5422,3696.25994966807,79,1
59,6647,2742.24107197091,67,8
61,6024,2647.67304725606,86,25
7,4155,239.78742939503,73,66
95,7439,6594.33403653523,97,2
14,8885,663.183743386337,54,40
80,8569,6071.98988726207,93,13
76,7798,5099.89568249635,88,12
34,7031,1155.08133266999,79,45
10,8197,526.511962105437,55,45
76,6848,4478.59523387215,84,8
29,2016,271.417220616377,67,38
85,3913,3017.86633749555,88,3
27,1433,178.134327554429,53,26
91,3860,3234.2527953757,94,3
13,8472,608.740297786015,39,26
34,2958,485.95229441585,81,47
54,7175,2504.74666818175,78,24
6,7790,434.658811761359,85,79
87,8135,6461.59096924402,87,0
70,7875,4471.55224869474,71,1
93,9203,7915.99906018081,97,4
85,6559,5058.57022939772,91,6
71,1257,732.01306464169,74,3
44,6964,1689.18518658727,90,46
52,6183,2012.6488476217,81,29
0,6070,392.317291082745,36,36
89,6733,5496.49867656809,93,4
74,5773,3611.84951820318,78,4
13,7338,527.258770674431,84,71
9,8516,527.40557112007,78,69
44,5219,1265.91865146452,89,45
88,8205,6608.5484354364,88,0
74,1668,1043.57612963154,81,7
96,9011,8142.35084052946,96,0
36,5391,958.609585096394,70,34
70,8175,4641.89709626406,89,19
37,2344,433.553911680361,76,39
96,8715,7874.88487129222,96,0
90,2583,2136.48770910621,91,1
76,3965,2593.11187241575,76,0
84,5914,4490.40849290977,93,9
78,5673,3867.37047113002,97,19
81,2683,1936.26885805469,84,3
29,5356,721.086623820096,71,42
94,8025,7001.30879107382,94,0
21,2308,226.107122831525,69,48
67,2381,1248.29819880093,98,31
87,8175,6493.36277487029,94,7
45,8947,2253.85862294378,73,28
6,4744,264.701078690101,88,82
92,2493,2116.05306964618,93,1
52,8901,2897.3940470129,79,27
55,3922,1416.96080666779,74,19
2,4844,240.169843945272,36,34
33,8601,1357.97487121006,76,43
48,5130,1445.22030023919,82,34
61,4576,2011.24698941629,89,28
44,6882,1669.29529783078,93,49
37,6147,1136.96923852354,75,38
67,5049,2647.06325314822,68,1
42,9335,2097.65040164839,83,41
43,2241,523.252610416775,64,21
58,8220,3282.9572965792,91,33
63,2586,1208.25258417834,82,19
91,9839,8243.99307090714,91,0
9,3259,201.83357870835,85,76
86,1896,1484.39274587371,89,3
96,8736,7893.86049748811,99,3
19,1149,104.058127117443,64,45
18,1558,135.688823908389,77,59
60,2437,1038.00643417894,82,22
52,8186,2664.65202436216,74,22
26,7774,928.591891462244,83,57
37,9206,1702.77189032825,92,55
42,9821,2206.85855325001,81,39
85,9611,7412.39799889335,97,12
64,1714,824.975190937411,78,14
46,1303,340.804951992171,59,13
69,3059,1692.47654808881,78,9
29,5942,799.980716717516,85,56
50,9295,2816.8010156593,90,40
17,3058,256.169999079092,20,3
72,1565,934.067843500736,73,1
42,2549,572.781025581334,94,52
52,3974,1293.58992729236,82,30
48,6552,1845.82522556865,83,35
18,1467,127.763481818746,40,22
71,4460,2597.2778586332,71,0
28,2024,261.837078663598,99,71
50,2962,897.618570025051,59,9
63,4557,2129.15971620289,88,25
28,4471,578.396036909559,80,52
60,3687,1570.42664046687,71,11
33,5950,939.419891140548,80,47
90,9407,7780.85167617583,97,7
24,3273,361.052501108412,79,55
11,8615,574.194260223735,98,87
70,4100,2328.04625011409,82,12
48,3200,901.501941669672,76,28
7,1431,82.583829473956,65,58
34,6266,1029.40401514865,75,41
82,9647,7085.68089901303,84,2
64,7604,3659.9249427585,84,20
9,1163,72.0259134819917,92,83
62,7195,3261.42636198614,62,0
43,1492,348.368092254274,61,18
33,3597,567.914848476059,83,50
49,9092,2657.03008473295,72,23
25,4779,548.550222384401,78,53
37,8203,1517.25372760836,84,47
99,4466,4253.33333333333,99,0
58,9512,3798.96469647949,83,25
41,5178,1119.52551264027,89,48
76,2695,1762.53127267603,80,4
22,2031,206.985499077025,81,59
73,4216,2577.1994713875,93,20
1,4880,236.351962344214,65,64
53,1451,489.232287587451,69,16
38,6004,1154.98969242828,80,42
49,1383,404.165486931993,73,24
86,6375,4991.03573573045,89,3
71,6898,4017.0454414466,78,7
84,8946,6792.55907635624,89,5
89,6040,4930.76667257853,98,9
74,9593,6001.81403570468,77,3
84,3521,2673.4407006316,87,3
54,3163,1104.18309567371,95,41
66,7280,3711.79067706405,87,21
95,6199,5495.13062138485,95,0
10,9892,635.385669043185,52,42
92,2005,1701.83971305278,98,6
14,7610,568.016689608332,48,34
74,5377,3364.09403418994,90,16
10,3164,203.230919617129,67,57
99,4545,4328.57142857143,99,0
78,4136,2819.57417038494,89,11
85,5367,4139.25086464058,88,3
19,1860,168.449187500822,83,64
62,2085,945.111044439347,79,17
40,4705,978.582080428313,76,36
50,6132,1858.27044949143,63,13
33,8989,1419.23452125418,71,38
12,4367,302.160779375936,74,62
94,2055,1792.85851285442,94,0
83,7923,5918.75476782282,83,0
54,5346,1866.25445130308,73,19
57,8596,3321.86341469068,86,29
4,6799,356.17118738965,15,11
24,9942,1096.72592912308,53,29
20,6786,639.149075980535,97,77
70,9938,5642.95698381312,75,5
42,6232,1400.38107156645,73,31
19,1572,142.366732661985,63,44
80,3971,2813.84897214584,86,6
35,8143,1391.8264244827,85,50
91,4117,3449.59035195901,94,3
77,3625,2421.31721375161,84,7
68,7981,4299.79880215418,69,1
62,2078,941.938009757776,84,22
52,7368,2398.38212991698,63,11
90,8177,6763.47657660144,92,2
61,1560,685.652382755554,86,25
46,1498,391.807995459918,86,40
3,5378,273.75108751273,57,54
48,5568,1568.61337850523,69,21
93,4601,3957.56945299271,94,1
39,8049,1610.15949474855,73,34
23,7202,763.594498019066,73,50
30,3412,478.047542435454,88,58
70,2691,1527.99328269683,79,9
8,5257,314.154379114074,86,78
70,5019,2849.86929983478,73,3
38,9384,1805.20041201649,49,11
66,4832,2463.65007576559,82,16
59,3994,1647.73745170029,79,20
8,8994,537.474697689172,72,64
56,7541,2818.35972724111,88,32
45,6634,1671.18566051291,48,3
17,3982,333.573883692918,83,66
18,4121,358.904777488106,87,69
88,3216,2590.26103209792,88,0
16,4888,393.937963581697,85,69
24,9589,1057.78565020732,75,51
87,8753,6952.46536616999,93,6
61,1043,458.420150778233,83,22
41,2416,522.35875599438,82,41
41,2817,609.058201836162,93,52
22,5056,515.272616116907,87,65
27,5675,705.451715890707,78,51
62,7529,3412.82544536395,75,13
48,7036,1982.17739424619,91,43
79,8551,5945.26603194091,90,11
34,4534,744.86399691733,89,55
80,3959,2805.34577706507,83,3
88,3735,3008.27890388238,90,2
14,7729,576.898947960946,85,71
46,4451,1164.17716140994,76,30
51,9494,2982.41359221798,70,19
71,6223,3623.95966687767,79,8
27,8947,1112.18969199545,93,66
1,9433,456.866405900198,75,74
26,7064,843.783524734923,80,54
69,4521,2501.36857597565,80,11
62,2814,1275.55994199152,71,9
69,2893,1600.63244642724,79,10
47,7223,1960.98610245792,85,38
65,2616,1296.31789750814,72,7
98,2530,2372.23328506077,98,0
14,1130,84.3441339365854,91,77
24,8744,964.5716681002,87,63
93,9050,7784.39546828603,96,3
1,6725,325.710439910827,70,69
7,1319,76.120245336232,85,78
48,7023,1978.51504260816,82,34
21,1322,129.511965504019,27,6
63,3737,1746.03244666452,71,8
53,2443,823.703982478389,70,17
63,5444,2543.59128703281,74,11
17,6590,552.047185719822,77,60
84,4030,3059.91650768116,87,3
44,9670,2345.55151555125,72,28
64,6188,2978.38184452783,85,21
54,8591,2999.06322318458,86,32
31,3441,501.71913519547,89,58
72,7114,4245.97996080782,73,1
8,9025,539.327234450164,67,59
51,6114,1920.63163080058,66,15
98,9725,9118.56470245692,98,0
16,3321,267.648931476026,93,77
2,7702,381.872035108688,90,88
70,4151,2357.00487420087,91,21
49,6984,2040.99187327045,89,40
60,4606,1961.86197612975,79,19
87,1554,1234.33464858085,87,0
21,8128,796.273264460415,91,70
34,7042,1156.8884574971,83,49
83,4750,3548.41412939018,85,2
75,3620,2316.40420357006,76,1
42,8916,2003.4976948149,65,23
70,5221,2964.56816386479,84,14
71,7761,4519.61288359917,98,27
7,9970,575.374409402754,86,79
80,3455,2448.21158367259,82,2
94,7060,6159.4068616799,96,2
76,7229,4727.76941379407,78,2
86,9698,7592.63757884139,90,4
45,6644,1673.70478270241,80,35
54,6009,2097.70351625144,75,21
63,4926,2301.56698749516,86,23
86,9752,7634.9145874264,90,4
40,8461,1759.7838432527,73,33
41,5920,1279.95191866172,72,31
96,5085,4594.81234314641,98,2
85,6023,4645.18501168814,87,2
58,9949,3973.49661115164,77,19
36,8846,1572.96612683411,66,30
87,9763,7754.70345823348,91,4
45,3066,772.362863300059,85,40
12,6228,430.926799622929,30,18
67,1674,877.635944894061,76,9
92,7120,6043.44077652659,93,1
78,2459,1676.33773814714,82,4
84,2598,1972.6211133885,93,9
50,8012,2427.99459251881,80,30
33,4850,765.745625551539,85,52
80,3045,2157.68575174618,82,2
96,1264,1142.15197674279,96,0
32,9995,1516.54915353272,90,58
60,5396,2298.35154650372,84,24
96,4051,3660.48865331094,97,1
96,5005,4522.52424335256,97,1
20,1214,114.342319221982,75,55
67,3350,1756.32043930413,70,3
23,6322,670.292198899824,93,70
37,4991,923.15169504978,77,40
68,3113,1677.14242214083,68,0
78,9847,6712.84982006299,84,6
80,7468,5291.82173860114,81,1
88,7594,6116.43105651481,89,1
86,7995,6259.34599328077,92,6
8,9878,590.301875002629,84,76
92,6407,5438.24790101206,92,0
24,9190,1013.77100066798,55,31
48,5080,1431.1343324006,79,31
46,4431,1158.94608002863,57,11
66,7523,3835.68698675177,94,28
57,6799,2627.42547190344,94,37
17,1450,121.46713494594,88,71
3,4955,252.219531168757,94,91
14,9033,674.230585707235,86,72
52,7854,2556.5816026558,86,34
69,3833,2120.7135040289,79,10
41,3807,823.104215261011,50,9
0,7430,480.217046580691,59,59
7,6793,392.027920067494,73,66
14,7077,528.233129087801,46,32
37,9154,1693.15380013738,88,51
3,5505,280.215644618367,62,59
59,2132,879.563406866553,85,26
4,6205,325.054010553431,84,80
45,6673,1681.01023705195,55,10
43,4250,992.33538343208,84,41
4,2560,134.107698149361,18,14
67,2261,1185.38522784078,82,15
27,7856,976.568930403065,63,36
95,2537,2248.934729223,97,2
71,3262,1899.62340243532,72,1
1,8912,431.632927953203,68,67
49,2430,710.138924978121,72,23
28,2315,299.48262702877,72,44
47,2776,753.661556198697,85,38
34,6286,1032.68969665248,64,30
25,2369,271.922049974607,70,45
4,7704,403.580354118233,61,57
26,2285,272.939602777364,55,29
87,1284,1019.87496060348,87,0
76,2779,1817.46731234385,81,5
55,3919,1415.87695087482,64,9
31,7968,1161.78380390512,88,57
97,9617,8859.1981443893,97,0
99,5503,5240.95238095238,99,0
81,1599,1153.96716512466,84,3
72,2278,1359.6207971212,88,16
31,6863,1000.66795258544,71,40
46,3291,860.774441294118,65,19
24,5717,630.656018587471,83,59
51,2180,684.817951446725,78,27
76,2383,1558.48312533839,80,4
43,9375,2188.97511051194,75,32
81,5815,4196.57227342081,81,0
33,9891,1561.64741903717,39,6
99,6659,6341.90476190476,99,0
30,3471,486.313897946501,81,51
19,9512,861.445522316031,86,67
13,1782,128.042399746775,81,68
5,9447,510.33932223772,89,84
29,6502,875.374389110954,79,50
37,5729,1059.65459045085,89,52
75,8394,5371.24223336107,86,11
72,1409,840.959483381813,84,12
12,4136,286.177463590307,88,76
39,8640,1728.3858907476,60,21
9,1345,83.2973805961125,84,75
32,8450,1282.12509728379,59,27
66,8961,4568.86761774327,95,29
41,3813,824.401463827222,54,13
37,7193,1330.44082197817,85,48
47,8537,2317.72647884304,92,45
29,3253,437.956457671168,72,43
94,6328,5520.78280746606,94,0
35,1616,276.2116544227,75,40
5,7420,400.838125437057,82,77
8,9895,591.317782258657,82,74
15,1160,89.9602405038072,85,70
5,6617,357.459012940297,49,44
47,4621,1254.56413947917,88,41
81,4669,3369.52638772171,84,3
54,9549,3333.49490375853,66,12
80,1932,1369.01440800447,83,3
87,8053,6396.45876771015,91,4
25,7881,904.608558822236,66,41
79,5918,4114.61634627836,89,10
81,9208,6645.23430673411,89,8
84,7294,5538.22109355493,85,1
30,7910,1108.25206936238,66,36
68,4574,2464.26258878001,68,0
35,8365,1429.77134235513,61,26
52,4686,1525.35540998792,67,15
86,5077,3974.82171455741,96,10
85,1802,1389.77642222514,86,1
28,2785,360.284715453617,93,65
42,6921,1555.20497373418,86,44
16,8165,658.040808642503,64,48
85,7064,5448.046973695,97,12
10,6421,412.435440853851,78,68
20,1812,170.66580101337,76,56
54,2645,923.352604507417,60,6
32,6459,980.029112823194,77,45
20,4278,402.929523584546,89,69
45,5340,1345.21124919188,75,30
33,7013,1107.25238597793,82,49
75,7177,4592.49529531003,82,7
50,8981,2721.64496198345,92,42
14,7966,594.588823839681,79,65
8,4278,255.650073016931,63,55
78,7161,4881.76272585265,82,4
80,6238,4420.24424282189,84,4
42,9149,2055.85468930703,70,28
29,9281,1249.51548836339,60,31
14,1521,113.528697095174,85,71
74,9695,6065.62984219294,86,12
27,2331,289.763515372905,58,31
30,7382,1034.27519292454,72,42
21,7049,690.567204869767,72,51
28,9352,1209.83219350888,80,52
22,6057,617.287625755558,81,59
1,1060,51.33874591903,79,78
99,6581,6267.61904761905,99,0
70,8518,4836.65803865166,79,9
45,4056,1021.75596006035,90,45
44,4254,1031.84861914736,56,12
35,7550,1290.46905376942,87,52
93,5664,4871.91336269305,94,1
58,6499,2595.61307426621,90,32
50,3567,1080.96064796737,84,34
50,3030,918.225613496254,55,5
70,8005,4545.36834930811,72,2
57,9847,3805.30351843406,66,9
30,6401,896.829519088318,77,47
29,2041,274.783009562512,69,40
37,6047,1118.47291123342,90,53
7,6069,350.24546546292,65,58
61,2982,1310.65090088273,69,8
9,2834,175.512845062738,70,61
56,4013,1499.81137586773,68,12
22,8132,828.757301080436,76,54
14,7071,527.785284128845,87,73
91,4677,3918.80837408605,95,4
7,2046,118.07583165878,73,66
45,5931,1494.09137059121,62,17
80,2156,1527.7407161789,87,7
87,6707,5327.33750838594,88,1
2,2036,100.946697413826,81,79
57,7629,2948.17310268441,73,16
63,6199,2896.34871203461,79,16
29,9451,1272.40285319711,95,66
49,4485,1310.68850968184,84,35
83,1212,905.405878909663,90,7
64,9118,4388.6369842283,84,20
44,2747,666.31127334222,82,38
44,6980,1693.06614049097,79,35
91,1067,894.027910017066,97,6
14,8342,622.653774600881,73,59
47,4097,1112.30237598922,84,37
47,4696,1274.92603310846,79,32
85,9324,7191.05180956005,86,1
6,1113,62.1020869692417,74,68
99,9444,8994.28571428571,99,0
4,2133,111.738953184604,85,81
45,6655,1676.47581711086,81,36
2,6531,323.812809827946,69,67
94,7606,6635.75759064268,95,1
40,9055,1883.32853098371,69,29
6,2602,145.183854711561,90,84
64,4410,2122.60244576078,78,14
92,6242,5298.19625380323,97,5
70,7193,4084.30162855381,83,13
80,8709,6171.19382987109,82,2
77,4617,3083.92319334929,77,0
28,9324,1206.20994143251,76,48
46,8978,2348.23243206885,73,27
65,3317,1643.68748701624,93,28
83,4288,3203.28416564739,88,5
38,4778,919.144029051021,84,46
48,7853,2212.34210872873,81,33
92,9244,7846.28743514211,92,0
87,4404,3498.07579945306,89,2
47,1216,330.134168709516,62,15
8,9876,590.182356501919,89,81
54,7137,2491.48111091472,57,3
56,8588,3209.66361723202,74,18
38,1456,280.09077151492,87,49
77,3425,2287.72729851014,85,8
92,5205,4417.99287104226,97,5
84,8292,6295.98701778962,84,0
66,2880,1468.40070740995,67,1
50,7412,2246.16773836113,71,21
1,3243,157.06750284473,74,73
45,8854,2230.43078658145,71,26
40,1114,231.698286418096,84,44
52,1065,346.671684088163,55,3
72,9173,5474.89094468514,80,8
6,9654,538.664463253423,42,36
53,7412,2499.0969783585,86,33
62,6399,2900.60698962464,78,16
1,1739,84.2246029747105,67,66
65,1866,924.667124139979,84,19
23,2543,269.622439386626,85,62
78,6335,4318.6659500456,85,7
93,8786,7557.31476070288,93,0
44,6270,1520.8488110141,82,38
6,6881,383.939317551979,50,44
7,9105,525.454764053368,86,79
1,3501,169.563159870306,39,38
72,9525,5684.98160341502,85,13
85,6068,4679.89086018987,92,7
31,5211,759.796109707524,73,42
15,8376,649.574977982663,87,72
19,4004,362.618573523275,86,67
32,6618,1004.15430696143,60,28
66,9880,5037.43020458693,82,16
19,6307,571.187648154668,61,42
40,8061,1676.58876733956,67,27
33,2688,424.396750821142,68,35
87,6697,5319.39455697937,95,8
78,7851,5352.14623106677,80,2
92,1611,1367.41335547533,98,6
21,5022,491.988722209671,84,63
93,1161,998.639020848627,95,2
77,9135,6101.71937865405,83,6
67,9978,5231.21353533629,82,15
96,9088,8211.92813658104,97,1
30,7794,1091.99957378134,76,46
60,7242,3084.62970714973,62,2
61,2276,1000.34924561003,68,7
64,9970,4798.71800096032,68,4
71,2569,1496.05534054455,81,10
17,2352,197.028069926104,79,62
75,8704,5569.60833919166,91,16
89,2024,1652.29664657267,99,10
91,3761,3151.30175217824,92,1
60,7128,3036.07298433628,63,3
14,7395,551.968911912433,91,77
9,8647,535.518550196718,74,65
91,8279,6936.88572355322,95,4
96,6664,6021.59871282747,96,0
25,5228,600.088002223404,87,62
10,6257,401.901347675213,77,67
10,6553,420.914101217144,82,72
63,7283,3402.82427322924,84,21
17,7789,652.48794075443,65,48
96,4227,3819.5224728574,96,0
4,3740,195.922965265082,90,86
65,2824,1399.38904532224,86,21
56,4939,1845.89294428376,75,19
18,7777,677.311927814851,54,36
56,3435,1283.79069925384,66,10
32,3060,464.296189075549,85,53
90,2652,2193.55997078966,91,1
23,7254,769.107815694293,67,44
20,5174,487.320559847227,92,72
58,8972,3583.29596896698,91,33
21,6783,664.508065063361,67,46
60,9993,4256.38009714821,75,15
9,7670,475.011828380805,82,73
42,2219,498.627342395049,84,42
81,8546,6167.4817968451,83,2
79,1465,1018.57265077692,79,0
3,6488,330.252334656488,86,83
84,2653,2014.38176051566,89,5
53,9303,3136.68364674435,70,17
48,6687,1883.85733873284,91,43
42,8465,1902.15432779364,95,53
98,6421,6020.59680765819,99,1
22,6738,686.690444500735,60,38
16,1337,107.75267129884,75,59
63,7461,3485.99092442172,81,18
78,7854,5354.19137674162,78,0
89,2511,2049.86011835177,91,2
30,9115,1277.08187259647,87,57
65,2013,997.510675720139,68,3
11,4095,272.933893861427,77,66
81,9112,6575.95297599492,83,2
25,8895,1020.9990014876,67,42
5,4204,227.105590207195,71,66
93,7791,6701.46133628911,98,5
70,9675,5493.62133411068,75,5
68,9460,5096.61654784846,83,15
52,9461,3079.68150531278,89,37
96,1949,1761.1188312276,97,1
41,2222,480.414385686884,96,55
81,9961,7188.65974471964,88,7
52,2542,827.454855354093,78,26
45,7410,1866.66954241795,85,40
36,8084,1437.46983600802,85,49
27,7801,969.731953420865,59,32
76,5005,3273.27236354119,76,0
39,9384,1877.21912022865,59,20
83,8733,6523.85275620304,91,8
88,3556,2864.10703673514,88,0
49,4465,1304.84374486721,75,26
34,1601,263.018804381263,91,57
61,7645,3360.13619626039,75,14
94,1185,1033.83812055109,94,0
0,8077,522.034062615376,90,90
3,2149,109.388450551293,74,71
52,6350,2067.00957179327,88,36
60,7869,3351.69168262376,91,31
66,5419,2762.93869217172,69,3
82,7875,5784.15435676662,92,10
95,7408,6566.85395115647,99,4
10,4650,298.680080979661,90,80
60,6329,2695.74998847703,80,20
21,9472,927.940497166468,77,56
1,2102,101.80570181302,60,59
30,8936,1252.00259062228,84,54
43,6459,1508.11629213831,93,50
36,9833,1748.47116495137,79,43
92,3794,3220.33908794128,92,0
57,2578,996.249870064283,69,12
24,9403,1037.26754290327,83,59
95,6734,5969.38370776021,98,3
38,8249,1586.86042185891,97,59
95,6871,6090.82795604699,96,1
96,2374,2145.14936138241,97,1
14,5521,412.092003065388,88,74
98,9943,9322.97057445029,99,1
67,3541,1856.45691808236,74,7
76,3855,2521.17182046979,87,11
80,2381,1687.1756239434,81,1
22,1554,158.372952026438,81,59
88,7621,6138.17765100071,98,10
65,6063,3004.4248519082,71,6
33,7950,1255.19128312056,65,32
69,3698,2046.02101171377,88,19
75,7743,4954.67341111684,76,1
94,4184,3650.27738091624,97,3
63,5072,2369.78233060809,80,17
6,7251,404.58421618506,61,55
98,4495,4214.69905784512,98,0
60,6427,2737.49173265001,82,22
14,2262,168.837549526156,58,44
30,5439,762.045891942097,85,55
4,4397,230.340448735445,65,61
75,3085,1974.06269834631,93,18
89,8317,6789.60039997279,90,1
17,6280,526.078349972759,54,37
98,8134,7626.77689355111,98,0
33,4918,776.481852878859,79,46
30,5008,701.659464395297,53,23
93,3194,2747.33250007796,97,4
48,8556,2410.39081653929,65,17
49,9537,2787.07610185858,74,25
54,1109,387.144816029764,79,25
63,3773,1762.85266825401,68,5
85,6866,5295.34124028735,86,1
76,7142,4670.87137270953,93,17
11,4939,329.186935722,84,73
35,1764,301.50826633765,65,30
85,5601,4319.72127684962,86,1
43,1957,456.941257735666,77,34
3,1713,87.195167889421,59,56
72,7413,4424.43765103575,93,21
32,3561,540.313310228115,78,46
32,8891,1349.03837159173,81,49
4,1587,83.1362956886858,90,86
71,1661,967.282180087388,77,6
42,8757,1967.76910200696,73,31
90,9680,8006.65932022771,94,4
92,3257,2764.53463611617,98,6
66,1318,671.99726818275,81,15
61,2223,977.054645426665,64,3
23,8855,938.854384887368,70,47
92,2007,1703.53730877653,94,2
82,1584,1163.44133347534,98,16
33,2712,428.186007524902,82,49
85,9914,7646.08404547172,86,1
6,8125,453.350814577798,56,50
93,7676,6602.54360381918,97,4
37,3898,720.986837768792,89,52
19,7356,666.18936734196,64,45
48,3027,852.764492948156,76,28
90,6925,5727.90452402654,95,5
37,9826,1817.44911952698,68,31
90,1146,947.895824481503,94,4
15,4394,340.763186873904,77,62
35,3055,522.169928379548,78,43
3,4426,225.292360232678,51,48
63,3744,1749.30304530692,74,11
79,1015,705.70050548708,84,5
58,4949,1976.56394899884,70,12
14,3267,243.851580151172,74,60
9,9246,572.615301852533,88,79
20,6268,590.360508141172,84,64
4,6695,350.723062152332,73,69
19,1191,107.861818448107,67,48
77,3190,2130.75914810142,79,2
5,4204,227.105590207195,67,62
6,3388,189.040315051025,46,40
49,9392,2744.70155695248,93,44
0,7215,466.321129351236,56,56
22,2468,251.521522265927,87,65
81,9523,6872.56367322208,92,11
87,4579,3637.07744906802,87,0
98,7006,6569.11715222757,98,0
23,4800,508.921631559499,83,60
56,2662,994.891074647371,67,11
35,2970,507.641468833799,79,44
9,5994,371.21524111011,80,71
65,4841,2398.88185850034,79,14
15,6120,474.617820589052,62,47
59,5798,2391.9834113566,78,19
71,7808,4546.98330049508,83,12
37,4833,893.927497931394,72,35
41,6462,1397.13670580947,47,6
23,7574,803.035924464927,51,28
94,1649,1438.6489964462,94,0
48,7492,2110.64142093412,69,21
96,2385,2155.08897510407,97,1
51,4908,1541.78280078006,81,30
68,5112,2754.11245164919,82,14
12,6382,441.582343480015,87,75
54,5394,1883.01094469301,80,26
52,2267,737.938692796117,64,12
78,9472,6457.20661070748,79,1
3,5299,269.729827580877,60,57
21,6804,666.565365574393,84,63
37,6273,1160.27461090909,85,48
96,6208,5609.55654400254,98,2
39,9559,1912.22693630282,50,11
95,2915,2584.01447997045,95,0
14,2776,207.202934343328,66,52
49,5232,1528.99047550845,59,10
52,1347,438.466439874887,63,11
61,5007,2200.68043619042,83,22
50,7731,2342.83901582163,68,18
32,6623,1004.91296086515,89,57
68,4040,2176.56774347862,91,23
40,4316,897.674869102784,84,44
69,1282,709.30203813333,73,4
89,4784,3905.42843735359,94,5
62,2982,1351.71277434922,83,21
69,7656,4235.89423084928,95,26
97,4758,4383.07837901677,99,2
40,2097,436.150185474638,74,34
95,4613,4089.21399523283,96,1
4,6724,352.242250920431,88,84
91,6224,5215.02316021201,93,2
67,5812,3047.08489350316,82,15
86,7749,6066.75073194906,87,1
96,6856,6195.0901523327,97,1
2,1976,97.9718438554619,72,70
82,6753,4960.05007888825,96,14
36,6377,1133.93680655903,43,7
81,9086,6557.18928225305,92,11
8,9078,542.494474718958,79,71
9,3232,200.161437982629,39,30
82,8059,5919.30158237234,88,6
95,3935,3488.19793436835,95,0
48,8706,2452.64872005505,86,38
30,2427,340.04143771713,55,25
86,6135,4803.13791979706,89,3
77,3234,2160.14892945454,82,5
46,6075,1588.9409695721,85,39
43,5961,1391.83793426791,75,32
35,6546,1118.86230807611,78,43
76,4717,3084.92022753723,93,17
37,8836,1634.33547935481,77,40
59,2541,1048.29766268664,74,15
13,5438,390.737693503346,96,83
14,6431,480.015155173611,43,29
22,4553,464.010328556225,78,56
50,9608,2911.65402457822,88,38
29,5144,692.544733556866,72,43
44,2508,608.339524405638,89,45
57,4201,1623.44674326612,61,4
79,4467,3105.77749557713,85,6
10,2344,150.560453723941,78,68
18,6247,544.061670703275,55,37
62,9594,4348.87067642738,80,18
67,6274,3289.29983169973,71,4
12,8363,578.651384914347,71,59
70,8018,4552.74995936945,81,11
86,9423,7377.33799808439,91,5
41,3648,788.727128256414,66,25
28,7110,919.793295107798,72,44
20,5006,471.497240547975,54,34
32,7305,1108.39335333232,86,54
28,2543,328.9781082221,75,47
24,1020,112.518652957709,87,63
80,9039,6405.03169459235,80,0
31,1941,283.009834761525,85,54
95,4019,3562.66010120111,98,3
56,6156,2300.7323273964,75,19
85,5192,4004.28367602271,88,3
4,9870,517.048039349294,87,83
25,8664,994.484018986912,72,47
12,6286,434.939926530143,56,44
67,3972,2082.41933878089,93,26
40,1208,251.249129257684,84,44
76,1251,818.15459076724,99,23
58,2979,1189.77248011064,92,34
34,4512,741.249747263121,81,47
99,1858,1769.52380952381,99,0
3,4633,235.829079294622,84,81
26,9571,1143.24067316506,84,58
68,4257,2293.47744653181,90,22
79,7751,5389.04888475897,90,11
85,3191,2461.03027931211,86,1
10,5151,330.860450994889,91,81
20,2561,241.211432889206,86,66
78,7917,5397.13943591334,81,3
84,7089,5382.5677724446,89,5
60,4143,1764.65353172071,80,20
26,3365,401.943878925965,80,54
89,2091,1706.99223714598,90,1
40,6659,1384.990026264,57,17
14,2900,216.458396828405,47,33
49,3540,1034.52337219035,73,24
87,7935,6302.73194111263,87,0
27,5248,652.371912774349,64,37
51,9697,3046.18333723802,70,19
65,7183,3559.42334013798,65,0
90,9488,7847.84954858683,92,2
46,8894,2326.26189026736,66,20
85,5377,4146.96327541875,85,0
12,4178,289.083521005876,76,64
51,6342,1992.25479269501,80,29
68,6370,3431.86547672248,79,11
24,3509,387.08622865549,71,47
5,7911,427.362588993606,76,71
44,5588,1355.4231508687,81,37
72,7851,4685.8572775235,86,14
29,7654,1030.46994374888,82,53
1,8006,387.752830026183,83,82
62,7569,3430.95707211579,78,16
80,3606,2555.21012177232,85,5
70,9764,5544.15697222291,82,12
41,8878,1919.49546180385,97,56
1,9740,471.735269105049,85,84
21,4393,430.36767356971,74,53
43,8870,2071.06231789237,87,44
65,1270,629.328642903416,76,11
6,3707,206.839565494141,79,73
71,5022,2924.55816279281,81,10
88,4893,3940.96617849973,88,0
54,2298,802.217121042739,83,29
3,4269,217.300742393426,49,46
56,5149,1924.37796519884,59,3
71,7027,4092.16850058644,81,10
59,9102,3755.05916008413,73,14
59,4893,2018.6227719503,80,21
43,7689,1795.30982663747,96,53
1,3000,145.298337506689,92,91
15,7153,554.728965796322,63,48
67,6657,3490.0970640142,91,24
44,3484,845.077712531597,84,40
25,2974,341.366051762128,68,43
43,8477,1979.3004812597,80,37
43,4185,977.158489332531,84,41
79,4163,2894.41497964799,79,0
21,4933,483.269686710535,86,65
95,5958,5281.49511892417,98,3
37,1970,364.377647615321,83,46
81,5830,4207.39748134881,86,5
72,9170,5473.10039929824,99,27
72,9258,5525.62306398071,84,12
83,9667,7221.58302922418,97,14
1,5573,269.915878308259,88,87
57,3278,1266.75992012053,66,9
18,7904,688.372570071825,75,57
28,1506,194.825415250681,77,49
73,1475,901.653040867306,83,10
54,6676,2330.54895564897,82,28
15,6099,472.989230028207,87,72
93,1728,1486.34644963517,93,0
22,1504,153.277297199333,67,45
33,7961,1256.92802577645,54,21
57,8165,3155.30651244177,92,35
91,8621,7223.44387278081,91,0
57,2064,797.618204737269,80,23
48,2303,648.799678645392,74,26
59,8313,3429.55469103267,88,29
81,7474,5393.84027025746,95,14
26,2787,332.902701505695,72,46
67,3605,1890.01050259444,83,16
3,2595,132.090753457704,62,59
65,3282,1626.34378425906,70,5
76,4867,3183.02029837263,93,17
74,6439,4028.52919586182,77,3
83,6184,4619.66167918923,86,3
8,6040,360.945872141717,61,53
50,3769,1142.17568886712,81,31
81,2631,1898.74147057096,88,7
47,4209,1142.70947047562,64,17
21,7391,724.071813192289,85,64
82,7258,5330.97045351265,85,3
50,1675,507.59996785684,94,44
69,7025,3886.77598899114,74,5
15,6378,494.626218908002,82,67
72,5982,3570.34750148332,80,8
8,5658,338.117838506264,87,79
33,6384,1007.94228320021,74,41
54,4263,1488.18606919286,82,28
23,8898,943.413474503422,82,59
30,7110,996.165892941406,80,50
33,2144,338.506932202577,75,42
87,7188,5709.39347104192,97,10
7,5959,343.897302470513,92,85
38,2287,439.950270916636,47,9
6,9030,503.847120693848,89,83
83,9100,6798.01443735803,87,4
6,9074,506.302189720484,7,1
78,5248,3577.64150052712,81,3
96,6649,6008.04469411612,98,2
88,8524,6865.48042214014,90,2
21,9318,912.853626752233,88,67
42,7898,1774.74481759175,53,11
8,4712,281.585587670823,89,81
25,4500,516.525633130321,91,66
53,9699,3270.20258946291,68,15
43,6896,1610.15171862297,89,46
44,5413,1312.97521754694,68,24
6,7907,441.18706349128,82,76
87,7017,5573.56900198958,97,10
89,5923,4835.25347709978,89,0
15,1757,136.25874359068,81,66
82,8254,6062.52826168276,92,10
25,3303,379.129814717656,82,57
22,4855,494.788083711942,75,53
2,3269,162.079938038211,72,70
59,4850,2000.88298466359,84,25
16,3191,257.171857976513,68,52
87,5902,4687.92992015712,91,4
93,6317,5433.59405228319,97,4
26,3699,441.839645808958,66,40
62,8234,3732.39536686503,81,19
67,4965,2603.02417347611,84,17
16,4175,336.47524508052,67,51
9,1709,105.840314824354,59,50
38,6268,1205.7753817689,74,36
63,3759,1756.3114709692,82,19
15,7612,590.325302340501,63,48
94,8551,7460.21077538595,95,1
21,5214,510.798326881964,50,29
25,3603,413.564856926344,90,65
27,5211,647.772491895414,76,49
53,3720,1254.26885584102,70,17
59,7394,3050.41830692837,84,25
97,3037,2797.69000358847,97,0
76,4331,2832.47604525413,78,2
13,9718,698.269383130842,87,74
26,2614,312.238127641151,41,15
91,4217,3533.37928448169,91,0
10,5222,335.420942553934,62,52
90,1325,1095.95285116753,91,1
96,2446,2210.20865119688,97,1
90,4342,3591.41681492032,93,3
67,4459,2337.74114592749,87,20
46,9381,2453.63872190219,85,39
66,4330,2207.69967468233,68,2
98,6720,6300.95165043809,98,0
39,8064,1613.16016469776,85,46
55,3503,1265.5822809172,88,33
23,7671,813.320382436025,37,14
2,6583,326.391016245195,57,55
13,4203,301.998993342141,67,54
91,3587,3005.50900958877,94,3
39,1457,291.465074400377,75,36
21,6722,658.532096912267,65,44
68,8149,4390.30954000181,96,28
50,1077,326.379203213025,95,45
45,4806,1210.69012427269,58,13
65,3221,1596.11618802512,66,1
6,4176,233.008369437155,66,60
79,3478,2418.15404737346,88,9
83,4729,3532.72640376551,88,5
3,9162,466.364348046045,80,77
50,1381,418.50480931958,78,28
54,2766,965.592931594524,87,33
51,2262,710.577158794721,76,25
5,2492,134.621106278861,78,73
89,2694,2199.25255230572,90,1
23,8157,864.848697631424,75,52
81,1175,847.974621026561,87,6
55,2168,783.266453048384,65,10
96,9814,8867.9426422102,98,2
42,6243,1402.85286100599,78,36
96,9789,8845.35261102462,96,0
38,4573,879.70817179789,64,26
25,9808,1125.79631327604,85,60
89,7813,6378.15894252584,89,0
59,2094,863.886385543416,75,16
10,2199,141.246773779414,74,64
1,8488,411.097429585591,85,84
53,8085,2726.0117471706,88,35
99,4788,4560,99,0
34,4740,778.706516406736,76,42
29,8386,1129.02024409173,84,55
3,2867,145.936104109148,91,88
12,2061,142.604388892559,70,58
0,9699,626.867447481308,70,70
47,3759,1020.53810869989,95,48
79,2922,2031.58313008202,87,8
57,2288,884.181420755268,68,11
32,3818,579.308120879231,46,14
74,6700,4191.82258305237,82,8
58,2895,1156.22401138647,77,19
10,6667,428.236580621807,96,86
12,7241,501.018136812721,81,69
99,4356,4148.57142857143,99,0
23,7436,788.404427557591,81,58
56,9699,3624.88675169228,75,19
20,7293,686.901593151494,89,69
75,5081,3251.28446362969,77,2
20,8182,770.633324443374,82,62
13,1617,116.186621992444,49,36
1,8021,388.479321713717,70,69
16,9668,779.17189687149,62,46
91,9853,8255.72352146031,93,2
74,8465,5296.08629336393,92,18
65,5969,2957.84462164605,85,20
31,2499,364.369694522952,78,47
33,2729,430.870064356732,82,49
90,1587,1312.66201871915,92,2
28,9873,1277.23195535855,66,38
63,1768,826.059771394933,83,20
79,4787,3328.2643544499,80,1
0,7825,505.746754978991,72,72
40,4308,896.010967584521,79,39
23,1030,109.206100105476,80,57
93,9198,7911.69828920385,96,3
5,2064,111.499985296777,75,70
18,4970,432.845606434333,91,73
30,7703,1079.24977121345,83,53
1,7492,362.85838153337,78,77
68,1823,982.149256525131,73,5
14,2264,168.986831179141,90,76
71,3346,1948.54074327056,86,15
31,7222,1053.0123784893,61,30
78,3664,2497.80458420948,87,9
65,9476,4695.68363791557,83,18
21,1388,135.97776711012,40,19
30,4516,632.726465896398,75,45
72,1232,735.317305554573,84,12
42,6809,1530.03766307701,80,38
56,6775,2532.07626999848,82,26
23,6677,707.931194567245,51,28
37,1666,308.148812653363,52,15
99,2172,2068.57142857143,99,0
12,6825,472.234330029944,85,73
88,6503,5237.7075533995,88,0
41,5162,1116.06618313038,67,26
69,3089,1709.0748797144,92,23
11,1069,71.2494096551564,87,76
2,4398,218.056765828098,21,19
8,4151,248.060648221898,19,11
1,5563,269.43155051657,80,79
13,3425,246.097204900508,73,60
26,6149,734.488235220136,89,63
52,1211,394.196628573488,64,12
42,1375,308.973679942854,85,43
55,1274,460.277426745222,57,2
58,1708,682.152197391396,98,40
49,1411,412.348157672481,85,36
46,4695,1227.99635426189,75,29
43,6771,1580.96538381614,78,35
55,9605,3470.14496380523,74,19
17,2219,185.886601686235,85,68
89,8229,6717.7614153392,91,2
19,7677,695.260436797747,71,52
94,3633,3169.5644657908,94,0
49,9570,2796.71996380273,66,17
34,1272,208.969343643327,77,43
47,4213,1143.79543813585,74,27
49,1710,499.727391651271,89,40
93,5629,4841.80796585437,96,3
9,6432,398.341079549588,79,70
41,1399,302.47512402158,82,41
65,4402,2181.34227248885,83,18
31,1795,261.722129519287,55,24
53,1131,381.338192461342,82,29
30,7652,1072.10427746662,68,38
68,5115,2755.72871482504,82,14
29,5107,687.563365916586,60,31
19,9421,853.204191099593,67,48
7,5802,334.836742563168,85,78
63,4452,2080.10073656688,75,12
81,6241,4504.00817857597,84,3
68,7478,4028.80534300325,93,25
60,4984,2122.86584651122,66,6
93,2620,2253.60399192369,93,0
50,2544,770.945861628538,74,24
62,3430,1554.78699396976,79,17
20,1952,183.851900429414,75,55
55,7718,2788.3996700311,79,24
71,2318,1349.88566733448,90,19
79,3114,2165.07524540568,89,10
35,2546,435.170094158536,81,46
80,8350,5916.80657703796,90,10
23,1853,196.464954849948,77,54
14,4050,302.295347294841,85,71
9,5524,342.107606254963,63,54
61,8034,3531.1097711911,65,4
85,9093,7012.89512058446,86,1
22,6119,623.606237741169,89,67
24,4870,537.221411670628,77,53
93,1657,1425.27550176243,94,1
68,7351,3960.38353522558,74,6
66,5192,2647.20016419183,90,24
21,2345,229.731890398582,74,53
14,4470,333.644494421714,46,32
29,4457,600.052853317059,91,62
27,2644,328.672129835248,72,45
4,1105,57.8863306465015,80,76
34,5411,888.941130860095,64,30
58,2684,1071.95345304362,88,30
6,3568,199.083779250902,77,71
59,5659,2334.63851756934,67,8
96,6466,5842.6856658377,97,1
65,5333,2642.68476582986,88,23
37,3367,622.771339858267,74,37
62,8729,3956.77424791897,70,8
31,9264,1350.74863948004,86,55
40,1031,214.435308166119,66,26
72,3246,1937.37010862836,90,18
15,2761,214.120882785355,71,56
8,5203,310.927379594926,82,74
58,7691,3071.68182092344,80,22
40,5554,1155.16362905395,84,44
34,6271,1030.22543552461,73,39
78,4729,3223.83129877911,99,21
45,6175,1555.55795201496,73,28
31,8176,1192.11149356529,70,39
62,6017,2727.44995414463,84,22
97,1482,1365.22113444785,97,0
28,8179,1058.08570473793,71,43
41,6070,1312.38313281701,73,32
72,8664,5171.09507737404,93,21
82,4772,3505.01391625274,87,5
99,8532,8125.71428571429,99,0
7,3211,185.308648805641,74,67
24,7155,789.285256776868,78,54
89,3561,2907.02982136625,93,4
49,5645,1649.68486893066,60,11
37,3375,624.251046041476,68,31
19,8110,734.474683135304,83,64
76,8432,5514.53198189398,77,1
9,8596,532.360062159244,87,78
15,3172,245.994726619032,89,74
8,5628,336.325060995626,88,80
65,5052,2503.43960940792,67,2
72,4612,2752.66510813124,84,12
74,8421,5268.55790625134,84,10
56,8508,3179.76456164532,75,19
74,6167,3858.35371189313,89,15
89,4506,3678.48255407928,92,3
48,4866,1370.84639005145,67,19
55,2512,907.54858397488,80,25
97,6548,6032.02968175742,97,0
65,1132,560.944900603675,87,22
23,2644,280.330998717358,76,53
10,8901,571.731484043003,73,63
63,8142,3804.17344948956,83,20
31,9123,1330.18996523925,64,33
31,9172,1337.33446905343,84,53
74,2418,1512.81000086875,78,4
54,8730,3047.58723529291,63,9
9,9982,618.196619412933,65,56
18,4915,428.055564512022,82,64
79,9693,6739.26600954312,80,1
17,1896,158.828750246553,65,48
38,7520,1446.62266606607,84,46
17,8361,700.404631229656,98,81
46,2662,696.256931852003,83,37
52,6239,2030.87759345169,69,17
4,5546,290.531755443889,62,58
62,6354,2880.20890952883,77,15
69,4980,2755.3230498471,85,16
82,3048,2238.74317199043,97,15
78,3986,2717.31688664274,84,6
54,4974,1736.39162753115,55,1
35,1431,244.590889529012,71,36
93,8690,7474.73995794537,95,2
77,4323,2887.54601794433,92,15
90,8046,6655.12199282563,92,2
54,1513,528.17863539498,91,37
2,5575,276.413476464676,78,76
53,3085,1040.16651082515,68,15
60,1963,836.112691954561,61,1
17,2311,193.59348197246,79,62
24,8401,926.734513233049,61,37
40,7708,1603.16911284621,82,42
90,9168,7583.16659585203,93,3
34,3269,537.044641800342,90,56
96,7691,6949.59719393098,96,0
59,9469,3906.46618181022,74,15
62,7597,3443.64921084207,75,13
40,8664,1802.00534427862,55,15
3,9696,493.546029104393,63,60
61,4520,1986.6338269584,72,11
86,9515,7449.36549419219,89,3
84,9786,7430.35805066199,87,3
15,6124,474.928028314927,75,60
83,3523,2631.80273217718,86,3
9,5409,334.985525386151,69,60
75,4786,3062.51671775865,89,14
24,5492,605.835727493859,73,49
32,1874,284.343483113588,58,26
50,1400,424.26265970124,69,19
48,1324,372.996428365827,88,40
9,3541,219.298159621438,82,73
80,8838,6262.6031769894,80,0
28,1989,257.309263568131,81,53
50,7197,2181.0131156213,70,20
73,4959,3031.38808790574,95,22
91,3193,2675.38061544938,91,0
62,8319,3770.92507371267,99,37
53,9646,3252.33262995765,88,35
95,8708,7719.24462833026,98,3
93,2955,2541.75564737958,95,2
34,4841,795.299208001057,81,47
88,5086,4096.41405760262,88,0
33,9624,1519.49193820784,85,52
10,4875,313.132342962548,75,65
60,8558,3645.16170032966,78,18
29,1507,202.889757673055,77,48
76,2288,1496.35308047597,93,17
8,9059,541.35904896222,75,67
13,8291,595.734868855507,74,61
46,2424,634.007063414446,91,45
3,3552,180.803990860025,75,72
26,1337,159.702515935814,76,50
66,8300,4231.84926093841,80,14
62,5101,2312.23570152763,86,24
57,9810,3791.00513007394,63,6
48,4166,1173.6428403112,99,51
42,6849,1539.02598831171,88,46
81,7852,5666.63551004303,81,0
12,5308,367.270303853325,43,31
28,7904,1022.51001470212,54,26
81,8029,5794.37296359341,96,15
61,9660,4245.77052398632,72,11
54,7670,2677.54800626536,92,38
11,7868,524.406319145716,81,70
26,3716,443.87026867426,87,61
70,9958,5654.31330698441,90,20
91,6609,5537.61055042436,94,3
59,7705,3178.72234986247,81,22
2,4390,217.660118686983,69,67
0,9407,607.994852918514,61,61
45,4069,1025.0308189067,74,29
75,9360,5989.37661475573,75,0
17,2754,230.703785959392,62,45
63,6490,3032.31216988298,65,2
52,1045,340.16141772031,52,0
16,2110,170.050962184407,86,70
5,3620,195.557144755006,88,83
4,2548,133.479068314286,81,77
76,3543,2317.12367313216,85,9
74,9895,6190.75887452286,95,21
58,2157,861.476750452718,84,26
10,6636,426.245380081942,67,57
11,1051,70.0497002315897,89,78
93,2955,2541.75564737958,93,0
77,6400,4274.87728772698,84,7
7,6883,397.221871606736,78,71
92,8402,7131.59963544613,92,0
54,9348,3263.32708768822,57,3
64,7180,3455.84706588717,74,10
86,4824,3776.74610026097,87,1
41,1674,361.932349972927,93,52
88,4007,3227.35570759216,90,2
96,6968,6296.29349204409,96,0
41,8099,1751.06935629076,80,39
42,4495,1010.06304824955,87,45
34,1357,222.933490034587,71,37
17,6458,540.989487917847,89,72
23,8700,922.420457201593,83,60
28,1850,239.327369331846,76,48
38,8417,1619.17858780294,63,25
57,9646,3727.62848977505,68,11
80,1560,1105.41536050051,80,0
31,1050,153.096510303761,70,39
11,4079,271.867485484923,89,78
32,3940,597.819276129956,93,61
32,5818,882.769682366518,87,55
30,7047,987.339106548254,93,63
89,2384,1946.18340189192,98,9
13,9349,671.755552880247,55,42
82,3259,2393.72178396221,84,2
46,5226,1366.8815649356,70,24
45,5005,1260.8206558437,85,40
12,6778,468.982313398236,85,73
16,3943,317.777698527543,78,62
77,7611,5083.76422451407,95,18
27,3045,378.519907469111,49,22
34,9109,1496.4636409175,78,44
43,8240,1923.96319046596,81,38
58,3818,1524.85778081988,71,13
65,7603,3767.54777322415,78,13
19,1211,109.673100034137,48,29
4,9376,491.169444472034,57,53
35,7610,1300.72443697819,64,29
67,6543,3430.32974160206,78,11
37,2224,411.35831893222,52,15
30,5732,803.097454056278,73,43
7,3633,209.662510467423,77,70
72,9976,5954.16025991268,95,23
65,4294,2127.82456112383,80,15
31,1600,233.289920462875,66,35
35,4312,737.020206603145,71,36
75,4180,2674.74297539305,81,6
75,9558,6116.07496622172,82,7
74,4277,2675.88435637537,76,2
3,3605,183.501798156079,85,82
0,5083,328.525336173574,82,82
74,2918,1825.63258169355,80,6
72,6763,4036.48615054024,72,0
43,8156,1904.34997347578,86,43
77,6541,4369.05817797221,93,16
28,7030,909.444003461016,90,62
44,6758,1639.21790507708,76,32
56,7556,2823.96580016361,89,33
17,6152,515.355733922359,89,72
82,5893,4328.38369833977,85,3
67,6083,3189.16335292149,91,24
35,1667,284.928730150149,81,46
4,1118,58.5673463011662,81,77
3,1484,75.5386042894926,88,85
35,1342,229.378737769346,78,43
30,2110,295.627290310319,31,1
48,4213,1186.88365007948,79,31
41,3096,669.380260164983,68,27
43,1803,420.983693253657,45,2
69,6460,3574.17407670929,74,5
25,5445,624.996016087689,86,61
70,2963,1682.43927782635,83,13
38,1432,275.473890665773,81,43
83,4650,3473.7106740346,83,0
40,6435,1338.40078375264,80,40
29,4943,665.483790429936,83,54
22,8449,861.063752684285,76,54
96,8245,7450.19228500337,96,0
54,3310,1155.49985668036,90,36
36,2736,486.506367060607,39,3
12,8950,619.266996889084,82,70
13,9583,688.569201331844,84,71
98,1054,988.274261839546,98,0
97,6247,5754.74792638036,98,1
65,8187,4056.93984208682,88,23
34,1177,193.362356500154,84,50
77,4004,2674.47010313419,88,11
96,9734,8795.65454241635,96,0
99,7139,6799.04761904762,99,0
81,6294,4542.25724658824,91,10
36,6903,1227.46836689305,73,37
22,4550,463.704589266599,72,50
69,4883,2701.65511092438,86,17
62,5630,2552.02646532063,92,30
24,8396,926.182951208747,79,55
88,3328,2680.46912774312,95,7
85,8570,6609.53603688649,92,7
39,9148,1830.00857969434,82,43
50,4086,1238.24087681376,65,15
33,2725,430.238521572772,38,5
3,1814,92.3362723592584,14,11
55,2867,1035.80485280891,75,20
58,4167,1664.24368063814,89,31
47,8123,2205.32882600937,88,41
52,9663,3145.43519562809,74,22
6,9199,513.276817637066,66,60
31,7735,1127.81095923771,62,31
68,9029,4864.41340491794,75,7
64,2551,1227.83647145935,79,15
78,8521,5808.89543178193,90,12
23,5164,547.514855286095,83,60
88,1234,993.899910948022,88,0
81,4979,3593.24735156702,86,5
86,1648,1290.23166940922,87,1
23,5321,564.160833651687,90,67
26,5274,629.970881859001,78,52
99,2416,2300.95238095238,99,0
95,7358,6522.53123280363,95,0
67,2766,1450.14398063141,73,6
40,4398,914.729859664978,80,40
98,6586,6175.30767407519,99,1
54,5096,1778.98104823055,71,17
4,9653,505.680316498352,78,74
28,7706,996.895517876328,67,39
45,9138,2301.97385676319,58,13
68,8417,4534.69571704445,89,21
83,2906,2170.88241263323,85,2
11,7237,482.34983879735,90,79
68,5676,3057.96992870908,82,14
47,1303,353.753965319489,77,30
38,2929,563.451833631319,86,48
8,6070,362.738649652354,66,58
23,5769,611.660185930573,87,64
76,5558,3634.9346246877,86,10
96,6132,5540.88284919838,96,0
92,7814,6632.50649266556,94,2
42,5112,1148.70796499481,84,42
59,8653,3569.82277655548,97,38
5,3782,204.308597089346,77,72
67,4880,2558.46081904601,82,15
68,3277,1765.49814242066,86,18
32,9389,1424.60030040207,63,31
82,7969,5853.19696115215,87,5
87,2411,1915.04558412383,94,7
11,2309,153.896058834197,84,73
21,5376,526.668930824212,68,47
67,1072,562.02254057732,92,25
33,9312,1470.23160105895,68,35
80,3675,2604.10349348677,85,5
55,2638,953.070527279353,84,29
10,2720,174.711789304232,90,80
34,2943,483.48803328798,67,33
57,3548,1371.09951085651,71,14
50,3414,1034.59480015717,68,18
79,3927,2730.33092122932,83,4
19,7082,641.374809613344,85,66
72,6015,3590.04350073925,78,6
89,9878,8063.92602512099,98,9
81,7454,5379.4066596868,89,8
71,4048,2357.34994882224,82,11
55,4636,1674.91848539313,83,28
10,9243,593.698922256991,52,42
7,1029,59.3841792653394,73,66
29,8909,1199.43254884489,57,28
2,1494,74.0738536032693,77,75
46,9836,2572.64582332694,77,31
18,9449,822.929202253121,84,66
28,2117,273.868130202983,84,56
29,8640,1163.21665978447,87,58
53,4180,1409.3666175848,77,24
32,4969,753.950249515165,98,66
66,7278,3710.77095435057,67,1
74,1845,1154.31532324353,84,10
28,9174,1186.80501959479,92,64
51,9704,3048.38229396285,73,22
99,9714,9251.42857142857,99,0
29,5473,736.838516088011,99,70
87,4170,3312.21073653934,91,4
68,7373,3972.23613184849,97,29
33,1049,165.622095093518,84,51
8,8104,484.288964873588,56,48
83,9761,7291.80427725843,92,9
39,4956,991.421351220501,43,4
27,9296,1155.57341866432,79,52
38,8606,1655.53652448997,69,31
52,9996,3253.83113065284,63,11
64,7775,3742.22993555331,77,13
31,1451,211.564796619769,98,67
91,8446,7076.81324086611,94,3
74,1052,658.178710055387,87,13
43,8709,2033.47031866117,76,33
6,3098,172.859178284556,82,76
30,6780,949.930345167754,81,51
36,4881,867.923091236413,97,61
10,4672,300.09319104021,60,50
39,4410,882.19696506909,71,32
62,6894,3124.98587067859,79,17
19,1605,145.355347278935,85,66
75,6800,4351.25651499348,90,15
12,1499,103.718572998518,88,76
71,5426,3159.82727823851,83,12
95,2737,2426.22560263435,97,2
59,2071,854.39766211099,72,13
4,2714,142.175114366158,74,70
5,3388,183.02420067126,90,85
39,9746,1949.63528833636,55,16
48,5208,1467.19441006739,68,20
17,1066,89.2992867947391,86,69
70,1494,848.317340895231,82,12
70,5309,3014.53598581846,81,11
62,1982,898.422105553374,81,19
68,1079,581.315988914217,71,3
86,7953,6226.46387549243,87,1
61,6151,2703.4921835445,75,14
91,2023,1695.05010493395,92,1
85,7856,6058.86990732558,91,6
10,9365,601.53525986549,96,86
86,5965,4670.04363351092,86,0
51,5450,1712.04487861681,67,16
80,1845,1307.36624366887,82,2
87,5170,4106.50587719626,92,5
40,8510,1769.97524005206,66,26
90,6726,5563.30481279458,90,0
58,1528,610.262621553896,89,31
3,2777,141.354921908302,61,58
58,2952,1178.98904373501,78,20
39,7693,1538.94359462052,77,38
62,1634,740.676952812418,89,27
6,7275,405.923344745043,72,66
79,8516,5920.9315317517,89,10
44,5226,1267.6165687974,73,29
63,6716,3137.90578319478,72,9
54,3904,1362.8614623807,75,21
7,2748,158.588653664872,66,59
28,2609,337.516273830696,53,25
33,1360,214.724546546411,78,45
7,5100,294.323920557076,32,25
94,1629,1421.20025179555,97,3
79,3027,2104.58663064965,82,3
84,5534,4201.88038548574,94,10
2,5320,263.770348841628,67,65
28,2432,314.618466062189,63,35
56,5848,2185.62096338761,70,14
15,2444,189.536920509746,72,57
41,2314,500.305530368789,79,38
76,1303,852.162615323512,81,5
69,3770,2085.85700761517,80,11
65,5325,2638.72049091393,87,22
30,5063,709.365389024239,92,62
61,2832,1244.72278715624,80,19
92,4228,3588.7173599936,96,4
79,8030,5583.02961483867,93,14
53,1483,500.021697100062,91,38
53,3149,1061.74532985037,75,22
16,8546,688.746693283384,58,42
17,1281,107.309930941896,78,61
60,8029,3419.84146902861,83,23
93,8623,7417.10962685419,98,5
59,6401,2640.75298656323,92,33
0,4058,262.277358684313,74,74
36,7238,1287.03694619323,89,53
0,5326,344.230954251515,62,62
47,3443,934.746663541828,83,36
51,1348,423.456237867057,80,29
83,4829,3607.42985912109,89,6
93,6188,5322.63416107778,98,5
23,2168,229.862936921041,81,58
39,5751,1150.45685852887,73,34
30,4521,633.427004499029,92,62
42,6189,1390.71862193914,64,22
3,9958,506.882359511298,82,79
63,9893,4622.29033846724,90,27
76,5061,3309.89638998641,85,9
79,5107,3550.75121332268,83,4
77,3575,2387.91973494124,89,12
82,1973,1449.16019630483,87,5
57,5360,2071.33409757353,96,39
48,1161,327.076173212028,96,48
16,6260,504.511385438098,66,50
47,7087,1924.06320201015,73,26
81,5537,3995.94508648857,90,9
55,4891,1767.04622779504,58,3
79,5182,3602.89657087098,97,18
90,9567,7913.19315254323,97,7
68,7530,4056.82057138466,72,4
5,7566,408.725236800104,78,73
71,9674,5633.64708619229,88,17
16,8833,711.876847855386,80,64
94,8919,7781.26767695793,95,1
9,8622,533.970271746976,86,77
32,9500,1441.44241706461,78,46
41,5743,1241.68308595849,91,50
11,1508,100.508989485478,86,75
5,7303,394.517632084478,82,77
26,8113,969.084900364444,96,70
56,4115,1537.93267174077,84,28
14,7829,584.363030610201,79,65
67,4988,2615.08249291014,80,13
80,6555,4644.87031287232,90,10
36,3037,540.029180103459,87,51
64,6678,3214.22656072347,79,15
62,6013,2725.63679146944,78,16
45,7439,1873.97499676749,77,32
68,5830,3140.9381050694,75,7
8,5547,331.484561716904,76,68
41,5032,1087.95913086247,58,17
26,9764,1166.29421510643,98,72
22,2594,264.362572430232,82,60
39,1672,334.474677005786,74,35
17,9985,836.447822369109,57,40
65,5372,2662.010606045,74,9
37,5834,1079.07573410547,63,26
6,1923,107.29767586869,57,51
87,6462,5132.735198925,92,5
64,6011,2893.18895724899,93,29
57,5545,2142.82603937411,86,29
58,2142,855.485952466259,89,31
82,5127,3765.75992217682,86,4
15,4288,332.542682138212,85,70
10,7287,468.060591419095,74,64
18,9244,805.075409633597,80,62
68,3843,2070.43312826444,76,8
97,6688,6160.99794007233,98,1
40,9125,1897.88766926851,77,37
93,8163,7021.43869697446,95,2
53,2888,973.744208513134,89,36
37,6249,1155.83549235946,81,44
22,9967,1015.76783323521,68,46
37,3752,693.98219992522,72,35
74,9247,5785.34080977392,83,9
87,8277,6574.3808792173,88,1
33,7427,1172.61706411779,67,34
9,6547,405.463160418401,83,74
77,6757,4513.335286433,86,9
78,5009,3414.71156176455,92,14
46,7511,1964.53261274996,58,12
12,7898,546.477177813406,93,81
92,9620,8165.43543120587,94,2
54,7312,2552.57249306549,70,16
9,5320,329.47365410507,63,54
54,9826,3430.1938343629,80,26
42,1685,378.633200511788,64,22
48,8656,2438.56275221646,89,41
80,8608,6099.62527127459,92,12
77,7778,5195.31180374069,80,3
87,2678,2127.12238667922,88,1
32,7376,1119.16623876511,75,43
12,4468,309.149155541947,47,35
80,2894,2050.68721364645,84,4
81,9878,7128.76026085138,91,10
62,5575,2527.09547853686,70,8
78,8746,5962.28135739523,82,4
30,7814,1094.80172819186,81,51
77,4708,3144.70660478416,82,5
35,1358,232.113506625017,35,0
52,1773,577.135113510152,57,5
22,7515,765.876920513954,68,46
26,8612,1028.68965388125,63,37
6,4935,275.358310146638,80,74
72,1207,720.396093997053,73,1
19,4803,434.979272885187,71,52
30,8783,1230.56610938177,87,57
86,4419,3459.66853587339,89,3
52,2293,746.402039074326,72,20
8,8171,488.292834647345,68,60
22,7501,764.450137162365,70,48
50,8344,2528.60545181939,71,21
77,8155,5447.12879397086,85,8
32,3522,534.395809779113,91,59
54,2038,711.452781847303,88,34
24,5937,654.92474765678,67,43
26,7645,913.183047366717,61,35
24,3030,334.246586727311,80,56
80,5915,4191.36657523108,80,0
10,6958,446.928172786341,86,76
40,4628,962.567028315033,96,56
87,2786,2212.90626187017,95,8
46,9913,2592.78548664497,90,44
54,4840,1689.61308348427,79,25
51,1609,505.445910035679,87,36
49,4085,1193.79321338915,85,36
14,6794,507.109775190408,85,71
51,5775,1814.13929798387,85,34
79,8956,6226.85096270176,79,0
98,1474,1382.08373999193,98,0
31,4895,713.721350416107,97,66
39,9288,1858.01483255367,84,45
87,1617,1284.37524244223,93,6
80,6161,4365.68207438693,90,10
25,1139,130.738376918986,73,48
0,7311,472.525817974621,53,53
27,8798,1093.6676998073,72,45
53,1516,511.148275659942,74,21
5,9692,523.574543360641,82,77
27,3842,477.593919374819,83,56
38,6147,1182.49860748778,87,49
97,5876,5412.98204184585,97,0
1,9223,446.69552227473,94,93
96,9728,8790.23293493181,96,0
63,6892,3220.13797763228,79,16
70,4687,2661.3543351914,96,26
19,7637,691.637873625686,60,41
94,9243,8063.93734029848,99,5
78,2946,2008.33305269682,81,3
94,8176,7133.04681318624,94,0
88,8396,6762.38545568848,89,1
41,5696,1231.52130552317,81,40
14,7329,547.042617363924,68,54
32,9636,1462.07780324575,78,46
80,1514,1072.81977935754,99,19
63,8919,4167.20989879605,76,13
31,2117,308.671726012441,87,56
16,7243,583.734179669032,76,60
63,7498,3503.27837438869,89,26
22,8502,866.465146801016,84,62
84,6845,5197.30235609864,98,14
97,6328,5829.36527583399,98,1
25,3817,438.128520368541,75,50
36,9220,1639.46955566477,70,34
61,7696,3382.5517549274,86,25
2,6646,329.514612481478,87,85
92,1298,1101.73962470948,95,3
91,8295,6950.29195275685,96,5
56,7138,2667.74323472312,92,36
66,3781,1927.7857898323,88,22
23,6822,723.304868853939,83,60
48,5581,1572.27573014326,90,42
23,8838,937.051954108928,74,51
32,6665,1011.28565365638,80,48
17,7169,600.550269260305,75,58
64,5177,2491.77162396906,71,7
87,7262,5768.17131145053,87,0
80,8663,6138.59824872813,83,3
73,7094,4336.49265892385,73,0
36,4916,874.146674148372,84,48
58,7459,2979.02414539955,67,9
72,3497,2087.17907266586,73,1
8,5021,300.051196030391,57,49
10,3717,238.751367957291,82,72
75,6074,3886.69589295153,81,6
73,4323,2642.60752248771,87,14
41,1054,227.883331464435,81,40
58,6460,2580.03699950142,76,18
68,9775,5266.32418131276,82,14
51,6711,2108.17122576099,85,34
6,3607,201.259863160876,84,78
82,9346,6864.59766582106,87,5
9,7870,487.39805597874,77,68
36,8569,1523.71091350232,76,40
54,1300,453.82169597718,89,35
32,4244,643.945433476023,86,54
85,2811,2167.95866974188,99,14
80,5086,3603.93751506768,84,4
58,4259,1700.98724162175,79,21
39,4839,968.016125616627,64,25
71,2901,1689.3953067029,84,13
34,7417,1218.49498569383,77,43
80,1551,1099.03796418993,84,4
84,3787,2875.41037582842,91,7
22,2222,226.450900516568,93,71
73,2061,1259.86909642544,87,14
57,2867,1107.93187644465,93,36
40,2294,477.12376036186,60,20
57,5037,1946.51303161901,79,22
98,1505,1411.15063004603,98,0
73,8389,5128.11346429548,92,19
6,3624,202.208412557531,81,75
43,8618,2012.2226669218,76,33
23,8928,946.594234700669,68,45
0,2088,134.951977558611,80,80
31,5608,817.681171222375,84,53
77,9511,6352.86841930801,81,4
86,9652,7556.62383078749,89,3
37,1093,202.164857280988,82,45
12,5536,383.04604410927,18,6
5,2648,143.048430748966,86,81
44,1231,298.590890966244,72,28
36,5734,1019.6006976336,78,42
37,5090,941.463059066996,74,37
84,4664,3541.30287638335,85,1
0,7498,484.612034355588,34,34
29,3160,425.435722791543,66,37
59,1599,659.672555149915,80,21
97,7494,6903.48662722818,98,1
14,8764,654.152203380738,77,63
80,2116,1499.39673257633,88,8
4,1625,85.1269568330904,78,74
56,3985,1489.34670641239,94,38
49,8196,2395.18462103732,81,32
12,6945,480.537351217283,24,12
40,1125,233.986151005707,96,56
12,3394,234.837115915257,82,70
64,2496,1201.36410535576,80,16
77,4120,2751.95225397424,85,8
90,2664,2203.48558151721,94,4
26,4949,591.15015061058,97,71
70,8398,4768.52009962393,90,20
20,3742,352.445600105977,87,67
6,1721,96.0266771554941,78,72
8,3140,187.644046113409,88,80
55,2913,1052.42397496769,83,28
74,7675,4801.82661566074,76,2
34,7135,1172.16687648989,87,53
26,2084,248.930473605263,89,63
77,3970,2651.75981754314,88,11
92,9919,8419.22599190552,95,3
85,9484,7314.45038201067,85,0
58,6080,2428.2701171778,86,28
15,8895,689.82443041497,88,73
40,7711,1603.79307591556,63,23
74,6938,4340.72613152498,77,3
24,1595,175.948285752495,75,51
84,4362,3311.99895943057,90,6
70,7483,4248.96831453749,83,13
47,7133,1936.55183010278,85,38
89,8817,7197.77644902731,95,6
5,3576,193.180207083951,88,83
97,4455,4103.9542199495,97,0
84,9317,7074.25362334128,85,1
37,5394,997.691894028955,87,50
31,7208,1050.97109168525,49,18
10,7595,487.84413226678,99,89
45,7109,1790.84396451406,87,42
29,6769,911.321015055682,38,9
98,8274,7758.0467196019,98,0
40,3233,672.424201067956,65,25
9,8822,546.356499344911,97,88
49,5327,1556.75310837796,84,35
7,9799,565.505901478194,74,67
10,8734,561.004694037927,83,73
58,2650,1058.37431094098,93,35
66,8667,4418.96837886183,86,20
4,8396,439.831341274232,56,52
20,6600,621.630401042076,71,51
95,4294,3806.43505214172,99,4
95,6056,5368.36764689573,98,3
88,8597,6924.2767701946,89,1
14,9601,716.626575155006,74,60
61,7804,3430.01999681048,80,19
3,4970,252.983061535565,66,63
38,2207,424.560668086146,61,23
53,9332,3146.46154911516,79,26
64,4912,2364.22295092448,85,21
4,6304,330.240206692801,91,87
28,2664,344.631411837859,70,42
96,9613,8686.31879147816,96,0
52,7701,2506.77806494173,85,33
19,8112,734.655811293907,67,48
17,6995,585.974213066792,90,73
92,6702,5688.64327026422,99,7
28,8460,1094.43759164725,65,37
35,8037,1373.70858081389,72,37
68,7980,4299.26004776223,68,0
29,4334,583.493171702072,78,49
33,9732,1536.54359337476,73,40
13,8894,639.062347557698,26,13
64,1790,861.555187735102,68,4
18,5163,449.654298998081,93,75
69,3620,2002.86534948725,80,11
96,1042,941.552499814859,97,1
13,7144,513.319250163278,59,46
41,7623,1648.15430337134,80,39
4,7338,384.407144148441,74,70
80,4532,3211.37334217198,97,17
27,7738,961.900507059435,89,62
36,1039,184.751504157884,80,44
32,6925,1050.73565664973,74,42
53,6060,2043.24442645069,75,22
75,4625,2959.49432085954,84,9
65,5418,2684.80518681158,85,20
60,1775,756.036692928856,84,24
42,4407,990.288732733205,91,49
69,1290,713.728259900153,70,1
82,1563,1148.0169218573,82,0
97,5941,5472.86016177777,97,0
34,3681,604.729680779156,81,47
67,8293,4347.81056810421,83,16
48,7639,2152.05416637957,87,39
14,5443,406.270018598968,89,75
17,6772,567.293405416485,85,68
58,7275,2905.53702343232,81,23
75,3680,2354.79764340824,98,23
25,3553,407.825683224896,92,67
71,8359,4867.85776240246,88,17
26,4570,545.879205554728,45,19
88,8439,6797.01892098084,89,1
71,3272,1905.44689539189,87,16
1,4041,195.71686062151,64,63
75,2446,1565.17256406971,85,10
26,2213,264.339317700791,74,48
71,5738,3341.5202584837,71,0
97,7555,6959.67993977967,97,0
71,2893,1684.73651233764,90,19
82,6462,4746.31180360964,84,2
82,9782,7184.83783084331,98,16
32,2451,371.89214360267,52,20
15,4629,358.987890769072,52,37
69,3548,1963.02935358585,92,23
31,8841,1289.07261675767,84,53
8,5740,343.01809703534,81,73
97,8498,7828.37327971511,97,0
7,5762,332.528319656838,80,73
48,3938,1109.41082696724,80,32
11,9929,661.773048144105,44,33
83,1097,819.496905250742,90,7
9,6806,421.503325157726,68,59
36,1305,232.050734288777,61,25
6,7536,420.486367834866,81,75
48,7248,2041.90189788181,63,15
85,8841,6818.54236897473,95,10
10,3544,227.639184299338,61,51
15,9975,773.580516401273,84,69
87,4506,3579.09390380007,94,7
43,1631,380.823296559464,82,39
61,3396,1492.61249476786,69,8
73,9032,5521.17306109391,86,13
90,5513,4559.99099508423,91,1
5,6388,345.088132788669,91,86
67,2399,1257.73514444495,87,20
41,1767,382.039702749201,65,24
0,6500,420.109125541654,82,82
80,4888,3463.63479623492,82,2
58,3764,1503.29090806863,91,33
88,1799,1448.96753630105,92,4
81,1895,1367.5846015705,86,5
33,2135,337.085960938667,80,47
29,5538,745.589567347964,73,44
31,6009,876.149457538383,77,46
37,9714,1796.73323296204,81,44
35,2543,434.657324998098,82,47
12,4534,313.715817194984,70,58
50,7367,2232.53072429931,65,15
99,5363,5107.61904761905,99,0
83,3768,2814.82619779836,96,13
4,2762,144.689633706459,78,74
50,5202,1576.43882554703,86,36
82,5247,3853.89941713708,84,2
63,1693,791.017643083497,93,30
44,8171,1981.95464669796,51,7
31,8780,1280.17843854002,84,53
39,6360,1272.28405846699,67,28
49,6187,1808.07799540726,98,49
55,9037,3264.93493367078,93,38
35,8249,1409.94426815152,78,43
11,7307,487.015375444554,68,57
60,7250,3088.03719646998,86,26
54,6262,2186.02420016085,92,38
1,9369,453.766708033389,81,80
24,1004,110.753654479941,91,67
34,4457,732.2141231276,49,15
91,1549,1297.89056477642,92,1
4,8782,460.052267635815,91,87
61,7871,3459.46788760831,75,14
2,6306,312.65710898408,64,62
91,7354,6161.83809771837,91,0
18,9252,805.772143004115,68,50
71,5987,3486.52523310246,72,1
45,1849,465.785692838163,69,24
96,3464,3130.07472107358,96,0
28,7373,953.816591396596,71,43
65,3937,1950.91879300059,80,15
44,2710,657.336567439904,85,41
32,6058,919.185069744993,62,30
51,8837,2776.02579675904,95,44
54,8922,3114.61320885262,74,20
8,2104,125.733462746055,56,48
60,3534,1505.25840721723,91,31
56,9443,3529.20977381485,82,26
63,3656,1708.18694808816,81,18
59,7630,3147.78086040891,87,28
25,3058,351.007863580561,75,50
23,7472,792.221339794287,72,49
78,7399,5044.01094939027,90,12
2,1566,77.6436778733063,91,89
9,2081,128.878698156513,63,54
36,6543,1163.45437122718,94,58
53,2507,845.282801503611,87,34
0,5211,336.798254338086,75,75
50,4480,1357.64051104397,93,43
75,5794,3707.52650704003,93,18
78,1149,783.290793465255,84,6
25,7996,917.808658335566,63,38
20,5223,491.935694642843,50,30
69,4078,2256.26654563785,75,6
48,5114,1440.71279053085,74,26
97,2384,2196.14519873392,99,2
38,8370,1610.13719614003,92,54
57,1869,722.261833650173,60,3
17,4473,374.70516869875,86,69
76,3326,2175.20557065695,82,6
66,1099,560.337631056785,74,8
39,3072,614.537205599148,70,31
82,4944,3631.34719236244,89,7
92,9256,7856.47300948457,95,3
54,4782,1669.36565397144,93,39
10,6646,426.887702836737,73,63
35,5273,901.277260996843,87,52
31,1921,280.093710755739,82,51
56,5078,1897.84255336565,62,6
48,9129,2571.81600796951,82,34
78,9488,6468.11405430665,82,4
61,7508,3299.92185239019,61,0
86,6797,5321.42272874664,96,10
0,9408,608.059485091674,65,65
96,4582,4140.3009156926,97,1
23,5944,630.214620414513,91,68
79,2767,1923.81605781552,80,1
26,6670,796.720853621452,94,68
79,5325,3702.32038592976,91,12
60,9969,4246.15762918748,75,15
89,8987,7336.55630570584,90,1
37,2112,390.642432367288,76,39
25,1915,219.810352765459,80,55
8,2476,147.963903877962,78,70
53,8443,2846.71826609293,84,31
42,6760,1519.0269646645,74,32
12,1326,91.7483841201033,80,68
15,1708,132.458698948709,82,67
11,5022,334.718929175113,46,35
6,2181,121.693307888514,84,78
36,9259,1646.40440519524,59,23
80,9073,6429.12408065454,89,9
60,4487,1911.17557249114,73,13
14,7635,569.882710270645,85,71
44,7173,1739.8801469544,55,11
29,8853,1191.89318160555,88,59
85,4991,3849.26421938162,89,4
61,6631,2914.46214746928,70,9
27,9330,1159.79991352604,90,63
16,9796,789.487784624857,79,63
91,8878,7438.78142936412,92,1
27,3923,487.662921839514,85,58
36,2525,448.987052934223,86,50
98,5102,4783.84751793678,98,0
74,2632,1646.69806546177,75,1
69,6788,3755.64916914902,91,22
16,3646,293.841615224809,27,11
54,3606,1258.83156591824,85,31
0,2455,158.671985108425,81,81
5,1491,80.5457742623521,84,79
56,4555,1702.37747746761,69,13
79,4835,3361.63738328082,79,0
66,4981,2539.61941791979,87,21
86,5740,4493.88943107337,89,3
83,9076,6780.08560807269,90,7
91,1577,1321.35146588277,92,1
62,4247,1925.12547037597,63,1
75,5575,3567.39045163068,85,10
9,2884,178.609401962222,81,72
26,9514,1136.4321141461,83,57
65,4197,2079.75772776822,86,21
38,4081,785.062114390376,89,51
74,6500,4066.69355072245,81,7
85,2306,1778.4819254446,93,8
64,7474,3597.35389560455,91,27
70,3119,1771.0185985624,87,17
64,2171,1044.9364874709,74,10
20,3013,283.783696718148,74,54
19,1029,93.1904376012611,78,59
81,6543,4721.95569819301,89,8
55,3683,1330.61362849502,74,19
91,1225,1026.41442340291,91,0
6,9703,541.398517396723,79,73
4,5697,298.442014201918,85,81
49,4896,1430.79842662259,66,17
36,9963,1771.58733005294,76,40
48,3054,860.370915580994,60,12
43,5647,1318.52186123317,71,28
66,5999,3058.65827908067,82,16
31,9321,1359.05959289653,79,48
19,4523,409.621330680762,95,76
9,1860,115.191916660795,79,70
40,2271,472.340043496854,71,31
8,8564,511.778220036699,93,85
50,1135,343.955799114934,59,9
60,1932,822.90867083862,83,23
28,9880,1278.13751837764,85,57
87,3359,2668.03737746658,94,7
14,3421,255.346267431025,84,70
65,6242,3093.12550315206,83,18
57,5543,2142.0531535168,60,3
8,6544,391.064534320429,75,67
14,4295,320.582349785517,80,66
44,5448,1321.46480421129,88,44
74,5089,3183.90822763485,78,4
96,8906,8047.47270955003,96,0
10,4117,264.444278149089,84,74
48,2147,604.851458988996,70,22
29,4944,665.618421987781,80,51
22,8274,843.228960789415,92,70
84,3888,2952.09810964376,95,11
94,7603,6633.14027894508,96,2
53,1179,397.522306730258,75,22
31,5154,751.485156291035,79,48
19,9808,888.25248978928,81,62
64,3701,1781.34958089811,92,28
51,9195,2888.48672640029,76,25
46,6952,1818.32388814242,76,30
88,3451,2779.53694706777,94,6
18,2934,255.526963637492,94,76
3,6257,318.493967007652,53,50
84,5329,4046.22706437541,90,6
34,4846,796.120628377014,67,33
26,7906,944.359080769295,70,44
74,5566,3482.34096974171,82,8
18,9473,825.019402364676,38,20
67,6721,3523.65064852628,76,9
3,3208,163.293694447906,75,72
49,8343,2438.14364242488,75,26
57,4910,1897.43477968023,70,13
62,2375,1076.56533839014,81,19
69,3459,1913.78763642994,89,20
18,8596,748.640006621635,68,50
13,1313,94.3432496450706,72,59
45,6162,1552.28309316861,86,41
22,1403,142.98407444858,84,62
32,9458,1435.06972427338,91,59
82,3782,2777.86308283065,94,12
36,8409,1495.26024876193,90,54
26,3452,412.335890060158,73,47
42,8110,1822.38294133567,66,24
95,2646,2345.55825523218,96,1
35,7692,1314.7401273635,82,47
13,6576,472.506633408975,59,46
13,1218,87.5171957865164,69,56
68,4112,2215.35805969903,94,26
70,9735,5527.69030362454,83,13
75,6638,4247.5942274304,85,10
18,3212,279.738448262994,70,52
97,3146,2898.10100470508,98,1
13,3751,269.521347615125,81,68
71,1663,968.446878678704,73,2
58,1353,540.369978378548,84,26
27,9894,1229.9100047617,57,30
24,4146,457.355230551627,72,48
28,5911,764.683286551645,86,58
61,2029,891.787618340397,91,30
51,2297,721.571942418865,90,39
43,6178,1442.50541149256,81,38
88,8824,7107.10924976122,92,4
25,9222,1058.53319749507,89,64
10,1925,123.647130298032,70,60
16,2225,179.319142587822,82,66
74,5582,3492.35129232811,81,7
63,9615,4492.40084952618,74,11
68,5139,2768.65882023184,81,13
79,9408,6541.11365085956,83,4
97,8747,8057.75253914663,97,0
22,7761,790.947542263313,60,38
40,7913,1645.8065892517,69,29
74,7550,4723.62097045453,74,0
33,6709,1059.25513439696,77,44
36,2541,451.832119408262,91,55
71,3225,1878.07647849598,71,0
95,4231,3750.58842701715,98,3
18,2959,257.70425542036,80,62
73,6189,3783.2750304595,96,23
41,5065,1095.09399797663,74,33
97,3698,3406.60442320387,98,1
36,5382,957.009235204748,55,19
12,1538,106.417054884403,90,78
7,7330,423.018497584974,61,54
11,1160,77.3146072965215,81,70
21,6296,616.798286545617,80,59
25,5726,657.250172289827,71,46
74,1143,715.112419765501,97,23
11,1544,102.908408332611,66,55
46,1712,447.780566239906,80,34
3,6335,322.464324915051,98,95
56,3677,1374.2353424036,97,41
21,4328,423.999838654611,78,57
72,3058,1825.16259771581,83,11
32,7514,1140.10508650774,76,44
54,6952,2426.89879264104,87,33
85,3999,3084.19307018776,85,0
94,8582,7487.25632959446,96,2
31,5005,729.760032447929,76,45
4,7846,411.019140499955,54,50
51,4082,1282.30590725024,86,35
10,9167,588.817269320549,82,72
49,2838,829.37212719667,65,16
23,8034,851.807580822712,81,58
75,1264,808.821799257612,80,5
84,6927,5259.56368454277,89,5
79,4569,3176.69518184283,84,5
40,9309,1936.15740418856,85,45
10,9137,586.890301056165,42,32
93,1096,942.728998148231,97,4
82,7684,5643.86566062155,84,2
66,6197,3159.6108277151,83,17
24,4258,469.710219896003,97,73
73,9187,5615.92304165962,85,12
67,4298,2253.33290988929,68,1
92,5645,4791.46393026582,92,0
10,9546,613.161301727279,73,63
82,4540,3334.61089266292,82,0
15,3013,233.663969515492,76,61
45,7042,1773.96584584443,50,5
24,4798,529.278918520673,94,70
9,1081,66.9475601668384,67,58
82,5491,4033.11639022292,86,4
37,1246,230.464238034868,80,43
92,3185,2703.4211900614,93,1
95,1862,1650.57803145969,97,2
77,2687,1794.78051126912,93,16
8,2015,120.414889464497,79,71
66,6117,3118.82191917593,84,18
6,1573,87.7687177022616,84,78
31,8029,1170.67798212276,80,49
89,6916,5645.89111052204,90,1
74,7713,4825.60113180342,82,8
90,6135,5074.4684844625,93,3
98,5028,4714.46203845279,98,0
41,7949,1718.63814213548,71,30
21,2118,207.493451541235,86,65
54,2491,869.592188214736,88,34
94,2770,2416.6511341152,97,3
68,6881,3707.16897100901,94,26
8,6183,369.491444942423,85,77
53,2968,1000.71773229466,89,36
88,6540,5267.50844213943,93,5
74,4256,2662.74580798073,83,9
37,2428,449.09082660406,47,10
2,4053,200.951357867504,60,58
76,8252,5396.8118968915,83,7
69,2474,1368.80908138991,97,28
10,7853,504.41605934049,86,76
54,5958,2079.89974202465,67,13
98,1893,1774.95557652966,98,0
49,2770,809.499926826912,87,38
96,3150,2846.34392938273,96,0
73,3168,1936.56734472381,73,0
85,5704,4399.15910786471,89,4
19,4445,402.557332495244,92,73
85,8354,6442.94796407815,88,3
77,7597,5074.41293044716,90,13
34,9865,1620.66240176212,75,41
61,7839,3445.40322334666,89,28
62,2240,1015.3710981027,71,9
77,1124,750.775323657051,80,3
0,7775,502.515146320979,71,71
4,3112,163.024670562817,51,47
72,2207,1317.24455629784,86,14
99,1729,1646.66666666667,99,0
81,3444,2485.46774026849,98,17
30,6007,841.627077200988,55,25
34,3561,585.0155917562,73,39
59,5759,2375.89383684075,71,12
50,5601,1697.35368356189,67,17
51,8881,2789.84781045796,77,26
76,2444,1598.37715414479,90,14
47,7622,2069.31137656573,89,42
25,5613,644.279639724554,85,60
97,2572,2369.33114561394,98,1
79,2705,1880.70922890892,86,7
80,3669,2599.85189594638,81,1
2,6066,300.757694750623,83,81
91,8987,7530.11136581385,93,2
71,9015,5249.87890035389,92,21
48,1011,284.818269696262,87,39
96,2927,2644.84085120738,99,3
23,7857,833.041095658956,78,55
62,9018,4087.77525120097,73,11
48,6943,1955.97749406642,80,32
65,8384,4154.56011189153,76,11
37,2385,441.13740586931,75,38
99,3122,2973.33333333333,99,0
96,1484,1340.94425117586,97,1
62,5847,2650.39054044933,83,21
18,8481,738.624464420438,79,61
38,7872,1514.33691852023,76,38
9,2424,150.121078486972,75,66
23,7328,776.953690847502,68,45
28,1971,254.980672947605,58,30
30,3425,479.868942802295,62,32
17,9962,834.521102297552,81,64
37,9160,1694.26357977479,42,5
35,3629,620.27976107672,91,56
46,5870,1535.3223854137,49,3
67,9463,4961.21203496565,76,9
58,8107,3237.82661841455,71,13
7,9185,530.071609866028,78,71
25,3867,443.867694069989,70,45
76,9449,6179.65046215799,84,8
71,9214,5365.76641018976,77,6
91,1704,1427.76341018658,91,0
36,1234,219.42575181023,65,29
77,5342,3568.18663609961,81,4
26,6751,806.396174332597,84,58
14,9019,673.185614136339,42,28
71,1118,651.066512545274,74,3
19,4546,411.704304504697,94,75
8,7341,438.692656853037,87,79
2,8667,429.717596505713,63,61
25,9647,1107.31617395738,59,34
64,2285,1099.80648266743,89,25
57,2245,867.564374823241,77,20
67,8626,4522.39406251862,83,16
30,1039,145.57192162674,54,24
87,6591,5235.19927206974,88,1
5,3511,189.668821888074,75,70
13,8108,582.585733527976,81,68
24,8515,939.310127387146,28,4
63,6078,2839.81407835883,80,17
8,3090,184.65608359568,85,77
57,6330,2446.18373836575,67,10
60,5482,2334.98205669633,91,31
62,7038,3190.25972698519,89,27
91,1958,1640.5872987942,93,2
39,4372,874.595267864413,76,37
81,6937,5006.29782643511,95,14
4,2699,141.389327072314,91,87
62,3250,1473.19467358651,91,29
57,9316,3600.10232331996,80,23
13,3803,273.257713937703,73,60
91,7431,6226.35557576084,93,2
71,6111,3558.73654576402,80,9
17,1045,87.5401075989703,83,66
43,3006,701.872979434549,88,45
34,2818,462.952523889068,89,55
37,6975,1290.11882848572,68,31
75,8121,5196.55208209736,76,1
97,8129,7488.44979887081,99,2
48,4333,1220.68997289209,90,42
74,3751,2346.79500134768,88,14
35,3490,596.521456643084,91,56
67,3985,2089.23491063491,69,2
69,3586,1984.05390697825,87,18
72,9191,5485.63421700656,84,12
31,2630,383.47030676085,78,47
27,1271,157.996322625038,78,51
88,6541,5268.31387156484,93,5
18,4379,381.374428687313,85,67
10,6708,430.870103916466,91,81
17,8980,752.258532285888,94,77
36,3404,605.287892351721,70,34
23,6919,733.589326825037,85,62
21,4235,414.888936391469,69,48
96,8392,7583.02166837457,96,0
52,1453,472.970851624507,69,17
79,2475,1720.79679909411,93,14
2,3759,186.374575431519,58,56
12,5832,403.526829704708,47,35
79,6661,4631.20302172359,83,4
19,4592,415.870252152567,75,56
28,8478,1096.76618226778,89,61
94,8135,7097.2768866524,96,2
16,7246,583.975958288252,85,69
14,8090,603.844286324757,76,62
88,2555,2057.87218190616,91,3
70,8907,5057.53852433321,80,10
54,3312,1156.19804390494,67,13
79,4445,3090.48152402963,88,9
45,4144,1043.92423532793,94,49
23,2646,280.543049397174,82,59
26,7257,866.837066676294,96,70
75,8774,5614.40068566953,77,2
80,8371,5931.68716842932,95,15
63,5340,2494.99953577429,74,11
12,7984,552.427676330999,80,68
30,1451,203.296302483542,68,38
44,7055,1711.25811191459,65,21
90,1515,1253.10835435382,92,2
41,6962,1505.24075299374,57,16
67,7082,3712.91383616472,72,5
64,5793,2788.2621243293,72,8
31,1745,254.431819504823,83,52
6,7115,396.995821011819,95,89
59,5286,2180.75617668696,95,36
78,4995,3405.16754861527,81,3
98,1956,1834.02699825252,98,0
90,4468,3695.63572755965,95,5
61,9212,4048.86522432318,73,12
64,9706,4671.65064366307,78,14
52,5617,1828.40830941146,61,9
54,7256,2533.02325077725,75,21
54,1520,530.622290681011,65,11
80,2733,1936.60267964608,96,16
48,3246,914.461032081174,76,28
86,9948,7788.36447043866,89,3
27,6452,802.039554348342,95,68
28,2556,330.659868114702,83,55
42,8488,1907.3226148036,66,24
7,5367,309.732643456829,79,72
60,2808,1196.0287514052,66,6
77,8425,5627.47517954684,91,14
57,2833,1094.79281687049,67,10
46,8039,2102.63316121647,81,35
17,2111,176.839394393709,87,70
86,2188,1713.00175525933,87,1
11,9268,617.717052089794,75,64
78,3025,2062.18855546771,79,1
36,4404,783.104546979136,76,40
57,4099,1584.02956454364,89,32
90,8355,6910.70646906017,94,4
37,9792,1811.16036824834,77,40
23,9630,1021.02402331625,86,63
84,4389,3332.49964074754,88,4
74,3089,1932.61790433564,76,2
41,8216,1776.36570333188,84,43
3,6788,345.522941992638,85,82
98,4979,4668.51759933501,98,0
2,5725,283.850610360587,87,85
81,3210,2316.59449659171,85,4
88,1574,1267.74591558524,88,0
28,5811,751.746671993167,77,49
6,3228,180.112791317801,64,58
29,8062,1085.39961934982,72,43
24,7259,800.75774688236,58,34
59,5824,2402.70979436717,74,15
83,8109,6057.7031947842,91,8
37,9809,1814.30474388766,76,39
89,9237,7540.6443302331,89,0
32,1498,227.292709553978,69,37
19,1277,115.650329268037,49,30
61,5099,2241.11634594267,92,31
2,2468,122.365643034049,78,76
48,7073,1992.60101044675,57,9
12,1878,129.942281581866,95,83
60,7158,3048.85106928719,79,19
60,3530,1503.55466255711,65,5
23,6842,725.425375652103,82,59
79,6707,4663.18550768655,83,4
39,2100,420.093792890043,71,32
22,2223,226.55281361311,53,31
32,9213,1397.89568299119,68,36
3,5530,281.488195229713,51,48
71,9329,5432.73657919039,80,9
75,8587,5494.74113150721,87,12
64,6857,3300.38207949698,86,22
3,4357,221.780120545363,92,89
37,4187,774.441223637233,76,39
71,8966,5221.34378486666,75,4
3,8004,407.419803728503,86,83
23,9115,966.420973263508,72,49
21,9703,950.570802787821,75,54
72,6031,3599.59307613606,74,2
37,2640,488.30304045911,82,45
49,9919,2898.7111098181,74,25
25,8837,1014.34155999392,85,60
90,5097,4215.90315652899,91,1
78,4612,3144.07061746019,92,14
89,9764,7970.86188593656,92,3
75,1187,759.55021813195,88,13
49,4796,1401.57460254941,75,26
70,9904,5623.65123442193,98,28
12,2250,155.681647262619,73,61
51,8768,2754.35036618573,77,26
79,6430,4470.5953204748,89,10
9,6088,377.03676808114,78,69
89,6319,5158.52890795095,90,1
47,5655,1535.28677964828,81,34
90,7877,6515.33630841257,91,1
51,3612,1134.66167001173,69,18
97,8748,8058.67374099174,97,0
68,3060,1648.58843936747,80,12
59,7324,3021.53958343838,75,16
21,8892,871.119816385582,87,66
49,4976,1454.17748588112,82,33
92,7418,6296.38253936436,92,0
52,9090,2958.91606418911,70,18
43,9091,2122.66375783083,83,40
55,5425,1959.97255894257,94,39
72,2836,1692.66223908504,80,8
26,7685,917.960983520369,70,44
35,9908,1693.50561387383,80,45
65,1165,577.297534631874,91,26
20,2148,202.312439611876,61,41
25,2598,298.207465527239,65,40
60,6172,2628.87801056727,73,13
95,9552,8467.41211412616,97,2
79,3876,2694.87207809647,97,18
43,4857,1134.06422525403,65,22
21,2500,244.916727503819,42,21
42,9659,2170.45583604947,89,47
2,1751,86.816143011596,87,85
48,1701,479.204625868785,90,42
87,5938,4716.52454522077,93,6
62,5818,2637.24511105425,89,27
87,9736,7733.25748943574,90,3
13,2724,195.728112744229,80,67
21,8843,866.319448526507,70,49
54,4107,1433.7274656756,78,24
73,3691,2256.27211785846,88,15
28,3116,403.10490964218,88,60
77,4681,3126.67196622656,85,8
40,3843,799.296691835495,80,40
39,7082,1416.71630535585,70,31
35,3587,613.100992830585,90,55
13,1421,102.103395084269,64,51
26,6312,753.958325046268,78,52
22,9395,957.47354201312,71,49
55,3958,1429.96707618335,70,15
86,6802,5325.33726657859,89,3
18,5025,437.635648356645,88,70
21,7718,756.106921149789,65,44
64,8212,3952.56491714003,97,33
4,2546,133.374296675107,96,92
13,5412,388.869510342058,88,75
8,1333,79.6590807226669,80,72
99,9989,9513.33333333333,99,0
89,7524,6142.23318617233,91,2
94,8784,7663.48865056604,94,0
43,7467,1743.47489602055,81,38
26,9157,1093.78903397476,75,49
4,6791,355.752100832933,72,68
59,4979,2054.10234652372,99,40
64,7886,3795.65598350783,76,12
15,8795,682.06923726809,67,52
95,1689,1497.22142595887,96,1
35,9844,1682.56653845115,90,55
78,4315,2941.60119565063,95,17
38,5783,1112.47591460905,89,51
35,5551,948.793869864114,83,48
34,6923,1137.33865254933,83,49
76,8264,5404.65990255833,95,19
73,4509,2756.30749916657,85,12
39,1339,267.859804133222,71,32
68,6860,3695.85512877806,82,14
36,3762,668.946254708335,71,35
5,4384,236.82942613424,90,85
20,4790,451.152972877507,68,48
46,1567,409.855226225428,71,25
69,3781,2091.94306254456,78,9
65,6135,3040.10332615154,88,23
78,1053,717.846131870247,85,7
16,4918,396.355749773892,94,78
32,7011,1063.78450379368,50,18
83,5986,4471.74883758518,88,5
80,1947,1379.64340185544,84,4
84,4561,3463.09657358158,99,15
11,3008,200.484774782704,44,33
37,9249,1710.725311063,60,23
42,9113,2047.7651965958,79,37
76,5349,3498.24852599038,77,1
3,7040,358.350252155005,76,73
34,6363,1045.33957044221,68,34
84,9106,6914.04459527162,87,3
43,4600,1074.05712089119,73,30
5,7932,428.497036518428,63,58
69,1055,583.707995499737,81,12
58,3422,1366.70071397738,72,14
88,3837,3090.43270527355,95,7
15,5099,395.437298559408,84,69
85,7879,6076.60845211536,87,2
93,9612,8267.80212609561,97,4
24,4391,484.38176974245,88,64
9,6224,385.459402847736,88,79
39,5697,1139.6544467117,80,41
94,1357,1183.89732454669,96,2
81,5105,3684.17909816221,91,10
85,6252,4821.79921850809,94,9
47,6641,1802.97780789465,75,28
7,1139,65.732342257747,29,22
8,9489,567.055526614694,81,73
3,7293,371.228464341826,84,81
80,1383,979.993233059102,87,7
66,3912,1994.57762756519,75,9
21,1002,98.1626243835305,60,39
63,7506,3507.01620140858,91,28
64,7856,3781.21651108769,74,10
89,2230,1820.46517878313,93,4
16,2705,218.003721662948,72,56
54,6647,2320.42524089255,73,19
27,8078,1004.16545567668,68,41
67,5381,2821.12247280463,79,12
43,6941,1620.65879915343,76,33
42,4890,1098.82275994222,84,42
0,2169,140.187183584592,75,75
36,3757,668.057171435198,78,42
79,2403,1670.73725584774,80,1
16,6575,529.898140456149,68,52
43,6591,1538.93706169432,59,16
24,9155,1009.91006649787,96,72
64,2765,1330.8380413897,69,5
9,1972,122.128204115639,87,78
77,2641,1764.05483076359,86,9
22,3330,339.370611485225,74,52
5,6999,378.095153629914,42,37
71,5750,3348.5084500316,71,0
33,3495,551.810507485078,65,32
82,8613,6326.21225077218,90,8
88,1016,818.31629621004,89,1
25,6015,690.422596284196,38,13
8,5986,357.718872622569,45,37
99,3785,3604.7619047619,99,0
78,3766,2567.33953715418,81,3
9,4802,297.393324626418,89,80
13,1485,106.701999788979,83,70
60,5734,2442.31797028398,65,5
98,5279,4949.81008372957,98,0
87,8789,6981.05999123364,95,8
73,9812,5997.97941490848,82,9
63,3652,1706.31803457822,78,15
64,8710,4192.26015931438,89,25
93,1681,1445.9192024518,94,1
92,6222,5281.2202965658,95,3
88,6878,5539.74358792585,88,0
99,8829,8408.57142857143,99,0
77,5993,4003.02181021059,85,8
58,6645,2653.92350800107,86,28
62,5479,2483.57957433246,87,25
57,8053,3112.02490443277,59,2
18,6901,601.019623743125,66,48
99,7032,6697.14285714286,99,0
42,2117,475.707113046561,94,52
72,8631,5151.39907811812,77,5
35,1366,233.480891052852,72,37
47,1374,373.029891288548,77,30
79,9216,6407.62153553589,98,19
16,4478,360.894885621693,89,73
11,7941,529.271807363515,83,72
85,5263,4059.04179254768,93,8
52,6712,2184.84539305141,87,35
47,6195,1681.89241377915,63,16
2,9277,459.961941015749,80,78
12,6027,417.019239134135,86,74
25,7772,892.097160153079,77,52
70,2690,1527.42546653827,77,7
55,2917,1053.86911602497,89,34
12,2479,171.526579361792,78,66
74,9274,5802.23322913846,87,13
85,7628,5883.02694158345,99,14
6,9388,523.822455046937,84,78
0,6553,423.534630719148,91,91
98,8034,7533.01273208626,99,1
32,3753,569.445620130894,83,51
82,6141,4510.53865459096,86,4
45,8942,2252.59906184903,64,19
94,1803,1573.00433025621,94,0
1,8409,407.271240031248,72,71
23,6404,678.986276772299,81,58
64,2568,1236.0188391641,94,30
3,7724,393.167236881429,71,68
15,1008,78.1723469205497,82,67
50,3863,1170.66189601849,89,39
80,2461,1743.86359114855,83,3
57,3402,1314.67884327335,80,23
57,7300,2821.03337915798,76,19
10,3691,237.081328794824,85,75
40,7836,1629.79153713842,86,46
28,8787,1136.74032125348,72,44
93,3812,3278.90779282943,93,0
23,6272,664.990931904413,82,59
90,2114,1748.56175650427,92,2
10,4275,274.59297767485,80,70
4,4381,229.502275622012,67,63
44,6873,1667.11226125995,92,48
97,8934,8230.01728418155,97,0
45,4549,1145.9486840026,66,21
25,4261,489.0923828374,76,51
77,6932,4630.22646226928,82,5
10,2056,132.061558385846,94,84
5,5913,319.428010203412,37,32
56,8814,3294.12844926444,78,22
48,6401,1803.28560269612,73,25
67,2942,1542.41633803962,85,18
66,1192,607.754737233565,95,29
96,4974,4494.51260468245,96,0
17,5606,469.617074832371,82,65
82,4235,3110.58967630561,93,11
67,3653,1915.1756909785,85,18
88,8692,7000.79256560795,94,6
1,6262,303.286063155628,80,79
67,6962,3650.00086520457,78,11
95,9571,8484.25474710024,96,1
83,7220,5393.58947667307,83,0
80,5386,3816.517392087,88,8
95,2173,1926.26533961434,96,1
70,1961,1113.48748694481,89,19
84,9873,7496.41580157222,87,3
63,9661,4513.89335489053,74,11
6,6665,371.887160512126,85,79
64,5953,2865.27264390339,87,23
51,8461,2657.91040696823,80,29
26,9535,1138.94053062677,81,55
5,3450,186.37352193502,77,72
42,6987,1570.03571037143,81,39
67,4571,2396.45991882363,87,20
42,5379,1208.70503593644,76,34
13,2507,180.135968667321,97,84
52,5705,1857.05348143002,79,27
24,9084,1002.07788575277,74,50
87,1830,1453.56010740216,91,4
76,8773,5737.54614292645,80,4
13,6030,433.274787021916,56,43
99,6662,6344.7619047619,99,0
10,9111,585.220261893698,37,27
30,3330,466.558709352304,55,25
12,8103,560.661505675111,61,49
75,6103,3905.25272220665,93,18
26,1873,223.72686039475,95,69
11,6183,412.100186995166,90,79
46,1717,449.088336585233,66,20
70,9592,5446.49259294983,80,10
33,7644,1206.87826014762,93,60
18,2252,196.130443800829,80,62
4,3335,174.706708331296,88,84
50,1372,415.777406507215,67,17
24,9798,1080.84094282317,57,33
33,5902,931.841377733027,82,49
93,5528,4754.93239211991,97,4
0,6100,394.256256277552,88,88
37,5245,970.132366366679,74,37
92,6827,5794.74300299818,95,3
25,6619,759.751814597688,74,49
30,8803,1233.36826379229,73,43
83,9354,6987.76121396121,85,2
56,4219,1576.80144400348,80,24
49,8078,2360.70050863097,84,35
82,1321,970.268940354122,90,8
98,2594,2432.24234839828,98,0
96,2825,2552.67352397023,97,1
58,6101,2436.65723435885,88,30
76,2716,1776.26528259298,80,4
30,9760,1367.45135233588,71,41
92,9649,8190.05056920015,95,3
49,1568,458.229561467364,65,16
25,2498,286.729118124343,79,54
2,3851,190.936017554344,87,85
77,6025,4024.39619664923,92,15
84,4721,3584.58209249696,95,11
29,9820,1322.08189804207,83,54
98,4140,3881.8362846449,98,0
9,2646,163.869791120679,88,79
72,4856,2898.29613293263,87,15
81,3462,2498.45798978209,89,8
11,1548,103.175010426737,74,63
15,8631,669.350720507207,56,41
65,3052,1512.37088042616,70,5
42,2394,537.951265296867,64,22
45,8023,2021.09173263417,52,7
66,8792,4482.70104845428,71,5
84,6540,4965.72058566619,90,6
36,7015,1247.38383221132,66,30
76,5329,3485.16851654566,78,2
80,5489,3889.50314986364,81,1
19,9174,830.834863512118,83,64
78,7704,5251.93409299942,78,0
16,2843,229.125538147047,70,54
78,7443,5074.00641928799,80,2
47,7259,1970.75981139998,84,37
39,3607,721.561100454468,80,41
18,5367,467.420999946291,77,59
82,1300,954.844528736077,85,3
2,9266,459.416551196716,71,69
87,5628,4470.29305161713,93,6
35,9879,1688.54884532293,75,40
83,3401,2540.66451664337,84,1
2,5964,295.700443701404,74,72
57,1619,625.651101487228,77,20
12,8711,602.730146357632,67,55
70,5321,3021.34977972123,86,16
71,1269,739.001256189582,76,5
76,4561,2982.89615386841,87,11
22,4440,452.494148646967,93,71
87,4255,3379.72582349518,90,3
67,3599,1886.86485404643,86,19
9,2744,169.939042643668,89,80
50,9202,2788.61785326486,73,23
85,9970,7689.27354582944,95,10
16,2506,201.965739921385,92,76
73,7130,4358.49910602298,83,10
30,4899,686.387722857939,82,52
45,4309,1085.48975145465,94,49
46,5990,1566.70887370154,66,20
7,8756,505.313774195639,74,67
88,9757,7858.57490366276,91,3
22,6186,630.43441520949,85,63
93,2394,2059.20914376539,97,4
25,6844,785.578096254204,86,61
77,3362,2245.64647520908,88,11
15,4823,374.032965474019,62,47
1,9475,458.900582625292,83,82
9,3061,189.571213386394,82,73
12,4238,293.235031599546,90,78
24,4292,473.46084166126,58,34
77,8333,5566.02381853577,90,13
33,5980,944.156462020248,73,40
17,9328,781.410644672914,45,28
0,5277,341.063977766663,0,0
27,2163,268.879658409092,76,49
97,5483,5050.94971671899,97,0
8,3940,235.45144639708,70,62
57,5363,2072.49342635948,73,16
18,8891,774.332049659488,18,0
41,5182,1120.39034501775,88,47
29,5429,730.914727542812,76,47
11,1323,88.1786426321534,74,63
86,6133,4801.57210466429,97,11
6,4083,227.819246267218,92,86
43,3001,700.705526042276,75,32
8,6675,398.892996116881,93,85
47,7998,2171.39233662723,68,21
62,1776,805.044227781429,66,4
5,9051,488.946883198222,86,81
16,1885,151.917565742942,97,81
49,8601,2513.54110853367,91,42
1,6695,324.25745653576,67,66
13,7648,549.533262212871,92,79
3,1324,67.3942803768788,90,87
70,4400,2498.39109768341,90,20
37,2191,405.254530926481,82,45
56,7552,2822.47084738428,69,13
64,6390,3075.60762549011,78,14
72,2113,1261.14080084157,96,24
21,7924,776.288059496103,77,56
82,8586,6306.38086440612,87,5
78,8411,5733.90675703765,84,6
28,9982,1291.33286522729,69,41
33,1097,173.200608501039,93,60
84,9035,6860.13539625292,88,4
8,4000,239.037001418355,82,74
29,1572,211.640808933008,69,40
44,2113,512.52847490794,83,39
31,5400,787.353481562202,75,44
44,7603,1844.18078311646,73,29
84,1081,820.786537172042,85,1
90,1339,1107.53273034968,99,9
49,3529,1031.3087515423,93,44
85,8550,6594.11121533016,94,9
54,7492,2615.40934327772,71,17
21,8891,871.021849694581,65,44
10,9014,578.989731172186,69,59
65,3374,1671.93294579222,75,10
37,5623,1040.04848352332,91,54
43,3418,798.071138957847,82,39
59,6778,2796.28554021646,94,35
99,8843,8421.90476190476,99,0
65,6327,3135.24592413379,82,17
47,4342,1178.81789517822,68,21
50,2936,889.739406344885,65,15
62,9278,4205.63082508789,70,8
79,2082,1447.55512554099,88,9
91,9913,8305.99688097392,95,4
92,8619,7315.78877147229,93,1
24,4211,464.52553686756,64,40
81,4276,3085.90594000815,93,12
52,5413,1762.00359245937,77,25
27,8779,1091.30583503163,78,51
36,3374,599.953392712898,89,53
79,3581,2489.76700507314,93,14
22,2967,302.376157440439,88,66
10,6017,386.485601560134,71,61
82,4868,3575.52551222094,87,5
26,3638,434.553293174639,53,27
29,5708,768.476932181686,79,50
22,4640,472.876767955389,71,49
38,1398,268.933309462815,79,41
47,5546,1505.69416090705,57,10
37,5041,932.399858694839,68,31
2,6480,321.284184303337,52,50
34,4575,751.599644000173,83,49
46,2917,762.953219463671,87,41
69,6722,3719.13283957273,77,8
61,1056,464.133920634529,61,0
88,3288,2648.25195072698,89,1
68,9554,5147.25946069177,78,10
87,6828,5423.44722040543,97,10
57,9381,3625.22111368233,88,31
1,6120,296.408608513645,60,59
94,7265,6338.25649434907,97,3
96,1787,1614.73542914506,96,0
82,7835,5754.77452511321,97,15
7,3970,229.110973453253,94,87
52,7114,2315.70174704525,65,13
84,3979,3021.19299852688,86,2
31,1814,264.492447324784,53,22
97,9573,8818.66526320461,97,0
78,8355,5695.73070444057,92,14
68,2296,1236.98008391755,88,20
0,8627,557.581757853515,77,77
12,1518,105.033218019847,39,27
39,6020,1204.26887295146,59,20
83,2624,1960.21866853049,98,15
58,7603,3036.53580606955,61,3
92,7458,6330.33445383923,92,0
79,8587,5970.29580356409,81,2
89,2170,1771.48405289659,90,1
90,3115,2576.52311802782,96,6
6,8186,456.754433001089,77,71
24,6192,683.054410896208,89,65
61,3142,1380.97422219099,85,24
45,5309,1337.40197040444,93,48
23,2391,253.506587720576,76,53
17,6934,580.864216355273,89,72
58,2125,848.69638141494,85,27
61,9844,4326.64234349082,62,1
62,5680,2574.69099876043,69,7
15,6117,474.385164794646,76,61
20,2045,192.611237898643,68,48
47,1044,283.437559319683,76,29
19,1665,150.789192037026,69,50
22,1754,178.75557133486,76,54
79,9078,6311.67407764701,79,0
86,1024,801.697347982428,91,5
2,9127,452.524807119838,59,57
2,4561,226.138451328321,87,85
51,4503,1414.55744741495,76,25
71,9222,5370.42520455502,95,24
80,3379,2394.3580148277,87,7
77,9869,6591.99436759024,83,6
58,9739,3889.62543934122,85,27
45,6331,1594.85625817113,71,26
64,8308,3998.77122888448,73,9
60,5057,2153.95918655844,72,12
38,4383,843.157865075477,85,47
97,7835,7217.6164564095,99,2
81,1087,784.466734515636,87,6
57,1711,661.203850923192,77,20
81,2702,1949.98078809682,87,6
18,6358,553.728846219213,72,54
14,2004,149.580216291077,61,47
99,9013,8583.80952380952,99,0
89,4280,3493.98697990664,90,1
95,9063,8033.93592863541,95,0
47,3103,842.439412422391,65,18
51,9719,3053.09434408748,88,37
23,4340,460.149975201714,75,52
54,1061,370.388322639837,82,28
84,3742,2841.24257363347,85,1
54,7121,2485.89561311808,67,13
55,3456,1248.6018734941,63,8
78,2446,1667.47544022282,90,12
10,9878,634.486417186472,32,22
0,7780,502.83830718678,59,59
2,8413,417.124049775304,70,68
49,3004,877.883675158139,56,7
90,7841,6485.5594762299,97,7
31,8216,1197.94374157686,59,28
86,8662,6781.54534006229,92,6
40,3009,625.834958556598,47,7
17,9555,800.426534074796,72,55
89,2231,1821.28153088124,94,5
48,3260,918.405103075979,70,22
86,2022,1583.03909923874,97,11
22,8480,864.22305867709,86,64
46,5135,1343.08014465065,88,42
46,6013,1572.72461729004,83,37
44,8603,2086.74040209797,64,20
27,5948,739.387983456903,67,40
72,3419,2040.6248926064,83,11
73,2878,1759.29318753634,85,12
32,6807,1032.83142452198,52,20
40,9471,1969.85140993338,77,37
12,2099,145.233678935216,82,70
52,6733,2191.68117273765,89,37
11,5701,379.974634652991,93,82
30,5475,767.089769881041,69,39
68,7100,3825.1561828461,93,25
9,7643,473.339687655084,75,66
1,7564,366.345541633531,91,90
8,5599,334.592042735343,95,87
64,1167,561.695477143499,71,7
43,7834,1829.16597501339,89,46
78,6986,4762.46256148675,81,3
44,6088,1476.70296035946,87,43
22,5608,571.528645408151,85,63
59,4709,1942.7129844909,72,13
44,4276,1037.18493076496,72,28
37,8548,1581.06605675927,65,28
27,9461,1176.08434961092,55,28
54,9013,3146.38072757102,76,22
88,1206,971.347887036721,91,3
35,2383,407.309636441395,89,54
78,6963,4746.78311131295,82,4
74,5722,3579.94161495905,87,13
60,3857,1642.83578852203,75,15
56,8488,3172.28979774864,68,12
88,6485,5223.20982374224,99,11
5,3109,167.952254984341,70,65
9,7613,471.481753515394,49,40
67,5714,2995.70596721904,70,3
43,3617,844.535783970314,81,38
26,2981,356.075691850907,62,36
52,4484,1459.6017196726,88,36
74,2200,1376.41935562914,80,6
29,6640,893.953544093622,65,36
37,1881,347.915916327116,76,39
71,7639,4448.56626952893,84,13
32,9388,1424.44856962133,83,51
55,2209,798.079148885554,80,25
35,2058,351.759644060592,87,52
81,5348,3859.54746659579,81,0
17,6959,582.958477302617,73,56
58,7855,3137.18121224205,79,21
38,2885,554.987552074549,86,48
85,2416,1863.31844400441,86,1
61,6617,2908.30885685481,78,17
37,1695,313.512747567497,80,43
93,6587,5665.83568503868,96,3
84,9675,7346.07747191444,90,6
52,4859,1581.66921406984,70,18
10,4170,267.848588749503,86,76
95,7277,6450.72842907203,98,3
70,5182,2942.42333368078,83,13
93,9030,7767.19238437821,95,2
72,5610,3348.31987350743,76,4
41,7386,1596.912985006,90,49
46,6059,1584.75610446705,87,41
58,4548,1816.40994949419,74,16
35,1257,214.850278223598,92,57
41,2441,527.763958353593,64,23
34,5925,973.383145508421,85,51
20,4339,408.674895472965,73,53
30,3406,477.206896112297,68,38
1,4955,239.984420781881,80,79
76,4912,3212.45031962325,89,13
45,4972,1252.50755261836,77,32
45,5477,1379.723223188,74,29
77,6769,4521.35068134749,88,11
63,1283,599.454008314309,88,25
30,1262,176.815943304086,71,41
42,9502,2135.17665950327,89,47
82,9628,7071.72547897766,88,6
36,7075,1258.05283148896,91,55
46,5261,1376.03595735289,96,50
32,6938,1052.7081567994,73,41
52,8359,2720.96582844409,80,28
53,8870,2990.68944927684,79,26
36,5894,1048.05136237398,76,40
20,2144,201.935693914274,78,58
90,9946,8226.67702468851,98,8
20,2667,251.195193875639,79,59
74,4436,2775.36193707766,74,0
43,8766,2046.77928733309,47,4
84,3786,2874.6510913352,88,4
9,9070,561.71542156635,78,69
13,2137,153.550285218215,78,65
28,9480,1226.39106014373,94,66
95,3955,3505.92702170948,95,0
1,6098,295.343087371929,85,84
72,7466,4456.0706195377,73,1
52,8382,2728.45263476712,91,39
78,6340,4322.07452617034,81,3
29,5280,710.854625423844,93,64
46,9480,2479.53257473967,93,47
78,7801,5318.06046981937,79,1
8,6879,411.083883189217,88,80
99,8171,7781.90476190476,99,0
54,6160,2150.41665170725,85,31
53,4913,1656.51152923304,88,35
85,6928,5343.15818711197,87,2
40,4239,881.659816989504,96,56
39,8496,1699.57945923514,49,10
65,8965,4442.46557766073,68,3
16,8693,700.593845625141,78,62
29,1741,234.393542208885,62,33
60,7273,3097.83372826568,68,8
33,3315,523.391082206877,66,33
76,9076,5935.70828601396,84,8
5,1230,66.4462121681375,60,55
68,3880,2090.3670407666,87,19
46,3158,825.987750108425,79,33
57,3652,1411.28957543629,84,27
43,6525,1523.52667691631,82,39
3,8525,433.939758468952,24,21
12,4450,307.903702363846,87,75
95,7560,6701.5950149491,98,3
64,5695,2741.09318109017,81,17
15,8374,649.419874119726,94,79
0,1688,109.09910829451,0,0
54,2896,1010.97510119224,80,26
47,5211,1414.7443693629,84,37
35,2313,395.345022697837,91,56
20,3114,293.29652558258,70,50
67,8789,4607.85084807282,82,15
18,7877,686.021094946326,61,43
49,6077,1775.93178892677,79,30
50,1732,524.873519001819,66,16
2,4099,203.232078928916,77,75
96,3781,3416.5163165067,96,0
34,1799,295.547051269139,53,19
71,6945,4044.41585834251,88,17
44,9677,2347.24943288412,84,40
4,3235,169.468126372337,78,74
17,6140,514.350488667634,92,75
47,6180,1677.8200350533,79,32
63,6058,2830.46951080911,71,8
72,2189,1306.50128397643,82,10
81,3018,2178.03183511333,91,10
11,4184,278.865790455729,41,30
18,3636,316.66531690045,80,62
22,2559,260.795614051259,77,55
15,6387,495.324186291221,87,72
55,5073,1832.8001459015,84,29
73,4701,2873.67521702862,83,10
55,9542,3447.38399215299,79,24
62,7314,3315.36795157284,73,11
95,1194,1058.42651426577,97,2
65,5499,2724.94347033534,75,10
7,7900,455.913524000176,81,74
80,5879,4165.85698998877,90,10
14,1793,133.831001901148,99,85
9,3727,230.817351287518,55,46
34,6959,1143.25287925622,71,37
40,8765,1823.01210094669,85,45
19,4249,384.806772952146,70,51
38,7907,1521.06986975857,85,47
90,5711,4723.76357208889,90,0
32,7947,1205.80451456974,93,61
1,6176,299.120844147103,50,49
55,3693,1334.22648113823,82,27
66,4394,2240.33080151366,90,24
77,2381,1590.38794094968,98,21
70,4807,2729.49227421913,84,14
88,9410,7579.09089304772,91,3
47,6930,1881.43897134617,65,18
95,3320,2943.02849862844,99,4
6,7666,427.73998086811,54,48
51,9868,3099.90070865884,91,40
97,4324,3983.27677824054,97,0
18,4734,412.291972004051,94,76
5,1164,62.8808056615545,72,67
32,1026,155.675781042978,93,61
54,9562,3338.03312071831,80,26
23,7784,825.301245845655,88,65
31,1124,163.886169125169,50,19
83,8619,6438.69081709767,83,0
43,9586,2238.24164366586,74,31
25,7048,808.993924956112,82,57
69,1031,570.429330199269,78,9
85,3101,2391.61858230863,85,0
22,7433,757.520046597501,73,51
82,7267,5337.58091563467,86,4
59,1341,553.233831429666,89,30
30,4274,598.820397529053,81,51
77,9051,6045.61161425264,92,15
35,6299,1076.6443138667,72,37
18,7849,683.582528149513,86,68
48,7273,2048.9448818011,69,21
52,9345,3041.92196037923,79,27
14,5158,384.997383048591,72,58
6,3717,207.397535727468,60,54
27,2584,321.213609491029,52,25
47,7780,2112.20709914476,86,39
98,5529,5184.2204873917,99,1
11,9854,656.774258879244,80,69
20,9538,898.3501159302,73,53
36,3433,610.444575335916,72,36
70,5799,3292.76590351502,71,1
73,8351,5104.88443680195,86,13
59,2750,1134.52127996389,81,22
53,6075,2048.30196215973,70,17
22,3579,364.74697252421,75,53
37,1502,277.814835897569,75,38
10,1381,88.7047724371854,83,73
25,1493,171.371726725238,93,68
29,8107,1091.45803945286,82,53
29,6254,841.985762765288,85,56
56,1517,566.960841562758,69,13
21,9140,895.415555753961,74,53
15,3498,271.27665627786,90,75
82,5496,4036.7888691796,85,3
96,5895,5326.72935355911,97,1
90,1681,1390.412636085,93,3
33,7801,1231.66631441805,77,44
65,4287,2124.3558205724,89,24
18,4670,406.718105039907,81,63
68,4106,2212.12553334733,84,16
72,1042,621.916097717423,86,14
75,3053,1953.58619709928,75,0
18,9572,833.641477824836,84,66
54,4751,1658.54375199045,57,3
42,9639,2165.96167343212,81,39
29,5549,747.070514484263,68,39
44,4035,978.728062590411,82,38
73,1386,847.248213316669,74,1
3,3916,199.332327761222,85,82
79,4949,3440.89832675425,88,9
40,9858,2050.34264587934,89,49
70,8461,4804.29251761348,70,0
2,7145,354.25547790854,67,65
47,9153,2484.96549851826,83,36
38,5821,1119.78597595354,84,46
69,3735,2066.49228738533,79,10
3,2341,119.16163924643,72,69
67,7230,3790.5065003489,84,17
99,9265,8823.80952380952,99,0
96,6625,5986.35826417797,98,2
8,1432,85.5752465077712,76,68
64,1593,766.735985509507,79,15
6,5439,303.480009906294,77,71
12,9768,675.865924649449,58,46
62,9324,4226.4821958525,91,29
97,9480,8732.9934916097,97,0
48,1533,431.875773931127,63,15
35,4918,840.599577011658,80,45
67,8761,4593.17115484879,72,5
80,9899,7014.42734204776,82,2
93,3361,2890.97825070821,93,0
57,4996,1930.66887154428,94,37
1,5422,262.602528653755,80,79
28,6347,821.08692602661,58,30
32,8478,1286.37355914461,76,44
60,1225,521.771802162169,76,16
52,4826,1570.92727456289,80,28
44,6903,1674.3890498294,77,33
47,3748,1017.55169763426,78,31
56,3201,1196.33596166275,84,28
19,4655,421.575789148562,68,49
97,8759,8068.80696128791,98,1
20,9935,935.742126417125,77,57
80,8280,5867.20460573345,82,2
47,6227,1690.58015506098,84,37
86,5273,4128.27159756967,87,1
32,7686,1166.20278079564,57,25
64,6394,3077.53288847946,79,15
23,3221,341.507619844406,86,63
66,7232,3687.31733194055,82,16
30,2175,304.734292144523,62,32
77,6960,4648.92905040309,83,6
5,1298,70.1196612961321,46,41
44,1067,258.811113453276,94,50
93,3404,2927.96488111002,95,2
97,8090,7452.52292691166,98,1
25,2814,323.000695917494,75,50
81,5074,3661.80700177768,87,6
30,8376,1173.5422671276,62,32
62,8434,3823.0535006242,79,17
97,4751,4376.62996610102,97,0
97,5505,5071.21615731133,99,2
39,3668,733.763824914608,67,28
60,6185,2634.41518071266,79,19
68,9207,4960.31168668507,80,12
90,8756,7242.38729420597,96,6
15,7008,543.483935733346,83,68
87,8446,6708.61675798832,95,8
45,8388,2113.03969255084,94,49
39,9129,1826.207731092,97,58
87,2269,1802.25567415054,90,3
42,4595,1032.5338613363,75,33
5,6847,369.883914402632,69,64
45,2006,505.33591121328,57,12
9,5327,329.907172070997,94,85
88,5493,4424.22383374188,92,4
46,4566,1194.25587935246,69,23
89,4199,3427.86245995981,93,4
50,9319,2824.07408982561,83,33
81,3083,2224.94106946799,82,1
8,8255,493.312611677131,56,48
8,3230,193.022378645322,90,82
95,5378,4767.35158603125,95,0
52,5704,1856.72796811162,66,14
57,2527,976.541280703043,65,8
45,1134,285.668456289063,96,51
65,5768,2858.24221438339,70,5
42,3286,738.390918030704,87,45
72,8514,5081.56780802892,75,3
91,5320,4457.57121020693,98,7
61,7895,3470.01638580455,86,25
87,5295,4205.79276977837,89,2
5,1026,55.4258647841537,75,70
6,9534,531.968820453504,76,70
91,6753,5658.26661325703,92,1
91,7884,6605.91944008861,93,2
61,1155,507.646475694016,78,17
50,7850,2378.90134189624,79,29
11,1591,106.040982938591,84,73
82,5783,4247.58916129287,82,0
66,4177,2129.69088710117,86,20
45,8943,2252.85097406798,91,46
41,5682,1228.49439220201,86,45
46,9359,2447.88453238276,79,33
14,4778,356.63386898142,79,65
18,5483,477.523633818802,86,68
3,4884,248.605487432535,49,46
75,5977,3824.62649854648,77,2
4,3292,172.454118088944,88,84
14,2172,162.119875141826,74,60
55,3210,1159.72569847109,87,32
27,3771,468.76800363416,82,55
12,8805,609.234179621048,69,57
93,2935,2524.55256347177,96,3
88,9984,8041.40738322937,91,3
38,3635,699.265078610394,78,40
13,2135,153.406578821192,88,75
97,4605,4242.13449671547,97,0
74,5112,3198.29806635279,85,11
23,5403,572.854911524161,79,56
39,5940,1188.26529988898,82,43
27,7182,892.784885203006,90,63
10,6404,411.343492170699,59,49
22,2244,228.692988640494,75,53
57,4603,1778.79680058413,76,19
16,1796,144.744800039429,81,65
95,2339,2073.41676454576,96,1
44,5496,1333.1076659224,81,37
28,3696,478.137274081353,71,43
53,5822,1962.99819320065,57,4
65,8180,4053.47110153539,74,9
22,9912,1010.16261292539,81,59
88,9632,7757.89622548731,89,1
6,2808,156.678041518087,89,83
47,1499,406.966380670694,86,39
97,7485,6895.19581062222,97,0
97,3466,3192.88559513916,98,1
57,5705,2204.65690795839,63,6
83,5956,4449.33780097851,88,5
12,3761,260.230522379871,71,59
3,3083,156.930941391176,98,95
54,6733,2350.4472915495,76,22
1,2289,110.862631517603,58,57
24,2965,327.076280411378,80,56
8,4777,285.469938943871,34,26
35,4432,757.530973020673,92,57
28,6966,901.16457014359,61,33
52,2830,921.202691051174,89,37
93,5579,4798.80025608483,96,3
38,4550,875.283660984125,77,39
62,8812,3994.39737342903,93,31
41,3321,718.027081397903,73,32
70,1401,795.51043814874,70,0
33,4430,699.433633235735,86,53
70,2268,1287.80704762409,91,21
34,4078,669.950458630099,76,42
42,7887,1772.27302815221,78,36
96,5613,5071.9138017858,97,1
18,6753,588.130056388542,73,55
92,8672,7360.77505815149,92,0
97,5756,5302.43782043307,97,0
56,5799,2167.30779184076,80,24
54,6671,2328.80348758752,84,30
61,4722,2075.41702011008,83,22
46,7208,1885.28172982316,74,28
57,3678,1421.33709158124,79,22
62,5607,2541.60077993833,93,31
31,1644,239.705393275604,89,58
42,7185,1614.5279202832,89,47
89,4066,3319.28763091131,90,1
4,8346,437.212050294752,77,73
9,2210,136.867814957181,72,63
41,7522,1626.31728584012,77,36
77,7918,5288.82474440972,84,7
46,4986,1304.10858835991,69,23
1,1866,90.3755659291603,76,75
1,4927,238.628302965152,75,74
87,7431,5902.40719022155,87,0
49,4525,1322.37803931111,85,36
41,6238,1348.70609267092,82,41
38,8260,1588.9764922481,70,32
67,1708,895.461286666103,83,16
35,2156,368.510103301573,66,31
76,6889,4505.40925323382,81,5
81,7500,5412.60396399933,83,2
3,1474,75.0295840449542,18,15
7,3701,213.586829408184,71,64
97,5409,4982.78078018111,97,0
68,4220,2273.54353402965,91,23
65,2451,1214.55472736714,94,29
18,4739,412.727430360625,76,58
41,8500,1837.76880213254,81,40
19,7838,709.841253565291,51,32
73,2198,1343.61585344159,81,8
26,3856,460.593045212042,89,63
21,2186,214.155186529339,89,68
12,1914,132.433187938068,55,43
88,4595,3700.94820972946,90,2
27,1851,230.095352619154,85,58
43,7756,1810.95370209393,82,39
57,3143,1214.59012475254,65,8
39,2764,552.923449308608,70,31
64,9321,4486.34408093793,74,10
60,4624,1969.5288271003,60,0
63,4410,2060.47714471247,68,5
94,3258,2842.40050359109,97,3
44,4731,1147.54955740155,69,25
88,5410,4357.37319143338,88,0
92,5420,4600.48441134468,92,0
27,8463,1052.02429455208,58,31
18,9969,868.216871336794,80,62
70,7241,4111.5568041649,80,10
11,7843,522.740056057429,59,48
36,6703,1191.90503596756,63,27
77,7474,4992.25513257366,79,2
4,4467,234.007456106717,66,62
96,3422,3092.12346868181,96,0
26,9340,1115.64809187772,71,45
53,5480,1847.68637903462,84,31
76,7827,5118.86169619119,90,14
65,6598,3269.53573691082,83,18
99,2308,2198.09523809524,99,0
2,5641,279.685815378877,67,65
40,8273,1720.68215757352,74,34
0,2068,133.659334095406,82,82
9,8997,557.194448493104,89,80
34,3333,547.558822612585,52,18
9,1075,66.5759733389004,60,51
29,4893,658.752212537665,94,65
7,5640,325.487629792531,71,64
47,8731,2370.39591036413,95,48
62,4179,1894.30170489786,77,15
56,5779,2159.83302794409,76,20
69,6762,3741.26394840685,81,12
43,7897,1843.87588775603,85,42
60,4911,2091.77250646401,72,12
76,1933,1264.18291283219,85,9
25,4457,511.589943747076,68,43
7,3452,199.21689681628,80,73
57,9947,3843.94781129923,97,40
68,7628,4109.61850179578,92,24
46,8349,2183.71492262674,73,27
62,5041,2285.03826139988,70,8
46,2169,567.310775802778,81,35
72,3651,2179.09373586018,95,23
65,6790,3364.67833489307,80,15
80,1877,1330.04143055093,80,0
76,8252,5396.8118968915,86,10
87,3693,2933.33195444599,89,2
51,9270,2912.04697702346,72,21
2,2655,131.637269957617,77,75
7,9165,528.917398412863,79,72
82,8087,5939.86746452974,85,3
55,3729,1347.23275065379,74,19
62,9012,4085.0555071882,74,12
55,8758,3164.13634492516,78,23
63,9845,4599.86337634792,92,29
77,6133,4096.53475087962,82,5
55,6811,2460.71393529176,86,31
76,4218,2758.57399189146,85,9
10,2231,143.302206594758,75,65
50,6149,1863.42221035923,86,36
74,4419,2764.72596932961,80,6
93,3393,2918.50318496072,96,3
80,7116,5042.39468289846,84,4
62,3147,1426.50573470054,95,33
51,3167,994.870849647604,58,7
46,2144,560.771924076144,72,26
12,2802,193.875544724381,69,57
56,2902,1084.58824140746,87,31
55,3246,1172.73196798665,72,17
42,2237,502.672088750665,77,35
73,9468,5787.69558707231,87,14
44,9902,2401.82534715496,90,46
86,5372,4205.77944664219,96,10
36,7984,1419.68817054528,76,40
28,3797,491.203254785416,87,59
71,4821,2807.50595436562,89,18
96,8046,7270.37563676618,97,1
16,9917,799.239522266711,45,29
89,8446,6894.90982062886,91,2
3,1719,87.500580036144,76,73
13,9421,676.928983173047,55,42
5,3039,164.170763234935,81,76
65,3369,1669.45527396977,72,7
23,3397,360.168079668254,82,59
21,4273,418.611670649527,97,76
2,7592,376.418136918354,70,68
15,1453,112.682956424165,70,55
72,9844,5875.37626288897,97,25
43,4828,1127.29299557884,78,35
1,3919,189.808061562904,4,3
19,9422,853.294755178894,54,35
12,3181,220.099253307729,97,85
11,8163,544.068223587504,64,53
36,4531,805.687262116817,73,37
26,3007,359.181350350781,61,35
4,6178,323.639593424512,88,84
92,8853,7514.40747115027,94,2
96,1811,1636.42185908321,99,3
30,9789,1371.51447623114,58,28
23,1629,172.715278710505,77,54
35,9946,1700.00068990605,68,33
78,1969,1342.29727792262,97,19
87,6355,5047.74561887471,96,9
16,2529,203.819376002069,78,62
99,8478,8074.28571428571,99,0
6,5235,292.097417146433,77,71
28,2634,340.750427470315,88,60
91,9265,7763.04459822691,97,6
99,2097,1997.14285714286,99,0
8,5787,345.826781802006,87,79
94,5825,5081.94687950218,96,2
49,6533,1909.19242670044,70,21
85,7568,5836.75247691446,90,5
48,6019,1695.6688084093,68,20
76,9354,6117.52041729557,90,14
92,6382,5417.02795446527,93,1
23,3007,318.818197104045,83,60
45,4196,1057.02367071332,71,26
98,3529,3308.93725809465,99,1
16,8786,708.088982820947,52,36
88,7575,6101.12789743214,88,0
0,3745,242.047488485153,77,77
34,5742,943.319159748414,74,40
82,8535,6268.92157904802,93,11
22,1411,143.799379220917,85,63
71,6698,3900.57558231507,71,0
77,9610,6418.99542735254,82,5
75,8392,5369.96245203313,89,14
28,5977,773.221452160241,50,22
58,9489,3789.77880623358,80,22
87,5910,4694.28428128238,92,5
34,3150,517.494836852578,59,25
10,8051,517.134049885431,44,34
22,3173,323.370255328114,62,40
93,5428,4668.91697258084,93,0
87,9036,7177.2508909759,91,4
41,8281,1790.41922946584,64,23
44,7606,1844.9084619734,85,41
18,9859,858.636787492171,65,47
72,9882,5898.0565044564,73,1
44,3108,753.875295794547,66,22
21,5242,513.541394230007,89,68
61,8790,3863.38746437264,80,19
86,3092,2420.75019527506,93,7
30,8241,1154.62772485656,76,46
85,2366,1824.75639011359,86,1
42,8262,1856.53857722753,77,35
29,7542,1015.3912092702,76,47
73,3607,2204.92374129381,85,12
2,3636,180.276125636872,68,66
52,9582,3119.06861683829,59,7
85,2894,2231.97167920064,89,4
88,6183,4979.97013727035,94,6
63,8423,3935.46462356308,84,21
59,4392,1811.93362240052,87,28
40,2537,527.664768979092,50,10
91,5145,4310.94057829223,93,2
19,5889,533.331863006634,87,68
65,7068,3502.43688822153,91,26
59,1079,445.14489493856,80,21
21,8904,872.2954166776,83,62
65,1922,952.417048551469,80,15
59,6313,2604.44830560439,80,21
8,4597,274.713273880045,65,57
34,5003,821.913228182047,75,41
12,3813,263.828498227718,85,73
69,3896,2155.57000044263,84,15
3,3373,171.692528482789,91,88
46,4269,1116.57432084005,68,22
44,3130,759.211607412141,81,37
60,5475,2332.00050354112,70,10
94,9454,8248.02159636285,95,1
35,7943,1357.64181378682,63,28
29,1818,244.760172162983,84,55
66,4180,2131.22047117139,86,20
93,8055,6928.54204387226,93,0
35,6996,1195.77768214184,91,56
21,2580,252.754062783941,84,63
24,7921,873.78455890001,66,42
71,9109,5304.61973414571,93,22
46,7360,1925.03794832109,76,30
33,7218,1139.61895365588,72,39
4,8561,448.475001506515,82,78
55,6295,2274.29073890202,80,25
49,2184,638.248317758114,78,29
80,8438,5979.16334096363,88,8
30,5799,812.484671331535,84,54
74,2586,1617.91838802588,74,0
41,5405,1168.60475006193,62,21
28,9974,1290.29793606261,80,52
14,5516,411.718798932925,47,33
77,7958,5315.54272745801,91,14
11,3312,220.746533936275,69,58
35,9698,1657.61177264316,88,53
62,4353,1973.17428126833,95,33
21,1477,144.696802609256,74,53
25,1428,163.910800913355,49,24
45,8200,2065.68019538828,73,28
88,8472,6823.59809201916,95,7
90,2558,2115.80935342381,95,5
2,8490,420.941778508538,94,92
71,6752,3932.02244428058,72,1
92,6479,5499.36134706683,93,1
19,5186,469.665315257668,76,57
6,1728,96.4172563188227,57,51
57,7413,2864.70143009563,75,18
53,9259,3121.84820866451,57,4
4,4916,257.528689102445,82,78
10,4521,290.394117442806,76,66
47,6225,1690.03717123087,89,42
44,1469,356.320080283845,83,39
2,4641,230.104922739473,63,61
76,7897,5164.64172924771,95,19
19,5129,464.503162737481,81,62
8,3973,237.423501658781,87,79
25,5742,659.08670787429,86,61
67,6966,3652.09796423658,81,14
52,8971,2920.17997930038,72,20
16,9027,727.511865231583,77,61
45,5640,1420.78491487682,73,28
78,8528,5813.66743835657,80,2
13,5068,364.15201005424,86,73
16,6874,553.995409505029,17,1
34,9465,1554.9487716856,99,65
94,4354,3798.59171044678,95,1
43,8893,2076.43260349682,82,39
49,7860,2296.99257215145,75,26
20,8286,780.428712581006,31,11
74,2724,1704.25742033353,88,14
10,6687,429.521226131397,76,66
3,9634,490.390103588256,73,70
38,3026,582.111727063288,65,27
45,6725,1694.10967243734,72,27
61,1376,604.780563251053,78,17
51,7801,2450.58020148436,77,26
26,9233,1102.8671126667,71,45
43,8429,1968.09292869388,48,5
11,8409,560.464252376249,73,62
92,1778,1509.1625984079,94,2
5,6692,361.510611243233,85,80
94,1201,1047.79711627161,99,5
58,5519,2204.21427248426,64,6
46,9513,2488.16385901882,67,21
37,3146,581.894456547106,61,24
94,9984,8710.41332960511,98,4
12,5013,346.858710101115,78,66
74,5498,3439.79709874954,84,10
89,2573,2100.47394843453,95,6
31,3432,500.406879392866,86,55
81,3476,2508.56151718156,90,9
38,9539,1835.01776750056,89,51
83,6143,4589.03326249345,86,3
58,2379,950.140560652302,91,33
37,3547,656.064728980479,84,47
76,7717,5046.92164424523,87,11
5,5307,286.691095915696,64,59
2,9599,475.926988445637,81,79
49,9328,2725.99830954564,57,8
22,7269,740.806298764595,80,58
20,1005,94.6573565223161,90,70
15,8782,681.061062158996,39,24
64,4632,2229.45454166983,74,10
62,3596,1630.03324498988,76,14
82,8159,5992.75116150589,82,0
18,5042,439.116206768995,83,65
56,7089,2649.43006317626,70,14
4,2273,119.072967927147,53,49
90,7494,6198.5438993581,91,1
2,7526,373.145798004153,82,80
59,6226,2568.55617783826,90,31
10,1399,89.8609533958164,80,70
3,3159,160.799495249668,31,28
84,6610,5018.87050019167,95,11
92,1968,1670.43419216353,93,1
79,9298,6464.63379312204,79,0
29,3252,437.821826113322,58,29
40,5222,1086.11171604605,84,44
56,5783,2161.32798072342,93,37
43,5981,1396.50774783701,93,50
37,2820,521.596429581322,58,21
81,3840,2771.25322956766,82,1
30,3952,553.705711519611,93,63
35,2332,398.592560713946,85,50
29,1588,213.794913858535,59,30
96,3418,3088.50906369212,96,0
35,4544,776.674355010365,96,61
82,5628,4133.74231363588,87,5
87,2334,1853.88485829324,94,7
72,1272,759.191244046605,86,14
6,3395,189.430894214354,87,81
24,6280,692.761902523932,80,56
16,1931,155.624837904308,59,43
36,4116,731.89335044644,83,47
76,6033,3945.58484899981,81,5
27,7936,986.513624195357,59,32
38,8759,1684.96913990329,54,16
2,6352,314.937830045493,57,55
53,1492,503.056218525483,84,31
98,2255,2114.38184103243,99,1
87,9102,7229.67437025926,89,2
97,6906,6361.81994230555,97,0
30,8376,1173.5422671276,71,41
74,5154,3224.57516314208,83,9
0,5038,325.616888381362,77,77
74,5130,3209.55967926249,81,7
15,9610,745.274061415162,82,67
92,8132,6902.42421274077,93,1
70,8297,4711.17066760892,89,19
53,3207,1081.30113459197,80,27
51,2458,772.147947089931,62,11
0,1599,103.346844883247,83,83
4,8177,428.358846784111,83,79
24,5562,613.557595834093,64,40
37,4637,857.674696442763,93,56
88,2140,1723.61897036367,89,1
23,5893,624.807328079194,92,69
5,5857,316.402816803887,78,73
74,6979,4366.37758315261,78,4
49,9463,2765.45047204443,74,25
52,6672,2171.8248603157,81,29
29,9357,1259.74748675964,88,59
87,2590,2057.22441430141,91,4
81,6548,4725.56410083568,95,14
12,1114,77.0797133558032,82,70
4,8866,464.452676481341,71,67
51,1766,554.765368006842,88,37
93,5867,5046.52466435736,98,5
37,5939,1098.4968777601,93,56
35,4174,713.432825222989,74,39
23,5884,623.85310002002,52,29
80,3624,2567.96491439348,95,15
9,7921,490.556544016214,87,78
55,2761,997.508614790862,93,38
18,7010,610.512615916434,87,69
42,3042,683.562134099027,91,49
30,7313,1024.60776020823,70,40
17,5461,457.470361337777,92,75
13,6216,446.63948194498,60,47
83,1274,951.722021230124,83,0
52,5248,1708.29389492458,62,10
69,8633,4776.44656412249,71,2
57,2054,793.753775450752,57,0
16,8440,680.203848737627,89,73
74,3568,2232.3019367658,75,1
1,2617,126.748583085001,82,81
17,9656,808.887348302064,54,37
35,1087,185.793359132101,44,9
0,7892,510.077110580728,67,67
72,4998,2983.04861457935,78,6
44,2965,719.189270280191,78,34
11,7504,500.145528580256,56,45
28,7507,971.151654904957,77,49
23,1188,125.958103810976,87,64
83,7607,5682.69184889918,87,4
20,1504,141.656382298073,62,42
48,4108,1157.30311761844,81,33
3,4558,232.011427460584,62,59
42,4112,923.999834127284,73,31
2,3692,183.052655624679,75,73
53,7599,2562.14759019782,83,30
16,2093,168.680883342163,61,45
81,4378,3159.51735391854,81,0
39,9658,1932.03135796763,75,36
80,7047,4993.50131118402,87,7
20,2727,256.846379339658,78,58
3,2380,121.14681820013,94,91
51,4373,1373.71967966813,84,33
78,2296,1565.21815648061,92,14
48,3248,915.024470794717,81,33
75,1385,886.248569597937,94,19
40,9862,2051.17459663847,90,50
12,7387,511.120145923984,91,79
80,9233,6542.50001506485,88,8
69,4624,2558.35618122349,80,11
62,8313,3768.2053296999,72,10
17,3666,307.102425318493,91,74
24,6078,670.478796742111,90,66
16,4426,356.704056221888,67,51
14,9797,731.256177147546,47,33
26,9011,1076.34956701393,89,63
88,1840,1481.99014274259,90,2
0,3451,223.045629576038,72,72
33,2356,371.978699752459,76,43
23,9134,968.435454721764,72,49
44,1337,324.302210578285,78,34
84,2811,2134.3487104446,90,6
96,4287,3873.73854770278,98,2
67,5511,2889.27819134479,67,0
16,3048,245.647077127048,55,39
97,9601,8844.45891486759,97,0
64,9046,4353.98225041996,66,2
56,6524,2438.26798309521,83,27
73,3171,1938.40121531541,78,5
76,3904,2553.21784360936,91,15
87,9577,7606.96456207129,89,2
7,5688,328.257737280127,67,60
50,4220,1278.84887424231,55,5
16,5542,446.645702571555,85,69
4,4363,228.559330869399,83,79
54,8424,2940.76458993213,86,32
95,3178,2817.15197850638,98,3
31,9573,1395.80275536944,83,52
72,5746,3429.49126438034,81,9
86,9188,7193.35471998295,90,4
48,6879,1937.94745523302,85,37
64,4110,1978.20772155937,92,28
20,3023,284.725560962151,86,66
74,4955,3100.0717759738,88,14
85,9441,7281.28701566457,87,2
29,6794,914.686804001818,86,57
11,7896,526.272533804598,92,81
29,1602,215.679755668371,59,30
60,9866,4202.28620418935,73,13
94,6449,5626.3477126025,98,4
62,5287,2396.54776592366,93,31
54,5798,2024.04476405822,74,20
56,1037,387.566508042571,85,29
96,5917,5346.60858100242,96,0
15,2016,156.344693841099,73,58
60,6164,2625.47052124703,65,5
88,1505,1212.17128523239,89,1
72,8086,4826.11666616419,95,23
64,3683,1772.68589744602,71,7
32,6436,976.53930486609,95,63
10,9885,634.936043114828,76,66
92,6312,5357.61210413425,92,0
87,2200,1747.44930944522,88,1
84,4225,3207.97698385928,92,8
41,9632,2082.51636495773,69,28
30,1490,208.760503584064,92,62
35,8565,1463.95595305101,73,38
