"Age","Benefit","NetSinglePremium","Die","SurviveYears"
27,3007,373.796177917772,88,61
11,8173,544.734728822819,85,74
2,3258,161.534548219178,6,4
83,9258,6916.04589681985,86,3
68,2006,1080.74131025201,70,2
68,3869,2084.44074245515,79,11
58,5975,2386.3345312726,67,9
18,3611,314.488025117581,53,35
80,7177,5085.61925789239,80,0
30,4368,611.990523258518,53,23
46,8603,2250.14965616934,68,22
32,1355,205.595207907637,91,59
73,9758,5964.96974425978,91,18
9,3479,215.458429066078,37,28
94,2927,2553.62377962281,95,1
85,2873,2215.7756165665,91,6
54,7978,2785.06883885073,90,36
52,8411,2737.8925210005,68,16
17,3873,324.4429059625,70,53
58,6594,2633.55479484711,83,25
67,6288,3296.63967831174,77,10
78,6713,4576.35430507594,85,7
18,9397,818.400435344754,66,48
76,3896,2547.98583983147,77,1
47,8712,2365.23756397804,83,36
43,5847,1365.21999692409,86,43
87,8525,6771.36607410021,97,10
51,3026,950.57757847605,92,41
39,9234,1847.2124207365,70,31
26,9673,1155.42441035687,80,54
82,5603,4115.37991885249,84,2
88,4765,3837.87121204807,98,10
14,6427,479.716591867641,91,77
78,4845,3302.91026487307,85,7
17,2771,232.127883403585,83,66
0,4658,301.056662580465,76,76
2,1224,60.6870125906302,78,76
80,9287,6580.76439292833,86,6
93,8739,7516.88751351951,97,4
30,7945,1113.1558395808,71,41
22,3341,340.491655547188,33,11
10,5663,363.747376040392,77,67
54,3630,1267.2098126132,82,28
92,6410,5440.79429459768,94,2
20,3720,350.37349876917,31,11
5,8097,437.410552784886,84,79
25,2517,288.910004130893,76,51
45,1476,371.822435169891,78,33
21,5566,545.282602114502,40,19
3,4454,226.717616917385,86,83
86,1982,1551.72279658318,86,0
65,6999,3468.24501707166,80,15
75,7509,4804.93899574795,87,12
97,8790,8097.36421848621,99,2
55,5213,1883.38008290647,65,10
57,3719,1437.18125165596,86,29
67,4189,2196.18696126716,91,24
63,1876,876.520436163402,67,4
1,2517,121.905305168112,86,85
37,6377,1179.51079129081,82,45
84,5787,4393.97936227068,95,11
64,8465,4074.33780121656,79,15
30,3041,426.067578120227,62,32
75,1256,803.702673945855,86,11
75,1312,839.536551128154,91,16
63,6787,3171.07899799627,75,12
99,4982,4744.7619047619,99,0
67,8676,4548.60780041868,74,7
7,1016,58.6339418207822,72,65
14,6082,453.96550672771,81,67
59,8433,3479.06107415837,76,17
78,3009,2051.28111186854,83,5
95,5968,5290.35966259474,99,4
84,6863,5210.96947697662,88,4
61,5032,2211.66845514484,86,25
71,9663,5627.24124394006,77,6
15,6924,536.969573489967,68,53
8,3533,211.129431502762,70,62
56,4346,1624.26619474736,81,25
10,7095,455.727994527032,80,70
63,1233,576.092589440018,70,7
81,9833,7096.28463706739,87,6
77,1828,1221.01182530702,95,18
45,4984,1255.53049924576,79,34
87,2560,2033.39556008171,87,0
17,2749,230.284933769923,87,70
89,1195,975.540757240289,90,1
12,9069,627.500826233195,33,21
68,9678,5214.06500529359,81,13
21,3123,305.94997599777,84,63
86,1405,1099.98513077667,87,1
65,9575,4744.74154000016,88,23
13,6779,487.092832706728,88,75
18,4275,372.316894870578,71,53
3,2147,109.286646502386,87,84
41,2183,471.982270006511,84,43
62,2949,1336.75418227896,80,18
97,5884,5420.3516566067,99,2
95,7121,6312.44154781118,96,1
34,6482,1064.88937538997,52,18
4,2609,136.674603309251,66,62
60,3980,1695.22593682076,76,16
52,3845,1251.5987092197,91,39
82,4473,3285.39967464344,96,14
94,3968,3461.83093868921,96,2
84,7260,5512.40542078541,88,4
88,6559,5282.8116012221,92,4
34,8905,1462.94968957848,82,48
90,2851,2358.15968202161,90,0
47,6372,1729.94648274427,80,33
8,4424,264.374923568701,71,63
62,5028,2279.14548270553,81,19
59,6113,2521.93766706156,89,30
27,2669,331.779846645339,76,49
19,7891,714.641149768271,66,47
85,8400,6478.4250536577,93,8
30,4275,598.96050524958,42,12
74,7196,4502.14258323057,85,11
50,4087,1238.54392157069,82,32
8,9924,593.05080051894,61,53
39,9155,1831.40889233731,88,49
44,9920,2406.19142029662,56,12
98,6494,6089.04464552753,99,1
16,6586,530.784662059954,90,74
45,6693,1686.04848143095,74,29
14,3411,254.5998591661,79,65
25,1893,217.285116336822,63,38
12,6380,441.443959793559,56,44
49,7110,2077.81389160265,90,41
5,3147,170.005064791162,87,82
97,8264,7612.81204796019,97,0
44,8253,2001.84453545444,78,34
51,7713,2422.93617408651,64,13
43,5221,1219.0548322115,75,32
34,5241,861.012838077575,80,46
47,3950,1072.39306447581,72,25
97,7188,6621.59886262559,97,0
56,6593,2464.05591853874,77,21
38,7669,1475.28580133786,85,47
79,5834,4056.21354582426,89,10
9,5938,367.747097382689,65,56
75,3471,2221.06049463858,88,13
18,4606,401.144238075762,87,69
66,1812,923.868778412096,84,18
66,2772,1413.33568088208,85,19
66,9030,4604.0480513583,69,3
23,1247,132.213598865562,50,27
87,9129,7251.12033905699,91,4
26,3499,417.949965040699,56,30
32,9695,1471.02991930962,64,32
99,9211,8772.38095238095,99,0
10,2030,130.391519223379,70,60
56,3182,1189.23493596091,62,6
28,7166,927.037799260546,79,51
99,4977,4740,99,0
17,5863,491.146077371065,21,4
61,4026,1769.51057241914,79,18
7,8858,511.20025260678,64,57
50,7911,2397.38707206893,89,39
42,3953,888.271241319347,61,19
71,8882,5172.42644403142,95,24
43,8718,2035.57173476727,92,49
12,2993,207.091186780897,84,72
2,3612,179.086184213527,53,51
82,4452,3269.9752630254,89,7
99,2639,2513.33333333333,99,0
38,8646,1663.23132590522,73,35
64,4084,1965.69351212858,82,18
99,1483,1412.38095238095,99,0
48,8821,2485.04644608381,74,26
83,4411,3295.16941573475,91,8
62,4981,2257.84082127213,69,7
1,3056,148.010573140147,49,48
21,2714,265.881599378145,89,68
28,9093,1176.32636180242,90,62
54,6891,2405.60408229135,74,20
47,7472,2028.58758930716,87,40
47,9394,2550.39505004703,73,26
82,9667,7100.37081483974,83,1
61,2424,1065.39831782017,61,0
2,6173,306.06285026304,67,65
28,7636,987.839887685394,83,55
48,7381,2079.37057233245,89,41
82,4994,3668.07198192921,87,5
51,8473,2661.68004706793,78,27
93,3455,2971.83274507494,99,6
50,1190,360.623260746054,86,36
93,3365,2894.41886748978,95,2
41,1987,429.605483510278,82,41
29,1480,199.254705611229,89,60
34,7207,1183.99532990366,92,58
77,5317,3551.48789669443,77,0
52,3373,1097.95642293838,72,20
37,2773,512.903155754967,68,31
65,7800,3865.16804302885,72,7
57,7867,3040.14651970354,82,25
41,6690,1446.4321513255,81,40
85,4670,3601.69583340255,97,12
11,7622,508.010290356971,74,63
3,5362,272.936655121468,83,80
16,8364,674.078790384065,73,57
63,4085,1908.62792202958,63,0
64,4708,2266.03453846752,82,18
16,8262,665.858317330601,84,68
31,3579,521.840390835392,82,51
31,8972,1308.17322899557,61,30
8,1630,97.4075780779798,57,49
90,5292,4377.19433085176,93,3
65,3012,1492.54950584653,77,12
7,5694,328.604000716077,81,74
40,2381,495.218689372968,75,35
15,7067,548.059499690005,72,57
84,4688,3559.52570422066,97,13
80,3407,2414.1988033495,83,3
6,5915,330.039393012637,86,80
94,9490,8279.42933673403,96,2
75,8504,5441.63020639773,75,0
73,3774,2307.00920422591,81,8
15,8137,631.04006636162,69,54
4,5019,262.924428520173,70,66
7,5566,321.217047415821,85,78
18,7310,636.64011731086,78,60
40,7195,1496.47142798761,73,33
9,5721,354.308040438929,72,63
27,4720,586.736933745223,54,27
77,7448,4974.88844359227,90,13
30,6191,867.406897777812,86,56
15,7059,547.439084238255,85,70
14,6854,511.588224779961,79,65
0,1075,69.4795861472736,84,84
66,2668,1360.31009978117,79,13
14,7647,570.778400188556,53,39
28,2616,338.421836849789,76,48
86,9112,7133.85374493738,87,1
40,2692,559.902860895434,87,47
78,8440,5753.67649856115,81,3
4,9314,487.921523657479,76,72
66,5229,2666.0650343912,84,18
65,4916,2436.04693583716,93,28
57,3647,1409.35736079303,75,18
16,2254,181.656335906944,78,62
60,7291,3105.50057923622,74,14
27,1008,125.303141782878,69,42
88,3143,2531.46468404346,90,2
26,5071,605.722855879218,65,39
68,7839,4223.29567849726,90,22
96,4893,4421.32090364118,96,0
39,7531,1506.53635916901,50,11
50,3894,1180.05628348331,56,6
48,6798,1915.12818733451,75,27
64,5603,2696.81213233507,67,3
47,9530,2587.31795049481,86,39
84,5303,4026.48566755166,88,4
70,3540,2010.06920131802,94,24
23,8782,931.114535074067,81,58
72,3306,1973.18101636641,95,23
64,5171,2488.88372948504,73,9
13,6201,445.561683967314,82,69
9,1573,97.4176800577584,88,79
56,7355,2748.84442300203,94,38
55,1146,414.032912912107,79,24
6,1847,103.057102095408,80,74
96,1586,1433.11157841302,96,0
23,1558,165.187479577021,79,56
52,4899,1594.68974680555,83,31
63,2928,1368.04468927849,79,16
30,2716,380.532568949207,86,56
48,1850,521.180810027779,85,37
23,6454,684.28754376771,76,53
44,7422,1800.2774920808,89,45
5,6241,337.147000114916,89,84
47,4645,1261.07994544054,75,28
13,1970,141.550801066861,37,24
65,1166,577.793068996364,83,18
31,7200,1049.80464208294,78,47
71,6749,3930.27539639361,75,4
88,8482,6831.65238627319,89,1
19,7051,638.567323154997,72,53
82,2099,1541.7066660131,85,3
42,4323,971.413249740333,73,31
29,5528,744.243251769509,78,49
97,6455,5946.35791016252,97,0
22,7405,754.666479894322,76,54
78,6741,4595.44233137449,88,10
95,3375,2991.78348881656,98,3
3,4521,230.128052555792,81,78
13,9527,684.545422215223,20,7
27,6610,821.680324588119,85,58
34,6055,994.740075283289,85,51
25,3237,371.554105431744,88,63
80,5970,4230.33955268463,92,12
43,5215,1217.65388814078,64,21
60,1152,490.678462114954,72,12
56,4665,1743.48867889932,86,30
3,1813,92.2853703348046,88,85
61,3004,1320.32035756262,69,8
83,4563,3408.71866787524,96,13
78,9831,6701.94237646382,83,5
11,4292,286.064046997129,85,74
70,7139,4053.63955599133,78,8
64,9216,4435.80592746743,80,16
90,9605,7944.62425318049,90,0
10,4434,284.80590947609,84,74
84,4667,3543.58072986302,85,1
50,1577,477.901581677753,92,42
51,5516,1732.7778991652,70,19
64,7349,3537.1894271873,89,25
27,6235,775.06457243675,45,18
3,4872,247.994663139089,89,86
82,4517,3317.7174894622,86,4
35,1095,187.160743559936,69,34
45,2004,504.832086775381,87,42
82,2459,1806.12515089386,94,12
5,9174,495.591504415035,75,70
52,9571,3115.48797033597,82,30
25,5571,639.458733815338,56,31
1,4802,232.57420556904,80,79
21,8484,831.149406456959,84,63
80,5588,3959.65450928002,80,0
52,6329,2060.17379210702,90,38
93,4874,4192.39154833438,95,2
90,3739,3092.65487586068,94,4
92,4617,3918.8997282617,95,3
12,7171,496.174707786773,37,25
30,8660,1213.33285975704,83,53
86,4035,3159.03203037998,91,5
98,8385,7862.12493882789,98,0
88,9351,7531.57055694891,88,0
74,2601,1627.30306545063,96,22
12,3615,250.128513268607,77,65
60,6438,2742.17703046534,71,11
92,5499,4667.53944243255,92,0
72,5838,3484.40132291201,75,3
51,5188,1629.74106977321,74,23
9,2689,166.532830054235,70,61
40,6729,1399.5491645488,78,38
81,3134,2261.74677642319,81,0
46,6034,1578.21725274042,69,23
37,1008,186.442979084388,83,46
30,5788,810.943486405747,77,47
34,3215,528.173301740012,73,39
16,8832,711.796254982313,91,75
41,9097,1966.84503447056,64,23
22,8637,880.223414834201,75,53
7,7620,439.754563655866,23,16
83,1824,1362.59102568583,89,6
73,9053,5534.01015523507,73,0
28,1251,161.837048126562,61,33
96,4808,4344.51479761021,98,2
77,3308,2209.57719809388,84,7
9,1426,88.3138027732762,80,71
89,4856,3964.20578841744,92,3
86,1772,1387.31220764147,86,0
84,4149,3150.27136237447,94,10
85,1675,1291.82880534246,85,0
2,3538,175.417198158211,83,81
96,1298,1172.87441915517,98,2
15,1403,108.805359850725,82,67
4,5110,267.691538102826,46,42
52,3359,1093.39923648088,72,20
59,8413,3470.81001030409,70,11
45,4053,1021.0002234035,78,33
38,2624,504.778972840075,85,47
74,6903,4318.82855086724,91,17
29,3587,482.92339799154,88,59
84,7465,5668.05874189574,85,1
38,2792,537.097138784105,80,42
87,3599,2858.66821122424,89,2
10,8103,520.474128210365,73,63
73,1621,990.90140965824,82,9
56,2003,748.597604251948,57,1
95,5615,4977.4412710237,97,2
85,1980,1527.05733407646,87,2
30,9238,1294.3151222212,84,54
30,8857,1240.93408070071,47,17
99,5448,5188.57142857143,99,0
55,2447,884.065041794002,59,4
44,5811,1409.51394590158,93,49
97,2399,2209.96322641051,97,0
60,9727,4143.08107725013,71,11
59,4647,1917.13468654262,69,10
17,5138,430.412509898095,73,56
18,7058,614.693016139542,46,28
84,2531,1921.74905234268,87,3
81,3776,2725.06567574153,95,14
14,2612,194.96183879855,83,69
59,1956,806.954044948864,61,2
67,5332,2795.43300966257,68,1
2,7096,351.826014169209,76,74
76,3543,2317.12367313216,79,3
18,1955,170.264217420346,81,63
81,4459,3217.97347672973,84,3
52,2425,789.369797102154,75,23
35,4087,698.562519570282,66,31
29,2746,369.698257843537,83,54
33,8310,1312.03013367697,84,51
42,4484,1007.59125881001,88,46
87,3765,2990.52120457329,89,2
92,1984,1684.01495795348,94,2
54,9113,3181.29008880003,72,18
70,1820,1033.42540858723,87,17
93,4054,3487.06510811398,93,0
85,5080,3917.90467530728,85,0
64,9573,4607.63564926711,89,25
76,7328,4792.51546054543,79,3
96,5283,4773.72539013618,97,1
73,4673,2856.55909150707,76,3
65,8694,4308.1757648837,78,13
50,8704,2637.70156431399,69,19
85,1201,926.260534457488,86,1
87,1176,934.091085412534,88,1
26,3809,454.978970231501,89,63
79,3762,2615.61113462305,86,7
67,6522,3419.31997168403,80,13
26,6173,737.354996912327,71,45
53,7901,2663.97264247309,75,22
68,4846,2610.80378339045,69,1
47,8487,2304.15188309018,83,36
56,2110,788.587591099156,83,27
57,3096,1196.4273071059,67,10
75,3575,2287.60912369143,79,4
11,2953,196.818995988472,87,76
76,4970,3250.38234701293,84,8
33,8442,1332.87104554765,41,8
51,2955,928.273874552785,68,17
14,5051,377.010814613887,84,70
0,8877,573.739801143579,80,80
5,1310,70.7679170246017,75,70
33,8795,1388.60469623212,88,55
20,4057,382.114323792076,72,52
40,2609,542.639882643458,68,28
86,2701,2114.63333681693,90,4
76,7865,5143.71371413616,91,15
95,8520,7552.59120732358,95,0
85,7179,5536.73969764388,86,1
59,9993,4122.64405479243,84,25
84,7974,6054.5345489453,95,11
85,9783,7545.05146427777,86,1
22,6594,672.014958598671,91,69
91,3149,2638.5134851394,92,1
18,4692,408.634121808831,60,42
99,6698,6379.04761904762,99,0
40,1485,308.861719327533,58,18
43,9313,2174.49868844776,84,41
51,1778,558.535008106549,71,20
44,5890,1428.67615580112,57,13
65,5039,2496.99766266954,80,15
96,6605,5968.28623922951,98,2
87,5139,4081.8827278359,95,8
93,3634,3125.80034604988,94,1
58,7112,2840.43701864614,81,23
36,7099,1262.32043120002,67,31
40,6806,1415.56421666208,81,41
88,5752,4632.83005492141,98,10
66,1470,749.496194407164,94,28
38,1017,195.640325982605,90,52
92,7305,6200.46838097286,97,5
30,5293,741.590164745269,80,50
82,8720,6404.80330044507,87,5
90,9094,7521.9586630321,91,1
65,5133,2543.57789293168,78,13
85,2415,1862.54720292659,89,4
47,1368,371.400939798205,75,28
96,2084,1883.10499962972,97,1
16,3188,256.930079357293,73,57
66,5439,2773.13591930651,79,13
25,9796,1124.41891158769,63,38
99,6785,6461.90476190476,99,0
26,2978,355.717346639383,76,50
4,2380,124.678250623234,87,83
22,9396,957.575455109662,73,51
56,3849,1438.518311915,82,26
66,1693,863.195276960088,93,27
57,3569,1379.2148123582,89,32
14,4109,306.699156057902,83,69
99,6087,5797.14285714286,99,0
38,3900,750.243137986393,78,40
72,4360,2602.25929563144,78,6
86,9299,7280.25745985214,88,2
39,5701,1140.45462536483,66,27
24,2188,241.363541834771,91,67
96,8230,7436.63826629203,97,1
68,3159,1701.92512417054,89,21
95,7172,6357.65072053107,95,0
83,6117,4569.61036410099,90,7
62,5909,2678.49456191468,76,14
46,9771,2555.64480883769,89,43
48,8858,2495.47006228436,78,30
84,7570,5747.78361368396,84,0
40,4695,976.502203530484,79,39
1,1620,78.4611022536119,71,70
89,5063,4133.19067272601,98,9
44,1448,351.226328285233,73,29
77,5977,3992.33461699127,79,2
34,7033,1155.40990082038,67,33
1,1631,78.9938628244697,83,82
39,4746,949.411971931496,63,24
62,8746,3964.4801892885,94,32
26,3811,455.217867039184,79,53
96,6664,6021.59871282747,96,0
10,3575,229.630384839202,58,48
47,1796,487.599479442673,79,32
77,1900,1269.10419479395,83,6
48,7763,2186.98736661927,84,36
98,8732,8187.48657911093,98,0
75,2618,1675.23375827249,90,15
85,1982,1528.59981623209,89,4
54,1766,616.499319304385,66,12
68,8146,4388.69327682596,72,4
65,3968,1966.28035829981,85,20
46,5638,1474.64184139053,75,29
81,1888,1362.53283787076,91,10
22,8032,818.565991426225,85,63
77,7140,4769.15997412041,83,6
49,8499,2483.73280797903,74,25
23,7516,796.88645475025,78,55
20,4359,410.558623960971,83,63
35,1829,312.618264813811,85,50
25,3686,423.091885270748,64,39
30,8115,1136.97415207025,77,47
74,6195,3875.87177641932,92,18
87,7489,5948.47630837965,93,6
33,9374,1480.02051421034,90,57
29,9447,1271.86432696573,74,45
80,6936,4914.84675668686,85,5
49,3709,1083.91163487401,54,5
98,8115,7608.96170287279,98,0
59,5878,2424.98766677373,79,20
60,1622,690.868459679214,89,29
30,2770,388.098385857622,71,41
59,1481,610.991278409646,76,17
11,5414,360.845934399455,79,68
55,3894,1406.84481926679,82,27
31,3303,481.597879555547,66,35
87,3243,2575.89914115038,93,6
97,3941,3630.45647156475,97,0
39,6362,1272.68414779355,86,47
68,8024,4322.96524100804,84,16
57,8987,3472.96259979353,75,18
64,7711,3711.42572772367,76,12
87,6421,5100.16909815806,97,10
3,5777,294.06099526981,86,83
60,3757,1600.24217201899,63,3
29,7744,1042.58678395497,73,44
20,2056,193.647288567047,57,37
42,4696,1055.22938255392,90,48
21,4568,447.511844494977,86,65
40,1239,257.696747640952,76,36
71,1600,931.75887305227,93,22
91,1621,1358.21859619275,96,5
24,3873,427.239944024711,70,46
8,9767,583.668598213269,87,79
39,2222,444.499241810321,55,16
64,2310,1111.83937635089,71,7
3,6750,343.588665063393,81,78
52,7827,2547.7927430592,86,34
17,4712,394.726303355357,72,55
11,6708,447.091711849195,70,59
27,9058,1125.98795463225,62,35
79,9365,6511.21697919853,89,10
5,2326,125.653568701697,74,69
78,2194,1495.68320353592,81,3
24,3549,391.49872484991,74,50
35,5058,864.528804498773,76,41
23,9740,1032.68681070615,84,61
97,5816,5357.70993113946,98,1
11,3087,205.750166141691,77,66
78,8085,5511.6675937046,78,0
38,5261,1012.05875614011,61,23
10,1803,115.810792689533,57,47
35,3292,562.678692054164,86,51
5,4541,245.310771915051,55,50
72,4447,2654.18511185161,72,0
26,1575,188.131236050043,81,55
6,1314,73.3172886591047,71,65
87,8166,6486.21411860438,90,3
43,2666,622.486148759983,79,36
3,3348,170.419977871443,82,79
77,7103,4744.44583980074,89,12
13,3410,245.019406922841,73,60
86,8672,6789.37441572618,93,7
90,6543,5411.93924919937,92,2
1,8625,417.73272033173,75,74
86,7753,6069.88236221461,86,0
99,2832,2697.14285714286,99,0
11,3737,249.073006437156,73,62
28,3097,400.646952876069,78,50
44,5458,1323.89040040111,66,22
52,1119,364.249403281365,89,37
14,4284,319.761300694099,80,66
16,2400,193.422895375628,83,67
36,4532,805.865078771445,80,44
95,2864,2538.80530725056,98,3
99,8635,8223.80952380952,99,0
29,6597,888.164387106269,86,57
33,7842,1238.13962795364,90,57
63,1588,741.958663447485,72,9
75,5080,3250.64457296572,81,6
60,5060,2155.23699505353,66,6
52,9872,3213.46747917215,70,18
73,5943,3632.89764194875,89,16
60,3292,1402.18185527988,83,23
44,8127,1971.28202346277,61,17
46,5589,1461.82569200633,84,38
42,5197,1167.80815611855,92,50
51,2713,852.252799208699,75,24
81,5386,3886.97132668005,81,0
26,3600,430.01425382867,88,62
63,1411,659.259240632495,85,22
27,7037,874.760127704477,87,60
95,5129,4546.62444863412,98,3
70,5667,3217.81417058452,75,5
94,2349,2049.35505921899,94,0
71,4340,2527.39594315428,89,18
20,4185,394.170186115316,75,55
57,3872,1496.30701973968,58,1
55,4168,1505.8369816908,77,22
71,9265,5395.4662242683,91,20
57,4222,1631.56204476781,93,36
94,1480,1291.20710414819,96,2
35,2648,452.604245613434,69,34
33,5448,860.161271753564,76,43
0,3815,246.571740606371,69,69
23,5335,565.645188410402,65,42
19,2810,254.485062837263,85,66
61,1333,585.881170649458,76,15
68,2374,1279.00292648967,82,14
81,5231,3775.1108447574,89,8
56,2837,1060.29525874327,83,27
4,8062,422.334477531308,57,53
26,8233,983.4187088254,62,36
2,3376,167.385093550627,64,62
56,9639,3602.46246000226,74,18
74,9253,5789.09468074382,85,11
15,9519,738.216835651501,74,59
11,9548,636.37919867861,73,62
84,3608,2739.49845154184,96,12
35,2107,360.134873681082,83,48
54,5691,1986.69174754318,84,30
12,6848,473.825742424184,82,70
20,1036,97.5771356787259,87,67
91,2869,2403.90447407588,94,3
27,2144,266.517793633423,36,9
69,3766,2083.64389673176,75,6
18,4616,402.01515478891,91,73
9,9717,601.78486784567,87,78
81,9929,7165.56596780658,84,3
22,6445,656.829907213897,64,42
63,3834,1791.35359928064,80,17
96,3300,2981.8841164962,96,0
56,9218,3445.11867997726,89,33
1,4227,204.725357546924,75,74
43,9364,2186.40671304894,76,33
83,2071,1547.10856041412,85,2
6,3527,196.796101294264,85,79
63,7143,3337.41230038123,65,2
92,7880,6688.52715154909,95,3
96,5366,4848.7242936723,96,0
28,2667,345.019510274613,54,26
77,6749,4507.99168982334,78,1
29,2820,379.660993124099,65,36
76,9852,6443.2126524691,77,1
80,5298,3754.16062816133,91,11
24,8710,960.821046334943,72,48
72,3357,2003.62028794375,79,7
49,9687,2830.91183796834,81,32
41,6266,1354.75991931324,82,41
95,1344,1191.39466932428,96,1
36,9493,1688.01350237805,64,28
74,9029,5648.9501645343,76,2
21,2411,236.197692004683,90,69
16,3871,311.975011666274,75,59
3,1259,64.0856487873795,52,49
6,1543,86.0948070022821,79,73
53,3306,1114.68087027161,76,23
32,9951,1509.87299918,80,48
35,9063,1549.07563368374,90,55
64,2796,1345.75882955718,86,22
26,6863,819.774395562823,64,38
31,8065,1175.92700533318,88,57
52,4365,1420.86563478388,88,36
67,2690,1410.29909902331,71,4
35,1084,185.280589971663,80,45
83,3454,2580.25734798183,87,4
78,4059,2767.08209806394,91,13
66,3736,1904.84202877902,83,17
47,4792,1300.98925695395,64,17
37,4918,909.649376127994,79,42
19,6783,614.296149902191,90,71
14,1880,140.324753806,61,47
42,1178,264.706178161951,60,18
37,2726,504.209881928611,82,45
36,4160,739.717283250047,82,46
5,6232,336.660808318563,57,52
90,7491,6196.06249667621,98,8
50,4016,1217.0277438287,79,29
95,5475,4853.33765963575,97,2
17,2634,220.651333412141,27,10
66,8710,4440.89241720163,88,22
65,4548,2253.69028970452,74,9
96,4168,3766.20999925944,98,2
22,7067,720.219853263089,83,61
14,7798,582.049164988932,74,60
29,9335,1256.78559248704,86,57
88,7997,6441.01911495245,88,0
72,4427,2642.2481426056,72,0
0,1109,71.6770800347222,80,80
24,7302,805.501180291361,56,32
97,7450,6862.95374604349,97,0
98,1489,1396.14836421166,99,1
91,2590,2170.13335233758,92,1
76,1671,1092.83478910636,82,6
4,1847,96.7566087819803,82,78
63,3941,1841.34703567162,73,10
45,4633,1167.10931039438,90,45
8,1626,97.1685410765615,18,10
16,4513,363.715636179255,78,62
49,2301,672.440191923727,68,19
39,1666,333.2744090261,80,41
40,2739,569.678282315228,72,32
32,9235,1401.23376016755,80,48
42,1328,298.41239779208,85,43
32,6488,984.429305464759,81,49
74,1764,1103.63806514991,75,1
87,5753,4569.57994419924,95,8
21,6296,616.798286545617,50,29
93,6545,5629.70920883227,94,1
27,2793,347.194122023391,83,56
14,3438,256.615161481399,88,74
70,6829,3877.61654683637,88,18
87,6067,4818.98861836551,96,9
91,4464,3740.33794781273,94,3
86,8402,6577.98937280113,92,6
2,5354,265.456099191368,80,78
65,4889,2422.66750799591,72,7
92,7730,6561.20747226834,93,1
63,1288,601.790150201739,90,27
18,3345,291.321640547856,76,58
85,2220,1712.15519275239,88,3
8,6173,368.893852438877,58,50
80,3987,2825.18656558687,81,1
37,9308,1721.63814416417,89,52
49,8266,2415.64129788854,84,35
92,9086,7712.17737296638,94,2
80,1377,975.741635518716,92,12
51,3719,1168.27429423411,58,7
63,6255,2922.51350117382,91,28
7,5419,312.733593235058,84,77
29,7482,1007.31331579947,86,57
80,3646,2583.5541053749,86,6
0,2171,140.316447930912,86,86
88,4041,3254.74030805588,88,0
7,2309,133.2537122679,85,78
6,4615,257.503262680189,57,51
40,5346,1111.90218957912,79,39
36,3728,662.900488451003,79,43
59,4890,2017.38511237216,87,28
58,2918,1165.40990163237,79,21
64,9979,4803.04984268636,76,12
88,2423,1951.55549775288,88,0
65,3814,1889.96806616821,78,13
25,8403,964.525532265353,83,58
55,4964,1793.42005209049,92,37
38,7901,1519.91564954628,49,11
95,4645,4117.58053497865,96,1
78,5807,3958.72031127305,91,13
47,4748,1289.04361269143,64,17
24,3432,378.592173481231,77,53
91,8716,7303.04335867737,91,0
58,8993,3591.68308614802,88,30
38,9473,1822.32134516541,60,22
81,5648,4076.05162515576,87,6
24,8866,978.029781493181,89,65
55,2018,729.073663400202,75,20
75,6539,4184.24505169741,79,4
71,6487,3777.6998809313,93,22
88,9177,7391.42583692868,96,8
61,7151,3143.01294172113,86,25
48,9042,2547.30642393037,86,38
49,1242,362.959894988818,90,41
84,4171,3166.97562122534,89,5
43,8252,1926.76507860742,63,20
52,8881,2890.88378064504,88,36
46,8376,2190.7768824915,75,29
99,2623,2498.09523809524,99,0
7,6681,385.56433592977,66,59
12,9392,649.849791595785,84,72
26,3931,469.551675500139,67,41
42,7088,1592.73123158905,71,29
16,9089,732.50862336212,82,66
87,3177,2523.47566186702,88,1
27,6276,780.1612280053,90,63
80,8622,6109.54566553549,87,7
81,7184,5184.55291698282,95,14
95,6206,5501.33580195425,97,2
62,8772,3976.26574667719,80,18
67,5135,2692.15088233632,76,9
61,2787,1224.94435303829,83,22
55,3898,1408.28996032408,92,37
84,1498,1137.40817084525,97,13
66,7153,3647.03828475813,79,13
89,4900,4000.12528073424,90,1
58,5116,2043.26149991474,87,29
55,2302,831.678678467426,62,7
34,2993,491.702237047545,80,46
14,1092,81.5077825298684,74,60
42,9714,2182.81478324719,71,29
51,2548,800.420247837731,66,15
19,6443,583.504362939675,75,56
35,2375,405.94225201356,76,41
9,2809,173.964566612996,91,82
63,5866,2740.76166233183,94,31
62,6909,3131.78523071053,82,20
44,3029,734.713085895008,89,45
1,4420,214.072883926521,81,80
26,5755,687.425564106665,86,60
76,4707,3078.38022281487,91,15
19,6304,570.915955916764,63,44
32,9773,1482.86492020763,83,51
62,3677,1666.74978916234,82,20
62,2706,1226.60454976157,82,20
39,9232,1846.81233140994,69,30
6,7716,430.529832034743,87,81
50,7955,2410.72104137383,52,2
2,3813,189.051943634047,81,79
71,6178,3597.75394857308,74,3
97,4963,4571.9247572636,97,0
82,7692,5649.74162695224,85,3
29,4516,607.996115229939,69,40
48,3548,999.540277826249,77,29
10,8264,530.815524562564,80,70
76,9701,6344.45858116146,79,3
77,5669,3786.60614751941,90,13
94,5677,4952.82616908736,98,4
55,9561,3454.24841217509,72,17
98,9568,8971.3549689571,99,1
64,6989,3363.9157581456,89,25
23,7508,796.038252030984,80,57
53,3580,1207.06518922334,69,16
35,5980,1022.11985980677,84,49
82,5608,4119.05239780917,89,7
89,6971,5690.79047591804,91,2
8,6654,397.638051859434,81,73
77,8021,5357.62355075908,82,5
61,9863,4334.99323789617,76,15
93,5706,4908.03983889946,94,1
83,4300,3212.24858029006,91,8
98,3382,3171.10394074132,98,0
19,1611,145.898731754744,71,52
88,8540,6878.3672929466,88,0
60,7711,3284.39376854896,73,13
13,1744,125.311978203353,77,64
40,6070,1262.4852769819,75,35
65,4104,2033.67303187057,82,17
55,5197,1877.59951867733,78,23
4,9302,487.292893822404,55,51
79,2770,1925.90187211745,87,8
39,5963,1192.86632714444,60,21
50,6338,1920.6976694189,68,18
97,1894,1744.75629463173,99,2
41,6910,1493.99793208657,62,21
85,2143,1652.76962976053,86,1
6,8456,471.819629300905,87,81
42,7234,1625.53861869571,58,16
25,2405,276.054255039649,87,62
3,5812,295.842566125695,81,78
28,3297,426.520181993025,80,52
24,6204,684.378159754534,83,59
80,3462,2453.17178080305,88,8
64,4523,2176.99112520998,74,10
51,6126,1924.40127090029,87,36
6,1698,94.7433456188431,31,25
85,1893,1459.95936030643,91,6
85,2278,1756.88717526574,88,3
40,5163,1073.84044234886,59,19
41,3475,751.323127930658,79,38
54,3894,1359.3705262578,70,16
67,5449,2856.77315634871,86,19
82,6525,4792.58503846377,85,3
31,1733,252.682145101351,87,56
91,8568,7179.03573854379,92,1
64,9666,4652.39801376955,74,10
67,6763,3545.67018836233,78,11
80,5542,3927.05892813705,88,8
7,9539,550.501152587049,80,73
30,6077,851.434617637823,66,36
19,8705,788.360310319706,41,22
49,8477,2477.30356668294,80,31
33,2208,348.611616745938,80,47
17,8682,727.29494179355,67,50
0,3791,245.020568450525,71,71
84,8477,6436.45464903553,87,3
49,8914,2605.01167788271,65,16
43,5535,1292.37090524625,89,46
6,5693,317.652453832788,69,63
12,6848,473.825742424184,84,72
56,5544,2072.00455215816,87,31
1,6950,336.607815223829,87,86
40,1441,299.710260977088,81,41
6,7566,422.160278534845,86,80
84,7000,5314.99145254792,84,0
15,9974,773.502964469805,60,45
51,4274,1342.62014884555,88,37
3,3089,157.236353537899,71,68
36,8581,1525.84471335785,41,5
75,3190,2041.25121806312,79,4
98,2445,2292.53374781565,99,1
59,1597,658.847448764487,80,21
18,6918,602.500182155476,83,65
63,7306,3413.57052591141,86,23
73,1825,1115.60460988667,93,20
85,3401,2622.99090565355,94,9
6,3706,206.783768470808,75,69
5,5161,278.803984552649,76,71
78,3370,2297.38030807477,90,12
7,9549,551.078258313631,71,64
14,1689,126.068355945923,86,72
27,4981,619.181497242575,80,53
49,8529,2492.49995520099,67,18
73,3854,2355.91242000176,80,7
91,3150,2639.35137446463,96,5
6,5269,293.994515939744,88,82
80,8140,5768.00066312443,84,4
42,1367,307.176014895914,81,39
60,7288,3104.22277074113,72,12
46,2091,546.909558415679,87,41
75,1458,932.96058806772,82,7
79,6744,4688.91055074371,84,5
84,5635,4278.56811930107,87,3
47,5992,1626.77955502255,90,43
40,8758,1821.55618711821,63,23
64,1313,631.967576254854,87,23
45,2115,532.794343078808,89,44
47,1865,506.332421581618,69,22
38,3212,617.892553644178,88,50
31,2515,366.702593727581,76,45
83,7968,5952.37132273283,85,2
80,6916,4900.67476488558,90,10
17,1259,105.466981308233,80,63
14,3876,289.307843485137,81,67
21,3540,346.802086145407,78,57
99,6730,6409.52380952381,99,0
68,1473,793.585219342577,73,5
63,7515,3511.22125680595,83,20
76,5684,3717.33868418944,85,9
95,2499,2215.24946327484,98,3
91,1695,1420.22240625954,91,0
7,5549,320.23596768063,71,64
65,1404,695.730247745194,94,29
65,5461,2706.11316448469,67,2
38,9660,1858.29454178168,62,24
60,1824,776.907565015343,88,28
51,8487,2666.07796051759,81,30
80,6212,4401.82065348022,83,3
43,1501,350.469508360365,85,42
56,4272,1596.60956832967,73,17
3,2501,127.305963159044,71,68
42,2104,472.785907345283,73,31
34,4305,707.242943698523,84,50
93,5124,4407.43009718206,94,1
44,7403,1795.66885932015,72,28
13,5932,426.233173567828,45,32
96,7022,6345.08795940493,97,1
3,4155,211.497911605688,58,55
35,4983,851.709575487818,53,18
50,6476,1962.51784587516,66,16
69,6692,3702.53450794715,78,9
73,1685,1030.02398227892,83,10
79,9180,6382.5917639127,88,9
62,9255,4195.20513970559,88,26
8,9053,541.000493460093,82,74
48,8331,2347.00396126564,57,9
8,4487,268.13975634104,84,76
22,5312,541.362368831687,63,41
62,1125,509.952002395331,81,19
31,4871,710.222001609164,86,55
77,6325,4224.78106951143,86,9
22,2581,263.037702175185,57,35
83,9011,6731.52836209156,89,6
88,2975,2396.15254057566,88,0
36,3084,548.386562870948,71,35
90,3668,3033.92834572265,90,0
73,2438,1490.32550076915,82,9
58,8388,3350.05423402754,78,20
49,5634,1646.47024828261,83,34
49,6643,1941.33863318093,85,36
85,2425,1870.25961370475,85,0
76,2327,1521.85909889318,76,0
26,6192,739.624516585312,89,63
85,4819,3716.6107539972,92,7
8,6230,372.300129709088,36,28
24,2704,298.284742742788,72,48
18,6410,558.25761312758,74,56
11,2024,134.900659627724,65,54
46,3234,845.865859357392,77,31
48,4058,1143.21714977985,85,37
3,1212,61.6932536380492,22,19
84,4179,3173.04989717111,86,2
81,8032,5796.53800517901,88,7
13,5793,416.245578974786,75,62
21,5125,502.079291382828,86,65
76,6229,4073.76894155806,86,10
95,7043,6243.29810718075,95,0
18,9717,846.269770165476,87,69
24,1162,128.183014447899,90,66
30,4394,615.6333239922,32,2
8,3507,209.575690993543,77,69
72,6337,3782.2287056001,92,20
29,4891,658.482949421974,72,43
64,6281,3023.14420903027,83,19
10,6322,406.07644558138,80,70
26,6997,835.780481677556,66,40
37,4507,833.62947096561,91,54
51,4096,1286.7038206999,71,20
62,2859,1295.95802208733,83,21
59,3764,1552.85021737603,92,33
49,2013,588.275578592987,87,38
54,7982,2786.46521329989,93,39
89,4333,3537.25364110642,94,5
21,5964,584.27334513311,81,60
77,8446,5641.5021206472,79,2
32,6837,1037.38334794429,75,43
67,1401,734.508935959725,76,9
29,1420,191.176812140504,75,46
50,8713,2640.42896712636,85,35
95,2285,2025.54822872469,97,2
63,7567,3535.51713243521,80,17
5,9688,523.358458117818,60,55
58,3939,1573.18355124398,70,12
51,4679,1469.84550221065,85,34
58,6105,2438.25478048857,91,33
5,2210,119.387096659824,21,16
40,1757,365.434370948469,71,31
11,6161,410.633875477473,86,75
0,9340,603.664497316777,78,78
37,1423,263.202737338376,81,44
24,2957,326.193781172494,91,67
86,7557,5916.43247920235,91,5
81,5760,4156.87984435148,83,2
50,6715,2034.9455427813,83,33
13,3430,246.456470893063,66,53
56,6930,2590.0056901977,80,24
35,2653,453.458860880831,80,45
4,4439,232.540653158208,73,69
64,8924,4295.26172924472,78,14
7,3412,196.90847390995,63,56
17,7838,656.592692211224,69,52
31,7323,1067.73880471852,71,40
42,7413,1665.761374121,68,26
60,1603,682.775672543638,79,19
36,2218,394.397339963607,63,27
85,9327,7193.3655327935,87,2
25,1393,159.893379322342,82,57
7,1096,63.2507876334422,79,72
25,2084,239.208759876353,58,33
19,1014,91.8319764117384,57,38
31,9590,1398.28146077435,90,59
2,9888,490.255866418425,84,82
91,5033,4217.09697386682,96,5
14,7141,533.010141983324,74,60
48,7221,2034.29547524897,89,41
16,6290,506.929171630293,50,34
33,4152,655.541409750513,82,49
80,7150,5066.48706896065,86,6
93,4419,3801.0213894316,94,1
10,6123,393.294222760961,86,76
33,3310,522.601653726927,91,58
99,7309,6960.95238095238,99,0
30,7943,1112.87562413975,87,57
82,6767,4970.33301996695,91,9
60,5937,2528.78301178514,76,16
56,9423,3521.73500991817,78,22
88,5421,4366.23291511282,88,0
62,3699,1676.72218387585,66,4
52,4916,1600.22347321822,87,35
70,4476,2541.54512573431,72,2
4,9352,489.912184801884,83,79
61,5424,2383.96059235008,78,17
8,2121,126.749370002083,72,64
90,4233,3501.25918414503,92,2
55,3342,1207.41535336148,63,8
44,3061,742.474993702416,58,14
2,3602,178.590375287132,2,0
19,5959,539.67134855774,87,68
71,4109,2392.87325585736,87,16
96,1611,1455.7016095986,98,2
68,1477,795.740236910378,72,4
56,7496,2801.54150847359,75,19
46,3197,836.188358801974,68,22
77,8329,5563.35202023094,85,8
62,8969,4065.56400842998,87,25
88,7716,6214.69344641405,88,0
90,7459,6169.59420140273,97,7
15,5160,400.167966379005,69,54
25,7249,832.065403235933,79,54
61,2488,1093.52764634347,70,9
18,2050,178.537926195248,85,67
20,2918,274.835986400118,77,57
74,1435,897.800806967186,86,12
86,8004,6266.39216137827,91,5
49,8624,2520.2625880705,65,16
61,1141,501.493185079543,82,21
71,3044,1772.67125598194,73,2
23,7178,761.049889861268,88,65
38,8077,1553.77277577336,65,27
28,9627,1245.40788354469,72,44
34,8706,1430.25715861541,40,6
84,9746,7399.98667093314,87,3
52,1038,337.882824491561,77,25
54,6367,2222.67902945131,76,22
64,3510,1689.41827315654,86,22
37,2252,416.537290573453,75,38
75,1655,1059.01904886974,83,8
96,9124,8244.45778148827,97,1
76,3265,2135.31154185055,78,2
48,2288,644.573888293816,56,8
7,8603,496.484056578926,58,51
32,6106,926.468147220687,67,35
48,8900,2507.30227526878,52,4
47,4022,1091.94048235993,83,36
75,9479,6065.52360376812,89,14
30,4014,562.392390192237,73,43
20,2897,272.858071487711,72,52
84,5200,3948.27936474988,85,1
57,4579,1769.52217029649,86,29
12,6548,453.068189455834,83,71
65,5996,2971.22404948731,88,23
7,3881,223.974732486669,74,67
81,5777,4169.14841333655,81,0
77,5289,3532.78530856062,89,12
88,9845,7929.45269309828,89,1
72,4929,2941.86607068059,74,2
3,6509,331.321277170018,66,63
8,8122,485.364631379971,44,36
67,4284,2245.99306327728,81,14
28,6214,803.881228663834,77,49
53,6145,2071.90379546856,80,27
73,3040,1858.32219948245,78,5
78,3220,2195.12302433257,87,9
20,6082,572.841833202713,91,71
33,9065,1431.23383414942,34,1
28,1735,224.450262589596,60,32
18,2594,225.915795390475,90,72
47,6992,1898.27147007972,66,19
62,9731,4410.97149805241,82,20
77,6108,4079.83601147443,77,0
67,5888,3086.92977511125,78,11
36,9747,1733.17893265341,73,37
17,9389,786.520641384433,82,65
15,1757,136.25874359068,80,65
41,7174,1551.07686899987,73,32
57,7818,3021.2108161996,86,29
22,6188,630.638241402575,72,50
52,8754,2849.54358920918,80,28
13,1539,110.582072508579,84,71
42,9960,2238.0929834406,54,12
81,1436,1036.33323897374,82,1
29,9393,1264.59422284208,76,47
71,1870,1088.99318287984,89,18
69,9592,5307.03989842036,73,4
83,9586,7161.07323038616,86,3
67,5727,3002.52153907305,89,22
18,3294,286.879965310803,37,19
56,7224,2699.88471947882,62,6
16,7680,618.953265202011,84,68
61,9967,4380.70339674654,83,22
86,2806,2196.83863128779,87,1
68,9865,5314.81207658827,82,14
54,7320,2555.36524196382,67,13
19,3136,284.008952689558,86,67
50,9199,2787.70871899407,76,26
77,1635,1092.097557099,83,6
10,3173,203.809010096444,67,57
22,3849,392.26350859058,70,48
99,7229,6884.7619047619,99,0
72,4167,2487.06754240739,95,23
27,1515,188.327638691528,71,44
44,7168,1738.6673488595,62,18
86,2266,1774.06854543768,87,1
48,3225,908.544925588967,77,29
57,1357,524.403054180463,82,25
84,3959,3006.00730866246,92,8
22,6906,703.811844719809,44,22
53,2064,695.916913563403,62,9
93,5280,4541.61415166301,99,6
64,2826,1360.19830197732,69,5
46,4901,1281.87649248936,79,33
62,3585,1625.04704763312,91,29
12,1107,76.5953704532084,78,66
98,3773,3537.72181206889,98,0
35,1340,229.036891662387,49,14
35,9461,1617.10300896854,73,38
29,4384,590.224749594343,90,61
20,6208,584.709322677153,76,56
18,5933,516.714885910442,78,60
28,9622,1244.76105281677,74,46
92,5670,4812.68387681261,97,5
70,5283,2999.77276569579,76,6
69,2708,1498.27606806947,79,10
58,4870,1945.01241293683,73,15
0,5772,373.056903480989,89,89
38,3902,750.627878057155,71,33
86,5840,4572.18018771228,86,0
37,4706,870.437162272944,78,41
82,5082,3732.70761156673,83,1
96,7374,6663.15559849786,96,0
68,3972,2139.93244482601,69,1
6,1721,96.0266771554941,82,76
68,8222,4429.63861061417,83,15
71,8732,5085.07404968277,86,15
0,3194,206.435161073853,4,4
54,4111,1435.12384012476,64,10
91,1979,1658.18297462397,99,8
23,5816,616.64337690626,67,44
73,8843,5405.63921382345,77,4
95,2249,1993.63587151065,96,1
52,5558,1809.2030236263,60,8
99,6781,6458.09523809524,99,0
50,3705,1122.78082442364,77,27
12,2080,143.919033913888,84,72
2,5693,282.264021796126,89,87
5,4943,267.027338818784,83,78
69,7486,4141.8370183043,69,0
66,8754,4463.32631689817,92,26
3,4529,230.535268751423,86,83
73,3375,2063.10441554384,88,15
78,7585,5170.8099812306,81,3
72,2827,1687.29060292433,76,4
10,5072,325.786101232009,86,76
77,7784,5199.31950119794,81,4
82,3865,2838.82623351149,83,1
65,1479,732.895325082009,78,13
13,1370,98.4388819602031,73,60
72,5443,3248.6461803032,91,19
61,4949,2175.18823221618,69,8
3,6867,349.544201924492,44,41
36,3983,708.243735380994,73,37
27,3440,427.621833068552,85,58
7,9892,570.872984735411,64,57
61,9422,4141.16458354028,88,27
52,3121,1015.92706670343,75,23
52,4514,1469.36711922438,71,19
87,8219,6528.3117610592,90,3
81,8887,6413.57485707494,82,1
57,6522,2520.3807806669,63,6
16,3495,281.672091390759,78,62
8,2000,119.518500709178,71,63
58,6377,2546.88791730968,61,3
3,3432,174.695747925565,47,44
50,3306,1001.86596640878,83,33
32,1958,297.088868696054,89,57
41,6352,1373.35381542893,75,34
76,7447,4870.34151674151,76,0
16,5015,404.17325846199,89,73
3,5344,272.020418681299,84,81
76,9508,6218.23649001992,81,5
60,2269,966.449158453845,81,21
77,3376,2254.99776927598,77,0
9,3347,207.283518851441,85,76
2,1305,64.703064894422,83,81
35,2208,377.398102082501,68,33
80,6756,4787.29883047527,83,3
55,5535,1999.7139380179,82,27
0,5008,323.677923186554,68,68
55,5654,2042.70688447212,80,25
62,6292,2852.10488806349,73,11
47,6727,1826.32611258957,75,28
16,5849,471.387714605021,64,48
46,2692,704.103553923964,73,27
7,9360,540.170960081222,65,58
33,4048,639.121297367552,63,30
93,1758,1512.15107549689,95,2
38,2291,440.71975105816,90,52
91,5255,4403.10840406718,97,6
17,6148,515.020652170784,89,72
14,3488,260.347202806026,82,68
95,1437,1273.83492546056,97,2
10,2341,150.367756897503,68,58
47,6918,1878.18106836549,92,45
11,7651,509.943155539384,57,46
52,7910,2574.81034848579,54,2
33,5986,945.103776196188,65,32
53,3926,1323.72567957845,63,10
76,6394,4181.679019477,81,5
65,5985,2965.77317147791,65,0
26,5941,709.642967221147,71,45
31,9856,1437.06591005131,50,19
60,1429,608.662779828358,66,6
21,3261,319.469379355981,76,55
51,6722,2111.62672918573,53,2
40,8619,1792.64589823839,80,40
45,6933,1746.5074139789,92,47
95,7345,6511.00732603189,97,2
18,1485,129.331131902411,59,41
95,9912,8786.53568626659,98,3
64,6512,3134.32814666535,72,8
70,2120,1203.77025615655,72,2
80,5351,3791.71640643475,90,10
32,4951,751.219095461779,61,29
80,1358,962.278243307492,89,9
60,3122,1329.77270722473,89,29
40,1960,407.655871974387,84,44
41,9899,2140.24392615412,86,45
42,9423,2117.42471716474,77,35
43,5063,1182.16330501568,81,38
26,3770,450.32048248169,90,64
91,2861,2397.20135947406,91,0
65,1006,498.507570677824,81,16
63,7238,3381.79899624238,79,16
32,4615,700.237553131915,48,16
98,2650,2484.75027881859,99,1
44,7634,1851.70013130488,74,30
50,2541,770.03672735775,73,23
8,3809,227.622984600629,56,48
72,2974,1775.02732688255,90,18
55,4409,1592.90673039222,69,14
66,4597,2343.83265693179,83,17
46,7439,1945.70071977725,57,11
41,6292,1360.38132976682,75,34
77,2427,1621.11362145521,96,19
40,4910,1021.2195568338,79,39
75,2478,1585.64906531674,91,16
11,4897,326.387613733677,84,73
37,9505,1758.0759089257,79,42
41,1767,382.039702749201,75,34
22,6660,678.74122297045,56,34
47,5921,1607.50362905349,79,32
36,4859,864.01112483461,67,31
6,2224,124.092579891818,44,38
50,3263,988.835041860818,69,19
8,1410,84.2605429999703,66,58
11,4356,290.329680503144,60,49
30,5304,743.131349671057,63,33
20,2706,254.868464427251,79,59
94,4655,4061.19531743908,95,1
58,3353,1339.14304323967,70,12
19,6396,579.247851212503,79,60
35,2682,458.415629431734,71,36
34,7898,1297.51562586084,89,55
4,4844,253.756910091994,30,26
17,6096,510.664589400309,48,31
82,3371,2475.98531259178,82,0
60,7686,3273.74536442321,91,31
8,4143,247.582574219062,57,49
58,4422,1766.08724640794,75,17
38,8651,1664.19317608212,73,35
50,7496,2271.62349794321,73,23
72,5346,3190.75187946002,90,18
15,5115,396.678129462909,57,42
16,4486,361.539628606279,82,66
40,3748,779.537861306125,80,40
60,5237,2230.6276962639,74,14
30,4785,670.41544271795,77,47
47,6822,1852.11784452,90,43
95,3473,3078.65601678812,96,1
45,2265,570.581175921276,76,31
34,1304,214.226434049448,58,24
89,7755,6330.81052083552,96,7
62,8136,3687.97288132303,66,4
39,5814,1163.05967231558,84,45
70,9288,5273.87648074625,72,2
78,8374,5708.68329371458,80,2
98,8575,8040.27684561111,98,0
52,2247,731.428426428264,52,0
77,9640,6439.03391463876,82,5
75,3853,2465.49872827498,81,6
73,9884,6041.99230910675,75,2
95,9615,8523.25873925074,97,2
73,6470,3955.04757587219,83,10
42,7959,1788.45201357467,60,18
66,8009,4083.4796061272,85,19
28,6382,825.614741122077,75,47
53,2498,842.248280078189,83,30
25,9978,1145.30950386097,81,56
78,8919,6080.21809131124,78,0
68,2592,1396.4513839348,95,27
26,5632,672.733410434186,73,47
11,5501,366.644529946694,63,52
43,3093,722.1866684601,73,30
88,6074,4892.17832990136,88,0
25,7214,828.047981644919,75,50
84,7849,5959.62398729266,88,4
80,3498,2478.68136604536,88,8
25,6958,798.663412293506,85,60
31,9619,1402.50984058274,80,49
21,8335,816.552369497731,69,48
28,4376,566.106253079005,83,55
31,8203,1196.0482609731,68,37
36,5569,990.260949620074,79,43
57,6741,2605.01178204163,69,12
81,3484,2514.33496140982,81,0
14,8675,647.509169822901,29,15
60,5563,2369.48288606379,84,24
94,5376,4690.22256209506,97,3
63,3179,1485.31901202743,87,24
45,3894,980.946180590485,81,36
99,6780,6457.14285714286,99,0
85,4333,3341.78759017843,85,0
40,9607,1998.13773574385,82,42
32,4489,681.119474758216,87,55
36,9307,1654.93960461735,58,22
90,4756,3933.85038502097,90,0
11,2605,173.624613799516,46,35
26,8528,1018.65598795858,77,51
67,1140,597.673224121404,90,23
0,4097,264.798013437563,73,73
3,5183,263.825192744232,75,72
84,7498,5693.11513017204,88,4
32,3997,606.467930632343,80,48
4,6663,349.046715925465,82,78
32,9874,1498.18972906274,82,50
84,7953,6038.58957458765,85,1
81,1207,871.068397939625,93,12
47,3800,1031.66927721724,47,0
56,4702,1757.31699210817,83,27
69,1060,586.474384104001,77,8
15,9334,723.869728329773,68,53
41,2133,461.171865288084,92,51
40,4577,951.959656136108,75,35
13,9815,705.239143386419,14,1
68,6389,3442.10181016954,83,15
57,6129,2368.50870970675,82,25
24,4021,443.566179944065,74,50
58,5971,2384.73698514287,74,16
85,5528,4263.42067816902,92,7
57,9012,3482.62367300982,66,9
46,8690,2272.90486017803,68,22
29,3153,424.493301886625,69,40
66,7101,3620.52549420767,81,15
30,5636,789.647112885762,76,46
77,6710,4481.94165635125,81,4
29,5089,685.139997875368,85,56
18,6441,560.957454938338,66,48
78,9848,6713.53153528793,86,8
10,2704,173.68407289656,37,27
75,3491,2233.85830791798,87,12
84,1255,952.902038992519,84,0
6,8110,452.513859227808,53,47
35,4352,743.857128742321,92,57
50,8423,2552.54598761682,66,16
27,3242,403.00871593263,74,47
65,6188,3066.36664746956,87,22
31,5166,753.234830694506,48,17
68,4286,2309.10132389836,84,16
87,5296,4206.58706491903,93,6
20,1354,127.528418638026,76,56
97,9890,9110.68624810337,99,2
58,3303,1319.17371661814,84,26
92,4695,3985.10596148769,92,0
72,1915,1142.96480530601,72,0
60,7646,3256.70791782199,77,17
85,5385,4153.13320404128,85,0
43,2378,555.240833365056,86,43
69,3279,1814.19764667643,85,16
67,4356,2283.74084585336,90,23
74,2776,1736.79096873931,81,7
17,2659,222.745594359485,83,66
72,3433,2048.98077107861,77,5
53,5936,2001.43546458932,79,26
32,6144,932.233916888946,86,54
7,9128,526.782107224508,72,65
88,6286,5062.92936808692,92,4
99,2173,2069.52380952381,99,0
58,2940,1174.19640534585,88,30
13,4015,288.490592022055,80,67
29,3973,534.891179319874,79,50
36,9079,1614.3974073623,80,44
42,8116,1823.73119012087,45,3
64,5195,2500.43530742115,87,23
56,6574,2456.9548928369,92,36
24,3128,345.05720240364,73,49
35,8419,1439.00118724302,78,43
81,8191,5911.2852092158,83,2
96,5532,4998.72210074453,97,1
98,4661,4370.34756587678,99,1
4,6113,320.234515151189,69,65
12,4458,308.457237109669,88,76
51,9658,3033.93200691398,75,24
38,2837,545.753790376255,66,28
51,4263,1339.16464542082,68,17
14,9619,717.970110031872,41,27
42,7693,1728.67965076391,57,15
57,1942,750.472167441753,78,21
55,3968,1433.57992882656,88,33
89,1915,1563.31426787879,99,10
57,9619,3717.19453070145,82,25
30,8603,1205.34671968705,85,55
41,1475,318.906939193589,61,20
87,3614,2870.5826383341,88,1
30,4569,640.152175084287,88,58
97,4947,4557.1855277419,97,0
13,2745,197.237029912962,91,78
16,2707,218.164907409094,89,73
33,4745,749.167627472588,76,43
24,5228,576.713252610687,78,54
22,7632,777.800752809381,80,58
49,4707,1375.56539912429,61,12
60,4599,1958.88042297454,76,16
39,7852,1570.7506960822,65,26
61,4219,1854.33807874723,85,24
79,7541,5243.04188362371,84,5
7,4546,262.352263304405,68,61
98,1220,1143.9227698712,99,1
82,9392,6898.38447222249,83,1
20,4670,439.850601949469,73,53
50,9087,2753.76770621797,84,34
16,5922,477.270994339363,61,45
79,2125,1477.45179720201,81,2
32,9991,1515.94223040974,92,60
50,6398,1938.88035483467,81,31
18,4966,432.497239749074,76,58
82,1591,1168.58280401469,94,12
59,2212,912.567662283685,66,7
29,3122,420.319723593417,61,32
41,8528,1843.82262877486,71,30
14,9845,734.838936819189,84,70
89,1635,1334.73568040826,89,0
17,3982,333.573883692918,88,71
17,9451,791.714408533845,73,56
33,5652,892.369953735525,70,37
62,5908,2678.04127124588,81,19
35,7838,1339.69489317149,77,42
3,2850,145.070769693432,81,78
67,8366,4386.0826254383,73,6
55,2021,730.157519193166,87,32
53,3059,1031.40011559615,67,14
8,2216,132.426498785769,38,30
62,3914,1774.17967766696,75,13
17,9079,760.55180563737,30,13
1,2462,119.241502313822,83,82
98,5331,4998.56744769129,98,0
61,3404,1496.12866083327,80,19
45,5043,1270.39332016379,83,38
43,7868,1837.10465808085,55,12
19,2565,232.296863408391,84,65
34,8009,1315.75115820708,88,54
91,5975,5006.38871823053,91,0
85,2061,1589.52786137959,88,3
48,5455,1536.77909119002,60,12
15,9260,718.130885401082,78,63
72,4458,2660.75044493692,78,6
56,8382,3132.67354909627,91,35
12,1532,106.001903825036,83,71
24,8557,943.943248391287,71,47
46,9022,2359.74081110773,70,24
10,3254,209.011824410283,60,50
25,2024,232.321751434616,62,37
70,4710,2674.41410683838,90,20
54,2872,1002.59685449728,84,30
91,2602,2180.18802424031,94,3
66,1217,620.501271152054,91,25
31,9263,1350.60283327975,57,26
48,6960,1960.76672313154,77,29
85,4618,3561.5912973561,86,1
59,4088,1686.51745181542,90,31
22,1714,174.679047473176,67,45
33,7612,1201.82591787594,69,36
64,7485,3602.64836882527,76,12
93,6840,5883.45469647253,95,2
29,2804,377.506888198572,87,58
46,5047,1320.0633865729,85,39
37,7416,1371.68763183514,76,39
85,4109,3169.02958874756,92,7
76,3024,1977.69742804167,93,17
3,1083,55.1268924835043,90,87
53,1945,655.793796938382,89,36
39,8728,1745.98982111633,82,43
11,7350,489.881347956408,91,80
71,6153,3583.19521618164,75,4
88,3133,2523.41038978943,91,3
90,7610,6294.49146972447,91,1
0,3130,202.298701991597,78,78
91,2486,2082.99286251399,97,6
50,2508,760.036250379078,70,20
26,4204,502.161089748813,75,49
42,2407,540.872470998145,77,35
72,9801,5849.71177901004,82,10
19,9403,851.574037672165,85,66
1,2298,111.298526530123,67,66
73,1195,730.491785651818,74,1
68,6713,3616.65823316139,85,17
55,3685,1331.33619902366,93,38
91,2841,2380.44357296953,95,4
14,1240,92.5546248507663,79,65
40,2568,534.112387362361,56,16
0,9195,594.29283220854,8,8
60,8140,3467.12038334698,89,29
98,2302,2158.45099692091,99,1
67,4605,2414.28526059567,81,14
19,1338,121.17473810543,62,43
3,9407,478.835344037235,69,66
63,2489,1162.93143156221,79,16
66,5265,2684.42004323382,74,8
79,8997,6255.35709149484,89,10
84,4617,3505.61650520196,88,4
37,3278,606.309608570062,59,22
80,3457,2449.62878285272,85,5
40,6782,1410.57251210729,76,36
66,2018,1028.90021790045,68,2
54,9904,3457.42313612153,73,19
68,5993,3228.75507095727,87,19
40,4196,872.716346328842,84,44
46,8817,2306.12222694933,72,26
88,8615,6938.77449985187,90,2
97,3996,3681.12257304561,97,0
56,7749,2896.09727176652,75,19
66,4993,2545.73775420066,82,16
15,2977,230.872099982616,42,27
32,8339,1265.28298062124,80,48
46,5094,1332.35642781897,81,35
73,8347,5102.43927601316,87,14
43,3248,758.377723620564,62,19
33,7132,1126.04078380074,80,47
64,7269,3498.68416740026,78,14
27,5716,710.548371459257,70,43
14,3392,253.181683462741,45,31
91,4273,3580.3010866944,95,4
92,3304,2804.42813562414,95,3
20,9088,855.966224950059,73,53
85,6897,5319.24971369966,97,12
24,3776,416.539640753243,86,62
82,2536,1862.68132682669,93,11
50,5449,1651.29088050861,80,30
24,4505,496.957383896546,90,66
37,5359,991.218179477413,73,36
37,2723,503.654992109908,64,27
80,2596,1839.52453580725,85,5
85,6096,4701.48561036873,94,9
18,4550,396.267104482136,62,44
14,5686,424.407739436659,27,13
32,4151,629.834470866864,75,43
90,8565,7084.40465679239,95,5
21,3311,324.367713906057,56,35
53,7065,2382.09931895613,55,2
60,1519,646.997034681089,69,9
73,3375,2063.10441554384,79,6
15,1086,84.2213975751161,81,66
42,5669,1273.87039388803,82,40
55,1129,407.891063418646,61,6
15,7561,586.370153835592,73,58
19,3628,328.566479705904,67,48
16,4307,347.11350432618,67,51
50,6891,2088.28142000089,70,20
66,7544,3846.3940752433,77,11
62,6457,2926.8978484148,71,9
24,9459,1043.44503757546,84,60
1,4638,224.631229785341,38,37
20,9935,935.742126417125,67,47
28,5878,760.414203747347,47,19
68,8133,4381.68946973061,75,7
50,2795,847.010095617832,84,34
13,1057,75.9488308262297,80,67
21,6256,612.879618905556,83,62
60,7769,3309.09806612072,88,28
74,8663,5419.96403537055,90,16
25,5852,671.712890017476,87,62
54,4458,1556.25932358944,75,21
45,3035,764.553584512615,86,41
71,1334,776.85396040733,81,10
91,5431,4550.57692530711,95,4
37,1868,345.511393779401,85,48
33,7563,1194.08951877243,75,42
93,6767,5820.66344020901,99,6
31,2103,306.630439208391,32,1
3,3370,171.539822409427,67,64
67,4061,2129.079792243,74,7
84,3001,2278.61276415661,92,8
50,7865,2383.44701325018,66,16
53,3212,1082.98697982832,69,16
92,6670,5661.48173868432,93,1
76,1536,1004.5447253545,76,0
62,7804,3537.48037928281,86,24
61,7168,3150.48479461014,87,26
76,5766,3770.96672291279,83,7
78,3019,2058.09826411802,91,13
72,2078,1240.25110466104,86,14
90,6369,5268.01789364982,94,4
9,8195,507.525675825385,90,81
67,9329,4890.95921739349,85,18
3,6193,315.236237442606,83,80
37,8629,1596.04808186427,80,43
65,5847,2897.38942917817,86,21
39,1674,334.874766332348,65,26
46,4835,1264.61392393104,86,40
85,2821,2175.67108052004,87,2
75,5144,3291.59757545977,84,9
36,5907,1050.36297888414,69,33
29,6876,925.726591745142,81,52
74,8427,5272.31177722124,85,11
0,2643,170.822833662553,61,61
58,8429,3366.42908185719,78,20
35,5261,899.22618435509,58,23
14,3801,283.709781498196,89,75
98,1912,1792.77076720798,99,1
30,4198,588.172210769061,91,61
78,3460,2358.73467832009,78,0
85,2696,2079.265945793,96,11
46,3194,835.403696594778,85,39
10,8565,550.149439481892,50,40
83,8264,6173.49355058536,94,11
30,4416,618.715693843776,86,56
93,4983,4286.14835563196,95,2
71,6303,3670.54761053029,78,7
1,9523,461.225356025399,70,69
81,6955,5019.28807594871,87,6
40,9112,1895.18382930134,62,22
50,1076,326.076158456096,80,30
89,3576,2919.27510283789,90,1
26,4672,558.06294274654,74,48
80,2541,1800.55155835371,81,1
32,5204,789.606982989921,69,37
23,8961,950.09307091764,79,56
6,4334,241.824299123714,51,45
79,9063,6301.24500613735,82,3
17,4447,372.527137313513,66,49
14,2601,194.140789707131,83,69
1,8078,391.239990126344,51,50
89,9783,7986.37257580063,90,1
86,1497,1172.01262688447,88,2
88,7333,5906.21397648448,90,2
56,8633,3226.48183599953,78,22
62,4181,1895.20828623545,87,25
54,9497,3315.34203591945,65,11
29,7352,989.811213279565,77,48
1,9091,440.302395424435,39,38
89,7073,5774.05838992516,95,6
45,3180,801.080856260335,88,43
82,1220,896.084865429242,93,11
4,1318,69.044510219085,56,52
17,3690,309.112915827943,51,34
38,8115,1561.08283711784,89,51
45,5837,1470.41162200993,83,38
55,6394,2310.05798006982,88,33
86,2439,1909.51155442299,93,7
3,3445,175.357474243465,88,85
91,8937,7488.2168995525,96,5
72,6726,4014.40275743511,80,8
78,1970,1342.97899314757,84,6
63,9007,4208.3259960148,77,14
47,5314,1442.70803661379,62,15
37,6816,1260.70966809443,82,45
37,3104,574.125999085257,63,26
28,4137,535.187744284242,73,45
93,2376,2043.72636824835,97,4
88,4481,3609.12925523346,88,0
38,3612,694.840567796628,88,50
53,7671,2586.4237616012,71,18
91,1691,1416.87084895863,92,1
61,8277,3637.91331542803,82,21
79,1931,1342.5691390104,87,8
69,3151,1743.37809840727,71,2
43,3145,734.328183739739,76,33
25,3178,364.781880464036,84,59
51,1498,470.576739113392,69,18
41,8520,1842.09296401991,80,39
90,5493,4543.4483105383,95,5
1,6838,331.183343956912,68,67
98,1445,1354.89213316712,98,0
67,9902,5191.36865372819,83,16
15,7844,608.317350441262,88,73
27,9239,1148.48782433731,74,47
73,4985,3047.2816330329,73,0
8,5574,333.098061476478,64,56
3,1050,53.4471256765278,82,79
43,1190,277.853907360982,69,26
51,5936,1864.71530265493,92,41
60,8143,3468.39819184207,72,12
48,8147,2295.16759961963,72,24
21,2188,214.351119911342,67,46
60,2414,1028.20990238324,70,10
87,9539,7576.78134672633,89,2
48,1595,449.342374050977,85,37
65,2842,1408.30866388308,87,22
96,6849,6188.76494360074,97,1
79,4107,2855.47977934526,86,7
12,5986,414.182373561794,86,74
71,8585,4999.46870322109,84,13
94,2542,2217.73544509778,97,3
59,1397,576.336810221658,83,24
48,3286,925.729806352045,77,29
44,4497,1090.79060655987,63,19
65,5434,2692.73373664343,90,25
50,9043,2740.43373691308,76,26
17,5117,428.653330702326,81,64
69,2671,1477.80479239791,74,5
47,9895,2686.41249949067,68,21
45,2971,748.431202499828,89,44
73,9971,6095.17455626299,85,12
3,6025,306.684697334362,90,87
93,9561,8223.93426213069,94,1
81,9482,6842.97477155222,94,13
38,1725,331.838311032443,83,45
27,7197,894.649515289061,86,59
30,9972,1397.15418908744,79,49
69,3411,1887.23030582901,72,3
2,6216,308.194828646534,73,71
67,7211,3780.54527994688,79,12
48,6205,1748.06860876885,85,37
86,4799,3757.17341110124,86,0
73,8656,5291.32794694739,91,18
53,9846,3319.76643941147,76,23
12,4261,294.826443993786,69,57
36,5181,921.268087624637,83,47
31,3216,468.912740130378,36,5
38,9147,1759.60871363116,75,37
12,6811,471.265644224754,90,78
65,7607,3769.52991068211,81,16
64,2741,1319.28646345358,84,20
34,4901,805.156252512535,89,55
62,4349,1971.36111859315,94,32
51,3043,955.917901950634,65,14
98,7772,7287.35062904834,98,0
11,7995,532.870935634215,62,51
79,1672,1162.49383761024,80,1
87,8507,6757.06876156839,98,11
22,5455,555.935941637208,81,59
75,6454,4129.85434525999,77,2
93,2411,2073.83176508703,93,0
64,8691,4183.11516011496,88,24
98,7620,7144.82910362177,98,0
6,2755,153.720799281456,58,52
89,7722,6303.87090159792,90,1
97,1967,1812.0040293245,97,0
62,3138,1422.42611868138,81,19
67,8962,4698.55038120704,94,27
68,3752,2021.40647859698,71,3
39,7698,1539.94381793693,88,49
52,8377,2726.82506817515,80,28
11,8741,582.592226188702,73,62
81,4103,2961.0552085719,82,1
85,2449,1888.76939957235,95,10
21,8141,797.546831443435,69,48
87,6116,4857.9090802577,92,5
26,5487,655.413391877198,87,61
92,2049,1739.18681897514,93,1
5,6526,352.543073666069,69,64
66,4773,2433.56825571796,86,20
59,6150,2537.20213519198,71,12
58,9002,3595.2775649399,63,5
89,7765,6338.97404181661,97,8
66,9658,4924.24098339074,67,1
19,1981,179.407441096305,78,59
22,2277,232.056120826384,77,55
84,6848,5199.5802095783,92,8
37,3088,571.166586718838,62,25
33,5921,934.841205956837,73,40
62,2573,1166.31689081172,89,27
55,8008,2893.17239668425,85,30
0,5843,377.645787775367,80,80
62,7015,3179.83404160289,94,32
72,1537,917.356086556314,78,6
94,7539,6577.30429606299,95,1
95,1485,1316.38473507929,97,2
12,6125,423.800039770462,77,65
13,2333,167.63351212639,38,25
51,7997,2512.15098977957,82,31
48,8748,2464.48093303947,69,21
27,4411,548.325553972495,46,19
83,5760,4302.91902848156,87,4
67,4597,2410.09106253166,81,14
74,4186,2618.95064666526,88,14
65,6262,3103.03619044188,85,20
17,9589,803.274728963183,81,64
32,4389,665.946396683852,62,30
12,8743,604.944285340923,77,65
88,3575,2879.41019581781,91,3
85,5509,4248.76709769051,88,3
13,8898,639.349760351743,77,64
6,4121,229.939533153859,84,78
15,4803,372.481926844643,90,75
18,5349,465.853349862625,83,65
12,3527,244.039631064558,70,58
78,6581,4486.36789538281,87,9
69,5894,3261.01888670659,79,10
38,1374,264.316428613668,68,30
22,5475,557.97420356805,65,43
15,8743,678.036536831713,78,63
46,5757,1505.76677560931,78,32
46,1438,376.114751315996,73,27
67,3797,1990.67125613068,89,22
59,4655,1920.43511208434,82,23
50,9414,2852.86334173391,82,32
48,9914,2792.96570303535,77,29
24,7614,839.918650607837,25,1
70,8557,4858.80286883567,70,0
64,2032,978.033598590909,86,22
88,1956,1575.41995608941,90,2
25,2621,300.847485429905,74,49
2,6797,337.001327270028,69,67
42,3955,888.720657581082,91,49
70,3998,2270.12900194052,83,13
99,7734,7365.71428571429,99,0
86,7672,6006.46684933709,89,3
96,4297,3882.77456017702,96,0
22,7964,811.635900861361,87,65
59,9532,3932.45703295121,80,21
20,2208,207.963625075895,76,56
50,5174,1567.95357235301,56,6
26,3613,431.567083078607,76,50
45,5134,1293.31733208823,61,16
92,5532,4695.54977187431,92,0
3,2873,146.241516255871,89,86
16,5831,469.937042889704,71,55
62,5344,2422.38533404502,77,15
4,5084,266.329506793496,73,69
31,1712,249.620214895276,75,44
13,7304,524.815761925054,70,57
6,9600,535.651423993459,47,41
29,8814,1186.64255084958,63,34
3,3886,197.805267027607,87,84
43,5531,1291.43694253243,73,30
85,8893,6858.64690502118,95,10
67,2506,1313.83254355109,69,2
26,5021,599.750435687153,73,47
37,8079,1494.31828176862,87,50
11,9282,618.650159419235,70,59
57,6544,2528.88252509723,73,16
3,9862,501.99576516373,44,41
1,2398,116.141804447013,69,68
22,5121,521.896967392144,81,59
41,4489,970.558135620352,62,21
14,5409,403.732230498222,70,56
21,7508,735.533916039468,65,44
57,3899,1506.74097881328,67,10
49,2937,858.303713029112,75,26
78,9481,6463.34204773202,86,8
29,4871,655.790318265065,78,49
86,2605,2039.47421044358,91,5
64,9369,4509.44723681015,76,12
59,4598,1896.91958009963,83,24
27,3286,408.47829751839,64,37
44,2422,587.479397173228,79,35
15,4936,382.796333729994,90,75
8,2173,129.856851020522,85,77
9,5908,365.889163242998,73,64
61,9917,4358.72735883771,80,19
4,4204,220.229985554654,69,65
75,4141,2649.78723949824,82,7
13,4668,335.410730649802,85,72
70,5939,3372.26016571404,84,14
77,1597,1066.71547320312,97,20
50,8298,2514.66539300063,52,2
35,9980,1705.81207372435,79,44
12,1926,133.263490056802,61,49
53,9929,3347.7514703348,60,7
96,9962,9001.67562682882,98,2
59,6594,2720.37575275706,61,2
37,9177,1697.40795541411,45,8
23,4116,436.400299062271,52,29
33,6864,1083.72741727542,92,59
5,2256,121.872076952291,87,82
0,5897,381.135925126021,81,81
74,6413,4012.26242165893,84,10
10,7722,496.001631252676,77,67
10,8252,530.04473725681,62,52
96,4498,4064.39841090906,97,1
76,1351,883.55463799084,81,5
53,7200,2427.61714033745,57,4
15,8968,695.485721412193,67,52
47,2151,583.979109287968,72,25
17,6338,530.937035370597,82,65
80,5793,4104.91742524322,81,1
60,9452,4025.94863186679,82,22
11,7498,499.745625439067,76,65
31,3387,493.845600379848,84,53
0,3862,249.609452744903,65,65
38,8551,1644.95617254401,75,37
16,8649,697.047759209921,87,71
96,5743,5189.3819639508,99,3
28,9817,1269.9874512058,68,40
97,4618,4254.11012070186,97,0
65,4363,2162.0164322737,83,18
60,6664,2838.4386037622,82,22
70,8973,5095.01439079846,86,16
9,5960,369.109582418462,62,53
60,7845,3341.46921466303,81,21
96,1972,1781.90165991833,96,0
61,4389,1929.05660763726,73,12
2,6062,300.559371180066,21,19
47,5077,1378.36445274524,75,28
3,3967,201.928331008367,77,74
84,3078,2337.07767013464,92,8
74,6719,4203.70984112371,87,13
89,9933,8108.82539051698,92,3
2,1763,87.4111137232689,87,85
74,5999,3753.24532473599,78,4
86,9456,7403.17394777523,90,4
21,5850,573.105142358935,76,55
57,4574,1767.58995565323,67,10
0,3383,218.650641801141,60,60
56,5474,2045.8428785198,83,27
62,2655,1203.48672565298,67,5
77,6331,4228.78876696867,83,6
67,7189,3769.01123527085,84,17
23,4764,505.104719322803,86,63
62,2982,1351.71277434922,86,24
36,8843,1572.43267687023,77,41
13,9868,709.047362907507,69,56
32,4946,750.460441558061,85,53
63,2209,1032.10748586618,88,25
68,1353,728.934692308559,71,3
10,7450,478.530452322253,49,39
36,3917,696.507836175585,74,38
94,6673,5821.7736526898,94,0
18,5605,488.148817719203,90,72
97,4642,4276.21896498441,98,1
58,1146,457.696966165422,91,33
54,7309,2551.52521222862,77,23
81,4651,3356.53613820812,81,0
41,4817,1041.47439057323,85,44
54,8459,2952.98286636228,56,2
10,2592,166.490058042856,43,33
87,6427,5104.934869002,91,4
69,7084,3919.41937452146,71,2
67,6576,3447.6308086161,73,6
19,2454,222.244250605923,56,37
23,4904,519.948266909955,78,55
40,6123,1273.5086245404,76,36
65,7586,3759.12368902781,66,1
37,9887,1828.73187917395,69,32
14,6189,461.952075162413,59,45
10,8273,531.393615041879,52,42
26,8342,996.438584844101,77,51
61,1191,523.469222988375,66,5
86,9633,7541.7485870261,87,1
42,1613,362.454215089326,85,43
31,1520,221.625424439731,72,41
50,5237,1587.04539203957,87,37
86,5004,3917.669462211,94,8
28,9131,1181.24227533464,54,26
54,2779,970.131148554295,77,23
49,5387,1574.28740282187,79,30
19,6871,622.265788880724,65,46
97,7154,6590.27799989197,97,0
86,1264,989.595163915809,88,2
94,5227,4560.22941444771,96,2
51,3287,1032.56725064467,75,24
45,4818,1213.71307090009,86,41
41,6059,1310.00484377895,83,42
70,1572,892.607001263255,85,15
9,7284,451.106409116791,68,59
84,6683,5074.29826819682,85,1
56,6166,2304.46970934474,58,2
89,1834,1497.18974793196,89,0
64,5568,2679.96608117824,74,10
1,2244,108.683156455003,80,79
84,1934,1468.45620988967,92,8
28,7284,942.30300443955,76,48
39,1793,358.680081262784,67,28
63,4436,2072.62508252711,77,14
80,4282,3034.22344465588,80,0
11,6574,438.160541695976,87,76
29,8287,1115.69171986504,84,55
13,6181,444.124619997092,75,62
3,4836,246.162190258751,79,76
63,5719,2672.07909084142,88,25
65,6123,3034.15691377765,68,3
75,5119,3275.60030886053,86,11
17,5659,474.05690804074,87,70
87,1357,1077.85850587144,87,0
68,2789,1502.58599914898,71,3
66,8964,4570.39720181348,72,6
40,1052,218.803049651559,77,37
42,6033,1355.66415352381,65,23
95,2143,1899.67170860263,95,0
89,1204,982.887926123271,91,2
59,1235,509.503193001967,90,31
1,3065,148.446468152667,64,63
90,8733,7223.36320697816,98,8
61,5325,2340.44803729059,70,9
58,5948,2375.55109489697,76,18
31,5300,772.772861533272,51,20
54,9315,3251.80699848264,80,26
90,2355,1947.90110528267,95,5
71,6443,3752.07651192236,79,8
85,9651,7443.24764200601,85,0
18,5387,469.162833372586,85,67
38,3233,621.932324387181,69,31
29,6161,829.465027885664,85,56
40,5124,1065.72892244733,87,47
68,3989,2149.09126948917,85,17
54,3205,1118.84502738989,60,6
18,7059,614.780107810857,47,29
47,8084,2194.74064132214,90,43
79,1643,1142.3309660249,86,7
12,7677,531.185780460055,51,39
7,4486,258.88962894491,84,77
34,2316,380.481918143038,68,34
46,8046,2104.46403969993,72,26
0,4389,283.670608000357,68,68
3,1288,65.5618074965407,52,49
88,3180,2561.26557278339,90,2
28,1801,232.988428198192,78,50
49,1166,340.749788693206,58,9
95,3732,3308.24769785582,96,1
91,4702,3939.75560721672,96,5
82,4143,3043.01606350275,88,6
10,2570,165.076947982307,89,79
88,2050,1651.13032207735,90,2
82,6022,4423.13365542205,83,1
93,9237,7945.24430282409,96,3
69,9533,5274.39651289004,95,26
73,5088,3110.24452334431,82,9
78,2983,2033.55651601989,83,5
36,6255,1112.24317469448,86,50
52,2365,769.838997998596,92,40
80,3719,2635.2818754496,91,11
94,3626,3163.45740516307,96,2
93,1094,941.008689757449,96,3
10,7799,500.947516464598,83,73
7,4117,237.594427634016,49,42
64,5560,2676.11555519953,70,6
4,4352,227.983086853914,71,67
51,2335,733.509136067937,79,28
88,1601,1289.49251007114,90,2
47,5620,1525.78456262128,76,29
3,1015,51.6655548206435,88,85
19,8932,808.918356321151,69,50
52,6312,2054.64006569435,73,21
19,3418,309.548023052585,87,68
4,8947,468.695927868098,86,82
36,9332,1659.38502098304,78,42
31,2159,314.795586424591,88,57
33,1570,247.880542704313,68,35
8,7622,455.485006202676,71,63
83,4906,3664.95151974489,85,2
90,2866,2370.56669543105,91,1
92,8484,7201.20106011961,93,1
80,7913,5607.14855617981,93,13
44,5676,1376.76839733908,53,9
53,1332,449.109170962429,86,33
5,2905,156.931907600357,73,68
46,8490,2220.59404636495,73,27
36,7121,1266.23239760182,88,52
27,2306,286.655798562814,85,58
98,4762,4465.04936895628,99,1
25,4451,510.901242902902,81,56
88,4468,3598.65867270321,98,10
50,4067,1232.4830264321,87,37
43,6613,1544.07385662032,64,21
92,8644,7337.00871801908,97,5
88,3235,2605.56419118059,89,1
61,2217,974.417520877605,64,3
19,9243,837.083784983923,39,20
51,5868,1843.3540087566,85,34
13,3716,267.006485667237,74,61
81,9002,6496.56811785626,85,4
9,6829,422.927741331489,58,49
3,4082,207.782063820558,87,84
53,7899,2663.29830437855,88,35
96,6419,5800.21640720881,98,2
49,8577,2506.52739075611,80,31
29,9971,1342.41126327673,84,55
63,9489,4433.53007396296,69,6
29,9900,1332.85242266971,89,60
0,3835,247.864384069576,77,77
77,2284,1525.59683205757,81,4
39,5841,1168.46087822416,88,49
69,4472,2474.25796765386,89,20
92,1880,1595.73998031882,94,2
71,7090,4128.85650621287,89,18
96,5820,5258.95926000238,97,1
92,1876,1592.34478887133,93,1
36,1494,265.658082013358,73,37
29,6451,868.508179660837,83,54
0,1080,69.8027470130748,66,66
59,7161,2954.29341302598,77,18
96,2839,2565.32394143415,96,0
59,8845,3649.0329895566,69,10
71,9815,5715.75833688002,78,7
1,7198,348.619144457715,89,88
28,9672,1251.22936009601,80,52
52,3146,1024.06489966325,86,34
83,8854,6614.24393718329,89,6
68,7900,4256.15969640622,91,23
10,8998,577.962014764514,53,43
31,5064,738.362598264998,61,30
92,6873,5833.78770464428,93,1
45,8700,2191.63630486318,66,21
97,9917,9135.55869792125,99,2
5,2265,122.358268748643,51,46
40,6842,1423.05177349426,82,42
99,9112,8678.09523809524,99,0
38,3168,609.428272087408,84,46
13,2284,164.112705399346,66,53
17,9817,822.374388802958,83,66
8,2541,151.84825515101,86,78
93,4067,3498.24711265406,94,1
50,1264,383.048572758833,86,36
4,1799,94.2420894416798,69,65
73,7278,4448.97005520831,93,20
53,2051,691.533715948905,85,32
41,1275,275.665320319882,77,36
91,1526,1278.6191102962,92,1
80,2293,1624.81886001773,80,0
68,7904,4258.31471397402,72,4
22,8786,895.408466218976,86,64
95,4740,4201.79369984904,95,0
52,7177,2336.20908610398,57,5
85,5060,3902.47985375095,87,2
14,2731,203.844097151163,87,73
56,1833,685.062111130215,74,18
36,3806,676.770187511942,90,54
57,4209,1626.53828669533,78,21
64,1000,481.315747338046,70,6
32,3279,497.525230058407,89,57
61,5410,2377.80730173561,92,31
90,1089,900.749173525617,92,2
73,5702,3485.57670442399,88,15
17,1961,164.273828709647,79,62
54,5210,1818.77772003162,64,10
82,6842,5025.42020431711,82,0
94,5833,5088.92637736244,96,2
48,8478,2388.41670671109,83,35
20,6418,604.488471801219,25,5
55,2873,1037.97256439484,76,21
48,2887,813.323783000108,69,21
74,5623,3518.00274395574,86,12
52,5307,1727.49918070975,83,31
57,9110,3520.4950800177,72,15
96,5169,4670.71484792995,97,1
50,6355,1925.8494302867,93,43
99,3837,3654.28571428571,99,0
49,3203,936.039085063754,81,32
58,5420,2164.67500577363,84,26
91,4176,3499.02582214739,93,2
14,8444,630.267138903121,89,75
59,6315,2605.27341198981,79,20
15,3167,245.606966961688,78,63
46,8120,2123.81904081077,88,42
73,4173,2550.91399290798,77,4
76,3375,2207.25159379651,88,12
52,4483,1459.27620635421,91,39
31,8456,1232.93722964629,88,57
68,2291,1234.2863119578,85,17
1,2451,118.708741742965,71,70
15,2617,202.953404653848,89,74
76,5704,3730.41869363416,84,8
12,7109,491.884813506647,71,59
91,7356,6163.51387636883,97,6
43,4827,1127.05950490039,70,27
73,2218,1355.84165738555,86,13
34,8416,1382.61477680994,70,36
25,8889,1020.31030064343,67,42
76,9242,6044.27236440514,86,10
52,4003,1303.02981352574,78,26
36,1370,243.608816839559,49,13
62,5194,2354.39173372564,78,16
73,8739,5342.06503331484,83,10
3,5311,270.340651874323,41,38
67,7877,4129.7122687757,77,10
66,2415,1231.31517652606,74,8
19,6940,628.514710352529,72,53
48,9359,2636.61146002702,84,36
6,3057,170.571500327917,86,80
62,9344,4235.54800922842,64,2
45,9606,2419.86877523169,80,35
86,5214,4082.08005115271,89,3
54,3576,1248.35875754954,85,31
61,3955,1738.3045985886,89,28
49,3253,950.650997100341,79,30
55,6356,2296.32914002561,85,30
44,5720,1387.44102057426,59,15
96,7173,6481.53174776582,96,0
12,3099,214.425522163047,75,63
37,4420,817.537666223207,85,48
82,3692,2711.75846161046,83,1
65,2386,1182.34499367524,84,19
28,5676,734.282242339221,89,61
61,9478,4165.77774599817,62,1
58,1847,737.666925399244,90,32
30,4848,679.242229111102,71,41
25,2455,281.793428741098,58,33
25,7291,836.886309145149,28,3
23,5275,559.283668015908,85,62
93,3300,2838.50884478938,96,3
51,1373,431.309654741446,69,18
77,6409,4280.88883391284,90,13
70,1270,721.126521376802,84,14
71,7456,4341.99634842358,84,13
7,5271,304.192428481637,63,56
69,8691,4808.53667193196,87,18
49,1343,392.475957302723,87,38
48,6016,1694.82365033898,84,36
5,2872,155.149204347066,73,68
13,4222,303.364204113852,71,58
46,3603,942.379310842512,51,5
94,7362,6422.88290590473,96,2
88,4024,3241.04800782402,93,5
5,1973,106.584046022549,76,71
6,2910,162.369337898017,76,70
24,5413,597.121047509879,79,55
95,5021,4450.88737699199,98,3
59,6762,2789.68468913304,70,11
67,2489,1304.91987266506,77,10
42,5996,1347.34995268171,85,43
47,1007,273.392358462568,68,21
38,2807,539.982689314822,72,34
67,1381,724.023440799701,77,10
70,4541,2578.45317604099,79,9
40,5398,1122.71754944783,68,28
48,2790,785.997005393246,56,8
58,1528,610.262621553896,93,35
17,9703,812.824558883071,80,63
97,9045,8332.27068898837,99,2
34,4884,802.363423234283,78,44
89,7365,6012.433202573,91,2
2,1596,79.1311046524885,78,76
90,7589,6277.12165095125,91,1
34,7376,1211.75933861099,63,29
84,1530,1161.70527462833,91,7
34,7128,1171.01688796355,82,48
89,1192,973.091700945962,94,5
62,2932,1329.04824090943,79,17
90,2557,2114.98221919651,94,4
33,8184,1292.13653598223,61,28
9,5900,365.393714139081,58,49
84,5651,4290.71667119261,85,1
72,2285,1363.7987363573,72,0
5,2075,112.094219714541,72,67
26,6010,717.884907086196,71,45
13,4854,348.775425572866,23,10
72,5853,3493.35404984652,76,4
85,9194,7090.79046944392,90,5
13,6529,469.129533078953,67,54
35,1682,287.49257595234,60,25
25,3774,433.192830985296,81,56
84,5565,4225.41820477559,85,1
17,1035,86.7024032200328,73,56
73,1342,820.351444639949,81,8
14,6726,502.034198988914,72,58
94,9084,7925.2198203258,95,1
91,8947,7496.59579280477,93,2
88,7124,5737.87922657513,89,1
11,3895,259.60378915513,69,58
74,8820,5518.19032574954,77,3
54,9778,3413.43734097298,92,38
15,4620,358.289923385853,84,69
92,4644,3941.81727053223,95,3
57,5702,2203.49757917244,87,30
54,4312,1505.29165619508,73,19
59,5046,2081.74341043557,82,23
66,7861,4008.02012532974,84,18
71,5157,3003.1753177066,72,1
58,5505,2198.62286103023,93,35
53,1365,460.235749522309,76,23
30,3932,550.903557109087,91,61
27,1884,234.197538808474,78,51
56,2461,919.769697485793,56,0
84,9075,6890.50677598176,89,5
35,3882,663.523293607006,78,43
19,9997,905.369100777267,84,65
12,2774,191.938173114002,84,72
46,7937,2075.95464617181,76,30
42,1206,270.998005826241,64,22
53,5879,1982.21682889498,56,3
36,4333,770.479564500589,84,48
42,6583,1479.25362550095,87,45
44,5938,1440.31901751223,44,0
56,5998,2241.68169261267,78,22
71,2178,1268.3567659424,92,21
10,4489,288.338684627462,89,79
12,3602,249.229019306646,64,52
99,5017,4778.09523809524,99,0
41,3852,832.833579507595,77,36
43,3682,859.712678069864,84,41
53,2956,996.671703727432,57,4
33,8253,1303.03064900554,82,49
0,2542,164.294984173367,55,55
41,1520,328.636303440173,87,46
0,2024,130.815518476355,82,82
51,3171,996.127396347506,72,21
30,6806,953.573145901436,73,43
82,2598,1908.22006588948,87,5
4,1845,96.6518371428011,80,76
81,1156,834.26269098443,83,2
63,6401,2990.72884428675,64,1
3,2409,122.622976909291,71,68
24,5603,618.080404433374,85,61
28,5204,673.221421623204,85,57
75,5471,3500.84182257784,76,1
66,2655,1353.68190214355,88,22
14,3834,286.17292877245,83,69
61,3247,1427.12390179954,64,3
42,7287,1637.44814963169,82,40
29,5234,704.661573762955,71,42
93,5870,5049.10512694353,98,5
81,5140,3709.43791666087,92,11
99,6857,6530.47619047619,99,0
12,8629,597.05641521295,90,78
10,5935,381.218554970815,72,62
6,8087,451.230527691157,65,59
38,2911,559.989172994459,70,32
47,3740,1015.37976231381,49,2
49,7457,2179.22056113656,68,19
37,1938,358.458822882483,80,43
28,6011,777.619901110123,69,41
87,1065,845.924324799616,89,2
9,1039,64.3464523712721,80,71
92,9343,7930.31842346741,95,3
30,2430,340.461760878708,77,47
46,1986,519.446381163816,90,44
44,6103,1480.34135464418,65,21
23,3111,329.844832454501,72,49
57,2982,1152.3728132396,76,19
31,9127,1330.77319004041,57,26
77,2929,1956.4243087113,89,12
50,7881,2388.29572936105,64,14
8,6164,368.356019185686,73,65
74,2206,1380.17322659903,92,18
73,8226,5028.47316215218,85,12
78,2980,2031.51137034505,96,18
9,4456,275.965150881991,75,66
96,4034,3645.12743210474,98,2
23,8449,895.808096884627,89,66
24,8866,978.029781493181,57,33
50,1165,353.047141822817,79,29
38,1347,259.122437658377,49,11
84,6132,4655.93251243197,91,7
92,1810,1536.3241299878,98,6
57,8764,3386.78582670418,86,29
95,7553,6695.3898343797,95,0
70,2419,1373.54728756731,73,3
1,2030,98.3185417128593,41,40
52,5664,1843.70743537592,72,20
16,9315,750.722612676658,83,67
88,1769,1424.80465353894,88,0
7,4905,283.070358888717,90,83
9,3503,216.944776377831,73,64
45,2629,662.277223619,86,41
98,2898,2717.28539925143,98,0
13,5717,410.784735887943,91,78
94,9226,8049.10590734543,94,0
93,1917,1648.91559256401,95,2
90,2764,2286.19900424684,93,3
76,2160,1412.64102002977,83,7
48,4217,1188.01052750657,71,23
95,7415,6573.05913172587,95,0
43,2946,687.863538727273,82,39
88,1456,1172.70524338762,98,10
70,1949,1106.67369304204,91,21
90,4416,3652.62474774024,94,4
52,8509,2769.79282620298,75,23
99,5613,5345.71428571429,99,0
20,2459,231.604417600373,68,48
77,3493,2333.14786969224,80,3
66,4306,2195.46300212058,89,23
64,4155,1999.86693018958,79,15
48,7042,1983.86771038682,59,11
76,6059,3962.58886127794,84,8
4,3546,185.760116264701,80,76
38,8425,1620.71754808599,81,43
51,2602,817.383628286412,69,18
91,9007,7546.86915231838,98,7
45,2650,667.567380216945,86,41
10,5281,339.210646807224,63,53
17,3005,251.730165870723,71,54
67,5474,2869.88002529874,87,20
35,4747,811.371734866682,82,47
8,1701,101.650484853156,88,80
81,2337,1686.56739518219,89,8
43,4287,1000.9745385349,79,36
61,6151,2703.4921835445,67,6
31,5040,734.863249458055,70,39
15,6988,541.93289710397,76,61
62,9648,4373.34837254236,88,26
91,4672,3914.61892745992,93,2
56,4855,1814.49893591773,88,32
31,6273,914.642294414757,76,45
24,4968,548.032027346957,91,67
92,6555,5563.86998456908,93,1
22,1133,115.46753838221,56,34
69,4138,2289.46320888902,73,4
3,7913,402.787719503204,75,72
76,6700,4381.80316398122,77,1
37,2955,546.566471422981,91,54
14,4059,302.967114733274,71,57
69,6397,3539.31758029556,76,7
28,5303,686.028670036098,43,15
78,6388,4354.79685696784,81,3
94,9471,8262.85302931591,95,1
3,6702,341.145367889609,77,74
43,5742,1340.70347568635,79,36
23,6605,700.297370093853,75,52
7,8934,515.586256128807,67,60
47,3601,977.642386120861,64,17
14,7499,559.731557867658,90,76
40,5175,1076.33629462625,74,34
97,9764,8994.61481561995,99,2
26,7050,842.111247081145,86,60
39,4471,894.399689529229,78,39
81,6767,4883.61213658446,81,0
38,4799,923.183799794025,76,38
57,8457,3268.14784760809,61,4
21,4993,489.147688170627,86,65
77,4219,2818.07926201877,90,13
60,5818,2478.09660814653,70,10
34,4204,690.650252104203,78,44
95,1799,1594.73140633511,98,3
39,1027,205.445869189559,84,45
81,7018,5064.7539492463,87,6
41,4730,1022.66428636317,57,16
83,6959,5198.613458195,85,2
91,5094,4268.20822270566,92,1
31,3910,570.10224313115,63,32
92,1439,1221.42012323339,93,1
52,1833,596.665912613711,93,41
95,8081,7163.43774018567,98,3
4,7570,396.560654293227,60,56
75,2264,1448.71246322724,78,3
20,4574,430.808705207039,72,52
3,7100,361.404373622235,77,74
76,4353,2846.86405564332,78,2
52,7744,2520.77513763261,78,26
90,9126,7548.42695830558,91,1
2,5306,263.076216344677,75,73
53,7324,2469.42610219882,86,33
67,9914,5197.65995082421,84,17
79,8675,6031.47968975411,80,1
38,7367,1417.19005065276,82,44
22,1842,187.723923830566,62,40
68,8347,4496.98290960794,88,20
49,5470,1598.5431768026,85,36
98,3324,3116.7207270917,99,1
95,7922,7022.49149582364,95,0
46,7922,2072.03133513583,84,38
7,4630,267.199951407698,49,42
34,3631,596.515477019591,69,35
0,6688,432.259974095782,50,50
10,8425,541.156920914763,82,72
56,4112,1536.81145715627,80,24
27,1474,183.230983122978,85,58
93,4713,4053.90672287647,94,1
83,6815,5091.04048248296,87,4
8,3235,193.321174897095,70,62
64,9404,4526.29328796698,89,25
17,7636,639.671063756686,90,73
45,2413,607.864184325845,58,13
95,7027,6229.11483730784,96,1
52,5026,1636.02993824141,74,22
2,2291,113.589825036874,3,1
36,4207,748.074666017535,77,41
61,1968,864.976852091622,68,7
93,7300,6279.12562635227,94,1
88,2004,1614.08056850878,95,7
31,2537,369.910330133945,57,26
39,2493,498.711345559465,63,24
1,6147,297.716293551205,28,27
76,5925,3874.95279799832,90,14
0,3642,235.390374649647,0,0
92,1595,1353.83258968538,96,4
31,1214,177.008727151206,83,52
32,2697,409.217915665607,56,24
30,5504,771.152893776301,45,15
98,4395,4120.93489638027,98,0
17,4245,355.605508858975,88,71
88,3517,2832.6952891444,90,2
72,7305,4359.97801710727,84,12
10,2616,168.031632654364,73,63
80,7378,5228.04777549534,84,4
31,7053,1028.37113064041,70,39
60,2221,946.004222532389,93,33
13,2158,155.059202386948,79,66
43,6657,1554.34744647232,84,41
22,2634,268.439096291917,70,48
1,3813,184.674186971001,68,67
14,5599,417.913987531807,58,44
72,5605,3345.33563119593,72,0
17,9527,798.080961813771,71,54
1,6675,323.288800952382,89,88
72,1768,1055.2280813478,77,5
75,3183,2036.77198341533,78,3
96,3072,2775.86303208373,96,0
66,5122,2611.50986922006,71,5
20,2455,231.227671902772,52,32
49,3360,981.920488858637,66,17
56,3199,1195.58848527308,82,26
30,1844,258.358636650345,71,41
15,7674,595.133522091566,39,24
13,5198,373.492925860683,76,63
2,8199,406.513738750472,68,66
29,9039,1216.9346513648,43,14
88,8032,6469.20914484158,93,5
97,6733,6202.45202310212,98,1
95,5001,4433.15828965085,97,2
95,9539,8455.88820735442,97,2
82,1397,1026.09062049562,89,7
87,4618,3668.05495955364,89,2
21,8940,875.822217553655,66,45
1,3252,157.50339785725,89,88
43,4865,1135.93215068166,52,9
72,4102,2448.27239235784,78,6
69,2005,1109.32183030993,85,16
4,3438,180.102447749024,74,70
11,1514,100.908892626667,32,21
76,2491,1629.11517633988,89,13
34,4428,727.449884947053,66,32
79,1576,1095.74777994841,88,9
27,8143,1012.24551938291,62,35
28,7598,982.923974153172,87,59
5,1428,77.1424316878865,70,65
25,6945,797.171227131129,65,40
76,6874,4495.59924615028,92,16
2,1336,66.2400725662435,82,80
46,5307,1388.0674445299,87,41
83,8640,6454.37854272235,98,15
81,3889,2806.61557546578,83,2
83,5723,4275.27875,87,4
90,2404,1988.43068242019,95,5
67,3597,1885.81630453043,74,7
76,5701,3728.45669221745,77,1
21,5218,511.19019364597,58,37
30,1388,194.46951609039,84,54
10,1317,84.5939068064976,79,69
84,3403,2583.84513043151,86,2
18,2181,189.946935137481,68,50
67,8066,4228.80019803793,86,19
71,3874,2256.02117137781,88,17
96,5895,5326.72935355911,97,1
55,8745,3159.43963648898,70,15
78,9150,6237.69430827423,91,13
32,2433,369.160989549285,75,43
30,4407,617.45472435904,79,49
42,2278,511.885122116234,65,23
90,7331,6063.72102030881,94,4
48,2329,656.124381921458,77,29
58,2969,1185.77861478633,87,29
11,7869,524.472969669248,63,52
96,1463,1321.96862497998,96,0
42,3744,841.307241968033,87,45
55,1083,391.271941259871,58,3
60,7353,3131.9086214681,68,8
19,1643,148.796782292393,59,40
31,7585,1105.94002919431,76,45
39,3071,614.337160935867,67,28
55,3541,1279.31112096141,77,22
89,5462,4458.91515987152,98,9
71,3943,2296.20327277819,72,1
43,3477,811.847088986669,57,14
83,8661,6470.06626834702,86,3
28,3956,511.772471933397,73,45
74,9074,5677.10419680854,92,18
14,4879,364.172592457168,50,36
39,5940,1188.26529988898,74,35
36,6577,1169.50013748451,69,33
68,6778,3651.67726863815,75,7
47,1721,467.237585813386,67,20
90,2240,1852.7806691436,97,7
92,1656,1405.60925925956,92,0
82,4809,3532.19026053215,85,3
68,1985,1069.42746802106,73,5
63,6379,2980.44981998206,72,9
80,9596,6799.72166625824,84,4
6,1015,56.6339786826418,83,77
45,5862,1476.70942748367,69,24
69,5744,3178.02722857866,91,22
58,8740,3490.63829344309,78,20
86,4022,3148.85423201692,93,7
25,1810,207.758087992418,91,66
54,3368,1175.74728619319,61,7
88,9245,7446.19503785613,89,1
48,2744,773.037914981744,80,32
55,9991,3609.60107583321,70,15
0,4436,286.708320138889,57,57
82,7405,5438.94133483896,86,4
57,6598,2549.75044324443,66,9
52,6650,2164.66356731106,80,28
23,5777,612.508388649839,83,60
63,5023,2346.88814011128,72,9
20,2472,232.828841117578,67,47
91,6783,5683.40329301383,93,2
84,5046,3831.34955279383,90,6
65,1944,963.318804570268,67,2
69,6019,3330.17860181319,82,13
85,2247,1732.97870185344,88,3
73,4082,2495.28658496295,85,12
0,4863,314.306258078318,82,82
62,5214,2363.45754710156,73,11
94,9879,8618.80742018919,98,4
91,6129,5135.42367431546,91,0
78,1997,1361.38530422116,89,11
9,6815,422.060705399633,51,42
92,9327,7916.73765767746,95,3
45,5489,1382.7461698154,83,38
21,7094,694.975705964836,85,64
94,4481,3909.39123897842,94,0
47,3501,950.493194615144,80,33
78,8639,5889.3378283258,80,2
98,3637,3410.20255247669,98,0
98,1525,1429.903462339,99,1
53,9065,3056.43741349431,86,33
45,5786,1457.56409884349,58,13
94,3996,3486.25918120012,96,2
60,7500,3194.52123772756,93,33
3,2554,130.003770455097,65,62
63,6013,2809.44423382225,69,6
45,9635,2427.17422958123,63,18
91,3923,3287.039822865,95,4
7,8577,494.983581689812,70,63
57,7472,2887.50156288608,57,0
53,3317,1118.38972979157,69,16
88,4459,3591.40980787458,91,3
20,9019,849.467361666437,79,59
99,1815,1728.57142857143,99,0
60,8348,3555.71510567329,83,23
34,3426,562.837241605375,90,56
45,6342,1597.62729257957,89,44
88,8428,6788.1591973014,89,1
26,1676,200.195524838014,82,56
17,8555,716.656096181044,71,54
42,9919,2228.87995007503,83,41
77,3372,2252.32597097115,87,10
23,2918,309.381941852212,86,63
8,6382,381.383535762986,67,59
22,8792,896.019944798228,71,49
89,1563,1275.95832934441,92,3
34,1105,181.533903086381,77,43
97,2439,2246.81130021478,97,0
22,2504,255.190393741443,79,57
54,8338,2910.74253927518,84,30
41,7018,1517.34840627838,64,23
60,6614,2817.14179551068,78,18
76,2777,1816.15931139938,81,5
32,1183,179.49751361973,88,56
6,6773,377.913239032052,81,75
61,3108,1366.03051641299,75,14
82,2516,1847.99141099998,83,1
17,1742,145.928102810915,87,70
43,9213,2151.1496206023,66,23
43,5607,1309.18223409498,43,0
64,2865,1378.9696161235,88,24
14,2700,201.530231529894,80,66
91,1681,1408.49195570636,91,0
1,8305,402.234230997683,79,78
16,3344,269.502567556709,81,65
18,1617,140.827232515959,44,26
97,9990,9202.80643261402,97,0
15,1573,121.989188200421,74,59
96,7642,6905.32073280725,97,1
14,3600,268.706975373192,74,60
13,5163,370.978063912795,62,49
49,4518,1320.33237162599,57,8
60,4506,1919.26835962672,72,12
94,9830,8576.0579957951,94,0
32,8596,1304.27779127236,74,42
50,9555,2895.59265246096,70,20
17,6529,546.937189008303,78,61
4,4949,259.257421148901,78,74
28,2911,376.5848497973,84,56
44,2892,701.48241809454,78,34
41,7577,1638.20873103039,74,33
91,5825,4880.7053194465,92,1
77,8029,5362.96714736873,96,19
55,4423,1597.96472409271,87,32
36,2237,397.775856401527,83,47
90,2034,1682.39101832057,92,2
50,2459,745.187057289534,78,28
55,8133,2938.3330547244,86,31
83,3571,2667.66039074786,93,10
97,7274,6700.82222130475,97,0
75,5420,3468.20739871539,75,0
94,5701,4973.76466266814,94,0
67,2015,1056.41363737248,87,20
27,3061,380.508846227569,65,38
13,2348,168.711310104056,82,69
38,6070,1167.68611476344,91,53
80,9830,6965.53397033332,88,8
88,3245,2613.61848543463,91,3
74,9156,5728.4071000638,82,8
7,8220,474.380907250817,69,62
39,1469,293.865610359749,63,24
54,6747,2355.33460212157,89,35
32,5032,763.509288702014,80,48
40,2351,488.979058679482,71,31
57,5114,1976.26913712519,83,26
67,2509,1315.40536782509,84,17
12,2157,149.246805842431,78,66
54,3133,1093.710287305,83,29
70,3825,2171.89680650887,78,8
61,8685,3817.2377847641,68,7
96,1821,1645.45787155745,99,3
65,4134,2048.53906280529,82,17
41,2399,518.683218390115,80,39
50,1901,576.088082922897,81,31
53,5021,1692.9257863381,80,27
98,3531,3310.81254132395,98,0
4,8701,455.809016249058,74,70
53,1183,398.870982919334,67,14
77,4392,2933.63453870264,77,0
21,3968,388.731829894061,44,23
71,3685,2145.95715449851,87,16
73,2171,1327.11101811724,82,9
1,5717,276.89019850858,85,84
68,2356,1269.30534743456,76,8
4,5684,297.760998547253,74,70
39,1472,294.465744349592,66,27
13,1921,138.029994339818,86,73
15,5683,440.727626537187,84,69
70,9686,5499.86731185489,85,15
73,2127,1300.21424944052,94,21
0,7868,508.525938424882,87,87
34,6200,1018.56126618603,92,58
82,5177,3802.48471174359,83,1
22,5026,512.215223220643,38,16
18,6557,571.060088810849,89,71
37,4930,911.868935402808,86,49
46,9125,2386.68088022146,55,9
80,6498,4604.48013623865,82,2
31,7169,1045.28464987397,73,42
35,6472,1106.21400211864,70,35
88,8101,6524.78377519443,91,3
82,9019,6624.41754205437,84,2
22,5793,590.382568268441,48,26
29,1319,177.579024798116,83,54
82,3091,2270.32649101786,91,9
91,7034,5893.71351364578,92,1
78,5380,3667.62791022026,81,3
36,4096,728.337017353892,87,51
60,3172,1351.06951547624,69,9
53,5485,1849.37222427096,60,7
64,6019,2897.0394832277,80,16
0,5859,378.679902545931,63,63
1,8995,435.652848624221,73,72
85,5030,3879.34262141646,92,7
45,7887,1986.831670857,70,25
87,4339,3446.44661531036,91,4
38,7091,1364.09592088757,82,44
34,3262,535.894653274003,49,15
2,7150,354.503382371737,89,87
26,7285,870.18162198385,69,43
44,2402,582.628204793598,84,40
0,3855,249.157027532781,75,75
50,3407,1032.47348685866,79,29
5,1465,79.1412201840012,77,72
13,5184,372.486981081528,80,67
64,3050,1468.01302938104,83,19
87,6121,4861.88055596099,87,0
17,9633,806.960628230508,69,52
96,4427,4000.24272234202,99,3
26,9428,1126.15955141575,81,55
95,6452,5719.40357625021,97,2
26,8752,1045.41243041903,71,45
89,8081,6596.94130481906,93,4
10,8127,522.015702821873,69,59
4,8128,425.791941624221,65,61
79,7870,5471.78618540229,79,0
91,2220,1860.11430200364,97,6
10,9704,623.310001253039,90,80
95,5283,4683.13842116086,96,1
70,5629,3196.23715655907,91,21
96,3781,3416.5163165067,96,0
42,2546,572.106901188732,74,32
73,9193,5619.59078284281,82,9
71,4845,2821.48233746141,78,7
26,2085,249.049922009105,67,41
45,2755,694.018163206674,85,40
64,6794,3270.05918741468,75,11
59,7539,3110.23851987193,71,12
11,4522,301.393667409371,80,69
52,1689,549.791994765171,86,34
8,2950,176.289788546037,66,58
56,8049,3008.21873021664,80,24
90,9629,7964.4754746356,93,3
69,9330,5162.08113555692,76,7
68,3079,1658.82477281452,73,5
12,5089,352.11729018643,77,65
27,7038,874.884436376881,45,18
43,2360,551.038001152873,61,18
47,2752,747.145750237325,76,29
56,5100,1906.06479365199,88,32
74,1067,667.563387480131,85,11
3,9005,458.372730206793,82,79
14,1856,138.533373970179,69,55
74,6803,4256.26403470228,82,8
35,5851,1000.07078590793,91,56
81,1879,1356.03771311396,82,1
36,6595,1172.7008372678,58,22
53,2180,735.028523046618,73,20
53,1571,529.692573259742,63,10
79,2702,1878.62341460699,95,16
84,1927,1463.14121843712,89,5
47,6997,1899.628929655,61,14
79,4198,2918.7494798372,90,11
33,2079,328.244361963227,87,54
54,6880,2401.76405255615,69,15
43,5880,1372.92518931309,80,37
95,7522,6667.90974900094,96,1
74,7091,4436.44984125736,74,0
17,2269,190.075123580922,69,52
73,9727,5946.01974814664,90,17
5,1334,72.064428481541,45,40
22,4236,431.703876952377,90,68
16,9646,777.39885366388,71,55
63,6119,2858.97044183574,81,18
94,7520,6560.72798864488,95,1
57,3235,1250.1428741885,61,4
38,2977,572.685595329613,66,28
90,6261,5178.68739710182,97,7
66,6588,3358.96661820027,67,1
19,4663,422.300301782974,70,51
55,3885,1403.5932518879,68,13
61,7952,3495.06906902062,78,17
7,2837,163.724894631456,88,81
20,2191,206.362455861089,75,55
0,5253,339.512805610817,71,71
44,5808,1408.78626704464,71,27
99,8565,8157.14285714286,99,0
37,4750,878.575546280596,71,34
72,4625,2760.42413814115,96,24
0,8886,574.321490702021,65,65
48,3814,1074.47762672754,92,44
45,2977,749.942675813527,83,38
21,2827,276.951835461318,90,69
49,3161,923.765078953021,71,22
8,7492,447.71630365658,76,68
6,1759,98.1469640421349,31,25
80,3172,2247.67789968436,83,3
92,3488,2960.60694220853,94,2
8,8613,514.706423304074,47,39
70,6128,3479.57741968271,78,8
38,5067,974.738969276167,77,39
94,4298,3749.73522542496,96,2
7,4083,235.632268163636,73,66
48,1962,552.733377986218,68,20
81,4392,3169.62088131801,81,0
95,2497,2213.47655454073,95,0
45,6663,1678.49111486246,54,9
22,8445,860.656100298116,68,46
9,8544,529.139642983781,73,64
7,4496,259.466734671493,7,0
96,5350,4834.26667371353,96,0
4,9401,492.479089961774,74,70
46,1790,468.181783627004,74,28
42,5740,1289.82467117962,70,28
33,7484,1181.61654878922,87,54
95,5621,4982.75999722604,96,1
45,6697,1687.05613030675,74,29
65,3913,1939.02596825281,71,6
15,5768,447.319540712035,51,36
42,3271,735.020296067691,64,22
11,5136,342.317088857702,60,49
74,3118,1950.76161402348,76,2
22,9587,977.040856549205,85,63
55,2926,1057.12068340386,73,18
35,1149,196.390588447823,65,30
97,9032,8320.29506500199,97,0
88,8997,7246.44854035604,93,5
77,7082,4730.41889870038,96,19
95,2420,2145.21956827736,96,1
76,1052,688.008496792275,83,7
41,1785,385.931448447834,83,42
97,5913,5447.06651011479,99,2
17,2518,210.933962616466,90,73
61,2494,1096.16477089253,79,18
17,5956,498.936728095184,75,58
16,1618,130.399268632403,69,53
3,2762,140.591391541495,68,65
54,4782,1669.36565397144,91,37
87,5511,4377.36052016027,93,6
28,3692,477.619809499014,86,58
94,9243,8063.93734029848,98,4
90,5932,4906.56023632136,92,2
11,4314,287.530358514822,38,27
53,3000,1011.50714180727,81,28
74,9084,5683.36064842503,77,3
90,8001,6617.9009525973,90,0
24,8359,922.101392228908,72,48
45,3829,964.571886358749,65,20
57,6465,2498.35353373374,87,30
53,9347,3151.51908482419,76,23
74,3639,2276.72274324292,84,10
90,5480,4532.69556558345,92,2
41,3681,795.861995370576,66,25
40,1348,280.367405827283,90,50
66,3072,1566.29408790395,76,10
12,3286,227.364396846651,74,62
4,3106,162.710355645279,75,71
64,7947,3825.01624409545,82,18
24,1726,190.399210789221,57,33
55,1753,633.333068355082,70,15
63,8271,3864.44591018523,68,5
22,6236,635.530070036596,89,67
96,1279,1155.70599545413,96,0
34,3802,624.608053877302,64,30
45,2236,563.275721571732,70,25
4,2725,142.751358381644,61,57
77,2410,1609.75847865969,94,17
67,3829,2007.44804838671,78,11
52,4334,1410.77472191371,88,36
69,8000,4426.22176682265,89,20
78,5431,3702.3953866926,81,3
17,9728,814.918819830415,78,61
16,3460,278.851340833198,78,62
19,6251,566.116059713783,67,48
86,6729,5268.18501423218,86,0
29,3474,467.710031955007,73,44
0,7121,460.245705074172,64,64
7,3682,212.490328527677,62,55
98,1908,1789.02020074939,98,0
45,7309,1841.22640830402,76,31
46,6353,1661.65300077227,63,17
34,2087,342.860864924232,88,54
20,2220,209.093862168698,85,65
43,4511,1053.27645050873,75,32
19,2066,187.105387836934,69,50
38,9614,1849.44552015415,69,31
71,8502,4951.1337116815,75,4
52,4590,1494.10613142222,57,5
19,6986,632.680658000398,78,59
38,4886,939.919992872183,57,19
60,5167,2200.81216471178,67,7
62,8743,3963.12031728211,65,3
33,8287,1308.3987626692,81,48
65,6146,3045.55420416094,88,23
35,4416,754.796204165002,80,45
31,3009,438.730856670493,84,53
77,7732,5164.58612323516,78,1
65,8177,4051.98449844191,89,24
3,6606,336.25877354204,85,82
67,3150,1651.46548770388,82,15
9,7003,433.703759341692,53,44
84,4901,3721.25330127676,91,7
90,8591,7105.91014670209,98,8
70,9494,5390.84660941052,87,17
38,5087,978.586369983789,72,34
32,7657,1161.80258815408,85,53
18,7588,660.851601936362,73,55
71,8012,4665.78255680924,74,3
12,2405,166.406382962932,87,75
87,4221,3352.71978871285,96,9
79,3538,2459.87033341211,84,5
6,8358,466.351521014306,78,72
16,8388,676.013019337821,83,67
80,1457,1032.42960272387,81,1
37,4033,745.956879610451,67,30
28,6052,782.923913079099,52,24
53,9747,3286.38670373183,74,21
79,8079,5617.09791510357,80,1
52,2035,662.419602929024,76,24
31,7481,1090.77618436423,75,44
8,3757,224.51550358219,62,54
3,5042,256.648007296241,66,63
77,6408,4280.22088433664,79,2
24,4517,498.281132754872,82,58
68,6678,3597.80182944313,81,13
19,7722,699.335820366315,31,12
77,6156,4111.89759113239,81,4
98,3625,3398.95085310091,98,0
2,1544,76.5528982352395,86,84
78,4251,2897.97142125396,94,16
15,1422,110.278846548633,52,37
44,7401,1795.18374008219,82,38
6,8017,447.324736057871,90,84
15,5536,429.327492611273,83,68
84,4377,3323.38822682889,95,11
18,2629,228.964003886491,88,70
49,1990,581.554099056157,82,33
91,6096,5107.77332658298,91,0
41,2255,487.549252801046,83,42
91,5120,4289.99334516155,98,7
49,3329,972.861103395953,55,6
60,5589,2380.55722635458,79,19
47,5053,1371.84864678387,77,30
65,5155,2554.47964895048,95,30
6,9096,507.529724233803,60,54
90,9703,8025.68340745552,94,4
19,6906,625.435531656277,88,69
46,1342,351.005560685721,87,41
30,5293,741.590164745269,87,57
89,8976,7327.57643262664,89,0
19,1761,159.483343649972,78,59
58,8776,3505.01620861059,61,3
96,8418,7606.51530080757,96,0
3,1588,80.8324148326915,83,80
65,9791,4851.77696273019,70,5
37,5801,1072.97194609973,89,52
85,4484,3458.24499292871,87,2
6,1027,57.3035429626336,69,63
62,6677,3026.62179554989,84,22
58,1914,764.425823072092,69,11
39,3188,637.742386539741,66,27
8,9330,557.553805808314,43,35
45,6111,1539.43557000217,74,29
32,4185,634.993317412148,88,56
22,6510,663.454258489134,61,39
61,6319,2777.33167091817,76,15
78,3580,2440.54050531385,79,1
45,1126,283.653158537464,45,0
76,3537,2313.19967029874,80,4
89,7438,6072.02690573496,94,5
32,2638,400.265799601732,86,54
69,3034,1678.64460506749,89,20
99,2869,2732.38095238095,99,0
20,2974,280.110426166535,39,19
12,8839,611.586702290794,66,54
64,7937,3820.20308662207,90,26
7,1750,100.993502151938,62,55
96,1594,1440.3403883924,96,0
45,6260,1576.97049062569,89,44
11,8395,559.531145046809,57,46
92,9922,8421.77238549113,97,5
19,6404,579.972363846916,71,52
22,3666,373.613411923374,89,67
97,4660,4292.80059819633,98,1
97,8806,8112.10344800792,98,1
22,9509,969.091635018921,62,40
52,1020,332.023584760494,83,31
67,6631,3476.46592030617,88,21
61,8509,3739.88213132501,76,15
45,2995,754.477095754623,61,16
81,7689,5549.00158389211,88,7
75,7892,5050.01712004832,75,0
33,9310,1469.91582966697,78,45
79,9947,6915.86495377338,89,10
58,3862,1542.43078824682,65,7
31,3267,476.348856345132,84,53
17,9852,825.30635412924,53,36
9,9299,575.897652165986,38,29
46,8649,2262.18114334635,92,46
3,8224,418.618249108347,70,67
67,9641,5054.53294188987,81,14
96,2943,2659.29847116615,96,0
2,4344,215.37939762557,75,73
37,6620,1224.4568666058,67,30
16,2268,182.784636129969,74,58
97,2021,1861.74892896025,97,0
95,3347,2966.96276653897,95,0
37,4330,800.890971662101,84,47
1,5189,251.317691107402,80,79
1,8813,426.838082815482,48,47
90,1774,1467.33611922355,98,8
50,9483,2873.77342996204,68,18
13,3249,233.451041962555,78,65
25,3342,383.606370204785,81,56
22,9050,922.313523706092,68,46
84,3353,2545.88090577045,88,4
0,3462,223.756583480801,81,81
76,6756,4418.42719042644,83,7
46,4816,1259.6443966188,82,36
83,7844,5859.73903809191,87,4
92,1089,924.340871578295,92,0
64,5998,2886.9318525336,78,14
12,5581,386.159677054522,65,53
8,8999,537.773493940945,44,36
34,1631,267.947326637002,84,50
49,4781,1397.19102893844,75,26
14,6775,505.69159948705,77,63
38,5893,1133.63661850098,43,5
7,3242,187.097676558047,63,56
88,9149,7368.87381301738,94,6
75,5697,3645.45711263498,79,4
27,3111,386.724279847752,87,60
20,3066,288.775577211364,62,42
39,7740,1548.34569379473,73,34
77,8867,5922.70889223049,80,3
96,1867,1687.02352893891,98,2
71,7372,4293.07900758834,75,4
96,1707,1542.44732935121,96,0
69,5361,2966.12186149203,72,3
65,2436,1207.12171189978,81,16
87,4489,3565.5908864089,90,3
3,7966,405.485526799257,69,66
43,4406,1028.759929271,69,26
52,3787,1232.71893675293,80,28
86,1383,1082.76116431611,94,8
16,8928,719.533170797338,89,73
56,9016,3369.62356462085,69,13
17,5205,436.025129236977,85,68
13,7755,557.221554453559,82,69
50,7209,2184.64965270445,80,30
17,4499,376.883200083988,85,68
51,4779,1501.25916970821,75,24
24,4952,546.267028869189,88,64
49,1813,529.82793044664,75,26
28,6056,783.441377661438,70,42
62,6029,2732.88944217018,83,21
75,5489,3512.3598545293,82,7
69,5761,3187.43294983316,95,26
85,2004,1545.56711994405,98,13
24,5183,571.749194391964,64,40
16,1387,111.782314952499,72,56
99,1243,1183.80952380952,99,0
58,4483,1790.4498248862,90,32
43,7543,1761.2201875831,85,42
5,1547,83.570967661877,75,70
34,1640,269.425883313723,73,39
27,2849,354.155407677996,53,26
51,2910,914.137724178885,78,27
45,5525,1391.81500969759,91,46
25,2079,238.634842506208,52,27
62,4844,2195.7399996471,75,13
2,1078,53.4482022652773,66,64
76,7388,4831.75548887959,82,6
35,9722,1661.71392592666,84,49
7,2298,132.618895968659,79,72
42,3422,768.951223828688,87,45
85,2529,1950.46868579766,89,4
0,9969,644.318134234577,30,30
99,6649,6332.38095238095,99,0
1,1839,89.0678808916001,24,23
38,7746,1490.0982940622,63,25
70,3840,2180.41404888734,77,7
57,1428,551.840502114739,94,37
51,5398,1695.70977151808,77,26
13,9236,663.636141448494,83,70
72,1307,780.080940227132,85,13
72,7375,4401.75740946832,80,8
84,5620,4267.17885190276,91,7
93,8617,7411.94870168184,93,0
3,9032,459.747084867046,23,20
64,1831,881.289133375962,85,21
75,6172,3949.40517802055,81,6
18,5845,509.050818834744,80,62
93,6649,5719.16524515291,95,2
92,5461,4635.28512368142,94,2
78,5781,3940.99571542441,88,10
20,1774,167.086716886158,86,66
59,5528,2280.59404932378,88,29
53,5976,2014.92222648009,90,37
19,1978,179.135748858401,77,58
10,9799,629.412067423592,84,74
50,5563,1685.83798279857,72,22
49,4678,1367.09049014307,87,38
27,4679,581.640278176673,77,50
90,3814,3154.6899429079,97,7
42,3739,840.183701313695,62,20
51,3826,1201.8869184565,72,21
20,1757,165.485547671353,65,45
18,6856,597.100498533961,87,69
18,1841,160.335766890464,66,48
37,1671,309.073629017869,86,49
29,9867,1328.40958126081,76,47
25,2976,341.595618710186,88,63
27,9078,1128.47412808032,86,59
83,5166,3859.1805036694,88,5
0,3729,241.013373714589,71,71
53,3417,1152.10663451848,81,28
41,5278,1141.14632207713,65,24
57,6820,2635.54077340513,75,18
56,6777,2532.82374638814,80,24
75,5071,3244.88555698999,78,3
15,3159,244.986551509937,27,12
90,2056,1700.58797132109,91,1
83,8969,6700.15291084221,84,1
80,4514,3198.61854955082,87,7
87,4895,3888.07471351561,94,7
50,6508,1972.21527809691,75,25
30,1949,273.069947305598,70,40
84,7246,5501.77543788031,85,1
62,3418,1549.34750594421,86,24
73,5157,3152.42354695098,82,9
98,8218,7705.53878918159,98,0
92,6721,5704.77042963978,94,2
4,3004,157.367002047141,84,80
37,5555,1027.47098096604,88,51
1,9675,468.587138459071,79,78
52,4977,1620.07978564017,89,37
55,3549,1282.20140307598,87,32
59,1433,591.188725159367,64,5
31,5066,738.654210665576,69,38
9,4454,275.841288606011,84,75
1,1686,81.657665678759,67,66
37,9915,1833.91085081518,71,34
18,7638,665.2061855021,85,67
59,7093,2926.23979592142,88,29
47,3498,949.678718869972,74,27
67,4437,2326.20710125146,75,8
81,8837,6377.49083064827,83,2
83,5840,4362.68179276603,84,1
67,3985,2089.23491063491,78,11
58,2759,1101.90744297591,65,7
59,1233,508.678086616539,87,28
91,3834,3212.4676729198,93,2
44,6328,1534.91726891502,74,30
9,2913,180.405404963923,85,76
70,1133,643.335707653478,93,23
55,9794,3538.42787876193,55,0
9,6047,374.497591423563,56,47
51,3436,1079.37361521603,57,6
98,8636,8097.47298410467,99,1
23,8779,930.796459054343,73,50
40,4221,877.916038573413,73,33
40,7030,1462.15345917344,91,51
62,8916,4041.5396029838,75,13
80,4488,3180.19496020915,92,12
96,6507,5879.73331698204,97,1
87,2388,1896.77679588872,93,6
59,9119,3762.07256436027,67,8
28,8797,1138.03398270933,79,51
25,5483,629.357788100789,82,57
19,8412,761.825035084362,69,50
87,1476,1172.37962760961,91,4
44,6627,1607.4425949905,77,33
55,2877,1039.41770545212,90,35
5,8887,480.08738824247,78,73
76,9740,6369.96459957867,94,18
89,1223,998.398615987342,99,10
45,1025,258.210024423536,81,36
86,6862,5372.31172056193,86,0
34,1943,319.203958096685,88,54
19,1160,105.05433198976,75,56
39,6595,1319.29455433801,85,46
50,7089,2148.28428187292,79,29
37,1139,210.673167834442,56,19
73,3482,2128.51246664404,84,11
70,3504,1989.6278196097,78,8
81,6995,5048.15529709004,84,3
50,9033,2737.40328934378,58,8
97,8163,7519.77066160443,99,2
14,6546,488.598850220255,65,51
72,8724,5206.90598511209,74,2
36,8653,1538.64751249102,68,32
25,2676,307.160576501498,88,63
44,1465,355.349841807919,86,42
9,4203,260.296572970603,71,62
38,7627,1467.20625985185,63,25
43,6271,1464.22004458884,79,36
22,3123,318.274600501008,80,58
91,1870,1566.85303817424,98,7
40,3008,625.626970866815,81,41
41,6170,1334.00394225386,65,24
48,5259,1481.56209726275,85,37
56,1726,645.072124283006,81,25
10,9245,593.82738680795,86,76
48,3807,1072.50559123014,65,17
92,1885,1599.98396962818,92,0
25,1012,116.160875717308,77,52
36,3214,571.502727972512,65,29
14,2612,194.96183879855,50,36
5,3614,195.233016890771,20,15
8,4804,287.083438703445,79,71
38,3876,745.626257137245,79,41
82,2059,1512.32683435968,93,11
28,7573,979.689820513552,81,53
48,9772,2752.96155437376,57,9
58,5865,2342.40201270523,72,14
36,5940,1056.23092848685,79,43
4,1158,60.66277908475,83,79
61,1636,719.055960376979,89,28
45,6816,1717.03368436177,86,41
69,4418,2444.38097072781,83,14
74,4715,2949.9169371779,89,15
68,5741,3092.98896418584,90,22
87,2980,2366.99951915761,90,3
35,5884,1005.71124667275,80,45
23,9472,1004.27201961075,69,46
98,4268,4001.85441131991,98,0
94,3922,3421.69882599271,94,0
52,4024,1309.86559321199,76,24
29,5552,747.4744091578,89,60
20,6764,637.076974643728,70,50
4,8797,460.838054929659,81,77
4,6107,319.920200233651,28,24
19,5331,482.797106756388,88,69
90,6793,5618.72280602343,93,3
22,2704,275.573013049865,66,44
49,9391,2744.40931871174,57,8
78,5360,3653.9936057213,85,7
57,8548,3303.3141541154,88,31
84,8743,6638.42432423235,84,0
23,4142,439.156957899885,48,25
12,2661,184.119494829257,75,63
65,9548,4731.36211215891,82,17
87,1243,987.308859836548,87,0
63,1005,469.564519373251,75,12
91,2558,2143.32089393032,92,1
11,5131,341.983836240045,76,65
11,3417,227.744838907081,71,60
20,6067,571.429036836708,77,57
58,6732,2688.67013632253,88,30
66,8568,4368.49210454461,76,10
14,5704,425.751274313525,40,26
28,1851,239.456735477431,74,46
10,1469,94.3572126793812,77,67
77,1629,1088.08985964176,83,6
19,4290,388.519900203508,76,57
16,7753,624.836544936353,72,56
93,1773,1525.05338842775,96,3
85,9262,7143.23486273543,97,12
6,1682,93.8505932455207,63,57
83,6202,4633.10830115324,89,6
45,5319,1339.92109259394,82,37
92,9428,8002.46624172651,94,2
39,8101,1620.56181723916,78,39
11,2259,150.563532657622,53,42
99,5894,5613.33333333333,99,0
0,5066,327.426589229849,82,82
18,7788,678.269936199313,77,59
28,9239,1195.2138190578,85,57
36,2421,430.494120852972,47,11
69,8975,4965.66754465416,83,14
7,1135,65.501499967114,76,69
0,2786,180.065234424469,46,46
83,6645,4964.04460837847,89,6
3,2981,151.738934896885,46,43
78,2205,1503.18207101035,84,6
79,9654,6712.150423618,96,17
30,6594,923.870309149878,48,18
81,2911,2100.81201856027,87,6
24,9477,1045.43066086295,90,66
81,9611,6936.07155973301,81,0
3,2408,122.572074884837,87,84
93,3976,3419.97308087351,96,3
43,3859,901.040528156329,66,23
18,9274,807.688159773039,70,52
85,2958,2281.33110818089,94,9
48,4109,1157.58483697521,91,43
57,9922,3834.28673808294,66,9
64,3584,1725.03563845956,81,17
18,5333,464.459883121589,59,41
10,7941,510.068499582686,84,74
71,1858,1082.00499133195,72,1
39,8647,1729.78620339057,39,0
13,4716,338.859684178334,80,67
38,8431,1621.87176829828,92,54
70,6221,3532.3843224292,79,9
64,1813,872.625449923877,76,12
31,9247,1348.26993407513,70,39
74,2300,1438.9838717941,79,5
37,3548,656.24969225338,83,46
62,9858,4468.53941298949,72,10
99,2919,2780,99,0
60,6390,2721.73209454388,86,26
32,7554,1146.17431773748,78,46
87,5163,4100.94581121166,87,0
13,2112,151.753955255437,80,67
18,3353,292.018373918374,83,65
45,5303,1335.89049709074,66,21
10,3160,202.973990515211,73,63
14,5520,412.017362238895,78,64
79,1956,1359.95092485983,88,9
54,7686,2683.13350406201,67,13
44,4842,1174.47367510849,74,30
93,5927,5098.1339160808,96,3
78,4608,3141.3437565604,83,5
96,4431,4003.85712733171,97,1
87,6559,5209.78182756872,92,5
56,4302,1607.82171417468,75,19
22,3929,400.416556313949,81,59
68,3628,1954.60093399516,87,19
12,8973,620.858409283324,63,51
89,2955,2412.32044991218,95,6
84,1988,1509.45757252361,93,9
17,1084,90.8071546768266,83,66
10,9837,631.852893891813,59,49
6,4557,254.267035326895,81,75
16,4776,384.911561797501,60,44
0,7293,471.362438857736,82,82
59,7278,3002.56213657353,92,33
37,7635,1412.19458860049,80,43
79,2394,1664.47981294194,91,12
3,1103,56.1449329725811,70,67
94,8278,7222.03541090456,96,2
34,1526,250.697498741916,72,38
24,9404,1037.37785530813,62,38
88,8035,6471.62543311779,94,6
92,6366,5403.44718867532,94,2
87,2995,2378.91394626747,97,10
33,4405,695.486490835985,80,47
38,8085,1555.31173605641,49,11
14,2424,180.92936341795,76,62
3,9354,476.137536741182,75,72
35,4575,781.972969668226,73,38
64,4556,2192.87454487214,75,11
62,6696,3035.23431825701,82,20
15,2416,187.365466428619,74,59
49,7366,2152.62688122998,83,34
86,1630,1276.13933321422,93,7
82,4097,3009.22925710131,88,6
25,1318,151.28461877017,78,53
9,5135,318.01639357698,89,80
58,1475,589.095135335076,68,10
10,7404,475.575767650196,40,30
93,2214,1904.38138859506,94,1
68,9101,4903.20372113835,83,15
68,4819,2596.25741480779,72,4
61,1502,660.160178781309,75,14
85,6956,5364.75293729083,92,7
55,9682,3497.96392915796,66,11
55,1193,431.013320335204,59,4
54,1174,409.835900828623,91,37
64,4061,1954.6232499398,85,21
66,5898,3007.16228204997,78,12
85,6222,4798.6619861736,90,5
99,6910,6580.95238095238,99,0
85,4250,3277.77458071967,90,5
94,8964,7820.5273524219,94,0
58,5532,2209.40629740586,80,22
68,1190,641.117726420684,83,15
42,4497,1010.51246451128,81,39
75,8711,5574.08757383944,75,0
5,1252,67.6346810036652,78,73
8,3334,199.237340682199,57,49
7,8897,513.450964940452,79,72
98,7914,7420.49573832843,99,1
35,5048,862.819573963979,79,44
7,3495,201.698451440584,75,68
93,4162,3579.96176121618,93,0
34,3032,498.109315980005,88,54
8,8646,516.678478565775,68,60
65,3058,1515.34408661311,86,21
41,2200,475.657807610776,66,25
42,4465,1003.32180432352,52,10
74,3392,2122.18838831547,89,15
17,4623,387.270734382813,78,61
74,8439,5279.81951916104,83,9
12,1092,75.557492804791,77,65
62,1863,844.480515966668,81,19
94,7647,6671.52751717651,95,1
7,4956,286.013598094288,70,63
64,5284,2543.27240893423,87,23
91,2339,1959.82313170564,94,3
13,2476,177.908519513477,75,62
11,7973,531.404624116522,85,74
20,2941,277.002274161325,64,44
40,6162,1281.62014444193,77,37
97,3972,3659.01372876305,99,2
11,7234,482.149887226756,64,53
38,2803,539.213209173297,66,28
85,8286,6390.50357078663,94,9
10,9171,589.074198422467,90,80
91,1965,1646.45252407079,91,0
43,3399,793.63481606721,63,20
16,2343,188.829101610457,54,38
25,9167,1052.22010642348,85,60
3,2953,150.313678212178,82,79
17,5230,438.11939018432,59,42
36,4697,835.204826784968,75,39
59,5520,2277.29362378207,85,26
64,9404,4526.29328796698,83,19
23,6219,659.371588889276,87,64
17,2777,232.630506030948,60,43
56,4397,1643.32684268388,67,11
18,2257,196.565902157402,72,54
48,2400,676.126456252254,61,13
85,3881,2993.18662300542,86,1
42,2466,554.130250719329,92,50
52,5513,1794.55492429863,81,29
26,5034,601.30326493709,84,58
32,3692,560.190042505532,88,56
51,4005,1258.11738327712,54,3
18,1155,100.590880368542,78,60
40,2158,448.837434551392,89,49
83,8911,6656.82490673598,88,5
31,6985,1018.45630902074,84,53
70,6720,3815.72458555284,79,9
87,3884,3085.04232631146,91,4
79,6384,4438.61283451184,83,4
70,1421,806.866761320029,76,6
25,1387,159.204678478168,78,53
0,2276,147.102826112739,84,84
3,8062,410.372121146826,89,86
45,7471,1882.03618777389,74,29
23,8113,860.183582675462,62,39
97,8174,7529.9038819006,97,0
37,6525,1206.88535568019,85,48
38,4727,909.333157246584,79,41
58,5551,2216.99464152204,73,15
61,6212,2730.30294979327,73,12
74,4696,2938.02967910656,74,0
25,7607,873.157886938301,75,50
96,6711,6064.06797145635,97,1
13,5869,421.706422061629,61,48
11,9500,633.179973549098,88,77
13,8057,578.92122040391,73,60
87,1564,1242.27759998742,90,3
49,9685,2830.32736148687,87,38
53,1883,634.889316007698,60,7
24,6580,725.855623982081,59,35
29,6182,832.292290600417,73,44
3,3345,170.267271798081,78,75
60,4853,2067.06820889225,63,3
71,5819,3388.69055143198,95,24
35,9579,1637.27192927911,74,39
27,3385,420.784856086351,30,3
58,8423,3364.03276266261,70,12
9,6263,387.874717229333,83,74
41,9063,1959.49395926203,90,49
6,5072,283.002502343211,67,61
6,9640,537.883304926766,85,79
77,8291,5537.96993633506,77,0
11,7276,484.949209215078,46,35
86,3046,2384.73644722117,86,0
22,9714,989.983819810053,71,49
65,3562,1765.09340631651,73,8
35,6606,1129.11769128487,75,40
78,3653,2490.30571673505,85,7
30,5349,749.436197094737,83,53
20,4267,401.893472916142,84,64
84,2266,1720.53866163908,87,3
63,1278,597.11786642688,82,19
22,3198,325.918082741667,47,25
31,5787,843.780481074159,83,52
97,5495,5062.00413886027,98,1
40,1877,390.392893722411,60,20
6,7047,393.201623425199,65,59
80,5374,3808.01419700623,81,1
1,9876,478.322127072019,65,64
74,9066,5672.09903551534,78,4
92,7667,6507.73320697042,95,3
32,1664,252.480019157423,62,30
41,2111,456.415287211977,86,45
46,6304,1648.83685138806,86,40
23,6363,674.639237836061,32,9
83,2848,2127.554408527,88,5
87,3373,2679.15750943578,88,1
94,2856,2491.680736113,94,0
42,8592,1930.69226041382,84,42
29,2192,295.112374797172,80,51
62,5201,2357.56476840721,87,25
98,4916,4609.44617761215,99,1
35,4534,774.965124475571,59,24
66,4575,2332.61570708352,82,16
54,9781,3414.48462180985,75,21
52,5187,1688.43758250263,58,6
60,4451,1895.84187055005,83,23
81,5079,3665.41540442034,83,2
2,4286,212.503705852485,83,81
26,7424,886.78495011779,79,53
17,3531,295.793416202837,82,65
53,2588,872.593494332407,85,32
27,8526,1059.85574091351,89,62
67,6498,3406.737377492,76,9
32,2720,412.70772362271,77,45
60,5258,2239.57235572954,68,8
32,9513,1443.41491721428,79,47
75,6642,4250.15379008628,78,3
10,3396,218.132807528372,13,3
77,10000,6679.4957620734,90,13
79,5908,4107.66363193859,91,12
71,6416,3736.3530809396,77,6
27,3094,384.61103241689,88,61
92,6052,5136.9246600476,96,4
77,3077,2055.28084598999,87,10
32,2104,319.241562684626,53,21
89,9452,7716.16003132654,90,1
56,7167,2678.58164237329,83,27
8,8183,489.009945651601,70,62
63,9288,4339.61717008831,80,17
75,4205,2690.74024199229,93,18
40,5815,1209.44841608728,80,40
20,2744,258.447548554463,74,54
14,2800,208.99431417915,85,71
72,4361,2602.85614409374,82,10
93,7344,6316.97241094946,96,3
77,1279,854.307507969188,88,11
34,5601,920.155105146441,34,0
18,9791,852.714553842768,81,63
35,4348,743.173436528403,81,46
88,1632,1314.46082225865,91,3
16,3871,311.975011666274,24,8
52,2054,668.604355978485,69,17
23,7799,826.891625944278,56,33
41,2247,485.819588046097,89,48
68,4530,2440.5573955342,88,20
36,5081,903.486422161896,92,56
84,4205,3192.79129399486,89,5
47,9692,2631.29964073407,84,37
51,9770,3069.11531451124,76,25
27,7448,925.850992062377,52,25
33,9657,1524.70216617551,89,56
9,4696,290.828623999513,78,69
99,6960,6628.57142857143,99,0
96,8098,7317.36290163218,99,3
51,8153,2561.15631107575,82,31
38,5641,1085.15936958493,77,39
53,1199,404.26568767564,88,35
65,1789,886.510978074182,70,5
97,6628,6105.72582936594,97,0
89,4566,3727.46367996583,90,1
42,2036,457.505754446291,80,38
48,5113,1440.43107117407,56,8
11,3273,218.147163518547,89,78
7,8392,484.307125748036,32,25
11,5807,387.039590147328,85,74
6,1981,110.533903221984,89,83
48,5556,1565.23274622397,65,17
36,3836,682.104687150764,62,26
73,4683,2862.67199347905,87,14
44,7403,1795.66885932015,61,17
99,1119,1065.71428571429,99,0
60,4593,1956.32480598436,79,19
36,6764,1202.75185189984,76,40
58,5125,2046.85597870662,79,21
25,2432,279.153408838431,78,53
57,2415,933.259672694044,59,2
47,6696,1817.90986322279,59,12
53,2149,724.576282581276,67,14
1,3371,163.266898578349,79,78
81,6501,4691.64511599462,87,6
67,5955,3122.05618389733,72,5
61,3982,1750.17165905937,82,21
49,1593,465.535517485657,59,10
53,1021,344.249597261742,93,40
9,3768,233.356527945094,88,79
8,7844,468.751559781395,72,64
71,7098,4133.51530057813,86,15
60,6109,2602.04403217036,83,23
1,8370,405.382361643661,47,46
81,9403,6785.96200979809,90,9
40,3756,781.201762824387,87,47
17,5967,499.858202912015,84,67
27,8977,1115.91895216756,76,49
19,2353,213.09727859647,74,55
25,7879,904.378991874178,85,60
75,7010,4485.6335544271,81,6
11,8341,555.932016776108,76,65
51,3459,1086.59875874047,85,34
42,6776,1522.62229475838,79,37
47,2207,599.182656531169,77,30
55,6837,2470.10735216412,84,29
28,8711,1126.90849418903,91,63
57,6374,2463.18722722643,86,29
64,7583,3649.8173120644,84,20
19,4138,374.754160149678,58,39
43,4048,945.17026638425,79,36
31,6322,921.786798228933,73,42
96,5396,4875.83233109499,99,3
53,2642,890.800622884938,80,27
92,9713,8244.37363235994,99,7
88,5061,4076.27832196753,93,5
62,8200,3716.98348412597,91,29
13,4610,331.243245136158,77,64
26,7028,839.483382196637,78,52
60,1823,776.481628850313,71,11
70,3069,1742.62779063418,83,13
26,7284,870.062173580009,80,54
58,5669,2264.12225234884,79,21
73,1970,1204.2416884804,89,16
49,3817,1115.47336487304,75,26
81,4124,2976.2104996711,81,0
84,3348,2542.08448330435,87,3
79,2765,1922.42551494756,89,10
14,8351,623.325542039314,83,69
31,1197,174.530021746288,74,43
45,4962,1249.98843042886,81,36
29,3377,454.650770844,80,51
69,5839,3230.58861205968,72,3
18,3864,336.522217960214,86,68
65,7853,3891.43136434687,85,20
21,6829,669.014532849431,58,37
46,9331,2440.56101844893,72,26
69,4429,2450.46702565719,83,14
71,1099,640.001875927778,81,10
38,5200,1000.32418398186,49,11
4,6902,361.566926807378,61,57
20,6499,612.117572177644,64,44
93,9366,8056.20419402949,93,0
9,2852,176.627605546552,86,77
30,8608,1206.04725828968,69,39
60,1951,831.001457974197,83,23
66,6353,3239.14919936647,90,24
26,6003,717.048768259307,82,56
22,4460,454.532410577809,73,51
47,4608,1251.03474458343,76,29
42,4447,999.277057967907,68,26
24,5394,595.02511181753,75,51
69,5740,3175.81411769525,85,16
94,6452,5628.9650243001,94,0
61,1000,439.520758176637,66,5
31,1233,179.779044956703,76,45
75,5408,3460.52871074776,81,6
12,9837,680.640161832169,83,71
71,1376,801.312630824953,82,11
13,4711,338.500418185779,78,65
4,7155,374.820539163546,62,58
51,4070,1278.53626715054,52,1
82,3267,2399.5977502929,85,3
3,6942,353.361853758529,75,72
1,1738,84.1761701955416,68,67
33,4511,712.222374610926,66,33
52,2338,761.050138401995,71,19
45,1921,483.923372602548,56,11
27,2029,252.222296307004,73,46
21,9912,971.04584120714,64,43
40,5124,1065.72892244733,91,51
95,5686,5040.37953108473,99,4
89,2767,2258.84625546768,95,6
14,9927,740.959484591578,77,63
75,1946,1245.2272320849,86,11
10,3176,204.001706922883,76,66
81,9919,7158.34916252124,92,11
84,5389,4091.78413396867,84,0
12,4705,325.547622386943,78,66
31,4729,689.517521168084,89,58
29,4220,568.145174107694,64,35
93,9454,8131.89776322388,93,0
92,3504,2974.18770799848,92,0
38,1836,353.191384959748,83,45
22,8295,845.3691358168,61,39
45,3744,943.159347748017,61,16
85,6829,5266.80532040815,88,3
6,8846,493.58046840064,78,72
41,9941,2149.3246661176,72,31
73,1242,759.222424920132,91,18
14,7720,576.227180522513,64,50
87,2778,2206.55190074491,92,5
81,3135,2262.46845695172,81,0
85,7116,5488.15150974145,88,3
47,9607,2608.22282795421,55,8
28,2476,320.31057646792,82,54
88,6639,5347.24595525439,91,3
0,4055,262.083462164832,83,83
50,6219,1884.63534334429,61,11
15,6997,542.630864487189,73,58
22,7128,726.436552152158,79,57
9,1368,84.7217967698751,72,63
34,2331,382.946179270908,89,55
74,5251,3285.26274382209,89,15
18,5320,463.327691394497,89,71
87,5811,4615.64906235734,92,5
62,2916,1321.7955902087,64,2
35,5567,951.528638719784,82,47
19,6499,588.57595138056,58,39
29,4174,561.952122446804,61,32
17,4574,383.165982926019,51,34
10,3984,255.901385510316,55,45
47,4403,1195.37890199671,83,36
83,3193,2385.28132950376,89,6
60,9252,3940.76139886072,92,32
10,9564,614.31748268591,85,75
81,8590,6199.23574010056,84,3
39,1092,218.448772302822,67,28
91,9262,7760.53093025123,94,3
53,9214,3106.6756015374,67,14
48,8398,2365.87915816935,78,30
20,3386,318.915233019465,82,62
17,6402,536.298343395797,63,46
57,9330,3605.51252432109,69,12
54,7880,2750.85766484629,77,23
47,6490,1761.98252872102,59,12
2,8724,432.543707386159,35,33
16,4385,353.399748425888,90,74
6,2449,136.646910141665,63,57
3,7055,359.113782521813,82,79
59,7768,3204.71320100346,94,35
82,8644,6348.98162030358,84,2
66,5046,2572.76040610786,73,7
19,2048,185.475234409507,90,71
1,3914,189.56589766706,75,74
12,4814,333.089533298776,81,69
57,3675,1420.17776279528,78,21
62,5323,2412.86623000031,84,22
92,7428,6304.87051798308,93,1
67,1181,619.168489199454,70,3
89,8883,7251.6556875025,93,4
27,4457,554.043752903063,89,62
25,2643,303.372721858542,91,66
12,3541,245.008316869748,80,68
63,7907,3694.37478078039,85,22
21,4423,433.306674299756,66,45
34,1472,241.826158681586,69,35
94,7813,6816.35209777692,94,0
73,8845,5406.86179421785,86,13
24,3827,422.165573401128,87,63
86,2808,2198.40444642056,90,4
66,8243,4202.78716360426,78,12
56,9270,3464.55306610861,73,17
45,1332,335.547075641121,68,23
93,6939,5968.60996181621,95,2
66,3317,1691.21012030515,91,25
42,1336,300.21006283902,82,40
51,1043,327.644551999511,78,27
69,6005,3322.43271372125,87,18
74,4279,2677.13564669867,77,3
59,1530,631.206384852639,85,26
35,3670,627.287606269375,88,53
17,7807,653.995808636518,77,60
11,4339,289.196621603109,83,72
81,2507,1809.25308503284,84,3
29,5127,690.255997073494,86,57
78,8939,6093.8523958102,87,9
84,3032,2302.15058344647,95,11
96,2640,2385.50729319696,97,1
35,8476,1448.74380129134,73,38
79,5893,4097.23456042893,79,0
39,7533,1506.93644849557,87,48
82,5670,4164.59113687197,97,15
66,6787,3460.42902819145,66,0
33,3999,631.384898264042,89,56
12,6674,461.786361702541,65,53
34,6317,1037.78250298341,78,44
19,5812,526.358428900417,80,61
71,2031,1182.75141948073,88,17
69,7238,4004.62414353279,75,6
40,1581,328.828537546687,69,29
41,5207,1125.79554737696,89,48
66,2624,1337.87620008463,68,2
30,8871,1242.89558878807,43,13
53,7203,2428.62864747926,76,23
16,1745,140.634563512697,43,27
17,1164,97.5087897083267,67,50
34,8047,1321.99395306435,69,35
75,1288,824.179175192883,76,1
60,1316,560.53199317993,72,12
20,6240,587.723288257963,53,33
14,8804,657.13783644044,65,51
15,1695,131.450523839615,58,43
62,1317,596.983810804134,69,7
70,4950,2810.68998489384,73,3
17,9617,805.620301224208,79,62
93,4834,4157.98538051875,96,3
6,6475,361.285726078922,81,75
56,9410,3516.87641338534,88,32
28,7830,1012.93691992884,88,60
21,9762,956.350837556911,45,24
14,8060,601.605061529981,78,64
3,4510,229.5681302868,58,55
30,5487,768.771062527355,78,48
72,5296,3160.90945634498,81,9
22,2169,221.049506399836,74,52
88,9903,7976.16759977168,91,3
19,6101,552.531447818556,84,65
5,9436,509.745087819956,81,76
66,4342,2213.8180109632,66,0
98,4288,4020.60724361288,98,0
53,8845,2982.26022309511,89,36
32,8157,1237.6679785259,83,51
16,6948,559.959282112444,66,50
16,8503,685.281199741237,79,63
67,6713,3519.45645046227,74,7
22,2118,215.851938476188,72,50
45,7310,1841.47832052297,77,32
42,6409,1440.15441073,80,38
39,3711,742.36574543569,81,42
63,9350,4368.58532949243,72,9
29,9016,1213.83812553435,73,44
77,4628,3091.27063868757,78,1
45,1809,455.709204080172,78,33
34,3496,574.337126868766,89,55
57,2012,777.523172447377,74,17
94,2067,1803.32775964481,96,2
97,5191,4781.95877794789,98,1
79,3708,2578.06647718827,82,3
10,5361,344.349228845584,79,69
43,6442,1504.14695060458,51,8
12,7573,523.989828764361,82,70
78,3273,2231.25393125481,78,0
11,4415,294.262061391502,85,74
46,7266,1900.45186582895,86,40
73,1560,953.612707629151,79,6
69,2556,1414.17785449984,83,14
0,8774,567.082687308073,80,80
59,6959,2870.95766809772,82,23
40,9572,1990.85816660145,92,52
18,9279,808.123618129613,78,60
52,5245,1707.3173549694,83,31
80,9098,6446.83907040616,83,3
87,3996,3174.00338206504,90,3
14,6051,451.651641106441,83,69
6,5164,288.135828489815,62,56
71,4175,2431.30830937077,89,18
33,5945,938.630462660598,89,56
9,7093,439.277561760763,42,33
12,3784,261.821934774111,85,73
83,5023,3752.35456251092,88,5
62,8385,3800.8422578532,80,18
92,8440,7163.85395419725,95,3
76,1539,1006.50672677121,77,1
22,2242,228.48916244741,82,60
75,3415,2185.22661745629,75,0
39,5177,1035.6312218056,58,19
1,7027,340.337139219834,50,49
39,6292,1258.68102136388,81,42
62,7837,3552.43897135307,83,21
23,8118,860.713709375003,54,31
21,6276,614.838952725586,82,61
67,6322,3314.46502008378,71,4
77,2423,1618.44182315039,95,18
43,9155,2137.60716125193,77,34
79,2191,1523.33971184452,87,8
30,1880,263.402514589289,58,28
12,8094,560.038779086061,63,51
34,9550,1568.91291807686,75,41
58,2463,983.689029376469,66,8
0,4241,274.105046372639,82,82
84,7809,5929.25260756381,91,7
41,1311,283.448811717149,73,32
15,1887,146.340494681624,57,42
47,8632,2343.51821077347,73,26
90,3937,3256.42745286534,92,2
58,2286,912.99761313626,77,19
56,7666,2865.07700159532,86,30
19,9484,858.909728095588,84,65
12,3422,236.774487525636,48,36
20,1948,183.475154731813,75,55
78,2473,1685.88175129641,90,12
96,7385,6673.09521221952,97,1
46,4204,1099.5733063508,92,46
92,6367,5404.29598653719,92,0
4,7215,377.963688338921,71,67
19,5330,482.706542677086,83,64
75,7710,4933.55701920584,78,3
47,8428,2288.13386010181,88,41
80,3235,2292.31967385842,85,5
55,4542,1640.95767054694,87,32
9,8507,526.848190878163,65,56
21,7646,749.053319397679,83,62
15,8110,628.946164211963,89,74
81,8977,6478.52610464293,83,2
23,8989,953.061780435071,85,62
54,3541,1236.14048111938,73,19
12,3877,268.256776194299,67,55
10,3388,217.618949324536,69,59
42,5841,1312.52019239724,91,49
71,9974,5808.35187488959,78,7
78,6795,4632.25495352168,87,9
53,2638,889.451946695862,73,20
23,9799,1038.94230576074,59,36
44,1745,423.266535122743,75,31
93,8124,6987.89268335422,94,1
42,2558,574.803398759142,83,41
99,1268,1207.61904761905,99,0
9,6217,385.025884881808,79,70
86,2430,1902.46538632549,86,0
56,9836,3676.0888843845,60,4
6,6854,382.432797921997,49,43
48,6286,1770.88787666736,88,40
75,8701,5567.68866719975,97,22
8,5973,356.942002367959,60,52
69,5771,3192.96572704169,84,15
94,7707,6723.87375112847,96,2
46,5306,1387.80589046083,61,15
0,3650,235.907432034929,66,66
83,5317,3971.98272125633,85,2
12,1336,92.4403025523816,40,28
65,6391,3166.96012346121,84,19
34,9931,1631.50515072475,74,40
82,5682,4173.40508636799,84,2
81,3116,2248.75652690959,91,10
6,4218,235.351844417126,90,84
24,8616,950.451680278056,80,56
39,9149,1830.20862435762,68,29
9,8808,545.489463413055,65,56
79,6443,4479.63384911651,85,6
27,8513,1058.23972817226,78,51
85,7072,5454.21690231753,90,5
98,1426,1337.0769424888,98,0
60,3200,1362.99572809709,77,17
49,2213,646.723226739334,72,23
30,4928,690.4508467532,73,43
34,7180,1179.5596598735,68,34
56,4336,1620.52881279902,59,3
70,1797,1020.36563694025,77,7
2,6563,325.399398392407,81,79
69,9227,5105.09353030908,69,0
52,6028,1962.19428327084,55,3
31,3418,498.365592588816,34,3
75,2411,1542.77639083078,79,4
22,6574,669.976696667829,56,34
22,5890,600.268138633026,66,44
3,6843,348.322553337599,70,67
56,9210,3442.12877441859,72,16
76,7327,4791.86146007319,89,13
70,4973,2823.74975654082,86,16
25,8257,947.767145057125,81,56
52,6874,2237.57855063101,74,22
3,4249,216.282701904349,73,70
65,8170,4048.51575789048,67,2
50,1160,351.53191803817,79,29
74,1472,920.949677948222,86,12
47,9728,2641.07334967613,71,24
94,2790,2434.09987876585,94,0
67,9263,4856.35708336541,81,14
95,8190,7260.06126619486,96,1
65,7401,3667.44983159699,78,13
44,6416,1556.2625153854,82,38
99,3671,3496.19047619048,99,0
30,1023,143.33019809832,70,40
85,3675,2834.31096097524,96,11
22,1950,198.730538257114,28,6
97,2055,1893.06979169388,99,2
6,6245,348.452410712412,65,59
94,6659,5809.55953143434,96,2
87,1494,1186.67694014143,90,3
0,8609,556.418378736631,48,48
23,4871,516.449430692984,71,48
75,4369,2795.68231088331,88,13
24,4823,532.036728642185,81,57
68,5020,2704.54704758977,80,12
80,8638,6120.88325897652,81,1
3,8459,430.580224854998,83,80
35,8372,1430.96780372948,81,46
71,1160,675.525182962896,85,14
79,4912,3415.17328369708,81,2
29,8629,1161.73571264817,67,38
46,7658,2002.98106090257,58,12
87,1812,1439.26279487033,93,6
83,5017,3747.87235518958,88,5
67,5857,3070.67725761321,76,9
84,1592,1208.78091320804,90,6
19,1948,176.418826479355,67,48
36,1179,209.645835805722,86,50
75,3412,2183.30694546438,86,11
36,2791,496.286283065115,74,38
1,8615,417.248392540041,8,7
91,7982,6688.03259396085,94,3
19,3471,314.347919255566,87,68
93,3448,2965.81166570721,97,4
18,2157,187.856735025927,73,55
24,1803,198.893265963479,57,33
94,9720,8480.08990021652,94,0
66,8066,4112.54170346135,69,3
25,1193,136.93668451655,61,36
82,3280,2409.14619558026,91,9
27,1257,156.256001211387,61,34
67,8483,4447.42277212445,85,18
63,9042,4224.6789892268,73,10
82,8693,6384.97191407902,91,9
14,6408,478.298416164282,76,62
40,9541,1984.41054821818,79,39
11,8975,598.188448695069,46,35
89,8729,7125.93746439371,96,7
56,5517,2061.91362089765,62,6
25,4310,494.716773064819,52,27
54,6641,2318.33067921881,80,26
6,8633,481.695702430785,79,73
95,1695,1502.54015216121,96,1
14,5694,425.004866048599,55,41
10,1149,73.8028845259421,73,63
48,4964,1398.45488701508,84,36
71,9009,5246.38480457994,81,10
47,7137,1937.63779776301,81,34
84,6337,4811.58583354231,97,13
98,3860,3619.29663254331,98,0
15,5114,396.60057753144,71,56
27,7273,904.096974391738,86,59
25,4404,505.506419623541,76,51
43,1137,265.478901402888,93,50
15,5096,395.204642765001,55,40
77,9056,6048.95136213367,89,12
17,4228,354.181411414781,89,72
73,9534,5828.04074008739,93,20
48,1730,487.374487215167,84,36
15,4735,367.208395504765,58,43
41,3693,798.456492502998,84,43
45,8740,2201.71279362117,87,42
8,3455,206.468209975104,76,68
63,6994,3267.79527213584,76,13
3,1357,69.0740471838554,45,42
30,4322,605.545568114312,86,56
77,1757,1173.5874053963,83,6
71,6534,3805.07029782721,84,13
0,7688,496.892147256037,74,74
82,4258,3127.48307950632,86,4
20,9534,897.973370232599,63,43
12,3914,270.816874393729,71,59
11,4565,304.259639921225,53,42
87,5536,4397.21789867669,88,1
91,1032,864.701783634126,96,5
6,7161,399.562484085121,37,31
78,2738,1866.53628590763,78,0
30,6245,874.972714686228,77,47
87,9923,7881.79068073859,87,0
94,6005,5238.98558135804,97,3
72,8084,4824.92296923958,86,14
9,6671,413.14262152912,76,67
30,9993,1400.09645121849,83,53
40,1971,409.943736561999,79,39
69,5992,3315.24010335017,70,1
88,5109,4114.93893438691,97,9
13,6121,439.813428086426,67,54
18,3247,282.78665675901,57,39
65,3703,1834.96375170972,65,0
33,4910,775.218767310939,72,39
72,1811,1080.89256522673,80,8
93,5894,5069.74882763291,95,2
82,3066,2251.96409623447,84,2
18,2668,232.360579067767,87,69
78,9510,6483.11178925551,84,6
31,6863,1000.66795258544,68,37
58,2908,1161.41603630807,92,34
86,2680,2098.19227792276,96,10
95,1455,1289.79110406758,99,4
92,1914,1624.59910762246,93,1
44,4304,1043.97660009644,70,26
43,2310,539.363467230143,66,23
31,5546,808.641186804439,87,56
45,5302,1335.63858487179,55,10
82,3060,2247.55712148646,82,0
44,6634,1609.14051232337,75,31
1,2357,114.156060501088,71,70
63,3977,1858.16725726111,72,9
54,7934,2769.70871990996,87,33
55,5267,1902.88948717981,79,24
60,6280,2674.87911639055,78,18
40,1587,330.076463685384,83,43
63,5487,2563.6821072647,75,12
69,7468,4131.87801932894,74,5
97,2492,2295.63499800542,99,2
88,2131,1716.37010553504,89,1
56,7276,2719.31910561017,59,3
96,5020,4536.07826206391,96,0
1,4329,209.665501022152,39,38
9,9556,591.813954629332,88,79
60,9270,3948.42824983127,72,12
20,8735,822.718417136748,72,52
41,7005,1514.53770105158,65,24
55,5212,1883.01879764215,77,22
40,5273,1096.71908822497,75,35
25,2892,331.953806891753,63,38
12,1937,134.024600332308,62,50
46,5041,1318.49406215851,76,30
48,2642,744.302540591023,68,20
60,8380,3569.34506295426,75,15
56,2592,968.729401009011,75,19
16,4589,369.840694532816,84,68
15,2184,169.373418327858,33,18
64,8518,4099.84753582547,91,27
27,9141,1136.30557444175,73,46
60,3419,1456.27574823874,77,17
50,2378,720.640431978248,83,33
20,2576,242.62422925521,79,59
59,1504,620.480001842071,81,22
92,3800,3225.43187511251,95,3
64,9304,4478.16171323318,71,7
86,2040,1597.13143543374,92,6
97,3961,3648.88050846688,98,1
86,4927,3857.38557959904,87,1
83,2619,1956.48349576271,83,0
62,6093,2761.90004497311,76,14
42,2467,554.354958850197,88,46
14,5264,392.909310656801,84,70
69,3077,1702.43554706416,80,11
12,3249,224.804298647221,83,71
72,1056,630.271976189634,85,13
90,3340,2762.62831916948,91,1
8,6982,417.239085975739,63,55
6,4559,254.378629373561,55,49
51,8698,2732.36079893744,82,31
58,9570,3822.12911536046,59,1
71,7492,4362.96092306726,88,17
38,7080,1361.97985049837,83,45
22,2808,286.171975090244,56,34
64,3601,1733.2180061643,90,26
71,9343,5440.8894693296,76,5
83,2434,1818.28210335488,89,6
96,9254,8361.92594365327,97,1
19,3907,353.833857831027,66,47
13,4906,352.511791895443,69,56
14,5825,434.782814319124,75,61
18,4167,362.910994368585,76,58
68,1567,844.228132185892,88,20
81,1369,987.980643562011,82,1
82,3995,2934.3106863851,82,0
91,9183,7694.33767355831,95,4
30,3025,423.825854591808,87,57
26,5397,644.663035531481,84,58
64,1594,767.217301256845,68,4
82,8461,6214.56889048919,89,7
12,9126,631.444761297182,50,38
35,1442,246.471043117286,76,41
36,2552,453.788102609163,83,47
15,8649,670.746655273646,61,46
27,6616,822.426176622541,73,46
89,8963,7316.96385535122,90,1
92,2540,2155.94656915415,92,0
85,1191,918.548123679324,90,5
48,6137,1728.91169250837,81,33
94,9194,8021.18791590439,97,3
23,9570,1014.66250292175,80,57
87,6687,5311.4516055728,88,1
89,1639,1338.0010888007,91,2
91,7111,5958.23099168825,91,0
97,8913,8210.67204543431,99,2
24,2451,270.375704313082,78,54
59,9734,4015.79277787947,89,30
69,4094,2265.11898917149,75,6
46,1314,343.68204675189,80,34
76,8345,5457.63394080944,82,6
76,1013,662.502478375071,78,2
33,7258,1145.93438149548,82,49
95,2719,2410.26942402733,98,3
84,8967,6808.50405071388,85,1
34,1694,278.297223374053,58,24
45,4661,1174.16285252497,58,13
24,6925,763.913403658953,69,45
5,2035,109.933367286309,78,73
17,4076,341.448304854931,68,51
53,4684,1579.29981740842,76,23
31,3561,519.215879230185,82,51
64,9708,4672.61327515775,79,15
13,5935,426.448733163362,77,64
98,3223,3022.0189240122,98,0
24,9251,1020.50005736447,81,57
20,4406,414.985385907786,31,11
34,2407,395.431768985446,76,42
28,7948,1028.20212510785,67,39
29,1654,222.680596676333,87,58
5,8825,476.73806697871,45,40
23,3541,375.435728615039,57,34
14,5622,419.630726541135,53,39
92,7648,6491.60604759486,95,3
84,2701,2050.82741619027,85,1
37,4304,796.081926566671,68,31
43,1739,406.040289832562,50,7
19,6386,578.342210419488,87,68
71,6984,4067.12748087316,86,15
84,2984,2265.70492777185,85,1
28,1874,242.432156825881,67,39
31,3654,532.77585585709,69,38
75,6703,4289.18712058843,85,10
60,4497,1915.43493414145,75,15
97,7481,6891.51100324179,98,1
25,6237,715.904527518625,49,24
71,2965,1726.66566162499,90,19
38,1868,359.347226091944,66,28
63,2530,1182.08779503913,79,16
93,4327,3721.88720345565,96,3
63,7587,3544.86169998493,79,16
20,7822,736.72621165926,72,52
89,6142,5014.03458658565,91,2
44,1061,257.355755739387,76,32
62,9477,4295.83566817827,91,29
69,1223,676.658652603013,95,26
33,4591,724.853230290127,85,52
20,7817,736.255279537259,69,49
75,2048,1310.4960798098,79,4
44,3890,943.556917838092,73,29
86,1262,988.029348783031,95,9
21,3665,359.047922520598,68,47
62,3892,1764.20728295345,84,22
1,6801,329.391331127663,27,26
44,9054,2196.13479025863,46,2
87,6600,5242.34792833565,87,0
30,7584,1062.57695247083,33,3
85,4712,3634.08795867084,90,5
36,1431,254.455632771831,59,23
94,7568,6602.60497580644,94,0
50,3019,914.89212117003,60,10
10,9784,628.448583291399,78,68
14,5435,405.672891987028,66,52
41,4309,931.640678634016,64,23
21,7340,719.075511951211,81,60
78,5214,3554.46318287889,83,5
55,4032,1456.70218574312,76,21
90,3252,2689.84050716741,93,3
65,3317,1643.68748701624,83,18
7,5984,345.340066786969,68,61
98,9036,8472.52962996408,98,0
97,6620,6098.35621460509,99,2
15,4528,351.155145690723,32,17
75,6398,4094.02046807769,94,19
37,6435,1190.23866111908,81,44
95,8820,7818.52751744061,97,2
68,5512,2969.61420842925,93,25
41,9219,1993.22242198352,78,37
44,7243,1756.85932028311,91,47
74,1275,797.697581103249,79,5
58,4993,1994.13695642579,82,24
29,5287,711.797046328762,92,63
63,5825,2721.60529885491,82,19
46,3720,972.98113692316,89,43
31,4062,592.264785575123,77,46
19,8516,771.24369933172,79,60
36,3871,688.328270062724,76,40
14,5399,402.985822233296,66,52
69,4583,2535.67179466853,81,12
54,3221,1124.43052518654,70,16
70,1697,963.584021083806,90,20
19,1075,97.3563852491309,49,30
54,4485,1565.68485112127,82,28
23,1917,203.250576604075,84,61
35,9653,1649.92023523659,72,37
4,2241,117.39662170028,26,22
3,7612,387.466210142599,89,86
3,9756,496.600150571624,79,76
88,4582,3690.47762719922,98,10
52,9422,3066.98648589546,69,17
89,6966,5686.70871542749,92,3
17,7585,635.398771424105,85,68
60,9121,3884.96376124175,82,22
0,3859,249.415556225422,74,74
28,4429,572.962658794998,76,48
83,1911,1427.58303184519,87,4
95,5679,5034.17435051533,97,2
52,7342,2389.91878363877,85,33
74,8108,5072.73097065502,87,13
41,4265,922.1275224818,54,13
47,5707,1549.40435923126,82,35
92,4347,3689.72430555633,94,2
29,3832,515.908129663669,91,62
60,1794,764.129480064433,93,33
50,2059,623.969154517752,50,0
18,5219,454.531432591707,73,55
81,6788,4898.76742768366,82,1
28,6407,828.848894761697,91,63
53,6525,2200.02803343082,78,25
95,5003,4434.93119838496,98,3
62,3353,1519.88361247248,79,17
59,9454,3900.27788391951,72,13
73,6551,4004.56208184524,78,5
34,1068,175.455392304303,40,6
9,9043,560.043280840629,75,66
23,7054,747.902747712648,70,47
81,2237,1614.39934232887,98,17
8,7398,442.098934123248,80,72
56,1049,392.051366380576,81,25
6,1215,67.7933833491722,75,69
68,2253,1213.8136450637,78,10
13,2947,211.751376012203,84,71
0,2878,186.011394355212,60,60
97,5332,4911.84823810791,97,0
67,5035,2639.7234065362,83,16
22,3554,362.199145110658,88,66
27,3501,435.204662085175,60,33
12,2500,172.979608069576,64,52
57,4204,1624.60607205207,64,7
92,1972,1673.82938361102,98,6
77,7347,4907.42553639533,78,1
60,7591,3233.28142874532,67,7
33,5347,844.214816458573,80,47
8,1678,100.276022095,67,59
34,9797,1609.49108464911,89,55
73,3640,2225.09631780135,90,17
4,7314,383.149884478291,73,69
27,2932,364.473027487498,84,57
90,1549,1281.23091808189,90,0
62,3313,1501.75198572065,79,17
73,1828,1117.43848047826,77,4
84,4712,3577.74853205797,89,5
24,7193,793.477128161567,54,30
17,9535,798.75112531692,76,59
5,3636,196.421485726299,88,83
16,8021,646.435434919965,62,46
49,3141,917.920314138387,67,18
27,1452,180.496192330098,76,49
50,8734,2646.79290702188,55,5
29,8656,1165.37076471,90,61
4,1115,58.4101888423974,76,72
88,8662,6976.62968284584,95,7
62,5147,2333.08707229224,85,23
83,2341,1748.80788987419,89,6
25,2281,261.821104260058,89,64
87,6244,4959.57885826179,95,8
84,6627,5031.77833657643,93,9
75,6910,4421.64448803014,91,16
19,8891,805.205229069789,89,70
94,2512,2191.5623281218,94,0
76,5083,3324.2844003756,91,15
61,6311,2773.81550485276,77,16
76,4043,2644.12390925016,85,9
7,7015,404.839667197625,30,23
44,3651,885.58516890151,71,27
40,5083,1057.20142716623,74,34
43,9760,2278.86902171697,63,20
74,7259,4541.5582284145,80,6
5,3149,170.113107412573,47,42
4,5644,295.665565763669,73,69
37,9087,1680.76126085301,89,52
37,7194,1330.62578525108,91,54
14,6662,497.257186093391,66,52
83,8340,6230.2681766556,85,2
24,9805,1081.61312965719,81,57
44,2795,677.954135053333,72,28
81,6400,4618.75538261276,86,5
19,8713,789.084822954119,88,69
6,7016,391.471915701887,86,80
3,8258,420.348917939777,20,17
20,2517,237.067230215592,63,43
68,1526,822.139202115935,93,25
59,4093,1688.58021777899,80,21
89,1661,1355.9608349591,92,3
4,6814,356.956974683494,84,80
81,3428,2473.92085181196,95,14
28,5190,671.410295585017,31,3
46,1219,318.834410190681,46,0
55,5047,1823.40672902915,80,25
95,9530,8447.91011805091,96,1
64,9857,4744.32932151112,81,17
91,5559,4657.82675893615,95,4
4,3312,173.501834480736,71,67
85,8031,6193.83709594345,89,4
40,2563,533.072448913446,92,52
5,7005,378.419281494149,88,83
94,3882,3386.80133669141,99,5
38,4592,883.363202470132,63,25
43,8000,1867.92542763686,71,28
96,3587,3241.21767450662,99,3
65,9873,4892.41078061844,93,28
17,2687,225.09116662051,62,45
70,2925,1660.8622638009,83,13
86,7363,5764.54841132287,90,4
9,3740,231.622456081384,12,3
62,8338,3779.53759641979,84,22
17,7531,630.875167777843,81,64
19,3601,326.121249564763,81,62
19,5445,493.121411796761,85,66
69,6474,3581.91996480123,91,22
18,3400,296.111682470168,57,39
30,1731,242.526464230882,83,53
13,7032,505.271691930035,62,49
15,1507,116.870760723481,88,73
86,7494,5867.10930251984,96,10
72,4050,2417.2362723182,74,2
16,7493,603.882397937327,80,64
95,6342,5621.89359587396,96,1
45,3643,917.716213634088,82,37
11,1753,116.838367750692,69,58
0,4100,264.991909957043,86,86
75,6474,4142.65215853938,79,4
78,4064,2770.49067418868,81,3
70,4697,2667.03249677704,75,5
17,3102,259.855898346417,66,49
26,1644,196.373175915093,67,41
8,8298,495.882259442378,87,79
59,8856,3653.57107467645,72,13
44,1429,346.617695524584,64,20
69,5875,3250.50661001038,71,2
39,2440,488.108978405573,54,15
6,1828,101.996958652088,83,77
24,6947,766.340276565884,90,66
13,4998,359.122286158464,73,60
10,2615,167.967400378885,78,68
89,4019,3280.91908230019,96,7
1,1373,66.4982057988945,83,82
4,6318,330.973608167055,53,49
43,8359,1951.74858120206,78,35
23,9289,984.86938240754,80,57
57,9589,3705.6012428419,59,2
32,3178,482.200421203299,81,49
59,5577,2300.80915576678,88,29
41,9492,2052.24723174613,51,10
62,5084,2304.5297601581,66,4
51,3730,1171.72979765885,85,34
32,3177,482.048690422556,69,37
73,2104,1286.15457490496,76,3
51,6929,2176.65302090567,91,40
24,3998,441.028994632274,91,67
45,2939,740.370011493435,84,39
5,3218,173.840577851274,76,71
51,7603,2388.3811398392,78,27
65,5202,2577.76976408155,77,12
62,3349,1518.0704497973,62,0
57,1542,595.894995981041,70,13
54,2406,839.919231170074,68,14
22,7917,806.845985323882,74,52
56,9661,3610.6847002886,74,18
61,3508,1541.83881968364,81,20
2,5752,285.189294461851,82,80
61,5057,2222.65647409926,76,15
94,5172,4512.24536665842,96,2
5,6395,345.466281963609,76,71
45,3578,901.341919402351,59,14
10,8001,513.922436111456,82,72
11,4969,331.186451427944,81,70
9,2479,153.527291076404,70,61
12,6471,447.740417527292,85,73
25,5881,675.041610764315,85,60
62,7445,3374.7490291851,90,28
99,9165,8728.57142857143,99,0
55,2097,757.615199281578,91,36
36,2784,495.041566482723,82,46
6,5938,331.322724549288,78,72
34,1646,270.411587764871,66,32
38,5545,1066.69184618835,77,39
30,3515,492.478637649654,61,31
35,1235,211.089971047051,71,36
29,3623,487.770134073975,71,42
29,9756,1313.46547833997,68,39
20,6207,584.615136252752,68,48
30,6635,929.614725691453,69,39
49,7099,2074.5992709546,76,27
21,5718,560.173539146734,77,56
9,5806,359.572187168052,49,40
75,6202,3968.60189793964,86,11
20,5113,481.575187958808,81,61
33,6348,1002.25839814457,82,49
67,9184,4814.93937748331,90,23
78,1728,1178.00390871015,90,12
40,5775,1201.12890849596,61,21
42,6483,1456.7828124142,83,41
81,6396,4615.86866049863,92,11
86,2152,1684.81708286932,89,3
90,9623,7959.51266927182,92,2
25,1592,182.735290654105,77,52
40,8065,1677.42071809869,83,43
96,2098,1895.75541709364,97,1
60,1087,462.992611387981,68,8
91,2040,1709.29422346281,91,0
48,8293,2336.29862570831,56,8
58,2991,1194.5651184998,73,15
88,9260,7458.27647923718,91,3
10,8343,535.889874325444,69,59
29,9610,1293.80927089453,88,59
42,7906,1776.54248263869,84,42
31,4342,633.090521656126,72,41
29,5922,797.288085560607,79,50
86,3273,2562.45646479149,89,3
44,2422,587.479397173228,78,34
91,7491,6276.62893527445,94,3
89,8909,7272.88084205334,91,2
73,7228,4418.4055453484,83,10
59,4659,1922.08532485519,81,22
96,5882,5314.98253734261,96,0
21,4491,439.96840928786,46,25
28,9330,1206.98613830601,60,32
34,3807,625.429474253259,68,34
44,3870,938.705725458461,68,24
89,6264,5113.62954255496,89,0
62,6632,3006.22371545407,64,2
34,6341,1041.725320788,78,44
97,2928,2697.27900247186,99,2
15,5452,422.813130367894,35,20
89,1387,1132.28036007722,93,4
83,4981,3720.97911126157,87,4
34,9860,1619.84098138616,85,51
41,4324,934.883800049544,83,42
50,2682,812.766038084803,84,34
77,8902,5946.08712739774,94,17
31,9862,1437.94074725304,72,41
92,2063,1751.06998904134,92,0
66,3768,1921.15759219469,76,10
68,2829,1524.13617482699,79,11
89,5047,4120.12903915627,94,5
29,1816,244.490909047292,65,36
81,3527,2545.36722413675,84,3
21,4874,477.489651941445,68,47
16,3542,285.459956425198,50,34
13,4258,305.950919260252,46,33
88,9278,7472.77420889445,88,0
78,4998,3407.21269429012,87,9
15,4337,336.342726780183,74,59
63,4511,2107.66721083854,75,12
91,3400,2848.82370577134,96,5
33,6230,983.62788601775,81,48
95,1552,1375.77717767209,95,0
55,3870,1398.17397292308,81,26
79,4624,3214.93511071158,80,1
37,4138,765.378023265075,62,25
13,6884,494.637418550393,62,49
86,6755,5288.5406109583,89,3
28,3422,442.690950191123,66,38
6,2778,155.004130818107,58,52
78,5587,3808.74296178449,89,11
80,5647,4001.46188509382,81,1
59,8931,3684.51256413001,87,28
73,6099,3728.25891271166,79,6
80,2711,1921.01348866466,82,2
1,5422,262.602528653755,81,80
51,2301,722.828489118768,77,26
94,2916,2544.02697006495,99,5
25,1532,175.848282212367,90,65
34,7142,1173.31686501623,71,37
37,4400,813.838400765184,92,55
9,3361,208.150554783297,88,79
82,8307,6101.45653862353,91,9
10,4403,282.814708936226,70,60
64,8435,4059.89832879642,80,16
63,1632,762.516712056861,68,5
78,5700,3885.77678220362,88,10
9,3033,187.837141522684,71,62
4,2439,127.76901397902,41,37
86,5659,4430.47391819586,94,8
49,8024,2344.91964363146,67,18
33,5396,851.951215562083,85,52
79,4923,3422.82126947083,87,8
51,9331,2931.20931419697,92,41
48,1096,308.764415021863,80,32
64,8802,4236.54120806948,67,3
15,5570,431.964258281212,87,72
11,4310,287.263756420696,47,36
65,2511,1244.2867892366,72,7
96,1174,1060.82786447471,97,1
14,2628,196.15609202243,80,66
44,7493,1817.49922502849,83,39
93,2665,2292.31093071627,93,0
44,3056,741.262195607508,67,23
43,4682,1093.20335652447,79,36
13,3850,276.634814267724,84,71
64,3307,1591.71117644692,72,8
47,1567,425.427830894582,69,22
40,8735,1816.7724702532,50,10
59,2580,1064.38723720249,65,6
5,3164,170.92342707316,64,59
63,1170,546.657201658412,67,4
83,2432,1816.78803424777,95,12
70,7500,4258.62118923308,72,2
79,3810,2648.98416345397,82,3
40,5390,1121.05364792957,82,42
35,2634,450.211322864723,86,51
16,9003,725.577636277826,80,64
76,4132,2702.32995127916,78,2
45,3272,824.256780403715,74,29
35,9691,1656.4153112688,63,28
32,3693,560.341773286276,85,53
52,4715,1534.7952962213,73,21
70,2560,1453.60936592489,90,20
96,9163,8279.69823013777,96,0
73,3915,2393.20112203085,87,14
9,5949,368.428339900575,64,55
67,7307,3830.875656715,69,2
26,3304,394.657526291646,76,50
41,5852,1265.24976824466,79,38
85,8648,6669.69284095617,88,3
52,1036,337.231797854776,68,16
88,2784,2242.31552032358,98,10
65,5146,2550.01983967006,67,2
43,5233,1221.85672035296,70,27
25,3742,429.519759816369,83,58
62,1322,599.250264148113,90,28
74,3522,2203.52225932992,89,15
69,4139,2290.01648660987,91,22
12,4366,302.091587532708,84,72
35,2669,456.193629736502,84,49
53,5364,1808.5747695514,88,35
58,2094,836.315398909592,74,16
2,3296,163.418622139475,80,78
99,5897,5616.19047619048,99,0
58,8521,3403.1726428408,90,32
71,2466,1436.07336309181,81,10
49,5224,1526.6525695826,83,34
49,5501,1607.60256226529,75,26
3,2928,149.041127600832,69,66
9,2924,181.086647481809,69,60
16,6955,560.523432223957,50,34
74,6918,4328.21322829198,90,16
44,2893,701.724977713522,63,19
74,8530,5336.75322887115,75,1
98,6667,6251.25664486172,98,0
42,2218,498.402634264182,70,28
10,3262,209.525682614119,70,60
30,3296,461.795046854413,90,60
12,4184,289.498672065243,49,37
15,5374,416.764079713328,51,36
27,7352,913.917359511626,71,44
65,7231,3583.20898963354,75,10
88,3674,2959.14770893276,92,4
58,7699,3074.87691318288,75,17
68,4916,2648.51659082696,91,23
95,1492,1322.58991564868,99,4
1,6041,292.582418959302,72,71
65,7270,3602.53482984869,90,25
89,1776,1449.84132624163,91,2
27,3454,429.362154482203,78,51
28,5489,710.090773114867,64,36
3,3807,193.784007095754,90,87
99,2620,2495.23809523809,99,0
40,5793,1204.87268691205,84,44
18,9509,828.154702532007,75,57
81,9663,6973.59894721673,93,12
50,5210,1578.86318360247,78,28
10,1421,91.2740634563653,55,45
41,8748,1891.38840953594,69,28
94,4225,3686.04730745008,96,2
40,9179,1909.11900451679,90,50
87,7987,6344.03528842679,88,1
48,6939,1954.85061663933,68,20
67,9663,5066.0669865659,82,15
99,6181,5886.66666666667,99,0
4,5325,278.954489314589,81,77
33,4046,638.805525975572,54,21
17,4226,354.013870538994,45,28
78,3298,2248.29681187851,84,6
17,4621,387.103193507026,56,39
65,6750,3344.85696031343,86,21
90,7618,6301.10854354284,94,4
55,3101,1120.34560466007,82,27
95,8352,7403.66687365805,97,2
16,1126,90.747575080399,65,49
81,4608,3325.50387548119,86,5
92,7123,6045.98717011221,99,7
82,6710,4928.46675986083,84,2
35,1311,224.080123111485,83,48
27,7452,926.348226751991,78,51
99,8112,7725.71428571429,99,0
27,1826,226.987635809063,81,54
66,3428,1747.80473090324,93,27
22,1624,165.506868784386,69,47
53,3380,1139.63137976953,79,26
22,7971,812.349292537156,86,64
72,5917,3531.55235143377,91,19
44,8288,2010.33412211879,92,48
97,1248,1149.65990269292,97,0
40,7800,1622.30398030624,83,43
83,1136,848.63125283942,86,3
33,8235,1300.18870647772,88,55
99,4142,3944.7619047619,99,0
52,7196,2342.39383915344,89,37
94,1517,1323.4872817519,95,1
95,5628,4988.96517779544,95,0
58,2311,922.982276447024,87,29
76,8379,5479.86995686547,82,6
61,5739,2522.40963117572,80,19
74,3083,1928.86403336574,90,16
93,4740,4077.13088615202,99,6
70,9157,5199.49256397432,73,3
3,7433,378.354747765363,75,72
45,8405,2117.32220027299,84,39
97,5037,4640.09369380149,99,2
26,5022,599.869884090994,77,51
43,1002,233.957659811516,81,38
45,2567,646.658666044113,76,31
55,1805,652.119902099785,66,11
57,7699,2975.22410769004,66,9
88,6647,5353.68939065762,89,1
33,4800,757.851340752038,73,40
61,5122,2251.22532338074,82,21
42,4192,941.976484596686,68,26
24,3982,439.263996154506,88,64
61,8560,3762.29768999202,81,20
86,5283,4136.10067323356,86,0
28,3800,491.591353222171,74,46
46,6045,1581.09434750013,88,42
38,5848,1124.97996690883,90,52
93,4842,4164.86661408187,98,5
94,8471,7390.41579678334,96,2
9,7032,435.499762343393,55,46
82,2829,2077.88859368797,87,5
80,2321,1644.65964853953,85,5
78,4360,2972.27838077329,82,4
70,4069,2310.44394919859,81,11
38,9011,1733.44638881933,70,32
25,4813,552.452860501386,49,24
90,4017,3322.59819104904,90,0
25,1383,158.745544582052,45,20
7,8387,484.018572884744,84,77
89,4258,3476.02723374824,89,0
36,1239,220.314835083367,82,46
7,9617,555.002577254392,85,78
37,1698,314.0676373862,79,42
56,3931,1469.16484389137,70,14
56,2730,1020.30527189606,86,30
71,2230,1298.6389293166,84,13
89,5157,4209.92776994826,89,0
8,5843,349.173299821863,89,81
12,4949,342.430432134533,52,40
63,2027,947.071921163761,78,15
99,5079,4837.14285714286,99,0
17,1312,109.906814516602,79,62
64,3986,1918.52456888945,82,18
51,1104,346.80688917302,56,5
50,6533,1979.79139702014,60,10
52,5072,1651.00355088748,80,28
59,6141,2533.48915645755,73,14
27,4640,576.792239952931,80,53
12,4126,285.485545158029,79,67
45,4193,1056.26793405647,81,36
90,5616,4645.18582049574,96,6
0,9755,630.486849178283,88,88
69,7351,4067.14452598916,83,14
69,1474,815.531360537074,79,10
25,4391,504.014234461165,76,51
96,8417,7605.61169956014,96,0
30,7959,1115.11734766816,52,22
49,3213,938.961467471072,80,31
83,2396,1789.89479031976,84,1
63,7066,3301.43571531482,89,26
22,3500,356.695837897384,87,65
72,2784,1661.6261190454,90,18
13,9334,670.677754902581,70,57
39,5303,1060.836849379,90,51
31,7902,1152.16059468602,80,49
23,2405,254.990942479291,62,39
43,3117,727.79044474301,80,37
11,8900,593.189659430208,81,70
17,9541,799.253747944283,85,68
40,3022,628.538798523775,81,41
75,6430,4114.49696932472,75,0
58,2541,1014.84117890605,79,21
95,6752,5985.33988636724,96,1
87,9897,7861.13900708151,91,4
71,2881,1677.74832078974,77,6
13,4399,316.082220250316,67,54
97,2136,1967.6871411475,98,1
61,6906,3035.33035596786,68,7
44,2908,705.363371998244,75,31
79,7390,5138.05589709312,97,18
56,4191,1566.33677454813,73,17
62,4659,2111.88122591986,83,21
35,9326,1594.02839674882,35,0
66,1229,626.619607432929,75,9
61,9456,4156.10828931828,83,22
41,1784,385.715240353466,81,40
63,8710,4069.55916790151,80,17
27,3211,399.155147088116,39,12
77,1465,978.546129143754,84,7
21,3623,354.933321498534,74,53
95,6006,5324.04492854289,95,0
90,2391,1977.67793746533,95,5
81,6648,4797.732153689,97,16
55,7273,2627.62772740816,73,18
22,4244,432.519181724713,80,58
62,8333,3777.27114307582,71,9
80,8737,6191.0346183929,85,5
22,6379,650.103642842118,80,58
53,2989,1007.79828228731,91,38
30,2416,338.500252791341,70,40
4,3020,158.205175160574,77,73
14,9678,722.373918794932,72,58
48,8000,2253.75485417418,87,39
38,7438,1430.84832316482,80,42
94,7187,6270.20639021153,97,3
80,4244,3007.29666023343,80,0
99,1249,1189.52380952381,99,0
46,3987,1042.81607336361,63,17
68,2931,1579.0891228059,72,4
33,7093,1119.88324165713,65,32
13,1990,142.987865037083,88,75
78,5146,3508.10654758242,92,14
99,5164,4918.09523809524,99,0
66,4561,2325.47764808917,76,10
71,7166,4173.11505268286,89,18
28,3978,514.618527136262,71,43
74,5384,3368.47355032149,91,17
31,5594,815.639884418325,76,45
57,5347,2066.31033950106,88,31
89,6513,5316.9012149841,92,3
35,8090,1382.76750264829,74,39
7,5634,325.141366356582,65,58
54,3050,1064.73551748492,82,28
26,4193,500.847157306559,76,50
17,2722,228.023131946792,77,60
0,4627,299.053065212498,76,76
15,2616,202.875852722379,43,28
20,5614,528.762586583366,89,69
71,4269,2486.04914316259,89,18
52,9778,3182.86922724324,91,39
39,6262,1252.67968146545,59,20
44,2220,538.482354138962,69,25
29,4355,586.320434416826,47,18
81,6003,4332.24821278506,86,5
24,1978,218.197936814066,83,59
15,5416,420.021260835017,77,62
30,5250,735.565532762642,64,34
49,1717,501.773059336393,73,24
1,7917,383.442312680151,89,88
6,2212,123.423015611826,74,68
34,7200,1182.84534137732,90,56
44,6188,1500.95892225761,54,10
82,9700,7124.60917595381,84,2
82,7411,5443.34830958698,93,11
79,5104,3548.66539902075,84,5
64,4121,1983.50219478009,84,20
83,8165,6099.53712978333,84,1
90,8920,7378.03730748255,91,1
22,6153,627.071283023601,87,65
74,1552,971.00129088019,74,0
30,2997,419.902838417074,52,22
51,4831,1517.59427680694,78,27
64,9555,4598.97196581503,77,13
16,2700,217.600757297582,64,48
20,5565,524.14745178775,68,48
44,7617,1847.5766177822,84,40
18,9321,811.781468324833,76,58
11,5620,374.57594224694,55,44
59,7528,3105.70043475207,71,12
87,7397,5875.40115543921,87,0
57,8058,3113.95711907603,62,5
34,3726,612.122464162764,70,36
37,1792,331.454185038911,79,42
42,7367,1655.42480010109,69,27
58,4050,1617.51545634377,71,13
99,7203,6860,99,0
0,4392,283.864504519838,88,88
12,9100,629.645773373258,80,68
22,5797,590.79022065461,75,53
49,2090,610.777923129331,68,19
79,9783,6801.84043860109,79,0
0,7353,475.240369247351,65,65
89,3819,3117.64866267838,89,0
35,7188,1228.59490840988,86,51
61,1960,861.460686026209,84,23
48,7403,2085.56839818143,87,39
81,5507,3974.29467063257,89,8
87,5055,4015.16193602071,88,1
65,2169,1074.81403658072,78,13
83,2034,1519.46828193255,84,1
11,8558,570.39518038244,56,45
48,3183,896.712712604552,81,33
4,5073,265.753262778011,83,79
42,4101,921.528044687741,82,40
86,4316,3379.02905653531,91,5
97,4075,3753.89751880902,97,0
98,4218,3954.97233058748,98,0
87,4344,3450.41809101365,89,2
20,7555,711.578436344376,87,67
39,2099,419.893748226762,90,51
83,5383,4021.28700179102,93,10
25,7409,850.430759080567,62,37
47,1306,354.568441064661,66,19
55,3295,1190.43494593839,85,30
71,3762,2190.79805026415,81,10
60,1535,653.812013321575,67,7
61,1681,738.834394494927,94,33
55,2790,1007.98588745618,76,21
17,1083,90.7233842389329,65,48
75,4902,3136.74403477912,81,6
41,3229,698.135936715998,83,42
56,7591,2837.04663698279,88,32
72,6262,3737.46507092755,78,6
63,1326,619.5448285462,75,12
93,2183,1877.71660853794,93,0
61,3406,1497.00770234963,68,7
6,6293,351.130667832379,55,49
31,2252,328.355563051496,83,52
20,4998,470.743749152772,82,62
55,2621,946.928677785892,81,26
26,1544,184.428335530963,86,60
37,8777,1623.42264625364,89,52
27,1786,222.015288912917,77,50
15,1491,115.62992981998,43,28
36,1051,186.885304013413,46,10
86,1653,1294.14620724117,90,4
20,2481,233.67651893718,88,68
47,8852,2403.24643208605,87,40
79,3921,2726.15929262546,84,5
48,1905,536.675374650227,82,34
74,7643,4781.80597048795,89,15
97,4350,4007.22802621331,99,2
30,2900,406.312389526031,91,61
59,1630,672.461704124053,61,2
96,7474,6753.51572324017,99,3
73,2853,1744.01093260639,80,7
26,3359,401.227188502917,81,55
63,4635,2165.60352964678,63,0
30,9104,1275.54068767068,88,58
1,1334,64.6093274113075,59,58
83,6359,4750.3927260615,85,2
82,3063,2249.76060886047,93,11
88,4980,4011.03853850984,88,0
6,2170,121.079540631855,60,54
97,4082,3760.34593172477,99,2
5,5073,274.050109210538,57,52
30,3384,474.12452626072,67,37
29,1818,244.760172162983,80,51
90,6169,5102.59104819057,90,0
51,8192,2573.4076413998,76,25
88,5494,4425.02926316729,97,9
67,2391,1253.54094638094,85,18
74,8403,5257.29629334165,78,4
51,7823,2457.49120833382,81,30
11,8233,548.733760234708,75,64
34,5261,864.298519581401,82,48
81,4722,3407.77545573398,83,2
17,7121,596.529288241404,51,34
20,5117,481.95193365641,67,47
32,5391,817.980638988982,59,27
87,6276,4984.99630276281,92,5
25,2224,255.278446240408,80,55
68,5080,2736.87231110678,78,10
9,3781,234.16163273896,77,68
49,2446,714.814736829829,83,34
99,4433,4221.90476190476,99,0
87,9571,7602.19879122735,90,3
90,2260,1869.32335368953,92,2
41,1644,355.446107141871,74,33
67,4711,2469.8583849438,91,24
35,8938,1527.71025199882,81,46
99,5258,5007.61904761905,99,0
17,1435,120.210578377533,61,44
13,7786,559.449003607403,82,69
9,9430,584.010631242633,33,24
12,8099,560.3847383022,45,33
2,4804,238.186608239696,84,82
65,3709,1837.93695789667,78,13
7,3472,200.371108269445,70,63
66,5739,2926.09432632838,79,13
72,5717,3412.18265897361,91,19
71,8967,5221.92613416232,80,9
21,4573,448.001677949985,54,33
61,7956,3496.82715205333,67,6
84,7933,6023.40388472323,87,3
14,5641,421.048902244494,87,73
3,6470,329.336098216319,67,64
43,6368,1486.86864039894,69,26
88,6583,5302.14190743179,96,8
41,5957,1287.95161815336,89,48
65,5185,2569.34567988521,82,17
15,7877,610.876564179732,83,68
24,9653,1064.84564411839,36,12
84,2752,2089.55092534455,90,6
55,4870,1759.45923724429,85,30
24,6237,688.01846911493,80,56
77,5540,3700.44065218867,82,5
49,2727,796.933682475447,89,40
74,6785,4245.00242179259,74,0
7,9932,573.181407641741,68,61
49,7389,2159.34836076681,90,41
60,9910,4221.02739545069,93,33
45,1669,420.441493427201,72,27
19,2671,241.896655814352,68,49
42,5347,1201.51437574868,64,22
88,3800,3060.63181653362,96,8
64,5597,2693.92423785104,76,12
50,9542,2891.65307062088,71,21
4,5381,281.888095211606,84,80
12,1379,95.4155518111783,62,50
61,9818,4315.21480377823,87,26
21,1697,166.249474629592,82,61
16,1580,127.336739455622,80,64
12,9928,686.936619565902,90,78
83,5186,3874.12119474052,84,1
74,4562,2854.19322744551,79,5
86,8393,6570.94320470363,88,2
96,6135,5543.59365294065,99,3
0,4690,303.124892121594,0,0
45,4916,1238.40046835717,71,26
62,1547,701.240664627179,75,13
18,4206,366.30756954986,86,68
14,1104,82.403472447779,81,67
6,1997,111.426655595306,85,79
95,4243,3761.22587942183,96,1
46,8150,2131.66566288273,59,13
78,3908,2664.1430990968,83,5
78,1470,1002.12138067356,89,11
12,7151,494.790870922216,84,72
35,4186,715.483901864742,92,57
45,1492,375.853030673088,79,34
57,7159,2766.54492621808,83,26
3,8184,416.582168130194,82,79
63,1657,774.197421494007,81,18
95,4235,3754.13424448537,95,0
74,4865,3043.76371142534,86,12
55,8115,2931.82991996662,81,26
0,8647,558.874401316721,81,81
64,3731,1795.78905331825,65,1
91,3689,3090.97372076191,95,4
13,2858,205.356441344716,70,57
34,1164,191.226663522667,60,26
59,3360,1386.17872751952,79,20
35,7426,1269.27459513798,74,39
30,2573,360.497164913957,84,54
96,6421,5802.02360970366,96,0
61,1592,699.717047017207,89,28
82,8853,6502.49124069269,87,5
15,4217,327.036495003927,78,63
75,6608,4228.39750751131,86,11
24,9394,1036.27473125952,56,32
56,3662,1368.62926948109,79,23
80,6073,4303.32531046126,90,10
31,4075,594.160266178884,72,41
9,1433,88.7473207392039,45,36
89,7746,6323.46335195254,93,4
29,6030,811.828293807913,78,49
15,9323,723.016657083616,90,75
63,3194,1492.32743768972,72,9
35,7328,1252.524135897,68,33
39,1469,293.865610359749,82,43
60,3688,1570.8525766319,79,19
52,1536,499.988457051097,69,17
56,4553,1701.63000107794,80,24
75,2513,1608.04523855568,78,3
0,2101,135.792195809695,76,76
27,1052,130.772723368639,72,45
15,9152,709.755276802452,59,44
33,6184,976.36514400221,35,2
21,7778,761.98492260988,77,56
55,6383,2306.08384216229,73,18
73,1645,1005.572374391,73,0
82,1917,1408.02843199005,89,7
88,7404,5963.39946568813,92,4
20,2862,269.5615466337,82,62
77,2794,1866.25111592331,79,2
94,9757,8512.37007782022,94,0
95,9918,8791.85441246893,98,3
48,3060,862.061231721624,77,29
96,1091,985.828960938591,97,1
92,6173,5239.62920133408,92,0
92,3084,2617.69260601236,96,4
79,1820,1265.3940098389,80,1
81,9836,7098.44967865299,85,4
35,3589,613.442838937544,77,42
17,7860,658.435641844887,76,59
30,5671,794.550883104179,73,43
68,8122,4375.76317141915,93,25
39,4963,992.821663863468,74,35
88,7027,5659.75257231098,91,3
72,7721,4608.2669774244,89,17
8,9148,546.677622243779,72,64
36,1928,342.830510121656,39,3
3,3457,175.968298536911,73,70
39,3929,785.975482030942,80,41
70,4124,2341.67383791963,77,7
29,1378,185.522286710996,77,48
31,2063,300.798191196819,81,50
39,3677,735.564226884137,57,18
69,3549,1963.5826313067,90,21
83,5974,4462.78442294251,90,7
87,2331,1851.50197287127,87,0
84,4942,3752.38396549883,91,7
0,3303,213.480067948321,60,60
79,4067,2827.66892198616,92,13
46,5032,1316.14007553692,68,22
81,5311,3832.84528704006,81,0
38,5608,1078.81115841736,60,22
89,7875,6428.7727726086,89,0
1,2572,124.569108022401,4,3
38,5874,1129.98158782874,77,39
68,1802,970.835414294178,89,21
32,2437,369.767912672259,70,38
94,8185,7140.89874827903,96,2
53,8371,2822.44209468956,75,22
42,9540,2143.71556847624,86,44
15,5503,426.768278872803,70,55
77,5834,3896.81782759362,88,11
29,6098,820.983239741402,78,49
83,8382,6261.64362790494,87,4
17,1166,97.6763305841142,22,5
73,3143,1921.28508979386,86,13
23,7175,760.731813841543,83,60
63,9674,4519.96732379784,91,28
47,5639,1530.94290900737,90,43
77,4109,2744.60480863596,85,8
90,9993,8265.55233337143,91,1
71,5673,3303.66755426596,93,22
48,6840,1926.96040031892,78,30
96,3199,2890.62039050646,97,1
85,8357,6445.2616873116,96,11
88,2486,2002.29755155331,90,2
14,5168,385.743791313516,83,69
94,5191,4528.82167407654,94,0
75,4109,2629.31073825121,76,1
78,1283,874.640633608288,85,7
19,9465,857.189010588859,81,62
52,4583,1491.82753819347,70,18
39,2089,417.893301593952,80,41
58,3550,1417.82219012849,83,25
59,5701,2351.96575166333,79,20
42,2050,460.651668278437,87,45
72,4157,2481.09905778438,79,7
86,4826,3778.31191539375,88,2
89,5012,4091.55671572245,90,1
47,3600,977.370894205803,83,36
30,4140,580.04596297854,59,29
17,6288,526.748513475909,53,36
79,2248,1562.97018358124,93,14
69,1430,791.187140819549,71,2
2,8305,411.769313370249,79,77
75,2571,1645.15889706592,75,0
2,1302,64.5543222165037,59,57
22,5327,542.891065279818,74,52
59,3639,1501.28106828677,86,27
54,5291,1847.05430262712,83,29
17,6741,564.696521841779,49,32
18,5770,502.518943486137,85,67
66,4123,2102.15837383724,85,19
29,6789,914.013646212591,78,49
1,4843,234.559949514964,49,48
78,5763,3928.72484137534,79,1
43,5034,1175.39207534049,84,41
9,7558,468.075540925962,85,76
97,5659,5213.08124145773,97,0
33,6396,1009.83691155209,79,46
96,1365,1233.41570273252,96,0
53,3292,1109.96050360985,78,25
35,8623,1473.86949015281,92,57
98,3658,3429.89302638431,98,0
82,2747,2017.65993879847,83,1
2,7472,370.468429801625,83,81
47,3980,1080.53782192753,85,38
33,3172,500.813427680305,84,51
94,6051,5279.11769405454,97,3
43,8970,2094.41138573783,71,28
71,4022,2342.20886713514,81,10
57,5617,2170.64993023704,87,30
82,2916,2141.78972753416,87,5
1,6233,301.88151255973,78,77
16,6470,521.435888783465,91,75
81,9120,6581.72642022318,93,12
85,7431,5731.09244925362,88,3
59,6996,2886.22213622815,82,23
51,6733,2115.08223261046,82,31
31,4361,635.860839461622,70,39
43,7658,1788.07161560538,70,27
53,6557,2210.81744294343,67,14
21,6115,599.06631547434,86,65
62,8779,3979.43878135876,82,20
97,5264,4849.20651264066,97,0
54,6790,2370.34562745004,88,34
99,6982,6649.52380952381,99,0
26,2975,355.359001427859,72,46
39,7011,1402.5131342629,75,36
77,6018,4019.72054961577,81,4
51,2470,775.917587189638,84,33
69,3554,1966.34901991096,82,13
27,1613,200.509888587086,59,32
86,1304,1020.91146657137,94,8
45,4240,1068.10780834711,63,18
32,5185,786.724098155792,50,18
76,9054,5921.32027562477,85,9
38,8549,1644.57143247325,78,40
28,6759,874.38577800754,77,49
36,1922,341.763610193892,77,41
97,1590,1464.71093371935,98,1
73,4862,2972.09293877752,84,11
62,3964,1796.84421110675,74,12
50,3074,931.55958280115,85,35
92,5805,4927.27158816529,93,1
85,2344,1807.78908640163,85,0
78,1943,1324.57268207397,84,6
3,9866,502.199373261546,15,12
0,3216,207.857068883378,75,75
77,6413,4283.56063221767,79,2
10,9069,582.522506323559,80,70
10,6741,432.98976900729,70,60
88,5968,4806.80281080858,95,7
83,8280,6185.44610344225,84,1
7,4302,248.270883575792,87,80
39,9098,1820.00634653029,77,38
59,3921,1617.62106863216,72,13
28,3523,455.756930895186,86,58
40,3173,659.944939680985,70,30
84,1658,1258.89368976063,97,13
81,1451,1047.15844690174,83,2
50,4827,1462.79704169849,83,33
51,3409,1070.89192499169,75,24
96,4743,4285.78071652771,96,0
87,2979,2366.20522401696,90,3
99,7083,6745.71428571429,99,0
22,3849,392.26350859058,81,59
73,2807,1715.89158353527,78,5
47,8492,2305.50934266547,87,40
56,5257,1964.74169024088,91,35
84,4358,3308.96182145769,89,5
92,7761,6587.52020598636,97,5
69,5805,3211.77716955069,69,0
72,5753,3433.66920361644,85,13
8,6212,371.224463202706,87,79
89,1731,1413.10548182673,95,6
8,4553,272.083866864443,73,65
37,3284,607.419388207469,69,32
91,6351,5321.43510451583,94,3
87,7004,5563.24316516104,89,2
4,2692,141.022626335187,66,62
75,8784,5620.79959230923,81,6
58,4128,1648.66760587335,77,19
18,9922,864.123562785001,90,72
2,1676,83.0975760636408,73,71
0,8178,528.561912104561,80,80
41,5923,1280.60054294483,68,27
80,2681,1899.75550096273,92,12
99,9033,8602.85714285714,99,0
28,1312,169.728383007234,81,53
23,3014,319.560374483402,76,53
40,5233,1088.39958063366,73,33
53,9869,3327.52132749866,58,5
78,1208,823.511991737188,90,12
2,4651,230.600731665867,70,68
79,9012,6265.7861630045,84,5
76,5349,3498.24852599038,77,1
11,8921,594.589320424369,68,57
44,6245,1514.78482053956,68,24
28,5983,773.997649033749,81,53
30,9821,1375.99792328798,89,59
22,6934,706.665411422988,60,38
53,3451,1163.57038212563,77,24
36,8227,1462.89761761974,48,12
64,4254,2047.51718917605,90,26
61,2399,1054.41029886575,66,5
88,7894,6358.05988413589,92,4
68,2384,1284.39047040917,92,24
63,1879,877.922121295859,64,1
10,6031,387.384853416847,79,69
78,6578,4484.32274970796,87,9
65,5710,2829.50122124292,85,20
93,8028,6905.31788059671,93,0
10,8821,566.592902004644,36,26
90,1618,1338.30317976533,92,2
86,2844,2226.58911881057,89,3
35,1403,239.805044031589,80,45
88,2314,1863.76369038389,92,4
72,5777,3447.99356671166,86,14
94,1478,1289.46222968313,96,2
82,4704,3455.06820244193,82,0
63,4895,2287.0829077931,67,4
35,8054,1376.61427272304,66,31
23,9071,961.755858307546,43,20
83,2212,1652.44043246549,96,13
32,9735,1477.09915053937,82,50
20,4067,383.056188036079,71,51
48,3945,1111.38286246464,85,37
83,4454,3327.29190153765,88,5
69,8807,4872.71688755089,69,0
76,2245,1468.23106016983,90,14
83,3868,2889.52965315394,96,13
15,6009,466.009556196015,81,66
93,7924,6815.86184427608,96,3
38,6893,1326.0066538821,79,41
74,9460,5918.60322920529,74,0
82,4113,3020.98118976268,89,7
76,4234,2769.03799944724,84,8
30,4647,651.080577285333,59,29
65,6632,3286.38390530351,67,2
97,1595,1469.31694294488,99,2
34,1044,171.512574499712,66,32
96,1613,1457.50881209344,97,1
92,8773,7446.50364220053,96,4
73,3740,2286.22533752117,89,16
90,1146,947.895824481503,96,6
55,8041,2905.09481040685,55,0
5,4920,265.78484867255,63,58
23,1077,114.189291081163,67,44
49,3472,1014.65117182059,73,24
15,6203,481.054630900962,88,73
81,1765,1273.76613286118,82,1
89,4519,3689.0951313547,90,1
59,4014,1655.98851555457,89,30
81,2608,1882.1428184147,85,4
68,2970,1600.10054409196,79,11
58,4212,1682.21607459752,77,19
9,7832,485.044672735133,69,60
52,5757,1873.98017398643,70,18
86,2399,1878.19525176743,86,0
34,4680,768.849471895259,64,30
88,8795,7083.75179642451,95,7
5,1743,94.1591445602144,81,76
40,7572,1574.88278703575,44,4
67,4276,2241.79886521327,83,16
46,3342,874.113698816452,53,7
54,4733,1652.26006696923,74,20
99,5813,5536.19047619048,99,0
20,8536,803.975318681085,62,42
88,1250,1006.78678175448,95,7
11,4040,269.268115067196,79,68
50,2685,813.675172355592,71,21
70,8091,4594.20053894465,89,19
38,7057,1357.55533968461,47,9
7,4503,259.870708680101,71,64
94,2953,2576.30714766866,94,0
14,1505,112.334443871293,89,75
79,3562,2476.55684782757,89,10
70,7052,4004.23955019623,81,11
86,3336,2611.779641474,93,7
63,2062,963.424914375765,92,29
74,5681,3554.29016333142,77,3
80,5087,3604.64611465774,89,9
94,6134,5351.52998435474,99,5
93,4216,3626.41008776728,94,1
76,1881,1230.17488827592,82,6
71,8185,4766.52898495802,91,20
54,5565,1942.70595239462,90,36
32,7431,1127.51143170602,82,50
88,7295,5875.60765831914,88,0
72,5517,3292.81296651346,86,14
31,2390,348.476818691419,70,39
69,1285,710.961871295888,69,0
73,1740,1063.64494312482,80,7
46,4694,1227.73480019283,80,34
11,9393,626.04836753123,84,73
31,4083,595.326715781198,67,36
44,8610,2088.43831943084,64,20
97,1148,1057.53971818227,97,0
94,1812,1580.856265349,95,1
56,6778,2533.19748458298,80,24
44,4941,1198.48707738766,83,39
66,9968,5082.29800398001,85,19
38,1603,308.369166715945,75,37
96,6291,5684.55544753866,96,0
56,7228,2701.37967225815,89,33
29,1647,221.738175771415,72,43
43,8535,1992.84294061007,77,34
53,8015,2702.40991386176,77,24
73,2739,1674.3238501258,92,19
52,2613,850.566300959971,74,22
79,4002,2782.47627877763,94,15
52,3119,1015.27604006665,80,28
40,1031,214.435308166119,80,40
95,2753,2440.40887250726,99,4
37,5524,1021.73711950611,68,31
12,4102,283.824940920561,82,70
84,1543,1171.5759730402,87,3
79,5142,3575.08571351189,82,3
59,1894,781.375747000587,67,8
20,5368,505.592726180889,82,62
3,6008,305.819362918646,83,80
19,2995,271.239417508044,84,65
26,5332,636.898889281797,64,38
82,5463,4012.55050806553,87,5
2,5580,276.661380927873,70,68
72,5243,3129.27648784304,74,2
28,4884,631.824255036074,37,9
93,3868,3327.07642777131,94,1
55,5878,2123.63478368007,75,20
48,2357,664.012523911068,85,37
80,8187,5801.30484385746,80,0
7,3495,201.698451440584,68,61
39,8312,1662.77124119145,75,36
2,3422,169.66581461204,52,50
6,2962,165.270783111315,68,62
88,9151,7370.48467186819,89,1
91,7654,6413.20489528643,98,7
51,7062,2218.43319867742,91,40
67,4414,2314.14878181744,73,6
54,1353,472.323657428558,73,19
14,2711,202.351280621312,64,50
45,2940,740.621923712385,78,33
35,3435,587.120688701717,70,35
49,7108,2077.22941512119,83,34
60,4100,1746.3382766244,84,24
95,2547,2257.79927289356,98,3
6,7655,427.126213611451,89,83
41,4740,1024.82636730685,91,50
98,1396,1308.94769404934,99,1
96,3351,3027.96778011477,99,3
5,7141,385.766179750138,50,45
38,6148,1182.69097752316,76,38
7,9779,564.351690025029,88,81
46,5679,1485.36555822221,69,23
37,4302,795.712000020868,82,45
88,6880,5541.35444677665,91,3
22,1094,111.492927617068,72,50
33,3686,581.96667541917,65,32
24,3106,342.630329496709,85,61
48,6104,1719.6149537349,93,45
95,3992,3538.72583329058,96,1
64,2031,977.552282843571,74,10
70,7856,4460.76374168202,83,13
37,1560,288.542705725838,79,42
14,1265,94.4206455130801,69,55
6,4184,233.454745623816,74,68
83,2299,1717.43243862485,84,1
82,1702,1250.11183685293,87,5
46,9199,2406.0358813323,65,19
69,7707,4264.11139461277,75,6
43,4308,1005.87784278245,67,24
27,4000,497.234689614595,45,18
7,5165,298.075107779862,85,78
67,2902,1521.44534771957,78,11
6,7012,391.248727608556,78,72
43,3248,758.377723620564,52,9
51,8678,2726.07806543793,70,19
86,9042,7079.05021529015,88,2
61,2459,1080.78154435635,82,21
41,4025,870.237579833352,86,45
26,7430,887.501640540838,81,55
58,9579,3825.72359415233,84,26
15,9216,714.718600416455,81,66
26,3986,476.121337711411,90,64
3,9367,476.799263059081,88,85
4,5616,294.19876281516,83,79
48,6202,1747.22345069853,62,14
43,2716,634.160682682713,62,19
49,1913,559.051754519813,77,28
48,4733,1333.3777156008,88,40
4,6661,348.941944286286,72,68
66,2518,1283.83089627023,81,15
98,3724,3491.77737295111,98,0
90,8213,6793.25340878411,99,9
47,1020,276.921753358311,87,40
2,1481,73.429301998957,52,50
39,3348,669.749532664697,43,4
30,9243,1295.01566082383,70,40
20,6190,583.013967037947,70,50
22,6052,616.778060272848,85,63
93,4750,4085.73242810593,95,2
26,9718,1160.79958852973,86,60
59,5061,2087.93170832628,90,31
37,8365,1547.21777781835,70,33
43,6140,1433.63276571129,89,46
45,1575,396.76174484592,78,33
8,3032,181.190047075113,76,68
20,9539,898.4443023546,57,37
0,3811,246.31321191373,70,70
85,9983,7699.29967984105,92,7
37,6174,1141.96324689187,57,20
33,7606,1200.8786037,91,58
90,1274,1053.76900557542,92,2
63,1328,620.479285301171,65,2
74,7772,4862.51419634075,89,15
65,7118,3527.21360644607,73,8
35,8791,1502.58456313735,78,43
98,8975,8415.33349147052,98,0
51,1760,552.880547956989,75,24
23,4373,463.648811418686,87,64
20,3776,355.647938535588,83,63
74,1121,701.34822620921,85,11
94,1072,935.252713274908,96,2
93,1385,1191.31356061615,97,4
3,3635,185.028858889694,71,68
86,7061,5528.11032627336,86,0
34,1245,204.533673613162,75,41
18,3222,280.609364976141,64,46
29,6511,876.586073131562,72,43
92,6851,5815.1141516831,96,4
67,7368,3862.85641695307,82,15
61,4325,1900.92727911396,62,1
77,2987,1995.16538413133,81,4
51,1293,406.178720743401,83,32
47,2819,765.335708546156,66,19
45,9549,2405.50977875155,64,19
34,3607,592.572659215,89,55
65,9832,4872.09387167432,91,26
80,3774,2674.25485290315,93,13
50,3293,997.926384568701,80,30
95,6575,5828.43746339819,96,1
95,1473,1305.74728267461,96,1
16,9160,738.230717350315,82,66
55,9765,3527.95060609662,57,2
72,8967,5351.94016145118,78,6
82,7841,5759.18149986122,85,3
26,5915,706.537308721273,88,62
41,4320,934.018967672069,74,33
12,9859,682.162382383181,87,75
11,9041,602.587383248147,76,65
82,4070,2989.39787073526,92,10
0,2889,186.722348259975,83,83
53,4357,1469.04553895143,90,37
66,2035,1037.56786096502,77,11
50,1610,487.902058656426,83,33
15,6290,487.801648938748,78,63
19,9074,821.778455581966,83,64
63,7856,3670.54613352862,66,3
66,3397,1731.99902884431,85,19
89,1148,937.172208629165,95,6
25,2113,242.537480623193,79,54
73,1000,611.290197198174,74,1
66,4545,2317.31986638133,75,9
89,6719,5485.06974719456,95,6
9,2081,128.878698156513,68,59
51,2043,641.781226975073,69,18
82,1328,975.41041089347,85,3
30,2817,394.683448722355,47,17
45,1416,356.707702032904,88,43
48,4223,1189.7008436472,70,22
31,1203,175.404858948024,74,43
4,5369,281.259465376531,79,75
65,4831,2393.92651485543,90,25
66,5970,3043.87229973522,77,11
56,1083,404.758465004922,80,24
45,1712,431.273718842042,64,19
3,2658,135.297580998296,25,22
45,2094,527.504186480862,71,26
46,3729,975.335123544748,55,9
52,3449,1122.69543513622,81,29
17,6399,536.047032082116,49,32
12,7457,515.963574949933,54,42
92,4294,3644.73801887713,96,4
66,9993,5095.0445378985,94,28
59,1446,596.551916664651,80,21
77,7216,4819.92414191217,81,4
26,3229,385.698896003549,75,49
26,7126,851.189325773084,77,51
89,2650,2163.33305998893,99,10
10,1232,79.1341633907404,68,58
28,9942,1286.1582194039,86,58
43,7082,1653.58098481553,83,40
18,5390,469.42410838653,84,66
92,2420,2054.09082572954,95,3
22,2412,245.814388859569,81,59
40,3979,827.583017645963,66,26
5,3757,202.958064321701,24,19
19,7171,649.435012671179,86,67
22,8694,886.032461337101,55,33
63,7364,3440.66977180559,65,2
91,6058,5075.93353222436,98,7
81,3331,2403.91784054423,85,4
25,8028,921.481729504493,78,53
61,1697,745.866726625754,74,13
37,2934,542.682242692057,78,41
98,9288,8708.81531685551,98,0
26,9444,1128.07072587721,67,41
58,1116,445.715370192505,90,32
0,4670,301.832248658388,66,66
53,8096,2729.72060669056,88,35
4,2219,116.244133669309,70,66
32,1903,288.743675755154,91,59
66,8740,4456.18825790382,72,6
81,1982,1430.37080755289,88,7
74,1187,742.640806878084,81,7
5,9871,533.24435797698,79,74
95,1237,1096.54405204921,95,0
58,3320,1325.96328766946,76,18
0,1097,70.9014939567992,72,72
25,7101,815.077449079647,87,62
61,9762,4290.60164132033,68,7
70,3475,1973.16115101133,77,7
44,3940,955.684898787167,64,20
64,6008,2891.74501000698,78,14
52,6512,2119.74272937288,91,39
27,7342,912.67427278759,81,54
3,6584,335.138929004056,73,70
84,5926,4499.51990682842,89,5
85,8235,6351.170275818,94,9
62,7997,3624.96547836041,85,23
65,8562,4242.7652287709,88,23
74,9077,5678.98113229348,84,10
12,7960,550.767072093531,75,63
49,5475,1600.00436800626,66,17
22,4407,449.131016461077,66,44
43,1229,286.960043820712,81,38
43,5560,1298.20817220762,88,45
72,1648,983.606265871701,78,6
78,3101,2113.99891256376,79,1
73,2045,1250.08845327027,92,19
69,3255,1800.91898137597,85,16
1,6536,316.556644647906,84,83
94,5135,4479.96518905471,95,1
59,1393,574.686597450801,77,18
16,6286,506.606800138,78,62
85,1264,974.848722359921,95,10
36,7579,1347.67242542118,75,39
25,8110,930.893974374868,66,41
11,2859,190.553846776513,63,52
31,3565,519.799104031342,79,48
82,2129,1563.74153975316,83,1
87,2200,1747.44930944522,88,1
51,9301,2921.7852139477,76,25
64,6457,3107.85578056176,81,17
18,6287,547.545337555866,80,62
32,9370,1421.71741556794,89,57
59,7996,3298.77532894229,87,28
94,3967,3460.95850145668,95,1
1,7417,359.225923095703,75,74
71,3632,2115.09264182865,93,22
6,1286,71.7549720057905,60,54
69,6724,3720.23939501444,82,13
88,6940,5589.68021230087,88,0
50,8769,2657.39947351441,87,37
96,6660,6017.98430783778,96,0
67,6711,3518.40790094626,78,11
46,6716,1756.597127843,87,41
45,7519,1894.12797428348,65,20
88,1110,894.026662197977,91,3
20,6106,575.102307388321,53,33
36,9985,1775.49929645474,91,55
64,7024,3380.76180930243,86,22
1,5490,265.89595763724,80,79
53,2130,718.170070683163,88,35
77,7442,4970.88074613503,80,3
83,2178,1627.04125764459,86,3
54,2413,842.362886456105,62,8
37,7539,1394.43811440198,73,36
26,4656,556.15176828508,89,63
90,3988,3298.61129845745,94,4
74,5554,3474.83322780192,89,15
41,4848,1048.17684149866,73,32
74,8395,5252.29113204845,82,8
94,7487,6531.9375599713,97,3
48,4946,1393.38393859319,78,30
99,7171,6829.52380952381,99,0
8,9033,539.805308453001,81,73
76,8744,5718.58012923161,81,5
99,9490,9038.09523809524,99,0
96,2440,2204.78704371234,96,0
69,2113,1169.07582416203,81,12
53,1427,481.140230452993,73,20
39,8512,1702.78017384764,83,44
45,7018,1767.91995258963,66,21
87,3823,3036.59032273139,90,3
33,5750,907.842751942546,53,20
87,2587,2054.84152887944,90,3
70,2599,1475.75419610891,89,19
35,4899,837.352038995549,75,40
16,8665,698.337245179092,74,58
37,2575,476.280427720534,64,27
82,2605,1913.36153642883,85,3
94,9911,8646.72541163024,98,4
57,4486,1733.58297793188,76,19
43,4967,1159.74819988403,57,14
78,6461,4404.56206838905,78,0
3,6021,306.481089236546,60,57
93,1113,957.351619469873,99,6
61,2593,1139.67732595202,61,0
83,4567,3411.70680608946,84,1
89,3656,2984.58327068661,90,1
48,7989,2250.65594124969,69,21
18,6484,564.702396804872,79,61
5,4202,226.997547585784,65,60
24,2218,244.672913980586,77,53
10,6664,428.043883795368,59,49
71,2238,1303.29772368186,83,12
34,9040,1485.1280397293,90,56
96,1038,937.938094825167,96,0
76,8659,5662.99008909155,90,14
33,6825,1077.5698751318,63,30
75,4308,2756.64898038116,88,13
83,4820,3600.70654813909,83,0
48,1647,463.99178060311,88,40
70,3845,2183.25312968016,94,24
67,9912,5196.61140130821,88,21
25,5131,588.954005242595,60,35
47,5972,1621.34971672141,85,38
33,4176,659.330666454273,79,46
6,1836,102.443334838749,51,45
4,8838,462.985873532833,67,63
42,6218,1397.2351577343,86,44
30,4969,696.195263294774,65,35
52,3628,1180.9623191285,86,34
69,3333,1844.07464360249,82,13
75,5721,3660.81448857025,82,7
48,8285,2334.04487085414,92,44
70,3160,1794.29906106354,90,20
76,7511,4912.19754696462,89,13
49,8699,2542.18045612538,79,30
82,9849,7234.04904886279,83,1
8,6168,368.595056187104,76,68
88,7224,5818.42216911549,89,1
69,5159,2854.35976187976,74,5
63,8279,3868.18373720512,80,17
33,5658,893.317267911465,84,51
92,7413,6292.138550055,92,0
2,7576,375.624842636123,75,73
70,2921,1658.59099916665,75,5
59,5148,2123.82383609241,92,33
64,5399,2598.62371987811,86,22
36,3667,652.053672518731,82,46
32,6163,935.116801723075,86,54
35,9413,1608.89870240153,65,30
23,2953,313.092828749,87,64
73,3788,2315.56726698668,84,11
27,3776,469.389546996178,73,46
31,7356,1072.55040932807,42,11
39,1807,361.480706548718,44,5
21,3679,360.419456194619,73,52
7,3642,210.181905621347,84,77
96,2563,2315.92999714538,98,2
86,3618,2832.55957519573,94,8
51,2686,843.771108984359,80,29
24,2033,224.265119081394,86,62
95,2274,2015.79723068707,96,1
40,9544,1985.03451128753,56,16
31,7893,1150.84833888342,59,28
88,9230,7434.11359647507,96,8
91,2431,2036.90894962651,94,3
17,1894,158.661209370765,85,68
89,5511,4498.91641267886,90,1
1,4308,208.648412659605,75,74
1,4451,215.574300080757,42,41
97,2320,2137.1882806471,97,0
10,6444,413.912783189879,78,68
89,5551,4531.57049660322,98,9
67,2651,1389.85238346126,91,24
53,7997,2696.34087101092,72,19
86,8013,6273.43832947577,89,3
48,4990,1405.77959029115,61,13
10,1867,119.921658320221,74,64
91,8976,7520.89458323635,99,8
18,5367,467.420999946291,75,57
34,6406,1052.40378567543,83,49
86,9135,7151.86061896433,86,0
1,1514,73.3272276617089,87,86
20,3358,316.278013136256,60,40
90,9347,7731.22362253805,93,3
74,5376,3363.46838902829,76,2
83,6907,5159.7676614101,87,4
24,8608,949.569181039172,58,34
7,6683,385.679757075086,60,53
40,7629,1586.73808535337,61,21
15,9212,714.40839269058,76,61
16,2998,241.617433473389,82,66
21,7835,767.569023996968,75,54
43,2028,473.519095905943,67,24
34,7472,1227.53060982935,66,32
49,5738,1676.86302531871,66,17
98,7664,7186.0853346663,98,0
35,6457,1103.65015631644,84,49
19,3687,333.909760384694,74,55
48,3471,977.847887354823,82,34
54,2342,817.577239983505,92,38
93,2290,1969.75310744475,93,0
26,5849,698.653714067747,83,57
24,1387,153.003305541512,90,66
24,7898,871.247373588218,62,38
43,7214,1684.40175437154,77,34
9,1601,99.1517519214693,79,70
26,3936,470.148917519346,91,65
50,4163,1261.57532309733,77,27
25,1147,131.656644711217,66,41
54,4459,1556.60841720173,56,2
11,6096,406.301591447927,84,73
27,1404,174.529376054723,80,53
81,1693,1221.80513480678,91,10
2,6530,323.763228935307,88,86
56,7458,2787.33945706991,87,31
51,1487,467.12123568866,73,22
93,4400,3784.67845971917,98,5
96,5182,4682.46166414645,96,0
59,6288,2594.13447578653,68,9
87,9499,7545.00954110005,91,4
43,2248,524.887045165957,73,30
66,4142,2111.84573961529,73,7
56,2437,910.799980809784,80,24
70,2270,1288.94267994121,90,20
16,5131,413.522031738479,63,47
67,4979,2610.36402008813,70,3
55,6493,2345.82522123762,87,32
47,3659,993.388917194176,76,29
76,6965,4555.11328912376,96,20
88,4661,3754.1065518061,91,3
32,7386,1120.68354657255,70,38
21,4152,406.757701038342,87,66
8,9193,549.366788509735,77,69
9,7122,441.073564762464,78,69
95,4979,4413.6562935756,95,0
51,7837,2461.88912178348,74,23
42,2923,656.821866525791,79,37
3,5586,284.338708599128,69,66
65,1481,733.886393810991,80,15
28,6284,812.936858854769,79,51
73,3691,2256.27211785846,88,15
40,9121,1897.05571850938,72,32
39,4226,845.388747025391,58,19
22,3222,328.363997058677,67,45
77,2561,1710.618864667,78,1
13,7047,506.349489907702,82,69
2,7069,350.487330067945,88,86
46,7965,2083.27816010564,59,13
38,1780,342.418662978405,69,31
3,2737,139.318840930149,66,63
27,4460,554.416678920274,77,50
32,5982,907.653530408476,71,39
87,6890,5472.69351912616,91,4
44,4662,1130.81294369182,85,41
72,3936,2349.19554761591,88,16
99,5601,5334.28571428571,99,0
60,4193,1785.95033997222,72,12
6,2839,158.407749241399,67,61
28,6267,810.737634379827,73,45
25,4598,527.774413585159,70,45
79,8222,5716.52173016234,86,7
78,5026,3426.30072058866,97,19
49,9803,2864.81147389322,54,5
98,6759,6337.51967340939,98,0
28,9557,1236.35225335376,71,43
2,7764,384.946050452331,68,66
66,1942,990.15075478824,88,22
85,1953,1506.23382497542,93,8
23,3107,329.420731094868,62,39
11,1106,73.7154790258214,78,67
1,3394,164.380852499234,81,80
25,7913,908.281629991163,84,59
42,1544,346.949354059467,80,38
56,3159,1180.63895747973,88,32
45,8989,2264.43893613967,76,31
68,6098,3285.32428211204,87,19
44,3371,817.668475586686,65,21
38,1320,253.928446703087,58,20
67,4992,2617.17959194215,78,11
66,8352,4258.36205148887,94,28
92,2616,2220.4552066564,94,2
42,7182,1613.8537958906,84,42
20,5462,514.446250074518,66,46
54,3051,1065.08461109721,74,20
37,2424,448.350973512456,88,51
95,7195,6378.03917097338,96,1
94,1150,1003.30281741245,94,0
52,1542,501.941536961452,74,22
93,4012,3450.93863190757,93,0
8,2906,173.660381530435,76,68
74,1041,651.296613277241,82,8
29,5308,714.624309043516,88,59
99,3731,3553.33333333333,99,0
71,6866,3998.41026398556,75,4
73,1370,837.467570161498,81,8
9,2000,123.86227597935,83,74
95,2556,2265.77736219708,95,0
52,7891,2568.62559543633,52,0
82,5928,4354.09105103651,85,3
96,4641,4193.61338929056,97,1
89,1775,1449.02497414353,94,5
10,6046,388.348337549039,87,77
55,3102,1120.70688992439,88,33
10,2208,141.82486425873,71,61
49,1183,345.717838785645,87,38
92,3934,3339.17078860332,98,6
43,3516,820.953225446399,81,38
12,7915,547.653439148279,65,53
53,1936,652.75927551296,67,14
3,5245,266.98111826037,72,69
99,1005,957.142857142857,99,0
46,3592,939.502216082793,73,27
36,2327,413.779355317995,75,39
34,3492,573.679990568001,82,48
0,3475,224.596801731884,45,45
0,2507,162.032858112758,59,59
92,7344,6233.57149758586,97,5
22,4963,505.79469813849,86,64
34,3018,495.809338927327,83,49
27,4319,536.889156111359,60,33
88,1327,1068.80484751055,88,0
65,7780,3855.25735573904,72,7
11,8884,592.123251053704,85,74
98,6297,5904.32924744177,99,1
64,6567,3160.80051276895,64,0
62,4911,2226.11047445642,92,30
53,5336,1799.13403622787,70,17
33,5759,909.263723206456,58,25
16,4923,396.758714139258,63,47
43,6990,1632.0998423977,45,2
69,2127,1176.82171225397,69,0
30,8337,1168.07806602707,54,24
91,8072,6763.44263323126,93,2
69,5132,2839.42126341673,78,9
12,3237,223.973996528488,80,68
56,1838,686.930802104383,85,29
65,7847,3888.45815815992,83,18
45,3566,898.318972774954,57,12
22,1641,167.239391425602,81,59
5,6494,350.814391723484,78,73
10,1334,85.6858554896491,47,37
28,3801,491.720719367756,54,26
80,3050,2161.2287496965,94,14
61,2302,1011.77678532262,88,27
28,9909,1281.8891365996,81,53
9,7704,477.117487072454,67,58
74,3657,2287.98435615261,95,21
2,2603,129.059063540368,64,62
52,1077,350.577843908874,86,34
12,9413,651.302820303569,74,62
77,5010,3346.42737679877,85,8
13,8372,601.554977934906,50,37
92,4878,4140.43597021021,92,0
2,1992,98.7651381376924,87,85
10,4821,309.663800086655,78,68
89,4751,3878.488818116,89,0
8,6142,367.041315677885,87,79
78,3429,2337.6015063467,97,19
63,9000,4205.0553973724,88,25
55,9995,3611.0462168905,58,3
38,3686,709.075950414831,63,25
59,2495,1029.32021582179,74,15
54,8367,2920.86625403159,83,29
99,5433,5174.28571428571,99,0
58,4694,1874.72038322905,59,1
48,5628,1585.51653991154,89,41
40,1746,363.146506360857,41,1
69,8748,4840.07350202057,81,12
3,2018,102.720285347841,74,71
39,2404,480.907370527458,70,31
40,2348,488.355095610134,75,35
52,7841,2552.3499295167,59,7
59,2667,1100.27936496862,71,12
58,8056,3217.45790526059,73,15
47,6654,1806.50720279039,84,37
90,1783,1474.78032726921,92,2
2,1944,96.385255291001,72,70
71,6523,3798.66445557497,74,3
11,7441,495.946545597773,85,74
76,9532,6233.93250135358,79,3
86,1228,961.410491525802,92,6
80,2038,1444.1259645513,93,13
23,2379,252.234283641677,65,42
37,5275,975.681264553714,50,13
39,2526,505.312819447737,65,26
90,9363,7744.45777017479,97,7
77,8217,5488.54166769572,93,16
76,5699,3727.14869127298,80,4
12,4251,294.134525561508,90,78
20,8555,805.764860744691,80,60
0,4893,316.245223273125,84,84
69,8595,4755.42201073009,84,15
43,8579,2003.11653046207,81,38
47,3404,924.158478854599,75,28
22,2250,229.304467219747,72,50
11,5069,337.851503781093,68,57
70,1380,783.586298818888,95,25
40,8674,1804.08522117645,69,29
8,4997,298.61697402188,77,69
37,4465,825.86101350376,63,26
51,4788,1504.08639978299,77,26
15,6692,518.977525389205,75,60
75,1653,1057.7392675418,87,12
97,2711,2497.37820208375,98,1
9,1394,86.3320063576066,74,65
28,5852,757.050683962143,89,61
13,7654,549.964381403938,86,73
13,1982,142.413039448995,88,75
39,2548,509.713802039918,86,47
27,3916,486.792761132689,75,48
93,5395,4640.53188413294,97,4
16,5220,420.694797441992,79,63
97,1812,1669.21774333299,98,1
65,3854,1909.78944074785,75,10
30,3233,452.968260461261,83,53
80,7729,5476.76623160795,84,4
21,8280,811.164201492647,90,69
88,7882,6348.39473103104,88,0
66,6570,3349.78911377896,74,8
46,5177,1354.0654155514,66,20
45,1628,410.113092450259,82,37
21,7776,761.788989227877,74,53
86,2800,2192.14118588945,86,0
89,9161,7478.60157077681,96,7
34,3927,645.143563276214,72,38
40,5547,1153.70771522547,82,42
53,3843,1295.74064865512,79,26
19,5523,500.185409982279,49,30
91,9340,7825.88629761893,92,1
56,5088,1901.57993531398,61,5
67,9257,4853.2114348174,95,28
68,5677,3058.50868310103,89,21
54,7702,2688.71900185865,67,13
61,3913,1719.84472674518,64,3
71,2148,1250.88628707267,84,13
45,6561,1652.79606852958,72,27
22,6636,676.29530865344,66,44
91,1150,963.572724010896,96,5
55,6113,2208.53682079556,83,28
44,9201,2231.79105424892,65,21
50,6243,1891.9084175106,72,22
36,4080,725.491950879853,79,43
30,6445,902.994258791471,77,47
1,7165,347.020862745141,81,80
82,3859,2834.41925876348,83,1
9,5916,366.384612346916,25,16
15,9529,738.992354966189,45,30
9,4967,307.611962394715,83,74
28,4143,535.963941157751,48,20
28,9215,1192.10903156376,86,58
85,3186,2457.17407392303,94,9
1,2508,121.469410155592,72,71
48,4705,1325.48957361119,69,21
24,4929,543.729843557398,63,39
18,4806,418.562572338713,88,70
62,3471,1573.37191139039,84,22
99,4235,4033.33333333333,99,0
66,7218,3680.1792729462,71,5
80,4450,3153.2681757867,90,10
76,2183,1427.68303089119,82,6
8,2108,125.972499747473,69,61
9,7230,447.762127665348,51,42
58,2051,819.141778015078,90,32
64,7737,3723.93993715446,70,6
61,6315,2775.57358788547,61,0
74,5236,3275.87806639734,81,7
19,2256,204.312562904223,77,58
56,1250,467.172743542154,57,1
97,9717,8951.31832889995,97,0
40,2467,513.105630694293,81,41
86,4375,3425.22060295227,86,0
43,4244,990.934439361353,70,27
13,9812,705.023583790885,82,69
92,1222,1037.23098720723,92,0
74,6216,3889.01032481396,81,7
70,4390,2492.71293609777,78,8
13,9465,680.090523907535,75,62
96,1559,1408.7143447326,97,1
69,5282,2922.41292154466,76,7
89,4208,3435.20962884279,93,4
40,6581,1368.76698646094,81,41
95,2585,2291.48453884172,99,4
52,4563,1485.31727182562,74,22
50,1086,329.10660602539,66,16
91,2838,2377.92990499385,91,0
7,6574,379.389304655337,72,65
9,2275,140.89333892651,78,69
13,3841,275.988135481124,80,67
23,8849,938.218232847919,50,27
12,8247,570.625131099919,91,79
25,9032,1036.72433742957,66,41
49,3145,919.089267101314,82,33
62,9598,4350.68383910256,63,1
88,5655,4554.70340065726,92,4
38,6568,1263.48639238324,72,34
82,3547,2605.25657186682,88,6
58,4049,1617.11606981134,71,13
54,4502,1571.6194425302,61,7
7,3141,181.268908719564,72,65
56,5577,2084.33791258767,83,27
52,1375,447.580812789881,72,20
19,4498,407.357228698224,25,6
86,8608,6739.26833147728,87,1
92,1401,1189.16580448227,94,2
2,4438,220.040001533674,84,82
86,5826,4561.21948178284,91,5
75,4424,2830.87629740164,84,9
56,9721,3633.10899197862,78,22
23,5009,531.080927600319,87,64
3,7019,357.281309641475,20,17
30,6637,929.894941132505,51,21
0,1630,105.350442251215,61,61
70,3211,1823.25768515032,78,8
82,9274,6811.71396884491,91,9
12,1088,75.2807254318797,23,11
34,2022,332.182400036798,78,44
86,1155,904.258239179398,86,0
30,2843,398.326249456036,53,23
49,2344,685.006436275192,82,33
85,7985,6158.3600063639,86,1
81,7840,5657.97534370063,90,9
92,6362,5400.05199722783,95,3
49,5130,1499.18217495381,70,21
63,5174,2417.43962511164,68,5
74,7696,4814.96516405538,85,11
21,5811,569.284441409876,82,61
3,4150,211.243401483419,20,17
16,5524,445.195030856238,83,67
8,2968,177.36545505242,67,59
51,4723,1483.66751590958,62,11
69,7312,4045.5666948759,84,15
67,3501,1835.48592776231,67,0
84,6365,4832.8457993525,93,9
98,6484,6079.66822938104,98,0
77,4048,2703.85988448731,83,6
90,2832,2342.44413170298,94,4
78,5588,3809.42467700944,89,11
38,6409,1232.89955675764,85,47
40,3879,806.784248667678,85,45
67,7345,3850.79809751904,84,17
31,2289,333.7503924622,86,55
43,9840,2297.54827599333,69,26
21,3844,376.583960209871,82,61
62,9053,4103.64042460883,62,0
62,5890,2669.88203920755,91,29
46,2443,638.976590726688,66,20
45,4725,1190.28523453776,87,42
68,1403,755.872411906066,87,19
53,8864,2988.66643499322,64,11
99,9619,9160.95238095238,99,0
80,2549,1806.22035507422,87,7
65,7185,3560.41440886696,80,15
54,3851,1344.35950092932,87,33
96,4662,4212.58901548644,97,1
86,9602,7517.47845246804,89,3
70,9366,5318.16614111428,80,10
4,3059,160.248222124568,58,54
12,6811,471.265644224754,78,66
58,3877,1548.42158623328,82,24
32,7959,1207.62528393866,66,34
24,1046,115.386775484082,58,34
25,5034,577.820008261786,58,33
48,4024,1133.63869164961,68,20
78,9859,6721.03040276236,78,0
35,9195,1571.63747674302,91,56
9,1991,123.304895737442,72,63
44,5639,1367.79369143676,61,17
87,7622,6054.11756208702,89,2
58,9923,3963.11256130845,79,21
88,4673,3763.77170491094,98,10
5,4902,264.812465079846,64,59
56,4236,1583.15499331565,77,21
85,6671,5144.94923011316,95,10
39,3627,725.561993720088,82,43
31,4052,590.80672357223,68,37
29,2199,296.05479570209,89,60
35,4146,708.646979725566,81,46
13,5572,400.366022103833,77,64
28,6737,871.539722804675,88,60
20,1195,112.552777158376,76,56
33,2300,363.137100777018,85,52
74,2657,1662.33919450301,88,14
97,5197,4787.48598901853,97,0
63,6080,2840.7485351138,75,12
35,5195,887.94526282545,84,49
62,6014,2726.09008213824,74,12
63,6437,3007.54906587624,67,4
7,3487,201.236766859318,79,72
17,5440,455.711182142008,83,66
57,2378,918.961284333928,77,20
59,3998,1649.38766447114,89,30
25,7666,879.930111906009,48,23
67,2304,1207.92904243484,86,19
53,7542,2542.92895450348,85,32
81,4064,2932.9096679591,95,14
96,1814,1639.13266282548,98,2
35,5494,939.051255815789,82,47
12,9473,655.454330897239,71,59
12,3102,214.63309769273,87,75
43,1505,351.403471074184,43,0
57,9574,3699.80459891212,65,8
74,8745,5471.26693862582,78,4
81,2425,1750.07528169312,86,5
45,2348,591.489890094109,83,38
59,1653,681.950427556479,80,21
73,4952,3027.10905652536,89,16
78,3287,2240.79794440409,82,4
23,4724,500.863705726474,40,17
98,9576,8978.85610187429,99,1
28,2014,260.54341720775,67,39
66,9541,4864.58720465221,83,17
17,1102,92.3150225589142,46,29
57,5169,1997.52349820104,68,11
61,5671,2492.52221961971,81,20
67,2823,1480.02764183748,84,17
24,8761,966.446978982829,74,50
66,6423,3274.83949433824,83,17
67,1103,578.275058075358,76,9
42,7893,1773.62127693742,71,29
30,3057,428.309301648647,37,7
30,4172,584.529410035379,74,44
34,6757,1110.06749606758,81,47
42,8311,1867.54927564004,53,11
46,9045,2365.75655469623,76,30
29,7090,954.537745124063,85,56
0,3604,232.934352069557,90,90
14,7564,564.583211589674,66,52
78,1492,1017.11911562242,91,13
93,8729,7508.28597156561,97,4
89,1960,1600.0501122937,93,4
48,9469,2667.60058927191,83,35
26,4875,582.310968726324,59,33
81,5618,4054.40120929976,81,0
87,1112,883.256196410491,95,8
39,8198,1639.96614957741,77,38
80,7118,5043.81188207859,89,9
70,9783,5554.94547923564,92,22
12,4157,287.630492298092,83,71
39,7160,1432.31978909176,89,50
21,4511,441.92774310789,84,63
53,7922,2671.05319246574,61,8
98,5720,5363.31003578957,98,0
88,3094,2491.99864219869,97,9
46,3544,926.947620767656,75,29
40,8644,1797.84559048296,65,25
23,4012,425.373663711815,43,20
56,8606,3216.39090473902,81,25
91,8073,6764.28052255649,92,1
30,7598,1064.5384605582,73,43
5,6781,366.318507896049,83,78
61,4076,1791.48661032797,88,27
62,3316,1503.11185772704,70,8
16,1415,114.038915398548,66,50
29,4435,597.09095904446,78,49
79,3845,2673.31866364318,88,9
39,6061,1212.47070414598,88,49
26,2034,242.958053413198,90,64
68,1654,891.099764285555,81,13
28,8765,1133.89426605061,57,29
75,1149,735.234372901104,94,19
50,1909,578.512440978333,66,16
57,9784,3780.95761392899,83,26
73,6956,4252.1346117105,79,6
95,5324,4719.48305021018,95,0
23,4827,511.784315737022,70,47
77,2423,1618.44182315039,84,7
44,3405,825.915502632057,88,44
75,9339,5975.93891081237,82,7
73,4734,2893.84779353616,76,3
71,7635,4446.2368723463,88,17
55,6119,2210.70453238149,69,14
39,6654,1331.09718947159,78,39
71,9613,5598.12377915717,80,9
33,3538,558.599592412648,71,38
84,1340,1017.44122091632,90,6
1,4426,214.363480601535,45,44
89,1633,1333.10297621204,90,1
55,1472,531.811909080822,84,29
69,4035,2232.47560364117,81,12
76,6890,4506.06325370606,77,1
24,1670,184.221716117033,70,46
53,3202,1079.61528935563,73,20
75,9019,5771.17389834209,78,3
43,2143,500.370523928223,67,24
47,2829,768.050627696727,68,21
88,5705,4594.97487192744,95,7
50,2467,747.61141534497,73,23
25,3407,391.067296016668,78,53
19,3360,304.295306453098,84,65
39,2959,591.932158648398,71,32
91,7836,6565.70075247772,91,0
55,2158,779.653600405172,77,22
49,5021,1467.32820671405,60,11
24,4429,488.573641127149,86,62
45,9089,2289.63015803465,78,33
15,8766,679.820231255495,83,68
87,7564,6008.04844392892,94,7
9,5630,348.672306881869,63,54
84,4694,3564.08141117999,90,6
0,8214,530.88867033833,80,80
21,6861,672.14946696148,78,57
96,1461,1320.16142248513,96,0
76,3923,2565.64385258184,85,9
62,2505,1135.4931253336,64,2
9,5722,354.369971576919,81,72
19,7918,717.086379909412,52,33
69,2206,1220.53065220135,90,21
92,4114,3491.95440374023,92,0
13,4963,356.607424210575,28,15
47,5292,1436.73521448253,69,22
91,7674,6429.96268179097,96,5
27,3342,415.439583172994,84,57
59,2179,898.953406924118,77,18
27,8352,1038.22603191528,85,58
0,3447,222.787100883397,61,61
74,5824,3643.75742144731,86,12
90,9283,7678.28703199109,92,2
19,4488,406.451587905209,79,60
75,5592,3578.26859291817,75,0
23,2861,303.338497477443,57,34
24,4703,518.799240058925,77,53
38,9913,1906.96416073311,87,49
96,4405,3980.36349489871,98,2
39,2062,412.492095685366,73,34
63,8787,4105.53575296792,72,9
26,1893,226.115828471576,78,52
34,4176,686.050297998846,89,55
85,8079,6230.85666767864,85,0
24,1308,144.288625557532,81,57
23,8755,928.251850896545,77,54
4,5106,267.481994824467,75,71
79,2349,1633.19259841296,82,3
33,5841,922.210350277637,89,56
93,3988,3430.2949312182,95,2
59,2877,1186.91553543859,76,17
45,4971,1252.25564039941,80,35
34,7917,1300.63702328948,72,38
89,6139,5011.58553029133,90,1
79,7726,5371.66709890954,95,16
19,3091,279.933569120989,87,68
83,6253,4671.20706338459,85,2
81,1692,1221.08345427825,84,3
4,3868,202.62835017255,82,78
97,8114,7474.63177119421,97,0
64,6549,3152.13682931686,87,23
59,5345,2205.0968150571,81,22
44,4251,1031.12094029042,76,32
66,5288,2696.14685443883,91,25
81,3911,2822.49254709352,97,16
28,3213,415.653425763904,69,41
46,1649,431.302659888788,82,36
21,2164,211.999919327305,81,60
0,8052,520.418258286369,71,71
37,3682,681.034770822138,72,35
25,1499,172.060427569411,85,60
70,1044,592.800069541245,79,9
32,7429,1127.20797014453,77,45
94,3622,3159.96765623294,95,1
46,5366,1403.49913460475,76,30
9,5459,338.082082285634,56,47
39,2426,485.30835311964,80,41
38,1944,373.96734878091,65,27
70,9379,5325.54775117561,86,16
50,1994,604.271245317337,85,35
62,5265,2386.57537121015,71,9
95,8193,7262.72062929603,97,2
68,9596,5169.88714515368,79,11
81,4924,3553.55492249769,93,12
35,5981,1022.29078286025,76,41
19,2078,188.192156788553,61,42
10,3917,251.59782305319,49,39
32,4479,679.602166950779,84,52
40,3094,643.51391218814,87,47
38,4816,926.454090395504,72,34
42,8275,1859.45978292881,61,19
42,3382,759.962898593987,85,43
51,8321,2613.93127247165,92,41
56,1068,399.152392082416,72,16
71,9780,5695.376111532,73,2
91,6340,5312.21832193833,95,4
57,3586,1385.78434214528,68,11
45,4523,1139.3989663099,69,24
68,3912,2107.607181309,82,14
47,2611,708.865390214265,63,16
23,3222,341.613645184314,81,58
84,2561,1944.52758713932,87,3
20,4838,455.673921248722,82,62
40,7694,1600.25728518925,64,24
59,1908,787.151491698585,66,7
90,2982,2466.51426579742,98,8
31,9588,1397.98984837378,76,45
59,1598,659.260001957201,94,35
51,2873,902.514667204789,68,17
88,1649,1328.15312249051,89,1
76,1176,769.104555349539,76,0
47,4568,1240.17506798114,65,18
23,5758,610.493907191583,87,64
66,3327,1696.30873387254,86,20
76,2241,1465.61505828088,92,16
28,2551,330.013037386778,83,55
12,3819,264.243649287085,58,46
28,4682,605.692293627948,79,51
82,9731,7147.37854548521,93,11
37,1805,333.858707586626,87,50
87,5582,4433.75547514691,91,4
58,4548,1816.40994949419,60,2
3,8095,412.051887953802,67,64
48,1881,529.914110087704,78,30
43,9393,2193.17794272412,79,36
40,6065,1261.44533853299,83,43
1,7013,339.659080311469,74,73
1,4484,217.172581793331,78,77
82,4917,3611.51580599638,85,3
32,6220,943.765456225463,89,57
79,8724,6065.547990019,85,6
98,6521,6114.36096912304,98,0
87,4973,3950.02973448685,88,1
39,5442,1088.64305757505,85,46
11,2304,153.562806216539,71,60
66,6244,3183.57431148186,71,5
16,2453,197.694317648507,79,63
32,1850,280.701944375741,82,50
11,9080,605.186753665875,82,71
12,3974,274.968384987399,84,72
25,2254,258.721950461276,58,33
11,4919,327.85392525137,39,28
73,8622,5270.54408024266,79,6
81,7603,5486.93705843825,91,10
1,2444,118.369712288782,22,21
30,9094,1274.13961046542,92,62
25,8285,950.981082329936,67,42
88,8067,6497.39917473071,88,0
80,1455,1031.01240354374,83,3
18,3494,304.298299573754,64,46
71,5747,3346.76140214462,75,4
89,6007,4903.82705334094,96,7
29,1016,136.785662770952,76,47
40,5755,1196.96915470031,79,39
1,6372,308.613668864207,85,84
49,9073,2651.47755815905,66,17
85,4546,3506.06193975332,89,4
41,3889,840.833278999231,79,38
78,6156,4196.63892477991,78,0
41,7574,1637.56010674728,79,38
55,4780,1726.94356345539,79,24
75,2376,1520.38021759184,88,13
29,2683,361.216469699275,84,55
6,8236,459.544284167722,83,77
34,7594,1247.57326700269,73,39
73,1519,928.549809544026,92,19
88,8239,6635.93303590012,93,5
47,4803,1303.97566801958,74,27
72,8734,5212.8744697351,88,16
37,5553,1027.10105442024,71,34
52,3630,1181.61334576529,89,37
47,3091,839.181509441705,60,13
44,2763,670.192227245925,78,34
64,7398,3560.77389880686,64,0
64,3470,1670.16564326302,69,5
89,4801,3919.30642302145,91,2
76,9421,6161.33844893538,79,3
70,3643,2068.55426565015,82,12
5,5509,297.603400678268,65,60
93,3179,2734.4301871471,93,0
75,4034,2581.31893845349,76,1
99,2126,2024.7619047619,99,0
47,4644,1260.80845352549,73,26
29,6668,897.723227713294,55,26
79,1065,740.464077185951,90,11
97,5183,4774.58916318704,98,1
69,7583,4195.50495722702,83,14
14,1404,104.795720395545,63,49
23,9030,957.408819371308,65,42
17,2766,231.709031214117,49,32
12,4472,309.425922914858,83,71
56,1370,512.021326922201,61,5
5,7708,416.396262920328,71,66
28,9290,1201.81149248262,77,49
22,1208,123.111020622868,73,51
63,3172,1482.04841338503,91,28
53,6517,2197.33068105266,64,11
75,3003,1921.5916639008,92,17
63,2327,1087.24043440951,78,15
87,6370,5059.66004598456,92,5
5,3363,181.673667903615,86,81
74,3849,2408.10822718934,76,2
58,1387,553.949120481187,79,21
9,6645,411.532411941389,66,57
46,4308,1126.7749295336,88,42
22,5508,561.33733575394,76,54
44,9751,2365.19884468875,91,47
20,4224,397.843456666929,79,59
44,8162,1979.77161012712,83,39
45,7501,1889.59355434238,47,2
73,1271,776.949840638879,82,9
23,9912,1050.92316917037,86,63
4,3641,190.736769125712,31,27
3,1757,89.4348569653898,32,29
28,9727,1258.34449810317,77,49
49,5169,1510.57946634235,89,40
76,7599,4969.74958852139,89,13
76,3580,2341.32169060489,91,15
78,5007,3413.34813131465,83,5
90,2418,2000.01056160233,92,2
67,6757,3542.52453981432,74,7
75,5608,3588.50684354168,81,6
95,1511,1339.43254862276,95,0
48,4770,1343.80133180136,86,38
58,6938,2770.94376200322,74,16
33,8822,1392.86761002385,67,34
24,8580,946.480433703078,72,48
4,5770,302.266179031958,73,69
71,1349,785.589199842196,85,14
51,5125,1609.95045924975,84,33
88,7505,6044.74783765389,92,4
47,8177,2219.98938942246,80,33
11,3655,243.607663507574,81,70
77,5908,3946.24609623297,77,0
52,9232,3005.13895540086,80,28
67,9730,5101.19339535198,76,9
82,1297,952.641041362071,96,14
56,1126,420.829207382772,74,18
22,5319,542.075760507481,85,63
11,1029,68.5833887138971,70,59
70,8974,5095.58220695703,90,20
61,6302,2769.85981802917,66,5
83,9265,6921.27513869474,87,4
42,1089,244.70715451474,76,34
52,1480,481.759711221109,73,21
90,2498,2066.18129978603,92,2
87,2201,1748.24360458587,92,5
15,1311,101.670582155596,56,41
98,1498,1404.58713874349,98,0
21,2515,246.386227868842,73,52
60,9175,3907.96431415339,80,20
9,3625,224.500375212571,73,64
76,7283,4763.08543929481,76,0
55,3463,1251.13087034435,92,37
25,9180,1053.71229158586,32,7
36,8211,1460.0525511457,86,50
31,4475,652.482746294602,70,39
31,3845,560.624840112345,45,14
60,8117,3457.32385155128,81,21
80,6044,4282.7759223494,81,1
39,1547,309.469094095665,44,5
0,7611,491.915469922697,85,85
20,1607,151.357584011305,85,65
65,4228,2095.11929306743,82,17
16,3316,267.24596711066,37,21
55,4411,1593.62930092086,74,19
65,8471,4197.67160160223,90,25
79,3654,2540.52181975349,82,3
58,6744,2693.4627747117,82,24
76,5769,3772.9287243295,80,4
31,1217,177.446145752074,72,41
82,2932,2153.54166019552,89,7
80,9822,6959.8651736128,80,0
23,4736,502.136009805373,82,59
24,3254,358.956565416063,88,64
45,2568,646.910578263063,62,17
62,5403,2449.12948350398,74,12
10,8232,528.76009174722,24,14
16,7436,599.288604172155,58,42
58,9198,3673.55732529629,82,24
59,5892,2430.76341147173,84,25
74,5271,3297.77564705508,81,7
60,6887,2933.42236856396,79,19
6,4032,224.973598077253,67,61
62,4713,2136.35892203484,79,17
78,8874,6049.54090618858,86,8
16,2281,183.83234347992,51,35
72,1746,1042.09741517718,90,18
27,1176,146.186998746691,71,44
58,2688,1073.55099917334,66,8
20,3261,307.141929969426,70,50
79,9235,6420.83169278146,86,7
81,7616,5496.31890530918,91,10
40,5045,1049.29789495448,74,34
33,2222,350.822016489798,79,46
80,3803,2694.80424101502,86,6
54,5510,1923.50580371866,66,12
80,2724,1930.2252833355,84,4
66,5227,2665.04531167772,87,21
58,3939,1573.18355124398,69,11
19,3889,352.2037044036,82,63
7,2635,152.067358954489,74,67
21,3911,383.147728506974,60,39
4,9014,472.205777780601,67,63
49,5451,1592.9906502287,82,33
45,7072,1781.52321241292,79,34
60,1856,790.537522296314,72,12
49,8191,2393.72342983366,83,34
7,9904,571.56551160731,89,82
34,3814,626.579462779598,58,24
40,4999,1039.73046122447,69,29
99,3050,2904.7619047619,99,0
48,7217,2033.16859782188,61,13
3,6231,317.170514371852,68,65
27,2874,357.263124488087,87,60
39,5579,1116.04917644455,55,16
2,8531,422.974595106754,85,83
22,2903,295.853719261744,64,42
62,4747,2151.7708047739,86,24
62,6687,3031.15470223785,86,24
83,7230,5401.05982220863,89,6
22,4641,472.978681051931,52,30
54,7943,2772.85056242057,74,20
19,1050,95.092283266593,54,35
44,6650,1613.02146622707,80,36
22,5196,529.540449632802,75,53
46,4839,1265.6601402073,83,37
32,3051,462.930612048856,38,6
23,5271,558.859566656275,77,54
50,3011,912.467763114595,61,11
43,6315,1474.49363444084,53,10
59,6923,2856.10575316001,64,5
25,7736,887.964955088037,84,59
32,6246,947.710456524798,74,42
20,5636,530.834687920173,73,53
19,6705,607.232151716672,71,52
23,6766,717.367449819078,63,40
18,2298,200.136660681307,74,56
61,6474,2845.45738843555,89,28
78,5841,3981.89862892129,81,3
77,7917,5288.15679483351,81,4
61,5270,2316.27439559088,77,16
31,6989,1019.03953382189,74,43
67,1635,857.189229332013,90,23
81,4877,3519.63593765663,88,7
50,7024,2128.58637267251,56,6
6,4128,230.330112317188,86,80
68,4126,2222.90062118634,87,19
67,6887,3610.68025835448,88,21
61,5041,2215.62414196843,79,18
39,5135,1027.22934594779,85,46
79,5430,3775.32388649738,80,1
30,4236,593.496304149057,81,51
72,1097,654.742763143966,86,14
83,3123,2332.98891075485,97,14
49,5219,1525.19137837894,64,15
54,1225,427.63967505542,76,22
81,3604,2600.93662483381,94,13
0,6354,410.672828260257,80,80
14,3723,277.887797031776,62,48
90,3265,2700.59325212226,95,5
71,9737,5670.33509181872,71,0
7,8193,472.822721789044,87,80
35,3419,584.385919846047,82,47
4,2844,148.985270912806,44,40
69,5870,3247.74022140612,75,6
90,1036,856.911059478915,94,4
60,8259,3517.80678698559,78,18
54,8100,2827.65825955012,65,11
3,5716,290.955971778126,79,76
59,1174,484.337448246404,91,32
18,3643,317.274958599653,82,64
52,7024,2286.40554838991,75,23
81,4814,3474.17006435904,92,11
4,3529,184.869557331678,68,64
61,4186,1839.8338937274,75,14
76,1152,753.408544015875,92,16
54,5060,1766.4136781881,77,23
53,2418,815.274756296662,81,28
29,7881,1061.03130737979,59,30
2,1759,87.2127901527113,82,80
18,1259,109.648414185277,72,54
43,5573,1301.24355102753,90,47
6,9839,548.986912569963,87,81
8,9648,576.557247421073,86,78
56,4135,1545.40743563745,80,24
55,8378,3026.8479444831,68,13
73,5731,3503.30412014273,77,4
11,9517,634.313032449134,67,56
49,5505,1608.77151522821,80,31
42,4927,1107.13696078432,52,10
17,4513,378.0559862145,61,44
75,7140,4568.81934074316,75,0
12,5067,350.595069635417,83,71
34,5794,951.861931658361,80,46
15,3227,250.260082849816,47,32
88,2534,2040.95816397268,88,0
5,4822,260.490760223381,62,57
38,6939,1334.85567550964,53,15
4,9387,491.74568848752,76,72
78,4292,2925.92174547683,86,8
43,6016,1404.67992158292,69,26
10,8181,525.484245697765,76,66
12,1038,71.8211332704881,60,48
98,1715,1608.05536912222,98,0
71,9991,5818.25181291577,74,3
66,1594,812.719002642871,82,16
31,8009,1167.76185811698,77,46
26,2474,295.515351103369,73,47
70,7081,4020.7062187946,72,2
63,6206,2899.61931067701,66,3
94,6304,5499.84431388528,95,1
57,5173,1999.06926991565,76,19
35,7216,1233.3807539073,44,9
49,2812,821.773932937645,76,27
41,5887,1272.81705154756,68,27
59,7083,2922.11426399428,81,22
46,4421,1156.33053933798,72,26
71,4070,2370.16163332671,72,1
11,2441,162.693927940353,75,64
52,3493,1137.01802114549,70,18
67,3146,1649.36838867187,68,1
53,6678,2251.61489766299,68,15
77,9932,6634.0751908913,92,15
10,2274,146.064194440376,87,77
97,9402,8661.1397476914,99,2
45,1137,286.424192945912,60,15
7,4461,257.446864628454,62,55
5,2531,136.727937396387,76,71
24,2991,329.944402937751,33,9
1,6171,298.878680251259,52,51
27,2995,372.304473848928,84,57
58,1999,798.373678328689,61,3
58,5905,2358.37747400246,73,15
26,3037,362.76480246602,47,21
68,6738,3630.12709296014,80,12
47,8338,2263.69958774666,88,41
99,5369,5113.33333333333,99,0
27,3646,453.229419583704,72,45
77,3209,2143.45019004936,88,11
21,8396,822.528337648824,90,69
18,3023,263.278122384505,69,51
70,7881,4474.95914564613,72,2
31,2208,321.940090238767,68,37
61,8537,3752.18871255395,90,29
54,6007,2097.00532902686,82,28
29,1292,173.943972736289,72,43
22,6010,612.497710218079,52,30
31,8997,1311.8183840028,86,55
77,3211,2144.78608920177,79,2
51,1450,455.498178714565,73,22
70,4693,2664.76123214278,79,9
84,2535,1924.78619031557,87,3
91,6663,5582.85657398661,91,0
50,4520,1369.76230132115,70,20
90,7320,6054.62254380855,92,2
48,3067,864.033267219027,88,40
94,4189,3654.63956707891,99,5
69,9106,5038.14692608588,71,2
81,3534,2550.41898783648,82,1
74,6604,4131.76064753401,93,19
6,3699,206.39318930748,86,80
39,6417,1283.686604274,55,16
31,3537,515.716530423242,57,26
67,3191,1672.96075278193,80,13
17,3137,262.787863672698,79,62
55,3299,1191.88008699567,59,4
49,8637,2524.06168520001,57,8
78,6251,4261.40187114997,78,0
84,9318,7075.0129078345,91,7
34,6616,1086.90344146561,79,45
21,9291,910.208526095191,67,46
82,4663,3424.95387499718,83,1
17,8410,704.50938268645,70,53
17,4963,415.752683266689,82,65
86,1072,839.276911169104,90,4
65,5242,2597.59113866119,83,18
79,6915,4807.80196595385,81,2
12,6582,455.420712125581,85,73
34,1301,213.733581823874,74,40
72,8046,4802.24272767215,77,5
80,3435,2434.03959187131,91,11
54,4493,1568.47760001959,80,26
53,7830,2640.03364011698,77,24
82,8944,6569.33035770421,94,12
78,8256,5628.24089717071,89,11
82,1125,826.307765252375,96,14
93,3373,2901.3001010529,97,4
18,3356,292.279648932318,79,61
35,4921,841.112346172096,77,42
34,2838,466.238205392894,86,52
39,6929,1386.10947187386,84,45
16,2467,198.822617871531,74,58
49,6121,1788.79027151896,84,35
90,3824,3162.96128518086,95,5
81,1035,746.939347031907,81,0
20,1528,143.916856483681,83,63
1,4712,228.215255443839,83,82
60,8740,3722.68208236519,76,16
25,7118,817.028768138139,49,24
9,3090,191.367216388095,9,0
63,1138,531.705893578865,86,23
37,3140,580.784676909699,87,50
6,8428,470.257312647591,28,22
99,2314,2203.80952380952,99,0
69,3811,2108.54139417014,70,1
59,9603,3961.74830963392,70,11
68,4294,2313.41135903396,75,7
69,4137,2288.90993116816,74,5
66,4108,2094.51045348614,89,23
8,5581,333.51637622896,73,65
71,8203,4777.01127227986,92,21
96,5704,5154.1415153013,99,3
43,9150,2136.43970785966,92,49
30,7237,1013.95957344824,90,60
53,5396,1819.36417906401,53,0
31,7135,1040.32723906413,80,49
40,1366,284.111184243374,84,44
74,5505,3444.17661488109,81,7
89,9004,7350.43429137369,90,1
61,4224,1856.53568253812,80,19
37,6702,1239.6238549837,71,34
89,4357,3556.84609146104,93,4
62,8000,3626.3253503668,79,17
56,5318,1987.53972012574,56,0
71,4514,2628.72472059872,79,8
93,4748,4084.01211971514,93,0
75,9085,5813.40668216408,88,13
52,4967,1616.82465245625,85,33
55,2844,1027.49529172952,70,15
93,4869,4188.09077735742,98,5
81,1159,836.427732570029,89,8
41,7867,1700.90907839726,84,43
71,7525,4382.17844982396,80,9
1,5840,282.847430346354,60,59
79,5092,3540.32214181302,91,12
29,4930,663.733580177945,83,54
92,8491,7207.14264515271,96,4
44,1835,445.096900831079,77,33
86,5992,4691.18213780342,87,1
42,7615,1711.15241655624,83,41
90,1875,1550.87667618047,96,6
23,9704,1028.86989846945,80,57
93,1699,1461.40197796884,95,2
64,5945,2861.42211792468,80,16
6,7442,415.241447641596,86,80
29,2594,349.234261051032,78,49
99,6471,6162.85714285714,99,0
27,6236,775.188881109154,87,60
60,5008,2133.08831447195,85,25
86,8206,6424.53948978887,93,7
6,8521,475.446435817528,79,73
46,4248,1111.08168538967,90,44
92,1001,849.646659733584,95,3
70,6286,3569.29237273589,88,18
53,4713,1589.07771977922,93,40
76,7293,4769.62544401717,81,5
7,8311,479.632569362717,76,69
0,2085,134.758081039131,72,72
53,5336,1799.13403622787,65,12
51,6243,1961.15526187243,83,32
44,4281,1038.39772885986,86,42
38,3367,647.709909128252,50,12
96,8471,7654.40616692099,98,2
72,4651,2775.94219816097,89,17
74,6591,4123.62726043256,76,2
52,9511,3095.95717123241,88,36
74,4552,2847.93677582901,74,0
65,5174,2563.89480187581,73,8
51,2761,867.331359607526,65,14
24,5129,565.792324529498,65,41
43,3388,791.066418604209,90,47
4,9783,512.490473044999,34,30
47,2567,696.919745951749,71,24
62,6334,2871.14309615291,64,2
28,1347,174.256198102701,81,53
76,3511,2296.19565802061,86,10
68,8717,4696.32203462949,76,8
11,4993,332.7860639927,72,61
15,9384,727.747324903213,82,67
94,7175,6259.73714342114,95,1
52,8364,2722.59339503605,81,29
50,6564,1989.18578448495,64,14
76,4313,2820.70403675388,77,1
50,4288,1299.45591771351,77,27
30,6245,874.972714686228,61,31
33,3315,523.391082206877,86,53
13,5025,361.062322518263,79,66
51,6200,1947.64738484848,58,7
22,3988,406.429429009933,60,38
4,3979,208.443176146995,58,54
9,5372,332.694073280533,83,74
77,6672,4456.55957245537,89,12
12,8579,593.596823051558,54,42
59,8080,3333.42979713028,78,19
41,3960,856.184053699397,87,46
28,2034,263.130740119446,88,60
26,2755,329.080352582774,85,59
26,8543,1020.4477140162,86,60
75,5065,3241.04621300617,82,7
80,6042,4281.35872316927,86,6
72,8445,5040.38526413017,92,20
74,8036,5027.68451901624,94,20
30,4584,642.253790892181,88,58
80,2250,1594.34907764496,81,1
76,9360,6121.44442012899,90,14
19,5206,471.476596843698,91,72
6,7552,421.379120208188,87,81
96,6045,5462.26954067258,97,1
3,4327,220.253059811748,59,56
11,3930,261.936557478732,88,77
65,8426,4175.37255520014,82,17
66,8155,4157.91936421117,82,16
75,2377,1521.02010825581,80,5
36,6805,1210.04233473956,83,47
38,8375,1611.09904631693,87,49
75,4515,2889.10634782288,81,6
22,3316,337.943828133636,55,33
56,6019,2249.53019470418,83,27
2,7535,373.592026037908,82,80
38,2052,394.743312602071,62,24
77,6001,4008.36540682025,96,19
16,7002,564.311297258396,78,62
23,6653,705.386586409448,71,48
12,9773,676.211883865588,76,64
60,5499,2342.22297150185,86,26
51,7250,2277.49089357282,76,25
6,6713,374.565417632093,64,58
39,5535,1107.24721126018,79,40
34,4078,669.950458630099,49,15
65,8609,4266.05534390197,85,20
81,6807,4912.47935772579,82,1
84,7737,5874.58412405189,85,1
44,9945,2412.25541077116,79,35
21,3728,365.219824053694,80,59
82,8671,6368.81300666964,83,1
39,5461,1092.44390617739,46,7
79,5989,4163.98061809076,79,0
15,7772,602.733611375509,90,75
31,3645,531.463600054486,81,50
66,4422,2254.60691950237,67,1
38,5167,993.97597281428,85,47
93,7041,6056.34568974607,95,2
17,5927,496.507385396265,89,72
9,3152,195.206946943455,64,55
65,6284,3113.93794646068,69,4
54,9963,3478.01965924665,85,31
1,1279,61.9455245570183,80,79
48,5176,1458.1793906507,91,43
83,2713,2026.70474379696,91,8
52,2731,888.976872530302,66,14
77,5100,3406.54283865744,91,14
60,2555,1088.26690165252,77,17
70,8394,4766.24883498967,70,0
59,5061,2087.93170832628,64,5
64,2460,1184.03673845159,83,19
3,7427,378.04933561864,73,70
32,3052,463.0823428296,89,57
22,1753,178.653658238318,63,41
82,6872,5047.45507805717,91,9
55,1396,504.35422899241,83,28
28,5406,699.35338303133,60,32
78,8826,6016.81857539107,82,4
19,4338,392.866976009981,50,31
42,9351,2101.24573174227,79,37
18,9650,840.434628187387,56,38
80,7141,5060.10967265007,94,14
16,2065,166.424282896114,55,39
15,3011,233.508865652555,74,59
31,3673,535.546173662586,91,60
14,4406,328.86748152619,79,65
66,4278,2181.18688413187,79,13
7,5750,331.835792784939,46,39
9,9516,589.336709109745,82,73
53,4182,1410.04095567934,86,33
98,9152,8581.29605726331,99,1
65,5976,2961.31336219749,70,5
82,6010,4414.31970592602,94,12
74,4242,2653.98677571763,82,8
45,3104,781.935527620151,74,29
99,6735,6414.28571428571,99,0
0,5370,347.074769870567,38,38
24,1838,202.754200133597,68,44
76,1683,1100.68279477319,87,11
84,9985,7581.45566481299,95,11
57,3618,1398.15051586213,76,19
84,7575,5751.58003615007,84,0
60,7591,3233.28142874532,70,10
55,8149,2944.11361895354,89,34
43,5315,1241.00295598624,60,17
6,3784,211.135936290755,82,76
8,9035,539.92482695371,58,50
89,6380,5208.3263859356,97,8
21,6228,610.136551557513,57,36
21,6390,626.00715549976,82,61
98,8950,8391.89245110431,99,1
33,8138,1284.87379396669,85,52
60,2216,943.874541707237,73,13
86,3798,2973.48293714576,86,0
71,8134,4736.82917087948,74,3
47,3009,816.919172407017,54,7
77,3596,2401.9466760416,85,8
72,6736,4020.37124205812,81,9
38,4874,937.61155244761,89,51
26,8539,1019.96992040084,88,62
31,8819,1285.86488035131,87,56
68,7555,4070.28943118342,72,4
3,4517,229.924444457977,69,66
29,1225,164.923658360646,56,27
67,1776,931.111970210187,75,8
51,2413,758.011796716031,84,33
60,4607,1962.28791229478,62,2
98,5612,5262.04474140753,99,1
97,1646,1516.29823704531,97,0
88,5702,4592.55858365123,94,6
37,1583,292.796861002565,69,32
98,1829,1714.94651319215,99,1
92,1637,1389.48209988399,94,2
42,9330,2096.52686099406,58,16
27,2337,290.509367407327,68,41
83,7283,5440.65265354709,83,0
24,4838,533.691414715092,59,35
34,6626,1088.54628221752,80,46
91,4516,3783.90819272453,93,2
67,5392,2826.88949514264,81,14
2,9018,447.120489822143,55,53
14,1417,105.766051139948,74,60
76,2996,1959.38541481906,85,9
5,1930,104.261129662199,73,68
32,5677,861.375642281664,66,34
30,8702,1219.21738401914,88,58
48,7055,1987.53006202486,93,45
22,2411,245.712475763026,84,62
84,3565,2706.84921833333,98,14
2,1623,80.4697887537524,74,72
4,3487,182.669352908915,68,64
26,8140,972.310007268159,69,43
46,8088,2115.44931060068,69,23
7,6668,384.814098485212,67,60
9,2900,179.600300170057,89,80
31,8825,1286.73971755304,53,22
24,3491,385.100605368001,83,59
13,8016,575.975239264955,65,52
59,2199,907.204470778401,84,25
65,6274,3108.98260281577,70,5
49,3885,1135.3455652428,62,13
22,2299,234.29820895031,68,46
88,5149,4147.15611140305,93,5
60,9647,4109.00618404771,64,4
4,5892,308.657249021888,78,74
42,2969,667.158440545697,68,26
85,6430,4959.08013035941,89,4
98,6535,6127.48795172812,98,0
60,1704,725.795225211702,69,9
87,2793,2218.46632785477,94,7
98,9361,8777.26315472485,98,0
72,5913,3529.16495758457,82,10
48,2463,693.874775728876,75,27
89,1225,1000.03132018356,98,9
66,5084,2592.13513766396,67,1
34,9961,1636.43367298049,66,32
75,1374,879.209772294271,75,0
32,1813,275.087905488226,84,52
0,5711,369.114340918213,39,39
69,6452,3569.74785494247,76,7
68,3952,2129.15735698701,74,6
41,1031,222.910545293959,64,23
27,2296,285.412711838778,77,50
17,5086,426.05644712762,88,71
11,5865,390.905320512154,30,19
43,6597,1540.33800576504,54,11
20,7490,705.456318758356,77,57
92,7074,6004.39607488049,95,3
21,9359,916.870261083295,66,45
16,8341,672.225154303382,60,44
78,2261,1541.35812360743,87,9
18,1256,109.387139171332,56,38
1,1324,64.1249996196186,67,66
79,5954,4139.64611790155,82,3
15,5206,403.735355226569,66,51
38,6006,1155.37443249904,73,35
67,2576,1350.53177661117,82,15
99,1899,1808.57142857143,99,0
38,2902,558.257842676029,83,45
31,5926,864.047542914372,76,45
38,2991,575.378775824949,64,26
14,1789,133.532438595178,79,65
36,3180,565.45696171518,54,18
11,7859,523.806464433933,73,62
54,6950,2426.20060541646,69,15
7,7612,439.2928790746,83,76
96,9795,8850.77421850916,97,1
93,4476,3850.05017856887,98,5
84,7273,5522.27611919728,92,8
88,7076,5699.21861415575,89,1
95,8225,7291.08716904184,95,0
80,3310,2345.46464311325,86,6
78,2990,2038.32852259453,86,8
62,3877,1757.40792292151,74,12
44,6001,1455.60027350807,86,42
37,7456,1379.08616275118,55,18
72,6092,3636.00083233641,88,16
40,7088,1474.21674518085,79,39
48,2685,756.416472932209,63,15
54,7171,2503.35029373258,83,29
77,4119,2751.28430439803,82,5
13,1476,106.055321002379,75,62
51,4483,1408.27471391544,83,32
40,6157,1280.58020599301,77,37
62,3479,1576.99823674076,70,8
10,2538,163.021515166964,84,74
6,4725,263.640935246781,69,63
21,2307,226.009156140524,22,1
51,7187,2257.70028304936,77,26
22,4673,476.239900141278,86,64
73,1264,772.670809258492,80,7
97,2392,2203.51481349477,97,0
17,7453,624.34107362213,58,41
24,1907,210.365756068971,88,64
31,3690,538.024879067504,84,53
76,9094,5947.48029451421,90,14
48,8140,2293.19556412223,53,5
89,5193,4239.31644548019,92,3
57,6037,2332.95596027078,78,21
94,2311,2016.20244438275,97,3
38,6636,1276.56755478915,77,39
48,7843,2209.52491516101,82,34
59,3484,1437.33532341607,78,19
39,9077,1815.80540860139,80,41
52,4545,1479.45803209455,82,30
14,1615,120.544934785474,81,67
17,4663,390.621551898563,54,37
81,8856,6391.20276069041,88,7
8,2651,158.421772690015,77,69
82,4417,3244.26791032866,87,5
93,8955,7702.68081972391,93,0
86,2672,2091.92901739165,86,0
27,1314,163.341595538395,82,55
71,3435,2000.36983058409,75,4
1,2622,126.990746980846,64,63
65,3944,1954.38753355203,74,9
76,4636,3031.94618928611,85,9
16,5714,460.507676740142,82,66
15,8700,674.701803778554,26,11
33,6552,1034.46708012653,64,31
0,8079,522.163326961696,65,65
29,7177,966.250690656615,56,27
95,9765,8656.22689430925,97,2
9,4937,305.754028255024,23,14
96,1060,957.817322268475,97,1
23,8399,890.506829889216,73,50
0,7468,482.673069160781,69,69
93,7185,6180.20789388233,94,1
68,4150,2235.83072659314,82,14
18,3596,313.18165004786,78,60
73,7709,4712.43613020072,91,18
49,3543,1035.40008691255,75,26
74,6021,3767.00951829229,89,15
93,4616,3970.47176592357,93,0
27,6328,786.62527897029,45,18
50,1706,516.994355321653,69,19
99,7093,6755.23809523809,99,0
81,1307,943.23645079295,90,9
17,5032,421.532843481358,75,58
42,9057,2035.18154126722,69,27
53,2116,713.449704021396,70,17
29,1253,168.693341980318,65,36
25,1077,123.62180152919,77,52
74,4304,2692.77677573991,83,9
52,1230,400.381381622948,82,30
16,9505,766.035258560562,83,67
74,3231,2021.45951728988,74,0
45,9816,2472.77034121115,78,33
43,6728,1570.9252846426,78,35
61,5705,2507.46592539772,71,10
17,2845,238.326895807723,66,49
40,9645,2006.0412679556,49,9
17,7838,656.592692211224,20,3
86,9639,7546.44603242443,90,4
71,5491,3197.67998245626,73,2
25,8030,921.711296452551,80,55
89,4766,3890.73409958763,92,3
90,4925,4073.63606943403,97,7
55,4889,1766.3236572664,81,26
10,5213,334.842852074618,80,70
55,2214,799.88557520716,66,11
35,5070,866.579881140526,80,45
93,2515,2163.28780140766,93,0
49,5370,1569.31935272943,76,27
24,3453,380.908733983302,79,55
16,4222,340.26311011496,25,9
71,1394,811.794918146791,80,9
6,1267,70.6948285624701,71,65
46,5034,1316.66318367505,90,44
53,8562,2886.84138271796,76,23
35,4484,766.418971801601,44,9
99,4768,4540.95238095238,99,0
25,5311,609.615030567808,60,35
95,6246,5536.79397663652,98,3
1,7417,359.225923095703,87,86
86,7176,5618.14469640811,91,5
51,3051,958.430995350439,53,2
85,2655,2047.64506160252,86,1
30,9179,1286.04876671015,74,44
40,2325,483.571378745128,69,29
44,3518,853.324739576968,83,39
86,1506,1179.05879498197,90,4
8,5930,354.372354602712,35,27
93,4249,3654.79517621517,95,2
6,4403,245.674293733667,69,63
2,3052,151.32088433546,85,83
63,1940,906.423052322495,79,16
13,5402,388.150978356947,85,72
90,3504,2898.27833244606,91,1
15,3902,302.607636591255,72,57
35,3633,620.963453290637,92,57
5,2212,119.495139281236,57,52
58,3002,1198.95837035654,83,25
83,5725,4276.77281910711,86,3
17,3564,298.55784065333,78,61
45,1194,300.78318942605,71,26
33,7132,1126.04078380074,71,38
65,3019,1496.01824639796,67,2
52,6665,2169.54626708695,69,17
99,3184,3032.38095238095,99,0
33,6163,973.049544386419,51,18
37,5536,1023.95667878092,37,0
50,6135,1859.17958376222,91,41
42,2711,609.183742781874,76,34
59,8575,3537.64362752378,79,20
81,2456,1772.44737807765,88,7
65,1935,958.85899528985,89,24
27,3643,452.856493566493,85,58
19,1001,90.6546433808186,74,55
80,9766,6920.18359656919,82,2
32,4081,619.213316214809,68,36
86,6330,4955.80489524294,89,3
5,1423,76.8723251343575,78,73
2,6339,314.293278441181,74,72
70,7346,4171.17750081417,88,18
77,5664,3783.26639963838,88,11
24,5716,630.54570618261,87,63
71,7271,4234.26172872691,85,14
19,2042,184.931849933698,83,64
16,2670,215.182971105387,82,66
44,2768,671.405025340832,81,37
54,1391,485.589214695583,64,10
33,9027,1425.2341777018,75,42
32,3554,539.251194762909,48,16
20,1887,177.729782843394,71,51
28,4984,644.760869594552,84,56
62,1864,844.933806635464,81,19
8,1232,73.6233964368535,81,73
0,3413,220.589606995949,32,32
93,9107,7833.4242574233,93,0
91,8204,6874.04402416121,94,3
40,8040,1672.22102585412,79,39
8,9603,573.868081155117,60,52
54,6078,2121.79097549946,64,10
37,9489,1755.11649655928,53,16
12,1212,83.8605139921306,55,43
37,2054,379.91456253902,60,23
44,4591,1113.59121074413,75,31
14,4187,312.521140524321,74,60
8,3666,219.077411799923,51,43
32,4389,665.946396683852,72,40
24,5973,658.895994231758,48,24
58,6964,2781.32781184642,77,19
8,5420,323.895136921872,76,68
87,2225,1767.30668796164,90,3
78,2903,1979.01929802405,89,11
18,8781,764.751965814865,88,70
98,3905,3661.49050520249,99,1
77,2073,1384.65947147782,85,8
55,1955,706.312691747966,68,13
26,9554,1141.21005029975,73,47
21,1796,175.948177038743,76,55
20,9709,914.455994502654,74,54
95,8518,7550.81829858947,96,1
94,2087,1820.77650429546,94,0
97,2960,2726.75746151527,98,1
10,4434,284.80590947609,91,81
91,6372,5339.03078034559,95,4
63,9234,4314.38683770408,77,14
97,2106,1940.05108579431,99,2
20,4914,462.832089503146,69,49
27,6210,771.956855626659,88,61
83,5871,4385.83986392626,88,5
32,3063,464.75138141778,76,44
73,6191,3784.49761085389,74,1
95,3961,3511.24574791182,95,0
92,7227,6134.26214774687,94,2
8,1003,59.9385281056526,83,75
46,1059,276.985759140222,78,32
1,6184,299.508306380454,71,70
86,8326,6518.48839775556,96,10
39,7940,1588.35462645092,49,10
73,2854,1744.62222280359,94,21
55,3486,1259.44043142374,77,22
63,2393,1118.07750732357,80,17
22,4210,429.054136442282,48,26
84,1687,1280.91294006405,85,1
48,2792,786.560444106789,87,39
37,9623,1779.90157512804,48,11
59,9359,3861.08533061167,81,22
43,5198,1213.68454660705,86,43
11,5781,385.306676535509,66,55
17,3549,297.301284084924,69,52
69,4767,2637.47489530545,88,19
17,1505,126.074509030096,83,66
79,1972,1371.07526780347,82,3
8,3104,185.492713100644,83,75
39,8203,1640.96637289382,57,18
19,8473,767.349443921754,85,66
12,2694,186.402825655776,88,76
78,3693,2517.57432573298,89,11
70,9704,5510.08800270905,73,3
2,5391,267.290592219026,80,78
90,3630,3002.49724508539,91,1
1,5264,254.95014954507,74,73
23,8497,900.897313200222,83,60
95,2132,1889.92071056501,97,2
36,1969,350.12099296138,59,23
73,3046,1861.98994066564,91,18
53,1420,478.780047122109,80,27
8,4655,278.179310400611,69,61
67,8446,4428.0246060784,74,7
82,5891,4326.9147067571,91,9
38,1675,322.219809263387,88,50
53,1239,417.752449566404,66,13
4,4851,254.123610829121,62,58
82,8762,6435.65212368116,85,3
12,2782,192.491707859825,85,73
43,2416,564.113479146331,75,32
47,4504,1222.79958541748,82,35
93,3715,3195.47283587653,93,0
14,8035,599.739040867667,78,64
83,2084,1556.82000961034,83,0
96,2047,1849.67175347506,97,1
49,1336,390.430289617601,89,40
19,3516,318.423302824134,83,64
54,2410,841.315605619234,65,11
39,9291,1858.61496654352,72,33
81,5799,4185.02538496428,82,1
22,6191,630.943980692201,88,66
68,1255,676.136761897444,69,1
87,5634,4475.05882246107,87,0
24,1567,172.859538416401,59,35
67,8618,4518.19986445461,76,9
79,4019,2794.29589315525,81,2
59,4749,1959.21511219947,90,31
37,9787,1810.23555188383,42,5
93,7197,6190.52974422702,97,4
95,3745,3319.77160462756,97,2
86,5681,4447.69788465642,86,0
34,9861,1620.00526546136,72,38
45,1051,264.75974211623,86,41
6,6456,360.225582635601,89,83
68,8709,4692.01199949389,85,17
83,1783,1331.96260899004,91,8
51,3719,1168.27429423411,78,27
68,1265,681.524305816945,70,2
68,2061,1110.37280180927,83,15
49,6853,2002.7086637346,66,17
74,4824,3018.11225979771,81,7
12,1571,108.700385710922,80,68
91,6600,5530.06954649732,98,7
30,4027,564.213790559078,82,52
9,9872,611.384194234069,62,53
8,2901,173.361585278662,75,67
69,4554,2519.62674076379,84,15
41,8200,1772.90637382198,81,40
3,9052,460.765125356123,68,65
52,5638,1835.24408909771,85,33
95,3363,2981.14603641188,98,3
30,2488,348.588008669229,67,37
70,5237,2973.65322240182,73,3
92,2206,1872.448083289,93,1
45,7315,1842.73788161772,74,29
48,3922,1104.90331725889,86,38
68,5042,2716.39964421268,87,19
18,8176,712.061504669438,70,52
94,5126,4472.11325396192,97,3
23,3444,365.151270643941,89,66
55,5949,2149.28603744688,88,33
11,1279,85.2460195967681,74,63
20,1119,105.394608903952,89,69
25,1563,179.406569907265,74,49
87,2795,2220.05491813608,89,2
65,6866,3402.33894659437,71,6
44,2951,715.793435614449,84,40
79,5973,4152.85627514712,80,1
12,2137,147.862968977874,73,61
67,1527,800.56755546788,89,22
74,4667,2919.88596941872,74,0
22,3958,403.37203611367,65,43
76,1746,1141.88482452406,79,3
79,9569,6653.05235172992,83,4
81,8816,6362.33553954908,81,0
6,4832,269.611216743375,88,82
14,6263,467.475496322862,80,66
54,8220,2869.54949302494,64,10
55,9368,3384.5203561611,80,25
39,5876,1175.462441439,89,50
29,3926,528.563496101139,54,25
33,7253,1145.14495301553,75,42
46,9730,2544.92109200601,57,11
87,8560,6799.16640402321,88,1
31,6635,967.424138919483,77,46
88,3152,2538.71354887209,89,1
14,9128,681.321464224028,74,60
92,9512,8073.76526212373,93,1
61,6954,3056.42735236034,89,28
24,7555,833.410218721067,74,50
2,3619,179.433250462002,68,66
71,8781,5113.60916516999,90,19
35,2699,461.321321340883,89,54
73,8867,5420.31017855621,90,17
12,4102,283.824940920561,87,75
56,3733,1395.16468131429,66,10
91,7389,6191.16422410131,92,1
8,4784,285.888253696353,46,38
20,4508,424.592401196618,71,51
38,9028,1736.71667942081,79,41
79,3163,2199.14354567058,80,1
85,2558,1972.83467705433,90,5
51,5900,1853.40638235581,56,5
58,5057,2019.69769450134,82,24
27,3328,413.699261759343,61,34
65,4380,2170.44051647005,81,16
69,1950,1078.89155566302,77,8
56,2237,836.052341843039,81,25
91,4241,3553.48862828714,92,1
74,3256,2037.10064633112,93,19
9,7763,480.771424213845,50,41
17,6551,548.780138641966,64,47
45,7771,1957.60985345882,92,47
27,2517,312.884928439984,67,40
41,5756,1244.49379118529,90,49
92,1995,1693.35173443407,93,1
74,3551,2221.66596901776,93,19
66,5036,2567.66179254046,68,2
53,1201,404.940025770178,71,18
22,2539,258.757352120416,87,65
79,5407,3759.3326435159,79,0
4,7639,400.175275844909,79,75
39,9262,1852.81367130837,45,6
72,1229,733.526760167671,83,11
94,6382,5567.89441802282,97,3
24,7277,802.743370169849,74,50
31,7653,1115.85485081399,78,47
63,8695,4062.55074223922,84,21
73,2589,1582.63032054607,87,14
67,2662,1395.61940579928,74,7
72,2305,1375.73570560332,93,21
42,3347,752.098114013623,65,23
3,4190,213.279482461573,82,79
79,1768,1229.23989527208,89,10
59,5020,2071.017027425,66,7
72,3106,1853.81132390625,76,4
41,3129,676.515127279145,74,33
97,1705,1570.6491459066,97,0
14,4981,371.785956759409,73,59
23,5711,605.510716215896,64,41
91,1291,1081.71511886788,94,3
39,9337,1867.81702105444,80,41
20,3517,331.253654615906,60,40
13,1391,99.9477991289362,48,35
39,2758,551.723181328923,62,23
97,1779,1638.81808244448,98,1
76,6691,4375.9171597311,83,7
0,4377,282.895021922434,62,62
61,6612,2906.11125306393,61,0
24,7500,827.34303645374,68,44
23,7401,784.693540660803,74,51
71,5952,3466.14300775445,94,23
20,8705,819.892824404738,67,47
2,6641,329.266708018281,74,72
46,9914,2593.04704071403,83,37
27,3763,467.773534254931,85,58
76,3039,1987.50743512521,87,11
33,6215,981.2596005779,66,33
19,2536,229.670505108647,72,53
16,9690,780.9449400791,69,53
61,7461,3279.26437675589,81,20
38,4683,900.868875689814,76,38
51,1914,601.257595903225,81,30
49,6928,2024.62653178948,82,33
23,5307,562.676478892972,79,56
55,4971,1795.94904894074,70,15
53,2261,762.339215875414,93,40
78,3515,2396.22901569223,83,5
43,4787,1117.7198777622,69,26
3,2800,142.525668470741,19,16
1,9945,481.663988834673,78,77
0,9260,598.493923463957,73,73
22,6595,672.116871695213,82,60
9,7254,449.248474977101,71,62
76,7144,4672.179373654,76,0
21,8778,859.951613611408,53,32
43,8847,2065.69203228791,82,39
12,8115,561.491807793845,82,70
66,8433,4299.66082138477,70,4
72,9590,5723.77675346457,83,11
45,7897,1989.3507930465,79,34
50,1295,392.442960223647,84,34
79,1092,759.236405903341,86,7
31,7619,1110.89744000415,91,60
30,4286,600.501690175368,79,49
98,9563,8966.66676088385,99,1
43,1084,253.103895444794,85,42
16,4481,361.136664240913,86,70
86,1932,1512.57741826372,90,4
51,6502,2042.5166606911,84,33
12,6781,469.189888927919,79,67
9,5945,368.180615348616,51,42
19,6145,556.516267307823,72,53
94,3111,2714.1522304088,96,2
98,8267,7751.48322829936,99,1
64,1071,515.489165399047,78,14
37,3530,652.920353341159,77,40
11,2625,174.957624270146,73,62
94,1360,1186.51463624429,95,1
10,2906,186.658992543418,57,47
30,2188,306.555692511364,89,59
15,4177,323.934417745175,73,58
58,7527,3006.18242960482,84,26
23,1546,163.915175498122,80,57
15,2495,193.492069014654,61,46
33,2382,376.083727848199,80,47
96,2422,2188.52222125872,98,2
1,3013,145.927963635884,61,60
57,7832,3026.62101720072,87,30
39,1151,230.2514074364,92,53
39,3704,740.965432792723,91,52
89,1113,908.599885195349,98,9
35,9357,1599.32701140669,70,35
46,6821,1784.06030509486,68,22
82,4146,3045.21955087675,83,1
54,3919,1368.09786656505,74,20
59,3311,1365.96362107653,86,27
9,1193,73.883847621682,76,67
1,4637,224.582797006172,86,85
31,5552,809.516024006175,84,53
18,9251,805.6850513328,82,64
50,8362,2534.06025744412,75,25
78,3389,2310.33289734878,79,1
32,2661,403.755607558835,74,42
24,2564,282.841006062319,74,50
2,7411,367.443995350622,87,85
33,4407,695.802262227965,67,34
68,7441,4008.8714305011,75,7
0,7569,489.200918649966,57,57
27,2592,322.208078870258,79,52
69,9553,5285.4620673071,78,9
41,1354,292.745759774996,72,31
40,1826,379.785521543486,88,48
70,9137,5188.13624080303,87,17
96,2533,2288.82195972269,97,1
36,7244,1288.10384612099,56,20
96,7500,6777.00935567317,96,0
6,7797,435.049390924688,70,64
64,1106,532.335216555879,78,14
75,2909,1861.44194148765,79,4
94,1291,1126.31646719954,95,1
54,6545,2284.81769243896,73,19
41,1877,405.822593129739,89,48
0,8558,553.122137905458,87,87
97,9166,8443.73611224626,98,1
38,1404,270.087529675101,80,42
52,6638,2160.75740749035,60,8
88,4385,3531.80803039471,92,4
1,8311,402.524827672696,88,87
54,3348,1168.76541394738,77,23
73,2554,1561.23516364414,87,14
40,5212,1084.03183914822,82,42
57,1113,430.110979589429,73,16
91,2425,2031.88161367515,92,1
19,5863,530.977196944795,79,60
67,5967,3128.34748099335,76,9
54,4951,1728.36247444848,69,15
6,2894,161.476585524695,90,84
22,5505,561.031596464314,55,33
18,4530,394.525271055841,72,54
24,2530,279.090384297062,81,57
5,6379,344.601940992316,63,58
3,2285,116.311125877015,51,48
63,8149,3807.44404813196,80,17
51,5504,1729.00825906549,81,30
4,7242,379.37810546784,89,85
75,5597,3581.46804623802,78,3
34,9681,1590.43413192692,89,55
44,3575,867.150637858915,83,39
48,9685,2728.45197033462,84,36
34,6921,1137.01008439895,82,48
89,1197,977.173461436507,92,3
4,9878,517.46712590601,66,62
66,6678,3404.85414030683,77,11
97,9151,8429.91808456966,99,2
40,4304,895.17901682539,52,12
89,2425,1979.65383791439,93,4
38,7492,1441.2363050754,61,23
44,4675,1133.96621873858,89,45
44,5827,1413.39489980529,73,29
18,5595,487.277901006055,81,63
26,6098,728.39636662423,91,65
94,6410,5592.32266053373,95,1
58,6058,2419.48361346433,82,24
80,2039,1444.83456414137,92,12
85,8966,6914.94750370178,86,1
2,4209,208.685977119251,87,85
95,6729,5964.95143592493,96,1
30,1379,193.208546605654,71,41
51,3605,1132.4627132869,63,12
88,4846,3903.11099550576,97,9
89,8668,7076.13998640906,95,6
77,5747,3838.70621446358,85,8
31,5895,859.527550705403,89,58
15,2799,217.067856181169,80,65
68,2556,1377.05622582459,71,3
49,5276,1541.84895810065,59,10
91,7077,5929.74275463053,91,0
72,1525,910.193905008704,85,13
18,3723,324.242292304833,83,65
31,8849,1290.23906635999,89,58
31,8404,1225.35530723125,77,46
87,8386,6660.9590495489,93,6
21,8120,795.489530932403,79,58
12,5262,364.087479064844,90,78
54,8016,2798.33439611775,80,26
85,3371,2599.85367331906,92,7
52,6863,2233.9979041287,63,11
57,5637,2178.37878881007,87,30
76,1931,1262.87491188772,82,6
79,7575,5266.68111237895,81,2
91,3443,2884.8529467561,92,1
52,1259,409.821267856335,90,38
47,9542,2590.57585347549,55,8
13,8427,605.506903853016,83,70
10,6757,434.017485414962,75,65
86,2531,1981.53905053079,91,5
96,2661,2404.48291939284,99,3
93,1641,1411.51303463617,93,0
55,8267,2986.74528014345,86,31
85,9409,7256.60730117444,95,10
84,6608,5017.35193120523,85,1
93,7308,6286.00685991539,93,0
95,2015,1786.20554961937,97,2
19,1946,176.237698320752,43,24
16,4692,378.141760459354,73,57
26,5778,690.172877395015,91,65
40,3296,685.527425524276,84,44
28,5804,750.841108974073,70,42
77,9251,6179.2015294941,88,11
79,4719,3280.98589693944,79,0
5,4073,220.028798504735,70,65
86,2378,1861.75419287325,86,0
80,6954,4927.60154930802,97,17
6,1465,81.7426391823352,70,64
9,2073,128.383249052596,68,59
51,7717,2424.19272078641,87,36
34,6519,1070.96788617205,85,51
61,3504,1540.08073665094,77,16
91,3810,3192.35832911436,94,3
43,4522,1055.84484797173,73,30
70,2743,1557.51972294218,80,10
76,1153,754.062544488111,82,6
97,9943,9159.50994589402,97,0
82,4999,3671.74446088589,83,1
83,5798,4331.30634151669,90,7
97,5945,5476.5449691582,97,0
68,1335,719.237113253456,81,13
98,2966,2781.04502904753,98,0
76,5833,3814.7847545526,90,14
25,7403,849.742058236393,78,53
85,8352,6441.40548192251,98,13
49,5204,1520.80780476796,78,29
58,6758,2699.05418616572,73,15
90,4181,3458.24820432562,93,3
98,7096,6653.50489754594,98,0
3,8788,447.32699090031,75,72
85,5731,4419.98261696575,91,6
87,6172,4902.38960813449,89,2
26,8775,1048.15974370738,35,9
87,4527,3595.77410175386,92,5
9,3160,195.702396047372,82,73
35,5166,882.988494274548,82,47
53,5321,1794.07650051883,81,28
91,1914,1603.72016848422,91,0
74,1976,1236.27483941962,96,22
73,9392,5741.23753208525,86,13
86,9202,7204.3154259124,89,3
27,6534,812.232865485442,85,58
26,2407,287.512308046002,62,36
1,6635,321.351489785626,65,64
22,8322,848.120789423437,40,18
74,6205,3882.12822803581,82,8
23,6824,723.516919533755,51,28
88,4259,3430.32392279386,90,2
22,5485,558.993334533472,89,67
95,2000,1772.90873411352,97,2
98,6014,5638.97667049624,99,1
64,4662,2243.89401408997,65,1
12,1126,77.9100154745372,78,66
98,8939,8381.57839334317,99,1
30,7443,1042.82176387664,69,39
61,4710,2070.14277101196,83,22
79,4969,3454.80375543379,81,2
4,5241,274.554080469063,67,63
23,8935,947.336412080027,72,49
42,1581,355.263554901565,87,45
36,3970,705.932118870838,87,51
67,4857,2546.40249961198,85,18
85,5611,4327.43368762778,90,5
83,8905,6652.34269941464,89,6
68,2140,1152.93439877333,79,11
2,3198,158.559694660813,78,76
72,6227,3716.57537474702,74,2
65,6272,3107.99153408679,88,23
98,2067,1938.1052174785,98,0
59,7371,3040.92958349595,84,25
78,7519,5125.81677638403,83,5
32,2366,358.995027239461,71,39
11,1860,123.96997376856,65,54
54,4314,1505.98984341966,82,28
19,8454,765.628726415026,77,58
60,6676,2843.54983774256,93,33
93,2640,2270.8070758315,99,6
69,5734,3172.49445137014,85,16
60,1478,629.533651914845,60,0
30,1419,198.812855426703,75,45
54,9680,3379.22616696854,84,30
21,1581,154.885338473415,78,57
94,1120,977.129700436471,94,0
7,6392,368.885980431535,82,75
70,3822,2170.19335803318,70,0
57,8210,3172.6964442311,81,24
17,1623,135.959420701559,62,45
29,7282,980.387004230385,85,56
98,7847,7357.67375014698,98,0
64,7247,3488.09522095882,80,16
5,4275,230.941103267307,65,60
97,4273,3936.29548414011,99,2
26,4063,485.31886480719,64,38
12,9962,689.289142235648,70,58
84,6810,5170.7273988359,93,9
66,6931,3533.84906356194,87,21
68,5993,3228.75507095727,85,17
53,7880,2656.89209248044,85,32
84,1602,1216.37375814025,92,8
40,8263,1718.6022806757,51,11
26,1569,187.414545626995,74,48
22,9118,929.243614270956,70,48
75,4270,2732.33313515032,75,0
32,1624,246.410787927677,81,49
10,4094,262.966935813061,65,55
18,4736,412.46615534668,68,50
72,8926,5327.46937449685,81,9
74,7715,4826.85242212672,81,7
24,6134,676.656291414299,79,55
74,6618,4140.5196797971,76,2
24,6887,759.721532274254,91,67
55,1193,431.013320335204,71,16
44,6353,1540.98125938956,77,33
59,3313,1366.78872746196,69,10
77,7548,5041.683401213,86,9
8,6543,391.004775070075,71,63
13,3185,228.852437257844,90,77
71,3468,2019.5873573408,80,9
82,3149,2312.92724691531,87,5
27,2810,349.307369454253,64,37
94,3872,3378.07696436609,95,1
23,3555,376.920083373754,81,58
99,8705,8290.47619047619,99,0
20,6783,638.866516707334,79,59
85,7994,6165.30117606424,90,5
59,9658,3984.43873523319,63,4
85,5999,4626.67522582054,89,4
41,2948,637.38146219844,60,19
42,1789,402.002846122011,82,40
34,9262,1521.59910442177,92,58
73,6837,4179.39107824392,92,19
31,8779,1280.03263233973,80,49
12,5326,368.515757031426,63,51
54,6473,2259.68295235407,81,27
44,9267,2247.7999891017,84,40
44,6514,1580.03335804559,77,33
18,6729,586.039856276987,47,29
30,8317,1165.27591161655,71,41
14,6844,510.841816515036,86,72
16,3565,287.313592505881,86,70
38,9483,1824.24504551922,65,27
80,5354,3793.84220520494,96,16
33,8277,1306.8199057093,83,50
81,5840,4214.61428663414,95,14
59,5336,2201.38383632267,74,15
76,5720,3740.88270118994,83,7
75,8689,5560.00997923211,79,4
68,5860,3157.1007368279,89,21
52,8990,2926.36473234984,57,5
20,8759,824.978891322355,58,38
39,3450,690.154088319356,62,23
54,9247,3228.06863284691,79,25
71,2312,1346.39157156053,93,22
99,9344,8899.04761904762,99,0
78,1844,1257.08287480412,94,16
11,3410,227.278285242361,17,6
3,2358,120.026973662145,76,73
59,8175,3372.62235043812,76,17
54,4784,1670.06384119602,76,22
52,3666,1193.33182522742,85,33
85,2941,2268.22000985801,92,7
73,4515,2759.97524034976,73,0
91,1574,1318.83779790709,92,1
83,1569,1172.09721452909,91,8
32,9140,1386.8193359969,83,51
19,9781,885.807259648139,63,44
36,1543,274.371098090101,77,41
23,2634,279.270745318275,59,36
65,3018,1495.52271203347,76,11
29,6940,934.34301144725,65,36
10,7304,469.152540102247,70,60
88,8213,6614.99187083963,89,1
68,2173,1170.71329370769,76,8
53,6495,2189.91296201274,70,17
72,4819,2876.21273982751,73,1
69,8624,4771.46706463482,73,4
65,2463,1220.50113974103,91,26
99,1692,1611.42857142857,99,0
55,9301,3360.31424345158,90,35
10,9308,597.874020163159,82,72
47,3266,886.692594576709,59,12
30,2416,338.500252791341,90,60
0,6873,444.216926130429,89,89
46,2250,588.496655397073,84,38
19,6537,592.017386394017,62,43
68,3571,1923.891933654,81,13
67,1604,840.936711833975,72,5
9,6367,394.315555580259,88,79
18,1070,93.188088306788,81,63
82,1966,1444.01872576548,83,1
34,2035,334.318093014285,79,45
5,2946,159.146781339295,83,78
81,1839,1327.17049197264,93,12
69,5807,3212.88372499239,71,2
86,6800,5323.77145144581,91,5
81,3862,2787.13020119539,81,0
56,4393,1641.83188990455,84,28
56,5315,1986.41850554124,80,24
51,4456,1399.7930236911,84,33
65,1468,727.44444707261,91,26
11,1200,79.9806282377808,42,31
46,4486,1173.33155382723,80,34
65,1509,747.761356016736,70,5
53,8162,2751.97376381032,75,22
15,3331,258.325483722571,48,33
47,5446,1478.54496940133,57,10
39,9934,1987.24368503318,72,33
43,1235,288.36098789144,82,39
29,7362,991.157528858019,84,55
53,8000,2697.35237815273,88,35
53,7251,2444.81276174818,87,34
52,9146,2977.14481001909,87,35
57,4013,1550.79547267958,78,21
71,7264,4230.18528365731,86,15
91,1801,1509.03867473359,98,7
3,9111,463.768344798899,84,81
98,1861,1744.95104486091,98,0
95,5150,4565.23999034231,98,3
71,4505,2623.4835769378,77,6
28,3806,492.367550095679,87,59
36,4262,757.854582022043,61,25
47,2411,654.567007202831,71,24
96,6291,5684.55544753866,97,1
98,1492,1398.9612890556,98,0
54,3854,1345.40678176619,80,26
92,5019,4260.11646873413,96,4
13,5890,423.215339230362,89,76
31,9580,1396.82339877146,74,43
10,6309,405.241426000147,80,70
94,4004,3493.23867906038,97,3
46,2416,631.914630861923,54,8
43,2483,579.75735460279,69,26
74,1440,900.929032775435,84,10
84,3573,2712.9234942791,84,0
6,4710,262.803979896791,69,63
60,5428,2311.98150378469,89,29
56,4999,1868.31723597378,85,29
45,5171,1302.63808418937,63,18
96,4942,4465.59736476491,96,0
80,9939,7042.77132565034,82,2
20,3206,301.961676627408,83,63
38,6130,1179.2283168863,79,41
11,6977,465.020702679164,61,50
0,2312,149.429584346508,62,62
32,4352,660.332357796337,68,36
98,1447,1356.76741639642,98,0
93,5520,4748.05115855678,93,0
44,3360,815.000319777889,82,38
9,3631,224.871962040509,85,76
58,2865,1144.24241541355,83,25
78,7261,4949.93424834745,78,0
64,3986,1918.52456888945,81,17
25,7480,858.580385736623,47,22
20,8979,845.699904690424,77,57
55,9138,3301.42474536722,78,23
54,4836,1688.21670903511,78,24
50,7932,2403.75101196445,72,22
78,3119,2126.26978661282,80,2
28,9081,1174.7739680554,83,55
47,7895,2143.42866937634,49,2
37,4633,856.934843351158,82,45
31,5107,744.632264877438,80,49
97,6097,5616.56764961439,98,1
98,1892,1774.01793491501,98,0
88,8897,7165.90559781568,90,2
27,9675,1202.6864055053,86,59
33,6421,1013.78405395184,71,38
66,4404,2245.42941508106,73,7
12,6198,428.851044326094,33,21
55,8057,2910.87537463599,76,21
74,6947,4346.35693797982,93,19
25,4390,503.899450987136,69,44
26,4041,482.690999922682,88,62
23,4028,427.070069150347,78,55
70,5838,3314.91073369903,70,0
42,9649,2168.2087547408,91,49
33,4049,639.279183063542,56,23
38,5183,997.053893380378,45,7
86,7888,6175.57488367714,90,4
47,6510,1767.41236702216,83,36
78,2281,1554.99242810639,91,13
86,1971,1543.1108133529,98,12
15,3226,250.182530918347,80,65
59,9953,4106.14192708387,82,23
31,1204,175.550665148313,31,0
89,4852,3960.94038002501,89,0
54,9427,3290.90548305914,84,30
93,2892,2487.56593306997,98,5
8,2449,146.350404118388,59,51
63,3465,1618.94632798837,88,25
55,9769,3529.3957471539,80,25
70,2869,1629.0645589213,75,5
1,6547,317.089405218763,36,35
50,6347,1923.42507223126,71,21
83,5441,4064.61500589726,83,0
3,7059,359.317390619628,68,65
96,1698,1534.31491812441,98,2
34,3126,513.552019047987,84,50
78,9887,6740.11842906091,80,2
17,7735,647.964337108168,77,60
52,3205,1043.27018544841,87,35
5,5940,320.886585592469,89,84
94,4261,3717.45504782125,94,0
40,1915,398.296425934159,81,41
90,7378,6102.59632899174,91,1
90,1573,1301.082139537,91,1
40,5504,1144.76424456481,74,34
3,2961,150.720894407808,82,79
64,4758,2290.10032583442,77,13
1,7761,375.886799129803,78,77
78,2163,1474.55003156253,85,7
8,3476,207.723154232551,75,67
90,4689,3878.43239179212,95,5
99,8644,8232.38095238095,99,0
61,1749,768.721806050939,63,2
2,9959,493.776109795822,39,37
96,7837,7081.52297605475,97,1
58,7450,2975.42966660767,87,29
62,5624,2549.30672130786,66,4
32,4419,670.498320106161,73,41
12,5308,367.270303853325,76,64
15,3345,259.411210763134,72,57
51,5494,1725.86689231574,84,33
9,9507,588.779328867838,77,68
17,8018,671.6713710321,79,62
56,9480,3543.0380870237,65,9
7,2301,132.792027686634,73,66
42,5513,1238.81592547269,61,19
50,2868,869.132362873682,75,25
48,8422,2372.64042273187,61,13
89,4910,4008.28880171533,94,5
72,7060,4213.75014384358,79,7
50,1784,540.631846362151,66,16
57,4792,1851.83451409932,75,18
96,8997,8129.70042306554,99,3
11,8607,573.661056035483,87,76
75,4550,2911.50252106181,82,7
79,4318,3002.18205191449,80,1
43,7974,1861.85466999704,61,18
36,9709,1726.42189977757,64,28
67,9114,4778.24014442322,76,9
20,2700,254.303345880849,21,1
96,3062,2766.8270196095,96,0
41,8807,1904.14468710368,74,33
70,1002,568.95179088154,86,16
3,4747,241.631910082359,79,76
82,8260,6066.93523643077,88,6
19,8380,758.926984546713,81,62
15,3222,249.872323192471,82,67
95,6678,5919.74226320504,95,0
48,8728,2458.84654590403,66,18
52,4893,1592.73666689519,80,28
46,8557,2238.11816899233,76,30
42,7856,1765.30707609532,88,46
69,3953,2187.10683053124,77,8
39,4837,967.616036290065,74,35
49,3785,1106.12174116963,93,44
10,9632,618.685277418516,74,64
9,8949,554.221753869599,45,36
83,4004,2991.12635243753,89,6
10,5308,340.94491824517,82,72
72,5673,3385.92132663238,91,19
53,3380,1139.63137976953,77,24
90,9111,7536.01994489614,91,1
74,7881,4930.70951896056,76,2
51,9638,3027.64927341446,60,9
67,7489,3926.29366267122,76,9
58,4629,1848.76025862106,82,24
83,4587,3426.64749716058,83,0
99,1088,1036.19047619048,99,0
70,1657,940.87137474123,90,20
4,3787,198.385098785793,85,81
40,6925,1440.31475174624,86,46
7,1722,99.3776061175068,70,63
22,2355,240.005342356668,72,50
38,6443,1239.4401379606,85,47
53,5684,1916.46886467751,90,37
51,5045,1584.81952525171,75,24
49,6869,2007.3844755863,92,43
30,3782,529.887399030154,77,47
37,2748,508.279073932437,57,20
80,1953,1383.89499939583,88,8
29,6331,852.352392719386,89,60
77,9510,6352.20046973181,94,17
98,5654,5301.42568922277,99,1
24,1753,193.377645720454,75,51
28,9375,1212.80761485733,75,47
23,2919,309.487967192121,75,52
70,1861,1056.70587108837,73,3
29,3622,487.635502516129,72,43
77,3464,2313.77733198223,78,1
97,6375,5872.66176255399,98,1
12,6150,425.529835851158,65,53
75,2897,1853.76325352002,79,4
28,3980,514.877259427431,43,15
57,7380,2851.94881345012,68,11
91,2460,2061.20774005809,92,1
67,4382,2297.3719895614,80,13
0,3085,199.390254199385,75,75
5,6018,325.100247827522,71,66
2,5297,262.629988310922,90,88
48,9164,2581.67618545652,77,29
32,8840,1341.30010177381,76,44
0,6172,398.909772745091,67,67
30,2110,295.627290310319,73,43
17,2643,221.405267353185,36,19
8,3599,215.073542026165,78,70
57,4361,1685.2776118504,78,21
65,3585,1776.4906966998,95,30
72,9610,5735.71372271059,80,8
41,2031,439.118639662494,51,10
62,4955,2246.05526388344,78,16
67,4610,2416.90663438568,85,18
90,2846,2354.02401088513,94,4
78,3215,2191.71444820783,83,5
9,2138,132.408773021925,76,67
67,5504,2885.60826803878,90,23
63,8297,3876.59384799986,85,22
13,4612,331.38695153318,77,64
92,4195,3560.70703055183,92,0
59,2037,840.37085355871,74,15
3,4698,239.137710884121,89,86
54,3738,1304.91192274054,70,16
82,8863,6509.83619860604,84,2
48,2826,796.138902237029,79,31
9,2025,125.410554429091,80,71
6,8088,451.28632471449,85,79
44,4473,1084.96917570431,75,31
68,1336,719.775867645406,86,18
92,5816,4936.60836464588,96,4
91,1072,898.2173566432,93,2
42,9127,2050.91111042795,91,49
37,8907,1647.46787173079,84,47
96,5046,4559.57189449691,97,1
6,1951,108.859992522004,81,75
36,3245,577.015044265962,86,50
77,1201,802.207441025016,88,11
90,7453,6164.63139603896,92,2
77,3677,2456.05059171439,85,8
27,7525,935.422759837458,82,55
14,4036,301.250375723946,29,15
78,6575,4482.27760403312,91,13
30,9056,1268.81551708543,72,42
3,4399,223.918005572424,77,74
13,9971,716.44824235415,69,56
32,1562,237.003479521571,88,56
4,4968,260.252751721103,81,77
13,5672,407.551341954943,90,77
14,2106,157.193580593318,38,24
6,6932,386.784965741944,52,46
13,4339,311.771028339651,86,73
25,7736,887.964955088037,54,29
18,8350,727.215455478206,71,53
53,5951,2006.49300029836,83,30
25,5314,609.959380989895,46,21
67,9203,4824.90059788533,88,21
80,2339,1657.41444116069,89,9
82,5184,3807.62618228294,85,3
9,5209,322.599297788216,85,76
62,1131,512.671746408106,84,22
4,1790,93.7706170653734,79,75
82,4827,3545.41118477619,94,12
30,3750,525.403951973315,78,48
72,2565,1530.91630580153,86,14
93,2547,2190.81273566017,93,0
80,3538,2507.02534964794,88,8
87,9585,7613.31892319655,91,4
71,8264,4812.53457931498,83,12
6,6172,344.379228009128,32,26
47,9035,2452.92945254151,81,34
76,6225,4071.15293966912,81,5
44,5982,1450.99164074742,87,43
87,8409,6679.22783778401,88,1
27,6411,796.942898779793,90,63
69,9527,5271.07684656493,80,11
83,2909,2173.1235162939,87,4
65,6837,3387.96845002414,83,18
44,5197,1260.58233984693,90,46
55,1033,373.20767804381,74,19
38,5840,1123.44100662578,43,5
34,6686,1098.403326729,67,33
13,4184,300.633782570431,69,56
85,2999,2312.95199237136,89,4
90,2685,2220.85540029043,90,0
82,3941,2894.64791365299,90,8
6,2496,139.269370238299,88,82
38,6194,1191.5399991507,51,13
62,9435,4276.79746008884,83,21
16,6042,486.942139108145,68,52
69,8589,4752.10234440497,83,14
66,1634,833.113456912453,88,22
93,4478,3851.77048695965,94,1
83,6675,4986.45564498515,87,4
70,7303,4146.7614059959,86,16
82,2310,1696.68527798488,84,2
11,2967,197.752103317913,68,57
68,4099,2208.35425260368,79,11
32,1060,160.834627588262,78,46
88,1741,1402.25262962764,89,1
83,6082,4543.46415472654,97,14
59,4391,1811.5210692078,70,11
26,2207,263.622627277743,82,56
22,5435,553.897679706366,26,4
68,2233,1203.03855722469,91,23
48,7624,2147.82837602799,69,21
79,3315,2304.82480363514,84,5
93,1675,1440.75827727946,98,5
4,8173,428.149303505753,87,83
5,6438,347.789198323959,53,48
18,8724,759.787740549924,60,42
38,8119,1561.85231725936,77,39
65,8410,4167.44400536829,71,6
97,5245,4831.70367758364,97,0
17,6899,577.932251028992,89,72
97,4099,3776.00636309158,97,0
66,3077,1568.84339468765,76,10
43,7411,1730.39941802709,83,40
83,4327,3232.41851323606,89,6
10,7175,460.866576565391,81,71
8,2815,168.222289748168,52,44
8,3418,204.257117711985,70,62
83,6243,4663.73671784903,89,6
88,5539,4461.27358731045,93,5
98,6175,5789.93697045465,98,0
49,6063,1771.84045355652,89,40
71,8831,5142.72662995288,79,8
38,3683,708.498840308688,46,8
66,3410,1738.62722648193,76,10
37,2984,551.930406337115,74,37
85,3350,2583.65761068492,87,2
36,5016,891.928339611114,89,53
86,4621,3617.81586428398,97,11
77,9689,6471.76344387292,87,10
22,8904,907.434211610945,68,46
94,2942,2566.7103381108,95,1
50,1524,461.840209560492,73,23
65,3380,1674.90615197917,72,7
97,6570,6052.29612234976,97,0
92,9383,7964.27033794228,97,5
51,9886,3105.5551688084,74,23
71,5399,3144.10384725576,81,10
29,3283,441.99540440653,86,57
30,2140,299.830521926105,73,43
31,5305,773.501892534718,84,53
14,2864,213.771327074673,73,59
85,8180,6308.75201653809,90,5
32,9084,1378.32241227526,53,21
10,4251,273.051403063342,80,70
81,4053,2924.97118214524,84,3
14,6078,453.66694342174,66,52
85,3556,2742.53327271509,87,2
73,9812,5997.97941490848,83,10
44,7679,1862.61531415905,56,12
71,8649,5036.73905814318,87,16
68,6451,3475.50458247045,78,10
17,4775,400.003840942663,41,24
70,5666,3217.24635442595,83,13
89,1872,1528.2111276601,96,7
91,2829,2370.3889010668,97,6
43,6193,1446.00777166938,78,35
44,5174,1255.00346861036,60,16
11,5643,376.108904288164,55,44
76,2886,1887.4453628731,81,5
45,1401,352.929018748657,47,2
53,6528,2201.03954057262,74,21
12,5459,377.718272180727,67,55
73,6416,3922.03790522348,84,11
44,3550,861.086647384377,54,10
18,4219,367.439761276952,77,59
81,3423,2470.31244916929,85,4
95,2591,2296.80326504406,95,0
20,4636,436.648263519858,80,60
61,8805,3869.98027574529,84,23
9,3190,197.560330187062,64,55
6,1046,58.363686405954,50,44
7,6664,384.583256194579,48,41
65,5698,2823.55480886903,69,4
89,2155,1759.23877142496,93,4
95,1464,1297.76919337109,95,0
26,5906,705.462273086701,91,65
72,6323,3773.87282712789,83,11
93,7554,6497.60479198151,95,2
10,1315,84.4654422555386,73,63
85,3582,2762.58554073832,87,2
24,5401,595.797298651553,69,45
49,6093,1780.60760077847,87,38
81,8019,5787.15615830808,92,11
34,7138,1172.65972871546,82,48
38,7413,1426.03907228029,85,47
49,8536,2494.54562288611,89,40
33,5390,851.003901386143,62,29
40,1588,330.284451375167,55,15
77,5477,3658.3598288876,83,6
44,4195,1017.53760162745,86,42
64,5186,2496.10346569511,66,2
68,4775,2572.55222156199,76,8
38,5122,985.319321222129,65,27
30,9383,1314.6307416975,84,54
2,9731,482.471666274038,70,68
56,2455,917.527268316791,69,13
92,5698,4836.45021694502,93,1
99,1966,1872.38095238095,99,0
54,5054,1764.31911651436,73,19
83,5080,3794.9355320636,86,3
51,6523,2049.11353086559,71,20
2,7072,350.636072745864,74,72
31,5906,861.131418908586,67,36
46,2153,563.125910697732,87,41
69,8242,4560.11497526904,73,4
0,2936,189.760060398507,88,88
67,6932,3634.27262246454,81,14
83,8357,6242.96776406605,85,2
83,8576,6406.56833129477,90,7
47,2894,785.697602175443,85,38
42,9760,2193.15135726709,46,4
76,6503,4252.96507095073,85,9
21,3649,357.480455464574,54,33
44,6973,1691.3682231581,66,22
37,9618,1778.97675876353,78,41
69,9744,5391.13811198999,76,7
21,1798,176.144110420746,87,66
95,3326,2948.34722483078,96,1
7,3549,204.81482236413,85,78
32,6817,1034.34873232942,72,40
88,7296,5876.41308774454,96,8
22,6698,682.613920639051,85,63
54,2373,828.399141964499,73,19
58,2438,973.704366065705,61,3
31,4407,642.56792467493,84,53
67,2995,1570.20290021369,79,12
76,9492,6207.77248246414,82,6
77,9857,6583.97897267575,86,9
23,6307,668.701818801201,63,40
12,2991,206.952803094441,67,55
51,3938,1237.07022605376,74,23
66,3720,1896.68424707119,77,11
38,3474,668.293502914033,85,47
34,5758,945.947704951474,69,35
49,1269,370.850327488575,90,41
25,7531,864.4343429121,50,25
69,5342,2955.60958479583,78,9
11,9306,620.249771983991,78,67
47,1778,482.712624971644,64,17
83,5864,4380.61062205137,87,4
87,9417,7479.87733956618,88,1
5,3747,202.417851214643,77,72
24,3382,373.076553238206,68,44
91,2878,2411.44547800292,92,1
0,2738,176.962890112777,57,57
14,5867,437.917729031811,80,66
65,5957,2951.89820927216,70,5
29,8420,1133.59771705848,78,49
3,1629,82.9193978352988,45,42
58,2482,991.27737349265,81,23
91,3067,2569.8065604708,93,2
99,6464,6156.19047619048,99,0
24,3914,431.762752623992,64,40
81,1883,1358.9244352281,90,9
92,7132,6053.62635086905,98,6
39,4759,952.012552554149,72,33
4,9312,487.8167520183,69,65
83,1092,815.761732482963,88,5
19,1065,96.4507444561157,84,65
61,5062,2224.85407789014,72,11
28,8008,1035.96409384293,87,59
38,1298,249.696305924702,72,34
97,5597,5155.96672706113,98,1
31,6980,1017.72727801929,82,51
6,5774,322.172012722733,87,81
61,6589,2896.00227562586,63,2
73,2719,1662.09804618183,85,12
61,3718,1634.13817890074,84,23
54,8823,3080.05294123589,58,4
19,9699,878.381005145414,68,49
57,9444,3649.56701818739,84,27
53,4235,1427.9109151846,71,18
88,4876,3927.27387826787,90,2
23,2639,279.800872017816,64,41
17,5764,482.852804019584,23,6
65,3667,1817.12451458805,88,23
29,7375,992.90773911001,86,57
3,1768,89.994779234382,67,64
89,9442,7707.99651034545,93,4
69,4416,2443.2744152861,83,14
48,4302,1211.95667283217,73,25
27,1639,203.74191406958,82,55
68,3270,1761.726861677,70,2
37,4058,750.580961432981,76,39
94,6536,5702.24975183283,97,3
31,1011,147.410068492479,61,30
34,1449,238.047624952186,77,43
52,6891,2243.11227704369,87,35
22,2611,266.095095071448,91,69
59,3820,1575.95319616803,61,2
21,8252,808.421134144604,36,15
69,3586,1984.05390697825,87,18
95,7319,6487.95951248842,99,4
65,4616,2287.3866264899,93,28
67,1516,794.800533129867,76,9
85,6515,5024.6356219738,86,1
92,6274,5325.35778538312,92,0
15,6980,541.31248165222,79,64
71,7008,4081.10386396894,88,17
73,4517,2761.19782074415,79,6
47,4408,1196.73636157199,52,5
61,6763,2972.4788875486,79,18
69,2299,1271.98548024066,84,15
62,7794,3532.94747259485,72,10
83,5400,4033.98658920147,88,5
33,6256,987.73291411349,92,59
78,8595,5859.34235842809,80,2
35,7166,1224.83460123333,79,44
2,6108,302.840092241478,75,73
57,8735,3375.57898177328,70,13
77,2525,1686.57267992353,78,1
37,5028,929.995336147123,79,42
69,1204,666.146375906809,80,11
62,5577,2528.00205987445,80,18
2,2420,119.985760187357,81,79
89,3410,2783.76065455179,98,9
50,5307,1608.25852502463,60,10
67,6833,3582.36942142241,70,3
36,7188,1278.14611346186,58,22
54,3959,1382.06161105666,91,37
65,4696,2327.02937564917,87,22
24,1855,204.629511016225,69,45
74,9026,5647.07322904936,83,9
9,4533,280.733848507196,62,53
79,4376,3042.50779508518,86,7
60,1675,713.443076425822,78,18
38,1503,289.132163177833,65,27
94,9402,8202.65486027116,98,4
51,2857,897.48848040518,69,18
3,1400,71.2628342353703,73,70
85,5930,4573.45959145121,91,6
36,6929,1232.09159991336,89,53
53,3321,1119.73840598065,74,21
81,8362,6034.69257959498,84,3
9,2874,177.990090582325,80,71
24,8255,910.628902123416,69,45
91,9409,7883.70066105958,91,0
7,6538,377.31172403964,68,61
8,3892,232.58300238006,78,70
16,2964,238.877275788901,91,75
82,5881,4319.56974884375,82,0
20,8437,794.650862665454,86,66
1,6636,321.399922564795,62,61
65,4563,2261.12330517188,82,17
53,7531,2539.22009498352,80,27
67,2386,1250.91957259094,74,7
89,9361,7641.87199039862,93,4
76,7046,4608.08732737488,90,14
80,1100,779.45954907087,94,14
93,7477,6431.37291893642,95,2
4,6264,328.144773909217,90,86
45,6776,1706.95719560378,85,40
13,6298,452.53144422289,68,55
70,6790,3855.47171665235,83,13
92,2753,2336.74051373282,95,3
38,9147,1759.60871363116,78,40
98,4618,4330.02897644689,98,0
35,1718,293.645805877598,82,47
61,5664,2489.44557431247,77,16
82,8708,6395.98935094905,88,6
70,9581,5440.24661520562,77,7
83,2989,2232.88628057837,84,1
7,6275,362.13384343052,88,81
16,1888,152.159344362161,27,11
72,7379,4404.14480331753,78,6
39,9663,1933.03158128404,62,23
80,2165,1534.11811248948,89,9
63,8751,4088.71553137843,88,25
44,9385,2276.42202414151,88,44
70,4920,2793.6555001369,85,15
25,7384,847.561172229843,63,38
70,5964,3386.45556967815,73,3
82,2458,1805.39065510252,89,7
9,3299,204.310824227937,59,50
26,3051,364.437080119798,49,23
20,8027,756.034428661325,78,58
48,4707,1326.05301232473,74,26
15,5670,439.719451428092,27,12
44,8919,2163.38924169613,63,19
16,3174,255.801779134269,87,71
24,8204,905.002969475531,85,61
25,7671,880.504029276154,62,37
7,7048,406.744116095347,42,35
74,2502,1565.36419444732,74,0
9,8120,502.880840476159,72,63
88,6668,5370.60340859109,90,2
29,5347,719.874939799488,51,22
79,9988,6944.37108256646,92,13
60,9607,4091.96873744649,69,9
78,6115,4168.68860055704,81,3
18,3449,300.37917436459,62,44
58,6614,2641.54252549572,88,30
95,2238,1983.88487347303,97,2
38,2041,392.627242212879,69,31
72,7614,4544.40419195821,91,19
87,2587,2054.84152887944,91,4
85,5515,4253.39454415741,90,5
6,1189,66.3426607425233,37,31
78,2859,1949.02382812634,82,4
23,6057,642.195483824143,91,68
69,2020,1117.62099612272,92,23
78,2347,1599.98563295296,87,9
88,8168,6578.74754669647,89,1
20,8326,784.196169557019,84,64
33,8958,1414.34006467849,68,35
87,9814,7795.21251040698,95,8
44,5981,1450.74908112844,74,30
91,5069,4247.26098957498,93,2
5,4659,251.685286578335,42,37
34,8005,1315.09402190631,73,39
23,8938,947.654488099751,76,53
35,2972,507.983314940758,81,46
69,2434,1346.67797255579,91,22
54,4977,1737.43890836802,74,20
70,6545,3716.35675780407,82,12
12,9761,675.381581746854,88,76
33,8606,1358.76429969001,87,54
28,4512,583.700048878535,62,34
48,4264,1201.25133727484,90,42
29,1347,181.348708417787,74,45
50,8021,2430.72199533117,80,30
56,6538,2443.50031782288,80,24
40,4295,893.307127617344,77,37
21,1471,144.109002463247,65,44
10,1889,121.33476838077,84,74
11,3125,208.282886035888,84,73
26,1592,190.161858915345,88,62
24,8478,935.228568407308,90,66
52,9785,3185.14782047199,77,25
0,5537,357.868342788329,40,40
54,4573,1596.4050890028,56,2
69,6059,3352.30971064731,85,16
59,5508,2272.3429854695,84,25
43,7156,1670.85929502117,68,25
92,9356,7941.35279567174,92,0
67,9002,4719.52137152708,77,10
80,1855,1314.45223956951,81,1
61,9599,4218.95975773754,66,5
0,8559,553.186770078618,79,79
81,2744,1980.29137029522,87,6
5,8051,434.925572492419,77,72
51,6127,1924.71540757527,70,19
86,6103,4778.08487767261,92,6
25,8931,1025.13120655264,53,28
51,8320,2613.61713579667,53,2
57,7787,3009.23108541139,68,11
71,6984,4067.12748087316,78,7
52,5524,1798.13557080095,87,35
94,9699,8461.76871833333,97,3
68,3559,1917.4268809506,71,3
48,2803,789.659357031279,55,7
18,5543,482.749134097688,91,73
8,5893,352.161262339592,74,66
51,2963,930.786967952589,70,19
19,3036,274.952544759406,46,27
52,9038,2941.98937163269,84,32
28,1038,134.282059117003,70,42
75,2733,1748.821184629,84,9
16,5402,435.36270034131,74,58
72,4563,2723.4195334785,90,18
52,7834,2550.07133628795,87,35
47,1426,387.147470871521,74,27
90,6383,5279.59777283197,90,0
52,4344,1414.02985509763,83,31
10,2306,148.11962725572,76,66
41,5956,1287.73541005899,83,42
47,3608,979.542829526261,83,36
6,5436,303.312618836296,85,79
82,7746,5689.40439968435,82,0
14,1576,117.633942552264,80,66
96,9850,8900.47228711743,98,2
18,4982,433.89070649011,48,30
95,4284,3797.57050847115,98,3
20,2046,192.705424323044,73,53
73,2113,1291.65618667974,78,5
17,6567,550.120465648266,65,48
23,2918,309.381941852212,71,48
46,1854,484.921244047188,61,15
88,1756,1414.33407100869,92,4
68,4701,2532.68439655768,78,10
4,7844,410.914368860776,64,60
81,4734,3416.43562207638,90,9
75,3515,2249.21568385325,77,2
48,9205,2593.22667908417,75,27
49,7908,2311.02000770658,83,34
85,4788,3692.70228058489,85,0
71,8732,5085.07404968277,87,16
22,2711,276.286404725659,87,65
65,9748,4830.46898505708,73,8
34,9804,1610.64107317545,36,2
67,4546,2383.3530498736,95,28
46,1345,351.790222892917,67,21
10,9720,624.337717660711,85,75
52,9354,3044.85158024476,84,32
50,4996,1514.01160561957,70,20
40,2377,494.386738613836,80,40
45,9319,2347.5699683931,75,30
43,4278,998.873122428809,77,34
32,8425,1278.3318277652,62,30
77,4391,2932.96658912643,77,0
52,1104,359.366703505476,84,32
43,1265,295.365708245078,70,27
94,2610,2277.06117690999,96,2
82,6121,4495.84873876425,84,2
20,4261,401.32835436974,83,63
23,7694,815.758965253914,70,47
60,5510,2346.90826931718,73,13
43,1129,263.610975975251,88,45
85,6228,4803.28943264049,89,4
53,2475,834.493391991,82,29
11,2418,161.160965899128,54,43
26,7546,901.357655386429,78,52
2,9461,469.084825261399,63,61
70,5939,3372.26016571404,76,6
44,6790,1646.97981288448,44,0
59,3932,1622.15915375201,73,14
42,6573,1477.00654419228,88,46
59,3418,1410.10681269694,72,13
68,1071,577.005953778615,79,11
19,1004,90.9263356187232,81,62
64,9524,4584.05117764755,68,4
48,5788,1630.59163699502,84,36
9,4309,266.861273597509,90,81
30,9641,1350.77853359326,86,56
38,1090,209.683338565428,74,36
34,5939,975.683122561099,88,54
92,8816,7483.00195026102,92,0
94,1026,895.12060057841,97,3
56,1243,464.556576178318,79,23
82,4634,3403.65349704845,89,7
99,7086,6748.57142857143,99,0
20,4685,441.263398315474,76,56
95,1443,1279.1536516629,97,2
10,5488,352.50672783148,67,57
74,8180,5117.77742229379,79,5
28,2836,366.882388878441,64,36
78,7525,5129.90706773372,90,12
29,6769,911.321015055682,75,46
96,4931,4455.65775104325,98,2
15,5170,400.943485693693,46,31
58,5488,2191.83328997891,76,18
63,9349,4368.11810111495,79,16
85,5896,4547.23739480545,85,0
14,8640,644.896740895662,56,42
4,1896,99.3235139418704,64,60
87,3897,3095.36816314,90,3
12,1045,72.3054761730829,52,40
87,8990,7140.71331450568,92,5
3,9502,483.671036360349,77,74
65,5720,2834.45656488783,94,29
77,5842,3902.16142420328,84,7
60,1218,518.790249006956,73,13
83,7135,5330.09153962083,90,7
38,9075,1745.75807108372,78,40
23,6413,679.940504831473,86,63
97,8411,7748.22871919085,97,0
32,2588,392.67926056455,34,2
29,1153,155.230186195775,86,57
14,1262,94.1967230336024,85,71
10,2652,170.343994571626,57,47
36,3199,568.835478153101,70,34
76,4718,3085.57422800946,78,2
33,1376,217.250717682251,70,37
75,4171,2668.98395941732,80,5
17,4971,416.422846769839,64,47
55,6337,2289.46472000351,80,25
52,6194,2016.22949412402,75,23
64,7004,3371.13549435567,69,5
52,3223,1049.12942517948,55,3
70,7798,4427.83040448528,92,22
15,7313,567.13727483133,56,41
67,7309,3831.924206231,69,2
53,4264,1437.6888175554,92,39
57,9418,3639.51950204244,81,24
27,2622,325.937339042367,73,46
52,6950,2262.31756282885,70,18
85,3660,2822.742344808,89,4
28,1520,196.636541288868,64,36
45,1746,439.838734286335,77,32
91,1284,1075.8498935913,94,3
5,4130,223.108013214966,67,62
7,2160,124.65483694182,79,72
39,8313,1662.97128585473,78,39
28,8119,1050.32373600284,70,42
72,7694,4592.15206894228,84,12
0,5602,362.069434043746,62,62
48,5029,1416.76664520524,75,27
44,9248,2243.19135634105,80,36
94,1506,1313.89047219404,95,1
22,3219,328.058257769051,47,25
58,3340,1333.95101831807,88,30
31,4848,706.86845900251,86,55
22,7332,747.226823846748,72,50
37,3906,722.466543952002,40,3
23,5465,579.428482598472,78,55
10,1350,86.713571897321,89,79
93,4218,3628.13039615806,93,0
44,1785,432.968919882003,90,46
4,2873,150.504459680904,86,82
73,5955,3640.23312431513,83,10
93,9957,8564.55532350541,95,2
26,4907,586.133317649245,47,21
48,3006,846.848386455948,70,22
64,3666,1764.50352974128,83,19
13,4160,298.909305806164,82,69
4,1993,104.404938442061,74,70
76,6656,4353.02714320283,85,9
58,5742,2293.27746921627,84,26
6,3430,191.383790030996,88,82
94,1993,1738.7674044374,94,0
66,9218,4699.90198642533,88,22
38,3292,633.282156474668,66,28
85,9573,7383.09083793633,87,2
33,1750,276.299967982514,64,31
56,7992,2986.91565311112,89,33
58,7132,2848.42474929475,59,1
46,9542,2495.74892702172,76,30
12,2176,150.561450863759,80,68
11,4105,273.600399096742,79,68
16,3868,311.733233047055,90,74
73,2647,1618.08515198357,91,18
54,6817,2379.77115498188,70,16
31,9350,1363.28797270492,72,41
64,3396,1634.54827796,66,2
7,6540,377.427145184956,69,62
87,1762,1399.54803783749,89,2
57,2209,853.652429391777,81,24
23,1870,198.267385628388,82,59
16,6295,507.332135995659,84,68
45,7410,1866.66954241795,90,45
94,5368,4683.2430642348,99,5
49,6247,1825.61228985116,68,19
75,5533,3540.51504374396,84,9
57,8496,3283.2191218255,67,10
62,3981,1804.55015247628,92,30
81,5319,3838.61873126832,88,7
98,3111,2917.00306317156,99,1
98,4409,4134.06187898535,98,0
50,7355,2228.89418721616,80,30
7,9464,546.17285963768,86,79
98,1746,1637.12225917633,99,1
42,2760,620.194441194383,69,27
14,4537,338.645429796715,71,57
23,2793,296.128774363684,72,49
13,3161,227.127960493578,87,74
99,7104,6765.71428571429,99,0
76,1607,1050.97875888326,85,9
25,4818,553.026777871531,50,25
58,1472,587.896975737784,66,8
93,9663,8311.66999006054,98,5
54,2770,966.989306043684,77,23
59,3936,1623.80936652287,81,22
81,7825,5647.15013577263,83,2
40,6646,1382.28618629683,54,14
28,8482,1097.28364685012,67,39
29,2942,396.08604318124,59,30
4,9501,497.717671920733,57,53
23,7256,769.31986637411,80,57
72,3717,2218.48573437204,88,16
97,8708,8021.82566718748,99,2
54,6235,2176.59867262901,80,26
96,7996,7225.19557439502,97,1
50,1251,379.108990918751,84,34
59,3531,1456.72532347364,78,19
21,5121,501.687424618822,57,36
19,1744,157.943754301846,58,39
86,3875,3033.76681975772,89,3
33,7827,1235.77134251379,76,43
9,1895,117.359506490434,88,79
55,6163,2226.60108401162,88,33
41,4965,1073.47318853977,55,14
10,5326,342.101099203801,65,55
13,4576,328.800236386781,73,60
45,3346,842.898284606,84,39
69,5921,3275.95738516962,72,3
17,4074,341.280763979144,60,43
82,4418,3245.00240611999,93,11
68,1062,572.157164251064,71,3
35,2444,417.735942703638,78,43
17,9764,817.93455559459,50,33
22,1731,176.411570114392,83,61
29,1866,251.222486939563,72,43
60,1707,727.073033706793,84,24
63,1765,824.658086262476,74,11
48,3669,1033.62831999563,85,37
62,5604,2540.24090793194,69,7
18,5937,517.063252595701,82,64
97,2687,2475.26935780119,98,1
41,5053,1092.49950084421,75,34
84,7536,5721.96794091444,90,6
16,3479,280.382605421588,74,58
25,9633,1105.70920532097,70,45
68,3334,1796.20714276181,91,23
9,7781,481.886184697659,85,76
3,5144,261.840013790532,88,85
95,1052,932.54999414371,98,3
29,2535,341.290999138152,62,33
10,2001,128.528783234474,80,70
15,9932,770.245783348115,88,73
22,9976,1016.68505110409,48,26
11,8321,554.599006305479,66,55
30,7744,1084.99418775503,84,54
41,4184,904.614666837949,75,34
60,1060,451.492334932162,79,19
29,3634,489.251081210275,51,22
47,9710,2636.1864952051,70,23
7,7502,432.944716082193,55,48
89,1390,1134.72941637155,92,3
55,4931,1781.49763836789,80,25
29,1429,192.388496161112,73,44
25,5218,598.940167483115,83,58
50,6758,2047.97646732927,61,11
97,5209,4798.54041115981,99,2
97,3791,3492.27619479878,97,0
62,5087,2305.88963216449,81,19
15,4226,327.734462387146,70,55
27,7219,897.384306081941,78,51
75,5297,3389.50084704713,76,1
83,6783,5067.13537676918,84,1
31,9429,1374.80666252778,74,43
10,7762,498.570922271856,46,36
34,1107,181.862471236763,87,53
89,5705,4657.28871971201,90,1
86,8151,6381.47957363747,96,10
70,9349,5308.51326641868,95,25
0,3853,249.027763186461,76,76
77,2079,1388.66716893506,85,8
35,3848,657.711909788707,73,38
32,2927,444.115995236645,91,59
25,5859,672.516374335678,75,50
79,2990,2078.86158759248,80,1
83,7037,5256.88215337236,87,4
38,4152,798.720386902436,72,34
76,3112,2035.24946959844,85,9
96,3497,3159.89356223854,96,0
24,2162,238.495419308398,82,58
5,1136,61.368208961792,60,55
24,2993,330.165027747472,74,50
70,7462,4237.04417520764,86,16
15,6595,511.454988036732,68,53
91,3438,2880.66350012997,91,0
68,1073,578.083462562516,90,22
9,6621,410.046064629637,80,71
76,3216,2103.26551871099,79,3
74,4943,3092.56403403401,76,2
89,1833,1496.37339583385,93,4
91,5498,4606.71551009731,92,1
43,9811,2290.77704631815,84,41
75,5680,3634.5789713475,84,9
67,7609,3989.20663363137,81,14
38,4948,951.846935065813,49,11
27,1685,209.460113000148,47,20
35,1001,171.093976532873,85,50
31,4204,612.969266016203,33,2
48,6034,1699.89459876088,75,27
78,8297,5656.19122139358,84,6
50,9051,2742.85809496851,76,26
40,6545,1361.27942962876,56,16
84,7795,5918.62262465871,91,7
97,9176,8452.94813069733,99,2
89,8522,6956.95258008514,94,5
92,4371,3710.09545424126,93,1
31,7730,1127.08192823626,46,15
51,2212,694.870325045943,64,13
26,7826,934.803208461992,53,27
89,8620,7036.95508569983,98,9
22,5964,607.809707777142,48,26
83,8143,6083.1023696051,91,8
17,4199,351.752068715862,74,57
19,3177,287.72207994092,68,49
23,2385,252.870435681126,81,58
78,6282,4282.53504312335,79,1
10,8557,549.635581278056,77,67
48,5176,1458.1793906507,50,2
80,3609,2557.33592054252,84,4
75,1006,643.730007953447,93,18
16,6577,530.059326202295,78,62
70,9708,5512.35926734331,85,15
24,3181,350.903759861246,75,51
87,9136,7256.68040504159,91,4
73,4425,2704.95912260192,86,13
43,1593,371.950650778189,80,37
99,4332,4125.71428571429,99,0
71,5645,3287.36177398754,78,7
18,2041,177.754101153415,87,69
5,2367,127.868442440635,52,47
69,5194,2873.72448210961,73,4
48,2933,826.282873411609,70,22
84,6358,4827.53080789995,85,1
14,1552,115.842562716443,75,61
69,3799,2101.90206151991,86,17
36,6458,1148.33995558385,78,42
83,2334,1743.5786479993,83,0
83,9508,7102.8045352088,89,6
88,2175,1751.80900025279,88,0
15,4937,382.873885661462,47,32
65,7699,3815.11907221527,81,16
82,7915,5813.53418842004,91,9
16,4530,365.085715021499,40,24
73,7641,4670.86839679125,77,4
43,8013,1870.96080645677,68,25
76,1943,1270.72291755455,86,10
71,8309,4838.74029761957,77,6
37,6604,1221.49745423938,83,46
62,4987,2260.5605652849,65,3
49,6452,1885.52112920117,65,16
93,7531,6477.82124548752,98,5
42,3190,716.818937467421,75,33
82,9233,6781.59964140016,82,0
7,9569,552.232469766796,78,71
46,6454,1688.06996174787,82,36
31,4995,728.301970445036,58,27
8,3222,192.544304642485,57,49
11,3795,252.938736801982,21,10
9,5948,368.366408762585,72,63
88,8809,7095.02780838016,93,5
0,9139,590.673430511566,78,78
61,2439,1071.99112919282,90,29
63,7149,3340.21567064614,90,27
86,9208,7209.01287131074,91,5
18,6263,545.455137444312,90,72
16,9482,764.181622479879,80,64
36,9133,1623.99950671218,91,55
80,3494,2475.84696768511,92,12
69,7947,4396.89804761745,92,23
37,3576,661.428663894613,88,51
59,3527,1455.07511070278,64,5
71,3735,2175.07461928139,83,12
34,4572,751.106791774599,74,40
83,2963,2213.46338218592,87,4
61,1734,762.128994678289,87,26
7,1434,82.7569611919308,73,66
63,1951,911.562564474838,67,4
56,8079,3019.43087606165,69,13
85,6287,4848.79265623166,94,9
94,1071,934.380276042375,96,2
40,2358,490.434972507962,84,44
77,6752,4509.99553855196,86,9
69,3058,1691.92327036796,78,9
81,5027,3627.88801693662,81,0
92,6736,5717.50239756786,93,1
8,3296,196.966489168725,85,77
59,6796,2803.71149768532,85,26
74,2437,1524.69725894009,74,0
31,1986,289.571113774543,70,39
46,3274,856.328022120007,78,32
62,8462,3835.74563935048,74,12
21,1429,139.994401441183,75,54
67,1368,717.207868945684,68,1
46,2714,709.857743443402,91,45
98,1544,1447.71865301732,99,1
78,3162,2155.58354128559,91,13
89,8364,6827.96894858392,90,1
21,3260,319.371412664979,56,35
27,5028,625.024004845546,83,56
45,1538,387.440992744778,64,19
62,4809,2179.87482623924,92,30
66,6265,3194.28139997339,86,20
57,9861,3810.71371943518,72,15
27,1544,191.932590191234,81,54
6,1720,95.9708801321615,75,69
86,6087,4765.55835661039,96,10
56,4683,1750.21596640633,85,29
57,8025,3101.20450243052,90,33
27,4531,563.242594660933,85,58
48,7111,2003.30634600408,80,32
47,9368,2543.33626025555,67,20
62,6662,3019.82243551795,66,4
53,3483,1174.35979163824,68,15
65,3240,1605.53134095045,80,15
65,1113,551.529747678348,83,18
82,6682,4907.90087770344,95,13
85,4411,3401.94439424811,88,3
3,5550,282.50623571879,74,71
76,4369,2857.3280631991,78,2
65,9714,4813.62081666439,79,14
1,9716,470.572882404996,90,89
78,3375,2300.78888419951,80,2
4,2786,145.946893376609,81,77
89,8887,7254.92109589494,92,3
95,1481,1312.83891761106,97,2
8,9529,569.445896628877,54,46
47,2964,804.702036229445,81,34
59,7200,2970.38298754183,81,22
4,5414,283.616827258062,88,84
94,9800,8549.88487881912,94,0
10,4524,290.586814269245,58,48
80,1486,1052.97899083574,83,3
78,2780,1895.16832535545,86,8
34,7089,1164.60980903109,59,25
98,8685,8143.41742322245,98,0
15,2809,217.843375495857,73,58
51,6971,2189.84676125464,75,24
78,3661,2495.75943853464,87,9
33,1718,271.247625710834,84,51
37,7871,1455.84592100517,86,49
41,3824,826.779752865276,84,43
13,3892,279.65264860519,32,19
99,3977,3787.61904761905,99,0
78,3807,2595.28986137705,89,11
82,4178,3068.72341619949,92,10
54,5432,1896.27650196003,72,18
86,7283,5701.91580601174,91,5
80,6705,4751.16025138198,80,0
38,2720,523.246496236663,82,44
16,2392,192.778152391043,77,61
46,5827,1524.07556044389,70,24
63,4223,1973.10543812263,86,23
75,6971,4460.67781853229,78,3
90,9302,7694.00258230972,95,5
37,7423,1372.98237474544,79,42
88,9770,7869.04548619301,89,1
30,5611,786.144419872606,83,53
92,7956,6753.03578905134,97,5
64,7345,3535.26416419795,92,28
31,5471,797.705721782742,75,44
7,7207,415.920097148009,68,61
47,4379,1188.86309603534,87,40
9,8861,548.771813726508,78,69
6,4220,235.463438463792,59,53
68,6418,3457.72568753609,85,17
40,5775,1201.12890849596,74,34
30,1366,191.387146238813,70,40
56,9005,3365.51244447768,77,21
23,3410,361.546409087061,89,66
75,5264,3368.38445513613,82,7
67,2800,1467.96932240345,72,5
1,4920,238.289273510969,55,54
88,9654,7775.61567284619,92,4
13,4013,288.346885625033,85,72
25,9703,1113.744048503,87,62
56,5376,2009.2165354261,63,7
74,4660,2915.50645328717,89,15
91,4517,3784.74608204975,97,6
12,1713,118.525627449274,40,28
59,3039,1253.74915265828,81,22
27,2247,279.321586890999,82,55
12,1108,76.6645622964363,74,62
65,5078,2516.32350288468,75,10
83,9941,7426.27049689848,87,4
9,9470,586.48787676222,79,70
33,9035,1426.49726326972,81,48
9,3054,189.137695420467,79,70
92,3603,3058.21869632378,93,1
98,6164,5779.62291269351,98,0
99,3371,3210.47619047619,99,0
3,2455,124.964470034167,83,80
95,5697,5050.13052912236,96,1
16,7198,580.107500380739,58,42
93,3023,2600.24613266615,94,1
40,4017,835.486549857711,64,24
15,5204,403.580251363632,76,61
58,9230,3686.33769433407,68,10
8,2111,126.151777498537,79,71
71,3123,1818.6768503389,94,23
31,9098,1326.54481023202,54,23
63,5520,2579.10064372174,73,10
28,7662,991.203407470598,71,43
1,3448,166.996222574354,88,87
60,2951,1256.93762300454,69,9
34,9809,1611.46249355141,78,44
70,1570,891.471368946126,87,17
35,1928,329.539647108271,79,44
84,8747,6641.46146220523,88,4
8,6283,375.467369977882,64,56
44,3025,733.742847419082,81,37
21,7947,778.541293389139,42,21
67,4345,2277.97382351535,88,21
49,3960,1157.26343329768,61,12
28,6425,831.177485382223,41,13
80,4362,3090.91141186103,84,4
52,9657,3143.48211571773,67,15
24,4695,517.916740820041,85,61
68,1596,859.852009552446,79,11
79,3106,2159.51307393386,83,4
64,5327,2563.96898606977,85,21
92,7456,6328.63685811549,99,7
15,6280,487.02612962406,89,74
48,6609,1861.88322890465,84,36
80,2011,1424.99377561956,93,13
96,1536,1387.93151604187,97,1
47,5728,1555.10568944746,93,46
69,8651,4786.40556309784,72,3
81,9495,6852.35661842315,89,8
13,2695,193.644369987407,85,72
84,2038,1547.42179718466,90,6
29,1035,139.343662370015,69,40
28,9133,1181.50100762581,91,63
66,8113,4136.50518722811,82,16
79,7485,5204.10668332098,87,8
81,9538,6883.38888115008,91,10
80,6217,4405.36365143054,92,12
5,3356,181.295518728674,64,59
3,8807,448.294129364933,81,78
23,9253,981.052470170843,70,47
7,5749,331.77808221228,85,78
88,6764,5447.92463342984,93,5
36,3909,695.085302938565,72,36
50,9558,2896.50178673175,77,27
71,2283,1329.50344198646,91,20
69,8249,4563.98791931501,85,16
49,5749,1680.07764596676,88,39
82,5090,3738.58357789741,86,4
62,8736,3959.94728260054,80,18
58,6481,2588.42411668246,71,13
85,5047,3892.45371973934,87,2
62,4803,2177.15508222647,66,4
95,8216,7283.10907973833,96,1
88,2149,1730.8678351923,98,10
24,9473,1044.9894112435,87,63
8,2253,134.637591048889,37,29
48,3574,1006.86498110232,80,32
34,5844,960.076135417926,56,22
3,7349,374.07897771124,72,69
28,2996,387.580972172006,57,29
0,8638,558.292711758278,62,62
73,9677,5915.45523828673,85,12
69,1133,626.863657726258,82,13
79,7147,4969.10493863661,81,2
40,5468,1137.27668773263,91,51
30,2827,396.084525927617,74,44
27,5237,651.004517377909,68,41
81,5143,3711.60295824647,85,4
22,3182,324.287473196993,84,62
43,4196,979.726886795532,83,40
7,3663,211.39382764717,68,61
41,3070,663.758849711401,71,30
81,1571,1133.76011032573,87,6
82,8401,6170.49914300907,94,12
64,4346,2091.79823793115,69,5
81,6050,4366.16719762612,98,17
79,5594,3889.34840166968,88,9
26,1945,232.327145471323,79,53
21,6653,651.772395233162,74,53
25,3759,431.471078874862,83,58
99,1181,1124.7619047619,99,0
60,7372,3140.00140860368,91,31
28,8850,1144.89038842532,85,57
56,1827,682.819681961212,59,3
13,4411,316.94445863245,78,65
34,9689,1591.74840452845,66,32
51,3182,999.582899772238,68,17
37,2532,468.327006985783,79,42
3,3457,175.968298536911,75,72
38,5593,1075.92560788664,67,29
83,2564,1915.39659531714,94,11
43,7963,1859.28627253404,82,39
98,2308,2164.0768466088,98,0
27,4639,576.667931280527,59,32
92,9022,7657.85430980659,95,3
86,1010,790.73664205298,86,0
2,3194,158.361371090256,78,76
87,1287,1022.25784602545,93,6
39,2223,444.699286473602,83,44
11,6808,453.756764202343,43,32
87,9356,7431.42533598611,88,1
65,3711,1838.92802662565,75,10
45,5790,1458.57174771929,74,29
27,4560,566.847546160639,73,46
33,2301,363.294986473008,44,11
63,3839,1793.68974116807,86,23
7,9760,563.255189144522,74,67
72,2585,1542.85327504754,76,4
33,3241,511.707540703616,74,41
69,7519,4160.09518309244,85,16
92,6674,5664.87693013181,93,1
41,9435,2039.92337036712,83,42
75,4081,2611.39379966006,81,6
91,5778,4841.32452116083,95,4
47,6159,1672.1187048371,88,41
78,4462,3041.81333371799,91,13
79,2888,2007.94390132679,91,12
80,6379,4520.15678502098,83,3
55,3519,1271.36284514634,93,38
2,7514,372.55082729248,69,67
88,5886,4740.75759792549,90,2
76,5249,3432.84847876678,82,6
24,6402,706.220015916912,59,35
73,1910,1167.56427664851,81,8
8,7272,434.56926857857,77,69
68,1481,797.895254478178,82,14
16,4915,396.113971154672,76,60
77,3753,2506.81475950615,86,9
32,7340,1113.70393065834,73,41
7,1026,59.2110475473647,61,54
83,4041,3018.7666309191,86,3
77,1489,994.57691897273,78,1
46,9625,2517.45791475414,93,47
59,3671,1514.48277045362,79,20
43,6370,1487.33562175585,74,31
55,4355,1573.39732611887,68,13
69,3528,1951.96379916879,71,2
53,7697,2595.19015683019,64,11
95,9455,8381.42604052166,98,3
89,7165,5849.16278295119,89,0
36,4213,749.141565945299,88,52
9,2346,145.290449723777,57,48
65,5647,2798.28255627999,73,8
98,5706,5350.18305318449,98,0
91,2115,1772.13592285482,92,1
86,4860,3804.93077265098,93,7
1,1900,92.0222804209028,84,83
34,4100,673.564708284308,86,52
58,5496,2195.02838223836,78,20
17,2661,222.913135235273,83,66
28,5605,725.097246002702,80,52
4,9439,494.469751106179,73,69
34,9263,1521.76338849696,62,28
12,9458,654.416453248821,83,71
81,2264,1633.88471659926,81,0
91,3995,3347.36785428133,95,4
65,9091,4504.90290758658,84,19
21,6557,642.367592897015,73,52
36,4957,881.437156988096,63,27
15,4802,372.404374913174,73,58
97,9931,9148.45552375274,97,0
19,1504,136.208375269482,78,59
81,7013,5061.14554660364,90,9
56,9774,3652.91711630481,71,15
36,4361,775.458430830157,77,41
41,5274,1140.28148969965,77,36
82,9303,6833.01434679364,83,1
64,5267,2535.09004122949,83,19
22,6988,712.168718636262,63,41
57,9261,3578.84796224412,72,15
43,6828,1594.27435248806,76,33
9,2461,152.41253059259,80,71
95,3338,2958.98467723546,95,0
67,6696,3510.54377957625,92,25
57,7023,2713.98868792144,68,11
18,5905,514.276319113629,70,52
98,4648,4358.15822488635,99,1
18,3925,341.834809910414,46,28
65,2580,1278.47866038647,86,21
63,9837,4596.12554932803,93,30
19,4970,450.10347412854,64,45
93,8340,7173.68598955861,97,4
39,4380,876.19562517066,84,45
82,8072,5928.85002765971,92,10
41,9361,2023.92397138385,81,40
6,7047,393.201623425199,67,61
19,5864,531.067761024096,85,66
48,4320,1217.02762125406,50,2
63,5232,2444.53887100582,82,19
60,7719,3287.80125786921,76,16
95,2725,2415.58815022967,99,4
23,3687,390.91542824164,56,33
8,7376,440.784230615447,51,43
12,3827,264.797184032908,59,47
61,6627,2912.70406443658,71,10
29,5697,766.995985045386,91,62
79,2336,1624.15406977125,86,7
18,3642,317.187866928338,74,56
58,5085,2030.8805174094,60,2
41,8809,1904.57710329242,87,46
52,4768,1552.04750209611,91,39
71,4017,2339.29712065686,79,8
52,7487,2437.1182148057,77,25
13,3080,221.307851414179,58,45
5,3501,189.128608781016,81,76
93,7590,6528.57034301557,96,3
52,4082,1328.74536567876,87,35
61,3927,1725.99801735966,80,19
56,2077,776.254230669643,92,36
61,8409,3695.93005550734,93,32
19,7436,673.434493686081,57,38
86,8181,6404.96680062914,90,4
42,1645,369.644875277087,72,30
45,5678,1430.35757919691,60,15
7,3899,225.013522794518,89,82
5,3441,185.887330138668,7,2
68,5403,2910.88997970668,82,14
22,3394,345.89304966392,79,57
41,4405,952.396655693395,78,37
53,8520,2872.68028273265,82,29
36,6527,1160.60930475314,77,41
16,5219,420.614204568919,75,59
21,6679,654.319529199202,82,61
26,4848,579.085861822609,86,60
6,8535,476.227594144185,78,72
16,1177,94.8578116071311,91,75
92,5160,4379.79696725804,93,1
60,9475,4035.74516366249,78,18
12,1920,132.848338997435,85,73
90,7413,6131.54602694711,90,0
16,7385,595.178367645423,72,56
75,5231,3347.26806322513,83,8
55,6466,2336.07051910095,70,15
31,7234,1054.76205289277,48,17
93,6531,5617.6670500968,93,0
29,1743,234.662805324576,74,45
43,2950,688.797501441091,66,23
64,3039,1462.71855616032,80,16
59,4987,2057.40277206543,75,16
14,4348,324.538313589622,68,54
85,3722,2870.55929163261,92,7
1,8238,398.989234793367,82,81
48,1256,353.839512105346,52,4
74,2995,1873.80725914057,81,7
19,9927,899.02961522616,64,45
31,9865,1438.37816585391,68,37
68,1150,619.567550742677,81,13
76,8786,5746.04814906552,80,4
72,5830,3479.6265352136,92,20
37,8187,1514.29431524195,84,47
83,3412,2548.88189673248,95,12
89,2171,1772.3004049947,92,3
1,7637,369.88113451286,83,82
9,7767,481.019148765804,42,33
94,4150,3620.61451501014,95,1
15,3288,254.990750669412,74,59
92,1243,1055.05574230654,94,2
5,3283,177.351963047151,52,47
72,9152,5462.35712697683,80,8
92,8620,7316.63756933416,96,4
14,9079,677.664063725893,75,61
13,2329,167.346099332345,78,65
87,8750,6950.08248074802,94,7
50,3052,924.892598148702,82,32
83,7128,5324.86229774594,83,0
50,5017,1520.37554551509,50,0
38,2612,502.470532415502,77,39
36,4590,816.178444739835,68,32
97,1761,1622.23644923256,97,0
49,6687,1954.19711577313,84,35
33,2537,400.55601072665,77,44
33,5539,874.528870088654,87,54
65,6176,3060.42023509567,81,16
28,9178,1187.32248417713,81,53
71,5856,3410.23747537131,75,4
80,6499,4605.18873582871,82,2
86,9343,7314.70539277326,88,2
41,3490,754.566249346186,91,50
51,1531,480.943249387585,80,29
64,4135,1990.24061524282,74,10
73,7767,4747.89096163822,82,9
61,2656,1167.36713371715,87,26
89,3668,2994.37949586392,89,0
61,9442,4149.95499870381,73,12
50,5058,1532.80038054919,70,20
19,9470,857.641830985367,88,69
18,8175,711.974412998123,54,36
11,7217,481.01682832672,52,41
60,3794,1616.00181012512,71,11
53,6183,2084.71621926479,91,38
8,4926,294.374067246705,73,65
53,4055,1367.22048667616,86,33
11,4611,307.325564003673,86,75
67,3120,1635.73724496384,74,7
23,1130,119.808634096299,74,51
17,8526,714.226753482125,77,60
83,5250,3921.93140616809,83,0
42,6490,1458.35576933027,72,30
63,4410,2060.47714471247,77,14
59,5580,2302.04681534492,80,21
99,1849,1760.95238095238,99,0
66,5731,2922.01543547446,88,22
80,5218,3697.47266095618,81,1
91,3674,3078.40538088351,93,2
76,2705,1769.07127739839,80,4
2,2176,107.888022383343,82,80
81,4110,2966.10697227163,86,5
31,2571,374.867740943782,78,47
34,1753,287.989983810339,67,33
76,5779,3779.46872905186,81,5
36,5698,1013.19929806701,87,51
29,1235,166.2699739391,56,27
21,9815,961.543072179992,86,65
9,7650,473.773205621012,78,69
29,1233,166.000710823409,89,60
81,3118,2250.19988796665,82,1
11,7954,530.138264169424,79,68
27,4780,594.195454089441,72,45
22,2945,300.134069316513,84,62
26,5868,700.923233740732,70,44
0,9466,611.808151134969,28,28
11,9348,623.049093972313,90,79
47,2073,562.802739913509,81,34
87,6250,4964.34462910573,98,11
15,7673,595.055970160097,72,57
86,2722,2131.0743957111,89,3
44,2361,572.683260415356,68,24
81,1723,1243.45555066278,93,12
91,6632,5556.88200490458,97,6
20,6268,590.360508141172,81,61
87,9148,7266.21194672947,90,3
85,3408,2628.38959319827,94,9
93,9290,7990.8324751798,93,0
43,2069,483.092213722582,52,9
90,4413,3650.14334505835,90,0
39,8360,1672.37338502893,88,49
89,1246,1017.17471424385,89,0
44,2783,675.043419625555,88,44
85,4093,3156.6897315025,97,12
19,8898,805.839177624899,86,67
10,8852,568.584102544508,60,50
15,6284,487.336337349935,73,58
20,9212,867.645341575698,68,48
86,9958,7796.19354610255,89,3
10,2605,167.32507762409,39,29
4,3236,169.520512191926,66,62
0,5871,379.455488623854,77,77
31,4797,699.432342787756,73,42
97,6831,6292.72980392256,98,1
27,9089,1129.84152347676,75,48
50,3753,1137.32697275625,83,33
86,7041,5512.45217494558,86,0
67,8830,4629.34611315087,89,22
40,5985,1244.80632335036,75,35
53,8679,2926.29016124844,84,31
85,8081,6232.39914983427,93,8
96,3182,2875.25916930027,96,0
38,3710,713.692831263979,54,16
12,5632,389.688461059142,55,43
2,5355,265.505680084007,20,18
49,3170,926.395223119607,92,43
66,2960,1509.18961594912,80,14
23,6176,654.812499273223,64,41
16,5009,403.689701223551,89,73
85,4998,3854.66290692633,94,9
54,9861,3442.41211079306,67,13
54,4470,1560.44844693692,72,18
90,6306,5215.90843733016,96,6
41,7186,1553.67136613229,54,13
59,2430,1002.50425829537,77,18
78,3118,2125.58807138787,85,7
36,7328,1303.0404451097,82,46
15,4581,355.26539805857,55,40
2,7642,378.897181550324,87,85
67,9174,4809.6966299033,95,28
47,4026,1093.02645002016,83,36
63,1713,800.362210633213,65,2
43,7218,1685.33571708535,74,31
66,6412,3269.23101941411,80,14
20,8914,839.577787104404,67,47
3,5705,290.396049509134,19,16
76,6192,4049.57092408533,89,13
8,2199,131.410591529741,43,35
96,5247,4741.19574522895,96,0
30,3001,420.463269299179,82,52
71,1363,793.742089981403,87,16
30,9241,1294.73544538278,60,30
63,1212,566.280793512816,74,11
96,2696,2436.10896305265,98,2
39,3782,756.568916528639,50,11
80,1478,1047.31019411522,81,1
58,2493,995.670625349386,74,16
96,6627,5988.16546667281,97,1
27,1356,168.562559779348,60,33
0,1135,73.3575165368889,82,82
61,3201,1406.90594692342,80,19
4,2649,138.770036092835,88,84
48,9235,2601.67825978732,88,40
83,9225,6891.39375655251,89,6
93,6501,5591.86242423508,96,3
80,4485,3178.06916143895,81,1
76,1638,1071.25277352257,81,5
95,1347,1194.05403242545,95,0
58,9077,3625.23155487219,69,11
2,5827,288.907861409806,79,77
26,3334,398.240978406885,81,55
21,2456,240.606193099751,85,64
4,1306,68.4158803840099,71,67
9,6768,419.149941914119,47,38
16,2374,191.327480675726,91,75
97,5815,5356.78872929435,97,0
16,4462,359.605399652523,72,56
98,1885,1767.45444361247,98,0
76,6970,4558.38329148494,83,7
47,9532,2587.86093432492,82,35
0,7507,485.19372391403,75,75
95,2316,2053.02831410345,95,0
91,5621,4709.77589710021,97,6
1,3144,152.27265770701,83,82
94,2174,1896.67854352579,99,5
69,5284,2923.51947698636,80,11
40,1079,224.418717275696,54,14
51,4096,1286.7038206999,71,20
50,4183,1267.63621823592,84,34
68,3567,1921.7369160862,90,22
3,5175,263.417976548601,74,71
28,2880,372.574499284172,76,48
5,5442,293.983972860979,45,40
72,7826,4670.93606596598,91,19
43,8349,1949.41367441752,80,37
6,4568,254.880802583554,77,71
83,4292,3206.27230386161,83,0
46,6799,1778.30611557542,89,43
42,6100,1370.71959829193,86,44
4,3149,164.962945887632,79,75
88,1808,1456.21640112968,91,3
35,3549,606.605916798368,88,53
43,5870,1370.59028252854,66,23
47,3284,891.579449047739,58,11
97,6731,6200.60961941191,99,2
65,6029,2987.57668351551,72,7
97,6888,6345.23830909363,97,0
4,1538,80.5693905287957,87,83
18,8361,728.173463862668,78,60
20,2755,259.483599222867,25,5
62,1380,625.541122938273,83,21
72,3585,2139.70173734833,78,6
82,3967,2913.74480422771,85,3
67,2512,1316.97819209909,90,23
77,2712,1811.47925067431,93,16
16,8038,647.805513762209,87,71
78,5766,3930.76998705019,79,1
16,6034,486.297396123559,75,59
1,1239,60.0082133902624,82,81
46,3268,854.758697705615,85,39
86,8537,6683.68189426366,89,3
97,1245,1146.8962971576,98,1
11,2066,137.699981616046,70,59
79,5767,4009.63035974777,88,9
28,4638,600.000183222218,38,10
51,9184,2885.03122297556,59,8
62,4145,1878.8898221588,80,18
67,7810,4094.58585998962,91,24
31,9098,1326.54481023202,46,15
71,9945,5791.46374531552,71,0
61,3620,1591.06514459943,72,11
74,7398,4628.52290588379,82,8
24,6166,680.186288369835,60,36
47,7782,2112.75008297488,78,31
79,1071,744.635705789815,86,7
85,4002,3086.5067934212,87,2
6,8357,466.295723990973,73,67
69,5217,2886.44986968922,80,11
14,5586,416.943656787403,61,47
89,2836,2315.17455023721,89,0
20,4269,402.081845764943,51,31
55,7773,2808.27035956877,90,35
74,8116,5077.73613194821,83,9
98,5846,5481.45287923528,98,0
73,7845,4795.57159701967,78,5
39,8490,1698.37919125546,61,22
24,4821,531.816103832464,65,41
23,9783,1037.2459003222,56,33
79,1946,1352.99821052006,85,6
41,6870,1485.34960831183,87,46
51,1213,381.047786745356,77,26
32,6138,931.323532204484,89,57
21,6500,636.783491509928,80,59
67,9609,5037.75614963383,86,19
22,3558,362.606797496826,84,62
57,5125,1980.52000934036,80,23
70,2203,1250.8989973174,75,5
11,8689,579.126398965065,83,72
94,9356,8162.52274757466,95,1
25,2846,326.673767086421,78,53
24,5166,569.873883509336,83,59
75,9200,5886.99410852059,86,11
53,5175,1744.84981961754,60,7
73,1701,1039.80462543409,78,5
60,7716,3286.52344937412,63,3
44,6579,1595.79973327938,87,43
64,9965,4796.31142222363,66,2
30,2075,290.723520091901,87,57
91,5783,4845.51396778697,93,2
55,3743,1352.29074435429,58,3
81,6464,4664.94293643889,81,0
25,5879,674.812043816257,82,57
8,9536,569.864211381359,51,43
90,6648,5498.78834306547,93,3
57,1891,730.763578080512,57,0
62,4388,1989.03945467619,76,14
50,1423,431.232689110617,55,5
94,6605,5762.44792087758,95,1
12,6244,432.033869114574,86,74
43,6736,1572.79321007023,78,35
21,7182,703.59677477297,82,61
89,8266,6747.96644296923,94,5
53,2922,985.207956120283,81,28
94,9491,8280.30177396656,95,1
89,2381,1943.7343455976,89,0
22,9241,941.778925145636,87,65
60,2587,1101.89685893349,89,29
97,3022,2783.87197591187,98,1
31,1181,172.197122541659,77,46
27,3620,449.997394101209,81,54
69,2442,1351.10419432261,69,0
21,5696,558.0182719447,89,68
95,5581,4947.30182254377,96,1
2,3237,160.49334947375,57,55
95,8911,7899.19486484278,96,1
64,9937,4782.83458129816,93,29
17,3766,315.479469107868,73,56
11,3830,255.271505125584,90,79
97,2420,2229.30846515775,99,2
55,5851,2113.8800815434,74,19
91,5498,4606.71551009731,91,0
10,1185,76.115246443204,77,67
0,5395,348.690574199573,86,86
11,6393,426.096796936777,75,64
31,8250,1202.9011523867,65,34
88,4933,3973.18335551588,90,2
54,5973,2085.136146209,83,29
12,3935,272.269903101513,82,70
34,7348,1207.15938450563,73,39
35,1381,236.044736855043,54,19
45,7155,1802.43192658575,65,20
88,7233,5825.67103394412,93,5
87,2859,2270.88980713812,98,11
46,2766,723.458555034801,74,28
7,5368,309.790354029487,33,26
96,3707,3349.64982419739,96,0
32,8793,1334.16875507886,35,3
94,9711,8472.23796512372,94,0
69,6965,3853.57932573997,85,16
3,1790,91.1146237723664,87,84
42,3418,768.052391305218,82,40
82,2035,1494.69893536763,89,7
82,7185,5277.35226074517,88,6
14,7258,541.743118682953,69,55
20,6551,617.015266246461,73,53
24,2426,267.61789419157,82,58
14,4086,304.982417048573,76,62
80,9422,6676.42533758703,89,9
11,4078,271.800834961392,81,70
5,8446,456.263990221211,59,54
15,1512,117.258520380825,62,47
52,2503,814.75983593678,91,39
23,1764,187.028699598116,63,40
13,6282,451.381793046712,62,49
90,9895,8184.4931790964,91,1
52,1789,582.343326604435,62,10
69,3425,1894.97619392095,83,14
55,3487,1259.80171668806,85,30
49,6125,1789.95922448189,83,34
47,2801,760.448854075127,82,35
86,5097,3990.47986588519,88,2
32,5796,879.431605190158,64,32
76,6427,4203.26103506079,90,14
5,4400,237.693767105533,56,51
59,3346,1380.40298282152,72,13
6,9172,511.770298007084,83,77
54,9282,3240.28690927707,80,26
53,4814,1623.1317935534,65,12
7,9942,573.758513368323,63,56
11,9223,614.717778530877,25,14
82,2673,1963.30725023964,82,0
76,4735,3096.69223603747,82,6
97,3387,3120.11064937575,98,1
70,7305,4147.89703831303,82,12
70,6622,3760.07860201353,84,14
9,1026,63.5413475774063,76,67
19,6823,617.918713074251,61,42
98,5062,4746.34185335084,98,0
91,6367,5334.84133371946,99,8
85,7271,5607.69387680299,92,7
86,9626,7536.26823406138,89,3
20,9174,864.066257448486,68,48
88,6160,4961.44526048607,91,3
60,1620,690.016587349154,82,22
15,4736,367.285947436234,61,46
2,9231,457.681219954336,85,83
60,5647,2405.26152392634,92,32
47,7033,1909.40263859706,82,35
57,4054,1566.63963275431,59,2
2,4954,245.623742135606,87,85
95,3896,3453.62621405313,96,1
47,1185,321.717919342744,89,42
53,9454,3187.59617288198,90,37
36,3463,615.779074974738,71,35
48,6282,1769.76099924028,79,31
43,7810,1823.56219873048,90,47
79,8463,5884.08214575089,86,7
36,4887,868.989991164177,85,49
65,4182,2072.32471230085,87,22
30,7665,1073.92567783346,46,16
14,6635,495.241883778092,50,36
85,5437,4193.23774008773,90,5
46,2101,549.525099106333,79,33
16,6429,518.131580987465,78,62
78,6598,4497.95705420692,87,9
86,5873,4598.01613740312,96,10
35,9288,1587.53332071661,82,47
61,6139,2698.21793444638,72,11
92,3743,3177.05039698582,96,4
42,3135,704.459990269707,70,28
28,9589,1240.49197001247,81,53
6,5808,324.069111516043,84,78
81,1070,772.198165530571,92,11
30,5543,776.617094876823,64,34
95,8013,7103.15884322581,97,2
99,3143,2993.33333333333,99,0
81,1471,1061.5920574724,83,2
8,6201,370.567111448805,65,57
97,8701,8015.37725427173,97,0
74,3228,2019.58258180493,89,15
15,8065,625.456327295867,82,67
59,4113,1696.83128163327,77,18
48,5844,1646.36792097424,66,18
72,8808,5257.04125594536,72,0
27,8090,1005.65715974552,81,54
35,3293,562.849615107643,76,41
20,7620,717.700553930397,79,59
82,6475,4755.860248897,88,6
16,9248,745.322890180755,79,63
9,3441,213.105045822471,66,57
35,2416,412.950097206215,73,38
76,7705,5039.0736385784,88,12
74,1365,854.005645651714,90,16
44,8355,2026.58561659055,87,43
42,8532,1917.20977256177,69,27
56,1922,718.324810470416,78,22
65,5833,2890.4519480753,76,11
5,1837,99.2371477665598,52,47
10,1049,67.3796569779924,65,55
7,4941,285.147939504414,79,72
52,1714,557.929827724987,85,33
54,4129,1441.40752514598,80,26
20,1879,176.976291448191,90,70
28,6569,849.806210346431,66,38
23,8697,922.102381181868,46,23
61,3643,1601.17412203749,91,30
92,4843,4110.7280450447,92,0
38,7474,1437.77364443854,74,36
56,1877,701.506591702899,90,34
67,3667,1922.51553759052,70,3
82,5527,4059.558238711,83,1
11,1397,93.1107813734832,63,52
18,2685,233.841137480118,65,47
62,2713,1229.77758444314,82,20
37,8860,1638.77459790444,92,55
72,1710,1020.61087053435,80,8
16,2227,179.480328333969,79,63
79,6875,4779.99110859475,79,0
28,1073,138.809874212471,48,20
37,7319,1353.74619436372,71,34
37,1165,215.482212929872,41,4
76,9276,6066.50838046116,82,6
22,4824,491.628777719137,61,39
87,5508,4374.9776347383,92,5
56,5382,2011.4589645951,91,35
17,2220,185.970372124128,74,57
76,4832,3160.13028184437,76,0
89,4925,4020.53408318697,89,0
86,9106,7129.15629953905,89,3
96,4537,4099.63885955856,99,3
29,1659,223.35375446556,33,4
8,1204,71.950137426925,80,72
82,6409,4707.38352666886,86,4
15,1359,105.393074866098,85,70
33,1917,302.666879212845,58,25
31,2041,297.590454790454,87,56
9,6228,385.707127399694,73,64
58,4150,1657.45410958682,74,16
3,5620,286.069377430558,20,17
74,1572,983.514194113183,85,11
2,2095,103.871970079551,86,84
69,2202,1218.31754131793,77,8
81,7007,5056.81546343244,96,15
21,7082,693.800105672817,57,36
4,1811,94.8707192767549,73,69
3,8773,446.563460533503,41,38
24,2600,286.812252637296,63,39
24,6515,718.685317666149,75,51
10,4112,264.123116771692,39,29
11,5441,362.645498534805,88,77
12,5213,360.697078746681,72,60
8,8613,514.706423304074,30,22
75,3390,2169.22935085704,81,6
50,9493,2876.80387753133,82,32
83,4402,3288.44610475275,96,13
5,2682,144.885155312963,88,83
58,1769,706.51477586966,79,21
17,8867,742.792472803894,76,59
81,5552,4006.77029441657,81,0
67,6958,3647.90376617257,68,1
99,1570,1495.2380952381,99,0
46,8859,2317.10749785007,73,27
12,2481,171.664963048248,71,59
3,4074,207.374847624928,71,68
16,6498,523.692489229514,66,50
15,5177,401.486349213974,35,20
50,6989,2117.97980617997,82,32
12,8852,612.486196252756,89,77
29,6134,825.829975823837,84,55
85,6055,4669.86472617826,96,11
1,5841,282.895863125523,81,80
63,1603,748.967089109772,65,2
96,7487,6765.26253945667,97,1
58,4528,1808.42221884558,93,35
17,7501,628.36205464103,80,63
66,8799,4486.27007795146,69,3
87,5958,4732.41044803391,88,1
42,9389,2109.78464071524,53,11
98,5952,5580.84289038803,98,0
99,4862,4630.47619047619,99,0
1,7690,372.448071808812,4,3
66,7309,3726.5766564095,77,11
42,4237,952.088350485725,70,28
86,2525,1976.84160513245,91,5
3,5107,259.95663888574,70,67
79,7498,5213.14521196269,79,0
55,6202,2240.69120932015,65,10
8,7200,430.26660255304,87,79
24,8514,939.199814982285,81,57
4,9293,486.821421446098,71,67
37,5288,978.08578710143,88,51
60,4598,1958.45448680951,85,25
48,8286,2334.32659021091,84,36
86,2918,2284.52427872336,88,2
70,4607,2615.92904250624,80,10
22,8387,854.745140698674,87,65
2,8502,421.536749220211,53,51
64,6479,3118.4447270032,70,6
26,8479,1012.80301617036,68,42
57,8537,3299.06328190023,84,27
3,3016,153.520505752769,75,72
31,3264,475.911437744264,68,37
81,8622,6222.32951701363,88,7
90,2841,2349.88833974865,93,3
61,4913,2159.36548492182,94,33
12,5297,366.509193577819,64,52
42,9530,2141.46848716756,83,41
89,8784,7170.83682978971,90,1
26,6820,814.638114197647,76,50
75,1822,1165.88078975267,80,5
33,9207,1453.65360298,72,39
22,3017,307.471812267545,81,59
22,6816,694.639666031019,48,26
22,8921,909.16673425216,76,54
17,7033,589.157489706754,78,61
69,6713,3714.15334008506,88,19
28,1278,165.329934057351,69,41
12,3841,265.765869838097,87,75
99,5395,5138.09523809524,99,0
73,4790,2928.08004457925,82,9
66,3470,1769.2189078863,73,7
85,3877,2990.10165869416,88,3
88,7100,5718.54892036544,88,0
11,7099,473.152066550005,86,75
96,8155,7368.86817273529,99,3
10,2914,187.172850747254,61,51
10,5395,346.533126211887,87,77
25,3904,448.114682609061,66,41
31,8886,1295.63389577069,81,50
78,3357,2288.51801015045,88,10
20,6443,606.843132411227,71,51
82,4766,3500.60694150473,82,0
89,5774,4713.61701448153,89,0
2,4498,223.014855092038,46,44
46,7513,1965.05572088809,80,34
55,4529,1636.26096211076,82,27
81,5034,3632.93978063635,84,3
51,9122,2865.55474912707,71,20
92,5847,4962.9210983639,97,5
14,4921,367.307507169855,80,66
90,5070,4193.57053239199,96,6
45,8364,2106.99379929605,78,33
49,6736,1968.51678956898,91,42
98,6571,6161.24304985546,99,1
9,5253,325.324267859762,82,73
66,1356,691.371999738854,89,23
65,5067,2510.87262487528,81,16
45,9420,2373.01310250703,81,36
13,1993,143.203424632617,67,54
66,4997,2547.77719962762,68,2
27,4736,588.725872503681,70,43
34,1215,199.605151357423,72,38
80,4046,2866.99394140067,83,3
39,6959,1392.11081177229,69,30
35,6049,1033.91355049685,92,57
12,7677,531.185780460055,82,70
12,2009,139.006413044712,83,71
75,8715,5576.64713649532,87,12
98,6496,6090.91992875683,99,1
3,2990,152.19705311697,86,83
27,6588,818.945533795239,89,62
80,4091,2898.88092295357,81,1
86,4670,3656.17833503705,95,9
61,3294,1447.78137743384,85,24
83,1183,883.741876856544,84,1
60,3410,1452.44232275347,92,32
52,9251,3011.32370845032,92,40
24,7952,877.204243450685,79,55
60,6497,2767.30726420213,64,4
98,8110,7604.27349479955,98,0
8,8932,533.769624167188,83,75
67,7870,4126.04234546969,76,9
12,8881,614.492759706363,85,73
31,4531,660.647893510803,87,56
43,5636,1315.95346377017,82,39
34,2592,425.824322895836,82,48
88,5122,4125.40951691715,89,1
88,4833,3892.64041297552,89,1
67,7947,4166.41150183579,69,2
31,4520,659.044025307621,85,54
32,6105,926.316416439944,74,42
68,7242,3901.65930650302,77,9
6,2753,153.609205234791,72,66
37,7276,1345.79277362897,86,49
45,1863,469.31246390346,71,26
9,2894,179.228713342119,88,79
88,5499,4429.0564102943,89,1
38,6412,1233.47666686378,53,15
37,4805,888.748526290161,82,45
32,1897,287.833291070692,43,11
28,3985,515.524090155355,88,60
0,9099,588.088143585156,90,90
48,2937,827.409750838696,81,33
89,8682,7087.56891578259,95,6
53,8757,2952.58934693543,59,6
4,4009,210.014750734683,55,51
20,3982,375.050341962053,56,36
36,3805,676.592370857314,80,44
38,8549,1644.57143247325,81,43
56,8456,3160.33017551396,83,27
70,7249,4116.09933343342,75,5
93,4457,3833.70724885644,99,6
33,4489,708.748889299146,80,47
25,8733,1002.40407869491,87,62
19,2079,188.282720867854,75,56
69,6708,3711.38695148079,88,19
63,4733,2211.3919106404,77,14
96,1862,1682.50552270179,96,0
32,3932,596.605429884006,77,45
89,2381,1943.7343455976,90,1
48,9972,2809.30542572812,67,19
20,9104,857.473207740464,88,68
82,8105,5953.08838877378,82,0
39,5981,1196.4671310835,83,44
77,1407,939.805053723728,91,14
31,3240,472.412088937321,91,60
69,1704,942.785236333225,88,19
43,3113,726.856482029192,84,41
60,8457,3602.1421476616,77,17
67,5715,2996.23024197704,90,23
96,7497,6774.2985519309,99,3
92,3478,2952.11896358982,92,0
87,5686,4516.36216977523,92,5
43,5395,1259.68221026261,59,16
33,3251,513.286397663516,63,30
8,3315,198.101914925462,19,11
56,9677,3616.66451140594,71,15
74,6505,4069.8217765307,74,0
54,7328,2558.15799086214,91,37
96,1509,1363.53428236144,98,2
27,9340,1161.04300025008,84,57
30,4443,622.498602297984,88,58
31,6771,987.253782158827,85,54
72,3102,1851.42393005705,89,17
69,2505,1385.96069073634,92,23
77,5097,3404.53898992881,87,10
64,7127,3430.33733127825,80,16
97,1815,1671.98134886831,97,0
83,1642,1226.63073693867,91,8
25,6591,756.537877324877,71,46
49,5136,1500.9356043982,75,26
44,2317,562.010637180169,79,35
79,1010,702.224148317193,82,3
29,9854,1326.65937100882,83,54
21,5857,573.790909195946,51,30
95,4505,3993.4769235907,98,3
11,1097,73.115624314038,54,43
64,2406,1158.04568809534,77,13
52,9276,3019.46154141014,77,25
33,2116,334.086132714857,89,56
98,7421,6958.23842230671,99,1
25,9879,1133.9459399321,46,21
65,6109,3027.21943267478,66,1
87,9462,7515.62062089575,89,2
75,4063,2599.87576770861,93,18
58,2312,923.381662979454,63,5
55,6590,2380.86989187678,70,15
85,6199,4780.92344138382,98,13
63,5899,2756.18019878886,68,5
80,6493,4600.93713828832,86,6
11,5505,366.91113204082,69,58
38,4751,913.950038095731,91,53
99,2723,2593.33333333333,99,0
51,1627,511.100370185239,81,30
89,3555,2902.1317087776,92,3
97,1711,1576.17635697724,97,0
12,4576,316.621874610553,67,55
21,2188,214.351119911342,90,69
32,9074,1376.80510446782,69,37
35,5510,941.786024671459,72,37
43,3766,879.32589506005,82,39
99,3495,3328.57142857143,99,0
34,6972,1145.38857223371,84,50
43,2579,602.172459734432,78,35
32,1744,264.618481616914,74,42
26,6444,769.725514353319,81,55
14,6781,506.139444446005,90,76
39,8458,1691.97776203047,55,16
45,1080,272.065196465774,87,42
1,4850,234.898978969147,90,89
48,4110,1157.86655633199,88,40
33,7186,1134.5666113842,78,45
85,4584,3535.36910071035,91,6
79,9666,6720.49368082573,86,7
22,8601,876.554543358685,49,27
37,1152,213.077690382157,87,50
47,6737,1829.04103174014,93,46
20,1320,124.326080208415,62,42
48,7132,2009.22245249628,83,35
99,9667,9206.66666666667,99,0
72,3141,1874.70102008678,88,16
15,5210,404.045562952445,69,54
14,4808,358.873093776197,74,60
36,1101,195.776136744784,80,44
44,6453,1565.23722128771,79,35
23,3680,390.173250862283,58,35
59,5507,2271.93043227679,77,18
60,3648,1553.81513003069,73,13
98,6516,6109.6727610498,98,0
99,7104,6765.71428571429,99,0
87,1011,803.032387204143,90,3
