"Age","Benefit","NetSinglePremium","Die","SurviveYears"
16,6764,545.13019346698,71,55
14,4268,318.567047470218,75,61
41,2606,563.438293924401,78,37
41,2152,465.279819081086,78,37
99,5629,5360.95238095238,99,0
63,8935,4174.68555283582,65,2
2,9949,493.280300869428,65,63
71,8180,4763.61723847973,82,11
13,2763,198.530387486161,77,64
36,4745,843.740026207084,85,49
0,4726,305.451650355363,69,69
1,3834,185.691275333548,84,83
6,2258,125.989678685128,87,81
14,9042,674.902353145668,75,61
61,4384,1926.85900384638,83,22
24,4460,491.993325677824,87,63
81,2521,1819.35661243231,92,11
59,5129,2115.98532543084,71,12
13,1731,124.377886622709,39,26
55,6130,2214.67867028902,74,19
66,3443,1755.45265125433,87,21
33,1430,225.776545265711,88,55
54,4861,1696.94404934236,58,4
6,4920,274.521354796648,71,65
43,5345,1248.00767633988,67,24
68,9464,5098.77156541626,74,6
56,9614,3593.11900513142,87,31
32,3965,601.612545648547,46,14
45,3501,881.944678543217,67,22
35,5239,895.465877178543,70,35
84,3683,2796.44478853342,93,9
58,6691,2672.29528849288,79,21
18,2406,209.542561183301,88,70
94,1325,1155.97933310565,95,1
5,5693,307.543321848136,81,76
50,5698,1726.74902498405,93,43
77,3743,2500.13526374407,93,16
48,3719,1047.71428783422,57,9
70,4937,2803.3083748325,88,18
72,5941,3545.87671452899,81,9
91,7186,6021.07269108026,91,0
29,7049,949.017851252401,71,42
7,3924,226.456287110974,66,59
73,3380,2066.16086652983,84,11
48,7834,2206.98944095007,51,3
27,2788,346.572578661373,83,56
77,4537,3030.4872272527,77,0
49,1742,509.079015354686,83,34
85,3228,2489.56619919132,92,7
37,2011,371.961141804269,71,34
29,1707,229.816069242141,78,49
23,1928,204.416855343066,85,62
85,2329,1796.22047023438,85,0
89,4997,4079.31143425082,91,2
76,1783,1166.08284199679,86,10
39,7357,1471.72858775812,42,3
76,1468,960.072693242452,85,9
59,5170,2132.90000633212,74,15
11,2482,165.426599405143,78,67
15,8295,643.293271533691,84,69
34,9782,1607.02682352124,84,50
53,4682,1578.62547931388,94,41
86,3069,2402.74332124812,90,4
41,7183,1553.02274184918,66,25
51,5881,1847.43778553128,54,3
5,6476,349.842008130779,56,51
36,5317,945.451152653966,67,31
36,8355,1485.65814941205,75,39
38,4058,780.63760357661,86,48
8,8950,534.84529067357,83,75
73,8869,5421.5327589506,82,9
85,6872,5299.96868675425,91,6
24,8819,972.845098464738,89,65
0,8427,544.655323221465,65,65
43,5052,1179.59490755268,55,12
9,9974,617.701170309016,70,61
98,3286,3081.09034573506,98,0
65,4313,2137.23971404916,73,8
19,6926,627.246813242307,60,41
48,2407,678.098491749657,60,12
74,4800,3003.09677591811,74,0
95,1613,1429.85089406255,95,0
89,6664,5440.17038179857,91,2
84,3612,2742.53558951472,85,1
94,8127,7090.29738879214,97,3
27,2454,305.053482078554,78,51
65,6667,3303.72760806069,88,23
31,3124,455.498569703763,48,17
59,9504,3920.90554355522,72,13
36,5460,970.878934265686,86,50
83,3365,2513.77127271536,85,2
41,5300,1145.90290015323,75,34
60,7145,3043.31389914179,68,8
36,1700,302.288312866606,71,35
16,2764,222.758701174265,88,72
30,2503,350.689624477122,89,59
81,8338,6017.37224691019,93,12
67,3735,1958.1662211346,76,9
15,5631,436.694926100809,76,61
99,4190,3990.47619047619,99,0
46,3821,999.398097898762,78,32
28,9949,1287.06378242299,76,48
85,5641,4350.57091996227,90,5
49,3373,985.71958598815,84,35
73,2986,1825.31252883375,79,6
17,4760,398.747284374257,66,49
73,6237,3812.61695992501,82,9
23,3072,325.70984419808,87,64
64,4848,2333.41874309485,87,23
21,3334,326.620947799093,79,58
50,5400,1636.44168741907,88,38
19,6058,548.637192408591,87,68
9,2796,173.159461819131,78,69
12,4543,314.338543784034,86,74
11,1526,101.708698909045,60,49
18,1450,126.282923406395,24,6
93,1141,981.435936940813,93,0
81,5724,4130.89934532429,84,3
14,3870,288.859998526182,77,63
7,7133,411.649514771299,73,66
65,8820,4370.61309480955,82,17
64,9552,4597.52801857301,81,17
26,5725,683.842111991426,78,52
41,8338,1802.74309084484,73,32
80,7504,5317.33132384346,81,1
34,6765,1111.38176866911,83,49
66,2660,1356.23120892725,74,8
64,9632,4636.03327836006,79,15
49,2255,658.997232850067,91,42
38,2517,484.195379054295,87,49
38,2014,387.433251257588,46,8
88,3524,2838.33329512223,98,10
71,9857,5740.21700729764,73,2
81,1050,757.764554959906,90,9
82,4906,3603.43635229169,88,6
81,4113,2968.27201385723,86,5
48,3759,1058.98306210509,93,45
59,5242,2162.60383620754,69,10
33,1331,210.145861362701,73,40
19,8855,801.944922214934,68,49
87,5510,4376.56622501961,91,4
75,1671,1069.25729949325,82,7
0,9239,597.136647827591,76,76
25,8363,959.934193304195,83,58
12,1399,96.799388675735,80,68
46,8850,2314.75351122849,86,40
43,2693,628.790397078257,73,30
15,1656,128.425998512332,48,33
78,7798,5316.01532414453,92,14
95,5988,5308.08874993587,95,0
79,8065,5607.36411502788,85,6
80,1778,1259.89007113455,86,6
59,1322,545.395320768097,70,11
42,6415,1441.50265951521,64,22
94,9600,8375.39743231261,95,1
80,3960,2806.05437665513,82,2
59,3837,1582.96660044417,73,14
73,5835,3566.87830065134,79,6
7,7726,445.871884357641,89,82
15,9964,772.727445155117,59,44
58,8193,3272.17386020358,65,7
70,9177,5210.8488871456,80,10
85,2492,1921.93276591845,94,9
27,2300,285.909946528392,71,44
26,6587,786.806636102625,67,41
71,3251,1893.21756018308,93,22
10,3621,232.585069511259,86,76
47,6253,1697.63894485247,70,23
60,6991,2977.71972972712,88,28
22,6358,647.963467814733,85,63
59,8345,3442.75639319952,82,23
63,4478,2092.24867438151,79,16
74,9977,6242.06177777813,95,21
61,5115,2248.1486780735,82,21
54,7143,2493.57567258846,82,28
30,5612,786.284527593132,79,49
66,4940,2518.71510229346,92,26
10,1089,69.9489479971723,73,63
76,6080,3976.3228711949,90,14
42,7496,1684.41214898301,84,42
49,3452,1008.80640700596,87,38
27,2058,255.827247806709,69,42
20,1985,186.960052434624,74,54
47,9230,2505.87037597766,62,15
87,9968,7917.53396206815,92,5
36,3612,642.273756514223,47,11
36,4349,773.324630974628,78,42
7,6688,385.968309938377,81,74
80,9113,6457.46806425712,82,2
36,9825,1747.04863171435,52,16
89,1224,999.214968085451,92,3
93,4384,3770.91599259292,93,0
70,8817,5006.43507006242,73,3
81,6619,4776.80341836154,82,1
17,3379,283.060309642986,82,65
96,5723,5171.30993900234,96,0
2,8279,410.480210161624,79,77
66,9557,4872.74498636005,78,12
77,8572,5725.66376724932,86,9
21,5811,569.284441409876,87,66
49,1231,359.745274340769,79,30
59,3235,1334.60957843025,73,14
23,8943,948.184614799292,52,29
12,5110,353.570318894214,58,46
37,8465,1565.71410510847,65,28
7,2399,138.447663807142,81,74
14,8416,628.17719576133,59,45
51,5401,1696.65218154301,73,22
98,5675,5321.11616313038,98,0
33,9792,1546.01673513416,55,22
76,2391,1563.71512911628,84,8
87,2387,1895.98250074806,91,4
37,5840,1080.18551374288,80,43
36,2973,528.648914207305,76,40
35,7265,1241.75598352779,85,50
8,9533,569.684933630295,67,59
70,1291,733.050660706655,85,15
64,4112,1979.17035305404,86,22
56,5292,1977.82252706006,62,6
15,1055,81.8172876995833,84,69
46,4577,1197.13297411218,65,19
87,4592,3647.40328589656,89,2
56,5686,2125.07537582455,81,25
22,2723,277.509361884165,71,49
77,2282,1524.26093290515,86,9
10,8360,536.981823008595,71,61
20,9417,886.953558577762,68,48
35,4195,717.022209346056,79,44
40,9848,2048.26276898151,75,35
80,3274,2319.95505787093,87,7
47,5470,1485.06077536271,89,42
97,7915,7291.31260401802,97,0
22,3005,306.24885510904,88,66
44,5982,1450.99164074742,92,48
69,3862,2136.75855793364,86,17
57,6414,2478.6449443725,75,18
63,5308,2480.04822769474,74,11
13,2090,150.173184888193,71,58
39,1287,257.457481642612,86,47
23,5027,532.989383718667,86,63
1,5129,248.411724357269,76,75
35,7170,1225.51829344725,77,42
20,4642,437.21338206626,62,42
71,9300,5415.84844961632,83,12
95,5763,5108.6365173481,97,2
24,4840,533.912039524814,84,60
90,9696,8019.89346786445,96,6
49,2664,778.522673309348,64,15
99,8334,7937.14285714286,99,0
93,9196,7909.97798081307,96,3
30,1069,149.775153242526,88,58
6,4660,260.014128730158,88,82
84,4267,3239.86693257456,85,1
3,9732,495.378501984732,89,86
92,5048,4284.7316067284,92,0
18,4182,364.217369438306,83,65
34,9206,1512.39919621106,87,53
9,1195,74.0077098976613,86,77
2,2422,120.084921972636,40,38
10,2517,161.672637381894,58,48
5,9764,527.464077731459,78,73
67,9367,4910.88165819753,73,6
88,4710,3793.57259365088,94,6
22,8285,844.350004851379,83,61
28,6549,847.218887434736,76,48
15,2181,169.140762533451,67,52
66,2213,1128.32318246466,80,14
77,8262,5518.59939862505,91,14
39,3360,672.150068624068,90,51
89,6392,5218.12261111291,96,7
71,2744,1597.96646728464,79,8
35,3267,558.405615717179,65,30
26,4003,478.151960576713,83,57
20,5099,480.256578017204,38,18
89,2421,1976.38842952196,93,4
38,9151,1760.37819377269,82,44
87,2918,2317.75322043688,93,6
94,2401,2094.72179531068,95,1
12,3298,228.194698965385,87,75
78,8376,5710.04672416447,90,12
30,4125,577.944347170647,56,26
17,5904,494.580665324709,67,50
76,7333,4795.78546290661,76,0
10,5746,369.07865490519,87,77
78,3510,2392.82043956749,92,14
14,6927,517.037005113918,61,47
49,5592,1634.19624217187,58,9
56,9106,3403.26000215588,72,16
10,9617,617.721793286323,88,78
47,4165,1130.7638262131,75,28
34,9596,1576.46998553566,73,39
47,3019,819.634091557589,80,33
17,5913,495.334599265753,84,67
84,2862,2173.07221959888,91,7
26,9116,1088.89164941727,80,54
92,7289,6186.88761518291,92,0
18,9274,807.688159773039,61,43
34,2906,477.409522505902,45,11
81,5150,3716.6547219462,88,7
16,6056,488.070439331169,71,55
28,3485,450.841017362964,62,34
67,6607,3463.88332611414,84,17
34,6337,1041.06818448723,80,46
75,2064,1320.73433043332,79,4
13,1794,128.904638128908,75,62
36,3336,593.196359837057,81,45
0,2943,190.212485610629,56,56
52,2061,670.882949207233,68,16
12,1554,107.524124376049,65,53
80,3559,2521.9059410393,80,0
91,1438,1204.88484967623,91,0
88,8917,7182.01418632375,94,6
87,4275,3395.61172630832,88,1
73,7120,4352.386204051,87,14
41,5576,1205.57633419895,87,46
48,3902,1099.26893012346,90,42
35,3489,596.350533589604,76,41
81,3100,2237.20963845306,83,2
21,7274,712.609710345111,75,54
36,4543,807.821061972346,81,45
91,5033,4217.09697386682,93,2
39,5646,1129.45216888437,76,37
98,3452,3236.73885376671,98,0
61,3892,1710.61479082347,63,2
98,2275,2133.1346733254,98,0
42,9282,2085.74087071242,83,41
68,2832,1525.75243800284,87,19
17,8091,677.786612998343,74,57
16,1527,123.065317182744,74,58
50,1614,489.114237684143,87,37
39,2846,569.327111697648,58,19
48,9347,2633.23082774576,67,19
86,7540,5903.12305057373,96,10
73,5525,3377.37833951991,82,9
4,7851,411.281069597903,84,80
29,3971,534.621916204183,68,39
10,8900,571.667251767524,84,74
51,2556,802.933341237536,66,15
40,1245,258.944673779649,90,50
47,4562,1238.5461164908,58,11
71,1033,601.566822414372,96,25
13,2267,162.891201024657,67,54
31,9943,1449.75104947648,86,55
66,3581,1825.81351848439,73,7
56,5267,1968.47907218922,84,28
23,2364,250.643903543053,69,46
37,1665,307.963849380462,67,30
69,4266,2360.28275715818,89,20
34,7135,1172.16687648989,75,41
80,4264,3021.46865203472,88,8
75,8871,5676.47008007458,82,7
62,2202,998.146052688461,80,18
73,7515,4593.84583194428,90,17
47,4958,1346.05691485344,88,41
92,1539,1306.29990942057,95,3
59,1846,761.573193750308,85,26
80,5753,4076.57344164065,80,0
27,2014,250.357666220949,72,45
54,6986,2438.76797545891,66,12
30,6434,901.453073865683,75,45
22,1716,174.88287366626,87,65
3,4293,218.522390980318,80,77
64,4108,1977.24509006469,76,12
23,2168,229.862936921041,70,47
44,6683,1621.02593365346,72,28
3,1959,99.7170659050646,54,51
32,9103,1381.20529710939,84,52
37,3636,672.526460268684,67,30
69,8411,4653.61891009317,92,23
89,4688,3827.05863593513,91,2
66,3964,2021.09041811565,72,6
15,4292,332.852889864087,65,50
58,9632,3846.89108037115,93,35
12,8807,609.372563307504,87,75
38,7067,1359.47904003842,81,43
8,2204,131.709387781514,80,72
77,3217,2148.79378665901,80,3
17,5796,485.533458032184,83,66
33,4816,760.377511887879,81,48
49,9714,2838.8022704681,79,30
88,2120,1707.5103818556,91,3
32,5269,799.469483738258,89,57
79,6948,4830.74592327511,81,2
49,6673,1950.10578040288,77,28
30,6482,908.178244450942,89,59
26,1584,189.206271684615,78,52
0,6050,391.02464761954,70,70
82,4273,3138.50051637635,84,2
95,2936,2602.63002167864,96,1
94,6997,6104.44331603035,94,0
57,7730,2987.20383847824,67,10
14,8241,615.115051125133,91,77
52,8139,2649.3528983977,81,29
89,8797,7181.44940706513,91,2
32,5616,852.120064656302,82,50
17,5530,463.250521552446,22,5
93,9577,8237.69672925694,94,1
29,8741,1176.81444712686,38,9
39,4640,928.207237623713,64,25
26,9829,1174.05836135611,78,52
17,2547,213.363305315385,68,51
67,9299,4875.23097465345,92,25
21,3080,301.737408284704,76,55
43,9687,2261.82420218978,65,22
2,9546,473.299201135749,73,71
37,1767,326.830103216382,87,50
22,1624,165.506868784386,91,69
85,1737,1339.64575216707,94,9
2,2545,126.183371767283,84,82
33,7263,1146.72380997543,82,49
44,8179,1983.89512364981,86,42
99,2151,2048.57142857143,99,0
32,2232,338.663102619812,85,53
67,3459,1813.46638792626,73,6
70,3374,1915.81171899632,84,14
45,4227,1064.83294950077,92,47
6,6210,346.499514895769,76,70
88,4450,3584.16094304595,88,0
98,5624,5273.29644078331,98,0
42,1166,262.00968059154,73,31
89,5230,4269.52147311022,89,0
76,7875,5150.25371885852,91,15
49,2456,717.737119237147,70,21
7,1869,107.86106029827,77,70
63,5660,2644.51261656975,94,31
4,3163,165.696347361886,67,63
53,9204,3103.30391106471,85,32
80,7471,5293.94753737133,84,4
64,6081,2926.88105956266,76,12
14,4964,370.517062709035,68,54
37,8047,1488.39945703578,77,40
92,1231,1044.87016796408,94,2
29,7362,991.157528858019,62,33
78,5620,3831.23956420778,81,3
7,2401,138.563084952459,73,66
89,4887,3989.51270345882,91,2
80,3955,2802.51137870481,97,17
96,1622,1465.64122332025,96,0
21,1560,152.828037962383,27,6
78,3452,2353.28095652051,81,3
70,1960,1112.91967078625,75,5
30,2201,308.377092878205,87,57
20,9444,889.496592036571,59,39
51,1492,468.691919063538,93,42
68,4637,2498.20411547287,86,18
48,9928,2796.90977403016,85,37
78,2335,1591.80505025359,82,4
81,6683,4822.99097218767,89,8
46,4748,1241.85871992236,81,35
54,6392,2231.40636975857,70,16
48,2220,625.416972033335,48,0
75,2024,1295.13870387453,80,5
99,9641,9181.90476190476,99,0
66,6390,3258.01406956584,88,22
14,3940,294.084856380661,46,32
20,5971,562.387140094278,89,69
82,1544,1134.06150182193,82,0
93,1027,883.378358666271,95,2
13,3313,238.049646667265,68,55
33,1699,268.247797487024,91,58
27,7652,951.209961232721,78,51
85,4376,3374.95095652454,90,5
68,8025,4323.50399539999,74,6
41,4217,911.74953395211,63,22
0,6717,434.134307117429,78,78
14,2907,216.980882613853,77,63
35,3826,653.95160261216,67,32
24,6578,725.63499917236,79,55
77,9477,6330.15813371696,79,2
71,5718,3329.87327257055,92,21
47,1691,459.09282836167,80,33
83,1933,1444.01779202341,92,9
6,2833,158.072967101403,73,67
65,5976,2961.31336219749,80,15
62,3709,1681.25509056381,81,19
74,3580,2239.80967870559,89,15
56,4954,1851.49901720627,77,21
17,1598,133.865159754215,87,70
55,3068,1108.42319093747,86,31
20,3068,288.963950060165,75,55
65,6444,3193.22344477922,77,12
79,3740,2600.31516307555,94,15
4,7745,405.728172721406,87,83
84,6947,5274.7493744072,87,3
63,5915,2763.65585282864,78,15
96,4076,3683.07868449651,98,2
10,6948,446.285850031546,67,57
86,2027,1586.95363707068,96,10
0,2899,187.368669991578,78,78
87,5202,4131.92332169728,92,5
37,3494,646.261675516716,79,42
39,1294,258.857794285579,74,35
90,5854,4842.04376659225,91,1
12,5157,356.822335525922,76,64
25,6025,691.570431024486,89,64
46,4144,1083.88006220687,76,30
79,1016,706.395776921057,88,9
17,4379,366.830747536738,65,48
60,7632,3250.74481151157,74,14
8,7210,430.864195056586,83,75
96,1153,1041.85223827882,96,0
13,1045,75.0865924440965,62,49
73,3684,2251.99308647807,77,4
98,7162,6715.38924411274,98,0
78,5382,3668.99134067015,83,5
86,7406,5798.2134366776,90,4
33,3730,588.91364604273,72,39
12,6028,417.088430977363,66,54
58,7807,3118.01065868538,79,21
98,9871,9255.4603781956,98,0
68,9249,4982.93937114698,79,11
64,5429,2613.06319229825,75,11
24,3269,360.61125148897,64,40
29,6301,848.313445984023,81,52
23,8316,881.706726676833,75,52
84,8974,6813.81904216643,84,0
71,5479,3190.69179090837,79,8
96,2192,1980.69393435141,98,2
48,3137,883.753622193051,80,32
56,6572,2456.20741644723,72,16
48,9952,2803.67103859268,86,38
45,3441,866.82994540623,83,38
69,4610,2550.61029313155,90,21
88,5602,4512.01564111087,92,4
58,6716,2682.27995180364,81,23
26,6506,777.131315391479,84,58
45,8362,2106.48997485815,53,8
25,6057,695.243502193412,79,54
88,8697,7004.81971273496,91,3
23,2517,266.865780549013,66,43
59,7772,3206.36341377432,89,30
77,3304,2206.90539978905,93,16
32,9196,1395.31625971855,77,45
1,3644,176.489047291458,77,76
69,2291,1267.55925847384,74,5
40,4876,1014.14797538118,86,46
99,3563,3393.33333333333,99,0
63,4010,1873.58579371815,88,25
82,2710,1990.48359451905,96,14
37,4071,752.985483980696,51,14
76,4320,2825.28204005953,78,2
53,3544,1194.92710352166,60,7
32,1562,237.003479521571,82,50
52,8081,2630.47312593093,78,26
12,7882,545.370108321761,81,69
21,1660,162.624707062536,75,54
13,4348,312.41770712625,86,73
12,8940,618.575078456805,78,66
48,3527,993.624171334042,75,27
76,7329,4793.16946101767,85,9
28,1218,157.567965322264,86,58
99,4034,3841.90476190476,99,0
35,5686,971.868482083832,60,25
7,8105,467.744191395118,85,78
35,2867,490.036394325422,67,32
97,9547,8794.71401523184,98,1
52,2921,950.824403024904,64,12
44,6869,1666.14202278402,85,41
23,3858,409.045761365948,86,63
61,5967,2622.62036404,81,20
69,1007,557.150664898801,85,16
65,3621,1794.32993382147,65,0
79,8486,5900.07338873238,91,12
47,6532,1773.38518915342,84,37
90,6582,5444.19748406392,96,6
22,8025,817.85259975043,79,57
46,8479,2217.71695160523,59,13
41,5741,1241.25066976976,75,34
23,5434,576.141697061317,90,67
67,5329,2793.86018538856,67,0
86,6037,4726.41297829093,86,0
15,5113,396.523025599971,37,22
22,6064,618.001017431353,79,57
6,5016,279.877869036583,72,66
40,4277,889.563349201253,59,19
15,9962,772.572341292179,54,39
60,1524,649.126715506241,81,21
13,3429,246.384617694552,42,29
11,3039,202.55094101218,90,79
35,4057,693.4348279659,79,44
3,3446,175.408376267919,76,73
20,1808,170.289055315769,51,31
1,3804,184.238291958481,68,67
32,2545,386.154836992573,72,40
35,5959,1018.53047568371,90,55
38,4424,851.045036526103,84,46
69,2666,1475.03840379365,76,7
68,5369,2892.57233038038,82,14
73,1740,1063.64494312482,81,8
93,4640,3991.11546661295,94,1
59,1679,692.676810567046,73,14
75,2328,1489.6654657213,92,17
20,2264,213.238064842312,88,68
33,5957,940.525091012478,49,16
57,1362,526.335268823721,76,19
38,1780,342.418662978405,73,35
74,4078,2551.3809692071,85,11
64,3154,1518.0698671042,80,16
56,2155,805.405809866674,77,21
60,5890,2508.76401202871,86,26
29,2928,394.201201371404,85,56
52,4357,1418.26152823674,81,29
82,5304,3895.7656772432,91,9
40,4136,860.237084941871,77,37
4,5168,270.729915639022,75,71
6,9426,525.942741933578,62,56
39,4673,934.808711511985,61,22
79,3031,2107.36771638556,84,5
12,5787,400.413196759455,76,64
95,2147,1903.21752607086,96,1
14,4150,309.759429944097,78,64
78,2489,1696.78919489558,91,13
87,3024,2401.94850534652,97,10
3,1170,59.5553686109881,76,73
50,2906,880.648063637002,72,22
92,3720,3157.52804616277,93,1
22,6387,650.918947614455,56,34
92,5784,4909.44683306598,92,0
69,6517,3605.7109067979,77,8
90,8856,7325.10071693559,93,3
13,3259,234.169573947666,72,59
84,7495,5690.83727669237,86,2
20,4801,452.18902354591,58,38
62,4535,2055.67318298918,82,20
79,8274,5752.67584472916,92,13
23,4637,491.639501154458,35,12
15,1388,107.642080878694,85,70
44,6381,1547.77292872104,85,41
43,8770,2047.7132500469,60,17
56,5583,2086.58034175668,68,12
78,1992,1357.97672809642,85,7
6,9036,504.181902833844,81,75
31,2484,362.182601518613,88,57
89,8578,7002.66829757925,91,2
16,1790,144.26124280099,65,49
60,4230,1801.70997807835,87,27
7,4518,260.736367269974,77,70
80,6347,4497.48159813892,89,9
8,3795,226.786355095665,88,80
59,1684,694.739576530617,85,26
32,1907,289.350598878128,81,49
91,3504,2935.96419559494,91,0
2,2850,141.305544022301,73,71
58,4648,1856.34860273724,76,18
90,4348,3596.3796202841,97,7
52,1779,579.088193420508,65,13
47,8346,2265.87152306712,57,10
38,6653,1279.83784539063,82,44
7,6615,381.755438134325,66,59
62,3582,1623.68717562673,90,28
99,6672,6354.28571428571,99,0
62,9709,4400.9991033389,78,16
99,3229,3075.23809523809,99,0
51,4100,1287.9603673998,91,40
78,2591,1766.32414784028,81,3
57,5454,2107.6597328668,85,28
70,4957,2814.66469800379,92,22
26,4799,573.232890034385,56,30
19,8845,801.039281421919,51,32
74,4358,2726.56161446899,87,13
4,1398,73.2353757862525,88,84
8,1060,63.3448053758642,86,78
67,9350,4901.96898731151,77,10
7,3974,229.341815743886,63,56
48,7894,2223.89260235637,76,28
66,8298,4230.82953822493,89,23
1,3053,147.86527480264,81,80
33,4351,686.960663252525,83,50
40,4256,885.195607715813,52,12
23,3980,421.980852834752,87,64
18,4738,412.64033868931,73,55
59,4959,2045.85128266944,74,15
91,1052,881.459570138663,98,7
76,9438,6172.45645696339,82,6
74,5304,3318.42193738952,79,5
83,8999,6722.56394744889,89,6
29,7420,998.966159213054,62,33
16,5163,416.101003676821,70,54
54,1768,617.197506528965,74,20
82,1827,1341.92381076986,88,6
47,2382,646.693741666173,72,25
1,1846,89.4069103457824,81,80
77,8598,5743.03045623071,82,5
44,5768,1399.08388228538,76,32
97,5831,5371.52795881605,97,0
80,5043,3573.4677326949,96,16
68,9594,5168.80963636978,82,14
16,3018,243.229290934853,70,54
78,4224,2879.56511018036,86,8
45,4595,1157.53664607429,73,28
64,1403,675.285993515278,69,5
47,9361,2541.43581685015,75,28
35,3625,619.596068862802,71,36
69,8547,4728.86468012915,95,26
82,9725,7142.97157073719,84,2
59,2786,1149.3731949016,69,10
58,4696,1875.51915629391,82,24
55,2061,744.608929766015,64,9
17,4264,357.197147178956,69,52
18,6037,525.772419727177,76,58
29,1649,222.007438887106,90,61
44,2398,581.657966317672,72,28
20,9039,851.351090154443,24,4
55,6648,2401.82443720741,83,28
78,3536,2410.54503541614,80,2
31,3971,578.996421348797,64,33
44,6744,1635.82207041133,91,47
68,2249,1211.6586274959,73,5
45,5969,1503.6640349113,91,46
89,9021,7364.31227704155,94,5
69,6180,3419.2563148705,76,7
41,2077,449.064212003446,83,42
9,7087,438.905974932825,89,80
49,2456,717.737119237147,70,21
21,6462,633.06075725187,83,62
37,1624,300.380355191513,75,38
82,6290,4619.97852749994,85,3
83,1449,1082.45306810239,86,3
37,7766,1436.42477735055,85,48
23,8021,850.429251403905,64,41
79,3209,2231.12603163354,95,16
49,1052,307.434629249788,85,36
50,4286,1298.84982819965,63,13
31,3140,457.831468908391,87,56
83,8534,6375.19288004543,86,3
35,4654,795.475890893098,37,2
70,3681,2090.1312796756,82,12
16,7668,617.986150725133,67,51
77,6822,4556.75200888648,86,9
48,9477,2669.85434412609,50,2
91,2207,1849.22174077569,93,2
64,6423,3091.49104515227,81,17
81,5568,4018.3171828731,85,4
84,8943,6790.28122287657,84,0
45,3004,756.744305725171,86,41
83,3632,2713.22949851476,84,1
88,8819,7103.0821026342,93,5
31,1228,179.050013955256,81,50
49,2784,813.591262197156,88,39
93,1932,1661.81790549487,99,6
63,2500,1168.07094371455,78,15
98,1709,1602.42951943433,98,0
65,9206,4561.88935950303,86,21
63,2494,1165.26757344964,86,23
79,5331,3706.49201453362,88,9
49,9086,2655.27665528856,60,11
92,6206,5267.63953077585,95,3
11,4984,332.186209280916,67,56
83,9665,7220.08896011707,87,4
25,9258,1062.66540256011,63,38
52,6314,2055.29109233114,76,24
30,9415,1319.11418875434,78,48
63,5196,2427.71864941633,88,25
67,2723,1427.60016603735,83,16
99,6400,6095.23809523809,99,0
83,3470,2592.20990083872,83,0
50,2708,820.645201764969,91,41
39,2249,449.900447718908,82,43
19,4269,386.618054538177,62,43
76,5218,3412.57446412746,91,15
55,4448,1606.99685570074,89,34
63,8158,3811.64910352934,84,21
15,6467,501.528340808725,74,59
36,9775,1738.15779898298,90,54
55,1464,528.921626966252,94,39
2,1042,51.6632901302588,55,53
16,2803,225.901823224119,75,59
64,2315,1114.24595508758,66,2
58,1792,715.700666115563,86,28
39,1375,275.061412011337,53,14
76,4431,2897.87609247773,83,7
91,5261,4408.13574001854,99,8
90,7806,6456.60977827453,90,0
86,1903,1489.87309883844,86,0
82,1641,1205.30759358146,92,10
67,4957,2598.8299754121,72,5
56,1067,398.778653887583,74,18
9,6335,392.33375916459,53,44
53,3238,1091.75337505732,91,38
92,4547,3859.48387793068,95,3
8,6778,405.048198903403,54,46
12,7204,498.458038613291,82,70
5,2872,155.149204347066,79,74
84,5329,4046.22706437541,91,7
33,9520,1503.07182582488,77,44
23,2010,213.11093321554,78,55
4,8975,470.162730816607,79,75
83,2633,1966.94197951249,93,10
42,6226,1399.03282278124,58,16
98,6657,6241.88022871524,98,0
4,1812,94.9231050963445,75,71
26,2283,272.700705969681,53,27
26,3351,400.271601272187,77,51
6,3883,216.659841600688,84,78
17,6208,520.046878444409,81,64
70,3615,2052.65541321035,88,18
70,6937,3938.94069196132,82,12
38,2949,567.299234338941,78,40
77,9142,6106.39502568751,88,11
67,8830,4629.34611315087,90,23
17,6199,519.292944503365,30,13
95,1621,1436.94252899901,96,1
27,7246,900.74064023684,79,52
64,8477,4080.11359018461,85,21
63,6213,2902.88990931941,69,6
40,1533,318.84512843711,86,46
0,7060,456.303142511397,70,70
20,5479,516.047419289323,72,52
11,8795,586.191354459402,64,53
73,3096,1892.55445052555,88,15
71,8825,5139.23253417893,88,17
41,4460,964.288100883664,79,38
30,5738,803.938100379436,80,50
74,3387,2119.06016250722,88,14
99,7326,6977.14285714286,99,0
94,2239,1953.38696364041,94,0
13,7749,556.790435262492,62,49
21,3493,342.197651668335,75,54
22,7671,781.775363574523,81,59
69,4479,2478.13091169983,79,10
43,3727,870.219758600321,83,40
19,5169,468.125725909542,76,57
68,4438,2390.99199147478,85,17
49,6225,1819.18304855506,79,30
72,6090,3634.80713541181,72,0
94,9682,8446.93728538028,97,3
43,8942,2087.8736467411,88,45
2,1969,97.6247776069861,69,67
18,6374,555.122312960249,66,48
11,6480,431.895392484017,69,58
4,4498,235.631416513994,54,50
24,4219,465.408036106444,62,38
18,7295,635.333742241139,57,39
62,4012,1818.60216320895,81,19
2,3066,152.015016832412,78,76
95,1510,1338.54609425571,99,4
70,4532,2573.34283061391,76,6
53,8374,2823.45360183137,90,37
81,8827,6370.27402536294,90,9
82,3653,2683.11312574838,89,7
58,1580,631.030721240285,67,9
70,1360,772.229975647599,78,8
50,9197,2787.10262948022,75,25
94,3158,2755.15678033783,97,3
69,8326,4606.59030382067,72,3
47,2997,813.661269426331,56,9
52,8230,2678.97461037144,72,20
48,4753,1339.01210273624,65,17
11,4397,293.062351967935,24,13
61,5845,2568.99883154245,86,25
85,6018,4641.32880629905,87,2
5,7459,402.944956554583,57,52
34,5552,912.105185462068,44,10
21,5883,576.338043161986,87,66
76,6392,4180.37101853253,83,7
65,5884,2915.72420066433,68,3
26,4199,501.563847729607,76,50
23,7987,846.824389847025,89,66
34,7611,1250.36609628094,54,20
81,7770,5607.4577067033,84,3
54,2614,912.530702526422,86,32
8,2876,171.867604019798,82,74
34,2926,480.695204009728,75,41
92,4891,4151.47034241455,96,4
37,6129,1133.63989961132,85,48
38,2753,529.594707404241,86,48
42,3339,750.300448966683,64,22
89,9226,7531.6644571539,92,3
84,8664,6578.44084926788,97,13
25,6128,703.393128849469,91,66
31,9638,1405.28015838824,51,20
88,5046,4064.19688058648,97,9
36,3849,684.41630366092,86,50
49,7144,2087.74999178753,81,32
49,9840,2875.62428880029,80,31
50,3358,1017.62429376912,78,28
22,6251,637.058766484728,80,58
14,7387,551.371785300492,81,67
99,9712,9249.52380952381,99,0
26,4298,513.389239709895,77,51
54,4190,1462.70223549568,77,23
42,3772,847.599069632324,74,32
24,2435,268.610705835314,59,35
51,8139,2556.7583976261,66,15
40,3275,681.159684038836,76,36
39,2604,520.916303183653,81,42
12,2998,207.437145997036,52,40
59,8309,3427.90447826182,88,29
47,7721,2096.18907615639,63,16
5,6635,358.431396533002,56,51
21,4555,446.238277511958,36,15
63,6576,3072.49381034676,72,9
36,5156,916.822671258952,42,6
59,5791,2389.0955390076,85,26
40,3376,702.166440706904,86,46
41,2238,483.87371519678,57,16
83,5353,3998.87596518434,93,10
39,8019,1604.15815485012,84,45
68,9180,4945.76531810242,75,7
83,4121,3078.52939520356,86,3
96,9270,8376.38356361204,96,0
99,5877,5597.14285714286,99,0
18,2923,254.568955253029,81,63
1,6087,294.810326801071,73,72
4,2368,124.049620788159,29,25
7,3121,180.114697266399,89,82
97,5495,5062.00413886027,97,0
48,9053,2550.40533685486,86,38
1,5716,276.841765729411,81,80
80,3420,2423.41059802034,96,16
60,4879,2078.14254918304,81,21
8,1192,71.2330264226699,71,63
68,8228,4432.87113696587,79,11
66,6742,3437.48526713816,85,19
32,5104,774.433904915557,87,55
23,5435,576.247722401225,90,67
62,1914,867.598340075256,91,29
82,8963,6583.28577773959,84,2
3,8051,409.812198877833,71,68
77,2809,1876.27035956642,91,14
18,8425,733.747330826812,63,45
30,8634,1209.69005902336,50,20
31,8926,1301.46614378226,73,42
72,9640,5753.61917657961,76,4
24,4865,536.669849646326,54,30
50,1316,398.806900119165,72,22
49,4706,1375.27316088356,63,14
46,4677,1223.28838101871,68,22
84,3039,2307.46557489902,92,8
3,4563,232.265937582853,27,24
6,2462,137.372271444989,56,50
65,5545,2747.73805110192,85,20
47,3015,818.54812389736,86,39
87,5269,4185.14109612129,97,10
72,3298,1968.406228668,74,2
99,4696,4472.38095238095,99,0
63,5341,2495.46676415177,69,6
9,4227,261.782920282355,85,76
69,9780,5411.05610994069,86,17
37,3274,605.569755478457,79,42
68,5636,3036.41975303107,89,21
19,3362,304.476434611701,84,65
15,6871,532.85932112212,90,75
78,3242,2210.12075928143,87,9
26,8753,1045.53187882287,90,64
53,9709,3273.5742799356,82,29
62,9471,4293.11592416549,88,26
62,4325,1960.48214254205,89,27
59,1802,743.420853270886,72,13
57,1946,752.01793915636,79,22
13,3028,217.571485091602,39,26
73,8986,5493.05371202279,79,6
81,5530,3990.89332278884,94,13
79,1710,1188.91415210139,82,3
52,9064,2950.4527179109,79,27
65,7404,3668.93643469047,89,24
89,7753,6329.1778166393,94,5
27,3782,470.1353990306,77,50
64,2143,1031.45964654543,69,5
46,2585,676.11726853397,83,37
71,8545,4976.17473139478,84,13
93,8331,7165.9446018001,96,3
54,2048,714.943717970204,84,30
57,1737,671.251367068138,93,36
90,5576,4612.10045140389,90,0
6,2216,123.646203705157,87,81
59,3998,1649.38766447114,79,20
34,4048,665.021936374361,90,56
85,1568,1209.3060100161,91,6
12,6129,424.076807143374,77,65
18,3653,318.145875312801,49,31
3,9018,459.034456524693,70,67
62,3460,1568.38571403364,88,26
46,3206,838.542345423562,74,28
0,7599,491.139883844774,77,77
70,8931,5071.16611213876,83,13
18,5841,508.702452149485,84,66
86,2028,1587.73654463707,86,0
64,7404,3563.66179329089,69,5
34,1042,171.184006349329,87,53
85,7935,6119.79795247308,85,0
40,5632,1171.38666885702,75,35
15,2046,158.671251785163,62,47
77,3299,2203.56565190802,89,12
74,1881,1176.83854906291,83,9
24,5969,658.454744612316,67,43
57,6749,2608.10332547085,84,27
81,8339,6018.09392743872,87,6
39,9010,1802.40241616156,83,44
38,1871,359.924336198087,76,38
77,7806,5214.0143918745,80,3
1,6131,296.941369084503,62,61
86,3542,2773.05860015016,92,6
79,6527,4538.03664957061,82,3
58,4819,1924.64369978287,88,30
74,3522,2203.52225932992,74,0
67,5618,2945.37559045092,86,19
87,8060,6402.01883369475,87,0
40,4879,1014.77193845053,90,50
97,1754,1615.78803631682,98,1
12,6009,415.773785956034,51,39
93,6462,5558.31641061484,93,0
94,4304,3754.96984882015,96,2
47,6580,1786.41680107616,74,27
21,4705,460.933281162187,60,39
43,3394,792.467362674937,76,33
19,4924,445.93752648067,82,63
86,2678,2096.62646278998,87,1
46,4339,1134.88310567462,85,39
43,6537,1526.32856505777,87,44
98,2334,2188.45552858966,99,1
18,5248,457.057091059835,89,71
26,4095,489.141213730112,76,50
89,2757,2250.68273448659,90,1
25,5613,644.279639724554,83,58
1,6402,310.066652239274,29,28
33,5773,911.474122950316,83,50
79,4250,2954.90359440403,88,9
78,3319,2262.61283160242,83,5
90,6898,5705.57189988954,94,4
69,3012,1666.47249520873,84,15
13,6739,484.218704766284,81,68
25,7234,830.343651125499,85,60
61,1312,576.651234727748,64,3
85,6817,5257.55042747435,85,0
61,3844,1689.51779443099,72,11
8,6553,391.602367573621,63,55
22,8869,903.867253231971,85,63
61,8610,3784.27372790085,87,26
51,1456,457.382998764418,90,39
73,5477,3348.0364100544,88,15
87,2575,2045.30998719156,91,4
77,7978,5328.90171898216,87,10
84,5234,3974.0950375194,89,5
28,7416,959.379335656742,73,45
23,1305,138.363068580239,87,64
28,5733,741.656112637554,78,50
56,3529,1318.92208956821,67,11
1,2175,105.341294692349,61,60
31,8984,1309.92290339904,71,40
89,6216,5074.44464184572,91,2
12,9971,689.911868824699,72,60
21,4702,460.639381089182,69,48
13,6160,442.615702828359,59,46
49,1882,549.992369057129,81,32
66,5089,2594.68444444766,83,17
67,4863,2549.54814815999,68,1
42,3861,867.598093279534,74,32
98,4224,3960.59818027537,98,0
32,1065,161.59328149198,66,34
5,6070,327.909355984223,77,72
41,6511,1407.73090243353,70,29
43,9110,2127.10008072147,62,19
30,7834,1097.60388260239,69,39
71,4647,2706.17717692119,76,5
64,8992,4327.99120006371,75,11
39,9954,1991.2445782988,80,41
99,2143,2040.95238095238,99,0
21,1406,137.741167548148,83,62
29,1973,265.628063629024,65,36
79,1342,933.054264397696,82,3
12,1466,101.435242172,79,67
97,2569,2366.56754007862,98,1
43,5620,1312.21761291489,80,37
28,3928,508.150219857023,81,53
13,5661,406.760956771321,74,61
37,4042,747.621549066562,89,52
92,4102,3481.76882939776,93,1
68,8959,4826.70059748143,77,9
52,1724,561.184960908913,86,34
42,7043,1582.61936570001,72,30
49,6443,1882.89098503458,76,27
89,4446,3629.50142819274,91,2
86,2561,2005.02627752246,91,5
94,7749,6760.51611489483,97,3
47,1867,506.875405411732,63,16
48,6286,1770.88787666736,53,5
39,3589,717.960296515411,75,36
30,3403,476.786572950718,44,14
91,9473,7937.3255778741,92,1
93,3955,3401.9098427703,93,0
82,1144,840.263185287748,91,9
34,5288,868.734189611566,77,43
15,8300,643.681031191035,58,43
47,9024,2449.94304147588,50,3
12,5625,389.204118156547,53,41
89,3686,3009.07383362988,93,4
4,4819,252.447264602254,77,73
30,3134,439.097596129165,34,4
30,6301,882.818747035696,64,34
8,4513,269.693496850259,73,65
54,3153,1100.69215955081,86,32
71,1510,879.34743644308,80,9
30,8107,1135.85329030604,79,49
53,7680,2589.45828302662,81,28
34,6489,1066.03936391631,67,33
33,3760,593.65021692243,74,41
25,8746,1003.89626385729,66,41
79,8181,5688.01560136926,84,5
19,3020,273.503519490582,52,33
38,2761,531.13366768729,78,40
89,3355,2738.86128915579,91,2
87,9757,7749.93768738954,92,5
75,1467,938.719604043447,92,17
36,2964,527.048564315658,86,50
78,4602,3137.25346521071,95,17
35,6455,1103.30831020949,88,53
54,2853,995.964075863766,75,21
80,2606,1846.6105317079,97,17
55,9505,3434.0164373731,69,14
34,6977,1146.20999260966,82,48
43,3933,918.31883836197,91,48
27,2713,337.249428231099,84,57
9,5633,348.858100295838,90,81
53,9908,3340.67092034215,71,18
38,8157,1569.16237860385,69,31
96,8910,8051.08711453973,97,1
47,4203,1141.08051898528,77,30
89,1882,1536.37464864119,93,4
11,4240,282.598219773492,86,75
5,5078,274.320215764067,87,82
26,7251,866.120376253246,61,35
6,5213,290.869882633115,86,80
37,3414,631.464613684622,72,35
46,9196,2405.2512191251,86,40
59,3692,1523.14638750062,88,29
34,5435,892.883948664686,60,26
30,4319,605.125244952733,60,30
46,1086,284.047719004987,69,23
88,3707,2985.72687997108,91,3
45,6050,1524.06892464623,52,7
77,2584,1725.98170491977,83,6
67,3714,1947.15645121657,92,25
0,6112,395.031842355475,32,32
15,7356,570.472007884488,89,74
55,4385,1584.23588404851,85,30
25,6238,716.019310992654,63,38
94,6056,5283.4798802172,95,1
67,9099,4770.3760230532,93,26
51,9125,2866.497159152,82,31
58,4071,1625.90257352481,81,23
43,6058,1414.48653007801,71,28
23,6666,706.764915828255,80,57
8,2936,175.453159041073,65,57
38,4254,818.342130511311,68,30
45,7183,1809.48546871635,76,31
60,1255,534.549887113079,78,18
85,8452,6518.52958970415,90,5
84,2489,1889.85910362739,86,2
51,9793,3076.34045803568,75,24
73,1746,1067.31268430801,73,0
44,1774,430.300764073207,85,41
15,3024,234.517040761649,73,58
63,5842,2729.54818127217,87,24
93,4115,3539.53451403282,96,3
38,1684,323.951139581817,69,31
86,8864,6939.69266847289,88,2
28,9753,1261.70801788838,61,33
69,1362,753.564255801556,84,15
10,3369,216.398536090426,83,73
8,3833,229.057206609139,60,52
32,5053,766.695635097631,67,35
51,5139,1614.34837269941,78,27
23,1231,130.51719342703,76,53
45,8394,2114.55116586454,85,40
91,7953,6663.73380352927,94,3
43,6331,1478.22948529612,84,41
11,1012,67.4503298138619,72,61
89,3210,2620.49023492998,91,2
49,2561,748.422134513979,55,6
85,2038,1571.78931658981,95,10
37,3260,602.980269657841,78,41
22,2182,222.374376654883,80,58
93,1919,1650.63590095479,97,4
86,1026,803.263163115206,91,5
82,3491,2564.12480755204,82,0
57,6349,2453.52615401014,77,20
96,3195,2887.00598551677,97,1
4,4424,231.754865864364,74,70
72,3711,2214.90464359823,86,14
40,9757,2029.33588921127,56,16
76,6580,4303.3231073129,90,14
35,6237,1066.04708455098,91,56
23,7137,756.702850925031,75,52
71,6906,4021.70423581186,82,11
40,2753,572.590109972188,77,37
16,2852,229.850874004705,69,53
28,2717,351.487817553852,84,56
16,4812,387.812905228135,83,67
19,4802,434.888708805885,71,52
33,4340,685.223920596635,75,42
59,6340,2615.58724180767,72,13
51,2143,673.194894472629,84,33
31,7840,1143.12061026809,80,49
17,8904,745.891979005963,66,49
64,5047,2429.20057681512,77,13
38,8740,1681.31410923104,63,25
92,6999,5940.73623524012,92,0
75,9344,5979.13836413222,89,14
24,4433,489.01489074659,67,43
88,4277,3444.82165245113,93,5
97,2362,2175.87875814157,97,0
89,5417,4422.17931545661,90,1
29,8957,1205.89486362147,55,26
52,1797,584.947433151576,75,23
19,2683,242.98342476597,89,70
58,8548,3413.95607921643,84,26
64,6814,3279.68550236144,91,27
17,3747,313.887830787887,90,73
4,4381,229.502275622012,89,85
71,6290,3662.97706968674,85,14
30,5815,814.726394859954,34,4
36,7540,1340.73757589071,71,35
30,9152,1282.26585825594,63,33
89,2953,2410.68774571596,95,6
33,1486,234.618144241152,89,56
50,8873,2688.91612823507,67,17
65,5499,2724.94347033534,82,17
92,6610,5610.55386697202,95,3
0,4151,268.288150788216,83,83
7,8935,515.643966701466,68,61
13,6755,485.368355942461,72,59
59,1413,582.937661305084,83,24
20,3963,373.260799898447,67,47
67,5080,2663.31577064626,95,28
99,5668,5398.09523809524,99,0
82,1398,1026.82511628695,96,14
12,2957,204.600280424695,74,62
32,3155,478.710613246195,58,26
8,6422,383.77390577717,59,51
95,3832,3396.8931345615,97,2
15,5149,399.314895132848,87,72
78,1045,712.392410070663,90,12
3,8000,407.216195630688,85,82
53,2413,813.588911060316,73,20
62,5420,2456.83542487351,63,1
26,9807,1171.4304964716,70,44
78,7026,4789.73117048467,86,8
15,4131,320.36702889761,67,52
73,3282,2006.25442720441,77,4
44,1509,366.022465043106,72,28
42,7618,1711.82654094884,75,33
4,2853,149.456743289112,67,63
7,6439,371.598377346473,69,62
19,7087,641.827630009852,75,56
4,3378,176.959298573649,40,36
11,9769,651.108964379068,39,28
52,9556,3110.60527056008,67,15
85,8389,6469.94140180172,96,11
45,6951,1751.04183392,82,37
18,5975,520.372736105662,78,60
98,9524,8930.09873791256,98,0
53,9276,3127.58008246809,74,21
87,5871,4663.30677079676,90,3
0,5129,331.498416138945,84,84
91,5142,4308.42691031655,98,7
85,2747,2118.59924076163,97,12
89,6089,4970.76792538588,93,4
77,2921,1951.08071210164,83,6
67,7073,3708.19536334271,69,2
19,7154,647.895423323053,87,68
86,7124,5577.43350295587,94,8
28,7863,1017.20600273314,88,60
67,6399,3354.83417644988,81,14
75,4377,2800.80143619507,81,6
83,1059,791.109592215621,84,1
91,2866,2401.3908061002,91,0
77,3296,2201.56180317939,83,6
66,7461,3804.07558263391,70,4
71,5377,3131.29216275129,91,20
33,6114,965.313145282909,88,55
57,8433,3258.87321732044,85,28
8,1953,116.709815942512,63,55
27,2197,273.106153270816,70,43
81,4446,3208.5916298588,86,5
20,6663,627.564145779296,61,41
69,8592,4753.76217756753,93,24
93,9941,8550.79285637916,94,1
61,5528,2429.67075120045,63,2
47,1942,527.23729904102,82,35
41,8449,1826.74218931975,88,47
88,4425,3564.02520741086,92,4
50,3155,956.106208112436,77,27
99,1956,1862.85714285714,99,0
87,8221,6529.90035134051,93,6
48,8616,2427.29397794559,59,11
63,9458,4419.0459942609,67,4
77,6179,4127.26043138516,81,4
92,1434,1217.17613392404,93,1
70,6411,3640.26939255644,74,4
48,4076,1148.28809820175,60,12
96,8984,8117.95360684904,98,2
9,3853,238.620674674217,60,51
90,1024,846.985448751361,95,5
32,6277,952.414110727851,80,48
16,1813,146.114878881673,56,40
15,4657,361.159344850199,49,34
95,1189,1053.99424243049,99,4
6,9617,536.599973390114,75,69
81,1784,1287.47806290331,87,6
59,4106,1693.94340928427,82,23
61,2808,1234.17428896,65,4
57,8626,3333.45670255024,89,32
43,1319,307.974204881627,75,32
49,7076,2067.87779141777,85,36
21,3634,356.010955099551,86,65
35,9719,1661.20115676623,53,18
37,9963,1842.78908791444,83,46
0,1187,76.7183895412221,62,62
99,1330,1266.66666666667,99,0
36,5946,1057.29782841461,86,50
42,6504,1461.50168316242,86,44
43,4042,943.769322313522,85,42
93,4235,3642.7530174797,94,1
15,9573,742.404639950816,83,68
27,2051,254.957087099884,82,55
65,3862,1913.75371566377,73,8
34,9790,1608.34109612277,84,50
54,2446,853.882975661679,70,16
47,6665,1809.49361385602,74,27
44,4779,1159.19241911266,73,29
31,5685,828.908248644651,61,30
61,3556,1562.93581607612,89,28
42,3470,779.73721411033,72,30
73,8834,5400.13760204867,86,13
49,2072,605.51763479616,83,34
10,5233,336.127497584208,80,70
77,5521,3687.74961024073,87,10
73,6711,4102.36851339694,88,15
75,9373,5997.69519338734,77,2
61,5913,2598.88624309846,77,16
25,3765,432.159779719035,67,42
25,2683,307.9640608197,81,56
38,9207,1771.15091575403,71,33
49,9026,2637.74236084466,80,31
66,1004,511.900802166526,71,5
42,3040,683.112717837292,68,26
23,9662,1024.41683419331,57,34
59,5360,2211.28511294781,72,13
17,1970,165.02776265069,77,60
22,2647,269.763966546964,76,54
27,4661,579.402722073407,70,43
94,3435,2996.82189374936,94,0
34,6140,1008.70422167455,88,54
67,1609,843.558085623981,75,8
72,9571,5712.43663268086,85,13
88,6508,5241.73470052652,88,0
53,4879,1645.04778162589,76,23
3,4264,217.046232271157,88,85
77,9978,6664.80087139684,90,13
93,1068,918.64468067729,95,2
94,3548,3095.40730102553,96,2
43,6494,1516.28846588422,73,30
18,2649,230.705837312786,84,66
54,4489,1567.08122557043,83,29
38,7564,1455.08694762284,88,50
44,3958,960.050971928835,62,18
13,5986,430.113246287428,71,58
32,7337,1113.24873831611,74,42
12,6693,463.10100672387,63,51
24,4513,497.83988313543,85,61
48,3943,1110.8194237511,89,41
9,4953,306.744926462859,81,72
89,5702,4654.83966341768,91,2
49,7512,2195.29366437681,74,25
29,8290,1116.09561453857,57,28
78,2750,1874.71686860701,90,12
84,2042,1550.45893515755,88,4
51,4668,1466.38999878592,85,34
23,7998,847.990668586016,79,56
90,3655,3023.1756007678,90,0
62,9462,4289.03630814633,86,24
58,4306,1719.75840864599,78,20
38,5379,1034.75842031508,80,42
14,8388,626.087252619538,83,69
84,6980,5299.80576268349,87,3
94,6248,5450.98782886346,94,0
1,6081,294.519730126058,80,79
58,6345,2534.1075482719,75,17
33,8604,1358.44852829803,88,55
70,5229,2969.11069313331,70,0
42,8835,1985.29633621463,62,20
74,6911,4323.83371216044,82,8
22,6506,663.046606102965,79,57
8,3580,213.938116269428,67,59
5,5666,306.084746459079,89,84
93,6837,5880.87423388636,94,1
43,4269,996.771706322718,68,25
15,3158,244.908999578468,72,57
97,8630,7949.97192326917,97,0
75,1460,934.240369395659,78,3
23,6699,710.263752045226,67,44
21,1563,153.121938035387,55,34
44,9727,2359.37741383319,54,10
93,1038,892.840054815569,93,0
99,4213,4012.38095238095,99,0
87,4861,3861.06867873327,88,1
80,9750,6908.84600312816,83,3
52,2903,944.965163293837,92,40
60,1522,648.27484317618,91,31
22,2794,284.745191738654,59,37
57,2002,773.658743160859,77,20
69,7189,3977.51353521101,84,15
95,8523,7555.25057042476,95,0
42,3447,774.568927100377,79,37
48,5995,1688.90754384678,70,22
89,3575,2918.45875073978,89,0
42,9358,2102.81868865835,54,12
59,4471,1844.52532462493,94,35
54,8591,2999.06322318458,55,1
24,4806,530.161417759556,63,39
45,9335,2351.6005638963,72,27
66,5984,3051.01035872957,87,21
89,8898,7263.90096897414,91,2
62,3583,1624.14046629553,78,16
16,9646,777.39885366388,78,62
31,4410,643.005343275798,85,54
86,4056,3175.47308927415,89,3
45,6168,1553.79456648231,80,35
85,9727,7501.86196392005,88,3
28,1768,228.719345393894,88,60
94,2047,1785.87901499416,94,0
72,6702,4000.07839433989,91,19
54,1054,367.944667353806,64,10
52,5709,1858.35553470359,76,24
58,6454,2577.64068030683,61,3
22,1353,137.888419621474,90,68
50,2642,800.644247807625,85,35
95,4722,4185.83752124202,96,1
65,2529,1253.20640779743,75,10
2,7179,355.94122825828,50,48
63,2293,1071.35466957499,65,2
30,2632,368.763520425004,61,31
7,4690,270.662585767193,52,45
74,5488,3433.54064713304,79,5
96,2641,2386.41089444438,96,0
45,1037,261.232971050933,74,29
7,6187,357.055313036594,79,72
53,5496,1853.08108379092,61,8
96,2440,2204.78704371234,99,3
92,1175,997.337487699262,92,0
68,9082,4892.9673876913,80,12
6,8995,501.894224877205,71,65
80,5965,4226.79655473431,80,0
3,8910,453.537037883678,83,80
88,2702,2176.27030744048,94,6
50,7699,2333.14158359989,88,38
16,6274,505.639685661122,75,59
42,8862,1991.36345574805,73,31
94,1031,899.482786741073,94,0
73,6181,3778.38470888191,88,15
75,7370,4715.99419345617,83,8
44,6969,1690.39798468218,77,33
18,4993,434.848714874572,87,69
32,3233,490.5456141442,85,53
96,2199,1987.01914308337,96,0
54,3736,1304.21373551596,92,38
65,5131,2542.5868242027,80,15
1,6268,303.576659830641,72,71
88,9445,7607.28092293684,88,0
83,5442,4065.36204045081,84,1
5,8780,474.307107996949,79,74
60,5941,2530.48675644526,88,28
6,2422,135.140390511683,62,56
90,1818,1503.73002522458,94,4
78,9205,6275.18864564637,92,14
70,6754,3835.03033494403,82,12
97,5163,4756.16512628491,97,0
72,1177,702.490640128029,84,12
90,9641,7974.40108536315,97,7
27,5200,646.405096498974,89,62
12,1774,122.746329886171,49,37
10,2648,170.087065469708,82,72
82,6073,4460.59294078015,95,13
24,4755,524.535485111671,51,27
50,2568,778.218935794845,75,25
81,5831,4208.11916187734,91,10
30,7483,1048.42607269769,42,12
89,7521,6139.784129878,94,5
48,3423,964.325358229778,73,25
88,5862,4721.42729171581,95,7
86,4614,3612.33551131926,89,3
20,3032,285.573238781754,47,27
40,3288,683.863524006013,79,39
87,7667,6089.86084341658,89,2
58,5897,2355.18238174301,82,24
34,7416,1218.33070161864,57,23
40,5307,1103.79066967759,89,49
14,4876,363.948669977691,54,40
55,2656,959.573662037135,90,35
58,3224,1287.62218055613,69,11
26,5166,617.070454244141,79,53
80,5404,3829.27218470816,86,6
19,6414,580.878004639931,87,68
75,1887,1207.47368291069,85,10
77,9563,6387.6017972708,80,3
97,1242,1144.13269162228,98,1
78,8764,5974.5522314443,90,12
25,1361,156.220308153415,90,65
92,3735,3170.26001409085,92,0
13,8446,606.872114624727,57,44
97,8168,7524.37667082997,98,1
76,8016,5242.4677854438,83,7
49,1681,491.25248267005,88,39
26,7934,947.703636076852,71,45
87,9256,7351.99582192042,91,4
80,1528,1082.74017361844,86,6
2,1221,60.538269912712,86,84
60,6209,2644.63764867339,88,28
70,7811,4435.21201454662,72,2
97,4643,4277.14016682952,97,0
87,2308,1833.23318463616,88,1
39,8186,1637.56561361804,75,36
84,6484,4923.20065404581,90,6
94,2271,1981.30495508145,94,0
47,3263,885.878118831538,81,34
28,4958,641.397349809348,76,48
98,2314,2169.70269629669,98,0
91,6385,5349.92334157354,96,5
89,6347,5181.38676669801,96,7
64,2265,1090.18016772067,76,12
85,5568,4294.27032128168,88,3
51,8749,2748.38176936119,81,30
25,5870,673.778992549997,70,45
10,3915,251.469358502231,89,79
99,2130,2028.57142857143,99,0
78,5130,3497.19910398326,85,7
95,1007,892.659547626156,95,0
33,5422,856.056243657823,71,38
2,1304,64.6534840017825,45,43
86,8922,6985.10130732346,89,3
25,8113,931.238324796955,77,52
93,1650,1419.25442239469,95,2
11,1098,73.1822748375695,58,47
99,3092,2944.7619047619,99,0
91,8342,6989.67275104252,94,3
10,1145,73.5459554240241,67,57
39,5597,1119.6499803836,81,42
26,3399,406.005124656569,73,47
96,9359,8456.80407463269,98,2
76,9064,5927.86028034713,86,10
24,7224,796.896812712242,76,52
41,4430,957.801858052608,64,23
80,2786,1974.15845791949,87,7
25,8205,941.798404407619,81,56
1,7588,367.507928333584,49,48
52,5831,1898.06815954749,83,31
18,9339,813.349118408498,42,24
49,6537,1910.36137966337,59,10
86,6478,5071.67521506852,90,4
34,2383,391.488951180855,46,12
98,6821,6395.6534535176,99,1
9,8873,549.514987382384,69,60
17,1458,122.13729844909,90,73
77,1754,1171.58355666767,91,14
11,6598,439.760154260732,90,79
25,6197,711.313188557467,72,47
97,6911,6366.42595153108,99,2
37,7501,1387.40951003174,71,34
4,2041,106.919457782362,78,74
2,9815,486.636461255748,86,84
81,5526,3988.0066006747,96,15
90,5411,4475.62330390001,94,4
42,3393,762.43468803353,70,28
52,6639,2161.08292080874,83,31
57,7634,2950.10531732767,66,9
97,5039,4641.9360974917,97,0
61,1722,756.85474558017,77,16
20,4579,431.27963732904,59,39
69,2317,1281.94447921601,83,14
60,5775,2459.78135305022,84,24
10,7232,464.527816267723,70,60
46,1577,412.470766916082,92,46
69,5912,3270.97788568194,80,11
1,3512,170.095920441163,82,81
72,6421,3832.36397643337,85,13
17,9311,779.98654722872,69,52
9,2377,147.210315001457,73,64
21,7286,713.785310637129,78,57
66,8949,4562.74928146239,92,26
68,3052,1644.27840423187,85,17
47,4781,1298.00284588832,71,24
25,4048,464.643502869231,76,51
72,4525,2700.73929191107,89,17
32,4254,645.46274128346,44,12
33,2565,404.976810214371,35,2
73,3776,2308.2317846203,85,12
47,1787,485.156052207159,73,26
97,5307,4888.81819198024,99,2
84,1191,904.307831426367,98,14
52,9436,3071.54367235296,71,19
87,2274,1806.22714985383,87,0
66,1425,726.552433353884,78,12
98,1528,1432.71638718295,98,0
32,7574,1149.20893335236,64,32
36,4367,776.525330757921,85,49
7,1408,81.2564863028163,90,83
90,3642,3012.42285581294,96,6
39,2382,476.506387935277,48,9
56,4799,1793.56959700704,73,17
66,6544,3336.53271850373,68,2
30,5422,759.664060693151,83,53
73,2802,1712.83513254928,75,2
31,6959,1014.66534781321,88,57
54,9327,3255.99612183012,65,11
92,2218,1882.63365763146,98,6
2,2400,118.994142334569,79,77
83,1039,776.168901144504,84,1
58,4888,1952.20137052058,90,32
45,4046,1019.23683787085,78,33
23,8254,875.133155602522,75,52
47,5170,1403.61320084556,52,5
46,1685,440.718606375141,82,36
50,9886,2995.90046700461,61,11
72,6133,3660.47161929074,72,0
14,9496,708.789288373287,87,73
42,3423,769.175931959556,75,33
20,7107,669.382918213036,50,30
21,2886,282.731870230408,82,61
12,2650,183.358384553751,85,73
96,6676,6032.44192779655,97,1
28,9782,1265.45963611034,52,24
74,4196,2625.20709828175,86,12
12,5821,402.765719429202,63,51
2,4320,214.189456202224,12,10
59,6196,2556.17958205683,86,27
99,6595,6280.95238095238,99,0
44,2579,625.561257353326,75,31
50,5406,1638.25995596064,77,27
93,8426,7247.65925036222,96,3
42,9535,2142.5920278219,86,44
5,4459,240.881024437175,83,78
22,1819,185.379922610097,88,66
57,9125,3526.29172394747,82,25
62,8839,4006.63622148652,79,17
94,6463,5638.56183385796,96,2
73,1325,809.95951128758,80,7
90,2845,2353.19687665783,91,1
22,4661,475.016942982773,84,62
64,1033,497.199167000201,85,21
29,1598,215.141229436989,58,29
34,4008,658.450573366709,83,49
0,5617,363.038916641149,87,87
87,7536,5985.80817999052,92,5
10,4681,300.671281519526,75,65
70,2188,1242.38175493893,76,6
27,3934,489.030317235955,77,50
77,3289,2196.88615614594,88,11
49,5988,1749.92258550164,67,18
15,6282,487.181233486998,69,54
6,5938,331.322724549288,63,57
3,5257,267.591942553816,72,69
1,7227,350.023695053613,78,77
46,1562,408.547455880101,68,22
99,9044,8613.33333333333,99,0
33,2567,405.292581606351,61,28
77,3096,2067.97188793793,87,10
97,4984,4591.26999601084,99,2
89,4518,3688.27877925659,89,0
78,6744,4597.48747704933,80,2
59,3182,1312.7442592164,79,20
29,4400,592.37885451987,89,60
53,3982,1342.60714622552,90,37
4,2217,116.13936203013,70,66
78,8897,6065.22035636238,79,1
84,3761,2855.66897900467,92,8
72,6296,3757.75791864577,77,5
68,6107,3290.17307163959,69,1
54,3069,1071.36829611844,86,32
90,7981,6601.35826805138,93,3
30,9080,1272.17810237805,70,40
91,4674,3916.29470611037,95,4
34,6685,1098.2390426538,76,42
38,4021,773.519912267509,91,53
54,4599,1605.48152292235,79,25
38,2935,564.606053843606,77,39
50,3901,1182.17759678181,83,33
90,9945,8225.84989046121,90,0
43,8463,1976.03161176134,81,38
41,8949,1934.84623650402,63,22
33,4696,741.431228369078,88,55
1,4587,222.161158047727,49,48
89,1664,1358.40989125342,97,8
44,3283,796.323229116312,92,48
31,1918,279.656292154871,62,31
41,6673,1442.75661372123,47,6
74,3493,2185.37854964208,86,12
24,9478,1045.54097326781,58,34
57,6678,2580.66587753657,78,21
56,3792,1417.21523480948,90,34
5,3345,180.701284310911,75,70
6,7184,400.845815621772,82,76
28,9580,1239.32767470221,86,58
33,6216,981.41748627389,71,38
21,1336,130.883499178041,82,61
70,6438,3655.60042883768,86,16
63,8524,3982.65468968915,79,16
71,9405,5476.99512566038,88,17
14,5389,402.23941396837,24,10
62,8880,4025.22113890714,87,25
88,9252,7451.83304383395,90,2
42,8519,1914.28856686049,87,45
20,3792,357.154921325993,66,46
19,7422,672.16659657586,73,54
17,5476,458.726917906183,47,30
84,8563,6501.75311545254,84,0
88,8295,6681.03708372272,94,6
24,1355,149.473308585976,74,50
43,4928,1150.6420634243,78,35
73,4297,2626.71397736055,77,4
15,3873,300.35863057866,65,50
16,1353,109.042157268011,58,42
11,9192,612.651612301401,82,71
26,1362,162.688726031847,88,62
33,4200,663.119923158034,65,32
26,7813,933.250379212055,77,51
28,7163,926.649700823792,43,15
35,3400,581.138381829938,60,25
46,4063,1062.69418261258,77,31
49,9002,2630.7286430671,61,12
81,5192,3746.9653041446,89,8
75,4569,2923.66044367724,79,4
43,6397,1493.63987007412,82,39
48,7632,2150.08213088217,82,34
47,6925,1880.08151177089,73,26
33,1931,304.877278956705,80,47
43,5614,1310.81666884416,43,0
8,7853,469.289393034586,70,62
81,4003,2888.88715571857,81,0
12,1576,109.046344927061,61,49
72,1229,733.526760167671,78,6
46,3746,979.78154271886,61,15
82,1488,1092.92973750714,89,7
43,9095,2123.59772054465,71,28
33,7998,1262.76979652808,85,52
75,8107,5187.59361280179,84,9
31,6091,888.105565962106,82,51
14,5071,378.503631143738,78,64
88,1274,1026.11708796416,95,7
67,4322,2265.91550408132,76,9
14,9245,690.054440923657,66,52
91,6632,5556.88200490458,92,1
65,7099,3517.79845352075,90,25
48,2629,740.64018895299,78,30
50,2542,770.339772114679,81,31
45,2947,742.385309245033,67,22
84,8668,6581.47798724076,88,4
40,5089,1058.44935330493,79,39
61,2955,1298.78384041196,82,21
49,1146,334.905023878571,82,33
42,8623,1937.65821247071,46,4
20,4015,378.158493967263,79,59
23,5019,532.141180999402,69,46
74,2873,1797.47854941932,83,9
39,4475,895.199868182353,70,31
55,1151,415.839339233713,83,28
24,5874,647.975066150569,86,62
47,5088,1381.35086381087,84,37
3,7479,380.696240890239,72,69
23,9911,1050.81714383046,42,19
95,5690,5043.92534855296,96,1
31,9448,1377.57698033327,76,45
91,4441,3721.06649333251,93,2
7,9572,552.405601484771,84,77
80,5078,3598.26871834716,91,11
57,1093,422.382121016393,77,20
45,6144,1547.74867322751,88,43
36,3974,706.643385489347,84,48
35,8195,1400.71442326363,72,37
36,3141,558.522112184711,64,28
39,5086,1017.42715744703,39,0
92,9076,7703.68939434766,95,3
23,7542,799.643113587863,60,37
60,1041,443.399547796586,67,7
0,9417,608.641174650117,56,56
96,8976,8110.72479686965,96,0
78,2945,2007.65133747187,82,4
18,3406,296.634232498056,77,59
52,9113,2966.40287051214,90,38
61,7535,3311.78891286096,92,31
46,2010,525.723678821385,91,45
97,1288,1186.50797649718,97,0
77,7087,4733.75864658142,80,3
14,6661,497.182545266898,79,65
24,9521,1050.28440667681,71,47
46,6866,1795.8302382028,71,25
34,4166,684.407457246933,49,15
92,3216,2729.73392377943,94,2
74,4152,2597.67871116917,75,1
21,9569,937.443266193616,66,45
3,8526,433.990660493405,63,60
54,5504,1921.41124204492,74,20
99,2916,2777.14285714286,99,0
25,6389,733.351615571027,33,8
80,5877,4164.43979080864,92,12
86,5906,4623.85208709396,89,3
2,8840,438.29509093233,85,83
16,3835,309.07366823564,61,45
92,3719,3156.6792483009,97,5
58,6681,2668.30142316857,90,32
65,7646,3788.85575089726,85,20
37,1693,313.142821021694,86,49
6,7066,394.261766868519,64,58
8,1672,99.9174665928725,77,69
22,7844,799.406329276308,82,60
28,4453,576.067446289033,73,45
47,7650,2076.91315018733,79,32
57,8812,3405.33508727947,74,17
4,3150,165.015331707221,48,44
45,1281,322.699552474682,81,36
37,7884,1458.25044355289,68,31
40,5308,1103.99865736737,79,39
93,8080,6950.04589875703,94,1
42,9509,2136.74961641934,64,22
55,1724,622.855795689767,86,31
16,5875,473.483129304924,56,40
62,3112,1410.64056129268,64,2
75,3753,2401.50966187802,76,1
28,2767,357.956124833091,68,40
17,3104,260.023439222205,85,68
2,1559,77.2966116248305,90,88
60,4954,2110.08776156031,70,10
8,4932,294.732622748832,76,68
34,4808,789.877833519745,90,56
39,1943,388.68678075493,68,29
54,5264,1837.62877509529,87,33
87,1881,1494.06915957566,93,6
27,2761,343.216244506474,66,39
32,6835,1037.0798863828,81,49
60,2358,1004.35747714155,90,30
13,4939,354.882947446309,82,69
68,2181,1175.02332884329,78,10
74,7679,4804.32919630733,87,13
63,3175,1483.45009851748,75,12
10,1699,109.130636039666,49,39
23,4635,491.427450474642,74,51
94,1362,1188.25951070935,97,3
65,1930,956.381323467396,71,6
84,7468,5670.3365953754,86,2
18,4319,376.148928408427,69,51
78,2885,1966.74842397499,96,18
26,1675,200.076076434173,85,59
2,9529,472.456325960879,47,45
71,7326,4266.29093998808,82,11
86,5709,4469.61929651531,94,8
97,5042,4644.69970302702,98,1
58,9681,3866.46102046025,82,24
11,2875,191.620255153017,85,74
57,7857,3036.28209041702,85,28
85,9571,7381.5483557807,88,3
61,4986,2191.45050026871,73,12
10,8361,537.046055284075,84,74
16,2159,174.000012964992,61,45
26,5271,629.612536647477,31,5
58,2335,932.567553225357,80,22
71,3857,2246.12123335163,87,16
2,1475,73.1318166431206,33,31
74,6568,4109.23742171462,86,12
64,2251,1083.44174725794,87,23
90,8968,7417.73975039278,92,2
62,5175,2345.77921101852,79,17
95,7996,7088.08911898584,96,1
56,3538,1322.28573332171,77,21
0,1684,108.840579601869,84,84
73,8778,5365.90535100557,90,17
67,5074,2660.17012209825,74,7
47,2431,659.996845503975,69,22
71,1711,996.399644870272,73,2
40,5076,1055.74551333775,67,27
54,4450,1553.46657469112,83,29
40,6088,1266.229055398,80,40
71,4873,2837.78811773982,80,9
73,1591,972.562703742295,91,18
99,8087,7701.90476190476,99,0
26,7004,836.616620504445,34,8
20,5340,502.95550629768,62,42
57,3123,1206.8612661795,90,33
19,4506,408.081741332636,73,54
89,6526,5327.51379225952,90,1
65,1071,530.717304369731,79,14
68,2495,1344.19220791563,83,15
58,8507,3397.58123138677,64,6
84,6870,5216.28446842917,85,1
8,5804,346.842689058034,76,68
69,3816,2111.3077827744,81,12
52,2606,848.287707731222,80,28
17,3781,316.736025676274,50,33
70,8509,4831.54769322458,93,23
7,7659,442.005275989538,86,79
31,1047,152.659091702894,71,40
41,8906,1925.54928844617,79,38
78,9075,6186.56566640313,78,0
87,5351,4250.27329765516,90,3
54,2036,710.754594622722,74,20
38,1471,282.976322045637,85,47
53,1962,661.525670741956,76,23
24,5741,633.303516304123,91,67
10,9260,594.790870940143,85,75
20,3737,351.974667983975,89,69
8,5335,318.815600641731,84,76
85,1992,1536.31222701025,86,1
91,2114,1771.29803352959,92,1
90,6134,5073.6413502352,90,0
28,4068,526.261480238892,64,36
68,2181,1175.02332884329,78,10
19,9603,869.686853532469,42,23
82,7642,5613.01683738546,92,10
30,2530,354.47253293133,82,52
86,4853,3799.45041968625,89,3
53,3373,1137.27119643864,87,34
77,2120,1416.05310155956,89,12
42,5464,1227.80522706018,78,36
3,5186,263.977898817593,58,55
95,6751,5984.45343200018,97,2
89,7233,5904.67472562261,94,5
50,3356,1017.01820425526,90,40
96,1203,1087.03230064998,98,2
68,5293,2851.62699659217,93,25
7,3092,178.44109065931,88,81
86,2776,2173.35140429611,86,0
34,1645,270.24730368968,68,34
16,2828,227.916645050949,59,43
81,2177,1571.09851061687,91,10
15,7375,571.945494582395,66,51
28,4335,560.802241110029,71,43
41,6103,1319.51799993117,76,35
27,7495,931.693499665348,73,46
75,5210,3333.83035928177,83,8
28,6721,869.469864475318,68,40
16,3711,299.080151974566,71,55
56,8846,3306.08807149912,89,33
88,2663,2144.85855984974,96,8
39,5591,1118.44971240392,84,45
11,2938,195.8192381355,70,59
92,2833,2404.64434268256,93,1
37,2970,549.340920516499,75,38
95,5482,4859.54284020515,96,1
97,9397,8656.53373846587,99,2
72,5742,3427.10387053113,92,20
47,2411,654.567007202831,74,27
41,1068,230.910244785595,72,31
55,6302,2276.81973575227,85,30
62,2047,927.885999025104,76,14
88,5802,4673.10152619159,88,0
98,5630,5278.9222904712,98,0
8,8677,518.531015326767,71,63
17,3286,275.269658918867,70,53
21,9472,927.940497166468,91,70
22,1194,121.684237271279,90,68
3,5945,302.612535378055,85,82
19,2682,242.892860686669,82,63
90,5543,4584.80502190312,93,3
91,4616,3867.69712524721,91,0
87,5814,4618.03194777931,90,3
42,8970,2015.63193388175,88,46
67,9680,5074.97965745192,67,0
95,6560,5815.14064789234,95,0
68,5051,2721.24843374023,89,21
33,8806,1390.34143888801,73,40
76,9918,6486.37668363668,95,19
28,9500,1228.97838305543,34,6
21,8638,846.236276871194,85,64
84,8855,6723.46418747311,95,11
72,2531,1510.6234580833,87,15
67,8389,4398.14094487233,86,19
55,5422,1958.8887031496,73,18
33,6254,987.41714272151,48,15
94,2457,2143.57828033251,98,4
24,5079,560.276704286473,84,60
47,1826,495.744236894388,76,29
23,2099,222.547188467373,61,38
96,5224,4720.41291653822,97,1
57,1394,538.701442540578,58,1
37,2732,505.319661566019,58,21
59,3565,1470.75213202592,83,24
33,1777,280.562881774244,60,27
50,3883,1176.72279115708,77,27
16,6198,499.514627307561,79,63
70,7939,4507.89248284286,73,3
21,9822,962.228839017003,65,44
11,1433,95.5102002206166,52,41
73,1856,1134.55460599981,83,10
35,7121,1217.14306382676,58,23
58,5218,2083.99892622266,93,35
54,1260,439.857951485575,91,37
36,7296,1297.35031216162,82,46
42,6877,1545.31781597601,68,26
54,3370,1176.44547341777,75,21
15,4968,385.277995536995,73,58
32,2308,350.194641956329,67,35
39,1504,300.867173574583,82,43
55,3725,1345.78760959651,75,20
21,1500,146.950036502291,88,67
38,6280,1208.08382219347,76,38
79,4090,2843.66016496764,85,6
41,9605,2076.67874640977,86,45
11,5204,346.849324457843,79,68
68,3758,2024.63900494868,88,20
4,3424,179.36904627477,63,59
31,4976,725.53165263954,66,35
47,6701,1819.26732279808,90,43
12,3126,216.293701930198,79,67
76,7637,4994.60160646635,84,8
23,6726,713.126436222749,25,2
58,6566,2622.37197193906,80,22
44,3610,875.640224523268,67,23
49,4146,1211.61974607378,75,26
12,2453,169.727591437868,14,2
89,3555,2902.1317087776,99,10
55,7879,2846.56659758682,92,37
59,8227,3394.07511645926,87,28
42,2477,556.602040158872,79,37
79,3620,2516.88259099826,81,2
25,2825,324.263314131813,79,54
25,7133,818.750520248574,80,55
38,9996,1922.93087366974,91,53
67,3582,1877.95218316041,80,13
42,6446,1448.4686115721,75,33
75,2325,1487.74579372939,86,11
88,2992,2409.84484080752,91,3
8,4854,290.071401221174,84,76
93,7334,6308.37086899555,95,2
87,8202,6514.80874366803,88,1
51,3058,960.629952075268,82,31
6,9697,541.063735256727,77,71
27,8467,1052.52152924169,78,51
91,8239,6903.37015054415,93,2
32,2418,366.88502783813,81,49
62,2497,1131.86679998324,69,7
69,2820,1560.24317280498,88,19
63,2825,1319.92016639745,90,27
84,3229,2451.72962861103,88,4
61,2336,1026.72049110062,82,21
6,4412,246.176466943661,84,78
80,5580,3953.9857125595,89,9
70,1015,576.333400942878,80,10
57,1962,758.201026014788,81,24
20,8617,811.60441905751,52,32
4,4007,209.909979095504,90,86
69,4616,2553.92995945667,91,22
85,7455,5749.60223512121,94,9
11,6872,458.022397708358,66,55
75,2721,1741.14249666136,76,1
32,2259,342.759833699891,72,40
63,1682,785.878130931152,80,17
39,8092,1618.76141526963,47,8
94,5189,4527.07679961147,96,2
22,2847,290.146585855386,88,66
79,9846,6845.64253894167,79,0
98,5031,4717.27496329673,98,0
46,2869,750.398624148534,55,9
1,2018,97.7373483628325,83,82
42,7683,1726.43256945523,51,9
42,6796,1527.11645737574,87,45
15,1663,128.968862032613,51,36
78,1651,1125.51183638915,82,4
87,8086,6422.67050735183,88,1
31,7677,1119.35419962093,72,41
50,9819,2975.59646829034,77,27
39,6494,1299.09004334664,77,38
33,1077,170.042894581239,85,52
31,7039,1026.32984383636,80,49
88,7388,5950.51259488167,93,5
29,8991,1210.47233658822,61,32
33,2288,361.242472425138,91,58
98,8389,7865.87550528648,98,0
96,7987,7217.06316316822,98,2
95,7942,7040.22058316478,97,2
49,8370,2446.03407492464,67,18
4,8698,455.651858790289,56,52
60,1760,749.647650453401,77,17
19,5420,490.857309814223,58,39
10,3239,208.048340278091,43,33
17,1450,121.46713494594,77,60
19,5890,533.422427085936,74,55
67,4332,2271.15825166133,67,0
86,7662,5998.6377736732,89,3
28,7456,964.553981480133,49,21
1,3973,192.423431638025,78,77
7,9588,553.328970647303,89,82
10,7103,456.241852730868,84,74
80,3464,2454.58897998317,95,15
6,9601,535.707221016792,89,83
53,2380,802.462332500436,75,22
10,5322,341.844170101883,81,71
35,5627,961.784021928548,65,30
88,4930,3970.76706723967,93,5
23,4021,426.327891770989,86,63
37,1925,356.054300334768,82,45
10,1506,96.7338068721226,75,65
65,8183,4054.95770462886,70,5
48,8988,2532.09357866469,62,14
90,6217,5142.29349110079,92,2
5,1289,69.6334694997799,66,61
24,8021,884.81579938606,71,47
86,2347,1837.48405831519,90,4
31,9595,1399.0104917758,92,61
39,1648,329.673605087043,74,35
31,7513,1095.44198277349,69,38
24,8988,991.487894886162,89,65
50,6741,2042.82470646147,68,18
5,2244,121.223821223822,58,53
80,7050,4995.62710995421,88,8
88,3801,3061.43724595902,93,5
34,4061,667.157629351848,73,39
92,4008,3401.98183038182,93,1
39,7735,1547.34547047832,77,38
7,8374,483.268335440187,61,54
56,9239,3452.96718206877,61,5
36,3926,698.108186067231,74,38
72,7093,4233.4461430995,78,6
99,6340,6038.09523809524,99,0
59,2807,1158.0368119486,68,9
13,6209,446.136509555402,73,60
84,2984,2265.70492777185,84,0
49,1521,444.494364152972,61,12
37,3784,699.901024658058,68,31
12,9932,687.213386938813,79,67
91,1631,1366.59748944502,94,3
76,1945,1272.03091849903,91,15
32,1830,277.667328760868,81,49
35,5068,866.238035033567,46,11
77,6717,4486.6173033847,88,11
75,4864,3112.42818954828,90,15
94,5484,4784.44578320858,95,1
69,1163,643.461989351843,75,6
63,5674,2651.05381385455,71,8
87,7445,5913.52732219075,97,10
82,7794,5724.66019766845,85,3
40,1393,289.726851867511,69,29
57,6400,2473.23474337138,90,33
91,4696,3934.72827126536,92,1
16,9931,800.367822489736,81,65
74,3694,2311.13322713365,85,11
15,9820,761.55996702361,53,38
9,7337,454.388759430244,90,81
21,6239,611.21418515853,80,59
63,2266,1058.73950338287,74,11
30,7458,1044.92337968453,81,51
20,5873,553.156870503047,86,66
99,4402,4192.38095238095,99,0
5,1675,90.4856954322198,43,38
85,2778,2142.50771417394,86,1
63,3531,1649.78340090244,86,23
81,4928,3556.44164461182,85,4
14,9611,717.372983419931,64,50
28,3067,396.765968508526,85,57
79,5273,3666.16627136293,87,8
64,9402,4525.33065647231,87,23
91,6116,5124.53111308751,92,1
56,4093,1529.71043145443,77,21
18,3271,284.876856870564,75,57
30,1650,231.177738868259,67,37
7,4733,273.144140391498,64,57
56,9642,3603.58367458676,62,6
34,2330,382.781895195716,77,43
84,2413,1832.15348214259,87,3
61,5826,2560.64793713709,66,5
65,3422,1695.71859528779,90,25
58,3172,1266.85408086974,61,3
86,5080,3977.17043725658,92,6
88,9453,7613.72435834007,91,3
83,5173,3864.40974554429,84,1
9,4664,288.846827583843,66,57
73,2587,1581.40774015168,83,10
60,4560,1942.26891253836,81,21
90,6858,5672.48653079769,95,5
77,6827,4560.09175676751,79,2
64,5343,2571.67003802718,67,3
83,2875,2147.724341473,84,1
90,9726,8044.70749468333,98,8
58,8481,3387.19718154358,59,1
52,3207,1043.9212120852,71,19
84,3580,2718.23848573165,88,4
10,5144,330.410825066533,86,76
84,4636,3520.04291057316,88,4
56,8975,3354.30029863267,87,31
28,1153,149.159165859253,73,45
89,2571,2098.84124423831,89,0
66,3375,1720.78207899604,86,20
92,2813,2387.66838544513,99,7
66,6575,3352.33842056266,89,23
37,1580,292.241971183861,90,53
69,6854,3792.16549872531,86,17
20,7626,718.265672476799,50,30
45,1760,443.365505351632,79,34
72,5228,3120.32376090853,77,5
21,8233,806.559767015575,66,45
32,6491,984.88449780699,91,59
20,1173,110.480675821569,80,60
17,2947,246.871480472886,80,63
30,7109,996.02578522088,72,42
1,9102,440.835155995293,81,80
25,4367,501.259431084469,82,57
5,2636,142.400175020496,76,71
50,9196,2786.79958472329,88,38
47,1420,385.518519381178,79,32
21,8059,789.51356278131,87,66
78,9896,6746.25386608544,89,11
61,7468,3282.34102206313,88,27
42,5967,1340.83341688655,67,25
4,2538,132.95521011839,78,74
98,3452,3236.73885376671,98,0
66,7702,3926.95216960815,74,8
29,4886,657.809791632747,59,30
48,4432,1248.5801892125,89,41
19,3122,282.741055579336,32,13
4,3091,161.924568351435,71,67
26,4357,520.436695536532,79,53
63,6327,2956.1539443528,72,9
22,3590,365.868016586174,68,46
24,2640,291.224748831716,70,46
42,1904,427.844281171777,76,34
77,9029,6030.91672357608,82,5
62,8886,4027.94088291992,72,10
29,5776,777.631878115175,89,60
20,4720,444.559923169485,59,39
34,3637,597.501181470739,61,27
70,7178,4075.78438617534,85,15
88,9875,7953.61557586038,93,5
92,8301,7045.87105139709,98,6
56,7300,2728.28882228618,86,30
94,7322,6387.98541660343,99,5
73,7982,4879.31835403582,73,0
77,9292,6206.58746211861,87,10
24,8303,915.92389755672,62,38
74,2643,1653.58016223991,78,4
90,3237,2677.43349375796,91,1
48,8238,2320.80406108586,81,33
91,5381,4508.68245904577,95,4
40,4739,985.65366188093,75,35
19,4864,440.503681722579,89,70
22,4554,464.112241652767,83,61
43,3346,781.259810109116,88,45
84,2272,1725.09436859841,90,6
78,6363,4337.75397634414,79,1
96,5656,5110.76865542499,98,2
7,3413,196.966184482608,78,71
33,1589,250.880370928123,86,53
24,7541,831.86584505302,90,66
64,9669,4653.84196101157,75,11
27,3717,462.055335324363,61,34
6,5959,332.494462039273,88,82
0,1521,98.3055353767471,71,71
55,7825,2827.05719331347,79,24
0,9465,611.743518961809,74,74
44,1665,403.861765604222,81,37
23,9912,1050.92316917037,88,65
2,4829,239.426130555681,81,79
14,3806,284.082985630658,74,60
14,5067,378.205067837768,76,62
51,4459,1400.73543371603,76,25
94,1438,1254.56474038183,98,4
15,5571,432.041810212681,89,74
51,8083,2539.16674382747,72,21
12,2232,154.436194084518,77,65
88,5186,4176.95700014298,90,2
68,4075,2195.42414719688,72,4
47,1496,406.151904925523,80,33
80,6611,4684.55188991593,80,0
32,9885,1499.85876765092,84,52
93,3317,2853.13146611102,95,2
13,3556,255.509973905462,74,61
15,3358,260.419385872228,82,67
31,7797,1136.85094365565,73,42
6,2060,114.941868065263,81,75
39,3554,710.958733300577,70,31
27,6654,827.149906173879,77,50
11,3719,247.873297013589,83,72
11,6545,436.227676513563,75,64
43,9686,2261.59071151132,62,19
24,2220,244.893538790307,88,64
54,9330,3257.04340266699,78,24
85,1605,1237.84192989531,92,7
9,8213,508.640436309199,55,46
14,5206,388.580142720233,89,75
35,4644,793.766660358304,88,53
14,1709,127.561172475774,76,62
73,4129,2524.01722423126,86,13
22,4018,409.486821906197,56,34
81,3680,2655.78434500234,84,3
22,2344,238.884298294705,73,51
23,4056,430.038778667777,79,56
23,1692,179.394875124724,62,39
93,3474,2988.17567478737,98,5
51,6134,1926.9143643001,89,38
44,1734,420.598379313946,83,39
19,9420,853.113627020291,74,55
26,2095,250.244406047518,77,51
1,7428,359.758683666561,50,49
67,3905,2047.29292999481,71,4
37,9874,1826.32735662623,79,42
46,4951,1294.95419594263,61,15
99,1437,1368.57142857143,99,0
90,9168,7583.16659585203,92,2
73,7527,4601.18131431065,83,10
13,4242,304.801268084074,64,51
89,3085,2518.44622266635,93,4
80,2405,1704.18201410495,80,0
34,4204,690.650252104203,80,46
2,5493,272.347843268245,70,68
48,5717,1610.58956266422,86,38
40,5708,1187.19373328051,85,45
10,3931,252.497074909903,46,36
21,1321,129.413998813018,78,57
6,9257,516.51304499036,69,63
93,8549,7353.45821639528,95,2
23,6847,725.955502351644,31,8
83,6378,4764.58638257907,94,11
88,3574,2878.60476639241,96,8
22,4370,445.360231889019,84,62
83,5179,3868.89195286563,83,0
43,3516,820.953225446399,92,49
76,3580,2341.32169060489,90,14
71,3664,2133.7278192897,72,1
12,5479,379.102109045284,20,8
30,6603,925.131278634614,72,42
3,4826,245.653170014212,69,66
39,2337,467.504378087633,84,45
36,4711,837.694259949752,86,50
56,5358,2002.48924791909,57,1
61,7257,3189.60214208786,77,16
99,4496,4281.90476190476,99,0
58,9912,3958.71930945171,70,12
93,9092,7820.52194449244,94,1
77,2003,1337.9030011433,84,7
26,1984,236.985633221134,87,61
34,4863,798.913457655266,70,36
20,8527,803.127640861482,63,43
68,9140,4924.21514242441,81,13
26,7668,915.930360655067,73,47
75,9150,5854.99957532211,77,2
45,8113,2043.76383233965,71,26
24,6568,724.531875123755,55,31
5,6604,356.756735901122,59,54
27,2134,265.274706909387,62,35
71,3911,2277.56809531714,90,19
38,1252,240.84728429717,88,50
64,8275,3982.88780922233,84,20
89,5462,4458.91515987152,89,0
49,5204,1520.80780476796,50,1
50,2402,727.913506144555,80,30
13,9139,656.666381192917,87,74
65,3655,1811.17810221416,68,3
47,3138,851.941629449392,92,45
81,6603,4765.25652990501,82,1
30,9593,1344.053363008,86,56
15,7981,618.941965052488,89,74
31,2208,321.940090238767,87,56
60,5264,2242.12797271972,68,8
71,3847,2240.29774039505,83,12
49,1496,437.188408134679,83,34
14,9297,693.935763901269,80,66
78,1378,939.403579978348,78,0
25,6703,769.393626416121,70,45
44,2368,574.381177748226,58,14
62,8459,3834.38576734409,73,11
18,6496,565.747496860649,83,65
35,3251,555.670846861509,63,28
53,3899,1314.62211530218,80,27
83,1149,858.342702035645,91,8
44,6332,1535.88750739095,68,24
69,6549,3623.41579386519,90,21
19,5997,543.112783571198,90,71
33,5168,815.953276876361,90,57
13,7391,531.066990195519,87,74
5,9874,533.406421909097,73,68
31,7464,1088.29747895931,75,44
71,2314,1347.55627015185,76,5
23,3353,355.502964712292,62,39
2,5664,280.826175909583,68,66
59,7495,3092.0861793925,83,24
1,8163,395.3567763557,77,76
14,6984,521.291532223993,68,54
20,5007,471.591426972375,60,40
48,6694,1885.82937423025,90,42
86,7298,5713.65941950758,93,7
15,4295,333.085545658493,78,63
32,2222,337.145794812376,75,43
66,9589,4889.06054977571,79,13
62,7702,3491.24473106563,79,17
3,4965,252.728551413296,75,72
26,7824,934.564311654309,91,65
28,6727,870.246061348827,55,27
70,4873,2766.96814068438,73,3
25,4861,557.962467254776,72,47
96,4310,3894.52137639352,96,0
65,7784,3857.239493197,77,12
88,8451,6806.68407408568,93,5
11,7071,471.285851891124,86,75
73,4685,2863.89457387344,75,2
57,6902,2667.22909355457,70,13
40,2302,478.787661880122,86,46
15,3672,284.770692353431,68,53
8,6585,393.514663584968,66,58
35,1454,248.522119759038,42,7
24,5916,652.60818715471,91,67
15,7365,571.169975267707,72,57
61,8148,3581.21513762324,67,6
83,6206,4636.09643936746,94,11
1,7963,385.670220521921,82,81
13,9353,672.042965674292,64,51
69,6029,3335.71137902172,84,15
87,1953,1551.25840970296,87,0
22,9426,960.632848005926,69,47
97,8289,7635.84209408785,97,0
38,1645,316.448708201953,73,35
43,2914,680.391837016725,68,25
65,8648,4285.38118411712,66,1
92,2257,1915.73677424446,95,3
12,4802,332.259231180042,82,70
74,1125,703.850806855808,74,0
87,9460,7514.03203061443,90,3
67,1433,751.285728215764,80,13
35,7802,1333.54166324623,71,36
31,3581,522.132003235971,66,35
35,2144,366.45902665982,51,16
68,2333,1256.91399641971,71,3
5,5360,289.554225383103,67,62
27,8845,1099.51020741027,91,64
38,3063,589.22941837239,58,20
11,2248,149.830376898776,83,72
18,4183,364.304461109621,87,69
34,7109,1167.89549053491,71,37
10,1846,118.572780535152,86,76
68,8396,4523.3818748135,74,6
41,1376,297.502337851104,82,41
64,8487,4084.92674765799,87,23
21,1421,139.21066791317,76,55
43,3003,701.172507399185,78,35
88,1627,1310.43367513163,89,1
38,2104,404.74655444189,71,33
56,4401,1644.82179546322,92,36
92,1472,1249.43045267516,98,6
21,4416,432.620907462745,58,37
18,5179,451.047765739117,57,39
19,1880,170.260469086852,44,25
12,6692,463.031814880642,87,75
56,1661,620.779141618814,77,21
87,2726,2165.24855343076,91,4
75,8988,5751.33728775903,77,2
68,2094,1128.15169674362,71,3
88,3102,2498.44207760192,95,7
97,9593,8837.08930010674,98,1
62,8768,3974.45258400201,78,16
5,3652,197.285826697592,75,70
33,2017,318.455448811846,74,41
40,1649,342.971700451921,64,24
34,3272,537.537494025916,65,31
44,1536,372.571574755606,44,0
34,9506,1561.68441876845,84,50
43,1550,361.910551604641,73,30
57,2077,802.641962809743,78,21
19,9724,880.645107127952,91,72
31,7242,1055.92850249509,69,38
32,1863,282.674444525408,65,33
26,1288,153.849544147591,74,48
28,1715,221.862939677901,63,35
33,6684,1055.30799199721,59,26
80,1896,1343.50482276215,83,3
60,2481,1056.74762544028,81,21
57,6758,2611.58131182871,69,12
77,1348,900.396028727495,88,11
44,6652,1613.50658546503,77,33
24,4819,531.595479022743,71,47
11,9734,648.776196055466,73,62
37,8322,1539.2643570836,82,45
66,2533,1291.47881662132,87,21
69,3204,1772.70181761247,82,13
83,1917,1432.06523916652,90,7
5,1201,64.8795941576692,88,83
69,6996,3870.73093508641,83,14
60,6292,2679.99035037091,76,16
98,3149,2952.63344452821,99,1
66,6165,3143.29526429943,81,15
69,9066,5016.01581725177,83,14
7,1463,84.43056779902,88,81
52,7725,2514.59038458315,65,13
70,7832,4447.13615387647,86,16
1,6743,326.582229935867,82,81
45,8000,2015.29775159833,84,39
16,4710,379.592432174671,86,70
95,1852,1641.71348778912,98,3
69,1678,928.400015591051,79,10
55,7301,2637.74371480916,90,35
55,8019,2897.14653459179,83,28
51,3189,1001.78185649707,80,29
83,8498,6348.29963611742,86,3
10,4774,306.644883139119,78,68
14,6869,512.70783717735,69,55
40,7541,1568.43516865248,77,37
5,3267,176.487622075858,76,71
18,5445,474.214150308842,82,64
32,1618,245.500403243215,82,50
31,4706,686.16397856143,58,27
73,5215,3187.87837838848,92,19
41,9574,2069.97629548435,70,29
87,5362,4259.01054420239,94,7
95,4223,3743.49679208069,95,0
60,3506,1493.33219459638,64,4
51,2569,807.017118012218,60,9
21,5285,517.753961943073,76,55
31,9776,1425.40141402816,69,38
4,5224,273.66352153604,88,84
17,7645,640.42499769773,76,59
3,5739,292.126718340565,79,76
88,2720,2190.76803709775,98,10
60,2401,1022.67273223785,91,31
19,8881,804.299588276773,78,59
25,3342,383.606370204785,78,53
68,9148,4928.52517756001,86,18
44,1072,260.023911548184,84,40
67,5770,3025.0653536671,84,17
21,2832,277.441668916326,82,61
66,6955,3546.08573612369,78,12
2,8085,400.86151698958,67,65
46,6801,1778.82922371355,77,31
50,2011,609.423006185138,52,2
60,1185,504.734355560955,78,18
83,2739,2046.12764218941,85,2
70,6855,3892.37976695904,78,8
15,3778,292.991197089124,61,46
13,7902,567.78397463469,76,63
66,8968,4572.43664724044,78,12
37,5156,953.670635078474,69,32
60,4510,1920.97210428684,75,15
31,5166,753.234830694506,70,39
85,7085,5464.24303632914,90,5
36,9429,1676.6332364819,77,41
35,4852,829.318655482018,87,52
1,3282,158.956381232317,77,76
97,8551,7877.19697750576,99,2
13,1700,122.150437468865,72,59
51,2288,718.744712344085,53,2
52,3432,1117.16170872354,76,24
63,4368,2040.85355285807,94,31
32,4066,616.937354503655,44,12
34,1444,237.226204576229,80,46
48,5477,1542.976917039,80,32
20,5769,543.361482365415,65,45
57,7667,2962.85793397318,82,25
92,2612,2217.06001520891,98,6
0,8992,581.172501057008,57,57
27,5541,688.794353788618,80,53
17,9904,829.662416899715,74,57
23,1912,202.720449904534,77,54
78,7113,4849.04039505515,79,1
76,3403,2225.56360701912,95,19
50,7666,2323.14110662122,73,23
20,6757,636.417669672925,84,64
84,8990,6825.96759405797,92,8
16,2247,181.092185795432,62,46
64,7256,3492.42706268486,78,14
46,5393,1410.56109446952,70,24
34,8700,1429.27145416426,50,16
94,6730,5871.50257494415,96,2
68,5779,3113.46163107994,83,15
83,5425,4052.66245304036,91,8
5,1261,68.1208728000174,71,66
33,5541,874.844641480634,37,4
84,4261,3235.31122561524,95,11
4,1904,99.7426004985872,45,41
52,4642,1511.03282397864,87,35
83,6251,4669.71299427748,92,9
43,6582,1536.83564558822,76,33
44,8720,2115.11987751881,90,46
37,6874,1271.4375379227,87,50
44,2551,618.769588021844,83,39
8,4689,280.211124912667,55,47
12,9821,679.533092340524,64,52
11,6829,455.156425196505,58,47
68,3648,1965.37602183416,81,13
89,3204,2615.59212234133,92,3
0,5467,353.344090667111,75,75
14,9697,723.792094498291,62,48
33,7747,1223.14048683459,89,56
69,9363,5180.33930034506,88,19
85,9638,7433.2215079944,92,7
30,3547,496.962084706493,70,40
69,9874,5463.06421570086,81,12
85,2540,1958.95233765364,87,2
66,4606,2348.42140914245,81,15
64,3427,1649.46906612748,73,9
22,9372,955.129540792652,67,45
42,5812,1306.00365660209,50,8
96,1165,1052.6954532479,98,2
41,8556,1849.87645541718,77,36
31,8014,1168.49088911842,90,59
92,4203,3567.49741344681,92,0
22,7765,791.355194649482,72,50
89,7415,6053.25080747845,90,1
27,3732,463.919965410417,66,39
18,8120,707.184371075812,85,67
73,2015,1231.74974735432,89,16
75,5130,3282.6391061642,89,14
0,8209,530.565509472529,74,74
62,6222,2820.37454124778,79,17
93,8785,7556.45460650749,93,0
30,2343,328.272389192928,65,35
98,6354,5957.77481947673,98,0
2,8345,413.752549075825,66,64
84,2452,1861.76557737821,97,13
96,8386,7577.60006089003,99,3
64,9298,4475.27381874915,89,25
84,4425,3359.8338825035,86,2
13,7957,571.7359005528,83,70
38,8955,1722.67366683799,72,34
30,7684,1076.58772452345,72,42
46,7281,1904.37517686493,68,22
4,3726,195.189563790828,66,62
47,9222,2503.6984406572,73,26
64,7226,3477.98759026472,65,1
9,9562,592.18554145727,58,49
68,9324,5023.34595054324,71,3
16,4923,396.758714139258,80,64
34,5393,885.984017506652,61,27
35,7530,1287.05059269983,77,42
45,8522,2146.79592989012,87,42
7,3068,177.056036915512,74,67
28,3410,441.138556444106,54,26
31,4110,599.263483189009,64,33
52,8523,2774.35001266048,74,22
67,4590,2406.42113922565,76,9
0,7503,484.935195221389,51,51
88,1691,1361.98115835746,89,1
55,5891,2128.33149211625,90,35
96,1083,978.600150959206,96,0
35,3336,570.199306407257,64,29
29,8653,1164.96687003646,69,40
70,4042,2295.11291291735,83,13
55,6682,2414.10813619433,75,20
37,7753,1434.02025480283,61,24
24,8216,906.326718333857,71,47
71,6606,3846.99944711456,88,17
57,8738,3376.73831055923,90,33
12,6817,471.680795284121,87,75
45,9757,2457.90752029311,89,44
44,1545,374.75461132644,60,16
7,9529,549.924046860466,78,71
50,4806,1456.43310180297,91,41
24,3666,404.405276218588,79,55
75,1399,895.207038893512,80,5
49,4552,1330.26847181087,87,38
52,5791,1885.04762681178,52,0
49,2890,844.568515714721,86,37
53,1265,426.5188447954,61,8
36,5497,977.4581504869,86,50
38,7753,1491.44488430987,69,31
0,2057,132.948380190643,84,84
12,6623,458.257577697922,84,72
28,2817,364.42443211233,69,41
37,9764,1805.9813966071,62,25
40,3733,776.418045959382,91,51
91,4048,3391.77598851835,96,5
30,2582,361.758134398693,91,61
77,9915,6622.72004809578,82,5
33,3601,568.546391260019,76,43
94,6207,5415.21790232962,96,2
97,5232,4819.72805359725,97,0
83,2855,2132.78365040189,92,9
41,8166,1765.55529861345,70,29
58,4407,1760.09644842148,69,11
12,2562,177.269502349702,84,72
92,1419,1204.44416599596,95,3
37,5888,1089.06375084214,92,55
84,4104,3116.10356017952,86,2
68,9925,5347.13734010528,68,0
88,9090,7321.35347691857,94,6
16,3181,256.365929245781,35,19
89,4759,3885.01963490087,89,0
38,3777,726.581623634514,57,19
76,1965,1285.11092794375,84,8
4,6936,363.348044673425,63,59
59,6085,2510.38617766556,93,34
16,3639,293.277465113297,70,54
99,2917,2778.09523809524,99,0
0,7269,469.81126670189,86,86
59,9702,4002.59107571262,84,25
35,9695,1657.09900348272,78,43
83,5848,4368.65806919448,87,4
96,9106,8228.19295903465,98,2
82,2841,2086.702543184,86,4
69,7863,4350.42271906581,83,14
15,3220,249.717219329534,69,54
71,1712,996.981994165929,86,15
49,9642,2817.76111713541,75,26
71,7917,4610.45937372177,86,15
5,7671,414.397474424214,77,72
49,5173,1511.74841930528,75,26
22,4267,434.863182945182,46,24
46,6954,1818.84699628055,89,43
64,1943,935.196497077823,70,6
65,1792,887.997581167655,87,22
4,7230,378.749475632765,71,67
70,9644,5476.01903319518,81,11
42,8292,1863.27982115356,69,27
36,5591,994.172916021877,70,34
73,4406,2693.34460885515,79,6
56,7737,2891.61241342852,59,3
56,2039,762.052179265962,85,29
70,6540,3713.51767701125,75,5
27,5859,728.324511612979,46,19
91,6693,5607.99325374342,97,6
87,7420,5893.66994367432,90,3
96,3599,3252.0608894757,96,0
30,8515,1193.01724028074,86,56
40,2589,538.480128847801,73,33
94,1044,910.824470763996,95,1
62,5703,2585.11668414273,83,21
62,4775,2164.46294350018,84,22
69,4212,2330.40576023213,72,3
88,2673,2152.91285410378,90,2
73,7450,4554.1119691264,75,2
57,1650,637.630832275433,83,26
95,8832,7829.16496984529,95,0
28,9486,1227.16725701724,78,50
40,3717,773.090242922856,83,43
12,9659,668.324013737615,71,59
44,6448,1564.02442319281,44,0
79,5291,3678.68115717452,80,1
98,3823,3584.60389280131,98,0
73,7019,4290.64589413398,74,1
38,3844,739.47041600505,92,54
13,2199,158.005183525903,85,72
88,3988,3212.05254850949,97,9
92,3736,3171.10881195272,94,2
1,8512,412.259816285645,71,70
15,4118,319.358853788516,80,65
9,4025,249.272830408441,51,42
82,1885,1384.52456666731,89,7
78,3433,2340.32836724649,79,1
71,9860,5741.96405518462,72,1
42,6468,1453.41219045119,85,43
5,7613,411.264238403277,50,45
65,6512,3226.9197815646,94,29
0,8219,531.211831204132,82,82
52,1951,635.076484184043,86,34
86,9702,7595.76920910695,93,7
40,2612,543.263845712806,87,47
64,1432,689.244150188082,84,20
11,2652,176.757188405496,80,69
88,8514,6857.42612788611,88,0
68,5820,3135.5505611499,83,15
12,2867,198.37301453419,71,59
92,2174,1845.2865517091,92,0
70,6916,3927.01655263147,81,11
28,1685,217.981955310357,83,55
19,9075,821.869019661268,80,61
97,1880,1731.85946880024,98,1
39,4544,909.00294994874,81,42
32,9851,1494.69992110563,84,52
81,4296,3100.33955057881,82,1
11,2278,151.829892604721,76,65
72,2757,1645.51121056328,81,9
44,4169,1011.23105153393,54,10
94,7660,6682.86920119944,94,0
77,8232,5498.56091133883,87,10
30,1179,165.18700250041,80,50
25,8817,1012.04589051334,78,53
50,5176,1568.55966186687,58,8
8,6492,387.957053301991,65,57
33,4298,678.592721365054,76,43
39,5352,1070.63903787977,74,35
24,7512,828.666785312066,84,60
51,4249,1334.76673197116,56,5
24,7897,871.137061183358,89,65
73,7646,4673.92484777724,87,14
42,8728,1961.2525662118,80,38
92,1447,1228.21050612837,93,1
86,1079,844.757264133828,88,2
61,1643,722.132605684215,83,22
42,7655,1720.14074179094,79,37
46,1556,406.978131465709,65,19
41,6145,1328.59873989465,56,15
7,4923,284.109149196566,87,80
73,5454,3333.97673551884,80,7
33,8950,1413.07697911057,80,47
65,3184,1577.78141653896,81,16
87,8568,6805.52076514846,89,2
31,6739,982.58798374957,68,37
87,5775,4587.05443729369,88,1
39,5644,1129.05207955781,67,28
34,4528,743.878292466182,78,44
20,3208,302.150049476209,59,39
16,1156,93.1653612725944,83,67
55,7054,2548.50625452182,80,25
10,5590,359.058419930389,78,68
58,4420,1765.28847334307,89,31
96,6565,5932.14218933258,97,1
71,2540,1479.16721097048,95,24
73,6003,3669.57505378064,82,9
84,1997,1516.2911329626,91,7
57,5835,2254.89448868312,62,5
57,8991,3474.50837150814,69,12
23,2952,312.986803409092,68,45
81,1067,770.033123944971,82,1
92,5440,4617.46036858212,97,5
87,4664,3704.59253602386,95,8
18,6388,556.341596358656,77,59
20,9595,903.718742121018,76,56
39,5264,1053.03510751104,73,34
2,6870,340.620732432704,82,80
63,2280,1065.28070066767,89,26
23,4803,509.239707579224,91,68
0,6825,441.114581818737,75,75
88,6877,5538.93815850044,92,4
38,8475,1630.33604985505,74,36
29,9772,1315.61958326549,79,50
27,6092,757.288432283029,91,64
61,3834,1685.12258684923,76,15
54,3546,1237.88594918083,76,22
57,4104,1585.9617791869,90,33
57,1472,568.843990975417,74,17
48,7228,2036.26751074637,74,26
57,8901,3439.72850792947,84,27
72,1569,936.455237349939,85,13
60,2960,1260.77104848981,85,25
98,7782,7296.72704519483,98,0
41,5931,1282.33020769978,85,44
74,1746,1092.37645224021,86,12
83,9297,6945.18024440853,85,2
63,8488,3965.83446809966,81,18
49,6299,1840.80867836921,81,32
24,3434,378.812798290952,81,57
22,8316,847.509310844184,76,54
68,2904,1564.54275422325,75,7
71,8918,5193.39101867509,86,15
0,8240,532.569106840497,84,84
25,6160,707.066200018395,53,28
32,2555,387.672144800009,74,42
14,9814,732.525071197919,68,54
46,9259,2421.72912547622,70,24
94,3698,3226.27288590542,94,0
17,8129,680.969889638306,60,43
97,9812,9038.83250418507,97,0
19,7611,689.283207563847,76,57
72,8374,4998.00902330681,80,8
58,2131,851.092700609523,66,8
21,6505,637.273324964936,81,60
3,4653,236.847119783699,89,86
18,4038,351.676168768981,87,69
28,5371,694.825567935863,87,59
96,2623,2370.14607199076,97,1
43,7970,1860.92070728322,87,44
52,2314,753.237818760571,71,19
98,6307,5913.70566358825,98,0
19,3230,292.5219761439,41,22
83,3185,2379.30505307531,84,1
72,6310,3766.11379711798,91,19
92,3649,3097.26339796988,92,0
70,5711,3242.79808156135,71,1
65,1839,911.287696298726,77,12
63,3944,1842.74872080408,64,1
81,4432,3198.48810245934,84,3
69,2240,1239.34209471034,85,16
46,7833,2048.75302298901,84,38
94,4783,4172.86728320325,94,0
16,5051,407.074601892625,86,70
13,6563,471.572541828331,71,58
53,1148,387.070066264916,84,31
79,1676,1165.27492334615,93,14
17,6427,538.392604343141,77,60
44,4839,1173.74599625155,87,43
37,4653,860.634108809182,75,38
13,6932,498.086372078926,69,56
97,5743,5290.46219644668,98,1
5,5221,282.045263194997,40,35
30,9689,1357.50370417852,73,43
59,5379,2219.12362360938,66,7
7,4780,275.856537306436,86,79
88,8822,7105.49839091041,97,9
24,3723,410.693083295636,91,67
68,1052,566.769620331562,79,11
8,6841,408.813031675742,60,52
41,3961,856.400261793766,78,37
91,9776,8191.20604341784,92,1
79,7848,5456.49021385478,93,14
48,6581,1853.99508691504,72,24
39,8793,1758.99272422959,81,42
71,6411,3733.44133446132,78,7
96,6653,6011.65909910581,97,1
38,3489,671.17905344475,77,39
15,8848,686.179489635937,84,69
75,7013,4487.55322641901,76,1
39,7820,1564.34926685721,85,46
31,9473,1381.22213534051,75,44
17,5438,455.543641266221,82,65
63,2328,1087.70766278699,72,9
39,3442,688.553731013108,88,49
38,2802,539.020839137916,79,41
39,2427,485.508397782921,76,37
34,8553,1405.12169511114,43,9
14,7346,548.311511414298,23,9
67,9821,5148.90239833009,86,19
36,7162,1273.52288044155,85,49
76,2029,1326.96695816685,89,13
63,3971,1855.3638869962,89,26
12,5670,392.317751101799,87,75
54,2418,844.108354517555,65,11
77,4053,2707.19963236835,83,6
93,1230,1057.98966033059,98,5
87,4147,3293.94194830423,94,7
47,5782,1569.76625286054,67,20
91,1098,920.002479099099,91,0
87,5574,4427.40111402165,88,1
90,2650,2191.90570233506,93,3
41,5179,1119.74172073464,72,31
57,9369,3620.58379853851,88,31
15,8888,689.281566894689,52,37
52,2962,964.170449079003,83,31
17,5470,458.224295278821,73,56
55,8098,2925.68807047316,82,27
91,9614,8055.46797273109,94,3
17,3909,327.458641726675,86,69
54,6480,2262.1266076401,68,14
64,4222,2032.11508526123,75,11
69,9681,5356.28161557626,84,15
75,6922,4429.32317599778,82,7
89,5522,4507.89628575806,89,0
26,5313,634.629369608812,83,57
10,4676,300.350120142128,80,70
46,6600,1726.25685583141,77,31
27,3919,487.1656871499,78,51
57,4621,1785.75277329987,84,27
53,7441,2508.8748807293,79,26
2,5785,286.825463918951,80,78
89,4025,3285.81719488884,90,1
84,6131,4655.17322793875,85,1
29,3000,403.894673536275,86,57
83,2755,2058.0801950463,85,2
33,3241,511.707540703616,81,48
63,4363,2038.51741097064,83,20
1,8581,415.601678048298,81,80
10,1298,83.3734935723872,81,71
46,9347,2444.74588355397,79,33
36,5978,1062.98796136269,65,29
99,8105,7719.04761904762,99,0
65,6907,3422.6558555385,71,6
38,5366,1032.25760985512,76,38
74,2642,1652.95451707826,87,13
85,1234,951.711490025429,86,1
76,1190,778.260561960843,81,5
25,1220,140.035838315332,54,29
80,8291,5874.99920122416,89,9
37,1831,338.667752682057,66,29
66,2716,1384.78344490467,87,21
79,7487,5205.49722618893,81,2
12,1150,79.5706197120052,57,45
64,2415,1162.37752982138,70,6
53,3008,1014.20449418543,77,24
49,3985,1164.56938931597,63,14
9,3085,191.057560698147,79,70
35,6004,1026.22201309028,86,51
0,4726,305.451650355363,82,82
60,9583,4081.74626948576,74,14
48,7020,1977.66988453784,83,35
10,7153,459.453466504842,59,49
98,2497,2341.29111177737,98,0
53,3542,1194.25276542712,67,14
72,7119,4248.96420311932,73,1
75,1341,858.093380383273,80,5
10,4837,310.691516494327,81,71
33,4718,744.904713680858,44,11
53,2382,803.136670594974,75,22
60,5943,2531.33862877532,74,14
15,5649,438.090860867248,66,51
38,2973,571.916115188088,73,35
52,9898,3221.93082545036,67,15
39,7113,1422.91768991756,77,38
74,9643,6033.09629378716,91,17
55,2621,946.928677785892,55,0
93,4779,4110.67689977226,93,0
36,4811,855.475925412494,86,50
61,1444,634.667974807064,66,5
25,8363,959.934193304195,46,21
37,7673,1419.22319297074,82,45
15,8278,641.974888698721,56,41
32,6209,942.096417637283,75,43
22,2977,303.39528840586,75,53
69,6372,3525.48563727424,73,4
99,8476,8072.38095238095,99,0
56,3451,1289.77051037118,57,1
71,9679,5636.55883267058,79,8
4,9913,519.300629591646,68,64
42,1960,440.427936500359,73,31
31,5410,788.811543565095,74,43
92,4350,3692.27069914195,92,0
63,8520,3980.7857761792,85,22
23,6985,740.58699925898,87,64
16,8377,675.126497734017,26,10
94,4880,4257.49369475891,95,1
23,5710,605.404690875988,83,60
18,4980,433.716523147481,62,44
94,4273,3727.92429461164,95,1
24,3394,374.400302096532,88,64
8,4879,291.565382480039,70,62
8,2923,174.676288786463,89,81
53,9683,3264.80788470661,88,35
91,2824,2366.19945444067,91,0
80,3747,2655.12266397141,84,4
36,8302,1476.2338667168,60,24
16,4867,392.24551324716,88,72
0,7622,492.62642382746,64,64
11,3216,214.348083677253,72,61
24,8822,973.176035679319,73,49
77,6156,4111.89759113239,77,0
70,3661,2078.77495650431,87,17
31,3334,486.117871764515,71,40
99,9021,8591.42857142857,99,0
37,3310,612.228433302899,39,2
78,3451,2352.59924129556,93,15
72,2962,1767.86514533494,74,2
48,8534,2404.19299069031,61,13
74,3021,1890.07403334346,76,2
61,6072,2668.77004364854,72,11
62,4977,2256.02765859694,68,6
29,7858,1057.93478154935,57,28
19,3092,280.024133200291,77,58
96,2225,2010.51277551637,96,0
27,1229,152.775358384084,66,39
74,5627,3520.50532460234,76,2
98,3510,3291.12206741633,98,0
39,2956,591.332024658555,81,42
95,4829,4280.68813851709,97,2
20,1372,129.223774277232,77,57
28,6731,870.763525931166,77,49
15,3170,245.839622756094,74,59
97,7667,7062.8545464316,98,1
93,1992,1713.42715721832,97,4
9,7163,443.61274142004,73,64
23,2247,238.238938773791,65,42
4,1099,57.5720157289639,79,75
9,1472,91.1626351208012,74,65
26,5090,607.992375552203,68,42
64,3616,1740.43774237437,75,11
28,3413,441.52665488086,56,28
71,6217,3620.46557110373,72,1
25,2188,251.146241175365,77,52
41,6245,1350.2195493315,54,13
9,7958,492.847996121832,21,12
23,5193,550.589590143433,77,54
26,4974,594.136360706612,73,47
7,4393,253.522545687693,61,54
43,8832,2062.18967211109,69,26
55,8328,3008.78368126704,62,7
34,5886,966.97606657596,51,17
73,6054,3700.75085383774,83,10
14,8988,670.87174851507,78,64
65,4806,2381.53815574316,80,15
80,6549,4640.61871533193,87,7
87,7858,6241.57121528205,95,8
8,8882,530.781661649458,68,60
63,1437,671.407178447126,84,21
52,2462,801.413789882682,74,22
85,2895,2232.74292027846,91,6
10,6556,421.106798043583,79,69
48,3840,1081.80233000361,77,29
76,3783,2474.0837864688,85,9
21,1611,157.824339203461,79,58
68,1893,1019.86206396164,90,22
1,3555,172.178529945426,85,84
15,4261,330.448779988554,27,12
9,7926,490.866199706162,59,50
20,5602,527.632349490562,69,49
48,6141,1730.03856993546,80,32
16,9299,749.433126707487,57,41
31,4662,679.748505748701,83,52
95,8366,7416.07723479684,97,2
79,2477,1722.18734196207,85,6
35,6064,1036.47739629904,56,21
45,4394,1106.90229006538,89,44
37,6371,1178.40101165341,84,47
25,8022,920.793028660319,58,33
55,6468,2336.79308962959,88,33
72,9678,5776.29941814704,84,12
55,6995,2527.19042392687,81,26
53,7732,2606.99107348461,78,25
80,3748,2655.83126356147,88,8
95,3175,2814.49261540521,95,0
71,1451,844.988827999278,78,7
76,8867,5799.02218731664,87,11
90,2287,1891.65597782653,91,1
60,5288,2252.35044068045,74,14
76,9598,6277.09653252116,85,9
56,9429,3523.97743908718,61,5
18,8252,718.680471689359,67,49
92,5942,5043.55689524172,93,1
94,3697,3225.40044867289,96,2
65,3885,1925.15100604706,75,10
27,9602,1193.61187241984,69,42
47,1763,478.640246245787,77,30
75,5336,3414.45658294194,92,17
7,2388,137.812847507901,42,35
24,5479,604.401666230672,72,48
90,4777,3951.22020379419,91,1
23,4640,491.957577174183,60,37
53,2202,742.446242086538,82,29
96,9168,8284.21623637488,96,0
75,4268,2731.05335382238,77,2
26,4594,548.745967246919,85,59
41,4662,1007.96213594611,86,45
87,6869,5456.01332117236,96,9
17,6119,512.591309471865,41,24
87,3420,2716.48938104666,94,7
75,4744,3035.64130987192,78,3
7,5604,323.410049176834,82,75
21,4970,486.894454277591,68,47
64,3632,1748.13879433178,81,17
90,2375,1964.4437898286,90,0
6,1314,73.3172886591047,81,75
96,5804,5244.50164004361,97,1
67,3626,1901.02027251246,88,21
61,2811,1235.49285123453,65,4
94,1582,1380.19570186652,98,4
27,9486,1179.19206642101,77,50
19,6416,581.059132798534,80,61
23,3439,364.6211439444,55,32
85,5629,4341.31602702848,85,0
15,4614,357.82461179704,20,5
28,6833,883.958872780814,65,37
46,5924,1549.44630514323,84,38
62,7264,3292.70341813305,83,21
81,9471,6835.03628573835,82,1
19,3933,356.188523892867,80,61
41,6060,1310.22105187332,76,35
92,4128,3503.83757380643,96,4
81,4862,3508.81072972863,83,2
7,3980,229.688079179836,72,65
76,8233,5384.38588791901,79,3
86,7919,6199.8450182352,86,0
2,9671,479.496812715674,59,57
35,4218,720.953439576082,81,46
15,6638,514.78972108989,65,50
79,9108,6332.53222066633,84,5
78,5308,3618.544414024,96,18
39,7339,1468.12778381906,87,48
46,1905,498.260501569521,54,8
19,6022,545.376885553736,80,61
78,2235,1523.63352775879,78,0
14,4381,327.001460863877,82,68
71,9233,5376.83104680726,72,1
61,6798,2987.86211408478,75,14
4,8464,443.393577006324,56,52
52,3257,1060.19687800483,84,32
60,5730,2440.61422562386,65,5
52,5361,1745.07689990295,67,15
48,1247,351.3040378944,68,20
53,2536,855.060703874414,80,27
79,8893,6183.04886236118,90,11
0,7322,473.236771879383,61,61
72,8939,5335.22840450676,89,17
28,7086,916.688507613764,71,43
0,4576,295.756824381325,77,77
5,5497,296.955144949798,90,85
87,2879,2286.77570995126,90,3
57,8258,3191.24570480638,77,20
79,1012,703.614691185148,84,5
74,8552,5350.51742242744,82,8
28,5698,737.128297542087,83,55
34,2168,356.167875014727,51,17
9,8542,529.015780707802,82,73
54,1651,576.353553891019,73,19
90,2232,1846.16359532523,91,1
0,7282,470.651484952973,66,66
79,4206,2924.31165130902,93,14
79,9256,6435.43239289499,97,18
4,5067,265.438947860473,76,72
18,3669,319.539342053837,77,59
16,4549,366.616979609889,75,59
11,6772,451.35734535521,79,68
51,2330,731.938452693059,84,33
41,6042,1306.32930617469,58,17
47,4745,1288.22913694626,66,19
72,7436,4438.16516566867,82,10
43,5896,1376.66104016836,59,16
40,6457,1342.97651292787,82,42
14,2442,182.272898294815,78,64
7,8138,469.64864029284,88,81
58,2441,974.902525662997,76,18
14,1322,98.6751726231556,78,64
33,8147,1286.2947652306,70,37
83,1849,1381.26688952472,85,2
69,8628,4773.68017551823,85,16
87,2418,1920.60565010842,88,1
6,3071,171.352658654574,69,63
99,5913,5631.42857142857,99,0
76,2309,1510.08709039293,87,11
95,9703,8601.26672355173,95,0
69,2851,1577.39478215142,84,15
12,4821,333.573876201371,79,67
32,8895,1349.64529471471,57,25
56,4279,1599.2257356935,68,12
52,9075,2954.03336441322,70,18
31,5081,740.841303669916,78,47
88,8731,7032.20431319868,88,0
27,5087,632.358216517362,88,61
54,9600,3351.29867798533,54,0
18,8387,730.437847316851,61,43
64,6269,3017.36842006221,71,7
61,6612,2906.11125306393,65,4
23,4866,515.919303993443,75,52
83,2611,1950.50721933426,87,4
91,2551,2137.45566865374,94,3
7,5770,332.990004238104,84,77
29,4125,555.355176112378,87,58
75,7521,4812.61768371558,79,4
94,9832,8577.80287026016,95,1
93,7228,6217.19452428413,96,3
95,9533,8450.56948115208,96,1
81,8415,6072.94164760725,81,0
39,8404,1681.17535021329,82,43
79,4063,2824.88783625025,85,6
38,2405,462.649935091609,69,31
58,3113,1243.29027545633,70,12
55,1211,437.516455092986,65,10
46,2203,576.203614151,79,33
65,2877,1425.65236664026,90,25
8,7137,426.501769780701,64,56
27,5468,679.719820703152,89,62
94,5828,5084.56419119978,99,5
20,1442,135.816823985254,72,52
10,1424,91.4667602828038,58,48
88,3589,2890.68620777346,88,0
84,1425,1081.98040284011,87,3
52,9275,3019.13602809175,70,18
28,5670,733.506045465713,89,61
93,2430,2090.17469479945,97,4
67,5019,2631.33501040818,78,11
45,2761,695.529636520372,66,21
76,3969,2595.7278743047,86,10
62,1945,881.650350807928,75,13
43,9333,2179.16850201685,90,47
52,1248,406.240621354016,81,29
0,2741,177.156786632258,81,81
70,1444,819.92653296701,95,25
40,9158,1904.75126303135,75,35
86,8437,6605.39113762475,89,3
29,1095,147.42155584074,87,58
72,2617,1561.95242584117,85,13
32,8349,1266.80028842868,82,50
61,6365,2797.5496257943,78,17
68,3654,1968.60854818586,95,27
50,9984,3025.5988531837,80,30
27,8424,1047.17625632834,69,42
98,4546,4262.5187801922,98,0
6,4242,236.69097297711,86,80
58,5332,2129.52899091975,63,5
79,1816,1262.61292410299,88,9
87,6772,5378.96669252864,89,2
78,7058,4811.546057683,89,11
99,7233,6888.57142857143,99,0
16,7566,609.765677671669,68,52
36,2529,449.698319552733,91,55
61,6152,2703.93170430267,86,25
42,6022,1353.19236408427,88,46
55,1935,699.086986461542,78,23
82,9267,6806.57249830556,83,1
55,7622,2753.71628465627,76,21
50,3170,960.651879466378,70,20
35,2735,467.474551266142,81,46
99,8236,7843.80952380952,99,0
70,2583,1466.66913757187,79,9
56,3324,1242.3057596273,78,22
94,9975,8702.56139451232,96,2
17,1823,152.713508280309,68,51
18,8217,715.632263193343,67,49
35,4088,698.733442623761,86,51
0,3373,218.004320069538,90,90
40,6498,1351.50400820896,70,30
27,2885,358.630519884527,79,52
82,7640,5611.54784580279,94,12
40,7138,1484.61612966999,55,15
11,8335,555.532113634919,64,53
32,1146,173.883474732215,68,36
78,1871,1275.48918587771,90,12
32,5017,761.23332699086,90,58
36,2068,367.724841769494,79,43
85,2211,1705.21402305204,91,6
50,5654,1713.41505567915,87,37
62,1874,849.466713323422,74,12
42,8138,1828.67476899996,49,7
45,8753,2204.98765246752,76,31
20,7572,713.179605559182,75,55
16,5093,410.459502561698,86,70
34,9822,1613.5981865289,77,43
53,3886,1310.23891768769,74,21
32,2888,438.198494787643,91,59
49,8222,2402.78281529634,75,26
33,1575,248.669971184263,85,52
66,3743,1908.4110582762,87,21
10,7412,476.089625854032,87,77
78,6179,4212.31837495371,90,12
41,9272,2004.68145098505,80,39
15,5198,403.114939774819,42,27
75,2200,1407.75946073319,79,4
39,6300,1260.28137867013,66,27
52,4808,1565.06803483182,88,36
30,6514,912.66169150778,71,41
64,4309,2073.98955527964,72,8
68,1255,676.136761897444,80,12
83,1211,904.658844356107,84,1
60,8487,3614.92023261251,75,15
95,3528,3127.41100697625,96,1
70,5228,2968.54287697474,85,15
60,5990,2551.35762853175,84,24
47,3424,929.588317155742,80,33
59,3595,1483.12872780734,71,12
29,4502,606.111273420103,87,58
65,3256,1613.4598907823,88,23
72,7904,4717.49024602544,92,20
12,4712,326.031965289538,83,71
86,6090,4767.90707930956,92,6
33,3818,602.807587289851,74,41
84,7406,5623.26095679569,98,14
24,5161,569.322321485034,48,24
69,8717,4822.92189267413,72,3
72,6504,3881.90239880434,73,1
71,6873,4002.48670905516,76,5
2,4072,201.893394827652,70,68
90,3571,2953.69632567491,92,2
25,6085,698.457439466223,83,58
99,4965,4728.57142857143,99,0
40,1070,222.54682806765,89,49
73,3688,2254.43824726687,85,12
52,2260,735.660099567369,85,33
48,9040,2546.74298521682,82,34
39,2220,444.099152483759,72,33
16,5768,464.859691886094,91,75
94,4826,4210.38208420215,96,2
20,1575,148.343618430495,43,23
68,3230,1740.176685999,72,4
53,4476,1509.16865557645,87,34
75,6374,4078.66309214242,78,3
97,1057,973.71035027758,98,1
22,2949,300.541721702681,77,55
50,5569,1687.65625134015,65,15
56,1119,418.213040018936,84,28
66,9571,4879.8830453544,87,21
96,8384,7575.79285839518,98,2
48,6502,1831.73925773007,76,28
68,2335,1257.99150520361,86,18
39,5941,1188.46534455226,81,42
62,7074,3206.57819106184,63,1
49,6155,1798.72637170384,87,38
74,6048,3783.90193765682,85,11
91,3188,2671.19116882325,91,0
75,3860,2469.97796292277,82,7
9,2760,170.929940851502,87,78
71,8518,4960.45130041202,82,11
28,5276,682.535784105309,71,43
53,5527,1863.53332425626,85,32
89,9063,7398.59906516213,92,3
42,6606,1484.4219125109,91,49
64,5175,2490.80899247439,77,13
57,4777,1846.03787016954,63,6
2,6219,308.343571324452,54,52
56,6492,2426.30836086053,71,15
37,9312,1722.37799725577,79,42
87,6924,5499.69955390849,91,4
45,9863,2484.61021550179,73,28
38,4441,854.315327127582,86,48
19,9459,856.64562611305,66,47
84,4510,3424.3730644273,90,6
28,3370,435.963910620715,91,63
73,3197,1954.29476044256,77,4
61,5464,2401.54142267715,80,19
75,6662,4262.95160336567,79,4
20,2300,216.628776120723,85,65
20,2519,237.255603064392,73,53
6,6030,336.456050695892,58,52
13,6725,483.212759987128,27,14
7,6727,388.219022272049,86,79
86,8332,6523.18584315389,86,0
57,9824,3796.41533107507,82,25
21,1181,115.698662072804,90,69
60,3215,1369.38477057255,66,6
52,9528,3101.49089764508,75,23
75,6785,4341.65815503394,75,0
27,1331,165.454842969257,43,16
77,1804,1204.98103547804,79,2
58,7131,2848.02536276232,69,11
71,5849,3406.16103030171,92,21
64,9554,4598.49065006769,85,21
81,9047,6529.04374164026,89,8
88,7032,5663.779719438,89,1
55,2247,811.80798892976,81,26
86,5413,4237.87865686414,89,3
62,9632,4366.09572184162,67,5
34,3184,523.080495409082,77,43
98,8713,8169.67138843261,98,0
8,1577,94.2403378091866,49,41
4,6298,329.925891775264,83,79
25,1301,149.333299711677,83,58
61,5005,2199.80139467407,74,13
27,1666,207.098248224479,81,54
91,6628,5553.53044760367,91,0
14,9520,710.580668209109,76,62
70,1066,605.292025029663,79,9
26,7147,853.697742253751,79,53
38,3882,746.780477349532,61,23
86,2598,2033.99385747885,87,1
62,1988,901.141849566149,80,18
80,3700,2621.81848323838,83,3
1,5720,277.035496846086,70,69
48,8491,2392.07905834912,87,39
74,9526,5959.89580987416,84,10
81,5009,3614.89776742302,87,6
48,6775,1908.64864212876,73,25
26,5312,634.509921204971,70,44
49,4681,1367.96720486526,59,10
55,7723,2790.20609635271,92,37
9,3524,218.245330275614,73,64
43,1826,426.353978858113,73,30
68,1798,968.680396726377,68,0
53,1797,605.892777942556,73,20
23,1137,120.550811475656,80,57
35,7089,1211.67352611542,66,31
63,1288,601.790150201739,70,7
43,9500,2218.16144531877,72,29
3,1599,81.3923371016837,82,79
87,8233,6539.4318930284,89,2
22,5946,605.975272039384,82,60
52,6739,2193.63425264801,85,33
68,6345,3418.39661692373,70,2
75,2921,1869.12062945529,79,4
50,3623,1097.93115435542,53,3
9,3474,215.14877337613,86,77
14,3582,267.363440496326,69,55
10,2101,134.952010782423,65,55
89,4180,3412.35177009574,90,1
7,1883,108.669008315485,72,65
35,2766,472.773165924003,81,46
9,9230,571.624403644698,85,76
83,6044,4515.07684169142,83,0
79,1441,1001.88613636146,80,1
56,3574,1335.74030833573,57,1
59,6074,2505.84809254571,65,6
72,3780,2256.08718749698,77,5
32,8532,1294.56702130477,87,55
38,8567,1648.03409311011,85,47
95,9619,8526.80455671896,97,2
83,9180,6857.77720164249,88,5
81,7802,5630.55148361637,81,0
65,2289,1134.27816031962,84,19
94,8408,7335.45225113379,97,3
27,3908,485.79829175346,85,58
76,1534,1003.23672441003,82,6
76,8103,5299.36582652833,89,13
99,1206,1148.57142857143,99,0
95,2981,2642.5204681962,96,1
28,5471,707.762182494341,70,42
25,6227,714.756692778336,75,50
8,3389,202.524099451702,82,74
24,2482,273.795388863758,57,33
65,1947,964.805407663741,67,2
7,5609,323.698602040125,69,62
36,2094,372.348074789807,82,46
68,8417,4534.69571704445,90,22
90,6600,5459.08590015525,98,8
41,9239,1997.54658387089,44,3
1,5346,258.921637436919,69,68
46,8798,2301.15269963709,89,43
39,5391,1078.44077974772,81,42
44,7330,1777.9620071345,70,26
89,9797,7997.80150517415,95,6
30,6114,856.618603297293,72,42
59,6015,2481.50745417557,74,15
50,3304,1001.25987689493,61,11
61,5425,2384.40011310826,79,18
44,1445,350.498649428289,67,23
95,9738,8632.29262639872,95,0
9,1042,64.5322457852411,85,76
83,1439,1074.98272256684,84,1
38,3974,764.478520604596,76,38
85,3959,3053.3434270751,92,7
4,6839,358.266620173234,78,74
74,8080,5055.21290612883,85,11
64,2768,1332.28198863171,68,4
34,3893,639.55790471971,79,45
6,6589,367.646586738844,46,40
61,6848,3009.83815199361,73,12
70,7210,4093.95450324941,76,6
68,7548,4066.51815043976,92,24
99,2535,2414.28571428571,99,0
11,6440,429.229371542757,64,53
62,1786,809.577134469387,86,24
30,4427,620.256878769565,82,52
83,9330,6969.83238467587,85,2
35,3827,654.122525665639,89,54
59,7465,3079.70958361108,60,1
97,2549,2348.14350317649,97,0
29,1152,155.09555463793,73,44
91,5260,4407.29785069332,91,0
50,9983,3025.29580842677,68,18
92,5060,4294.91718107086,93,1
52,9811,3193.6111667502,55,3
66,9130,4655.03418703225,72,6
6,1926,107.465066938688,81,75
32,4052,614.813123573244,66,34
16,5709,460.104712374776,81,65
69,1995,1103.7890531014,73,4
93,2449,2106.51762451188,98,5
92,8281,7028.89509415965,94,2
28,9278,1200.25909873561,88,60
98,2288,2145.32401431583,98,0
4,9248,484.464059564566,67,63
14,5531,412.838411330313,78,64
70,6023,3419.95672303345,72,2
18,2216,192.995143633497,64,46
84,2149,1631.70237593221,96,12
75,8064,5160.07831425109,91,16
70,3573,2028.80713455064,81,11
40,3941,819.679485434215,67,27
30,9880,1384.26427879903,88,58
85,2127,1640.42977251547,85,0
49,1532,447.708984801021,76,27
91,2258,1891.95409636226,94,3
96,6136,5544.49725418808,96,0
16,1759,141.762863735721,91,75
77,1478,987.229473634449,92,15
58,4500,1797.23939593752,79,21
40,1183,246.049437013112,79,39
7,8357,482.287255704997,83,76
40,5371,1117.10188182369,69,29
94,7426,6478.71888878682,95,1
20,3296,310.438454823437,79,59
81,1381,996.64080990441,85,4
39,7374,1475.12934703389,63,24
20,9282,874.23839128372,88,68
7,4175,240.941640848195,81,74
11,5417,361.045885970049,84,73
92,9351,7937.10880636238,98,6
91,6047,5066.71674964686,91,0
4,5391,282.411953407502,57,53
76,7933,5188.18574624821,85,9
10,2437,156.534055343534,57,47
12,3789,262.16789399025,88,76
17,8624,722.436256395713,86,69
7,5537,319.543440808731,58,51
39,4023,804.779680379353,55,16
41,9222,1993.87104626663,69,28
6,5629,314.081444339498,70,64
40,9239,1921.59826590376,51,11
18,3549,309.088341496066,85,67
44,5210,1263.73561489369,48,4
98,3872,3630.54833191909,98,0
62,8172,3704.29134539968,82,20
95,1201,1064.63169483517,97,2
29,1010,135.977873423879,70,41
97,2429,2237.59928176371,99,2
16,9293,748.949569469048,54,38
5,5862,316.672923357416,64,59
57,4244,1640.06378919815,88,31
71,1599,931.176523756613,75,4
29,5605,754.609881723607,71,42
98,2447,2294.40903104494,98,0
24,8312,916.916709200465,74,50
68,1486,800.589026437929,87,19
96,6565,5932.14218933258,96,0
84,3483,2644.5878898892,86,2
16,4969,400.465986300624,68,52
13,6769,486.374300721617,83,70
84,5990,4548.11411439457,89,5
30,3494,489.536375518604,78,48
35,3830,654.635294826078,71,36
66,4129,2105.21754197767,83,17
29,9900,1332.85242266971,45,16
44,3945,956.897696882075,84,40
47,4387,1191.03503135579,71,24
92,2170,1841.89136026162,94,2
52,9724,3165.29150805004,83,31
88,6920,5573.5716237928,88,0
65,6090,3017.80427974945,88,23
81,1398,1008.90937888947,82,1
57,1660,641.495261561951,61,4
34,1251,205.51937806431,87,53
87,4483,3560.82511556496,91,4
59,4212,1737.67404771197,82,23
33,2147,338.980589290547,86,53
27,7767,965.505458559141,48,21
57,2120,819.259008741769,77,20
54,4077,1423.2546573069,79,25
28,1755,227.037585501292,67,39
52,2891,941.059003473125,87,35
78,1371,934.631573403712,83,5
68,9943,5356.83491916038,72,4
16,6883,554.720745362688,32,16
24,4695,517.916740820041,63,39
2,2366,117.308391984829,63,61
9,6423,397.783699307681,82,73
83,1157,864.318978464092,84,1
28,6022,779.042928711556,85,57
11,3433,228.811247283585,15,4
70,3801,2158.26921870333,93,23
68,3901,2101.68088299755,87,19
77,4207,2810.06386710428,83,6
53,7569,2552.03251877975,81,28
59,9626,3971.23703306634,76,17
16,8234,663.601716884552,73,57
99,2434,2318.09523809524,99,0
40,4609,958.615262209159,59,19
93,2050,1763.31610055098,94,1
30,2600,364.280073368165,68,38
51,6163,1936.02432787439,71,20
13,3880,278.790410223057,79,66
2,7468,370.270106231068,84,82
13,9610,690.509237691644,82,69
77,1853,1237.7105647122,79,2
44,3735,905.960176895957,84,40
9,3312,205.115929021803,79,70
26,1830,218.590579029574,47,21
4,6766,354.442455343194,81,77
36,2846,506.066199069623,89,53
71,4141,2411.50843331841,71,0
91,3446,2887.36661473178,91,0
9,6305,390.475825024899,79,70
52,3658,1190.72771868028,72,20
26,1724,205.929048222396,67,41
69,9889,5471.36338151365,80,11
43,1620,378.254899096464,77,34
16,7894,636.200140039671,59,43
10,7478,480.328956035679,82,72
28,6572,850.194308783186,33,5
30,3408,477.487111553349,47,17
47,7121,1933.29392712209,65,18
73,2097,1281.87554352457,79,6
22,7444,758.641090659464,88,66
12,9825,679.809859713435,58,46
45,1675,421.9529667409,80,35
13,1389,99.804092731914,68,55
57,6516,2518.06212309498,73,16
10,4609,296.046557685002,83,73
59,4006,1652.68809001286,86,27
5,5817,314.241964375655,74,69
83,2178,1627.04125764459,94,11
38,8160,1569.73948870999,92,54
25,5424,622.585563133081,78,53
68,2816,1517.13236773163,72,4
77,1812,1210.3246320877,82,5
10,3888,249.735087064285,89,79
92,6324,5367.79767847671,94,2
57,9339,3608.99051067895,79,22
98,8159,7650.21793391732,99,1
43,8717,2035.33824408881,77,34
92,8587,7288.62723989239,94,2
22,4428,451.271191488462,77,55
1,6176,299.120844147103,69,68
40,6682,1389.77374312901,83,43
96,4667,4217.10702172356,97,1
27,9201,1143.76409478597,49,22
71,1807,1052.30517725341,82,11
53,6341,2137.9889287333,58,5
83,9345,6981.0379029792,83,0
70,7473,4243.29015295185,72,2
86,6616,5179.71645923022,87,1
36,9601,1707.21770107781,78,42
5,6326,341.738811524909,85,80
25,1129,129.590542178696,75,50
67,3406,1785.67982575219,83,16
33,3988,629.648155608152,65,32
19,7147,647.261474767943,82,63
78,4723,3219.74100742942,91,13
84,5332,4048.50491785507,90,6
76,1544,1009.77672913239,81,5
56,2466,921.638388459962,94,38
14,3359,250.718536188487,85,71
6,7078,394.931331148511,45,39
20,7587,714.592401925186,86,66
69,6415,3549.27657927091,87,18
23,4935,523.23505244711,77,54
51,1490,468.063645713587,78,27
10,7438,477.759665016499,78,68
7,2912,168.053187580825,87,80
79,9515,6615.50769429514,89,10
98,4957,4647.88948381274,98,0
20,9530,897.596624534998,40,20
46,5039,1317.97095402038,77,31
14,5278,393.954282227697,72,58
93,8549,7353.45821639528,99,6
6,1764,98.4259491587982,70,64
40,5035,1047.21801805665,53,13
36,9004,1601.06115826525,82,46
29,1301,175.155656756898,78,49
65,2555,1266.09030127419,73,8
38,9507,1828.86192636837,79,41
59,2746,1132.87106719304,77,18
6,2455,136.981692281661,74,68
39,6908,1381.90853394496,69,30
87,3965,3149.38023270468,87,0
50,5330,1615.22855443401,87,37
17,4208,352.506002656906,68,51
71,7423,4322.77882166688,73,2
31,1349,196.692564190261,72,41
71,1781,1037.16409556631,85,14
5,8753,472.848532607892,75,70
22,1939,197.609494195151,76,54
46,6387,1670.54583912049,65,19
5,4323,233.534126181186,82,77
27,7562,940.022180716393,62,35
76,3872,2532.2898284978,88,12
25,6180,709.361869498975,84,59
29,8288,1115.82635142288,73,44
98,1327,1244.25042263859,98,0
55,4677,1689.7311812303,82,27
72,8986,5363.2802822349,72,0
14,9699,723.941376151276,48,34
47,5000,1357.45957528584,78,31
69,9372,5185.31879983274,76,7
86,4615,3613.11841888565,86,0
47,2271,616.558139094828,89,42
98,7813,7325.79393524893,98,0
61,4841,2127.7199903331,87,26
49,3150,920.550458304972,70,21
52,4011,1305.63392007288,54,2
0,7764,501.804192416216,88,88
44,4209,1020.93343629319,73,29
18,1212,105.555105633483,88,70
20,8805,829.31146684477,78,58
91,8244,6907.55959717028,91,0
40,2833,589.229125154816,71,31
3,3374,171.743430507243,78,75
17,7111,595.691583862467,80,63
11,9612,640.644832184625,77,66
61,4374,1922.46379626461,84,23
5,3350,180.97139086444,66,61
56,8276,3093.05730044389,83,27
46,1823,476.813067906162,92,46
39,2554,510.914070019604,69,30
37,3618,669.197121356462,76,39
88,5522,4447.58128707859,89,1
71,9628,5606.85901859204,84,13
56,4954,1851.49901720627,57,1
86,8353,6539.62690204806,95,9
13,5130,368.606908361929,63,50
99,7418,7064.7619047619,99,0
62,5437,2464.54136624303,68,6
8,2496,149.159088885054,69,61
21,4621,452.704079118058,74,53
6,1566,87.3781385389331,82,76
91,5287,4429.92086247444,99,8
99,7408,7055.23809523809,99,0
0,3658,236.424489420211,72,72
49,6388,1866.81788179434,66,17
69,9960,5510.6460996942,74,5
56,4097,1531.20538423376,80,24
0,3213,207.663172363898,88,88
13,1038,74.5836200545189,69,56
34,6266,1029.40401514865,72,38
75,8076,5167.75700221873,90,15
75,5770,3692.16913110476,92,17
21,3170,310.554410474842,80,59
60,4339,1848.13702006665,81,21
48,1641,462.301464462479,71,23
87,7063,5610.1065784598,90,3
90,9165,7580.68519317014,91,1
17,2783,233.13312865831,81,64
30,4789,670.975873600055,59,29
26,2872,343.055815832205,72,46
41,1253,270.908742243774,87,46
0,2984,192.862404710199,81,81
27,9838,1222.9487191071,64,37
79,8410,5847.23275975009,82,3
79,1374,955.302950284973,83,4
49,4389,1282.63363857159,55,6
93,1189,1022.72333831957,93,0
89,2496,2037.61483688014,94,5
40,2307,479.827600329037,49,9
56,9757,3646.56356699264,76,20
60,7272,3097.40779210065,91,31
52,5658,1841.75435546556,77,25
86,5263,4120.44252190578,94,8
83,8296,6197.39865629914,83,0
26,5217,623.162322840047,87,61
27,4608,572.814362436014,84,57
40,3381,703.206379155818,74,34
69,6561,3630.05512651543,79,10
55,1694,612.01723776013,85,30
29,3949,531.660021931583,73,44
31,3096,451.415996095662,73,42
79,7586,5274.3290981527,80,1
94,3972,3465.32068761934,94,0
12,5750,397.853098560026,79,67
49,8174,2388.75537974122,79,30
67,3163,1658.28105955789,68,1
83,5510,4116.16039009261,92,9
55,5173,1868.92867233362,71,16
24,2255,248.754472960424,49,25
54,4340,1515.0662773392,87,33
31,5052,736.612923861526,52,21
63,6986,3264.05744511595,70,7
4,5484,287.283834629334,76,72
35,7166,1224.83460123333,71,36
50,2911,882.163287421649,76,26
11,4606,306.992311386016,78,67
56,3809,1423.56878412165,78,22
92,2394,2032.02208132088,93,1
59,5841,2409.72319864331,77,18
79,8227,5719.99808733222,85,6
87,7375,5857.92666234476,97,10
44,4956,1202.12547167239,52,8
73,4137,2528.90754580885,80,7
26,7115,849.875393330829,90,64
3,5512,280.571958789544,81,78
54,7425,2592.02007125428,75,21
48,7747,2182.47985691092,53,5
72,2017,1203.84334846069,89,17
34,4173,685.557445773272,84,50
92,4698,3987.6523550733,93,1
55,1695,612.378523024452,71,16
47,2452,665.698175720175,58,11
66,1620,825.975397918099,84,18
40,1604,333.612254411693,42,2
0,2677,173.020327550001,53,53
60,9937,4232.52767190651,69,9
37,9708,1795.62345332464,57,20
49,4940,1443.65690921478,77,28
73,2568,1569.79322640491,85,12
66,6945,3540.9871225563,75,9
78,8140,5549.16193107674,86,8
30,2645,370.584920791845,84,54
65,6299,3121.37096192804,77,12
93,4981,4284.42804724118,95,2
47,9021,2449.12856573071,87,40
59,3329,1373.38957854538,66,7
85,5978,4610.4791631864,98,13
89,5222,4262.99065632535,91,2
60,7427,3163.42789768035,87,27
5,4168,225.160823021786,84,79
41,3346,723.432283757117,72,31
28,7636,987.839887685394,83,55
66,4628,2359.63835899072,94,28
10,7587,487.330274062944,87,77
13,4850,348.488012778821,33,20
20,9800,923.026959123083,70,50
92,6504,5520.58129361362,95,3
8,5121,306.027121065849,69,61
93,9603,8260.0607383371,96,3
22,2795,284.847104835197,50,28
43,1541,359.80913549855,70,27
63,3468,1620.34801312083,84,21
31,4936,719.699404627968,78,47
58,7756,3097.64194553142,80,22
96,2088,1886.71940461941,96,0
61,5865,2577.78924670598,87,26
75,3458,2212.74191600698,76,1
65,6203,3073.79966293692,68,3
26,5595,668.313819492058,62,36
43,4170,973.656129155712,71,28
17,5653,473.554285413377,74,57
4,9812,514.009661813097,76,72
56,6044,2258.87364957502,78,22
16,6548,527.722132883173,70,54
69,6494,3592.98551921829,85,16
62,8274,3750.52699361686,86,24
12,9782,676.834610454639,42,30
28,3424,442.949682482293,71,43
28,4335,560.802241110029,46,18
11,9134,608.785881936575,81,70
34,3830,629.208007982658,77,43
29,8149,1097.11256488237,74,45
78,5238,3570.82434827764,93,15
58,5544,2214.19893579502,73,15
27,5828,724.470942768465,78,51
69,5382,2977.74069362994,73,4
44,5087,1233.90078175896,91,47
92,2602,2208.5720365902,93,1
45,4738,1193.56009338411,53,8
36,4982,885.882573353782,92,56
2,6457,320.14382377263,84,82
79,9919,6896.39735362202,81,2
71,1778,1035.41704767934,88,17
96,3199,2890.62039050646,97,1
64,4229,2035.4842954926,85,21
90,2109,1744.42608536779,93,3
68,3469,1868.93898567509,72,4
23,6171,654.282372573681,76,53
77,8171,5457.81598719018,88,11
50,8022,2431.0250400881,88,38
45,5356,1349.24184469508,72,27
71,6290,3662.97706968674,91,20
48,5517,1554.24569130987,82,34
8,5655,337.9385607552,69,61
74,9740,6093.78387446717,77,3
24,5395,595.13542422239,84,60
99,2253,2145.71428571429,99,0
59,6723,2773.59511461718,63,4
28,6797,879.301691539762,81,53
54,8882,3100.64946436101,88,34
71,9906,5768.75212278487,82,11
99,4040,3847.61904761905,99,0
62,8111,3676.64061460314,88,26
72,8040,4798.66163689835,72,0
1,2730,132.221487131087,83,82
66,1100,560.847492413524,88,22
74,4477,2801.01338870529,82,8
86,3588,2809.07234820405,87,1
19,6379,577.708261864378,88,69
64,4056,1952.21667120311,92,28
94,4612,4023.68051644018,95,1
54,5383,1879.17091495782,81,27
33,9843,1554.06890562965,77,44
3,5094,259.29491256784,85,82
31,1901,277.177586749953,81,50
20,2650,249.594024660834,32,12
35,7796,1332.51612492535,70,35
86,4250,3327.35715715363,87,1
12,9666,668.80835664021,56,44
69,6680,3695.89517529691,74,5
80,9893,7010.17574450737,83,3
27,4022,499.969480407476,82,55
33,7424,1172.14340702982,90,57
71,5053,2942.6109909582,84,13
80,7781,5513.61341029131,81,1
10,1477,94.8710708832172,88,78
39,4959,992.021485210344,67,28
6,4988,278.315552383268,72,66
57,8984,3471.80327100757,67,10
14,4588,342.452111947835,71,57
16,5589,450.433567605995,77,61
90,1977,1635.24436736469,92,2
87,7463,5927.82463472257,90,3
26,3904,466.326568596424,86,60
44,5502,1334.56302363629,86,42
14,8493,633.924539401256,90,76
75,5047,3229.52818105472,82,7
65,3713,1839.91909535463,89,24
12,5748,397.71471487357,81,69
48,5942,1673.97641793787,87,39
46,7530,1969.5021400622,86,40
32,3061,464.447919856293,73,41
62,5245,2377.50955783423,79,17
6,2172,121.19113467852,76,70
20,7404,697.356286259929,86,66
52,3767,1226.20867038508,73,21
4,7127,373.353736215037,56,52
81,6231,4496.79137329064,83,2
18,4140,360.559519243086,64,46
88,1744,1404.66891790385,89,1
37,2951,545.826618331376,74,37
37,1452,268.566672252511,83,46
39,9451,1890.62211266847,81,42
88,5601,4511.21021168547,97,9
2,6617,328.076766594935,80,78
80,5877,4164.43979080864,90,10
91,6444,5399.35881176192,96,5
50,3527,1068.83885769019,73,23
42,2424,544.692509222893,73,31
67,1530,802.140379741884,88,21
92,3062,2599.01905305118,96,4
91,1731,1450.38642196771,92,1
12,1558,107.80089174896,83,71
81,5811,4193.68555130668,95,14
50,7928,2402.53883293673,81,31
22,4561,464.825633328562,23,1
35,1571,268.520117016127,87,52
97,2514,2315.90143859776,98,1
52,2352,765.607324859492,74,22
89,7096,5792.83448818167,90,1
10,5018,322.317558356116,88,78
19,6450,584.138311494785,80,61
88,2407,1938.66862694642,95,7
13,6757,485.512062339484,73,60
78,6588,4491.13990195744,94,16
58,6882,2748.57811618711,75,17
80,7202,5103.334247644,90,10
68,3900,2101.1421286056,76,8
81,1650,1190.77287207985,81,0
17,9037,757.033447245832,34,17
42,2808,630.980431476025,61,19
52,1588,516.915149607514,72,20
16,2912,234.686446389096,72,56
38,2043,393.011982283641,87,49
57,3866,1493.98836216777,71,14
2,4324,214.387779772782,67,65
99,8279,7884.7619047619,99,0
66,3153,1607.59285779986,77,11
98,4449,4171.56754357129,98,0
87,3894,3092.98527771803,92,5
39,3455,691.154311635761,88,49
60,8194,3490.12093625862,84,24
88,2482,1999.07583385169,88,0
33,7264,1146.88169567142,83,50
94,1998,1743.12959060006,99,5
80,8319,5894.83998974597,80,0
97,8994,8285.28939488794,99,2
12,3532,244.385590280698,62,50
21,2535,248.345561688872,72,51
25,5641,647.493576997365,66,41
94,5332,4651.83532386363,94,0
86,5782,4526.77154886172,86,0
83,1119,835.931665428971,92,9
62,5301,2402.8938352868,89,27
78,5572,3798.51723341027,87,9
47,6633,1800.80587257419,84,37
73,9391,5740.62624188805,82,9
10,3122,200.53316404699,72,62
1,6074,294.180700671876,54,53
65,1201,595.136771753545,82,17
22,2360,240.514907839379,46,24
21,9071,888.655854074855,85,64
0,9395,607.219266840591,90,90
25,7634,876.257040737083,74,49
29,8792,1183.68065657698,87,58
31,6248,910.997139407525,51,20
16,4629,373.064409455743,64,48
48,8305,2339.67925798957,71,23
46,1923,502.968474812698,87,41
13,2092,150.316891285215,54,41
28,2561,331.306698842626,86,58
88,6670,5372.2142674419,89,1
35,4159,710.868979420798,51,16
7,4872,281.165909990995,63,56
77,4870,3252.91443612975,80,3
36,4461,793.240096292898,66,30
43,9883,2307.58837516688,87,44
41,1864,403.011887902949,76,35
97,3241,2985.6151799902,97,0
14,6031,450.15882457659,67,53
63,8232,3846.22400346329,81,18
49,3046,890.157681268872,72,23
68,7876,4243.22959099942,80,12
64,3474,1672.09090625237,82,18
3,2259,114.987673241215,79,76
8,6060,362.141057148808,88,80
21,3943,386.282662619023,90,69
42,6987,1570.03571037143,58,16
92,5473,4645.47069802388,93,1
95,9984,8850.36040069468,95,0
52,8994,2927.66678562341,92,40
2,1260,62.4719247256488,64,62
36,1356,241.119383674775,88,52
52,5251,1709.27043487976,79,27
19,3186,288.537156654634,85,66
60,4025,1714.39306424713,75,15
29,4224,568.683700339075,79,50
61,2555,1122.97553714131,89,28
23,5046,535.003865176924,84,61
31,9651,1407.175638992,78,47
78,5779,3939.63228497451,93,15
65,3889,1927.13314350503,80,15
5,9901,534.864997298154,78,73
84,2807,2131.31157247171,92,8
98,8715,8171.5466716619,98,0
97,8393,7731.64708597893,97,0
17,2819,236.148864422485,90,73
66,7027,3582.79575380894,80,14
2,9501,471.068060966975,85,83
37,3105,574.310962358158,65,28
82,7346,5395.60608315017,82,0
5,1361,73.5230038705977,24,19
78,2759,1880.85230563154,79,1
99,9218,8779.04761904762,99,0
65,6388,3165.47352036773,90,25
54,1012,353.28273563762,65,11
61,2913,1280.32396856854,73,12
63,8179,3821.46089945654,87,24
61,8651,3802.29407898609,75,14
41,1098,237.396487616651,69,28
6,6716,374.732808702091,85,79
13,4519,324.704604071648,82,69
18,1261,109.822597527906,83,65
0,7639,493.725170771184,69,69
95,6725,5961.4056184567,97,2
38,7721,1485.28904317768,82,44
94,8600,7502.96019978004,98,4
76,4460,2916.84210617257,81,5
93,2798,2406.71143870324,94,1
55,2843,1027.1340064652,74,19
68,3650,1966.45353061806,85,17
21,1140,111.682027741741,68,47
50,1201,363.956753072278,88,38
86,2091,1637.05972131959,92,6
2,8173,405.224635541847,75,73
21,5363,525.395363841192,77,56
44,4805,1165.49896920618,66,22
80,8889,6298.74175608269,95,15
81,3371,2432.78506168556,91,10
80,2931,2076.90539847884,95,15
97,6259,5765.80234852164,98,1
85,9080,7002.86898657285,90,5
3,2510,127.764081379128,36,33
38,8271,1591.0925626373,90,52
70,5430,3083.24174100475,95,25
12,9438,653.032616384265,66,54
26,9228,1102.26987064749,61,35
49,1317,384.877763043698,66,17
18,5116,445.560990446287,23,5
9,5294,327.863444517338,54,45
60,6820,2904.88464550693,85,25
60,7776,3312.07961927594,83,23
4,6008,314.734004094281,61,57
68,1927,1038.17971328795,77,9
22,7142,727.863335503747,87,65
95,2133,1890.80716493207,97,2
44,6106,1481.06903350113,73,29
67,4568,2394.88709454962,78,11
37,1195,221.031111116908,86,49
16,5994,483.073681200632,82,66
23,8561,907.682934954349,74,51
18,3813,332.080542723161,85,67
74,9367,5860.41822917187,83,9
41,3182,687.974156280677,84,43
11,2488,165.826502546332,86,75
77,5862,3915.52041572743,78,1
22,2792,284.54136554557,52,30
36,1289,229.205667814738,51,15
77,4267,2850.14084167672,79,2
31,1615,235.477013467214,79,48
14,8572,639.821164694168,78,64
20,2299,216.534589696323,85,65
11,3216,214.348083677253,78,67
38,4634,891.442743956139,90,52
79,5900,4102.10146046677,94,15
41,9201,1989.33067628489,82,41
41,1110,239.990984749073,72,31
14,7003,522.709707927352,16,2
64,3186,1533.47197101901,73,9
26,8801,1051.26540220726,72,46
27,7415,921.748805873056,76,49
57,6165,2382.42065513821,64,7
27,7600,944.745910267731,55,28
65,8596,4259.61339716359,85,20
2,7186,356.288294506756,81,79
84,5737,4356.01513760963,84,0
98,4678,4386.2874733258,98,0
55,3917,1415.15438034618,89,34
95,1568,1389.960447545,95,0
51,5883,1848.06605888123,87,36
84,3148,2390.22758466012,90,6
40,4970,1033.69881822077,83,43
62,4245,1924.21888903838,74,12
74,3944,2467.54451754605,76,2
35,4143,708.134210565128,90,55
17,2912,243.939515146604,72,55
31,4486,654.086614497784,78,47
64,5829,2805.58949123347,80,16
39,9413,1883.0204154638,92,53
81,2082,1502.53886040621,82,1
33,3314,523.233196510887,73,40
50,2545,771.248906385468,79,29
91,6486,5434.55016342145,94,3
5,6813,368.047189838635,72,67
20,1391,131.013316340838,85,65
20,8222,774.400781419386,85,65
51,5444,1710.16005856696,84,33
88,3976,3202.38739540465,91,3
14,9841,734.540373513218,73,59
88,2374,1912.08945590811,91,3
58,5904,2357.97808747003,61,3
30,6078,851.57472535835,91,61
40,5367,1116.26993106456,79,39
44,7354,1783.78343799006,66,22
48,9816,2765.35720607172,70,22
95,1978,1753.40673803827,97,2
51,9733,3057.49225753714,81,30
81,9141,6596.88171132238,89,8
87,9554,7588.69577383618,92,5
43,2816,657.509750528174,79,36
8,4283,255.948869268704,24,16
32,1054,159.9242429038,72,40
54,2379,830.49370363824,90,36
64,8684,4179.74594988359,69,5
11,7530,501.878442192075,82,71
28,8213,1062.48415368781,75,47
95,5753,5099.77197367753,95,0
72,8994,5368.0550699333,72,0
15,7790,604.129546141947,73,58
32,2303,349.435988052611,80,48
78,6567,4476.82388223354,84,6
83,9962,7441.95822252315,92,9
25,7277,835.279340508744,87,62
47,6192,1681.07793803398,82,35
33,3020,476.814801889824,58,25
27,4433,551.060344765375,66,39
15,8904,690.522397798189,67,52
74,8126,5083.99258356471,77,3
26,7098,847.844770465527,73,47
67,6017,3154.56121889341,94,27
64,9233,4443.98829517218,87,23
21,3464,339.356617629291,89,68
18,8994,783.302491804908,83,65
97,2274,2094.8129957722,97,0
82,1369,1005.52473833822,90,8
40,3922,815.727719328341,75,35
87,5177,4112.06594318086,88,1
4,6885,360.676367874355,86,82
94,9356,8162.52274757466,98,4
60,4733,2015.95586908861,86,26
29,5661,762.149248962951,75,46
85,8692,6703.62744838009,86,1
11,2027,135.100611198318,87,76
53,4256,1434.99146517725,87,34
12,1637,113.267047363959,23,11
44,5736,1391.32197447797,66,22
52,4199,1366.8304239307,74,22
78,1178,803.060534988747,94,16
97,9179,8455.71173623265,98,1
25,4012,460.511297804189,85,60
11,5069,337.851503781093,53,42
39,8857,1771.79558267958,63,24
10,2377,152.680118814765,29,19
52,5920,1927.03884488443,68,16
27,6178,767.978978109743,73,46
85,9708,7487.20838344154,95,10
64,4348,2092.76086942582,87,23
42,7103,1596.10185355207,71,29
0,9361,605.021772953142,79,79
80,8416,5963.57414998222,91,11
92,7166,6082.48547817269,96,4
5,6105,329.800101858926,78,73
22,7301,744.067517853943,75,53
49,6065,1772.42493003799,75,26
20,6864,646.495617083759,76,56
95,9968,8836.17713082177,98,3
19,2835,256.749164819801,79,60
55,3480,1257.27271983781,89,34
27,5986,744.111713008242,73,46
50,9930,3009.23443630951,85,35
1,2629,127.329776435028,87,86
44,8991,2180.8535342628,74,30
26,4160,496.905359979796,86,60
67,2799,1467.44504764545,81,14
44,3063,742.960112940379,88,44
94,3689,3218.42095081263,95,1
5,5553,299.980338349323,19,14
51,7798,2449.63779145943,53,2
66,9024,4600.98888321786,92,26
7,2101,121.249913154984,40,33
50,6431,1948.88083181334,91,41
89,1005,820.433858599574,93,4
72,5539,3305.94363268407,79,7
80,9850,6979.7059621346,88,8
29,6851,922.360802799007,55,26
2,1607,79.6764944715219,88,86
36,4969,883.570956843625,63,27
49,9651,2820.391261302,84,35
3,8614,438.470038645343,78,75
66,6446,3286.56630554325,86,20
83,7976,5958.34759916128,86,3
18,2654,231.14129566936,71,53
59,9606,3962.98596921206,74,15
16,9093,732.830994854412,73,57
82,8280,6081.62515225748,83,1
1,6082,294.568162905227,57,56
74,4601,2878.59338874984,78,4
51,5945,1867.54253272971,88,37
56,8549,3195.0878276335,89,33
68,6373,3433.48173989833,94,26
97,1954,1800.02840533812,97,0
78,6737,4592.7154704747,87,9
31,2881,420.067663033463,36,5
9,1792,110.980599277497,88,79
53,1710,576.559070830145,78,25
34,1902,312.468311013842,48,14
87,4495,3570.35665725284,91,4
7,9811,566.198428350093,68,61
30,5878,823.553181253106,87,57
98,6429,6028.09794057537,98,0
21,4172,408.717034858372,50,29
15,9116,706.963407269575,74,59
30,2730,382.494077036574,78,48
8,6754,403.613976894893,82,74
56,4727,1766.66044697901,88,32
51,5428,1705.13387176735,67,16
68,8114,4371.45313628355,71,3
34,7977,1310.49406780096,76,42
4,5529,289.641196510866,73,69
6,1988,110.924482385312,69,63
7,8464,488.46228697943,86,79
10,5835,374.795327422865,89,79
49,8508,2486.36295214562,59,10
9,5960,369.109582418462,63,54
44,2962,718.461591423246,87,43
82,9426,6923.3573291279,91,9
23,5039,534.261687797566,80,57
52,3881,1263.31718868184,86,34
85,1088,839.110292664236,92,7
55,9687,3499.77035547956,93,38
78,5014,3418.12013788929,87,9
96,1023,924.38407611382,98,2
77,9858,6584.64692225196,82,5
4,5588,292.731959866652,77,73
32,6309,957.269495711647,88,56
51,1659,521.152743784457,55,4
44,8181,1984.38024288777,88,44
30,5685,796.512391191546,68,38
60,4501,1917.13867880157,78,18
45,9634,2426.92231736228,88,43
67,2717,1424.45451748935,80,13
14,4728,352.901827656793,72,58
46,4745,1241.07405771516,49,3
91,5001,4190.28451545956,92,1
7,6093,351.630519206718,74,67
50,7723,2340.4146577662,91,41
32,8942,1356.77664140966,62,30
53,3236,1091.07903696278,78,25
17,2648,221.824119542654,78,61
52,1812,589.830132927465,89,37
12,9903,685.206823485206,76,64
12,6563,454.106067104252,74,62
59,6518,2689.02171011079,64,5
47,3798,1031.12629338712,80,33
84,4261,3235.31122561524,84,0
40,1709,355.450961838892,41,1
86,7903,6187.31849717297,90,4
36,9149,1626.84457318622,84,48
81,1434,1034.88987791667,93,12
2,3181,157.716819485943,52,50
63,2651,1238.62242871491,91,28
25,7411,850.660326028625,63,38
67,2871,1505.19283022154,83,16
54,4587,1601.29239957487,79,25
94,2648,2310.21379174623,94,0
60,8302,3536.1220420819,94,34
44,2801,679.409492767222,59,15
55,2050,740.634791858481,82,27
68,6707,3613.42570680968,90,22
90,7576,6266.36890599639,90,0
23,9513,1008.61905854698,66,43
32,6664,1011.13392287564,41,9
75,3825,2447.58178968383,84,9
1,4393,212.765198888961,85,84
87,7296,5795.17734623286,88,1
10,2176,139.769431443386,80,70
92,2448,2077.85716586195,95,3
47,5359,1454.92517279136,78,31
9,4330,268.161827495292,80,71
89,8706,7107.1613661372,89,0
12,4291,296.902199290621,79,67
11,3497,233.0768807896,70,59
26,1590,189.922962107663,78,52
44,6623,1606.47235651457,86,42
44,5663,1373.61512229232,90,46
13,7372,529.701779423808,76,63
89,1851,1511.06773359981,94,5
35,7068,1208.08414199235,68,33
3,1974,100.480596271872,71,68
22,6376,649.797903552491,77,55
88,5428,4371.87092109065,96,8
36,9633,1712.90783402589,74,38
44,9411,2282.72857423503,79,35
38,6789,1306.00017020247,80,42
57,6248,2414.49541821631,58,1
66,5006,2552.36595183828,75,9
92,1574,1336.00783458608,94,2
85,6296,4855.73382593201,97,12
31,8708,1269.68039211919,76,45
52,3005,978.167521769886,91,39
92,1924,1633.08708624117,93,1
16,7691,619.839786805816,70,54
45,2563,645.651017168314,57,12
26,5432,648.843729665926,82,56
99,8018,7636.19047619048,99,0
96,1437,1298.47499254698,98,2
59,1285,530.130852637674,87,28
10,9932,637.954960062365,63,53
37,7917,1464.35423155863,92,55
28,4424,572.315828067075,73,45
47,2233,606.241446322655,78,31
79,8531,5931.36060326136,84,5
62,4735,2146.33131674835,75,13
56,5306,1983.05486178774,84,28
9,1671,103.486931580747,76,67
92,5426,4605.57719851591,97,5
68,3679,1982.07740798462,69,1
80,7835,5551.87778815478,81,1
34,2101,345.16084197691,91,57
40,3858,802.416507182238,65,25
82,5762,4232.16474967483,85,3
8,9327,557.37452805725,75,67
29,7626,1026.70026012921,88,59
59,3323,1370.9142593891,82,23
12,5299,366.647577264274,66,54
42,1901,427.170156779175,77,35
8,2211,132.127702533996,43,35
88,8555,6890.44873432765,91,3
31,3730,543.857127079076,51,20
67,5536,2902.38506029482,88,21
20,4413,415.644690878588,83,63
85,9333,7197.9929792604,87,2
57,9684,3742.31332106382,90,33
92,8664,7353.98467525652,98,6
21,2364,231.593257527611,81,60
61,1525,670.269156219372,72,11
72,3597,2146.86391889594,88,16
97,3758,3461.87653391026,97,0
77,3640,2431.33645739472,91,14
29,1272,171.251341579381,71,42
82,4958,3641.63013344113,87,5
97,1639,1509.84982412957,97,0
57,4595,1775.70525715492,75,18
20,5722,538.9347204186,72,52
19,3756,340.158681856498,83,64
92,7351,6239.51308261896,95,3
98,7900,7407.36875572336,98,0
96,2414,2181.29341127934,96,0
15,5150,399.392447064317,75,60
89,2339,1909.44755747702,93,4
54,6664,2326.35983230148,66,12
24,8406,927.286075257352,70,46
30,3949,553.285388358033,83,53
55,5083,1836.41299854471,67,12
30,3676,515.035980654375,76,46
92,5724,4858.51896135368,93,1
1,4732,229.183911027217,65,64
74,7851,4911.94016411107,77,3
46,9448,2471.16284452957,75,29
70,8885,5045.04656884479,73,3
54,3619,1263.36978287801,84,30
2,3309,164.063173743787,58,56
97,2235,2058.88612381305,97,0
75,8575,5487.06244353957,82,7
63,4208,1966.09701246034,72,9
35,9493,1622.57254667988,73,38
16,1733,139.667449035818,80,64
89,6028,4920.97044740123,89,0
19,5779,523.369814283467,69,50
65,4094,2028.71768822566,87,22
9,6140,380.257187256603,72,63
70,4231,2402.43016688602,79,9
89,3784,3089.07633924456,95,6
66,8173,4167.09686863249,89,23
86,8163,6390.87446443414,88,2
41,7377,1594.96711215668,82,41
45,8793,2215.06414122551,64,19
90,1994,1649.30564922872,94,4
78,6151,4193.23034865517,87,9
12,1703,117.833709016995,38,26
53,2969,1001.05490134193,58,5
3,5941,302.408927280239,81,78
62,6266,2840.31933067479,78,16
74,6845,4282.54113149156,90,16
52,6197,2017.2060340792,76,24
34,3136,515.1948597999,64,30
52,4168,1356.73951106053,75,23
47,9948,2700.8015709887,71,24
92,5679,4820.32305756946,93,1
85,6484,5000.72714856149,93,8
90,7076,5852.80179234827,91,1
9,7784,482.071978111628,77,68
21,8617,844.178976360162,81,60
14,8247,615.562896084088,69,55
23,1737,184.166015420594,83,60
39,5435,1087.24274493209,85,46
84,2432,1846.57988751379,90,6
62,4448,2016.23689480394,89,27
94,3407,2972.39365123844,96,2
24,8170,901.252347710274,80,56
10,8602,552.526033674634,71,61
98,2099,1968.10974914726,98,0
24,5297,584.324808546061,73,49
96,3732,3372.23985538297,99,3
94,5294,4618.68270902739,95,1
98,6368,5970.90180208181,98,0
43,5368,1253.37796194433,89,46
95,9511,8431.06748507683,96,1
68,5674,3056.89241992518,69,1
23,7740,820.636130889693,51,28
23,6289,666.793362682852,80,57
68,8254,4446.87875115657,74,6
27,4384,544.969219817597,83,56
67,2593,1359.44444749719,83,16
60,9069,3862.81508066017,81,21
79,6281,4366.99987681217,84,5
68,6353,3422.70665205933,76,8
62,4941,2239.70919452029,75,13
81,3598,2596.60654166261,84,3
95,5091,4512.93918268596,99,4
77,7777,5194.64385416449,91,14
36,7225,1284.72532968307,84,48
12,1792,123.991783064272,76,64
8,6254,373.734351717599,70,62
57,2691,1039.91792100193,82,25
8,6271,374.750258973627,66,58
69,5207,2880.91709248069,72,3
64,4197,2020.08219157778,65,1
5,4782,258.329907795149,64,59
99,5475,5214.28571428571,99,0
80,1332,943.854653965817,90,10
13,8221,590.70514495973,79,66
11,7877,525.0061738575,66,55
63,6633,3099.12582786346,91,28
23,4853,514.540974574636,80,57
27,2051,254.957087099884,53,26
7,8207,473.630669806259,76,69
60,6750,2875.06911395481,64,4
29,6497,874.701231321726,91,62
4,2268,118.811038829199,53,49
93,3969,3413.95200150577,95,2
28,6263,810.220169797488,82,54
35,1403,239.805044031589,58,23
20,9743,917.658332932265,89,69
24,6057,668.16223624004,85,61
12,3409,235.874993563674,72,60
56,3040,1136.16411229452,66,10
55,7731,2793.09637846728,66,11
39,1159,231.851764742647,66,27
9,9363,579.861244997325,71,62
10,8735,561.068926313407,49,39
24,6888,759.831844679115,75,51
1,1091,52.8401620732658,4,3
75,4275,2735.53258847017,79,4
79,1400,973.380007568386,93,14
47,5265,1429.40493277599,65,18
4,1046,54.7955672907154,86,82
7,3697,213.355987117551,83,76
83,6410,4788.49148829285,97,14
12,3650,252.550227781582,75,63
14,8918,665.646890660592,33,19
91,3386,2837.09325521817,96,5
49,3208,937.500276267413,87,38
10,2603,167.196613073131,82,72
96,8885,8028.49708335415,98,2
26,3116,372.201226369482,70,44
7,4103,236.786479616801,85,78
91,5964,4997.17193565303,92,1
44,2423,587.72195679221,85,41
32,4207,638.331394588508,72,40
2,2532,125.53882016297,88,86
77,4013,2680.48164932006,77,0
72,2170,1295.16116319271,92,20
11,1400,93.3107329440777,43,32
85,6465,4986.07356808298,96,11
97,3929,3619.40204942347,97,0
47,1842,500.088107535303,57,10
70,5960,3384.18430504389,75,5
73,3252,1987.91572128846,80,7
41,1449,313.285528740007,79,38
41,1835,396.741853166261,58,17
93,4740,4077.13088615202,93,0
33,5638,890.159553991665,80,47
96,8596,7767.35632284888,98,2
54,3883,1355.53049652261,68,14
6,5886,328.42127933599,82,76
35,9074,1550.95578727202,62,27
77,5088,3398.52744374295,84,7
60,7967,3393.43342679673,68,8
55,6710,2424.22412359532,71,16
35,9026,1542.75148070501,89,54
0,7487,483.901080450825,61,61
20,2227,209.753167139501,55,35
92,5299,4497.7798700582,95,3
47,7334,1991.12170502927,82,35
84,2727,2070.56881301402,85,1
28,4657,602.458139988329,84,56
86,1935,1514.92614096289,89,3
67,5116,2682.1896619343,90,23
64,6344,3053.46710111256,86,22
27,5845,726.584190199328,86,59
80,4568,3236.8829274143,89,9
10,4622,296.881577266235,90,80
97,4277,3939.98029152054,97,0
5,2211,119.44111797053,66,61
90,7091,5865.20880575771,91,1
41,7320,1582.64325077767,79,38
96,4370,3948.7374512389,96,0
99,2159,2056.19047619048,99,0
98,9181,8608.48766408812,99,1
14,9638,719.38828573523,55,41
44,6396,1551.41132300577,92,48
24,2723,300.380678435138,74,50
53,8523,2873.69178987446,85,32
29,7684,1034.50889048425,90,61
99,7671,7305.71428571429,99,0
69,3244,1794.83292644659,87,18
46,1085,283.786164935922,47,1
29,1928,259.569643525979,87,58
27,2870,356.765889798472,89,62
5,5108,275.940855085241,86,81
95,7997,7088.9755733529,95,0
3,5510,280.470154740636,88,85
29,3728,501.906447647744,81,52
38,3404,654.827600437354,81,43
15,5650,438.168412798716,73,58
61,7825,3439.24993273219,83,22
23,6441,682.909214348903,79,56
44,9165,2223.05890796558,76,32
11,6950,463.221138543814,66,55
80,8971,6356.84692246797,82,2
38,5188,998.015743557283,88,50
50,2104,637.606168579577,77,27
56,2753,1028.90125037724,87,31
64,7373,3548.74100512341,71,7
59,1516,625.430640154641,91,32
77,9053,6046.94751340505,85,8
0,7638,493.660538598024,74,74
68,2945,1586.6316842932,69,1
50,9371,2839.83241718594,91,41
25,2588,297.059630786949,89,64
66,4482,2285.19860090674,81,15
59,1613,665.448299847913,59,0
0,2752,177.86774053702,76,76
1,5282,255.82193957011,85,84
96,3034,2741.52618468165,97,1
12,3824,264.589608503224,76,64
7,6389,368.712848713561,83,76
71,7334,4270.94973435334,86,15
14,6766,505.019832048617,75,61
96,2573,2324.96600961961,96,0
78,9783,6669.22004566631,79,1
47,2329,632.304670168143,73,26
30,2367,331.634974485557,89,59
46,2316,605.759223955387,58,12
73,4021,2457.99788293386,78,5
21,6349,621.990521168698,71,50
75,8494,5435.23129975803,91,16
22,3678,374.836369081879,74,52
34,3943,647.772108479275,85,51
39,4451,890.398796263609,92,53
60,2212,942.170797047116,85,25
53,7100,2393.90023561054,78,25
12,8991,622.103862461425,83,71
52,5370,1748.00651976848,73,21
78,7716,5260.11467569879,82,4
79,8056,5601.10667212209,95,16
83,6633,4955.0801937358,90,7
26,4256,508.372406748561,74,48
30,4571,640.43239052534,87,57
3,4898,249.318115774889,64,61
8,7281,435.107101831761,77,69
67,3944,2067.73964555686,74,7
23,5185,549.741387424168,70,47
76,1384,905.136653574628,85,9
91,3937,3298.77027341817,98,7
7,4002,230.957711778317,75,68
2,5167,256.184472267799,80,78
40,9790,2036.19948297411,90,50
63,6899,3223.40857627469,70,7
87,9162,7277.33207869867,93,6
72,2986,1782.18950843016,81,9
2,2439,120.927797147506,87,85
65,7413,3673.39624397088,65,0
13,1540,110.65392570709,51,38
71,8884,5173.59114262273,79,8
82,5187,3809.82966965695,83,1
40,1907,396.632524415896,83,43
99,6463,6155.23809523809,99,0
63,8014,3744.36821717138,73,10
60,2487,1059.30324243046,79,19
52,9412,3063.73135271154,63,11
78,9795,6677.40062836569,82,4
87,3009,2390.03407823666,95,8
47,6391,1735.10482913036,87,40
17,2921,244.693449087648,86,69
43,3044,710.745625215824,49,6
48,1315,370.460954154881,69,21
66,9956,5076.17966769913,69,3
46,1427,373.237656556277,82,36
62,1670,756.995416889069,78,16
18,5366,467.333908274976,84,66
45,6540,1647.50591193163,66,21
90,3080,2547.57342007245,94,4
77,4016,2682.48549804868,88,11
13,4278,307.387983230474,72,59
52,4065,1323.21163926609,83,31
59,8120,3349.93192483884,83,24
5,4385,236.883447444945,64,59
82,8580,6301.97388965811,96,14
9,5043,312.31872888193,85,76
84,3325,2524.62093996026,86,2
49,3710,1084.20387311474,85,36
99,1510,1438.09523809524,99,0
41,6423,1388.7045901291,89,48
55,7549,2727.34246036082,80,25
96,9573,8650.17474158124,98,2
92,3593,3049.73071770506,93,1
48,2714,764.586334278591,91,43
44,7032,1705.67924067801,85,41
25,9172,1052.79402379362,72,47
53,3675,1239.09624871391,90,37
57,1894,731.922906866467,85,28
83,4913,3670.18076161978,87,4
79,2492,1732.61641347173,81,2
49,2774,810.668879789839,75,26
68,3823,2059.65804042544,92,24
48,6519,1836.52848679519,49,1
17,7099,594.686338607742,88,71
5,8777,474.145044064832,75,70
87,7946,6311.46918765986,96,9
87,1939,1540.13827773376,93,6
39,5378,1075.84019912507,79,40
87,2475,1965.88047312587,87,0
74,3484,2179.74774318723,79,5
75,5644,3611.54290744459,84,9
64,6522,3139.14130413873,68,4
57,3242,1252.84797468906,67,10
71,9800,5707.02309744516,81,10
57,6088,2352.66454963202,73,16
20,2288,215.49853902792,88,68
65,5791,2869.63950476668,84,19
68,8175,4404.31715419251,83,15
66,3680,1876.28979280161,88,22
31,5968,870.171403326522,79,48
76,1670,1092.18078863412,94,18
22,1611,164.181998529339,80,58
35,4233,723.517285378273,65,30
38,2582,496.699431354068,73,35
37,8946,1654.68143937394,85,48
39,3138,627.740153375692,65,26
54,4776,1667.2710922977,88,34
34,4826,792.834946873188,85,51
32,3254,493.731960539816,92,60
23,9221,977.65965929378,82,59
17,8039,673.430550227868,51,34
67,3523,1847.01997243834,79,12
7,7899,455.855813427518,77,70
43,6110,1426.62804535765,74,31
69,3493,1932.59907893894,86,17
92,4595,3900.22617530052,96,4
8,9241,552.235232526755,57,49
86,6682,5231.3883586119,89,3
73,9187,5615.92304165962,89,16
44,4299,1042.76380200153,91,47
90,7643,6321.78689922524,93,3
7,5409,312.156487508475,59,52
68,3970,2138.85493604211,72,4
55,5444,1966.83697896467,79,24
53,2407,811.565896776702,78,25
35,8797,1503.61010145823,80,45
41,2707,585.275311455623,63,22
14,4525,337.749739878804,67,53
60,8881,3782.73908163446,72,12
99,7799,7427.61904761905,99,0
24,2191,241.694479049353,78,54
62,7295,3306.75542886572,69,7
29,2352,316.65342405244,34,5
1,5924,286.915783796541,88,87
17,5431,454.957248200964,57,40
57,7854,3035.12276163106,81,24
43,9572,2234.9727741675,57,14
8,3389,202.524099451702,77,69
64,4127,1986.39008926412,77,13
25,5618,644.853557094699,56,31
59,5007,2065.65383591971,68,9
66,7222,3682.21871837316,76,10
37,2656,491.262452825529,92,55
29,9995,1345.64242066502,88,59
15,6268,486.095506446434,81,66
53,8608,2902.35115889233,81,28
76,5055,3305.97238715299,85,9
44,7279,1765.59146656644,48,4
49,3226,942.760564600584,76,27
20,8971,844.946413295222,63,43
59,1350,556.946810164093,80,21
37,6254,1156.76030872397,91,54
43,6021,1405.84737497519,92,49
38,8742,1681.69884930181,59,21
77,6596,4405.79540466362,82,5
14,2256,168.389704567201,73,59
16,2955,238.151939931243,86,70
90,2637,2181.15295738021,91,1
41,1925,416.200581659429,89,48
69,8541,4725.54501380403,80,11
43,5693,1329.26243244208,79,36
90,1543,1276.26811271811,91,1
60,3021,1286.75315455666,68,8
24,5358,591.053865242552,84,60
91,1481,1240.91409066099,97,6
94,8506,7420.95109992198,98,4
99,7126,6786.66666666667,99,0
50,5966,1807.96501984114,73,23
91,4852,4065.43900600075,93,2
92,6129,5202.28209541173,98,6
54,3721,1298.97733133161,89,35
53,6968,2349.39392137102,68,15
82,9313,6840.35930470699,95,13
6,2203,122.920842401832,89,83
94,3123,2724.6214771992,95,1
36,7284,1295.21651230609,61,25
52,4951,1611.61643936197,85,33
44,1059,256.870636501424,68,24
61,7211,3169.38418721173,92,31
60,6845,2915.53304963269,69,9
0,1603,103.605373575888,85,85
14,3199,238.776003949678,83,69
6,2994,167.05628785796,76,70
23,6341,672.30668035808,90,67
76,4288,2804.35402494798,80,4
80,9901,7015.84454122789,84,4
3,8590,437.248390058451,51,48
49,2041,596.458249333476,51,2
85,9942,7667.67879565058,92,7
16,3913,315.359912335348,80,64
79,2536,1763.20835656673,96,17
43,3180,742.500357485651,86,43
30,1579,221.230090710897,75,45
17,2004,167.875957539078,56,39
38,3555,683.875475779904,69,31
72,9862,5886.11953521039,79,7
84,6711,5095.55823400701,95,11
96,3856,3484.28641006343,99,3
33,1216,191.98900632385,89,56
10,4197,269.582860187449,87,77
11,5727,381.707548264809,88,77
20,6930,652.71192109418,86,66
32,7098,1076.98508171838,65,33
54,5688,1985.64446670631,89,35
76,7259,4747.38942796114,87,11
76,2088,1365.55298602877,87,11
2,7481,370.91465783538,12,10
88,9174,7389.00954865247,88,0
32,4923,746.970633600957,77,45
68,5530,2979.31178748435,87,19
80,7399,5242.92836688669,92,12
45,4685,1180.20874577977,69,24
40,5762,1198.42506852879,76,36
69,4720,2611.47084242536,90,21
1,7439,360.291444237419,71,70
92,3723,3160.07443974839,93,1
27,9319,1158.4325181296,90,63
37,5629,1041.15826316073,82,45
44,7353,1783.54087837108,75,31
38,6345,1220.58787449325,82,44
92,6292,5340.63614689682,97,5
67,5363,2811.6855271606,75,8
94,5402,4712.90593014091,95,1
86,4578,3584.15083892925,91,5
61,4965,2182.220564347,65,4
54,6826,2382.91299749249,69,15
94,6075,5300.05618763532,96,2
17,4801,402.181872327901,46,29
39,5394,1079.04091373757,70,31
52,5874,1912.06523223837,88,36
55,6528,2358.47020548886,77,22
10,2579,165.655038461623,66,56
99,2854,2718.09523809524,99,0
15,5367,416.221216193046,79,64
46,1035,270.708461482653,78,32
50,3920,1187.93544716347,81,31
35,5578,953.408792308058,75,40
52,9146,2977.14481001909,74,22
42,4823,1083.7673151741,74,32
23,8600,911.81792321077,89,66
92,6435,5462.01424114447,92,0
26,4103,490.096800960842,84,58
30,9488,1329.34205235275,47,17
82,2227,1635.72212730403,88,6
39,4549,910.003173265145,84,45
96,8281,7482.7219299106,97,1
65,9658,4785.87089225291,83,18
87,7608,6042.99743011782,95,8
78,5249,3578.32321575207,81,3
33,3423,540.442737373797,81,48
53,8518,2872.00594463812,87,34
80,2305,1633.3220550985,87,7
23,5215,552.922147621414,79,56
11,3166,211.015557500678,80,69
35,2150,367.484564980696,85,50
5,2779,150.125222451426,67,62
27,9972,1239.60608120919,40,13
44,9696,2351.85806564477,69,25
70,6992,3970.17058068236,74,4
70,7221,4100.20048099361,80,10
48,2936,827.128031481924,50,2
64,8021,3860.63360939847,70,6
65,9407,4661.4917667657,66,1
48,9970,2808.74198701457,75,27
2,7625,378.054306375454,23,21
92,6764,5741.26873770026,95,3
94,6996,6103.57087879781,98,4
44,7587,1840.29982921275,75,31
83,1459,1089.92341363795,97,14
46,5901,1543.43056155472,69,23
31,3748,546.481638684284,80,49
73,4567,2791.76233060406,83,10
50,6148,1863.1191656023,55,5
1,5229,253.255002274158,51,50
82,8011,5884.04578438824,88,6
26,6550,782.387045160497,50,24
79,2135,1484.40451154179,84,5
27,8125,1010.00796327965,85,58
5,3391,183.186264603377,83,78
59,5351,2207.57213421338,90,31
12,4324,299.185530117139,21,9
76,7243,4736.92542040537,83,7
66,7499,3823.45031419002,71,5
26,3450,412.096993252475,48,22
13,6039,433.921465808516,65,52
73,4021,2457.99788293386,84,11
66,1358,692.391722452333,73,7
20,5900,555.699903961856,86,66
59,7375,3042.57979626681,69,10
25,4222,484.61582735027,39,14
63,5385,2516.02481276115,90,27
16,8283,667.550767665138,72,56
93,2380,2047.16698502992,95,2
50,1549,469.416328483729,78,28
30,4470,626.281510752192,51,21
65,5461,2706.11316448469,71,6
65,7611,3771.51204814008,68,3
32,3829,580.977159467411,58,26
59,3425,1412.99468504594,89,30
41,5849,1264.60114396156,80,39
22,2576,262.528136692475,81,59
98,9000,8438.77453183673,98,0
77,8974,5994.17949688467,87,10
97,4674,4305.69742402782,98,1
3,4268,217.249840368972,78,75
13,3116,223.894566560579,83,70
15,7468,579.157824208994,59,44
37,1763,326.090250124777,85,48
67,4093,2145.85658449904,86,19
33,4214,665.330322901894,69,36
79,1310,910.805578510419,79,0
30,1450,203.156194763015,58,28
41,6006,1298.54581477742,51,10
82,2459,1806.12515089386,90,8
45,4774,1202.6289332663,65,20
23,1671,177.168342986651,90,67
75,8938,5719.34275456055,85,10
4,4779,250.35183181867,86,82
13,9595,689.431439713977,79,66
25,4595,527.430063163072,78,53
29,9991,1345.10389443364,82,53
54,4890,1707.06776409878,62,8
80,8650,6129.38645405729,89,9
63,8927,4170.94772581593,64,1
31,4698,684.997528959115,79,48
27,2254,280.191747597824,44,17
17,4557,381.741885481826,61,44
89,3702,3022.13546719962,95,6
20,3579,337.093212928726,74,54
82,8701,6390.8478804097,94,12
65,1488,737.355134362427,68,3
19,4408,399.206461561087,83,64
17,9223,772.61474869407,77,60
2,3441,170.607851572188,65,63
31,3519,513.092018818035,50,19
65,1375,681.359751174958,76,11
81,3777,2725.78735627006,89,8
45,8490,2138.73473888372,78,33
19,5588,506.072075136878,71,52
41,1737,375.553459918145,80,39
9,2615,161.949925842999,56,47
95,8807,7807.00361066887,98,3
73,7234,4422.07328653159,96,23
32,2849,432.28099433864,50,18
11,8465,564.196681694012,74,63
10,8192,526.19080072804,77,67
22,9920,1010.97791769773,67,45
5,9000,486.191796352226,73,68
95,7817,6929.41378728268,96,1
56,3289,1229.22492280812,71,15
8,9101,543.868937477113,72,64
55,5636,2036.20374971434,60,5
74,6219,3890.88726029891,84,10
15,4027,312.301628024855,63,48
5,2312,124.897270351816,72,67
37,5382,995.47233475414,63,26
15,6313,489.58534336253,43,28
92,7330,6221.68832751965,92,0
46,4620,1208.37979908199,77,31
99,3097,2949.52380952381,99,0
35,3665,626.432991001978,37,2
34,5886,966.97606657596,55,21
46,3122,816.571803622071,77,31
61,2639,1159.89528082815,85,24
74,8150,5099.0080674443,78,4
40,5367,1116.26993106456,69,29
86,4504,3526.21567901646,89,3
73,2509,1533.72710477022,75,2
48,5623,1584.10794312768,88,40
59,6814,2811.13745515417,79,20
46,3100,810.817614102633,91,45
93,8367,7196.91015283416,93,0
72,7832,4674.51715673978,95,23
28,2453,317.33515511947,87,59
55,4671,1687.56346964437,61,6
17,9125,764.405245780482,90,73
91,9677,8108.25500022038,92,1
45,4159,1047.70291861218,55,10
36,5277,938.338486468869,67,31
86,9121,7140.89991303489,91,5
12,9190,635.873039263763,74,62
29,2132,287.034481326446,73,44
23,3880,411.378318843929,78,55
42,5403,1214.09803107727,76,34
81,9767,7048.65372218419,84,3
91,4295,3598.73465184939,96,5
59,1233,508.678086616539,84,25
74,5143,3217.69306636393,79,5
7,2314,133.542265131191,74,67
3,6388,325.162132211104,36,33
41,5934,1282.97883198288,93,52
11,5435,362.245595393616,90,79
30,6579,921.768693341985,84,54
18,6464,562.960563378577,88,70
8,9951,594.664300278514,31,23
44,2571,623.620780401474,84,40
29,1964,264.416379608415,79,50
26,1928,230.296522606021,67,41
36,2448,435.295170527912,77,41
55,3525,1273.53055673227,78,23
59,2447,1009.51766257151,72,13
97,9411,8669.43056429736,98,1
40,7853,1633.32732786473,87,47
11,7029,468.486529902801,69,58
78,5789,3946.44943722399,82,4
13,1327,95.3491944242259,79,66
43,8294,1936.57168710251,92,49
9,8965,555.212652077434,87,78
63,1065,497.5982220224,84,21
80,1369,970.0728387982,92,12
28,6645,859.638037410875,43,15
46,9996,2614.49447437739,83,37
7,3466,200.024844833495,81,74
49,4927,1439.85781208527,93,44
50,1427,432.444868138335,70,20
75,9166,5865.23782594562,89,14
48,9464,2666.19199248806,66,18
92,7654,6496.69883476609,96,4
32,8847,1342.36221723901,78,46
2,2831,140.363507062152,70,68
83,4697,3508.82129805172,83,0
73,9517,5817.64880673502,83,10
20,8999,847.583633178431,75,55
49,1105,322.92325600857,76,27
61,3442,1512.83044964399,78,17
47,7836,2127.41064638797,79,32
30,7759,1087.09580356292,53,23
78,4800,3272.23307975041,79,1
36,7897,1404.2181215927,83,47
7,2899,167.302950136267,84,77
58,2073,827.928281728551,77,19
6,3703,206.61637740081,38,32
48,3270,921.222296643696,72,24
34,3760,617.708122719268,51,17
29,7010,943.767220496429,60,31
92,6817,5786.25502437946,94,2
74,1494,934.713871504513,92,18
47,5233,1420.71719149416,51,4
92,9756,8280.87194042043,94,2
48,5633,1586.9251366954,59,11
76,6247,4085.54095005831,82,6
61,3974,1746.65549299396,64,3
18,6371,554.861037946305,82,64
43,8373,1955.01745070043,51,8
97,1282,1180.98076542654,98,1
37,8084,1495.24309813312,86,49
37,4811,889.858305927568,59,22
22,3896,397.053424128059,64,42
82,6887,5058.4725149272,88,6
63,8816,4119.08537591501,70,7
35,5009,856.153574878283,64,29
43,5466,1276.26004843288,70,27
38,4088,786.408704638044,63,25
10,7368,473.263405732934,57,47
94,2923,2550.13403069268,95,1
27,5934,737.647662043252,81,54
58,3910,1561.60134180349,78,20
68,4859,2617.8075904858,82,14
8,7032,420.227048493469,67,59
97,8018,7386.19639406399,97,0
56,4901,1831.69089288008,87,31
47,9655,2621.25443987695,72,25
39,9090,1818.40598922404,79,40
46,1460,381.868940835434,78,32
53,8091,2728.03476145421,62,9
37,8957,1656.71603537585,80,43
17,2694,225.677559685767,73,56
38,6464,1243.4799087036,58,20
53,1914,645.34155647304,91,38
91,9596,8040.38596487701,92,1
92,8071,6850.64754316659,98,6
22,9878,1006.69756764296,72,50
51,9197,2889.11499975024,83,32
85,2818,2173.3573572866,85,0
32,4782,725.576593516103,72,40
54,3831,1337.37762868352,54,0
12,2428,167.997795357173,53,41
84,9065,6882.91393104955,86,2
12,1394,96.4534294595958,28,16
81,3771,2721.45727309886,92,11
64,4267,2053.77429389144,93,29
40,6480,1347.76022979287,75,35
57,3833,1481.23574552226,75,18
20,2050,193.082170020645,82,62
78,7965,5429.86176671084,94,16
12,2779,192.284132330141,75,63
73,2757,1685.32707367537,77,4
91,3752,3143.7607482512,93,2
36,8044,1430.35716982293,73,37
34,1659,272.547280742358,78,44
0,9472,612.195944173931,78,78
18,3694,321.716633836706,61,43
56,3895,1455.71026887735,74,18
67,6747,3537.28179223431,81,14
49,4041,1180.93473079695,76,27
19,9439,854.83434452702,86,67
34,6608,1085.58916886407,92,58
79,5832,4054.82300295631,83,4
8,9479,566.457934111148,70,62
60,6482,2760.91822172667,64,4
74,2804,1754.3090332655,82,8
53,3433,1157.50133927479,73,20
37,4087,755.944896347115,75,38
43,8139,1900.38063194205,88,45
62,5532,2507.60397977864,85,23
19,1249,113.114535047595,73,54
23,8191,868.453559188304,75,52
28,9264,1198.44797269742,66,38
19,7011,634.944759982936,69,50
67,1455,762.819772891792,93,26
14,9902,739.093463929264,84,70
74,5837,3651.89080854876,95,21
93,3244,2790.3402098475,94,1
29,8610,1159.17771304911,81,52
14,1644,122.709518753758,53,39
28,1372,177.490351742321,76,48
85,3596,2773.38291582775,88,3
95,6241,5532.36170480123,98,3
10,9910,636.541850001816,73,63
51,4845,1521.9921902566,57,6
96,7017,6340.56995316782,99,3
25,6568,753.897857422211,91,66
93,5467,4702.46298620107,97,4
58,3084,1231.70806601585,75,17
0,7118,460.051808554691,71,71
99,5792,5516.19047619048,99,0
28,7894,1021.21635324627,63,35
2,3755,186.176251860961,85,83
32,6263,950.28987979744,58,26
49,4094,1196.42335755573,79,30
72,2962,1767.86514533494,87,15
92,8305,7049.26624284457,98,6
71,8301,4834.08150325431,86,15
17,3755,314.557994291037,58,41
18,5770,502.518943486137,78,60
16,1646,132.655869078452,78,62
80,5005,3546.54094827246,82,2
96,4957,4479.15138347625,97,1
40,1807,375.833755437611,80,40
23,2652,281.179201436623,60,37
33,6751,1065.88633362854,56,23
5,2673,144.398963516611,72,67
57,9223,3564.16313095535,84,27
20,2012,189.503085893433,85,65
28,1254,162.225146563316,83,55
29,2393,322.173317924102,81,52
95,2981,2642.5204681962,95,0
75,8841,5657.27336015549,85,10
36,6106,1085.748493155,76,40
54,2258,788.253376551133,67,13
45,1037,261.232971050933,60,15
38,8469,1629.18182964276,81,43
46,2358,616.744494856132,61,15
97,6888,6345.23830909363,99,2
27,6428,799.056146210655,75,48
3,7243,368.683363119134,77,74
71,3861,2248.45063053426,72,1
2,2190,108.582154880294,88,86
19,4964,449.560089652731,71,52
43,3252,759.311686334382,85,42
64,4809,2314.64742894866,92,28
70,2584,1467.23695373044,82,12
82,3077,2260.04354993916,98,16
9,7934,491.361648810079,44,35
11,6868,457.755795614232,88,77
86,1740,1362.25916551702,90,4
0,3016,194.930634251328,76,76
94,7226,6304.2314422803,94,0
24,1963,216.543250741159,89,65
53,6337,2136.64025254423,88,35
73,5029,3074.17840170962,89,16
32,7063,1071.67450439235,79,47
34,4082,670.607594930865,71,37
6,7578,422.829842814837,89,83
29,4003,538.930126055236,89,60
73,5331,3258.78804126346,90,17
60,8995,3831.29580444792,93,33
83,2741,2047.62171129652,84,1
70,3266,1854.48757387137,80,10
74,7801,4880.65790602859,96,22
31,1962,286.0717649676,91,60
98,4318,4048.73649205234,99,1
91,9665,8098.20032831766,93,2
35,7202,1230.98783115859,85,50
41,6801,1470.4312498004,75,34
43,4904,1145.03828714139,84,41
71,2087,1215.36298003756,74,3
9,6142,380.381049532582,89,80
15,4711,365.347149149514,78,63
77,5105,3409.88258653847,93,16
15,4630,359.065442700541,90,75
14,5686,424.407739436659,83,69
10,5389,346.14773255901,34,24
12,5550,384.01472991446,86,74
24,1600,176.499847776798,57,33
8,8511,508.610979767906,83,75
55,3449,1246.07287664385,86,31
7,4061,234.362635565154,68,61
29,1337,180.002392839333,88,59
21,2065,202.301216918154,81,60
16,1738,140.070413401184,75,59
10,3515,225.776448310432,89,79
15,6464,501.295685014319,64,49
37,5227,966.803027454458,73,36
14,1055,78.7460719496439,81,67
30,3002,420.603377019705,86,56
14,1062,79.2685577350917,89,75
16,2297,185.121829449091,64,48
17,6371,533.701459821091,55,38
32,7333,1112.64181519314,67,35
20,4337,408.486522624164,39,19
66,1360,693.411445165812,79,13
38,7008,1348.12920795093,51,13
39,4135,827.184682666822,86,47
80,3848,2726.69122256791,81,1
1,2895,140.212895693955,81,80
0,4350,281.149953247107,58,58
84,3683,2796.44478853342,88,4
77,5870,3920.86401233709,96,19
38,8097,1557.62017648098,54,16
85,6298,4857.27630808764,90,5
88,5021,4044.06114495139,96,8
14,7968,594.738105492666,91,77
71,1834,1068.02860823616,74,3
37,9871,1825.77246680753,76,39
57,6590,2546.65889981522,71,14
73,1814,1108.88041771749,78,5
67,3308,1734.30089946807,84,17
3,2813,143.187394788641,85,82
25,2291,262.968939000348,88,63
91,1746,1462.95476184611,93,2
75,5970,3820.14726389869,78,3
7,9146,527.820897532356,53,46
70,7056,4006.51081483049,74,4
70,5444,3091.19116722466,87,17
88,1290,1039.00395877062,88,0
61,6147,2701.73410051179,85,24
1,1685,81.6092328995901,56,55
63,9750,4555.47668048676,80,17
26,9789,1169.28042520246,85,59
76,8428,5511.91598000503,83,7
10,2035,130.712680600777,58,48
81,8854,6389.75939963334,93,12
23,2113,224.031543226088,83,60
41,1469,317.609690627377,87,46
52,6187,2013.95090089527,76,24
2,5317,263.62160616371,21,19
47,5252,1425.87553788024,78,31
98,5618,5267.67059109542,98,0
66,6971,3554.24351783153,72,6
91,4041,3385.91076324177,94,3
23,4720,500.439604366841,72,49
1,8232,398.698638118354,87,86
5,2904,156.877886289651,61,56
58,5598,2235.76580854627,84,26
75,5853,3745.28005621424,76,1
98,4709,4415.35436337991,98,0
63,4370,2041.78800961304,82,19
60,9695,4129.45111996916,77,17
53,6241,2104.2720240064,64,11
56,8175,3055.30974276569,82,26
15,8047,624.060392529428,89,74
80,8864,6281.02676633108,92,12
38,3771,725.427403422227,85,47
66,2062,1051.33411759699,79,13
19,4886,442.496091467213,45,26
94,1461,1274.63079673007,96,2
64,1336,643.037838443629,89,25
94,1806,1575.62164195381,96,2
70,1111,630.843752165061,73,3
35,1958,334.667338712653,82,47
46,7885,2062.35383458041,70,24
61,5800,2549.2203974245,84,23
66,4079,2079.7244741407,89,23
81,4871,3515.30585448543,91,10
38,4059,780.829973611992,67,29
58,1838,734.072446607369,66,8
10,6871,441.339964819624,68,58
90,2287,1891.65597782653,96,6
21,1231,120.59699662288,68,47
60,9041,3850.88886803932,70,10
43,2343,547.068659619145,89,46
55,6794,2454.5720857983,82,27
11,8270,551.199829605373,39,28
52,5329,1734.66047371438,79,27
93,2462,2117.69962905196,99,6
26,2162,258.247449104884,67,41
21,1570,153.807704872398,69,48
56,2720,1016.56788994773,94,38
99,1917,1825.71428571429,99,0
0,4643,300.087179983062,79,79
44,2147,520.775501953312,77,33
93,6178,5314.03261912388,93,0
45,3945,993.793703756925,48,3
19,8534,772.873852759147,78,59
35,5393,921.78802741437,78,43
24,7840,864.849254106309,62,38
30,1245,174.434112055141,64,34
27,6073,754.926567507359,79,52
62,7088,3212.92426042498,68,6
35,6863,1173.04491602908,90,55
37,7983,1476.5618075701,86,49
24,3832,422.717135425431,77,53
33,3121,492.761257184815,50,17
20,6279,591.396558809575,81,61
71,4792,2790.61782479155,73,2
30,4205,589.152964812744,86,56
55,1053,380.433383330235,66,11
82,4567,3354.44227902897,90,8
88,2343,1887.1211437206,89,1
13,1485,106.701999788979,41,28
84,6342,4815.38225600841,93,9
64,2058,990.547808021698,91,27
49,5081,1484.86250115796,72,23
8,3125,186.74765735809,72,64
39,6142,1228.67432187173,86,47
6,8620,480.97034112746,75,69
9,2847,176.317949856604,87,78
99,6870,6542.85714285714,99,0
66,1801,918.260303487961,87,21
61,5292,2325.94385227077,83,22
28,6642,859.24993897412,67,39
0,4281,276.690333299049,66,66
33,5063,799.375278797411,79,46
57,4483,1732.42364914592,59,2
72,5717,3412.18265897361,86,14
69,7404,4096.46824519436,76,7
72,3910,2333.67748759609,72,0
89,5965,4869.54026522036,92,3
58,3199,1277.63751724536,75,17
12,5327,368.584948874653,63,51
8,1635,97.7063743297528,77,69
64,6440,3099.67341285702,92,28
74,6250,3910.28226031005,79,5
15,4189,324.8650409228,71,56
21,1660,162.624707062536,73,52
36,5637,1002.35248213474,49,13
60,6741,2871.23568846953,75,15
14,9559,713.491660442318,88,74
84,1223,928.604935209443,88,4
31,5256,766.357388720543,87,56
71,3357,1954.94658552279,82,11
87,2481,1970.64624396981,90,3
96,6614,5976.41865045631,96,0
86,6916,5414.58872914694,86,0
49,7560,2209.32109993193,88,39
15,9899,767.686569609645,75,60
23,1886,199.96379106692,79,56
40,3170,659.320976611637,52,12
68,7386,3979.23993894384,76,8
60,3784,1611.74244847481,80,20
38,4423,850.852666490722,84,46
90,6229,5152.21910182834,92,2
83,1728,1290.87570854447,85,2
43,1610,375.919992311917,53,10
82,7803,5731.27065979047,84,2
71,4092,2382.97331783118,81,10
44,8626,2092.31927333454,76,32
83,3109,2322.53042700507,87,4
95,7365,6528.73641337303,96,1
14,3922,292.741321503795,79,65
12,7182,496.935818062279,76,64
57,5253,2029.98470420779,84,27
65,1024,507.42718923866,73,8
18,2292,199.614110653419,82,64
60,4947,2107.1062084051,69,9
42,4384,985.120445723252,47,5
90,1555,1286.19372344567,90,0
61,6133,2695.58080989732,76,15
43,9382,2190.60954526112,63,20
58,9300,3714.29475160421,75,17
64,7031,3384.1310195338,75,11
92,2391,2029.47568773526,92,0
5,6945,375.178002851801,69,64
51,5860,1840.84091535679,63,12
44,8375,2031.43680897018,84,40
35,5252,897.687876873775,85,50
35,4299,734.798206907913,78,43
58,3815,1523.65962122259,81,23
58,4500,1797.23939593752,65,7
76,2895,1893.33136712323,83,7
54,6830,2384.30937194165,80,26
64,3182,1531.54670802966,86,22
77,5694,3803.3048869246,89,12
85,8697,6707.48365376917,91,6
53,5560,1874.65990281614,90,37
72,7212,4304.4711101133,73,1
82,9468,6954.20615236399,88,6
78,5668,3863.96189500528,78,0
81,7943,5732.30843813955,86,5
27,6762,840.575242793474,85,58
65,3970,1967.27142702879,68,3
39,1684,336.875212965158,55,16
72,3094,1846.64914235864,74,2
56,2642,987.416310750697,67,11
92,1579,1340.25182389543,97,5
70,1184,672.294331740263,82,12
38,9417,1811.54862318407,90,52
49,5501,1607.60256226529,88,39
79,6601,4589.48673568494,88,9
96,3602,3254.77169321797,97,1
38,2936,564.798423878987,68,30
26,3182,380.084821023008,82,56
86,7443,5827.18101663399,87,1
86,5609,4391.3285398764,89,3
92,2831,2402.94674695882,93,1
81,3886,2804.45053388019,92,11
17,6032,505.303281375109,78,61
54,3682,1285.36268045229,69,15
74,5602,3504.8641955611,86,12
82,5418,3979.49819745544,82,0
58,5542,2213.40016273016,86,28
66,5297,2700.73560664949,87,21
69,1063,588.13421726656,84,15
12,1082,74.8655743725127,85,73
1,3779,183.027472479259,69,68
97,3620,3334.75067928556,97,0
62,3311,1500.84540438306,80,18
47,5581,1515.19637793405,55,8
49,9486,2772.17195158126,90,41
56,5299,1980.4386944239,64,8
77,7132,4763.81637751075,78,1
32,7807,1184.56220526563,71,39
56,6427,2402.01537819634,73,17
11,5737,382.374053500124,87,76
73,2555,1561.84645384133,74,1
95,1269,1124.91059179503,96,1
91,3467,2904.96229056154,91,0
12,3292,227.779547906018,62,50
72,3713,2216.09834052283,90,18
63,1553,725.605670235481,66,3
7,2376,137.120320636002,60,53
67,8668,4544.41360235467,83,16
12,5047,349.211232770861,84,72
8,2835,169.417474755259,76,68
47,7408,2011.2121067435,81,34
79,1273,885.080535453254,83,4
79,3994,2776.91410730581,93,14
80,8185,5799.88764467733,88,8
16,1324,106.704963948888,75,59
88,5539,4461.27358731045,91,3
67,9645,5056.63004092188,75,8
90,7998,6615.41954991541,96,6
26,9787,1169.04152839478,80,54
38,8207,1578.7808803729,92,54
13,2562,184.087894585431,79,66
55,3059,1105.17162355858,82,27
0,5146,332.59716308267,88,88
29,3323,447.380666720347,68,39
19,7267,658.129164284125,77,58
97,2716,2501.98421130928,98,1
26,1030,123.031855956536,71,45
98,4094,3838.70477037107,98,0
96,1684,1521.66450066048,97,1
79,7284,5064.35712509152,87,8
97,5509,5074.90096469176,97,0
73,2203,1346.67230442758,80,7
43,5065,1182.63028637259,56,13
30,8415,1179.00646822812,74,44
91,1304,1092.60768009583,98,7
36,1572,279.527781074296,73,37
31,8206,1196.48567957397,78,47
1,3911,189.420599329553,77,76
76,6531,4271.27708417333,84,8
27,1883,234.073230136071,72,45
81,9702,7001.74448782953,85,4
28,2861,370.116542518061,56,28
75,3795,2428.38506976474,85,10
84,4527,3437.28090081206,85,1
43,3199,746.936680376288,74,31
4,5264,275.758954319623,82,78
21,3586,351.308553931477,69,48
78,2086,1422.05795924153,84,6
33,5012,791.32310830192,64,31
55,5819,2102.31895308512,64,9
88,7457,6006.08722523452,93,5
24,2236,246.658537268075,85,61
53,4297,1448.81539611528,85,32
66,8276,4219.61258837666,69,3
12,5861,405.533393158315,82,70
83,1586,1184.79680193954,84,1
19,4650,421.122968752055,84,65
10,5589,358.994187654909,68,58
22,1961,199.851582319077,73,51
69,1704,942.785236333225,71,2
0,8642,558.551240450919,75,75
95,1642,1455.5580707072,95,0
88,5350,4309.04742590917,97,9
27,8721,1084.09593203222,69,42
63,3762,1757.71315610166,89,26
14,2093,156.223249848914,19,5
52,2157,702.132227772927,83,31
82,4821,3541.00421002818,88,6
50,8994,2725.58454382354,64,14
23,2060,218.412200210952,78,55
56,5783,2161.32798072342,76,20
53,5728,1931.30430275735,81,28
54,3826,1335.63216062207,60,6
11,1365,90.9779646204757,71,60
22,1981,201.889844249919,68,46
86,2061,1613.57249432791,86,0
2,3943,195.497459677169,61,59
90,5460,4516.15288103753,90,0
24,5987,660.440367899805,84,60
14,2748,205.112991201537,84,70
12,9929,687.00581140913,30,18
76,5648,3693.79466718894,79,3
2,6993,346.719182227351,65,63
65,2837,1405.83099206062,83,18
93,2792,2401.55051353089,97,4
32,5545,841.347179223503,75,43
83,3114,2326.26559977285,87,4
78,7119,4853.13068640483,86,8
74,3322,2078.393227,88,14
41,6673,1442.75661372123,76,35
38,5880,1131.13580804102,71,33
71,1387,807.718473077187,73,2
59,5011,2067.30404869057,79,20
61,4689,2060.91283509025,63,2
9,6151,380.938429774489,43,34
92,7797,6618.07692901374,92,0
95,2721,2412.04233276144,98,3
31,6292,917.412612220254,59,28
61,6837,3005.00342365367,84,23
27,5616,698.117504218892,88,61
69,4732,2618.1101750756,93,24
8,8611,514.586904803365,65,57
72,2740,1635.36478670416,85,13
43,9376,2189.2086011904,63,20
18,3985,347.060310189299,65,47
80,8953,6344.09212984681,86,6
68,2502,1347.96348865929,87,19
7,2877,166.033317537786,65,58
11,3569,237.875718483867,80,69
90,2283,1888.34744091734,93,3
93,3524,3031.1833845569,93,0
17,4880,408.799736921507,53,36
60,6025,2566.26539430781,92,32
58,6225,2486.18116438024,91,33
17,8048,674.184484168912,75,58
7,3477,200.659661132736,77,70
41,5300,1145.90290015323,86,45
90,1032,853.602522569731,90,0
74,3109,1945.13080756863,87,13
26,8265,987.241057748321,85,59
89,1554,1268.61116046143,89,0
83,7706,5756.6482697012,84,1
0,7311,472.525817974621,67,67
18,5653,492.329217942311,58,40
44,9885,2397.70183363227,48,4
37,9055,1674.84243612017,85,48
51,3476,1091.93908221505,88,37
84,2631,1997.6775016648,86,2
62,2894,1311.82319549519,70,8
0,6031,389.796636329495,86,86
0,4841,312.884350268792,84,84
21,6609,647.461860829095,80,59
32,1568,237.913864206033,82,50
49,8525,2491.33100223806,61,12
55,2549,920.916138754765,65,10
23,2163,229.332810221499,64,41
53,5624,1896.23872184137,84,31
88,6966,5610.62137736136,92,4
24,8636,952.657928375266,83,59
81,8051,5810.24993522115,95,14
90,4384,3626.15645246676,92,2
8,4073,243.39942669424,66,58
75,5269,3371.58390845598,77,2
64,2057,990.06649227436,74,10
26,4574,546.356999170093,60,34
32,9790,1485.44434348027,78,46
13,7963,572.167019743867,49,36
71,7702,4485.25427515537,79,8
78,4628,3154.97806105936,80,2
55,3499,1264.13713985991,81,26
56,6703,2505.16711997045,82,26
31,4353,634.694389859308,85,54
51,6728,2113.51154923558,69,18
19,5636,510.41915094335,87,68
32,6759,1025.54834704629,61,29
28,2613,338.033738413035,83,55
32,4846,735.287363483697,70,38
98,2783,2609.45661356685,98,0
88,1193,960.877304506475,91,3
7,2354,135.850688037521,81,74
33,2110,333.138818538917,75,42
70,8538,4848.01436182294,76,6
79,7118,4948.94206705127,81,2
21,6472,634.040424161886,57,36
52,9204,2996.02458248587,80,28
21,6648,651.282561778154,67,46
15,8956,694.555098234567,73,58
71,6357,3701.9944724958,79,8
56,3591,1342.0938576479,74,18
91,4721,3955.67550439603,95,4
95,5876,5208.80586082552,97,2
15,5674,440.029659153968,59,44
68,3250,1750.951773838,69,1
58,9522,3802.95856180379,81,23
31,9181,1338.64672485603,74,43
86,9963,7800.1080839345,89,3
5,7255,391.9246091706,80,75
99,4085,3890.47619047619,99,0
14,5697,425.228788528077,74,60
40,3788,787.857368897439,76,36
73,9082,5551.73757095382,87,14
36,9696,1724.11028326742,80,44
26,2145,256.216826239582,70,44
12,2115,146.340748426862,68,56
35,1131,193.313973485194,83,48
68,6906,3720.63783080777,77,9
66,4886,2491.18258902953,70,4
76,4992,3264.77035740213,76,0
52,1195,388.988415479206,55,3
62,2669,1209.83279501612,80,18
76,7428,4857.91550776903,89,13
16,2855,230.092652623925,59,43
75,3566,2281.8501077157,78,3
43,2421,565.280932538604,88,45
54,1133,395.523062724727,90,36
26,4695,560.81025603489,86,60
29,5343,719.336413568106,74,45
94,8615,7516.04675826803,94,0
35,7705,1316.96212705873,58,23
17,9197,770.436717308832,68,51
52,7946,2586.52882794793,78,26
32,6037,915.998723349376,76,44
65,5843,2895.4072917202,79,14
76,8819,5767.63016464931,89,13
38,3937,757.360829295494,63,25
70,9075,5152.93163897203,75,5
60,9698,4130.72892846425,69,9
54,5471,1909.89115283935,73,19
95,5585,4950.847640012,95,0
62,6256,2835.78642398684,89,27
97,8605,7926.94187714151,97,0
64,1460,702.720991113547,70,6
13,8340,599.25567558255,83,70
39,1394,278.862260613676,81,42
23,5503,583.457445514984,86,63
84,4136,3140.4006639626,98,14
23,4028,427.070069150347,71,48
40,5794,1205.08067460184,65,25
94,9745,8501.90083102983,97,3
85,9316,7184.88188093752,86,1
0,6687,432.195341922622,77,77
55,1524,550.598742825525,82,27
73,1337,817.294993653958,77,4
47,1216,330.134168709516,79,32
13,2907,208.877248071759,80,67
50,3075,931.86262755808,73,23
95,2067,1832.30117670632,95,0
41,6381,1379.62385016562,43,2
44,7727,1874.25817587016,84,40
17,1674,140.23171303414,67,50
17,2329,195.101349854547,84,67
64,6326,3044.80341766048,75,11
63,5758,2690.30099756336,93,30
74,4820,3015.60967915111,90,16
14,2602,194.215430533624,46,32
66,5283,2693.59754765514,88,22
33,8370,1321.50327543637,80,47
30,1838,257.517990327188,83,53
29,7688,1035.04741671563,34,5
35,1240,211.944586314448,84,49
51,7303,2294.14013734653,86,35
9,1671,103.486931580747,47,38
26,9768,1166.77200872179,48,22
16,2932,236.298303850559,83,67
39,2538,507.713355407109,77,38
33,4051,639.594954455522,66,33
7,5102,294.439341702392,72,65
93,3696,3179.12990616411,94,1
56,1218,455.213121307475,79,23
81,9504,6858.85174317995,83,2
6,2248,125.431708451802,85,79
67,4804,2518.61593743792,84,17
17,4024,337.092242084456,91,74
72,2455,1465.26297494844,78,6
5,8684,469.121062169192,75,70
58,5332,2129.52899091975,88,30
10,5856,376.144205207935,81,71
28,5003,647.218826360663,81,53
65,7706,3818.58781276671,94,29
11,6496,432.96180086052,56,45
79,5593,3888.6531302357,83,4
3,4455,226.768518941839,69,66
62,1796,814.110041157346,86,24
50,1913,579.724620006051,85,35
16,1717,138.377963066648,64,48
93,9350,8042.44172690324,93,0
86,5789,4532.25190182644,89,3
74,5670,3547.40806655327,85,11
49,1028,300.420911472226,70,21
55,2684,969.689649438129,79,24
84,1899,1441.88125262693,97,13
6,7528,420.039991648204,78,72
83,8549,6386.39839834877,90,7
8,6101,364.591186413347,66,58
51,5742,1803.77278770968,54,3
99,5150,4904.7619047619,99,0
31,1320,192.464184381871,33,2
27,2612,324.694252318331,75,48
48,2120,597.245036356158,93,45
0,9476,612.454472866572,75,75
78,3569,2433.04163783942,85,7
63,6445,3011.28689289612,74,11
3,6733,342.723330647678,24,21
3,1197,60.9297232712416,67,64
1,4454,215.719598418264,88,87
11,4650,309.924934421401,39,28
59,8797,3629.23043630632,83,24
6,1307,72.9267094957762,88,82
5,1184,63.9612318756706,68,63
91,6983,5850.98115805921,91,0
76,8426,5510.60797906056,84,8
50,2986,904.891644191358,77,27
86,3503,2742.52520506098,89,3
94,3832,3343.17947506478,96,2
10,2133,137.007443597767,68,58
99,3796,3615.23809523809,99,0
4,9925,519.929259426721,68,64
3,3418,173.983119583211,61,58
79,1101,765.493848809138,86,7
56,1189,444.374713657297,82,26
14,7755,578.839609449752,78,64
58,8713,3479.85485706747,76,18
22,2934,299.01302525455,56,34
67,1546,810.528775869904,72,5
63,4321,2018.89381911624,84,21
3,8973,456.74386542427,89,86
81,1276,920.864354408419,83,2
84,6851,5201.85806305797,85,1
80,6755,4786.5902308852,83,3
86,3136,2455.19812819618,87,1
40,4123,857.533244974694,87,47
35,8774,1499.6788712282,55,20
24,1444,159.29111261856,90,66
10,5559,357.067219390524,87,77
48,6302,1775.39538637571,79,31
91,4001,3352.39519023269,92,1
6,6419,358.161092772293,85,79
12,7654,529.594368065815,87,75
75,5395,3452.21013211615,84,9
29,3586,482.788766433694,82,53
57,2138,826.214981457501,78,21
26,9688,1157.21613641449,72,46
83,8700,6499.2006159357,93,10
79,3204,2227.64967446365,85,6
66,5877,2996.45519355844,84,18
72,9871,5891.4911713711,87,15
44,3282,796.080669497331,72,28
30,7347,1029.37142270612,85,55
30,4264,597.419320323791,71,41
75,4104,2626.11128493136,77,2
23,8572,908.849213693339,80,57
82,9840,7227.43858674077,82,0
56,9073,3390.92664172637,68,12
27,8127,1010.25658062445,79,52
12,1305,90.2953554123189,70,58
40,1072,222.962803447216,51,11
32,4101,622.247931829682,60,28
61,6362,2796.23106351977,74,13
67,2984,1564.43587787567,69,2
5,4045,218.516201804973,84,79
45,5468,1377.45601321746,85,40
61,8082,3552.20676758358,78,17
79,7285,5065.0523965255,91,12
68,9364,5044.89612622125,74,6
60,1652,703.646544630124,83,23
68,3553,1914.1943545989,89,21
79,1602,1113.82483723182,89,10
88,5470,4405.6989569576,91,3
73,3581,2189.03019616666,82,9
82,3296,2420.89812824162,85,3
21,1757,172.127476089684,71,50
60,5495,2340.51922684173,83,23
34,8824,1449.64267948798,62,28
78,3903,2660.73452297206,95,17
52,7676,2498.64023198191,83,31
12,3463,239.611353097977,77,65
83,1173,876.271531320985,95,12
78,8834,6022.27229719066,88,10
9,2131,131.975255055997,82,73
76,2836,1854.7453392613,86,10
17,5683,476.06739855019,56,39
49,7393,2160.51731372973,82,33
29,9099,1225.01254483552,84,55
38,4428,851.814516667627,81,43
46,9686,2533.41271296713,76,30
51,6439,2022.72605016764,81,30
1,2589,125.392465268272,67,66
15,7366,571.247527199176,60,45
44,6485,1572.99912909512,83,39
40,2545,529.328670497355,72,32
53,2181,735.365692093887,76,23
14,2265,169.061472005634,84,70
56,3092,1155.59849842587,66,10
56,6871,2567.95513670251,82,26
89,3953,3227.03984382499,92,3
13,6753,485.224649545439,77,64
40,3993,830.494845302923,78,38
41,1769,382.472118937938,79,38
26,1302,155.521821801369,71,45
77,4388,2930.96274039781,83,6
41,3818,825.482504299065,75,34
61,2555,1122.97553714131,79,18
57,4966,1919.07558368473,66,9
93,4889,4205.29386126524,96,3
79,5880,4088.19603178722,84,5
90,5278,4365.61445166961,92,2
10,2116,135.915494914616,67,57
73,3884,2374.25112591771,77,4
54,4489,1567.08122557043,73,19
52,6055,1970.98314286744,56,4
74,4345,2718.42822736754,88,14
59,5804,2394.45873051289,85,26
13,3418,245.59423251093,62,49
63,2155,1006.87715348195,68,5
41,3746,809.915521504531,84,43
93,8662,7450.65564047443,97,4
8,4098,244.893407953105,70,62
76,5151,3368.75643248765,79,3
83,2078,1552.33780228901,84,1
96,4922,4447.52533981645,97,1
67,1709,895.985561424104,91,24
76,2223,1453.84304978063,91,15
32,9298,1410.7927993544,91,59
17,7043,589.995194085692,64,47
56,2362,882.769616197254,85,29
75,9502,6080.24108903942,83,8
83,7842,5858.2449689848,83,0
31,7463,1088.15167275902,90,59
94,7695,6713.40450433807,98,4
9,6781,419.955046707985,72,63
99,7307,6959.04761904762,99,0
45,5603,1411.46416277568,80,35
18,2586,225.219062019957,80,62
31,7617,1110.60582760357,90,59
70,6749,3832.19125415121,86,16
84,5723,4345.38515470453,84,0
14,9618,717.895469205379,72,58
70,7297,4143.35450904451,70,0
83,4463,3334.01521251966,94,11
10,2297,147.541536776405,71,61
93,5463,4699.02236941951,94,1
76,4263,2788.00401314208,82,6
77,2007,1340.57479944813,93,16
86,6610,5175.01901383188,88,2
34,5125,841.955885355385,76,42
8,2540,151.788495900656,89,81
95,4708,4173.42716010322,96,1
23,2908,308.32168845313,86,63
1,4239,205.306550896951,86,85
84,4154,3154.06778484058,90,6
74,4495,2812.27500161498,88,14
59,7367,3039.27937072509,81,22
30,5658,792.729482737338,73,43
14,9661,721.105024744559,88,74
16,8727,703.334003309629,74,58
38,5812,1118.05464563511,72,34
23,5035,533.837586437933,74,51
88,5355,4313.07457303619,91,3
34,3616,594.051215891721,58,24
71,1262,734.924811119978,76,5
48,4770,1343.80133180136,79,31
24,4037,445.331178421833,62,38
22,9276,945.345883524609,79,57
98,3114,2919.81598801551,98,0
20,7331,690.480677278706,81,61
38,8022,1543.1924238274,76,38
16,8250,664.891202853723,64,48
47,1423,386.33299512635,65,18
11,2040,135.967068004227,68,57
73,1611,984.788507686258,78,5
56,7621,2848.25878282781,80,24
3,6484,330.048726558672,76,73
3,1699,86.4825395470673,80,77
30,9492,1329.90248323486,80,50
56,9558,3572.18966622073,79,23
8,8550,510.941590531735,69,61
50,2350,712.155178784224,89,39
7,4254,245.500776088196,79,72
30,3974,556.788081371188,83,53
10,2745,176.317596191219,81,71
49,5516,1611.98613587626,71,22
35,8342,1425.8401121251,89,54
4,9471,496.146097333046,45,41
71,7690,4478.26608360747,71,0
66,8437,4301.70026681173,77,11
59,5970,2462.94256050343,75,16
62,3564,1615.52794358841,75,13
62,1960,888.449710839865,71,9
86,5586,4373.32166584945,87,1
56,5146,1923.25675061434,83,27
44,6866,1665.41434392708,91,47
68,2794,1505.27977110873,84,16
90,6414,5305.23893387815,97,7
60,5511,2347.33420548221,68,8
5,6972,376.636578240857,65,60
83,3744,2796.89736851302,95,12
8,1630,97.4075780779798,79,71
87,5011,3980.21294983181,94,7
51,5422,1703.2490517175,66,15
13,8746,628.428074178056,71,58
96,8289,7489.95073988999,98,2
95,2772,2457.25150548134,96,1
9,3155,195.392740357424,74,65
28,1655,214.100970942814,91,63
44,1399,339.340906955139,84,40
18,6709,584.298022850692,72,54
74,2924,1829.38645266345,87,13
82,4097,3009.22925710131,89,7
88,4612,3714.64050996133,88,0
15,8072,625.999190816148,68,53
74,3980,2490.06774336544,79,5
35,3819,652.755141237804,78,43
10,8646,555.352253795732,62,52
22,3693,376.365065530011,81,59
10,3375,216.783929743303,86,76
61,7241,3182.56980995703,72,11
42,8006,1799.01329572545,58,16
48,2436,686.268353096038,62,14
75,2962,1895.35614667804,88,13
3,1215,61.8459597114107,71,68
60,1547,658.923247301939,77,17
95,1952,1730.35892449479,95,0
80,2252,1595.76627682509,91,11
21,6392,626.203088881763,74,53
51,3190,1002.09599317204,54,3
34,5138,844.091578332872,66,32
33,9693,1530.38605123115,90,57
71,6199,3609.98328378189,86,15
92,1283,1089.00765678141,96,4
20,9398,885.164016514156,68,48
43,1748,408.141705938653,83,40
97,5419,4991.99279863217,98,1
82,5165,3793.67076224757,94,12
1,9402,455.364989745962,71,70
65,4539,2249.2304804241,69,4
50,6331,1918.57635612039,88,38
41,3528,762.78215693219,71,30
5,1432,77.3585169307097,73,68
42,6758,1518.57754840277,73,31
20,1259,118.580708319996,85,65
93,3783,3253.9633211631,95,2
84,7371,5596.68599953296,89,5
20,5738,540.441703209005,85,65
63,7448,3479.9169555144,95,32
61,1216,534.457241942791,76,15
42,6005,1349.37232585952,69,27
89,6537,5336.49366533872,89,0
17,5169,433.009393472801,63,46
7,3827,220.858361563123,69,62
97,6006,5532.73828170969,98,1
89,5279,4309.52272591756,93,4
69,9030,4996.09781930107,77,8
78,3824,2606.87902020116,83,5
36,4661,828.803427218381,73,37
3,9119,464.17556099453,74,71
30,9628,1348.95713322642,76,46
57,2956,1142.32529709466,71,14
73,3708,2266.66405121083,84,11
51,4246,1333.82432194624,84,33
54,4699,1640.39088415136,66,12
78,9967,6794.65564705675,79,1
81,5258,3794.5962190278,82,1
48,6693,1885.54765487347,56,8
87,3015,2394.7998490806,91,4
20,3263,307.330302818226,61,41
34,1475,242.31901090716,72,38
57,9077,3507.74246337219,59,2
58,3192,1274.84181151835,76,18
33,7871,1242.71831313735,73,40
54,8447,2948.7937430148,82,28
30,6683,936.339896276711,90,60
42,5883,1321.95793389368,82,40
7,8235,475.24656584069,67,60
19,7121,644.906808706103,64,45
33,3091,488.024686305115,75,42
19,2169,196.433488004991,82,63
24,8756,965.895416958526,40,16
87,4341,3448.03520559168,98,11
97,2790,2570.15314784716,97,0
62,4937,2237.89603184511,70,8
12,2859,197.819479788368,68,56
77,2449,1635.80851213178,89,12
38,4236,814.879469874451,52,14
92,9080,7707.08458579515,98,6
26,8667,1035.25931609252,41,15
7,4422,255.196152294782,76,69
29,7082,953.4606926613,30,1
3,8624,438.979058889881,89,86
42,5594,1257.01728407296,86,44
22,3899,397.359163417686,61,39
83,6275,4687.64182356282,85,2
16,9807,790.374306228662,84,68
82,3759,2760.96967962993,84,2
79,4640,3226.05945365522,85,6
21,2933,287.33630470748,72,51
47,9123,2476.82074106654,63,16
94,1962,1711.72185022889,94,0
87,3323,2639.44275240293,91,4
2,6904,342.306482782444,64,62
58,4614,1842.7694606346,63,5
21,9676,947.92570213078,81,60
62,1035,469.155842203704,64,2
4,1483,77.688170451368,4,0
77,6891,4602.84052964478,81,4
52,9362,3047.4556867919,83,31
36,5176,920.3790043515,75,39
90,5773,4775.04589418125,92,2
13,3686,264.850889711904,78,65
85,5428,4186.29657038738,86,1
80,6029,4272.14692849843,84,4
54,9656,3370.84792027358,72,18
34,6024,989.647268952359,64,30
77,3374,2253.66187012357,87,10
37,6422,1187.83413857137,63,26
79,3679,2557.90360560292,83,4
28,6438,832.859245274825,79,51
79,8499,5909.11191737408,87,8
73,4892,2990.43164469347,75,2
38,3679,707.729360167164,85,47
21,7045,690.175338105761,29,8
73,5538,3385.32511208349,84,11
72,5213,3111.37103397402,77,5
61,3020,1327.35268969344,87,26
65,3835,1900.37428782252,79,14
46,8916,2332.0160797868,84,38
22,1861,189.660272664866,63,41
11,6833,455.42302729063,80,69
80,5404,3829.27218470816,86,6
29,4902,659.963896558273,90,61
36,5162,917.889571186716,40,4
53,1519,512.159782801749,85,32
24,1899,209.483256830087,89,65
83,1775,1325.98633256159,83,0
24,4221,465.628660916165,67,43
89,4218,3443.37314982388,93,4
23,7223,765.821030157138,88,65
44,5344,1296.23860383721,86,42
2,5215,258.564355114491,89,87
82,5528,4060.29273450234,87,5
83,7336,5480.24548488555,87,4
8,7280,435.047342581407,79,71
14,2079,155.178278278019,76,62
3,3105,158.050785929161,72,69
4,8276,433.545042923481,78,74
95,5379,4768.23804039831,97,2
44,1699,412.108792649593,53,9
40,7467,1553.04407960855,73,33
25,3108,356.747037282009,79,54
26,1620,193.506414222901,72,46
62,1694,767.874392940169,88,26
37,9901,1831.32136499456,75,38
38,9633,1853.10055082639,65,27
55,4718,1704.54387706747,74,19
64,2562,1233.13094468007,78,14
65,1551,768.573799325353,89,24
2,8498,421.338425649653,84,82
64,3563,1714.92800776546,74,10
17,7681,643.440733461905,82,65
62,1499,679.482712524979,77,15
64,8068,3883.25544952335,69,5
83,5217,3897.27926590075,83,0
4,2325,121.797030545806,68,64
49,7964,2327.38534918756,65,16
11,4514,300.860463221119,68,57
57,5232,2021.8694027061,69,12
1,2235,108.247261442483,82,81
41,1862,402.579471714211,48,7
25,5129,588.724438294537,66,41
5,7626,411.966515442453,61,56
66,3094,1577.51103775222,92,26
75,9993,6394.42740504851,89,14
56,7205,2692.78369377698,76,20
79,5288,3676.59534287259,83,4
76,4296,2809.58602872587,81,5
22,1089,110.983362134357,78,56
88,1794,1444.94038917403,89,1
25,6665,765.03185440302,68,43
15,7410,574.659812183803,73,58
97,8346,7688.35059925892,97,0
19,6315,571.912160789081,72,53
81,3032,2188.13536251279,82,1
97,8724,8036.56489670918,97,0
28,9242,1195.60191749455,85,57
51,1676,526.493067259041,77,26
27,6088,756.791197593414,50,23
22,5690,579.885519324604,75,53
18,7541,656.758293384569,74,56
81,6435,4644.01420111142,90,9
48,1239,349.050283040226,88,40
0,8654,559.326826528842,86,86
14,6964,519.798715694142,85,71
18,1635,142.394882599625,75,57
55,2123,767.00861615393,84,29
0,7504,484.99982739455,65,65
69,6398,3539.87085801642,81,12
35,6620,1131.51061403359,56,21
67,9160,4802.35678329128,71,4
85,9103,7020.60753136263,87,2
44,8613,2089.16599828778,75,31
31,8934,1302.63259338458,65,34
97,7435,6849.13571836689,97,0
59,9498,3918.43022439893,72,13
19,8106,734.112426818098,78,59
84,4017,3050.04580926928,96,12
72,2782,1660.4324221208,81,9
23,1689,179.076799104999,56,33
45,9540,2403.242568781,64,19
42,7989,1795.1932575007,52,10
99,8580,8171.42857142857,99,0
24,9044,997.66538955835,67,43
31,1699,247.724734291515,64,33
52,1772,576.80960019176,85,33
11,9742,649.309400243718,40,29
45,6673,1681.01023705195,76,31
33,7607,1201.03648939599,64,31
60,2728,1161.95385820277,63,3
28,1000,129.366145584782,75,47
47,4385,1190.49204752568,79,32
26,9419,1125.08451578118,79,53
68,4812,2592.48613406414,79,11
8,5695,340.328930769383,33,25
9,1378,85.3411081497718,81,72
97,4828,4447.56250817423,98,1
30,3132,438.817380688113,90,60
55,4137,1494.63713849685,92,37
52,3975,1293.91544061075,76,24
87,6404,5086.66608076689,87,0
60,6569,2797.97466808431,77,17
77,7083,4731.08684827659,93,16
91,7367,6172.73065894632,93,2
29,3371,453.842981496928,89,60
97,5798,5341.12829792754,98,1
89,5645,4608.30759382547,91,2
17,4061,340.191748286525,83,66
38,9500,1827.5153361207,75,37
60,3004,1279.51223975115,69,9
3,3547,180.549480737756,87,84
17,4842,405.616460281545,91,74
43,2769,646.535688640807,79,36
13,6825,490.398079838238,75,62
47,2150,583.70761737291,83,36
23,3781,400.881810193014,84,61
60,4617,1966.54727394509,64,4
97,3604,3320.01144976386,97,0
13,4795,344.536086860711,34,21
80,4084,2893.92072582312,91,11
51,6137,1927.85677432502,51,0
2,2147,106.4501764968,70,68
28,7756,1003.36382515557,58,30
14,5040,376.189765522469,68,54
67,9254,4851.63861054339,86,19
96,3605,3257.48249696024,96,0
4,4129,216.301049085434,59,55
5,7424,401.05421067988,76,71
99,1807,1720.95238095238,99,0
25,8873,1018.47376505896,36,11
12,5621,388.927350783636,78,66
58,2225,888.635034657996,72,14
53,1854,625.111413636894,79,26
5,6364,343.791621331729,61,56
45,3327,838.111952445954,74,29
21,3849,377.073793664879,77,56
7,9180,529.783057002737,70,63
39,9995,1999.44640949332,64,25
75,5740,3672.97241118567,75,0
87,3635,2887.26283628789,92,5
33,4107,648.436553430963,90,57
49,7917,2313.65015187316,86,37
30,1449,203.016087042489,84,54
39,4095,819.182896135583,65,26
22,7311,745.086648819364,47,25
62,9478,4296.28895884706,87,25
62,3222,1460.50253486023,89,27
18,7650,666.251285557877,53,35
63,4164,1945.53896385096,86,23
62,6019,2728.35653548222,78,16
88,6254,5037.15562647401,92,4
82,6840,5023.95121273444,84,2
39,5783,1156.85828775387,63,24
52,7977,2596.6197408181,64,12
59,7894,3256.69490328545,83,24
53,4574,1542.21122220882,78,25
5,3684,199.014508640178,82,77
85,9439,7279.74453350893,94,9
22,7424,756.602828728622,78,56
2,9409,466.50661884415,72,70
22,8376,853.624096636711,84,62
52,9559,3111.58181051526,76,24
51,9420,2959.16747826979,90,39
80,1669,1182.65271581753,86,6
33,9541,1506.38742544067,62,29
74,2172,1358.90129110295,84,10
91,1179,987.871514442475,94,3
77,8378,5596.0815494651,78,1
49,6772,1979.03736623532,74,25
79,1398,971.989464700431,94,15
55,3699,1336.39419272416,61,6
44,2664,646.178824966755,82,38
90,9014,7455.7879248484,93,3
48,6298,1774.26850894862,84,36
79,7182,4993.43943882582,85,6
86,6209,4861.07307970986,88,2
95,5113,4532.44117876121,98,3
10,5134,329.768502311738,59,49
81,3938,2841.97792136391,83,2
94,2288,1996.1363880345,96,2
91,3067,2569.8065604708,92,1
28,5126,663.130862267591,61,33
40,3889,808.864125565507,92,52
92,1666,1414.09723787827,96,4
54,3652,1274.88987208359,93,39
77,8235,5500.56476006745,88,11
66,7172,3656.72565053618,73,7
20,6034,568.320884831498,74,54
45,5907,1488.04547733641,77,32
61,2006,881.678640902335,77,16
91,4425,3707.66026412888,92,1
26,3934,469.910020711663,74,48
52,3095,1007.46372042522,65,13
68,2300,1239.13510148535,81,13
87,4532,3599.74557745715,91,4
20,8407,791.825269933444,74,54
47,8687,2358.45026610162,80,33
55,3142,1135.15830049724,89,34
47,3359,911.941342677026,59,12
6,2405,134.191841115028,86,80
31,6853,999.20989058255,77,46
14,8683,648.106296434842,87,73
23,9253,981.052470170843,82,59
94,1763,1538.10684095491,98,4
59,4549,1876.70447365664,82,23
34,5413,889.269699010478,40,6
2,1003,49.729635317322,50,48
13,3045,218.792989466291,53,40
47,2628,713.480752770237,82,35
85,4337,3344.8725544897,96,11
93,9599,8256.62012155553,94,1
5,5636,304.464107137905,65,60
92,5521,4686.21299539372,98,6
90,6787,5613.76000065965,90,0
65,3380,1674.90615197917,76,11
59,3843,1585.44191960045,82,23
17,8867,742.792472803894,90,73
65,4976,2465.77899770661,83,18
72,8299,4953.24538863425,72,0
31,1642,239.413780875025,70,39
12,1927,133.332681900029,62,50
3,5577,283.880590379043,75,72
91,5765,4830.43195993288,97,6
34,4077,669.786174554908,75,41
72,6178,3687.32980009428,81,9
78,8120,5535.52762657778,89,11
98,4900,4594.44391177778,99,1
83,8825,6592.57993513017,87,4
14,1534,114.499027839577,87,73
80,8628,6113.79726307587,81,1
79,2271,1578.96142656272,80,1
22,4536,462.277805915009,52,30
62,4626,2096.9226338496,85,23
17,4144,347.144694631706,70,53
30,6691,937.460758040921,77,47
21,2986,292.528539330561,88,67
87,5447,4326.52563115823,89,2
2,6704,332.390304254563,53,51
97,7809,7193.66520843673,97,0
12,2632,182.11293137565,44,32
70,5986,3398.94752516657,71,1
32,8521,1292.89798271659,82,50
96,5180,4680.6544616516,97,1
87,7399,5876.98974572053,88,1
83,1031,770.192624716058,90,7
25,9579,1099.51089772341,51,26
27,4974,618.311336535749,86,59
69,2631,1455.6736835638,76,7
8,1464,87.4875425191181,54,46
45,9060,2282.3247036851,80,35
35,6744,1152.70507266503,85,50
83,4155,3103.92857002446,97,14
31,6889,1004.45891379296,69,38
72,6961,4154.6621460758,79,7
66,3329,1697.32845658602,91,25
38,1667,320.680848980338,59,21
27,9500,1180.93238783466,67,40
2,3104,153.899090752709,56,54
2,5064,251.077640325941,83,81
6,3534,197.186680457592,68,62
42,8440,1896.53662452195,91,49
75,7425,4751.1881799745,96,21
52,6006,1955.0329902662,66,14
12,8158,564.467057052642,46,34
24,6023,664.411614474783,74,50
76,1200,784.800566683203,79,3
6,5901,329.25823468598,85,79
69,8550,4730.52451329171,70,1
7,2789,160.95478714386,84,77
54,4292,1498.30978394928,75,21
18,6998,609.467515860656,68,50
15,5779,448.172611958191,66,51
58,8279,3306.52110199261,72,14
46,3714,971.411812508768,78,32
68,4493,2420.62348303204,77,9
68,8268,4454.42131264388,76,8
95,1568,1389.960447545,98,3
8,6578,393.096348832485,52,44
22,6606,673.237915757176,45,23
41,1309,283.016395528412,72,31
12,3566,246.738112950444,88,76
29,9461,1273.74916877557,58,29
57,8815,3406.49441606542,82,25
65,8488,4206.09568579858,86,21
13,1869,134.293628017241,81,68
35,6178,1055.96262439569,37,2
19,1449,131.227350907898,88,69
58,9023,3603.66468212094,74,16
95,6664,5907.33190206624,96,1
39,1223,244.65462319263,84,45
4,7867,412.119242711337,46,42
39,3016,603.334704455414,58,19
24,9926,1094.96093064531,82,58
65,6598,3269.53573691082,89,24
86,1634,1279.27096347977,91,5
32,1967,298.454445722747,91,59
3,2530,128.782121868205,81,78
22,9387,956.658237240783,80,58
25,9605,1102.49526804816,37,12
34,5366,881.548347476487,43,9
6,6886,384.218302668642,61,55
83,9860,7365.76069806046,90,7
50,5895,1786.44884209915,56,6
98,5371,5036.07311227723,99,1
9,6153,381.062292050469,85,76
36,1592,283.084114166845,90,54
66,1944,991.170477501719,82,16
64,9101,4380.45461652356,84,20
16,4447,358.396506556425,75,59
52,7304,2377.54927753985,75,23
33,5717,902.632523974876,75,42
7,9992,576.644042001236,84,77
13,3022,217.140365900536,69,56
8,9276,554.326806289166,49,41
83,4646,3470.72253582037,92,9
51,5779,1815.39584468377,82,31
19,3353,303.661357897987,66,47
53,6747,2274.87956192456,80,27
48,9733,2741.97449945966,81,33
22,9302,947.995624034704,81,59
26,9595,1146.10743485725,77,51
77,6093,4069.81676783132,86,9
12,5750,397.853098560026,85,73
64,7502,3610.83073653002,68,4
75,4632,2963.97355550732,78,3
45,7710,1942.24320810289,86,41
1,6677,323.38566651072,80,79
17,2737,229.279688515198,72,55
55,7895,2852.34716181596,80,25
8,4122,246.327629961615,64,56
4,4354,228.087858493093,46,42
8,7508,448.672451662253,79,71
88,4395,3539.86232464875,90,2
19,3294,298.318077219197,65,46
72,3037,1812.6287800075,94,22
41,8311,1796.90547229689,70,29
90,6279,5193.57581319316,96,6
61,7422,3262.123067187,62,1
21,6008,588.583879537177,65,44
83,4444,3319.8215560021,84,1
19,8921,807.922151448834,69,50
61,2838,1247.3599117053,93,32
77,6437,4299.59142204665,81,4
71,1343,782.095104068249,83,12
33,3474,548.494907869288,81,48
58,1954,780.401284369314,72,14
37,9974,1844.82368391635,85,48
79,5334,3708.57782883555,88,9
32,9939,1508.05222981107,89,57
21,9929,972.711274954166,77,56
15,9177,711.694075089172,65,50
30,2208,309.357846921888,82,52
8,4946,295.569252253796,63,55
82,9159,6727.24695284133,89,7
49,4516,1319.74789514453,71,22
52,5856,1906.20599250731,57,5
27,7895,981.416968626808,80,53
0,4300,277.918344589094,34,34
77,8635,5767.74459055038,86,9
9,2021,125.162829877133,33,24
66,6648,3389.55829960465,85,19
1,2653,128.492163135082,57,56
7,8066,465.493479061446,49,42
3,1507,76.7093508519308,81,78
13,2617,188.039820503541,77,64
58,3987,1592.35410480064,67,9
26,2943,351.536652504938,85,59
33,7104,1121.61998431302,69,36
42,1586,356.387095555903,73,31
63,4588,2143.64379590495,83,20
15,2521,195.508419232843,89,74
93,4483,3856.0712579366,93,0
99,2119,2018.09523809524,99,0
85,2609,2012.16797202297,90,5
0,3766,243.404764121518,58,58
50,7108,2154.04213225458,85,35
35,1634,279.288269385329,87,52
42,4936,1109.15933396213,56,14
71,5021,2923.97581349716,88,17
72,6906,4121.83548064925,96,24
39,9586,1917.6281422114,78,39
43,6799,1587.50312281287,83,40
6,8105,452.234874111145,25,19
9,5225,323.590195996051,55,46
88,1592,1282.2436452425,95,7
76,2766,1808.96530620478,76,0
4,5951,311.748012377674,37,33
63,4293,2005.81142454663,76,13
12,6001,415.220251210211,87,75
26,6824,815.115907813012,78,52
62,1418,642.766168352515,67,5
79,4086,2840.87907923173,89,10
17,9802,821.117832234552,58,41
94,6447,5624.60283813744,99,5
10,8907,572.11687769588,71,61
80,5022,3558.58714130355,88,8
2,5492,272.298262375606,84,82
39,2189,437.897767922049,71,32
22,8913,908.351429479824,74,52
34,4467,733.856963879513,86,52
32,6334,961.062765230238,56,24
54,9996,3489.53974845223,76,22
57,9468,3658.84164847503,90,33
43,6346,1481.73184547294,81,38
50,6697,2029.49073715657,60,10
72,2569,1533.30369965073,84,12
66,4570,2330.06640029982,67,1
29,6138,826.368502055219,77,48
38,3309,636.552447076147,86,48
47,8717,2366.59502355333,78,31
37,1553,287.24796281553,39,2
33,4717,744.746827984868,81,48
42,2307,518.401657911392,87,45
33,1049,165.622095093518,89,56
62,9736,4413.23795139639,92,30
74,5857,3664.40371178175,75,1
10,9111,585.220261893698,45,35
41,4732,1023.09670255191,68,27
21,6365,623.557988224722,82,61
82,6444,4733.0908793656,85,3
99,9836,9367.61904761905,99,0
38,2876,553.256221756119,78,40
82,8858,6506.16371964936,89,7
58,9883,3947.13710001122,77,19
98,6681,6264.3836274668,98,0
57,6103,2358.4611935618,72,15
3,1306,66.4780439367098,79,76
84,9916,7529.06503478073,84,0
69,5686,3145.9371207692,85,16
55,5789,2091.48039515549,74,19
6,8883,495.644958263948,69,63
0,4141,267.641829056614,84,84
20,5682,535.167263442587,87,67
79,6435,4474.07167764469,79,0
35,9971,1704.27376624303,82,47
14,7145,533.308705289294,77,63
26,8730,1042.78456553452,80,54
38,4277,822.766641325077,75,37
62,4148,1880.24969416518,70,8
71,6807,3964.05165554175,81,10
58,1664,664.579189964452,81,23
93,2997,2577.88212358599,95,2
13,1182,84.9304806401169,75,62
4,1283,67.2110065334492,73,69
80,9345,6621.86316915207,90,10
65,4146,2054.48547517918,94,29
69,7969,4409.07015747621,85,16
19,5539,501.634435251103,89,70
42,7074,1589.58531775691,75,33
66,5494,2801.17829392718,81,15
10,4896,314.481220747618,74,64
8,4306,257.32333202686,64,56
85,6476,4994.55721993896,96,11
67,1677,879.208769168065,72,5
25,2953,338.95559880752,77,52
37,5333,986.409134381983,79,42
56,8185,3059.04712471402,71,15
1,5185,251.123959990727,80,79
35,2671,456.53547584346,83,48
18,5967,519.676002735144,82,64
37,1363,252.104940964306,64,27
3,2867,145.936104109148,47,44
95,4949,4387.0626625639,97,2
99,5290,5038.09523809524,99,0
91,4917,4119.9018121405,93,2
30,9841,1378.80007769851,69,39
74,3113,1947.63338821523,86,12
14,8265,616.906430960954,86,72
34,2995,492.030805197927,91,57
87,2152,1709.32314269368,89,2
13,5413,388.941363540569,83,70
58,1323,528.388382405631,64,6
59,8751,3610.25298944147,66,7
22,7567,771.176401534144,44,22
24,7557,833.630843530788,65,41
95,8248,7311.47561948415,95,0
72,5322,3176.4275163648,77,5
64,7195,3463.06680209724,68,4
61,4947,2174.30919069983,85,24
99,8828,8407.61904761905,99,0
78,3599,2453.49309458786,88,10
11,5625,374.909194864598,80,69
41,9376,2027.16709279938,71,30
77,9866,6589.99051886162,89,12
12,2622,181.421012943372,78,66
56,1746,652.546888179681,75,19
94,2947,2571.07252427346,98,4
80,1024,725.605980225973,84,4
6,3137,175.035262194529,75,69
12,7202,498.319654926836,78,66
27,4711,585.61815569359,75,48
79,8963,6231.7178627396,81,2
35,1439,245.958273956847,72,37
66,9854,5024.1738093117,88,22
66,1544,787.225934805892,84,18
87,9258,7353.58441220174,91,4
44,6006,1456.81307160298,74,30
25,6861,787.529415312696,85,60
61,4704,2067.5056464629,72,11
29,9641,1297.98284918774,65,36
54,7232,2524.64500408228,82,28
17,3596,301.23849466593,72,55
26,8300,991.421751882767,44,18
18,8122,707.358554418441,72,54
58,3752,1498.49826967946,72,14
68,1061,571.618409859114,80,12
12,5940,410.999548773314,81,69
16,5890,474.692022401022,83,67
91,5032,4216.25908454159,93,2
75,2075,1327.77312773698,76,1
88,5868,4726.25986826823,89,1
28,5867,758.991176145915,62,34
8,3042,181.787639578659,78,70
7,4222,243.654037763132,77,70
12,7861,543.917079613976,71,59
84,7968,6049.97884198597,86,2
67,6141,3219.57128888556,82,15
93,1133,974.554703377687,93,0
31,9750,1421.61045282064,55,24
51,6783,2130.78906635924,90,39
2,4892,242.549726791963,89,87
4,3668,192.151186254631,85,81
66,9248,4715.19782712752,87,21
46,7372,1928.17659714988,53,7
52,9786,3185.47333379038,89,37
9,6810,421.751049709685,64,55
27,2406,299.086665803179,75,48
78,5534,3772.61205486225,84,6
51,8522,2677.07274414174,72,21
63,6363,2972.97416594228,89,26
31,4153,605.533149801449,59,28
76,4773,3121.54425398244,88,12
4,4171,218.501253508197,83,79
6,6044,337.237209022549,76,70
16,9711,782.637390413637,73,57
40,8737,1817.18844563277,82,42
31,5954,868.130116522472,71,40
34,3460,568.422900161879,71,37
92,7808,6627.41370549433,93,1
6,6236,347.950237502418,89,83
17,7214,604.319938965523,72,55
68,1439,775.267570016272,86,18
92,3609,3063.31148349501,94,2
85,2191,1689.78920149572,87,2
75,8827,5648.31489085992,90,15
19,6518,590.296668887289,66,47
36,3507,623.603007778344,37,1
77,2812,1878.27420829504,83,6
15,6313,489.58534336253,77,62
30,2802,392.581832914461,55,25
12,6585,455.628287655264,89,77
10,6234,400.424005339185,73,63
5,6182,333.959742783273,72,67
38,1541,296.442224522316,70,32
75,6950,4447.24011458893,87,12
2,5193,257.473575476424,2,0
58,9803,3915.18617741678,64,6
26,5277,630.329227070525,57,31
34,8279,1360.10785850873,35,1
99,7578,7217.14285714286,99,0
11,7582,505.344269415712,84,73
8,2887,172.524955773698,85,77
26,7285,870.18162198385,65,39
45,3195,804.859539544581,89,44
24,3064,337.997208492568,88,64
13,6029,433.202933823405,77,64
30,1356,189.986069033551,82,52
76,3416,2234.06561315819,83,7
22,4096,417.436043436481,80,58
69,9601,5312.01939790803,87,18
12,7628,527.795380141892,87,75
10,4645,298.358919602264,81,71
11,1943,129.501967221673,82,71
96,1395,1260.52374015521,98,2
47,2745,745.245306831925,86,39
61,7105,3122.79498684501,85,24
2,9541,473.051296672552,30,28
45,4770,1201.6212843905,68,23
3,4698,239.137710884121,55,52
35,5990,1023.82909034157,82,47
18,1832,159.551941848631,65,47
69,3456,1912.12780326739,85,16
51,2694,846.284202384163,91,40
97,9358,8620.60686650671,97,0
15,5353,415.135489152483,79,64
30,3589,502.846608968594,82,52
18,3153,274.600039655423,77,59
86,1140,892.514625683562,92,6
6,4663,260.181519800156,86,80
47,4331,1175.83148411259,86,39
73,7281,4450.8039257999,91,18
71,2055,1196.72780257651,77,6
41,9929,2146.73016898518,79,38
21,4969,486.79648758659,68,47
16,2677,215.747121216899,55,39
98,8563,8029.02514623533,98,0
19,6153,557.240779942235,74,55
69,1367,756.330644405821,84,15
8,3418,204.257117711985,75,67
57,5932,2292.37945276235,74,17
39,4575,915.20433451045,77,38
43,8980,2096.74629252237,82,39
0,6463,417.717735134725,82,82
92,8693,7378.5998132508,93,1
55,7035,2541.64183449971,68,13
3,3276,166.755032110767,72,69
11,3870,257.937526066843,81,70
98,2650,2484.75027881859,98,0
43,9892,2309.68979127297,91,48
27,1682,209.087186982937,48,21
73,8821,5392.19082948509,74,1
64,1736,835.564137378848,74,10
55,9876,3568.05327043627,55,0
96,8013,7240.55679560122,97,1
24,6561,723.759688289732,70,46
7,2750,158.704074810188,51,44
10,3742,240.357174844278,84,74
64,5235,2519.68793731467,89,25
5,9731,525.681374478168,67,62
0,3339,215.80682618209,67,67
56,6846,2558.61168183167,59,3
4,9224,483.206799894416,71,67
3,4612,234.760136781091,80,77
49,8970,2621.37701936368,58,9
83,7231,5401.80685676219,88,5
13,5381,386.642061188214,82,69
80,3054,2164.06314805676,80,0
42,9755,2192.02781661276,80,38
36,1617,287.52953053253,78,42
61,1020,448.31117334017,84,23
34,5315,873.169859641731,80,46
19,8147,737.82555406946,86,67
22,7635,778.106492099007,63,41
7,3277,189.117546601086,58,51
20,8279,779.769407610204,90,70
0,8171,528.109486892439,84,84
68,7854,4231.37699437651,68,0
71,8088,4710.04110327923,79,8
13,4059,291.652132756543,84,71
27,6444,801.045084969113,67,40
99,9394,8946.66666666667,99,0
51,5085,1597.38499225073,77,26
60,7555,3217.94772680423,82,22
89,4118,3361.73794001298,97,8
58,8283,3308.11864812233,65,7
2,5708,283.007735185717,38,36
73,6024,3682.4121479218,89,16
52,2932,954.405049527223,70,18
37,9283,1717.01406234164,81,44
2,1967,97.5256158217073,65,63
86,4141,3242.02023241722,88,2
29,7779,1047.29888847956,81,52
24,7418,818.297419255179,75,51
91,1927,1614.61272971217,97,6
43,4250,992.33538343208,77,34
14,1081,80.6867334384503,84,70
62,5861,2656.73660981247,63,1
36,2927,520.469348094444,88,52
25,4326,496.553308649282,65,40
23,1039,110.16032816465,77,54
55,6771,2446.26252471892,67,12
30,2887,404.49098915919,74,44
70,7336,4165.49933922852,86,16
61,8679,3814.60066021504,64,3
88,2620,2110.22509455739,89,1
91,9541,7994.30205198953,97,6
27,4816,598.670566295973,85,58
55,6314,2281.15515892412,81,26
99,3705,3528.57142857143,99,0
66,1088,554.729156132649,77,11
47,2131,578.549270986824,88,41
57,2026,782.933373448502,92,35
32,1131,171.607513021061,87,55
40,5759,1197.80110545944,88,48
73,4259,2603.48494986702,84,11
12,3465,239.749736784433,78,66
93,2384,2050.60760181148,97,4
34,5462,897.319618694851,69,35
14,4296,320.65699061201,68,54
93,2338,2011.04050882351,95,2
88,2685,2162.57800720862,91,3
74,2798,1750.5551622956,82,8
75,7616,4873.4072967927,79,4
34,4446,730.406998300496,72,38
79,8175,5683.8439727654,90,11
76,4085,2671.59192908407,83,7
65,1941,961.832201476795,77,12
42,3034,681.764469052086,69,27
33,3400,536.811366366027,63,30
80,7979,5653.91612912406,83,3
74,7622,4768.66742209331,74,0
60,4926,2098.16154893946,78,18
6,9909,552.892704203249,88,82
58,9129,3645.99965455858,83,25
93,3622,3115.47849570519,95,2
31,1278,186.340323969721,80,49
87,1174,932.50249513122,93,6
67,5724,3000.94871479905,73,6
57,2404,929.008800478874,77,20
13,8529,612.835930101148,69,56
70,2149,1220.23692475492,88,18
40,5057,1051.79374723188,90,50
56,5133,1918.3981540815,90,34
46,3987,1042.81607336361,80,34
77,7615,5086.4360228189,97,20
33,4844,764.798311375599,79,46
52,5029,1637.00647819659,80,28
20,1573,148.155245581695,78,58
25,3218,369.373219425194,71,46
95,3072,2723.18781559836,97,2
13,3197,229.714675639978,84,71
33,1435,226.565973745661,74,41
97,3891,3584.39637930943,97,0
30,8764,1227.90406269177,91,61
78,1683,1147.32672358749,79,1
89,4265,3481.74169843501,90,1
3,1472,74.9277799960465,53,50
62,2364,1071.57914103339,94,32
53,1506,507.776585187251,70,17
45,8261,2081.04684074422,78,33
82,2307,1694.48179061087,92,10
7,8558,493.887080809305,78,71
88,1643,1323.32054593809,90,2
24,3625,399.882467619308,67,43
57,4459,1723.14901885828,72,15
83,1985,1482.86358880832,87,4
18,7018,611.209349286952,76,58
67,8143,4269.16935440403,95,28
31,9645,1406.30080179027,82,51
75,6370,4076.10352948654,90,15
82,7591,5575.55755202736,83,1
90,5695,4710.52942445215,91,1
45,2382,600.054905538402,69,24
85,3053,2354.59901057345,86,1
35,1710,292.278421449763,60,25
26,1589,189.803513703821,62,36
8,3681,219.973800555242,64,56
40,3694,768.306526057851,79,39
67,6826,3578.69949811641,70,3
1,5068,245.457324827966,74,73
62,9987,4527.01390926415,76,14
73,5053,3088.84936644237,89,16
20,4309,405.849302740955,77,57
37,1279,236.568026040607,75,38
51,1908,599.372775853372,73,22
25,3460,397.150820140203,73,48
31,3783,551.584855694409,83,52
67,5341,2800.15148248458,85,18
50,9383,2843.46895426909,57,7
39,3996,799.378474470767,84,45
3,5235,266.472098015831,61,58
42,7740,1739.24093291468,53,11
98,5597,5247.9801171878,98,0
27,4683,582.137512866288,83,56
39,4662,932.608220215895,62,23
8,3315,198.101914925462,66,58
90,8419,6963.64305960713,97,7
84,3383,2568.65944056709,91,7
0,6282,406.019311792719,56,56
44,3179,771.097028742235,90,46
61,9344,4106.8819644025,84,23
34,2324,381.796190744569,75,41
14,4844,361.560163529929,88,74
27,2871,356.890198470876,73,46
99,6468,6160,99,0
8,7106,424.649233019708,76,68
55,3581,1293.76253153425,91,36
89,9870,8057.39520833611,99,10
50,5941,1800.3889009179,82,32
88,3339,2689.32885142256,90,2
3,7765,395.254219884036,86,83
3,4108,209.105516456358,72,69
17,6984,585.05273824996,82,65
7,6894,397.856687905977,55,48
66,7616,3883.10409292855,90,24
70,8502,4827.57298011463,79,9
23,4324,458.453569763182,86,63
26,5112,610.620240436711,85,59
10,1805,115.939257240492,82,72
70,4172,2368.92901353072,70,0
46,9333,2441.08412658706,81,35
43,7701,1798.11171477893,71,28
7,4857,280.300251401121,61,54
63,5995,2801.0341230275,67,4
3,5922,301.441788815617,73,70
7,5380,310.482880901386,25,18
68,9989,5381.61762119009,73,5
49,3134,915.874646453264,85,36
76,5322,3480.59051324001,76,0
53,7292,2458.63669268621,69,16
33,6644,1048.99256415761,75,42
5,7300,394.355568152361,82,77
48,2762,778.108863403636,78,30
65,6113,3029.20157013274,86,21
71,5655,3293.18526694412,82,11
83,8837,6601.54434977284,94,11
54,6630,2314.49064948362,83,29
11,7954,530.138264169424,86,75
3,6516,331.677591341195,76,73
33,4302,679.224264149015,72,39
61,9451,4153.9106855274,89,28
26,2169,259.083587931774,73,47
3,2299,117.023754219369,73,70
7,6699,386.603126237618,72,65
55,6444,2328.12224328588,87,32
71,2496,1453.54384196154,86,15
62,9571,4338.44499104508,66,4
39,8544,1709.18160307263,69,30
3,2588,131.734439286527,66,63
15,5442,422.037611053206,72,57
39,7205,1441.32179893941,92,53
67,3398,1781.48562768818,85,18
48,6068,1709.47305689112,79,31
36,9546,1697.4377850733,56,20
0,9376,605.991255550546,51,51
65,9785,4848.80375654325,90,25
99,4330,4123.80952380952,99,0
15,9754,756.441539546669,77,62
8,2501,149.457885136827,83,75
46,1118,292.417449215079,79,33
90,3786,3131.5301845436,90,0
23,7384,782.891109882363,71,48
41,2497,539.871611638231,87,46
57,8519,3292.1073091845,82,25
40,5953,1238.15071727731,68,28
29,9696,1305.38758486924,70,41
29,8492,1143.29118922335,78,49
58,3901,1558.00686301161,69,11
96,6735,6085.75440139451,97,1
56,4882,1824.58986717824,69,13
65,5311,2631.78300981106,73,8
56,5358,2002.48924791909,68,12
63,5838,2727.67926776223,86,23
31,9851,1436.33687904986,70,39
61,5198,2284.62890100216,65,4
61,4585,2015.20267623988,86,25
80,3448,2443.25138654214,89,9
68,9216,4965.16047621262,73,5
26,4174,498.577637633574,86,60
94,9064,7907.77107567515,99,5
85,8254,6365.82385629651,89,4
16,9501,765.712887068269,88,72
60,2012,856.983564041048,76,16
39,2592,518.515767224281,85,46
48,5616,1582.13590763028,85,37
95,5405,4791.28585394178,95,0
46,9508,2486.8560886735,83,37
68,2048,1103.36899471392,93,25
46,9201,2406.55898947043,65,19
2,5957,295.353377452928,24,22
96,1411,1274.98136011398,98,2
8,2541,151.84825515101,83,75
12,2245,155.33568804648,68,56
24,3024,333.584712298148,71,47
57,4477,1730.10499157401,68,11
88,3994,3216.88512506191,89,1
82,6959,5111.35621190336,93,11
18,1714,149.27512463349,77,59
78,5759,3925.99798047555,92,14
28,7410,958.603138783233,71,43
47,1057,286.966954215426,54,7
59,1107,456.696384334556,68,9
45,5199,1309.69162631996,81,36
98,9311,8730.38107399243,98,0
72,3159,1885.44429240819,76,4
79,4575,3180.86681044669,82,3
70,9278,5268.19831916061,79,9
64,5777,2780.56107237189,85,21
41,1762,380.958662277358,75,34
70,5801,3293.90153583215,78,8
46,5722,1496.61238319202,56,10
59,9704,4003.41618209805,60,1
58,6627,2646.73455041732,68,10
8,5171,309.015083583579,81,73
73,4035,2466.55594569463,76,3
48,1993,561.466678046143,89,41
3,9649,491.153633955063,42,39
91,3453,2893.23184000837,98,7
46,9019,2358.95614890053,83,37
46,6064,1586.06387481238,89,43
42,4820,1083.0931907815,73,31
69,1458,806.678917003428,72,3
73,5293,3235.55901376993,86,13
32,3328,504.960038314846,81,49
27,5522,686.432489012949,59,32
15,1223,94.8460121863416,66,51
32,9274,1407.15126061655,51,19
13,1806,129.766876511041,64,51
28,2161,279.560240608713,79,51
8,2844,169.955308008451,89,81
37,4501,832.519691328203,67,30
18,1090,94.9299217330831,78,60
42,8536,1918.10860508524,72,30
58,2602,1039.20375738432,77,19
59,2650,1093.26596069248,64,5
11,3840,255.938010360899,61,50
88,5430,4373.48177994146,88,0
90,8459,6996.72842869898,92,2
31,6073,885.481054356898,53,22
24,1967,216.984500360601,75,51
60,4270,1818.74742467956,83,23
15,6148,476.789274670178,84,69
18,4776,415.949822199271,75,57
90,8627,7135.68697888475,93,3
23,4044,428.766474588878,87,64
18,6528,568.534430342722,78,60
68,2224,1198.18976769714,81,13
45,3283,827.027814812163,74,29
17,6756,565.953078410185,47,30
7,8316,479.921122226009,64,57
63,2344,1095.18331682677,81,18
36,4161,739.895099904674,57,21
20,4303,405.284184194554,69,49
30,1901,266.344776720339,60,30
49,3580,1046.21290181962,61,12
79,8051,5597.6303149522,82,3
75,6267,4010.19479109767,76,1
35,6743,1152.53414961155,37,2
74,9439,5905.46468081064,94,20
28,5579,721.733726217498,60,32
3,1676,85.3117929846291,75,72
23,7732,819.787928170427,70,47
42,8147,1830.69714217777,68,26
40,7013,1458.61766844713,76,36
69,4241,2346.45081413686,80,11
49,6620,1934.6171536441,70,21
6,4972,277.422800009946,19,13
35,5972,1020.75247537894,58,23
19,1998,180.947030444431,56,37
96,1311,1184.62123537167,96,0
77,8762,5852.57418672872,78,1
51,7242,2274.97780017302,63,12
52,2037,663.07062956581,90,38
97,5871,5408.37603262031,99,2
77,1146,765.470214333612,86,9
74,1070,669.44032296508,92,18
85,5901,4551.09360019453,87,2
64,6356,3059.24289008062,84,20
17,9900,829.32733514814,86,69
78,6895,4700.42647601648,94,16
38,1568,301.636215477606,41,3
14,1425,106.363177751889,78,64
10,4255,273.30833216526,71,61
17,1543,129.257785670059,78,61
21,8661,848.489510764229,71,50
34,8793,1444.54987315705,71,37
13,5488,394.330353428901,83,70
72,6833,4078.2655429013,90,18
49,8723,2549.19417390294,88,39
69,4229,2339.81148148662,82,13
12,4159,287.768875984547,80,68
47,5402,1466.59932513882,83,36
26,2941,351.297755697255,80,54
79,7298,5074.0909251672,86,7
1,4616,223.565708643625,64,63
10,6506,417.895184269608,78,68
99,1837,1749.52380952381,99,0
88,2973,2394.54168172485,98,10
40,1842,383.113324580011,79,39
67,7029,3685.12727399066,73,6
72,9707,5793.60802355377,81,9
99,3321,3162.85714285714,99,0
25,3160,362.715777931514,76,51
66,6284,3203.96876575144,94,28
37,2630,486.453407730098,90,53
15,7539,584.664011343278,45,30
0,3059,197.709817697218,67,67
28,2665,344.760777983443,79,51
79,5623,3909.51127325503,82,3
28,7339,949.418142446713,84,56
53,7817,2635.65044250248,76,23
3,4557,231.96052543613,77,74
84,3523,2674.95926961804,90,6
5,9736,525.951481031697,86,81
44,9646,2339.73008469569,78,34
91,3199,2680.40795140074,95,4
39,3377,675.550827899845,84,45
78,4093,2790.26041571218,80,2
77,5750,3840.71006319221,84,7
16,5956,480.011152023851,71,55
60,8087,3444.54576660037,65,5
54,4871,1700.43498546527,63,9
71,2946,1715.60102500749,91,20
81,5440,3925.94207522085,90,9
77,5492,3668.37907253071,89,12
74,9458,5917.35193888199,92,18
19,3104,281.110902151909,65,46
71,9373,5458.35994819933,74,3
25,1911,219.351218869343,70,45
63,4616,2156.72619047455,85,22
16,5613,452.367796559751,73,57
16,9098,733.233959219778,61,45
49,5723,1672.47945170773,81,32
95,5554,4923.36755463324,95,0
4,5806,304.152068537183,75,71
49,8309,2428.20754224,63,14
79,1574,1094.35723708046,85,6
72,1710,1020.61087053435,84,12
43,1503,350.936489717275,76,33
81,6687,4825.8776943018,95,14
77,8805,5881.29601850563,86,9
54,2087,728.558368849519,78,24
35,5884,1005.71124667275,80,45
79,4983,3464.53755550948,84,5
64,9021,4341.94935673651,90,26
35,6986,1194.06845160704,56,21
4,3744,196.13250854344,52,48
46,7272,1902.02119024334,84,38
62,1946,882.103641476724,76,14
76,2206,1442.72504175262,84,8
21,5573,545.968368951512,57,36
67,7296,3825.10863437698,80,13
73,9179,5611.03272008204,76,3
1,3411,165.204209745105,82,81
19,3925,355.464011258455,64,45
78,5237,3570.14263305269,92,14
43,3340,779.858866038388,83,40
24,9864,1088.12156154396,43,19
85,9704,7484.12341913028,85,0
9,7943,491.919029051987,35,26
41,5654,1222.44056555969,64,23
87,2132,1693.43723988055,90,3
20,1522,143.351737937279,68,48
62,7164,3247.37435125347,68,6
80,6562,4649.83051000277,82,2
64,3871,1863.17325794558,70,6
7,5413,312.387329799108,88,81
24,1808,199.444827987782,80,56
91,4888,4095.60302170892,92,1
33,6124,966.892002242809,74,41
22,6288,640.829551056786,63,41
97,6265,5771.32955959228,97,0
23,6324,670.50424957964,82,59
15,8869,687.808080196781,70,55
99,7724,7356.19047619048,99,0
77,6789,4534.70967287163,88,11
76,8607,5628.98206453528,88,12
32,2818,427.577340135588,82,50
20,3068,288.963950060165,69,49
31,3544,516.737173825267,91,60
0,4193,271.002702060947,48,48
79,8045,5593.45868634833,86,7
0,5272,340.740816900862,47,47
99,3586,3415.23809523809,99,0
25,1592,182.735290654105,86,61
31,1669,243.350548282836,76,45
4,3782,198.123169687845,58,54
21,2293,224.637622466502,78,57
27,9865,1226.305053262,59,32
21,4552,445.944377438953,74,53
47,2071,562.259756083394,70,23
12,2838,196.366451080583,80,68
74,6708,4196.82774434557,92,18
11,5009,333.852472369204,77,66
98,1982,1858.40568023338,98,0
40,2814,585.277359048942,68,28
12,6283,434.732351000459,76,64
28,6752,873.480214988447,75,47
20,6413,604.017539679217,73,53
41,6078,1314.11279757195,65,24
61,6756,2969.40224224136,70,9
46,3489,912.562146969061,76,30
97,9715,8949.47592520973,97,0
75,4905,3138.66370677103,80,5
92,5827,4945.94514112647,93,1
83,1633,1219.90742595667,90,7
38,3687,709.268320450213,67,29
0,8470,547.434506667356,88,88
2,3784,187.614097747504,88,86
68,4543,2447.56120262955,77,9
86,2516,1969.79543703495,95,9
59,3252,1341.62298270639,60,1
34,1734,284.868586381705,46,12
16,8245,664.488238488357,85,69
63,2742,1281.14021106612,82,19
81,2716,1960.08431549629,83,2
29,6146,827.445554517982,68,39
83,8540,6379.67508736676,86,3
98,2687,2519.44301856059,99,1
25,2192,251.605375071481,58,33
56,7299,2727.91508409135,78,22
7,8132,469.302376856891,76,69
79,6451,4485.19602058833,87,8
36,5718,1016.75563115956,77,41
59,4788,1975.30468671532,71,12
52,7194,2341.74281251666,80,28
37,5831,1078.52084428677,90,53
2,9124,452.37606444192,82,80
59,1540,635.33191677978,69,10
79,5568,3871.27134438627,87,8
17,6442,539.649160911547,76,59
2,5292,262.382083847725,63,61
66,6733,3432.89651492751,67,1
84,8712,6614.88650494249,84,0
41,3124,675.434086807302,67,26
88,2887,2325.27475114014,88,0
38,4780,919.528769121784,70,32
93,1453,1249.80404590272,93,0
79,2659,1848.72674294596,93,14
4,7053,369.477185565407,70,66
75,9848,6301.64325877291,76,1
53,9103,3069.24983729053,64,11
62,6060,2746.94145290285,90,28
89,8088,6602.65576950582,92,3
6,8034,448.273285454526,81,75
29,1964,264.416379608415,91,62
85,8819,6801.57506526277,93,8
24,2265,249.857597009029,89,65
34,9931,1631.50515072475,76,42
72,4282,2555.70511557198,79,7
14,2371,176.973399613844,79,65
38,9366,1801.73775137963,83,45
89,9949,8121.88702408673,97,8
54,6415,2239.43552284124,79,25
21,1277,125.103464408951,71,50
76,3505,2292.27165518719,76,0
59,7441,3069.80830698594,90,31
39,6279,1256.08044074123,67,28
21,3025,296.349240279621,86,65
54,2964,1034.71346682797,88,34
80,5159,3655.66528514238,84,4
52,1036,337.231797854776,79,27
45,8321,2096.16157388121,73,28
65,9172,4545.04119111034,90,25
64,4062,1955.10456568714,93,29
71,3058,1780.82414612115,82,11
19,7752,702.052742745361,85,66
98,9201,8627.24049638109,98,0
59,1707,704.228299963042,86,27
14,1146,85.5383871604662,68,54
98,8172,7662.40727490775,98,0
74,5574,3487.34613103491,83,9
72,2861,1707.58345064256,74,2
72,6684,3989.33512201848,79,7
63,2284,1067.14961417762,64,1
82,6924,5085.64885920662,84,2
39,4235,847.189148994919,84,45
36,7710,1370.96640717737,78,42
94,4114,3589.20677463897,96,2
0,2640,170.628937143072,84,84
92,2226,1889.42404052643,94,2
62,7278,3299.04948749619,82,20
84,7320,5557.96249037868,86,2
58,2417,965.317248884663,84,26
73,2182,1333.83521028642,81,8
24,5522,609.145099639674,78,54
23,5631,597.028689023238,39,16
84,2423,1839.7463270748,93,9
97,6034,5558.53193337267,98,1
65,1662,823.57811378384,92,27
60,6182,2633.13737221757,73,13
76,7339,4799.70946574002,87,11
31,9413,1372.47376332315,39,8
91,8257,6918.45215839823,94,3
9,3313,205.177860159792,88,79
12,3770,260.853248968921,58,46
59,2008,828.406810969999,82,23
2,9517,471.861355249206,72,70
63,5209,2433.79261832365,79,16
35,7814,1335.59273988798,81,46
28,1536,198.706399618225,81,53
51,5776,1814.45343465884,75,24
26,5712,682.28928274149,90,64
76,9257,6054.08237148868,94,18
46,7798,2039.59863057172,87,41
67,6145,3221.66838791757,85,18
83,8844,6606.77359164773,84,1
4,5273,276.23042669593,58,54
97,8025,7392.64480697973,99,2
37,2611,482.939105544976,58,21
58,9502,3794.97083115518,81,23
53,8509,2868.97142321269,78,25
90,6049,5003.33494091502,93,3
45,3357,845.669319014448,76,31
76,2564,1676.85721081311,96,20
23,9213,976.811456574514,24,1
4,3725,195.137177971238,42,38
62,3698,1676.26889320705,83,21
30,3465,485.473251623343,81,51
98,9928,9308.90595023057,99,1
30,7670,1074.62621643609,77,47
17,5194,435.103654420145,59,42
3,7756,394.796101663952,72,69
21,7037,689.391604577749,56,35
79,6635,4613.12596444017,92,13
88,5631,4535.37309444758,88,0
67,4079,2138.51673788702,86,19
54,9844,3436.47751938413,72,18
55,1573,568.301720777264,66,11
98,3762,3527.40775430776,98,0
46,8419,2202.02370746131,78,32
9,4251,263.269267594107,67,58
64,5316,2558.67451284905,76,12
84,1007,764.599484673679,88,4
19,3989,361.260112333752,65,46
58,2197,877.45221174994,81,23
91,4893,4099.79246833506,98,7
36,7561,1344.47172563789,88,52
64,5230,2517.28135857798,95,31
57,6439,2488.3060175888,92,35
57,6208,2399.03770107024,77,20
80,4874,3453.71440197402,84,4
65,7489,3711.05685567219,87,22
84,3418,2595.23439782982,85,1
12,2913,201.55583932267,89,77
41,3038,656.840190691608,83,42
35,1918,327.830416573477,84,49
73,4639,2835.77522480233,87,14
27,2712,337.125119558696,52,25
20,1023,96.3527121615218,65,45
43,1951,455.540313664939,70,27
44,4053,983.094135732079,55,11
50,8192,2482.54264876611,87,37
9,1937,119.960614286,33,24
79,4512,3137.06471010611,87,8
72,9108,5436.09579463559,86,14
81,5809,4192.24219024961,86,5
15,6160,477.719897847804,74,59
41,1502,324.744557741539,75,34
44,3257,790.016679022793,51,7
82,7262,5333.908436678,87,5
80,3448,2443.25138654214,84,4
50,4377,1326.42690108023,79,29
60,5767,2456.37386372998,87,27
36,1211,215.3359687538,77,41
73,1334,815.461123062364,76,3
21,2875,281.654236629391,74,53
86,3903,3055.68823161662,93,7
95,2357,2089.37294315278,95,0
44,4748,1151.67307092423,74,30
48,5482,1544.38551382286,50,2
44,3217,780.314294263532,57,13
15,2946,228.467990107083,75,60
56,4295,1605.20554681084,73,17
63,7040,3289.28777750019,68,5
45,3084,776.897283241155,57,12
12,5547,383.807154384776,45,33
33,4112,649.225981910913,81,48
11,8034,535.470306051943,76,65
82,6376,4683.14516555479,82,0
34,8579,1409.39308106612,43,9
98,5173,4850.42007257683,99,1
48,8428,2374.3307388725,61,13
66,7246,3694.45539093491,86,20
8,6942,414.848715961556,75,67
51,4171,1310.26407132307,53,2
51,3998,1255.9184265523,86,35
21,3625,355.129254880537,67,46
36,6273,1115.44387447777,46,10
15,3442,266.933748115607,47,32
37,4630,856.379953532455,92,55
32,4284,650.014664705769,73,41
47,9078,2464.60360488897,80,33
89,2680,2187.8236229322,91,2
28,5630,728.331399642321,77,49
98,1933,1812.4612411156,98,0
64,9512,4578.27538867949,64,0
90,5085,4205.97754580143,93,3
68,4938,2660.36918744986,73,5
14,3048,227.505239149303,78,64
46,2902,759.029908427691,59,13
79,4683,3255.95612531625,88,9
89,1655,1351.06272237044,90,1
10,6722,431.769355773179,85,75
78,7519,5125.81677638403,82,4
3,1506,76.658448827477,65,62
56,2521,942.193989175816,83,27
6,8572,478.292084007493,80,74
3,8942,455.165902666201,64,61
63,2762,1290.48477861584,70,7
97,4111,3787.06078523286,99,2
68,9359,5042.20235426149,85,17
36,1697,301.754862902723,44,8
39,8364,1673.17356368206,83,44
99,5924,5641.90476190476,99,0
68,4592,2473.96016783511,72,4
45,1657,417.418546799803,75,30
25,4449,510.671675954844,83,58
93,9656,8305.6489106928,98,5
55,6961,2514.90672493994,59,4
13,6361,457.058195729089,64,51
15,2049,158.90390757957,81,66
98,1823,1709.32066350426,99,1
39,4713,942.810498043224,83,44
53,5442,1834.87395523839,84,31
68,6704,3611.80944363383,94,26
60,4577,1949.50982734387,79,19
53,6470,2181.48373583102,66,13
11,3310,220.613232889212,87,76
96,4349,3929.76182504302,97,1
99,4952,4716.19047619048,99,0
6,9220,514.448555127052,79,73
21,8755,857.698379718373,78,57
45,2968,747.675465842979,59,14
49,7297,2132.46244261949,79,30
40,5725,1190.72952400682,79,39
97,3317,3055.62652021829,97,0
63,6048,2825.79722703425,79,16
39,2895,579.129300198416,75,36
54,4685,1635.5035735793,77,23
9,7252,449.124612701121,67,58
89,4848,3957.67497163257,94,5
15,1338,103.764484305254,41,26
61,5672,2492.96174037789,67,6
84,7042,5346.8814012632,88,4
9,9686,599.86500256799,75,66
2,6048,299.865238683114,75,73
0,7106,459.276222476768,85,85
19,1775,160.751240760193,68,49
18,3024,263.36521405582,42,24
75,8124,5198.47175408927,86,11
93,1942,1670.41944744878,98,5
74,5004,3130.72838889463,85,11
10,4892,314.2242916457,13,3
65,2211,1095.62647988933,74,9
72,3047,1818.59726463051,94,22
1,4357,211.021618838881,90,89
79,2980,2071.90887325271,80,1
77,4093,2733.91761541664,92,15
50,4529,1372.48970413351,81,31
33,5049,797.16487905355,60,27
11,7412,494.01368041536,79,68
4,1598,83.7125397041714,84,80
2,7119,352.966374699916,72,70
79,9365,6511.21697919853,86,7
98,5759,5399.87805876086,99,1
81,4093,2953.83840328657,81,0
78,7993,5448.94979300939,86,8
8,1049,62.6874536219637,26,18
92,6289,5338.0897533112,94,2
23,9497,1006.92265310845,71,48
88,8002,6445.04626207947,90,2
38,4488,863.356718790495,70,32
22,2285,232.871425598721,75,53
80,8661,6137.181049548,87,7
5,3241,175.083067997507,75,70
98,8901,8345.94801198653,98,0
97,2204,2030.32886661475,97,0
96,5952,5378.23462466223,98,2
9,9980,618.072757136954,41,32
55,1096,395.968649696046,78,23
12,3137,217.054812205704,74,62
48,9219,2597.17075007897,73,25
49,5640,1648.223677727,82,33
34,6290,1033.34683295324,67,33
90,3795,3138.97439258927,94,4
61,1342,589.836857473047,72,11
19,3335,302.03120447056,77,58
71,6597,3841.75830345364,91,20
24,7179,791.93275449352,83,59
94,9792,8542.90538095886,94,0
28,3692,477.619809499014,64,36
35,4587,784.024046309979,74,39
16,6129,493.953719065511,58,42
53,5129,1729.34004344317,90,37
10,7605,488.486455021575,86,76
91,8273,6931.85838760186,93,2
87,2814,2235.14652580856,88,1
29,6207,835.658079546553,74,45
23,1101,116.73389923896,83,60
76,3689,2412.60774207861,84,8
16,1684,135.718398255233,54,38
21,1446,141.659835188209,88,67
68,7690,4143.02127409669,87,19
39,1365,273.060965378528,90,51
73,1338,817.906283851157,93,20
15,5894,457.091084077103,88,73
11,6409,427.163205313281,79,68
79,1514,1052.64095104181,93,14
33,6251,986.94348563354,89,56
55,3101,1120.34560466007,67,12
36,6014,1069.38936092927,85,49
25,3041,349.056544522068,72,47
75,9273,5933.70612699038,79,4
20,2328,219.265996003932,66,46
29,5482,738.05020010862,65,36
36,5271,937.271586541105,92,56
68,1450,781.193868327724,73,5
32,7948,1205.95624535048,87,55
44,9293,2254.10653919521,79,35
50,2610,790.946815585882,67,17
24,1545,170.43266550947,67,43
96,3026,2734.29737470227,98,2
56,5048,1886.63040752064,88,32
57,1618,625.264658558577,82,25
75,9481,6066.80338509606,92,17
95,2428,2152.31120321381,98,3
12,3939,272.546670474425,56,44
29,2797,376.564467293654,75,46
69,2433,1346.12469483494,76,7
28,3885,502.587475596877,76,48
35,3674,627.971298483292,73,38
49,4237,1238.21342598037,76,27
91,2061,1726.88989929257,97,6
93,7136,6138.06033830819,97,4
40,8268,1719.64221912461,74,34
37,2625,485.528591365592,84,47
51,1410,442.932711715542,85,34
94,3422,2985.48020972643,95,1
58,7484,2989.00880871031,63,5
23,3358,356.033091411833,83,60
15,2481,192.406341974091,72,57
18,2490,216.85826157374,84,66
55,2788,1007.26331692753,92,37
41,2585,558.897923942662,61,20
97,4858,4475.19856352742,98,1
48,4022,1133.07525293607,80,32
1,1034,50.0794936606387,81,80
39,2416,483.30790648683,88,49
50,4861,1473.10056343409,51,1
37,5552,1026.91609114734,82,45
68,7899,4255.62094201427,81,13
44,5412,1312.73265792796,83,39
1,6520,315.781720181203,70,69
0,1596,103.152948363766,89,89
1,7234,350.362724507795,60,59
62,5704,2585.56997481153,70,8
38,3390,652.134419942018,81,43
54,5300,1850.19614513774,80,26
14,2547,190.110185076534,51,37
9,1037,64.2225900952927,86,77
71,5646,3287.9441232832,74,3
27,4020,499.720863062668,74,47
60,5223,2224.66458995347,81,21
31,7389,1077.36201393761,88,57
66,7656,3903.49854719813,86,20
1,7694,372.641802925487,69,68
2,2939,145.718243467208,48,46
90,2555,2113.32795074192,97,7
59,4748,1958.80255900675,76,17
44,4517,1095.6417989395,72,28
3,3134,159.526944638322,76,73
55,3544,1280.39497675437,84,29
87,7669,6091.44943369789,87,0
58,5439,2172.26334988982,88,30
38,1627,312.986047565092,59,21
55,2246,811.446703665438,72,17
9,4581,283.7065431307,65,56
72,2519,1503.46127653569,79,7
80,5934,4204.82996744231,84,4
90,6648,5498.78834306547,91,1
24,2437,268.831330645035,87,63
68,8887,4787.91028126102,83,15
6,4346,242.493863403706,72,66
38,5329,1025.13991854602,74,36
49,1805,527.490024520786,67,18
69,6479,3584.6863534055,86,17
44,4950,1200.6701139585,52,8
97,5329,4909.08463257259,97,0
15,2006,155.569174526412,83,68
49,2755,805.116353215936,86,37
54,9358,3266.81802381112,69,15
19,8935,809.190048559055,75,56
57,8033,3104.29604585973,70,13
22,9629,981.321206603974,64,42
49,4270,1247.85728792452,70,21
19,5770,522.554737569754,27,8
4,4052,212.267340977035,66,62
2,5749,285.040551783932,63,61
19,5651,511.777612132873,75,56
3,6224,316.814200200675,90,87
9,9563,592.24747259526,75,66
35,2802,478.926395849261,72,37
15,7335,568.843417323643,82,67
21,2172,212.783652855318,70,49
47,1988,539.725927133649,80,33
46,2709,708.549973098075,93,47
87,1537,1220.83163118968,91,4
91,3091,2589.91590427624,99,8
76,9389,6140.41043382383,79,3
15,6628,514.014201775202,83,68
92,2176,1846.98414743285,92,0
31,3290,479.702398951786,79,48
96,2521,2277.97874475361,98,2
18,2714,236.366795948245,23,5
40,6573,1367.10308494268,76,36
20,3466,326.45014697149,71,51
96,9184,8298.67385633365,97,1
52,9711,3161.05983491094,65,13
9,1206,74.6889524155478,81,72
40,1381,287.230999590117,90,50
30,2297,321.827434048721,81,51
36,2072,368.436108388004,79,43
26,4222,504.311161017957,63,37
55,1443,521.334636415506,85,30
28,9434,1220.44021744683,60,32
28,5076,656.662554988352,59,31
65,8758,4339.88996421111,79,14
95,6932,6144.90167243745,98,3
25,5767,661.956294725014,70,45
55,8140,2940.86205157465,74,19
83,4272,3191.33161279049,86,3
53,4305,1451.51274849344,91,38
49,2856,834.632415529842,50,1
56,6023,2251.02514748352,80,24
40,2419,503.122221584716,86,46
90,5975,4942.1270080951,91,1
17,1025,85.8646988410953,78,61
19,6566,594.643744693761,62,43
96,1744,1575.88057550587,96,0
86,7261,5684.69183955118,91,5
0,9016,582.723673212854,1,1
14,6512,486.061062119508,31,17
71,3828,2229.23310377756,90,19
93,4124,3547.27590179133,96,3
64,2043,983.328071811628,82,18
11,3006,200.351473735641,90,79
4,8673,454.34221330055,56,52
91,2006,1680.80598640509,91,0
40,1402,291.598741075557,61,21
77,1977,1320.53631216191,77,0
64,2665,1282.70646665589,67,3
58,5734,2290.08237695683,81,23
61,8934,3926.67845355008,89,28
68,2502,1347.96348865929,83,15
58,8974,3584.09474203184,83,25
21,2125,208.179218378246,81,60
87,1715,1362.21616622661,87,0
5,1088,58.7751860479135,68,63
85,2168,1672.05065670594,90,5
36,6354,1129.84702350259,42,6
66,8727,4449.56006026621,86,20
18,9736,847.924511920456,64,46
82,1653,1214.12154307749,93,11
58,4725,1887.1013657344,91,33
28,2183,282.406295811579,45,17
10,3277,210.489166746312,60,50
34,2085,342.532296773849,52,18
59,5670,2339.17660268919,77,18
0,1768,114.26968214733,67,67
80,5775,4092.16263262207,80,0
55,4923,1778.60735625332,73,18
42,6442,1447.56977904863,82,40
52,3221,1048.4783985427,81,29
88,8984,7235.97795782579,88,0
2,8787,435.667303622441,81,79
64,3094,1489.19092226391,92,28
76,8865,5797.71418637217,90,14
38,2236,430.139399112198,48,10
4,7485,392.107859628112,81,77
17,1677,140.483024347821,83,66
83,8766,6548.50489647038,97,14
87,6086,4834.080226038,93,6
89,6999,5713.64833466509,89,0
71,4129,2404.52024177052,88,17
10,2224,142.852580666401,71,61
65,9327,4621.84901760643,81,16
4,9659,505.994631415889,87,83
62,1028,465.982807522133,71,9
74,1530,957.237097323899,77,3
34,7037,1156.06703712114,82,48
97,9053,8339.64030374923,99,2
11,5446,362.978751152462,56,45
54,5731,2000.65549203478,86,32
11,3141,209.349294412391,76,65
96,3384,3057.78662127973,96,0
76,4249,2778.84800653078,84,8
1,8829,427.613007282185,77,76
50,9313,2822.25582128403,78,28
3,2040,103.840129885825,43,40
10,5084,326.556888537763,82,72
93,7084,6093.33232014787,97,4
30,2312,323.929049856615,56,26
14,4963,370.442421882543,84,70
76,3103,2029.36346534832,77,1
40,1789,372.08997702152,84,44
42,2211,496.829677348109,81,39
9,1312,81.2536530424533,71,62
88,9073,7307.66117668671,92,4
30,9021,1263.91174686701,76,46
52,5378,1750.61062631562,71,19
66,3297,1681.01289317035,76,10
48,1753,493.854032420917,69,21
96,6069,5483.95597061073,96,0
46,2430,635.576387828838,62,16
44,6536,1585.36966966318,57,13
63,8063,3767.26240766818,65,2
28,1121,145.01944920054,79,51
42,5036,1131.63014704888,83,41
11,4773,318.122948815773,70,59
60,6572,2799.25247657941,81,21
66,6027,3072.93439706937,78,12
7,4648,268.238741715547,76,69
65,6850,3394.41039676252,77,12
74,2545,1592.26693639825,79,5
97,6990,6439.2008972945,97,0
91,3171,2656.94705029439,91,0
0,1217,78.6573547360297,74,74
5,3953,213.546241220039,84,79
88,3866,3113.79015861025,89,1
43,5468,1276.72702978979,61,18
26,7410,885.112672464012,34,8
89,1028,839.209956856082,89,0
3,1244,63.3221184205719,70,67
68,6711,3615.58072437749,92,24
86,7497,5869.458025219,88,2
8,6552,391.542608323266,82,74
45,9761,2458.91516916891,73,28
92,3952,3354.44915011701,92,0
32,6734,1021.7550775277,37,5
1,9863,477.692500942823,70,69
52,9893,3220.3032588584,61,9
76,9380,6134.52442957371,78,2
46,2380,622.49868437557,62,16
35,2583,441.494247137274,57,22
56,4426,1654.16525033406,82,26
27,6058,753.061937421305,78,51
64,5144,2475.88820430691,72,8
2,6133,304.079614557463,78,76
20,3454,325.319909878686,88,68
16,9094,732.911587727486,50,34
22,2030,206.883585980483,77,55
8,8424,503.411924987056,64,56
41,3670,793.483706332522,68,27
99,5241,4991.42857142857,99,0
28,7300,944.372862768907,90,62
39,9442,1888.82171069894,61,22
79,4693,3262.90883965603,87,8
60,6078,2588.84001105442,88,28
2,3166,156.973106096352,74,72
21,6316,618.757620365647,80,59
82,3784,2779.33207441332,83,1
26,1741,207.959671087698,83,57
60,8261,3518.65865931565,75,15
49,9993,2920.33673963225,64,15
72,9929,5926.10838218454,94,22
4,8663,453.818355104654,69,65
6,7476,417.138546434907,76,70
39,8402,1680.77526088673,76,37
40,5276,1097.34305129432,69,29
96,1772,1601.18141043371,97,1
43,8650,2019.69436863235,78,35
50,2029,614.877811809868,70,20
58,7246,2893.95481399184,66,8
30,2060,288.621904284008,84,54
95,4097,3631.80354183154,98,3
13,5801,416.820404562875,88,75
88,9236,7438.94617302749,97,9
11,4257,283.731278673528,86,75
14,4296,320.65699061201,66,52
67,6883,3608.58315932248,79,12
43,8443,1971.36179819225,76,33
63,2070,967.162741395651,65,2
76,4108,2686.6339399455,84,8
8,2271,135.713257555271,57,49
70,2717,1542.75650281951,76,6
92,4703,3991.89634438266,95,3
97,9492,8744.04791375098,98,1
53,4519,1523.66692460902,92,39
73,7963,4867.70384028906,78,5
36,2356,418.93603830219,91,55
39,2694,538.920322878941,78,39
46,7995,2091.1247821776,90,44
36,9254,1645.5153219221,65,29
89,3778,3084.17822665591,97,8
75,6647,4253.35324340613,78,3
3,6380,324.754916015473,70,67
41,9626,2081.21911639151,88,47
75,4579,2930.05935031693,83,8
97,5992,5519.8414558782,97,0
8,2325,138.940257074419,84,76
72,6090,3634.80713541181,85,13
95,7132,6322.1925458488,95,0
11,6026,401.636054800723,69,58
90,3093,2558.3261650273,97,7
34,6473,1063.41081871325,70,36
46,1962,513.169083506247,72,26
63,3165,1478.77781474263,83,20
50,9750,2954.6863800622,81,31
36,5189,922.690620861657,45,9
7,8076,466.070584788029,87,80
11,7537,502.344995856795,68,57
74,2327,1455.87629115864,78,4
93,4878,4195.83216511594,93,0
97,2852,2627.26766224376,97,0
48,1039,292.706411685872,59,11
83,8523,6366.97549995631,86,3
57,1711,661.203850923192,85,28
75,7125,4559.22098078361,77,2
3,4237,215.671877610903,77,74
32,4101,622.247931829682,89,57
16,6111,492.503047350194,89,73
34,1948,320.025378472642,77,43
12,5480,379.171300888511,78,66
9,5824,360.686947651866,76,67
39,4158,831.785709922284,71,32
45,2867,722.23233172905,83,38
56,4498,1681.07440036209,62,6
49,1833,535.672695261274,73,24
46,8396,2196.00796387281,86,40
18,2344,204.142877561786,81,63
1,1923,93.1362343417874,79,78
19,2823,255.662395868183,84,65
2,2571,127.472474975907,79,77
64,1703,819.680717716692,89,25
23,7702,816.60716797318,64,41
43,3664,855.509845857681,64,21
59,3149,1299.13000385684,77,18
72,5365,3202.09200024374,75,3
30,6130,858.860326825713,70,40
64,3491,1680.27327395712,86,22
17,6862,574.832744826923,73,56
97,6076,5597.22241086715,99,2
82,3654,2683.84762153971,91,9
57,1346,520.152181965293,79,22
90,3220,2663.37221189393,91,1
91,2676,2242.19183430709,98,7
86,5070,3969.34136159268,89,3
33,6978,1101.72638661828,81,48
12,9151,633.174557377877,72,60
5,3990,215.545029716153,75,70
64,2883,1387.63329957559,73,9
94,4109,3584.8445884763,98,4
5,2322,125.437483458874,60,55
50,3437,1041.56482956654,62,12
24,7178,791.822442088659,68,44
57,8734,3375.19253884463,70,13
91,5105,4277.42500528315,92,1
98,4673,4381.59926525256,98,0
31,5009,730.343257249087,74,43
79,2387,1659.6129129041,87,8
14,8231,614.368642860207,68,54
73,1127,688.924052242342,81,8
35,4769,815.132042043228,78,43
18,4314,375.713470051854,71,53
2,1178,58.4062915292177,60,58
37,2401,444.096818235729,72,35
24,5589,616.536030765327,66,42
83,6643,4962.55053927136,97,14
38,4639,892.404594133045,91,53
27,2415,300.205443854812,62,35
1,2254,109.167484246692,78,77
95,5568,4935.77791577203,97,2
13,5612,403.240150044277,80,67
43,2057,480.290325581127,70,27
59,2498,1030.55787539993,83,24
73,8868,5420.92146875341,78,5
55,5491,1983.81738638777,92,37
57,2185,844.377799104135,85,28
49,2928,855.673568862527,64,15
43,6523,1523.0596955594,72,29
0,7155,462.443198961621,68,68
58,5499,2196.22654183565,63,5
46,3086,807.155857135718,65,19
94,1485,1295.56929031086,98,4
52,2377,773.745157819308,71,19
59,9770,4030.64469281718,85,26
39,6134,1227.07396456549,83,44
94,1292,1127.18890443207,96,2
27,4494,558.643173781998,90,63
11,3545,236.276105919111,73,62
69,9217,5099.56075310055,74,5
85,3574,2756.41561211579,90,5
22,1475,150.321817399612,82,60
52,3750,1220.6749439724,85,33
5,4777,258.05980124162,74,69
97,3151,2902.70701393061,97,0
13,8637,620.596075540346,56,43
72,4418,2636.87650644489,88,16
61,3088,1357.24010124946,93,32
82,6250,4590.59869584653,90,8
22,2899,295.446066875576,84,62
77,6331,4228.78876696867,81,4
98,2204,2066.56211868535,99,1
40,5106,1061.98514403124,66,26
11,7826,521.606997157394,80,69
78,3979,2712.5448800681,89,11
15,5997,465.07893301839,74,59
16,4552,366.858758229109,68,52
20,9123,859.26274980407,88,68
46,7797,2039.33707650266,79,33
57,7796,3012.70907176926,58,1
83,6450,4818.37287043509,88,5
32,3289,499.042537865844,86,54
78,8010,5460.5389518335,93,15
15,1047,81.1968722478329,69,54
25,6433,738.402088428301,90,65
12,8173,565.504934701059,79,67
15,5195,402.882283980413,70,55
13,7333,526.899504681876,71,58
9,3476,215.272635652109,87,78
80,2170,1537.66111043981,90,10
45,8108,2042.5042712449,87,42
8,1935,115.634149436129,77,69
64,7712,3711.90704347101,67,3
97,3593,3309.87822946769,98,1
51,4047,1271.3111236261,55,4
77,4595,3069.22830267273,88,11
70,4804,2727.78882574343,75,5
71,2409,1402.87945323932,81,10
91,4569,3828.31632696155,92,1
21,7203,705.654075284002,73,52
15,9966,772.882549018054,82,67
44,6532,1584.39943118725,66,22
96,2628,2374.66407822788,96,0
7,4572,263.85273819352,47,40
14,5402,403.209744712774,68,54
57,6100,2357.30186477584,67,10
57,4543,1755.61022486503,90,33
92,5620,4770.24398371902,95,3
52,5085,1655.23522402658,86,34
4,2610,136.726989128841,87,83
28,2581,333.894021754322,45,17
55,2785,1006.17946113457,73,18
80,6167,4369.93367192732,83,3
74,2150,1345.13709754666,74,0
97,1623,1495.11059460786,97,0
49,5575,1629.22819207943,68,19
78,5707,3890.54878877825,88,10
98,5491,5148.59010603506,98,0
16,6031,486.05561750434,68,52
90,2976,2461.55146043364,90,0
40,4431,921.593453427812,78,38
81,1481,1068.80886275773,81,0
56,4140,1547.27612661161,62,6
2,5765,285.833846066163,78,76
15,9143,709.057309419232,69,54
12,8168,565.15897548492,45,33
41,5270,1139.41665732218,72,31
6,1269,70.8064226091354,84,78
7,5145,296.920896326697,81,74
79,9167,6373.553235271,81,2
76,4948,3235.99433662374,79,3
6,5485,306.046672979596,73,67
62,2526,1145.01222937832,76,14
88,8735,7035.4260309003,95,7
37,7485,1384.45009766532,91,54
67,4881,2558.98509380401,75,8
86,9159,7170.65040055767,91,5
36,2294,407.91140571529,87,51
2,5665,280.875756802222,56,54
12,6151,425.599027694386,75,63
17,6230,521.889828078072,50,33
71,5863,3414.31392044091,83,12
77,8152,5445.12494524224,84,7
41,9702,2097.65093156352,76,35
75,1249,799.223439298067,81,6
62,3541,1605.1022582061,83,21
14,6891,514.349935360186,80,66
99,4197,3997.14285714286,99,0
46,5218,1364.78913238308,69,23
51,7297,2292.25531729667,71,20
0,9470,612.06667982761,87,87
56,7938,2966.7337905901,86,30
76,8654,5659.72008673037,96,20
31,3561,519.215879230185,86,55
52,8191,2666.27959095412,86,34
17,1334,111.749764150264,83,66
80,3307,2343.33884434306,88,8
14,2858,213.323482115718,66,52
75,1468,939.359494707416,75,0
96,2203,1990.63354807307,99,3
68,9858,5311.04079584462,76,8
8,9736,581.816061452277,76,68
3,2234,113.71512262987,76,73
29,4815,648.250951025722,73,44
87,5337,4239.15316568596,90,3
52,2583,840.800901408192,82,30
31,2599,378.950314551882,73,42
98,2606,2443.49404777406,98,0
22,2140,218.094026600115,61,39
68,7226,3893.03923623181,81,13
6,6655,371.329190278799,80,74
53,6699,2258.69544765564,85,32
46,7943,2077.5239705862,78,32
71,9439,5496.79500171274,83,12
93,5516,4744.61054177522,95,2
11,6906,460.288515508429,53,42
57,8134,3143.32678165356,80,23
85,4697,3622.5193425036,89,4
98,1815,1701.81953058707,99,1
95,8819,7817.64106307356,95,0
81,8116,5857.15916957581,84,3
79,2217,1541.41676912794,89,10
38,8667,1667.27109664822,63,25
62,6485,2939.58998714109,79,17
64,1627,783.100720919001,73,9
68,6822,3675.38246188395,68,0
9,8663,536.509448404552,69,60
66,1610,820.876784350704,79,13
29,2245,302.247847362979,78,49
83,8876,6630.67869736152,84,1
91,8469,7096.08469534633,91,0
37,7573,1400.72686568062,82,45
72,5935,3542.29562375519,74,2
90,4714,3899.11074747452,93,3
97,4377,4032.10047603119,98,1
72,6296,3757.75791864577,86,14
97,4930,4541.52509637509,97,0
55,8315,3004.08697283086,83,28
93,7627,6560.39604824503,94,1
32,1853,281.157136717971,34,2
66,3623,1847.22769546745,88,22
42,3241,728.279052141665,75,33
51,3926,1233.30058595406,83,32
23,7392,783.739312601629,80,57
89,7277,5940.5942179394,89,0
46,7967,2083.80126824377,82,36
28,5381,696.119229391711,65,37
78,9935,6772.84075985841,87,9
42,3839,862.654514400448,72,30
72,7415,4425.63134796036,93,21
4,4029,211.062467126475,66,62
62,8845,4009.35596549929,86,24
93,7840,6743.60889186325,96,3
92,5947,5047.80088455107,92,0
78,6838,4661.56870819444,95,17
65,6148,3046.54527288992,86,21
8,5231,312.600638604854,70,62
1,7120,344.841387682541,90,89
63,7779,3634.56954846221,92,29
91,4260,3569.40852546645,93,2
29,2873,386.796465689906,76,47
7,6652,383.89072932268,33,26
76,5942,3886.07080602633,82,6
52,6210,2021.4377072183,74,22
74,8461,5293.58371271733,74,0
99,5176,4929.52380952381,99,0
5,6122,330.718464140925,55,50
91,4586,3842.56044549041,92,1
20,1657,156.066905231321,91,71
78,1151,784.654223915151,79,1
6,7220,402.854508461748,88,82
45,8611,2169.21611737665,59,14
37,8844,1635.81518553802,54,17
32,7776,1179.85855106257,66,34
94,5580,4868.1997575317,95,1
88,7962,6412.82908506333,96,8
43,9999,2334.67329386762,79,36
57,7188,2777.75177114898,70,13
47,1456,395.292228323236,89,42
48,3645,1026.86705543311,73,25
43,4516,1054.44390390101,89,46
42,1124,252.571939095104,57,15
81,9438,6811.22082829675,85,4
82,3669,2694.86505840974,82,0
1,4916,238.095542394294,86,85
27,4666,580.024265435425,49,22
16,3273,263.780473568513,63,47
1,6474,313.553812339434,59,58
30,1223,171.351742203564,85,55
23,2669,282.981632215063,78,55
42,8884,1996.30703462714,63,21
37,5879,1087.39908138603,87,50
76,5035,3292.89237770827,96,20
23,6941,735.921884303018,79,56
78,3845,2621.19503992507,90,12
5,7746,418.449072727149,79,74
50,9448,2863.16686346951,76,26
45,1499,377.616416205736,83,38
17,8217,688.341688172956,90,73
63,3017,1409.62801487472,74,11
80,5391,3820.06039003733,81,1
3,2818,143.44190491091,83,80
4,2338,122.478046200471,90,86
62,6854,3106.85424392675,70,8
5,3602,194.584761162302,63,58
44,3680,892.619397851974,90,46
39,1975,395.088209979921,85,46
55,2338,844.68494798299,61,6
75,3661,2342.63972079281,83,8
38,6300,1211.9312229011,89,51
93,9051,7785.25562248142,97,4
96,2842,2568.03474517642,96,0
35,1496,255.700888005173,76,41
49,4767,1393.09969356819,49,0
65,4404,2182.33334121783,70,5
69,2450,1355.53041608944,88,19
31,4617,673.187226735682,78,47
24,4042,445.882740446136,82,58
55,7253,2620.40202212174,82,27
88,1842,1483.6010015934,88,0
20,4179,393.605067568914,74,54
21,9390,919.907228504343,76,55
93,1300,1118.20045400794,97,4
97,6137,5653.41572341865,99,2
24,1666,183.780466497591,82,58
18,8238,717.461188290953,74,56
55,1233,445.464730908052,64,9
42,7165,1610.03375766585,86,44
87,7656,6081.12359686935,98,11
62,2246,1018.09084211548,74,12
58,5673,2265.71979847857,87,29
3,8252,420.043505793054,86,83
37,5674,1049.48161044128,79,42
85,9731,7504.94692823132,91,6
66,9380,4782.49952621714,67,1
93,8640,7431.73224817583,98,5
35,5630,962.296791088986,77,42
75,8645,5531.85479001745,90,15
3,8073,410.932043415818,65,62
43,7735,1806.05039784639,86,43
6,5165,288.191625513148,59,53
58,4916,1963.38419342863,88,30
52,7359,2395.45251005144,70,18
61,1428,627.635642676238,64,3
44,1116,270.69653478337,88,44
10,3809,244.660737301404,63,53
64,5854,2817.62238491692,86,22
72,9456,5643.79905951627,86,14
76,2627,1718.05924056398,85,9
1,9226,446.840820612236,81,80
65,9688,4800.73692318763,79,14
46,1550,405.408807051317,77,31
53,6255,2108.99239066816,83,30
80,9022,6392.98550156126,88,8
11,2761,184.022095470427,60,49
23,8427,893.475539406646,75,52
22,9912,1010.16261292539,84,62
4,2211,115.825047112593,82,78
10,6333,406.783000611655,71,61
48,4124,1161.81062732679,76,28
26,5172,617.787144667189,83,57
53,4058,1368.23199381797,68,15
79,4609,3204.50603920192,82,3
95,5602,4965.91736425196,95,0
77,9191,6139.12455492166,79,2
3,1815,92.3871743837123,60,57
35,4949,845.898191669519,65,30
78,1322,901.22752738126,80,2
53,7404,2496.39962598035,80,27
74,2702,1690.49322677724,88,14
32,7238,1098.22739102249,67,35
32,7455,1131.15297044386,56,24
53,8027,2706.45594242899,82,29
29,1762,237.220804923639,68,39
89,8434,6885.11359545155,89,0
10,6037,387.770247069724,83,73
78,2355,1605.43935475255,86,8
45,2193,552.443496156891,78,33
68,7272,3917.82193826152,86,18
3,6792,345.726550090454,69,66
65,4576,2267.56525191026,76,11
19,5077,459.793830613802,52,33
67,8118,4256.062485454,87,20
50,2085,631.848318197918,83,33
33,9388,1482.2309139542,76,43
66,1403,715.335483505613,66,0
30,2909,407.573359010767,72,42
98,5995,5621.16147981791,99,1
74,9084,5683.36064842503,88,14
94,2435,2124.38466121679,94,0
31,6222,907.206178200003,86,55
6,3772,210.466372010763,67,61
5,5583,301.600977670497,77,72
78,3478,2371.00555236915,84,6
68,3873,2086.59576002295,84,16
11,9970,664.505719608896,80,69
65,3221,1596.11618802512,80,15
31,4871,710.222001609164,54,23
43,1761,411.177084758563,82,39
59,2755,1136.58404592746,83,24
73,7379,4510.71036512533,75,2
30,2964,415.279283639709,81,51
80,1156,819.141126114477,85,5
51,7922,2488.5907391564,78,27
47,5065,1375.10654976455,75,28
27,4728,587.731403124452,54,27
19,6438,583.051542543167,76,57
47,8804,2390.2148201633,83,36
9,5113,316.653908541207,56,47
15,6351,492.532316758345,75,60
64,8928,4297.18699223407,79,15
89,5448,4447.48623049799,89,0
2,6396,317.119389321627,76,74
95,3624,3212.51062621369,98,3
68,5965,3213.66994798267,76,8
72,6672,3982.17294047087,78,6
56,8552,3196.209042218,79,23
21,9390,919.907228504343,53,32
52,3941,1282.8479877854,56,4
95,3677,3259.4927076677,98,3
36,8037,1429.11245324053,73,37
22,1410,143.697466124375,71,49
92,7913,6716.53748099086,97,5
37,3231,597.616334743706,86,49
25,4395,504.47336835728,78,53
65,7121,3528.70020953955,93,28
85,8395,6474.56884826862,88,3
1,4667,226.035780381239,62,61
77,9643,6441.03776336738,84,7
96,8152,7366.15736899303,98,2
11,8706,580.2594578651,76,65
37,4769,882.089848465718,84,47
44,9991,2423.41315324431,76,32
38,3850,740.624636217336,77,39
34,4771,783.799322737667,77,43
44,2679,649.817219251478,80,36
31,8227,1199.54760978004,78,47
48,6398,1802.4404446258,92,44
42,9706,2181.01711820025,59,17
73,8600,5257.0956959043,78,5
0,6268,405.114461368475,86,86
86,8316,6510.65932209167,95,9
81,6352,4584.11471724316,83,2
75,1005,643.090117289478,76,1
35,8380,1432.33518815732,92,57
35,7351,1256.45536612702,67,32
32,2817,427.425609354844,90,58
17,1506,126.15827946799,83,66
49,2881,841.938371548135,71,22
27,5438,675.990560531042,81,54
53,3310,1116.02954646069,76,23
97,4959,4568.23994988318,97,0
3,7752,394.592493566136,29,26
14,7273,542.862731080341,59,45
23,6298,667.747590742027,89,66
56,3123,1167.18438246572,91,35
18,6332,551.46446276503,87,69
87,7911,6283.66885773687,89,2
23,3599,381.585198329716,63,40
4,5835,305.671257305282,23,19
68,1400,754.256148730216,68,0
18,6842,595.881215135555,75,57
6,7074,394.70814305518,57,51
23,5219,553.346248981047,58,35
38,8362,1608.59823585698,86,48
97,4800,4421.76885651124,98,1
55,1284,463.890279388434,88,33
70,2624,1489.94960007302,81,11
56,4997,1867.56975958412,64,8
80,5281,3742.11443513024,86,6
14,2212,165.105508201528,70,56
88,2034,1638.24345127089,92,4
80,6150,4357.88747889622,88,8
67,1906,999.267688750347,71,4
14,1863,139.055859755627,90,76
20,2455,231.227671902772,76,56
92,3655,3102.35618514111,92,0
37,9905,1832.06121808617,91,54
71,9909,5770.49917067184,92,21
89,5814,4746.27109840589,90,1
33,6486,1024.04662419119,74,41
42,8788,1974.73505406386,84,42
72,5969,3562.58847147341,79,7
5,3679,198.744402086649,66,61
84,5277,4006.74427072791,89,5
20,3144,296.122118314589,75,55
71,4673,2721.31825860829,80,9
80,1809,1281.85665842655,81,1
3,9859,501.843059090369,49,46
54,9558,3336.63674626915,88,34
81,2933,2116.688990188,94,13
66,4497,2292.84652125784,76,10
4,4039,211.586325322371,90,86
6,2054,114.607085925267,58,52
88,2035,1639.04888069629,94,6
47,6174,1676.19108356295,78,31
90,4829,3994.23118361359,91,1
53,3090,1041.85235606149,77,24
34,4452,731.392702751644,85,51
69,2539,1404.77213324534,94,25
55,5222,1886.63165028536,90,35
35,5818,994.430325143112,75,40
12,6576,455.005561066214,67,55
56,7220,2698.38976669948,67,11
2,7835,388.466293829729,69,67
75,6484,4149.05106517908,91,16
63,7805,3646.71748627684,87,24
65,6619,3279.94195856513,76,11
8,5182,309.672435337479,50,42
91,5096,4269.88400135611,95,4
54,5111,1784.2174524149,63,9
91,3796,3180.62787856118,96,5
24,9928,1095.18155545503,80,56
93,1226,1054.54904354902,96,3
25,8183,939.273167978982,76,51
34,7797,1280.92293426652,72,38
35,8494,1451.82041625397,84,49
14,2545,189.960903423549,90,76
41,2505,541.601276393179,67,26
57,7621,2945.0815592552,90,33
70,5364,3045.7658745395,83,13
56,4606,1721.43812540413,82,26
27,2871,356.890198470876,61,34
56,2562,957.517255163999,72,16
63,3170,1481.11395663006,82,19
94,6591,5750.23379962212,99,5
34,7169,1177.75253504639,86,52
49,7437,2173.37579632193,78,29
98,1943,1821.83765726209,98,0
57,3543,1369.16729621325,91,34
3,8525,433.939758468952,75,72
3,8796,447.734207095941,62,59
72,8346,4981.29726636239,84,12
81,3612,2606.71006906208,93,12
63,3055,1427.38269321919,79,16
43,4003,934.663185853792,53,10
47,9552,2593.29077262607,78,31
32,6487,984.277574684016,36,4
28,4778,618.111443604087,89,61
33,6435,1015.9944536957,64,31
4,3987,208.862262703712,54,50
43,4196,979.726886795532,76,33
69,7469,4132.4312970498,79,10
24,1860,205.181073040527,45,21
34,6513,1069.9821817209,57,23
19,4849,439.145220533056,73,54
24,4716,520.233301322112,49,25
85,6626,5110.24338161142,92,7
52,9114,2966.72838383053,60,8
59,6928,2858.16851912358,65,6
15,8376,649.574977982663,48,33
34,4687,769.999460421598,66,32
97,7216,6647.39251428857,97,0
15,2856,221.488316274891,78,63
30,4143,580.466286140119,71,41
53,7764,2617.78048299722,79,26
66,3530,1799.81058929067,80,14
7,9659,557.426421306039,87,80
6,8456,471.819629300905,61,55
94,2606,2273.57142797986,97,3
84,5708,4333.99588730621,92,8
64,6294,3029.40131374566,84,20
62,8777,3978.53220002117,89,27
73,2649,1619.30773237796,81,8
91,7353,6161.00020839315,96,5
78,2724,1856.99227275836,87,9
48,6609,1861.88322890465,77,29
12,5970,413.075304070148,84,72
30,9040,1266.57379355701,68,38
68,2898,1561.31022787155,88,20
18,7174,624.795650012053,78,60
65,2488,1232.88949885331,69,4
4,4460,233.64075536959,74,70
60,3871,1648.79889483245,75,15
86,9139,7154.99224922989,94,8
55,2739,989.560338975795,78,23
67,2704,1417.63894563533,75,8
98,4299,4030.92130137401,99,1
25,2882,330.805972151463,39,14
38,3601,692.724497407436,51,13
47,3215,872.846506908794,87,40
11,2432,162.094073228569,86,75
8,9033,539.805308453001,80,72
92,5816,4936.60836464588,92,0
93,6231,5359.62079147958,94,1
69,5478,3030.85535483181,81,12
65,7800,3865.16804302885,81,16
21,5248,514.129194376016,65,44
81,9162,6612.03700242158,87,6
25,3153,361.912293613312,84,59
91,3520,2949.37042479857,95,4
86,8198,6418.27622925776,90,4
69,1103,610.265326100673,87,18
76,4258,2784.7340107809,78,2
16,4035,325.192242850275,82,66
38,9005,1732.29216860704,68,30
48,2117,596.399878285843,69,21
11,7378,491.747562615289,87,76
2,6015,298.229069226014,88,86
93,3207,2758.51450461804,97,4
22,4961,505.590871945406,65,43
89,4250,3469.49641696337,89,0
8,6642,396.920940855179,78,70
81,1194,861.686551068693,98,17
84,7060,5360.54852214118,87,3
6,6012,335.451704275904,90,84
35,4212,719.927901255206,72,37
53,8315,2803.56062804249,78,25
90,7711,6378.03202668139,92,2
49,5823,1701.70327578091,64,15
49,2729,797.518158956911,87,38
56,4039,1509.52856893341,92,36
8,4176,249.554629480763,68,60
82,8131,5972.1852793485,88,6
9,2869,177.680434892377,62,53
74,8608,5385.55355147982,86,12
94,4972,4337.7579201519,97,3
25,3891,446.622497446684,80,55
76,7620,4983.48359843834,85,9
10,3989,256.222546887714,70,60
20,7938,747.651836889697,89,69
25,5428,623.044697029196,59,34
90,1628,1346.5745220383,96,6
20,4283,403.400455706547,88,68
69,9328,5160.97458011521,84,15
96,9426,8517.34535821004,96,0
72,3858,2302.64136755645,79,7
68,2064,1111.98906498512,76,8
18,6581,573.150288922404,74,56
18,9728,847.227778549938,42,24
77,3516,2348.51070994501,92,15
78,7305,4979.92971824516,80,2
22,4484,456.97832489482,78,56
5,2145,115.875711463947,49,44
75,1620,1036.6228756308,81,6
20,7615,717.229621808395,58,38
60,7606,3239.67047122078,74,14
29,1143,153.883870617321,83,54
63,4894,2286.61567941561,75,12
13,2028,145.718286580505,79,66
33,9716,1534.01742223892,78,45
64,3390,1631.66038347598,77,13
88,4619,3720.27851593915,94,6
16,3612,291.101457540321,52,36
66,2737,1395.4905333962,77,11
7,7257,418.805625780922,80,73
68,5684,3062.27996384468,78,10
61,5875,2582.18445428774,83,22
32,1157,175.552513320396,48,16
62,8591,3894.22013562514,69,7
76,4170,2727.18196922413,78,2
78,8372,5707.31986326468,89,11
70,4331,2459.21178274247,71,1
65,5473,2712.05957685858,75,10
93,8217,7067.88702352556,97,4
29,2144,288.650060020591,56,27
24,7498,827.122411644019,80,56
4,2099,109.957835318558,65,61
7,9121,526.3781332159,78,71
47,2206,598.911164616112,55,8
90,6991,5782.49538302809,90,0
1,7853,380.342614813342,77,76
17,7230,605.660265971823,62,45
65,7059,3497.97707894111,87,22
59,6702,2764.93149757019,76,17
35,7973,1362.76950539121,66,31
1,9573,463.646994983843,75,74
34,4928,809.5919225427,77,43
27,1220,151.656580332452,72,45
73,6247,3818.72986189699,86,13
35,7324,1251.84044368308,73,38
68,7531,4057.35932577661,81,13
50,6829,2069.49264507126,84,34
75,9342,5977.85858280428,82,7
68,1645,886.250974758004,81,13
81,8878,6407.07973231814,85,4
34,3709,609.329634884512,83,49
16,9505,766.035258560562,85,69
52,6389,2079.70459121058,77,25
92,8695,7380.29740897454,96,4
30,1015,142.209336334111,43,13
6,4148,231.446052783841,69,63
47,4809,1305.60461950992,82,35
69,1607,889.1172974105,81,12
5,4646,250.98300953916,89,84
67,3970,2081.37078926489,94,27
11,7599,506.477328315747,46,35
12,7566,523.505485861766,87,75
5,8242,445.243642837227,64,59
20,3596,338.694382143531,80,60
31,1193,173.946796945131,81,50
48,2164,609.640688054116,72,24
64,8719,4196.59200104042,80,16
46,2528,661.208686597244,75,29
47,4153,1127.50592323242,81,34
75,6298,4030.03140168073,83,8
57,1917,740.811094225458,71,14
39,1427,285.463734501948,78,39
4,1453,76.1165958636802,67,63
93,5908,5081.79098636838,95,2
94,8626,7525.64356782589,94,0
2,8235,408.29865088549,37,35
37,7754,1434.20521807573,71,34
82,6975,5123.10814456472,82,0
25,3138,360.190541502877,70,45
26,1795,214.409884895128,66,40
23,5218,553.240223641139,88,65
28,5217,674.903181515807,59,31
0,4734,305.968707740645,70,70
24,9964,1099.15280203001,80,56
13,7357,528.623981446142,36,23
12,5350,370.176361268894,81,69
14,8460,631.461392127002,52,38
52,1387,451.486972610593,82,30
12,9623,665.833107381413,49,37
12,8029,555.541309276252,83,71
99,8019,7637.14285714286,99,0
98,6274,5882.76349030485,98,0
38,5671,1090.93047064637,86,48
5,1660,89.6753757716327,84,79
2,3077,152.560406651445,72,70
78,1104,752.613608342595,95,17
62,9896,4485.76445840373,73,11
10,6519,418.730203850841,71,61
22,8719,888.580288750654,46,24
10,5665,363.875840591351,67,57
98,5214,4888.86337877741,98,0
98,1770,1659.62565792789,98,0
96,4966,4487.28379470306,97,1
27,9383,1166.38827316344,90,63
59,4505,1858.55213317721,70,11
29,5176,696.85294340792,84,55
14,7944,592.946725656844,80,66
52,3238,1054.01212495537,83,31
87,2740,2176.36868539995,91,4
71,8348,4861.45192015022,75,4
31,8007,1167.4702457164,81,50
94,3760,3280.36399432244,95,1
57,4520,1746.72203750604,84,27
71,8279,4821.26981874984,86,15
60,5529,2355.00105645276,74,14
62,1038,470.515714210092,82,20
0,2957,191.117336034873,31,31
56,5127,1916.1557249125,76,20
51,4360,1369.63590289345,67,16
58,6503,2597.21062039593,60,2
85,9556,7369.97973961345,86,1
23,8713,923.7987866204,77,54
74,3844,2404.98000138109,78,4
95,3759,3332.18196576636,95,0
53,5693,1919.50338610293,81,28
82,1340,984.224360389495,97,15
0,2669,172.503270164719,89,89
65,8461,4192.71625795732,93,28
26,1590,189.922962107663,81,55
65,6294,3118.89329010559,90,25
35,9045,1545.99901872112,57,22
20,8164,768.937968804168,84,64
73,1384,846.025632922273,76,3
88,9773,7871.46177446922,92,4
90,1002,828.788495750843,90,0
42,6442,1447.56977904863,47,5
89,5599,4570.75539731245,89,0
33,6991,1103.77890066615,90,57
29,4842,651.886003087548,88,59
29,5599,753.802092376535,84,55
39,6443,1288.88776551931,76,37
18,6964,606.506399035955,83,65
26,3635,434.194947963115,76,50
62,1102,499.526317013026,64,2
65,6129,3037.13011996459,80,15
49,7113,2078.69060632485,78,29
77,1873,1251.06955623635,84,7
23,2659,281.921378815981,37,14
22,8984,915.587259334313,88,66
70,5513,3130.3704821656,70,0
12,6118,423.315696867867,80,68
94,5806,5065.37057208406,95,1
18,6008,523.246761259049,40,22
78,1432,976.21620212554,89,11
60,2778,1183.25066645429,65,5
6,9543,532.470993663498,82,76
2,1974,97.8726820701831,89,87
14,7712,575.630053910572,79,65
70,9133,5185.86497616877,74,4
5,1229,66.3921908574317,68,63
44,6933,1681.66583839884,90,46
85,7623,5879.17073619436,92,7
78,1408,959.855036726788,86,8
2,5204,258.018965295457,43,41
89,5513,4500.54911687508,96,7
94,8274,7218.54566197443,98,4
0,1638,105.867499636497,90,90
52,2065,672.185002480804,82,30
78,5076,3460.38648183606,80,2
80,8748,6198.82921388361,91,11
36,1096,194.887053471647,63,27
8,7717,461.162134986362,66,58
63,5219,2438.4649020985,64,1
44,1154,279.913800304668,91,47
56,6680,2496.57114148927,71,15
41,7582,1639.28977150223,87,46
14,6862,512.185351391902,67,53
37,3186,589.292987463153,90,53
92,6584,5588.48512256335,97,5
32,7977,1210.35643799204,67,35
64,3233,1556.0938111439,83,19
17,2007,168.127268852759,88,71
66,3257,1660.61843890077,87,21
97,9576,8821.42886873993,98,1
5,8297,448.214814926046,89,84
55,2839,1025.68886540792,78,23
34,2247,369.146316954839,58,24
7,5078,293.054287958595,72,65
77,4042,2699.85218703007,80,3
83,4133,3087.49380984623,83,0
31,1554,226.582835249567,80,49
99,2592,2468.57142857143,99,0
16,9042,728.72075832768,72,56
53,8582,2893.58476366334,90,37
17,7613,637.74434368513,61,44
7,4553,262.756237313013,88,81
24,4155,458.348042195372,88,64
35,7621,1302.60459056646,82,47
29,4975,669.792000280989,38,9
73,2466,1507.4416262907,79,6
37,4273,790.348065106734,81,44
74,1227,767.666613344068,93,19
0,9262,598.623187810277,65,65
4,3849,201.633019600348,72,68
10,1498,96.2199486682866,70,60
76,7886,5157.44772405312,78,2
69,1737,961.043401121368,84,15
72,3550,2118.8120411678,72,0
88,1415,1139.68263694607,88,0
48,6977,1965.55595219666,74,26
60,4409,1877.95255161878,73,13
91,6288,5268.64807702653,91,0
20,8693,818.762587311934,74,54
1,1139,55.1649354733728,72,71
10,7869,505.443775748162,42,32
89,7751,6327.54511244308,90,1
79,8193,5696.35885857699,86,7
23,5694,603.708285437456,87,64
76,4177,2731.75997252978,88,12
70,7811,4435.21201454662,82,12
27,2756,342.594701144456,65,38
44,8116,1968.61386765397,63,19
90,9090,7518.65012612292,90,0
98,8760,8213.74054432109,98,0
71,2679,1560.1137630669,81,10
73,3100,1894.99961131434,85,12
22,4250,433.130660303966,63,41
11,1040,69.3165444727434,73,62
65,8234,4080.22995721789,85,20
27,7261,902.605270322894,68,41
28,8651,1119.14652545395,72,44
65,9309,4612.92939904559,90,25
38,3422,658.290261074214,69,31
10,3766,241.898749455786,61,51
7,5214,300.902925840116,52,45
54,4615,1611.06702071899,84,30
74,6961,4355.11597024292,87,13
0,1496,96.6897310477407,74,74
38,7040,1354.28504908313,82,44
24,9473,1044.9894112435,75,51
29,6444,867.565758755919,56,27
47,9945,2699.98709524353,77,30
64,2401,1155.63910935865,91,27
48,4996,1407.46990643178,65,17
25,7463,856.629066678131,61,36
34,9998,1642.51218376256,64,30
13,1971,141.622654265373,89,76
96,7860,7102.30580474548,98,2
98,7031,6592.55819259379,98,0
76,4163,2722.60396591848,88,12
73,8253,5044.97799747653,84,11
4,9865,516.786110251346,77,73
59,6500,2681.59575264193,88,29
31,3788,552.313886695855,36,5
6,3283,183.181627601097,67,61
96,9229,8339.33591246769,99,3
5,1449,78.2768792127083,83,78
87,6307,5009.61945212317,89,2
38,3937,757.360829295494,87,49
26,5299,632.957091955034,83,57
33,5067,800.006821581371,75,42
12,6535,452.168695493873,68,56
93,8356,7187.44845668487,94,1
46,6164,1612.21928171891,88,42
85,8639,6662.75167125582,95,10
32,4640,704.030822650506,68,36
12,5200,359.797584784719,71,59
93,5841,5024.1606552772,98,5
15,6954,539.296131434031,66,51
5,2333,126.031717876638,38,33
58,7197,2874.38487390274,77,19
27,8934,1110.5736792542,44,17
70,7410,4207.51773496229,93,23
14,8841,659.899547020665,56,42
27,5589,694.761170063993,82,55
11,4390,292.595798303215,24,13
70,4405,2501.23017847623,85,15
4,8692,455.337543872752,69,65
10,4581,294.248053971576,63,53
25,4013,460.626081278218,79,54
82,5560,4083.79659982507,88,6
31,5394,786.478644360466,59,28
76,5488,3589.15459163118,90,14
58,3453,1379.08169648272,92,34
27,1053,130.897032041042,69,42
5,2218,119.819267145471,52,47
22,1271,129.531545705021,81,59
18,6193,539.358720452279,82,64
83,3976,2970.20938493797,88,5
94,9107,7945.28587667405,94,0
73,7124,4354.83136483979,90,17
87,2767,2197.81465419769,89,2
63,3647,1703.98189269079,83,20
65,5558,2754.1799978403,88,23
44,8875,2152.71661846094,62,18
60,4757,2026.17833704934,72,12
21,4469,437.813142085826,85,64
98,5463,5122.3361408249,99,1
54,8206,2864.66218245288,63,9
1,4863,235.528605098342,76,75
9,1294,80.1388925586391,71,62
29,6506,875.912915342335,86,57
3,6491,330.405040729849,82,79
78,2551,1739.05553884236,94,16
43,8352,1950.11414645288,77,34
66,4564,2327.00723215939,85,19
65,5831,2889.46087934631,74,9
17,5511,461.658883232464,77,60
37,3207,593.177216194078,88,51
42,1667,374.588454156173,73,31
70,5525,3137.18427606837,85,15
99,6351,6048.57142857143,99,0
39,4865,973.217286861932,72,33
10,6406,411.471956721658,65,55
57,4386,1694.9386850667,92,35
89,4160,3396.02472813356,93,4
77,2534,1692.5842261094,85,8
91,3635,3045.72769719966,92,1
11,1812,120.770748639049,74,63
18,4715,410.637230249071,41,23
11,2777,185.088503846931,82,71
40,9889,2056.79026426261,86,46
17,9920,831.002743906015,89,72
10,1358,87.227430101157,76,66
96,4859,4390.59846122879,97,1
68,9736,5245.3127600267,89,21
97,3969,3656.25012322773,98,1
26,6709,801.379341371263,59,33
48,7668,2160.22402772595,65,17
0,8485,548.403989264759,62,62
14,3462,258.40654131722,53,39
29,8221,1106.80603704724,88,59
0,9723,628.418619637154,39,39
7,5911,341.127194982917,68,61
23,2183,231.453317019664,70,47
22,3788,386.046809701511,69,47
53,6926,2335.23282138572,76,23
37,1573,290.947228273553,78,41
67,5513,2890.32674086079,67,0
85,5894,4545.69491264982,85,0
71,1142,665.042895641058,95,24
27,5819,723.352164716833,39,12
28,5032,650.970444582622,66,38
14,8854,660.869877765068,83,69
85,1757,1355.0705737234,90,5
93,6413,5516.1688550407,94,1
28,5360,693.40254033443,69,41
9,7209,446.461573767565,90,81
8,6887,411.561957192053,81,73
71,8069,4698.97646666173,78,7
41,2326,502.900027501212,87,46
85,9328,7194.13677387131,98,13
48,5136,1446.91061637982,64,16
98,6657,6241.88022871524,99,1
72,3326,1985.11798561243,90,18
68,9007,4852.56080829504,86,18
89,3316,2707.02355732954,89,0
65,4222,2092.14608688049,83,18
37,5162,954.780414715881,72,35
67,3933,2061.97262321884,80,13
98,3992,3743.06532567692,98,0
66,7199,3670.49190716815,95,29
97,6149,5664.47014555992,98,1
99,1032,982.857142857143,99,0
83,5204,3887.56781670452,92,9
26,5029,600.706022917884,81,55
74,6730,4210.59193790186,74,0
31,2048,298.611098192479,78,47
29,5035,677.869893751715,68,39
61,6956,3057.30639387669,73,12
14,5836,435.603863410542,76,62
99,7905,7528.57142857143,99,0
47,1854,503.346010515989,60,13
95,7159,6346.12681375934,98,3
86,2914,2281.39264845781,92,6
9,4964,307.426168980746,82,73
13,7859,564.694287098713,44,31
16,6386,514.666087445318,75,59
47,2892,785.154618345329,85,38
71,5604,3263.48545286558,82,11
29,5517,742.76230463321,67,38
42,2307,518.401657911392,65,23
26,6843,817.385427485997,49,23
43,5560,1298.20817220762,73,30
9,3898,241.407575883752,31,22
28,7195,930.789417482505,90,62
9,5959,369.047651280472,68,59
92,1105,937.921637368242,96,4
66,7058,3598.60145586787,78,12
24,2894,319.244099666283,76,52
88,2612,2103.78165915416,94,6
49,1189,347.471268230036,69,20
66,6515,3321.74673915828,67,1
38,2357,453.416173393315,81,43
30,5505,771.293001496827,67,37
52,2236,727.847779925945,68,16
48,7002,1972.59893611595,73,25
5,1161,62.7187417294371,75,70
84,4036,3064.47221464048,90,6
44,3000,727.678856944544,79,35
23,1082,114.719417780704,69,46
33,4832,762.903683023719,79,46
6,6171,344.323430985796,84,78
31,9510,1386.61696475121,80,49
1,1904,92.2160115375784,84,83
67,2053,1076.33607817653,72,5
24,9570,1055.68971451497,82,58
79,6941,4825.87902323726,84,5
76,5377,3516.56053921299,80,4
4,6991,366.229264750852,53,49
94,1519,1325.23215621696,98,4
43,2137,498.969579857495,79,36
78,8020,5467.35610408298,96,18
58,5090,2032.87745007155,83,25
28,8295,1073.09217762576,68,40
80,3108,2202.32752592024,93,13
26,1047,125.062478821838,84,58
21,3773,369.628325148763,45,24
72,3904,2330.09639682228,84,12
69,8981,4968.98721097928,81,12
62,2498,1132.32009065203,90,28
98,2563,2403.17545834417,98,0
73,3855,2356.52371019896,96,23
62,8191,3712.9038681068,78,16
10,8733,560.940461762448,40,30
62,6995,3170.76822822697,70,8
64,4115,1980.61430029606,87,23
56,5718,2137.03499805923,85,29
38,4192,806.415188317681,52,14
18,1667,145.181816081697,88,70
28,8807,1139.32764416517,83,55
58,1998,797.974291796259,77,19
16,4660,375.562788521012,83,67
1,5400,261.53700751204,86,85
26,7320,874.362316118295,74,48
3,5512,280.571958789544,69,66
53,1813,611.287482698862,74,21
21,7828,766.883257159957,62,41
98,7275,6821.34274656803,98,0
24,1976,217.977312004345,83,59
92,6482,5501.90774065244,97,5
1,2635,127.620373110042,86,85
5,1606,86.7582249935194,88,83
60,5427,2311.55556761966,72,12
83,1157,864.318978464092,91,8
87,4959,3938.90960251765,88,1
80,5024,3560.00434048368,89,9
25,2469,283.400397377503,90,65
29,4538,610.958009502539,64,35
2,8549,423.867051174263,68,66
72,2823,1684.90320907513,80,8
97,5703,5253.61412264242,98,1
92,3929,3334.92679929396,95,3
87,2107,1673.57986136412,90,3
58,8189,3270.57631407385,89,31
69,9591,5306.48662069951,78,9
65,1885,934.082277065306,79,14
96,7586,6854.71906295156,96,0
41,4312,932.289302917121,60,19
33,2182,344.506588650198,71,38
12,1269,87.804449056117,84,72
12,7837,542.256475376508,61,49
2,7417,367.741480706458,44,42
49,4858,1419.69337347478,85,36
45,7041,1773.71393362548,83,38
41,1467,317.17727443864,87,46
32,7999,1213.6945151684,69,37
65,2958,1465.79065016402,71,6
31,8603,1254.37074108882,53,22
18,8009,697.517195559874,87,69
8,4734,282.900291178624,86,78
0,6962,449.969189541692,31,31
99,8384,7984.7619047619,99,0
87,6864,5452.04184546908,91,4
50,8547,2590.12353747607,53,3
98,2984,2797.9225781112,98,0
82,4900,3599.02937754368,91,9
23,8073,855.942569079133,81,58
60,4218,1796.59874409798,73,13
68,2171,1169.63578492378,94,26
49,4519,1320.62460986672,91,42
79,3732,2594.75299160373,91,12
39,4520,904.201878029997,85,46
52,2966,965.472502352573,86,34
24,6548,722.325627026545,86,62
92,6361,5399.20319936596,93,1
8,7865,470.006504038841,88,80
49,1107,323.507732490033,88,39
16,8732,703.736967674995,69,53
68,2787,1501.50849036508,81,13
49,1893,553.206989705179,66,17
61,4675,2054.75954447578,77,16
39,1442,288.464404451163,78,39
40,7297,1517.68617234546,52,12
51,6149,1931.62641442473,73,22
8,2571,153.641032661648,65,57
72,5132,3063.02630852765,72,0
84,6156,4674.15534026928,88,4
11,5981,398.636781241806,47,36
43,3753,876.290516240141,75,32
6,9795,546.531843543327,74,68
96,1945,1757.50442623791,97,1
78,1760,1199.81879590849,84,6
75,1125,719.876996965833,75,0
11,4739,315.856831015703,19,8
60,5562,2369.05694989876,87,27
91,5412,4534.6570281278,92,1
7,2641,152.413622390439,74,67
22,4087,416.518825567602,72,50
15,5858,454.299214544227,87,72
76,3493,2284.42364952036,93,17
7,7244,418.055388336364,72,65
89,3580,2922.54051123032,89,0
16,7060,568.98568389664,78,62
12,5791,400.689964132367,80,68
75,3694,2363.75611270381,80,5
59,1960,808.604257719721,82,23
25,2228,255.737580136523,91,66
4,8160,427.468287851088,57,53
64,2216,1066.59569610111,66,2
10,4906,315.123543502413,86,76
73,6791,4151.2717291728,75,2
92,9510,8072.06766639999,98,6
13,6870,493.631473771238,48,35
92,5837,4954.43311974519,92,0
76,8882,5808.83219440018,91,15
20,7422,699.051641899135,89,69
89,6059,4946.27736244261,92,3
19,9818,889.158130582295,64,45
0,7328,473.624564918345,59,59
86,3193,2499.82385948036,86,0
88,7091,5711.30005553681,90,2
61,3173,1394.59936569447,85,24
47,5154,1399.26933020464,82,35
22,3076,313.484684963529,83,61
71,6429,3743.92362178315,80,9
94,4086,3564.77853212805,94,0
19,6671,604.152973020421,91,72
27,4759,591.584971968965,69,42
44,9134,2215.53955977715,82,38
5,6098,329.421952683986,51,46
48,2012,566.819345824807,73,25
60,8428,3589.78999887572,85,25
81,9142,6597.60339185091,95,14
57,5606,2166.39905802187,85,28
5,8730,471.606042461659,82,77
84,1110,842.805787475455,89,5
92,6175,5241.32679705782,96,4
8,8386,501.141073473582,51,43
60,5948,2533.46830960047,69,9
6,6942,387.34293597527,75,69
3,8745,445.138203848795,86,83
56,6124,2288.77270516172,69,13
52,2512,817.689455802314,83,31
60,2275,969.004775444027,87,27
81,9342,6741.93949755756,93,12
92,1933,1640.72626699802,97,5
57,2229,861.381287964813,76,19
56,1048,391.677628185742,69,13
17,3339,279.709492127236,77,60
70,1293,734.186293023784,83,13
36,3146,559.411195457848,57,21
84,7107,5396.23489332258,89,5
38,7454,1433.92624373092,80,42
63,4926,2301.56698749516,76,13
1,5458,264.346108703836,75,74
91,2040,1709.29422346281,99,8
27,8239,1024.17915193366,80,53
46,2881,753.537272977318,86,40
35,6087,1040.40862652907,78,43
92,9090,7715.57256441387,98,6
68,4055,2184.64905935788,76,8
16,6618,533.363633998296,72,56
95,4600,4077.69008846109,98,3
71,7482,4357.13743011068,77,6
73,3031,1852.82058770767,78,5
72,1077,642.80579389795,78,6
50,4679,1417.94641767293,72,22
49,2996,875.545769232285,79,30
54,7996,2791.35252387195,75,21
19,9049,819.514353599428,80,61
39,5148,1029.82992657045,74,35
24,4355,480.410523167472,75,51
75,1666,1066.0578461734,77,2
63,4309,2013.28707858641,77,14
49,6560,1917.0828592002,86,37
88,8586,6915.41704651517,96,8
80,5246,3717.31344947798,82,2
97,8836,8139.73950336111,98,1
99,6103,5812.38095238095,99,0
10,3660,235.090128254959,81,71
15,1305,101.205270566783,76,61
90,2555,2113.32795074192,91,1
83,9715,7257.44068779486,86,3
12,4916,340.147101308015,60,48
26,4486,535.845539632059,64,38
35,2813,480.806549437534,82,47
39,8458,1691.97776203047,55,16
51,7521,2362.6219324912,91,40
42,3071,690.078669894185,67,25
35,3403,581.651150990377,73,38
35,9388,1604.62562606455,70,35
43,5688,1328.09497904981,72,29
95,3521,3121.20582640685,95,0
29,7087,954.133850450527,80,51
78,4380,2985.91268527225,90,12
30,2488,348.588008669229,84,54
29,2893,389.489096846815,60,31
30,9247,1295.57609170593,80,50
29,3195,430.147827316133,77,48
37,2707,500.695579743489,76,39
77,9397,6276.72216762038,92,15
72,6819,4069.90966442908,74,2
63,9587,4479.31845495657,73,10
61,8887,3906.02097791578,71,10
98,2352,2205.33307765333,99,1
65,6296,3119.88435883457,79,14
63,1844,861.569128083856,66,3
16,6411,516.680909272148,74,58
75,5378,3441.33199082867,77,2
36,1006,178.88355455518,56,20
62,3439,1558.86660998893,69,7
73,2922,1786.18995621306,85,12
6,6637,370.324843858811,90,84
79,6714,4668.05240772439,83,4
47,3970,1077.82290277696,71,24
93,5700,4902.87891372711,98,5
20,6441,606.654759562426,82,62
54,6598,2303.31965389033,76,22
89,5376,4388.70887943414,93,4
35,6204,1060.40662378616,57,22
6,8462,472.154411440901,87,81
8,1136,67.8865084028129,86,78
97,5900,5435.0908861284,97,0
75,9557,6115.43507555775,77,2
68,8534,4597.72998090262,79,11
96,3256,2942.12566160958,96,0
56,4825,1803.28679007271,78,22
51,6746,2119.16600938514,79,28
16,7025,566.164933339079,77,61
86,7197,5634.58575530228,91,5
97,9359,8621.52806835182,97,0
2,9432,467.646979374857,85,83
10,5636,362.013104602445,59,49
73,1117,682.81115027036,88,15
94,5329,4649.21801216603,99,5
2,8448,418.859381017683,69,67
5,8416,454.643350900037,57,52
91,5056,4236.36842834703,93,2
95,1601,1419.21344165787,95,0
43,7108,1659.65174245535,64,21
0,5160,333.502013506913,76,76
76,2037,1332.19896194474,82,6
68,5113,2754.65120604114,87,19
65,2052,1016.83651593528,84,19
58,1285,513.211694173269,78,20
44,9596,2327.60210374661,83,39
25,1541,176.881333478628,56,31
62,4693,2127.29310865892,87,25
56,8198,3063.90572124686,83,27
72,9313,5558.44972940725,80,8
59,7640,3151.90639233605,75,16
91,4815,4034.43710096736,92,1
90,7920,6550.9030801863,98,8
62,2605,1180.82219221319,62,0
49,8134,2377.06585011195,69,20
65,7207,3571.31616488576,71,6
80,6110,4329.54349529365,81,1
99,6813,6488.57142857143,99,0
15,2690,208.61469565107,77,62
59,1102,454.633618370986,92,33
13,3389,243.510489754108,81,68
40,9630,2002.92145260885,69,29
47,5286,1435.10626299219,74,27
72,8537,5095.29532266184,91,19
46,4311,1127.55959174079,76,30
82,3054,2243.15014673845,87,5
71,4218,2456.34932908405,80,9
67,4377,2294.75061577139,91,24
32,4874,739.535825344519,75,43
36,4118,732.248983755695,69,33
9,2271,140.645614374551,78,69
47,9309,2527.31823726717,71,24
50,7820,2369.80999918835,71,21
18,9988,869.871613091774,64,46
90,9280,7675.8056293092,95,5
14,9022,673.409536615817,89,75
65,7247,3591.1375394654,83,18
79,8353,5807.60228801338,92,13
68,9702,5226.9951107004,86,18
43,5877,1372.22471727773,78,35
45,4900,1234.36987285397,73,28
69,4931,2728.21244152531,69,0
52,3991,1299.12365370503,85,33
33,3184,502.708056032186,72,39
33,5675,896.001324743296,58,25
92,8283,7030.59268988339,95,3
74,3575,2236.68145289735,86,12
98,7945,7449.56262838254,98,0
48,6591,1856.81228048275,56,8
15,4695,364.106318246013,51,36
5,4546,245.58087846858,66,61
14,5935,442.993305233305,76,62
25,5490,630.161272418992,90,65
32,3004,455.799265353905,79,47
20,3211,302.43260874941,90,70
4,2849,149.247200010754,82,78
71,4919,2864.57618534007,86,15
77,7170,4789.19846140663,95,18
81,1154,832.819329927363,83,2
66,4086,2083.29350363787,83,17
22,2733,278.528492849586,76,54
14,9709,724.687784416201,68,54
52,6113,1989.86291533421,65,13
35,9609,1642.39962088349,67,32
44,4045,981.153658780226,73,29
77,7518,5021.64491392678,82,5
25,5873,674.123342972084,66,41
67,6166,3232.67815783559,84,17
88,9665,7784.47539652563,93,5
32,3945,598.577930033674,65,33
97,8825,8129.60628306494,97,0
82,1770,1300.05755066374,87,5
71,6646,3870.29341894087,71,0
39,9053,1811.00433668265,64,25
39,5439,1088.04292358521,57,18
48,6141,1730.03856993546,57,9
24,4262,470.151469515445,79,55
74,3348,2094.66000120289,87,13
32,3976,603.281584236727,68,36
92,8880,7537.32501342081,95,3
42,6430,1444.87328147822,78,36
0,5155,333.178852641112,39,39
59,9412,3882.95064982552,67,8
78,9574,6526.74156365218,86,8
16,6388,514.827273191464,68,52
64,2032,978.033598590909,88,24
8,6107,364.949741915474,44,36
39,5752,1150.65690319215,45,6
16,4355,350.981962233693,89,73
67,7337,3846.60389945503,91,24
71,1782,1037.74644486197,87,16
92,4835,4103.93766214973,93,1
3,2013,102.465775225572,70,67
2,9219,457.086249242664,20,18
69,2898,1603.39883503151,85,16
57,1609,621.786672200711,94,37
33,1747,275.826310894544,37,4
62,5821,2638.60498306064,91,29
68,1661,894.871045029206,75,7
40,1396,290.35081493686,59,19
36,6340,1127.35759033781,80,44
5,1938,104.693300147846,54,49
42,7180,1613.40437962887,60,18
28,8834,1142.82053009596,73,45
74,7423,4644.16403492503,93,19
99,5095,4852.38095238095,99,0
59,3957,1632.47298356986,90,31
41,5415,1170.76683100561,78,37
25,8159,936.518364602287,80,55
90,4733,3914.82629779315,90,0
68,5516,2971.76922599705,69,1
0,4974,321.480429299106,88,88
84,7475,5675.65158682795,93,9
97,3717,3424.10725826089,97,0
57,8062,3115.50289079063,82,25
60,3483,1483.53566280068,69,9
84,9487,7203.33198718887,93,9
61,2288,1005.62349470815,71,10
70,2481,1408.7518893983,78,8
22,7778,792.680064904529,79,57
20,8677,817.255604521529,50,30
55,2523,911.522721882414,90,35
12,5358,370.729896014716,27,15
50,5573,1688.86843036786,77,27
52,3765,1225.55764374829,66,14
57,5668,2190.35851959828,85,28
30,9773,1369.27275270272,88,58
89,3292,2687.43110697492,90,1
43,9095,2123.59772054465,81,38
98,6111,5729.92790711714,99,1
38,1847,355.30745534894,67,29
53,6599,2224.97854292873,73,20
56,8219,3071.75422333837,88,32
9,4484,277.699222745702,84,75
47,1400,380.088681080035,67,20
46,6852,1792.16848123589,71,25
3,3396,172.863275045227,62,59
50,2231,676.092852709618,73,23
9,4998,309.531827672394,86,77
80,8038,5695.72350493786,80,0
47,4343,1179.08938709328,74,27
2,2453,121.621929644458,69,67
37,3247,600.575747110125,74,37
99,3683,3507.61904761905,99,0
66,8178,4169.64617541618,91,25
13,8551,614.416700468392,87,74
95,2206,1955.51833372721,95,0
50,5939,1799.78281140404,71,21
57,4985,1926.41799932911,74,17
24,9469,1044.54816162406,79,55
82,1716,1260.39477793162,86,4
45,7605,1915.79242511316,82,37
63,6475,3025.3037442207,63,0
22,1380,140.640073228111,68,46
92,3489,2961.4557400704,94,2
33,6420,1013.62616825585,73,40
87,8871,7046.19219276751,90,3
77,1432,956.503793128911,93,16
63,3375,1576.89577401465,63,0
70,9155,5198.35693165719,74,4
56,2156,805.779548061507,64,8
36,5288,940.294469669771,77,41
32,1470,223.044247693156,63,31
28,2171,280.853902064561,68,40
14,4218,314.83500614559,59,45
69,3475,1922.64007996359,78,9
39,2102,420.493882216605,85,46
78,4783,3260.6439209263,90,12
67,9392,4923.98852714757,86,19
90,3647,3016.55852694943,92,2
55,1169,422.342473991495,67,12
59,7199,2969.97043434912,78,19
98,4844,4541.93598135746,98,0
86,7782,6092.58668163989,97,11
39,4061,812.38137758403,66,27
11,9131,608.585930365981,90,79
41,2881,622.895519875748,86,45
79,9406,6539.7231079916,83,4
78,1576,1074.38319451805,87,9
58,5559,2220.18973378148,79,21
35,5039,861.281266482664,59,24
6,5303,295.891614733054,78,72
9,5118,316.963564231155,77,68
85,7205,5556.79196566711,98,13
17,6245,523.146384646478,81,64
79,5796,4029.79323133312,83,4
94,5478,4779.21115981338,97,3
70,6307,3581.21651206574,91,21
85,1337,1031.14932104052,90,5
82,9512,6986.52396718274,85,3
87,3719,2953.98362810307,95,8
74,5810,3634.99838918422,86,12
91,2887,2418.98648192996,95,4
70,5323,3022.48541203836,78,8
80,4048,2868.4111405808,86,6
79,3535,2457.78451911018,79,0
80,5954,4219.0019592436,81,1
8,1141,68.1853046545859,83,75
78,6552,4466.59815385932,89,11
3,8383,426.711670996507,54,51
47,3044,826.421389434018,86,39
34,1188,195.169481327258,91,57
25,6805,781.101540767075,32,7
71,4222,2458.67872626668,89,18
35,2915,498.240700892432,45,10
25,9483,1088.49168421663,69,44
3,6742,343.181448867762,82,79
64,1903,915.943867184301,73,9
50,9254,2804.37618062519,83,33
75,7466,4777.42369719725,80,5
93,3754,3229.01884949677,96,3
24,2935,323.766908265564,83,59
19,1747,158.21544653975,50,31
13,3730,268.012430446392,83,70
70,5286,3001.47621417148,84,14
95,8685,7698.85617788795,97,2
54,5950,2077.10699312633,71,17
85,1432,1104.41722343307,86,1
78,3529,2405.7730288415,88,10
63,2396,1119.47919245603,80,17
58,8270,3302.92662320073,82,24
32,5528,838.767755950862,52,20
85,1381,1065.08392846444,90,5
89,2600,2122.51545508347,90,1
36,3298,586.439326961215,69,33
11,4694,312.857557456786,75,64
21,6258,613.075552287559,86,65
9,2848,176.379880994594,53,44
99,8707,8292.38095238095,99,0
23,8088,857.532949177756,86,63
2,3312,164.211916421705,66,64
84,4170,3166.21633673212,92,8
35,2324,397.225176286111,75,40
89,7245,5914.47095079991,92,3
95,2861,2536.14594414939,97,2
68,8349,4498.06041839184,79,11
97,5496,5062.92534070537,98,1
30,4178,585.370056358537,71,41
14,9675,722.149996315454,82,68
5,8550,461.882206534614,84,79
54,1518,529.924103456431,92,38
3,5133,261.28009152154,73,70
27,9979,1240.47624191601,78,51
71,7724,4498.06595965984,75,4
23,1314,139.317296639413,82,59
99,3614,3441.90476190476,99,0
89,3084,2517.62987056824,95,6
55,2922,1055.67554234658,83,28
60,7845,3341.46921466303,76,16
90,1716,1419.36233404037,92,2
64,2721,1309.66014850682,66,2
77,2420,1616.43797442176,86,9
36,8074,1435.69166946175,42,6
48,3748,1055.8841491806,64,16
15,4372,339.057044381591,59,44
53,7342,2475.49514504966,73,20
70,1886,1070.90127505248,85,15
89,1531,1249.83506220492,89,0
12,6107,422.554586592361,73,61
9,7727,478.541903246217,73,64
29,2165,291.477322735345,92,63
80,3991,2828.02096394713,89,9
7,7720,445.525620921691,84,77
18,6062,527.949711510046,54,36
9,3793,234.904806394836,84,75
26,2314,276.403606488762,84,58
78,7447,5076.73328018778,87,9
55,7808,2820.91534382001,76,21
48,9696,2731.55088325911,63,15
81,5243,3783.7710110998,86,5
77,4550,3039.1705717434,82,5
18,3608,314.226750103637,86,68
20,7173,675.599222223456,23,3
67,1962,1028.62707519842,82,15
52,4982,1621.70735223214,83,31
41,4993,1079.52701518209,75,34
57,3275,1265.60059133457,87,30
48,2571,724.300466260227,60,12
14,4874,363.799388324705,81,67
85,9960,7681.56113505127,90,5
10,8937,574.043845960265,54,44
89,2070,1689.84884308569,91,2
79,1961,1363.42728202972,81,2
92,3405,2890.15671967318,97,5
24,7791,859.443946268145,38,14
61,7443,3271.35300310871,85,24
0,7158,462.637095481102,75,75
81,2801,2021.42716042162,86,5
10,6089,391.110325394658,69,59
61,4828,2122.00622047681,83,22
62,7075,3207.03148173064,77,15
83,8854,6614.24393718329,89,6
23,4485,475.523649488407,26,3
60,9056,3857.27791051477,82,22
45,3029,763.042111198916,70,25
58,8347,3333.67938619788,80,22
34,3268,536.880357725151,79,45
47,1789,485.699036037273,82,35
75,2071,1325.2135650811,89,14
54,9878,3448.34670220199,67,13
19,5982,541.754322381675,77,58
34,8125,1334.80811092927,70,36
32,4286,650.318126267256,68,36
48,2310,650.771714142795,73,25
78,4079,2780.7164025629,87,9
79,2314,1608.85809822375,87,8
91,7625,6388.90610485485,91,0
82,9595,7047.48711786359,93,11
92,5258,4462.97915772146,94,2
47,6223,1689.49418740075,84,37
73,2906,1776.40931305789,92,19
1,2155,104.372639108971,78,77
28,7709,997.283616313083,72,44
50,2822,855.192304054927,84,34
84,5142,3904.24086414305,86,2
97,9877,9098.71062411699,97,0
56,9215,3443.99746539276,73,17
27,2761,343.216244506474,72,45
83,1181,882.247807749432,85,2
78,1439,980.988208700176,79,1
15,1274,98.8011606912504,87,72
21,4721,462.500748218211,67,46
52,8286,2697.20335620142,68,16
73,5679,3471.51702988843,74,1
34,6961,1143.5814474066,91,57
56,8703,3252.64350963789,63,7
55,5105,1844.36127435978,84,29
13,8365,601.052005545328,82,69
58,9629,3845.69292077386,88,30
91,2969,2487.69340659857,97,6
42,9566,2149.55797987879,63,21
98,1884,1766.51680199782,98,0
5,7633,412.344664617393,75,70
36,9255,1645.69313857673,73,37
64,7286,3506.866535105,71,7
62,4493,2036.63497489975,85,23
65,1546,766.096127502898,83,18
36,1076,191.330720379099,85,49
62,4936,2237.44274117631,62,0
63,6116,2857.56875670329,88,25
0,4629,299.182329558818,85,85
49,6304,1842.26986957287,60,11
66,9751,4971.65808956752,78,12
24,6962,767.994962638792,59,35
45,5370,1352.76861576038,85,40
46,8564,2239.94904747579,77,31
2,1871,92.7658501283245,85,83
60,1179,502.178738570773,81,21
14,5040,376.189765522469,76,62
79,4775,3319.92109724217,89,10
58,3530,1409.83445947988,88,30
15,1209,93.7602851457784,78,63
27,4265,530.176487801562,60,33
77,5096,3403.87104035261,83,6
6,9681,540.170982883404,79,73
55,1897,685.358146417336,71,16
90,5718,4729.55351167996,92,2
91,3494,2927.58530234267,94,3
70,2888,1639.85306593402,82,12
82,6322,4643.48239282268,96,14
67,6063,3178.67785776147,75,8
12,1959,135.54682088332,79,67
10,5717,367.215918916285,48,38
45,2973,748.935026937728,75,30
18,6720,585.256031235155,76,58
83,1260,941.263537480342,94,11
20,2856,268.996428087298,78,58
97,1190,1096.23019567675,97,0
27,5055,628.380339000445,86,59
50,6795,2059.18912333566,81,31
12,2654,183.635151926662,89,77
63,9431,4406.43082806879,85,22
21,5687,557.136571725687,77,56
27,6316,785.133574901446,80,53
26,6189,739.266171373788,80,54
2,6341,314.392440226459,88,86
99,8147,7759.04761904762,99,0
11,1048,69.8497486609953,84,73
66,9468,4827.36732561023,87,21
30,9554,1338.58916190748,86,56
18,1438,125.237823350618,28,10
76,7872,5148.29171744181,79,3
41,5418,1171.41545528872,80,39
34,7759,1274.68013940925,77,43
92,7488,6355.79838969538,93,1
27,4173,518.740089940427,77,50
9,5890,364.774402759184,28,19
55,9176,3315.15358541143,76,21
66,8007,4082.45988341372,84,18
79,5413,3763.50427211977,80,1
35,9855,1684.44669203942,83,48
42,9325,2095.40332033972,71,29
49,3050,891.326634231798,86,37
37,9503,1757.7059823799,81,44
1,7355,356.223090787232,71,70
40,7092,1475.04869593998,80,40
1,3861,186.998960371108,84,83
83,3153,2355.39994736152,86,3
61,1442,633.788933290711,84,23
91,9516,7973.35481885886,94,3
66,8874,4524.50967970692,67,1
63,8198,3830.33823862877,65,2
96,7168,6477.01374152871,97,1
46,2069,541.155368896241,79,33
3,5250,267.235628382639,89,86
9,1267,78.4667518329179,75,66
28,4884,631.824255036074,79,51
50,8642,2618.91278938437,88,38
18,3603,313.791291747063,87,69
52,3767,1226.20867038508,79,27
5,7908,427.200525061489,60,55
6,7472,416.915358341576,57,51
37,8930,1651.72202700752,87,50
47,5646,1532.84335241277,73,26
13,7498,538.755282436207,73,60
46,9677,2531.05872634554,50,4
59,1951,804.891278985293,79,20
91,1193,999.601964995651,95,4
70,6796,3858.87861360374,79,9
32,9768,1482.10626630391,83,51
18,2061,179.49593457971,44,26
16,1888,152.159344362161,39,23
7,8510,491.116973321709,78,71
42,7536,1693.40047421771,91,49
43,7779,1816.32398769839,70,27
22,5427,553.082374934029,89,67
56,2741,1024.41639203924,78,22
41,8687,1878.19971577946,82,41
43,2495,582.559242744245,65,22
29,2351,316.518792494594,69,40
2,8744,433.535325238947,64,62
90,9947,8227.5041589158,91,1
50,2233,676.698942223477,72,22
10,9001,578.154711590953,77,67
77,6076,4058.4616250358,83,6
58,4455,1779.26700197814,75,17
9,9509,588.903191143817,49,40
75,5681,3635.21886201147,84,9
4,5104,267.377223185288,74,70
0,2150,138.959172294547,44,44
12,3313,229.232576613803,73,61
90,2650,2191.90570233506,90,0
80,1617,1145.80553713418,88,8
96,7614,6880.0198978794,97,1
4,9810,513.904890173918,70,66
42,4528,1017.47841656818,81,39
82,8981,6596.50670198362,90,8
47,1551,421.083960253667,60,13
81,6375,4600.71336939943,82,1
55,6421,2319.81268220649,84,29
7,8354,482.114123987022,84,77
17,7439,623.168287491617,82,65
84,7050,5352.95567720897,87,3
30,1506,211.002227112483,79,49
65,7162,3549.01711848367,71,6
70,5731,3254.15440473264,70,0
80,1126,797.883138412545,87,7
59,4945,2040.07553797144,68,9
50,3878,1175.20756737243,79,29
31,1483,216.230595029027,68,37
90,2139,1769.24011218668,94,4
22,7097,723.277246159352,89,67
19,3899,353.109345196615,83,64
35,6344,1084.33585127327,73,38
13,4965,356.751130607597,71,58
68,4740,2553.69581784373,85,17
19,7031,636.756041568967,76,57
66,5662,2886.83500185943,92,26
45,2542,640.360860570368,91,46
31,4033,588.036405766733,32,1
74,8018,5016.42290610655,96,22
30,8324,1166.25666566023,54,24
28,6756,873.997679570786,67,39
20,1445,136.099383258455,74,54
25,9819,1127.05893149036,84,59
13,8455,607.518793411327,82,69
40,5723,1190.31354862725,84,44
28,1633,211.254915739949,36,8
82,7931,5825.28612108141,84,2
13,6973,501.032353217881,60,47
7,2596,149.816646620817,73,66
1,6779,328.325809985947,60,59
26,3420,408.513541137236,75,49
17,6471,542.078503610466,72,55
80,5100,3613.85790932858,85,5
42,7669,1723.28665562309,68,26
77,2940,1963.77175404958,79,2
0,6356,410.802092606578,83,83
53,8671,2923.59280887029,84,31
28,2730,353.169577446454,85,57
14,4358,325.284721854548,76,62
60,2848,1213.06619800641,65,5
60,3330,1418.36742955104,85,25
19,7360,666.551623659166,72,53
56,7681,2870.68307451783,75,19
45,8524,2147.29975432802,70,25
16,4371,352.271448202863,63,47
21,6945,680.378669005608,91,70
13,5171,371.552889500883,57,44
30,9951,1394.21192695639,57,27
80,2283,1617.73286411709,93,13
41,3905,844.292608509128,89,48
97,8083,7446.07451399591,98,1
43,5923,1382.96528848664,68,25
21,2297,225.029489230509,71,50
38,2342,450.530622862598,79,41
94,3710,3236.74213269581,99,5
40,4487,933.240764055651,76,36
35,9043,1545.65717261416,56,21
18,1726,150.320224689267,75,57
34,3536,580.908489876418,82,48
41,7219,1560.80623324645,67,26
69,1385,766.289643381172,69,0
14,7458,556.671283981463,74,60
64,8123,3909.72781562695,74,10
18,1397,121.667064826713,75,57
27,2421,300.951295889234,89,62
59,2605,1074.70106702034,80,21
26,6337,756.9445351423,59,33
33,6252,987.10137132953,89,56
84,5334,4050.02348684151,95,11
10,2017,129.556499642146,70,60
35,3754,641.645142761644,80,45
47,4928,1337.91215740172,78,31
84,2571,1952.12043207153,86,2
23,2170,230.074987600857,70,47
69,4163,2303.29515191034,84,15
28,1993,257.82672815047,82,54
65,5870,2908.78671956146,83,18
19,2936,265.896136829254,26,7
9,5556,344.089402670633,90,81
86,4656,3645.2176291076,86,0
85,7159,5521.31487608756,90,5
52,3231,1051.73353172662,69,17
11,2295,152.962951504756,80,69
35,4105,701.639134532911,67,32
4,7949,416.414879917683,65,61
42,4559,1024.44436862507,64,22
44,5472,1327.28623506685,83,39
0,6042,390.507590234258,86,86
16,5458,439.875901233408,32,16
75,3163,2023.97417013594,95,20
97,9054,8340.56150559433,97,0
53,7496,2527.4191783291,79,26
21,4626,453.193912573066,69,48
41,2383,515.223888880218,64,23
85,3512,2708.59866529117,85,0
71,8355,4865.52836521982,71,0
16,3718,299.644302086078,24,8
2,3191,158.212628412338,50,48
74,3385,2117.80887218392,76,2
62,4953,2245.14868254584,78,16
8,1448,86.5313945134447,22,14
49,7012,2049.17454401094,90,41
96,5088,4597.52314688868,96,0
19,6712,607.866100271783,63,44
19,5683,514.675662670522,86,67
91,3972,3328.09639980111,93,2
58,3020,1206.14732794029,60,2
88,2660,2142.44227157353,97,9
26,1341,160.18030955118,88,62
77,8010,5350.2761054208,77,0
85,6991,5391.7463750144,92,7
10,5189,333.30127746311,66,56
36,1151,204.666969476155,82,46
93,5066,4357.54115384939,97,4
66,1014,516.999415733922,80,14
26,1783,212.976504049033,36,10
39,1890,378.084413601038,89,50
58,8291,3311.31374038177,64,6
86,2207,1727.87699902072,98,12
27,1470,182.733748433364,77,50
12,6157,426.014178753753,68,56
44,6182,1499.50356454372,69,25
13,6807,489.104722265038,87,74
30,4176,585.089840917484,72,42
69,1372,759.097033010085,81,12
99,1219,1160.95238095238,99,0
14,2248,167.79257795526,49,35
14,5574,416.047966869493,61,47
50,4772,1446.12958006737,78,28
84,3473,2636.99504495699,94,10
23,8457,896.656299603893,88,65
63,2463,1150.78349374758,70,7
22,5649,575.707082366378,79,57
7,2219,128.059760728657,24,17
1,2377,115.124716084466,87,86
5,8082,436.600233124299,83,78
78,8767,5976.59737711914,90,12
61,2288,1005.62349470815,66,5
72,7500,4476.36346725592,86,14
94,1147,1000.68550571485,95,1
56,4715,1762.17558864101,93,37
85,2676,2063.84112423667,90,5
93,4814,4140.78229661093,93,0
55,2483,897.071311309565,77,22
13,3578,257.090744272706,86,73
86,8006,6267.95797651105,88,2
60,8789,3743.55295445167,91,31
93,4923,4234.53910390852,97,4
25,1312,150.595917925996,51,26
20,6276,591.113999536374,87,67
35,6463,1104.67569463732,71,36
39,4592,918.605093786227,90,51
82,2390,1755.44494129171,89,7
99,5584,5318.09523809524,99,0
8,8787,525.104532865772,61,53
14,1053,78.5967902966588,75,61
88,6158,4959.83440163527,88,0
22,8737,890.414724488412,77,55
5,6823,368.587402945693,22,17
62,5853,2653.11028446211,73,11
2,2670,132.380983347208,84,82
15,7925,614.599056890235,69,54
1,8663,419.573165940148,46,45
94,7316,6382.75079320823,97,3
27,7812,971.099348817305,83,56
45,3316,835.340918037506,91,46
43,2011,469.549754372215,69,26
23,3966,420.496498076036,83,60
82,2747,2017.65993879847,86,4
63,9146,4273.27074048533,79,16
10,1441,92.5587089659553,85,75
71,2019,1175.76322793283,73,2
49,5668,1656.40634846749,87,38
11,9092,605.986559948253,69,58
43,8277,1932.60234556878,59,16
87,8505,6755.48017128708,89,2
30,7335,1027.6901300598,61,31
71,9990,5817.66946362011,77,6
94,2119,1848.6944957365,94,0
76,1703,1113.76280421791,89,13
6,7829,436.834895671333,79,73
85,8924,6882.55537843349,94,9
84,4280,3249.73763098644,88,4
90,1114,921.427529208023,99,9
81,3093,2232.15787475332,90,9
65,1119,554.502953865293,78,13
20,5361,504.933421210086,88,68
94,1764,1538.97927818744,96,2
25,9044,1038.10173911792,51,26
9,1087,67.3191469947765,78,69
4,5362,280.892764639404,74,70
64,5492,2643.38608438055,81,17
62,5711,2588.7430094931,81,19
40,6161,1281.41215675214,79,39
13,5692,408.988405925165,87,74
69,3003,1661.49299572105,82,13
78,3679,2508.0303125837,82,4
86,6622,5184.41390462855,94,8
10,6393,410.636937140425,78,68
45,7278,1833.41712951658,58,13
37,2915,539.167940506934,88,51
63,5346,2497.8029060392,76,13
33,1246,196.72557720355,84,51
4,9609,503.37534043641,76,72
19,3489,315.978072682993,73,54
51,1088,341.780702373411,77,26
7,3958,228.418446581354,67,60
69,7181,3973.08731344418,80,11
53,4527,1526.36427698717,70,17
50,2397,726.398282359908,55,5
93,4855,4176.04861862195,94,1
63,2315,1081.63369387968,78,15
89,1533,1251.46776640114,92,3
4,8583,449.627489537486,56,52
11,2107,140.432653080837,74,63
80,3048,2159.81155051637,87,7
77,7724,5159.2425266255,85,8
94,1363,1189.13194794188,94,0
85,1983,1529.37105730991,89,4
35,2215,378.594563456857,80,45
7,5732,330.79700247709,83,76
45,7101,1788.82866676246,78,33
59,3488,1438.98553618693,82,23
69,1838,1016.9244509275,77,8
2,7051,349.594874000436,58,56
31,9698,1414.0285304056,47,16
89,5307,4332.38058466462,92,3
54,3463,1208.91117936075,73,19
91,9858,8259.91296808645,98,7
0,1618,104.574856173292,70,70
79,2058,1430.86861112553,86,7
57,4526,1749.04069507795,71,14
37,7816,1445.67294099561,74,37
31,2042,297.736260990744,62,31
34,6781,1114.01031387217,37,3
22,4635,472.367202472678,74,52
23,5041,534.473738477383,56,33
77,2769,1849.55237651813,85,8
3,1821,92.6925865304353,89,86
87,1383,1098.51017952852,93,6
76,7584,4959.93958143785,85,9
50,7445,2256.16821533981,92,42
56,1169,436.899949760623,90,34
85,7566,5835.20999475883,88,3
51,6493,2039.68943061632,84,33
18,4469,389.212679105641,47,29
52,6605,2150.01546798339,70,18
88,9374,7550.09543373319,90,2
76,3708,2425.0337510511,82,6
18,8631,751.688215117652,69,51
87,2840,2255.79819946564,91,4
20,6130,577.362781573928,82,62
81,3721,2685.3732466722,89,8
47,8193,2224.33326006337,77,30
79,3409,2370.18031842902,86,7
74,9384,5871.05419691991,77,3
90,2836,2345.75266861217,92,2
46,4637,1212.8262182561,76,30
9,9421,583.453251000726,61,52
6,4803,267.993103066728,73,67
12,8389,580.450372838271,58,46
17,2323,194.598727227185,73,56
42,6081,1366.45014380545,87,45
95,4046,3586.59436911165,95,0
0,2045,132.17279411272,86,86
41,2518,544.41198161997,91,50
55,5553,2006.21707277568,79,24
92,4103,3482.61762725964,94,2
70,4429,2514.85776628178,81,11
78,8680,5917.28815254867,79,1
8,9436,563.8882863459,43,35
88,2399,1932.2251915432,89,1
71,5833,3396.84344157118,89,18
7,3935,227.091103410215,81,74
70,6740,3827.08090872413,90,20
61,2167,952.441482968773,81,20
80,5209,3691.0952646456,96,16
13,3402,244.444581334753,69,56
84,2593,1968.82469092239,90,6
57,8134,3143.32678165356,90,33
48,3207,903.473977167075,78,30
73,5048,3085.79291545638,80,7
66,5054,2576.83929696177,89,23
66,8503,4335.35111635654,86,20
93,1723,1482.04567865821,99,6
76,8799,5754.55015520459,89,13
79,6532,4541.5130067405,88,9
54,9211,3215.50126280447,78,24
2,5813,288.213728912854,63,61
99,7481,7124.7619047619,99,0
73,9567,5848.21331659493,80,7
88,9145,7365.65209531577,94,6
48,2141,603.161142848365,90,42
84,3009,2284.68704010238,97,13
40,7591,1578.83455314162,72,32
41,5007,1082.55392850325,66,25
19,1213,109.85422819274,81,62
6,1961,109.417962755331,85,79
67,9063,4751.50213176516,80,13
57,4912,1898.20766553753,77,20
49,5200,1519.63885180503,93,44
7,5080,293.169709103911,73,66
87,4368,3469.48117438941,87,0
91,8439,7070.94801558952,95,4
83,2150,1606.12429014503,90,7
76,7913,5175.10573680349,84,8
98,1543,1446.78101140268,98,0
16,1945,156.753138127332,51,35
83,5827,4352.9703435698,83,0
57,2013,777.909615376029,60,3
76,2982,1950.22940820776,85,9
4,3244,169.939598748643,71,67
15,1205,93.4500774199032,71,56
82,5454,4005.94004594351,94,12
4,5547,290.584141263478,51,47
46,9788,2560.0912280118,93,47
65,1410,698.703453932139,77,12
73,5059,3092.51710762556,87,14
39,1371,274.261233358214,47,8
10,4765,306.066792659803,79,69
32,8892,1349.19010237248,66,34
29,7428,1000.04321167582,72,43
26,6783,810.218523255519,75,49
80,1788,1266.9760670352,85,5
26,3682,439.809022943656,83,57
77,1661,1109.46424608039,93,16
6,4423,246.79023420032,83,77
68,3264,1758.4943353253,78,10
70,2019,1146.42082414155,95,25
64,3449,1660.05801256892,70,6
96,1040,939.745297320013,96,0
37,9353,1729.96149144472,83,46
49,5089,1487.20040708381,85,36
51,4256,1336.96568869599,59,8
43,6738,1573.26019142714,84,41
86,9461,7407.08848560718,86,0
87,5782,4592.61450327829,90,3
16,4785,385.636897655159,90,74
61,6103,2682.39518715202,81,20
76,2861,1871.0953510672,82,6
24,2341,258.241339778427,73,49
90,3057,2528.54933284464,94,4
92,4162,3532.69670111007,95,3
40,6263,1302.62690110999,78,38
44,4777,1158.7072998747,80,36
65,6982,3459.82093287531,81,16
66,4841,2468.23882797625,72,6
8,4933,294.792381999187,60,52
38,9104,1751.33680210977,69,31
8,6877,410.964364688507,73,65
66,5976,3046.93146787566,86,20
53,1782,600.83524223352,89,36
61,6994,3074.0081826874,90,29
4,6229,326.311270223582,57,53
2,2029,100.59963116535,4,2
34,5425,891.241107912773,43,9
87,6730,5345.60629662105,87,0
44,6622,1606.22979689559,82,38
49,2035,594.704819889085,77,28
20,8679,817.44397737033,54,34
63,2966,1385.79936762295,79,16
10,7586,487.266041787465,67,57
48,5865,1652.28402746645,73,25
44,1174,284.764992684298,84,40
61,8025,3527.15408436751,77,16
91,7015,5877.79361646647,92,1
9,5502,340.74512121919,79,70
0,8181,528.755808624042,81,81
96,6299,5691.78425751804,96,0
81,3836,2768.36650745352,83,2
47,2264,614.657695689428,75,28
86,2721,2130.29148814471,88,2
15,3529,273.680766153393,73,58
68,9817,5288.95186577466,76,8
37,4406,814.948180402591,70,33
98,7096,6653.50489754594,98,0
23,7666,812.790255736484,76,53
84,6667,5062.14971630528,91,7
63,7579,3541.12387296504,75,12
86,8418,6590.51589386336,88,2
8,8999,537.773493940945,50,42
39,3671,734.363958904451,88,49
5,4988,269.458297800545,63,58
59,1732,714.542129780896,73,14
6,8055,449.445022944512,70,64
42,1656,372.11666471663,66,24
95,7495,6643.97548109041,97,2
46,6402,1674.46915015647,60,14
39,9468,1894.02287194425,77,38
0,3054,197.386656831417,77,77
5,8035,434.061231521126,79,74
0,8915,576.195823723669,85,85
27,6543,813.351643537074,73,46
32,2408,365.367720030694,65,33
52,1053,342.765524267451,68,16
19,5840,528.89422312086,57,38
70,5506,3126.39576905565,83,13
70,1306,741.567903085121,81,11
61,1354,595.111106571167,81,20
65,9282,4599.54997120434,69,4
16,5321,428.834677622383,81,65
78,9792,6675.35548269084,83,5
89,3157,2577.2235737302,91,2
34,7144,1173.64543316661,42,8
26,8364,999.06644972861,83,57
68,5539,2984.1605770119,73,5
93,4072,3502.54788363102,93,0
48,1253,352.994354035031,73,25
84,1722,1307.48789732679,95,11
32,3675,557.61061923289,85,53
16,6780,546.41967943615,78,62
92,2884,2447.93303363802,92,0
39,5117,1023.62854200874,79,40
80,4331,3068.94482456903,81,1
93,4292,3691.78180661698,94,1
4,5815,304.62354091349,81,77
96,3259,2944.83646535185,96,0
62,8654,3922.77744775928,80,18
49,7721,2256.37145668974,77,28
92,8373,7106.98449745185,97,5
78,5184,3534.01172613045,83,5
81,2527,1823.68669560351,92,11
73,5821,3558.32023789057,77,4
74,6618,4140.5196797971,96,22
60,5490,2338.38954601658,62,2
58,1446,577.51292589459,84,26
84,3422,2598.27153580271,88,4
10,5642,362.398498255322,68,58
17,5781,484.276901463777,86,69
16,2190,176.498392030261,61,45
68,3549,1912.0393370311,81,13
40,5423,1127.9172416924,58,18
33,8777,1385.7627537043,76,43
76,2811,1838.3953274554,79,3
42,3973,892.765403936697,83,41
47,2346,636.920032724115,87,40
47,3035,823.977962198504,73,26
49,3115,910.322119879361,64,15
47,9547,2591.93331305078,91,44
82,4985,3661.46151980719,88,6
32,6872,1042.69392527032,56,24
67,1429,749.18862918376,83,16
56,3113,1163.44700051738,87,31
14,9515,710.207464076646,83,69
83,4876,3642.54048313821,96,13
73,5620,3435.45090825374,84,11
69,2454,1357.74352697285,77,8
96,7151,6461.65252032251,98,2
34,4281,703.300125893932,76,42
89,7188,5867.9388812077,98,9
90,7841,6485.5594762299,91,1
91,7116,5962.42043831438,94,3
60,3920,1669.66976691894,82,22
7,7019,405.070509488258,78,71
22,4239,432.009616242003,70,48
0,8587,554.996470927105,85,85
71,8391,4886.4929398635,72,1
85,7019,5413.34112519326,90,5
3,7201,366.545478092073,79,76
76,3415,2233.41161268595,82,6
33,5733,905.158695110716,86,53
10,5429,348.71702357819,69,59
70,8257,4688.45802126634,75,5
14,4953,369.696013617617,84,70
34,2436,400.196007165994,63,29
53,1904,641.969866000349,90,37
4,1081,56.6290709763512,75,71
70,9139,5189.27187312016,73,3
64,1611,775.399668961592,88,24
63,2606,1217.59715172805,72,9
13,4426,318.022256610116,88,75
94,8464,7384.30873615562,96,2
77,5587,3731.83428227041,77,0
91,4380,3669.95524449367,95,4
4,8839,463.038259352422,76,72
83,5615,4194.59901821597,89,6
48,9389,2645.06304073017,80,32
73,6236,3812.00566972781,87,14
3,7304,371.788386610818,81,78
71,2312,1346.39157156053,72,1
27,1925,239.294194377024,80,53
18,5249,457.14418273115,69,51
59,2636,1087.49021599448,72,13
8,6713,401.163847630355,77,69
61,4351,1912.35481882655,75,14
55,8910,3219.05170510198,75,20
15,9166,710.841003843015,82,67
67,5662,2968.44367980297,94,27
13,7606,546.515427875405,88,75
44,7704,1868.67930463359,92,48
86,5972,4675.52398647564,97,11
90,2411,1994.22062201126,93,3
5,4937,266.703210954549,50,45
19,4366,395.402770230424,84,65
66,5440,2773.64578066325,91,25
35,7433,1270.47105651233,81,46
14,1555,116.066485195921,50,36
56,4046,1512.14473629724,84,28
59,8912,3676.67405346844,75,16
23,5876,623.004897300754,75,52
15,2141,166.038685274699,74,59
42,6715,1508.91509877547,65,23
8,5335,318.815600641731,55,47
35,4607,787.442507379566,84,49
41,2650,572.951450076617,61,20
36,5762,1024.57956396317,63,27
24,4629,510.636122099248,72,48
45,3798,956.762607571305,63,18
70,4459,2531.89225103871,75,5
93,1757,1511.2909213015,95,2
95,3175,2814.49261540521,95,0
56,8617,3220.50202488219,86,30
61,7488,3291.13143722666,67,6
13,6091,437.657832131093,81,68
14,1009,75.3125939309864,77,63
87,4079,3239.92987873956,91,4
85,2080,1604.1814418581,92,7
52,3224,1049.45493849787,90,38
53,3683,1241.79360109206,60,7
91,5072,4249.77465755066,93,2
36,5574,991.150032893211,87,51
40,7868,1636.44714321147,86,46
21,7440,728.872181051364,70,49
69,5895,3261.57216442744,89,20
47,3134,850.855661789163,70,23
95,5810,5150.29987259977,96,1
61,4036,1773.90578000091,85,24
15,6169,478.417865231023,79,64
47,3760,1020.80960061495,68,21
65,6526,3233.85726266747,81,16
72,1307,780.080940227132,92,20
38,1563,300.6743653007,55,17
66,2838,1446.98653042689,72,6
75,6021,3852.78168776114,86,11
43,9346,2182.20388083676,78,35
52,2018,656.88587651635,65,13
82,4626,3397.77753071776,85,3
72,6309,3765.51694865568,93,21
99,1453,1383.80952380952,99,0
9,7285,451.168340254781,54,45
73,5571,3405.49768859103,84,11
28,8127,1051.35866516752,81,53
79,7580,5270.15746954883,97,18
63,3411,1593.71599560414,78,15
8,7227,431.880102312614,80,72
97,2606,2400.65200834756,98,1
52,5692,1852.82180829091,79,27
79,7280,5061.57603935561,84,5
61,7391,3248.49792368353,71,10
61,3147,1383.17182598188,89,28
7,4563,263.333343039596,71,64
35,4981,851.36772938086,68,33
60,8008,3410.89680956298,87,27
26,2841,339.352915313125,72,46
73,1312,802.012738724004,93,20
89,5437,4438.50635741879,90,1
5,3561,192.369887423364,76,71
58,7080,2827.65664960836,66,8
31,4154,605.678956001738,82,51
72,5958,3556.02313838811,89,17
82,4176,3067.25442461681,91,9
51,5667,1780.21253708651,79,28
90,8490,7022.36958974517,98,8
0,7857,507.81498452012,75,75
85,3172,2446.3766988336,88,3
40,6702,1393.93349692467,83,43
95,2432,2155.85702068204,97,2
2,4384,217.362633331146,54,52
59,1801,743.008300078172,67,8
96,7307,6602.61431492051,97,1
38,9490,1825.59163576689,39,1
57,4240,1638.51801748354,87,30
88,8238,6635.12760647472,88,0
70,5662,3214.9750897917,77,7
82,2096,1539.50317863909,89,7
0,1289,83.310871203568,65,65
98,5854,5488.95401215247,98,0
61,2437,1071.11208767647,74,13
25,6789,779.265005182611,60,35
28,8855,1145.53721915324,70,42
88,4731,3810.48661158435,91,3
85,2871,2214.23313441086,87,2
40,8010,1665.98139516063,84,44
49,1547,452.092558411997,86,37
8,5199,310.688342593507,75,67
50,7196,2180.71007086437,85,35
13,4087,293.664022314854,49,36
74,9338,5842.27451948403,93,19
64,2010,967.444652149472,86,22
59,3203,1321.4078762634,78,19
99,8446,8043.80952380952,99,0
60,3446,1467.77602469456,73,13
71,6433,3746.25301896578,80,9
75,2304,1474.30808978603,80,5
76,5603,3664.36464593832,89,13
