"Age","Benefit","NetSinglePremium","Die","SurviveYears"
76,2800,1831.20132226081,76,0
97,7737,7127.33867558906,97,0
86,1790,1401.40454383647,95,9
50,4192,1270.36362104828,85,35
43,1518,354.438849894094,80,37
51,5059,1589.21743870137,57,6
89,1795,1465.35201610571,94,5
88,6882,5542.96530562746,97,9
57,1954,755.109482585574,74,17
34,1926,316.411128818433,85,51
47,3478,944.248880568829,78,31
26,4523,540.265130574187,71,45
16,2131,171.743412518943,45,29
97,7433,6847.29331467668,97,0
67,1351,708.295198059664,90,23
66,9547,4867.64637279265,88,22
21,1338,131.079432560044,86,65
53,5893,1986.93719555675,62,9
88,6566,5288.44960719993,97,9
44,2063,500.400493958865,59,15
52,2625,854.472460780683,81,29
73,5763,3522.86540645308,83,10
39,1502,300.467084248021,82,43
77,3141,2098.02961886726,79,2
78,8368,5704.59300236489,88,10
20,3702,348.678143129964,65,45
13,1922,138.101847538329,62,49
4,1183,61.9724245744898,54,50
23,8465,897.504502323159,71,48
90,1471,1216.71444835278,93,3
61,6043,2656.02394166142,83,22
3,7281,370.61764004838,79,76
51,6778,2129.21838298436,65,14
34,2068,339.739467495597,85,51
21,6848,670.87589997846,88,67
72,9855,5881.94159597428,80,8
57,3674,1419.79131986663,68,11
12,8920,617.191241592249,57,45
50,4466,1353.39788444695,86,36
72,5869,3502.90362524333,88,16
87,3742,2972.25241633818,89,2
89,4580,3738.89260933935,95,6
45,5812,1464.11381653618,68,23
63,7357,3437.39917316319,79,16
8,4959,296.346122508406,68,60
20,3771,355.177006413586,33,13
44,4144,1005.1670610594,91,47
6,4035,225.140989147251,56,50
90,2808,2322.59291024787,92,2
4,2255,118.130023174535,52,48
16,1378,111.05697909484,69,53
67,9735,5103.81476914199,91,24
26,4531,541.220717804918,90,64
54,2563,894.726928299625,83,29
76,3819,2497.6278034693,89,13
23,7041,746.524418293841,71,48
89,5919,4831.98806870734,95,6
77,5304,3542.80455220373,81,4
30,6726,942.364528259339,64,34
76,5048,3301.39438384734,79,3
59,6537,2696.86022077235,89,30
31,3076,448.499872089876,87,56
53,6271,2114.38709542447,76,23
76,1880,1229.52088780369,78,2
71,9305,5418.76019609461,87,16
62,9820,4451.31436757524,74,12
32,6469,981.54642063063,50,18
48,3963,1116.45381088653,77,29
14,3259,243.254453539232,42,28
7,4752,274.240641272005,81,74
60,2115,900.854989039173,76,16
42,4856,1091.18268349273,76,34
37,4689,867.292786633624,51,14
62,4263,1932.37812107671,63,1
68,3076,1657.20850963867,91,23
90,1897,1569.07362918099,95,5
70,2434,1382.06452994578,80,10
58,2251,899.01908450119,93,35
64,9784,4709.19327195544,65,1
26,3831,457.60683511601,60,34
19,4616,418.043790055803,25,6
23,9872,1046.68215557404,82,59
47,3880,1053.38863042181,87,40
40,3621,753.123424703703,60,20
76,7000,4578.00330565202,94,18
73,3649,2230.59792957614,93,20
42,1269,285.154618070896,81,39
11,6826,454.95647362591,79,68
6,3605,201.148269114211,79,73
51,3515,1104.1904125391,71,20
68,5512,2969.61420842925,85,17
50,6545,1983.4279341033,79,29
25,7722,886.357986451631,86,61
81,6601,4763.81316884794,84,3
72,3894,2324.12791219928,93,21
9,5401,334.490076282233,82,73
48,3381,952.493145245363,74,26
10,2290,147.091910848048,83,73
44,2045,496.034420817197,70,26
88,9744,7848.10432113251,89,1
35,5722,978.02171200909,81,46
76,3486,2279.84564621471,86,10
60,7659,3262.24508796739,75,15
77,4441,2966.3640679368,82,5
69,2744,1518.19406602017,79,10
76,6103,3991.36488205633,81,5
91,8560,7172.33262394197,95,4
85,7253,5593.8115374023,88,3
50,4297,1302.18332052588,66,16
41,1065,230.261620502489,84,43
20,1368,128.84702857963,83,63
30,2032,284.698888109274,82,52
2,3992,197.9269234165,79,77
41,8746,1890.9559933472,74,33
72,6595,3936.21560887371,78,6
20,3466,326.45014697149,70,50
14,8281,618.100684184835,69,55
51,2464,774.032767139784,76,25
22,5888,600.064312439942,81,59
72,7604,4538.4357073352,77,5
59,1987,819.743193923002,88,29
99,4784,4556.19047619048,99,0
7,7649,441.428170262956,74,67
95,8362,7412.53141732862,97,2
90,3034,2509.52524561682,91,1
31,2265,330.251043655257,84,53
75,6103,3905.25272220665,86,11
23,1307,138.575119260055,52,29
38,9821,1889.26611747804,83,45
39,9419,1884.22068344348,86,47
97,6818,6280.75417993618,99,2
68,4126,2222.90062118634,95,27
86,2213,1732.57444441906,96,10
31,1192,173.800990744842,91,60
7,4374,252.426044807186,90,83
76,4867,3183.02029837263,90,14
77,8175,5460.48778549501,85,8
45,9178,2312.05034552118,66,21
49,1618,472.841473503951,60,11
79,9283,6454.20472161238,85,6
1,6095,295.197789034422,76,75
41,8960,1937.22452554207,84,43
57,9814,3792.55090178855,79,22
56,4295,1605.20554681084,87,31
92,8320,7061.99821077265,98,6
19,5849,529.709299834574,85,66
59,7418,3060.31958355351,86,27
90,8021,6634.44363714323,93,3
51,2619,822.723951760996,72,21
34,3313,544.273141108759,87,53
84,9811,7449.34016299251,91,7
98,3155,2958.2592942161,99,1
89,9262,7561.05313268582,93,4
59,5121,2112.68489988913,89,30
11,1962,130.768327168772,53,42
28,6455,835.058469749766,87,59
70,6712,3811.18205628433,70,0
64,9685,4661.54301296897,80,16
27,8409,1045.31162624228,65,38
28,8797,1138.03398270933,45,17
61,5286,2323.30672772171,85,24
91,2492,2088.02019846535,91,0
10,5116,328.612321353107,78,68
56,6927,2588.8844756132,66,10
11,6692,446.025303472691,76,65
99,5532,5268.57142857143,99,0
91,2180,1826.59872899457,93,2
2,8691,430.907537929058,84,82
36,3023,537.539746938676,89,53
99,4648,4426.66666666667,99,0
4,3570,187.017375934851,49,45
23,1082,114.719417780704,72,49
57,9803,3788.30002957338,93,36
36,3512,624.492091051482,78,42
52,1118,363.923889962973,67,15
75,7961,5094.16957586222,88,13
21,8255,808.715034217609,76,55
50,1783,540.328801605222,76,26
59,8543,3524.44192535692,65,6
13,8861,636.691192006832,90,77
92,2787,2365.59964103646,92,0
87,6365,5055.68857028128,87,0
93,8165,7023.15900536524,99,6
26,1360,162.449829224164,55,29
85,4313,3326.3627686221,89,4
61,5712,2510.54257070495,80,19
18,8389,730.612030659481,70,52
33,2612,412.397437925901,89,56
56,9647,3605.45236556093,85,29
56,1549,578.920463797437,82,26
71,2031,1182.75141948073,86,15
4,6214,325.525482929738,64,60
38,4605,885.864012930087,80,42
26,1805,215.604368933541,75,49
16,4702,378.947689190085,75,59
62,4940,2239.2559038515,88,26
83,5454,4074.32645509348,83,0
11,1682,112.106180579956,76,65
47,2105,571.490481195338,88,41
50,3534,1070.9601709887,80,30
99,3481,3315.23809523809,99,0
73,1020,623.516001142137,83,10
28,1836,237.516243293659,61,33
46,5605,1466.01055711137,77,31
50,8762,2655.2781602159,72,22
18,5734,499.383643318806,77,59
63,2745,1282.54189619858,86,23
16,5434,437.941672279652,54,38
56,4102,1533.07407520793,81,25
41,7550,1632.37111248244,84,43
5,2225,120.197416320411,90,85
91,5744,4812.83628410312,93,2
53,4034,1360.13993668351,83,30
15,1140,88.4092018744313,86,71
44,2816,683.047887051945,61,17
36,7225,1284.72532968307,78,42
90,3392,2805.63929898888,91,1
27,3717,462.055335324363,57,30
32,1195,181.318282988654,74,42
61,4772,2097.39305801891,87,26
18,4886,425.529906043894,77,59
51,5427,1704.81973509237,58,7
24,4826,532.367665856767,85,61
78,1947,1327.29954297376,83,5
10,7872,505.636472574601,61,51
15,2352,182.402142814616,55,40
61,3323,1460.52747942097,65,4
10,4677,300.414352417608,86,76
44,3245,787.105963595015,82,38
66,7752,3952.44523744513,80,14
98,4180,3919.34194923084,98,0
72,1334,796.195848709253,79,7
83,7476,5584.83032238336,89,6
94,8956,7813.54785456164,95,1
14,4182,312.147936391858,81,67
50,3838,1163.08577709526,68,18
45,8991,2264.94276057757,71,26
49,1465,428.129022671995,70,21
40,1086,225.874631104176,76,36
28,6148,795.343063055238,71,43
16,8993,724.771707547094,90,74
15,6115,474.230060931708,85,70
19,4370,395.76502654763,65,46
12,8605,595.395810975482,69,57
45,8686,2188.10953379788,86,41
26,3124,373.156813600212,83,57
49,8857,2588.354098161,68,19
1,9391,454.832229175104,72,71
59,4332,1787.18043083767,64,5
44,9360,2270.35803366698,72,28
35,1256,214.679355170118,68,33
44,6904,1674.63160944838,85,41
87,3139,2493.29244652206,96,9
97,6545,6029.2660762221,97,0
5,3092,167.033892702342,74,69
71,5022,2924.55816279281,92,21
84,3556,2700.01565789434,90,6
81,2528,1824.40837613204,84,3
62,6142,2784.11128774411,72,10
64,7418,3570.40021375362,87,23
60,1331,566.921035655385,74,14
75,6075,3887.3357836155,75,0
47,8357,2268.85793413275,87,40
53,4418,1489.61285083484,80,27
0,6986,451.520361697538,90,90
94,5760,5025.23845938756,95,1
61,2435,1070.23304616011,79,18
82,3389,2489.20623683582,90,8
13,6396,459.573057676977,72,59
87,2010,1596.5332327204,89,2
44,9846,2388.24200849199,64,20
6,8986,501.392051667211,81,75
64,6486,3121.81393723457,80,16
40,6819,1418.26805662926,73,33
6,8824,492.352933887321,89,83
2,4514,223.808149374269,56,54
88,8740,7039.45317802732,89,1
7,3645,210.355037339322,66,59
31,3247,473.432732339346,85,54
43,4582,1069.85428867901,54,11
22,4288,437.003357972566,81,59
86,6331,4956.58780280933,93,7
78,2053,1399.56135681825,83,5
55,9646,3484.95765964239,82,27
64,5397,2597.66108838343,90,26
42,1822,409.41821444064,83,41
81,5313,3834.28864809712,88,7
82,5317,3905.31412253056,83,1
9,6588,408.002337075977,67,58
58,3715,1483.72096797953,73,15
69,8118,4491.50853788329,69,0
9,1173,72.6452248618885,62,53
88,8216,6617.40815911584,91,3
26,7882,941.492319077104,55,29
93,8966,7712.14251587321,98,5
58,2867,1145.04118847842,82,24
83,3440,2569.79886423205,94,11
19,3081,279.027928327974,42,23
63,5106,2385.66809544261,70,7
34,7624,1252.50178925843,70,36
75,6585,4213.68002224001,79,4
65,3458,1713.55783240946,84,19
50,6003,1819.17767584753,74,24
72,2297,1370.96091790491,79,7
81,4016,2898.26900258951,91,10
3,1997,101.65134283431,31,28
74,5708,3571.18258269596,77,3
39,3994,798.978385144205,73,34
91,3219,2697.16573790528,91,0
90,8859,7327.58211961748,92,2
46,1867,488.321446945038,72,26
82,7975,5857.60393590017,83,1
15,4868,377.522802390115,84,69
96,1936,1749.3720150111,96,0
49,8187,2392.55447687073,73,24
21,3780,370.314091985774,88,67
83,6729,5026.79551087716,89,6
95,8288,7346.93379416642,98,3
27,5898,733.172549836721,67,40
43,3878,905.476851046966,90,47
86,3144,2461.4613887273,88,2
89,1994,1627.8060836294,89,0
61,9314,4093.6963416572,92,31
7,6030,347.994753129249,78,71
95,1768,1567.25132095635,98,3
42,5174,1162.6398691086,86,44
39,4932,986.620279301757,59,20
40,7467,1553.04407960855,92,52
68,1865,1004.77694098704,84,16
49,9647,2819.22230833907,55,6
36,4593,816.711894703717,74,38
9,3741,231.684387219373,30,21
73,1269,775.727260244483,83,10
62,4537,2056.57976432677,83,21
35,2806,479.610088063179,72,37
4,8119,425.320469247914,80,76
85,5034,3882.42758572772,87,2
68,9482,5108.46914447136,73,5
12,8266,571.939776121247,90,78
5,7166,387.116712517783,36,31
80,9314,6599.89658186007,86,6
89,9559,7803.50970582421,89,0
81,5392,3891.30140985125,84,3
33,2196,346.716988394058,68,35
46,5521,1444.04001530988,71,25
23,7742,820.848181569509,81,58
55,6320,2283.32287051005,68,13
56,8922,3334.49217430648,76,20
35,6313,1079.03723661541,80,45
10,3136,201.432415903703,66,56
85,4169,3215.30405341654,91,6
20,1261,118.769081168797,63,43
88,7481,6025.41753144421,94,6
50,2768,838.827887180737,68,18
3,2680,136.41742553628,55,52
63,5376,2511.81975736378,67,4
5,8259,446.162005119226,78,73
63,8070,3770.53300631058,70,7
25,5151,591.249674723174,47,22
47,2214,601.083099936569,86,39
71,5130,2987.45188672384,79,8
66,8914,4544.90413397651,69,3
77,4880,3259.59393189182,91,14
20,5244,493.913609555249,42,22
44,5386,1306.42610783444,91,47
14,9150,682.963562406864,65,51
75,4769,3051.63857647116,75,0
11,6230,415.232761601146,79,68
69,5067,2803.4582115613,89,20
63,8185,3824.26426972145,88,25
92,4624,3924.8413132948,92,0
65,3746,1856.27172938283,88,23
12,4429,306.450673656062,38,26
6,1709,95.3571128755023,48,42
25,3938,452.017320726046,85,60
78,5381,3668.3096254452,84,6
31,3534,515.279111822374,77,46
86,8627,6754.14357523868,91,5
17,8763,734.080347262944,81,64
10,4754,305.360237629529,82,72
32,8548,1296.99471379667,76,44
1,5445,263.71648257464,83,82
96,4774,4313.79235519783,96,0
31,4707,686.309784761719,62,31
29,5395,726.337254576068,77,48
94,4167,3635.44594796319,95,1
6,7521,419.649412484876,78,72
33,1728,272.826482670734,70,37
2,8413,417.124049775304,86,84
22,1618,164.895390205133,78,56
52,7256,2361.924638257,63,11
87,1560,1239.10041942479,87,0
76,3119,2039.82747290409,88,12
60,3367,1434.12706765716,73,13
66,6075,3097.40774219287,81,15
64,5524,2658.78818829537,91,27
49,9560,2793.79758139541,67,18
10,9072,582.715203149997,88,78
41,5850,1264.81735205593,77,36
28,1098,142.04402785209,31,3
70,1423,808.002393637157,89,19
89,5748,4692.3918599307,94,5
1,6028,291.952792830106,79,78
91,9756,8174.44825691331,91,0
32,2847,431.977532777153,88,56
32,1920,291.323099027796,81,49
93,8420,7242.49832518987,97,4
87,1293,1027.02361686939,92,5
94,1919,1674.20704922999,96,2
73,5969,3648.7911870759,75,2
70,5946,3376.23487882399,82,12
48,2321,653.870627067284,59,11
46,2523,659.900916251917,68,22
67,6693,3508.97095530224,81,14
67,1801,944.218839160218,90,23
29,6908,930.034801596196,79,50
31,8234,1200.56825318207,85,54
36,2109,375.015324609218,86,50
67,3259,1708.61143632601,73,6
45,2670,672.605624595941,90,45
58,6885,2749.7762757844,68,10
66,1219,621.520993865533,73,7
24,6618,730.04749536678,88,64
64,2169,1043.97385597622,72,8
12,1557,107.731699905732,79,67
86,8042,6296.14264890106,94,8
62,1166,528.536919815961,78,16
6,6279,350.349509505722,85,79
2,7818,387.623418654859,74,72
57,4489,1734.74230671783,72,15
5,3506,189.398715334545,89,84
57,3170,1225.02408382614,86,29
26,4015,479.585341422808,61,35
49,1839,537.426124705665,83,34
40,5078,1056.16148871732,86,46
70,6341,3600.52226145693,73,3
38,6067,1167.10900465729,69,31
76,2439,1595.10715178361,88,12
74,1192,745.769032686332,86,12
29,2733,367.948047591547,84,55
68,6585,3547.69767099177,76,8
8,5405,322.998748166553,74,66
35,5654,966.398944372492,80,45
14,5502,410.673827362029,80,66
5,1968,106.31393946902,73,68
93,3533,3038.92477231542,93,0
67,1846,967.811203270273,83,16
26,3299,394.060284272439,88,62
20,4653,438.249432734664,67,47
64,2540,1222.54199823864,84,20
62,7909,3585.07589950638,71,9
6,8620,480.97034112746,76,70
5,5257,283.990030380406,71,66
31,8736,1273.7629657273,58,27
40,7872,1637.2790939706,85,45
9,6684,413.947726322986,85,76
13,4714,338.715977781312,53,40
5,9468,511.473769762541,88,83
77,9500,6345.52097396973,79,2
33,5273,832.531274955312,79,46
13,5880,422.496807245251,74,61
51,3991,1253.71946982747,59,8
8,6995,418.015956230349,77,69
88,2576,2074.78619983963,88,0
23,7243,767.941536955303,37,14
51,5444,1710.16005856696,68,17
28,2730,353.169577446454,57,29
68,9955,5363.29997186379,86,18
28,6754,873.738947279616,47,19
65,3921,1942.99024316874,80,15
84,9880,7501.73079302477,93,9
0,2188,141.415194874637,84,84
87,2162,1717.26609410025,90,3
56,7125,2662.88463819028,75,19
80,2791,1977.70145586982,87,7
64,2713,1305.80962252812,76,12
97,4593,4231.0800745742,98,1
82,1729,1269.94322321898,86,4
39,9236,1847.61251006306,71,32
94,5002,4363.93103712788,96,2
2,5619,278.59503574081,71,69
38,6662,1281.56917570906,88,50
18,7896,687.675836701307,90,72
6,9591,535.149250783466,65,59
95,8514,7547.27248112124,99,4
37,5613,1038.19885079431,74,37
69,7630,4221.5090101071,84,15
83,3906,2917.91696618906,85,2
52,9643,3138.92492926024,72,20
44,9964,2416.86404353181,50,6
37,7304,1350.9717452702,88,51
68,1398,753.178639946316,84,16
44,9630,2335.84913079199,80,36
5,4044,218.462180494267,72,67
54,3482,1215.54395799426,75,21
11,6958,463.754342732066,65,54
48,5875,1655.10122103416,72,24
36,3510,624.136457742227,69,33
34,4354,715.292863382897,77,43
59,5409,2231.5002193908,69,10
80,3500,2480.09856522549,83,3
15,3898,302.29742886538,69,54
38,5841,1123.63337666116,87,49
55,7832,2829.58619016372,69,14
32,3889,590.08100631203,85,53
44,3339,809.906567779277,91,47
20,6382,601.097760522807,85,65
93,4026,3462.98079064304,95,2
30,8982,1258.44754576649,67,37
58,8980,3586.49106122643,71,13
81,4802,3465.50989801664,88,7
5,2118,114.41713607489,57,52
83,2646,1976.65342870872,92,9
19,4465,404.368614081274,77,58
76,1237,808.998584155936,82,6
75,9665,6184.54326726647,80,5
76,5621,3676.13665443857,80,4
29,2236,301.03616334237,80,51
42,6000,1348.24878520518,90,48
6,2673,149.145443368179,52,46
82,5470,4017.69197860488,82,0
39,7108,1421.91746660115,58,19
48,3633,1023.48642315185,80,32
18,1849,161.032500260982,78,60
53,6406,2159.9049168058,80,27
54,6288,2195.10063408039,90,36
10,6699,430.292013437151,58,48
72,1112,663.695490078478,84,12
64,2932,1411.21777119515,80,16
51,4542,1426.808777739,76,25
5,6379,344.601940992316,69,64
96,3821,3452.66036640362,98,2
36,6594,1172.52302061317,88,52
94,1837,1602.66719616232,94,0
84,3175,2410.72826597709,88,4
16,3579,288.441892728906,83,67
24,1783,196.687017866269,74,50
8,5994,358.196946625406,75,67
23,6806,721.608463415407,55,32
82,4053,2976.91144228256,94,12
40,9939,2067.18964875175,42,2
66,6098,3109.13455339788,68,2
65,3113,1542.59847666011,74,9
18,9435,821.709918854715,45,27
17,9557,800.594074950583,76,59
70,4965,2819.2072272723,84,14
59,9072,3742.68256430271,69,10
54,2521,880.06499658344,76,22
48,1183,333.273999061007,69,21
66,2626,1338.8959227981,69,3
56,4068,1520.36697658359,81,25
30,6982,978.23210471405,83,53
89,3634,2966.62352452821,91,2
22,5267,536.776279487292,71,49
2,8720,432.345383815601,72,70
0,9184,593.581878303777,79,79
51,4951,1555.29067780401,68,17
18,6001,522.637119559846,84,66
13,5052,363.002358878063,77,64
84,2816,2138.1451329107,86,2
77,8277,5528.61864226816,80,3
44,3303,801.174421495943,58,14
43,3884,906.877795117694,75,32
47,8432,2289.21982776204,72,25
63,5247,2451.54729666811,78,15
91,3083,2583.21278967443,94,3
72,7245,4324.16710936922,80,8
61,7034,3091.58901301447,79,18
21,4938,483.759520165542,66,45
21,6112,598.772415401336,61,40
70,7854,4459.62810936489,70,0
19,1766,159.936164046479,89,70
15,2432,188.60629733212,76,61
37,9302,1720.52836452676,83,46
92,4239,3598.05413647419,96,4
94,5953,5193.61884526635,98,4
59,8485,3500.5138401795,66,7
92,3436,2916.4694533912,96,4
76,3653,2389.06372507812,82,6
67,1674,877.635944894061,93,26
71,2496,1453.54384196154,90,19
65,4449,2204.63238761992,66,1
74,8948,5598.27290644069,86,12
63,3041,1420.84149593438,86,23
7,8355,482.17183455968,67,60
2,4067,201.645490364455,71,69
40,5858,1218.39188674794,76,36
74,4026,2518.84742080132,86,12
5,1224,66.1220843039027,46,41
5,1104,59.6395270192063,82,77
62,4510,2044.34091626928,66,4
18,5590,486.842442649481,28,10
30,6551,917.845677167251,69,39
36,3872,688.506086717351,88,52
25,6066,696.276553459673,90,65
52,7026,2287.0565750267,61,9
45,1074,270.553723152075,75,30
13,6622,475.811880540485,72,59
11,6386,425.630243272057,45,34
31,2543,370.785167335681,83,52
57,6228,2406.76655964327,93,36
86,5451,4267.62914438693,90,4
25,7615,874.076154730532,81,56
72,1208,720.992942459354,81,9
40,5360,1114.81401723608,72,32
19,9744,882.456388713983,88,69
62,5988,2714.30452474955,79,17
86,9422,7376.555090518,92,6
77,1346,899.06012957508,78,1
24,7706,850.067391855003,76,52
46,7358,1924.51484018296,65,19
9,6998,433.394103651744,59,50
98,4786,4487.55276770785,98,0
56,1540,575.556820043934,72,16
29,4962,668.041790028999,88,59
13,1042,74.8710328485632,82,69
71,3690,2148.8689009768,76,5
54,6687,2334.38898538416,60,6
13,3989,286.622408860767,27,14
48,4834,1361.83137063475,64,16
81,1059,764.259679716705,94,13
40,6926,1440.52273943602,86,46
58,3719,1485.31851410925,73,15
76,1348,881.592636574132,90,14
43,1472,343.698278685182,85,42
14,6294,469.789361944131,34,20
49,6715,1962.37978651362,82,33
34,3274,537.866062176299,91,57
97,9912,9130.95268869572,97,0
21,1846,180.84651158882,81,60
84,2144,1627.9059534661,89,5
66,2376,1211.43058361321,72,6
7,8602,496.426346006268,79,72
15,3554,275.619564440113,44,29
67,5356,2808.0156038546,88,21
85,8253,6365.05261521869,88,3
85,4310,3324.04904538865,90,5
84,1925,1461.62264945068,86,2
74,7139,4466.48080901655,82,8
39,2506,501.311926182118,69,30
39,9133,1827.00790974512,69,30
70,6097,3461.97511876722,83,13
42,2681,602.442498855848,63,21
62,6140,2783.20470640652,64,2
99,5968,5683.80952380952,99,0
68,2962,1595.79050895636,74,6
50,4944,1498.25327825923,71,21
65,5377,2664.48827786745,89,24
17,6791,568.885043736466,52,35
30,9155,1282.68618141752,69,39
66,6260,3191.73209318969,78,12
27,6135,762.633705196386,85,58
27,8726,1084.71747539424,83,56
11,2503,166.826260399305,77,66
44,4532,1099.28019322422,77,33
10,5149,330.73198644393,87,77
74,7106,4445.83451868211,82,8
73,9869,6032.82295614878,84,11
87,7527,5978.65952372461,88,1
80,9927,7034.26813056957,88,8
23,6219,659.371588889276,62,39
70,3728,2116.81863912813,87,17
70,1429,811.409290588544,85,15
58,5891,2352.78606254843,89,31
23,9786,1037.56397634193,74,51
75,7155,4578.4177007027,96,21
70,1723,978.347241206481,73,3
78,9079,6189.29252730292,82,4
41,3779,817.050388618692,74,33
52,4487,1460.57825962778,84,32
93,7192,6186.22897325007,97,4
97,9530,8779.05358386503,98,1
87,6626,5262.99960199273,90,3
31,9372,1366.49570911129,74,43
78,7814,5326.92276774369,85,7
33,3811,601.702387417921,34,1
30,8074,1131.22973552868,78,48
31,3996,582.641576356029,73,42
3,7517,382.630517819485,89,86
1,5187,251.220825549065,64,63
72,2424,1446.76067261711,72,0
47,1886,512.033751797818,79,32
4,6636,347.632298796546,85,81
43,5971,1394.17284105246,88,45
23,7882,835.691729156661,86,63
7,10000,577.105726582502,82,75
73,9016,5511.39241793874,92,19
54,4867,1699.03861101611,77,23
85,1956,1508.54754820886,95,10
45,6032,1519.53450470514,62,17
61,1952,857.944519960796,80,19
8,1438,85.9338020098988,60,52
69,2142,1185.12087806677,76,7
12,6237,431.549526211979,67,55
80,8366,5928.14417047899,80,0
54,4972,1735.69344030657,76,22
15,5984,464.070757909295,72,57
78,6956,4742.01110473831,80,2
14,8243,615.264332778118,72,58
70,1761,999.924255231928,80,10
11,9045,602.853985342273,77,66
83,5207,3889.80892036519,85,2
13,3380,242.863810967508,87,74
28,4598,594.825537398827,55,27
18,1362,118.618856330697,25,7
93,6016,5174.68763947058,94,1
62,5468,2478.59337697571,83,21
56,6157,2301.10606559123,69,13
89,7913,6459.79415233674,92,3
93,3710,3191.17206489958,95,2
91,1303,1091.76979077061,92,1
35,8001,1367.55535088863,51,16
59,5592,2306.99745365749,74,15
70,3636,2064.5795525402,94,24
92,2708,2298.5446099486,94,2
44,2989,725.010701135747,89,45
41,4016,868.291706984035,75,34
90,5975,4942.1270080951,92,2
95,8541,7571.20674903178,95,0
65,7909,3919.18128875836,83,18
77,6764,4518.01093346645,80,3
10,9833,631.595964789895,86,76
84,2938,2230.77784108368,85,1
67,6197,3248.93067533363,71,4
27,5649,702.219690408212,86,59
9,6101,377.841872875006,55,46
73,6493,3969.10725040774,84,11
35,6595,1127.2375376966,83,48
62,3363,1524.41651916044,66,4
0,5740,370.988673939861,3,3
29,2145,288.784691578437,73,44
97,3073,2830.8532700123,98,1
19,3892,352.475396641505,83,64
79,6440,4477.54803481458,86,7
35,8836,1510.27610054392,62,27
45,4139,1042.66467423318,88,43
78,6404,4365.70430056701,78,0
55,3380,1221.14419340569,83,28
54,9423,3289.50910860998,70,16
44,7482,1814.83106921969,87,43
57,6828,2638.63231683434,60,3
87,2456,1950.78886545339,92,5
55,2365,854.439650119662,90,35
41,3933,850.346435151447,72,31
89,1365,1114.32061391882,95,6
85,7089,5467.32800064041,90,5
3,7863,400.242618280512,83,80
5,8649,467.230316294489,46,41
98,8786,8238.11922630195,98,0
13,3539,254.288469530773,76,63
46,2765,723.197000965736,60,14
87,5188,4120.80318972808,88,1
51,6047,1899.58447357722,65,14
84,6238,4736.41666871341,93,9
84,9841,7472.11869778915,91,7
40,8096,1683.86833648196,82,42
18,5747,500.515835045898,72,54
18,5527,481.355667356652,42,24
26,2525,301.607219699275,90,64
88,2572,2071.56448213802,89,1
57,1462,564.979561688899,73,16
24,5325,587.413555882155,71,47
70,6277,3564.18202730881,91,21
57,5040,1947.67236040496,86,29
2,9493,470.67141382586,75,73
4,6764,354.337683704014,69,65
19,6486,587.39861834964,69,50
22,8150,830.591736818194,76,54
91,4354,3648.17012203777,91,0
82,9419,6918.21585858855,82,0
15,5641,437.470445415497,85,70
19,7335,664.287521676628,74,55
61,1723,757.294266338346,92,31
61,4999,2197.16427012501,89,28
43,9892,2309.68979127297,84,41
52,4498,1464.1589061301,86,34
98,9516,8922.59760499537,98,0
73,2671,1632.75611671632,84,11
9,5462,338.267875699604,90,81
38,4540,873.359960630313,40,2
81,4635,3344.98924975158,92,11
51,5450,1712.04487861681,74,23
44,8654,2099.11094266603,86,42
89,2546,2078.43244178559,89,0
53,1023,344.92393535628,85,32
78,8189,5582.5659770992,82,4
16,7468,601.867576110497,90,74
78,2520,1717.92236686897,87,9
37,7234,1338.02431616712,84,47
79,6074,4223.07868997884,90,11
63,6833,3192.57150336062,90,27
91,2884,2416.47281395428,94,3
75,1755,1123.0081152667,93,18
3,2742,139.573351052418,68,65
55,4463,1612.41613466556,78,23
17,7233,605.911577285505,20,3
62,5566,2523.0158625177,92,30
40,1588,330.284451375167,66,26
68,4858,2617.26883609385,73,5
18,7083,616.870307922411,61,43
1,9988,483.746598338935,76,75
69,2823,1561.90300596754,96,27
97,1539,1417.72963961892,97,0
36,7757,1379.32378994486,79,43
57,5289,2043.89664963925,77,20
11,6459,430.495731489855,86,75
87,1137,903.113574926914,87,0
88,5905,4756.06075700816,97,9
71,1690,984.170309661461,90,19
52,2309,751.610252168608,80,28
74,3557,2225.41983998765,82,8
67,1743,913.810903196146,84,17
46,5270,1378.38994397448,55,9
54,4821,1682.98030485076,63,9
15,5765,447.086884917628,73,58
93,2756,2370.58496249683,94,1
93,2025,1741.81224566621,94,1
36,7657,1361.54212448212,72,36
65,2078,1029.72040941205,79,14
79,6456,4488.67237775822,83,4
77,7635,5099.79501434304,83,6
43,5421,1265.75296790243,79,36
19,2088,189.097797581568,67,48
79,7967,5539.22751449809,79,0
12,3300,228.333082651841,66,54
84,6815,5174.52382130201,89,5
94,4508,3932.9470442568,97,3
21,1296,126.96483153798,85,64
78,3800,2590.51785480241,80,2
44,8730,2117.54547370862,81,37
68,8547,4604.73378799797,77,9
89,6320,5159.34526004906,94,5
41,4721,1020.71841351385,79,38
41,4315,932.937927200227,48,7
80,2218,1571.6738907629,87,7
95,8624,7644.78246149749,97,2
46,8182,2140.03539309282,81,35
79,7073,4917.65485252228,90,11
22,9194,936.989009608156,69,47
98,1287,1206.74475805265,98,0
82,6180,4539.18399045305,84,2
2,6667,330.555811226905,46,44
22,7178,731.532206979263,71,49
88,2705,2178.68659571669,89,1
53,7417,2500.78282359485,93,40
62,8884,4027.03430158233,66,4
65,2493,1235.36717067576,85,20
81,4808,3469.83998118784,81,0
59,6552,2703.04851866307,84,25
3,6585,335.18983102851,62,59
76,5909,3864.48879044254,84,8
10,5909,379.548515808348,71,61
36,1559,277.21616456414,84,48
47,6367,1728.58902316899,82,35
72,8797,5250.47592286005,78,6
76,3654,2389.71772555035,79,3
84,6383,4846.51292023048,89,5
48,1047,294.960166540046,80,32
96,8666,7830.60841016849,96,0
49,4425,1293.15421523794,89,40
59,3963,1634.94830272615,64,5
99,3599,3427.61904761905,99,0
83,2943,2198.5226911148,92,9
94,7643,6668.03776824638,97,3
21,2556,250.402862199904,88,67
65,8160,4043.56041424557,65,0
3,1273,64.7982771297332,87,84
65,9797,4854.75016891714,87,22
14,2558,190.931234167952,71,57
20,8396,790.789219265041,32,12
87,5237,4159.72365162027,93,6
98,3881,3638.98710645093,99,1
48,9957,2805.07963537654,71,23
15,3037,235.525215870744,81,66
23,5108,541.577436251234,72,49
53,8537,2878.41215653623,75,22
38,9833,1891.57455790261,71,33
92,6391,5424.66713522211,92,0
12,4375,302.714314121759,50,38
11,2890,192.620013005989,85,74
43,5593,1305.91336459662,82,39
96,3853,3481.57560632116,99,3
73,5252,3210.49611568481,91,18
4,2413,126.406982669691,66,62
60,3383,1440.94204629765,91,31
18,8409,732.353864085776,86,68
27,1612,200.385579914682,73,46
20,2996,282.182527503342,71,51
76,2061,1347.8949732784,95,19
91,2207,1849.22174077569,98,7
78,6359,4335.02711544435,95,17
64,8527,4104.17937755152,75,11
52,2452,798.158656698756,92,40
10,1859,119.407800116385,81,71
13,8204,589.483640585041,89,76
20,2213,208.434557197896,57,37
97,1723,1587.23077911851,97,0
77,8886,5935.39993417843,77,0
87,3117,2475.81795342761,90,3
23,6030,639.332799646621,45,22
23,6297,667.641565402118,91,68
14,6303,470.461129382564,25,11
50,8660,2624.3675950091,75,25
81,5005,3612.01104530888,86,5
39,1442,288.464404451163,79,40
51,5671,1781.46908378641,59,8
84,2681,2035.64172632585,85,1
4,6326,331.392694723772,89,85
11,8253,550.066770705338,43,32
43,7179,1676.22958062562,88,45
80,3541,2509.15114841814,84,4
97,4320,3979.59197086012,99,2
21,3327,325.935180962082,80,59
95,4598,4075.91717972698,98,3
94,5001,4363.05859989535,96,2
21,6709,657.258529929248,86,65
97,7925,7300.52462246908,97,0
76,9533,6234.58650182582,82,6
23,4675,495.668464070971,76,53
4,3016,157.995631882216,68,64
43,1369,319.648738804357,85,42
26,9074,1083.87481645593,48,22
20,8983,846.076650388026,90,70
4,8987,470.791360651682,79,75
49,1380,403.288772209797,66,17
20,1175,110.66904867037,53,33
24,1897,209.262632020366,48,24
18,1561,135.950098922333,80,62
81,7963,5746.74204871022,85,4
21,4973,487.188354350596,85,64
23,4942,523.977229826468,90,67
53,1841,620.728216022396,80,27
94,4771,4162.39803641286,95,1
7,8127,469.013823993599,79,72
1,5698,275.969975704371,62,61
15,1353,104.927763277286,85,70
76,1906,1246.52490008182,82,6
90,1949,1612.08460900039,98,8
40,3018,627.706847764644,65,25
68,2404,1295.16555824817,80,12
61,1949,856.625957686266,88,27
3,9441,480.566012868665,81,78
77,5574,3723.15093777971,79,2
64,7488,3604.09231606729,89,25
81,7414,5350.53943854547,89,8
98,7543,7072.63069929383,99,1
77,9349,6244.66058796242,83,6
49,8284,2420.90158622171,83,34
41,1865,403.228095997317,54,13
41,6598,1426.54100664359,53,12
59,3975,1639.89894103872,77,18
66,3162,1612.18161001051,66,0
48,9249,2605.62233078213,86,38
55,2861,1033.63714122298,76,21
48,1789,503.995929264701,54,6
14,8802,656.988554787455,77,63
50,1559,472.446776053023,71,21
80,6999,4959.48853086092,90,10
58,7318,2922.71064432684,59,1
96,3101,2802.067468259,97,1
28,6451,834.541005167427,77,49
33,3350,528.917081566527,74,41
41,6110,1321.03145659175,58,17
77,1029,687.320113917353,79,2
24,4922,542.957656723374,64,40
62,1839,833.601539915568,84,22
28,3305,427.555111157704,49,21
87,7029,5583.10054367747,95,8
90,4430,3664.20462692239,90,0
19,2015,182.486619792557,47,28
67,3955,2073.50666789487,75,8
42,1635,367.397793968412,92,50
63,6526,3049.13239147247,84,21
76,9975,6523.65471055413,88,12
13,1186,85.2178934341612,87,74
24,2939,324.208157885006,82,58
6,2352,131.234598878398,83,77
81,9561,6899.98753330634,81,0
24,1353,149.252683776255,77,53
57,1639,633.379960060264,59,2
55,4516,1631.56425367459,72,17
93,6038,5193.61103176917,94,1
39,2502,500.511747528994,80,41
10,3993,256.479475989632,86,76
61,2427,1066.7168800947,80,19
89,6512,5316.08486288599,91,2
39,9699,1940.23318916215,78,39
45,1211,305.065697148197,76,31
19,6284,569.104674330733,79,60
88,5970,4808.41366965939,91,3
89,4543,3708.68758170932,89,0
2,5272,261.390465994937,85,83
44,5485,1330.43951011361,72,28
33,2366,373.557556712359,64,31
56,5439,2032.76204170062,80,24
14,6092,454.711914992636,71,57
12,2426,167.859411670717,81,69
45,3334,839.875337978602,91,46
55,3744,1352.65202961861,59,4
21,5103,499.924024180795,87,66
58,7922,3163.9401099149,70,12
69,2374,1313.48130930462,84,15
37,9963,1842.78908791444,66,29
4,4347,227.721157755966,87,83
62,5792,2625.45955366556,67,5
26,3263,389.760141734153,79,53
35,4109,702.322826746828,72,37
19,9242,836.993220904621,41,22
21,4766,466.90924931328,41,20
35,2888,493.625778448489,86,51
32,2770,420.294262659893,77,45
35,1212,207.158740817025,56,21
39,3394,678.951587175621,67,28
8,2970,177.484973553129,45,37
43,1795,419.11576782602,88,45
48,6382,1797.93293491745,74,26
5,1286,69.4714055676625,75,70
81,8802,6352.23201214961,85,4
58,7025,2805.69039032468,84,26
38,9808,1886.76530701809,74,36
17,3644,305.25947568483,74,57
41,6181,1336.38223129191,41,0
71,1722,1002.80548712251,76,5
49,1769,516.969447854443,75,26
10,9483,609.114668372071,43,33
48,3615,1018.41547472996,79,31
12,2617,181.075053727233,79,67
93,4875,4193.25170252977,98,5
23,6171,654.282372573681,84,61
42,7483,1681.49094328173,83,41
82,4591,3372.07017802102,85,3
82,3433,2521.52405165458,88,6
75,4174,2670.90363140923,87,12
53,5308,1789.69330290433,64,11
74,3731,2334.28209811468,74,0
24,8449,932.029508666353,84,60
69,5060,2799.58526751533,93,24
13,4535,325.854255247826,81,68
98,2149,2014.99182987968,98,0
71,4222,2458.67872626668,81,10
73,1102,673.641797312388,76,3
62,9302,4216.50980113899,87,25
90,4575,3784.13908988035,92,2
94,9318,8129.37013273843,97,3
59,4281,1766.14021800925,73,14
57,6787,2622.78815675962,61,4
27,4464,554.913913609888,81,54
61,3935,1729.51418342507,90,29
14,5031,375.517998084036,90,76
67,9338,4895.6776902155,74,7
91,9308,7799.07383921167,92,1
87,6116,4857.9090802577,97,10
68,3939,2122.15354989166,89,21
63,9467,4423.25104965828,91,28
31,2318,337.97877227059,74,43
56,2080,777.375445254144,58,2
0,6743,435.814743619596,67,67
19,3347,303.117973422178,67,48
5,5086,274.752386249713,65,60
36,5160,917.533937877462,84,48
21,4071,398.822399067218,85,64
6,2902,161.922961711356,40,34
17,1964,164.525140023328,65,48
65,4430,2195.21723469459,76,11
18,8098,705.268354306887,51,33
91,1987,1664.88608922578,94,3
30,4118,576.963593126963,63,33
54,4787,1671.11112203289,61,7
93,7381,6348.79811617891,93,0
56,2938,1098.04281642148,92,36
68,8660,4665.61303428834,79,11
95,2025,1795.07009328994,96,1
20,5984,563.611563611482,83,63
72,3465,2068.07992187224,92,20
40,1846,383.945275339142,73,33
27,6437,800.174924262288,70,43
41,4228,914.127822990164,84,43
38,4036,776.405462798226,69,31
15,9139,708.747101693357,85,70
64,8577,4128.24516491842,76,12
5,5748,310.514493936955,78,73
91,6326,5300.48787138515,97,6
88,8485,6834.0686745494,90,2
6,3537,197.35407152759,25,19
31,2970,433.044414859211,55,24
38,3818,734.46879508514,68,30
1,8339,403.880945489426,65,64
11,5187,345.716265557808,62,51
62,6157,2790.91064777605,84,22
98,6115,5733.67847357574,98,0
95,8918,7905.40004541218,96,1
46,2606,681.609903984343,86,40
1,8781,425.288233882078,89,88
84,3601,2734.18346008929,88,4
40,8532,1774.55096922728,77,37
6,9000,502.173209993868,11,5
46,3723,973.765799130356,75,29
87,9887,7853.19605567494,95,8
81,8909,6429.45182870267,90,9
68,1615,870.088342999499,81,13
42,1304,293.019402651259,61,19
72,2602,1552.99969890665,73,1
80,5303,3757.70362611166,83,3
52,3761,1224.25559047472,90,38
70,3863,2193.47382053432,80,10
26,1113,132.946073475364,89,63
20,3890,366.385190917224,89,69
20,9169,863.595325326484,83,63
81,1963,1416.65887751076,82,1
45,2009,506.09164787013,88,43
11,6523,434.76136499587,86,75
9,3722,230.507695597569,89,80
45,3176,800.073207384536,89,44
9,6276,388.679822023199,80,71
16,2421,195.115345710165,83,67
95,2646,2345.55825523218,97,2
63,9039,4223.27730409434,87,24
45,6266,1578.48196393939,81,36
21,2336,228.850190179568,83,62
39,1385,277.061858644147,83,44
63,9500,4438.66958611531,68,5
17,6070,508.486558015072,74,57
26,7116,849.994841734671,79,53
19,3805,344.596321742273,87,68
56,1161,433.910044201953,78,22
82,1862,1367.6311634666,85,3
75,2034,1301.53761051423,85,10
9,1071,66.3282487869417,67,58
0,1437,92.8764328312857,85,85
84,5843,4436.49929389107,87,3
91,3813,3194.87199709004,98,7
92,7298,6194.52679593976,92,0
87,5884,4673.6326076253,89,2
37,1399,258.763618788748,58,21
78,8288,5650.05578436905,88,10
97,1859,1712.514230053,98,1
16,2309,186.088943925969,74,58
92,8287,7033.98788133088,94,2
85,1464,1129.0969379232,87,2
8,9045,540.522419457256,86,78
40,8012,1666.3973705402,54,14
67,8922,4677.57939088699,90,23
55,6396,2310.78055059846,71,16
53,6580,2218.57233103062,77,24
83,6115,4568.11629499388,90,7
56,7822,2923.38015998938,82,26
70,6443,3658.4395096305,70,0
40,9892,2057.41422733196,73,33
87,1183,939.651151397132,88,1
94,8467,7386.92604785321,95,1
75,1413,904.165508189087,84,9
99,6471,6162.85714285714,99,0
96,7418,6702.91405338448,99,3
54,5646,1970.98253499012,85,31
30,5501,770.732570614722,75,45
97,7031,6476.97017294386,99,2
83,8381,6260.89659335139,98,15
6,6267,349.67994522573,85,79
53,9880,3331.23018701862,87,34
30,2814,394.263125560776,64,34
15,8302,643.836135053972,73,58
56,5740,2145.25723834557,57,1
64,5182,2494.17820270575,82,18
64,5840,2810.88396445419,80,16
78,8967,6112.94042210874,82,4
57,4691,1812.80377830549,57,0
79,2280,1585.21886946851,83,4
84,3192,2423.63610236185,87,3
67,8228,4313.73270883413,87,20
8,2647,158.182735688597,81,73
1,9786,473.963176946818,83,82
67,1608,843.03381086598,87,20
62,6110,2769.60598634264,92,30
28,1448,187.322178806764,72,44
88,3431,2763.42835855969,95,7
26,9054,1081.4858483791,84,58
64,4150,1997.46035145289,78,14
75,5777,3696.64836575255,78,3
44,9934,2409.58725496237,61,17
51,5012,1574.45301497752,73,22
84,2691,2043.23457125806,88,4
51,1016,319.162861775171,80,29
49,3383,988.641968395467,76,27
73,9155,5596.36175534928,80,7
22,5527,563.27368458824,79,57
61,6176,2714.48020249891,80,19
59,6085,2510.38617766556,77,18
12,2683,185.641715380269,79,67
30,3566,499.624131396491,88,58
39,1775,355.079277323727,66,27
0,2498,161.451168554316,88,88
60,3132,1334.03206887503,60,0
55,1227,443.297019322125,93,38
9,3554,220.103264415304,80,71
26,2205,263.38373047006,83,57
98,5177,4854.17063903542,98,0
32,1091,165.538281791315,82,50
24,3032,334.467211537032,67,43
58,3716,1484.12035451196,59,1
78,2973,2026.73936377041,87,9
3,5466,278.230465664667,81,78
86,1591,1245.60593812504,87,1
0,6763,437.107387082801,81,81
15,7005,543.251279938939,81,66
29,5116,688.775049937194,80,51
68,4809,2590.86987088829,71,3
71,2461,1433.16161661352,77,6
57,7842,3030.48544648724,61,4
86,5194,4066.42189982493,90,4
18,8264,719.725571745137,80,62
59,4653,1919.61000569891,71,12
6,8609,480.356573870801,79,73
66,6064,3091.79926726874,94,28
99,1815,1728.57142857143,99,0
75,3749,2398.95009922214,94,19
69,5175,2863.2122054134,75,6
91,9708,8134.22956930242,96,5
92,6596,5598.67069690582,94,2
35,5629,962.125868035507,63,28
36,2100,373.414974717572,68,32
32,2166,328.648871090732,76,44
49,7316,2138.01496919339,68,19
15,2356,182.712350540491,71,56
90,6144,5081.91269250816,91,1
74,1263,790.189839163454,74,0
14,2807,209.516799964597,74,60
67,6319,3312.89219580978,70,3
62,5614,2544.7738146199,91,29
89,9777,7981.47446321197,94,5
98,6508,6102.17162813261,98,0
82,4024,2955.61106433383,92,10
53,6483,2185.86693344552,84,31
97,9378,8639.03090340884,99,2
62,1693,767.421102271373,93,31
29,5498,740.204305034147,87,58
45,3539,891.51734286331,87,42
72,8024,4789.11206150154,86,14
5,2592,140.023237349441,81,76
48,4989,1405.49787093437,83,35
90,3748,3100.09908390635,90,0
94,5269,4596.87177821408,95,1
56,6041,2257.75243499052,70,14
16,7728,622.821723109524,40,24
45,3925,988.755459377929,90,45
11,4673,311.457896462625,63,52
34,2327,382.289042970143,78,44
28,8024,1038.03395217229,78,50
4,6640,347.841842074905,79,75
98,7008,6570.99243545687,99,1
37,7503,1387.77943657754,53,16
70,8209,4661.20284565525,80,10
1,1028,49.7888969856253,57,56
14,1390,103.750748824649,75,61
18,7629,664.422360460267,75,57
99,6586,6272.38095238095,99,0
41,1692,365.824095671561,89,48
38,8516,1638.22322130567,76,38
79,8421,5854.88074552384,81,2
1,3122,151.207136565294,70,69
6,2910,162.369337898017,82,76
89,9545,7792.08077645068,97,8
41,9218,1993.00621388915,77,36
57,1905,736.173779081637,91,34
19,5351,484.608388342418,70,51
35,8094,1383.45119486221,67,32
48,2287,644.292168937044,74,26
21,2343,229.535957016579,77,56
98,7672,7193.58646758349,99,1
5,4920,265.78484867255,72,67
6,5728,319.605349649431,84,78
6,5220,291.260461796444,80,74
89,2943,2402.52422473487,89,0
11,2319,154.562564069511,40,29
13,4934,354.523681453753,86,73
88,1182,952.017580827035,95,7
68,9333,5028.19474007079,81,13
40,6700,1393.5175215451,80,40
27,6417,797.688750814215,84,57
32,7294,1106.72431474414,74,42
0,4716,304.80532862376,87,87
62,7665,3474.47297632019,84,22
79,1518,1055.42203677772,83,4
1,3101,150.190048202747,83,82
26,8259,986.524367325273,87,61
60,5278,2248.09107903014,85,25
76,3361,2198.09558718521,88,12
80,3538,2507.02534964794,95,15
76,1988,1300.15293880517,89,13
94,3998,3488.00405566519,96,2
29,5600,753.93672393438,91,62
55,5944,2147.47961112527,57,2
0,3156,203.979138493763,63,63
92,4007,3401.13303251995,93,1
5,7618,411.534344956806,88,83
78,4519,3080.67110154003,86,8
39,4174,834.98642453478,73,34
93,5201,4473.66197022714,93,0
12,3653,252.757803311265,79,67
50,7902,2394.65966925657,75,25
52,3750,1220.6749439724,84,32
26,1664,198.762143991918,86,60
97,4177,3847.86010700989,98,1
6,9084,506.860159953811,66,60
65,1236,612.480474510726,83,18
30,7488,1049.12661130032,80,50
59,1459,601.915108169935,62,3
97,3920,3611.11123281751,98,1
2,2062,102.235800622451,71,69
24,3483,384.218106129117,78,54
18,7691,669.822044081782,84,66
84,4937,3748.58754303272,92,8
92,8198,6958.4448716243,96,4
76,8444,5522.37998756081,92,16
54,8164,2850.00025073669,66,12
54,7742,2702.68274635025,77,23
35,8046,1375.2468882952,67,32
85,5342,4119.96983769517,88,3
14,5789,432.095744565392,70,56
2,2853,141.454286700219,63,61
72,3017,1800.69181076148,86,14
35,1355,231.600737464578,76,41
13,6927,497.72710608637,42,29
92,5039,4277.09242597156,97,5
48,4581,1290.55637337149,86,38
48,6513,1834.83817065456,78,30
17,8238,690.100867368725,78,61
36,8727,1551.80594493345,87,51
33,3764,594.28175970639,72,39
64,6389,3075.12630974277,88,24
80,5515,3907.92673920531,81,1
78,9933,6771.47732940851,82,4
83,4242,3168.92057618382,86,3
70,8514,4834.3867740174,75,5
84,5329,4046.22706437541,87,3
73,2270,1387.62874763985,83,10
30,2454,343.824346171338,90,60
47,5048,1370.49118720858,75,28
58,5440,2172.66273642225,60,2
83,9732,7270.14027520531,83,0
95,9960,8829.08549588532,95,0
98,9047,8482.84368772522,98,0
18,9346,813.958760107702,78,60
13,2204,158.364449518458,88,75
26,6114,730.307541085691,60,34
86,1898,1485.95856100649,88,2
4,2391,125.254494638719,49,45
44,1235,299.561129442171,75,31
18,9092,791.837475593754,42,24
74,3280,2052.11613021071,74,0
26,6383,762.439161719,72,46
83,1669,1246.80066988468,97,14
67,7636,4003.3620520974,79,12
23,6450,683.863442408077,88,65
81,4622,3335.60740288065,87,6
2,7364,365.11369339657,66,64
84,7395,5614.90882737026,88,4
21,3976,389.515563422073,60,39
78,4584,3124.98259116165,88,10
71,3083,1795.38287851259,75,4
30,8742,1224.82169284019,67,37
59,2957,1219.91979085572,84,25
51,6279,1972.46418217155,83,32
91,8596,7202.49663965014,93,2
83,6114,4567.36926044033,87,4
13,2019,145.071607793905,79,66
17,3867,323.940283335137,83,66
27,9971,1239.48177253678,30,3
75,5491,3513.63963585724,75,0
43,4609,1076.15853699728,83,40
3,1746,88.8749346963976,82,79
59,5611,2314.83596431906,85,26
11,8847,589.657181683039,47,36
88,5861,4720.6218622904,89,1
6,7347,409.940730424994,89,83
59,3786,1561.92638761575,80,21
67,3975,2083.99216305489,76,9
76,5225,3417.15246743311,84,8
54,5695,1988.08812199234,63,9
25,3923,450.295568615611,26,1
14,6826,509.49828163817,87,73
10,8820,566.528669729164,73,63
66,8960,4568.35775638653,84,18
59,9463,3903.99086265394,61,2
43,8250,1926.29809725051,79,36
53,8875,2992.37529451318,59,6
36,1791,318.4696284377,79,43
90,7656,6332.53964418009,90,0
99,2267,2159.04761904762,99,0
86,2895,2266.51740469641,90,4
83,8920,6663.54821771798,89,6
48,7549,2126.69942427011,76,28
42,4896,1100.17100872743,74,32
36,7129,1267.65493083884,69,33
31,1003,146.243618890164,72,41
35,3546,606.09314763793,71,36
46,2301,601.835912919406,89,43
70,1247,708.066749729821,87,17
6,4081,227.707652220553,72,66
13,5178,372.055861890461,63,50
52,8934,2908.13598651985,67,15
95,8963,7945.29049192973,95,0
64,2799,1347.20277679919,86,22
66,6684,3407.91330844727,76,10
87,3631,2884.08565572526,94,7
31,2938,428.378616449953,56,25
54,4631,1616.65251851563,84,30
85,3286,2534.29818170467,87,2
94,5951,5191.87397080128,94,0
59,4063,1676.20362199756,85,26
84,3812,2894.39248815895,98,14
0,4996,322.902337108631,72,72
90,9550,7899.13187067919,99,9
61,8029,3528.91216740022,92,31
15,7018,544.259455048034,82,67
23,9820,1041.16883789881,82,59
5,7253,391.816566549188,63,58
31,8825,1286.73971755304,84,53
34,1956,321.339651074172,78,44
80,6504,4608.73173377903,90,10
87,5469,4344.00012425268,87,0
45,7977,2009.50377056248,53,8
20,8706,819.987010829139,82,62
86,7438,5823.26647880205,87,1
32,1045,158.558665877108,63,31
84,1564,1187.52094739785,91,7
34,2043,335.632365615815,86,52
46,7919,2071.24667292863,85,39
58,6084,2429.86766330753,86,28
21,1989,194.855748402038,65,44
70,9533,5412.99143959453,83,13
22,1039,105.887707307252,78,56
57,6249,2414.88186114496,65,8
25,6561,753.094373104008,71,46
3,2606,132.650675726697,80,77
47,1932,524.522379890448,59,12
56,4138,1546.52865022195,77,21
31,5149,750.756125289588,78,47
30,2006,281.056087375592,32,2
29,5055,680.562524908623,72,43
62,1465,664.07082978592,91,29
67,4209,2206.67245642718,83,16
16,5533,445.920366713897,72,56
40,8638,1796.59766434426,76,36
82,6416,4712.52499720821,87,5
36,3489,620.402307995051,91,55
21,6036,591.32694688522,71,50
61,5525,2428.35218892592,67,6
15,6093,472.523918439394,58,43
17,1308,109.571732765027,72,55
37,7141,1320.82273178731,46,9
21,6070,594.657814379272,78,57
39,1108,221.649486915318,44,5
55,1958,707.39654754093,64,9
37,6233,1152.87607999304,66,29
90,4228,3497.12351300855,99,9
49,5958,1741.15543827969,69,20
71,4822,2808.08830366128,89,18
37,8411,1555.72608837181,87,50
92,3291,2793.39376341981,92,0
92,1994,1692.50293657219,95,3
38,9338,1796.35139038896,68,30
92,2018,1712.87408525712,93,1
95,3709,3287.85924741352,96,1
46,4804,1256.50574779002,89,43
32,3887,589.777544750542,81,49
59,2729,1125.8576629169,62,3
6,5417,302.252475392976,84,78
54,5296,1848.79977068857,69,15
69,9036,4999.41748562619,87,18
30,3879,543.477847921198,81,51
18,7725,672.783160906484,84,66
50,7459,2260.41084193682,88,38
30,8999,1260.82937701543,84,54
87,1187,942.82833195976,99,12
63,3770,1761.45098312155,68,5
0,6753,436.461065351199,76,76
65,9437,4676.35779770042,79,14
65,1664,824.569182512822,76,11
82,7991,5869.35586856153,82,0
98,6398,5999.03105052127,98,0
95,8740,7747.61116807607,97,2
9,3637,225.243548868447,79,70
17,4928,412.820717940407,78,61
79,2673,1858.46054302164,86,7
61,9951,4373.67106461572,94,33
14,1794,133.905642727641,50,36
34,3636,597.336897395547,77,43
21,4461,437.029408557814,83,62
68,2391,1288.16175115282,74,6
34,1240,203.712253237205,77,43
91,1357,1137.01581433286,91,0
56,8018,2996.63284617679,87,31
40,6246,1299.09111038369,56,16
67,3753,1967.60316677862,91,24
58,5853,2337.60937431607,80,22
49,2018,589.736769796646,88,39
32,4800,728.307747569489,51,19
92,1420,1205.29296385783,92,0
52,7534,2452.41734077016,74,22
75,1527,977.113043881624,79,4
48,3737,1052.78523625611,80,32
5,1195,64.5554662934344,90,85
40,9010,1873.96908494349,88,48
93,2694,2317.2554023826,95,2
19,7998,724.331506253534,87,68
73,1898,1160.22879428213,77,4
7,1362,78.6017999605368,78,71
69,5999,3319.11304739614,81,12
39,9065,1813.40487264202,80,41
98,2624,2460.37159683773,99,1
6,3494,194.954799524286,85,79
7,1143,65.96318454838,32,25
2,3963,196.489077529957,59,57
41,3304,714.351543793638,78,37
38,2661,511.896664149177,82,44
72,3482,2078.22634573135,79,7
22,8180,833.649129714457,88,66
46,9754,2551.19838966358,92,46
84,2548,1934.65688872744,98,14
65,2021,1001.47495063607,78,13
79,8443,5870.17671707135,86,7
47,3642,988.773554638204,77,30
98,6592,6180.93352376308,98,0
59,7870,3246.79362666031,77,18
28,1320,170.763312171912,85,57
40,2786,579.453703735022,90,50
61,6063,2664.81435682495,82,21
81,6953,5017.84471489164,83,2
8,7660,457.755857716151,49,41
94,3616,3154.73303283775,94,0
27,2284,283.921007769934,68,41
53,6283,2118.4331239917,83,30
50,4042,1224.90690750886,86,36
93,7262,6246.43976692742,93,0
3,4255,216.588114051072,89,86
51,1344,422.199691167155,67,16
71,3271,1904.86454609624,75,4
6,1002,55.9086173793173,84,78
15,5161,400.245518310473,78,63
15,5674,440.029659153968,79,64
34,6859,1126.82447173709,70,36
53,3292,1109.96050360985,81,28
45,8709,2193.90351483373,85,40
52,6476,2108.02424991074,82,30
33,1854,292.720080365475,90,57
22,6689,681.696702770172,77,55
37,3159,584.298979094822,86,49
49,4349,1270.94410894233,76,27
79,5703,3965.13298797322,86,7
71,1304,759.3834815376,88,17
27,6304,783.641870832602,88,61
11,6041,402.635812653695,63,52
9,9704,600.979763051804,75,66
90,2942,2433.42889670557,93,3
8,6547,391.243812071493,65,57
48,4287,1207.73088248059,68,20
85,5755,4438.49240283334,97,12
95,6998,6203.4076606632,95,0
42,8863,1991.58816387892,91,49
11,1781,118.704582409573,51,40
8,5329,318.457045139604,46,38
48,5470,1541.0048815416,72,24
52,4158,1353.4843778766,92,40
88,1268,1021.28451141174,97,9
8,6095,364.232630911219,85,77
0,7691,497.086043775517,89,89
43,9503,2218.86191735413,81,38
33,1513,238.881058032882,88,55
86,2918,2284.52427872336,91,5
17,1050,87.9589597884391,55,38
70,4520,2566.52903671114,78,8
73,3264,1995.25120365484,73,0
76,8487,5550.50200786696,86,10
74,6348,3971.59548615171,75,1
67,7003,3671.49613028262,74,7
27,9126,1134.4409443557,83,56
53,3498,1179.41732734728,62,9
68,3020,1627.03826368947,77,9
35,9568,1635.39177569084,82,47
15,6405,496.72012105766,84,69
23,3752,397.807075335675,68,45
39,2769,553.923672625013,55,16
74,2406,1505.30225892896,74,0
18,9271,807.426884759095,84,66
26,6111,729.949195874167,72,46
7,7919,457.010024880683,88,81
95,8553,7581.84420143646,99,4
3,1034,52.6326932852664,77,74
8,8864,529.705995143075,79,71
0,8103,523.714499117542,68,68
35,3464,592.07745725262,77,42
26,9849,1176.44732943294,59,33
14,9642,719.6868490412,87,73
4,3349,175.440109805551,86,82
88,6777,5458.39521596008,96,8
82,1275,936.482133952691,89,7
5,8629,466.149890080373,69,64
83,1454,1086.18824087017,88,5
16,1720,138.619741685867,78,62
37,1419,262.462884246772,71,34
35,4480,765.735279587683,92,57
31,4810,701.327823391517,86,55
30,6043,846.670955139932,61,31
72,8809,5257.63810440766,76,4
66,4203,2142.9472823764,76,10
81,4774,3445.30284321771,83,2
33,2436,384.60955543166,79,46
48,9287,2616.32766633945,58,10
61,4479,1968.61347587316,75,14
90,1566,1295.29219994593,95,5
31,1633,238.101525072421,82,51
73,3511,2146.23988236279,88,15
27,3619,449.873085428805,60,33
79,3773,2623.2591203968,81,2
99,5525,5261.90476190476,99,0
7,3654,210.874432493246,65,58
2,6728,333.580245677909,5,3
10,8104,520.538360485844,90,80
58,2301,918.988411122718,60,2
51,6011,1888.2755532781,76,25
7,3378,194.946314439569,88,81
3,3530,179.684146322041,81,78
96,7925,7161.03988582798,96,0
35,8833,1509.76333138348,58,23
98,1403,1315.51118535188,99,1
14,3266,243.77693932468,81,67
9,2134,132.161048469966,85,76
93,5344,4596.66402016801,95,2
94,5067,4420.6394572425,97,3
65,5575,2762.60408203665,91,26
71,5469,3184.86829795179,84,13
94,4712,4110.92423969344,97,3
48,8480,2388.98014542463,59,11
37,8867,1640.06934081475,70,33
65,1393,690.279369735794,84,19
56,8085,3021.67330523065,86,30
92,4498,3817.89278269896,98,6
9,2602,161.144821049134,79,70
74,4592,2872.962582295,87,13
66,5114,2607.43097836615,73,7
5,3917,211.60147403463,80,75
3,1459,74.2660536781467,86,83
78,1959,1335.48012567314,88,10
10,1997,128.271854132556,48,38
24,4479,494.089261370173,62,38
25,4593,527.200496215015,68,43
30,3090,432.932856426012,59,29
86,5551,4345.91990102584,87,1
56,3816,1426.18495148549,72,16
70,5215,2961.16126691341,75,5
32,4080,619.061585434066,91,59
20,3596,338.694382143531,47,27
73,4062,2483.06078101898,87,14
85,9674,7460.98618679579,90,5
91,8228,6894.15336796665,98,7
7,4695,270.951138630485,65,58
9,5457,337.958220009655,80,71
45,2676,674.11709790964,91,46
25,9264,1063.35410340429,75,50
86,9053,7087.66219852043,88,2
11,8982,598.65500235979,72,61
18,4293,373.884544954244,88,70
18,9112,793.579309020049,37,19
83,4964,3708.27952385113,92,9
6,3425,191.104804914333,90,84
68,3108,1674.44865018108,79,11
42,6033,1355.66415352381,50,8
78,8052,5489.17099128132,80,2
44,3007,729.376774277414,69,25
58,4390,1753.30687737016,58,0
43,2820,658.443713241992,84,41
24,6181,681.840974442742,87,63
40,7618,1584.45022076576,66,26
68,3914,2108.6846900929,86,18
48,1535,432.439212644671,87,39
71,6604,3845.83474852325,75,4
37,9049,1673.73265648276,75,38
68,7938,4276.63236330032,76,8
10,7739,497.093579935828,74,64
71,8586,5000.05105251675,79,8
49,5260,1537.17314624894,63,14
9,6702,415.0624868068,70,61
3,6489,330.303236680942,54,51
2,5914,293.221399069434,77,75
52,5701,1855.75142815645,84,32
14,4366,325.881848466488,74,60
59,8579,3539.29384029463,72,13
16,8925,719.291392178118,77,61
93,9451,8129.31730063771,94,1
14,2361,176.226991348919,89,75
15,1162,90.1153443667448,48,33
0,3850,248.83386666698,65,65
30,5538,775.916556274192,83,53
88,7287,5869.16422291591,93,5
96,1671,1509.91768444398,96,0
26,8415,1005.15831832452,80,54
50,7736,2344.35423960628,65,15
21,1094,107.175559955671,80,59
62,4862,2203.89923168542,81,19
37,3950,730.604927959653,84,47
89,3613,2949.48013046792,90,1
32,7294,1106.72431474414,77,45
64,4714,2268.92243295155,82,18
93,4788,4118.41828753077,97,4
79,2657,1847.336200078,85,6
46,7677,2007.95058821481,85,39
13,5810,417.467083349475,71,58
41,3140,678.893416317199,86,45
61,4889,2148.81698672558,77,16
90,3171,2622.84263475641,93,3
35,8716,1489.76533412639,89,54
86,3394,2657.18828032457,94,8
27,7051,876.500449118128,61,34
23,6387,677.183845993859,79,56
96,9999,9035.10887298347,97,1
44,5694,1381.13447048074,57,13
12,4692,324.648128424981,74,62
56,7880,2945.05697528974,89,33
51,1702,534.660620808406,79,28
15,1957,151.76912988444,83,68
40,6729,1399.5491645488,67,27
56,3517,1314.4372312302,87,31
69,4850,2683.39694613623,69,0
89,5792,4728.31135224749,91,2
84,1680,1275.5979486115,93,9
86,6961,5449.81956963445,89,3
36,2271,403.82162265886,58,22
55,6640,2398.93415509284,84,29
53,6438,2170.69432631841,82,29
90,8965,7415.25834771089,98,8
38,7966,1532.41970184605,82,44
65,8261,4093.60938505915,69,4
62,4087,1852.59896336864,89,27
1,2950,142.876698548244,88,87
21,8362,819.197470154772,76,55
58,7698,3074.47752665045,93,35
81,2559,1846.78047251657,92,11
89,9877,8063.10967302288,93,4
70,8741,4963.28104201152,85,15
75,1320,844.655676439911,85,10
7,5172,298.47908178847,72,65
25,3204,367.766250788789,86,61
20,4418,416.11562300059,68,48
38,9494,1826.36111590841,68,30
19,4487,406.361023825907,51,32
65,4020,1992.04814525333,71,6
22,1543,157.251907964475,75,53
63,2401,1121.81533434346,91,28
21,5943,582.216044622078,64,43
53,3742,1261.68657488094,81,28
20,5819,548.07080358543,63,43
15,7879,611.03166804267,67,52
47,7936,2154.55983789368,63,16
66,1028,524.137474728275,68,2
54,8224,2870.9458674741,77,23
37,6725,1243.87801026042,76,39
1,4569,221.289368022687,80,79
68,5795,3122.08170135114,74,6
70,6583,3737.93377182952,86,16
17,5337,447.082827038952,31,14
24,1864,205.622322659969,89,65
54,5314,1855.0834557098,72,18
12,4306,297.940076939038,36,24
25,9964,1143.70253522456,62,37
29,8179,1101.15151161773,69,40
75,4599,2942.85716359633,81,6
3,3879,197.44895285643,83,80
14,8790,656.092864869545,27,13
87,2149,1706.94025727171,91,4
6,6393,356.710370165644,64,58
30,6930,970.946503246687,65,35
23,9304,986.459762506163,36,13
20,5279,497.21013440926,75,55
16,3318,267.407152856806,82,66
50,3974,1204.29986403766,82,32
16,6524,525.787903929417,76,60
61,3698,1625.34776373721,74,13
9,2751,170.372560609595,38,29
14,1642,122.560237100773,21,7
70,8004,4544.80053314955,76,6
39,3045,609.135999690562,73,34
15,9320,722.78400128921,80,65
85,6701,5168.08646244765,90,5
38,5130,986.858281505178,77,39
62,3607,1635.01944234663,69,7
34,4711,773.942278226189,62,28
95,7587,6725.52928285963,96,1
95,3413,3025.46875476472,97,2
0,1048,67.7345174719467,86,86
93,4812,4139.06198822015,94,1
99,6248,5950.47619047619,99,0
72,8243,4919.82187474541,85,13
44,2862,694.205629525095,74,30
0,7585,490.23503342053,88,88
54,4139,1444.89846126888,78,24
18,3379,294.282757372558,68,50
30,8610,1206.32747373073,77,47
78,8570,5842.29947780439,81,3
12,8164,564.882208112009,85,73
52,2507,816.061889210351,74,22
93,6311,5428.43312711084,93,0
61,8659,3805.8102450515,74,13
98,3960,3713.06079400816,98,0
24,4801,529.609855735254,64,40
28,3866,500.129518830766,60,32
47,2775,753.39006428364,66,19
76,2210,1445.34104364157,88,12
77,9826,6563.27253581333,85,8
80,7968,5646.12153363335,88,8
22,8855,902.440469880381,82,60
35,6653,1137.15107479841,86,51
13,1544,110.941338501134,73,60
41,6189,1338.11189604686,78,37
10,5697,365.931273406695,58,48
3,1173,59.7080746843496,87,84
49,3485,1018.4502689501,72,23
87,3703,2941.27490585256,96,9
20,5500,518.02533420173,56,36
24,7802,860.65738272161,49,25
40,1377,286.399048830986,80,40
30,2733,382.914400198152,78,48
94,5531,4825.45033313761,96,2
25,1262,144.856744224548,80,55
14,9449,705.281169528137,22,8
98,4435,4158.44056096621,99,1
11,4577,305.059446203602,77,66
30,1398,195.870593295652,87,57
73,6493,3969.10725040774,91,18
68,5164,2782.1276800306,81,13
28,7514,972.05721792405,77,49
35,4535,775.13604752905,87,52
31,4841,705.847815600485,56,25
54,5353,1868.69810658911,76,22
51,7871,2472.56976873265,81,30
78,3081,2100.3646080648,83,5
9,1527,94.5688477102334,75,66
78,2113,1440.46427031513,82,4
60,3792,1615.14993779506,67,7
89,8993,7341.4544182945,89,0
92,7722,6554.41708937336,93,1
84,6569,4987.73983596961,88,4
30,3797,531.989014838048,76,46
76,3846,2515.28581621967,82,6
83,5435,4060.13279857592,92,9
1,9487,459.481775975318,81,80
67,7564,3965.61426952131,82,15
70,6914,3925.88092031434,89,19
33,2483,392.03018314319,71,38
13,6710,482.134962009462,69,56
71,4503,2622.31887834648,78,7
88,4005,3225.74484874135,93,5
67,8639,4529.20963437264,94,27
4,7348,384.931002344337,77,73
20,7791,733.806432502851,85,65
18,6200,539.968362151482,73,55
48,3628,1022.07782636799,85,37
53,2229,751.549806362803,87,34
82,8187,6013.31704366328,95,13
85,1388,1070.48261600915,89,4
87,6093,4839.64029202259,92,5
40,2766,575.293949939365,49,9
62,6468,2931.88404577156,81,19
21,8077,791.276963219337,48,27
1,9887,478.854887642877,66,65
70,3249,1844.83469917577,88,18
0,9093,587.700350546194,84,84
76,4669,3053.5282048699,81,5
37,4214,779.435232005564,62,25
2,4018,199.216026625124,77,75
58,9233,3687.53585393136,76,18
67,5691,2983.64764778501,79,12
92,6309,5355.06571054863,93,1
9,5769,357.280735062434,76,67
22,4016,409.282995713112,55,33
48,2752,775.291669835918,64,16
49,9547,2789.9984842659,74,25
46,7381,1930.53058377146,82,36
35,9651,1649.57838912963,80,45
96,3473,3138.20713230039,97,1
23,6868,728.182034489717,77,54
34,5991,984.225894471046,91,57
67,1498,785.363587485845,81,14
58,3587,1432.59949182842,80,22
80,2122,1503.64833011671,97,17
46,7647,2000.10396614285,88,42
88,9959,8021.27164759429,88,0
7,6628,382.505675578882,83,76
31,6090,887.959759761816,82,51
91,9138,7656.6326539231,91,0
49,3755,1097.35459394767,58,9
64,6692,3220.9649811862,88,24
66,2902,1479.61765725823,73,7
33,7466,1178.7746062614,42,9
15,7776,603.043819101384,81,66
69,2989,1653.74710762911,74,5
10,2441,156.790984445452,59,49
75,8787,5622.71926430113,81,6
51,5354,1681.88775781916,55,4
12,4446,307.626934990935,61,49
26,5977,713.943109759433,67,41
42,8337,1873.3916870426,77,35
10,9564,614.31748268591,84,74
58,8933,3567.71989420219,59,1
28,1737,224.708994880766,79,51
41,7116,1538.53679952649,72,31
62,8514,3859.31675412786,79,17
20,2044,192.517051474243,81,61
90,8492,7024.02385819976,90,0
12,9441,653.240191913948,57,45
59,4297,1772.74106909267,91,32
16,2183,175.934241918749,56,40
85,3718,2867.47432732135,86,1
36,9608,1708.4624176602,88,52
75,5501,3520.03854249693,77,2
89,9686,7907.18642228405,89,0
19,8273,749.236628061451,70,51
58,8234,3288.54870803323,70,12
93,9587,8246.29827121084,96,3
25,6160,707.066200018395,62,37
47,6066,1646.86995673678,74,27
70,9598,5449.89948990122,84,14
12,4649,321.672879166184,84,72
54,7013,2448.19350299074,81,27
24,5950,656.358808919967,89,65
26,9294,1110.15346530102,91,65
7,3481,200.890503423369,64,57
52,1444,470.041231758974,64,12
2,6048,299.865238683114,76,74
36,8063,1433.73568626085,77,41
56,6891,2575.42990059919,83,27
81,6492,4685.14999123782,94,13
45,1059,266.775039867828,70,25
29,1049,141.228504179851,84,55
2,1129,55.9768277898869,84,82
9,6787,420.326633535923,66,57
82,8376,6152.13674822568,91,9
38,2409,463.419415233133,69,31
91,3258,2729.84342158913,91,0
71,6220,3622.2126189907,94,23
95,4478,3969.54265568017,97,2
23,4870,516.343405353075,74,51
2,7722,382.863652961476,52,50
99,3114,2965.71428571429,99,0
73,1670,1020.85462932095,85,12
15,4639,359.76341008376,85,70
11,2828,188.487680547037,65,54
61,6289,2764.14604817287,81,20
63,5005,2338.47802931654,73,10
20,8065,759.613512788537,80,60
77,7815,5220.02593806036,90,13
13,3468,249.186892436485,67,54
24,4370,482.065209240379,51,27
30,6217,871.049698511494,72,42
87,1677,1332.03295088165,92,5
46,3463,905.761741173361,84,38
36,5588,993.639466057995,90,54
91,6955,5827.52025695285,91,0
88,4875,3926.46844884247,92,4
7,5333,307.770483986448,79,72
5,1481,80.005561155294,83,78
75,8933,5716.1433012407,81,6
55,7031,2540.19669344243,91,36
2,9499,470.968899181697,66,64
78,9831,6701.94237646382,84,6
53,2616,882.034227655942,88,35
46,2643,691.287404539761,73,27
30,9631,1349.377456388,72,42
6,2258,125.989678685128,72,66
55,4736,1711.04701182525,57,2
27,4279,531.916809215213,68,41
41,9732,2104.13717439458,80,39
78,2263,1542.72155405733,86,8
32,8326,1263.31048047158,91,59
18,3846,334.954567876548,65,47
20,5745,541.101008179807,80,60
67,6707,3516.31080191426,72,5
25,5714,655.872770601479,90,65
59,4264,1759.12681373311,60,1
14,3946,294.532701339616,81,67
87,6041,4798.33694470843,89,2
30,3319,465.017524426516,80,50
13,2122,152.472487240548,71,58
85,8998,6939.6272181919,91,6
98,9677,9073.55790495379,99,1
46,7141,1867.75760719578,78,32
43,3290,768.184332115658,45,2
62,4679,2120.94703929578,85,23
13,1102,79.1822247592291,82,69
2,4982,247.01200712951,60,58
78,7188,4900.16903692625,81,3
48,3347,942.914687115123,91,43
99,3782,3601.90476190476,99,0
99,6015,5728.57142857143,99,0
18,4528,394.351087713211,82,64
2,7836,388.515874722368,85,83
64,9947,4787.64773877154,91,27
48,4437,1249.98878599636,73,25
55,7623,2754.07756992059,74,19
64,7317,3521.78732327248,71,7
41,8710,1883.17250194994,89,48
67,3295,1727.48532761406,77,10
79,5760,4004.76345970993,85,6
41,2882,623.111727970117,91,50
20,4049,381.360832396874,78,58
9,4869,301.542710871726,39,30
97,9118,8399.51842368115,97,0
33,3808,601.228730329951,43,10
53,7785,2624.86103298987,66,13
6,2580,143.956320198242,74,68
98,3824,3585.54153441596,99,1
90,1945,1608.77607209121,95,5
68,4231,2279.4698323411,94,26
35,2196,375.347025440748,83,48
29,5618,756.360091975598,75,46
5,7566,408.725236800104,86,81
78,1561,1064.15746614383,82,4
99,3722,3544.7619047619,99,0
50,9253,2804.07313586826,84,34
85,8927,6884.86910166694,87,2
61,3440,1511.95140812763,78,17
41,4148,896.831175440682,75,34
84,5292,4018.13353812622,98,14
57,1085,419.290577587179,73,16
22,6996,712.984023408599,68,46
60,5432,2313.68524844482,84,24
25,1814,208.217221888534,70,45
50,2290,693.972493368456,63,13
96,8616,7785.42834779734,97,1
89,8487,6928.38025665133,94,5
73,8073,4934.94576198086,73,0
67,3573,1873.2337103384,78,11
94,5444,4749.54829390727,96,2
98,3763,3528.3453959224,99,1
68,6409,3452.87689800854,88,20
74,5652,3536.14645364358,77,3
61,1923,845.198417973674,65,4
81,9951,7181.44293943431,88,7
37,5660,1046.89212462067,47,10
47,4848,1316.19280419715,52,5
63,1219,569.551392155217,71,8
67,3305,1732.72807519407,78,11
6,5300,295.724223663056,87,81
65,6411,3176.87081075102,66,1
67,8468,4439.55865075443,78,11
58,3473,1387.06942713133,91,33
28,4189,541.914783854651,83,55
47,3699,1004.24859379646,80,33
38,4165,801.221197362391,61,23
69,9131,5051.9788691072,73,4
13,3868,277.928171840924,79,66
2,4270,211.710411570254,77,75
30,9466,1326.25968250117,43,13
82,4622,3394.83954755242,85,3
79,5258,3655.73719985327,85,6
50,4204,1274.00015813144,79,29
46,3271,855.543359912811,61,15
80,6725,4765.33224318327,81,1
96,6357,5744.19312986858,96,0
23,4658,493.866033292531,81,58
46,8355,2185.28424704113,47,1
41,3697,799.321324880473,86,45
75,4038,2583.87850110936,76,1
24,7673,846.427082494606,85,61
47,1355,367.871544902462,70,23
94,9150,7982.80067767295,94,0
48,3289,926.57496442236,76,28
53,7768,2619.1291591863,74,21
1,5225,253.061271157483,84,83
76,9495,6209.73448388085,87,11
27,2008,249.611814186527,72,45
57,4938,1908.25518168248,83,26
51,2377,746.70287641691,69,18
98,6981,6545.67611186136,98,0
93,6575,5655.51383469399,94,1
86,4816,3770.48283972986,86,0
10,7421,476.667716333348,68,58
5,5125,276.85921736724,82,77
79,1725,1199.34322361105,84,5
62,7135,3234.22892185839,69,7
95,1723,1527.3608744388,97,2
10,2429,156.020197139698,82,72
32,6182,937.999686557204,72,40
78,4800,3272.23307975041,85,7
47,5691,1545.06048859034,47,0
35,8964,1532.15425138928,43,8
38,6513,1252.90604043728,79,41
96,9062,8188.43450414804,96,0
44,8707,2111.96660247205,45,1
47,4172,1132.6642696185,78,31
72,6256,3733.88398015374,93,21
75,2540,1625.32228648286,85,10
44,3389,822.034548728353,80,36
56,9134,3413.72467161123,67,11
61,8662,3807.12880732603,70,9
42,1152,258.863766759395,78,36
32,2578,391.161952757113,81,49
54,6673,2329.5016748121,64,10
8,4043,241.606649183603,63,55
71,8271,4816.61102438458,85,14
11,5884,392.171680459252,73,62
36,3120,554.787962437535,48,12
63,1249,583.568243479792,75,12
69,3329,1841.86153271908,89,20
25,5686,652.658833328668,67,42
27,7963,989.869958350256,63,36
33,3554,561.125763548489,73,40
97,3347,3083.26257557149,97,0
95,3939,3491.74375183657,96,1
45,2735,688.979918827678,86,41
15,8413,652.444399447009,78,63
44,7391,1792.75814389237,58,14
43,5205,1215.31898135623,86,43
69,2914,1612.25127856515,86,17
18,3794,330.425800968181,58,40
32,3911,593.41908348839,77,45
22,5498,560.318204788519,86,64
40,6690,1391.43764464727,59,19
42,2713,609.633159043609,78,36
88,4296,3460.12481153379,95,7
88,8198,6602.91042945857,92,4
37,9927,1836.13041008999,66,29
54,9088,3172.56274849278,64,10
89,4669,3811.54794607106,94,5
52,7844,2553.32646947188,83,31
76,6162,4029.95090991825,82,6
24,8423,929.16138613998,84,60
7,4218,243.423195472499,74,67
61,6827,3000.6082160719,74,13
32,3621,549.417157072733,64,32
2,2445,121.225282503342,80,78
79,3217,2236.68820310536,84,5
81,8039,5801.58976887875,89,8
56,6614,2471.90442063025,89,33
14,3318,247.658262302292,89,75
47,5072,1377.00699316995,58,11
8,9546,570.461803884905,74,66
60,3012,1282.91972907139,81,21
82,5135,3771.63588850751,88,6
23,4194,444.670275575113,62,39
12,2696,186.541209342231,70,58
0,2325,150.269802597592,61,61
91,9627,8066.36053395904,96,5
42,3467,779.063089717727,82,40
99,8742,8325.71428571428,99,0
46,7708,2016.05876435584,67,21
19,7606,688.830387167339,74,55
36,2312,411.112105498584,80,44
85,5153,3974.20527398787,90,5
68,7681,4138.17248456914,83,15
39,2010,402.089773194755,82,43
72,1626,970.475599701084,77,5
63,3292,1538.11581868333,85,22
67,2751,1442.27985926139,85,18
30,3053,427.748870766542,81,51
21,8275,810.67436803764,85,64
39,2924,584.930595433564,50,11
86,3057,2393.34843045145,86,0
95,2585,2291.48453884172,96,1
63,8059,3765.39349415824,81,18
71,5789,3371.22007256225,87,16
76,1536,1004.5447253545,88,12
48,3711,1045.46053298005,85,37
47,9726,2640.53036584601,81,34
75,1891,1210.03324556657,76,1
66,7504,3825.99962097372,88,22
44,7549,1831.08256369145,68,24
15,1635,126.797407951487,84,69
59,6473,2670.45681643865,80,21
6,1723,96.1382712021594,87,81
31,3918,571.268692733464,48,17
44,7161,1736.96943152663,69,25
82,8250,6059.59027851741,93,11
71,8123,4730.42332862725,73,2
95,1202,1065.51814920222,96,1
36,9151,1627.20020649547,72,36
48,5787,1630.30991763825,79,31
38,9918,1907.92601091001,90,52
49,9750,2849.32284713444,86,37
72,6369,3801.32785639373,90,18
29,9313,1253.82369821444,73,44
67,7545,3955.65304911929,86,19
74,6471,4048.54984103461,84,10
76,8539,5584.51003242323,84,8
0,2421,156.474491220976,80,80
36,2976,529.182364171187,88,52
72,6783,4048.42311978626,85,13
25,7312,839.296762099758,30,5
46,9045,2365.75655469623,82,36
97,9130,8410.57284582243,98,1
17,6878,576.173071833223,86,69
88,2917,2349.43763390225,91,3
54,6019,2101.19445237434,83,29
17,1105,92.5663338725954,70,53
10,3064,196.807692069179,57,47
13,6096,438.017098123648,32,19
7,4191,241.865010010727,81,74
18,3322,289.318532107617,77,59
98,2480,2325.35120432834,98,0
27,5900,733.421167181528,85,58
88,1902,1531.92676711762,92,4
31,5707,832.115985051016,69,38
56,3241,1211.2854894561,57,1
48,4974,1401.2720805828,80,32
52,8589,2795.83389167439,83,31
71,6750,3930.85774568927,75,4
95,3045,2699.25354768783,96,1
72,2884,1721.31096527548,83,11
51,6155,1933.51123447458,68,17
73,1082,661.415993368424,83,10
1,6423,311.08374060182,66,65
29,7753,1043.79846797558,83,54
84,4719,3583.06352351052,87,3
7,7829,451.816073341441,69,62
62,6817,3090.08248918131,82,20
50,4325,1310.6685737199,74,24
15,9409,729.686123189933,85,70
82,5233,3843.61647605838,83,1
90,7629,6310.2070200431,94,4
12,1278,88.4271756451675,74,62
49,3925,1147.03509487207,71,22
84,6461,4905.73711070173,85,1
93,5530,4756.65270051069,93,0
45,1155,290.958612887008,78,33
98,4827,4525.99607390844,99,1
71,1994,1161.20449554139,75,4
93,5244,4510.64860062894,93,0
24,4733,522.10861220474,88,64
26,3619,432.283773501654,79,53
84,5663,4299.82808511126,87,3
22,3018,307.573725364087,31,9
88,2484,2000.6866927025,96,8
8,3794,226.72659584531,76,68
29,2550,343.310472505834,42,13
97,2369,2182.32717105732,97,0
21,2087,204.456484120188,71,50
71,2804,1632.9074250241,87,16
70,2919,1657.45536684952,81,11
37,4654,860.819072082083,83,46
55,4267,1541.6042228586,82,27
22,9085,925.880482085066,83,61
30,1232,172.6127116883,70,40
22,8116,827.126691535762,60,38
28,4641,600.388281658972,69,41
57,4896,1892.0245786791,61,4
88,5471,4406.504386383,99,11
51,1675,526.178930584066,76,25
77,8902,5946.08712739774,82,5
61,8509,3739.88213132501,75,14
5,8524,460.477652456264,78,73
16,4968,400.385393427551,82,66
96,2783,2514.72227157846,97,1
17,6842,573.157336069048,85,68
57,5394,2084.47315714769,68,11
59,9877,4074.78788443759,83,24
96,7853,7095.98059601352,96,0
54,7038,2456.920843298,79,25
41,7454,1611.61513542306,64,23
59,7621,3144.06788167448,81,22
25,5788,664.366747679622,59,34
68,7308,3937.21709637173,90,22
27,6314,784.884957556639,76,49
78,3776,2574.15668940366,85,7
14,3678,274.528959839612,88,74
41,8115,1754.52868580066,68,27
66,3091,1575.981453682,66,0
9,2534,156.933503665836,70,61
77,4291,2866.1716315057,80,3
50,2166,656.394943509204,85,35
56,9910,3703.7455108022,60,4
94,5966,5204.96052928927,95,1
29,4077,548.892861335798,65,36
33,3202,505.549998560006,84,51
57,5132,1983.22510984092,81,24
13,1613,115.8992091984,81,68
33,6746,1065.09690514859,90,57
14,5527,412.539848024343,81,67
67,2580,1352.62887564318,85,18
88,8645,6962.93738261398,97,9
36,3871,688.328270062724,53,17
96,5579,5041.19135937342,97,1
75,4579,2930.05935031693,91,16
65,5830,2888.96534498182,79,14
63,7566,3535.04990405773,84,21
74,6292,3936.55935709933,81,7
14,4146,309.460866638127,55,41
52,8459,2753.51716028335,66,14
67,5248,2751.39392999046,94,27
46,7021,1836.37111890793,61,15
56,6287,2349.69203091962,90,34
10,2981,191.476413204381,71,61
36,1538,273.482014816964,67,31
25,4553,522.609157253856,68,43
59,6176,2547.92851820255,76,17
98,3574,3351.13113075383,98,0
49,2162,631.819076462016,64,15
53,4319,1456.2331151552,56,3
52,3720,1210.90954442062,77,25
33,5031,794.32293652573,84,51
45,1210,304.813784929247,79,34
95,3344,2964.3034034378,98,3
70,7642,4339.25108374923,77,7
29,3949,531.660021931583,60,31
65,5542,2746.25144800845,70,5
95,3386,3001.53448685419,97,2
43,5330,1244.50531616306,66,23
86,7642,5982.97962234542,87,1
56,1849,691.041922247554,73,17
42,7520,1689.80514412383,75,33
19,3907,353.833857831027,73,54
54,4532,1582.09225089891,78,24
36,7053,1254.14086508716,67,31
58,5730,2288.48483082711,80,22
66,6683,3407.40344709053,82,16
34,5068,832.591693069481,61,27
82,4903,3601.23286491768,86,4
68,9643,5195.20860157534,88,20
6,6106,340.696624469173,72,66
4,4846,253.861681731173,55,51
76,5322,3480.59051324001,89,13
5,3456,186.697649799255,71,66
22,7028,716.245242497947,63,41
2,2172,107.689698812785,88,86
88,4094,3297.42806760227,94,6
50,6050,1833.42077942321,80,30
17,4850,406.286623784695,89,72
43,1500,350.236017681911,56,13
32,1656,251.266172911474,62,30
47,6702,1819.53881471314,80,33
58,1851,739.264471528966,75,17
57,6565,2536.99782659892,72,15
65,2304,1141.71117578698,75,10
65,2461,1219.51007101205,75,10
71,5679,3307.1616500399,83,12
79,9485,6594.64955127582,81,2
33,5632,889.212239815725,76,43
26,4354,520.078350325008,63,37
7,1874,108.149613161561,66,59
72,1989,1187.13159151627,83,11
16,2625,211.556291817094,68,52
21,2945,288.511904999498,78,57
37,5315,983.079795469762,80,43
92,4941,4193.91023550813,93,1
49,6244,1824.73557512897,87,38
18,2910,253.436763525937,82,64
90,5381,4450.80927708112,96,6
2,5182,256.92818565739,41,39
64,6434,3096.78551837299,84,20
8,5014,299.632881277908,85,77
2,2539,125.885886411446,55,53
82,3585,2633.16741193757,84,2
72,5508,3287.44133035275,86,14
37,2570,475.355611356028,80,43
46,9528,2492.0871700548,73,27
40,5687,1182.82599179507,80,40
63,3632,1696.97346702851,68,5
81,3245,2341.85331509038,82,1
20,8519,802.37414946628,71,51
9,9143,566.236394639596,34,25
97,1036,954.365111530343,98,1
66,1102,561.867215127003,72,6
32,8159,1237.97144008739,76,44
84,3904,2964.24666153529,86,2
20,6628,624.267620925285,66,46
44,4807,1165.98408844414,47,3
7,6519,376.215223159133,17,10
40,2780,578.205777596325,70,30
23,2240,237.496761394433,72,49
53,5134,1731.02588867951,75,22
41,9892,2138.73046949354,46,5
16,1564,126.047253486451,58,42
14,3049,227.579879975795,86,72
19,2038,184.569593616492,59,40
67,7131,3738.60329930678,83,16
15,2681,207.916728267851,86,71
71,1691,984.752658957118,95,24
91,7617,6382.20299025304,93,2
25,4476,513.770829753626,74,49
98,8031,7530.19980724231,98,0
99,7629,7265.71428571429,99,0
10,3651,234.512037775644,77,67
75,2923,1870.40041078323,83,8
3,5815,295.995272199056,80,77
52,8262,2689.39103656,52,0
23,5289,560.768022774623,75,52
60,6202,2641.65609551818,78,18
5,5409,292.201269607688,55,50
44,8810,2136.95024322714,71,27
53,1384,466.641961420422,73,20
45,8777,2211.03354572231,90,45
38,4120,792.56454577024,75,37
84,7238,5495.70116193454,87,3
46,8431,2205.1623562901,67,21
67,7255,3803.61336929893,72,5
36,2464,438.140237001951,42,6
50,6608,2002.51975378985,75,25
11,9708,647.043282443647,57,46
25,9942,1141.17729879592,43,18
82,6508,4780.09861001107,98,16
48,4095,1153.64076598041,71,23
88,1406,1132.43377211744,88,0
73,4239,2591.25914592306,86,13
27,3244,403.257333277437,84,57
22,6194,631.249719981827,89,67
78,5763,3928.72484137534,96,18
81,2311,1667.80370144033,84,3
82,5097,3743.72504843676,94,12
96,8959,8095.36357566346,96,0
80,9902,7016.55314081795,93,13
57,9121,3524.74595223287,82,25
41,5332,1152.82155917303,80,39
47,4321,1173.11656496202,72,25
26,5557,663.774780146088,80,54
76,2451,1602.95515745044,86,10
89,7002,5716.09739095942,89,0
21,5318,520.986862746123,89,68
96,8780,7933.61895237473,97,1
52,5275,1717.08275452118,57,5
59,9415,3884.18830940366,77,18
9,2501,154.889776112177,79,70
6,8381,467.634852550957,56,50
18,4546,395.918737796877,80,62
25,5907,678.025981089068,84,59
31,4680,682.373017353908,73,42
34,1935,317.889685495155,68,34
61,1943,853.988833137206,83,22
98,4441,4164.0664106541,98,0
29,7067,951.441219293619,55,26
84,5088,3863.23950150911,90,6
9,5365,332.260555314605,62,53
62,2752,1247.45592052618,92,30
17,2167,181.530538915759,84,67
90,3997,3306.05550650311,94,4
68,4105,2211.58677895538,85,17
24,4402,485.595206195915,79,55
63,4013,1874.9874788506,82,19
27,5938,738.144896732867,73,46
25,7924,909.544248205481,71,46
53,4616,1556.37232219412,89,36
14,1538,114.797591145547,59,45
21,3080,301.737408284704,70,49
21,3531,345.920385926393,67,46
22,7099,723.481072352437,68,46
61,8311,3652.85702120603,90,29
40,3065,637.482269184438,75,35
14,1344,100.317270805992,59,45
37,4237,783.689387282292,84,47
57,8506,3287.08355111202,82,25
41,3972,858.778550831819,53,12
52,4679,1523.07681675917,77,25
37,2406,445.021634600235,51,14
91,8411,7047.48711448317,92,1
4,3284,172.035031532227,85,81
2,4775,236.748762353153,84,82
23,2561,271.530895504975,67,44
40,3472,722.133258926058,67,27
22,5544,565.006207229456,81,59
61,7756,3408.923000418,89,28
76,4757,3111.08024642667,86,10
91,6450,5404.38614771329,94,3
70,7742,4396.03269960567,71,1
55,8613,3111.74998159858,77,22
15,5861,454.531870338633,51,36
62,3518,1594.6765728238,76,14
1,4607,223.129813631105,86,85
95,9334,8274.16506210779,95,0
29,8016,1079.20656768893,71,42
50,5536,1677.65577436147,56,6
28,5387,696.895426265219,89,61
76,5376,3515.90653874075,79,3
72,6014,3589.44665227695,78,6
10,7325,470.501417887316,75,65
45,7095,1787.31719344877,77,32
87,6547,5200.25028588083,93,6
70,9973,5662.83054936287,79,9
51,8092,2541.99397390225,63,12
53,2582,870.570480048792,89,36
17,1419,118.870251371233,84,67
75,4920,3148.26206673058,90,15
0,5586,361.035319273182,83,83
89,6233,5088.32262751358,91,2
25,9133,1048.31746830649,74,49
32,6348,963.186996160649,58,26
44,6265,1519.63601291919,85,41
38,4231,813.917619697545,85,47
10,2699,173.362911519163,65,55
49,2268,662.79632997958,90,41
9,6131,379.699807014696,83,74
77,3734,2494.12371755821,88,11
19,8647,783.107593720218,71,52
4,2250,117.868094076587,26,22
22,1819,185.379922610097,57,35
59,3349,1381.64064239967,72,13
35,1913,326.97580130608,86,51
27,3268,406.240741415124,60,33
49,1753,512.293636002735,73,24
74,4452,2785.37225966405,93,19
35,5865,1002.46370865664,53,18
32,4658,706.761976703892,58,26
6,8677,484.150771457422,76,70
73,5671,3466.62670831084,90,17
38,8466,1628.60471953662,74,36
27,4894,608.366642743457,60,33
63,2823,1318.98570964248,91,28
33,6126,967.207773634789,87,54
72,2960,1766.67144841034,79,7
0,1012,65.4077592381775,66,66
17,3235,270.997366586286,76,59
72,5064,3022.4406130912,90,18
34,3846,631.836553185719,84,50
74,2106,1317.60871043407,85,11
77,5012,3347.76327595119,83,6
45,3337,840.631074635452,80,35
98,3092,2899.18787249324,98,0
96,8127,7343.56733780745,98,2
59,6398,2639.51532698509,71,12
32,9150,1388.33664380434,62,30
5,2436,131.595912879336,67,62
98,9288,8708.81531685551,98,0
59,3097,1277.6772378357,64,5
84,6683,5074.29826819682,84,0
84,5013,3806.29316451753,89,5
14,4969,370.890266841498,23,9
41,1018,220.099840067168,61,20
6,2379,132.741118508379,84,78
36,5381,956.83141855012,72,36
24,7298,805.059930671919,83,59
3,2881,146.648732451501,86,83
80,8100,5739.65667952186,87,7
64,6907,3324.44786686388,78,14
51,6352,1995.39615944477,78,27
25,9892,1135.43812509448,47,22
90,4317,3570.73845923791,93,3
0,2636,170.370408450431,59,59
54,5166,1803.41760109086,82,28
73,7177,4387.22974529129,77,4
44,4289,1040.33820581172,72,28
27,8067,1002.79806028024,79,52
61,2787,1224.94435303829,62,1
3,9152,465.855327801507,51,48
69,6726,3721.34595045614,90,21
25,5915,678.9442488813,77,52
84,9391,7130.44067583964,88,4
42,6401,1438.35674568306,47,5
11,3701,246.673587590022,86,75
0,4750,307.002822511209,33,33
45,6372,1605.18465914807,88,43
0,8686,561.395056069971,86,86
18,2224,193.691877004015,88,70
0,4227,273.200195948396,71,71
12,5942,411.137932459769,77,65
39,8038,1607.95900345246,84,45
86,9916,7763.31142831421,94,8
4,9048,473.986895646647,53,49
32,5707,865.927565703974,80,48
12,9733,673.444210136475,82,70
39,4797,959.614249758826,77,38
94,1775,1548.5760877453,98,4
76,8344,5456.97994033721,89,13
73,5892,3601.72184189164,91,18
8,4051,242.084723186439,78,70
93,5402,4646.55296350068,93,0
95,4805,4259.41323370773,95,0
78,6715,4577.71773552584,88,10
44,8170,1981.71208707897,72,28
66,8685,4428.14588328314,89,23
64,2863,1378.00698462883,88,24
64,8752,4212.47542070258,86,22
63,5813,2715.99855832508,79,16
98,4663,4372.22284910608,99,1
90,6025,4983.48371945991,90,0
25,1267,145.430661594693,84,59
92,1574,1336.00783458608,95,3
37,3565,659.3940678927,81,44
31,6199,903.85263559335,70,39
6,6297,351.35385592571,87,81
2,6148,304.823327947055,62,60
22,8801,896.937162667107,89,67
86,5694,4457.87568301948,87,1
38,5789,1113.63013482134,73,35
97,1429,1316.3974366572,98,1
22,7666,781.265798091813,77,55
5,2682,144.885155312963,67,62
51,8486,2665.76382384262,72,21
39,1892,378.4845029276,69,30
26,4388,524.139596055612,47,21
13,1416,101.744129091714,61,48
39,2660,532.118804327387,52,13
87,8353,6634.74730990723,94,7
62,9920,4496.64343445483,66,4
69,1159,641.248878468432,80,11
61,7414,3258.60690112159,90,29
68,1450,781.193868327724,73,5
31,1032,150.471998698554,69,38
8,3471,207.424357980778,75,67
4,1697,88.8987358435412,56,52
38,1333,256.429257163041,79,41
19,5002,453.001524666189,73,54
14,2325,173.539921595187,45,31
52,5074,1651.65457752426,66,14
93,7861,6761.67212996646,97,4
30,3520,493.179176252285,86,56
88,7428,5982.72977189782,91,3
7,4322,249.425095028957,80,73
54,3344,1167.36903949822,80,26
27,7561,939.897872043989,77,50
56,3321,1241.18454504279,83,27
1,3940,190.825149925451,52,51
54,9611,3355.13870772052,73,19
93,1912,1644.61482158706,97,4
93,9095,7823.10240707861,94,1
55,9443,3411.61675098519,90,35
5,1998,107.934578790194,81,76
80,5228,3704.55865685682,85,5
10,9265,595.11203231754,74,64
25,2962,339.98865007378,84,59
23,3951,418.906117977413,64,41
63,1936,904.554138812551,90,27
36,6557,1165.94380439196,57,21
66,3107,1584.13923538984,77,11
17,8588,719.420520631538,69,52
76,8050,5264.70380149982,83,7
95,1040,921.912541739029,95,0
1,6767,327.744616635921,72,71
26,3080,367.901083831195,86,60
21,5980,585.840812189134,78,57
22,3488,355.472880738879,71,49
57,6758,2611.58131182871,84,27
40,4934,1026.21126138859,80,40
28,1389,179.689576217262,77,49
40,6487,1349.21614362135,80,40
45,2838,714.926877379506,74,29
90,4474,3700.59853292342,93,3
37,4144,766.487802902482,74,37
54,6448,2250.95561204681,87,33
81,4893,3531.18282611316,93,12
74,4852,3035.63032432389,81,7
7,6079,350.822571189503,62,55
43,1849,431.724264462569,81,38
87,4495,3570.35665725284,95,8
28,8490,1098.3185760148,56,28
1,7018,339.901244207314,65,64
28,3614,467.529250143401,86,58
6,8692,484.987726807411,77,71
12,5952,411.829850892047,65,53
66,3513,1791.1429462261,94,28
67,3805,1994.86545419469,71,4
75,5626,3600.02487549314,88,13
7,4071,234.939741291737,50,43
59,4568,1884.54298431821,82,23
46,3037,794.339707751515,88,42
78,9867,6726.48412456195,82,4
97,5303,4885.13338459982,99,2
83,3991,2981.41490324131,91,8
64,9643,4641.32775158078,81,17
44,5963,1446.38300798677,91,47
98,5369,5034.19782904794,98,0
68,6400,3448.02810848099,80,12
69,2975,1646.00121953717,84,15
60,6068,2584.58064940411,67,7
95,8361,7411.64496296156,97,2
8,4476,267.48240458714,62,54
22,5353,545.540805789913,76,54
71,1720,1001.64078853119,72,1
62,1333,604.236461504868,86,24
31,3072,447.916647288719,91,60
43,3454,806.476803382213,89,46
51,6811,2139.58489325855,57,6
41,9646,2085.54327827888,70,29
32,5360,813.276984785929,81,49
19,9768,884.629926617219,77,58
13,7529,540.982731590051,74,61
63,3766,1759.58206961161,85,22
37,8788,1625.45724225555,75,38
88,4214,3394.0795986507,98,10
83,6598,4928.93398436135,95,12
64,1574,757.590986310084,79,15
55,2708,978.360495781838,85,30
28,2959,382.794424785369,57,29
47,6325,1717.18636273659,86,39
74,1167,730.127903645092,75,1
25,3190,366.159282152383,36,11
15,9690,751.478215932666,89,74
65,4099,2031.19536004811,81,16
68,2556,1377.05622582459,85,17
84,1689,1282.43150905049,87,3
91,5982,5012.25394350711,96,5
1,4652,225.309288693705,29,28
18,9913,863.339737743168,67,49
47,6714,1822.79671769382,85,38
36,9265,1647.471305123,74,38
77,6109,4080.50396105064,83,6
78,4551,3102.48598873836,81,3
60,4773,2032.99331568982,87,27
52,8053,2621.35875301594,83,31
18,5506,479.526742259042,86,68
74,3528,2207.27613029981,91,17
87,4287,3405.1432679962,91,4
74,2268,1418.96322662131,76,2
30,2745,384.595692844467,82,52
42,1060,238.190618719582,87,45
42,1290,289.873488819114,71,29
93,4833,4157.12522632336,93,0
49,5593,1634.48848041261,76,27
23,7360,780.346501724566,79,56
57,1866,721.102504864218,82,25
92,2305,1956.4790716143,96,4
22,6594,672.014958598671,64,42
72,5168,3084.51285317048,94,22
3,4886,248.707291481442,78,75
25,9039,1037.52782174777,78,53
72,3364,2007.79822717986,78,6
96,3265,2950.25807283639,96,0
5,1916,103.504831312318,73,68
43,5620,1312.21761291489,80,37
96,2219,2005.09116803184,97,1
5,2197,118.684819620649,80,75
26,6975,833.152616793048,89,63
39,1852,370.482716396361,82,43
6,4466,249.189506203624,67,61
12,6184,427.882358520904,77,65
95,9082,8050.77856160948,96,1
80,3612,2559.46171931271,89,9
80,5440,3854.78176995048,86,6
37,6178,1142.70309998348,85,48
96,6912,6245.69182218839,98,2
65,5021,2488.0780441087,81,16
99,5200,4952.38095238095,99,0
41,2402,519.33184267322,90,49
72,3979,2374.86003149484,78,6
98,3625,3398.95085310091,98,0
22,8236,839.356263120815,80,58
59,1172,483.512341860976,62,3
1,2462,119.241502313822,48,47
99,3247,3092.38095238095,99,0
68,3096,1667.98359747768,84,16
45,5122,1290.29438546083,90,45
30,9128,1278.90327296331,91,61
63,6593,3080.43669276402,64,1
81,2606,1880.69945735763,90,9
33,1995,314.981963500066,87,54
29,4264,574.068962652892,85,56
72,6678,3985.75403124467,85,13
95,4437,3933.19802663084,98,3
88,9892,7967.30787609225,88,0
0,6368,411.577678684501,67,67
30,1110,155.519569784101,72,42
55,6404,2313.67083271303,92,37
45,6426,1618.78791897136,56,11
62,2944,1334.48772893498,90,28
31,9923,1446.83492547069,84,53
37,6617,1223.9019767871,87,50
6,7766,433.319683201376,82,76
66,2969,1513.77836815978,67,1
1,6446,312.197694522705,66,65
46,8178,2138.98917681656,81,35
64,5547,2669.85845048414,88,24
92,3974,3373.12270307819,92,0
10,8111,520.987986414201,84,74
25,3873,444.556394914163,78,53
75,4306,2755.36919905322,80,5
45,9842,2479.32005890384,58,13
68,4565,2459.41379925245,95,27
94,8934,7794.35423544592,98,4
3,3582,182.33105159364,79,76
20,1158,109.067879455564,65,45
77,1766,1179.59895158216,92,15
87,1752,1391.60508643092,90,3
62,1422,644.579331027698,68,6
74,6514,4075.45258298554,86,12
26,5908,705.701169894384,80,54
11,4169,277.866032602757,87,76
3,1387,70.6011079174705,72,69
40,3769,783.905602791565,69,29
8,7005,418.613548733895,49,41
8,3860,230.670706368713,75,67
91,3216,2694.6520699296,95,4
74,6379,3990.99048616284,80,6
48,6646,1872.3068451052,75,27
32,1191,180.711359865679,90,58
10,1814,116.517347719808,82,72
78,6155,4195.95720955496,91,13
62,2099,951.457113802488,68,6
87,7980,6338.4752224422,91,4
65,2449,1213.56365863816,90,25
10,9133,586.633371954247,76,66
33,6266,989.31177107339,66,33
50,5147,1559.77136391591,64,14
62,6518,2954.54857921135,85,23
78,1177,802.378819763799,78,0
6,5559,310.175652706213,87,81
59,7488,3089.1983070435,70,11
55,9344,3375.84950981739,75,20
46,4330,1132.52911905303,92,46
4,6492,340.088740775645,86,82
20,9945,936.683990661128,72,52
59,5745,2370.11809214275,63,4
55,2303,832.039963731747,70,15
74,6416,4014.13935714388,78,4
77,6075,4057.79367545959,87,10
17,3057,256.086228641198,78,61
3,5127,260.974679374817,82,79
70,1059,601.317311919712,75,5
19,1474,133.491452890436,77,58
11,6394,426.163447460309,23,12
14,1524,113.752619574651,85,71
25,8729,1001.94494479879,78,53
57,3997,1544.61238582116,60,3
2,3563,176.656720474196,71,69
3,9972,507.594987853652,74,71
63,3356,1568.01843484242,81,18
9,2841,175.946363028666,80,71
27,1169,145.316838039866,77,50
36,3587,637.828340148538,74,38
93,6771,5824.10405699057,94,1
19,1871,169.445392373139,77,58
98,6851,6423.78270195705,99,1
10,6009,385.971743356298,88,78
84,9805,7444.78445603319,92,8
88,7599,6120.45820364183,97,9
29,7363,991.292160415864,74,45
39,6863,1372.90652409732,85,46
23,6073,643.891889262675,80,57
86,7357,5759.85096592453,95,9
68,7751,4175.88529200565,92,24
72,3788,2260.86197519539,84,12
68,4747,2557.46709858738,81,13
14,1523,113.677978748159,88,74
31,2433,354.746485303859,83,52
26,4712,562.840878900192,78,52
4,8217,430.454279567695,89,85
54,9019,3148.47528924476,81,27
15,8861,687.187664745031,82,67
32,2030,308.013484909596,69,37
85,4021,3101.16037389972,85,0
12,3045,210.689162628744,60,48
36,3743,665.567738270414,74,38
84,3374,2561.8258801281,94,10
44,4775,1158.22218063673,83,39
91,3024,2533.77731948604,94,3
79,4741,3296.28186848694,91,12
73,3528,2156.63181571516,74,1
98,5038,4723.83845459927,99,1
57,1383,534.450570325409,84,27
84,9097,6907.21103483263,84,0
43,7750,1809.55275802321,84,41
30,1646,230.617307986154,89,59
18,3322,289.318532107617,86,68
91,1558,1305.43156870346,92,1
1,4698,227.537196535474,89,88
93,3253,2798.08159760602,98,5
39,4467,893.599510876105,92,53
3,1844,93.8633330928735,70,67
71,5720,3331.03797116187,93,22
42,9664,2171.57937670381,89,47
1,8466,410.031908443875,85,84
34,3707,609.001066734129,70,36
85,1253,966.36507050394,90,5
20,6963,655.82007309939,86,66
3,2555,130.054672479551,59,56
46,1138,297.648530596386,77,31
58,7830,3127.19654893128,61,3
16,9053,729.607279931485,84,68
69,1980,1095.48988728861,92,23
52,5648,1838.49922228164,80,28
81,5067,3656.75523807795,96,15
94,2204,1922.85166050177,98,4
11,5228,348.448937022599,76,65
76,5759,3766.38871960714,78,2
40,6323,1315.10616249697,58,18
68,2237,1205.1935747925,84,16
86,7678,6011.16429473543,86,0
68,6536,3521.29870578621,90,22
82,4038,2965.89400541252,95,13
82,9220,6772.05119611279,82,0
97,3497,3221.44285233746,97,0
17,8269,692.697750943431,87,70
35,7550,1290.46905376942,63,28
76,6313,4128.70498122589,95,19
31,9627,1403.67629018506,82,51
86,9848,7710.07371379975,90,4
29,6553,882.24059856107,83,54
32,6592,1000.2093066621,75,43
0,4571,295.433663515523,83,83
66,9322,4752.92756752625,91,25
94,3130,2730.72853782692,98,4
57,6745,2606.55755375624,93,36
1,5242,253.884628403354,89,88
1,5552,268.898789945712,46,45
80,5606,3972.40930190118,89,9
25,5617,644.73877362067,76,51
36,7514,1336.1143428704,69,33
14,7951,593.469211442292,66,52
64,7319,3522.74995476716,78,14
20,1213,114.248132797582,62,42
67,3624,1899.97172299646,81,14
56,7448,2783.60207512157,75,19
14,1922,143.459668518688,81,67
89,3867,3156.83356338761,89,0
52,3021,983.375734864168,69,17
1,9307,450.763875724917,49,48
63,9365,4375.59375515472,92,29
53,7618,2568.55380209593,70,17
53,8372,2822.77926373683,66,13
86,3894,3048.64206351911,96,10
97,3268,3010.48762980807,97,0
13,1507,108.282770156223,90,77
33,5511,870.108070600934,72,39
69,6955,3848.04654853144,89,20
36,3586,637.65052349391,76,40
76,9528,6231.31649946464,76,0
75,3582,2292.08835833921,83,8
92,3739,3173.65520553833,93,1
41,1057,228.531955747541,85,44
81,2298,1658.42185456939,83,2
14,4557,340.138246326566,80,66
79,2749,1911.30117200392,80,1
84,4638,3521.5614795596,94,10
55,8376,3026.12537395446,74,19
9,1380,85.4649704257512,53,44
76,5657,3699.68067143907,78,2
65,6268,3106.00939662883,78,13
82,7157,5256.78637858777,94,12
36,9522,1693.17018536225,63,27
81,6321,4561.74262085863,91,10
46,8716,2279.70526597373,83,37
7,5924,341.877432427474,85,78
31,5881,857.486263901353,81,50
46,2212,578.557600772589,93,47
35,3295,563.191461214602,77,42
3,9996,508.816636440544,35,32
86,3012,2358.11758996394,95,9
28,9140,1182.40657064491,63,35
94,9124,7960.11730962711,98,4
44,6296,1527.15536110762,81,37
33,1552,245.038600176492,66,33
37,6030,1115.3285355941,87,50
94,6299,5495.48212772262,96,2
61,8478,3726.25698782153,76,15
16,1284,103.481249025961,50,34
33,3730,588.91364604273,47,14
30,8154,1142.43835317078,46,16
68,5926,3192.65852669661,76,8
94,4957,4324.67136166392,94,0
77,6937,4633.56621015032,88,11
30,1422,199.233178588281,84,54
89,3400,2775.5971335707,91,2
42,5482,1231.8499734158,67,25
50,2623,794.886397425965,66,16
9,3719,230.3219021836,69,60
37,3785,700.085987930959,91,54
86,7314,5726.1859405698,91,5
1,3789,183.511800270948,86,85
83,5975,4463.53145749607,85,2
27,3579,444.900738532659,75,48
16,1764,142.165828101087,72,56
48,9239,2602.80513721441,92,44
34,4777,784.785027188814,56,22
57,2757,1065.42315429295,85,28
6,2358,131.569381018393,64,58
72,1165,695.32845858042,88,16
20,8727,821.964925741545,85,65
99,1366,1300.95238095238,99,0
72,2980,1778.60841765635,86,14
5,3183,171.94983197657,83,78
40,7759,1613.77648502514,50,10
69,1404,776.801920077375,70,1
3,4934,251.150588655227,61,58
36,7188,1278.14611346186,65,29
87,2655,2108.85359844411,87,0
18,1860,161.990508645445,75,57
82,1846,1355.87923080523,86,4
69,4375,2420.59002873114,75,6
88,7687,6191.33599307734,89,1
37,6706,1240.3637080753,51,14
90,5133,4245.67998871165,90,0
30,9567,1340.41056227432,89,59
75,8657,5539.53347798508,81,6
23,5137,544.652171108573,87,64
63,2256,1054.06721960801,90,27
59,7425,3063.20745590251,79,20
87,8660,6878.5959180889,94,7
99,5726,5453.33333333333,99,0
13,1987,142.77230544155,70,57
77,5511,3681.07011447865,77,0
61,4428,1946.19791720615,68,7
7,8160,470.918272891322,79,72
8,6489,387.777775550927,52,44
69,5711,3159.76906379052,77,8
20,5703,537.145178354994,59,39
23,1726,182.999736681603,59,36
60,2362,1006.06122180167,74,14
94,4053,3535.98810345448,94,0
87,1356,1077.06421073078,92,5
41,5974,1291.62715575763,66,25
46,4441,1161.56162071929,84,38
54,1611,562.389809399413,70,16
25,4026,462.118266440594,83,58
77,6540,4368.39022839601,88,11
52,2110,686.833101808472,64,12
11,3969,264.53592789646,47,36
76,7859,5139.78971130275,86,10
45,3740,942.151698872217,92,47
95,9529,8447.02366368385,96,1
4,1222,64.015471538484,75,71
45,5606,1412.21989943253,63,18
41,3055,660.515728295873,68,27
38,9705,1866.95119337383,70,32
96,3818,3449.94956266136,96,0
19,3855,349.124525707348,83,64
61,6621,2910.06693988752,64,3
3,8491,432.209089637521,69,66
43,1947,454.60635095112,77,34
62,3541,1605.1022582061,88,26
27,9227,1146.99612026847,77,50
36,6075,1080.23617686155,83,47
6,5922,330.429972175965,90,84
97,8900,8198.69642144793,98,1
58,4802,1917.85412873155,76,18
56,4743,1772.64025809635,71,15
55,2796,1010.1535990421,63,8
17,1680,140.734335661503,69,52
70,3248,1844.26688301721,73,3
10,8540,548.543632594905,73,63
29,7306,983.618161618675,61,32
4,2527,132.378966102904,73,69
65,6764,3351.7944414163,69,4
57,6490,2508.01460695004,67,10
74,6567,4108.61177655297,76,2
89,4765,3889.91774748952,96,7
93,5998,5159.20486395355,94,1
53,4025,1357.10541525809,75,22
30,4838,677.84115190584,68,38
5,2197,118.684819620649,75,70
76,2416,1580.06514092218,78,2
2,8713,431.998317567125,80,78
90,7015,5802.3466044832,95,5
56,5286,1975.58009789106,74,18
21,7389,723.875879810286,67,46
54,7132,2489.73564285327,64,10
9,2651,164.179446810628,74,65
88,6596,5312.61248996203,96,8
0,3853,249.027763186461,79,79
52,6765,2202.09759892622,89,37
97,6813,6276.14817071064,97,0
2,4881,242.00433697293,73,71
71,3709,2159.93353759429,85,14
7,4078,235.343715300344,70,63
78,3834,2613.69617245064,87,9
74,9769,6111.92758415501,83,9
62,7682,3482.17891768972,76,14
95,9207,8161.58535749158,95,0
62,3204,1452.3433028219,65,3
79,1796,1248.70749542344,93,14
25,3462,397.38038708826,89,64
70,3479,1975.43241564559,72,2
13,9152,657.600472773561,41,28
92,1560,1324.12466451987,93,1
44,3615,876.853022618175,83,39
14,4883,364.471155763138,62,48
28,2219,287.063477052631,63,35
60,2470,1052.06232762494,78,18
76,1600,1046.4007555776,82,6
31,7903,1152.30640088631,81,50
56,4699,1756.19577752367,81,25
92,9759,8283.41833400604,97,5
40,3340,694.678883874722,54,14
11,7710,513.875536427742,48,37
73,3925,2399.31402400283,76,3
55,9304,3361.39809924454,80,25
93,2556,2198.55412341868,96,3
57,5892,2276.92173561628,66,9
82,6932,5091.5248255373,90,8
73,4665,2851.66876992948,82,9
90,9074,7505.41597848618,92,2
26,5651,675.00293010717,61,35
38,1068,205.451197787043,88,50
73,9793,5986.36490116172,75,2
59,5201,2145.68915530626,64,5
85,3183,2454.86035068958,89,4
3,2385,121.401328322399,74,71
16,9200,741.454432273242,72,56
36,1264,224.760251449053,86,50
53,4701,1585.031691212,70,17
15,1641,127.2627195403,49,34
89,5252,4287.48121926862,94,5
29,7766,1045.54867822757,72,43
73,1691,1033.69172346211,84,11
61,2317,1018.36959669527,72,11
76,5185,3390.99244854367,82,6
68,2104,1133.53924066312,90,22
91,9107,7630.65808484107,98,7
2,3353,166.244733019921,75,73
57,3490,1348.6858209947,62,5
94,3526,3076.21368190982,95,1
33,5439,858.740300489654,77,44
16,2146,172.952305615041,83,67
33,7354,1161.09140831052,83,50
10,3777,242.60530448606,82,72
80,6187,4384.10566372861,92,12
5,7803,421.52828743738,85,80
10,3139,201.625112730141,80,70
59,1094,451.333192829273,67,8
49,6619,1934.32491540337,84,35
99,8277,7882.85714285714,99,0
16,5321,428.834677622383,56,40
47,7427,2016.37045312958,68,21
35,6409,1095.44584974943,61,26
8,3024,180.711973072277,64,56
84,3425,2600.54938928237,86,2
0,4669,301.767616485228,86,86
72,4937,2946.640858379,80,8
88,1194,961.682733931878,91,3
75,3332,2132.11569234681,77,2
57,8002,3092.31631507153,57,0
38,8948,1721.32707659032,65,27
98,2990,2803.54842779909,98,0
21,7627,747.19195226865,77,56
83,3412,2548.88189673248,83,0
87,5488,4359.09173192516,89,2
23,6624,702.311851552109,85,62
96,7493,6770.68414694121,98,2
83,6600,4930.42805346846,86,3
6,6580,367.14441352885,74,68
23,9131,968.117378702039,86,63
80,6766,4794.38482637591,85,5
41,4338,937.910713370703,76,35
92,7145,6064.66072307339,95,3
75,5207,3331.91068728986,77,2
64,3677,1769.79800296199,81,17
90,3831,3168.75122477194,92,2
16,2154,173.597048599627,87,71
42,1290,289.873488819114,63,21
95,2749,2436.86305503903,95,0
84,2414,1832.91276663581,84,0
0,2507,162.032858112758,36,36
11,2078,138.499787898424,74,63
70,3565,2024.26460528213,79,9
63,9318,4353.63402141289,68,5
77,7476,4993.59103172608,87,10
18,9742,848.447061948345,37,19
90,4711,3896.62934479264,94,4
27,3111,386.724279847752,83,56
19,1740,157.58149798464,87,68
52,1005,327.140884984604,79,27
12,1943,134.439751391675,62,50
76,8337,5452.40193703156,82,6
85,2494,1923.47524807408,85,0
95,5190,4600.69816502458,95,0
39,7076,1415.51603737616,63,24
53,3639,1226.95816301222,63,10
94,8367,7299.68232459996,98,4
73,8495,5192.91022519849,83,10
63,1806,843.814449739394,84,21
28,3658,473.221360549132,68,40
4,6573,344.331992162402,87,83
88,2206,1776.7773124403,89,1
20,2340,220.396233096736,84,64
17,1432,119.959267063852,70,53
80,6031,4273.56412767856,85,5
62,8306,3765.03229501833,79,17
1,7958,385.428056626076,66,65
9,7670,475.011828380805,73,64
10,7342,471.593366570467,89,79
86,2422,1896.20212579437,92,6
66,4739,2416.23296958881,74,8
6,8756,488.558736300701,72,66
11,5483,365.444820523127,72,61
44,9749,2364.71372545079,46,2
98,1251,1172.98965992531,99,1
92,6343,5383.92483785227,95,3
1,6693,324.160590977422,71,70
64,7153,3442.85154070904,66,2
13,4284,307.81910242154,85,72
34,6786,1114.83173424813,84,50
62,1708,774.220462303311,73,11
69,5921,3275.95738516962,76,7
78,4794,3268.14278840073,87,9
93,3853,3314.17411484045,94,1
64,3519,1693.75011488258,86,22
44,6198,1503.38451844743,74,30
49,7612,2224.51748844998,80,31
92,6528,5540.95244229854,92,0
39,3929,785.975482030942,81,42
62,3193,1447.35710546515,84,22
92,6313,5358.46090199612,94,2
18,9492,826.674144119656,74,56
36,2910,517.446464965778,75,39
94,3005,2621.67388376035,97,3
41,7396,1599.07506594968,85,44
40,5328,1108.15841116303,56,16
1,9925,480.695333251295,87,86
35,6345,1084.50677432675,85,50
70,2620,1487.67833543876,82,12
15,1892,146.728254338968,91,76
45,8903,2242.77448530999,79,34
22,6608,673.441741950261,83,61
16,2973,239.60261164656,62,46
40,6331,1316.77006401523,82,42
17,9635,807.128169106296,84,67
87,4768,3787.19923065218,90,3
62,6511,2951.37554452978,72,10
17,1199,100.440755034608,77,60
48,4749,1337.88522530915,83,35
1,1978,95.8000371960767,65,64
87,8888,7059.69521015868,88,1
43,2593,605.441329232796,67,24
67,5496,2881.41406997477,70,3
86,5034,3941.15668920268,94,8
5,6898,372.639001248628,86,81
81,5476,3951.92257424804,87,6
0,3919,253.293486615037,60,60
12,3447,238.504283606332,58,46
39,5945,1189.26552320538,72,33
52,1498,487.618950952176,70,18
96,6232,5631.24297394069,98,2
93,1520,1307.4343769939,97,4
91,5843,4895.78732730058,98,7
55,5537,2000.43650854654,68,13
63,2559,1195.63741798622,69,6
67,4425,2319.91580415545,86,19
65,8711,4316.59984908004,81,16
30,2302,322.527972651353,65,35
47,2801,760.448854075127,66,19
23,4934,523.129027107202,39,16
33,2756,435.132978148462,75,42
18,1552,135.1662738805,80,62
48,3390,955.028619456309,90,42
9,8784,544.003116101303,78,69
43,8576,2002.41605842671,53,10
52,1023,333.000124715672,66,14
31,4960,723.198753434911,89,58
44,6364,1543.64941519836,82,38
80,6456,4574.71895345594,90,10
93,7362,6332.45518646649,95,2
24,2654,292.769122499763,70,46
27,6059,753.186246093708,59,32
50,4042,1224.90690750886,76,26
72,3890,2321.74051835007,85,13
13,7400,531.713668982119,23,10
88,8234,6631.9058887731,92,4
48,7428,2092.61138210073,71,23
50,2149,651.243182641403,78,28
60,1672,712.165267930731,91,31
16,9198,741.293246527096,82,66
8,7091,423.752844264389,84,76
78,7664,5224.66548400149,86,8
56,8919,3333.37095972198,85,29
35,4837,826.754809679827,86,51
30,2023,283.437918624538,81,51
17,1309,109.655503202921,84,67
43,7747,1808.85228598784,81,38
80,1247,883.62368881034,87,7
22,1368,139.417116069606,75,53
99,5793,5517.14285714286,99,0
56,9959,3722.05868234905,78,22
14,2662,198.693880123177,55,41
71,6776,3945.99882737637,80,9
39,4397,879.596384446437,85,46
31,1085,158.199727313887,65,34
45,5519,1390.3035363839,82,37
6,4480,249.970664530281,79,73
39,4493,898.80067212141,44,5
92,7119,6042.59197866472,92,0
21,4319,423.118138435597,53,32
88,8067,6497.39917473071,89,1
98,2116,1984.04965659628,98,0
60,3944,1679.89223487967,86,26
20,4157,391.532966232108,84,64
44,3457,838.528602819096,84,40
49,6361,1858.92744929458,72,23
15,9436,731.780025339591,76,61
86,4355,3409.56245162448,98,12
30,6658,932.837203263556,78,48
51,8321,2613.93127247165,88,37
18,3441,299.682440994072,44,26
51,8755,2750.26658941104,71,20
81,6499,4690.20175493755,84,3
8,6366,380.427387757313,81,73
31,4793,698.849117986599,83,52
34,6092,1000.81858606537,35,1
65,6501,3221.4689035552,92,27
5,9787,528.706567877692,62,57
69,1474,815.531360537074,83,14
94,9725,8484.45208637918,97,3
18,4687,408.198663452257,79,61
56,1416,529.213283884552,88,32
25,5829,669.072870114809,82,57
63,5219,2438.4649020985,73,10
15,8982,696.571448452756,81,66
73,6015,3676.91053614702,79,6
29,9331,1256.24706625566,82,53
71,7113,4142.250540013,86,15
39,5915,1183.26418330695,72,33
2,3018,149.635133985721,79,77
99,1272,1211.42857142857,99,0
96,5089,4598.4267481361,99,3
2,2070,102.632447763566,67,65
88,3658,2946.26083812631,89,1
50,1084,328.500516511531,65,15
95,2436,2159.40283815026,95,0
48,7260,2045.28253016307,77,29
13,9593,689.287733316955,81,68
35,4623,790.177276235237,91,56
10,8308,533.641744683662,82,72
93,7008,6027.96060129817,96,3
59,5410,2231.91277258351,78,19
82,6331,4650.0928549447,83,1
22,5069,516.597486371954,67,45
34,8441,1386.72187868972,81,47
49,4867,1422.32351764137,82,33
28,8629,1116.30047025108,71,43
76,6329,4139.16898878166,92,16
55,2926,1057.12068340386,88,33
6,2022,112.821581178622,80,74
66,4172,2127.14158031748,71,5
21,7886,772.565325238045,85,64
68,3219,1734.25038768755,89,21
65,5475,2713.05064558756,72,7
99,7263,6917.14285714286,99,0
79,6772,4708.37815089508,91,12
85,6035,4654.43990462193,88,3
32,4719,716.017554329254,88,56
97,5039,4641.9360974917,99,2
18,2373,206.668536029914,45,27
97,5032,4635.48768457595,98,1
41,6013,1300.059271438,84,43
57,7970,3079.95014135467,81,24
96,1739,1571.36256926875,97,1
97,2946,2713.86063568378,98,1
63,4976,2324.92840636945,82,19
68,3679,1982.07740798462,80,12
56,4905,1833.18584565941,91,35
82,3663,2690.45808366173,88,6
51,5720,1796.86178086021,78,27
40,3638,756.659215430011,61,21
87,6044,4800.71983013041,87,0
10,4251,273.051403063342,73,63
40,9708,2019.14449241192,92,52
51,4143,1301.46824442375,86,35
2,6831,338.687077619767,87,85
50,2196,665.486286217087,91,41
59,5441,2244.70192155765,60,1
31,6891,1004.75052619354,43,12
21,9187,900.019990231033,28,7
52,3031,986.630868048095,71,19
51,4955,1556.54722450391,55,4
87,8532,6776.92614008481,87,0
0,7809,504.712640208427,58,58
91,3097,2594.9432402276,94,3
44,8359,2027.55585506648,65,21
25,3630,416.664010725126,58,33
3,5525,281.233685107444,80,77
92,9073,7701.14300076205,93,1
62,2297,1041.20866622407,73,11
48,9062,2552.9408110658,77,29
58,1411,563.53439725952,66,8
90,3490,2886.69845326391,97,7
95,9726,8621.65517399404,95,0
37,6939,1283.46015066127,88,51
82,2023,1485.8849858716,89,7
65,9691,4802.2235262811,84,19
9,1253,77.5997159010625,40,31
24,2086,230.111676539,79,55
18,9593,835.470402922446,36,18
18,2725,237.324804332708,60,42
97,6624,6102.04102198551,98,1
61,1452,638.184140872477,77,16
51,2385,749.215969816715,73,22
22,6439,656.218428634644,79,57
87,6855,5444.89318920316,87,0
16,6419,517.325652256733,83,67
95,5662,5019.10462627537,96,1
80,1288,912.676272002982,80,0
36,2510,446.319803114812,81,45
93,6808,5855.92976222003,94,1
95,1759,1559.27323165284,97,2
89,5359,4374.83089376629,89,0
25,5296,607.893278457374,89,64
88,5254,4231.72620107043,98,10
38,7010,1348.5139480217,84,46
3,1091,55.534108679135,86,83
45,5040,1269.63758350695,83,38
7,4622,266.738266826432,60,53
56,2115,790.456282073325,86,30
68,5352,2883.41350571723,84,16
72,4460,2661.94414186152,79,7
14,5440,406.046096119491,35,21
63,5565,2600.1259207086,71,8
63,4287,2003.00805428172,67,4
65,1698,841.417350905512,75,10
10,2953,189.677909490955,54,44
80,6851,4854.61579153139,81,1
83,4911,3668.68669251267,84,1
37,1176,217.516808931785,79,42
21,3069,300.659774683688,62,41
6,4589,256.05254007354,53,47
48,6973,1964.42907476957,62,14
86,6870,5378.57498109304,88,2
77,4941,3300.33885604047,83,6
28,3303,427.296378866534,60,32
83,8395,6271.35507710117,84,1
59,6576,2712.94979528821,71,12
68,9178,4944.68780931852,83,15
13,3447,247.677975267752,61,48
66,5500,2804.23746206762,76,10
61,3892,1710.61479082347,79,18
27,1167,145.068220695058,80,53
55,3365,1215.72491444087,76,21
71,8183,4765.36428636671,85,14
1,3140,152.078926590334,83,82
70,9867,5602.64203655505,77,7
14,4063,303.265678039245,26,12
64,1602,771.067827235549,78,14
39,3555,711.158777963858,67,28
87,3018,2397.18273450257,87,0
14,4663,348.050173934777,85,71
40,6728,1399.34117685902,73,33
59,7771,3205.95086058161,88,29
46,2326,608.37476464604,81,35
48,6001,1690.59785998741,92,44
4,2837,148.618570175678,22,18
10,9819,630.696712933182,32,22
52,3994,1300.10019366021,82,30
22,3361,342.529917478031,82,60
52,9023,2937.1066718568,84,32
4,2145,112.367583019679,51,47
26,7440,888.696124579251,78,52
49,3516,1027.50965441279,75,26
99,1728,1645.71428571429,99,0
74,9459,5917.97758404364,77,3
41,2913,629.814178895541,76,35
45,4419,1113.20009553913,79,34
19,1133,102.609101848619,71,52
17,9447,791.37932678227,86,69
25,8192,940.306219245243,62,37
53,5507,1856.78994331088,71,18
7,4849,279.838566819855,12,5
47,5966,1619.72076523106,92,45
39,7423,1484.93153553466,75,36
71,5744,3345.01435425765,84,13
92,8164,6929.58574432066,93,1
83,5484,4096.73749170016,89,6
80,7856,5566.75837954614,85,5
4,9545,500.022647982676,75,71
11,8779,585.124946082898,74,63
86,4360,3413.47698945643,90,4
98,1517,1422.40232942181,98,0
70,5870,3333.08085077309,83,13
2,8932,442.856533055155,39,37
34,1976,324.625332577998,61,27
49,5369,1569.0271144887,74,25
77,6128,4093.19500299858,80,3
89,8079,6595.30860062284,92,3
90,9440,7808.1471056766,90,0
62,9225,4181.60641964171,78,16
10,7459,479.108542801569,72,62
30,9898,1386.7862177685,80,50
13,8792,631.733321309566,69,56
79,4345,3020.95438063188,81,2
97,1176,1083.33336984525,98,1
25,3247,372.701940172034,74,49
9,6573,407.073370006132,59,50
91,6125,5132.07211701456,96,5
14,9515,710.207464076646,69,55
64,8688,4181.67121287294,73,9
90,6107,5051.3087260982,90,0
29,6556,882.644493234606,77,48
66,4494,2291.31693718762,89,23
14,5793,432.394307871362,87,73
7,9904,571.56551160731,68,61
35,7822,1336.96012431582,82,47
99,4529,4313.33333333333,99,0
39,1649,329.873649750324,92,53
92,3456,2933.44541062864,98,6
7,8431,486.557838081707,76,69
38,2892,556.334142322217,78,40
74,9787,6123.18919706471,80,6
99,6143,5850.47619047619,99,0
93,8879,7637.30910087421,95,2
49,2461,719.198310440805,64,15
71,7788,4535.33631458193,83,12
6,1409,78.6180058757067,84,78
16,4153,334.70220187291,70,54
55,6780,2449.51409209781,59,4
62,1220,553.014615930937,88,26
76,2994,1958.07741387459,85,9
5,6218,335.904509968682,73,68
59,2436,1004.97957745165,82,23
99,9847,9378.09523809524,99,0
33,2419,381.925498599829,58,25
3,1785,90.8601136500972,73,70
1,8197,397.003490847442,54,53
50,5793,1755.53827689234,77,27
41,5252,1135.52491162354,65,24
45,1964,494.755598017389,84,39
58,5549,2216.19586845718,62,4
3,7220,367.512616556696,62,59
1,3151,152.611687161192,74,73
60,9789,4169.48911948201,89,29
59,5261,2170.44234686911,68,9
91,3802,3185.65521451254,93,2
12,3441,238.089132546965,47,35
87,5926,4706.99300353289,88,1
54,9595,3349.55320992388,93,39
97,7690,7084.04218886905,98,1
34,4628,760.306699985312,65,31
46,2993,782.831328712639,84,38
85,1984,1530.14229838772,89,4
21,4898,479.840852525481,88,67
96,8157,7370.67537523014,97,1
13,4053,291.221013565477,72,59
17,2980,249.635904923379,23,6
62,3717,1684.88141591417,80,18
22,5380,548.29245939655,51,29
48,4882,1375.35389975979,49,1
28,4739,613.066163926281,77,49
44,7138,1731.39056029005,88,44
55,6157,2224.43337242569,82,27
23,8101,858.911278596564,71,48
73,8660,5293.77310773619,85,12
47,6134,1665.33140696067,81,34
47,2079,564.431691403851,68,21
28,4288,554.722032267544,66,38
35,1598,273.135039460071,68,33
64,2531,1218.21015651259,90,26
53,2456,828.087180092887,66,13
72,5076,3029.60279463881,78,6
65,3453,1711.080160587,88,23
48,8094,2280.23647371073,78,30
54,1363,475.814593551459,71,17
35,3470,593.102995573496,92,57
61,6488,2851.61067905002,84,23
74,5519,3452.93564714418,91,17
84,7911,6006.69962587237,85,1
23,5840,619.187985064058,90,67
99,2167,2063.80952380952,99,0
27,9776,1215.24158141807,45,18
92,1115,946.409615986959,98,6
97,7544,6949.5467194835,99,2
83,5882,4394.05724401538,97,14
63,2278,1064.3462439127,73,10
74,9888,6186.37935839132,82,8
5,1877,101.398000194792,75,70
11,1476,98.3761727324705,71,60
62,8599,3897.84646097551,85,23
35,8628,1474.72410542021,82,47
67,9100,4770.90029781121,83,16
75,2974,1903.03483464568,85,10
33,1647,260.037741295543,77,44
23,2071,219.578478949942,68,45
26,7456,890.607299040712,82,56
44,3362,815.485439015852,68,24
61,3065,1347.13112381139,74,13
97,5895,5430.48487690287,99,2
14,6212,463.668814171742,74,60
52,7285,2371.36452449039,62,10
73,2314,1414.52551631657,80,7
1,3146,152.369523265347,80,79
54,6815,2379.0729677573,86,32
20,8908,839.012668558002,62,42
59,8202,3383.7612866414,66,7
5,1221,65.9600203717853,81,76
25,3083,353.877450431285,61,36
72,8430,5031.43253719566,80,8
78,3997,2724.81575411717,89,11
77,2042,1363.95303461539,96,19
81,7159,5166.51090376949,83,2
28,6211,803.49313022708,70,42
68,5233,2819.30173307516,74,6
69,7411,4100.34118924033,87,18
21,5641,552.630103939616,86,65
72,7391,4411.30698486514,73,1
12,9332,645.698281002115,60,48
84,7316,5554.92535240579,88,4
84,8406,6382.54545001683,84,0
82,4609,3385.29110226506,82,0
46,2996,783.615990919835,59,13
98,8261,7745.85737861147,98,0
97,5948,5479.30857469351,98,1
19,5376,486.872490324956,88,69
95,7029,6230.88774604196,97,2
49,2636,770.340002568859,71,22
14,4203,313.715393748202,73,59
56,1209,451.849477553971,88,32
11,6560,437.227434366535,66,55
56,4592,1716.20579067646,88,32
28,6002,776.45560579986,62,34
2,9211,456.689602101548,64,62
64,2314,1113.76463934024,64,0
16,9533,768.291859006611,46,30
33,4746,749.325513168578,74,41
12,5317,367.893030442375,78,66
64,1471,708.015464334265,84,20
89,2285,1865.36454417913,89,0
63,3164,1478.31058636514,85,22
36,7850,1395.86073882521,74,38
33,5044,796.3754505736,80,47
24,1426,157.305489331071,88,64
91,2809,2353.63111456227,91,0
67,8807,4617.28779371684,82,15
89,2276,1858.01737529615,92,3
33,8148,1286.45265092659,87,54
91,9909,8302.64532367302,91,0
13,3257,234.025867550643,87,74
12,2802,193.875544724381,78,66
86,6219,4868.90215537375,89,3
87,3639,2890.44001685052,96,9
52,6914,2250.59908336672,81,29
9,2780,172.168563611296,71,62
57,7435,2873.20317452597,78,21
90,4563,3774.21347915279,90,0
5,4822,260.490760223381,77,72
78,7268,4954.70625492209,83,5
7,4039,233.093002966673,73,66
67,4237,2221.35214965122,76,9
88,5211,4197.09273577807,89,1
13,5053,363.074212076574,61,48
42,7145,1605.5395950485,80,38
27,5372,667.786188152402,85,58
96,8655,7820.66879644684,98,2
99,2737,2606.66666666667,99,0
61,8708,3827.34676220216,82,21
39,3620,724.161681077121,76,37
63,1581,738.688064805084,83,20
58,2594,1036.00866512487,76,18
61,3678,1616.55734857367,80,19
77,9488,6337.50557905525,79,2
24,1180,130.168637735388,78,54
0,8792,568.246066424957,67,67
13,4538,326.069814843359,73,60
23,6499,689.058684063581,76,53
43,2927,683.427215836635,82,39
22,3304,336.72087097513,84,62
94,2769,2415.77869688267,98,4
38,4708,905.678126574343,79,41
25,9728,1116.61363535373,82,57
34,6844,1124.36021060922,70,36
10,1927,123.775594848991,28,18
86,5633,4410.11832146974,94,8
21,8720,854.269545533319,79,58
76,1461,955.4946899368,91,15
47,3580,971.94105590466,86,39
4,4928,258.15731893752,66,62
12,8027,555.402925589796,64,52
58,8917,3561.3297096833,73,15
10,9592,616.115986399336,76,66
96,1008,910.830057402474,98,2
15,1022,79.2580739611129,90,75
47,5980,1623.52165204186,50,3
69,3011,1665.91921748788,86,17
87,3412,2710.1350199214,87,0
77,4349,2904.91270692572,94,17
75,3332,2132.11569234681,90,15
40,2834,589.437112844599,81,41
94,5317,4638.74876537564,95,1
73,5230,3197.04773134645,94,21
46,6142,1606.46509219948,81,35
41,9866,2133.10905903996,84,43
62,1167,528.990210484757,70,8
62,8882,4026.12772024474,78,16
92,2413,2048.14924069644,98,6
97,1145,1054.77611264695,98,1
85,5259,4055.95682823641,85,0
66,3303,1684.07206131079,71,5
89,9664,7889.22667612565,93,4
29,9114,1227.0320182032,69,40
33,9213,1454.60091715594,89,56
28,4825,624.191652446572,79,51
81,9070,6545.64239379652,89,8
45,7715,1943.50276919764,69,24
16,4498,362.506743083157,67,51
78,8856,6037.27003213951,82,4
9,8410,520.840870493165,81,72
12,2654,183.635151926662,78,66
57,4397,1699.18955728187,70,13
82,5001,3673.21345246856,82,0
46,2055,537.493611929326,86,40
45,8860,2231.94225989515,80,35
21,7514,736.121716185477,63,42
59,6569,2710.06192293921,79,20
10,1588,102.000853461441,74,64
93,2303,1980.93511198483,98,5
4,4693,245.846651333965,70,66
62,2325,1053.90080495035,77,15
49,1868,545.901033686885,57,8
13,6675,479.620100061574,62,49
53,3805,1282.92822485889,72,19
38,6658,1280.79969556754,74,36
34,8897,1461.63541697695,75,41
53,1684,567.792675601149,93,40
16,6906,556.574381443371,76,60
5,4361,235.586935988006,80,75
2,3723,184.5896632965,81,79
33,3600,568.388505564029,66,33
95,4930,4370.22002958982,95,0
61,2591,1138.79828443567,78,17
9,2903,179.786093584026,63,54
84,9467,7188.14629732445,84,0
43,6448,1505.54789467531,75,32
82,4223,3101.77572680958,86,4
87,2997,2380.50253654878,92,5
50,2602,788.522457530447,79,29
80,7375,5225.92197672515,82,2
77,8156,5447.79674354707,96,19
1,8854,428.823826761407,54,53
70,3157,1792.59561258785,71,1
34,6953,1142.26717480507,82,48
84,8560,6499.47526197288,86,2
64,3749,1804.45273677033,84,20
68,7822,4214.13685383411,79,11
26,1075,128.407034129394,79,53
23,2846,301.74811737882,26,3
93,7839,6742.74873766786,93,0
16,9053,729.607279931485,79,63
69,7183,3974.19386888589,76,7
95,6938,6150.22039863979,97,2
91,9882,8280.02231189189,93,2
68,4539,2445.40618506175,72,4
87,4188,3326.50804907117,91,4
69,8464,4682.94262929837,89,20
97,7670,7065.61815196692,97,0
75,1935,1238.18843478123,83,8
2,1942,96.2860935057222,89,87
33,8725,1377.55269751282,82,49
19,7971,721.886276112393,84,65
70,1471,835.257569248249,75,5
36,5272,937.449403195732,65,29
35,8120,1387.89519425268,65,30
50,6823,2067.67437652968,89,39
14,4741,353.872158401196,83,69
24,4890,539.427659767838,68,44
75,2662,1703.38894748715,95,20
6,1211,67.5701952558416,89,83
2,1646,81.6101492844586,79,77
85,5543,4274.98929433627,91,6
21,1490,145.970369592276,55,34
56,8689,3247.41117491022,84,28
30,8683,1216.55533732915,82,52
20,1821,171.513478832973,85,65
95,5179,4590.94716698695,96,1
41,6195,1339.40914461307,79,38
60,1416,603.125609682964,88,28
54,7774,2713.85374194354,59,5
50,1889,572.451545839744,84,34
46,5232,1368.45088934999,77,31
35,3346,571.908536942051,83,48
35,1488,254.333503577338,85,50
78,3681,2509.3937430336,89,11
40,6464,1344.43242675635,82,42
66,2286,1165.54306150665,95,29
78,5158,3516.2871302818,82,4
93,9314,8011.47617586918,97,4
66,8437,4301.70026681173,92,26
74,6533,4087.33984105688,76,2
89,1019,831.8627879731,91,2
86,4056,3175.47308927415,88,2
69,1775,982.067954513776,77,8
19,6591,596.907846676299,75,56
45,7927,1996.90815961499,89,44
2,5284,261.98543670661,81,79
72,6153,3672.40858853676,75,3
59,1724,711.241704239183,65,6
94,4989,4352.58935310496,96,2
62,9862,4470.35257566467,80,18
29,8371,1127.00077072405,64,35
43,2220,518.349306169228,71,28
60,4402,1874.97099846356,91,31
91,2851,2388.8224662218,94,3
70,4970,2822.04630806512,93,23
47,7466,2026.95863781681,63,16
30,2261,316.783556109778,78,48
87,6021,4782.4510418953,90,3
39,9139,1828.20817772481,79,40
68,9368,5047.05114378905,79,11
62,1576,714.386094022259,88,26
30,6750,945.727113551968,58,28
39,3962,792.576955919214,78,39
69,6439,3562.55524457138,78,9
88,3665,2951.89884410413,89,1
44,8499,2061.51420172389,79,35
10,4550,292.256853431712,87,77
70,1039,589.960988748423,76,6
26,6585,786.567739294942,61,35
15,3234,250.802946370097,56,41
35,5100,871.707572744907,85,50
35,5033,860.255728161788,82,47
41,1853,400.633598864895,82,41
31,6125,893.062976771942,42,11
90,9538,7889.20625995164,90,0
32,2285,346.704833999226,58,26
70,4182,2374.60717511637,81,11
24,4372,482.2858340501,70,46
59,6316,2605.68596518253,72,13
79,9140,6354.78090655361,90,11
40,1694,352.331146492149,75,35
21,2989,292.822439403566,86,65
91,3917,3282.01248691363,91,0
56,2721,1016.94162814256,74,18
8,5472,327.00261794031,78,70
47,5007,1359.36001869124,83,36
95,6449,5716.74421314904,98,3
33,1912,301.877450732895,73,40
45,1973,497.022807987937,70,25
92,1228,1042.32377437846,93,1
0,7636,493.531274251703,82,82
81,4895,3532.62618717023,85,4
25,4040,463.725235077,57,32
93,3600,3096.5551034066,95,2
70,1443,819.358716808446,90,20
54,2992,1044.48808797209,83,29
80,3031,2147.76535748528,83,3
21,4786,468.86858313331,88,67
24,9853,1086.90812509049,77,53
44,2941,713.367839424634,73,29
12,5872,406.294503433821,81,69
47,4794,1301.53224078406,48,1
83,9730,7268.6462060982,93,10
61,1162,510.723121001253,79,18
89,2424,1978.83748581629,95,6
1,3916,189.662763225398,81,80
24,5968,658.344432207456,88,64
30,2432,340.741976319761,54,24
74,3392,2122.18838831547,83,9
6,6681,372.779912885448,86,80
19,9663,875.12069829056,84,65
91,8823,7392.69751647664,95,4
48,8931,2516.0355753287,84,36
94,1195,1042.56249287641,94,0
34,7603,1249.05182367941,75,41
58,5806,2318.83820729183,89,31
22,9626,981.015467314348,77,55
61,4383,1926.4194830882,67,6
40,4038,839.854291343151,80,40
52,6070,1975.86584264333,72,20
80,9690,6866.3300277243,92,12
6,2394,133.578073858369,78,72
2,4288,212.602867637763,78,76
86,4007,3137.11061852108,88,2
64,5132,2470.11241533885,76,12
88,4212,3392.46873979989,89,1
58,4963,1982.15536045287,85,27
14,1545,115.320076930995,42,28
62,1408,638.233261664556,66,4
96,8918,8058.31592451911,97,1
6,5397,301.136534926323,80,74
93,2162,1859.65337043474,93,0
36,7365,1309.61966133091,59,23
52,8451,2750.91305373621,85,33
81,6848,4942.06825939565,87,6
44,7055,1711.25811191459,51,7
62,7451,3377.46877319788,92,30
21,1395,136.663533947131,90,69
57,3559,1375.35038307168,58,1
4,9698,508.037678379884,82,78
74,3850,2408.73387235099,96,22
32,8164,1238.73009399111,80,48
85,6472,4991.47225562769,90,5
58,2544,1016.03933850334,80,22
99,4885,4652.38095238095,99,0
29,4047,544.853914600435,82,53
0,9105,588.475936624117,64,64
24,2933,323.546283455843,76,52
86,5570,4360.79514478723,97,11
66,2880,1468.40070740995,76,10
45,2638,664.544433589548,89,44
80,6057,4291.98771702023,96,16
5,9411,508.394555052311,73,68
74,2448,1531.57935571824,80,6
96,7335,6627.91514984836,96,0
64,9574,4608.11696501445,90,26
99,3586,3415.23809523809,99,0
86,1928,1509.44578799816,91,5
29,6684,899.877332638821,83,54
66,4971,2534.52080435239,74,8
8,6025,360.049483386398,71,63
89,4510,3681.74796247172,96,7
17,5457,457.135279586202,73,56
83,5937,4435.14414446095,94,11
60,6781,2888.27313507075,90,30
34,9247,1519.1348432939,62,28
67,3679,1928.80683468653,85,18
80,3074,2178.23513985805,84,4
21,8284,811.556068256653,86,65
61,9356,4112.15621350062,80,19
15,7727,599.243774459413,36,21
43,8958,2091.60949759637,50,7
82,5570,4091.14155773842,88,6
82,2184,1604.13880827661,91,9
14,8609,642.582875274393,82,68
23,4081,432.689412165483,69,46
25,5368,616.157688587459,66,41
23,7801,827.103676624095,78,55
25,8348,958.21244119376,74,49
95,7693,6819.49344576765,95,0
10,3801,244.146879097568,67,57
42,5126,1151.85387882696,73,31
76,2610,1706.94123253597,89,13
79,7894,5488.47269981774,79,0
20,6837,643.952583624951,86,66
95,6434,5703.44739764319,97,2
44,3535,857.448253099654,81,37
83,3075,2297.13125218417,89,6
68,3823,2059.65804042544,85,17
44,9023,2188.61544207021,93,49
55,9898,3576.00154625134,88,33
20,7149,673.338748037849,84,64
32,6297,955.448726342723,35,3
70,4526,2569.93593366253,72,2
91,3798,3182.30365721164,91,0
92,6726,5709.01441894914,95,3
82,8007,5881.1078012229,95,13
33,3207,506.339427039956,75,42
32,3764,571.114658719074,69,37
72,6044,3607.35210614597,95,23
5,2900,156.661801046828,64,59
75,7870,5035.93952544098,77,2
3,2579,131.276321066443,76,73
33,6719,1060.83399135686,83,50
32,5494,833.608909405578,82,50
89,8375,6836.94882166312,91,2
15,6200,480.821975106556,57,42
80,8687,6155.60463888968,81,1
81,9866,7120.10009450898,83,2
71,3533,2057.44006155854,80,9
29,3484,469.056347533461,88,59
25,4088,469.23484183039,67,42
59,4598,1896.91958009963,77,18
14,6052,451.726281932933,73,59
11,7855,523.539862339807,69,58
94,2531,2208.13863553992,97,3
39,2057,411.491872368961,81,42
67,1714,898.606935214111,72,5
25,6807,781.331107715133,69,44
16,5492,442.616058917896,68,52
52,3266,1063.12649787037,78,26
38,9304,1789.810809186,65,27
61,9603,4220.71784077025,79,18
27,7501,932.43935169977,58,31
10,2161,138.805947311193,85,75
83,7159,5348.02036890617,85,2
60,1781,758.592309919039,87,27
18,4909,427.533014484133,78,60
37,5913,1093.68783266467,80,43
72,6159,3675.98967931056,90,18
8,7940,474.488447815435,67,59
72,5320,3175.2338194402,84,12
70,4102,2329.18188243122,77,7
91,6906,5786.46368001674,92,1
71,7004,4078.77446678631,85,14
52,1790,582.668839922827,72,20
56,8542,3192.47166026966,64,8
34,6441,1058.15372830713,61,27
93,6207,5338.97709079021,93,0
74,9067,5672.72468067699,86,12
11,9768,651.042313855536,75,64
64,9667,4652.87932951689,90,26
5,5344,288.68988441181,43,38
52,7830,2548.76928301438,59,7
26,2533,302.562806930006,78,52
26,8162,974.937872152668,91,65
6,4943,275.804686333299,84,78
84,5755,4369.68225848761,92,8
35,8144,1391.99734753618,67,32
14,1816,135.547740910477,76,62
56,4088,1527.84174048026,90,34
87,2417,1919.81135496777,89,2
92,7199,6110.49580761446,93,1
58,9357,3737.05978395275,87,29
52,5831,1898.06815954749,82,30
14,8489,633.625976095286,73,59
74,1524,953.483226354001,74,0
97,5380,4956.06592667302,98,1
65,7571,3751.69067356044,85,20
95,8082,7164.32419455273,97,2
89,6516,5319.35027127843,93,4
46,6028,1576.64792832602,76,30
51,1942,610.053422802541,77,26
82,4000,2937.98316534178,87,5
74,8308,5197.86000298494,78,4
6,8744,487.889172020709,84,78
54,5922,2067.3323719822,90,36
5,1542,83.300861108348,70,65
56,8586,3208.91614084235,86,30
27,1760,218.783263430422,73,46
63,4645,2170.27581342164,76,13
1,5818,281.781909204638,84,83
51,4870,1529.84560713099,67,16
73,5829,3563.21055946816,86,13
17,9182,769.180160740426,88,71
50,1691,512.448683967712,76,26
17,1382,115.770745169165,57,40
80,7378,5228.04777549534,86,6
51,9981,3135.39815293108,83,32
5,2412,130.299401422396,72,67
90,5316,4397.04555230687,91,1
87,3763,2988.93261429198,96,9
40,1772,368.554186295212,51,11
20,1784,168.028581130161,67,47
14,6338,473.073558309804,80,66
39,9406,1881.62010282083,82,43
95,5346,4738.98504628543,96,1
6,9549,532.805775803494,62,56
64,8309,3999.25254463182,75,11
83,7947,5936.68359710816,83,0
57,4214,1628.47050133859,67,10
40,8378,1742.52086500072,76,36
26,3759,449.006550039436,81,55
3,4208,214.195718901742,55,52
84,7772,5901.15908131463,86,2
40,4685,974.422326632656,59,19
26,7245,865.403685830198,85,59
55,1919,693.306422232403,82,27
26,4137,494.158046691446,84,58
35,2940,502.513777229417,71,36
55,2898,1047.00469600287,79,24
34,4171,685.22887762289,79,45
45,4265,1074.40561382086,74,29
77,9459,6318.13504134523,80,3
45,5751,1448.74717118025,73,28
70,2911,1652.912837581,85,15
72,9604,5732.13263193678,83,11
72,1224,730.542517856167,81,9
66,5788,2951.07753280862,84,18
70,5504,3125.26013673852,81,11
2,6572,325.845626426162,68,66
5,7804,421.582308748085,71,66
98,5811,5448.63542272258,98,0
38,5605,1078.23404831121,71,33
30,9550,1338.02873102538,78,48
86,7594,5945.40005915875,92,6
39,1274,254.856901019959,73,34
10,3317,213.058457765492,83,73
95,1124,996.374708571797,96,1
19,4573,414.149534645838,65,46
97,3746,3450.82211176898,97,0
18,6643,578.549972543918,65,47
73,3644,2227.54147859015,79,6
13,8056,578.849367205399,58,45
92,6518,5532.46446367982,96,4
44,8675,2104.20469466464,64,20
64,9876,4753.47432071054,90,26
72,1899,1133.4152299092,77,5
3,9188,467.687800681845,87,84
78,8759,5971.14365531956,95,17
15,5812,450.731825696662,55,40
4,4784,250.613760916618,24,20
65,1150,569.86451916451,86,21
42,3096,695.696373165873,73,31
24,2323,256.255716490938,86,62
53,3013,1015.89033942177,83,30
78,9298,6338.58816156653,81,3
0,9590,619.822540606841,80,80
35,6337,1083.13938989892,47,12
18,5104,444.51589039051,78,60
31,5088,741.861947071941,69,38
7,6983,402.992928872561,56,49
12,9532,659.536649647681,84,72
91,7207,6038.66836691002,91,0
89,1704,1391.06397517779,96,7
91,8945,7494.92001415432,98,7
61,8049,3537.70258256375,88,27
31,7678,1119.50000582122,75,44
8,6820,407.558087418296,83,75
46,4893,1279.78405993683,61,15
16,3699,298.113037497687,70,54
33,2429,383.504355559729,59,26
59,9383,3870.9866072368,73,14
44,9747,2364.22860621282,79,35
64,5618,2704.03186854514,72,8
49,8680,2536.62792955148,51,2
91,8356,7001.40320159569,97,6
24,4866,536.780162051186,61,37
10,1965,126.216421317212,79,69
2,1912,94.7986667265401,62,60
92,5485,4655.65627236634,96,4
16,5082,409.572980957893,70,54
98,2225,2086.25259259297,99,1
46,7706,2015.53565621771,88,42
58,2765,1104.3037621705,88,30
56,7894,2950.28931001741,88,32
52,2810,914.692424683321,56,4
70,6431,3651.62571572773,79,9
40,7710,1603.58508822578,46,6
42,9272,2083.49378940374,91,49
45,1700,428.250772214644,92,47
31,8076,1177.53087353636,80,49
94,6076,5300.92862486785,94,0
88,3427,2760.20664085808,88,0
5,9470,511.581812383953,90,85
68,4116,2217.51307726683,74,6
37,1617,299.085612281205,64,27
71,2348,1367.35614620421,75,4
50,4965,1504.61721815475,76,26
81,6468,4667.82965855302,81,0
88,5185,4176.15157071758,91,3
83,4283,3199.54899287961,89,6
93,1519,1306.57422279851,93,0
88,6437,5184.54921132286,92,4
79,9306,6470.19596459386,85,6
43,4618,1078.25995310338,80,37
32,5306,805.083522625773,78,46
2,7176,355.792485580362,2,0
83,3003,2243.34476432815,83,0
83,2808,2097.67302638476,86,3
43,8254,1927.23205996433,92,49
52,5443,1771.76899201114,66,14
16,7267,585.668408622788,90,74
11,3027,201.751134729802,84,73
67,2012,1054.84081309848,71,4
10,5169,332.01663195352,49,39
63,8036,3754.64724147606,79,16
67,3563,1867.99096275839,87,20
8,1691,101.05289234961,40,32
36,9638,1713.79691729903,79,43
32,6498,985.946613272196,78,46
44,9447,2291.46072051837,50,6
95,2423,2147.87893137853,96,1
0,6716,434.069674944269,0,0
25,7419,851.578593820856,84,59
32,3859,585.52908288972,78,46
32,1202,182.38039845386,86,54
72,8712,5199.74380356448,76,4
21,1191,116.678328982819,74,53
9,7467,462.439807368901,45,36
65,9875,4893.40184934743,85,20
73,4462,2727.57685989825,88,15
2,5037,249.738956224677,58,56
69,5808,3213.43700271324,87,18
54,3830,1337.02853507123,93,39
19,5367,486.057413611242,90,71
26,6681,798.034786063706,86,60
35,1581,270.229347550921,88,53
22,3706,377.689935785058,68,46
94,2302,2008.35050928996,96,2
52,4883,1589.48153371127,81,29
50,7988,2420.7215183525,81,31
15,8927,692.306092221972,65,50
96,1895,1712.32436386675,98,2
13,8740,627.996954986989,82,69
14,7463,557.044488113926,83,69
61,3457,1519.42326101664,82,21
24,4707,519.240489678367,47,23
30,1947,272.789731864545,54,24
87,1510,1199.38566239194,88,1
41,6725,1453.9994346284,78,37
15,6012,466.242211990422,68,53
27,7187,893.406428565024,70,43
26,7099,847.964218869369,73,47
24,5592,616.866967979908,85,61
26,8436,1007.66673480518,78,52
22,6530,665.492520419976,68,46
7,2646,152.70217525373,76,69
10,4285,275.235300429645,58,48
27,6915,859.594469671232,56,29
28,8668,1121.34574992889,69,41
69,2681,1483.33756960644,92,23
85,7238,5582.24292123505,88,3
23,6522,691.49726688147,69,46
32,3680,558.369273136608,77,45
77,6723,4490.62500084195,82,5
68,2847,1533.83375388209,84,16
92,6205,5266.79073291398,92,0
79,6455,4487.97710632424,84,5
70,5517,3132.64174679986,74,4
36,3698,657.565988812181,57,21
2,1120,55.5305997561322,62,60
70,1581,897.717346690334,91,21
71,5476,3188.9447430214,88,17
45,5672,1428.84610588321,88,43
48,1419,399.759767259145,77,29
54,2655,926.843540630318,82,28
6,8810,491.571775560664,66,60
37,7433,1374.83200747446,56,19
56,2744,1025.53760662374,87,31
4,4943,258.943106231364,39,35
12,4254,294.342101091191,62,50
99,3585,3414.28571428571,99,0
60,6467,2754.52917925122,68,8
88,8771,7064.42149021483,88,0
94,4676,4079.51649932227,96,2
29,1157,155.768712427157,69,40
85,3550,2737.90582624819,85,0
42,6702,1505.99389307419,72,30
1,7638,369.929567292029,17,16
68,5623,3029.41594593572,89,21
61,1987,873.327746496979,88,27
13,9154,657.744179170583,84,71
23,4153,440.323236638875,87,64
70,6274,3562.47857883312,77,7
83,4288,3203.28416564739,90,7
71,3614,2104.61035450682,85,14
8,6798,406.243383910495,82,74
16,2993,241.214469108023,83,67
18,2227,193.95315201796,61,43
3,3583,182.381953618094,70,67
93,8074,6944.88497358468,94,1
58,1454,580.708018154034,66,8
6,1871,104.396230655392,70,64
36,5906,1050.18516222951,91,55
74,4378,2739.07451770198,81,7
7,8879,512.412174632603,61,54
30,8872,1243.0356965086,88,58
16,2322,187.136651275921,77,61
95,4008,3552.90910316349,99,4
4,7135,373.772822771754,90,86
64,9556,4599.45328156237,85,21
18,4085,355.769477320775,60,42
6,4163,232.28300813383,59,53
85,7525,5803.58911056836,91,6
29,3582,482.250240202312,41,12
96,4485,4052.65159469256,98,2
44,7356,1784.26855722802,62,18
0,8165,527.721693853478,78,78
9,8097,501.456424302396,78,69
64,2945,1417.47487591055,87,23
73,9736,5951.52135992142,89,16
4,3593,188.222249785412,51,47
58,6741,2692.2646151144,63,5
52,5836,1899.69572613945,69,17
26,2604,311.043643602738,65,39
66,4446,2266.84359206412,74,8
50,3212,973.379759257415,80,30
28,5314,687.45169763753,75,47
33,1642,259.248312815593,63,30
53,1029,346.946949639894,81,28
18,1149,100.068330340654,65,47
87,6737,5351.16636260565,89,2
98,2939,2755.72870545202,98,0
87,9137,7257.47470018225,92,5
1,7038,340.869899790692,82,81
45,3146,792.515840816042,73,28
57,1695,655.020764064764,65,8
90,5840,4830.4638874101,92,2
14,6136,457.996111358308,87,73
35,7607,1300.21166781775,64,29
70,1111,630.843752165061,85,15
93,5238,4505.4876754566,98,5
77,2953,1972.45509854028,78,1
63,4763,2225.40876196497,63,0
9,4741,293.615525209048,62,53
36,9199,1635.73540591759,75,39
19,6212,562.584060621024,43,24
75,7065,4520.82754094543,77,2
94,3057,2667.04061985205,94,0
82,6702,4922.59079353015,84,2
76,4004,2618.61789083296,80,4
85,6719,5181.96880184834,96,11
31,1795,261.722129519287,84,53
29,1663,223.892280696942,76,47
14,4962,370.36778105605,28,14
1,5580,270.254907762441,65,64
92,5660,4804.19589819389,92,0
86,4500,3523.0840487509,91,5
36,7206,1281.34681324515,77,41
84,3350,2543.60305229079,89,5
55,4244,1533.29466177922,67,12
42,3702,831.869500471597,44,2
48,9004,2536.60108837304,72,24
91,8569,7179.87362786902,98,7
90,8335,6894.16378451425,91,1
96,3866,3493.32242253766,96,0
91,7567,6340.3085239917,94,3
7,6071,350.360886608237,78,71
64,8227,3959.7846533501,87,23
35,1336,228.35319944847,82,47
60,5132,2185.90439893571,79,19
63,8704,4066.75579763659,89,26
94,5445,4750.42073113981,97,3
83,5558,4152.01804866329,89,6
77,1650,1102.11680074211,79,2
45,2055,517.67960994182,84,39
7,7206,415.862386575351,86,79
28,6098,788.874755775999,42,14
74,3233,2022.71080761318,96,22
49,3679,1075.14448765206,72,23
78,6081,4145.51028290881,87,9
43,1634,381.523768594828,77,34
64,3313,1594.59907093095,65,1
31,4778,696.662024982259,48,17
51,8835,2775.39752340909,72,21
40,3915,814.271805499861,78,38
9,1795,111.166392691466,85,76
66,4003,2040.97501102849,92,26
92,4431,3761.02332595356,96,4
87,3744,2973.8410066195,97,10
19,6101,552.531447818556,84,65
74,1065,666.312097156832,88,14
79,1715,1192.39050927127,80,1
22,5971,608.523099452937,60,38
26,7368,880.095839502678,72,46
46,1715,448.565228447102,67,21
40,1987,413.271539598524,43,3
99,5734,5460.95238095238,99,0
27,5075,630.866512448518,85,58
21,4168,408.325168094366,49,28
93,4179,3594.58438253782,94,1
58,6962,2780.52903878156,89,31
82,5041,3702.59328412197,85,3
28,4736,612.678065489526,70,42
65,7615,3773.49418559804,90,25
90,5287,4373.05865971528,94,4
63,1481,691.965227056502,85,22
16,1930,155.544245031235,66,50
59,9768,4029.81958643175,63,4
71,9339,5438.56007214697,87,16
67,3692,1935.62240654055,94,27
48,2962,834.45273475799,80,32
7,2130,122.923519762073,80,73
65,2313,1146.1709850674,75,10
59,5588,2305.34724088663,78,19
95,5269,4670.72806002206,97,2
64,2119,1019.90806860932,79,15
72,3412,2036.44695337029,76,4
74,3940,2465.04193689945,75,1
51,5809,1824.81994493304,90,39
55,5919,2138.44747951724,79,24
48,6382,1797.93293491745,89,41
30,6792,951.611637814069,91,61
0,1031,66.6357705282224,71,71
76,4695,3070.53221714803,83,7
58,4542,1814.0136302996,89,31
22,2231,227.368118385447,57,35
33,2137,337.401732330647,73,40
36,1381,245.56480004046,84,48
17,9508,796.489323493789,74,57
99,1161,1105.71428571429,99,0
80,5625,3985.8726941124,81,1
49,7901,2308.97434002146,71,22
95,4172,3698.2876193608,97,2
1,2282,110.523602063421,86,85
98,4383,4109.68319700449,98,0
23,8643,916.377012826824,80,57
83,2814,2102.1552337061,83,0
20,2809,264.569666140484,68,48
26,2321,277.239745315651,60,34
25,7324,840.674163788105,72,47
91,1719,1440.33175006498,93,2
74,4640,2902.99355005418,84,10
78,6069,4137.32970020943,92,14
25,7737,888.079738562066,67,42
72,1996,1191.30953075238,73,1
91,6215,5207.48215628497,93,2
13,5705,409.922497505809,90,77
17,6215,520.633271509666,91,74
20,8837,832.32543242558,82,62
18,7005,610.07715755986,84,66
51,4547,1428.37946111388,73,22
61,4330,1903.12488290484,66,5
60,3661,1559.35230017608,88,28
90,6716,5555.03347052162,97,7
88,9613,7742.59306640465,88,0
59,8761,3614.37852136861,66,7
80,1656,1173.44092114669,96,16
97,5926,5459.04213410117,98,1
34,8722,1432.88570381847,85,51
93,4715,4055.62703126725,96,3
87,1619,1285.96383272355,89,2
76,3624,2370.09771138327,80,4
63,9580,4476.04785631417,83,20
46,9627,2517.98102289227,81,35
40,3045,633.322515388781,74,34
91,2717,2276.54529664139,92,1
90,9747,8062.07731345655,91,1
40,4518,939.68838243892,84,44
57,2994,1157.01012838342,71,14
81,5540,3998.11012807417,84,3
73,8247,5041.31025629334,86,13
50,8411,2548.90945053366,89,39
56,6869,2567.20766031285,83,27
99,1944,1851.42857142857,99,0
86,4161,3257.678383745,97,11
16,3760,303.029202755151,62,46
25,5580,640.491785081598,81,56
46,5759,1506.28988374744,84,38
20,6084,573.030206051514,68,48
22,2295,233.890556564142,65,43
55,2559,924.528991397977,70,15
45,8724,2197.68219811797,79,34
61,3230,1419.65204891054,86,25
44,3028,734.470526276026,85,41
85,5917,4563.4334574396,96,11
7,7825,451.585231050808,56,49
70,5895,3347.2762547372,77,7
79,5777,4016.58307408755,87,8
83,2569,1919.13176808492,91,8
98,2200,2062.81155222676,98,0
5,5726,309.326025101427,61,56
94,3765,3284.7261804851,94,0
78,8547,5826.62002763058,85,7
29,8714,1173.17939506503,78,49
11,2053,136.833524810137,71,60
93,3685,3169.66821001481,95,2
44,2756,668.494309913054,72,28
43,5865,1369.42282913627,90,47
1,2030,98.3185417128593,68,67
41,7660,1656.15400286298,92,51
32,9496,1440.83549394164,42,10
62,5021,2275.97244802396,86,24
39,7688,1537.94337130412,76,37
9,6653,412.027861045306,79,70
22,2833,288.719802503797,56,34
32,9781,1484.07876645358,91,59
45,9435,2376.79178579128,72,27
43,2281,532.592237554959,71,28
95,5834,5171.57477740913,96,1
73,7064,4318.1539530079,82,9
32,1222,185.415014068732,74,42
14,1535,114.57366866607,67,53
13,8079,580.501990771154,84,71
79,6593,4583.92456421312,84,5
36,2356,418.93603830219,65,29
23,2349,249.05352344443,76,53
79,6407,4454.60407749332,94,15
71,7816,4551.64209486034,83,12
90,1824,1508.69283058836,92,2
89,6055,4943.01195405017,98,9
78,7631,5202.16888157821,82,4
22,9632,981.6269458936,80,58
80,1981,1403.73578791763,88,8
62,4389,1989.49274534498,66,4
31,3266,476.203050144843,43,12
67,9524,4993.19279520373,67,0
54,9814,3426.00471101542,54,0
43,4470,1043.70333269209,75,32
67,3486,1827.62180639229,80,13
97,3504,3227.89126525321,98,1
43,1723,402.304438977288,58,15
8,2016,120.474648714851,69,61
39,1711,342.276418873744,49,10
23,4060,430.46288002741,85,62
9,6071,375.983938735315,67,58
84,3936,2988.54376531837,94,10
6,5981,333.721996552592,79,73
22,8923,909.370560445245,55,33
78,1347,918.27040800496,80,2
50,3487,1056.71706741302,83,33
36,5684,1010.70986490223,74,38
44,2379,577.049333557023,65,21
88,5400,4349.31889717935,97,9
52,6082,1979.77200246404,90,38
9,5455,337.834357733676,84,75
27,1135,141.090343178141,81,54
66,8983,4580.08456759154,78,12
91,3706,3105.21783929077,96,5
17,1283,107.477471817683,72,55
45,4654,1172.39946699233,63,18
63,7601,3551.40289726973,70,7
76,8555,5594.974039979,80,4
85,2214,1707.52774628549,93,8
1,3476,168.352340391083,70,69
8,6080,363.3362421559,86,78
18,9966,867.95559632285,84,66
6,4357,243.107630660365,75,69
36,1212,215.513785408427,91,55
17,2490,208.588390355441,82,65
4,2786,145.946893376609,78,74
49,6917,2021.41191114143,86,37
73,4282,2617.54462440258,85,12
48,9790,2758.03250279565,71,23
24,8084,891.765480892271,86,62
70,4680,2657.37962208145,94,24
54,6690,2335.43626622103,87,33
24,6226,686.805032661465,91,67
84,3557,2700.77494238756,86,2
50,2374,719.428252950531,74,24
57,2094,809.211492596823,88,31
71,7583,4415.9547089721,80,9
80,7164,5076.40746322155,93,13
75,1911,1222.83105884596,83,8
30,5040,706.142911452136,53,23
8,3226,192.783341643904,88,80
49,3070,897.171399046433,75,26
10,2893,185.823972962185,80,70
25,6724,771.804079370729,79,54
8,8412,502.694813982801,65,57
41,6332,1369.02965354156,84,43
23,9846,1043.92549673642,72,49
51,3410,1071.20606166667,57,6
51,5448,1711.41660526686,77,26
23,2234,236.860609354984,29,6
71,1621,943.988208261081,84,13
8,1220,72.9062854325984,69,61
85,2402,1852.52106891498,85,0
45,1982,499.290017958485,87,42
99,8738,8321.90476190476,99,0
52,6818,2219.34980480103,80,28
8,6374,380.905461760149,86,78
18,7138,621.660349844722,84,66
26,5360,640.243444589353,51,25
26,5224,623.998461666936,42,16
60,3734,1590.4456402233,93,33
15,5876,455.695149310665,79,64
27,2666,331.406920628128,68,41
46,6602,1726.77996396954,75,29
20,2282,214.933420481518,90,70
24,2489,274.567575697781,84,60
98,3180,2981.70033458231,98,0
25,3113,357.320954652153,84,59
78,6335,4318.6659500456,89,11
81,8628,6226.65960018483,96,15
12,8744,605.01347718415,85,73
5,7761,419.259392387736,80,75
82,4453,3270.70975881673,85,3
0,2218,143.354160069444,88,88
58,2198,877.851598282371,71,13
41,8715,1884.25354242178,65,24
87,7939,6305.90912167526,87,0
26,2788,333.022149909537,63,37
54,4625,1614.55795684189,77,23
65,9773,4842.85734416936,83,18
0,1251,80.8548486234784,77,77
62,2652,1202.12685364659,80,18
89,3919,3199.28387248928,97,8
2,8861,439.336289677757,82,80
58,9103,3635.61560471539,92,34
17,8551,716.321014429469,78,61
52,6505,2117.46413614413,86,34
96,1263,1141.24837549536,98,2
16,2041,164.490053942357,83,67
73,8716,5328.00535877928,75,2
60,9802,4175.02628962741,74,14
53,1058,356.724852010698,90,37
33,7178,1133.30352581628,72,39
82,1406,1032.70108261763,93,11
26,5769,689.097841760443,75,49
30,3224,451.707290976525,80,50
65,2251,1115.44785446897,69,4
46,4665,1220.14973218993,57,11
22,4704,479.399206134084,84,62
71,5186,3020.06344728067,84,13
43,5408,1262.71758908252,57,14
81,3446,2486.91110132556,90,9
49,2003,585.35319618567,50,1
16,4898,394.743892312428,88,72
17,1895,158.744979808659,75,58
89,7885,6436.93629358969,92,3
89,9948,8121.07067198862,91,2
29,4556,613.381377543756,83,54
97,8100,7461.73494536272,97,0
38,6130,1179.2283168863,89,51
80,4112,2913.76151434492,81,1
79,6893,4792.50599440635,95,16
59,9475,3908.94150096651,86,27
92,6757,5735.32715266716,95,3
25,2233,256.311497506668,71,46
76,6860,4486.44323953898,82,6
63,4440,2074.49399603705,74,11
36,3128,556.210495674554,61,25
75,2755,1762.89877923633,82,7
36,5607,997.017982495916,78,42
53,4573,1541.87405316155,82,29
69,9707,5370.66683631843,92,23
23,8377,888.174272411235,79,56
25,1713,196.624091011609,70,45
78,9277,6324.27214184262,85,7
85,9874,7615.23440235906,85,0
16,9887,796.821736074516,64,48
3,4191,213.330384486027,64,61
57,3247,1254.78018933232,76,19
3,6730,342.570624574316,70,67
44,2883,699.299381523707,67,23
53,1678,565.769661317534,67,14
58,3646,1456.16329724182,68,10
98,6300,5907.14217228571,98,0
89,2681,2188.63997503031,93,4
46,5866,1534.27616913743,86,40
66,4338,2211.77856553624,89,23
42,2166,486.71781145907,87,45
21,4402,431.249373788724,83,62
88,3350,2698.188575102,88,0
31,6815,993.669254971556,91,60
25,7058,810.141759696402,33,8
86,2208,1728.65990658711,87,1
9,9717,601.78486784567,71,62
89,4702,3838.48756530865,95,6
9,3829,237.134327362465,73,64
92,2026,1719.66446815209,98,6
99,4512,4297.14285714286,99,0
40,3768,783.697615101782,91,51
37,5479,1013.41377222555,67,30
9,5357,331.765106210688,86,77
98,4257,3991.54035355878,99,1
57,7359,2843.83351194843,73,16
98,1715,1608.05536912222,98,0
20,1866,175.751867930987,78,58
37,6733,1245.35771644363,58,21
73,2055,1256.20135524225,80,7
2,5372,266.348555258877,87,85
98,2102,1970.9226739912,98,0
83,9831,7344.09669600734,93,10
85,3391,2615.27849487539,87,2
66,6571,3350.2989751357,76,10
4,2375,124.416321525286,64,60
86,8645,6768.23591143368,95,9
21,6361,623.166121460716,53,32
37,4527,837.328736423633,41,4
83,4378,3270.51727546741,88,5
42,2044,459.303419493232,70,28
6,2489,138.878791074971,47,41
34,6319,1038.11107113379,44,10
12,4399,304.374918359227,58,46
44,2049,497.004659293123,62,18
60,4816,2051.30857078613,82,22
10,2431,156.148661690657,77,67
48,9211,2594.9169952248,88,40
44,8666,2102.02165809381,88,44
17,9231,773.28491219722,86,69
68,1658,893.254781853356,89,21
26,5647,674.525136491805,28,2
12,4163,288.045643357459,83,71
66,7705,3928.48175367837,74,8
57,7954,3073.76705449624,60,3
91,5268,4414.00096529513,97,6
94,2779,2424.50306920799,95,1
93,5189,4463.34011988245,94,1
4,5660,296.503738877103,73,69
57,7301,2821.41982208663,79,22
89,1019,831.8627879731,91,2
99,6365,6061.90476190476,99,0
19,2286,207.029485283268,86,67
28,6399,827.813965597019,74,46
52,2179,709.293520777565,86,34
87,4310,3423.41205623131,90,3
90,1567,1296.11933417322,95,5
52,2398,780.580937505553,73,21
76,6740,4407.96318287066,91,15
13,4177,300.130810180853,72,59
7,7139,411.995778207248,88,81
1,1172,56.7632171859464,84,83
66,7453,3799.99669178,86,20
11,1281,85.3793206438311,87,76
41,9100,1967.49365875366,77,36
91,4240,3552.65073896191,95,4
71,2835,1650.96025318949,83,12
19,9328,844.781731724552,86,67
5,8679,468.850955615663,68,63
5,1592,86.0019266436381,87,82
13,7702,553.41333493247,61,48
84,7710,5854.08344273492,89,5
93,1026,882.51820447088,93,0
71,2230,1298.6389293166,77,6
24,7008,773.069333262374,79,55
62,9942,4506.61582916834,92,30
42,4645,1043.76926787968,84,42
44,5401,1310.06450211916,76,32
25,6486,744.485612551836,56,31
82,6298,4625.85449383063,96,14
80,4546,3221.29373643288,97,17
20,8571,807.271843535096,70,50
17,3476,291.18604211868,73,56
24,7191,793.256503351846,86,62
46,5940,1553.63117024827,78,32
64,7136,3434.66917300429,92,28
7,7802,450.257887879668,86,79
74,2603,1628.55435577393,78,4
63,8693,4061.61628548425,66,3
78,3455,2355.32610219535,78,0
81,1212,874.676800582291,84,3
87,2201,1748.24360458587,87,0
67,6138,3217.99846461156,86,19
46,5059,1323.20203540168,89,43
53,1977,666.583206450993,81,28
74,2812,1759.3141945587,89,15
17,1311,109.823044078708,36,19
58,3626,1448.17556659321,88,30
61,6516,2863.91726027897,69,8
19,5001,452.910960586887,85,66
21,7462,731.027448253398,63,42
63,1783,833.06819705722,77,14
27,2694,334.88756345543,67,40
51,1378,432.880338116324,88,37
57,2048,791.435117878841,81,24
76,6176,4039.10691652955,89,13
3,6357,323.584169453035,67,64
0,1552,100.309132744715,84,84
77,1715,1145.53352319559,96,19
95,2102,1863.32707955331,95,0
34,9015,1481.02093784952,83,49
2,6226,308.690637572928,75,73
32,9220,1398.95779845639,83,51
5,1584,85.5697561579917,71,66
85,7798,6014.13792481223,86,1
61,6186,2718.87541008068,71,10
97,4453,4102.11181625928,97,0
9,6332,392.147965750621,46,37
58,1649,658.588391977993,71,13
31,7575,1104.48196719142,61,30
9,5699,352.945555403156,63,54
96,8133,7348.98894529199,97,1
93,5052,4345.49899511392,97,4
68,1525,821.600447723985,77,9
68,8813,4748.04245625671,71,3
72,1572,938.245782736841,93,21
90,9650,7981.84529340882,93,3
31,2334,340.311671475218,84,53
6,7627,425.563896958137,87,81
63,1005,469.564519373251,77,14
9,2625,162.569237222896,74,65
90,8116,6713.02138873637,91,1
40,9166,1906.41516454961,83,43
82,5000,3672.47895667722,90,8
98,1807,1694.31839766989,98,0
67,2069,1084.72447430455,69,2
56,8602,3214.89595195969,78,22
57,7078,2735.24304899728,80,23
46,6040,1579.78657715481,57,11
38,8777,1688.43180054015,73,35
93,4906,4219.91648258688,94,1
77,6794,4538.04942075267,79,2
78,4418,3011.81786382028,87,9
18,4403,383.464628798867,64,46
99,3823,3640.95238095238,99,0
30,4704,659.066717355327,58,28
35,3824,653.609756505201,75,40
24,2285,252.063845106239,83,59
48,8553,2409.54565846897,66,18
3,8987,457.456493766624,80,77
80,3573,2531.8263353002,86,6
19,4373,396.036718785534,78,59
34,3077,505.502099363614,73,39
74,8182,5119.02871261709,80,6
35,3813,651.729602916928,88,53
15,7284,564.888268818734,70,55
39,3152,630.540778661626,73,34
35,5075,867.434496407923,76,41
37,6166,1140.48354070866,91,54
97,8945,8240.15050447772,97,0
43,1582,369.382253315189,89,46
93,2878,2475.5237743345,97,4
61,5342,2347.9198901796,72,11
4,5288,277.016213989774,73,69
71,3976,2315.42079953489,92,21
51,2845,893.718840305473,81,30
83,2541,1898.21480058536,84,1
65,2114,1047.55964653372,81,16
16,5437,438.183450898872,73,57
38,3089,594.231039292299,79,41
5,8912,481.437921010115,75,70
23,4839,513.05661981592,75,52
96,8315,7513.44437232299,96,0
21,1964,192.406581127,83,62
19,2439,220.8857894164,56,37
24,9503,1048.29878338932,71,47
41,5747,1242.54791833597,49,8
77,2309,1542.29557146275,82,5
55,3210,1159.72569847109,81,26
9,2484,153.836946766352,87,78
63,4295,2006.74588130161,88,25
55,9111,3291.67004323055,66,11
85,6821,5260.63539178562,86,1
90,5650,4673.30838422382,96,6
65,9121,4519.7689385213,81,16
46,7880,2061.04606423508,80,34
14,3460,258.257259664235,68,54
62,3973,1800.92382712591,69,7
36,2826,502.509865977075,76,40
42,1647,370.094291538822,79,37
92,9034,7668.03988414905,95,3
90,3810,3151.38140599871,94,4
44,6634,1609.14051232337,48,4
37,7112,1315.45879687318,92,55
89,2038,1663.7255759462,91,2
7,6587,380.139542099894,81,74
83,4868,3636.56420670977,88,5
52,6427,2092.0740973095,90,38
76,4008,2621.2338927219,88,12
5,9272,500.885592864204,82,77
10,4933,316.857814940359,41,31
46,4354,1138.8064167106,68,22
13,2079,149.382799704571,70,57
10,6582,422.77683720605,66,56
93,7389,6355.67934974204,93,0
3,2895,147.361360793855,85,82
59,9143,3771.97384098541,85,26
1,2463,119.289935092991,64,63
51,1981,622.304753126588,73,22
89,4313,3520.92659914424,96,7
15,9054,702.155187518509,37,22
56,5176,1934.46889645935,73,17
82,2584,1897.93712481079,86,4
46,9379,2453.11561376406,56,10
99,4634,4413.33333333333,99,0
10,3794,243.697253169212,83,73
66,5133,2617.1183441442,79,13
41,5901,1275.84396486872,65,24
65,7263,3599.06608929725,94,29
73,2761,1687.77223446416,89,16
37,4006,740.962871242119,74,37
40,6061,1260.61338777386,63,23
54,3568,1245.56600865121,70,16
86,7272,5693.30382278146,86,0
80,6688,4739.11405835089,82,2
2,6682,331.299524616496,68,66
91,5746,4814.51206275357,93,2
83,8524,6367.72253450987,85,2
55,1626,587.449839786288,66,11
35,3937,672.924061548373,85,50
93,4336,3729.62859121417,96,3
33,5920,934.683320260847,85,52
49,6772,1979.03736623532,56,7
57,4255,1644.31466141331,83,26
42,8221,1847.32554386197,72,30
13,3804,273.329567136214,84,71
74,6443,4031.03177650842,75,1
64,2826,1360.19830197732,83,19
63,8167,3815.85415892671,77,14
41,3668,793.051290143785,78,37
16,6544,527.39976139088,63,47
76,1937,1266.79891472114,88,12
18,8928,777.554441498134,80,62
32,4042,613.295815765807,82,50
76,5420,3544.68255951914,79,3
7,7939,458.164236333848,85,78
35,7966,1361.57304401685,74,39
1,5833,282.508400892172,52,51
45,7514,1892.86841318873,65,20
69,8748,4840.07350202057,71,2
60,3261,1388.97783416394,70,10
17,3378,282.976539205093,82,65
66,5214,2658.41711404011,72,6
80,1764,1249.96967687365,94,14
24,2030,223.934181866812,70,46
51,5000,1570.68337487781,59,8
8,9647,576.497488170719,26,18
19,4216,381.818158335196,79,60
87,5408,4295.54812067261,89,2
68,6369,3431.32672233053,73,5
47,6856,1861.34856963194,63,16
33,3865,610.228215001381,78,45
2,8984,445.434739472404,76,74
42,6697,1504.87035241985,45,3
46,8313,2174.29897614038,71,25
85,2042,1574.87428090107,85,0
4,4756,249.14695796811,50,46
24,1088,120.019896488223,88,64
24,4132,455.81085688358,71,47
61,7641,3358.37811322769,76,15
3,8832,449.566679976279,76,73
83,4043,3020.26070002621,88,5
81,7055,5091.45612880203,90,9
25,8326,955.687204765123,63,38
11,8304,553.465947405443,62,51
76,9160,5990.64432568179,82,6
96,7102,6417.37605919878,99,3
70,9784,5555.5132953942,71,1
53,3915,1320.01682005849,70,17
2,7269,360.403508595826,64,62
66,7256,3699.5540045023,76,10
86,1596,1249.52047595699,86,0
99,9209,8770.47619047619,99,0
76,6427,4203.26103506079,95,19
62,8193,3713.8104494444,80,18
68,7236,3898.42678015132,92,24
44,1913,464.016551111637,56,12
66,3105,1583.11951267636,92,26
83,5459,4078.06162786126,90,7
41,8219,1777.01432761499,77,36
46,3449,902.099984206446,66,20
24,3977,438.712434130203,78,54
47,9900,2687.76995906596,81,34
85,7763,5987.14448708866,89,4
28,5903,763.648357386967,80,52
35,3845,657.199140628269,92,57
49,5302,1549.44715235967,72,23
14,1269,94.7192088190503,53,39
20,2890,272.198766516909,72,52
39,8768,1753.99160764757,90,51
76,9500,6213.00448624203,82,6
68,6312,3400.61772198937,79,11
28,4144,536.093307303336,46,18
26,1315,157.074651051306,87,61
62,4014,1819.50874454654,90,28
50,2975,901.558151865134,84,34
22,1321,134.627200532127,69,47
87,5618,4462.35010021056,89,2
64,3970,1910.82351693204,79,15
16,2330,187.781394260506,80,64
32,6431,975.780650962372,86,54
42,2530,568.511571094851,57,15
33,7259,1146.09226719147,78,45
58,9282,3707.10579402046,78,20
71,8785,5115.93856235262,74,3
90,5042,4170.41077402769,98,8
50,6279,1902.81802876006,63,13
36,2489,442.585653367636,80,44
93,9601,8258.34042994631,93,0
99,1881,1791.42857142857,99,0
69,9671,5350.74883836773,83,14
50,3795,1150.05485254729,91,41
26,8060,962.754134960855,84,58
37,8674,1604.37142914482,92,55
20,5169,486.849627725226,90,70
59,7520,3102.40000921036,91,32
74,2491,1558.48209766917,74,0
12,9708,671.714414055779,70,58
99,3900,3714.28571428571,99,0
96,6143,5550.82246292004,99,3
27,3731,463.795656738014,55,28
5,1526,82.4365201370552,79,74
7,3913,225.821470811733,61,54
49,1768,516.677209613711,65,16
27,3061,380.508846227569,71,44
68,6455,3477.65960003825,86,18
36,7498,1333.26927639636,77,41
81,7231,5218.47190182389,90,9
32,7730,1172.87893514836,88,56
75,6191,3961.56310063598,81,6
97,2525,2326.03465889394,97,0
27,7382,917.646619683736,75,48
11,3043,202.817543106306,54,43
78,3217,2193.07787865773,86,8
15,1381,107.099217358412,81,66
12,1782,123.299864631994,68,56
92,1048,889.540159241555,96,4
45,9107,2294.16457797574,63,18
48,3987,1123.21507544906,75,27
79,9755,6782.37283844972,87,8
48,6773,1908.08520341522,58,10
98,5096,4778.22166824889,99,1
68,2533,1364.66487480974,74,6
46,9796,2562.18366056432,78,32
42,5034,1131.18073078715,92,50
94,1697,1480.52598360776,94,0
38,2757,530.364187545765,88,50
1,7350,355.980926891387,52,51
27,8040,999.441726125337,89,62
6,2823,157.514996868077,80,74
90,1772,1465.68185076896,92,2
14,1322,98.6751726231556,90,76
8,8846,528.630328636693,80,72
64,6116,2943.72711071949,78,14
50,4354,1319.45687167086,67,17
37,1559,288.357742452937,91,54
42,9042,2031.81091930421,77,35
90,7379,6103.42346321903,90,0
3,2928,149.041127600832,62,59
81,9156,6607.70691925038,90,9
40,1712,356.074924908241,72,32
55,1857,670.906735844488,72,17
98,9950,9329.53406575283,98,0
91,7471,6259.87114876992,97,6
61,1396,613.570978414586,70,9
8,4144,247.642333469416,71,63
43,5730,1337.9015875449,86,43
85,6340,4889.66843335593,85,0
95,7462,6614.72248697753,99,4
97,4339,3997.09480591714,98,1
13,7277,522.875725565254,88,75
14,5546,413.958023727701,65,51
80,5244,3715.89625029785,90,10
60,7128,3036.07298433628,77,17
62,1096,496.806573000251,69,7
29,7231,973.520794780268,85,56
90,2205,1823.83097118823,92,2
5,4056,219.110436222736,71,66
64,6995,3366.80365262963,80,16
35,7701,1316.27843484481,77,42
24,4455,491.441763653521,49,25
7,6951,401.146190547497,78,71
48,2165,609.922407410888,84,36
61,6493,2853.80828284091,91,30
51,7121,2236.96726250098,87,36
19,4702,425.832300875733,88,69
67,4679,2453.08159268776,89,22
37,3515,650.145904247641,65,28
95,4750,4210.6582435196,98,3
39,5144,1029.02974791732,74,35
15,9238,716.424742908768,80,65
4,4109,215.253332693642,84,80
59,3502,1444.76128088493,80,21
68,1873,1009.08697612264,74,6
67,8487,4449.51987115645,74,7
89,4280,3493.98697990664,94,5
91,8037,6734.11650684832,98,7
47,3805,1033.02673679252,91,44
9,2583,159.96812942733,84,75
60,4046,1723.33772371276,83,23
80,2789,1976.28425668969,81,1
84,3084,2341.63337709397,92,8
99,7521,7162.85714285714,99,0
24,6435,709.860325277309,65,41
44,4048,981.881337637171,56,12
41,5615,1214.00844987932,79,38
20,2131,200.71127039707,69,49
36,4124,733.31588368346,65,29
37,4076,753.910300345202,71,34
75,9750,6238.93397370389,82,7
11,1836,122.370361203805,85,74
20,6564,618.239689763665,89,69
73,4819,2945.807460298,89,16
87,9629,7648.26790938545,89,2
83,6303,4708.55879106238,85,2
48,9194,2590.12776615968,84,36
21,2535,248.345561688872,66,45
50,6533,1979.79139702014,80,30
31,8407,1225.79272583212,86,55
3,7085,360.640843255428,25,22
13,6775,486.805419912683,57,44
71,4042,2353.8558530483,87,16
93,1840,1582.68371951893,97,4
29,5821,783.690298218219,88,59
54,8959,3127.52967250735,84,30
11,1977,131.768085021744,88,77
5,2895,156.391694493299,67,62
52,8508,2769.46731288459,88,36
29,8906,1199.02865417136,80,51
25,1086,124.654852795451,87,62
74,3079,1926.36145271914,85,11
26,3698,441.720197405117,47,21
69,4816,2664.58550362724,69,0
18,1069,93.1009966354733,75,57
53,3785,1276.18484391351,80,27
68,5467,2945.37026079149,76,8
95,6478,5742.45138979368,95,0
87,4670,3709.3583068678,89,2
3,3114,158.508904149245,83,80
13,3468,249.186892436485,69,56
54,9282,3240.28690927707,64,10
15,7803,605.137721251041,67,52
83,9298,6945.92727896208,90,7
65,9920,4915.70089574952,83,18
42,3870,869.620466457342,89,47
39,1790,358.079947272941,53,14
11,1607,107.107391315095,62,51
4,6515,341.293614626206,64,60
84,1886,1432.01055421505,86,2
79,9844,6844.25199607371,89,10
70,2880,1635.3105366655,71,1
27,8985,1116.91342154678,78,51
45,2176,548.160988434745,67,22
11,5580,371.909921305681,69,58
6,2320,129.449094131753,76,70
89,3954,3227.8561959231,90,1
82,6019,4420.93016804804,89,7
86,1472,1152.43993772474,91,5
91,1831,1534.17535449039,94,3
13,6042,434.137025404049,75,62
18,9411,819.619718743161,64,46
1,9906,479.775110447086,65,64
60,8059,3432.61955397952,83,23
7,9381,541.382882107045,74,67
42,9655,2169.557003526,87,45
24,4145,457.244918146767,73,49
96,4339,3920.72581256878,96,0
7,5460,315.099726714046,68,61
4,5361,280.840378819814,88,84
17,1365,114.346647724971,73,56
89,4450,3632.76683658518,90,1
86,6399,5009.82551732378,91,5
12,6689,462.824239350959,43,31
86,1864,1459.33970374926,86,0
4,4935,258.524019674647,80,76
88,3955,3185.47337747117,90,2
19,8223,744.708424096375,71,52
80,2382,1687.88422353346,95,15
32,4845,735.135632702953,91,59
57,8979,3469.87105636431,79,22
13,5040,362.14012049593,59,46
96,5229,4724.93092277533,97,1
28,2608,337.386907685111,50,22
34,4739,778.542232331545,72,38
5,9816,530.273185888161,88,83
25,8563,982.890888109987,72,47
98,4463,4184.69452617637,98,0
95,8174,7245.87799632195,96,1
82,4169,3062.11295407747,82,0
34,2164,355.510738713962,86,52
62,5749,2605.96805490734,77,15
16,3012,242.745733696414,84,68
33,3997,631.069126872062,45,12
98,6511,6104.98455297655,98,0
58,9017,3601.26836292636,85,27
93,1432,1231.74080779951,98,5
41,8850,1913.44163516153,84,43
61,8226,3615.49775676102,78,17
7,5978,344.99380335102,78,71
93,4364,3753.71290868511,95,2
10,2074,133.217739344477,89,79
46,1087,284.309273074052,63,17
53,9281,3129.26592770443,75,22
20,4748,447.197143052693,88,68
37,5166,955.520267807486,74,37
58,1759,702.520910545355,72,14
75,4930,3154.66097337027,79,4
72,6923,4131.98190450837,72,0
46,5288,1383.09791721765,47,1
47,1470,399.093115134036,89,42
53,2437,821.680968194774,67,14
30,9153,1282.40596597647,59,29
40,6242,1298.25915962455,78,38
45,7570,1906.97549744992,71,26
70,7104,4033.76599044158,77,7
82,6714,4931.40474302617,86,4
82,5771,4238.77521179685,88,6
11,9080,605.186753665875,84,73
12,2544,176.024049171601,88,76
1,3594,174.067408333013,79,78
30,5081,711.887327993711,49,19
81,5389,3889.13636826565,83,2
58,4063,1622.70748126536,67,9
36,3473,617.557241521012,82,46
79,9689,6736.48492380721,83,4
12,6058,419.164186274198,44,32
25,6362,730.252461772245,27,2
39,4031,806.380037685601,66,27
2,3304,163.81526928059,70,68
76,8381,5481.17795780994,78,2
74,1771,1108.01758128145,86,12
60,8433,3591.91967970087,73,13
48,4630,1304.36062185331,65,17
82,8629,6337.96418343355,87,5
7,3721,214.741040861349,84,77
22,2090,212.998371773009,54,32
30,2422,339.340899114499,58,28
9,3570,221.094162623139,85,76
75,6113,3911.65162884635,80,5
47,6144,1668.04632611124,75,28
25,5701,654.380585439103,85,60
95,6531,5789.43347124769,97,2
11,3015,200.951328447424,76,65
76,5586,3653.24663791031,88,12
1,7286,352.881229024578,75,74
42,7596,1706.88296206976,51,9
43,9469,2210.92323428667,71,28
42,5342,1200.39083509435,60,18
52,2283,743.146905890399,76,24
84,2623,1991.60322571903,88,4
57,9811,3791.39157300259,86,29
85,3251,2507.30474398109,91,6
83,8970,6700.89994539577,86,3
22,4506,459.220413018746,67,45
68,1016,547.374462221357,70,2
90,1778,1470.64465613273,93,3
88,4438,3574.4957899411,96,8
60,5104,2173.97818631486,72,12
48,4003,1127.72258515741,52,4
63,2332,1089.57657629694,83,20
65,4703,2330.4981162006,84,19
82,3939,2893.17892207031,83,1
36,2148,381.950174139687,77,41
14,3808,284.232267283643,86,72
76,2499,1634.34718011777,87,11
50,4420,1339.4578256282,56,6
60,1151,490.252525949923,86,26
83,7982,5962.82980648261,88,5
95,6945,6156.42557920919,97,2
18,3696,321.890817179335,78,60
69,4667,2582.14712322016,90,21
19,8775,794.699795870813,70,51
15,2966,230.019028736459,66,51
0,8972,579.879857593803,74,74
10,6474,415.839751454264,83,73
11,6748,449.757732790454,40,29
44,5275,1279.50199012749,69,25
3,6765,344.3521954302,74,71
80,3983,2822.35216722661,84,4
61,4419,1942.24223038256,73,12
88,5289,4259.91623095955,92,4
80,2803,1986.20465095059,84,4
8,7718,461.221894236717,26,18
92,8161,6927.03935073505,95,3
31,2360,344.10263268274,69,38
17,6135,513.931636478165,78,61
32,2735,414.983685333865,84,52
74,2409,1507.1791944139,82,8
45,5595,1409.44886502408,75,30
45,2852,718.453648444803,82,37
48,6823,1922.1711712538,69,21
76,9413,6156.10644515749,82,6
82,7803,5731.27065979047,85,3
1,1018,49.3045691939363,77,76
14,1418,105.840691966441,49,35
76,3646,2384.48572177247,91,15
5,9081,490.567522519396,61,56
61,1067,468.968648974472,72,11
52,1161,377.920962653856,88,36
58,2662,1063.16694933015,79,21
49,4534,1325.0081834777,86,37
34,6742,1107.60323493971,68,34
4,1896,99.3235139418704,88,84
41,2563,554.141345866554,79,38
32,7339,1113.5521998776,78,46
58,3550,1417.82219012849,76,18
21,3975,389.417596731072,74,53
75,2617,1674.59386760852,75,0
21,4859,476.020151576422,68,47
49,4323,1263.3459146833,76,27
57,6224,2405.22078792867,74,17
96,1281,1157.51319794898,99,3
44,2884,699.541941142688,81,37
20,9689,912.572266014648,79,59
6,4282,238.922853910416,85,79
89,1555,1269.42751255954,90,1
76,3091,2021.51545968148,78,2
71,2447,1425.00872647432,96,25
1,5702,276.163706821046,80,79
64,3388,1630.6977519813,75,11
28,2262,292.626221312776,65,37
87,6909,5487.78512679864,93,6
76,5205,3404.07245798839,81,5
49,5094,1488.66159828747,74,25
9,5908,365.889163242998,20,11
52,4231,1377.24685011926,76,24
79,2247,1562.27491214726,91,12
11,3520,234.609842830824,65,54
43,7700,1797.87822410047,89,46
79,2285,1588.6952266384,80,1
54,9370,3271.0071471586,76,22
0,5825,376.482408658482,79,79
10,6536,419.822152533993,73,63
8,2154,128.721425263784,73,65
5,4224,228.186016421311,81,76
76,9862,6449.75265719146,77,1
48,8709,2453.49387812537,91,43
86,4958,3881.65571415711,88,2
12,8891,615.184678138642,67,55
72,2094,1249.80068005785,95,23
28,5998,775.938141217521,64,36
36,3779,671.969137837001,81,45
37,2709,501.065506289291,79,42
55,9155,3307.56659486068,58,3
41,3861,834.779452356912,75,34
79,8701,6049.55674703752,89,10
23,9198,975.221076475891,70,47
10,2878,184.860488829993,50,40
60,1252,533.272078617988,83,23
51,7875,2473.82631543255,71,20
12,2516,174.086677561222,52,40
80,1333,944.563253555881,82,2
75,5646,3612.82268877253,86,11
99,6287,5987.61904761905,99,0
72,3785,2259.07142980849,81,9
14,9949,742.601582774414,89,75
11,6407,427.029904266218,82,71
38,6694,1287.72501684126,72,34
29,6815,917.514066716572,85,56
75,9127,5840.28209005081,76,1
30,1481,207.499534099328,60,30
99,6423,6117.14285714286,99,0
64,6840,3292.19971179223,92,28
5,8546,461.666121291791,83,78
43,3615,844.068802613405,78,35
42,1984,445.82093164118,69,27
79,8826,6136.4656762847,84,5
31,6087,887.522341160948,85,54
87,2911,2312.19315445228,91,4
29,7828,1053.89583481399,70,41
2,4832,239.574873233599,66,64
28,6703,867.141273854792,83,55
23,6931,734.861630903936,65,42
61,9082,3991.72752576022,73,12
93,1631,1402.91149268227,95,2
55,2167,782.905167784063,82,27
68,6322,3406.00526590888,86,18
5,9708,524.438884331934,81,76
64,7625,3670.0325734526,67,3
56,3026,1130.93177756685,62,6
30,4635,649.399284639018,46,16
65,6360,3151.59855816199,68,3
11,9866,657.574065161622,85,74
2,3997,198.174827879697,72,70
91,1359,1138.69159298331,93,2
12,7288,504.270153444429,69,57
79,5506,3828.16451547967,94,15
10,3252,208.883359859324,85,75
32,6013,912.357184611529,83,51
47,2440,662.440272739489,72,25
79,4996,3473.57608415118,87,8
2,6803,337.298812625864,60,58
2,2641,130.943137460665,65,63
48,7142,2012.039646064,71,23
27,2407,299.210974475583,69,42
58,3232,1290.81727281557,81,23
97,9161,8439.13010302073,99,2
49,6399,1870.03250244239,89,40
48,6980,1966.40111026697,71,23
74,4805,3006.22500172636,86,12
18,5365,467.246816603661,51,33
43,5597,1306.84732731044,80,37
88,3135,2525.02124864023,89,1
25,1251,143.594126010229,81,56
66,9460,4823.28843475631,74,8
67,7496,3929.96358597723,81,14
50,4663,1413.09770156206,64,14
57,6506,2514.19769380847,69,12
82,1692,1242.76687893957,89,7
30,3270,458.152246120731,66,36
77,4480,2992.41410140888,89,12
87,5450,4328.9085165802,87,0
52,4060,1321.58407267412,91,39
7,3277,189.117546601086,89,82
30,4673,654.723378019014,82,52
92,1477,1253.67444198452,96,4
75,8620,5515.85752341821,90,15
81,1757,1267.99268863291,96,15
78,6821,4649.97954937033,84,6
15,6101,473.144333891145,72,57
79,1362,946.959693077244,82,3
79,5500,3823.9928868758,84,5
85,8247,6360.42516875179,95,10
90,3657,3024.82986922239,93,3
63,6491,3032.77939826047,85,22
36,7651,1360.47522455435,64,28
79,6250,4345.44646235887,87,8
64,5981,2878.74948482885,70,6
27,4867,605.010308588559,75,48
3,3715,189.101020846001,86,83
23,6019,638.166520907631,80,57
41,3269,706.78426049074,73,32
72,7828,4672.12976289058,72,0
55,6066,2191.55641337246,73,18
66,6068,3093.8387126957,66,0
60,4078,1736.96768099373,82,22
2,7089,351.478947920734,27,25
42,2437,547.613714924171,86,44
62,3397,1539.8284018995,88,26
32,1018,154.461934797029,75,43
25,4739,543.958883423243,68,43
47,5620,1525.78456262128,82,35
44,8817,2138.64816056001,70,26
57,2097,810.370821382778,62,5
75,3945,2524.36866936019,82,7
28,4756,615.265388401222,82,54
71,1183,688.919216763022,86,15
49,8560,2501.55934066367,91,42
33,9232,1457.60074537975,74,41
78,7201,4909.03133485057,80,2
89,7545,6159.37658023262,89,0
51,3946,1239.58331945357,76,25
75,7275,4655.20458037906,80,5
80,8040,5697.14070411799,95,15
33,4674,737.957743057297,52,19
58,4816,1923.44554018558,69,11
41,6288,1359.51649738935,56,15
89,3845,3138.87381722922,91,2
62,5445,2468.1676915934,84,22
90,9897,8186.14744755099,91,1
84,7655,5812.32279560776,87,3
29,4033,542.969072790599,91,62
19,9238,836.630964587415,73,54
99,8350,7952.38095238095,99,0
65,8728,4325.02393327639,84,19
46,8568,2240.99526375205,56,10
27,2559,318.105892680937,84,57
12,3715,257.047697591391,74,62
50,1355,410.625645639414,76,26
6,4759,265.538034040091,79,73
36,7827,1391.77095576878,77,41
21,1616,158.314172658468,46,25
57,4420,1708.07774464086,62,5
62,4425,2005.81120942163,70,8
56,9612,3592.37152874175,74,18
26,5937,709.165173605781,45,19
36,4273,759.810565222944,67,31
67,5022,2632.90783468218,82,15
11,7028,468.41987937927,90,79
11,4451,296.661480238635,35,24
76,5511,3604.19660249261,83,7
19,1980,179.316877017004,86,67
90,5388,4456.5992166722,98,8
90,5248,4340.80042485072,91,1
19,3086,279.480748724482,54,35
28,5414,700.388312196008,79,51
56,9389,3509.02791129383,84,28
84,6671,5065.18685427816,86,2
18,5473,476.652717105655,76,58
45,7574,1907.98314632572,81,36
52,6393,2081.00664448415,60,8
36,2739,487.03981702449,72,36
49,1469,429.297975634922,75,26
3,1394,70.9574220886473,66,63
4,4107,215.148561054463,38,34
18,5471,476.478533763025,80,62
58,2297,917.390864992996,59,1
98,3645,3417.70368539388,99,1
61,3201,1406.90594692342,75,14
31,3347,488.013352368276,81,50
19,4771,432.081222347538,77,58
20,4767,448.986685116299,72,52
87,3374,2679.95180457644,91,4
47,3302,896.466303518768,84,37
87,5059,4018.33911658334,91,4
45,7431,1871.9596990159,56,11
23,3702,392.505808340264,77,54
56,5997,2241.30795441784,88,32
95,7405,6564.1945880553,95,0
56,2070,773.638063305807,80,24
82,5752,4224.81979176148,86,4
85,5934,4576.54455576248,87,2
73,2524,1542.89645772819,76,3
41,3603,778.99776400983,86,45
32,1560,236.700017960084,87,55
6,3411,190.323646587676,87,81
33,3434,542.179480029688,74,41
84,3352,2545.12162127723,87,3
5,5003,270.268617461132,67,62
82,1345,987.896839346172,97,15
95,1671,1481.26524735184,96,1
33,1455,229.723687665462,60,27
91,2064,1729.40356726825,93,2
21,6023,590.0533799022,72,51
97,7732,7122.73266636353,98,1
5,8348,450.969901772042,50,45
20,5252,494.667100950452,56,36
28,1267,163.906906455918,82,54
21,2662,260.787331446066,49,28
24,7379,813.99523546562,73,49
41,9596,2074.73287356046,72,31
86,4269,3342.23240091502,93,7
1,9238,447.422013962263,69,68
11,2966,197.685452794382,58,47
20,9182,864.819748843688,80,60
36,9565,1700.81630151122,85,49
37,9965,1843.15901446024,73,36
37,2059,380.839378903526,90,53
74,5142,3217.06742120228,83,9
20,2819,265.511530384487,72,52
57,1012,391.080243795599,69,12
53,1018,343.238090119934,92,39
32,5388,817.525446646751,74,42
13,2084,149.742065697126,52,39
20,9347,880.36050886974,74,54
38,7915,1522.60883004161,54,16
43,5667,1323.19167480226,91,48
22,8347,850.668616836989,83,61
72,1448,864.236573411544,94,22
54,6718,2345.21088736515,75,21
62,2587,1172.66296017486,62,0
29,9818,1321.81263492638,87,58
19,7009,634.763631824333,74,55
98,3892,3649.30116421206,99,1
12,4107,284.1709001367,66,54
33,8248,1302.24122052559,73,40
18,4338,377.803670163408,82,64
35,2713,463.714244089595,59,24
42,8576,1927.09693031994,70,28
8,2884,172.345678022634,72,64
97,8293,7639.52690146828,99,2
33,2919,460.868346594833,83,50
54,9221,3218.99219892737,78,24
73,3307,2021.53668213436,79,6
95,7867,6973.73650563552,96,1
93,2492,2143.50425491368,96,3
76,3158,2065.3334913213,89,13
62,1700,770.594136952944,69,7
90,6663,5511.19535647492,91,1
21,8365,819.491370227777,72,51
20,8136,766.300748920959,61,41
46,3609,943.948635256904,80,34
49,6754,1973.77707790215,83,34
50,7366,2232.22767954238,93,43
20,9534,897.973370232599,64,44
7,5868,338.645640358612,75,68
80,1954,1384.60359898589,85,5
82,7150,5251.64490804843,83,1
40,6507,1353.37589741701,86,46
51,6396,2009.21817314369,59,8
68,8909,4799.76287788392,78,10
17,1533,128.420081291121,86,69
72,5944,3547.66725991589,86,14
86,6946,5438.07595613862,86,0
16,4720,380.398360905403,65,49
5,3167,171.085491005278,60,55
41,8958,1936.79210935333,55,14
40,5931,1233.57498810209,41,1
59,1170,482.687235475547,83,24
5,4027,217.543818212268,76,71
82,9189,6749.2818265814,97,15
78,6935,4727.6950850144,82,4
75,5436,3478.44564933891,90,15
90,3113,2574.86884957323,96,6
41,4431,958.018066146977,69,28
86,1493,1168.88099661891,90,4
30,8042,1126.74628847184,78,48
17,5730,480.004609131196,87,70
41,2767,598.247797117735,84,43
42,2127,477.954194355237,74,32
44,1805,437.820112261634,83,39
43,1563,364.945930424551,68,25
30,5587,782.781834579977,88,58
3,2489,126.695138865598,87,84
28,1500,194.049218377173,65,37
47,3921,1064.51979893915,81,34
39,4813,962.814964371322,76,37
26,6549,782.267596756655,83,57
66,3156,1609.12244187008,80,14
65,5235,2594.12239810975,66,1
54,4518,1577.20494032685,77,23
68,2870,1546.22510489694,92,24
12,8982,621.481135872374,75,63
31,5842,851.799822090071,67,36
18,7665,667.557660627598,71,53
64,2235,1075.74069530053,84,20
52,4345,1414.35536841602,66,14
4,3198,167.529851047522,63,59
17,9930,831.840448284952,82,65
2,4857,240.814395549584,38,36
55,1856,670.545450580166,74,19
3,5903,300.474650350994,17,14
53,3226,1087.70734649009,77,24
73,9389,5739.40366149365,80,7
23,8464,897.398476983251,51,28
49,2970,867.94757497326,71,22
28,2753,356.144998794904,71,43
82,5184,3807.62618228294,82,0
30,3304,462.915908618622,78,48
43,4613,1077.0924997111,85,42
30,8493,1189.93487042916,88,58
46,8145,2130.3578925374,81,35
5,3878,209.494642917103,50,45
98,1332,1248.93863071184,99,1
22,5984,609.847969707984,73,51
19,7903,715.72791871989,79,60
46,9870,2581.53866167516,70,24
84,4806,3649.12127442075,97,13
56,5872,2194.59068006362,79,23
15,4273,331.37940316618,79,64
34,1595,262.033099930115,79,45
3,6264,318.850281178828,74,71
74,2784,1741.79613003251,83,9
82,9821,7213.4831667054,92,10
62,4877,2210.69859171736,62,0
91,9232,7735.39425049443,92,1
20,1364,128.470282882029,73,53
89,5251,4286.66486717051,98,9
40,1786,371.466013952171,90,50
77,4124,2754.62405227907,84,7
40,2978,619.38734017333,87,47
17,2074,173.739888191641,65,48
5,1944,105.017428012081,89,84
57,1203,464.890843168089,76,19
38,9081,1746.91229129601,85,47
9,2335,144.609207205891,81,72
17,4053,339.521584783375,51,34
60,9193,3915.63116512393,72,12
29,8588,1156.21581877651,61,32
24,7652,844.110521992536,89,65
47,4706,1277.64095225903,73,26
71,6914,4026.36303017712,74,3
99,7081,6743.80952380952,99,0
98,2423,2271.90563229338,98,0
5,1157,62.5026564866139,82,77
70,2010,1141.31047871447,75,5
64,8702,4188.40963333567,90,26
6,9120,508.868852793786,72,66
10,4481,287.824826423626,82,72
11,7377,491.680912091758,87,76
96,9102,8224.57855404496,97,1
52,3664,1192.68079859064,89,37
72,2816,1680.72526983902,85,13
87,7039,5591.04349508404,92,5
82,5937,4360.70151315853,89,7
78,4867,3317.90799982193,95,17
88,8162,6573.91497014405,90,2
63,7068,3302.37017206979,73,10
90,9134,7555.04403212395,93,3
99,5468,5207.61904761905,99,0
12,8934,618.159927397438,76,64
81,7086,5113.82822518656,81,0
51,2067,649.320507174486,87,36
96,1620,1463.8340208254,98,2
13,5543,398.282279347012,63,50
28,2183,282.406295811579,76,48
28,4528,585.769907207892,81,53
37,3141,580.9696401826,57,20
48,3527,993.624171334042,63,15
9,3474,215.14877337613,57,48
49,4467,1305.42822134867,57,8
45,8386,2112.53586811295,70,25
0,5301,342.615149922509,88,88
52,7100,2311.14456058775,74,22
52,1963,638.982644004754,60,8
4,2749,144.008618051794,89,85
35,6713,1147.40645800717,81,46
96,3961,3579.16454104286,99,3
41,5564,1202.98183706653,74,33
9,2112,130.798563434193,81,72
8,8303,496.181055694151,88,80
86,8193,6414.36169142581,94,8
0,3147,203.397448935321,72,72
41,6307,1363.62445118235,90,49
53,4130,1392.50816522135,80,27
4,4809,251.923406406358,85,81
35,7880,1346.87366141762,77,42
64,9749,4692.34722079861,64,0
88,5863,4722.23272114121,94,6
39,2850,570.127290350772,74,35
45,7358,1853.57010703256,80,35
19,7678,695.351000877048,83,64
47,5069,1376.19251742478,56,9
59,2311,953.410428362385,90,31
74,5932,3711.32709890547,77,3
83,4725,3529.73826555128,96,13
62,2809,1273.29348864754,76,14
82,7190,5281.02473970184,95,13
61,6684,2937.75674765264,78,17
34,3084,506.652087889953,75,41
88,2888,2326.08018056555,97,9
66,9224,4702.96115456577,71,5
26,3548,423.802936828922,58,32
3,6130,312.029409902014,74,71
65,3915,1940.01703698179,91,26
59,9122,3763.31022393841,86,27
24,1036,114.283651435477,74,50
16,6574,529.817547583076,79,63
78,2532,1726.10294956834,87,9
76,8160,5336.64385344578,91,15
74,2110,1320.11129108067,93,19
38,7534,1449.31584656141,80,42
82,5439,3994.92260907348,84,2
17,3062,256.505080830667,71,54
72,5737,3424.11962821963,75,3
99,6374,6070.47619047619,99,0
31,6199,903.85263559335,71,40
89,1948,1590.25388711639,89,0
59,2131,879.150853673839,69,10
96,5541,5006.85451197134,98,2
16,9485,764.423401099098,80,64
95,6205,5500.44934758719,96,1
27,7598,944.497292922924,84,57
8,5390,322.102359411234,86,78
45,6413,1615.51306012501,85,40
88,1690,1361.17572893206,95,7
61,1355,595.550627329344,74,13
75,3347,2141.71405230635,88,13
20,6682,629.353687842902,73,53
53,8499,2865.59973274,76,23
68,2659,1432.54792819546,86,18
51,7435,2335.6061784433,75,24
88,2102,1693.01265219833,88,0
70,3262,1852.21630923711,86,16
70,4882,2772.07848611146,75,5
84,4052,3076.62076653202,86,2
35,1655,282.877653508396,68,33
98,1292,1211.4329661259,98,0
75,6705,4290.46690191637,89,14
77,7366,4920.11657834327,78,1
19,2553,231.210094456773,72,53
64,1321,635.818102233559,80,16
81,7039,5079.9092403455,85,4
67,9049,4744.16228515314,86,19
95,5399,4785.96712773944,96,1
82,9146,6717.69850755397,89,7
41,3566,770.998064518194,85,44
27,9964,1238.61161182996,86,59
42,6364,1430.04254484096,86,44
36,2114,375.904407882355,87,51
45,5641,1421.03682709577,54,9
68,6468,3484.6634071336,81,13
20,1513,142.504060117676,76,56
95,6468,5733.58684612312,97,2
19,2753,249.322910317077,21,2
96,4646,4198.13139552767,97,1
68,9156,4932.83521269561,81,13
11,4772,318.056298292242,65,54
10,9116,585.541423271095,76,66
3,1673,85.1590869112676,81,78
18,4310,375.365103366595,46,28
34,5621,923.440786650267,71,37
30,2101,294.366320825583,58,28
49,2564,749.298849236174,86,37
87,4060,3224.83827106708,89,2
31,5805,846.404992679367,65,34
17,4332,362.893536955731,69,52
74,6558,4102.98097009812,87,13
42,2386,536.153600249927,90,48
58,7640,3051.31310776948,71,13
91,5084,4259.82932945339,91,0
8,8632,515.841849060811,45,37
85,4100,3162.08841904721,88,3
68,6587,3548.77517977567,87,19
97,4687,4317.67304801421,97,0
24,2995,330.385652557193,77,53
15,1862,144.401696394904,87,72
46,3174,830.17261521347,85,39
78,7130,4860.62955387926,79,1
75,3807,2436.06375773238,91,16
75,2628,1681.63266491219,85,10
17,4806,402.60072451737,61,44
67,5592,2931.74444674289,67,0
10,6562,421.49219169646,89,79
17,7675,642.938110834543,33,16
61,8052,3539.02114483828,67,6
49,6353,1856.58954336873,71,22
84,6318,4797.1594281711,91,7
71,1366,795.489137868376,74,3
22,6905,703.709931623267,73,51
12,9804,678.356831005651,64,52
55,8651,3125.47882164279,60,5
99,6948,6617.14285714286,99,0
60,9117,3883.26001658163,94,34
71,4760,2771.9826473305,77,6
93,5289,4549.35553942152,95,2
78,4449,3032.95103579367,81,3
41,2034,439.767263945599,82,41
7,4301,248.213173003134,61,54
97,1575,1450.89290604275,99,2
47,8800,2389.12885250307,68,21
13,7145,513.391103361789,62,49
76,4184,2736.33797583544,79,3
53,2369,798.753472980476,60,7
77,4478,2991.07820225647,96,19
26,6295,751.927702180966,76,50
95,4477,3968.65620131311,97,2
98,8496,7966.20315805388,98,0
72,9584,5720.19566269077,90,18
39,9079,1816.20549792795,82,43
90,4217,3488.02503650829,90,0
4,3571,187.069761754441,57,53
18,9695,844.353753396551,59,41
26,2220,265.17545652768,43,17
42,1185,266.279135078023,58,16
76,7828,5119.51569666343,92,16
84,5139,3901.96301066339,94,10
60,1843,785.00035215092,64,4
45,8723,2197.43028589902,65,20
26,6677,797.556992448341,67,41
22,1139,116.079016961463,75,53
95,8936,7921.3562240192,97,2
76,1586,1037.2447489663,86,10
28,3511,454.204537148169,81,53
54,5153,1798.87938413108,61,7
72,8104,4836.8599384856,88,16
43,1597,372.884613492008,78,35
95,2041,1809.25336316284,95,0
51,8626,2709.7429583392,80,29
90,1159,958.648569436354,90,0
69,9784,5413.2692208241,74,5
60,5956,2536.87579892072,80,20
42,1597,358.858884995446,64,22
98,3184,2985.45090104091,98,0
21,4466,437.519242012822,67,46
66,4606,2348.42140914245,66,0
93,2447,2104.79731612109,95,2
91,5234,4385.51272823742,97,6
62,4657,2110.97464458227,82,20
79,9275,6448.64255014056,87,8
71,6492,3780.61162740959,75,4
0,1931,124.804726372451,87,87
39,6721,1344.50018191142,86,47
21,3742,366.591357727716,24,3
39,7028,1405.91389353868,80,41
47,3582,972.484039734774,83,36
67,3923,2056.72987563883,91,24
54,3448,1203.6747751764,86,32
92,5595,4749.02403717223,92,0
1,3230,156.437876715535,26,25
31,5525,805.579256598364,81,50
1,3454,167.286819249368,72,71
88,3346,2694.96685740039,96,8
60,1113,474.06695167877,86,26
80,7680,5442.0448516948,91,11
35,7973,1362.76950539121,90,55
89,5469,4464.62962455828,89,0
84,6590,5003.68481032725,88,4
80,5922,4196.32677236154,85,5
53,9240,3115.4419967664,73,20
29,8305,1118.11508790625,89,60
81,4104,2961.77688910043,90,9
15,3308,256.541789298788,68,53
75,6168,3946.84561536468,83,8
93,6483,5576.37964871805,95,2
4,9854,516.20986623586,80,76
30,7858,1100.96646789502,82,52
54,8423,2940.41549631984,83,29
56,3350,1252.02295269297,72,16
88,9852,7935.0906990761,98,10
34,5090,836.20594272369,86,52
78,4307,2936.14747385105,78,0
23,9129,967.905328022223,75,52
51,1913,600.94345922825,91,40
94,2951,2574.56227320359,94,0
14,1206,90.0168367500195,77,63
12,2204,152.498822474139,71,59
46,3455,903.669308620838,72,26
44,3182,771.824707599179,72,28
68,7583,4085.37455415802,89,21
16,4212,339.457181384228,87,71
46,5732,1499.22792388268,72,26
53,8942,3014.96562068021,81,28
92,6491,5509.54692140929,96,4
38,1740,334.72386156316,42,4
4,3895,204.042767301469,73,69
87,8198,6511.6315631054,90,3
35,8962,1531.81240528233,90,55
29,6069,817.078924563884,66,37
98,3598,3373.6345295054,98,0
46,8415,2200.97749118505,85,39
55,6764,2443.73352786867,76,21
68,9664,5206.52244380629,76,8
46,8533,2231.84087133476,55,9
25,6945,797.171227131129,84,59
98,1048,982.648412151655,98,0
64,5239,2521.61320030402,88,24
98,8164,7654.90614199057,99,1
7,1148,66.2517374116712,52,45
25,3170,363.863612671804,82,57
2,4997,247.755720519101,49,47
49,8855,2587.76962167953,88,39
89,8329,6799.3966251501,90,1
42,8420,1892.0424619046,63,21
89,1579,1289.01996291416,89,0
26,1660,198.284350376553,81,55
42,6146,1381.05617231184,68,26
88,7124,5737.87922657513,95,7
58,9245,3692.32849232053,73,15
95,6159,5459.67244670258,96,1
89,5871,4792.80316799811,91,2
33,6863,1083.56953157943,83,50
59,3661,1510.35723852648,84,25
8,6826,407.916642920423,85,77
22,5468,557.260811892256,85,63
40,5269,1095.88713746584,82,42
50,6122,1855.24000192213,69,19
48,2024,570.199978106068,67,19
24,5498,606.497601923022,65,41
17,1719,144.001382739359,51,34
95,7074,6270.77819255951,95,0
47,7315,1985.96335864318,61,14
58,8873,3543.75670225636,69,11
91,7523,6303.44139368171,91,0
15,7565,586.680361561467,83,68
29,4894,658.88684409551,75,46
47,5258,1427.50448937059,61,14
68,6787,3656.5260581657,82,14
98,5951,5579.90524877338,99,1
2,8822,437.40263486482,54,52
10,3301,212.03074135782,79,69
86,5464,4277.80694274998,87,1
54,5415,1890.3419105511,70,16
15,4967,385.200443605526,81,66
38,1775,341.456812801499,86,48
0,3034,196.094013368212,75,75
77,8998,6010.21028671365,87,10
52,9440,3072.84572562653,84,32
59,2655,1095.32872665605,66,7
46,3389,886.406740062524,79,33
25,8911,1022.83553707206,62,37
6,3033,169.232371767934,72,66
50,3740,1133.38739091617,73,23
78,2039,1390.01734366898,81,3
3,4502,229.160914091169,53,50
23,9210,976.493380554789,86,63
11,2241,149.363823234056,73,62
56,7538,2817.23851265661,74,18
33,5272,832.373389259322,89,56
53,3265,1100.85693933358,55,2
87,5494,4363.8575027691,87,0
21,1373,134.508266745097,68,47
51,7201,2262.09819649902,81,30
84,7386,5608.07526693127,92,8
18,6496,565.747496860649,73,55
46,4163,1088.84958951912,73,27
52,2142,697.249527997037,83,31
78,9183,6260.19091069751,86,8
70,7601,4315.97062124809,75,5
6,6168,344.156039915798,47,41
80,5596,3965.32330600053,85,5
99,3990,3800,99,0
34,1883,309.346913585208,77,43
88,4944,3982.04307919532,90,2
34,9571,1572.36288365588,60,26
76,7864,5143.05971366393,90,14
52,5829,1897.4171329107,84,32
6,8767,489.17250355736,84,78
27,4305,535.148834697708,58,31
66,6009,3063.75689264806,72,6
97,3739,3444.37369885324,98,1
78,5590,3810.78810745934,80,2
70,1920,1090.20702444367,78,8
59,8432,3478.64852096565,86,27
20,5984,563.611563611482,67,47
65,9681,4797.2681826362,74,9
95,8437,7479.01549485787,96,1
56,5516,2061.53988270282,71,15
55,3170,1145.27428789824,77,22
79,2710,1884.1855860788,81,2
94,8022,6998.69147937622,94,0
55,3184,1150.33228159873,75,20
16,2677,215.747121216899,85,69
26,8597,1026.89792782363,77,51
62,1067,483.661143605172,75,13
37,6185,1143.99784289379,78,41
85,4115,3173.65703521446,85,0
39,9407,1881.82014748411,76,37
90,4681,3871.81531797375,90,0
32,6186,938.606609680179,61,29
47,5342,1450.30981023539,64,17
65,5481,2716.02385177451,78,13
90,7541,6237.41920804102,90,0
64,7323,3524.67521775651,80,16
26,8964,1070.73549203339,46,20
16,9943,801.334936966614,84,68
41,9406,2033.65333563044,65,24
47,4954,1344.97094719321,86,39
4,6883,360.571596235176,71,67
62,7903,3582.3561554936,66,4
35,7274,1243.29429100911,79,44
67,4370,2291.08069246538,71,4
79,4538,3155.14176738953,83,4
80,3528,2499.9393537473,90,10
45,9550,2405.7616909705,55,10
59,5932,2447.2655391803,87,28
89,2746,2241.70286140739,94,5
76,4172,2728.4899701686,79,3
67,6735,3530.99049513829,78,11
98,8503,7972.76664935642,98,0
7,4844,279.550013956564,90,83
56,7909,2955.89538293992,62,6
6,1651,92.1208855222085,90,84
67,3753,1967.60316677862,83,16
80,3763,2666.46025741244,80,0
97,3851,3547.54830550517,98,1
54,1135,396.221249949307,81,27
72,9155,5464.14767236373,77,5
91,2360,1977.4188075354,92,1
58,7992,3191.89716718503,78,20
6,3304,184.353365091082,74,68
37,9014,1667.25894193122,68,31
81,5063,3653.86851596381,82,1
15,4314,334.5590323564,77,62
1,4128,199.930512409204,77,76
84,7574,5750.82075165684,84,0
88,2096,1688.18007564591,90,2
18,6152,535.787961928374,72,54
47,1269,344.523240207546,72,25
79,5911,4109.74944624052,81,2
57,4985,1926.41799932911,87,30
31,2752,401.258663196144,88,57
61,5455,2397.58573585356,72,11
0,3004,194.155048173404,82,82
18,3016,262.668480685302,61,43
82,6054,4446.63752074478,87,5
66,7242,3692.41594550795,81,15
56,3679,1374.98281879327,72,16
96,1594,1440.3403883924,97,1
14,8330,621.75808468297,79,65
71,1244,724.44252379814,91,20
29,3495,470.53729466976,88,59
1,4993,241.824866390299,72,71
68,3093,1666.36733430183,78,10
53,4045,1363.84879620347,69,16
53,7472,2519.32712119465,67,14
4,7555,395.774866999383,51,47
38,6968,1340.43440653569,81,43
76,9916,6485.0686826922,81,5
16,3687,297.145923020809,67,51
11,6013,400.769597994814,79,68
76,1282,838.428605406556,87,11
90,4522,3740.30097583364,95,5
18,4168,362.998086039899,85,67
39,9124,1825.20750777559,77,38
35,3641,622.330837718472,52,17
32,5191,787.634482840254,72,40
65,3103,1537.6431330152,75,10
12,5789,400.551580445911,68,56
81,2476,1786.88098864831,86,5
77,6332,4229.45671654488,92,15
84,6272,4762.23234148293,86,2
15,5398,418.625326068579,24,9
85,1108,854.535114220563,92,7
25,4603,528.348330955304,84,59
93,6892,5928.18271463285,97,4
51,9335,2932.46586089687,83,32
64,3039,1462.71855616032,76,12
12,1394,96.4534294595958,68,56
35,1612,275.527962208783,80,45
33,8263,1304.60950596544,66,33
62,6110,2769.60598634264,90,28
87,3528,2802.2732562376,87,0
11,5486,365.644772093721,69,58
68,5301,2855.93703172777,71,3
25,3496,401.283025205245,77,52
82,1159,851.28062215778,82,0
84,5434,4125.95193616362,90,6
13,5591,401.731232875544,72,59
19,9114,825.401018754027,81,62
52,3819,1243.1353629415,60,8
65,9128,4523.23767907274,71,6
12,3321,229.786111359625,80,68
83,2567,1917.63769897781,86,3
39,9252,1850.81322467556,83,44
38,6763,1300.99854928256,76,38
10,5388,346.08350028353,80,70
54,8408,2935.17909213549,92,38
56,1033,386.071555263236,82,26
86,3653,2859.96134001934,87,1
1,4666,225.98734760207,77,76
10,3183,204.451332851239,74,64
41,4164,900.290504950578,62,21
63,4213,1968.43315434777,92,29
17,1412,118.283858305977,69,52
23,1981,210.036198358202,63,40
51,2549,800.734384512707,82,31
46,5451,1425.73123047531,64,18
36,2067,367.547025114867,79,43
17,3480,291.521123870255,71,54
91,3622,3034.83513597171,98,7
74,5545,3469.20242134707,95,21
93,7513,6462.33846997049,97,4
98,8687,8145.29270645175,98,0
8,2455,146.708959620516,62,54
71,9967,5804.27542981999,76,5
57,6098,2356.52897891854,79,22
52,3124,1016.90360665861,58,6
71,2175,1266.60971805543,85,14
88,8666,6979.85140054745,92,4
91,5152,4316.80580356881,95,4
37,4905,907.244853580279,68,31
42,5332,1198.14375378567,89,47
21,1551,151.946337743369,89,68
40,8891,1849.21854985933,62,22
41,1788,386.58007273094,79,38
37,4515,835.109177148819,92,55
17,4314,361.385669073644,81,64
89,3223,2631.1028122054,90,1
32,6484,983.822382341785,75,43
79,9331,6487.57775044329,88,9
92,1989,1688.25894726284,96,4
11,6470,431.228887248702,77,66
17,9314,780.237858542401,66,49
44,1498,363.354309234309,69,25
3,6317,321.548088474882,74,71
68,2057,1108.21778424147,75,7
75,7123,4557.94119945567,93,18
39,1434,286.864047144915,55,16
28,8946,1157.30953840146,81,53
45,4142,1043.42041089003,72,27
14,3443,256.988365613862,88,74
35,2649,452.775168666914,81,46
0,5936,383.656579879271,86,86
0,6317,408.281437853328,79,79
28,1153,149.159165859253,85,57
96,9210,8322.16748876665,96,0
42,4449,999.726474229642,69,27
63,1305,609.733032618998,71,8
17,6112,512.004916406609,66,49
19,1672,151.423140592137,82,63
78,1305,889.638368557144,79,1
61,8725,3834.81861509116,80,19
84,1408,1069.07256645535,86,2
86,2721,2130.29148814471,88,2
86,5590,4376.45329611501,92,6
23,5736,608.161349713602,64,41
27,3662,455.218358342162,66,39
29,3794,510.792130465543,78,49
92,4984,4230.40854356861,94,2
62,9735,4412.7846607276,78,16
21,6482,635.020091071901,65,44
54,2006,700.281786254018,81,27
1,7374,357.143313591441,53,52
80,2830,2005.33683988233,97,17
94,7565,6599.98766410884,98,4
15,4524,350.844937964848,51,36
40,7046,1465.48126220997,42,2
67,2570,1347.38612806316,79,12
95,4444,3939.40320720024,96,1
30,8417,1179.28668366917,71,41
10,5606,360.08613633806,47,37
30,4372,612.550954140623,91,61
67,6591,3455.49492998612,93,26
95,9713,8610.1312672223,96,1
61,4882,2145.74034141834,77,16
77,6146,4105.21809537031,97,20
53,4114,1387.11346046504,80,27
57,9753,3768.97788314079,80,23
59,1235,509.503193001967,83,24
63,7966,3721.94125505206,85,22
36,9425,1675.92196986339,79,43
82,2686,1972.855695527,89,7
85,2901,2237.37036674536,88,3
71,3588,2089.46927281972,73,2
80,5199,3684.00926874496,90,10
92,9094,7718.96775586135,94,2
67,5131,2690.05378330432,78,11
7,3939,227.321945700847,73,66
29,2504,337.117420844944,83,54
45,2026,510.374155592276,72,27
54,1572,548.775158520098,54,0
21,5998,587.604212627162,75,54
37,5701,1054.47561880962,77,40
42,5355,1203.31204079562,73,31
0,5618,363.10354881431,72,72
25,9201,1056.12274454046,85,60
9,1937,119.960614286,87,78
72,4125,2461.99990699076,76,4
3,8559,435.670427300382,79,76
51,7456,2342.20304861779,73,22
68,2598,1399.6839102865,83,15
38,7257,1396.02934676083,74,36
1,1980,95.8969027544145,36,35
25,3159,362.600994457486,58,33
72,9418,5621.11881794884,78,6
21,9923,972.123474808157,66,45
25,6419,736.795119791896,78,53
81,8742,6308.93118043762,83,2
1,3093,149.802585969396,77,76
33,5887,929.473092293177,43,10
26,7886,941.97011269247,66,40
53,9002,3035.19576351636,83,30
32,6098,925.254300974738,56,24
8,8420,503.172887985638,70,62
29,7933,1068.03214838776,45,16
42,4999,1123.31594620678,69,27
40,6483,1348.38419286222,86,46
13,6572,472.219220614931,77,64
9,3087,191.181422974126,32,23
17,3224,270.075891769455,42,25
11,2754,183.555541805707,60,49
79,4020,2794.99116458922,86,7
83,1053,786.627384894286,84,1
87,2885,2291.5414807952,95,8
55,4186,1512.34011644859,74,19
38,6397,1230.59111633306,63,25
77,4796,3203.4861674904,78,1
17,3684,308.61029320058,66,49
77,1499,1001.2564147348,82,5
57,6820,2635.54077340513,85,28
34,7364,1209.78792970869,90,56
20,6718,632.744399121313,85,65
74,4691,2934.90145329831,80,6
84,7972,6053.01597995885,88,4
11,3109,207.216477659384,85,74
17,6026,504.800658747746,70,53
33,1251,197.5150056835,83,50
80,5843,4140.34740474645,91,11
81,3163,2282.67551175065,93,12
63,2048,956.883717090963,89,26
64,4358,2097.5740268992,79,15
14,7671,572.569780024377,73,59
52,5987,1948.84823721674,78,26
40,2167,450.709323759438,92,52
11,2528,168.492523487592,71,60
33,10000,1578.85695990008,85,52
46,5229,1367.6662271428,85,39
58,5419,2164.2756192412,66,8
41,3262,705.27080383016,75,34
39,5357,1071.63926119617,79,40
91,3395,2844.63425914521,94,3
32,5204,789.606982989921,80,48
84,5629,4274.01241234175,86,2
9,4334,268.40955204725,84,75
76,7276,4758.50743598916,83,7
48,3949,1112.50973989173,77,29
80,2900,2054.93881118684,89,9
49,1517,443.325411190045,69,20
61,1770,777.951741972648,65,4
38,5501,1058.22756463158,72,34
24,4211,464.52553686756,70,46
36,6347,1128.6023069202,75,39
68,8376,4512.60678697449,74,6
41,6099,1318.65316755369,92,51
53,1806,608.927299367978,76,23
97,6178,5691.18499906801,97,0
22,2825,287.90449773146,87,65
40,8143,1693.64375790175,79,39
29,3490,469.864136880533,84,55
33,3440,543.126794205628,63,30
5,1195,64.5554662934344,80,75
12,4517,312.539555860111,77,65
26,2863,341.980780197634,61,35
91,1761,1475.52310172451,94,3
48,5147,1450.00952930431,76,28
85,4388,3384.20584945833,88,3
83,4415,3298.15755394898,85,2
21,4484,439.282642450849,37,16
97,6790,6254.9605282732,98,1
98,3342,3133.59827615537,99,1
87,9938,7893.70510784844,87,0
4,1956,102.466663117246,72,68
93,2015,1733.2107037123,97,4
5,8315,449.187198518751,90,85
70,1233,700.117323509919,77,7
9,1633,101.133548337139,89,80
16,8730,703.575781928849,70,54
23,6535,692.875596300277,70,47
12,8788,608.057918286175,72,60
89,1119,913.497997784003,89,0
79,6660,4630.50775028961,87,8
88,2995,2412.26112908373,94,6
20,8042,757.44722502733,76,56
67,8848,4638.78305879489,77,10
54,9444,3296.84007446807,83,29
10,6551,420.785636666185,78,68
40,3949,821.343386952478,80,40
79,8277,5754.7616590311,85,6
86,8217,6433.15147301915,90,4
75,1507,964.315230602232,79,4
25,8421,966.591634797874,68,43
62,1665,754.72896354509,87,25
19,3476,314.800739652073,87,68
48,5333,1502.40932966386,86,38
66,8545,4356.7652933396,81,15
63,9367,4376.52821190969,79,16
94,9528,8312.58195157026,98,4
59,2420,998.378726368226,67,8
45,9585,2414.57861863374,69,24
88,6388,5145.08316947809,93,5
93,9257,7962.44738673191,96,3
11,7234,482.149887226756,77,66
46,7651,2001.15018241911,80,34
46,6898,1804.19996841289,88,42
3,1696,86.3298334737058,76,73
83,9642,7202.90716538529,91,8
67,5979,3134.63877808936,83,16
42,2332,524.01936118308,71,29
7,8079,466.243716506003,86,79
29,3197,430.417090431824,76,47
11,7773,518.074519410225,82,71
45,4447,1120.25363766972,87,42
63,6847,3199.11270064542,90,27
16,8332,671.499818445723,71,55
45,5617,1414.99093384097,74,29
65,5152,2552.99304585701,84,19
98,2765,2592.57906450317,98,0
60,6054,2578.61754309369,90,30
32,5869,890.507952184444,82,50
8,1214,72.5477299304709,86,78
21,6164,603.866683333415,76,55
21,3764,368.746624929749,73,52
26,8340,996.199688036418,83,57
8,3576,213.69907926801,75,67
41,9841,2127.70385668075,81,40
86,8713,6821.47362594814,88,2
94,7784,6791.05141803347,96,2
8,8472,506.280369004077,42,34
74,1256,785.810323031907,90,16
87,6137,4874.5892782115,91,4
33,9404,1484.75708509004,54,21
15,4096,317.652711296202,64,49
99,5441,5181.90476190476,99,0
80,7511,5322.29152097391,92,12
34,4810,790.206401670127,65,31
34,6913,1135.69581179742,86,52
23,7809,827.951879343361,59,36
11,4281,285.330891238283,81,70
72,1088,649.371126983259,74,2
66,4459,2273.47178970173,68,2
2,7439,368.832260344525,79,77
12,8583,593.87359042447,84,72
47,6832,1854.83276367057,83,36
0,2445,158.025663376822,56,56
25,4518,518.591735662843,82,57
73,1183,723.15630328544,75,2
10,6328,406.461839234257,76,66
36,7131,1268.0105641481,78,42
78,2390,1629.29938762573,91,13
14,1987,148.311322240704,54,40
45,7188,1810.7450298111,82,37
70,2833,1608.62317721298,77,7
28,4118,532.729787518131,82,54
22,5523,562.866032202072,84,62
18,3778,329.032334227145,87,69
46,6837,1788.2451701999,82,36
46,1569,410.378334363559,75,29
1,2175,105.341294692349,80,79
67,6109,3202.79449662952,78,11
41,4602,994.989650283996,76,35
39,6477,1295.68928407086,40,1
49,6806,1988.9734664202,77,28
97,1094,1007.79481854652,97,0
97,8963,8256.73213768964,98,1
75,5795,3708.166397704,80,5
80,9079,6433.37567819493,92,12
19,1802,163.196470901334,80,61
58,5360,2140.7118138278,83,25
21,1170,114.621028471787,79,58
90,6478,5358.17552442511,90,0
87,2255,1791.13554218135,87,0
24,8705,960.269484310641,58,34
67,2325,1218.93881235286,78,11
68,6338,3414.62533618008,81,13
84,3492,2651.42145032819,92,8
99,4424,4213.33333333333,99,0
60,7242,3084.62970714973,93,33
31,7677,1119.35419962093,56,25
78,9455,6445.61745188337,84,6
86,1995,1561.90059494623,89,3
5,5711,308.51570544084,69,64
17,6275,525.659497783291,55,38
91,1003,840.402993202547,91,0
94,5537,4830.6849565328,95,1
9,3111,192.667770285878,85,76
27,3806,473.118807168288,40,13
11,2007,133.767600727688,86,75
96,9438,8528.18857317912,99,3
57,6479,2503.76373473487,58,1
87,8732,6935.7851682162,95,8
10,3858,247.8081187999,35,25
90,7512,6213.43231544943,92,2
81,2586,1866.26584678697,86,5
66,3120,1590.76743302745,89,23
11,8917,594.322718330243,77,66
28,6618,856.145151480086,85,57
2,7368,365.312016967127,79,77
65,6477,3209.57607880742,78,13
34,1159,190.40524314671,65,31
84,5403,4102.41411687377,91,7
54,3498,1221.12945579091,54,0
50,8427,2553.75816664453,54,4
61,4937,2169.91398311806,91,30
34,6024,989.647268952359,76,42
51,7719,2424.82099413636,77,26
63,3382,1580.16637265705,79,16
21,7730,757.282521441807,63,42
85,2041,1574.10303982326,85,0
28,7688,994.566927255802,69,41
71,5470,3185.45064724745,74,3
11,4763,317.456443580458,66,55
98,4317,4047.79885043769,98,0
92,2761,2343.5308966278,95,3
35,6550,1119.54600029003,85,50
7,9827,567.121797512625,38,31
12,2809,194.359887626976,72,60
12,3364,232.761360618422,73,61
55,5088,1838.21942486632,65,10
60,9655,4112.41367336795,80,20
79,2761,1919.64442921165,81,2
4,3310,173.397062841556,89,85
73,3466,2118.73182348887,87,14
16,2894,233.235774673779,82,66
37,9396,1737.91491217947,49,12
46,5546,1450.57886703652,87,41
77,7258,4847.97802411288,81,4
13,5267,378.450796557949,44,31
18,8903,775.377149715265,86,68
35,2614,446.792861795135,76,41
66,3940,2008.8537455539,74,8
37,2065,381.949158540933,70,33
59,3799,1567.28957912103,63,4
5,8791,474.901342414713,80,75
68,7861,4235.14827512016,90,22
22,9701,988.658949555006,49,27
43,9362,2185.93973169203,79,36
36,3537,628.937507417167,78,42
99,4929,4694.28571428571,99,0
74,1448,905.934194068631,79,5
75,6107,3907.81228486253,85,10
0,4053,261.954197818511,77,77
36,8756,1556.96262791765,83,47
88,3100,2496.83121875111,99,11
31,3194,465.705003724013,61,30
6,6957,388.17989132526,57,51
74,5520,3453.56129230583,91,17
43,3537,825.856529693945,89,46
78,9498,6474.93120655613,82,4
79,7680,5339.68461294658,97,18
83,8262,6171.99948147824,88,5
61,3686,1620.07351463909,88,27
48,5869,1653.41090489353,68,20
8,5987,357.778631872923,43,35
2,8181,405.621282682962,72,70
96,8905,8046.56910830261,96,0
19,4200,380.369133066372,61,42
36,9632,1712.73001737126,59,23
67,5564,2917.06475351885,74,7
78,8152,5557.34251377612,85,7
30,3093,433.353179587591,77,47
86,6967,5454.51701503279,90,4
30,2352,329.533358677663,52,22
84,6709,5094.03966502057,84,0
97,5756,5302.43782043307,99,2
98,6713,6294.38815913555,99,1
29,2260,304.267320730661,85,56
31,6298,918.28744942199,75,44
6,9219,514.392758103719,86,80
17,5447,456.297575207264,77,60
64,2254,1084.88569449996,73,9
48,2731,769.375563343711,78,30
35,2261,386.457023916909,84,49
37,9477,1752.89693728446,68,31
19,9547,864.615265091584,57,38
12,5573,385.6061423087,41,29
74,3902,2441.26742075677,88,14
87,4842,3845.97707106079,88,1
5,3407,184.05060557467,72,67
52,5113,1664.34959694157,76,24
34,3787,622.143792749433,45,11
45,9583,2414.07479419584,59,14
36,1645,292.508396862098,54,18
17,6738,564.445210528098,79,62
87,3389,2691.86623168629,89,2
67,9900,5190.32010421219,73,6
92,2715,2304.4861949817,92,0
82,9048,6645.7179200031,86,4
20,1649,155.313413836119,77,57
5,8685,469.175083479898,87,82
91,5073,4250.61254687589,92,1
65,3638,1802.75401801782,73,8
79,1312,912.196121378373,82,3
48,8186,2306.15465453373,73,25
10,9705,623.374233528519,86,76
84,8003,6076.55379924871,90,6
89,9844,8036.17005378528,96,7
85,5503,4244.13965122361,86,1
97,6258,5764.88114667653,98,1
74,9531,5963.02403568241,88,14
50,3167,959.74274519559,51,1
96,7746,6999.29526253925,99,3
24,3501,386.203729416606,30,6
9,2074,128.445180190585,49,40
51,1868,586.807308854349,60,9
1,6611,320.189103085573,76,75
98,9770,9160.7585751161,98,0
33,5282,833.952246219222,68,35
47,3712,1007.77798869221,79,32
23,2312,245.130585867826,47,24
36,9498,1688.90258565119,88,52
69,8403,4649.19268832634,90,21
67,8987,4711.65725015707,87,20
6,9468,528.286216913549,52,46
86,6298,4930.75185311849,87,1
1,5944,287.884439379919,61,60
70,6991,3969.6027645238,84,14
96,8862,8007.71425466342,97,1
54,6585,2298.78143693056,89,35
60,3185,1356.60668562164,94,34
80,9422,6676.42533758703,81,1
78,9156,6241.78459962391,86,8
54,8136,2840.22562959257,87,33
6,6325,352.916172579024,88,82
21,4330,424.195772036614,72,51
61,7538,3313.10747513549,84,23
3,7651,389.451389096299,81,78
65,1871,927.144795962434,66,1
9,2046,126.711108326875,56,47
98,2545,2386.2979092805,98,0
62,9877,4477.15193569661,74,12
40,1041,216.515185063948,88,48
26,5089,607.872927148361,77,51
17,2880,241.258861134004,76,59
50,3121,945.802686376835,93,43
1,2486,120.403889013876,71,70
14,2062,153.909384227645,85,71
29,5051,680.023998677242,64,35
58,9736,3888.42727974393,77,19
76,4525,2959.35213686791,92,16
77,1608,1074.0629185414,77,0
63,4698,2195.03891742839,67,4
13,9305,668.594012145759,56,43
19,1312,118.82007204359,85,66
37,1528,282.623880993,57,20
53,3925,1323.38851053118,85,32
8,7267,434.270472326797,61,53
88,1495,1204.11699097836,92,4
85,5622,4335.91733948376,95,10
2,1721,85.3287162324139,76,74
75,4644,2971.65224347496,79,4
36,9224,1640.18082228328,72,36
71,7113,4142.250540013,90,19
80,1912,1354.84241620318,93,13
58,3342,1334.74979138293,90,32
33,5393,851.477558474113,81,48
74,3400,2127.19354960866,86,12
68,7202,3880.10913082501,72,4
78,6786,4626.11951649715,86,8
31,4972,724.948427838383,41,10
83,1225,915.117328105888,87,4
37,3617,669.012158083561,51,14
99,3525,3357.14285714286,99,0
27,3591,446.392442601503,70,43
30,9726,1362.68768983799,81,51
54,1130,394.475781887857,82,28
87,6037,4795.15976414581,91,4
35,6902,1179.71091511477,86,51
67,5604,2938.0357438389,79,12
17,2200,184.294963366253,81,64
52,2524,821.595615623026,83,31
74,4612,2885.47548552799,82,8
93,4206,3617.80854581337,94,1
59,9112,3759.18469201127,78,19
81,4496,3244.67565628546,81,0
71,7557,4400.81362728501,78,7
67,9866,5172.49476244015,74,7
86,9089,7115.84687091043,89,3
66,3413,1740.15681055214,66,0
15,7632,591.876340969877,72,57
10,4725,303.497501640624,78,68
1,1781,86.2587796998042,88,87
35,2591,442.861631565109,81,46
35,5454,932.214333676613,37,2
60,9692,4128.17331147407,86,26
24,7775,857.678947790377,53,29
51,4448,1397.2799302913,79,28
88,9592,7725.67904847117,93,5
58,1329,530.784701600214,81,23
7,3704,213.759961126159,74,67
39,1924,384.885932152591,54,15
10,3519,226.03337741235,89,79
40,6629,1378.75039557052,56,16
60,4304,1833.22925429059,71,11
85,5690,4388.36173277528,92,7
46,8514,2226.87134402252,63,17
90,5750,4756.02180695344,94,4
4,4383,229.607047261191,72,68
38,8571,1648.80357325163,73,35
52,7455,2426.70178861714,65,13
25,3410,391.411646438755,73,48
30,3603,504.808117055961,55,25
15,7358,570.627111747426,76,61
79,8934,6211.55499115426,79,0
74,8951,5600.14984192563,76,2
9,3401,210.627800302884,76,67
43,2574,601.005006342159,69,26
74,1570,982.262903789883,92,18
91,7740,6485.26337725594,91,0
93,8224,7073.90810289329,96,3
13,3418,245.59423251093,75,62
80,3010,2132.88476609393,90,10
49,9206,2690.34524417637,90,41
22,3832,390.530985949364,65,43
0,1330,85.9607903031385,81,81
7,7891,455.394128846252,77,70
61,4370,1920.70571323191,74,13
13,1774,127.467574158686,81,68
62,4237,1920.59256368802,83,21
91,4683,3923.83571003741,92,1
78,4836,3296.77482784854,83,5
75,5098,3262.16260491717,92,17
58,9153,3655.58493133691,82,24
56,3936,1471.03353486553,69,13
21,3793,371.587658968794,69,48
26,6617,790.390088217863,79,53
44,4886,1185.14629834368,76,32
60,8034,3421.97114985377,84,24
74,6718,4203.08419596206,85,11
25,5278,605.827175924852,88,63
35,2084,356.203643451056,81,46
90,2968,2454.93438661527,92,2
11,1268,84.5128638379218,72,61
96,1665,1504.49607695944,97,1
9,1221,75.6179194853929,82,73
49,7277,2126.61767780485,85,36
46,6443,1685.19286698815,76,30
48,7218,2033.45031717865,68,20
42,7011,1575.42870551225,91,49
98,3016,2827.92710977995,98,0
32,5998,910.081222900374,86,54
24,5575,614.99165709728,70,46
90,4911,4062.05619025189,91,1
8,1842,110.076539153153,84,76
8,5308,317.202100882158,73,65
61,2027,890.908576824044,69,8
39,2836,567.326665064839,56,17
29,9785,1317.36979351748,78,49
93,3999,3439.75662736749,94,1
6,5254,293.157560589754,81,75
2,2174,107.788860598064,71,69
46,5149,1346.74190161757,92,46
16,8673,698.981988163677,77,61
47,9264,2515.1011010896,72,25
53,5258,1772.83485054088,57,4
50,1052,318.803084289789,74,24
76,9522,6227.39249663122,84,8
31,3658,533.359080658247,80,49
46,4709,1231.65811122881,64,18
36,6700,1191.37158600368,81,45
10,4788,307.544134995832,88,78
64,9975,4801.12457969701,76,12
26,2432,290.498518142035,82,56
61,6410,2817.32805991225,65,4
39,3352,670.549711317821,80,41
59,9084,3747.63320261528,87,28
29,3681,495.578764429009,73,44
0,4929,318.571981506894,74,74
8,4455,266.227460329693,72,64
64,4072,1959.91772316052,89,25
91,8697,7287.12346149805,92,1
25,9976,1145.07993691291,83,58
14,3951,294.905905472079,88,74
54,8328,2907.25160315228,69,15
62,8309,3766.39216702472,63,1
11,1962,130.768327168772,80,69
67,2464,1291.81300371503,86,19
86,9509,7444.66804879385,95,9
39,3375,675.150738573283,76,37
5,1612,87.0823528577542,52,47
32,3125,474.158689823886,87,55
13,9171,658.965683545272,87,74
47,1574,427.328274299982,88,41
70,3588,2037.32437692911,76,6
75,9974,6382.26948243309,96,21
12,1840,127.312991539208,66,54
64,1692,814.386244495974,72,8
48,7368,2075.70822069442,52,4
3,6116,311.316781559661,80,77
24,5554,612.67509659521,84,60
18,3181,277.038606452236,78,60
67,2803,1469.54214667745,72,5
98,5427,5088.58104269755,99,1
10,1888,121.27053610529,86,76
46,6822,1784.32185916392,73,27
23,9528,1010.20943864561,79,56
11,1056,70.3829528492471,59,48
55,9139,3301.78603063154,79,24
96,2509,2267.13552978453,96,0
48,4862,1369.71951262436,63,15
0,6776,437.947605333884,66,66
47,2967,805.516511974616,84,37
93,9408,8092.33067023591,94,1
51,1835,576.440798580156,71,20
18,9367,815.787685205312,68,50
76,9019,5898.43025909651,84,8
57,3473,1342.11629120762,77,20
64,8593,4135.94621687583,87,23
50,2887,874.890213255342,65,15
38,1205,231.805892634257,54,16
13,1098,78.8948119651847,67,54
11,1975,131.634783974681,58,47
42,5462,1227.35581079845,87,45
93,6420,5522.18993440843,96,3
68,9962,5367.07125260744,85,17
7,6873,396.644765880154,81,74
33,3711,585.91381781892,49,16
61,5492,2413.84800390609,85,24
82,8554,6282.87699908339,87,5
22,7684,783.100233829571,76,54
64,5574,2682.85397566227,70,6
40,4544,945.096062373274,63,23
89,5060,4130.74161643169,91,2
41,1323,286.043308849571,66,25
14,6885,513.90209040123,77,63
49,7228,2112.298004009,91,42
44,2816,683.047887051945,78,34
11,1954,130.23512298052,78,67
90,7175,5934.6880808506,91,1
37,1808,334.41359740533,84,47
69,3746,2072.57834231471,79,10
64,3791,1824.66799815853,87,23
70,2800,1589.88524398035,90,20
27,4227,525.452758250224,61,34
94,1272,1109.74015978142,96,2
22,4815,490.711559850258,59,37
14,5704,425.751274313525,16,2
32,4648,705.244668896455,86,54
66,1062,541.472760857421,67,1
68,5230,2817.68546989931,82,14
86,6629,5189.89425759327,97,11
19,9601,869.505725373866,80,61
49,8275,2418.27144205513,91,42
38,8250,1587.05279189429,79,41
48,2650,746.556295445197,83,35
26,4771,569.888334726829,52,26
70,2362,1341.18176652914,92,22
61,8034,3531.1097711911,75,14
77,1407,939.805053723728,77,0
26,7906,944.359080769295,81,55
47,2532,687.417528924748,90,43
15,3401,263.754118925387,75,60
74,2053,1284.44951686664,85,11
35,3800,649.507603221696,89,54
51,9609,3018.53930984017,80,29
74,4217,2638.34564667639,82,8
75,2724,1743.06216865327,78,3
75,8221,5260.54114849432,80,5
83,6864,5127.6451756072,88,5
68,8631,4649.98915692178,69,1
23,1195,126.700281190334,68,45
43,1948,454.839841629575,76,33
2,4695,232.782290942001,9,7
53,5116,1724.95684582867,68,15
74,8173,5113.39790616224,74,0
0,4138,267.447932537133,79,79
94,8541,7451.48640306062,94,0
21,4494,440.262309360864,70,49
95,1058,937.868720346051,96,1
24,7798,860.216133102168,34,10
50,4412,1337.03346757276,54,4
24,6530,720.340003739056,79,55
9,6522,403.914881968659,83,74
12,5907,408.716217946795,85,73
18,9529,829.896535958302,85,67
87,3464,2751.43836723556,91,4
28,1258,162.742611145655,76,48
44,4932,1196.30404081683,69,25
60,8068,3436.4529794648,66,6
32,2844,431.522340434922,56,24
64,9891,4760.69405692061,90,26
3,1028,52.3272811385434,67,64
17,1436,120.294348815427,82,65
57,6752,2609.2626542568,82,25
73,2114,1292.26747687694,92,19
18,9139,795.930784145547,73,55
95,2295,2034.41277239526,98,3
45,2129,536.321114144105,72,27
3,5579,283.982394427951,64,61
83,3594,2684.84218547964,83,0
12,1293,89.4650532935849,58,46
19,1620,146.713808468458,85,66
56,7770,2903.94577385803,83,27
68,5823,3137.16682432575,84,16
47,4343,1179.08938709328,82,35
11,3456,230.344209324809,22,11
8,6144,367.160834178594,79,71
64,1836,883.695712112652,94,30
38,9110,1752.49102232206,69,31
11,6286,418.965190918909,86,75
49,5510,1610.23270643187,92,43
36,5987,1064.58831125433,76,40
0,1653,106.836982233901,69,69
86,2890,2262.60286686447,93,7
32,8712,1321.87856183862,68,36
26,6655,794.929127563833,82,56
45,6841,1723.33148983552,76,31
6,6664,371.831363488793,83,77
19,7315,662.476240090598,65,46
0,1956,126.420530701458,88,88
7,3342,192.868733823872,79,72
15,5292,410.404821332886,87,72
28,1773,229.366176121818,81,53
97,7360,6780.04557998391,98,1
25,1194,137.051467990579,75,50
82,1566,1150.22040923131,84,2
56,5302,1981.5599090084,59,3
16,7782,627.173738255475,78,62
46,4857,1270.36811345048,88,42
60,6447,2746.01045595061,79,19
64,9339,4495.00776439001,68,4
74,4625,2893.60887262943,85,11
58,4501,1797.63878246995,84,26
68,3765,2028.41028569233,78,10
20,6006,565.683664948289,31,11
57,6571,2539.31648417083,62,5
93,4470,3844.88925339652,93,0
66,2641,1346.5438431492,76,10
9,6217,385.025884881808,69,60
93,4657,4005.73808793459,95,2
90,7940,6567.44576473223,91,1
5,5909,319.211924960589,51,46
85,5541,4273.44681218063,85,0
6,4141,231.055473620512,73,67
5,5656,305.544533352021,76,71
42,6159,1383.97737801312,91,49
4,5653,296.137038139975,65,61
15,3105,240.798747210622,22,7
29,4073,548.354335104416,90,61
19,4543,411.432612266792,86,67
18,6479,564.266938448299,81,63
2,7598,376.71562227419,73,71
14,7188,536.518260828474,84,70
67,6524,3420.36852120003,80,13
74,4743,2967.43500170409,95,21
11,2894,192.886615100115,81,70
30,8619,1207.58844321547,60,30
39,9507,1901.82461381221,91,52
49,5561,1625.13685670919,69,20
13,1827,131.275793679775,81,68
59,6529,2693.55979523064,67,8
85,8245,6358.88268659616,85,0
60,8260,3518.23272315062,76,16
79,5614,3903.25383034923,96,17
34,5818,955.804749462952,84,50
27,8795,1093.29477379009,88,61
71,2176,1267.19206735109,81,10
8,5738,342.898578534631,25,17
92,4591,3896.83098385303,93,1
2,6719,333.134017644154,81,79
19,3498,316.793149396707,74,55
58,8018,3202.28121702823,71,13
61,5402,2374.2911356702,89,28
55,3442,1243.54387979361,91,36
1,9030,437.347995895133,76,75
60,4061,1729.72676618822,88,28
57,6496,2510.33326452195,73,16
74,7165,4482.74758321944,84,10
83,3111,2324.02449611218,89,6
62,2308,1046.19486358082,78,16
27,6976,867.177298687854,77,50
30,1103,154.538815740418,83,53
7,1870,107.918770870928,78,71
72,6723,4012.61221204821,82,10
82,2873,2110.20640850673,98,16
72,8722,5205.71228818749,82,10
50,5796,1756.44741116313,62,12
54,6416,2239.78461645353,90,36
30,6113,856.478495576767,31,1
88,3304,2661.13882153344,88,0
27,5999,745.727725749489,83,56
42,1779,399.755764813336,88,46
59,3288,1356.4748976441,60,1
17,7812,654.414660825987,83,66
5,4852,262.111399544555,74,69
6,8360,466.463115060971,84,78
68,6878,3705.55270783316,90,22
55,6509,2351.60578546676,75,20
57,8481,3277.42247789573,84,27
40,1040,216.307197374165,64,24
27,8434,1048.41934305237,36,9
34,5185,851.812929866863,54,20
91,3875,3246.82113525411,94,3
4,9067,474.98222621885,65,61
43,1224,285.792590428439,60,17
61,6561,2883.69569439692,85,24
91,4607,3860.15612132017,95,4
42,6954,1562.6203420528,82,40
75,6752,4320.54176312294,77,2
92,6657,5650.44736647999,92,0
3,2869,146.037908158055,76,73
59,5864,2419.21192207574,80,21
38,5884,1131.90528818255,83,45
82,5413,3975.82571849876,92,10
64,2536,1220.61673524928,94,30
92,1604,1361.47177044223,93,1
78,8110,5528.7104743283,78,0
42,5991,1346.22641202737,75,33
81,2713,1957.91927391069,88,7
36,4965,882.859690225116,75,39
77,8199,5476.51857532398,89,12
1,2523,122.195901843125,85,84
62,9183,4162.56821155229,82,20
90,5315,4396.21841807957,91,1
65,1079,534.681579285658,82,17
12,2415,167.098301395211,50,38
49,5229,1528.11376078625,75,26
28,5975,772.962719869071,55,27
35,4724,807.440504636656,75,40
21,9775,957.624404539931,66,45
50,7049,2136.16249159574,93,43
26,1835,219.18782104878,44,18
83,1989,1485.85172702254,89,6
7,8988,518.702627052353,88,81
50,2784,843.676603291608,91,41
10,2739,175.932202538342,71,61
14,6723,501.810276509437,89,75
30,4246,594.897381354319,30,0
33,8774,1385.28909661633,80,47
82,4435,3257.48883457269,92,10
48,6034,1699.89459876088,73,25
34,4894,804.006263986196,63,29
3,1312,66.7834560834328,88,85
99,8107,7720.95238095238,99,0
10,4513,289.88025923897,87,77
79,6571,4568.62859266562,90,11
39,4152,830.585441942599,64,25
5,2455,132.622317782746,74,69
48,4933,1389.72158695515,85,37
42,7683,1726.43256945523,77,35
68,5757,3101.60903445704,84,16
0,8305,536.770198095914,70,70
4,3305,173.135133743608,89,85
80,5757,4079.40784000091,91,11
29,8879,1195.39360210953,84,55
77,6132,4095.86680130341,86,9
78,7497,5110.81904143518,85,7
78,4221,2877.51996450552,82,4
62,9952,4511.1487358563,92,30
71,1123,653.978259023562,85,14
12,8860,613.039730998579,84,72
82,5642,4144.02525471458,83,1
67,9242,4845.34731344738,94,27
21,8723,854.563445606324,87,66
8,1504,89.8779125333016,66,58
41,3325,718.891913775378,63,22
61,8693,3820.75395082951,75,14
70,3756,2132.71749156793,71,1
41,2961,640.192167425231,80,39
8,3888,232.343965378641,48,40
40,4099,852.541540419905,86,46
49,3564,1041.53708996791,80,31
30,5124,717.911959976338,83,53
95,5596,4960.59863804962,95,0
29,7392,995.196475593382,75,46
63,6676,3119.21664809535,74,11
71,5120,2981.62839376727,88,17
88,1368,1101.8274539521,90,2
67,4167,2184.65291659113,67,0
76,3987,2607.49988280494,81,5
41,5485,1185.90139761141,67,26
7,2966,171.16955850437,80,73
6,9252,516.234059873696,64,58
89,6448,5263.83832860702,93,4
13,4735,340.224894950045,78,65
83,9720,7261.17586056264,84,1
23,6728,713.338486902565,84,61
87,1929,1532.19532632719,97,10
68,1607,865.778307863898,72,4
64,5493,2643.86740012789,67,3
33,1218,192.30477771583,79,46
88,8973,7227.11823414635,88,0
30,4250,595.457812236424,74,44
77,8074,5393.02487829807,84,7
55,6486,2343.29622438737,90,35
44,1745,423.266535122743,87,43
0,2780,179.677441385507,80,80
0,5087,328.783864866215,60,60
78,3397,2315.78661914837,82,4
80,7497,5312.37112671301,82,2
86,5932,4644.20768382008,88,2
99,6331,6029.52380952381,99,0
52,8276,2693.9482230175,52,0
10,9876,634.357952635513,70,60
68,5731,3087.60142026633,87,19
82,2109,1549.05162392645,96,14
1,2525,122.292767401463,73,72
16,7475,602.43172622201,63,47
21,4561,446.826077657967,87,66
54,8197,2861.52033994227,66,12
69,2760,1527.04650955381,80,11
47,1747,474.296375604872,84,37
20,8670,816.596299550727,46,26
54,3233,1128.61964853402,86,32
19,9859,892.871257833657,82,63
15,8925,692.150988359034,65,50
50,5619,1702.80848918662,79,29
4,5623,294.565463552288,86,82
81,3895,2810.94565863698,89,8
63,6371,2976.71199296217,75,12
95,7924,7024.26440455776,95,0
53,2855,962.617629953254,80,27
70,1807,1026.04379852589,70,0
61,3809,1674.13456789481,72,11
26,8756,1045.8902240344,88,62
83,6034,4507.60649615586,90,7
20,8910,839.201041406803,45,25
73,8598,5255.8731155099,90,17
32,9299,1410.94453013514,40,8
47,8988,2440.16933253382,72,25
60,1425,606.959035168237,85,25
93,9616,8271.24274287718,98,5
22,3752,382.377938225995,90,68
69,3225,1784.32064975038,75,6
54,5180,1808.30491166292,80,26
48,4326,1218.71793739469,73,25
50,1292,391.533825952858,71,21
24,6154,678.862539511509,49,25
6,3755,209.517822614108,77,71
8,5692,340.14965301832,81,73
38,8381,1612.25326652922,67,29
88,3240,2609.59133830761,90,2
39,6182,1236.67610840297,61,22
17,5988,501.617382107784,81,64
62,1074,486.834178286743,70,8
14,8471,632.28244121842,90,76
70,4937,2803.3083748325,88,18
82,4479,3289.80664939145,83,1
31,3690,538.024879067504,85,54
55,6281,2269.23274520152,80,25
31,5690,829.637279646098,71,40
61,8239,3621.21152661732,85,24
33,3232,510.286569439706,77,44
91,6692,5607.15536441819,91,0
82,4963,3645.30261239781,82,0
90,7020,5806.48227561968,95,5
19,4927,446.209218718575,86,67
7,2016,116.344514479032,69,62
89,1392,1136.36212056777,96,7
41,2339,505.710732728002,49,8
81,5117,3692.83926450461,83,2
93,1767,1519.8924632554,93,0
68,3920,2111.9172164446,84,16
81,1386,1000.24921254708,84,3
30,9657,1353.02025712168,87,57
3,1450,73.8079354580621,43,40
53,4805,1620.09727212798,85,32
47,4043,1097.64181257613,71,24
54,3023,1055.30998995309,83,29
11,9028,601.720926442238,82,71
26,8286,989.749474228988,75,49
64,1616,777.806247698282,78,14
65,9935,4923.13391121688,69,4
10,6946,446.157385480587,76,66
4,7555,395.774866999383,38,34
89,4167,3401.73919282032,90,1
64,5603,2696.81213233507,78,14
35,6697,1144.6716891515,84,49
13,5832,419.047853716719,64,51
36,8623,1533.3130128522,84,48
4,5150,269.78697088641,81,77
30,3638,509.711887274379,82,52
89,5245,4281.76675458186,91,2
27,4668,580.272882780233,68,41
89,7591,6196.92877674564,89,0
33,2263,357.295330025388,78,45
53,2765,932.272415699036,79,26
31,2202,321.065253037031,86,55
66,3273,1668.7762206086,86,20
82,3596,2641.24686564226,82,0
88,4695,3781.49115226982,90,2
35,9464,1617.61577812898,74,39
30,2410,337.659606468184,71,41
88,1426,1148.54236062551,88,0
5,2169,117.172222920886,83,78
2,4494,222.816531521481,89,87
37,7002,1295.11283685405,47,10
79,2540,1765.98944230264,82,3
25,3413,391.755996860841,91,66
47,7820,2123.06677574705,88,41
0,6970,450.486246926974,0,0
74,4182,2616.44806601866,83,9
37,1807,334.228634132429,77,40
27,8178,1016.59632291704,78,51
85,5909,4557.26352881707,85,0
76,1959,1281.18692511033,88,12
56,9375,3503.79557656616,88,32
43,7949,1856.01740303567,67,24
10,6816,437.807189668252,64,54
47,3904,1059.90443638318,83,36
19,5227,473.37844250903,62,43
23,1295,137.302815181157,86,63
20,4955,466.693732903559,62,42
3,2846,144.867161595617,90,87
12,3099,214.425522163047,61,49
66,2297,1171.15153643079,66,0
87,3175,2521.88707158571,88,1
79,3153,2192.1908313308,79,0
15,9757,756.674195341075,56,41
72,5174,3088.09394394429,91,19
93,2182,1876.85645434255,96,3
72,2119,1264.72189161537,85,13
74,3447,2156.5988722062,74,0
52,8626,2807.87788445492,72,20
84,5543,4208.71394592473,97,13
79,5471,3803.83001529046,79,0
44,1325,321.391495150507,62,18
58,2677,1069.15774731661,72,14
19,2359,213.640663072279,80,61
63,2142,1000.80318457463,74,11
37,9060,1675.76725248467,85,48
80,8195,5806.97364057798,90,10
12,2670,184.742221418308,13,1
10,4800,308.314922301586,78,68
93,7893,6789.19706421896,95,2
91,4843,4057.89800207371,95,4
5,2864,154.717033861419,58,53
92,3097,2628.72697821669,94,2
22,2875,293.000152558565,66,44
61,1506,661.918261814016,86,25
21,2583,253.047962856945,67,46
42,7820,1757.21758338409,75,33
30,9924,1390.42901850218,85,55
32,2797,424.390993739971,88,56
87,3286,2610.05383219863,98,11
1,9874,478.225261513681,60,59
87,6533,5189.13015391164,89,2
74,1506,942.221613444309,80,6
56,6708,2507.03581094462,92,36
62,3437,1557.96002865134,69,7
81,7775,5611.06610934597,83,2
8,6584,393.454904334613,71,63
21,3441,337.103383736256,91,70
29,3106,418.16561866789,78,49
38,4487,863.164348755114,90,52
52,8224,2677.02153046108,79,27
17,2657,222.578053483698,48,31
43,7374,1721.76026292427,87,44
73,6605,4037.57175249394,89,16
63,8507,3974.71180727189,80,17
85,4989,3847.72173722598,86,1
41,9369,2025.6536361388,76,35
62,1244,563.893591982037,69,7
9,7627,472.348789447249,78,69
26,7030,839.722279004319,83,57
22,3146,320.618601721477,91,69
31,4470,651.753715293156,49,18
26,5679,678.347485414727,80,54
23,9346,990.912826782309,63,40
56,3343,1249.40678532914,81,25
22,9793,998.03495443688,73,51
13,8463,608.093618999415,82,69
63,7324,3421.98063670616,65,2
54,2720,949.534625429177,54,0
42,7372,1656.54834075543,76,34
35,2498,426.965787591525,90,55
4,9488,497.036656266069,85,81
1,2387,115.609043876155,75,74
36,3268,581.104827322392,87,51
43,6129,1431.06436824829,77,34
30,3217,450.726536932842,80,50
85,6508,5019.23693442909,87,2
47,1074,291.582316771398,75,28
52,4677,1522.42579012238,63,11
91,8297,6951.96773140731,97,6
94,5715,4985.9787839236,95,1
5,8449,456.426054153328,75,70
55,2105,760.505481396148,74,19
83,7445,5561.67225122313,83,0
66,3453,1760.55126482173,95,29
63,6399,2989.79438753177,79,16
5,8678,468.796934304957,76,71
25,6319,725.316772389,72,47
52,9679,3150.64340872237,81,29
35,4734,809.149735171449,73,38
56,8792,3285.9062089781,82,26
78,9207,6276.55207609626,88,10
14,2213,165.180149028021,82,68
42,4823,1083.7673151741,69,27
81,5348,3859.54746659579,82,1
94,4533,3954.75797507011,97,3
84,2269,1722.81651511875,88,4
18,4600,400.621688047874,84,66
68,1892,1019.32330956969,70,2
74,3765,2355.55403361077,75,1
17,4142,346.977153755919,63,46
36,8849,1573.499576798,85,49
44,6364,1543.64941519836,87,43
29,6066,816.675029890348,71,42
70,8936,5074.00519293158,82,12
40,4349,904.538462865618,66,26
29,5444,732.934200910494,76,47
22,9049,922.21161060955,69,47
88,8492,6839.70668052723,91,3
56,2262,845.395796713882,78,22
88,2769,2230.23407894252,95,7
37,9156,1693.52372668319,85,48
22,5278,537.897323549255,70,48
99,5408,5150.47619047619,99,0
65,3807,1886.49932561677,76,11
35,5170,883.672186488465,64,29
66,8233,4197.68855003686,79,13
67,8799,4613.09359565283,81,14
32,4457,676.264089774419,57,25
13,2560,183.944188188409,81,68
86,1154,903.475331613009,98,12
36,6456,1147.98432227459,86,50
52,6238,2030.55208013329,78,26
81,1353,976.433755105479,82,1
1,1559,75.5067027243092,82,81
67,7556,3961.4200714573,73,6
22,3746,381.766459646743,81,59
36,1859,330.561160952365,74,38
85,4404,3396.54570670339,96,11
50,6194,1877.05922442106,70,20
37,4086,755.759933074214,78,41
67,1895,993.500666412333,72,5
26,9000,1075.03563457167,73,47
18,4869,424.049347631543,86,68
26,2547,304.235084583784,81,55
9,5339,330.650345726874,76,67
44,9959,2415.6512454369,90,46
69,8252,4565.64775247757,82,13
3,1442,73.4007192624315,82,79
47,9448,2565.05561346012,73,26
66,5212,2657.39739132663,79,13
66,7036,3587.3845060196,77,11
47,2584,701.535108507721,64,17
98,5516,5172.03114640127,98,0
40,2425,504.370147723413,85,45
25,7737,888.079738562066,63,38
97,6387,5883.71618469527,97,0
65,1447,717.038225418301,67,2
71,7970,4641.32388639162,80,9
9,6216,384.963953743818,30,21
43,4198,980.193868152441,71,28
46,8599,2249.10343989308,82,36
12,1331,92.0943433362425,74,62
11,1596,106.374235556249,87,76
70,1302,739.296638450864,72,2
70,7336,4165.49933922852,82,12
79,8743,6078.75814726457,87,8
4,8661,453.713583465474,68,64
91,3795,3179.78998923596,92,1
95,5961,5284.15448202534,98,3
94,4978,4342.9925435471,94,0
35,7075,1209.28060336671,59,24
56,1726,645.072124283006,88,32
5,4518,244.068281768817,71,66
1,1117,54.0994143316571,64,63
72,4455,2658.95989955002,82,10
35,5689,972.38125124427,57,22
11,4410,293.928808773845,81,70
46,8776,2295.39851011765,71,25
83,6090,4549.44043115499,86,3
74,3498,2188.50677545033,81,7
72,3769,2249.52185441168,94,22
0,3809,246.183947567409,47,47
64,5764,2774.3039676565,88,24
12,5080,351.494563597379,37,25
25,8377,961.5411619406,84,59
96,6635,5995.3942766522,96,0
75,4644,2971.65224347496,82,7
32,4799,728.156016788745,74,42
45,4852,1222.27808634438,88,43
9,6566,406.639852040204,12,3
55,9999,3612.49135794778,84,29
32,1222,185.415014068732,54,22
19,1141,103.333614483031,75,56
26,3442,411.141406021745,78,52
55,5216,1884.46393869943,87,32
48,8322,2344.46848705469,60,12
99,3356,3196.19047619048,99,0
38,3534,679.8357050369,79,41
46,9035,2363.14101400558,91,45
37,8985,1661.89500701709,70,33
3,8690,442.338592503834,81,78
90,6220,5144.77489378268,92,2
45,5691,1433.63243804326,79,34
56,8752,3270.95668118475,67,11
74,8811,5512.55951929469,77,3
40,5526,1149.33997374003,92,52
27,9235,1147.9905896477,90,63
52,6521,2122.67234923841,71,19
88,4030,3245.88058437644,92,4
65,4930,2442.98441694003,87,22
30,8274,1159.25127963392,70,40
92,3631,3081.98503645619,94,2
33,2044,322.718362603576,90,57
76,4144,2710.177956946,83,7
56,6203,2318.29802255359,64,8
2,7010,347.562057402221,21,19
5,8555,462.152313088143,73,68
3,3717,189.202824894908,75,72
94,3663,3195.73758276678,96,2
20,4994,470.367003455171,61,41
82,1684,1236.89091260889,88,6
96,1219,1101.48992060875,97,1
67,7786,4082.00326579759,83,16
30,2311,323.788942136089,33,3
74,4882,3054.39967917338,83,9
75,1353,865.772068350909,85,10
45,1711,431.021806623092,76,31
81,7622,5500.64898848038,91,10
58,2470,986.484735103483,91,33
12,6610,457.35808373596,78,66
48,3368,948.83079360733,87,39
63,6369,2975.7775362072,82,19
50,6655,2016.76285736554,69,19
36,8269,1470.36591711409,61,25
89,1986,1621.27526684453,89,0
3,9948,506.37333926676,74,71
64,8923,4294.78041349738,91,27
23,4127,437.566577801261,84,61
12,3452,238.850242822471,68,56
7,1570,90.6055990734528,73,66
38,1560,300.097255194557,57,19
29,4821,649.058740372794,83,54
1,4761,230.588461623115,38,37
55,6962,2515.26801020427,78,23
12,7116,492.369156409242,78,66
22,8309,846.795919168389,77,55
48,8707,2452.93043941182,90,42
87,4087,3246.28423986482,89,2
93,5134,4416.03163913596,93,0
26,9118,1089.13054622495,80,54
4,8607,450.884749207636,77,73
68,9867,5315.88958537217,85,17
53,1914,645.34155647304,75,22
46,5771,1509.42853257622,56,10
18,4446,387.209570665401,69,51
32,3666,556.245042206197,73,41
20,5093,479.691459470802,82,62
87,5644,4483.00177386764,91,4
33,3278,517.549311455246,58,25
88,9355,7534.79227465052,89,1
17,6639,556.151937176616,49,32
44,5411,1312.49009830898,46,2
96,7345,6636.95116232259,96,0
66,5810,2962.29448265689,79,13
97,7153,6589.35679804686,97,0
30,7232,1013.2590348456,83,53
71,8263,4811.95223001932,90,19
15,3454,267.864371293233,72,57
58,6798,2715.02964746295,84,26
18,3419,297.766424225148,32,14
26,6929,827.657990216348,78,52
57,2104,813.075921883341,57,0
10,8081,519.061018149816,67,57
20,1986,187.054238859025,86,66
36,4381,779.014763922705,80,44
8,4998,298.676733272235,82,74
88,1115,898.053809324995,95,7
78,1730,1179.36733916005,93,15
51,7125,2238.22380920088,53,2
98,5832,5468.3258966302,98,0
62,6116,2772.32573035542,71,9
19,9389,850.306140561944,89,70
48,8240,2321.36749979941,83,35
97,2423,2232.07207069307,97,0
92,2984,2532.81281982519,93,1
76,5698,3726.49469080074,92,16
65,1535,760.645249493499,75,10
17,4194,351.333216526394,79,62
96,2039,1842.44294349568,96,0
70,6595,3744.74756573229,87,17
70,6258,3553.39352029609,87,17
38,4960,954.155375490386,65,27
5,4744,256.277097988329,55,50
58,3211,1282.43015563453,77,19
28,3358,434.411516873697,85,57
46,2114,552.925302004183,80,34
69,9488,5249.49901545166,76,7
54,8607,3004.64872098122,76,22
63,9602,4486.32688061886,70,7
14,7275,543.012012733326,74,60
87,4208,3342.39395188431,93,6
89,6554,5350.37165100657,97,8
17,3665,307.018654880599,80,63
58,6424,2565.65908433392,93,35
97,7689,7083.12098702395,98,1
41,7413,1602.75060355395,77,36
60,8640,3680.08846586215,90,30
56,2905,1085.70945599197,65,9
6,9192,512.886238473737,87,81
55,9483,3426.06816155804,75,20
33,5170,816.269048268341,81,48
26,8372,1000.02203695934,44,18
51,6788,2132.35974973411,78,27
88,6345,5110.44970418574,91,3
74,3299,2064.00338828205,79,5
30,2092,293.105351340847,82,52
90,5993,4957.01542418643,90,0
54,9570,3340.82586961663,78,24
34,2758,453.095479377591,83,49
53,7661,2583.0520711285,83,30
31,3713,541.378421674158,70,39
80,8478,6007.50732456621,82,2
34,5665,930.669285958684,72,38
17,2646,221.656578666866,74,57
39,5584,1117.04939976095,89,50
53,5116,1724.95684582867,81,28
38,9967,1917.35214264369,86,48
24,7499,827.232724048879,63,39
89,4934,4027.88125206995,93,4
78,3347,2281.70085790097,82,4
81,1869,1348.82090782863,94,13
62,3733,1692.13406661491,94,32
36,2285,406.311055823643,79,43
76,6985,4568.19329856848,82,6
58,1592,635.823359629451,88,30
91,5762,4827.9182919572,95,4
58,5278,2107.9621181685,93,35
66,7833,3993.74400734103,78,12
31,2823,411.610903416684,58,27
73,9402,5747.35043405723,88,15
54,5087,1775.83920571994,77,23
79,4469,3107.16803844508,90,11
82,3483,2558.24884122135,89,7
19,1479,133.944273286944,80,61
64,5941,2859.49685493533,81,17
41,7075,1529.67226765738,59,18
30,2778,389.219247621832,77,47
99,3032,2887.61904761905,99,0
18,9786,852.279095486194,78,60
97,6727,6196.92481203149,97,0
35,1438,245.787350903368,78,43
57,4662,1801.59693337459,84,27
5,7548,407.7528532074,63,58
35,8431,1441.05226388477,71,36
5,4736,255.844927502682,60,55
42,6454,1450.26627661904,74,32
47,3782,1026.78242274621,88,41
90,2276,1882.55750132627,94,4
70,4376,2484.76350987786,81,11
73,6339,3874.96856003922,74,1
50,8644,2619.51887889823,81,31
72,5375,3208.06048486674,72,0
5,2578,139.26693899956,58,53
36,2889,513.712315218602,89,53
91,9067,7597.14251183199,92,1
28,3564,461.060942864162,90,62
36,8137,1446.89411870328,80,44
96,3052,2757.79100713527,97,1
47,8254,2240.89426688186,85,38
39,4187,837.587005157433,72,33
40,9121,1897.05571850938,41,1
5,8069,435.897956085123,89,84
35,7770,1328.07212553489,70,35
87,3614,2870.5826383341,90,3
37,6610,1222.60723387679,77,40
37,8276,1530.75604653015,77,40
45,7673,1932.92245600174,64,19
19,5577,505.075870264561,69,50
1,9143,442.820899941218,84,83
87,6866,5453.63043575039,92,5
19,1605,145.355347278935,85,66
75,2655,1698.90971283937,78,3
91,7189,6023.58635905594,94,3
70,5790,3287.65555808794,87,17
0,6576,425.021170701834,46,46
99,5204,4956.19047619048,99,0
33,2974,469.552059874284,59,26
16,8355,673.353454526407,75,59
44,2426,588.449635649154,58,14
71,1818,1058.71101950564,76,5
83,8200,6125.68333915778,93,10
28,5761,745.278364713928,65,37
6,3108,173.417148517882,85,79
67,2458,1288.66735516703,79,12
41,7056,1525.56431386438,83,42
76,3604,2357.01770193855,79,3
53,3505,1181.77751067816,89,36
86,1559,1220.55289600059,96,10
59,7717,3183.67298817504,78,19
43,4610,1076.39202767574,80,37
60,2580,1098.91530577828,67,7
90,6689,5532.70084638462,91,1
77,3046,2034.57440912756,79,2
52,1192,388.011875524028,60,8
27,4641,576.916548625334,77,50
75,8243,5274.61874310166,90,15
62,6276,2844.85223736275,69,7
11,3328,221.812942312779,71,60
67,7711,4042.68265894749,68,1
43,1500,350.236017681911,91,48
50,1953,591.846410283229,92,42
82,5519,4053.68227238032,93,11
53,9867,3326.84698940412,75,22
49,1759,514.047065447126,67,18
10,7575,486.55948675719,72,62
45,6171,1554.55030313916,73,28
45,3643,917.716213634088,78,33
21,1802,176.535977184752,71,50
3,4758,242.191832351351,76,73
46,5785,1513.09028954314,46,0
90,6568,5432.61760488177,93,3
7,8494,490.193604159177,77,70
49,4534,1325.0081834777,74,25
4,2214,115.982204571361,32,28
63,1163,543.386603016011,69,6
49,6097,1781.7765537414,70,21
10,7442,478.016594118417,88,78
99,3042,2897.14285714286,99,0
24,5219,575.720440966942,84,60
84,3662,2780.49981417578,88,4
59,1030,424.929788495567,69,10
61,1993,875.964871046038,79,18
33,6462,1020.25736748743,82,49
13,1618,116.258475190955,85,72
60,9379,3994.85529181958,81,21
77,4058,2710.53938024939,79,2
93,4377,3764.89491322519,93,0
14,5409,403.732230498222,83,69
96,9969,9008.00083556078,97,1
48,9714,2736.621831681,90,42
83,6357,4748.89865695439,85,2
33,9420,1487.28325622588,63,30
12,3955,273.65373996607,26,14
50,5635,1707.65720529749,82,32
52,3295,1072.56638410375,73,21
6,8003,446.543577731214,83,77
71,3679,2142.46305872456,86,15
39,6733,1346.90071787079,63,24
94,6789,5922.97637166357,95,1
88,5336,4297.77141395352,92,4
96,8536,7713.14024800349,98,2
71,6379,3714.80615700027,89,18
15,4915,381.167743169149,68,53
26,8617,1029.28689590046,52,26
85,5994,4622.81902043146,85,0
40,4563,949.047828479148,61,21
0,8400,542.910254546138,60,60
69,8062,4460.52498551553,70,1
44,1971,478.085009012565,70,26
61,4087,1796.32133866792,74,13
73,3399,2077.77538027659,74,1
75,9385,6005.37388135497,78,3
57,3019,1166.67120159972,81,24
45,4267,1074.90943825876,62,17
11,3948,263.136266902299,75,64
57,1270,490.782519387758,67,10
75,6406,4099.13959338945,87,12
17,7861,658.519412282781,70,53
24,1302,143.626751128369,73,49
64,4842,2330.53084861082,85,21
66,8716,4443.95158534207,75,9
38,6660,1281.1844356383,75,37
62,3094,1402.48132925436,68,6
85,2376,1832.46880089175,87,2
81,1197,863.851592654293,84,3
31,3137,457.394050307523,81,50
47,4964,1347.68586634378,74,27
10,7440,477.888129567458,72,62
64,9684,4661.06169722164,78,14
5,4164,224.944737778963,86,81
19,1922,174.064160417516,84,65
52,5258,1711.54902810851,84,32
44,8691,2108.08564856834,55,11
16,5957,480.091744896924,50,34
34,9520,1563.98439582112,75,41
3,6464,329.030686069596,59,56
78,7985,5443.4960712098,89,11
86,2439,1909.51155442299,93,7
56,5502,2056.30754797515,82,26
68,2100,1131.38422309532,81,13
17,4092,342.788631861231,88,71
86,1598,1251.08629108977,91,5
23,7540,799.431062908047,88,65
30,4978,697.456232779511,76,46
18,3242,282.351198402436,87,69
23,8900,943.625525183238,75,52
12,1254,86.7665714076995,71,59
27,7424,922.867583924689,87,60
26,9435,1126.99569024264,70,44
60,6335,2698.30560546721,64,4
73,3471,2121.78827447486,79,6
63,2412,1126.9548464958,94,31
39,8773,1754.99183096397,72,33
67,5297,2777.08339313252,90,23
1,3052,147.816842023471,90,89
41,7116,1538.53679952649,64,23
15,5878,455.850253173603,78,63
77,5256,3510.74297254578,88,11
1,9934,481.131228263815,54,53
81,8745,6311.09622202322,97,16
60,9815,4180.5634597728,89,29
48,2376,669.365191689732,67,19
26,9720,1161.03848533741,63,37
15,1769,137.189366768306,54,39
39,5633,1126.85158826172,79,40
25,8163,936.977498498403,77,52
20,9885,931.032805197109,73,53
82,3227,2370.21791863948,87,5
68,9087,4895.66115965105,82,14
11,6997,466.353713149794,77,66
9,4033,249.768279512358,84,75
63,3555,1660.9968819621,82,19
62,2683,1216.17886437926,72,10
76,6395,4182.33301994924,89,13
53,9344,3150.50757768238,77,24
56,1761,658.152961102187,90,34
20,4738,446.25527880869,71,51
77,7921,5290.82859313834,96,19
1,2229,107.95666476747,24,23
43,4924,1149.70810071049,84,41
83,1430,1068.25941158483,86,3
80,8102,5741.07387870199,82,2
69,1981,1096.04316500946,87,18
60,8340,3552.30761635305,64,4
5,2334,126.085739187344,78,73
2,5836,289.354089443561,60,58
67,7910,4147.01333578974,76,9
2,8853,438.939642536642,54,52
21,9791,959.191871595955,74,53
86,8319,6513.00804479084,89,3
32,3035,460.502919556958,64,32
52,4559,1484.01521855205,55,3
45,4235,1066.84824725236,81,36
96,6626,5987.26186542539,97,1
58,6735,2689.86829591982,65,7
64,3613,1738.99379513236,65,1
64,6554,3154.54340805355,70,6
57,2890,1116.82006380364,88,31
16,6619,533.444226871369,79,63
55,1070,386.575232823695,59,4
68,2765,1489.65589374218,88,20
43,3055,713.314022678825,82,39
20,9522,896.843133139795,68,48
72,1917,1144.15850223061,73,1
52,2435,792.624930286081,87,35
0,6693,432.583134961583,75,75
11,4770,317.922997245179,70,59
14,3228,240.940587917962,86,72
49,7319,2138.89168391558,73,24
13,8288,595.519309259973,83,70
61,1130,496.6584567396,75,14
94,9824,8570.8233723999,94,0
79,9866,6859.54796762121,82,3
24,5567,614.109157858396,91,67
7,3719,214.625619716032,76,69
90,5204,4304.40651884969,90,0
37,2134,394.711624371114,69,32
33,7944,1254.24396894462,50,17
41,3987,862.021672247348,91,50
0,2064,133.400805402765,83,83
1,9997,484.182493351455,69,68
24,9724,1072.67782486349,61,37
88,2889,2326.88560999095,95,7
39,7410,1482.33095491201,80,41
9,3936,243.76095912736,69,60
66,1807,921.319471628399,88,22
4,8162,427.573059490267,90,86
19,3210,290.71069455787,67,48
1,3386,163.993390265883,27,26
82,8818,6476.78388799595,90,8
2,7120,353.015955592555,81,79
61,7985,3509.57325404045,72,11
6,4847,270.448172093364,83,77
34,2601,427.302879572557,78,44
0,3844,248.446073628018,54,54
73,2419,1478.71098702238,77,4
87,3198,2540.15585982082,88,1
31,6548,954.738999494314,75,44
17,3039,254.578360759111,64,47
11,1406,93.7106360852666,70,59
7,6160,355.497127574821,73,66
58,8125,3245.0155759983,63,5
64,3854,1854.99089024083,84,20
96,8206,7414.95183635387,97,1
74,3371,2109.04983992083,79,5
80,1207,855.279705207763,92,12
87,5064,4022.31059228663,89,2
34,1934,317.725401419964,79,45
47,6563,1781.80143852019,82,35
43,2454,572.986124927606,46,3
65,7247,3591.1375394654,70,5
30,2734,383.054507918678,81,51
85,7718,5952.43863858692,90,5
5,2182,117.874499960062,86,81
91,2844,2382.95724094521,91,0
73,5412,3308.30254723652,92,19
93,6276,5398.32773027217,93,0
64,5036,2423.9061035944,75,11
50,7365,2231.92463478545,70,20
29,2248,302.651742036515,83,54
24,9516,1049.73284465251,35,11
39,3225,645.144039081137,70,31
98,8280,7763.6725692898,98,0
57,9372,3621.74312732446,61,4
86,6697,5243.13197210773,97,11
61,2312,1016.17199290439,79,18
14,6813,508.527950893767,88,74
46,5499,1438.28582579045,85,39
58,1092,436.130093414171,82,24
48,2090,588.793455653005,71,23
28,4688,606.468490501457,71,43
68,1030,554.917023708659,71,3
4,1504,78.7882726627495,56,52
99,2480,2361.90476190476,99,0
40,4798,997.924935578118,74,34
78,8567,5840.25433212954,83,5
77,6921,4622.879016931,82,5
15,6238,483.76894850237,34,19
51,8608,2704.08849818964,74,23
82,8322,6112.47397549357,94,12
55,1531,553.127739675773,80,25
54,3264,1139.44155051501,80,26
26,1359,162.330380820323,87,61
13,1821,130.844674488708,66,53
21,5163,505.802025640886,58,37
15,8409,652.134191721134,75,60
95,5529,4901.20619545682,98,3
24,6735,742.954046735458,73,49
5,9781,528.382440013458,80,75
2,5291,262.332502955085,83,81
68,6257,3370.98623043212,91,23
51,7414,2329.00930826881,56,5
49,1901,555.544895631032,79,30
44,7242,1756.61676066413,54,10
76,7587,4961.90158285455,90,14
82,7580,5567.47809832267,88,6
6,9523,531.355053196845,56,50
31,1620,236.20604446866,79,48
15,7644,592.806964147502,84,69
84,6237,4735.65738422019,91,7
55,1589,574.082285006403,77,22
15,1636,126.874959882956,90,75
1,4634,224.437498668665,45,44
5,1155,62.3946138652023,58,53
90,3394,2807.29356744347,98,8
40,1681,349.627306524972,66,26
9,9642,597.140032496444,73,64
14,4256,317.671357552307,67,53
86,6344,4966.76560117238,89,3
78,1906,1299.34921875089,82,4
13,9613,690.724797287177,85,72
81,6869,4957.22355049485,84,3
54,6758,2359.17463185676,79,25
39,9001,1800.60201419204,83,44
20,8108,763.66352903775,71,51
6,2775,154.836739748109,64,58
78,1226,835.782865786252,86,8
40,8199,1705.29106852959,52,12
1,7634,369.735836175354,43,42
26,4087,488.185626499382,85,59
60,6101,2598.63654285011,87,27
51,7936,2492.98865260606,82,31
94,9219,8042.9988467177,96,2
70,1920,1090.20702444367,79,9
0,2066,133.530069749086,77,77
39,2717,543.521350134403,64,25
28,7664,991.462139761768,81,53
99,1789,1703.80952380952,99,0
28,7910,1023.28621157562,88,60
12,2813,194.636654999887,72,60
96,6102,5513.77481177569,97,1
88,2102,1693.01265219833,91,3
74,3997,2500.70371111348,82,8
95,8029,7117.34211309872,97,2
35,8174,1397.12503914056,82,47
52,6858,2232.37033753673,86,34
16,7353,592.599395707082,79,63
88,7417,5973.87004821838,90,2
80,9037,6403.61449541223,95,15
68,6124,3299.33189630275,80,12
67,3747,1964.45751823061,79,12
98,2473,2318.7877130258,99,1
51,8924,2803.35568748191,83,32
3,8437,429.460380317014,43,40
68,7174,3865.02400785041,81,13
61,7091,3116.64169623054,78,17
75,3532,2260.09382514073,91,16
26,3456,412.813683675523,81,55
67,5139,2694.24798136833,86,19
10,3589,230.529636695915,42,32
34,9291,1526.36334260232,83,49
29,7720,1039.35562656668,84,55
51,4864,1527.96078708113,88,37
69,2669,1476.69823695621,70,1
49,4018,1174.21325126012,93,44
18,3305,287.837973695266,72,54
66,8143,4151.8010279303,92,26
53,6871,2316.68852378592,61,8
5,9912,535.459231715918,53,48
97,6578,6059.66573711062,97,0
74,5372,3360.96580838169,93,19
26,7033,840.080624215843,81,55
65,3415,1692.24985473635,89,24
25,1903,218.432951077111,44,19
53,5416,1826.1075600094,58,5
98,5416,5078.26698493642,98,0
94,8248,7195.86229392858,98,4
34,7138,1172.65972871546,85,51
89,7556,6168.35645331182,89,0
72,6372,3803.11840178063,73,1
96,8203,7412.2410326116,96,0
92,4979,4226.16455425926,93,1
11,6311,420.631454007196,77,66
21,7348,719.859245479224,57,36
86,6881,5387.18696432332,91,5
59,4136,1706.3200050657,86,27
13,8099,581.939054741376,34,21
27,1410,175.275228089145,64,37
44,5572,1351.542196965,83,39
96,8006,7234.23158686925,97,1
62,7330,3322.62060227358,70,8
45,3537,891.01351842541,92,47
19,5772,522.735865728357,71,52
23,9992,1059.40519636302,79,56
85,5152,3973.43403291006,96,11
28,4572,591.462017613622,85,57
49,4159,1215.41884320329,92,43
46,4913,1285.01514131814,53,7
9,3082,190.871767284178,80,71
19,1508,136.570631586688,68,49
26,3274,391.074074176407,71,45
97,6408,5903.06142344251,97,0
15,5378,417.074287439203,83,68
46,5861,1532.96839879211,62,16
33,8680,1370.44784119327,80,47
74,9294,5814.74613237145,86,12
9,4877,302.038159975644,72,63
26,4584,547.551483208506,90,64
27,9527,1184.28872198956,81,54
4,2108,110.429307694864,58,54
35,8084,1381.74196432742,76,41
77,9569,6391.60949472804,89,12
74,6559,4103.60661525977,82,8
30,3954,553.985926960664,85,55
51,9111,2862.09924570234,81,30
44,3226,782.497330834366,78,34
34,4186,687.693138750759,76,42
69,1631,902.395962710968,84,15
33,8216,1297.18887825391,76,43
56,1467,548.273931821072,62,6
64,7998,3849.56334720969,70,6
27,8135,1011.25105000368,81,54
42,7161,1609.13492514238,70,28
49,7367,2152.91911947071,72,23
54,3012,1051.4699602179,73,19
73,7550,4615.24098884621,76,3
1,7392,358.015103616481,50,49
36,5244,932.470536866164,68,32
42,4080,916.809173939523,72,30
60,2489,1060.15511476052,66,6
12,6553,453.414148671974,48,36
37,9938,1838.16500609191,69,32
26,6499,776.29517656459,75,49
95,2102,1863.32707955331,97,2
92,3854,3271.26695965358,94,2
29,8932,1202.52907467534,51,22
20,4214,396.901592422925,62,42
52,1964,639.308157323147,80,28
28,5877,760.284837601762,84,56
16,3633,292.793907874858,70,54
58,1944,776.407419045008,89,31
88,4429,3567.24692511247,92,4
94,9161,7992.39748723081,95,1
74,5773,3611.84951820318,87,13
36,6781,1205.7747350285,65,29
55,9501,3432.57129631582,80,25
59,8671,3577.24873402434,85,26
90,9158,7574.89525357906,90,0
41,1265,273.503239376196,76,35
20,6396,602.416370464412,78,58
44,9622,2333.90865384013,82,38
71,8736,5087.4034468654,76,5
36,7647,1359.76395793584,82,46
89,1336,1090.64640307366,92,3
77,2168,1448.11468121751,83,6
35,5120,875.126033814495,65,30
19,1212,109.763664113439,64,45
2,6667,330.555811226905,74,72
97,9894,9114.3710554838,97,0
45,4200,1058.03131958912,91,46
83,5299,3958.53609929233,84,1
73,6612,4041.85078387433,85,12
15,1738,134.785256892773,79,64
50,3003,910.043405059159,78,28
62,1664,754.275672876294,81,19
25,3364,386.131606633422,77,52
28,2600,336.351978520433,75,47
30,3085,432.232317823381,84,54
74,4612,2885.47548552799,77,3
17,3681,308.358981886899,87,70
29,5759,775.343141631803,79,50
20,2545,239.704450098801,89,69
55,7499,2709.27819714476,83,28
39,1748,349.67807141514,53,14
22,1417,144.410857800169,68,46
64,5961,2869.12316988209,73,9
67,2757,1445.42550780939,81,14
49,6086,1778.56193309335,72,23
75,3243,2075.16542325351,80,5
92,7543,6402.48227209833,95,3
36,6851,1218.22190085242,81,45
24,6774,747.256230525018,85,61
47,4823,1309.40550632072,93,46
29,6953,936.09322169924,31,2
22,1572,160.207387764196,83,61
96,8121,7338.14573032291,96,0
38,8916,1715.17123545812,63,25
31,9957,1451.79233628053,72,41
73,4937,3017.93970356738,89,16
26,1542,184.18943872328,67,41
60,7845,3341.46921466303,90,30
38,1932,371.658908356336,83,45
54,5607,1957.36788411081,72,18
35,5168,883.330340381506,74,39
62,7022,3183.00707628446,81,19
87,4197,3333.65670533708,93,6
97,2917,2687.14578217569,99,2
77,6002,4009.03335639646,77,0
67,8591,4504.04444598858,70,3
38,8901,1712.28568492741,85,47
70,4858,2758.45089830591,73,3
35,7227,1235.26090749558,89,54
0,6830,441.437742684538,34,34
42,6424,1443.52503269301,90,48
65,5025,2490.06018156667,84,19
34,9585,1574.66286070856,81,47
68,1891,1018.78455517774,86,18
46,5901,1543.43056155472,48,2
79,3358,2334.72147529617,84,5
33,3020,476.814801889824,71,38
12,3636,251.581541976392,74,62
37,9672,1788.96477550019,43,6
54,1270,443.348887608476,72,18
17,2094,175.415296949516,67,50
97,6966,6417.09205301194,98,1
49,2067,604.056443592501,69,20
10,2515,161.544172830935,72,62
66,1835,935.595589617106,71,5
34,5751,944.797716425135,74,40
80,4156,2944.93989630776,88,8
54,3289,1148.16889082227,90,36
13,7071,508.073966671968,50,37
27,1603,199.266801863049,40,13
0,2432,157.185445125739,59,59
65,1187,588.199290650673,88,23
71,8359,4867.85776240246,78,7
66,5104,2602.33236479875,89,23
55,3600,1300.62695155636,91,36
77,7532,5030.99620799369,77,0
65,2045,1013.36777538385,78,13
10,1909,122.61941389036,86,76
41,2222,480.414385686884,86,45
81,5211,3760.67723418673,93,12
45,5751,1448.74717118025,87,42
38,5952,1144.98645058846,77,39
96,4961,4482.76578846595,97,1
49,7954,2324.46296678024,86,37
4,6913,362.143170822864,80,76
27,9733,1209.89630850471,84,57
21,5572,545.870402260511,56,35
79,6139,4268.27133318737,82,3
36,2391,425.159621214149,68,32
85,9446,7285.14322105365,92,7
90,4947,4091.83302243455,91,1
81,5213,3762.1205952438,88,7
59,4088,1686.51745181542,80,21
34,4130,678.493230540047,76,42
52,3526,1147.75996065245,76,24
90,2194,1814.73249468797,97,7
93,2613,2247.58291255595,94,1
76,2283,1493.08307811479,84,8
39,5354,1071.03912720633,86,47
40,7026,1461.32150841431,80,40
28,5545,717.335277267615,58,30
24,3169,349.58001100292,68,44
78,4191,2857.06850775708,81,3
53,5731,1932.31580989916,86,33
14,6927,517.037005113918,78,64
43,9946,2322.29828790952,83,40
79,2178,1514.30118320282,86,7
88,3085,2484.74977737005,92,4
31,4216,614.718940419674,91,60
4,9576,501.646608389953,86,82
22,8105,826.005647473799,88,66
71,3614,2104.61035450682,80,9
94,3894,3397.2705834818,96,2
2,7483,371.013819620659,56,54
17,1262,105.718292621914,80,63
44,7783,1887.84151453313,82,38
72,2400,1432.4363095219,93,21
88,4790,3858.00694768316,90,2
89,8452,6899.80793321751,97,8
69,5633,3116.613401564,70,1
60,1600,681.497864048547,84,24
10,3995,256.607940540591,78,68
3,9133,464.888189336884,88,85
75,9145,5851.80012200226,85,10
3,9178,467.178780437306,75,72
19,2512,227.496967205411,60,41
58,6282,2508.94619672878,80,22
73,4778,2920.74456221287,87,14
76,1422,929.988671519596,80,4
44,5910,1433.52734818075,85,41
15,8599,666.869058700206,86,71
60,8916,3797.64684741053,77,17
53,2479,835.842068180076,83,30
62,3419,1549.80079661301,83,21
89,9913,8092.4983485548,90,1
18,6852,596.752131848702,48,30
70,4929,2798.76584556398,82,12
11,9531,635.246139778574,69,58
34,3488,573.022854267236,73,39
31,9223,1344.77058526818,77,46
34,8110,1332.3438498014,68,34
89,4724,3856.44731146705,91,2
70,9396,5335.20062587121,84,14
36,7228,1285.25877964696,72,36
36,9901,1760.56269746604,70,34
92,1329,1128.05235842751,93,1
19,4260,385.802977824463,86,67
63,6138,2867.84778100797,68,5
88,8116,6536.86521657548,88,0
86,6262,4902.56718072848,91,5
77,6759,4514.67118558541,87,10
47,5590,1517.63980516957,61,14
83,5594,4178.9112925913,88,5
76,1165,761.910550154943,81,5
71,7108,4139.33879353471,79,8
77,1419,947.820448638216,91,14
19,4949,448.201628463208,73,54
98,1947,1825.58822372068,98,0
50,3022,915.801255440819,91,41
98,2416,2265.34214099084,98,0
23,6487,687.786379984682,72,49
54,4523,1578.9504083883,85,31
33,3234,510.602340831686,91,58
18,8620,750.730206733189,89,71
33,1023,161.517066997778,81,48
74,9930,6212.6564551806,81,7
44,7092,1720.2328178169,62,18
88,9672,7790.11340250346,90,2
53,4967,1674.71865778557,86,33
60,7632,3250.74481151157,82,22
9,9736,602.961559467473,43,34
50,1715,519.721758134019,76,26
93,2303,1980.93511198483,97,4
54,4186,1461.30586104652,74,20
0,8621,557.193964814554,73,73
64,8662,4169.15700344215,81,17
66,1028,524.137474728275,76,10
77,8663,5786.44717868419,82,5
35,3535,604.212994049656,87,52
1,1419,68.7261136406637,79,78
23,2819,298.885433201298,58,35
13,2516,180.78264745392,72,59
50,5212,1579.46927311633,50,0
38,7447,1432.57965348325,85,47
87,2393,1900.748271592,88,1
38,3622,696.764268150439,83,45
11,6873,458.08904823189,74,63
35,5698,973.919558725585,63,28
40,5445,1132.49297086762,55,15
74,4206,2631.46354989825,88,14
45,7935,1998.92345736659,74,29
38,8708,1675.15826809885,61,23
50,2633,797.91684499526,82,32
63,1803,842.412764606937,69,6
96,6784,6130.03086251824,96,0
61,5098,2240.6768251845,74,13
68,9549,5144.56568873202,70,2
74,6625,4144.89919592865,82,8
56,2906,1086.0831941868,80,24
18,5468,476.217258749081,85,67
17,1716,143.750071425678,53,36
49,6517,1904.51661484873,70,21
76,4479,2929.26811514506,88,12
37,6405,1184.68976293205,66,29
22,8306,846.490179878763,60,38
9,4378,271.134522118796,52,43
29,2104,283.264797706774,76,47
38,9740,1873.68414461217,50,12
52,3142,1022.76284638968,93,41
64,3438,1654.7635393482,82,18
8,3493,208.739061488579,85,77
97,2152,1982.42637066921,97,0
5,3964,214.140475637802,70,65
45,5092,1282.73701889233,73,28
35,9501,1623.93993110772,80,45
26,6383,762.439161719,73,47
66,2329,1187.46709984645,79,13
92,9998,8486.28102299338,96,4
50,3548,1075.20279758571,85,35
13,1764,126.749042173575,89,76
90,4346,3594.7253518295,97,7
64,2172,1045.41780321824,82,18
26,3419,408.394092733395,66,40
89,4703,3839.30391740676,89,0
12,6706,464.000500685832,46,34
94,8221,7172.3064886502,94,0
93,3358,2888.39778812204,94,1
51,4914,1543.66762082991,75,24
51,3824,1201.25864510655,76,25
4,6365,333.435741687766,83,79
37,4089,756.314822892917,88,51
25,8793,1009.29108713665,72,47
24,6402,706.220015916912,86,62
6,6242,348.285019642414,70,64
22,3398,346.300702050089,77,55
56,2728,1019.5577955064,86,30
88,9260,7458.27647923718,94,6
85,6180,4766.26986090531,93,8
5,2612,141.103663563557,85,80
4,3502,183.455140202759,75,71
70,8597,4881.51551517824,93,23
25,3108,356.747037282009,58,33
2,9718,481.827114669726,88,86
98,6460,6057.16483062948,98,0
54,5403,1886.15278720362,76,22
83,7642,5708.83805827363,83,0
29,4348,585.378013511908,81,52
63,7499,3503.74560276618,82,19
51,5988,1881.05040975366,84,33
67,7008,3674.11750407263,75,8
1,3136,151.885195473659,84,83
50,7945,2407.69059380453,80,30
50,3786,1147.32744973492,84,34
78,2900,1976.97415234921,85,7
73,4904,2997.76712705984,91,18
42,1902,427.394864910042,90,48
71,6387,3719.46495136553,89,18
72,2501,1492.71800421427,94,22
27,3427,426.005820327305,79,52
94,9987,8713.03064130271,96,2
92,1550,1315.63668590115,92,0
52,7359,2395.45251005144,75,23
98,1058,992.024828298141,98,0
90,5591,4624.50746481334,94,4
77,5026,3357.11457001809,90,13
64,7888,3796.61861500251,64,0
15,6763,524.48371252349,83,68
54,5426,1894.18194028629,84,30
47,5764,1564.87939838951,58,11
31,8056,1174.61474953057,81,50
43,4470,1043.70333269209,74,31
0,1203,77.7525043117862,83,83
4,4346,227.668771936376,88,84
9,4912,304.205749805282,80,71
63,4090,1910.96406391701,78,15
33,6006,948.261490115988,68,35
14,6210,463.519532518757,74,60
42,8986,2019.22726397563,48,6
23,3156,334.615972750371,46,23
20,9641,908.051317643433,85,65
46,5322,1391.99075556588,86,40
30,6862,961.419178250904,78,48
23,2702,286.480468432035,68,45
31,5160,752.35999349277,70,39
86,5359,4195.60164827913,98,12
39,1321,264.259000194165,88,49
4,1788,93.6658454261942,75,71
55,8080,2919.18493571538,70,15
67,3378,1771.00013252816,92,25
27,9399,1168.3772119219,65,38
83,7107,5309.17457212126,89,6
71,1015,591.084535092534,80,9
69,7648,4231.46800908245,76,7
28,3276,423.803492935745,54,26
80,8257,5850.90681516197,82,2
83,5080,3794.9355320636,83,0
16,2669,215.102378232313,85,69
22,4556,464.316067845852,80,58
76,7021,4591.73731556898,84,8
57,6602,2551.29621495904,69,12
83,6878,5138.10365935698,85,2
85,3934,3034.06240012969,90,5
23,1155,122.459267594005,68,45
63,8550,3994.80262750378,84,21
10,2895,185.952437513144,72,62
26,3880,463.459806904233,76,50
81,5668,4090.48523572643,86,5
42,8344,1874.96464395867,78,36
85,3093,2385.4486536861,91,6
58,1588,634.225813499729,93,35
10,6648,427.016167387696,80,70
39,6104,1221.07262466706,87,48
98,6302,5909.01745551501,99,1
49,1557,455.014940819315,79,30
29,6253,841.851131207443,60,31
85,2460,1897.25305142833,93,8
96,8293,7493.56514487968,98,2
95,9067,8037.48174610363,98,3
93,4977,4280.98743045962,95,2
6,5637,314.527820526159,87,81
74,6221,3892.13855062221,91,17
61,3925,1725.1189758433,69,8
97,8102,7463.57734905294,98,1
14,7351,548.68471554676,67,53
72,6672,3982.17294047087,80,8
31,3375,492.095925976376,56,25
26,1868,223.129618375543,26,0
40,2633,547.631587198246,88,48
61,2957,1299.66288192832,73,12
52,5140,1673.13845653817,86,34
73,8917,5450.87468841612,80,7
31,9191,1340.10478685892,64,33
68,4527,2438.94113235835,88,20
66,3325,1695.28901115906,87,21
90,6232,5154.70050451023,96,6
52,1224,398.428301712593,86,34
20,9527,897.314065261797,49,29
99,8300,7904.7619047619,99,0
60,2998,1276.95662276096,82,22
69,6141,3397.67848375724,87,18
68,9658,5203.28991745459,78,10
88,3121,2513.74523668458,93,5
74,5214,3262.11387284105,87,13
4,8248,432.078239974972,83,79
61,1694,744.548164351224,79,18
58,9932,3966.70704010032,82,24
12,3340,231.100756380954,42,30
53,9654,3255.0299823358,79,26
66,5762,2937.82113753339,94,28
94,4176,3643.29788305598,96,2
60,8387,3572.32661610948,85,25
12,9239,639.263439581927,46,34
86,1576,1233.86232462921,88,2
72,3539,2112.24670808249,84,12
14,1382,103.153622212709,73,59
37,5957,1101.82621667232,73,36
53,5359,1806.88892431506,76,23
91,8808,7380.12917659824,93,2
70,7308,4149.60048678872,79,9
1,6058,293.405776205173,79,78
73,7866,4808.40869116084,83,10
12,5329,368.723332561109,60,48
66,3051,1555.58699941242,83,17
74,7987,4997.02790609541,91,17
60,7566,3222.63302461957,69,9
25,6651,763.424885766615,72,47
12,7954,550.351921034164,63,51
28,9295,1202.45832321055,77,49
67,1937,1015.52020624839,84,17
85,1642,1266.37784977452,93,8
22,1277,130.143024284274,44,22
81,9792,7066.69573539752,83,2
88,2883,2322.05303343853,91,3
97,3946,3635.06248079028,97,0
40,4024,836.942463686191,70,30
68,5246,2826.30554017051,88,20
96,9833,8885.11106591124,98,2
26,2053,245.227573086183,83,57
62,9703,4398.27935932613,95,33
26,6322,755.152809084681,63,37
0,7662,495.21171075387,35,35
34,1974,324.296764427616,44,10
71,1864,1085.4990871059,89,18
45,2527,636.582177286121,62,17
54,1036,361.660982332584,62,8
29,9140,1230.53243870718,38,9
65,2476,1226.94308647942,92,27
55,9225,3332.85656336317,87,32
38,3672,706.382769919496,92,54
93,3866,3325.35611938053,94,1
59,2668,1100.69191816133,82,23
82,9462,6949.79917761597,88,6
70,1299,737.59318997517,89,19
16,2966,239.038461535048,75,59
76,1148,750.792542126931,81,5
8,9289,555.103676543776,65,57
74,8466,5296.71193852558,74,0
53,1939,653.770782654767,70,17
68,8595,4630.59399881158,79,11
17,1409,118.032546992296,76,59
92,2845,2414.82991702502,92,0
64,3987,1919.00588463679,84,20
60,6486,2762.6219663868,82,22
7,3670,211.797801655778,56,49
48,1899,534.985058509596,72,24
14,7457,556.596643154971,63,49
73,4866,2974.53809956631,78,5
81,5351,3861.71250818139,96,15
42,1145,257.290809843322,74,32
65,6662,3301.24993623823,74,9
6,2437,135.977345861673,78,72
23,1820,192.966118632977,90,67
53,4694,1582.67150788111,71,18
12,9455,654.208877719138,72,60
27,3602,447.759837997943,86,59
81,3405,2457.32219965569,90,9
18,5850,509.486277191318,82,64
70,6666,3785.06251299037,87,17
5,8489,458.58690658156,87,82
91,7608,6374.661986326,95,4
92,1613,1369.11095119907,93,1
11,1157,77.114655725927,45,34
51,9643,3029.21995678934,71,20
28,4369,565.200690059911,82,54
87,9398,7464.7857318937,90,3
87,9639,7656.21086079202,89,2
0,6477,418.622585558968,84,84
6,8970,500.499299293889,62,56
87,6275,4984.20200762215,87,0
10,4945,317.628602246113,68,58
58,1987,793.581039939522,69,11
77,1843,1231.03106895013,89,12
39,7959,1592.15547505326,80,41
8,4292,256.486702521895,74,66
71,2951,1718.51277148578,71,0
31,4926,718.241342625075,68,37
97,6168,5681.97298061695,97,0
59,3306,1363.90085511296,88,29
71,5391,3139.44505289049,86,15
19,1779,161.113497077399,83,64
32,7774,1179.55508950108,32,0
38,8173,1572.24029916995,88,50
69,9181,5079.64275514985,91,22
8,9193,549.366788509735,78,70
19,4716,427.100197985955,65,46
23,1113,118.006203317859,77,54
41,6173,1334.65256653696,75,34
44,3564,864.482482050118,53,9
16,1693,136.443734112891,77,61
39,2137,427.495445431439,62,23
58,8355,3336.87447845733,83,25
33,1149,181.410664692519,70,37
30,6541,916.444599961988,85,55
56,5129,1916.90320130217,73,17
47,1770,480.540689651187,86,39
24,9463,1043.8862871949,79,55
35,1709,292.107498396284,73,38
52,4837,1574.5079210652,63,11
80,2132,1510.73432601736,85,5
56,7112,2658.02604165744,73,17
45,3600,906.883988219247,61,16
65,5166,2559.93052695988,74,9
15,2504,194.190036397874,70,55
97,5606,5164.25754366709,99,2
66,1040,530.25581100915,82,16
45,6386,1608.71143021336,90,45
11,1508,100.508989485478,74,63
12,2257,156.165990165214,78,66
86,4647,3638.1714610101,86,0
67,1029,539.478725983267,89,22
8,8321,497.256722200534,71,63
82,2679,1967.71422498765,84,2
52,7968,2593.69012095256,89,37
77,3500,2337.82351672569,79,2
3,1256,63.932942714018,57,54
25,3325,381.655051146293,80,55
96,4374,3952.35185622859,96,0
8,3393,202.76313645312,51,43
33,7219,1139.77683935187,69,36
54,3859,1347.15224982765,72,18
68,6411,3453.95440679244,79,11
45,3659,921.746809137284,68,23
47,8517,2312.2966405419,79,32
77,3202,2138.7745430159,88,11
72,3069,1831.72793080112,89,17
21,9875,967.421073640083,63,42
60,5188,2209.75682417741,89,29
48,1116,314.398802157298,77,29
11,9484,632.113565172595,72,61
44,9375,2273.9964279517,84,40
10,4192,269.261698810052,63,53
83,4874,3641.0464140311,84,1
98,6601,6189.37229829492,98,0
70,6928,3933.83034653424,80,10
16,5821,469.131114158972,62,46
55,1399,505.438084785373,81,26
23,4491,476.159801527857,47,24
30,6067,850.033540432561,91,61
0,1677,108.388154389747,77,77
52,3436,1118.46376199711,77,25
35,7845,1340.89135454584,71,36
23,6282,666.051185303495,57,34
1,9208,445.969030587196,3,2
58,6652,2656.71921372808,66,8
9,6387,395.554178340053,85,76
75,8537,5462.74659830873,76,1
52,9967,3244.39124441945,60,8
87,5883,4672.83831248464,88,1
19,4574,414.240098725139,81,62
62,6796,3080.56338513659,88,26
39,8746,1749.59062505539,88,49
19,5311,480.985825170357,87,68
12,7728,534.714564464675,73,61
96,9492,8576.98304053996,97,1
85,4102,3163.63090120284,86,1
62,4429,2007.62437209682,88,26
75,1309,837.616879136245,91,16
82,2375,1744.42750442168,93,11
47,8630,2342.97522694336,85,38
2,6634,328.919641769805,80,78
61,4317,1897.41111304854,90,29
22,3980,405.614124237597,72,50
51,2657,834.661145410068,88,37
57,7725,2985.27162383498,83,26
66,4457,2272.45206698825,76,10
56,7438,2779.86469317323,78,22
20,2975,280.204612590936,75,55
89,1854,1513.51678989414,94,5
10,9886,635.000275390308,71,61
88,9111,7338.26749485205,97,9
81,6431,4641.12747899729,93,12
58,3251,1298.40561693175,75,17
37,3532,653.290279886961,81,44
26,2839,339.114018505443,49,23
82,2203,1618.09422831198,87,5
27,9937,1235.25527767506,82,55
28,9625,1245.14915125352,73,45
64,9906,4767.91379313068,88,24
23,7065,749.069026451638,70,47
48,3607,1016.16171987578,69,21
61,4010,1762.47824028832,77,16
58,6234,2489.77564317211,68,10
71,6294,3665.30646686937,86,15
36,2632,468.013434979356,92,56
42,7536,1693.40047421771,83,41
99,2686,2558.09523809524,99,0
18,9352,814.48131013559,76,58
19,7496,678.868338444172,74,55
31,8395,1224.04305142864,47,16
81,3927,2834.03943555005,87,6
69,5578,3086.18312691709,95,26
13,1842,132.353591657441,81,68
20,5189,488.733356213232,79,59
29,2913,392.181728003723,57,28
14,4027,300.578608285513,79,65
54,4251,1483.99694584538,83,29
62,2802,1270.12045396597,81,19
84,4606,3497.26437577653,97,13
24,3922,432.645251862876,71,47
9,8026,497.05931350513,82,73
88,7977,6424.91052644438,94,6
64,3639,1751.50800456315,79,15
5,5197,280.748751738057,25,20
8,6375,380.965221010504,89,81
67,9551,5007.34821366976,76,9
46,8024,2098.70985018049,77,31
16,5256,423.596140872626,67,51
42,8260,1856.0891609658,77,35
8,1752,104.69820662124,40,32
6,4398,245.395308617004,75,69
35,6622,1131.85246014054,73,38
36,2335,415.201888555014,80,44
83,5025,3753.84863161803,93,10
31,2619,381.866438557668,76,45
13,4049,290.933600771432,70,57
94,5595,4881.28631601969,94,0
59,2806,1157.62425875589,81,22
55,1090,393.800938110119,80,25
66,5751,2932.21266260925,69,3
28,1036,134.023326825834,89,61
1,1101,53.3244898649547,80,79
48,9969,2808.4602676578,83,35
29,3735,502.848868552662,89,60
16,6425,517.809209495172,78,62
17,6921,579.775200662654,65,48
16,7415,597.596153837619,82,66
53,7252,2445.14993079545,85,32
42,3517,790.298496261104,67,25
54,1768,617.197506528965,76,22
39,9321,1864.61630644195,55,16
63,6410,2994.93389968412,79,16
1,1616,78.2673711369363,31,30
9,1732,107.264730998117,88,79
88,5213,4198.70359462888,91,3
23,8187,868.029457828671,76,53
24,5031,554.981708853169,91,67
60,5408,2303.46278048409,93,33
86,3049,2387.08516992033,90,4
5,5314,287.069245090636,73,68
18,1786,155.545724968153,86,68
25,3220,369.602786373252,79,54
87,6209,4931.7785283388,93,6
99,1142,1087.61904761905,99,0
47,9342,2536.27747046406,58,11
22,1414,144.105118510543,43,21
30,2832,396.785064530248,76,46
0,2926,189.113738666905,84,84
68,5259,2833.30934726586,69,1
99,3689,3513.33333333333,99,0
2,2178,107.987184168621,46,44
78,1298,884.866361982508,88,10
84,3562,2704.57136485367,86,2
5,6090,328.989782198339,71,66
20,5170,486.943814149626,89,69
25,1940,222.679939616183,86,61
74,9175,5740.29435813515,88,14
17,1733,145.174168869871,85,68
93,3117,2681.10062703288,93,0
81,1604,1157.57556776732,84,3
7,5798,334.605900272535,78,71
12,9804,678.356831005651,72,60
30,7526,1054.45070468031,74,44
12,2097,145.095295248761,21,9
38,9813,1887.72715719499,69,31
4,1594,83.502996425813,26,22
5,6021,325.262311759639,57,52
25,1843,211.545942635374,67,42
11,3780,251.93897894901,79,68
52,6068,1975.21481600655,66,14
12,7457,515.963574949933,47,35
17,6760,566.28816016176,80,63
51,1839,577.697345280058,74,23
93,4080,3509.42911719414,94,1
46,5049,1320.58649471103,89,43
86,4040,3162.94656821192,87,1
79,3678,2557.20833416895,81,2
56,1687,630.496334684491,66,10
7,7920,457.067735453342,51,44
47,5892,1599.63036351683,91,44
44,4230,1026.02718829181,90,46
18,3742,325.897034059814,82,64
16,5007,403.528515477405,50,34
31,6507,948.760945282453,68,37
78,9843,6710.12295916319,80,2
67,5445,2854.6760573167,85,18
88,5953,4794.72136942753,92,4
0,2884,186.399187394174,77,77
33,8713,1375.65806916094,78,45
51,5007,1572.88233160264,90,39
37,8869,1640.43926736055,89,52
38,3801,731.198504483661,63,25
28,3692,477.619809499014,73,45
98,5321,4989.19103154481,99,1
78,3286,2240.11622917914,84,6
40,9073,1887.0723093998,65,25
73,4592,2807.04458553401,83,10
54,5274,1841.11971121819,64,10
36,5750,1022.44576410764,41,5
93,9688,8333.17384494531,96,3
28,2236,289.262701527572,71,43
7,7946,458.568210342456,61,54
95,4857,4305.50886079468,95,0
87,6556,5207.39894214675,88,1
43,1195,279.021360753256,69,26
19,2143,194.078821943151,60,41
35,2627,449.014861490367,51,16
17,6220,521.052123699134,78,61
49,9866,2883.22248305932,76,27
13,3477,249.833571223085,84,71
54,7369,2572.47082896603,68,14
38,9961,1916.1979224314,71,33
27,3657,454.596814980144,79,52
47,9584,2601.97851390789,75,28
87,3614,2870.5826383341,87,0
53,7662,2583.38924017577,61,8
88,3357,2703.82658107983,90,2
31,8597,1253.49590388708,52,21
44,9241,2241.49343900818,65,21
82,2863,2102.86145059338,85,3
60,6440,2743.0289027954,79,19
50,4583,1388.8541210077,83,33
33,1227,193.72574897974,64,31
73,2294,1402.29971237261,84,11
83,9561,7142.39736654726,91,8
13,7519,540.26419960494,74,61
53,4116,1387.78779855958,85,32
86,6336,4960.50234064127,92,6
62,2891,1310.4633234888,84,22
23,1164,123.413495653179,82,59
61,1676,736.636790704044,79,18
5,6519,352.164924491129,62,57
25,7888,905.412043140439,46,21
7,4595,265.18008136466,90,83
98,8716,8172.48431327655,98,0
4,6264,328.144773909217,75,71
43,5670,1323.89214683762,88,45
65,7044,3490.54406347375,68,3
79,3087,2146.30291668829,81,2
26,9804,1171.07215126008,85,59
3,7903,402.278699258666,77,74
55,6685,2415.19199198729,62,7
87,6591,5235.19927206974,90,3
77,7022,4690.34192412794,93,16
36,4018,714.467318292954,76,40
14,1075,80.2388884794949,86,72
8,9866,589.584763998374,81,73
43,9268,2163.9916079173,70,27
67,1759,922.199299324166,82,15
45,5777,1455.29688887294,80,35
96,3578,3233.08526327981,98,2
72,7339,4380.2708648255,95,23
15,1378,106.866561564006,74,59
90,3572,2954.52345990221,99,9
83,7991,5969.55311746461,86,3
11,5293,352.781221052145,45,34
69,5692,3149.25678709432,82,13
3,9907,504.286356264153,76,73
90,5340,4416.89677376198,97,7
10,6342,407.36109109097,75,65
64,3510,1689.41827315654,80,16
23,3994,423.465207593467,88,65
95,3045,2699.25354768783,95,0
47,5065,1375.10654976455,91,44
52,1233,401.357921578126,81,29
37,4432,819.757225498021,83,46
66,6474,3300.84242353196,78,12
29,5611,755.41767107068,79,50
19,4938,447.205423590891,58,39
57,8119,3137.53013772378,70,13
54,5107,1782.82107796574,77,23
70,5134,2915.16815806969,73,3
15,4303,333.705961110244,76,61
12,7328,507.037827173542,78,66
62,7893,3577.82324880564,72,10
35,2178,372.270410478119,46,11
82,4674,3433.03332870187,87,5
97,8501,7831.13688525043,98,1
58,8034,3208.67140154712,67,9
69,4564,2525.15951797232,69,0
59,2390,986.002130586802,78,19
30,9532,1335.5067920559,90,60
89,5538,4520.9579193278,89,0
89,1303,1063.70678383606,91,2
70,7328,4160.95680996001,90,20
43,1302,304.004863347898,77,34
41,9543,2063.27384455893,69,28
71,3274,1906.61159398321,82,11
42,1591,357.51063621024,80,38
54,7068,2467.3936516667,82,28
66,3307,1686.11150673775,67,1
87,1076,854.661571346842,87,0
84,7080,5375.73421200561,88,4
94,8130,7092.91470048974,96,2
15,1921,148.977260351564,77,62
32,2846,431.82580199641,62,30
51,2218,696.755145095796,75,24
90,9365,7746.11203862939,97,7
77,5304,3542.80455220373,85,8
37,6916,1279.20599538455,78,41
79,5981,4158.41844661894,91,12
41,3162,683.649994393306,89,48
28,9303,1203.49325237522,88,60
1,7292,353.171825699591,80,79
59,2561,1056.54872654092,91,32
94,1794,1565.15239516342,96,2
72,4901,2925.15431373617,78,6
62,5653,2562.45215070294,90,28
58,7528,3006.58181613725,72,14
26,7599,907.688420790017,70,44
33,8798,1389.07835332009,76,43
32,8295,1258.60682626852,66,34
40,5334,1109.40633730173,84,44
80,3948,2797.55118157436,95,15
70,9659,5484.53627557365,73,3
67,6928,3632.17552343253,74,7
72,3215,1918.86780629704,86,14
33,3740,590.49250300263,80,47
83,6199,4630.86719749257,94,11
74,8921,5581.38048707615,83,9
85,6978,5381.72024100279,89,4
92,3664,3109.99536589795,96,4
24,7627,841.352711871023,58,34
78,7469,5091.73101513663,87,9
35,3831,654.806217879557,59,24
96,7391,6678.51681970405,98,2
76,7069,4623.1293382363,79,3
11,4825,321.588776039411,84,73
95,3301,2926.18586565436,99,4
28,3664,473.99755742264,63,35
82,1166,856.422092697128,92,10
53,7908,2666.33282580397,75,22
46,2139,559.464153730817,79,33
23,8840,937.264004788745,72,49
82,6693,4915.98033140813,85,3
70,2095,1189.57485219244,91,21
65,3857,1911.27604384132,75,10
12,9487,656.423016702429,70,58
80,7738,5483.14362791853,87,7
22,9022,919.459957002913,73,51
4,6606,346.060724208859,74,70
63,4508,2106.26552570609,84,21
53,7478,2521.35013547826,80,27
28,9173,1186.6756534492,67,39
9,8360,517.744313593681,72,63
33,1192,188.19974962009,81,48
59,7557,3117.66447734078,76,17
55,3974,1435.74764041249,81,26
19,5796,524.909403631593,84,65
12,7308,505.653990308986,78,66
67,7390,3874.3904616291,70,3
72,8185,4885.20466393196,81,9
16,8020,646.354842046892,75,59
51,6135,1927.22850097507,71,20
12,1931,133.609449272941,79,67
86,3272,2561.6735572251,86,0
43,7059,1648.21069921107,68,25
50,4764,1443.70522201193,61,11
22,2893,294.834588296323,78,56
98,1469,1377.39553191868,99,1
48,4328,1219.28137610823,65,17
29,3623,487.770134073975,75,46
66,5810,2962.29448265689,71,5
52,8908,2899.67264024165,79,27
85,9825,7577.44358954606,87,2
65,4565,2262.11437390086,75,10
56,6411,2396.035567079,62,6
66,5864,2989.82699592082,74,8
94,6349,5539.10398934924,97,3
86,2648,2073.13923579831,94,8
50,3781,1145.81222595028,63,13
32,3217,488.117921652301,82,50
32,4241,643.490241133792,84,52
51,4827,1516.33773010704,85,34
91,2036,1705.9426661619,91,0
24,1945,214.55762745367,88,64
67,6217,3259.41617049366,87,20
31,6211,905.602309996821,84,53
41,4113,889.263892137783,86,45
51,1086,341.15242902346,92,41
45,4135,1041.65702535738,84,39
21,2120,207.689384923238,76,55
75,3243,2075.16542325351,77,2
84,8519,6468.34459775081,86,2
73,5867,3586.43958696169,75,2
38,7233,1391.41246591169,89,51
46,6878,1798.96888703158,59,13
4,4125,216.091505807076,65,61
12,4895,338.694072600231,75,63
98,2691,2523.19358501918,99,1
21,9914,971.241774589143,90,69
73,1510,923.048197769243,78,5
38,4659,896.251994840667,54,16
3,8607,438.113724474166,80,77
51,8243,2589.42861182356,66,15
55,9593,3465.80954063337,89,34
76,4808,3144.4342705107,81,5
21,6626,649.127294576121,71,50
72,4760,2840.99868055176,72,0
4,5652,296.084652320386,63,59
69,8411,4653.61891009317,76,7
79,9305,6469.50069315988,79,0
87,7731,6140.69573241862,87,0
24,1583,174.624536894169,73,49
70,7126,4046.25794593,84,14
98,2785,2611.33189679614,98,0
70,1370,777.908137233244,86,16
12,1038,71.8211332704881,49,37
3,9344,475.628516496643,83,80
92,4495,3815.34638911335,97,5
7,8465,488.519997552088,79,72
35,3736,638.568527799015,91,56
71,3182,1853.0354587827,77,6
58,2928,1169.40376695668,59,1
74,2003,1253.16725878416,89,15
58,3581,1430.20317263384,93,35
93,2589,2226.93921186658,97,4
69,7256,4014.58314250815,88,19
83,4911,3668.68669251267,86,3
3,7021,357.383113690382,74,71
60,2067,880.410053117716,80,20
5,4488,242.447642447643,71,66
22,2348,239.291950680873,88,66
81,5654,4080.38170832696,91,10
88,3864,3112.17929975945,98,10
72,7529,4493.67207266265,75,3
28,1732,224.062164152842,74,46
2,5050,250.383507828989,61,59
75,1400,895.846929557481,81,6
2,9530,472.505906853518,85,83
40,6450,1341.52059909939,81,41
1,4255,206.081475363653,66,65
40,2868,596.508694297216,81,41
93,2026,1742.6723998616,93,0
94,3249,2834.5485684983,96,2
9,2762,171.053803127482,77,68
89,5787,4724.22959175695,95,6
64,9366,4508.00328956814,74,10
67,8727,4575.34581307675,92,25
26,8199,979.357463094796,73,47
2,3916,194.158775575905,75,73
74,3143,1966.40274306472,82,8
85,3772,2909.12134552343,87,2
38,9573,1841.55834870352,88,50
56,7197,2689.79378821831,87,31
12,5938,410.861165086858,69,57
17,2317,194.096104599822,68,51
11,5301,353.314425240397,77,66
8,8767,523.90934785868,81,73
32,1811,274.784443926738,86,54
78,3971,2707.09115826852,79,1
4,5073,265.753262778011,81,77
45,1899,478.381303785653,93,48
32,3216,487.966190871558,74,42
28,2762,357.309294105167,61,33
70,3341,1897.0737857637,80,10
16,8202,661.02274494621,34,18
99,2610,2485.71428571429,99,0
23,5759,610.599932531491,86,63
54,1810,631.859438245151,83,29
87,4514,3585.44826492532,92,5
15,6640,514.944824952828,72,57
84,2388,1813.17136981206,84,0
55,7003,2530.08070604144,55,0
54,3784,1320.97022890588,73,19
40,6935,1442.39462864407,83,43
89,4447,3630.31778029085,90,1
35,1216,207.842433030943,73,38
69,1806,999.219563860214,77,8
92,5767,4895.01726941417,95,3
75,4412,2823.19760943401,88,13
29,2454,330.385842952673,63,34
19,3480,315.16299596928,76,57
19,6842,619.63943058098,84,65
82,5504,4042.66483551028,96,14
22,5502,560.725857174687,88,66
72,6240,3724.33440475693,90,18
72,7464,4454.87692261309,78,6
0,8609,556.418378736631,66,66
4,1358,71.1399430026688,40,36
79,6340,4408.02089141684,91,12
45,8689,2188.86527045473,92,47
10,5689,365.417415202859,53,43
71,9908,5769.91682137618,92,21
73,9340,5709.45044183094,74,1
96,1624,1467.4484258151,97,1
98,7498,7030.43682663465,98,0
74,1744,1091.12516191691,83,9
93,9931,8542.19131442525,94,1
57,3082,1191.01710610478,94,37
64,4047,1947.88482947707,70,6
16,5121,412.716103007747,86,70
40,3540,736.276421831292,44,4
28,5360,693.40254033443,32,4
45,6173,1555.05412757706,75,30
56,2828,1056.93161498977,85,29
67,5277,2766.5978979725,88,21
91,9123,7644.0643140447,91,0
30,5458,764.707938632095,82,52
18,1622,141.262690872533,67,49
55,3647,1317.60735897945,92,37
55,2456,887.316609172893,91,36
85,7058,5443.4195272281,92,7
12,5527,382.42331752022,78,66
36,2083,370.392091588905,83,47
56,3470,1296.87153607302,80,24
62,3896,1766.02044562863,70,8
99,4828,4598.09523809524,99,0
58,4545,1815.21178989689,79,21
85,3073,2370.02383212978,95,10
66,3983,2030.7777838937,73,7
4,3921,205.404798610798,87,83
5,6603,356.702714590416,86,81
60,1823,776.481628850313,74,14
76,6552,4285.01109409029,81,5
41,8086,1748.25865106397,83,42
95,4403,3903.05857815091,95,0
87,5484,4355.91455136253,97,10
25,8308,953.621102232602,79,54
73,8875,5425.20050013379,77,4
88,1709,1376.47888801472,88,0
88,1624,1308.01738685542,90,2
12,7632,528.072147514803,82,70
20,2208,207.963625075895,85,65
13,1179,84.7149210445836,59,46
95,8354,7405.43978239216,97,2
68,8617,4642.44659543448,83,15
57,3895,1505.19520709867,84,27
12,5807,401.797033624012,78,66
94,1698,1481.39842084029,97,3
9,9000,557.380241907073,72,63
82,7794,5724.66019766845,92,10
38,9952,1914.46659211297,72,34
67,9017,4727.3854928971,82,15
65,8291,4108.47541599387,78,13
82,9217,6769.84770873879,94,12
94,9975,8702.56139451232,94,0
56,7052,2635.60174996742,66,10
24,2406,265.41164609436,73,49
63,8687,4058.81291521934,80,17
76,5850,3825.90276258062,80,4
63,5099,2382.39749680021,80,17
41,5449,1178.11790621415,87,46
8,3044,181.907158079368,80,72
90,5063,4187.78059280092,91,1
52,5898,1919.8775518798,82,30
26,5187,619.578870724808,36,10
76,8547,5589.74203620112,84,8
86,4009,3138.67643365386,87,1
88,5195,4184.20586497161,89,1
50,2681,812.462993327874,84,34
32,7084,1074.86085078797,90,58
13,1596,114.677704823711,68,55
24,3298,363.810311229925,68,44
69,4395,2431.65558314819,78,9
98,2023,1896.84898643397,98,0
70,4265,2421.73591627721,88,18
90,9962,8239.91117232525,98,8
16,2872,231.462731466169,84,68
3,3827,194.80204758483,78,75
22,1199,122.19380275399,74,52
90,1179,975.191253982279,91,1
42,1791,402.452262383747,81,39
99,8872,8449.52380952381,99,0
61,6136,2696.89937217185,87,26
78,6689,4559.99313967719,87,9
10,4056,260.52610934484,69,59
86,9186,7191.78890485018,94,8
77,8566,5721.65606979208,96,19
66,9226,4703.98087727925,72,6
62,9471,4293.11592416549,82,20
25,6644,762.621401448412,72,47
35,9825,1679.31900043504,89,54
5,2955,159.632973135647,68,63
25,4995,573.343452774657,61,36
92,2529,2146.60979267356,97,5
98,5905,5536.77373449955,98,0
8,2782,166.250234486466,55,47
76,4587,2999.90016614655,96,20
54,9759,3406.80456233946,92,38
59,2510,1035.5085137125,79,20
45,9714,2447.07529487827,69,24
12,5766,398.960168051671,47,35
65,6223,3083.71035022674,73,8
65,1107,548.556541491403,78,13
21,5810,569.186474718874,41,20
58,2226,889.034421190426,85,27
58,6420,2564.06153820419,86,28
84,7133,5415.97629014633,88,4
38,5307,1020.90777776764,85,47
38,3278,630.588975979332,92,54
45,9054,2280.81323037141,78,33
32,2620,397.534645548346,73,41
26,9068,1083.15812603288,67,41
44,2688,652.000255822311,93,49
35,4837,826.754809679827,78,43
58,1824,728.481035153341,72,14
10,3447,221.408653577826,72,62
15,2039,158.128388264882,64,49
33,2130,336.296532458717,60,27
97,7237,6666.73775303581,97,0
38,5558,1069.1926566483,76,38
7,6025,347.706200265957,68,61
73,4645,2839.44296598552,84,11
52,8627,2808.20339777331,72,20
54,8617,3008.13965710413,68,14
40,3678,764.978723021325,74,34
51,9789,3075.08391133577,79,28
48,9963,2806.76995151717,80,32
41,1979,427.87581875533,80,39
24,4927,543.509218747677,88,64
68,2649,1427.16038427596,73,5
64,4684,2254.48296053141,75,11
96,7221,6524.90460764213,99,3
65,4615,2286.8910921254,78,13
94,9713,8473.98283958879,97,3
49,2295,670.686762479337,61,12
9,5447,337.338908629758,42,33
15,8503,659.424073279201,70,55
5,3792,204.848810196404,81,76
36,3678,654.009655719633,59,23
32,3886,589.625813969799,88,56
89,8541,6972.46326994921,89,0
17,5501,460.821178853527,79,62
0,8287,535.606818979029,64,64
2,2085,103.376161153157,43,41
30,9891,1385.80546372482,45,15
56,3029,1132.05299215135,78,22
89,2916,2380.48271808593,89,0
60,1390,592.051269392175,71,11
83,4564,3409.4657024288,91,8
81,4332,3126.32004960601,86,5
57,1015,392.239572581555,63,6
51,5230,1642.93481012219,88,37
6,3461,193.113497754309,88,82
61,6605,2903.03460775669,74,13
25,2782,319.327624748567,79,54
43,9859,2301.98459888397,75,32
45,4068,1024.77890668775,77,32
89,6611,5396.90372059879,92,3
84,1540,1169.29811956054,93,9
44,4388,1064.35160809089,55,11
91,8858,7422.02364285958,98,7
49,7061,2063.4942178068,66,17
90,2670,2208.44838688099,97,7
88,6061,4881.70774737112,89,1
86,5102,3994.39440371713,89,3
4,9110,477.234816461202,78,74
57,3571,1379.9876982155,88,31
33,7989,1261.34882526417,81,48
50,6390,1936.45599677923,66,16
44,5116,1240.93501070943,75,31
71,9909,5770.49917067184,82,11
13,9154,657.744179170583,68,55
42,2842,638.620507925521,71,29
68,5338,2875.87094422992,80,12
11,4668,311.124643844968,22,11
12,7705,533.123152070434,74,62
53,2027,683.441658814447,81,28
7,5807,335.125295426459,75,68
9,4654,288.227516203946,60,51
45,6404,1613.24585015446,53,8
10,5055,324.694152548858,72,62
10,9824,631.017874310579,78,68
78,2810,1915.61978210389,85,7
89,5630,4596.06231235383,92,3
71,6990,4070.62157664711,79,8
70,5381,3055.4187492351,95,25
93,5955,5122.21823355174,93,0
11,5766,384.306918682537,66,55
95,4635,4108.71599130808,97,2
67,9428,4942.86241843561,82,15
47,6255,1698.18192868258,84,37
79,7329,5095.6443396205,95,16
50,3631,1100.35551241086,85,35
9,7864,487.026469150802,75,66
70,7417,4211.49244807224,82,12
30,4387,614.652569948516,39,9
66,6496,3312.05937338023,68,2
3,8058,410.16851304901,51,48
93,4830,4154.54476373718,94,1
42,3198,718.616602514361,69,27
11,1989,132.567891304122,90,79
92,8614,7311.54478216293,92,0
18,5339,464.982433149478,82,64
63,7612,3556.54240942208,85,22
31,6881,1003.29246419065,68,37
98,3466,3249.86583637179,99,1
8,5985,357.659113372214,87,79
33,8942,1411.81389354265,89,56
75,1627,1041.10211027859,81,6
17,1082,90.6396138010391,82,65
90,7400,6120.79328199225,93,3
63,3146,1469.9004755704,73,10
85,2154,1661.25328161651,86,1
93,2333,2006.73973784655,98,5
80,8504,6025.93091390789,82,2
95,7602,6738.82609836548,95,0
82,2370,1740.755025465,87,5
19,1326,120.087969153812,83,64
45,9219,2322.37874649812,82,37
79,8788,6110.04536179356,95,16
70,9778,5552.10639844281,82,12
28,7080,915.912310740255,73,45
45,2460,619.704058616485,62,17
68,3277,1765.49814242066,85,17
50,2048,620.635662191528,93,43
26,3188,380.801511446055,72,46
48,5463,1539.03284604419,68,20
6,2187,122.02809002851,77,71
21,4287,419.983204323548,70,49
56,7078,2645.31894303309,64,8
30,9470,1326.82011338328,88,58
12,8760,606.120546675796,55,43
18,8952,779.644641609688,63,45
36,7767,1381.10195649113,79,43
57,4841,1870.77021760326,79,22
40,4888,1016.64382765857,91,51
49,8757,2559.13027408782,75,26
64,7133,3433.22522576228,86,22
32,5486,832.395063159629,81,49
68,1263,680.446797033045,81,13
29,5997,807.385452399014,83,54
20,8736,822.812603561148,40,20
85,4400,3393.46074239213,93,8
87,9462,7515.62062089575,91,4
18,3672,319.800617067781,73,55
18,7469,650.487693049906,79,61
83,8480,6334.85301415341,92,9
42,8967,2014.95780948914,86,44
63,4143,1935.72716792376,84,21
96,8054,7277.60444674556,99,3
84,6240,4737.93523769986,97,13
47,6203,1684.06434909961,81,34
42,6058,1361.2818567955,69,27
72,5811,3468.28641442989,82,10
17,4774,399.92007050477,54,37
28,8691,1124.32117127734,54,26
9,6455,399.765495723351,85,76
22,3720,379.116719136648,76,54
19,3232,292.703104302503,55,36
48,9574,2697.18112173295,92,44
23,6366,674.957313855786,73,50
10,2864,183.96123697328,76,66
68,3861,2080.13070731955,85,17
78,9102,6204.97197747672,80,2
64,9236,4445.43224241419,91,27
32,2848,432.129263557897,75,43
15,7875,610.721460316795,67,52
49,5916,1728.88143216896,58,9
81,2494,1799.87123816191,93,12
73,1052,643.077287452479,76,3
87,3868,3072.33360406095,90,3
47,4116,1117.4607223753,80,33
92,1284,1089.85645464328,92,0
54,9725,3394.9353795216,60,6
66,9491,4839.09413681524,70,4
4,1439,75.3831943894259,90,86
79,8579,5964.73363209228,84,5
91,2714,2274.03162866571,98,7
38,8861,1704.59088351216,69,31
66,1996,1017.68326805218,78,12
47,6687,1815.46643598728,79,32
25,3493,400.938674783158,84,59
95,4803,4257.64032497361,98,3
91,7655,6414.04278461166,93,2
7,9732,561.639293110091,67,60
84,8746,6640.70217771201,84,0
4,1790,93.7706170653734,76,72
7,4240,244.692828070981,82,75
93,2271,1953.41017773233,97,4
84,3873,2940.70884224544,87,3
59,6504,2683.24596541279,67,8
63,6435,3006.61460912126,87,24
36,5314,944.917702690084,70,34
1,1221,59.1364233652223,68,67
74,1640,1026.05806510536,82,8
6,1104,61.5999137592478,48,42
51,7114,2234.76830577615,72,21
9,4152,257.13808493313,84,75
36,3550,631.249123927323,76,40
5,1988,107.394365683136,88,83
65,8579,4251.18931296725,77,12
85,2814,2170.27239297533,90,5
12,4621,319.735507555805,74,62
32,7631,1157.85758785474,79,47
11,2418,161.160965899128,76,65
91,7977,6683.84314733471,93,2
81,8157,5886.74807124567,87,6
12,7059,488.425221345256,65,53
90,6304,5214.25416887556,90,0
78,3489,2378.50441984358,90,12
93,7033,6049.46445618294,95,2
95,6177,5475.6286253096,97,2
36,9401,1671.65437015233,64,28
3,6539,332.848337903633,80,77
14,5577,416.27188934897,89,75
31,1560,227.457672451303,80,49
17,6981,584.801426936279,60,43
67,9412,4934.47402230759,74,7
73,1074,656.525671790839,92,19
9,6811,421.812980847675,71,62
0,3700,239.139040692942,67,67
5,4143,223.810290254141,63,58
97,1703,1568.80674221638,97,0
4,3313,173.554220300325,50,46
16,8645,696.725387717628,82,66
17,9890,828.489630769202,74,57
49,2652,775.015814420567,86,37
90,3098,2562.46183616378,90,0
52,5401,1758.09743263865,64,12
94,4997,4359.56885096522,94,0
46,7330,1917.19132624913,62,16
2,4233,209.875918542596,79,77
67,5892,3089.02687414326,80,13
16,3120,251.449763988317,43,27
44,6441,1562.32650585994,92,48
9,4684,290.085450343637,83,74
9,4876,301.976228837654,66,57
73,1972,1205.4642688748,85,12
32,3237,491.152537267174,68,36
85,5369,4140.79334679621,87,2
73,4440,2714.12847555989,85,12
58,1561,623.442377124104,79,21
1,4593,222.45175472274,44,43
21,2681,262.648698575095,72,51
11,6283,418.765239348314,85,74
93,6169,5306.29123136536,95,2
24,6057,668.16223624004,65,41
34,6991,1148.50996966234,84,50
48,7919,2230.93558627567,76,28
45,6508,1639.44472092524,76,31
65,1456,721.498034698719,89,24
38,3976,764.863260675358,72,34
44,2253,546.486821565352,69,25
76,9993,6535.42671905438,94,18
73,8085,4942.28124434724,77,4
4,1763,92.3561999364544,65,61
7,6031,348.052463701907,88,81
35,6486,1108.60692486735,84,49
24,3773,416.208703538661,71,47
83,3391,2533.19417110781,85,2
20,2225,209.5647942907,66,46
87,6197,4922.24698665091,92,5
87,3799,3017.52723935563,92,5
78,7609,5187.17114662935,84,6
10,3012,193.467613744245,41,31
67,3610,1892.63187638445,84,17
18,2529,220.254836755016,74,56
60,3838,1634.74300138645,73,13
84,1970,1495.79045164563,94,10
14,5977,446.128219945992,66,52
38,2691,517.667765210611,83,45
44,4250,1030.87838067144,52,8
30,4275,598.96050524958,80,50
68,2162,1164.78699539623,68,0
10,3401,218.45396890577,88,78
59,2427,1001.26659871723,89,30
57,2824,1091.31483051262,84,27
63,2092,977.441765700339,85,22
57,4916,1899.75343725214,79,22
10,9559,613.996321308512,54,44
68,1585,853.925711240995,83,15
62,2081,943.297881764163,76,14
48,5269,1484.37929083047,90,42
21,4051,396.863065247188,68,47
40,8520,1772.05511694989,67,27
97,3436,3165.24953978596,97,0
78,1783,1215.49824608229,88,10
5,6994,377.825047076385,75,70
45,4606,1160.30768048274,77,32
14,4034,301.101094070961,85,71
32,6086,923.433531605815,78,46
37,5980,1106.08037194905,80,43
41,3260,704.838387641423,83,42
24,8883,979.905092375809,89,65
47,9662,2623.15488328235,84,37
83,8909,6655.33083762886,91,8
37,5442,1006.57013112821,65,28
25,8563,982.890888109987,85,60
38,1822,350.498204464412,83,45
98,1633,1531.16875672104,99,1
71,1034,602.14917171003,78,7
30,8991,1259.70851525122,88,58
93,4833,4157.12522632336,98,5
89,1181,964.111827866763,96,7
27,7257,902.10803563328,58,31
94,1636,1427.30731242327,96,2
31,6294,917.704224620833,66,35
95,5018,4448.22801389082,97,2
0,4882,315.534269368362,70,70
50,6569,1990.7010082696,77,27
62,6652,3015.28952882999,66,4
49,2471,722.120692848123,60,11
1,9950,481.906152730517,81,80
51,5881,1847.43778553128,71,20
21,3582,350.916687167471,83,62
20,4038,380.32478172847,60,40
80,2104,1490.89353749555,89,9
0,9278,599.657302580841,77,77
85,2584,1992.88694507756,92,7
59,8752,3610.66554263418,86,27
23,5901,625.65553079846,85,62
71,5964,3473.13119930234,89,18
37,1940,358.828749428286,67,30
60,8604,3664.75476392106,81,21
81,9490,6848.74821578048,90,9
78,9445,6438.80029963389,90,12
35,4973,850.000344953025,66,31
79,6758,4698.6443508194,80,1
86,3379,2645.44466682873,98,12
63,3663,1711.45754673057,75,12
38,7760,1492.79147455754,63,25
26,1297,154.924579782162,89,63
18,7240,630.543700318827,65,47
71,9327,5431.57188059908,82,11
14,9862,736.107830869562,42,28
27,4473,556.032691661521,73,46
55,8529,3081.4020193956,73,18
78,2205,1503.18207101035,83,5
80,7372,5223.79617795496,90,10
31,3799,553.917754899038,85,54
10,2094,134.502384854067,88,78
29,3353,451.41961345571,90,61
3,8647,440.14980545232,77,74
83,4536,3388.54873492923,98,15
63,3671,1715.19537375045,86,23
28,6530,844.760930668625,74,46
84,9676,7346.83675640766,97,13
85,6921,5337.75949956726,89,4
59,5452,2249.24000667751,77,18
26,9051,1081.12750316758,66,40
49,3334,974.322294599612,75,26
36,1147,203.955702857645,88,52
91,5142,4308.42691031655,94,3
73,6819,4168.38785469435,85,12
98,8424,7898.69296179918,99,1
59,9923,4093.76533130244,79,20
43,8208,1916.49148875542,70,27
56,2768,1034.50732329975,59,3
38,7678,1477.01713165629,48,10
2,1613,79.9739798273583,68,66
52,5185,1687.78655586584,74,22
76,7475,4888.65352996412,86,10
48,6752,1902.16909692301,76,28
46,8803,2302.46046998241,75,29
72,3775,2253.10294518548,82,10
95,3797,3365.86723171451,99,4
28,2564,331.69479727938,77,49
16,9506,766.115851433635,65,49
22,9162,933.727790518809,59,37
16,2261,182.220486018457,65,49
35,4942,844.701730295163,49,14
8,7805,466.420949017566,58,50
26,3884,463.937600519598,86,60
8,9992,597.114429543052,42,34
91,1874,1570.20459547515,97,6
26,9391,1121.73996047362,85,59
59,1813,747.958938390742,82,23
27,4294,533.781439301268,68,41
7,6857,395.721396717622,30,23
64,1129,543.405478744654,95,31
87,6789,5392.46970991981,88,1
78,2606,1776.5498762145,85,7
75,4529,2898.06481711845,89,14
10,1358,87.227430101157,54,44
90,6009,4970.24957182317,91,1
40,8839,1838.40318999062,57,17
79,7597,5281.97708392645,89,10
35,5577,953.237869254578,76,41
38,3254,625.972095130185,85,47
7,5292,305.40435050746,72,65
93,8073,6944.02481938929,96,3
42,7296,1639.4705228095,88,46
51,7149,2245.76308940029,87,36
8,7731,461.998764491326,88,80
36,9241,1643.20370541194,74,38
52,4042,1315.72483294305,55,3
31,7669,1118.18775001862,87,56
94,5000,4362.18616266282,97,3
83,8143,6083.1023696051,86,3
54,7020,2450.63715827677,87,33
0,4626,298.988433039337,3,3
87,2132,1693.43723988055,96,9
6,9111,508.366679583793,71,65
21,2517,246.582161250845,76,55
95,8510,7543.72666365302,95,0
3,5815,295.995272199056,90,87
91,2955,2475.96295604539,96,5
33,9979,1575.54136028429,79,46
19,4892,443.039475943022,88,69
74,4610,2884.22419520469,75,1
51,6408,2012.9878132434,66,15
67,5547,2908.15208263283,88,21
7,4415,254.792178286175,69,62
69,9528,5271.63012428578,80,11
83,2782,2078.25012799231,86,3
71,3925,2285.72098545635,90,19
85,4055,3127.38257054547,86,1
12,5379,372.182924722501,88,76
73,5549,3392.04930425267,87,14
85,2952,2276.70366171399,96,11
20,6017,566.719715616693,70,50
41,4243,917.370944405692,58,17
88,1572,1266.13505673443,92,4
89,9928,8104.74363002644,90,1
59,8253,3404.80149946982,69,10
95,7042,6242.4116528137,97,2
67,6112,3204.36732090353,90,23
33,5652,892.369953735525,45,12
26,4965,593.061325072041,62,36
94,8558,7466.31783601368,98,4
41,6861,1483.40373546252,89,48
86,1824,1428.0234010937,94,8
49,1377,402.412057487602,71,22
59,2963,1222.39511001201,75,16
69,4661,2578.82745689505,81,12
0,3165,204.560828052205,71,71
11,7014,467.486772049829,78,67
63,1414,660.660925764952,65,2
79,6630,4609.64960727029,81,2
39,6133,1226.87391990221,79,40
97,1354,1247.30729827421,98,1
12,9792,677.526528886917,89,77
47,1877,509.590324562304,72,25
97,9037,8324.90107422752,97,0
75,7416,4745.42916399877,84,9
9,4711,291.757591069358,71,62
40,3063,637.066293804872,44,4
53,5926,1998.06377411663,67,14
98,5819,5456.13655563977,98,0
18,3966,345.405568434319,85,67
40,3580,744.595929422606,69,29
95,7826,6937.39187658619,96,1
48,1957,551.324781202359,73,25
12,9813,678.979557594701,52,40
22,3479,354.55566287,73,51
89,8995,7343.08712249071,94,5
40,4406,916.39376118324,76,36
22,4189,426.913961414897,76,54
69,3283,1816.41075755985,76,7
77,8721,5825.18825410422,78,1
30,3314,464.316985823885,90,60
61,8588,3774.60427122096,83,22
76,7158,4681.33538026531,76,0
68,6327,3408.69903786863,75,7
85,3509,2706.28494205772,94,9
84,1365,1036.42333324684,89,5
1,9406,455.558720862638,81,80
27,7897,981.665585971615,65,38
33,3749,591.91347426654,63,30
76,2643,1728.52324811976,87,11
14,4466,333.345931115744,69,55
57,5990,2314.79314262415,84,27
3,6811,346.693688555077,75,72
1,6795,329.10073445265,63,62
92,5785,4910.29563092786,99,7
53,9676,3262.44770137572,80,27
84,7947,6034.03386762833,91,7
84,3316,2517.78737952127,87,3
99,3226,3072.38095238095,99,0
12,5630,389.550077372686,85,73
14,1173,87.5536894757652,59,45
7,8203,473.399827515626,69,62
73,3870,2365.69306315693,87,14
27,4616,573.808831815243,57,30
79,9322,6481.3203075375,83,4
65,6674,3307.19634861212,82,17
28,8714,1127.29659262579,77,49
61,4354,1913.67338110108,80,19
54,6683,2332.992610935,74,20
95,6725,5961.4056184567,95,0
75,2236,1430.79552463609,87,12
7,7258,418.86333635358,65,58
37,9725,1798.76782896396,61,24
58,4161,1661.84736144356,63,5
44,2380,577.291893176005,66,22
2,9432,467.646979374857,76,74
30,4584,642.253790892181,52,22
61,2969,1304.93713102644,70,9
78,4009,2732.99633681654,94,16
37,5655,1045.96730825616,74,37
35,2732,466.961782105703,87,52
72,5960,3557.21683531271,78,6
71,2702,1573.50779686702,85,14
17,9811,821.871766175596,68,51
29,3338,449.400140088029,70,41
49,6194,1810.12366309238,69,20
91,3280,2748.27698674412,96,5
1,9795,474.399071959338,82,81
80,7434,5267.72935253895,91,11
15,9244,716.890054497581,70,55
39,6591,1318.49437568489,85,46
96,2164,1955.39309942357,97,1
84,4183,3176.08703514399,94,10
71,4737,2758.58861353038,84,13
30,6688,937.040434879342,48,18
80,2499,1770.790375571,83,3
35,1347,230.233353036743,60,25
52,9887,3218.35017894804,52,0
28,1631,210.996183448779,89,61
96,8254,7458.32469623018,97,1
51,2940,923.561824428152,86,35
62,3204,1452.3433028219,74,12
27,5866,729.194672319804,80,53
54,4854,1694.50039405633,88,34
37,1132,209.378424924134,60,23
30,1869,261.8613296635,80,50
47,8230,2234.37846092049,87,40
42,1525,342.679899572984,46,4
31,1678,244.66280408544,81,50
20,2376,223.786944375147,68,48
89,4034,3293.16436377182,90,1
2,5460,270.711673811145,23,21
82,5920,4348.21508470583,94,12
37,3211,593.917069285683,78,41
5,8540,461.341993427556,69,64
59,7904,3260.82043521259,71,12
24,5364,591.715739671715,86,62
78,5358,3652.6301752714,81,3
34,3105,510.10205346897,76,42
50,7046,2135.25335732495,66,16
40,4804,999.172861716815,63,23
88,7747,6239.66175860156,89,1
51,2565,805.760571312316,89,38
83,5288,3950.31871920321,87,4
18,6424,559.476896525987,80,62
70,4970,2822.04630806512,83,13
24,3884,428.453380478177,83,59
38,6383,1227.89793583773,69,31
97,4009,3693.09819703199,97,0
45,8842,2227.40783995405,75,30
39,5755,1151.257037182,65,26
27,2293,285.039785821567,91,64
78,3644,2484.17027971052,87,9
67,2732,1432.31863885936,81,14
40,8951,1861.6978112463,80,40
92,8036,6820.93961800108,98,6
55,1513,546.624604917991,67,12
90,1824,1508.69283058836,90,0
94,4580,3995.76252499914,96,2
89,5004,4085.02589893758,93,4
72,3923,2341.436517606,83,11
62,1218,552.108034593345,92,30
47,4046,1098.4562883213,91,44
80,7814,5536.99719676343,80,0
74,5117,3201.42629216104,74,0
68,6893,3713.63402371241,86,18
30,4799,672.376950805318,85,55
93,6316,5432.7338980878,94,1
1,4358,211.07005161805,64,63
65,6049,2997.48737080532,86,21
67,9096,4768.8031987792,77,10
79,8953,6224.76514839983,79,0
30,4840,678.121367346892,75,45
54,2686,937.665442611313,71,17
7,7459,430.463161457888,65,58
36,9113,1620.44317361963,84,48
49,3609,1054.68781080084,88,39
85,3375,2602.93863763033,90,5
26,7314,873.645625695248,91,65
50,9404,2849.83289416461,63,13
71,6361,3704.32386967843,76,5
93,7439,6398.68705951158,96,3
53,5585,1883.08912899787,69,16
50,1158,350.925828524311,61,11
92,5524,4688.75938897934,97,5
46,3543,926.68606669859,74,28
55,1884,680.66143798116,88,33
70,4264,2421.16810011865,77,7
83,5841,4363.42882731959,89,6
83,2734,2042.39246942163,85,2
62,6906,3130.42535870414,71,9
74,2637,1649.82629127001,95,21
22,3398,346.300702050089,75,53
88,2295,1848.46053130122,97,9
2,6553,324.903589466013,72,70
99,4316,4110.47619047619,99,0
49,9160,2676.90228510271,68,19
35,4479,765.564356534204,72,37
60,3817,1625.79834192081,61,1
71,5070,2952.51092898438,88,17
91,5941,4977.90048117281,91,0
96,2153,1945.45348570191,98,2
81,7483,5400.33539501426,84,3
66,3560,1815.10642999286,87,21
36,9995,1777.27746300101,88,52
5,9807,529.786994091809,50,45
80,1353,958.73524535717,81,1
99,6159,5865.71428571429,99,0
66,8782,4477.60243488688,84,18
84,3711,2817.70475434362,86,2
82,9301,6831.54535521097,92,10
66,8193,4177.29409576728,66,0
28,1941,251.099688580061,82,54
34,2469,405.617381647306,85,51
44,1338,324.544770197266,53,9
67,9589,5027.27065447381,82,15
50,3074,931.55958280115,88,38
1,1964,95.1219782877122,88,87
26,7909,944.717425980819,76,50
23,6607,700.509420773669,74,51
99,7356,7005.71428571429,99,0
64,5256,2529.79556800877,70,6
85,7516,5796.64794086801,93,8
59,9660,3985.26384161862,63,4
9,8505,526.724328602184,81,72
80,2208,1564.58789486225,83,3
85,1287,992.587267149698,90,5
8,3657,218.539578546731,85,77
71,1494,870.029847712558,82,11
78,8975,6118.39414390833,78,0
23,1708,181.091280563255,78,55
5,1580,85.3536709151685,77,72
17,5881,492.653945253153,86,69
91,8420,7055.02811841021,95,4
71,8766,5104.87392573513,92,21
88,8468,6820.37637431754,92,4
2,1548,76.7512218057971,76,74
45,2547,641.620421665117,68,23
8,9153,546.976418495552,83,75
91,9357,7840.13041614779,94,3
7,2110,121.769308308908,21,14
31,8912,1299.42485697821,73,42
18,7198,626.885850123608,46,28
36,2686,477.615534329237,78,42
36,6041,1074.19041060421,88,52
17,6560,549.53407258301,72,55
68,3190,1718.62651032099,85,17
65,2025,1003.45708809403,78,13
64,3238,1558.50038988059,89,25
9,5546,343.470091290736,44,35
79,1244,864.917663867909,80,1
67,1855,972.529676092284,75,8
54,6123,2137.50018805252,61,7
94,2544,2219.48031956284,96,2
3,1352,68.8195370615862,64,61
53,4979,1678.7646863528,77,24
9,4996,309.407965396415,87,78
19,6715,608.137792509687,72,53
86,2942,2303.3140603167,94,8
2,4059,201.24884322334,44,42
72,2806,1674.75678521602,85,13
47,2311,627.417815697114,55,8
6,5648,315.141587782819,73,67
19,4728,428.186966937573,73,54
27,6115,760.147531748313,46,19
67,4567,2394.36281979162,78,11
58,9736,3888.42727974393,86,28
98,1494,1400.8365722849,99,1
56,5642,2108.63089525187,65,9
35,5788,989.30263353873,75,40
11,3280,218.613717183268,86,75
55,5404,1952.38556839182,82,27
58,1063,424.547883973685,65,7
58,2048,817.943618417787,80,22
71,2691,1567.10195461479,82,11
17,9500,795.819159990639,35,18
90,6571,5435.09900756366,91,1
0,1489,96.2373058356189,69,69
55,5125,1851.5869796462,77,22
55,1477,533.618335402428,72,17
16,7316,589.617459403374,76,60
14,8031,599.440477561697,83,69
86,7961,6232.72713602354,90,4
32,4608,699.17543766671,86,54
77,7323,4891.39474656635,92,15
25,5662,649.904029951973,82,57
46,3163,827.295520453751,80,34
39,3219,643.943771101451,81,42
32,3283,498.132153181382,91,59
77,3071,2051.27314853274,80,3
74,7414,4638.53322847019,83,9
96,6761,6109.24803382751,97,1
30,8638,1210.25048990547,64,34
47,4300,1167.41523474582,63,16
71,3101,1805.86516583443,82,11
51,9314,2925.86899072238,61,10
41,6242,1349.57092504839,68,27
57,5024,1941.48927354653,76,19
7,4350,251.040991063388,84,77
11,3215,214.281433153721,87,76
74,2671,1671.0982267661,76,2
38,4832,929.532010961602,70,32
7,4045,233.439266402622,56,49
3,1982,100.887812467503,85,82
11,2984,198.885162217948,65,54
66,9112,4645.85668261094,88,22
76,7451,4872.95751863046,76,0
46,1525,398.869955324683,92,46
22,4592,467.984939321368,64,42
87,1799,1428.93695804179,89,2
77,9786,6536.55455276503,89,12
32,4846,735.287363483697,62,30
19,6413,580.787440560629,77,58
12,3077,212.903301612035,55,43
35,3554,607.460532065765,80,45
66,5931,3023.98770682238,87,21
38,7471,1437.19653433239,64,26
58,7912,3159.94624459059,73,15
18,2605,226.873803774937,87,69
11,8477,564.99648797639,68,57
45,6612,1665.64359169602,74,29
0,2215,143.160263549964,49,49
82,1980,1454.30166684418,87,5
50,9367,2838.62023815822,62,12
33,4063,641.489582807403,84,51
71,2030,1182.16907018507,90,19
0,3105,200.68289766259,85,85
55,9452,3414.86831836408,57,2
72,4696,2802.80037896451,86,14
22,5362,546.458023658792,89,67
26,9735,1162.83021139503,78,52
65,8682,4302.22935250981,79,14
94,7131,6221.34990518971,95,1
54,5835,2036.96122771296,92,38
88,5385,4337.2374557983,89,1
23,5267,558.435465296642,84,61
66,8777,4475.05312810318,76,10
66,3935,2006.3044387702,78,12
89,8075,6592.04319223041,97,8
54,2307,805.35896355335,83,29
99,2355,2242.85714285714,99,0
42,7449,1673.85086683223,64,22
73,8844,5406.25050402065,82,9
71,7595,4422.94290052,78,7
25,9536,1094.57520834017,79,54
15,3811,295.550410827594,90,75
86,3242,2538.18633023343,86,0
76,1133,740.982535043391,90,14
78,4271,2911.60572575292,79,1
67,9583,5024.1250059258,79,12
23,1757,186.286522218758,65,42
96,8150,7364.35016649818,96,0
28,9485,1227.03789087166,84,56
62,8504,3854.78384743991,86,24
35,9857,1684.78853814638,76,41
57,6428,2484.05514537363,77,20
31,5494,801.059264389395,90,59
4,7534,394.674764788002,88,84
4,3064,160.510151222516,81,77
27,6006,746.597886456315,76,49
38,4736,911.064487565014,82,44
90,5584,4618.71752522226,93,3
88,5634,4537.78938272379,97,9
3,8512,433.278032151052,85,82
67,8545,4479.92780712052,73,6
11,4597,306.392456674232,78,67
90,5837,4827.98248472821,98,8
15,5067,392.955636752406,77,62
17,9998,837.536838061727,79,62
9,6407,396.792801099846,65,56
20,4747,447.102956628293,67,47
55,6817,2462.88164687769,91,36
51,6608,2075.81514823851,81,30
97,1979,1823.05845146578,98,1
83,7599,5676.71557247073,85,2
42,2671,600.195417547173,75,33
15,1412,109.503327233945,55,40
60,2927,1246.71515504381,92,32
10,8768,563.18859140423,83,73
97,5674,5226.89926913433,97,0
28,6302,815.265449475295,78,50
97,2777,2558.17752386078,98,1
15,3636,281.978822820554,89,74
40,2274,472.964006566203,71,31
12,4495,311.017335309098,41,29
63,7602,3551.87012564722,80,17
54,4261,1487.48788196828,71,17
47,5586,1516.55383750934,63,16
49,7346,2146.78211641534,81,32
23,2138,226.682176723794,66,43
32,3942,598.122737691443,76,44
43,2721,635.328136074986,85,42
53,2932,988.579646592974,70,17
94,6879,6001.4957225915,94,0
16,5837,470.420600128143,65,49
29,3449,464.344243008871,82,53
72,1782,1063.58395982001,87,15
71,2673,1556.61966729295,77,6
48,3077,866.850460786744,79,31
98,9414,8826.95816030122,98,0
18,8826,768.671091024029,69,51
93,8575,7375.82222547543,97,4
94,2176,1898.42341799086,99,5
60,8190,3488.4171915985,88,28
76,1065,696.510502931343,86,10
66,8155,4157.91936421117,80,14
55,9950,3594.78837999604,58,3
4,2953,154.695325248071,32,28
83,8092,6045.00360737375,88,5
62,4971,2253.30791458417,82,20
35,6563,1121.76799998526,63,28
85,4176,3220.70274096126,94,9
90,7480,6186.96402017595,95,5
82,6770,4972.53650734096,90,8
7,3924,226.456287110974,67,60
56,2792,1043.47703997576,66,10
80,9368,6638.16095972355,81,1
43,3917,914.582987506696,69,26
25,6044,693.751317031036,38,13
77,4580,3059.20905902962,89,12
70,1182,671.158699423134,72,2
28,8308,1074.77393751837,88,60
54,3740,1305.61010996512,87,33
9,8065,499.474627886727,56,47
54,1956,682.827105639511,81,27
35,5167,883.159417328027,70,35
56,8627,3224.23940683053,77,21
9,5685,352.078519471301,66,57
45,7285,1835.18051504923,74,29
15,9303,721.46561845424,62,47
45,3394,854.99007111559,70,25
38,3903,750.820248092536,82,44
46,5337,1395.91406660186,75,29
23,5091,539.775005472794,90,67
82,1741,1278.75717271501,82,0
5,5968,322.399182292231,68,63
87,3610,2867.40545777147,95,8
5,7477,403.917340147288,74,69
89,3134,2558.4474754737,93,4
65,2990,1481.64774982773,86,21
99,5063,4821.90476190476,99,0
45,7828,1971.96884993896,77,32
31,7509,1094.85875797233,70,39
70,7405,4204.67865416947,72,2
60,4019,1711.83744725694,86,26
83,5765,4306.65420124934,92,9
0,9223,596.102533057027,61,61
20,4079,384.186425128883,52,32
95,2011,1782.65973215114,95,0
65,9430,4672.88905714899,87,22
84,2706,2054.62383865638,93,9
47,7316,1986.23485055824,89,42
40,5246,1091.10342060084,61,21
67,2750,1441.75558450339,83,16
56,1991,744.112745913943,87,31
82,2262,1661.42948000077,83,1
59,3009,1241.37255687686,85,26
8,2367,141.450145589312,86,78
17,8289,694.373159701306,68,51
1,6680,323.530964848227,43,42
59,5610,2314.42341112634,89,30
72,3808,2272.79894444141,79,7
46,2576,673.763281912382,76,30
21,7749,759.143888570836,85,64
32,4591,696.596014394068,82,50
40,5193,1080.08007304234,71,31
17,5492,460.067244912483,84,67
87,8879,7052.54655389276,91,4
66,4189,2135.80922338205,93,27
2,4687,232.385643800886,4,2
25,6063,695.932203037586,69,44
40,2755,573.006085351754,65,25
7,5358,309.213248302905,80,73
58,7899,3154.75421966899,81,23
18,3742,325.897034059814,87,69
36,9673,1720.02050021099,41,5
70,9543,5418.66960118018,81,11
12,9506,657.737661723757,60,48
67,5097,2672.22844153228,70,3
5,6072,328.017398605635,56,51
59,1381,569.735959138232,82,23
51,6550,2057.59522108993,84,33
88,5153,4150.37782910466,98,10
69,7936,4390.81199268807,89,20
88,1898,1528.705049416,90,2
81,5140,3709.43791666087,85,4
41,5683,1228.71060029638,58,17
43,4329,1010.78114702999,78,35
53,4535,1529.06162936533,56,3
68,9252,4984.55563432283,80,12
89,9323,7610.85061067048,90,1
1,7229,350.120560611951,83,82
2,4396,217.957604042819,72,70
45,5236,1319.0123784211,73,28
7,6219,358.902051361658,74,67
74,4370,2734.06935640878,76,2
35,6072,1037.84478072688,82,47
64,9501,4572.98091545877,94,30
57,1494,577.345735405756,83,26
91,3074,2575.67178574739,95,4
93,7756,6671.35593945043,94,1
87,1140,905.496460348885,88,1
94,8836,7708.85538665773,99,5
16,1535,123.710060167329,46,30
59,3145,1297.47979108598,75,16
22,1047,106.703012079589,71,49
46,4776,1249.18223385619,85,39
61,6373,2801.06579185971,64,3
28,5423,701.552607506272,89,61
39,5808,1161.85940433589,80,41
43,5211,1216.71992542696,87,44
24,9979,1100.80748810292,79,55
15,3343,259.256106900196,63,48
38,9498,1827.13059604994,78,40
75,6316,4041.54943363218,92,17
41,4689,1013.79975449406,65,24
20,6721,633.026958394514,73,53
56,4631,1730.78158027497,91,35
16,8336,671.822189938016,78,62
23,1329,140.907676738036,65,42
37,6108,1129.7556708804,81,44
24,4839,533.801727119953,83,59
27,6894,856.983987550755,78,51
45,7509,1891.60885209398,86,41
28,6366,823.544882792721,65,37
77,6128,4093.19500299858,86,9
92,5461,4635.28512368142,93,1
86,8731,6835.56596214314,88,2
27,8282,1029.52442484702,78,51
17,4935,413.407111005664,72,55
88,6753,5439.0649097504,89,1
77,2065,1379.31587486816,84,7
24,1864,205.622322659969,82,58
61,8135,3575.50136776694,84,23
41,8877,1919.27925370948,58,17
44,1681,407.742719507926,77,33
23,5950,630.850772453963,88,65
87,4543,3608.48282400437,92,5
75,4741,3033.72163788001,82,7
29,1027,138.266609907252,86,57
48,4690,1321.26378325961,63,15
5,3397,183.510392467612,82,77
12,2994,207.160378624125,82,70
90,7277,6019.05577203482,95,5
74,1304,815.841290791088,75,1
19,9230,835.906451953003,52,33
85,5271,4065.21172117021,93,8
14,8634,644.448895936706,90,76
92,8644,7337.00871801908,93,1
3,5834,296.962410663679,88,85
53,5845,1970.75308128784,72,19
60,8004,3409.19306490285,68,8
74,4086,2556.3861305003,75,1
59,2816,1161.74979068303,71,12
65,3300,1635.2634028199,88,23
92,4980,4227.01335212113,93,1
84,9922,7533.62074174006,84,0
23,2727,289.131101929741,60,37
73,4531,2769.75588350493,73,0
83,9581,7157.33805761838,85,2
97,5572,5132.93668093347,97,0
84,4254,3229.99623416269,91,7
51,2423,761.153163465786,77,26
87,8525,6771.36607410021,92,5
67,4196,2199.85688457317,74,7
96,5359,4842.39908494034,98,2
46,8028,2099.75606645675,79,33
56,5298,1980.06495622907,88,32
82,7635,5607.87536684612,87,5
39,4725,945.211034002596,92,53
85,1163,896.953373500465,89,4
41,9508,2055.70656125603,49,8
42,5880,1321.28380950108,89,47
10,1508,96.8622714230816,79,69
96,4476,4044.51918346575,98,2
18,1994,173.660792601622,91,73
61,8561,3762.73721075019,79,18
2,5006,248.201948552855,89,87
22,1961,199.851582319077,68,46
92,5763,4891.62207796668,97,5
65,9097,4507.87611377352,81,16
91,2044,1712.64578076371,92,1
67,9946,5214.43674308025,70,3
21,4820,472.199450627362,55,34
6,3181,177.490331221166,72,66
70,3939,2236.62784858522,75,5
65,6063,3004.4248519082,88,23
23,2980,315.955512926523,77,54
51,7965,2502.09861618035,55,4
0,1200,77.5586077923054,47,47
58,2970,1186.17800131876,67,9
35,2461,420.641634612788,84,49
45,3886,978.930882838887,81,36
61,4750,2087.72360133903,74,13
40,9062,1884.78444481219,85,45
19,4706,426.194557192939,85,66
0,3170,204.883988918007,0,0
28,2951,381.759495620691,59,31
57,4150,1603.73815390488,61,4
24,6514,718.575005261288,81,57
73,5765,3524.08798684747,82,9
51,1292,405.864584068426,64,13
52,3973,1293.26441397396,66,14
20,4616,434.764535031852,79,59
24,2734,301.594114888603,57,33
50,6061,1836.75427174944,71,21
28,5942,768.693637064773,86,58
24,2419,266.845707357546,75,51
87,1760,1397.95944755617,96,9
3,3683,187.472156063478,59,56
42,4084,917.708006462993,88,46
0,3416,220.783503515429,68,68
30,4015,562.532497912763,54,24
21,2243,219.739287916426,58,37
44,9683,2348.70479059801,62,18
15,8565,664.232293030266,60,45
89,4228,3451.53667080497,89,0
65,1795,889.484184261127,94,29
45,2340,589.47459234251,92,47
69,7490,4144.05012918771,94,25
72,9136,5452.80755158001,80,8
17,1458,122.13729844909,57,40
35,2100,358.938412306727,87,52
42,5174,1162.6398691086,83,41
86,4578,3584.15083892925,96,10
83,4843,3617.88834287087,83,0
77,4916,3283.64011663528,79,2
93,1802,1549.99786009408,96,3
60,2234,951.541392677783,89,29
53,4795,1616.72558165529,68,15
98,1946,1824.65058210603,98,0
57,3714,1435.2490370127,61,4
75,6970,4460.03792786832,94,19
99,2250,2142.85714285714,99,0
98,3903,3659.6152219732,99,1
57,6109,2360.77985113371,66,9
95,8803,7803.45779320065,97,2
16,3181,256.365929245781,56,40
40,4310,896.426942964087,64,24
38,4063,781.599453753516,38,0
1,6074,294.180700671876,90,89
9,8283,512.975615968476,63,54
43,8159,1905.05044551114,75,32
44,4643,1126.20431093117,90,46
40,9344,1943.43697333096,85,45
84,4984,3784.27391421412,85,1
50,2744,831.55481301443,73,23
15,7180,556.822867945979,78,63
59,7499,3093.73639216336,78,19
90,7162,5923.93533589575,98,8
57,5213,2014.52698706172,67,10
57,6848,2646.36117540737,65,8
49,4159,1215.41884320329,86,37
65,8611,4267.04641263096,70,5
5,2760,149.098817548016,83,78
1,8010,387.946561142859,68,67
68,3953,2129.69611137896,91,23
74,1439,900.303387613785,80,6
89,9037,7377.37391061129,89,0
24,1005,110.863966884801,62,38
14,7889,588.841480199754,83,69
97,7693,7086.80579440437,98,1
4,7499,392.841261102366,64,60
84,6965,5288.41649528518,84,0
40,5856,1217.97591136837,52,12
47,3111,844.611347742848,83,36
6,1529,85.3136486756249,82,76
11,7971,531.271323069459,79,68
89,2458,2006.59345715199,94,5
51,1927,605.341372677908,78,27
43,2959,690.898917547182,75,32
84,4695,3564.84069567321,88,4
22,7697,784.425104084618,80,58
49,5154,1506.19589273137,73,24
94,3751,3272.51205922965,94,0
56,8690,3247.78491310506,74,18
24,7061,778.915890719981,76,52
15,1073,83.2132224660217,85,70
51,7007,2201.15568155376,83,32
24,3064,337.997208492568,81,57
69,6060,3352.86298836816,83,14
65,5460,2705.6176301202,90,25
72,4005,2390.37809151466,87,15
85,5968,4602.76675240823,88,3
95,4588,4067.05263605641,97,2
91,1882,1576.90771007696,95,4
76,8301,5428.85792003106,77,1
0,2415,156.086698182015,73,73
18,2627,228.789820543862,65,47
88,6957,5603.37251253273,93,5
21,1256,123.046163897918,52,31
63,5186,2423.04636564147,89,26
61,1792,787.621198652534,86,25
41,8871,1917.98200514327,85,44
22,9436,961.651978971347,91,69
53,4263,1437.35164850813,87,34
46,3397,888.499172615047,86,40
91,4020,3368.315087412,91,0
57,3705,1431.77105065484,91,34
14,5786,431.871822085914,78,64
61,1027,451.387818647407,66,5
22,5799,590.994046847694,75,53
32,9359,1420.04837697976,69,37
54,3809,1329.69756921314,83,29
47,2880,781.896715364643,91,44
23,9495,1006.71060242863,84,61
16,4044,325.917578707934,82,66
90,6355,5256.43801446767,92,2
91,5906,4948.57435478987,91,0
43,5867,1369.88981049318,86,43
98,7172,6724.76566025923,98,0
67,3652,1914.6514162205,91,24
38,1213,233.344852917306,75,37
40,7535,1567.18724251378,62,22
92,2807,2382.5755982739,94,2
14,6122,456.951139787412,69,55
91,8103,6789.4172023133,96,5
59,8330,3436.56809530881,71,12
60,1030,438.714249981252,87,27
36,5906,1050.18516222951,86,50
64,4841,2330.04953286348,91,27
60,3578,1523.99959847856,87,27
36,1525,271.170398306808,86,50
43,6708,1566.2554710735,68,25
15,1203,93.2949735569656,85,70
59,1466,604.802980518934,89,30
60,7320,3117.8527280221,82,22
0,7801,504.195582823145,85,85
64,1761,847.597031062299,87,23
79,5910,4109.05417480655,82,3
93,7270,6253.32100049054,98,5
3,7760,394.999709761767,74,71
11,1592,106.107633462123,88,77
83,4039,3017.27256181199,83,0
97,1502,1383.64517134998,97,0
5,5941,320.940606903175,54,49
1,2459,119.096203976316,75,74
90,4238,3505.39485528151,90,0
95,6993,6198.97538882791,97,2
84,3938,2990.06233430481,92,8
50,2128,644.879242745884,92,42
68,6980,3760.50565581208,79,11
49,2018,589.736769796646,71,22
40,2625,545.967685679983,81,41
18,5341,465.156616492107,90,72
23,9505,1007.77085582772,80,57
15,4736,367.285947436234,67,52
57,9985,3858.632642588,66,9
29,5874,790.825770784027,64,35
56,4336,1620.52881279902,73,17
78,7797,5315.33360891958,82,4
16,9294,749.030162342121,84,68
28,2271,293.790516623039,73,45
54,1420,495.712929451997,92,38
25,3461,397.265603614232,65,40
54,5432,1896.27650196003,87,33
57,2731,1055.37563814801,70,13
61,6855,3012.91479730085,94,33
14,8636,644.598177589691,73,59
90,3097,2561.63470193649,91,1
24,2261,249.416347389587,82,58
7,4174,240.883930275536,81,74
68,6147,3311.7232473176,90,22
62,2743,1243.37630450702,68,6
51,2356,740.106006242424,67,16
48,3350,943.759845185438,77,29
56,7559,2825.08701474811,64,8
64,6889,3315.7841834118,67,3
68,5954,3207.74364967122,71,3
16,9393,757.008856776366,73,57
55,5108,1845.44513015274,75,20
22,4566,465.335198811273,87,65
85,3517,2712.45487068025,90,5
46,3017,789.108626370208,68,22
7,8442,487.192654380948,81,74
9,4343,268.966932289157,58,49
21,5451,534.016432649326,86,65
26,6037,721.110013989911,68,42
44,7464,1810.46499607802,61,17
37,4822,891.892901929481,49,12
41,3143,679.542040600304,87,46
87,8923,7087.49554008167,92,5
0,4085,264.02242735964,66,66
