"Age","Benefit","NetSinglePremium","Die","SurviveYears"
25,2217,254.474961922205,56,31
33,2968,468.604745698344,80,47
5,2677,144.615048759434,83,78
47,6513,1768.22684276733,79,32
57,6509,2515.35702259442,70,13
20,6369,599.873337005603,87,67
34,8739,1435.67853309672,58,24
43,2181,509.243169709498,74,31
96,5140,4644.51041175468,97,1
46,1204,314.9110991547,65,19
81,5431,3919.44695046405,85,4
58,8083,3228.24134163622,63,5
24,9586,1057.45471299274,63,39
0,3592,232.158765991634,88,88
17,3742,313.468978598418,74,57
52,3964,1290.33479410843,87,35
76,7537,4929.20155924275,78,2
28,1572,203.363580859277,86,58
69,9465,5236.77362787205,90,21
27,7259,902.356652978087,70,43
4,7818,409.552337551447,90,86
51,2353,739.163596217497,52,1
58,1194,476.867519722089,74,16
12,9143,632.621022632055,66,54
18,1667,145.181816081697,88,70
95,3451,3059.15402071287,95,0
4,3693,193.460831744371,86,82
9,9750,603.828595399329,80,71
8,1863,111.331483410599,70,62
38,9539,1835.01776750056,70,32
9,4624,286.369582064256,75,66
31,6233,908.810046403186,77,46
21,3048,298.602474172656,85,64
28,2174,281.242000501316,75,47
55,1815,655.732754742997,68,13
38,5115,983.972730974461,82,44
3,5203,264.843233233308,86,83
87,3650,2899.17726339775,96,9
67,5098,2672.75271629028,74,7
21,3341,327.306714636103,86,65
88,6740,5428.59432722015,89,1
61,4723,2075.85654086826,79,18
54,3018,1053.56452189164,80,26
18,4823,420.043130751064,85,67
15,1765,136.879159042431,69,54
22,2092,213.202197966093,71,49
35,7871,1345.33535393631,67,32
5,9299,502.344168253261,75,70
58,7901,3155.55299273385,61,3
53,7953,2681.50543293108,66,13
17,5410,453.198069005196,88,71
88,5009,4034.39599184655,89,1
35,5942,1015.62478377456,72,37
47,9693,2631.57113264913,61,14
63,9855,4604.53566012277,87,24
20,3232,304.410523661817,76,56
88,4791,3858.81237710857,93,5
99,8420,8019.04761904762,99,0
58,6098,2435.45907476155,88,30
52,1898,617.824278309233,92,40
40,8057,1675.75681658043,83,43
53,9245,3117.12784200274,69,16
84,4325,3283.90543318139,89,5
53,9848,3320.44077750601,79,26
71,3835,2233.30954884716,83,12
14,6194,462.325279294876,79,65
13,6113,439.238602498337,87,74
56,8360,3124.45130880993,71,15
98,7699,7218.902791179,99,1
20,1813,170.75998743777,71,51
34,2957,485.788010340658,45,11
35,9447,1614.71008621983,69,34
44,4573,1109.22513760247,79,35
78,5403,3683.30736039406,83,5
85,5800,4473.19825133508,91,6
14,7623,568.987020352735,78,64
54,4522,1578.60131477601,91,37
89,7531,6147.9476508591,94,5
56,4158,1554.00341411862,63,7
19,4673,423.205942575989,85,66
23,3929,416.573560499432,46,23
43,4186,977.391980010985,78,35
98,5305,4974.18876571043,98,0
31,5446,794.060566775509,73,42
14,6736,502.78060725384,58,44
96,8173,7385.13299518891,97,1
60,5886,2507.06026736859,81,21
74,6699,4191.19693789072,79,5
47,6793,1844.24457898334,71,24
65,5218,2585.6983139134,87,22
88,1786,1438.4969537708,92,4
10,6393,410.636937140425,41,31
44,2029,492.153466913493,73,29
38,3475,668.485872949414,71,33
93,5053,4346.35914930931,96,3
22,1869,190.475577437203,76,54
59,9143,3771.97384098541,82,23
20,8210,773.270544326582,83,63
46,5800,1517.01360057912,84,38
1,7842,379.809854242484,79,78
62,4514,2046.15407894447,84,22
3,6313,321.344480377066,78,75
87,1303,1034.96656827596,92,5
37,5400,998.801673666362,50,13
2,3346,165.897666771445,65,63
68,8759,4718.9497190914,77,9
16,4347,350.337219249107,73,57
56,5668,2118.34808831754,90,34
43,6554,1530.2979065915,89,46
11,9216,614.251224866157,80,69
77,2846,1900.98449388609,82,5
26,5706,681.572592318442,74,48
95,7582,6721.09701102435,96,1
99,1291,1229.52380952381,99,0
15,8154,632.35844919659,60,45
38,6707,1290.22582730121,59,21
64,6225,2996.19052717934,66,2
89,3430,2800.08769651397,90,1
28,1472,190.426966300799,75,47
32,6856,1040.26623277842,85,53
61,7984,3509.13373328227,77,16
19,7159,648.348243719561,89,70
16,6590,531.107033552247,75,59
48,2403,676.97161432257,58,10
1,6491,314.377169585305,61,60
29,9780,1316.69663572826,81,52
59,1166,481.037022704691,71,12
68,4766,2567.70343203444,80,12
16,8413,678.027841164651,60,44
20,3958,372.789867776445,30,10
22,4280,436.188053200229,86,64
60,7522,3203.89183335823,81,21
0,3403,219.943285264346,79,79
71,5542,3227.3797965348,89,18
46,8134,2127.48079777768,59,13
64,4801,2310.79690296996,94,30
89,1334,1089.01369887744,95,6
11,9381,625.248561248852,78,67
67,1285,673.693064031582,78,11
91,9191,7701.04078816013,93,2
39,5242,1048.63412491886,83,44
60,8941,3808.29525153629,60,0
35,3398,580.79653572298,68,33
97,9103,8385.70039600455,98,1
98,6635,6221.25211319297,98,0
9,7892,488.760541014513,70,61
20,4014,378.064307542863,86,66
47,3596,976.284926545575,69,22
52,8205,2670.83677741162,90,38
0,8396,542.651725853497,17,17
6,9488,529.402157380202,62,56
60,4257,1813.21025453416,71,11
40,2240,465.892425113586,43,3
37,2866,530.104740134776,72,35
63,4841,2261.85257540886,72,9
58,4163,1662.64613450842,69,11
95,3000,2659.36310117028,96,1
13,9455,679.371991922424,48,35
80,8392,5946.56775982067,83,3
90,8845,7316.00224043534,93,3
12,5962,412.521769324326,81,69
1,4792,232.089877777351,71,70
25,6172,708.443601706743,79,54
85,7517,5797.41918194583,92,7
16,1295,104.367770629766,65,49
73,9966,6092.118105277,96,23
30,3679,515.456303815954,91,61
99,2519,2399.04761904762,99,0
80,3372,2389.39781769725,80,0
8,3791,226.547318094246,89,81
91,3471,2908.31384786245,91,0
69,8827,4883.78244196794,69,0
69,1220,674.998819440454,77,8
7,5207,300.498951831509,72,65
75,3982,2548.04462392707,83,8
76,5796,3790.58673707987,84,8
4,5557,291.107999459374,88,84
55,3396,1226.92475763483,91,36
33,4546,717.748373970576,70,37
76,3165,2069.91149462695,77,1
97,1259,1159.79312298909,98,1
61,1035,454.90398471282,83,22
41,2159,466.793275741666,69,28
34,3409,560.044412327123,56,22
28,2497,323.0272655252,81,53
62,3882,1759.67437626549,72,10
10,3080,197.835408476851,84,74
42,1086,244.033030122138,80,38
4,7852,411.333455417493,69,65
89,2593,2116.80099039671,91,2
21,3221,315.55071171592,67,46
45,5222,1315.48560735581,77,32
80,3858,2733.77721846856,93,13
37,1133,209.563388197035,75,38
94,6885,6006.7303459867,95,1
79,2622,1823.00169988879,89,10
98,8006,7506.7587668761,98,0
5,3684,199.014508640178,69,64
67,7545,3955.65304911929,95,28
23,2166,229.650886241224,64,41
57,7125,2753.40586664392,69,12
93,5028,4324.85529442455,94,1
32,8664,1314.59548436293,86,54
39,1600,320.071461249556,61,22
14,6894,514.573857839663,74,60
69,2913,1611.6980008443,77,8
74,4198,2626.45838860505,78,4
62,2516,1140.47932269036,74,12
30,5956,834.481583454151,55,25
59,4676,1929.09872913133,86,27
59,1150,474.436171621265,63,4
92,6766,5742.96633342401,98,6
14,1227,91.5842941063631,45,31
80,6259,4435.12483421325,84,4
13,9965,716.017123163083,71,58
21,4502,441.046042888877,83,62
46,5662,1480.9191390481,62,16
47,2271,616.558139094828,77,30
1,6556,317.525300231284,86,85
93,1877,1614.50942474838,99,6
54,1535,535.858694865363,78,24
74,1390,869.646774692954,86,12
73,9315,5694.16818690099,73,0
22,5061,515.782181599617,83,61
39,5857,1171.66159283666,82,43
98,8463,7935.26098477048,98,0
58,5540,2212.6013896653,86,28
42,3125,702.212908961032,84,42
86,3325,2603.16765824372,89,3
42,1199,269.425048910169,56,14
96,3449,3116.52070236224,96,0
35,1877,320.822571380822,88,53
39,4724,945.010989339315,76,37
90,4809,3977.68849906767,95,5
43,2257,526.988461272048,65,22
61,5779,2539.99046150279,92,31
43,5314,1240.76946530778,82,39
52,6480,2109.32630318431,77,25
34,1641,269.590167388914,76,42
72,1328,792.614757935449,81,9
46,2093,547.43266655381,76,30
78,1747,1190.95649798416,82,4
41,2172,469.603980968457,85,44
93,9149,7869.55073362971,94,1
72,4254,2538.99335862756,77,5
57,1127,435.521180590554,64,7
12,6464,447.256074624697,79,67
81,1707,1231.90866220625,92,11
41,9364,2024.57259566696,60,19
78,5600,3817.60525970882,88,10
1,7531,364.747259920957,65,64
84,4892,3714.41974083777,91,7
36,4057,721.402167823423,60,24
52,5126,1668.58127008068,86,34
15,6151,477.021930464585,60,45
42,4313,969.166168431658,85,43
8,3542,211.667264755954,78,70
49,5554,1623.09118902407,80,31
49,2664,778.522673309348,63,14
68,1875,1010.16448490654,91,23
80,6578,4661.1681034438,81,1
61,6639,2917.9783135347,63,2
3,2898,147.514066867217,20,17
58,9917,3960.71624211386,65,7
1,5119,247.92739656558,67,66
67,6801,3565.59262916637,81,14
76,5878,3844.21477580323,78,2
71,6491,3780.02927811393,73,2
92,9519,8079.70684715683,97,5
90,4077,3372.22624468681,94,4
27,3002,373.174634555754,71,44
61,4564,2005.97274031817,64,3
1,2475,119.871128443018,62,61
43,7001,1634.6682398607,76,33
43,6423,1499.71062771394,88,45
66,3836,1955.82816445298,80,14
47,1752,475.653835180158,71,24
8,4026,240.590741927575,74,66
30,2589,362.738888442377,76,46
7,1660,95.7995506126953,20,13
37,3773,697.866428656145,84,47
17,4142,346.977153755919,61,44
96,9815,8868.84624345762,97,1
55,9624,3477.00938382733,86,31
10,4015,257.892586050181,78,68
93,9914,8527.56869310361,93,0
98,2121,1988.73786466952,99,1
74,5723,3580.5672601207,91,17
99,5553,5288.57142857143,99,0
87,3097,2459.93205061447,91,4
1,6518,315.684854622865,77,76
47,2456,666.784143380404,75,28
57,9797,3785.98137200147,65,8
12,5865,405.810160531226,78,66
4,3707,194.194233218625,60,56
34,2004,329.225286683354,60,26
33,9083,1434.07577667724,65,32
20,5022,473.00422333838,60,40
96,9553,8632.10271663277,97,1
55,7478,2701.69120659401,76,21
97,7740,7130.10228112438,97,0
73,4727,2889.56876215577,79,6
67,2147,1125.61790542864,84,17
28,2137,276.455453114679,78,50
39,7969,1594.15592168607,58,19
39,5009,1002.02371837439,75,36
86,7537,5900.77432787457,95,9
4,1094,57.3100866310159,64,60
53,5363,1808.23760050413,91,38
4,5627,294.775006830646,62,58
23,2483,263.260918992133,76,53
52,8941,2910.4145797486,63,11
95,1255,1112.50023065623,97,2
91,1591,1333.08191643594,92,1
99,8512,8106.66666666667,99,0
0,3162,204.366931532725,72,72
18,8839,769.803282751121,68,50
98,3271,3067.02572151533,98,0
11,7634,508.810096639349,53,42
70,5298,3008.29000807425,84,14
3,8217,418.26193493717,89,86
5,5230,282.531454991349,87,82
47,6094,1654.47173035838,64,17
7,8894,513.277833222477,73,66
26,7403,884.276533637123,58,32
66,8993,4585.18318115893,82,16
21,1477,144.696802609256,56,35
82,9496,6974.77203452138,84,2
53,1193,402.242673392025,82,29
54,5149,1797.48300968192,71,17
51,9639,3027.96341008944,63,12
55,9054,3271.07678316424,75,20
88,5921,4768.94762781462,97,9
38,3472,667.90876284327,88,50
31,7855,1145.30770327242,61,30
42,3685,828.049462246849,78,36
88,1953,1573.0036678132,89,1
77,8848,5910.01785028255,80,3
8,4544,271.546033611252,85,77
39,3482,696.555517544347,64,25
21,3492,342.099684977334,79,58
22,9034,920.682914161419,81,59
83,3379,2524.22975646514,84,1
97,2235,2058.88612381305,98,1
31,4508,657.294350904149,67,36
35,5693,973.064943458188,65,30
36,1700,302.288312866606,83,47
22,1205,122.805281333242,64,42
79,1808,1257.05075263117,88,9
40,7478,1555.33194419616,86,46
31,5771,841.447581869531,88,57
75,6351,4063.94560687112,83,8
81,4941,3565.82349148276,86,5
71,9528,5548.62408902627,74,3
17,8705,729.221661865107,77,60
37,3444,637.013511871657,49,12
64,1753,843.746505083594,81,17
42,8308,1866.87515124744,82,40
70,1501,852.292054005182,84,14
95,1357,1202.91857609602,96,1
20,1374,129.412147126032,84,64
74,1724,1078.61225868392,91,17
60,7189,3062.05509040313,85,25
49,9836,2874.45533583737,80,31
80,7845,5558.96378405543,95,15
63,5855,2735.62215017949,83,20
88,4861,3915.19243688682,89,1
40,5625,1169.93075502854,78,38
25,5820,668.039818848549,66,41
88,5344,4304.21484935675,98,10
79,6444,4480.32912055049,87,8
56,7810,2918.89530165138,77,21
49,5324,1555.87639365577,67,18
89,2811,2294.76574778448,91,2
44,3907,947.680431360777,86,42
55,2633,951.264100957747,69,14
60,7337,3125.09364282762,75,15
7,8674,500.581507237662,88,81
21,1231,120.59699662288,50,29
62,1766,800.511321093471,70,8
3,8079,411.237455562541,69,66
67,6488,3401.49462991199,71,4
55,2136,771.705324590105,81,26
73,1315,803.846609315599,91,18
90,7539,6235.76493958643,96,6
37,5103,943.867581614712,73,36
19,9130,826.850044022851,63,44
18,7404,644.826734414447,55,37
24,6103,673.236606863623,83,59
2,7248,359.362309850399,83,81
29,8628,1161.60108109033,90,61
47,7263,1971.84577906021,72,25
92,6007,5098.72875626338,93,1
56,4036,1508.40735434891,75,19
87,5186,4119.21459944677,89,2
49,8798,2571.11204195782,72,23
23,9374,993.881536299739,90,67
94,5304,4627.40708135272,95,1
73,9428,5763.24397918438,79,6
28,5610,725.744076730626,45,17
55,3638,1314.35579160056,55,0
28,9484,1226.90852472607,72,44
2,8508,421.834234576047,67,65
76,1979,1294.26693455505,84,8
71,9269,5397.79562145093,82,11
84,2699,2049.30884720383,93,9
88,1891,1523.06704343818,94,6
23,8076,856.260645098858,77,54
61,6354,2792.71489745435,92,31
89,2458,2006.59345715199,90,1
23,3872,410.530116124663,79,56
48,9143,2575.76007896432,59,11
74,3635,2274.22016259632,92,18
91,3414,2860.55415632452,94,3
32,5198,788.696598305459,81,49
32,8042,1220.21893874038,87,55
36,2065,367.191391805612,69,33
56,6941,2594.11681034087,83,27
92,1925,1633.93588410305,93,1
87,4419,3509.99022656292,98,11
1,6337,306.918521593295,70,69
17,5239,438.873324125364,64,47
51,3175,997.383943047409,84,33
98,7372,6912.29398318893,98,0
88,9278,7472.77420889445,88,0
32,5227,793.096790947025,73,41
11,6092,406.034989353801,78,67
71,1801,1048.81108147946,83,12
64,1337,643.519154190967,85,21
1,3018,146.170127531729,80,79
51,4773,1499.37434965836,80,29
36,8097,1439.78145251818,72,36
92,2880,2444.53784219053,93,1
19,2378,215.361380579008,82,63
8,4618,275.968218137491,80,72
8,4581,273.757125874371,82,74
61,8677,3813.72161869868,80,19
22,4593,468.08685241791,84,62
98,8020,7519.88574948118,99,1
42,8184,1839.01134301987,85,43
41,3312,716.081208548587,83,42
33,5175,817.058476748291,85,52
35,7971,1362.42765928425,59,24
84,8230,6248.91137920991,87,3
4,6392,334.850158816685,76,72
44,9070,2200.01574416234,52,8
10,5687,365.2889506519,52,42
44,4650,1127.90222826404,88,44
33,3358,530.180167134447,59,26
14,4049,302.220706468349,59,45
29,1530,205.9862835035,88,59
52,6262,2038.36439977472,74,22
78,3271,2229.89050080492,81,3
44,1819,441.215946927375,89,45
51,4966,1560.00272792864,86,35
36,9059,1610.84107426975,77,41
72,5737,3424.11962821963,78,6
7,1996,115.190303025867,60,53
32,9192,1394.70933659557,82,50
7,7775,448.699702417895,80,73
45,4262,1073.64987716401,81,36
11,4657,310.391488086121,83,72
54,4616,1611.41611433128,68,14
57,4813,1859.94981560101,66,9
19,1277,115.650329268037,73,54
83,4697,3508.82129805172,95,12
42,8540,1919.00743760871,64,22
36,5804,1032.04786345752,90,54
52,6062,1973.26173609619,74,22
3,5205,264.945037282216,72,69
90,3718,3075.28505708746,91,1
84,7556,5737.15363077886,85,1
50,1038,314.560457692776,66,16
60,8269,3522.0661486359,84,24
60,4046,1723.33772371276,80,20
86,3755,2939.81791179103,89,3
58,4190,1673.42957088405,68,10
43,9906,2312.95866077134,71,28
0,1780,115.045268225253,82,82
0,9421,608.899703342758,87,87
0,2858,184.718750892007,76,76
73,4461,2726.96556970105,87,14
34,6271,1030.22543552461,56,22
37,2771,512.533229209164,85,48
69,3649,2018.91040339198,83,14
58,4936,1971.37192407724,76,18
14,7792,581.601320029976,64,50
12,8383,580.035221778904,90,78
76,9724,6359.50059202289,85,9
16,1771,142.729978212599,58,42
31,5951,867.692697921604,70,39
60,2480,1056.32168927525,88,28
61,2836,1246.48087018894,74,13
65,1938,960.345598383323,82,17
73,5646,3451.34445338089,76,3
43,9647,2252.4845750516,84,41
91,9160,7675.06621907809,91,0
84,6072,4610.37544283871,85,1
3,9626,489.982887392625,67,64
51,7375,2316.75797794477,82,31
32,6634,1006.58199945333,60,28
47,5712,1550.76181880654,61,14
50,9913,3004.08267544171,75,25
45,2007,505.58782343223,68,23
43,1612,376.386973668827,59,16
61,7444,3271.79252386689,82,21
19,3213,290.982386795774,80,61
45,2278,573.856034767623,83,38
94,8096,7063.25183458363,98,4
27,7254,901.735109616069,90,63
46,5977,1563.30867080369,85,39
18,9905,862.64300437265,82,64
0,6023,389.279578944213,68,68
61,2466,1083.85818966359,78,17
94,2297,2003.9883231273,96,2
10,6856,440.376480687432,54,44
73,5378,3287.51868053178,94,21
23,3939,417.633813898514,70,47
88,8951,7209.39878678747,94,6
3,7385,375.911450591579,71,68
12,1353,93.6165638872548,65,53
3,6533,332.54292575691,89,86
0,9132,590.221005299444,7,7
83,5277,3942.1013391141,88,5
28,8913,1153.04045559716,79,51
97,2571,2368.40994376883,98,1
73,4822,2947.64133088959,82,9
42,8991,2020.35080462996,82,40
10,8407,540.000739956132,60,50
80,2217,1570.96529117283,91,11
0,2352,152.014871272919,0,0
31,3148,458.997918510706,86,55
50,3526,1068.53581293326,80,30
95,1639,1452.89870760603,95,0
55,9267,3348.03054446466,72,17
85,5567,4293.49908020386,86,1
16,1716,138.297370193574,74,58
61,5194,2282.87081796945,78,17
84,3703,2811.63047839785,88,4
70,8958,5086.49714842,73,3
62,3041,1378.45692380818,64,2
85,1851,1427.56723503814,96,11
61,2927,1286.47725918302,86,25
40,1045,217.347135823079,87,47
71,4622,2691.61844452975,93,22
41,1674,361.932349972927,78,37
9,3935,243.69902798937,46,37
82,5551,4077.18613770305,95,13
50,5821,1764.02353008637,83,33
23,5587,592.363574067276,81,58
20,3472,327.015265517892,83,63
85,5083,3920.21839854073,86,1
96,9347,8445.96085966362,98,2
13,1991,143.059718235594,70,57
86,2434,1905.59701659104,89,3
36,1355,240.941567020147,75,39
26,3564,425.714111290383,75,49
90,2850,2357.33254779431,98,8
78,5839,3980.53519847139,83,5
30,8163,1143.69932265551,82,52
47,9677,2627.22726200821,91,44
9,2106,130.426976606255,69,60
96,6843,6183.3433361162,96,0
58,3575,1427.80685343925,71,13
72,1568,935.858388887638,79,7
6,5212,290.814085609782,86,80
56,9183,3432.03784315808,77,21
56,6187,2312.31821143625,65,9
5,8817,476.305896493064,88,83
90,2505,2071.97123937711,94,4
70,8868,5035.3936941492,83,13
9,1254,77.6616470390521,45,36
96,6184,5587.87011406439,96,0
27,2842,353.28524697117,72,45
85,7077,5458.07310770661,86,1
75,1060,678.284103807807,86,11
52,3735,1215.79224419651,87,35
17,1660,139.058926903627,69,52
69,1811,1001.98595246448,84,15
78,3195,2178.08014370887,90,12
48,5744,1618.19598529706,81,33
95,4512,3999.6821041601,95,0
22,2128,216.871069441609,62,40
90,1419,1173.70346853338,93,3
16,7678,618.792079455865,73,57
61,6942,3051.15310326222,80,19
14,5626,419.929289847106,59,45
91,4741,3972.43329090057,93,2
55,1502,542.650467010458,90,35
12,4237,293.165839756318,70,58
47,4362,1184.24773347937,79,32
10,6222,399.653218033431,68,58
50,3469,1051.26226178829,71,21
38,9975,1918.89110292673,82,44
0,9809,633.976986528936,66,66
29,9410,1266.88295932545,74,45
28,8989,1162.8722826616,73,45
25,8240,945.815825998633,88,63
30,2562,358.955979988169,74,44
9,6091,377.222561495109,43,34
22,7689,783.609799312281,49,27
82,7156,5256.05188279644,82,0
82,3414,2507.56863161921,87,5
90,5991,4955.36115573184,92,2
98,2078,1948.41927523964,98,0
51,9774,3070.37186121114,59,8
61,3609,1586.23041625948,80,19
58,2090,834.71785277987,75,17
95,3752,3325.97678519696,95,0
57,2317,895.388265686169,79,22
39,2491,498.311256232903,70,31
66,5960,3038.77368616782,66,0
7,5366,309.674932884171,66,59
26,3756,448.648204827912,65,39
43,1189,277.620416682528,72,29
82,4842,3556.42862164622,84,2
40,4160,865.228789496659,77,37
63,2671,1247.96699626463,70,7
27,4355,541.364268317891,56,29
32,1054,159.9242429038,54,22
39,4656,931.407952236209,89,50
24,7604,838.815526559232,43,19
72,8563,5110.81338268166,75,3
83,8916,6660.56007950376,89,6
3,6537,332.746533854726,82,79
76,7314,4783.35945393412,78,2
72,6320,3772.08228174099,86,14
52,5239,1705.36427505905,78,26
37,9707,1795.43849005174,60,23
86,1228,961.410491525802,89,3
56,3810,1423.94252231649,73,17
85,5895,4546.46615372764,85,0
52,5419,1763.95667236972,65,13
41,9944,2149.97329040071,56,15
67,6697,3511.06805433425,77,10
21,3587,351.406520622479,87,66
50,1739,526.994832300325,90,40
41,4309,931.640678634016,80,39
30,8208,1150.00417007919,76,46
51,5486,1723.35379891593,70,19
56,6845,2558.23794363684,90,34
6,7795,434.937796878022,77,71
70,1075,610.402370456742,74,4
26,3141,375.187436465514,73,47
23,5073,537.866549354446,75,52
61,5766,2534.27669164649,86,25
59,9429,3889.96405410166,82,23
85,4194,3234.58508036195,85,0
4,8389,439.464640537105,67,63
75,1727,1105.09117667555,82,7
50,4152,1258.24183077111,82,32
23,2222,235.588305276085,67,44
62,3592,1628.22008231469,85,23
33,7460,1177.82729208546,61,28
42,8875,1994.28466144933,72,30
9,4205,260.420435246582,73,64
70,8999,5109.77761092114,89,19
62,2934,1329.95482224702,68,6
51,4857,1525.7618303563,53,2
47,3779,1025.96794700104,82,35
6,8338,465.235580547653,53,47
8,4329,258.697794785015,87,79
12,7776,538.03577293961,83,71
92,8254,7005.97755188911,94,2
85,1875,1446.07702090574,85,0
69,8459,4680.1762406941,69,0
94,7897,6889.63682530965,96,2
85,9769,7534.25408918834,87,2
66,1577,804.051359578298,76,10
99,2808,2674.28571428571,99,0
69,6264,3465.73164342214,72,3
48,6411,1806.10279626383,72,24
21,9735,953.70573689987,64,43
36,5104,907.576205218326,72,36
52,1689,549.791994765171,83,31
23,1150,121.929140894463,82,59
53,5550,1871.28821234345,67,14
47,9592,2604.15044922835,69,22
23,2111,223.819492546272,89,66
60,6650,2832.47549745177,88,28
63,5987,2797.29629600762,67,4
37,1252,231.574017672275,79,42
44,4855,1177.62695015525,82,38
59,7465,3079.70958361108,83,24
11,3961,264.002723708208,51,40
2,9035,447.963364997013,85,83
75,3312,2119.31787906741,78,3
42,2274,510.986289592764,58,16
8,7518,449.270044165799,56,48
11,1641,109.373509115165,66,55
38,5891,1133.25187843021,69,31
33,3440,543.126794205628,69,36
71,7168,4174.27975127417,87,16
45,6427,1619.03983119031,86,41
85,3904,3010.9251677952,85,0
40,1791,372.505952401086,63,23
8,4222,252.303554997074,82,74
46,7044,1842.38686249644,65,19
20,3572,336.433907957924,89,69
10,5578,358.287632624635,87,77
9,9613,595.344029494743,62,53
98,1814,1700.88188897243,98,0
92,4499,3818.74158056083,96,4
88,5294,4263.94337808657,91,3
60,5701,2428.26207683798,65,5
1,1404,67.9996219531303,79,78
51,3518,1105.13282256403,82,31
71,4541,2644.44815158148,84,13
76,5969,3903.7288187767,89,13
71,7305,4254.06160477927,74,3
83,2014,1504.52759086144,85,2
15,1825,141.532274930559,79,64
39,9611,1922.62925879343,86,47
40,4826,1003.74859089204,70,30
1,6332,306.676357697451,75,74
37,2982,551.560479791313,50,13
37,4933,912.423825221511,88,51
41,3915,846.454689452813,71,30
35,4739,810.004350438846,56,21
70,3399,1930.00712296043,74,4
40,4056,843.598069759243,83,43
83,8102,6052.47395290931,85,2
7,2771,159.915996836011,80,73
72,2578,1538.67533581144,85,13
51,5749,1805.9717444345,75,24
19,3540,320.596840727371,49,30
69,2147,1187.88726667103,81,12
13,2317,166.483860950212,88,75
28,3904,505.045432362988,81,53
29,2246,302.382478920825,60,31
91,2137,1790.56948800981,95,4
98,4343,4072.17753241855,98,0
1,1480,71.6805131699664,81,80
54,8231,2873.38952276013,61,7
54,7978,2785.06883885073,88,34
74,1143,715.112419765501,91,17
78,2304,1570.6718782802,85,7
76,8685,5679.99410136969,85,9
76,4285,2802.39202353127,79,3
51,7079,2223.773522152,73,22
28,7613,984.864466336944,30,2
28,6535,845.407761396549,88,60
21,8703,852.604111786293,86,65
32,5920,898.24622200237,58,26
21,3668,359.341822593603,75,54
22,7158,729.493945048421,69,47
71,1320,768.701070268123,75,4
65,5070,2512.35922796875,86,21
64,2633,1267.30436274107,92,28
19,8308,752.406370837004,77,58
54,9042,3156.50444232743,74,20
99,3159,3008.57142857143,99,0
41,2864,619.219982271483,77,36
90,1913,1582.30777681773,90,0
21,4103,401.957333179267,90,69
93,7807,6715.22380341536,98,5
65,4976,2465.77899770661,77,12
11,1584,105.574429273871,41,30
72,5561,3319.07429885469,95,23
65,5584,2767.06389131707,76,11
51,5670,1781.15494711144,85,34
52,1086,353.507463774408,87,35
72,6962,4155.2589945381,73,1
3,3595,182.99277791154,38,35
45,3172,799.065558508736,59,14
97,2787,2567.38954231184,98,1
13,8371,601.483124736394,52,39
41,4314,932.721719105858,87,46
35,7604,1299.69889865731,67,32
15,3122,242.117130045592,68,53
46,1926,503.753137019894,76,30
2,7659,379.740056725194,67,65
55,5127,1852.30955017485,92,37
22,2431,247.750737693869,37,15
74,3216,2012.07483986514,80,6
28,5190,671.410295585017,88,60
82,8787,6454.01451846455,84,2
8,3140,187.644046113409,50,42
88,1038,836.035743568919,89,1
6,6471,361.062537985591,73,67
79,8410,5847.23275975009,89,10
28,2451,317.0764228283,90,62
33,3548,560.178449372548,62,29
1,8284,401.217142635136,86,85
91,7593,6362.09364644759,92,1
19,9472,857.82295914397,55,36
21,4073,399.018332449221,69,48
60,6385,2719.60241371873,62,2
40,4418,918.889613460635,85,45
73,4736,2895.07037393055,87,14
50,6495,1968.27569625682,85,35
46,9763,2553.55237628516,84,38
22,1281,130.550676670442,62,40
91,1696,1421.06029558476,96,5
20,2116,199.298474031066,39,19
7,7407,427.462211679659,72,65
19,5648,511.505919894969,65,46
96,6810,6153.52449495124,96,0
14,8500,634.447025186704,55,41
94,5914,5159.59379319758,94,0
99,7419,7065.71428571429,99,0
40,4887,1016.43583996879,73,33
46,4018,1050.92424950464,56,10
59,4522,1865.56553745336,82,23
83,4318,3225.69520225406,84,1
72,3568,2129.55531348922,81,9
46,5381,1407.42244564073,78,32
12,4263,294.964827680242,79,67
75,1909,1221.55127751802,79,4
94,9688,8452.17190877547,96,2
32,8557,1298.36029082336,64,32
25,5368,616.157688587459,89,64
35,3064,523.708235860862,84,49
20,6480,610.328030114038,81,61
41,2448,529.277415014173,74,33
21,7430,727.892514141349,88,67
7,2569,148.258461159045,86,79
15,4743,367.828810956515,83,68
15,8831,684.861106800967,56,41
84,8812,6690.8149542646,85,1
14,4231,315.805336889994,71,57
87,2575,2045.30998719156,92,5
74,8675,5427.47177731034,80,6
62,8502,3853.87726610231,84,22
69,2220,1228.27654029329,86,17
20,2685,252.890549514845,81,61
7,4973,286.994677829478,42,35
83,7581,5663.26895050673,85,2
71,1301,757.636433650627,84,13
70,4774,2710.7543409865,71,1
12,2119,146.617515799773,75,63
87,4067,3230.39833705168,90,3
68,3538,1906.11303871965,82,14
97,4192,3861.67813468649,99,2
40,1830,380.617472302617,43,3
38,5047,970.891568568544,45,7
34,6657,1093.63908854845,75,41
10,2262,145.293407134622,83,73
65,3060,1516.33515534209,72,7
7,5563,321.043915697846,63,56
59,6072,2505.02298616028,80,21
19,5745,520.290635587216,75,56
51,7226,2269.95161337341,83,32
61,8226,3615.49775676102,71,10
92,5414,4595.39162417345,97,5
34,6909,1135.03867549665,86,52
54,8979,3134.51154475316,67,13
31,4898,714.158769016975,68,37
58,4600,1837.17804918058,82,24
19,3687,333.909760384694,86,67
3,2677,136.264719462919,40,37
77,2020,1349.25814393883,79,2
76,2953,1931.26339451292,83,7
83,8906,6653.0897339682,84,1
67,8172,4284.37332238606,83,16
58,3730,1489.71176596599,92,34
29,8465,1139.65613716152,90,61
90,1172,969.401314391206,97,7
62,8901,4034.74024295186,66,4
71,1888,1099.47547020168,81,10
18,2410,209.89092786856,77,59
29,1843,248.125961109118,76,47
23,1404,148.859577231154,71,48
84,7104,5393.95703984291,96,12
94,8886,7752.47724828436,95,1
12,8178,565.850893917198,76,64
51,2428,762.723846840664,73,22
30,6038,845.970416537301,74,44
4,2460,128.869116190401,49,45
90,3788,3133.1844529982,90,0
70,5009,2844.19113824914,78,8
13,1153,82.846737883295,71,58
77,9016,6022.23337908538,91,14
23,6587,698.388913975505,40,17
47,7311,1984.87739098295,78,31
83,2285,1706.97395487507,85,2
87,4939,3923.02369970451,89,2
62,3777,1712.07885604192,86,24
20,8721,821.399807195143,75,55
53,9639,3249.97244662677,82,29
38,3388,651.749679871256,84,46
0,5925,382.945625974508,78,78
59,1206,497.539150413257,86,27
69,9444,5225.15479573414,70,1
29,2111,284.207218611692,85,56
72,5142,3068.99479315066,87,15
76,3146,2057.48548565447,78,2
95,3897,3454.51266842019,95,0
7,3927,226.629418828949,79,72
11,1862,124.103274815623,68,57
51,7698,2418.22412396187,90,39
96,6313,5704.43467498196,98,2
79,4722,3283.07171124137,85,6
62,2143,971.401903229506,63,1
10,7386,474.419586691565,77,67
25,7516,862.712590801665,80,55
81,6348,4581.22799512903,92,11
70,9205,5226.74773958541,74,4
10,6628,425.731521878106,78,68
76,6846,4477.28723292768,79,3
67,2159,1131.90920252466,72,5
63,4485,2095.51927302391,85,22
31,7100,1035.22402205401,82,51
97,5469,5038.0528908875,98,1
46,7067,1848.40260608494,91,45
40,2997,623.339106279204,67,27
34,5077,834.070249746203,48,14
6,7038,392.699450215205,55,49
73,6991,4273.52976861243,74,1
14,9899,738.869541449786,35,21
44,7613,1846.60637930627,79,35
3,8040,409.252276608841,39,36
66,6617,3373.75259754572,70,4
12,4708,325.755197916626,68,56
20,9893,931.786296592312,77,57
24,9226,1017.74224724296,80,56
19,8553,774.594570265876,74,55
90,4090,3382.97898964166,98,8
43,6470,1510.68468960131,82,39
76,2334,1526.43710219883,90,14
1,5926,287.012649354879,84,83
37,9580,1771.94815439329,79,42
70,3908,2219.02554766972,86,16
16,2753,221.87217957046,78,62
62,8388,3802.20212985959,74,12
38,7042,1354.66978915389,56,18
72,6087,3633.01659002491,72,0
11,3150,209.949149124175,84,73
77,3157,2108.71681208657,78,1
57,9712,3753.13372306607,88,31
86,4030,3155.11749254803,89,3
35,9407,1607.87316408066,66,31
37,8312,1537.41472435459,88,51
44,4092,992.553960872358,72,28
67,4612,2417.95518390168,82,15
64,6211,2989.4521067166,84,20
42,5766,1295.66708258218,83,41
37,4838,894.8523142959,51,14
60,7525,3205.16964185332,66,6
31,6030,879.211387744458,84,53
47,5813,1578.18250222732,89,42
21,6195,606.903650754462,73,52
45,7764,1955.84646792618,58,13
30,6174,865.025066528867,63,33
55,4886,1765.23980147343,81,26
81,5894,4253.58503517494,90,9
52,4994,1625.61351205285,88,36
59,2628,1084.18979045277,83,24
0,3252,210.183827117148,19,19
25,3954,453.853856310509,71,46
98,4831,4529.74664036703,99,1
35,2348,401.327329569616,85,50
65,8225,4075.77014793748,85,20
23,9694,1027.80964507037,58,35
87,5042,4004.83609919217,88,1
36,2703,480.638417457903,68,32
87,5683,4513.97928435326,91,4
85,5835,4500.19168905865,92,7
54,4174,1457.11673769904,82,28
5,4357,235.370850745183,59,54
93,2816,2422.19421422027,96,3
7,4918,283.820596333274,78,71
86,2555,2000.32883212412,90,4
77,8545,5707.62912869172,79,2
11,7307,487.015375444554,81,70
3,1807,91.9799581880816,75,72
87,4467,3548.11639331445,92,5
13,1053,75.6614180321853,64,51
5,2576,139.158896378148,47,42
94,5752,5018.2589615273,94,0
43,3968,926.491012107881,78,35
2,8462,419.553513514635,85,83
88,9717,7826.35772664662,89,1
2,2574,127.621217653825,85,83
31,4924,717.949730224496,78,47
46,1377,360.159953103008,82,36
82,3780,2776.39409124798,86,4
9,2359,146.095554517643,74,65
33,6269,989.78542816136,90,57
70,5034,2858.38654221325,81,11
41,5013,1083.85117706946,56,15
30,8159,1143.13889177341,72,42
28,1618,209.314423556177,81,53
73,4980,3044.22518204691,78,5
56,2279,851.749346026055,91,35
69,9885,5469.15027063024,86,17
7,9927,572.89285477845,63,56
15,7303,566.361755516642,85,70
22,2954,301.051287185392,72,50
87,2746,2181.13445624389,92,5
58,7717,3082.06587076663,69,11
68,4459,2402.30583370574,88,20
3,9752,496.396542473808,77,74
54,3353,1170.51088200884,80,26
50,6087,1844.6334354296,63,13
58,4201,1677.82282274078,79,21
92,8602,7301.35920782047,93,1
67,5992,3141.45434994338,70,3
50,3992,1209.75466966239,81,31
77,9174,6127.76941212614,81,4
66,3470,1769.2189078863,75,9
95,9457,8383.19894925577,97,2
41,5981,1293.14061241821,56,15
18,4885,425.442814372579,73,55
83,1844,1377.53171675695,91,8
39,9106,1821.60670383654,73,34
30,3958,554.546357842769,70,40
62,9251,4193.39197703041,79,17
49,3332,973.737818118148,90,41
3,6053,308.109954019069,76,73
6,4259,237.639522373765,69,63
4,7417,388.545623896019,63,59
85,4948,3816.10085303551,90,5
39,8767,1753.79156298429,78,39
34,6098,1001.80429051651,67,33
53,2540,856.409380063491,90,37
86,6049,4735.8078690876,95,9
47,4143,1124.79100408185,60,13
37,1119,206.973902376418,55,18
87,2281,1811.78721583843,88,1
42,5143,1155.67391705171,77,35
17,7931,664.383342935343,85,68
39,7429,1486.13180351435,69,30
96,9282,8387.22677858112,98,2
73,4839,2958.03326424196,83,10
12,2387,165.160929784832,61,49
90,7300,6038.07985926263,94,4
83,2144,1601.64208282369,91,8
2,5487,272.050357912409,39,37
20,9700,913.608316683051,72,52
68,3156,1700.30886099469,88,20
55,2483,897.071311309565,70,15
90,8870,7336.68059611774,94,4
68,9216,4965.16047621262,95,27
10,5635,361.948872326966,83,73
24,5737,632.862266684681,90,66
31,6409,934.471937654102,83,52
67,3259,1708.61143632601,73,6
91,5191,4349.48348725266,95,4
23,4606,488.352715617303,63,40
52,7025,2286.7310617083,70,18
10,3705,237.980580651537,77,67
84,5299,4023.44852957877,88,4
90,5161,4268.83974707595,90,0
90,1055,872.626609797544,91,1
17,6294,527.251136103272,90,73
39,2470,494.110318304003,75,36
44,3074,745.628268749176,67,23
98,5652,5299.55040599347,99,1
37,8770,1622.12790334333,80,43
18,6497,565.834588531964,71,53
72,5489,3276.10120956903,87,15
36,1025,182.2620709931,74,38
5,1467,79.2492628054128,46,41
69,8195,4534.11092238895,91,22
16,1149,92.6012111610821,78,62
32,7698,1168.02355016457,58,26
32,4408,668.829281517981,88,56
23,5656,599.679322520944,82,59
72,6084,3631.226044638,84,12
68,4616,2486.89027324191,96,28
70,9384,5328.38683196844,75,5
9,1334,82.6161380782261,65,56
12,7163,495.62117304095,34,22
65,7882,3905.80186091711,82,17
77,9074,6060.97445450541,79,2
80,4316,3058.31583071807,84,4
79,9282,6453.5094501784,92,13
77,6985,4665.62778980827,83,6
46,9494,2483.19433170658,74,28
13,6535,469.56065227002,66,53
5,4992,269.674383043368,61,56
53,8851,2984.28323737872,89,36
56,1123,419.707992798271,64,8
50,5215,1580.37840738712,69,19
4,2714,142.175114366158,86,82
90,2875,2378.01090347672,91,1
53,1423,479.791554263916,78,25
19,8521,771.696519728227,87,68
73,6602,4035.73788190234,80,7
30,7952,1114.13659362448,90,60
91,9085,7612.22451968608,92,1
32,4191,635.90370209661,73,41
39,9660,1932.4314472942,70,31
4,8209,430.035193010978,74,70
77,7896,5274.12985373316,79,2
77,6009,4013.70900342991,81,4
53,5127,1728.66570534863,91,38
36,2869,510.155982126054,53,17
42,3875,870.744007111679,42,0
0,1642,106.126028329138,86,86
24,5028,554.650771638587,89,65
29,8710,1172.64086883365,58,29
49,6718,1963.25650123581,85,36
94,6308,5503.33406281541,98,4
12,2834,196.089683707672,61,49
43,4595,1072.88966749892,78,35
30,7681,1076.16740136188,78,48
81,1906,1375.52308738436,81,0
96,5958,5383.65623214677,96,0
45,6979,1758.09537605059,52,7
60,4898,2086.23533631861,63,3
16,7837,631.6063462745,67,51
51,6985,2194.2446747043,57,6
38,1194,229.689822245065,61,23
36,2660,472.992301308924,70,34
56,6623,2475.26806438375,92,36
73,5702,3485.57670442399,73,0
98,6310,5916.5185884322,98,0
89,6530,5330.77920065196,97,8
6,4733,264.087311433442,60,54
37,7643,1413.6742947837,85,48
80,2025,1434.91416988046,88,8
37,3008,556.369524886744,79,42
93,1068,918.64468067729,94,1
8,6883,411.322920190635,65,57
26,4370,521.989524786469,63,37
75,1152,737.154044893013,83,8
42,2039,458.179878838894,71,29
98,8013,7513.32225817864,98,0
37,1404,259.688435153254,88,51
74,9269,5799.10500333021,88,14
73,9003,5503.44564537516,77,4
60,1396,594.606886382357,88,28
38,4321,831.230922881847,77,39
49,3542,1035.10784867181,77,28
26,4735,565.588192188542,78,52
14,4680,349.31906798515,50,36
36,3311,588.750943471371,57,21
43,8704,2032.3028652689,75,32
48,8312,2341.65129348697,70,22
98,1032,967.646146317279,98,0
67,2629,1378.31833878524,79,12
17,5258,440.464962445345,81,64
41,8347,1804.68896369416,80,39
1,2373,114.930984967791,87,86
56,8713,3256.38089158623,77,21
86,7979,6246.81947221855,94,8
27,4162,517.372694543987,53,26
73,1809,1105.8239667315,75,2
38,6565,1262.90928227709,64,26
27,3915,486.668452460285,80,53
13,1234,88.6668469626939,85,72
99,4219,4018.09523809524,99,0
60,2440,1039.28424267403,70,10
36,5042,896.551572631427,74,38
45,5823,1466.88485094463,75,30
66,8076,4117.64031702875,77,11
31,3590,523.444259038575,52,21
32,7405,1123.56643140668,80,48
14,2162,161.373466876901,67,53
8,5844,349.233059072217,84,76
14,8281,618.100684184835,88,74
59,2967,1224.04532278286,94,35
36,5503,978.525050414665,69,33
72,7709,4601.10479587679,78,6
82,9158,6726.51245705,90,8
80,5146,3646.45349047154,83,3
52,7565,2462.50825364033,68,16
76,1712,1119.64880846804,77,1
43,3917,914.582987506696,90,47
67,7968,4177.42127175381,82,15
28,4953,640.750519081424,70,42
91,9993,8373.02802699207,91,0
38,6453,1241.36383831441,88,50
72,4114,2455.43457390545,79,7
48,7647,2154.30792123375,80,32
55,6894,2490.70061223042,80,25
33,1417,223.724031217841,82,49
52,2016,656.234849879564,86,34
26,1418,169.377836646959,68,42
53,8592,2896.95645413603,74,21
5,3913,211.385388791807,69,64
54,1925,672.005203658517,71,17
24,9311,1027.1188016561,62,38
21,5384,527.452664352224,74,53
8,8068,482.137631860823,84,76
39,5485,1097.24497809614,75,36
8,5578,333.337098477897,60,52
80,6929,4909.88655955641,81,1
24,5330,587.965117906458,73,49
5,5094,275.18455673536,87,82
55,8264,2985.66142435048,83,28
15,4744,367.906362887984,77,62
14,2343,174.883456472053,71,57
72,7440,4440.55255951788,75,3
51,7315,2297.90977744623,79,28
13,1724,123.874914233132,52,39
59,7597,3134.16660504935,94,35
61,4347,1910.59673579384,71,10
99,6591,6277.14285714286,99,0
87,3513,2790.35882912775,87,0
82,2706,1987.54561135371,83,1
13,9310,668.953278138315,77,64
18,9397,818.400435344754,68,50
68,2576,1387.8313136636,76,8
42,4873,1095.00272171747,42,0
96,3950,3569.2249273212,97,1
88,1987,1600.38826827692,90,2
91,5263,4409.811518669,92,1
56,3926,1467.2961529172,89,33
72,6108,3645.55040773322,79,7
71,5243,3053.25735713316,84,13
79,2608,1813.26789981311,84,5
72,1881,1122.67195758779,76,4
64,4449,2141.37375990697,67,3
53,5054,1704.05236489798,70,17
83,4441,3317.58045234143,87,4
57,8181,3161.48959930019,89,32
89,4860,3967.47119680988,98,9
81,7526,5431.36765774119,83,2
58,2104,840.309264233898,64,6
39,7810,1562.3488202244,81,42
95,6995,6200.74829756203,97,2
36,2484,441.696570094499,71,35
48,1127,317.497715081788,71,23
52,5106,1662.07100371282,63,11
3,7583,385.990051433438,72,69
72,6472,3862.80324801071,92,20
76,3546,2319.08567454887,76,0
37,4880,902.620771757749,85,48
64,1211,582.873370026374,78,14
92,8449,7171.4931349541,92,0
58,2008,801.968157120564,76,18
60,3273,1394.08906814431,81,21
83,3907,2918.66400074262,83,0
25,1644,188.704031303611,75,50
15,4799,372.171719118768,48,33
68,4094,2205.66048064393,76,8
84,6211,4715.91598739644,86,2
33,6069,958.208288963359,87,54
3,5480,278.943094007021,75,72
3,6617,336.818695811033,53,50
12,4129,285.693120687712,56,44
31,1179,171.905510141081,89,58
90,7802,6453.30124136535,93,3
58,8036,3209.47017461198,76,18
7,4971,286.879256684162,86,79
50,5639,1708.86938432521,83,33
23,9452,1002.15151281258,73,50
46,7891,2063.9231589948,72,26
98,5256,4928.24432659265,98,0
37,7528,1392.40351840007,67,30
25,4554,522.723940727885,81,56
46,4762,1245.52047688927,84,38
41,5771,1247.73691260081,66,25
79,9364,6510.52170776455,90,11
31,6459,941.762247668567,82,51
9,6761,418.716423948191,59,50
81,8486,6124.18096513311,89,8
99,3648,3474.28571428571,99,0
18,5760,501.64802677299,85,67
23,1689,179.076799104999,74,51
28,4680,605.433561336779,77,49
0,8542,552.088023134894,84,84
20,4250,400.292303701337,59,39
68,9634,5190.35981204779,87,19
35,4791,818.892349219775,44,9
24,6623,730.599057391083,74,50
16,7267,585.668408622788,57,41
60,2882,1227.54802761744,73,13
44,9211,2234.21665043873,80,36
80,2014,1427.11957438976,80,0
21,8281,811.262168183649,64,43
33,6115,965.471030978899,72,39
61,5163,2269.24567446598,91,30
26,5907,705.581721490542,81,55
16,1261,101.627612945278,85,69
27,3156,392.318170105916,73,46
80,4730,3351.67606100474,81,1
4,5221,273.506364077271,67,63
69,9330,5162.08113555692,77,8
78,9661,6586.05078822266,93,15
22,8176,833.241477328289,88,66
92,2406,2042.20765566334,97,5
25,5590,641.639619821888,75,50
42,5542,1245.33246126785,70,28
67,7379,3868.62343929109,84,17
78,7156,4878.35414972791,89,11
91,4543,3806.53120450565,94,3
33,4291,677.487521493124,79,46
73,5292,3234.94772357274,87,14
80,1727,1223.75149204127,87,7
45,2070,521.458293226067,86,41
12,5777,399.721278327177,80,68
92,5794,4917.9348116847,96,4
77,5304,3542.80455220373,94,17
76,3156,2064.02549037683,86,10
19,1374,124.435044960285,83,64
14,2356,175.853787216456,85,71
70,4533,2573.91064677248,75,5
43,2815,657.276259849719,81,38
90,4419,3655.10615042213,92,2
83,8179,6109.99561353311,98,15
81,5229,3773.66748370033,82,1
16,9021,727.028307993143,66,50
86,9195,7198.83507294768,86,0
99,7836,7462.85714285714,99,0
93,6940,5969.47011601161,94,1
59,3324,1371.32681258181,88,29
39,9021,1804.60290745765,87,48
85,9382,7235.7837920734,85,0
89,6114,4991.1767278386,96,7
49,2245,656.07485044275,84,35
37,1446,267.456892615104,87,50
14,4793,357.753481378809,78,64
37,5910,1093.13294284596,57,20
79,3661,2545.38871979133,86,7
27,3727,463.298422048399,54,27
59,1154,476.086384392121,81,22
97,4853,4470.59255430189,97,0
28,2428,314.10100147985,78,50
92,3465,2941.08459138548,92,0
58,3312,1322.76819541001,79,21
71,5988,3487.10758239812,78,7
81,9127,6586.77818392292,84,3
68,4083,2199.73418233248,92,24
79,7887,5483.6057997799,86,7
69,5446,3013.15046776452,88,19
10,8866,569.483354401221,67,57
83,9023,6740.49277673423,89,6
35,4274,730.525130570928,86,51
24,4644,512.290808172156,63,39
7,4074,235.112873009711,56,49
49,9721,2840.84793815322,89,40
14,1117,83.3738031921822,83,69
5,9008,486.623966837872,78,73
72,3788,2260.86197519539,84,12
72,4467,2666.12208109763,76,4
63,1651,771.394051229092,77,14
99,6005,5719.04761904762,99,0
43,5258,1227.69398731432,83,40
66,6570,3349.78911377896,81,15
4,7514,393.62704839621,74,70
13,4589,329.734327967425,90,77
70,3339,1895.93815344657,78,8
94,6521,5689.16319334485,94,0
71,6464,3764.30584713117,85,14
89,9386,7662.28079285134,92,3
37,2940,543.792022329464,88,51
71,7244,4218.53829774415,86,15
91,1249,1046.52376720836,93,2
83,9057,6765.89195155513,83,0
37,2210,408.768833111604,48,11
15,6682,518.202006074517,66,51
42,5825,1308.92486230336,79,37
91,9470,7934.81190989842,96,5
43,7025,1640.27201614362,78,35
5,6732,363.671463671465,84,79
39,5283,1056.83595611338,56,17
98,4929,4621.63551860258,99,1
27,1797,223.382684309357,80,53
61,4647,2042.45296324683,92,31
27,4372,543.477515748753,80,53
58,3902,1558.40624954404,80,22
73,2078,1270.26102977781,84,11
22,2011,204.947237146183,56,34
10,5730,368.050938497518,75,65
42,7598,1707.33237833149,77,35
23,2065,218.942326910493,71,48
82,7671,5634.31721533419,89,7
73,1360,831.354668189516,85,12
38,3133,602.695320849069,77,39
9,2955,183.006512759489,83,74
17,6244,523.062614208584,73,56
7,1091,62.962234770151,86,79
94,8928,7789.11961205073,97,3
50,1814,549.723189070035,50,0
61,9754,4287.08547525492,73,12
50,7498,2272.22958745707,78,28
12,4707,325.686006073398,82,70
57,2013,777.909615376029,72,15
94,2301,2007.47807205743,96,2
47,1203,326.604773813773,75,28
75,8469,5419.23403315879,92,17
67,5175,2713.12187265637,78,11
50,4048,1226.72517605044,83,33
25,4678,536.957091507476,68,43
18,1732,150.842774717156,77,59
49,2834,828.203174233743,62,13
11,1812,120.770748639049,21,10
54,9757,3406.10637511488,83,29
77,9308,6217.27465533792,85,8
52,9140,2975.19173010874,78,26
10,6032,387.449085692326,81,71
26,2750,328.483110563567,81,55
34,9719,1596.67692678419,81,47
36,5866,1043.07249604442,68,32
14,7993,596.60412615498,55,41
89,6553,5349.55529890847,90,1
30,7410,1038.19820909927,75,45
26,6017,718.721045913085,72,46
86,8579,6716.564012052,88,2
56,9270,3464.55306610861,89,33
94,9409,8208.76192089889,97,3
14,7862,586.826177884455,87,73
16,4715,379.995396540037,59,43
31,8808,1284.26101214812,73,42
72,4663,2783.10437970858,82,10
52,6864,2234.32341744709,90,38
31,1084,158.053921113597,70,39
64,9813,4723.15142862824,73,9
59,3751,1547.48702587075,92,33
68,8654,4662.38050793663,68,0
42,1352,303.805392932901,62,20
74,4359,2727.18725963064,83,9
26,6410,765.664268622715,69,43
56,1363,509.405159558365,72,16
37,2199,406.734237109691,70,33
25,4268,489.895867155602,78,53
32,6046,917.364300376069,87,55
65,6552,3246.74115614424,84,19
4,5562,291.369928557322,71,67
86,1336,1045.96450869582,86,0
32,3450,523.47119356557,79,47
91,9271,7768.07193417828,99,8
22,2913,296.872850227165,84,62
74,8287,5184.7214545903,79,5
82,1746,1282.42965167169,90,8
14,3602,268.856257026178,78,64
8,8976,536.399031182789,80,72
75,1623,1038.54254762271,89,14
90,4758,3935.50465347556,90,0
72,1658,989.574750494709,88,16
22,4243,432.417268628171,80,58
72,1294,772.321910217222,72,0
15,1329,103.066516922034,79,64
88,7349,5919.10084729093,90,2
81,5286,3814.80327382673,88,7
73,2188,1337.5029514696,76,3
39,2095,419.093569573638,53,14
66,8794,4483.72077116776,74,8
31,1975,287.967245571361,90,59
99,4892,4659.04761904762,99,0
54,9428,3291.25457667143,60,6
38,8448,1625.14205889975,74,36
83,4012,2997.10262886598,94,11
72,9056,5405.05967459595,84,12
48,1930,543.718358569521,82,34
38,3622,696.764268150439,86,48
96,7917,7153.8110758486,96,0
5,5574,301.114785874145,90,85
5,2604,140.671493077911,45,40
54,2247,784.413346815942,81,27
84,4167,3163.93848325245,89,5
37,8654,1600.6721636868,38,1
58,4372,1746.11791978641,71,13
68,4697,2530.52937898987,69,1
89,3489,2848.2524703024,91,2
12,9491,656.69978407534,79,67
26,6259,747.627559642679,85,59
62,5686,2577.4107427732,69,7
7,6643,383.371334168756,58,51
24,1696,187.089838643406,74,50
44,7245,1757.34443952107,84,40
13,9726,698.844208718931,54,41
36,4980,885.526940044527,78,42
49,7737,2261.04726854145,90,41
55,8220,2969.76487272035,86,31
31,3444,502.156553796337,66,35
9,3059,189.447351110415,81,72
46,7712,2017.1049806321,90,44
12,3684,254.902750451328,59,47
70,1107,628.572487530803,72,2
18,4358,379.545503589703,83,65
68,7374,3972.77488624044,85,17
91,6107,5116.99010916047,95,4
32,1478,224.258093939105,81,49
17,3133,262.452781921123,66,49
22,2001,203.928106180761,62,40
58,4386,1751.70933124044,73,15
6,6213,346.666905965767,61,55
52,3769,1226.85969702186,66,14
33,4642,732.905400785617,58,25
19,3266,295.782282998755,81,62
25,8129,933.074860381418,86,61
1,3677,178.087329004031,75,74
36,4467,794.306996220663,65,29
1,7471,361.841293170824,46,45
76,1954,1277.91692274915,95,19
46,6188,1618.49657937648,76,30
63,3529,1648.84894414747,74,11
74,1910,1194.98225875075,88,14
28,6579,851.099871802279,91,63
44,2330,565.163912226929,86,42
32,9603,1457.07068748121,54,22
18,7030,612.254449342729,83,65
32,7319,1110.51758426273,51,19
11,6232,415.366062648209,81,70
30,1208,169.250126395671,77,47
14,7244,540.698147112057,86,72
95,2502,2217.90882637601,97,2
83,8624,6442.42598986545,88,5
54,5746,2005.89189621914,86,32
25,3937,451.902537252017,79,54
87,1893,1503.60070126354,93,6
6,5891,328.700264452653,86,80
35,1847,315.69487977644,72,37
91,7559,6333.60540938988,92,1
83,5424,4051.91541848681,85,2
74,9379,5867.92597111167,90,16
5,6503,351.300583519836,75,70
86,1355,1060.83975245722,90,4
89,4234,3456.43478339363,93,4
36,6353,1129.66920684797,74,38
89,3369,2750.29021852932,90,1
10,4554,292.51378253363,75,65
21,6791,665.291798591373,70,49
14,9900,738.944182276279,82,68
15,3654,283.374757586993,79,64
8,2504,149.63716288789,56,48
49,5471,1598.83541504333,70,21
33,7456,1177.1957493015,68,35
48,5086,1432.82464854124,82,34
48,8091,2279.39131564041,75,27
62,8763,3972.18613065803,80,18
7,6153,355.093153566213,23,16
17,2833,237.321650552998,73,56
13,1003,72.0687581066305,56,43
93,2568,2208.87597376337,99,6
31,6587,960.425441305597,54,23
95,7304,6474.66269698257,95,0
54,2701,942.901846795665,69,15
78,4003,2728.90604546686,87,9
73,8566,5236.31182919956,85,12
13,3332,239.414857438976,73,60
91,2715,2274.86951799094,97,6
61,1297,570.058423355099,85,24
16,7442,599.772161410595,73,57
24,5917,652.718499559571,34,10
18,3834,333.909467820771,65,47
82,1127,827.776756835046,94,12
41,6924,1497.02484540773,81,40
74,6671,4173.67887336453,78,4
59,1926,794.57744916744,79,20
47,6223,1689.49418740075,76,29
58,1527,609.863235021465,74,16
49,8490,2481.10266381245,71,22
93,1196,1028.7444176873,95,2
72,9456,5643.79905951627,88,16
19,4890,442.858347784419,77,58
25,6423,737.254253688012,76,51
14,8143,607.800250128863,79,65
51,9919,3115.9216790826,66,15
49,3115,910.322119879361,63,14
83,2455,1833.96982897956,93,10
97,6311,5813.70484446718,97,0
72,9648,5758.39396427802,92,20
68,2797,1506.89603428458,88,20
44,4973,1206.24898519507,61,17
46,2053,536.970503791196,69,23
50,4091,1239.75610059841,75,25
65,7990,3959.31957228212,87,22
69,8218,4546.83630996857,82,13
90,2224,1839.54652150686,93,3
11,4587,305.725951438917,78,67
8,8306,496.360333445215,89,81
72,9709,5794.80172047837,87,15
81,9345,6744.10453914316,96,15
5,1456,78.655028387649,40,35
22,7065,720.016027070005,76,54
16,8011,645.629506189233,91,75
64,6434,3096.78551837299,80,16
57,3274,1265.21414840592,69,12
15,4027,312.301628024855,85,70
33,9740,1537.80667894268,82,49
50,2964,898.22465953891,82,32
61,2876,1264.06170051601,79,18
38,2266,435.910500173632,81,43
26,1418,169.377836646959,81,55
49,7961,2326.50863446536,90,41
45,4657,1173.15520364918,81,36
81,4493,3242.51061469986,82,1
3,9809,499.297957867677,47,44
33,2422,382.399155687799,82,49
10,4368,280.566579294443,64,54
75,3159,2021.41460748006,82,7
17,8671,726.373466976719,68,51
93,1353,1163.78862636365,95,2
42,2660,597.72362810763,81,39
8,7506,448.552933161544,73,65
88,9430,7595.19948155579,91,3
14,5080,379.175398582171,67,53
78,2667,1818.13450493632,81,3
92,6735,5716.65359970598,95,3
48,7645,2153.7444825202,77,29
64,2127,1023.75859458802,83,19
33,5915,933.893891780897,88,55
55,4582,1655.40908111979,62,7
23,3233,342.779923923305,55,32
14,1511,112.782288830248,58,44
21,7199,705.262208519996,73,52
83,8692,6493.22433950725,86,3
26,3292,393.22414544555,37,11
16,8366,674.239976130212,49,33
44,1327,321.87661438847,72,28
90,4910,4061.22905602459,90,0
1,1060,51.33874591903,76,75
75,4987,3191.13474121654,95,20
69,8116,4490.40198244158,76,7
55,2239,808.91770681519,71,16
28,5601,724.579781420363,52,24
82,7771,5707.76679446774,91,9
52,6475,2107.69873659235,76,24
35,5049,862.990497017458,62,27
68,6963,3751.34683114892,78,10
87,1917,1522.66378463931,88,1
6,3640,203.101164930853,83,77
49,4751,1388.42388171648,66,17
30,4264,597.419320323791,84,54
4,5396,282.67388250545,78,74
64,3540,1703.85774557668,81,17
74,6306,3945.31838936242,88,14
78,5734,3908.95509985185,95,17
87,8634,6857.94424443182,95,8
13,3301,237.187408285132,82,69
52,4284,1394.49905599407,58,6
23,1250,132.531674885286,76,53
14,1470,109.722014944054,79,65
26,1721,205.570703010872,84,58
82,1628,1195.7591482941,85,3
9,3384,209.574970957059,59,50
19,3734,338.166272111865,71,52
39,5517,1103.64640732113,68,29
48,3424,964.60707758655,77,29
67,9138,4790.82273861525,71,4
24,3560,392.712161303375,82,58
55,1299,469.309558353252,62,7
32,5114,775.951212722993,83,51
46,7103,1857.81855257129,74,28
98,8526,7994.33240649333,99,1
1,9732,471.347806871698,45,44
5,1703,91.9982921319823,45,40
62,6221,2819.92125057898,85,23
96,1764,1593.95260045433,97,1
40,9535,1983.16262207948,69,29
86,9684,7581.67687291194,90,4
21,5162,505.704058949885,88,67
77,9564,6388.269746847,82,5
47,2899,787.055061750729,78,31
58,1932,771.614780655842,72,14
33,3509,554.020907228938,62,29
26,8887,1061.53796493761,75,49
34,7865,1292.09425137953,61,27
18,7486,651.968251462257,64,46
21,9771,957.232537775925,57,36
49,1573,459.690752671023,88,39
11,8629,575.127367553176,82,71
2,1509,74.8175669928603,80,78
50,6206,1880.69576150421,80,30
6,2765,154.278769514783,60,54
41,8052,1740.90757585544,56,15
97,7938,7312.50024645547,98,1
22,5231,533.107408011776,56,34
72,6365,3798.94046254453,86,14
9,7332,454.079103740295,79,70
79,3007,2090.6812019701,84,5
82,3951,2901.99287156634,96,14
30,4164,583.408548271169,71,41
75,7041,4505.47016501016,83,8
13,4440,319.028201389271,71,58
17,5459,457.302820461989,88,71
23,8765,929.312104295628,88,65
44,3974,963.931925832539,74,30
4,8615,451.303835764353,72,68
37,7433,1374.83200747446,82,45
86,2825,2211.71387504918,90,4
3,7008,356.721387372482,74,71
8,4550,271.904589113379,78,70
45,4560,1148.71971841105,89,44
19,5656,512.230432529381,74,55
29,1824,245.567961510055,57,28
14,3619,270.125151076551,57,43
70,9415,5345.98913288393,77,7
82,6433,4725.01142566091,91,9
24,7229,797.448374736545,57,33
92,5593,4747.32644144849,95,3
10,5834,374.731095147386,72,62
30,1589,222.63116791616,83,53
57,5274,2038.10000570948,68,11
17,1920,160.839240756003,43,26
22,3945,402.047165858623,71,49
66,2973,1515.81781358673,75,9
74,6732,4211.84322822516,93,19
9,5320,329.47365410507,64,55
71,5726,3334.53206693581,89,18
57,7355,2842.28774023383,88,31
73,2491,1522.72388122065,73,0
98,3824,3585.54153441596,99,1
84,3108,2359.85620493127,92,8
7,1302,75.1391656010418,78,71
62,6184,2803.14949583353,80,18
3,9475,482.296681700096,72,69
14,3310,247.061135690352,82,68
33,3427,541.074280157757,47,14
41,4547,983.098205093727,82,41
57,4040,1561.22943175318,67,10
93,4658,4006.59824212998,94,1
78,6757,4606.34977497366,81,3
4,4669,244.589391663815,61,57
11,3822,254.738300937332,82,71
5,4671,252.333542306805,89,84
69,3270,1809.21814718876,83,14
40,9962,2071.97336561676,60,20
78,5194,3540.82887837993,78,0
19,4724,427.824710620367,88,69
94,1149,1002.43038017992,96,2
47,6538,1775.01414064376,69,22
57,7728,2986.43095262094,92,35
85,2049,1580.27296844579,93,8
68,6969,3754.57935750063,76,8
21,1967,192.700481200004,83,62
93,2672,2298.33201008401,98,5
27,3877,481.944722908947,80,53
82,2505,1839.91195729529,88,6
25,7666,879.930111906009,80,55
97,1080,994.89799271503,99,2
44,3703,898.198269088548,91,47
37,3954,731.344781051258,73,36
98,4775,4477.23870994671,98,0
9,7432,460.272217539263,46,37
81,1725,1244.89891171985,87,6
87,1785,1417.8168260726,88,1
49,6142,1794.92727457433,67,18
80,1538,1089.82616951909,82,2
53,3248,1095.12506553001,78,25
62,3599,1631.39311699626,72,10
94,4793,4181.59165552858,94,0
50,6982,2115.85849288147,91,41
32,9057,1374.22568119518,68,36
22,3108,316.745904052877,55,33
16,1783,143.697092689477,80,64
11,4701,313.324111121506,86,75
16,4361,351.465519472132,73,57
98,4367,4094.68093117011,98,0
25,9320,1069.78197794991,68,43
65,2859,1416.73274807942,89,24
90,2687,2222.50966874503,92,2
72,2836,1692.66223908504,77,5
89,6007,4903.82705334094,94,5
4,1485,77.7929420905472,88,84
33,2658,419.660179941441,84,51
84,8831,6705.24135963581,87,3
68,6188,3333.81217738755,70,2
83,3559,2658.69597610519,91,8
52,7382,2402.93931637448,84,32
72,4517,2695.96450421267,91,19
38,4535,872.398110453408,40,2
10,3548,227.896113401256,63,53
48,6356,1790.60823164139,84,36
58,6781,2708.24007641163,79,21
8,9416,562.693101338809,75,67
70,6500,3690.80503066867,72,2
16,9947,801.657308458907,59,43
97,6169,5682.89418246205,97,0
9,3170,196.321707427269,89,80
88,7267,5853.05563440784,94,6
60,7931,3378.09972485564,72,12
80,7436,5269.14655171908,86,6
62,6508,2950.01567252339,93,31
98,9558,8961.97855281061,98,0
29,5759,775.343141631803,84,55
67,6114,3205.41587041953,71,4
49,4454,1301.62912421916,77,28
90,8644,7149.74826074879,94,4
7,1146,66.1363162663547,49,42
19,1214,109.944792272042,91,72
18,9068,789.7472754822,65,47
11,9514,634.113080878539,79,68
87,5289,4201.02699893443,88,1
93,3509,3018.28107162604,96,3
43,1163,271.549659042708,77,34
98,5014,4701.33505584771,98,0
94,1552,1354.02258489054,96,2
74,5892,3686.30129243949,81,7
51,5053,1587.33261865151,82,31
86,6310,4940.14674391515,97,11
18,3870,337.044767988102,75,57
14,9853,735.436063431129,76,62
29,6864,924.111013050997,60,31
67,4076,2136.94391361302,79,12
36,5465,971.768017538823,70,34
2,7045,349.2973886446,58,56
15,9284,719.992131756333,64,49
95,2101,1862.44062518625,95,0
94,9362,8167.75737096986,94,0
94,1165,1016.38937590044,97,3
56,6831,2553.00560890916,69,13
41,3554,768.403567385772,79,38
86,3189,2496.69222921481,89,3
40,8453,1758.11994173444,89,49
93,2653,2281.98908037158,94,1
26,9053,1081.36639997526,59,33
18,7163,623.837641627591,36,18
21,3222,315.648678406921,82,61
60,1859,791.815330791405,90,30
2,2663,132.033917098732,70,68
58,7368,2942.67997094837,72,14
61,8440,3709.55519901082,78,17
12,3067,212.211383179756,81,69
37,7937,1468.05349701665,82,45
55,5778,2087.50625724795,78,23
61,7637,3356.62003019498,80,19
78,9845,6711.48638961309,88,10
73,4722,2886.51231116978,76,3
22,4212,429.257962635366,47,25
78,5175,3527.87628910592,78,0
80,6369,4513.07078912033,86,6
58,3769,1505.28784073078,81,23
44,4962,1203.58082938628,71,27
14,1565,116.812893460846,71,57
55,2191,791.576014127772,71,16
88,9806,7898.04094550754,89,1
79,6225,4328.06467650943,80,1
70,4262,2420.03246780152,84,14
90,2469,2042.19440719444,95,5
48,3012,848.538702596579,92,44
58,8824,3524.18676216726,71,13
31,2522,367.723237129606,75,44
12,1470,101.712009544911,60,48
93,7558,6501.04540876307,97,4
89,7684,6272.84952186978,91,2
73,8470,5177.62797026853,89,16
95,1121,993.715345470627,96,1
52,8631,2809.50545104688,81,29
68,5404,2911.42873409863,90,22
55,9098,3286.97333479437,87,32
73,6195,3786.94277164269,86,13
70,2501,1420.10821256959,75,5
64,3779,1818.89220919048,91,27
90,3975,3287.8585535026,98,8
60,3346,1425.18240819152,75,15
18,4075,354.898560607627,74,56
97,4851,4468.75015061168,99,2
7,7662,442.178407707513,83,76
0,9905,640.181675152321,74,74
63,3510,1639.97160497523,92,29
50,6474,1961.9117563613,90,40
16,5827,469.614671397411,82,66
92,2637,2238.27996175571,92,0
44,9421,2285.15417042485,92,48
15,7780,603.354026827259,59,44
6,4695,261.967024546801,86,80
46,6135,1604.63421371602,69,23
33,5138,811.216705996661,54,21
30,1657,232.158492911942,33,3
6,2311,128.946920921759,79,73
99,2701,2572.38095238095,99,0
35,1676,286.467037631464,82,47
35,7744,1323.62812614442,54,19
0,7048,455.527556433474,77,77
40,2303,478.995649569905,60,20
91,2730,2287.43785786934,91,0
60,2113,900.003116709112,81,21
98,5020,4706.9609055356,99,1
22,3064,312.261727805024,78,56
45,7743,1950.55631132823,83,38
62,1943,880.743769470336,63,1
84,2234,1696.24155785601,88,4
63,1922,898.01294152775,72,9
2,1152,57.1171883205932,74,72
81,1432,1033.44651685961,83,2
41,6156,1330.9770289327,74,33
26,9430,1126.39844822343,75,49
65,9381,4648.60787328893,68,3
70,2484,1410.455337874,78,8
95,1056,936.095811611937,96,1
3,1192,60.6752131489725,59,56
71,8712,5073.42706376961,87,16
43,3600,840.566442436586,69,26
50,4350,1318.24469264314,62,12
76,9379,6133.87042910147,94,18
4,8701,455.809016249058,85,81
93,7215,6206.01251974405,96,3
72,9918,5919.54304909923,72,0
15,1407,109.115567576601,81,66
66,3660,1866.09256566682,87,21
87,1057,839.569963674361,90,3
11,9461,630.58060313137,22,11
28,5423,701.552607506272,90,62
45,4691,1181.72021909347,69,24
92,2324,1972.60623098986,97,5
92,6891,5849.06606615797,92,0
20,3400,320.233842961069,74,54
31,9647,1406.59241419084,73,42
87,6886,5469.51633856353,88,1
60,4768,2030.86363486467,85,25
90,1553,1284.53945499108,96,6
9,3255,201.585854156391,20,11
49,8251,2411.25772427756,86,37
7,1218,70.2914774977487,87,80
73,1121,685.256311059153,86,13
45,3550,894.288377271757,88,43
59,9527,3930.39426698764,83,24
63,4491,2098.32264328883,93,30
58,5959,2379.94434675371,73,15
86,9610,7523.74171299915,88,2
17,1557,130.430571800571,77,60
14,2765,206.38188525191,85,71
12,1380,95.4847436544062,90,78
58,9326,3724.6788014474,85,27
51,9771,3069.42945118621,82,31
0,5761,372.345949576226,83,83
42,3958,889.394781973684,76,34
63,4751,2219.80202143514,86,23
82,3625,2662.54724359099,84,2
56,2242,837.921032817208,81,25
49,7618,2226.27091789437,72,23
3,6441,327.859939507157,75,72
36,8843,1572.43267687023,69,33
44,7503,1819.9248212183,83,39
54,8144,2843.01837849089,57,3
12,6514,450.715666786088,82,70
68,3837,2067.20060191274,87,19
66,3558,1814.08670727938,83,17
4,4247,222.482575797006,76,72
35,3502,598.572533284836,55,20
64,8583,4131.13305940245,91,27
28,4082,528.072606277079,82,54
29,6745,908.089857667392,88,59
40,5997,1247.30217562776,49,9
85,7519,5798.96166410146,87,2
36,8996,1599.63862502823,89,53
65,4446,2203.14578452645,86,21
23,7059,748.432874412189,27,4
49,7018,2050.92797345533,85,36
57,5193,2006.79812848868,84,27
73,1434,876.590142782181,89,16
69,3334,1844.62792132334,79,10
2,9082,450.293666951065,59,57
25,5048,579.426976898191,83,58
43,7390,1725.49611377955,47,4
53,4419,1489.95001988211,89,36
43,5613,1310.58317816571,80,37
60,4930,2099.86529359958,89,29
77,4934,3295.66320900702,80,3
17,7023,588.319785327817,79,62
82,1329,976.144906684805,84,2
12,7966,551.182223152898,77,65
14,2764,206.307244425418,32,18
44,5468,1326.31599659092,44,0
48,1919,540.619445645032,67,19
30,4811,674.058243451632,80,50
86,3490,2732.34740669792,87,1
93,5890,5066.30821085135,99,6
5,3616,195.341059512183,71,66
27,3782,470.1353990306,47,20
82,2429,1784.09027715379,94,12
8,2326,139.000016324774,58,50
49,8959,2618.16239871563,75,26
71,2574,1498.96708702284,92,21
41,5138,1110.87718886553,92,51
11,2896,193.019916147178,88,77
40,1578,328.204574477338,57,17
70,4582,2601.73363854213,78,8
69,8827,4883.78244196794,80,11
96,9650,8719.75203763281,97,1
21,6000,587.800146009165,69,48
88,2151,1732.47869404311,92,4
1,1368,66.25604190305,46,45
46,5712,1493.99684250137,66,20
61,2897,1273.29163643772,61,0
59,8249,3403.15128669897,91,32
74,3362,2103.41903346598,78,4
9,4772,295.535390486728,87,78
43,9725,2270.69684797105,66,23
34,2361,387.874701526647,91,57
84,7409,5625.53881027536,85,1
58,8242,3291.74380029267,73,15
2,7575,375.575261743484,87,85
17,1331,111.498452836583,85,68
51,6538,2053.82558099022,93,42
43,8554,1997.27926350071,58,15
11,1138,75.8482957788288,84,73
87,8605,6834.90968535277,96,9
9,9724,602.218385811597,88,79
23,3446,365.363321323757,31,8
95,9595,8505.5296519096,98,3
72,4752,2836.22389285335,93,21
89,9700,7918.61535165758,92,3
85,7121,5492.00771513053,88,3
36,1688,300.154513011077,73,37
59,3460,1427.43404679094,76,17
65,8728,4325.02393327639,86,21
9,4001,247.786483096689,60,51
63,6327,2956.1539443528,68,5
61,5687,2499.55455175054,85,24
1,6653,322.223279810666,81,80
51,6325,1986.91446922043,86,35
77,5841,3901.49347462707,92,15
26,7623,910.555182482208,71,45
12,5829,403.319254175024,70,58
92,6785,5759.09349279957,96,4
42,9499,2134.50253511067,79,37
8,3874,231.507335873677,68,60
39,2371,474.305896639186,83,44
14,1608,120.022449000026,67,53
41,8152,1762.52838529229,44,3
31,7925,1155.51413729268,71,40
67,6799,3564.54407965037,83,16
67,3014,1580.16412061571,88,21
30,4440,622.078279136406,78,48
72,4985,2975.28958456944,85,13
83,5974,4462.78442294251,85,2
24,1831,201.982013299573,63,39
73,6325,3866.41049727845,90,17
9,4120,255.15628851746,81,72
74,3657,2287.98435615261,89,15
23,2401,254.566841119658,82,59
76,5244,3429.5784764056,94,18
15,3823,296.48103400522,83,68
22,5160,525.871578157286,62,40
35,4390,750.352204774538,53,18
39,7662,1532.74221005881,42,3
9,9209,570.323849746915,87,78
9,9298,575.835721027996,46,37
35,3244,554.474385487153,68,33
78,9261,6313.36469824346,95,17
57,6418,2480.19071608711,75,18
59,2667,1100.27936496862,82,23
77,2765,1846.8805782133,89,12
11,4300,286.597251185381,73,62
85,2881,2221.94554518903,89,4
9,4376,271.010659842817,45,36
35,4240,724.713746752629,58,23
1,7157,346.63340051179,82,81
16,6656,536.426163175076,82,66
89,2840,2318.43995862964,99,10
15,3712,287.872769612183,82,67
84,2626,1993.88107919869,93,9
69,6982,3862.98504699447,81,12
7,3488,201.294477431977,66,59
72,9068,5412.22185614356,88,16
66,6072,3095.87815812265,68,2
31,1792,261.284710918419,91,60
54,2282,796.631623246097,59,5
8,9116,544.765326232432,66,58
9,5996,371.33910338609,90,81
90,4669,3861.88970724619,92,2
5,2365,127.760399819224,59,54
28,2094,270.892708854533,74,46
95,7926,7026.03731329187,96,1
70,6807,3865.12459134795,89,19
56,5848,2185.62096338761,89,33
89,5374,4387.07617523792,95,6
71,2982,1736.56559965117,82,11
73,5362,3277.73803737661,96,23
86,8653,6774.49917196479,86,0
41,3618,782.240885425358,80,39
93,5472,4706.76375717803,96,3
58,9343,3731.46837249872,69,11
33,6780,1070.46501881225,62,29
97,4212,3880.10217158862,98,1
15,1883,146.030286955749,82,67
48,3747,1055.60242982383,74,26
37,3066,567.097394715012,76,39
52,1596,519.519256154655,83,31
9,2268,140.459820960582,79,70
55,5192,1875.79309235572,76,21
97,1891,1741.99268909641,98,1
65,9311,4613.92046777457,84,19
15,6626,513.859097912264,56,41
73,9730,5947.85361873823,82,9
78,3942,2687.32141674503,80,2
12,4249,293.996141875052,89,77
85,9745,7515.74430332075,88,3
80,8255,5849.48961598184,82,2
65,5076,2515.3324341557,80,15
15,6252,484.854675542934,81,66
24,1113,122.777706609735,86,62
40,6638,1380.62228477856,88,48
95,5943,5268.19830341832,97,2
87,3745,2974.63530176015,89,2
11,7307,487.015375444554,68,57
67,4913,2575.76188606005,90,23
91,7678,6433.31423909188,91,0
84,1051,798.008002375408,88,4
7,2498,144.161010500309,83,76
16,3011,242.665140823341,90,74
7,3861,222.820521033504,38,31
94,6059,5286.0971919148,98,4
87,1592,1264.51786392581,98,11
60,8189,3487.99125543347,86,26
99,1307,1244.7619047619,99,0
71,2228,1297.47423072529,81,10
88,5104,4110.91178725989,97,9
10,1107,71.1051289558032,28,18
41,5503,1189.79314331005,54,13
76,2732,1786.72929014876,86,10
99,2379,2265.71428571429,99,0
34,4759,781.827913835371,56,22
37,3498,647.001528608321,71,34
27,5578,693.393774667553,56,29
31,8327,1214.12822980897,53,22
13,6116,439.45416209387,75,62
78,4639,3162.47692853379,86,8
22,4323,440.57031635154,75,53
95,9213,8166.90408369392,95,0
7,2268,130.887578788911,77,70
31,8520,1242.26882646481,78,47
47,6051,1642.79757801092,84,37
23,5971,633.077304592036,77,54
54,8398,2931.68815601258,86,32
66,2717,1385.29330626141,89,23
78,6661,4540.90511337865,87,9
99,5725,5452.38095238095,99,0
93,9650,8300.48798552046,95,2
64,1047,503.937587462934,82,18
12,2734,189.170499384889,76,64
84,6429,4881.44000691865,91,7
49,1452,424.329925542482,76,27
72,5321,3175.8306679025,96,24
60,4540,1933.75018923775,80,20
10,8326,534.797925642293,84,74
89,7910,6457.34509604242,91,2
11,8380,558.531387193836,67,56
79,4679,3253.17503958034,83,4
26,6890,822.999502466538,82,56
65,5799,2873.6037796826,76,11
37,3483,644.227079514803,49,12
91,5450,4566.49682248642,91,0
23,7958,843.749654989687,77,54
7,3011,173.766534273991,48,41
34,6039,992.111530080228,88,54
4,4616,241.812943225566,13,9
34,5404,887.791142333756,83,49
20,3828,360.545632604404,85,65
20,1883,177.353037145792,43,23
95,4245,3762.99878815594,95,0
84,5156,3914.87084704815,89,5
40,3060,636.442330735523,77,37
16,2904,234.04170340451,82,66
20,4019,378.535239664864,82,62
12,3614,250.05932142538,74,62
51,7509,2358.85229239149,76,25
3,9995,508.76573441609,85,82
5,5511,297.71144329968,59,54
49,4882,1426.70709125234,91,42
57,5051,1951.92323262013,90,33
76,9805,6412.47463027401,86,10
89,3744,3056.4222553202,89,0
16,2196,176.9819492687,86,70
59,9359,3861.08533061167,67,8
19,8238,746.066885285898,76,57
30,4041,566.175298646445,74,44
55,7537,2723.00703718896,72,17
39,4485,897.200314815163,56,17
88,3266,2630.5325033681,90,2
59,1261,520.229576012534,67,8
6,4761,265.649628086756,55,49
35,2687,459.270244699131,67,32
72,4783,2854.72619518468,89,17
49,7669,2241.17506817169,77,28
73,1356,828.909507400724,82,9
29,9366,1260.95917078025,64,35
3,2249,114.478652996677,73,70
79,9979,6938.11363966066,85,6
49,7334,2143.27525752656,83,34
21,4530,443.789110236919,37,16
15,6947,538.753267913749,76,61
80,2322,1645.3682481296,91,11
79,4406,3063.36593810451,93,14
87,2884,2290.74718565455,89,2
20,8029,756.222801510126,55,35
60,2368,1008.61683879185,77,17
70,1451,823.901246076961,92,22
47,9554,2593.83375645618,64,17
65,2651,1313.66160026532,82,17
26,6815,814.04087217844,56,30
33,6115,965.471030978899,72,39
62,3440,1559.31990065772,89,27
6,7417,413.84652205828,69,63
48,2311,651.053433499566,76,28
81,2072,1495.32205512088,81,0
30,9652,1352.31971851905,84,54
8,8783,524.865495864354,63,55
8,8265,493.910204180677,62,54
74,2692,1684.23677516074,83,9
53,2743,924.854696659116,80,27
21,4362,427.330706148663,82,61
2,5060,250.879316755383,86,84
52,7385,2403.91585632965,70,18
15,3570,276.860395343614,82,67
95,3605,3195.66799323962,98,3
66,8903,4539.29565905237,71,5
24,5204,574.065754894035,85,61
60,3791,1614.72400163003,81,21
26,8307,992.257890709656,52,26
64,2536,1220.61673524928,84,20
1,5390,261.052679720351,89,88
32,6698,1016.29276942092,86,54
84,7780,5907.2333572604,87,3
81,8914,6433.06023134533,83,2
69,4307,2382.96714371315,74,5
6,7820,436.332722461339,75,69
77,8447,5642.1700702234,84,7
28,8370,1082.79463854462,85,57
23,4892,518.675962831056,85,62
85,3349,2582.8863696071,90,5
59,1206,497.539150413257,79,20
9,2380,147.396108415426,66,57
30,6331,887.021978651483,81,51
50,4342,1315.8203345877,79,29
84,8102,6151.7229640776,87,3
1,7446,360.630473691601,72,71
38,5275,1014.75193663544,92,54
82,6512,4783.03659317641,91,9
94,5758,5023.4935849225,95,1
22,6139,625.644499672011,74,52
98,9439,8850.39920066744,98,0
27,9469,1177.07881899015,78,51
99,4641,4420,99,0
71,9765,5686.64087209714,78,7
2,1512,74.9663096707785,58,56
59,7604,3137.05447739834,61,2
1,5993,290.257645559195,55,54
96,1963,1773.76924869152,96,0
87,8895,7065.25527614327,87,0
60,4428,1886.04533875435,63,3
97,8728,8040.24970408961,98,1
1,1027,49.7404642064564,86,85
63,1200,560.674052982986,74,11
30,1132,158.601939635678,56,26
4,5385,282.097638489964,87,83
17,8361,700.404631229656,85,68
3,7943,404.314780236819,80,77
44,1832,444.369221974135,79,35
46,3885,1016.13755831895,47,1
69,4950,2738.72471822152,88,19
16,5985,482.348345342974,80,64
82,6013,4416.52319330003,91,9
58,3961,1581.97005495745,76,18
25,6862,787.644198786725,73,48
94,7369,6428.98996653246,98,4
89,6098,4978.11509426886,92,3
41,6796,1469.35020932856,56,15
6,3840,214.260569597384,56,50
92,5916,5021.48815083305,92,0
62,2260,1024.43691147862,76,14
79,4576,3181.56208188067,82,3
40,3700,769.554452196548,80,40
72,1704,1017.02977976055,90,18
90,3531,2920.61095658306,91,1
64,6801,3273.42839764605,86,22
53,6317,2129.89687159885,78,25
33,2504,395.34578275898,89,56
28,9629,1245.66661583586,73,45
15,2198,170.459145368421,78,63
10,4205,270.096718391285,39,29
10,9628,618.428348316598,78,68
53,4138,1395.2055175995,61,8
89,4791,3911.14290204036,90,1
57,9531,3683.1875529801,74,17
21,6393,626.301055572765,89,68
32,8875,1346.61067909984,91,59
5,6725,363.293314496524,84,79
71,6285,3660.06532320845,81,10
62,4203,1905.18068094896,64,2
6,4778,266.598177483411,72,66
51,1874,588.692128904203,71,20
39,3379,675.950917226407,75,36
21,1706,167.131174848606,74,53
75,9505,6082.16076103133,94,19
89,3252,2654.77702305056,89,0
18,6096,530.910828334747,46,28
73,2761,1687.77223446416,86,13
23,9206,976.069279195157,76,53
72,9420,5622.31251487344,83,11
53,7857,2649.13720439325,63,10
14,1973,147.266350669808,78,64
55,1878,678.493726395233,73,18
44,5731,1390.10917638306,81,37
84,8712,6614.88650494249,90,6
53,3921,1322.0398343421,71,18
27,5187,644.789083757727,73,46
87,3032,2408.30286647177,88,1
73,8822,5392.80211968229,73,0
38,4673,898.945175336003,79,41
64,2212,1064.67043311176,69,5
11,3482,232.077122936627,58,47
5,5985,323.31754457423,66,61
47,3536,959.995411642145,75,28
5,9610,519.144795882765,42,37
58,9556,3816.53770390643,89,31
80,2416,1711.97660959566,89,9
62,5989,2714.75781541834,62,0
6,8926,498.044230267252,71,65
20,1812,170.66580101337,60,40
87,8357,6637.92449046985,87,0
67,4735,2482.44097913583,82,15
32,9201,1396.07491362226,75,43
94,1587,1384.55788802918,96,2
74,1319,825.225968215832,80,6
96,3900,3524.04486495005,96,0
92,1427,1211.23454889093,95,3
51,4427,1390.68306011681,73,22
8,3194,190.871045632557,79,71
29,6767,911.051751939991,77,48
14,3008,224.519606089601,67,53
28,6321,817.723406241406,55,27
47,2415,655.65297486306,77,30
28,9604,1242.43246219624,82,54
32,8006,1214.75663063361,56,24
8,2471,147.665107626189,68,60
63,3791,1771.26277904875,82,19
28,7759,1003.75192359232,67,39
40,9959,2071.34940254741,73,33
56,8256,3085.58253654722,76,20
30,6590,923.309878267773,75,45
13,2966,213.116586783914,49,36
98,4096,3840.58005360036,98,0
8,2953,176.469066297101,65,57
28,6904,893.143869117333,74,46
12,4988,345.128914020419,74,62
42,8700,1954.96073854751,82,40
74,8284,5182.84451910535,77,3
20,7947,748.4995147093,78,58
11,4725,314.923723686262,23,12
77,2725,1820.162595165,85,8
83,3630,2711.73542940765,92,9
2,2411,119.539532153603,74,72
11,6542,436.027724942969,79,68
82,6235,4579.58125897649,87,5
75,4770,3052.27846713513,79,4
79,6322,4395.50600560524,79,0
65,4844,2400.36846159382,90,25
23,7077,750.341330530537,84,61
25,1915,219.810352765459,84,59
59,8507,3509.59001041922,67,8
70,2359,1339.47831805345,81,11
96,3961,3579.16454104286,98,2
48,9362,2637.45661809734,70,22
29,6811,916.97554048519,69,40
94,9432,8228.82797724714,95,1
99,5073,4831.42857142857,99,0
5,9112,492.242183151276,73,68
55,2309,834.207675317675,80,25
30,6600,924.710955473035,80,50
45,1538,387.440992744778,71,26
42,8690,1952.71365723884,76,34
72,1903,1135.8026237584,76,4
58,2236,893.028286514732,93,35
5,2217,119.765245834765,79,74
95,5314,4710.61850653962,97,2
55,2724,984.141060010977,81,26
8,5943,355.149224857321,87,79
32,5966,905.225837916577,70,38
98,8445,7918.3834357068,98,0
3,6003,305.564852796377,62,59
89,1965,1604.13187278424,89,0
31,8859,1291.69712836288,73,42
79,2641,1836.21185713436,95,16
25,5714,655.872770601479,58,33
5,5246,283.395795962642,83,78
71,5252,3058.49850079408,83,12
94,9867,8608.3381733988,94,0
29,6977,939.32437908753,80,51
39,6421,1284.48678292713,75,36
46,8752,2289.12121246008,92,46
97,2977,2742.41789288208,98,1
50,1163,352.441052308958,81,31
28,7602,983.441438735511,58,30
0,2002,129.393610666829,68,68
50,2738,829.736544472853,64,14
32,5986,908.26045353145,81,49
41,3783,817.915220996166,72,31
77,8613,5753.04969987382,83,6
59,3748,1546.24936629261,85,26
68,4128,2223.97812997024,71,3
72,8808,5257.04125594536,84,12
61,7812,3433.53616287589,69,8
29,4678,629.806427600898,59,30
5,5992,323.695693749171,67,62
26,4764,569.05219589994,77,51
66,8240,4201.25757953404,79,13
5,3922,211.871580588159,69,64
57,4578,1769.13572736784,78,21
33,3182,502.392284640206,83,50
1,1148,55.6008304858928,86,85
12,5582,386.22886889775,27,15
10,2082,133.731597548313,46,36
5,6777,366.102422653226,84,79
76,5660,3701.64267285578,76,0
31,7834,1142.24577306635,66,35
73,8292,5068.81831516726,76,3
49,7620,2226.85539437584,83,34
3,5647,287.443732090812,84,81
35,2006,342.871645279664,62,27
31,3172,462.497267317649,74,43
34,5581,916.869423642615,76,42
28,2722,352.134648281776,83,55
69,9130,5051.42559138635,81,12
10,3088,198.349266680687,61,51
39,1061,212.247387741112,70,31
8,5415,323.596340670099,69,61
52,5213,1696.90092878084,91,39
23,3524,373.633297836599,77,54
57,4350,1681.02673963523,93,36
7,2964,171.054137359054,75,68
70,9967,5659.42365241149,82,12
58,1444,576.714152829729,66,8
34,7507,1233.28055246105,70,36
7,4517,260.678656697316,80,73
69,2748,1520.40717690358,80,11
26,6172,737.235548508486,74,48
1,1860,90.084969254147,80,79
72,4163,2484.68014855819,85,13
11,7386,492.280766803541,43,32
78,4796,3269.50621885062,92,14
8,5858,350.069688577181,64,56
22,4476,456.163020122483,66,44
97,6732,6201.53082125702,98,1
71,4749,2765.57680507827,79,8
69,7929,4386.9390486421,74,5
32,3276,497.070037716176,82,50
72,7050,4207.78165922057,73,1
63,7231,3378.52839759998,81,18
73,1707,1043.47236661728,96,23
92,9652,8192.59696278577,96,4
36,3809,677.303637475824,77,41
85,3984,3072.62445402051,88,3
62,1966,891.16945485264,91,29
52,4063,1322.5606126293,67,15
96,1221,1103.29712310359,96,0
39,7923,1584.95386717515,59,20
27,2607,324.072708956313,76,49
3,2519,128.222199599213,62,59
97,5157,4750.63791521427,97,0
61,1425,626.317080401708,78,17
38,8487,1632.64449027962,79,41
11,9689,645.776922496549,69,58
63,6166,2880.93017557758,74,11
7,3193,184.269858497793,88,81
74,2991,1871.30467849398,84,10
73,3654,2233.65438056213,74,1
45,1391,350.409896559159,84,39
72,7841,4679.88879290049,82,10
49,2271,663.673044701775,80,31
38,7184,1381.98633417801,73,35
37,1198,221.586000935611,72,35
44,5720,1387.44102057426,93,49
4,6163,322.853806130668,48,44
46,1203,314.649545085635,88,42
4,6711,351.561235265766,89,85
19,2947,266.892341701571,91,72
96,3591,3244.83207949631,98,2
94,5359,4675.39112914201,98,4
34,9867,1620.9909699125,69,35
67,8794,4610.47222186283,74,7
99,2648,2521.90476190476,99,0
21,6119,599.458182238346,43,22
29,2960,398.509411222458,72,43
62,6594,2988.99867003983,80,18
6,3828,213.591005317392,81,75
95,5831,5168.91541430796,97,2
54,2663,929.636289528639,80,26
1,5862,283.91295148807,89,88
68,3774,2033.25907521988,74,6
20,3010,283.501137444947,84,64
55,6634,2396.76644350691,75,20
85,8589,6624.189617365,88,3
27,4880,606.626321329806,59,32
97,6837,6298.2570149932,98,1
15,7912,613.59088178114,89,74
50,4706,1426.12862611002,63,13
72,1110,662.501793153877,75,3
20,8939,841.932447714412,65,45
82,5702,4188.0950021947,97,15
24,1843,203.305762157899,59,35
60,8876,3780.60940080931,71,11
23,2682,284.35996163387,51,28
38,9257,1780.76941752309,81,43
15,2417,187.443018360088,57,42
45,4347,1095.06241577474,75,30
29,3377,454.650770844,73,44
86,3784,2962.52223121631,94,8
42,9612,2159.8945538987,88,46
54,9006,3143.93707228499,64,10
79,6259,4351.70390526466,87,8
67,7632,4001.2649530654,72,5
34,7764,1275.50155978521,74,40
17,1108,92.8176451862766,81,64
16,2897,233.477553292998,43,27
18,5508,479.700925601671,72,54
76,8625,5640.75407303552,76,0
36,6308,1121.66745738973,82,46
3,4620,235.167352976722,80,77
98,4398,4123.74782122422,98,0
39,4853,970.816750902561,84,45
95,7593,6730.84800906197,98,3
39,4116,823.383834064484,68,29
71,6354,3700.24742460883,74,3
51,6852,2152.46449693255,74,23
72,5532,3301.76569344797,89,17
39,8835,1767.39460008739,42,3
54,1109,387.144816029764,80,26
39,5831,1166.46043159135,71,32
1,9759,472.655491909258,53,52
92,2939,2494.61691604096,92,0
94,8523,7435.78253287504,95,1
40,7034,1462.98540993257,73,33
88,5693,4585.3097188226,95,7
32,4796,727.700824446514,88,56
82,4496,3302.29307784416,83,1
83,5244,3917.44919884676,85,2
61,1127,495.33989446507,79,18
16,3337,268.938417445197,83,67
68,6326,3408.16028347668,74,6
40,4043,840.894229792066,65,25
32,6964,1056.65315709873,60,28
56,4802,1794.69081159154,79,23
50,2367,717.306939652024,68,18
28,3817,493.790577697112,73,45
77,2339,1562.33405874897,93,16
50,8378,2538.90897355499,72,22
39,9545,1909.42631101688,71,32
32,8498,1289.40817475948,69,37
17,6587,551.795874406141,73,56
45,3314,834.837093599607,87,42
69,1253,693.256984228598,94,25
98,8831,8280.31309896113,98,0
77,4913,3281.63626790666,78,1
96,3718,3359.58943791905,97,1
45,1001,252.164131168741,88,43
71,5484,3193.60353738666,91,20
41,6368,1376.81314493883,88,47
2,3261,161.683290897096,69,67
86,5855,4583.92380120812,87,1
74,9561,5981.7933905319,79,5
6,4046,225.75475640391,77,71
22,3652,372.186628571785,39,17
82,7352,5400.01305789819,84,2
9,5067,313.805076193682,49,40
92,5260,4464.67675344521,93,1
90,5873,4857.75931691088,92,2
25,9755,1119.71278915251,67,42
51,4548,1428.69359778885,60,9
67,3457,1812.41783841026,86,19
61,2441,1072.87017070917,92,31
56,7609,2843.7739244898,70,14
45,1325,333.783690108473,92,47
55,8568,3095.49214470413,64,9
74,1992,1246.28516200602,80,6
9,2882,178.485539686243,89,80
39,5060,1012.22599620172,72,33
74,9957,6229.54887454514,83,9
0,9142,590.867327031047,75,75
72,3127,1866.34514161457,88,16
68,6168,3323.03708954855,91,23
41,4253,919.533025349378,76,35
94,5403,4713.77836737344,94,0
26,6421,766.978201064969,67,41
56,8253,3084.46132196272,82,26
54,2188,763.816823690823,67,13
74,5302,3317.17064706622,89,15
40,7029,1461.94547148366,74,34
39,9386,1877.61920955521,75,36
96,2280,2060.21084412464,99,3
37,8739,1616.3940418834,61,24
71,6343,3693.84158235659,74,3
28,3055,395.213574761508,75,47
16,8635,695.919458986897,86,70
13,3453,248.109094458819,83,70
65,2135,1057.96586818803,74,9
19,5892,533.603555244539,73,54
7,1104,63.7124722147082,42,35
4,7004,366.910280405517,77,73
75,3390,2169.22935085704,84,9
54,2298,802.217121042739,79,25
88,2832,2280.97613274295,97,9
55,1879,678.855011659554,73,18
69,9883,5468.04371518853,80,11
45,9675,2437.25071833923,59,14
43,1028,240.028417451336,67,24
29,9204,1239.14885840929,72,43
41,9507,2055.49035316166,71,30
44,2782,674.800860006574,75,31
71,5043,2936.78749800162,85,14
25,8416,966.01771742773,78,53
45,9620,2423.39554629699,72,27
18,4283,373.013628241096,79,61
92,4776,4053.8585882993,95,3
86,9583,7502.60320870665,87,1
58,7717,3082.06587076663,75,17
7,1829,105.55263739194,87,80
33,1135,179.200264948659,71,38
42,5942,1335.21571361486,67,25
1,3484,168.739802624434,76,75
37,4914,908.909523036389,37,0
52,5565,1811.48161685505,73,21
61,5628,2473.62282701812,73,12
68,1038,559.22705884426,83,15
11,4789,319.189357192277,66,55
30,9971,1397.01408136691,60,30
47,8131,2207.50076132983,61,14
9,6182,382.858295052169,83,74
79,1621,1127.0349944774,84,5
25,6689,767.786657779715,84,59
40,1257,261.440526057043,73,33
67,5740,3009.33711092707,83,16
6,4771,266.207598320083,75,69
19,1479,133.944273286944,74,55
6,6141,342.649520285816,49,43
40,4993,1038.48253508577,87,47
16,9060,730.171430042997,75,59
73,3728,2278.88985515479,89,16
89,2783,2271.90788903743,89,0
99,1551,1477.14285714286,99,0
6,3090,172.412802097895,71,65
29,3331,448.457719183111,90,61
60,5534,2357.13073727791,71,11
73,5926,3622.50570859638,75,2
29,1967,264.820274281951,75,46
0,5303,342.74441426883,57,57
33,4890,772.061053391139,81,48
86,5446,4263.71460655498,86,0
46,2075,542.724693310634,59,13
26,5960,711.912486894131,36,10
45,2715,683.941674448682,76,31
59,7446,3071.87107294951,64,5
60,8839,3764.84976270319,91,31
71,5876,3421.88446128446,77,6
44,8854,2147.62286646233,60,16
12,2095,144.956911562305,79,67
21,4443,435.266008119786,88,67
84,4579,3476.76369445956,88,4
58,2591,1034.81050552758,64,6
27,6758,840.078008103859,67,40
88,5253,4230.92077164502,92,4
94,8990,7843.21072046774,94,0
81,6470,4669.27301961009,81,0
70,6829,3877.61654683637,75,5
96,9552,8631.19911538535,96,0
22,8388,854.847053795216,84,62
10,8107,520.731057312283,84,74
83,3809,2845.45461449415,97,14
74,3127,1956.39242047832,80,6
39,6772,1354.70245973875,71,32
60,7682,3272.04161976308,76,16
72,2796,1668.78830059301,78,6
66,4104,2092.47100805919,86,20
62,4826,2187.58076760877,67,5
33,5749,907.684866246556,79,46
91,7273,6093.969062375,91,0
25,3597,412.87615608217,50,25
1,1827,88.4866875415734,81,80
92,5245,4451.94478551713,97,5
20,3239,305.069828632619,76,56
94,7772,6780.58217124308,96,2
10,7721,495.937398977197,62,52
70,2126,1207.17715310794,85,15
5,5943,321.048649524586,84,79
79,5242,3644.61285690963,86,7
64,7460,3590.61547514182,72,8
88,2230,1796.10761864999,88,0
45,1065,268.286513181527,52,7
69,7318,4048.88636120102,77,8
98,3538,3317.37603262649,98,0
4,3462,181.359707419175,70,66
65,1670,827.542388699767,93,28
7,4171,240.710798557562,83,76
92,2564,2176.31771783907,92,0
92,4694,3984.25716362582,94,2
91,5555,4654.47520163524,94,3
51,8587,2697.49162801515,81,30
56,5897,2203.93413493447,91,35
44,3128,758.726488174178,57,13
43,2300,537.028560445596,64,21
46,7209,1885.54328389222,78,32
6,4455,248.575738946965,58,52
35,9843,1682.39561539767,83,48
11,7714,514.142138521868,79,68
81,7648,5519.41268222225,86,5
37,8198,1516.32891124386,92,55
72,6045,3607.94895460827,78,6
50,3740,1133.38739091617,77,27
8,4879,291.565382480039,55,47
7,8175,471.783931481195,82,75
29,2945,396.489937854777,71,42
5,1403,75.7918989202414,74,69
19,5970,540.667553430057,83,64
50,8197,2484.05787255076,52,2
91,8222,6889.12603201529,98,7
89,4034,3293.16436377182,94,5
30,1069,149.775153242526,77,47
78,8876,6050.90433663847,83,5
48,8405,2367.85119366675,80,32
16,5122,412.79669588082,78,62
41,2703,584.410479078149,51,10
88,6246,5030.71219107078,91,3
66,3052,1556.09686076916,72,6
94,7677,6697.70063415249,96,2
4,6445,337.626607254934,60,56
60,8670,3692.86655081306,81,21
85,9914,7646.08404547172,89,4
18,4563,397.399296209228,82,64
8,3277,195.831063411988,83,75
73,7820,4780.28934208972,96,23
95,5763,5108.6365173481,95,0
46,8644,2260.87337300102,77,31
26,7544,901.118758578746,73,47
19,7259,657.404651649713,43,24
78,5365,3657.40218184604,85,7
43,7057,1647.74371785416,87,44
88,6224,5012.9927437119,93,5
11,6184,412.166837518697,66,55
74,3475,2174.11693673239,85,11
24,3602,397.345282307516,84,60
49,1138,332.567117952717,76,27
78,4036,2751.40264789014,80,2
35,6498,1110.6580015091,66,31
25,6374,731.629863460593,88,63
9,9857,610.455227164224,80,71
0,2114,136.632414060778,52,52
22,4733,482.354685933805,75,53
95,7608,6744.14482456782,96,1
90,8234,6810.62322755733,92,2
70,4083,2318.39337541849,78,8
23,2287,242.47995237012,81,58
15,9367,726.428942068243,85,70
16,4042,325.756392961788,57,41
40,3045,633.322515388781,72,32
86,2113,1654.28368778015,95,9
84,5324,4042.4306419093,93,9
71,2148,1250.88628707267,77,6
1,5405,261.779171407884,84,83
71,9961,5800.78133404604,88,17
29,7136,960.730796784953,79,50
45,7424,1870.19631348325,90,45
72,4160,2482.88960317129,76,4
75,3642,2330.48179817739,83,8
10,2617,168.095864929844,46,36
91,2701,2263.13906743777,93,2
65,5234,2593.62686374526,68,3
60,7342,3127.22332365277,65,5
4,6626,347.10844060065,68,64
38,3981,765.825110852264,79,41
3,1497,76.2003306073924,86,83
27,1778,221.020819533688,85,58
35,4679,799.748967230083,75,40
89,6725,5489.96785978322,90,1
91,7691,6444.20680031983,95,4
16,1062,85.5896312037156,31,15
48,9282,2614.91906955559,88,40
0,5025,324.776670130279,61,61
5,4994,269.782425664779,71,66
41,1902,411.227795488953,77,36
16,8862,714.214041174508,81,65
37,9435,1745.12847982262,85,48
51,1166,366.283363021505,89,38
23,2388,253.188511700851,39,16
92,9065,7694.35261786707,94,2
91,5476,4588.28194494232,92,1
43,5782,1350.04310282454,65,22
34,4137,679.643219066386,78,44
37,3233,597.986261289509,69,32
1,9377,454.15417026674,82,81
32,6230,945.282764032899,73,41
80,6031,4273.56412767856,82,2
86,1248,977.068642853584,90,4
97,2176,2004.53521495176,98,1
87,9662,7674.47964902713,89,2
23,6557,695.208153778258,64,41
0,1076,69.5442183204338,25,25
56,1985,741.870316744941,93,37
10,5787,371.712178199849,77,67
31,6936,1011.31180520656,73,42
86,5916,4631.68116275785,95,9
39,1235,247.055159152001,68,29
34,6821,1120.58167687982,62,28
50,1673,506.993878342981,52,2
42,2629,590.757676050737,56,14
39,4247,849.589684954291,76,37
70,9775,5550.40294996712,85,15
18,7105,618.786324691335,64,46
70,3946,2240.60256169517,83,13
21,9240,905.212224854114,88,67
52,1269,413.076401040261,71,19
53,5127,1728.66570534863,84,31
82,7542,5539.56725825192,83,1
22,9635,981.932685183227,86,64
10,1090,70.0131802726518,76,66
70,8520,4837.79367096878,76,6
49,2173,635.033697110065,84,35
49,1969,575.417096000791,74,25
48,6743,1899.63362271206,65,17
44,7068,1714.41138696134,74,30
3,2810,143.034688715279,62,59
89,2252,1838.42492494153,92,3
53,5249,1769.80032911546,64,11
14,1858,138.682655623164,69,55
83,4568,3412.45384064302,83,0
45,6620,1667.65888944761,84,39
83,4037,3015.77849270487,94,11
45,9043,2278.04219596296,48,3
85,4657,3591.66969939094,88,3
37,6013,1112.18415995478,73,36
35,4151,709.501594992963,89,54
85,6138,4733.87773563702,94,9
41,1349,291.664719303153,75,34
20,9946,936.778177085529,86,66
91,4871,4081.35890318006,92,1
25,4096,470.153109622621,78,53
12,7131,493.40703405766,64,52
47,7574,2056.27976464299,93,46
90,2804,2319.28437333869,98,8
34,1922,315.753992517668,60,26
43,2353,549.403566403691,88,45
79,1141,793.304706168235,81,2
19,4466,404.459178160575,57,38
90,4550,3763.46073419794,91,1
3,7704,392.149196392352,76,73
62,9053,4103.64042460883,69,7
90,4176,3454.11253318914,97,7
98,6857,6429.40855164494,98,0
52,4817,1567.99765469735,89,37
62,1947,882.556932145519,69,7
76,6779,4433.46920128786,77,1
40,3301,686.56736397319,71,31
69,3296,1823.60336793093,74,5
35,3447,589.17176534347,74,39
43,5630,1314.55251969944,73,30
54,2304,804.311682716479,65,11
67,2164,1134.53057631466,70,3
95,9717,8613.67708469053,96,1
23,6506,689.800861442938,77,54
35,5849,999.728939800973,88,53
7,8599,496.253214288293,72,65
91,8136,6817.06755004578,94,3
7,5735,330.970134195065,85,78
27,5541,688.794353788618,78,51
77,7513,5018.30516604575,91,14
28,2947,381.242031038352,63,35
24,9572,1055.91033932469,75,51
58,4428,1768.48356560252,76,18
19,4464,404.278050001972,77,58
29,3890,523.716760018703,64,35
8,5656,337.998320005554,72,64
36,6409,1139.6269395071,67,31
12,1183,81.8539505385236,65,53
43,7015,1637.93710935907,81,38
54,6022,2102.24173321121,82,28
12,2763,191.177062838496,83,71
21,2949,288.903771763504,89,68
15,8227,638.019740193812,49,34
13,6865,493.272207778682,64,51
49,9172,2680.40914399149,76,27
52,8809,2867.44682172077,85,33
87,4949,3930.96665111108,89,2
74,5179,3240.21629218332,82,8
16,5976,481.623009485315,85,69
95,5717,5067.85961646349,96,1
40,4603,957.367336070462,87,47
70,9190,5218.23049720694,93,23
59,8297,3422.95383994925,65,6
9,8796,544.746289757179,90,81
6,5600,312.463330662851,81,75
71,9551,5562.0181228264,71,0
18,7411,645.43637611365,77,59
52,1629,530.261195661612,61,9
73,2018,1233.58361794591,87,14
38,9539,1835.01776750056,86,48
41,7569,1636.47906627544,62,21
59,5684,2344.95234738719,70,11
95,3247,2878.3173298333,95,0
50,8111,2457.99602345482,81,31
86,1507,1179.84170254836,94,8
46,7163,1873.51179671521,76,30
6,3348,186.808434117719,57,51
96,8852,7998.67824218919,96,0
71,1528,889.829723764918,85,14
7,6278,362.306975148495,85,78
27,1075,133.631822833923,89,62
70,6643,3772.00274134338,80,10
42,2575,578.62343698389,80,38
62,5954,2698.89264201049,71,9
40,3658,760.818969225668,61,21
83,7480,5587.81846059759,92,9
79,2774,1928.68295785336,80,1
93,6128,5271.02490935434,95,2
67,3448,1807.69936558825,87,20
63,1503,702.24425136119,78,15
19,7916,716.905251750809,77,58
17,9643,807.798332609446,71,54
11,6675,444.892244572656,82,71
11,1626,108.373751262193,82,71
71,4598,2677.64206143396,80,9
71,9152,5329.66075385899,72,1
22,6514,663.861910875302,59,37
89,4096,3343.77819385458,98,9
14,8909,664.975123222159,61,47
43,3080,719.15128964019,79,36
11,6825,454.889823102379,57,46
26,1682,200.912215261062,84,58
55,7478,2701.69120659401,78,23
41,1072,231.775077163069,71,30
9,9494,587.974224073972,62,53
51,6651,2089.32302526246,80,29
73,5911,3613.33635563841,81,8
13,1835,131.850619267863,66,53
37,9946,1839.64471227512,80,43
72,2974,1775.02732688255,89,17
69,8605,4760.95478793861,72,3
89,8171,6670.41299364887,90,1
38,5891,1133.25187843021,77,39
11,1534,102.241903097297,73,62
98,3773,3537.72181206889,98,0
85,4178,3222.24522311689,88,3
29,1168,157.249659563456,86,57
89,6936,5662.21815248422,93,4
26,8868,1059.26844526462,72,46
43,2975,694.634768402456,87,44
66,5503,2805.76704613784,77,11
86,5282,4135.31776566717,86,0
28,5396,698.059721575482,87,59
43,6721,1569.29084989341,50,7
56,5881,2197.95432381713,81,25
30,3996,559.870451222765,65,35
36,7332,1303.75171172821,76,40
40,5377,1118.34980796239,85,45
72,5404,3225.36909027347,93,21
3,1866,94.9831776308579,86,83
39,3207,641.543235142079,72,33
79,7067,4913.48322391842,80,1
2,6740,334.175216389582,69,67
49,6876,2009.43014327143,82,33
76,2356,1540.82511258802,84,8
37,4812,890.043269200469,75,38
43,4976,1161.84961599013,79,36
43,5856,1367.32141303018,64,21
11,2139,142.565469833844,86,75
52,3164,1029.92413939432,61,9
47,3117,846.240299233192,68,21
75,6785,4341.65815503394,89,14
32,3267,495.704460689483,62,30
71,3326,1936.89375735741,77,6
97,9963,9177.93398279615,97,0
20,7405,697.450472684329,81,61
58,1300,519.202492159728,87,29
58,4153,1658.65226918412,75,17
51,7602,2388.06700316422,86,35
99,2268,2160,99,0
82,5298,3891.35870249518,84,2
7,8992,518.933469342986,48,41
54,4830,1686.12214736137,86,32
76,6295,4116.93297272564,82,6
68,2413,1300.01434777572,93,25
49,5425,1585.39245596967,68,19
99,5852,5573.33333333333,99,0
63,2036,951.276976561133,89,26
44,6455,1565.72234052568,57,13
24,3037,335.018773561334,80,56
92,5830,4948.49153471208,97,5
67,6235,3268.85311613768,88,21
59,5146,2122.99872970698,67,8
90,1848,1528.54405204347,92,2
11,3105,206.949875565258,56,45
37,6100,1128.27596469719,87,50
8,2006,119.877056211305,84,76
58,1942,775.608645980147,58,0
4,4542,237.936392575936,87,83
22,4362,444.544927116682,54,32
93,1631,1402.91149268227,93,0
74,5121,3203.92887280764,74,0
53,9046,3050.0312015962,90,37
12,3976,275.106768673854,58,46
6,1917,106.962893728694,68,62
37,4871,900.956102301638,74,37
36,5557,988.127149764545,81,45
36,8104,1441.02616910057,87,51
73,7403,4525.38132985808,84,11
74,4000,2502.58064659843,84,10
98,2064,1935.29229263456,98,0
36,4736,842.139676315438,65,29
61,9558,4200.9394066523,79,18
82,4178,3068.72341619949,86,4
96,1929,1743.04680627914,98,2
9,9515,589.274777971755,51,42
30,4819,675.179105215842,70,40
53,8960,3021.03466353105,73,20
12,2639,182.597274278245,84,72
79,5886,4092.36766039109,86,7
62,2499,1132.77338132083,84,22
67,2316,1214.22033953085,87,20
94,7875,6870.44320619394,94,0
59,7754,3198.93745630547,63,4
1,3072,148.785497606849,55,54
48,1511,425.677948082148,88,40
16,3443,277.481261990954,72,56
16,2049,165.134796926943,82,66
57,4426,1710.39640221277,61,4
68,5267,2837.61938240146,94,26
3,8581,436.790271838366,78,75
34,7488,1230.15915503241,81,47
98,9712,9106.37536146649,98,0
74,9367,5860.41822917187,77,3
39,9084,1817.20572124436,72,33
71,6962,4054.31579636869,76,5
41,5203,1124.93071499949,81,40
38,2979,573.070335400375,84,46
21,5232,512.561727319992,85,64
91,1053,882.29745946389,99,8
18,5141,447.738282229156,72,54
35,5799,991.182787127004,77,42
31,5007,730.051644848508,46,15
58,8055,3217.05851872816,87,29
18,2454,213.722961406409,70,52
73,3758,2297.22856107074,83,10
84,5076,3854.12808759046,85,1
35,6403,1094.42031142856,85,50
72,5860,3497.53198908263,86,14
18,7763,676.092644416444,78,60
9,4718,292.191109035285,85,76
88,4922,3964.32363183644,89,1
0,1114,72.0002409005235,82,82
48,7014,1975.97956839721,54,6
87,7994,6349.59535441139,90,3
56,6697,2502.92469080144,90,34
34,9743,1600.61974458878,67,33
96,3974,3590.91135725936,97,1
26,2406,287.392859642161,81,55
67,5577,2923.88032537287,87,20
60,3432,1461.81291838413,78,18
7,5894,340.146115247727,64,57
98,3340,3131.72299292608,99,1
24,4319,476.439276592494,51,27
12,3353,232.000250342916,76,64
85,7934,6119.02671139526,91,6
45,6008,1513.48861145034,91,46
96,1815,1640.03626407291,99,3
46,5894,1541.59968307126,65,19
94,6762,5899.42056638519,95,1
29,3238,435.936984303486,47,18
55,9019,3258.431798913,55,0
61,2180,958.15525282507,74,13
0,8956,578.845742823239,86,86
57,5607,2166.78550095052,85,28
55,8245,2978.79700432838,75,20
0,8238,532.439842494176,56,56
69,1485,821.617415466455,88,19
37,4018,743.182430516934,80,43
60,3639,1549.98170454541,94,34
83,2436,1819.77617246199,93,10
38,1323,254.50555680923,52,14
62,6395,2898.79382694946,82,20
34,4784,785.935015715153,57,23
24,9569,1055.57940211011,87,63
24,9869,1088.67312356826,38,14
67,3240,1698.65021592399,72,5
68,8810,4746.42619308086,84,16
25,5718,656.331904497595,67,42
94,4398,3836.97894867821,95,1
3,5266,268.0500607739,40,37
37,8357,1545.73807163515,86,49
65,5741,2844.86278654213,82,17
58,4314,1722.95350090544,69,11
71,7849,4570.85962161704,95,24
45,9747,2455.38839810361,82,37
77,3468,2316.44913028706,77,0
99,9551,9096.19047619048,99,0
93,3134,2695.72324835452,97,4
87,2477,1967.46906340718,87,0
97,5268,4852.89132002109,98,1
95,5659,5016.4452631742,95,0
39,8335,1667.37226844691,67,28
8,9826,587.19439398419,79,71
82,1356,995.976293050862,92,10
94,7872,6867.82589449634,98,4
65,3058,1515.34408661311,75,10
57,6771,2616.60506990119,68,11
61,1450,637.305099356124,65,4
48,3469,977.284448641279,58,10
40,9803,2038.90332294129,72,32
35,1069,182.716744169472,88,53
30,5103,714.969697845288,64,34
72,4363,2604.04984101835,72,0
89,3274,2672.73676920896,92,3
1,5451,264.007079249653,84,83
79,3523,2449.44126190245,83,4
50,9981,3024.68971891291,59,9
47,3556,965.425249943288,74,27
84,4448,3377.29742584759,85,1
88,4548,3663.0930267355,92,4
91,5016,4202.85285533796,94,3
94,9849,8592.63430321322,97,3
43,6696,1563.45358293205,78,35
20,3843,361.958428970409,86,66
57,6004,2320.20334362527,78,21
34,5996,985.047314847003,65,31
30,5916,828.877274633102,85,55
64,7873,3789.39887879243,65,1
13,6228,447.501720327113,88,75
84,6587,5001.40695684759,94,10
68,3163,1704.08014173834,85,17
95,5303,4700.86750850199,96,1
7,1289,74.3889281564845,87,80
84,4010,3044.73081781673,87,3
70,9744,5532.80064905162,77,7
54,1669,582.637238912242,90,36
39,4201,840.387630443366,64,25
16,3492,281.430312771539,70,54
85,9740,7511.88809793167,88,3
52,3971,1292.61338733718,79,27
10,2972,190.898322725065,85,75
40,9322,1938.86124415573,78,38
82,7229,5309.67007556393,82,0
41,6619,1431.08137662533,68,27
71,6499,3784.68807247919,71,0
16,3463,279.093119452417,88,72
8,7104,424.529714518999,53,45
39,1505,301.067218237864,63,24
90,8242,6817.2403013757,92,2
42,1242,279.087498537472,91,49
2,8156,404.381760366977,2,0
37,2052,379.544635993217,64,27
96,8758,7913.73972493142,97,1
79,5645,3924.80724480253,95,16
56,8910,3330.00731596847,91,35
73,5692,3479.46380245201,78,5
1,9796,474.447504738507,69,68
31,7214,1051.84592888699,70,39
63,6178,2886.53691610741,92,29
83,4585,3425.15342805347,83,0
44,5428,1316.61361183166,76,32
43,7323,1709.85223832309,65,22
24,7059,778.69526591026,83,59
99,7871,7496.19047619048,99,0
45,1356,341.592968895916,84,39
21,9055,887.088387018831,73,52
52,3139,1021.7863064345,60,8
18,8900,775.115874701321,83,65
87,2113,1678.34563220807,94,7
84,9085,6898.09962091397,90,6
46,7698,2013.44322366518,59,13
44,9794,2375.62890830495,68,24
89,1912,1560.86521158446,92,3
32,3794,575.666582141384,82,50
1,8211,397.681549755807,81,80
9,3731,231.065075839477,58,49
59,7710,3180.78511582604,77,18
28,6549,847.218887434736,64,36
71,6102,3553.4954021031,75,4
31,9681,1411.54982500068,82,51
33,8920,1408.34040823087,72,39
61,8116,3567.15047336159,78,17
27,3255,404.624728673877,73,46
70,8115,4607.8281267502,85,15
41,4984,1077.58114233278,86,45
18,1201,104.597097249021,70,52
99,2084,1984.7619047619,99,0
94,7539,6577.30429606299,94,0
85,5685,4384.50552738619,93,8
83,4518,3375.10211296523,86,3
57,3230,1248.21065954524,84,27
66,3844,1959.9070553069,69,3
64,1488,716.197832039012,64,0
45,5933,1494.59519502911,82,37
78,8878,6052.26776708837,85,7
28,5634,728.84886422466,71,43
75,4120,2636.34953555487,96,21
82,9906,7275.91530896891,86,4
67,5901,3093.74534696527,82,15
86,5275,4129.83741270245,92,6
24,8993,992.039456910464,89,65
11,4775,318.256249862836,81,70
54,2025,706.914564887531,76,22
48,1654,465.963816100512,73,25
48,9605,2705.91442179288,56,8
54,9612,3355.48780133281,67,13
53,3652,1231.34136062672,80,27
82,7293,5356.67780620939,84,2
4,3070,160.824466140054,79,75
73,1392,850.915954499858,91,18
55,7784,2812.2444974763,71,16
68,2544,1370.59117312119,78,10
84,6973,5294.49077123095,92,8
80,6569,4654.79070713322,80,0
16,9977,804.075094651102,87,71
67,7534,3949.88602678128,77,10
57,8553,3305.24636875866,87,30
4,5389,282.307181768323,84,80
39,1146,229.251184119995,44,5
24,2774,306.006611083023,83,59
54,3672,1281.87174432939,77,23
40,4218,877.292075504065,77,37
53,7178,2420.19942129753,92,39
27,1158,143.949442643425,91,64
30,1158,162.24474036936,79,49
94,3818,3330.96535380933,99,5
95,3385,3000.64803248713,97,2
54,1272,444.047074833056,78,24
38,4543,873.937070736457,67,29
14,8184,610.860524015057,66,52
29,6868,924.649539282379,65,36
89,4791,3911.14290204036,89,0
35,5170,883.672186488465,61,26
5,4239,228.996336081898,62,57
90,2415,1997.52915892045,90,0
9,7891,488.698609876524,63,54
97,6976,6426.30407146301,97,0
89,8072,6589.59413593608,91,2
23,2209,234.209975857278,32,9
0,5162,333.631277853234,67,67
83,3261,2436.07967914555,88,5
91,4616,3867.69712524721,92,1
15,6792,526.732718536085,88,73
20,6232,586.96979686276,73,53
93,5119,4403.1293262051,99,6
25,1396,160.237729744429,74,49
14,3131,233.700427748185,63,49
24,2766,305.124111844139,71,47
28,6365,823.415516647136,73,45
5,2088,112.796496753716,81,76
89,5208,4251.56172695182,90,1
69,2481,1372.68202543587,81,12
85,2933,2262.05008123548,90,5
50,4099,1242.18045865384,74,24
89,8290,6767.55889332385,91,2
49,3581,1046.50514006035,88,39
78,3752,2557.79552400491,93,15
50,8885,2692.55266531822,89,39
28,2799,362.095841491804,65,37
17,4020,336.757160332881,78,61
4,2122,111.162709169119,85,81
81,3780,2727.95239785566,87,6
93,6711,5772.49480526713,93,0
37,6498,1201.89134731186,83,46
28,7209,932.600543520692,75,47
48,5883,1657.35497588834,70,22
75,1776,1136.44581921006,78,3
93,4442,3820.80493592558,95,2
7,5376,310.252038610753,29,22
48,6531,1839.90911907645,90,42
20,1120,105.488795328352,90,70
21,3947,386.674529383029,72,51
80,5364,3800.92820110559,83,3
72,1288,768.740819443417,84,12
63,7387,3451.41602448777,77,14
84,7770,5899.64051232819,86,2
45,6017,1515.75582142089,73,28
8,5532,330.588172961585,51,43
94,4839,4221.72376822507,95,1
89,1276,1041.66527718712,93,4
53,3115,1050.28158224322,88,35
12,3927,271.716368355691,88,76
96,4506,4071.62722088844,96,0
86,6197,4851.67818891319,93,7
13,1564,112.378402471356,29,16
89,2602,2124.14815927969,89,0
51,9589,3012.25657634066,82,31
94,1098,957.936081320755,96,2
1,6797,329.197600010988,83,82
34,7286,1196.97377184377,43,9
81,2028,1463.56811186542,94,13
17,5313,445.072336529502,72,55
69,7445,4119.15263174933,92,23
66,5522,2815.45441191589,72,6
36,1705,303.177396139743,69,33
5,5279,285.178499215933,87,82
47,2327,631.761686338029,80,33
37,3758,695.091979562627,92,55
94,1467,1279.86542012527,97,3
52,8926,2905.53187997271,86,34
75,9984,6388.66838907278,77,2
60,8420,3586.38250955548,69,9
63,8019,3746.70435905881,81,18
12,6761,467.806052063362,87,75
20,1859,175.092562960185,77,57
65,6414,3178.3574138445,78,13
38,3423,658.482631109595,83,45
5,9295,502.128083010437,37,32
49,5192,1517.30094587918,61,12
46,8111,2121.46505418918,79,33
18,2129,185.418168229114,84,66
22,8747,891.433855453833,79,57
93,1296,1114.75983722637,95,2
97,9137,8417.02125873817,98,1
65,1670,827.542388699767,70,5
89,1382,1128.19859958668,91,2
31,6065,884.314604754584,51,20
36,1671,297.13162988241,37,1
49,2784,813.591262197156,77,28
97,3480,3205.78242097065,99,2
33,4902,773.955681743019,61,28
82,7582,5568.94708990534,92,10
97,6106,5624.85846622034,97,0
78,3222,2196.48645478247,85,7
49,9268,2708.46401510174,90,41
14,5910,441.127284570991,69,55
3,5637,286.934711846273,65,62
77,6089,4067.1449695265,84,7
5,8294,448.052750993929,82,77
79,2805,1950.23637230666,93,14
8,7915,472.994466556571,68,60
98,5651,5298.61276437882,99,1
84,2328,1767.61430021879,87,3
84,8433,6403.0461313338,86,2
59,6983,2880.85894472286,78,19
44,6264,1519.39345330021,49,5
41,4956,1071.52731569046,68,27
29,1586,213.525650742844,55,26
25,5351,614.206369528966,57,32
24,6635,731.922806249408,25,1
64,9105,4382.37987951291,83,19
50,4299,1302.78941003974,72,22
73,3483,2129.12375684124,84,11
95,8879,7870.82832509696,95,0
10,1897,121.848626584606,85,75
79,3068,2133.09275944272,94,15
80,9455,6699.80912405916,88,8
52,8431,2744.40278736836,70,18
81,1814,1309.1284787593,94,13
0,9988,645.546145524622,64,64
92,9330,7919.28405126308,94,2
34,1041,171.019722274138,71,37
41,6641,1435.83795470144,90,49
45,2928,737.598977084987,72,27
70,4607,2615.92904250624,76,6
16,1039,83.7359951230325,74,58
49,2225,650.230085628115,58,9
9,9245,572.553370714543,65,56
55,6208,2242.85892090607,66,11
77,9904,6615.3726027575,82,5
13,2843,204.278643367049,52,39
39,4788,957.813847789297,79,40
55,4907,1772.82679202418,70,15
99,6091,5800.95238095238,99,0
60,6703,2855.05011419838,84,24
71,2042,1189.15726173296,92,21
84,4478,3400.07596064422,87,3
88,4163,3353.00269795512,97,9
24,1009,111.305216504243,37,13
92,3472,2947.02617641859,92,0
74,1920,1201.23871036725,83,9
67,1932,1012.89883245838,95,28
63,3635,1698.37515216096,74,11
46,2298,601.05125071221,76,30
7,7904,456.14436629081,87,80
98,8951,8392.83009271896,98,0
26,6270,748.941492084933,61,35
70,7488,4251.80739533031,88,18
1,6269,303.62509260981,41,40
64,9201,4428.58619125736,87,23
30,7360,1031.19282307296,77,47
95,8120,7198.00946050088,98,3
90,5177,4282.07389471269,91,1
48,4788,1348.87228022325,77,29
41,6194,1339.1929365187,72,31
40,3391,705.286256053647,55,15
85,6097,4702.25685144655,88,3
23,4470,473.933269389784,35,12
22,9555,973.779637459858,79,57
7,9224,532.3223221997,80,73
4,5225,273.715907355629,78,74
80,4368,3095.16300940142,84,4
50,8390,2542.54551063814,78,28
29,8687,1169.54434300321,76,47
59,6117,2523.58787983241,86,27
94,3943,3440.0200078759,96,2
76,4828,3157.51427995542,82,6
35,2267,387.482562237785,81,46
53,5155,1738.10643867216,88,35
78,1489,1015.07396994758,80,2
60,6368,2712.36149891322,76,16
29,1322,177.982919471652,54,25
61,4699,2065.30804267202,79,18
21,6048,592.502547177238,78,57
28,8195,1060.15556306729,85,57
29,3742,503.79128945758,76,47
71,3893,2267.08580799531,71,0
90,6877,5688.20208111631,93,3
7,6344,366.115872943939,84,77
31,5514,803.975388395181,69,38
34,2272,373.253418834621,74,40
67,2091,1096.25851898057,78,11
59,5554,2291.32043233435,81,22
94,4973,4338.63035738444,94,0
36,9308,1655.11742127198,77,41
0,4550,294.076387879158,82,82
32,7572,1148.90547179087,71,39
21,7438,728.676247669361,52,31
69,3928,2173.27488750992,76,7
65,9006,4462.78248660485,78,13
82,2413,1772.33834449243,83,1
47,9376,2545.508195576,92,45
69,8573,4743.24990087132,81,12
74,7658,4791.19064791269,74,0
27,3159,392.691096123127,86,59
85,8186,6313.37946300499,88,3
1,9728,471.154075755022,83,82
28,5782,747.995053771208,83,55
12,4499,311.29410268201,85,73
35,9707,1659.15008012447,72,37
87,7950,6314.64636822249,89,2
42,6155,1383.07854548965,84,42
70,3890,2208.80485681556,91,21
57,2354,909.686654046285,92,35
0,1011,65.3431270650173,90,90
16,7882,635.233025562793,62,46
74,1964,1228.76709747983,83,9
17,9753,817.013080777758,76,59
9,4875,301.914297699664,25,16
55,3829,1383.36127708591,58,3
42,3637,817.263471965207,53,11
79,8253,5738.07514461564,81,2
66,4438,2262.7647012102,74,8
82,1036,760.93763982352,89,7
75,3897,2493.65391748965,80,5
73,3295,2014.20119976798,77,4
36,9637,1713.6191006444,84,48
80,9056,6417.07788762345,86,6
43,2382,556.174796078874,56,13
81,9682,6987.31087725887,91,10
9,2954,182.944581621499,63,54
61,5143,2260.45525930245,92,31
92,6251,5305.83543456007,93,1
42,8640,1941.47825069546,49,7
64,4413,2124.0463930028,69,5
85,5888,4541.06746618292,89,4
36,6110,1086.45975977351,83,47
65,7274,3604.51696730665,86,21
1,8725,422.575998248619,76,75
43,9787,2285.17327003524,92,49
71,1777,1034.83469838368,78,7
22,6123,624.013890127338,79,57
6,5916,330.095190035969,85,79
99,8422,8020.95238095238,99,0
59,3451,1423.72106805651,87,28
85,4032,3109.6440257557,85,0
8,4750,283.856439184297,74,66
70,3145,1785.78181868507,78,8
23,3148,333.767770031105,87,64
74,5178,3239.59064702167,89,15
85,1658,1278.71770701958,87,2
49,3837,1121.31812968768,71,22
5,2670,144.236899584494,38,33
92,1345,1141.63312421745,92,0
30,6512,912.381476066728,84,54
34,8589,1411.03592181803,83,49
39,4938,987.820547281443,69,30
27,6823,848.158071810096,89,62
39,6114,1223.07307129987,78,39
13,3041,218.505576672246,77,64
0,7437,480.669471792813,19,19
1,7863,380.826942605031,88,87
54,3884,1355.8795901349,77,23
30,1121,157.06075470989,76,46
80,9203,6521.24202736292,91,11
85,6944,5355.49804435703,90,5
45,3221,811.409257237276,79,34
2,3888,192.770510582002,68,66
35,6770,1157.14907205549,61,26
16,2496,201.159811190654,78,62
8,5945,355.268743358031,68,60
88,9953,8016.43907104186,95,7
73,6673,4079.13948590341,76,3
49,2226,650.522323868847,83,34
23,4850,514.222898554911,38,15
25,8008,919.186060023914,74,49
57,2507,968.812422130007,83,26
63,2719,1270.39395838395,68,5
25,3546,407.022198906693,88,63
16,5405,435.60447896053,69,53
23,6147,651.737764415884,75,52
5,8590,464.043058962846,76,71
65,1879,931.109070878361,86,21
1,2939,142.343937977386,79,78
40,9408,1956.74818547706,76,36
33,9490,1498.33525494518,85,52
48,1728,486.811048501623,63,15
96,7471,6750.8049194979,98,2
97,1760,1621.31524738746,99,2
28,3712,480.20713241071,83,55
71,9295,5412.93670313803,79,8
6,3364,187.701186491041,73,67
18,5750,500.777110059842,40,22
98,3604,3379.26037919329,99,1
31,8715,1270.70103552122,90,59
21,2495,244.426894048811,90,69
13,6220,446.926894739024,69,56
97,8560,7885.48779411172,98,1
90,1598,1321.76049521941,97,7
3,9877,502.759295530538,76,73
73,4623,2825.99458164716,84,11
75,5408,3460.52871074776,85,10
88,5228,4210.78503600993,94,6
37,4512,834.554287330116,81,44
64,1788,860.592556240426,80,16
28,3918,506.856558401175,73,45
51,4619,1450.99730171212,66,15
78,2597,1770.41443918996,84,6
29,1898,255.530696790617,73,44
64,7331,3528.52574373521,83,19
59,3258,1344.09830186268,79,20
27,2760,343.091935834071,85,58
80,5477,3880.99995478287,86,6
1,1708,82.7231868204747,63,62
53,6356,2143.04646444234,77,24
56,8952,3345.70432015149,87,31
63,6057,2830.00228243162,80,17
8,7201,430.326361803394,73,65
17,6275,525.659497783291,56,39
3,9985,508.256714171552,72,69
94,2636,2299.74454495584,94,0
26,9356,1117.55926633918,84,58
97,6923,6377.48037367236,97,0
72,3942,2352.77663838971,72,0
34,2239,367.832044353309,59,25
21,4803,470.534016880336,73,52
88,1662,1338.62370502076,90,2
69,8430,4664.13118678937,75,6
16,9927,800.045450997443,72,56
96,7762,7013.75288249802,96,0
60,3107,1323.38366474927,72,12
35,4833,826.071117465909,72,37
7,6854,395.548264999647,71,64
3,1612,82.0540634195836,77,74
24,3649,402.52996533596,63,39
57,3805,1470.41534352001,88,31
61,5565,2445.93301925299,79,18
75,3756,2403.42933386993,80,5
57,7269,2809.05364836977,73,16
63,2666,1245.6308543772,79,16
42,4518,1015.2313352595,84,42
33,8780,1386.23641079227,78,45
42,6405,1439.25557820653,53,11
15,7178,556.667764083042,80,65
90,6966,5761.81702734568,90,0
12,1899,131.39531028965,71,59
42,9861,2215.84687848472,86,44
7,2841,163.955736922089,86,79
18,8332,725.64780539454,77,59
4,4295,224.997095137307,67,63
25,4928,565.652960014716,31,6
78,8948,6099.98783283473,79,1
49,5940,1735.89514994652,72,23
48,3540,997.286522972075,62,14
86,7931,6209.23990903187,88,2
75,3357,2148.11295894605,88,13
40,6837,1422.01183504535,44,4
8,5689,339.970375267256,80,72
83,7096,5300.95719203215,92,9
66,8879,4527.05898649062,89,23
11,9522,634.646285066791,85,74
96,2278,2058.4036416298,96,0
46,4649,1215.96486708488,80,34
79,2522,1753.47455649105,87,8
21,6887,674.69660092752,89,68
33,5860,925.210178501447,50,17
47,9451,2565.87008920529,87,40
96,1494,1349.9802636501,98,2
69,4604,2547.29062680644,70,1
6,1331,74.2658380557598,90,84
30,7480,1048.00574953611,80,50
19,8444,764.72308562201,70,51
82,6095,4476.75184818953,86,4
68,3910,2106.5296725251,70,2
27,2675,332.525698679761,79,52
95,1363,1208.23730229836,98,3
41,1186,256.422799921082,88,47
56,7077,2644.94520483826,78,22
55,8898,3214.71628193013,79,24
57,7406,2861.99632959507,90,33
29,5367,722.567570956396,80,51
97,4280,3942.74389705586,99,2
17,8161,683.650543650906,87,70
67,1391,729.266188379713,74,7
16,1259,101.466427199132,75,59
98,3837,3597.73087540639,99,1
45,7510,1891.86076431293,86,41
60,6015,2562.00603265751,90,30
76,1066,697.164503403579,87,11
54,8245,2878.27683333219,87,33
96,3789,3423.74512648609,99,3
43,9532,2225.63314702932,65,22
19,6657,602.885075910199,75,56
91,8205,6874.88191348644,91,0
8,1623,96.9892633254977,79,71
30,7062,989.440722356148,79,49
42,5742,1290.27408744136,78,36
19,5357,485.151772818227,90,71
14,9045,675.126275625146,62,48
69,6270,3469.05130974725,90,21
20,1189,111.987658611974,55,35
40,1252,260.400587608129,71,31
57,6721,2597.2829234686,82,25
32,9808,1488.17549753366,91,59
7,1659,95.7418400400371,80,73
94,1255,1094.90872682837,95,1
81,1693,1221.80513480678,91,10
7,4287,247.405224985919,80,73
16,3397,273.773989829587,23,7
99,4697,4473.33333333333,99,0
0,9920,641.151157749725,84,84
30,6827,956.515408032487,71,41
31,5995,874.108170734333,72,41
90,8085,6687.38022769019,98,8
7,3322,191.714522370707,86,79
49,4818,1408.00384384551,77,28
84,9537,7241.29621184992,85,1
37,5115,946.087140889526,85,48
58,9313,3719.4867765258,69,11
15,5258,407.768055662947,84,69
98,1756,1646.49867532281,98,0
59,2378,981.051492274232,93,34
90,9188,7599.70928039795,90,0
83,7160,5348.76740345972,85,2
18,9087,791.40201723718,81,63
0,9212,595.391579152264,58,58
91,3175,2660.2986075953,94,3
50,2800,848.525319402479,82,32
57,3978,1537.26997017677,86,29
8,9741,582.11485770405,67,59
64,8896,4281.78488831926,92,28
83,6859,5123.91000283942,84,1
42,5836,1311.39665174291,84,42
22,6508,663.25043229605,23,1
91,4700,3938.07982856627,92,1
35,6272,1072.02939142276,75,40
38,9090,1748.64362161444,57,19
79,2826,1964.83707242019,84,5
85,8164,6296.41215929303,89,4
48,2698,760.078824570243,85,37
7,8728,503.697878161208,75,68
78,6372,4343.88941336867,83,5
70,8837,5017.7913932337,89,19
36,7120,1266.0545809472,80,44
33,5430,857.319329225744,62,29
79,5266,3661.29937132509,81,2
89,2227,1818.01612248881,91,2
98,8714,8170.60903004726,98,0
5,7220,390.033863295897,16,11
13,9952,715.083031582439,76,63
36,1604,285.217914022374,56,20
54,4345,1516.81174540065,71,17
7,3709,214.04851398945,85,78
62,3426,1552.97383129458,93,31
69,4178,2311.59431772313,75,6
34,2812,461.96681943792,61,27
94,4392,3831.74432528302,94,0
1,9431,456.76954034186,84,83
96,5647,5102.63624419819,98,2
47,3417,927.687873750342,92,45
14,8349,623.176260386329,71,57
67,4438,2326.73137600946,77,10
47,9152,2484.6940066032,67,20
40,6614,1375.63058022377,61,21
61,5409,2377.36778097743,81,20
90,1184,979.326925118761,91,1
30,6623,927.933433045138,88,58
15,8862,687.2652166765,68,53
97,9014,8303.71343179007,97,0
92,3670,3115.08815306918,92,0
77,3153,2106.04501378174,81,4
42,1212,272.346254611447,58,16
6,4117,229.716345060528,75,69
9,4752,294.296767726934,86,77
91,2307,1933.01067329838,96,5
22,9422,960.225195619757,55,33
95,3322,2944.80140736255,98,3
46,2717,710.642405650598,72,26
4,4196,219.810898997937,86,82
1,6202,300.380096405494,71,70
61,4167,1831.48299932205,69,8
42,4600,1033.65740199064,42,0
29,9167,1234.16749076901,71,42
34,9783,1607.19110759644,57,23
71,3043,1772.08890668629,72,1
66,6298,3211.1068247458,88,22
67,2970,1557.09603126366,71,4
56,2920,1091.31552891447,58,2
68,8038,4330.50780249534,77,9
93,7927,6818.44230686225,98,5
54,4064,1418.71644034712,83,29
35,3393,579.941920455583,63,28
43,9580,2236.84069959514,81,38
48,3437,968.269429224582,59,11
4,5696,298.389628382328,85,81
83,4378,3270.51727546741,83,0
24,1352,149.142371371394,50,26
83,8976,6705.3821527171,86,3
17,1326,111.079600647114,56,39
21,4497,440.556209433869,77,56
3,9243,470.487412026806,82,79
92,6024,5113.1583199152,95,3
88,2811,2264.06211480947,92,4
91,7222,6051.23670678843,93,2
45,6617,1666.90315279077,61,16
44,1026,248.866169075034,47,3
62,8403,3809.00148989152,81,19
78,4264,2906.83371917828,90,12
73,6277,3837.06856781294,83,10
91,4713,3948.97238979422,91,0
61,8488,3730.6521954033,74,13
78,1794,1222.99711355672,85,7
77,4439,2965.02816878438,93,16
40,4019,835.902525237277,78,38
36,6349,1128.95794022946,38,2
67,7781,4079.38189200758,87,20
16,6507,524.417825087173,77,61
6,7384,412.005220288302,73,67
21,3623,354.933321498534,70,49
14,3580,267.214158843341,84,70
75,4457,2851.99268931264,77,2
49,8388,2451.29436325781,65,16
68,4394,2367.28679822898,74,6
54,5249,1832.39237091094,93,39
19,4549,411.975996742601,37,18
68,5052,2721.78718813218,79,11
47,7728,2098.08951956179,67,20
23,2697,285.950341732494,73,50
86,1042,815.789684177431,87,1
9,1868,115.687365764712,88,79
65,9912,4911.73662083359,82,17
95,8467,7505.60912586958,95,0
22,5179,527.807926991586,89,67
21,5170,506.487792477897,74,53
15,4520,350.534730238973,86,71
32,6769,1027.06565485372,85,53
41,2358,509.818686521005,82,41
34,4348,714.307158931749,75,41
83,6928,5175.45538703477,84,1
25,4335,497.586359915543,66,41
34,9739,1599.96260828802,74,40
55,7552,2728.42631615378,64,9
47,7946,2157.27475704425,58,11
61,7601,3340.79728290062,75,14
35,6495,1110.14523234866,90,55
8,5987,357.778631872923,89,81
19,7710,698.249051414697,79,60
56,5293,1978.1962652549,75,19
52,1393,453.440052520949,87,35
58,4098,1636.68600990043,76,18
55,2842,1026.77272120088,89,34
12,7780,538.312540312522,57,45
11,7776,518.27447098082,82,71
96,5611,5070.10659929096,98,2
3,2049,104.29824810591,62,59
3,6662,339.109286911455,80,77
96,5975,5399.01745335296,96,0
49,3566,1042.12156644937,78,29
75,5799,3710.72596035988,91,16
50,2716,823.069559820405,65,15
59,5551,2290.08277275621,61,2
64,2019,971.776493875515,86,22
21,9450,925.785229964434,81,60
74,2097,1311.97790397923,86,12
32,3010,456.709650038367,67,35
91,9655,8089.82143506539,93,2
5,8254,445.891898565697,86,81
72,2491,1486.74951959127,78,6
34,7169,1177.75253504639,89,55
48,9219,2597.17075007897,84,36
55,2429,877.56190703622,86,31
75,6361,4070.34451351081,81,6
16,1933,155.786023650454,63,47
9,5320,329.47365410507,86,77
67,5596,2933.84154577489,85,18
61,1565,687.849986546438,70,9
44,2489,603.73089164499,82,38
33,3746,591.43981717857,86,53
6,3603,201.036675067545,84,78
70,1195,678.540309484472,83,13
54,3781,1319.92294806901,69,15
2,1351,66.9837859558345,66,64
72,8925,5326.87252603455,77,5
1,8810,426.692784477976,72,71
92,8519,7230.90898528512,97,5
14,2094,156.297890675407,54,40
94,4942,4311.58480317593,95,1
79,8054,5599.71612925413,84,5
1,7121,344.88982046171,73,72
18,5106,444.69007373314,72,54
64,4582,2205.38875430293,68,4
94,4176,3643.29788305598,98,4
11,7112,474.018523355915,87,76
93,1462,1257.54543366123,95,2
62,7518,3407.8392480072,86,24
21,1107,108.449126938691,63,42
12,4230,292.681496853723,81,69
12,5280,365.332932242945,82,70
51,3632,1140.94440351124,71,20
73,2097,1281.87554352457,81,8
53,9329,3145.45004197335,83,30
9,3074,190.37631818026,50,41
10,6189,397.533552942607,77,67
40,5460,1135.61278621437,92,52
66,8163,4161.99825506509,75,9
30,2128,298.149229279791,81,51
41,4523,977.909210828882,78,37
67,2697,1413.96902232932,78,11
37,2030,375.475443989392,56,19
23,5414,574.021190263152,60,37
59,6590,2718.7255399862,84,25
6,6109,340.864015539171,69,63
42,3819,858.160351783098,77,35
87,7604,6039.8202495552,95,8
25,2523,289.598704975067,44,19
11,4321,287.996912179543,64,53
26,2432,290.498518142035,82,56
35,6214,1062.11585432095,84,49
35,6488,1108.94877097431,58,23
39,4299,859.992007444902,77,38
66,5560,2834.829143472,83,17
0,2764,178.643326614943,75,75
12,1634,113.059471834275,86,74
68,6121,3297.71563312689,90,22
38,6419,1234.82325711145,86,48
99,9639,9180,99,0
83,7495,5599.02397890092,90,7
3,6030,306.939207456631,81,78
43,6485,1514.18704977813,63,20
63,2402,1122.28256272094,88,25
94,1332,1162.08639373337,96,2
79,8632,6001.58301809308,90,11
90,7916,6547.59454327712,93,3
8,2860,170.911456014124,73,65
45,4340,1093.29903024209,89,44
29,6485,873.085652627581,58,29
93,1302,1119.92076239872,95,2
7,5962,344.070434188488,56,49
33,1536,242.512429040652,69,36
53,3311,1116.36671550796,85,32
69,4565,2525.71279569318,82,13
99,3938,3750.47619047619,99,0
24,9239,1019.17630850615,78,54
36,2441,434.05045394552,91,55
78,4381,2986.5944004972,92,14
37,9694,1793.03396750402,58,21
43,1500,350.236017681911,77,34
38,8880,1708.2459141844,69,31
74,5613,3511.74629233925,90,16
63,8085,3777.54143197287,65,2
23,8328,882.979030755732,76,53
38,7753,1491.44488430987,54,16
84,4533,3441.83660777139,87,3
17,9551,800.091452323221,87,70
56,4758,1778.24633101886,81,25
5,7238,391.006246888601,85,80
23,9065,961.119706268096,78,55
28,2391,309.314454093213,74,46
94,9716,8476.60015128639,97,3
65,2226,1103.0594953567,69,4
35,3117,532.76715769527,69,34
48,6641,1870.89824832134,83,35
76,1983,1296.88293644399,88,12
49,5155,1506.48813097211,82,33
68,5383,2900.11489186768,80,12
56,4123,1540.92257729944,67,11
67,2125,1114.08386075262,78,11
51,2483,780.00136396432,87,36
12,4749,328.592063488967,73,61
30,5268,738.087471732113,70,40
0,3153,203.785241974282,90,90
1,7485,362.519352079188,70,69
58,8193,3272.17386020358,64,6
93,9256,7961.58723253652,93,0
38,3614,695.22530786739,75,37
71,8012,4665.78255680924,80,9
81,8144,5877.36622437474,89,8
9,7052,436.738385103186,25,16
13,2658,190.985801642496,44,31
59,6209,2561.54277356211,72,13
80,3658,2592.05730045567,83,3
50,4250,1287.94021695019,51,1
72,3045,1817.4035677059,81,9
47,6767,1837.18578919185,78,31
12,2305,159.487198640149,87,75
85,8811,6795.40513664024,88,3
16,1191,95.9861118301556,90,74
53,8107,2733.42946621052,68,15
55,1717,620.326798839518,67,12
57,8452,3266.21563296483,82,25
50,5152,1561.28658770056,76,26
77,9032,6032.9205723047,94,17
58,6247,2494.96766809371,86,28
94,7764,6773.60267338282,96,2
34,3109,510.759189769735,63,29
99,5638,5369.52380952381,99,0
29,7537,1014.71805148097,70,41
51,6134,1926.9143643001,88,37
7,4249,245.212223224905,78,71
62,2293,1039.39550354888,69,7
91,8068,6760.09107593036,92,1
61,6730,2957.97470252877,83,22
9,5438,336.781528387851,51,42
15,1845,143.083313559935,50,35
77,5400,3606.92771151964,93,16
85,8147,6283.30106097015,88,3
86,8165,6392.44027956692,87,1
22,6902,703.404192333641,85,63
72,6756,4032.30821130414,83,11
13,4951,355.745185828442,73,60
75,1047,669.965525176202,81,6
28,7426,960.672997112589,82,54
90,3827,3165.44268786275,97,7
58,2826,1128.66634064876,94,36
20,5228,492.406626764844,67,47
25,1537,176.422199582512,65,40
65,1567,776.502349157207,80,15
30,7343,1028.81099182401,76,46
2,3806,188.704877385571,89,87
3,6233,317.27231842076,54,51
13,9157,657.959738766117,64,51
57,8482,3277.80892082438,82,25
73,8933,5460.65533157129,79,6
47,8450,2294.10668223307,88,41
8,4375,261.446720301326,88,80
35,5560,950.332177345429,65,30
38,2208,424.753038121527,84,46
62,4150,1881.15627550278,65,3
25,3632,416.893577673184,77,52
13,5855,420.700477282474,64,51
53,4716,1590.08922692103,89,36
71,1581,920.694236434775,76,5
94,7880,6874.8053923566,99,5
55,7560,2731.31659826835,63,8
94,7404,6459.5252696711,95,1
46,9592,2508.82663047499,75,29
54,9669,3375.38613723335,82,28
1,1021,49.449867531443,83,82
38,2553,491.120700328015,81,43
81,2031,1465.73315345102,87,6
34,1157,190.076674996328,78,44
77,3436,2295.07474384842,92,15
65,2577,1276.99205729299,90,25
99,4405,4195.2380952381,99,0
36,4998,888.72763982782,78,42
49,9234,2698.52791491686,85,36
31,2615,381.283213756511,87,56
3,2593,131.988949408797,89,86
15,8113,629.178820006369,72,57
9,3044,188.51838404057,78,69
66,6589,3359.47647955701,79,13
29,3197,430.417090431824,72,43
32,9211,1397.5922214297,74,42
88,7926,6383.8336257488,88,0
36,6815,1211.82050128583,91,55
39,7403,1480.93064226904,68,29
53,1518,511.82261375448,80,27
99,6320,6019.04761904762,99,0
71,6545,3811.47614007944,74,3
59,3861,1592.86787706931,70,11
58,7773,3104.43151658274,61,3
19,1886,170.803853562661,83,64
50,4366,1323.09340875401,73,23
69,1388,767.94947654373,91,22
45,2120,534.053904173556,70,25
69,7282,4028.96836325032,79,10
44,3738,906.687855752901,68,24
94,8345,7280.48870548424,95,1
58,6811,2720.22167238454,73,15
69,5863,3243.86727736015,91,22
69,3354,1855.6934757404,94,25
98,9270,8691.93776779184,98,0
9,6379,395.058729236135,80,71
88,2847,2293.057574124,91,3
35,7286,1245.34536765086,81,46
47,2400,651.580596137202,75,28
11,8084,538.802832228517,77,66
15,6973,540.769618131938,79,64
65,5271,2611.96163523142,74,9
64,5306,2553.86135537567,73,9
28,2118,273.997496348568,82,54
87,7665,6088.27225313527,87,0
96,2744,2479.48182292896,96,0
90,3562,2946.25211762924,91,1
26,2117,252.872270932026,63,37
87,2232,1772.86675394624,94,7
22,1581,161.124605633075,63,41
41,1798,388.742153674625,78,37
95,8793,7794.59324953008,97,2
9,6699,414.876693392831,74,65
18,4065,354.02764389448,81,63
58,6438,2571.25049578794,88,30
32,7018,1064.84661925889,81,49
62,3288,1490.41971900075,68,6
99,3340,3180.95238095238,99,0
35,3193,545.757309759704,78,43
48,9146,2576.60523703463,73,25
23,2576,273.121275603598,66,43
60,2989,1273.12319727569,90,30
53,5093,1717.20195774148,78,25
19,5371,486.419669928448,80,61
63,5465,2553.40308296002,81,18
44,9172,2224.75682529845,81,37
29,5688,765.784301024778,47,18
71,9974,5808.35187488959,90,19
81,8358,6031.80585748085,86,5
35,4032,689.161751628915,58,23
30,3132,438.817380688113,72,42
59,8609,3551.67043607606,81,22
27,5051,627.88310431083,86,59
40,6532,1358.57558966158,76,36
66,6469,3298.29311674826,66,0
91,5453,4569.0104904621,94,3
68,3032,1633.50331639287,89,21
30,4631,648.838853756913,64,34
56,6690,2500.30852343761,89,33
36,1406,250.010216406146,67,31
55,4753,1717.18886131871,79,24
76,1997,1306.0389430553,91,15
83,3654,2729.66425869299,90,7
68,4353,2345.19786815902,93,25
78,1455,991.895652299344,97,19
72,5214,3111.96788243632,84,12
60,8444,3596.60497751621,92,32
60,5698,2426.98426834289,86,26
7,5894,340.146115247727,90,83
56,2256,843.15336754488,78,22
75,6476,4143.93193986732,89,14
69,5920,3275.40410744876,78,9
31,2729,397.90512058949,60,29
90,6642,5493.8255377017,91,1
21,5055,495.221623012721,84,63
35,5658,967.082636586409,80,45
54,9899,3455.67766806008,78,24
42,1207,271.222713957109,90,48
41,9599,2075.38149784356,84,43
11,4843,322.788485462977,74,63
86,7368,5768.46294915481,86,0
30,7897,1106.43066899554,62,32
9,2864,177.370779202429,53,44
25,4454,511.245593324989,89,64
87,8691,6903.21906744926,89,2
29,1947,262.127643125043,40,11
38,4312,829.499592563417,90,52
70,8395,4766.81665114823,78,8
83,3973,2967.9682812773,96,13
91,2310,1935.52434127406,95,4
31,5742,837.219202061141,86,55
34,8256,1356.32932477933,86,52
38,2233,429.562289006055,87,49
84,2001,1519.32827093548,89,5
30,9987,1399.25580489533,87,57
17,2763,231.457719900435,49,32
8,1063,63.5240831269279,44,36
76,4680,3060.72221006449,77,1
96,4509,4074.33802463071,96,0
98,3007,2819.48833524812,99,1
22,2876,293.102065655107,75,53
23,5799,614.84094612782,80,57
94,3452,3011.65332670241,94,0
84,7213,5476.71904960402,84,0
70,6463,3669.79583280179,85,15
21,6337,620.814920876679,63,42
48,5744,1618.19598529706,91,43
25,4556,522.953507675943,69,44
38,2032,390.895911894449,76,38
39,1917,383.485619509625,77,38
54,2939,1025.98612652072,64,10
60,4306,1834.08112662065,82,22
20,1798,169.347191071766,71,51
22,5806,591.707438523489,83,61
60,6330,2696.17592464206,73,13
78,4389,2992.04812229679,91,13
11,3247,216.414249906729,72,61
0,6810,440.145099221333,65,65
26,9595,1146.10743485725,74,48
75,8727,5584.32582446296,78,3
44,4607,1117.47216464784,80,36
41,5534,1196.49559423547,83,42
28,6696,866.235710835699,90,62
6,7424,414.237101221609,63,57
86,2828,2214.06259774835,89,3
44,7355,1784.02599760904,76,32
39,5666,1133.45306214999,84,45
35,1757,300.311804963295,87,52
56,2784,1040.48713441709,85,29
18,6448,561.567096637541,87,69
80,1138,806.386333493318,97,17
88,3225,2597.50989692656,88,0
53,7341,2475.1579760024,74,21
95,5599,4963.25800115079,97,2
93,1389,1194.75417739771,94,1
18,2526,219.993561741072,82,64
4,8305,435.064231691579,62,58
95,6406,5678.6266753656,97,2
41,5721,1236.92650788239,77,36
53,2992,1008.80978942912,86,33
41,1902,411.227795488953,69,28
79,8033,5585.1154291406,93,14
56,2132,796.809831385498,83,27
69,2379,1316.24769790889,79,10
30,2383,333.876698013976,69,39
64,6176,2972.60605555977,90,26
28,1679,217.205758436849,39,11
47,2376,645.06479017583,92,45
99,2867,2730.47619047619,99,0
93,4111,3536.09389725125,97,4
65,6674,3307.19634861212,82,17
39,9231,1846.61228674666,76,37
95,4928,4368.44712085571,95,0
13,2509,180.279675064343,88,75
71,1364,794.32443927706,86,15
56,4987,1863.83237763578,86,30
87,2877,2285.18711966995,91,4
70,7230,4105.31082642069,79,9
98,6316,5922.14443812009,99,1
47,9221,2503.42694874214,62,15
68,9162,4936.06773904731,68,0
3,2083,106.02891693734,65,62
8,3155,188.540434868728,76,68
64,3242,1560.42565286994,70,6
27,6140,763.255248558404,68,41
80,5872,4160.89679285831,83,3
77,3327,2222.26824004182,84,7
51,3089,970.36818899951,66,15
75,4189,2680.50199136878,84,9
63,9900,4625.56093710964,74,11
50,1973,597.907305421818,73,23
65,4190,2076.28898721678,81,16
41,6598,1426.54100664359,80,39
9,6300,390.166169334951,51,42
83,4049,3024.74290734754,86,3
5,9022,487.380265187753,90,85
59,6594,2720.37575275706,75,16
99,2515,2395.23809523809,99,0
80,2731,1935.18548046595,85,5
78,8225,5607.10772519732,84,6
28,8209,1061.96668910547,72,44
27,1683,209.211495655341,71,44
98,6161,5776.80998784957,98,0
12,6690,462.893431194186,60,48
3,5720,291.159579875942,72,69
83,4227,3157.71505788048,85,2
71,7421,4321.61412307556,77,6
58,2969,1185.77861478633,74,16
83,1955,1460.45255220164,90,7
93,1605,1380.54748360211,97,4
59,7146,2948.10511513527,83,24
0,9722,628.353987463994,56,56
32,9509,1442.80799409131,59,27
66,6098,3109.13455339788,83,17
13,8427,605.506903853016,86,73
71,7838,4564.45377936481,71,0
25,5680,651.970132484494,70,45
27,8568,1065.07670515446,74,47
69,8215,4545.17647680601,82,13
73,3864,2362.02532197374,93,20
9,5749,356.04211230264,85,76
32,5227,793.096790947025,82,50
64,3105,1494.48539548463,91,27
5,4343,234.614552395302,22,17
89,1508,1231.05896394842,97,8
77,2581,1723.97785619115,90,13
57,4866,1880.43129081955,64,7
43,9437,2203.45153257613,77,34
9,7324,453.583654636378,65,56
68,8290,4466.27390926678,76,8
57,4582,1770.68149908245,90,33
19,5048,457.167472314058,71,52
44,9857,2390.91016430079,88,44
35,6351,1085.53231264763,63,28
12,6083,420.893982354893,87,75
52,1804,587.226026380324,77,25
42,5464,1227.80522706018,50,8
98,4937,4629.13665151977,98,0
9,9894,612.746679269842,55,46
79,9015,6267.87197730643,79,0
73,3130,1913.33831723028,81,8
88,4226,3403.74475175554,98,10
21,6757,661.960931097321,77,56
52,7418,2414.65779583661,85,33
68,1587,855.003220024895,87,19
16,4786,385.717490528232,64,48
31,5403,787.790900163069,79,48
97,3314,3052.86291468297,97,0
75,2819,1803.85178173039,75,0
66,1166,594.498341958336,87,21
23,4437,470.434433172812,47,24
29,3203,431.224879778896,59,30
76,2582,1688.62921931336,94,18
6,6002,334.893734042577,52,46
19,5420,490.857309814223,70,51
51,6957,2185.44884780498,58,7
99,7151,6810.47619047619,99,0
23,2938,311.502448650377,70,47
97,6205,5716.05744888589,98,1
74,5200,3253.35484057796,89,15
24,9287,1024.47130393945,82,58
27,9138,1135.93264842454,88,61
84,1897,1440.36268364049,86,2
68,5154,2776.7401361111,85,17
50,7245,2195.55926395391,78,28
5,1366,73.7931104241267,77,72
52,4291,1396.77764922282,72,20
47,2238,607.598905897941,69,22
63,4231,1976.84326514251,81,18
75,5514,3528.35712112854,79,4
8,4407,263.359016312673,68,60
91,3702,3101.86628198986,92,1
69,2345,1297.43625539989,83,14
99,1622,1544.7619047619,99,0
87,7136,5668.09012372776,98,11
73,6066,3708.08633620412,76,3
93,7820,6726.40580795544,93,0
98,6668,6252.19428647637,98,0
24,7683,847.530206543211,88,64
42,6368,1430.94137736443,87,45
61,8905,3913.93235156296,75,14
49,4844,1415.60203810454,60,11
10,5233,336.127497584208,74,64
68,4481,2414.15843032864,85,17
11,2469,164.560142599234,75,64
84,3041,2308.98414388546,91,7
5,2604,140.671493077911,70,65
82,7800,5729.06717241646,85,3
11,5100,339.917670010569,83,72
64,5114,2461.44873188677,95,31
13,6030,433.274787021916,57,44
56,4644,1735.64017680781,59,3
79,7197,5003.86851033548,88,9
29,3021,406.721936251029,72,43
12,4316,298.631995371317,66,54
58,2124,848.296994882509,74,16
96,1327,1199.07885533044,97,1
71,5430,3162.15667542114,75,4
19,1576,142.728988979191,89,70
40,7006,1457.16175461865,63,23
63,4376,2044.59137987796,68,5
32,3878,588.41196772385,52,20
77,9294,6207.92336127102,85,8
26,2364,282.376026680827,82,56
69,8647,4784.19245221443,73,4
52,8105,2638.28544557236,72,20
73,1533,937.107872304801,89,16
25,8079,927.33568667997,43,18
52,2466,802.715843156253,70,18
87,5475,4348.76589509662,88,1
15,4406,341.69381005153,78,63
46,7857,2055.03032064658,91,45
74,4461,2791.0030661189,87,13
5,3093,167.087914013048,82,77
99,7477,7120.95238095238,99,0
61,1067,468.968648974472,85,24
38,6371,1225.58949541316,75,37
3,8886,452.315389296786,86,83
97,2744,2527.77786297226,98,1
41,6735,1456.16151557208,83,42
0,5235,338.349426493932,88,88
47,4172,1132.6642696185,78,31
61,5147,2262.21334233515,73,12
41,4680,1011.85388164474,79,38
33,8393,1325.13464644414,76,43
81,1529,1103.44952812733,82,1
70,1055,599.046047285454,94,24
20,9957,937.814227753932,77,57
33,4379,691.381462740245,70,37
52,5487,1786.09157802042,83,31
68,1222,658.357866963089,71,3
5,5576,301.222828495557,78,73
76,3313,2166.70356451788,83,7
52,4953,1612.26746599875,85,33
82,6122,4496.58323455559,83,1
27,8385,1042.3282181046,59,32
50,4776,1447.34175909509,63,13
31,4924,717.949730224496,61,30
18,6479,564.266938448299,60,42
54,9421,3288.8109213854,73,19
41,4340,938.34312955944,93,52
84,8130,6172.98292988779,93,9
24,1321,145.722686820719,75,51
96,3822,3453.56396765105,98,2
0,5413,349.853953316458,88,88
80,7474,5296.07333614153,97,17
65,7173,3554.46799649307,80,15
33,4398,694.381290964055,70,37
80,9146,6480.85185072925,83,3
15,9683,750.935352412384,78,63
30,1616,226.414076370367,88,58
47,8106,2200.7134634534,79,32
20,1831,172.455343076976,74,54
88,8852,7129.66127367252,89,1
42,8156,1832.71951535558,75,33
6,6743,376.239328332073,89,83
88,6005,4836.60369954852,94,6
75,2295,1468.5490738103,76,1
93,3167,2724.10833680241,93,0
3,5028,255.935378953887,62,59
62,5329,2415.58597401308,68,6
97,9869,9091.34100935614,98,1
18,5883,512.360302344705,72,54
86,4187,3278.03398047112,89,3
88,8999,7248.05939920685,93,5
37,7335,1356.70560673014,84,47
60,9964,4244.02794836232,77,17
97,4541,4183.17757862866,98,1
16,2754,221.952772443534,84,68
67,4660,2443.12037228574,78,11
99,7069,6732.38095238095,99,0
14,6019,449.263134658679,63,49
59,4651,1918.78489931348,89,30
60,7208,3070.1478775387,73,13
8,3596,214.894264275101,83,75
12,4047,280.01938954303,82,70
56,5389,2014.07513195893,84,28
97,8354,7695.72021401978,97,0
76,2155,1409.37101766859,88,12
84,7523,5712.09724250257,86,2
76,1484,970.536700798228,77,1
26,9630,1150.28812899169,71,45
77,3722,2486.10832264372,86,9
79,9793,6808.79315294086,87,8
7,8188,472.534168925753,87,80
57,2375,917.801955547972,81,24
17,4594,384.841391683894,73,56
97,8897,8195.93281591261,98,1
68,1492,803.82155278963,89,21
37,4555,842.507708064866,58,21
54,3045,1062.99004942347,76,22
70,1385,786.42537961171,86,16
49,5161,1508.2415604165,79,30
3,8039,409.201374584387,50,47
4,4513,236.417203807838,35,31
25,2065,237.027873869803,68,43
33,3472,548.179136477308,80,47
0,4883,315.598901541523,60,60
90,2634,2178.67155469832,92,2
7,2126,122.69267747144,74,67
92,3866,3281.45253399604,97,5
93,6001,5161.78532653972,95,2
57,2556,987.748125633944,87,30
90,3432,2838.72466808073,90,0
70,1226,696.142610399968,88,18
90,5631,4657.59283390519,91,1
57,3291,1271.783678193,76,19
63,3608,1685.75998596885,68,5
95,4871,4317.91922193347,97,2
15,7325,568.067898008955,40,25
69,8059,4458.86515235297,79,10
97,9328,8592.97081115351,99,2
9,5980,370.348205178255,72,63
73,4419,2701.29138141873,84,11
46,6388,1670.80739318956,56,10
50,9878,2993.47610894917,81,31
2,3360,166.591799268397,79,77
53,9463,3190.63069430741,73,20
18,4106,357.598402418385,83,65
97,9042,8329.50708345305,98,1
93,8462,7278.62480139628,99,6
11,3904,260.203643866914,79,68
95,9385,8319.37423482768,98,3
65,4887,2421.67643926692,68,3
35,7469,1276.62428643759,63,28
72,5900,3521.40592757466,72,0
66,4865,2480.475500538,70,4
30,2468,345.785854258705,65,35
35,8097,1383.96396402265,79,44
68,5155,2777.27889050305,79,11
49,5148,1504.44246328698,85,36
74,2017,1261.92629104726,76,2
86,1265,990.378071482198,91,5
46,1096,286.663259695641,65,19
22,2954,301.051287185392,64,42
29,9805,1320.06242467439,47,18
63,8465,3955.08821541748,88,25
89,6045,4934.84843306908,90,1
79,3666,2548.86507696122,80,1
72,3842,2293.09179215963,78,6
62,2216,1004.4921220516,71,9
9,9207,570.199987470936,83,74
98,4022,3771.19457411637,99,1
66,7373,3759.20778324083,73,7
26,9674,1155.54385876071,79,53
58,5349,2136.31856197106,75,17
1,6792,328.955436115143,59,58
1,3311,160.360931828215,66,65
80,6474,4587.4737460771,86,6
99,6321,6020,99,0
99,8981,8553.33333333333,99,0
74,7877,4928.20693831396,82,8
96,9286,8390.84118357081,98,2
42,8687,1952.03953284623,76,34
74,3251,2033.97242052287,80,6
13,2582,185.524958555653,81,68
60,1993,848.890776905471,86,26
80,5780,4095.70563057239,88,8
17,2062,172.734642936916,37,20
6,7239,403.914651905068,68,62
21,7362,721.230779153245,66,45
68,7585,4086.45206294192,83,15
62,3037,1376.643761133,86,24
86,1451,1135.99887883057,89,3
56,7008,2619.15726939473,71,15
4,5096,266.958136628572,77,73
73,1700,1039.1933352369,77,4
43,4452,1039.50050047991,87,44
66,4573,2331.59598437004,83,17
34,5669,931.326422259449,86,52
22,2293,233.686730371057,71,49
67,2065,1082.62737527254,70,3
4,2558,134.002926510182,81,77
13,8990,645.960254614764,55,42
31,9228,1345.49961626963,80,49
72,1235,737.107850941475,92,20
83,2887,2156.68875611567,85,2
73,3275,2001.97539582402,76,3
66,4345,2215.34759503342,71,5
45,9202,2318.09623877597,78,33
16,2724,219.534986251338,65,49
67,7210,3780.02100518888,82,15
76,6949,4544.64928156798,78,2
13,9284,667.085094977026,51,38
3,8335,424.268373822723,82,79
26,1633,195.059243472838,74,48
49,7971,2329.43101687268,60,11
15,2037,157.973284401944,87,72
43,1204,281.122776859347,73,30
77,3315,2214.25284512733,84,7
83,3070,2293.39607941639,84,1
70,2037,1156.64151499571,87,17
70,5392,3061.66472697931,86,16
65,9247,4582.20626844715,86,21
77,8144,5439.78134863258,83,6
82,1426,1047.39099844434,94,12
97,2862,2636.47968069483,97,0
22,2179,222.068637365257,91,69
25,3750,430.438027608601,56,31
79,4634,3221.88782505136,79,0
46,9995,2614.23292030833,72,26
47,7988,2168.67741747666,77,30
65,5222,2587.68045137137,66,1
20,8300,781.747322522611,80,60
76,4971,3251.03634748517,83,7
71,3912,2278.1504446128,84,13
16,3607,290.698493174955,89,73
83,7047,5264.35249890791,88,5
67,2468,1293.91010274704,78,11
29,5500,740.473568149838,53,24
39,7410,1482.33095491201,65,26
4,1362,71.3494862810272,68,64
54,4184,1460.60767382194,68,14
61,3907,1717.20760219612,84,23
37,3370,623.32622967697,68,31
15,3585,278.023674315646,74,59
42,3494,785.13020925115,76,34
45,2592,652.956471517858,45,0
86,6375,4991.03573573045,89,3
94,3212,2802.26839089459,94,0
15,9025,699.906181505914,83,68
70,2838,1611.4622580058,86,16
43,9695,2263.69212761742,77,34
59,8865,3657.28405341088,83,24
64,5824,2803.18291249678,85,21
43,3484,813.481523735851,80,37
12,9139,632.344255259144,56,44
21,8472,829.97380616494,89,68
14,4998,373.054850809782,73,59
25,7723,886.47276992566,87,62
9,4479,277.389567055753,87,78
17,2562,214.619861883791,76,59
1,8785,425.481964998753,76,75
24,1805,199.1138907732,78,54
83,1350,1008.49664730037,83,0
35,8034,1373.19581165345,41,6
35,4796,819.746964487172,88,53
64,2577,1240.35068089014,74,10
65,5047,2500.96193758546,79,14
79,1814,1261.22238123504,83,4
37,5011,926.850960507803,44,7
36,2968,527.759830934168,67,31
85,3959,3053.3434270751,94,9
14,2442,182.272898294815,83,69
36,1069,190.086003796707,79,43
4,5908,309.495422135322,69,65
69,1709,945.551624937489,95,26
68,5860,3157.1007368279,90,22
83,7966,5950.87725362572,83,0
41,4716,1019.63737304201,69,28
78,7562,5155.1305310568,82,4
99,4094,3899.04761904762,99,0
17,5467,457.972983965139,57,40
55,5992,2164.82130381269,80,25
65,2127,1054.0015932721,74,9
25,2602,298.666599423355,52,27
72,5442,3248.0493318409,80,8
11,4430,295.261819244474,74,63
84,7478,5677.92944030762,88,4
89,3803,3104.58702910864,89,0
43,4420,1032.02879876936,81,38
72,7173,4281.19402008356,82,10
85,7899,6092.03327367169,93,8
0,8677,560.813366511528,53,53
64,1415,681.061782483335,88,24
65,5586,2768.05496004605,80,15
15,5887,456.548220556822,73,58
41,3403,735.756145136123,70,29
52,1257,409.17024121955,74,22
30,5485,768.490847086303,51,21
5,9339,504.505020681493,76,71
81,8070,5823.96186526328,90,9
71,6897,4016.46309215094,77,6
68,7688,4141.94376531279,83,15
75,1916,1226.03051216581,83,8
42,7330,1647.110599259,67,25
10,3449,221.537118128785,66,56
88,7067,5691.96974932712,89,1
77,6357,4246.15545595006,83,6
39,7522,1504.73595719948,75,36
66,7825,3989.66511648712,84,18
28,7957,1029.36642041811,75,47
32,2318,351.711949763766,83,51
16,5663,456.39744021341,91,75
54,6207,2166.82405148489,85,31
38,4736,911.064487565014,89,51
92,9858,8367.44932233134,93,1
47,9736,2643.24528499658,79,32
54,5942,2074.314244228,82,28
58,7166,2862.00389139739,75,17
38,6996,1345.82076752636,86,48
82,6614,4857.95516389263,82,0
89,4680,3820.52781915025,90,1
34,2348,385.73900854916,56,22
75,1058,677.004322479868,84,9
70,3012,1710.26226959601,87,17
66,5640,2875.61805201116,92,26
40,5309,1104.20664505715,71,31
5,1422,76.8183038236516,86,81
11,4434,295.5284213386,64,53
75,5106,3267.28173022893,78,3
99,5125,4880.95238095238,99,0
54,6430,2244.67192702559,76,22
37,9272,1714.97946633972,66,29
71,3975,2314.83845023923,81,10
54,3383,1180.98369037754,61,7
25,1025,117.653060879684,66,41
87,1442,1145.37359282727,87,0
20,1978,186.300747463822,65,45
60,8048,3427.93425616419,80,20
80,2366,1676.54663009243,94,14
10,2662,170.986317326421,85,75
65,2658,1317.13034081676,83,18
93,3484,2996.77721674127,93,0
81,5896,4255.028396232,87,6
51,4165,1308.37925127321,71,20
85,7023,5416.42608950453,91,6
57,4069,1572.43627668408,84,27
93,7349,6321.27318192641,93,0
50,2216,671.547181355676,56,6
25,1557,178.717869063091,67,42
76,8899,5819.95020242819,82,6
88,6465,5207.10123523416,97,9
40,8785,1827.17185474234,77,37
64,9305,4478.64302898052,79,15
21,4356,426.742906002654,74,53
25,5670,650.822297744205,83,58
78,2650,1806.54534611221,93,15
20,5304,499.564795019268,78,58
3,8830,449.464875927372,64,61
35,3959,676.684368724919,47,12
49,5337,1559.67549078528,77,28
67,4588,2405.37258970965,88,21
60,1180,502.604674735803,69,9
62,3519,1595.12986349259,74,12
42,8053,1809.57457787622,79,37
58,4009,1601.14060851411,70,12
52,3375,1098.60744957516,54,2
67,6970,3654.19506326858,78,11
20,5645,531.682365739776,84,64
45,2242,564.787194885431,69,24
50,3256,986.713728562312,76,26
54,9840,3435.08114493496,92,38
36,7024,1248.98418210296,71,35
4,7480,391.845930530164,79,75
18,3151,274.425856312793,89,71
25,5360,615.239420795227,73,48
33,1293,204.14620491508,88,55
68,3355,1807.52098499277,83,15
55,1105,399.220217074937,91,36
2,7637,378.649277087127,60,58
52,8540,2779.88373907315,86,34
93,9405,8089.75020764973,94,1
70,8343,4737.29021090288,78,8
60,5908,2516.43086299926,77,17
86,9430,7382.81835104911,86,0
58,5702,2277.30200791905,92,34
39,7312,1462.72657791047,53,14
98,1372,1286.44429529778,98,0
92,2232,1894.51682769766,93,1
10,1346,86.456642795403,62,52
82,7516,5520.4703676772,86,4
20,1465,137.983111746461,80,60
38,5055,972.430528851593,83,45
94,2290,1997.88126249957,94,0
5,4898,264.596379837022,28,23
42,4355,978.603909928094,52,10
15,4264,330.68143578296,78,63
36,8829,1569.94324370545,77,41
52,7328,2385.36159718127,64,12
30,4678,655.423916621645,84,54
56,9598,3587.13919401408,79,23
79,2402,1670.04198441376,82,3
34,6899,1133.39583474474,62,28
69,2910,1610.03816768174,83,14
48,2030,571.890294246698,74,26
35,6226,1064.1669309627,78,43
22,6069,618.510582914064,82,60
9,6628,410.479582595564,65,56
87,4396,3491.72143832781,94,7
50,3445,1043.98918762198,71,21
44,1806,438.062671880615,67,23
26,9193,1098.08917651305,67,41
10,5699,366.059737957654,74,64
2,5336,264.563643123859,40,38
22,4552,463.908415459683,66,44
29,9037,1216.66538824911,86,57
18,4412,384.2484538407,74,56
22,5424,552.776635644403,84,62
29,1504,202.485862999519,84,55
52,2203,717.105840418988,83,31
20,7578,713.744724105584,74,54
52,2221,722.965080150056,84,32
17,3325,278.536705996724,72,55
96,4039,3649.64543834186,99,3
76,6190,4048.26292314086,82,6
53,3919,1321.36549624757,75,22
76,1385,905.790654046864,84,8
28,7905,1022.6393808477,90,62
53,4429,1493.3217103548,93,40
8,6623,395.785515098442,82,74
78,6277,4279.12646699861,82,4
8,8820,527.076588127474,80,72
87,1705,1354.27321482004,88,1
66,6992,3564.95060632306,82,16
17,8767,734.415429014519,50,33
96,6665,6022.50231407489,97,1
30,8203,1149.30363147656,80,50
18,1348,117.39957293229,75,57
78,9454,6444.93573665842,86,8
49,4628,1352.47857810648,61,12
31,7634,1113.08453300849,48,17
55,7939,2868.24371344609,70,15
16,8668,698.579023798311,86,70
13,2447,175.824776756655,75,62
41,5257,1136.60595209539,45,4
14,4345,324.314391110145,75,61
95,1739,1541.5441443117,95,0
44,1554,376.937647897274,64,20
22,9218,939.434923925167,84,62
30,8562,1199.60230314547,79,49
80,5476,3880.2913551928,80,0
60,5094,2169.71882466456,71,11
18,6628,577.243597474197,85,67
10,6744,433.182465833728,78,68
39,5036,1007.42492428298,60,21
53,3733,1258.65205345552,70,17
91,7836,6565.70075247772,93,2
39,6588,1317.89424169505,76,37
62,8036,3642.64381444345,89,27
17,4352,364.568945713606,60,43
22,3909,398.378294383107,84,62
54,7134,2490.43383007785,61,7
1,9319,451.345069074944,80,79
99,3131,2981.90476190476,99,0
55,3956,1429.24450565471,73,18
78,1106,753.977038792491,92,14
77,9537,6370.2351082894,89,12
97,8337,7680.05978265296,98,1
62,7740,3508.46977647988,88,26
82,2521,1851.66388995665,82,0
73,2140,1308.16102200409,76,3
84,1066,809.397269773725,86,2
9,6003,371.772621352018,86,77
37,8192,1515.21913160645,70,33
65,8230,4078.24781975993,95,30
91,9873,8272.48130796485,93,2
31,3199,466.43403472546,86,55
6,1886,105.233186005382,70,64
19,4237,383.720004000528,67,48
41,2428,524.953253126802,92,51
99,5439,5180,99,0
29,6486,873.220284185427,90,61
82,6629,4868.97260076266,83,1
12,7040,487.110576323927,59,47
99,1574,1499.04761904762,99,0
82,7102,5216.38911006432,85,3
17,2521,211.185273930148,71,54
93,9253,7959.00676995034,94,1
17,2725,228.274443260473,32,15
36,5311,944.384252726201,71,35
72,3580,2136.71749503683,74,2
91,1451,1215.77741090418,96,5
33,8567,1352.6067575464,67,34
35,6321,1080.40462104325,79,44
54,6363,2221.28265500215,79,25
9,8724,540.287247821923,41,32
84,5948,4516.22416567929,87,3
71,8885,5174.17349191839,80,9
88,5401,4350.12432660475,88,0
66,6493,3310.52978931001,67,1
87,7893,6269.37154520504,92,5
16,5384,433.912028625993,74,58
13,3535,254.001056736729,67,54
84,9749,7402.2645244128,98,14
3,3765,191.646122068692,77,74
70,3501,1987.924371134,77,7
88,4569,3680.00704466897,92,4
11,2837,189.08753525882,67,56
82,8960,6581.08229036558,85,3
86,4124,3228.71080378861,97,11
25,1048,120.29308078235,75,50
78,4373,2981.14067869762,79,1
52,3205,1043.27018544841,86,34
39,1655,331.07391773001,80,41
68,7016,3779.90081392228,86,18
12,2252,155.820030949074,47,35
45,5442,1370.90629552476,85,40
16,6268,505.156128422683,86,70
76,2653,1735.06325284212,79,3
11,5464,364.178460576029,73,62
1,2496,120.888216805565,74,73
85,3094,2386.21989476392,88,3
57,6290,2430.72602121968,88,31
85,3502,2700.88625451301,85,0
32,2160,327.73848640627,55,23
9,9885,612.189299027935,87,78
25,7101,815.077449079647,69,44
8,2593,154.955736169449,79,71
55,4674,1688.64732543734,89,34
91,6644,5566.9366768073,95,4
84,3499,2656.73644178074,89,5
40,6618,1376.46253098291,69,29
33,6558,1035.41439430247,85,52
92,2454,2082.94995303318,94,2
65,9093,4505.89397631556,75,10
26,6870,820.610534389712,88,62
38,1395,268.356199356671,86,48
85,1856,1431.42344042723,92,7
59,7262,2995.96128549011,81,22
46,4355,1139.06797077967,69,23
74,4149,2595.80177568422,84,10
68,9580,5161.26707488248,91,23
24,4323,476.880526211936,76,52
96,5312,4799.92982631145,96,0
93,7674,6600.82329542839,94,1
40,4904,1019.9716306951,83,43
9,8546,529.26350525976,89,80
64,8591,4134.98358538115,80,16
34,7541,1238.86621101755,90,56
96,8232,7438.44546878687,96,0
95,2556,2265.77736219708,97,2
68,6277,3381.76131827112,88,20
57,6362,2458.54991208261,84,27
39,2595,519.115901214124,80,41
53,7521,2535.84840451083,72,19
67,1028,538.954451225266,74,7
94,6198,5407.36596723683,98,4
34,5598,919.662252920867,81,47
54,7395,2581.54726288558,81,27
15,5674,440.029659153968,75,60
79,9075,6309.58826334508,88,9
67,6170,3234.7752568676,85,18
16,4173,336.314059334374,88,72
57,1265,488.850304744499,74,17
60,4940,2104.12465524989,86,26
87,4818,3826.91398768502,90,3
17,5486,459.564622285121,88,71
36,7413,1318.15486075303,90,54
97,4213,3881.02337343372,97,0
93,9268,7971.9090828812,98,5
38,1998,384.35533069149,51,13
60,4450,1895.41593438502,72,12
40,4960,1031.61894132294,79,39
27,8488,1055.13201136217,80,53
93,7777,6689.41917755364,93,0
84,2153,1634.73951390509,90,6
12,1202,83.1685955598523,77,65
92,9973,8465.06107644659,96,4
51,2155,676.964534572336,77,26
22,7479,762.208049038438,62,40
1,6927,335.493861302944,81,80
75,7355,4706.39583349663,80,5
83,5145,3843.49277804473,84,1
93,2419,2080.71299865015,98,5
85,7233,5578.38671584597,88,3
91,7916,6632.73189849587,94,3
36,5244,932.470536866164,79,43
91,2373,1988.31136876335,92,1
62,5957,2700.25251401688,79,17
12,1011,69.9529535033367,82,70
29,6319,850.736814025241,90,61
1,5776,279.747732479545,67,66
74,6982,4368.25451863756,83,9
9,4274,264.69368376787,22,13
98,7166,6719.13981057134,98,0
88,7440,5992.39492500266,96,8
16,8674,699.062581036751,59,43
19,1252,113.386227285499,77,58
50,9288,2814.6797023608,71,21
33,4663,736.221000401407,62,29
20,2253,212.202014173909,82,62
30,4538,635.808835747975,86,56
47,4453,1208.95349774957,77,30
72,2599,1551.20915351975,79,7
8,2897,173.122548277244,83,75
13,4433,318.525228999694,81,68
5,1993,107.664472236665,88,83
85,9942,7667.67879565058,92,7
44,5658,1372.40232419741,80,36
31,2226,324.564601843974,86,55
31,9441,1376.55633693125,80,49
31,2908,424.004430441274,53,22
20,2312,217.759013213527,76,56
75,7363,4711.51495880838,79,4
87,8591,6823.78955338357,92,5
93,7736,6654.15285554262,98,5
60,5619,2393.33531130549,94,34
52,5321,1732.05636716724,73,21
39,6545,1309.29232117397,53,14
78,7854,5354.19137674162,82,4
41,2403,519.548050767589,72,31
46,1510,394.946644288702,75,29
11,9736,648.909497102529,22,11
80,6648,4710.77007474831,86,6
62,2827,1281.45272068587,73,11
83,1167,871.78932399965,87,4
29,1922,258.761854178907,85,56
31,1355,197.567401391997,63,32
72,6314,3768.50119096719,86,14
86,8614,6743.96577687562,90,4
43,2797,653.073427637536,90,47
82,9264,6804.36901093155,86,4
86,3972,3109.70885369746,93,7
56,1924,719.072286860084,82,26
29,9181,1236.05233257885,72,43
71,2486,1447.72034900497,87,16
28,1915,247.736168794857,73,45
88,2074,1670.46062828703,95,7
39,8113,1622.96235319853,61,22
24,1311,144.619562772114,73,49
70,5506,3126.39576905565,72,2
53,2487,838.539420558229,74,21
8,3164,189.078268121919,88,80
46,5608,1466.79521931857,71,25
96,7388,6675.80601596178,98,2
98,5473,5131.71255697138,99,1
55,8854,3198.8197303,77,22
61,2665,1171.32282054074,86,25
40,1332,277.039602790757,83,43
61,5004,2199.36187391589,66,5
45,8207,2067.44358092093,92,47
15,9051,701.922531724103,64,49
95,5009,4440.24992458731,99,4
51,5262,1652.98718372141,74,23
63,9764,4562.01787777157,69,6
52,6341,2064.07995192774,78,26
48,2873,809.379712005303,72,24
48,2281,642.601852796413,75,27
62,1763,799.151449087083,83,21
51,1254,393.927390419354,80,29
66,1394,710.746731294957,69,3
22,6300,642.052508215291,81,59
48,7872,2217.69477650739,64,16
35,9974,1704.78653540347,51,16
92,2360,2003.16295401724,93,1
55,7557,2730.23274247539,81,26
41,7610,1645.34359814455,58,17
40,8062,1676.79675502934,70,30
14,6183,461.504230203458,41,27
19,2090,189.278925740171,82,63
7,4002,230.957711778317,65,58
8,7312,436.959638592754,89,81
18,1808,157.461741737077,50,32
10,4741,304.525218048296,63,53
26,3733,445.900891539562,76,50
77,6045,4037.75518817337,91,14
29,9768,1315.08105703411,71,42
14,8270,617.279635093417,63,49
7,5447,314.349489269489,83,76
4,8058,422.124934252949,71,67
23,4313,457.287291024192,70,47
84,7618,5784.22926935857,87,3
58,1364,544.763230235284,76,18
19,4283,387.885951648398,73,54
20,6170,581.130238549941,76,56
81,3217,2321.64626029144,88,7
17,8550,716.237243991575,79,62
2,4077,202.141299290849,89,87
48,6217,1751.44924105011,81,33
15,8156,632.513553059527,86,71
31,1413,206.024161008776,82,51
79,2592,1802.14355686947,88,9
92,9901,8403.94763039183,98,6
73,5022,3069.89937032923,84,11
18,2387,207.887819428321,78,60
55,6440,2326.67710222859,71,16
10,1246,80.0334152474533,68,58
35,8315,1421.22518968116,85,50
33,2105,332.349390058967,57,24
33,3013,475.709602017894,82,49
40,7850,1632.70336479538,76,36
77,6231,4161.99380934794,94,17
61,7084,3113.5650509233,92,31
94,8287,7229.88734599735,98,4
92,6459,5482.38538982939,92,0
78,2430,1656.56799662365,91,13
85,4664,3597.06838693566,91,6
72,3950,2357.55142608812,74,2
79,8809,6124.64606190708,86,7
41,3590,776.187058783039,84,43
32,2850,432.432725119384,81,49
11,5587,372.376474970401,65,54
54,2568,896.472396361076,68,14
36,2446,434.939537218657,63,27
34,9321,1531.29186485806,58,24
9,7608,471.172097825446,73,64
72,1731,1033.14468824267,72,0
31,2165,315.670423626327,69,38
42,9261,2081.0219999642,78,36
58,4910,1960.98787423405,86,28
54,8022,2800.42895779149,91,37
58,5844,2334.01489552419,71,13
31,1477,215.355757827291,88,57
75,6849,4382.61115752799,86,11
11,3033,202.151037870991,51,40
53,8275,2790.07386615173,69,16
12,4484,310.256225033592,91,79
23,6663,706.44683980853,80,57
24,3054,336.894084443963,86,62
60,6712,2858.88353968365,69,9
4,3438,180.102447749024,67,63
63,1531,715.326645930793,87,24
44,2514,609.794882119528,66,22
48,2558,720.638114622194,66,18
54,6272,2189.51513628375,61,7
53,3758,1267.08127963724,73,20
40,3657,760.610981535885,81,41
26,4633,553.40445499673,78,52
34,1411,231.804830094917,73,39
44,9030,2190.31335940308,72,28
69,7318,4048.88636120102,77,8
29,4111,553.470334302542,71,42
89,5860,4783.82329491891,90,1
54,5815,2029.97935546716,69,15
89,7173,5855.69359973606,92,3
65,1998,990.077660252775,66,1
86,4020,3147.28841688414,87,1
34,9584,1574.49857663337,63,29
98,5046,4731.33958751646,98,0
1,4206,203.708269184377,66,65
9,7091,439.153699484784,90,81
99,6774,6451.42857142857,99,0
47,6805,1847.50248196403,47,0
98,9472,8881.34137395084,98,0
31,3003,437.856019468758,79,48
4,9673,506.728032890144,82,78
90,4475,3701.42566715072,90,0
20,4088,385.034102948486,42,22
41,3354,725.161948512065,80,39
54,1601,558.898873276512,70,16
39,6761,1352.50196844266,82,43
27,4055,504.071666596796,71,44
12,7774,537.897389253155,20,8
65,9015,4467.24229588527,73,8
27,9587,1191.74724233378,75,48
95,5519,4892.34165178625,96,1
35,1643,280.826576866644,55,20
36,4174,742.20671641483,89,53
5,8121,438.707064241825,78,73
1,3475,168.303907611914,87,86
69,6209,3435.30136877523,81,12
51,4003,1257.48910992717,92,41
38,4181,804.299117928489,87,49
47,2076,563.61721565868,90,43
7,5172,298.47908178847,58,51
76,5118,3347.17441690386,87,11
50,7894,2392.23531120113,53,3
30,6734,943.485390023548,89,59
86,9241,7234.84882100158,92,6
19,1439,130.321710114883,75,56
2,5945,294.758406741256,47,45
28,8102,1048.1245115279,82,54
16,8692,700.513252752068,89,73
87,5789,4598.17456926289,87,0
7,9916,572.258038479209,83,76
5,7176,387.656925624841,88,83
15,4081,316.48943232417,71,56
43,9429,2201.58360714849,73,30
22,8798,896.631423377481,71,49
65,3444,1706.62035130659,79,14
99,5343,5088.57142857143,99,0
82,9417,6916.74686700588,88,6
82,2653,1948.61733441293,85,3
59,4712,1943.95064406904,75,16
93,6814,5861.09068739238,97,4
31,3568,520.23652263221,81,50
54,7738,2701.28637190109,82,28
20,2773,261.178954862072,86,66
88,7929,6386.24991402501,90,2
5,5778,312.135133258129,83,78
70,6821,3873.07401756785,93,23
22,6663,679.046962260077,84,62
10,7322,470.308721060877,57,47
81,2011,1451.29954288035,83,2
45,6629,1669.92609941816,55,10
55,2162,781.098741462457,88,33
97,2192,2019.27444447347,97,0
85,4128,3183.68316922607,90,5
37,8792,1626.19709534716,61,24
87,4732,3758.60460558853,87,0
61,5377,2363.30311671578,79,18
26,6612,789.792846198657,83,57
12,4450,307.903702363846,74,62
49,1380,403.288772209797,91,42
74,6575,4113.61693784617,77,3
25,6186,710.050570343148,80,55
6,6189,345.327777405783,76,70
97,4146,3819.30284981159,98,1
42,9493,2133.15428632546,81,39
73,1219,745.162750384574,87,14
91,1981,1659.85875327442,91,0
55,1668,602.623820887779,91,36
59,7163,2955.11851941141,70,11
43,7792,1819.3593665183,81,38
7,9433,544.383831885274,65,58
28,4041,522.768594308103,66,38
7,8059,465.089505052838,87,80
37,7176,1327.29644633885,73,36
19,3673,332.641863274472,90,71
4,2012,105.400269014263,59,55
74,4110,2571.40161437989,85,11
32,6634,1006.58199945333,82,50
25,1653,189.737082569871,76,51
40,1451,301.790137874916,83,43
40,3346,695.926810013419,89,49
80,9157,6488.64644621996,90,10
3,1350,68.7177330126786,59,56
10,7108,456.563014108265,86,76
76,8449,5525.64998992199,79,3
80,7094,5026.80549191704,86,6
49,2720,794.888014790325,84,35
2,3558,176.408816010999,62,60
97,5008,4613.3788402934,97,0
58,7674,3064.89224987212,69,11
97,3777,3479.37936896728,97,0
30,7877,1103.62851458501,84,54
95,8107,7186.48555372914,95,0
33,5223,824.636990155812,79,46
76,5991,3918.11682916589,95,19
3,2462,125.320784205344,69,66
64,5326,2563.48767032243,74,10
81,5286,3814.80327382673,87,6
57,1552,599.759425267559,83,26
70,6622,3760.07860201353,77,7
44,7501,1819.43970198034,84,40
71,3194,1860.02365033059,83,12
88,3408,2744.90348177541,89,1
70,3500,1987.35655497544,72,2
94,2849,2485.57367548527,94,0
53,3588,1209.7625416015,68,15
47,4865,1320.80816675312,54,7
44,2502,606.884166691749,76,32
48,3160,890.233167398801,76,28
91,6815,5710.21575142109,97,6
12,6393,442.343453755521,67,55
37,4269,789.608212015129,80,43
61,6362,2796.23106351977,61,0
55,3374,1218.97648181976,73,18
84,2526,1917.95262987658,96,12
54,7583,2647.17686199612,81,27
85,1275,983.332374215901,87,2
51,2063,648.063960474584,75,24
62,2060,933.77877771945,72,10
49,9901,2893.45082148493,70,21
13,7650,549.676968609893,78,65
85,1525,1176.14264367,85,0
36,4677,831.64849369242,75,39
18,1264,110.083872541851,25,7
68,4037,2174.95148030277,82,14
34,5080,834.563101971777,81,47
85,2136,1647.37094221582,93,8
29,6924,932.188906521723,58,29
25,7721,886.243202977602,87,62
86,5835,4568.26564988034,98,12
90,2833,2343.27126593028,90,0
14,8530,636.686249981481,69,55
43,2614,610.344633480343,53,10
54,4424,1544.39014077157,71,17
55,4128,1491.38557111796,73,18
5,8372,452.266413228981,66,61
41,9997,2161.43231940224,75,34
24,5912,652.166937535268,86,62
13,9966,716.088976361594,81,68
15,4614,357.82461179704,60,45
66,8394,4279.77622847193,86,20
83,7731,5775.3241335401,89,6
58,2310,922.582889914593,80,22
69,4488,2483.11041118751,75,6
84,7197,5464.57049771248,84,0
99,8430,8028.57142857143,99,0
84,4473,3396.27953817812,87,3
74,6808,4259.39226051053,89,15
63,9394,4389.14337810181,88,25
95,5980,5300.99711499942,95,0
76,6736,4405.34718098172,89,13
56,1195,446.617142826299,68,12
5,3726,201.283403689821,57,52
35,1416,242.027043726821,75,40
45,9301,2343.035548452,81,36
69,5083,2812.31065509494,75,6
55,5818,2101.9576678208,69,14
94,4070,3550.81953640753,96,2
92,1131,959.990381776907,92,0
38,9127,1755.76131292354,57,19
63,8620,4027.50861392779,92,29
13,1598,114.821411220733,75,62
8,8424,503.411924987056,85,77
67,3643,1909.93294339849,89,22
36,5012,891.217072992604,61,25
82,4972,3651.91307451983,94,12
20,7994,752.926276656115,26,6
8,3545,211.846542507017,40,32
83,2496,1864.59824567534,83,0
41,5763,1246.00724784586,80,39
89,1322,1079.21747370014,90,1
71,3145,1831.48853484337,86,15
67,5759,3019.29833132909,83,16
60,6833,2910.42181565232,86,26
26,2470,295.037557488004,77,51
43,1522,355.372812607912,77,34
94,1923,1677.69679816012,95,1
58,2640,1054.38044561668,74,16
20,1262,118.863267593197,83,63
49,8606,2515.00229973733,88,39
12,4552,314.961270373085,88,76
86,5112,4002.22347938103,95,9
80,2717,1925.26508620505,87,7
2,1643,81.4614066065404,50,48
44,4449,1079.14774484876,67,23
55,6877,2484.55876273696,78,23
97,4006,3690.33459149667,98,1
48,6579,1853.43164820149,82,34
38,6387,1228.66741597925,79,41
39,9050,1810.4042026928,72,33
2,9810,486.388556792551,52,50
68,7823,4214.67560822606,68,0
19,5275,477.725518315503,72,53
1,3937,190.679851587944,39,38
8,5104,305.011213809821,83,75
92,2536,2152.55137770666,93,1
95,5961,5284.15448202534,95,0
66,2465,1256.80824436303,83,17
93,2313,1989.53665393874,95,2
28,3615,467.658616288986,67,39
99,6405,6100,99,0
63,1470,686.825714904158,65,2
64,6213,2990.41473821128,69,5
41,7718,1668.69407233635,49,8
12,3612,249.920937738924,82,70
83,4366,3261.55286082474,85,2
2,4993,247.557396948543,74,72
45,9746,2455.13648588466,82,37
18,7211,628.018041850699,44,26
59,9334,3850.77150079381,72,13
53,4155,1400.93739140307,76,23
77,7907,5281.47729907144,91,14
46,9008,2356.07905414081,46,0
45,6374,1605.68848358597,75,30
22,4826,491.832603912221,85,63
13,1228,88.2357277716273,69,56
78,4767,3249.73647732713,82,4
3,9242,470.436510002352,17,14
37,6333,1171.37240728316,83,46
27,2608,324.197017628716,75,48
2,3891,192.91925325992,58,56
16,7585,611.296942260059,71,55
22,3160,322.045385073067,71,49
94,1394,1216.17750215039,97,3
77,6018,4019.72054961577,88,11
29,4326,582.416119239309,91,62
70,8945,5079.11553835866,78,8
9,3753,232.427560875249,81,72
48,8520,2400.2489196955,87,39
98,6043,5666.16827732104,98,0
5,4852,262.111399544555,75,70
77,7792,5204.6630978076,80,3
36,2311,410.934288843956,59,23
22,1394,142.066856579701,87,65
2,1106,54.8364672591806,58,56
8,1943,116.112223438966,90,82
42,7822,1757.66699964582,71,29
61,4157,1827.08779174028,64,3
82,9743,7156.19249498123,86,4
99,7396,7043.80952380952,99,0
47,9787,2657.0913726645,60,13
56,8125,3036.622833024,68,12
94,8175,7132.1743759537,96,2
82,1688,1239.82889577423,86,4
91,9165,7679.25566570423,91,0
58,4147,1656.25594998953,75,17
7,9678,558.522922186545,82,75
76,1559,1019.58673621593,91,15
8,5571,332.918783725414,55,47
90,1061,877.589415161322,94,4
78,5618,3829.87613375788,88,10
67,4951,2595.6843268641,94,27
75,4936,3158.50031735409,83,8
18,6860,597.44886521922,87,69
60,6252,2662.9529037697,81,21
64,3002,1444.90987350881,84,20
79,1301,904.548135604622,91,12
98,3036,2846.67994207292,98,0
12,4992,345.40568139333,90,78
17,9814,822.123077489277,87,70
1,5640,273.160874512575,74,73
88,2363,1903.22973222867,89,1
13,2037,146.364965367105,75,62
4,6397,335.112087914633,60,56
25,4945,567.604279073209,82,57
96,3549,3206.88082710454,96,0
69,1805,998.666286139361,78,9
77,6243,4170.00920426243,77,0
99,9092,8659.04761904762,99,0
37,5752,1063.90874572758,83,46
81,3556,2566.29595946421,94,13
18,1403,122.189614854601,38,20
46,7286,1905.68294721025,79,33
57,5240,2024.96094613532,72,15
24,8902,982.001028068159,50,26
81,1435,1035.6115584452,83,2
64,9022,4342.43067248385,67,3
0,3223,208.3094940955,42,42
13,4073,292.658077535699,60,47
49,1911,558.46727803835,61,12
46,2815,736.274704419004,52,6
40,2800,582.365531391982,87,47
10,1494,95.9630195663686,81,71
37,5457,1009.34458022173,88,51
75,4519,2891.66591047876,93,18
1,5876,284.591010396434,75,74
76,2881,1884.17536051192,96,20
95,4246,3763.885242523,98,3
82,3009,2210.09783612835,85,3
90,3583,2963.62193640247,93,3
58,8720,3482.65056279448,77,19
46,4410,1153.45344457826,70,24
99,1032,982.857142857143,99,0
21,2804,274.698601568283,90,69
96,7521,6795.98498186906,96,0
52,3671,1194.95939181939,87,35
63,3278,1531.57462139852,77,14
44,3507,850.656583768172,87,43
41,8062,1743.06965679913,81,40
79,5168,3593.1627707953,83,4
27,4950,615.327928398062,35,8
38,8247,1586.47568178815,71,33
57,8653,3343.89066162383,76,19
34,5909,970.75460030536,89,55
32,5120,776.861597407455,88,56
41,4740,1024.82636730685,91,50
58,5677,2267.31734460829,77,19
13,3440,247.175002878174,81,68
86,4305,3370.41707330503,89,3
88,4006,3226.55027816675,92,4
29,7341,988.330266143265,30,1
61,9130,4012.8245221527,83,22
84,6724,5105.42893241888,96,12
93,8294,7134.11889657064,96,3
77,1786,1192.95794310631,86,9
42,4245,953.886015532666,89,47
98,4611,4323.46548514435,98,0
65,8830,4375.56843845446,76,11
80,6954,4927.60154930802,87,7
12,1958,135.477629040092,81,69
18,5698,496.248343151475,31,13
37,3140,580.784676909699,71,34
64,4359,2098.05534264654,70,6
25,6741,773.755398429221,84,59
38,7754,1491.63725434525,89,51
81,5751,4150.38471959468,85,4
17,8300,695.294634518137,70,53
83,1685,1258.75322274157,84,1
93,4943,4251.74218781633,94,1
34,7155,1175.45255799371,68,34
69,2751,1522.06701006614,88,19
99,8648,8236.19047619048,99,0
63,8551,3995.26985588126,70,7
61,9735,4278.73458084956,81,20
18,8391,730.78621400211,72,54
52,8333,2712.50248216588,90,38
55,9058,3272.52192422152,75,20
16,2569,207.043090924996,68,52
1,4655,225.454587031212,60,59
26,2551,304.712878199149,65,39
90,9463,7827.17119290442,95,5
55,2874,1038.33384965916,74,19
53,8664,2921.2326255394,63,10
69,3335,1845.18119904419,70,1
84,3904,2964.24666153529,89,5
76,5427,3549.26056282479,79,3
5,4948,267.297445372312,63,58
50,2604,789.128547044306,57,7
51,9178,2883.14640292571,74,23
48,1307,368.207199300707,77,29
42,3333,748.952200181478,57,15
54,1759,614.055664018354,82,28
3,7277,370.414031950564,87,84
29,5029,677.062104404642,86,57
28,6161,797.02482294784,80,52
91,1569,1314.64835128095,94,3
85,6235,4808.68812018521,85,0
26,5829,696.264745990921,62,36
16,1254,101.063462833766,46,30
8,2638,157.644902435405,59,51
8,2247,134.279035546761,72,64
51,3258,1023.45728707038,63,12
86,5088,3983.43369778769,86,0
93,7987,6870.05155858569,93,0
98,3139,2943.25702838172,98,0
89,7666,6258.15518410381,89,0
46,2536,663.301119149767,79,33
88,4343,3497.97999452776,88,0
29,2737,368.486573822928,82,53
33,6542,1032.88822316663,77,44
68,4660,2510.59546648772,89,21
86,5886,4608.19393576618,88,2
33,9687,1529.43873705521,79,46
32,8477,1286.22182836387,63,31
69,3143,1738.95187664045,70,1
48,5992,1688.06238577646,57,9
95,5096,4517.37145452124,95,0
80,8365,5927.43557088893,92,12
64,4010,1930.07614682556,67,3
45,8903,2242.77448530999,93,48
7,4671,269.566084886687,81,74
69,7541,4172.2672929512,73,4
13,3890,279.508942208168,75,62
39,4155,831.185575932442,78,39
99,8888,8464.7619047619,99,0
73,6346,3879.24759141961,93,20
73,5007,3060.73001737126,89,16
82,3435,2522.99304323725,83,1
92,2010,1706.08370236214,92,0
82,8909,6543.62300500747,82,0
81,3561,2569.90436210688,84,3
54,9246,3227.71953923462,58,4
0,5745,371.311834805662,73,73
20,9330,878.759339654935,89,69
18,1623,141.349782543848,90,72
39,8379,1676.17423363127,85,46
58,5900,2356.3805413403,71,13
29,3300,444.284140889903,41,12
7,2328,134.350213148406,68,61
67,7320,3837.69122856901,86,19
51,2567,806.388844662267,69,18
99,4161,3962.85714285714,99,0
54,3016,1052.86633466706,68,14
25,4001,459.24867958987,26,1
12,4958,343.053158723584,89,77
98,2886,2706.03369987565,98,0
76,1892,1237.36889347052,77,1
60,2888,1230.10364460763,85,25
5,2260,122.088162195114,35,30
14,9318,695.503221257613,71,57
73,2669,1631.53353632193,85,12
9,3985,246.795584888854,88,79
96,7065,6383.94281304413,96,0
50,5780,1751.59869505226,68,18
56,7897,2951.41052460191,87,31
8,7680,458.951042723242,86,78
70,4405,2501.23017847623,80,10
12,7356,508.975198783922,78,66
60,6641,2828.6420719665,71,11
56,6652,2486.10647203393,71,15
83,2273,1698.0095402324,92,9
83,4560,3406.47756421457,86,3
23,1326,140.589600718312,78,55
22,3255,331.727129244567,75,53
63,2879,1345.15049878168,90,27
65,6005,2975.68385876773,83,18
84,8341,6333.19195795745,95,11
19,1369,123.982224563777,86,67
65,4061,2012.36505419746,86,21
30,8051,1128.00725795658,57,27
14,8591,641.239340397527,86,72
5,9483,512.284089423128,60,55
99,6446,6139.04761904762,99,0
81,3793,2737.33424472659,86,5
48,4673,1316.47455419449,78,30
11,6117,407.701252442088,65,54
50,4558,1381.27800208446,73,23
47,3253,883.163199680966,77,30
58,4893,1954.19830318273,71,13
77,1197,799.535642720186,80,3
83,5780,4317.85971955268,87,4
55,1920,693.667707496724,72,17
73,8076,4936.77963257245,88,15
8,1240,74.1014704396902,73,65
96,5916,5345.704979755,97,1
13,3446,247.606122069241,81,68
34,5232,859.534281400854,71,37
60,1267,539.661121093443,68,8
93,4222,3631.57101293963,94,1
60,1983,844.631415255168,90,30
70,1064,604.156392712534,73,3
52,2922,951.149916343297,76,24
34,1122,184.326732364633,43,9
99,2961,2820,99,0
15,1713,132.846458606053,47,32
6,7836,437.225474834661,73,67
15,9016,699.208214122695,76,61
26,6123,731.382576720263,89,63
54,4401,1536.3609876889,76,22
64,8428,4056.52911856505,90,26
26,3632,433.836602751591,75,49
98,8956,8397.5183007922,98,0
2,3937,195.199974321333,60,58
19,2766,250.500243347996,41,22
24,6324,697.615648337793,62,38
39,7386,1477.52988299326,51,12
99,2037,1940,99,0
74,7789,4873.15016408879,88,14
30,5870,822.432319488896,68,38
46,5934,1552.06184583388,87,41
50,9003,2728.3119466359,77,27
51,1088,341.780702373411,61,10
56,8921,3334.11843611165,64,8
89,3759,3068.66753679184,89,0
23,3434,364.091017244859,87,64
16,6824,549.96576585137,80,64
51,5248,1648.58927027175,76,25
84,2144,1627.9059534661,87,3
21,7552,739.844450443535,55,34
1,4977,241.049941923596,61,60
25,6343,728.071575765695,64,39
36,7017,1247.73946552057,56,20
87,2078,1650.54530228507,96,9
86,6042,4730.32751612288,89,3
18,7449,648.745859623611,77,59
11,2349,156.562079775456,90,79
99,4616,4396.19047619048,99,0
21,7322,717.312111513184,80,59
36,6053,1076.32421045974,92,56
29,2272,305.882899424806,83,54
45,4118,1037.37451763524,70,25
43,4911,1146.67272189058,80,37
95,5357,4748.73604432306,97,2
73,5922,3620.06054780759,96,23
23,3383,358.683724909539,64,41
81,5611,4049.34944560003,82,1
3,1419,72.2299726999932,62,59
35,2134,364.749796125026,76,41
30,1055,147.813645155159,81,51
41,4261,921.262690104326,47,6
14,1928,143.907513477643,85,71
58,1332,531.982861197506,82,24
85,2191,1689.78920149572,86,1
51,2910,914.137724178885,78,27
60,6649,2832.04956128674,89,29
27,4020,499.720863062668,72,45
87,2298,1825.29023322959,87,0
97,5860,5398.24281232414,98,1
67,5366,2813.25835143461,87,20
92,2349,1993.82617753665,95,3
53,9949,3354.49485128018,76,23
24,1614,178.044221444845,62,38
10,7662,492.147694723906,83,73
72,7657,4570.06867583715,85,13
43,1331,310.776093023082,90,47
11,6194,412.833342754012,88,77
39,6231,1246.47829690374,57,18
17,1478,123.812707206965,72,55
18,2622,228.354362187288,74,56
44,6543,1587.06758699605,75,31
73,3446,2106.50601954491,81,8
44,1291,313.144468105135,66,22
52,3135,1020.48425316093,80,28
52,4923,1602.50206644697,76,24
24,2179,240.370730191027,88,64
96,2084,1883.10499962972,96,0
48,9114,2567.59021761794,70,22
43,9199,2147.88075110393,79,36
90,9595,7936.35291090752,90,0
80,9771,6923.72659451951,81,1
72,6754,4031.11451437953,81,9
3,6349,323.176953257404,48,45
19,8198,742.444322113837,81,62
42,6122,1375.66317717102,72,30
48,1721,484.839013004221,79,31
51,1094,343.665522423265,78,27
21,5467,535.583899705351,52,31
37,5738,1061.31925990696,75,38
90,8133,6727.08267060041,91,1
20,4651,438.061059885863,84,64
42,1161,260.886139937203,82,40
41,5454,1179.19894668599,79,38
39,3469,693.954936921694,85,46
63,6145,2871.11837965038,83,20
4,3862,202.314035255012,78,74
54,6965,2431.43700960082,77,23
16,5647,455.107954244239,58,42
82,6904,5070.95894337991,90,8
13,1971,141.622654265373,67,54
2,7302,362.039678052926,80,78
49,5477,1600.58884448772,70,21
0,2475,159.96462857163,66,66
43,2427,566.681876609332,89,46
63,9803,4580.23978449351,76,13
68,2841,1530.60122753039,70,2
34,9211,1513.22061658701,58,24
39,3830,766.171060366125,64,25
73,4233,2587.59140473987,88,15
81,4717,3404.16705309131,90,9
72,2945,1757.71872147583,79,7
66,1757,895.82640379142,74,8
70,6108,3468.22109651142,75,5
29,6667,897.588596155449,78,49
64,1618,778.768879192958,82,18
15,6038,468.25856220861,78,63
15,2032,157.5855247446,56,41
97,4095,3772.32155571115,98,1
1,5679,275.049752900162,90,89
27,1699,211.200434413799,65,38
94,5891,5139.52773684933,95,1
85,2418,1864.86092616004,95,10
35,2500,427.307633698484,59,24
37,4465,825.86101350376,62,25
81,3645,2630.52552650367,83,2
77,2581,1723.97785619115,91,14
97,1784,1643.42409167001,98,1
63,3175,1483.45009851748,63,0
10,7730,496.515489456512,82,72
79,5167,3592.46749936132,80,1
51,3600,1130.89202991202,65,14
89,5831,4760.14908407375,91,2
47,8537,2317.72647884304,88,41
30,2072,290.303196930323,64,34
18,3541,308.391608125548,87,69
23,1152,122.14119157428,37,14
13,9073,651.924070091185,58,45
1,1115,54.0025487733193,77,76
61,6140,2698.65745520455,73,12
50,6544,1983.12488934637,78,28
16,3705,298.596594736126,46,30
71,3179,1851.28841089573,81,10
33,8838,1395.39378115969,46,13
77,2939,1963.10380447337,93,16
9,6080,376.541318977223,81,72
1,7932,384.168804367685,74,73
67,6819,3575.0295748104,88,21
10,5465,351.029385495451,76,66
67,5824,3053.37619059917,91,24
97,6933,6386.69239212343,98,1
5,4791,258.816099591501,72,67
7,8828,509.468935427033,73,66
86,3125,2446.5861449659,87,1
78,2358,1607.48450042739,85,7
95,4289,3802.00278030644,96,1
98,3882,3639.92474806558,98,0
58,6446,2574.44558804739,74,16
56,1166,435.778735176121,72,16
51,4078,1281.04936055034,79,28
73,3285,2008.088297796,75,2
55,5350,1932.87616411848,80,25
46,3493,913.608363245322,59,13
95,7401,6560.64877058707,97,2
25,7050,809.22349190417,85,60
33,3216,507.760398303866,72,39
45,2067,520.702556569218,70,25
45,2043,514.656663314423,73,28
29,8606,1158.63918681773,86,57
74,6829,4272.53080890517,88,14
48,4243,1195.33523078263,84,36
0,4873,314.95257980992,88,88
1,3535,171.209874362048,74,73
13,7680,551.832564565226,40,27
73,1220,745.774040581772,88,15
38,5747,1105.55059333533,75,37
16,7241,583.572993922886,70,54
58,6786,2710.23700907378,78,20
77,8092,5405.0479706698,83,6
85,3673,2832.76847881961,94,9
40,1946,404.744044317428,64,24
4,5099,267.11529408734,88,84
47,8171,2218.36043793212,62,15
18,3911,340.615526512007,84,66
37,6874,1271.4375379227,62,25
58,8483,3387.99595460844,72,14
57,3323,1284.14985190986,90,33
19,6167,558.508677052456,70,51
31,6235,909.101658803764,75,44
29,4632,623.613375940009,81,52
27,9602,1193.61187241984,74,47
60,6693,2850.79075254808,81,21
99,3001,2858.09523809524,99,0
69,9025,4993.3314306968,83,14
50,2249,681.547658334349,62,12
96,9053,8180.30209292123,96,0
8,8370,500.184925467909,63,55
59,6076,2506.67319893113,82,23
80,8611,6101.75107004478,88,8
48,1074,302.566589172884,91,43
35,3492,596.863302750043,83,48
65,3185,1578.27695090345,70,5
60,2689,1145.34234776659,88,28
33,7885,1244.92871288121,83,50
1,4028,195.087234492314,74,73
96,8324,7521.5767835498,97,1
6,8743,487.833374997377,26,20
79,4745,3299.06295422285,81,2
99,9855,9385.71428571428,99,0
90,2255,1865.18768255304,96,6
19,9200,833.189529573957,74,55
30,4623,647.717991992703,73,43
5,7453,402.620828690349,84,79
95,3055,2708.1180913584,97,2
48,3140,884.598780263366,87,39
14,7390,551.59570777997,81,67
41,3457,747.431382232024,85,44
85,2420,1866.40340831567,92,7
67,3092,1621.05755173981,73,6
0,9618,621.632241455328,75,75
90,6697,5539.31792020299,97,7
32,5952,903.101606986166,58,26
18,8183,712.671146368641,72,54
91,7723,6471.01925872709,94,3
42,5018,1127.58540069327,73,31
37,7211,1333.7701608904,91,54
99,2601,2477.14285714286,99,0
38,7606,1463.16648910885,84,46
98,6474,6070.29181323456,99,1
72,4608,2750.27771428204,87,15
80,3899,2762.8298016612,85,5
52,3428,1115.85965544997,74,22
53,9936,3350.11165366569,75,22
22,5930,604.34466249471,68,46
81,5052,3645.93003014995,85,4
33,6889,1087.67455967517,41,8
91,1736,1454.57586859384,97,6
67,8987,4711.65725015707,79,12
18,1228,106.948572374519,73,55
41,9674,2091.5971049212,64,23
69,7635,4224.27539871137,91,22
42,2879,646.934708767619,83,41
2,6492,321.879155015009,73,71
30,5235,733.463916954748,85,55
89,6737,5499.76408496053,89,0
92,1069,907.364914340861,97,5
97,1592,1466.55333740956,97,0
13,3011,216.349980716914,82,69
93,1462,1257.54543366123,93,0
66,4376,2231.15329709235,71,5
34,7973,1309.83693150019,77,43
93,4436,3815.64401075324,94,1
33,8644,1364.76395613763,65,32
76,7755,5071.7736621902,90,14
58,5696,2274.90568872447,77,19
54,6885,2403.5095206176,82,28
70,5964,3386.45556967815,77,7
86,4534,3549.70290600813,88,2
16,5666,456.63921883263,76,60
19,6806,616.379123726125,69,50
65,3668,1817.62004895254,85,20
36,7504,1334.33617632412,81,45
5,9525,514.552984472772,89,84
22,8706,887.255418495607,68,46
37,5765,1066.31326827529,59,22
38,4230,813.725249662164,66,28
79,5613,3902.55855891525,90,11
95,7716,6839.88189620995,96,1
12,4347,300.776942511379,58,46
6,5656,315.58796396948,90,84
1,6890,333.701848473695,58,57
64,8935,4300.55620246544,89,25
33,8188,1292.76807876619,65,32
5,8873,479.331089892589,68,63
37,8095,1497.27769413504,73,36
48,7277,2050.07175922819,67,19
50,3606,1092.77939348762,54,4
62,4719,2139.07866604761,79,17
25,2743,314.851069261438,85,60
46,1547,404.624144844121,87,41
43,6219,1452.0785293092,45,2
5,8332,450.105560800749,67,62
15,2363,183.255214060773,80,65
95,8536,7566.77447719649,95,0
23,4992,529.278496821879,91,68
76,4347,2842.9400528099,82,6
31,1971,287.384020770204,60,29
2,9370,464.572964031214,78,76
22,6549,667.428869254276,47,25
0,8077,522.034062615376,40,40
65,4201,2081.73986522618,81,16
47,9646,2618.81101264144,92,45
27,8574,1065.82255718889,72,45
30,9346,1309.44675603803,74,44
67,7843,4111.88692700366,76,9
19,1439,130.321710114883,87,68
3,7912,402.73681747875,57,54
71,4358,2537.87823047612,82,11
92,8084,6861.68191537092,93,1
19,1252,113.386227285499,72,53
81,5490,3962.02610164751,87,6
69,9021,4991.11831981339,79,10
59,7464,3079.29703041836,92,33
44,6001,1455.60027350807,68,24
80,6375,4517.32238666072,94,14
79,8063,5605.97357215993,85,6
58,9166,3660.77695625851,62,4
21,6092,596.813081581305,81,60
10,8740,561.390087690804,87,77
95,7439,6594.33403653523,95,0
46,4717,1233.75054378133,84,38
29,5825,784.228824449601,83,54
70,3103,1761.93354002537,78,8
6,5732,319.828537742761,78,72
58,7922,3163.9401099149,72,14
71,6799,3959.39286117649,72,1
78,5866,3998.94150954499,78,0
20,7723,727.401755643629,66,46
67,7428,3894.31290243315,85,18
95,1451,1286.24528659936,96,1
33,6312,996.574513088931,75,42
37,8204,1517.43869088127,66,29
99,5745,5471.42857142857,99,0
3,3035,154.487644217392,59,56
49,7550,2206.39871752462,91,42
19,8519,771.515391569624,58,39
19,1778,161.022932998097,86,67
76,3737,2443.99976474594,76,0
29,8973,1208.048968547,63,34
19,4429,401.108307226419,68,49
78,9656,6582.64221209792,80,2
86,4631,3625.64493994787,97,11
63,6362,2972.5069375648,83,20
2,5102,252.961714246238,86,84
80,7110,5038.14308535808,92,12
33,1514,239.038943728872,54,21
35,5797,990.840941020045,76,41
5,9215,497.806378153973,74,69
17,7575,634.561067045168,73,56
93,7903,6797.79860617287,93,0
11,6904,460.155214461366,74,63
36,3135,557.455212256946,66,30
4,6329,331.549852182541,80,76
39,7140,1428.31889582615,87,48
0,6642,429.28689413041,84,84
48,3500,986.017748701204,54,6
66,2396,1221.627810748,80,14
54,1172,409.137713604043,57,3
26,8777,1048.39864051507,88,62
95,5786,5129.02496779041,96,1
15,4823,374.032965474019,45,30
33,9703,1531.96490819105,86,53
22,1216,123.926325395205,52,30
93,1820,1565.48063561111,93,0
26,7341,876.870732598963,85,59
31,6912,1007.81245639962,90,59
94,9005,7856.29727895573,95,1
18,8626,751.252756761078,54,36
28,3503,453.169607983491,82,54
64,4413,2124.0463930028,77,13
9,3290,203.75344398603,76,67
33,3267,515.812568799356,92,59
49,9429,2755.51437185955,87,38
62,8451,3830.75944199373,91,29
40,1322,274.959725892929,66,26
67,1388,727.693364105709,71,4
58,7355,2937.48794602677,88,30
62,7819,3544.27973931475,71,9
65,3793,1879.5618445139,92,27
45,2377,598.795344443653,79,34
6,7295,407.039285211696,80,74
45,7703,1940.47982257024,74,29
49,3735,1091.50982913304,62,13
7,8522,491.809500193608,77,70
14,7856,586.3783329255,60,46
93,2504,2153.82610525837,93,0
88,1839,1481.18471331719,89,1
22,5733,584.267782475915,77,55
48,2316,652.462030283425,87,39
45,5780,1456.05262552979,78,33
92,3701,3141.40088678721,95,3
87,8724,6929.43080709094,88,1
17,4072,341.113223103356,86,69
56,8734,3264.22939367774,67,11
30,3837,537.593323659096,89,59
96,9985,9022.45845551955,97,1
33,1740,274.721111022614,55,22
37,8430,1559.24039055693,67,30
64,3590,1727.92353294358,75,11
47,3506,951.85065419043,77,30
10,5500,353.277515137234,61,51
95,8518,7550.81829858947,98,3
22,9407,958.696499171626,75,53
69,9355,5175.91307857824,83,14
67,5066,2655.97592403424,74,7
66,5840,2977.59032335907,81,15
69,6119,3385.50637389848,80,11
25,7931,910.347732523684,83,58
70,5530,3140.02335686119,82,12
58,5328,2127.93144479002,72,14
77,1390,928.449910928203,90,13
26,4904,585.774972437721,73,47
34,4940,811.563331444995,66,32
87,1747,1387.63361072763,88,1
86,2464,1929.08424358272,92,6
53,1352,455.852551907811,83,30
11,3306,220.346630795086,73,62
1,3473,168.207042053577,79,78
16,5494,442.777244664043,88,72
14,7990,596.380203675502,72,58
29,2566,345.464577431361,52,23
48,6485,1826.95002866495,64,16
42,4426,994.558187219689,75,33
93,2294,1973.19372422631,97,4
18,4082,355.508202306831,56,38
95,3301,2926.18586565436,96,1
68,6777,3651.1385142462,70,2
64,5141,2474.44425706489,87,23
74,6371,3985.98532486965,93,19
56,3691,1379.46767713127,70,14
41,2905,628.084514140593,64,23
84,7972,6053.01597995885,91,7
78,4277,2915.69601710261,91,13
4,2822,147.832782881835,79,75
44,6663,1616.17474127383,81,37
48,8233,2319.395464302,79,31
46,9902,2589.90839188525,86,40
18,5560,484.229692510039,86,68
89,7551,6164.27469282128,89,0
80,3528,2499.9393537473,87,7
38,2548,490.15885015111,72,34
77,3225,2154.13738326867,91,14
31,8094,1180.15538514157,70,39
62,2379,1078.37850106533,82,20
11,3333,222.146194930436,59,48
94,5080,4431.98114126542,96,2
56,1197,447.364619215967,76,20
46,2993,782.831328712639,71,25
64,2745,1321.21172644294,83,19
76,8274,5411.19990728069,78,2
97,9848,9071.9957706089,97,0
85,5706,4400.70159002034,97,12
91,3847,3223.36023414775,91,0
38,8133,1564.5454977547,70,32
19,3168,286.907003227206,88,69
59,5531,2281.83170890193,88,29
46,6176,1615.3579305477,91,45
71,2012,1171.68678286323,94,23
41,1294,279.773274112884,68,27
68,8147,4389.23203121791,87,19
46,9095,2378.8342581495,74,28
5,2919,157.688205950239,67,62
15,5616,435.531647128777,69,54
63,4232,1977.31049352,65,2
95,4749,4209.77178915255,96,1
57,8541,3300.60905361483,67,10
83,7378,5511.62093613489,94,11
32,4522,686.126590522756,53,21
65,6239,3091.63890005859,89,24
17,2778,232.714276468842,90,73
18,2544,221.561211824737,65,47
57,8912,3443.97938014464,88,31
6,1961,109.417962755331,86,80
37,4489,830.300132053388,89,52
45,3386,852.974773363992,73,28
51,8462,2658.2245436432,70,19
15,8847,686.101937704468,84,69
58,8337,3329.68552087358,69,11
8,4926,294.374067246705,72,64
14,7266,542.340245294893,80,66
31,2701,393.82254698139,73,42
69,6399,3540.42413573727,88,19
35,8062,1377.98165715087,53,18
97,4392,4045.91850370779,99,2
13,2118,152.185074446504,83,70
72,5925,3536.32713913218,91,19
76,8033,5253.58579347181,82,6
91,8098,6785.22775568716,92,1
54,7137,2491.48111091472,64,10
2,2922,144.875368292338,88,86
81,3334,2406.08288212983,86,5
87,4936,3920.64081428254,95,8
8,2030,121.311278219815,66,58
84,9926,7536.65787971294,84,0
91,3220,2698.00362723051,91,0
6,4193,233.95691883381,81,75
14,4765,355.663538237017,59,45
51,7916,2486.70591910655,88,37
42,2851,640.642881103328,78,36
23,2092,221.805011088015,88,65
44,6931,1681.18071916088,57,13
11,4258,283.797929197059,78,67
46,4622,1208.90290722012,80,34
74,2503,1565.98983960897,80,6
96,3492,3155.37555600143,98,2
93,1540,1324.63746090171,95,2
33,9437,1489.96731305771,85,52
24,9065,999.98195006042,78,54
93,5113,4397.96840103276,96,3
53,7271,2451.55614269356,84,31
34,8949,1470.1781888869,46,12
9,4920,304.7011989092,85,76
59,3051,1258.69979097085,92,33
62,6316,2862.98386411459,76,14
62,2515,1140.02603202156,64,2
60,2336,994.986881510878,92,32
84,9132,6933.78599209537,90,6
25,3418,392.329914230986,85,60
18,8431,734.269880854701,77,59
52,1644,535.143895437502,79,27
14,7098,529.800586444144,61,47
8,4349,259.892979792107,80,72
16,8526,687.13483582192,88,72
79,1221,848.926420886428,84,5
29,2089,281.245324339093,80,51
8,5936,354.730910104839,60,52
49,6344,1853.95939920214,63,14
28,4449,575.549981706694,74,46
74,5523,3455.43822779078,83,9
85,2164,1668.96569239467,92,7
51,3304,1037.90757411926,70,19
99,5184,4937.14285714286,99,0
41,1268,274.151863659302,51,10
28,1700,219.922447494129,91,63
86,2379,1862.53710043964,87,1
26,8272,988.07719657521,89,63
57,6025,2328.31864512696,87,30
95,4659,4129.99089611744,97,2
73,1466,896.151429092523,73,0
35,7288,1245.68721375782,44,9
36,6062,1077.92456035139,85,49
63,4333,2024.50055964607,87,24
21,9704,950.668769478822,57,36
2,1506,74.6688243149421,55,53
68,2143,1154.55066194918,94,26
33,9899,1562.91050460509,36,3
10,9006,578.47587296835,73,63
43,6884,1607.34983048152,55,12
16,1656,133.461797809184,63,47
2,9353,463.730088856344,74,72
60,6449,2746.86232828067,91,31
65,9093,4505.89397631556,73,8
96,3611,3262.90410444478,96,0
22,1169,119.136409857726,72,50
16,9234,744.19458995773,87,71
5,2901,156.715822357534,88,83
12,8274,572.49331086707,84,72
41,6073,1313.03175710011,74,33
12,2985,206.537652035074,57,45
0,1600,103.411477056407,81,81
85,6861,5291.48503489827,88,3
20,4318,406.696980560558,76,56
71,3499,2037.64018550618,71,0
41,5310,1148.06498109692,85,44
83,6361,4751.88679516862,84,1
91,5766,4831.26984925811,94,3
85,1473,1136.03810762355,85,0
28,1482,191.720627756647,77,49
81,7093,5118.8799888863,83,2
49,2055,600.54958470372,79,30
66,6153,3137.17692801856,74,8
89,2758,2251.4990865847,90,1
27,7475,929.207326217275,65,38
59,9578,3951.43447981606,72,13
12,4070,281.61080193727,78,66
43,8575,2002.18256774826,51,8
95,3671,3254.17398146536,96,1
17,3627,303.835378240637,79,62
87,2521,2002.41804959609,89,2
38,6927,1332.54723508506,77,39
67,1359,712.489396123673,81,14
69,9361,5179.23274490336,80,11
4,4197,219.863284817526,67,63
44,6760,1639.70302431504,49,5
36,5461,971.056750920313,84,48
42,3408,765.805309996543,83,41
65,1183,586.217153192709,81,16
17,6727,563.523735711266,54,37
90,8018,6631.96223446134,90,0
41,3728,806.023775805897,78,37
23,8002,848.414769945649,69,46
93,1018,875.636970907754,96,3
3,7293,371.228464341826,76,73
77,9819,6558.59688877987,85,8
96,4075,3682.17508324909,99,3
6,8613,480.579761964132,78,72
32,6687,1014.62373083274,80,48
88,9603,7734.53877215061,92,4
71,4285,2495.36673189311,84,13
76,4162,2721.94996544624,92,16
36,8556,1521.39929699216,84,48
80,5629,3988.70709247266,80,0
1,3955,191.551641612985,64,63
88,6862,5526.85671711939,91,3
7,3690,212.952013108943,87,80
40,8700,1809.4929011108,72,32
26,3857,460.712493615883,70,44
25,1072,123.047884159045,30,5
74,9377,5866.67468078837,77,3
68,7728,4163.49394099079,72,4
81,6294,4542.25724658824,88,7
89,8715,7114.50853502019,94,5
4,4486,235.002786678919,8,4
91,3970,3326.42062115066,91,0
3,5429,276.347090759875,70,67
20,1985,186.960052434624,70,50
2,6058,300.361047609508,84,82
11,4672,311.391245939093,77,66
5,1048,56.6143336196814,78,73
21,8495,832.227040057976,85,64
89,4769,3893.18315588196,89,0
41,3099,670.028884448089,71,30
64,3917,1885.31378232313,75,11
86,2271,1777.98308326962,91,5
20,8797,828.557975449567,68,48
46,3408,891.376267374766,49,3
45,6795,1711.74352776383,77,32
73,5475,3346.81382966,73,0
24,9238,1019.06599610129,77,53
41,9323,2015.70806379785,71,30
2,6289,311.81423380921,56,54
79,9024,6274.12942021223,90,11
20,1015,95.5992207663193,42,22
33,6665,1052.3081637734,83,50
96,8230,7436.63826629203,98,2
80,7423,5259.93475704824,88,8
91,5304,4444.1649810033,95,4
30,9873,1383.28352475534,80,50
5,9538,515.255261511948,86,81
43,3978,928.825918892427,87,44
88,7755,6246.10519400479,92,4
20,8507,801.243912373476,81,61
72,6669,3980.38239508397,90,18
88,8417,6779.29947362196,88,0
32,4104,622.703124171913,68,36
36,1283,228.138767886973,83,47
71,4891,2848.27040506166,74,3
59,9231,3808.27852194426,89,30
66,3420,1743.72584004932,78,12
58,2571,1026.82277487897,70,12
80,1030,729.85757776636,83,3
59,3822,1576.77830255346,67,8
8,7640,456.560672709059,75,67
30,4733,663.129841250587,61,31
52,6857,2232.04482421834,85,33
79,2230,1550.45529776964,86,7
45,4955,1248.22504489621,76,31
66,4518,2303.55360974937,84,18
40,4765,991.061341815284,83,43
76,9770,6389.58461374575,85,9
62,4685,2123.66678330856,79,17
32,4488,680.967743977472,48,16
41,4037,872.832076965774,55,14
84,6572,4990.01768944927,86,2
85,1434,1105.95970558871,85,0
60,6572,2799.25247657941,72,12
58,5500,2196.62592836808,79,21
69,1379,762.969977056055,69,0
59,1941,800.765747058152,66,7
80,6014,4261.51793464746,83,3
39,2129,425.895088125191,73,34
1,2233,108.150395884145,83,82
37,3948,730.235001413851,88,51
83,6340,4736.19906954394,92,9
24,7452,822.048041020436,78,54
9,1611,99.771063301366,61,52
86,2545,1992.49975646023,93,7
99,9616,9158.09523809524,99,0
59,6754,2786.38426359132,71,12
16,1086,87.5238601574719,88,72
51,3586,1126.49411646236,79,28
37,7894,1460.1000762819,81,44
75,3056,1955.50586909119,89,14
64,6494,3125.66446321327,71,7
7,9278,535.438693123245,81,74
77,3258,2176.17971928351,85,8
65,6808,3373.5979534539,66,1
70,6707,3808.34297549151,75,5
93,6666,5733.78786647455,93,0
32,6217,943.310263883232,64,32
45,4093,1031.07671216149,66,21
57,1169,451.751783593928,87,30
86,2012,1575.21002357485,90,4
69,1538,850.941134671655,71,2
99,7092,6754.28571428571,99,0
24,5246,578.698875898176,65,41
99,3055,2909.52380952381,99,0
28,8124,1050.97056673077,85,57
93,6065,5216.83519504472,98,5
82,6214,4564.15684735845,87,5
44,3077,746.35594760612,76,32
28,5437,703.363733544458,74,46
40,5727,1191.14549938639,61,21
18,8726,759.961923892553,88,70
36,8101,1440.49271913669,68,32
35,4984,851.880498541298,79,44
14,6674,498.152876011302,69,55
29,3611,486.15455537983,70,41
50,7045,2134.95031256802,81,31
67,8880,4655.55985105093,81,14
5,5441,293.929951550273,64,59
14,3407,254.30129586013,62,48
44,3628,880.006297664935,61,17
38,5396,1038.02871091656,82,44
42,1536,345.151689012526,86,44
0,6983,451.326465178057,13,13
6,2892,161.36499147803,77,71
32,8631,1309.58836859839,63,31
39,9044,1809.20393471312,73,34
33,1050,165.779980789508,91,58
46,6642,1737.24212673216,66,20
97,6347,5846.86811089101,99,2
66,2124,1082.94552171484,82,16
13,9341,671.180727292159,64,51
96,5708,5157.75592029099,96,0
82,6340,4656.70331706672,89,7
98,1004,941.39218110712,99,1
66,7459,3803.05585992043,66,0
93,6621,5695.08092768197,94,1
65,6519,3230.38852211604,77,12
76,1925,1258.95090905431,79,3
58,5515,2202.61672635454,77,19
76,8265,5405.31390303056,79,3
78,4127,2813.43873336041,91,13
80,2357,1670.16923378185,88,8
44,4201,1018.99295934134,87,43
87,7864,6246.33698612599,90,3
79,2480,1724.273156264,88,9
45,1311,330.256919043176,76,31
4,5043,264.181688190323,68,64
30,7577,1061.59619842715,70,40
43,6151,1436.20116317429,46,3
43,3269,763.281027868111,53,10
46,4510,1179.6088514848,81,35
61,6119,2689.42751928284,85,24
7,7879,454.701601974353,74,67
30,1223,171.351742203564,67,37
88,6475,5215.1555294882,90,2
64,4607,2217.42164798638,78,14
61,1423,625.438038885355,93,32
74,8120,5080.23871259481,76,2
94,4348,3793.35708705159,94,0
68,1664,896.487308205057,79,11
16,6345,511.361779649318,89,73
82,3469,2547.96590014266,92,10
18,2269,197.611002213179,47,29
13,4836,347.482067999666,47,34
96,2397,2165.93219007315,97,1
46,2555,668.270646462009,67,21
81,1492,1076.7473485716,88,7
73,1718,1050.19655878646,89,16
23,1936,205.265058062331,70,47
96,3591,3244.83207949631,98,2
33,4474,706.380603859296,80,47
62,9571,4338.44499104508,63,1
84,2086,1583.86745285928,91,7
41,2410,521.061507428168,63,22
92,9505,8067.82367709063,95,3
30,7537,1055.9918896061,65,35
84,2174,1650.68448826274,91,7
56,7659,2862.46083423149,74,18
19,9575,867.151059312026,73,54
18,3473,302.469374476145,71,53
45,2138,538.588324114653,83,38
22,7005,713.901241277478,90,68
58,4707,1879.91240815065,94,36
49,8832,2581.0481421427,71,22
64,5389,2593.81056240473,70,6
5,1263,68.228915421429,70,65
64,7890,3797.58124649718,64,0
87,4120,3272.4959795065,92,5
63,4445,2076.83013792448,83,20
98,8023,7522.69867432512,98,0
6,3462,193.169294777641,73,67
87,4944,3926.9951754078,88,1
68,5998,3231.44884291703,87,19
81,4028,2906.92916893191,92,11
65,3035,1503.94679622982,87,22
33,7658,1209.08865989148,56,23
25,9580,1099.62568119744,82,57
44,8950,2170.90858988456,76,32
32,3991,605.557545947881,43,11
35,9990,1707.52130425914,77,42
51,4813,1511.93981665738,76,25
87,2510,1993.68080304886,87,0
75,1090,697.480823726896,83,8
80,4793,3396.3178351788,88,8
27,3653,454.099580290529,76,49
18,8662,754.388056928409,65,47
77,2369,1582.37254603519,93,16
50,1218,369.108513940078,50,0
75,2688,1720.02610475036,93,18
34,9657,1586.49131412233,70,36
72,5486,3274.31066418213,75,3
37,9171,1696.2981757767,66,29
6,1652,92.1766825455411,37,31
57,2058,795.299547165359,83,26
94,8066,7037.07871760766,98,4
84,1113,845.083640955119,94,10
32,3541,537.278694613242,80,48
21,5193,508.741026370932,66,45
26,3545,423.444591617398,63,37
52,3784,1231.74239679775,66,14
97,3256,2999.43320766679,98,1
8,7845,468.811319031749,88,80
52,9782,3184.17128051681,81,29
50,3708,1123.68995869443,76,26
2,3959,196.2907539594,81,79
97,1455,1340.34868462997,98,1
93,4856,4176.90877281734,93,0
92,4548,3860.33267579255,94,2
32,3301,500.863307234767,62,30
13,6059,435.358529778738,87,74
83,3527,2634.7908703914,85,2
75,3291,2105.88017512405,80,5
72,4413,2633.89226413338,81,9
59,9256,3818.59235176211,86,27
44,2526,612.705597547306,60,16
68,9138,4923.13763364051,79,11
83,5140,3839.75760527695,89,6
5,6811,367.939147217223,69,64
21,3364,329.559948529138,58,37
58,2735,1092.32216619758,68,10
67,5234,2744.05408337844,70,3
85,4609,3554.65012765576,93,8
49,8932,2610.27196621588,78,29
31,5747,837.948233062588,77,46
21,1477,144.696802609256,70,49
15,4293,332.930441795556,75,60
10,8903,571.859948593962,78,68
45,6099,1536.41262337477,88,43
77,1540,1028.6423473593,90,13
79,1094,760.626948771296,84,5
96,6451,5829.13164712635,96,0
81,2125,1533.57112313314,90,9
24,8157,899.818286447087,84,60
25,3656,419.648381049879,64,39
24,8766,966.998541007131,85,61
41,1678,362.797182350401,88,47
20,6528,614.848978485253,71,51
0,7472,482.931597853422,64,64
2,3641,180.524030100069,57,55
75,6524,4174.64669173786,86,11
45,1715,432.029455498891,82,37
73,1207,737.827268018196,94,21
42,8459,1900.80607900844,84,42
58,2034,812.352206963759,91,33
67,6647,3484.85431643418,77,10
69,9234,5108.96647435505,74,5
24,9640,1063.41158285521,75,51
10,1919,123.261736645155,88,78
59,3832,1580.9038344806,78,19
56,9771,3651.79590172031,81,25
87,2078,1650.54530228507,87,0
10,8939,574.172310511224,60,50
82,3905,2868.20606516491,92,10
19,3183,288.265464416729,52,33
28,7815,1010.99642774507,68,40
60,1393,593.329077887266,70,10
55,5133,1854.47726176077,64,9
95,9258,8206.79453021147,97,2
98,5141,4820.41554090807,99,1
48,6183,1741.87078291987,82,34
84,8770,6658.92500554932,89,5
23,1935,205.159032722423,87,64
20,2073,195.248457781852,79,59
60,6783,2889.12500740081,61,1
67,2710,1420.78459418334,70,3
36,3977,707.17683545323,87,51
26,2422,289.304034103622,68,42
16,6837,551.013473201322,80,64
42,1359,305.378349848973,81,39
43,5395,1259.68221026261,91,48
48,1230,346.51480882928,66,18
53,9244,3116.79067295548,77,24
61,2710,1191.10125465869,73,12
36,1225,217.825401918583,46,10
58,1214,484.8552503707,80,22
51,1360,427.225877966764,72,21
59,1309,540.032129262813,80,21
85,1921,1481.55411048529,85,0
91,7977,6683.84314733471,91,0
80,9393,6655.87594947516,81,1
63,3046,1423.17763782181,75,12
52,9435,3071.21815903457,68,16
47,7174,1947.68299862012,85,38
62,7997,3624.96547836041,76,14
32,6919,1049.82527196527,85,53
93,6349,5461.11898653569,93,0
43,5673,1324.59261887299,81,38
9,3001,185.855345107014,81,72
68,8113,4370.9143818916,83,15
58,9479,3785.78494090928,79,21
95,8721,7730.76853510199,98,3
13,2781,199.823745059361,76,63
52,5143,1674.11499649335,86,34
9,5225,323.590195996051,82,73
36,3043,541.096080031224,47,11
85,9328,7194.13677387131,93,8
83,7455,5569.14259675869,88,5
20,8545,804.822996500688,66,46
94,9308,8120.6457604131,98,4
32,6244,947.40699496331,77,45
31,5701,831.24114784928,72,41
90,4845,4007.46533125033,91,1
79,5391,3748.20830057226,89,10
22,4537,462.379719011552,70,48
8,7678,458.831524222533,84,76
77,2338,1561.66610917276,80,3
17,4537,380.066476723951,88,71
27,8964,1114.30293942631,77,50
57,4552,1759.08821122289,67,10
82,9153,6722.83997809332,93,11
77,4487,2997.08974844234,85,8
72,9685,5780.47735738315,74,2
4,7071,370.42013031802,83,79
73,4382,2678.6736441224,84,11
77,4626,3089.93473953516,89,12
7,2044,117.960410513463,49,42
6,6373,355.594429698991,85,79
78,2143,1460.91572706357,87,9
88,2975,2396.15254057566,98,10
81,8572,6186.24549058697,82,1
54,2941,1026.6843137453,83,29
24,6700,739.093112565341,70,46
39,5656,1131.45261551718,58,19
97,4102,3778.7699686269,97,0
66,4517,2303.04374839263,73,7
40,9600,1996.68182191537,76,36
2,1625,80.5689505390312,62,60
78,3976,2710.49973439326,85,7
63,1429,667.669351427239,82,19
84,8309,6308.89485417438,89,5
80,4048,2868.4111405808,85,5
52,4166,1356.08848442374,71,19
72,5209,3108.98364012481,74,2
81,4337,3129.92845224868,87,6
32,6054,918.578146622018,78,46
91,8109,6794.44453826466,98,7
13,6744,484.577970758839,74,61
97,3514,3237.10328370427,98,1
16,3713,299.241337720712,87,71
57,9798,3786.36781493012,79,22
17,2350,196.860529050316,77,60
22,7071,720.627505649258,67,45
2,2340,116.019288776205,67,65
66,1568,799.462607367642,83,17
86,8930,6991.36456785457,91,5
55,8171,2952.06189476861,82,27
97,3424,3154.19511764469,97,0
72,2533,1511.8171550079,74,2
44,3429,831.736933487613,67,23
20,3496,329.2757397035,65,45
78,2879,1962.6581326253,92,14
96,3279,2962.90849030031,96,0
40,6878,1430.53933032645,56,16
45,2878,725.003366137498,85,40
83,4271,3190.58457823694,98,15
91,1373,1150.42204353649,98,7
89,5339,4358.5038518041,92,3
93,3998,3438.8964731721,96,3
72,3601,2149.25131274514,92,20
77,5584,3729.83043354179,79,2
28,6412,829.495725489621,76,48
65,6672,3306.20527988314,73,8
4,8057,422.07254843336,21,17
36,5183,921.623720933892,80,44
29,6136,826.099238939528,71,42
3,8157,415.20781346994,53,50
1,4843,234.559949514964,84,83
27,4836,601.156739744046,81,54
1,5776,279.747732479545,87,86
61,6464,2841.06218085378,79,18
59,9579,3951.84703300878,85,26
53,1368,461.247256664116,75,22
46,8858,2316.84594378101,49,3
3,8941,455.115000641747,11,8
83,5576,4165.46467062729,88,5
92,3749,3182.14318415705,94,2
80,1916,1357.67681456344,97,17
66,1810,922.849055698617,90,24
31,3929,572.872560936646,81,50
58,1410,563.135010727089,68,10
37,9425,1743.2788470936,87,50
45,4639,1168.62078370808,74,29
53,2238,754.584327788225,87,34
31,1940,282.864028561235,72,41
84,5395,4096.339840928,86,2
64,3423,1647.54380313813,79,15
84,8911,6765.9841190935,88,4
23,4851,514.328923894819,71,48
2,2883,142.941713479401,57,55
61,8721,3833.06053205845,88,27
21,9858,965.755639893057,69,48
10,4648,298.551616428702,69,59
33,2679,422.975779557231,59,26
27,4015,499.09931970065,66,39
30,7817,1095.22205135344,92,62
21,5902,578.199410291015,63,42
81,1847,1332.9439362009,83,2
22,9483,966.441894508826,44,22
71,6074,3537.18962182468,77,6
83,6710,5012.6018543596,85,2
64,5141,2474.44425706489,88,24
27,2292,284.915477149163,86,59
55,1275,460.638712009543,71,16
27,4149,515.756681802739,86,59
64,8054,3876.51702906062,76,12
38,9333,1795.38954021205,74,36
22,2222,226.450900516568,80,58
40,2280,474.2119327049,58,18
23,4766,505.31677000262,84,61
65,8289,4107.48434726489,77,12
79,5750,3997.81074537016,85,6
99,6411,6105.71428571429,99,0
73,3351,2048.43345081108,85,12
74,5289,3309.03725996477,76,2
96,3041,2747.85139341361,96,0
42,1412,317.287880784953,77,35
88,6110,4921.17378921589,88,0
62,6253,2834.42655198045,78,16
83,8536,6376.68694915254,93,10
61,5092,2238.03970063544,87,26
64,7798,3753.30019774208,86,22
5,8177,441.73225764135,81,76
97,7811,7195.50761212694,98,1
82,2652,1947.8828386216,84,2
38,5662,1089.19914032794,80,42
44,1093,265.117663546795,79,35
75,7024,4494.59202372268,88,13
74,6908,4321.95677667549,85,11
23,9223,977.871709973596,88,65
19,9411,852.298550306577,76,57
93,7919,6811.56107329912,95,2
40,5659,1177.00233648115,74,34
70,3525,2001.55195893955,79,9
15,9246,717.045158360519,70,55
73,6621,4047.35239564911,82,9
91,4799,4021.03087176373,94,3
96,5373,4855.04950240426,97,1
17,6552,548.86390907986,85,68
35,2212,378.081794296419,82,47
36,1345,239.163400473873,63,27
42,4517,1015.00662712863,64,22
14,5643,421.198183897479,83,69
20,5447,513.033453708513,67,47
2,1799,89.1960258582874,80,78
59,5879,2425.40021996645,89,30
96,3401,3073.14784248593,98,2
56,1004,375.233147613058,88,32
41,3857,833.914619979438,87,46
75,7576,4847.81167023391,80,5
76,5816,3803.66674652459,81,5
81,1978,1427.48408543876,86,5
53,7369,2484.59870932593,84,31
87,5227,4151.7807002137,96,9
40,2023,420.759096430707,69,29
49,4171,1218.92570209208,57,8
19,6610,598.628564183028,74,55
63,4538,2120.28237703066,77,14
71,1920,1118.11064766272,91,20
7,3801,219.357886674009,66,59
10,3174,203.873242371924,82,72
25,2300,264.001990266609,63,38
75,9493,6074.48207306369,89,14
61,5276,2318.91152013994,80,19
16,1687,135.960176874452,68,52
78,2439,1662.70343364818,80,2
34,8137,1336.77951983156,52,18
21,5183,507.761359460917,78,57
22,3455,352.109748552989,60,38
74,7432,4649.79484137988,90,16
8,9285,554.864639542357,75,67
89,3040,2481.71037825145,89,0
88,9603,7734.53877215061,92,4
7,7432,428.904975996115,62,55
72,1655,987.784205107807,90,18
68,4719,2542.38197561278,72,4
44,8471,2054.72253239241,71,27
59,3189,1315.6321315654,59,0
54,8276,2889.09873531319,70,16
38,6482,1246.94256934046,72,34
30,3532,494.8604688986,52,22
83,7036,5256.1351188188,84,1
9,7612,471.419822377404,81,72
28,9092,1176.19699565684,60,32
57,1058,408.856618513581,72,15
75,3914,2504.53205877713,86,11
93,4091,3518.89081334344,97,4
40,7045,1465.27327452018,74,34
84,6327,4803.99298861009,95,11
7,3307,190.848863780833,79,72
46,5389,1409.51487819326,68,22
26,1681,200.792766857221,60,34
52,6559,2135.04185533733,66,14
10,4875,313.132342962548,70,60
78,5699,3885.09506697867,85,7
64,4873,2345.4516367783,91,27
60,4940,2104.12465524989,67,7
45,4696,1182.97978018822,59,14
48,9509,2678.86936354279,59,11
5,8508,459.613311484971,90,85
69,8283,4582.799361824,72,3
50,2471,748.823594372688,52,2
69,4313,2386.28681003826,82,13
68,5716,3079.52010438708,85,17
72,7391,4411.30698486514,85,13
37,4403,814.393290583887,90,53
16,9706,782.234426048271,65,49
24,1216,134.139884310366,64,40
84,7323,5560.24034385834,88,4
27,7397,919.511249769791,83,56
60,9349,3982.07720686866,80,20
3,6045,307.702737823438,76,73
49,2795,816.805882845205,70,21
90,2776,2296.12461497439,91,1
33,4899,773.482024655049,69,36
20,2559,241.023060040405,84,64
30,1331,186.483376020395,86,56
16,6799,547.950944024541,46,30
96,9517,8599.57307172554,96,0
17,5737,480.591002196452,85,68
37,4583,847.686679706099,66,29
4,8224,430.820980304822,77,73
7,4043,233.323845257306,69,62
72,7983,4764.6412745472,76,4
40,3178,660.9848781299,65,25
46,2521,659.377808113787,73,27
97,4739,4365.57554395975,97,0
45,7849,1977.25900653691,89,44
23,6483,687.362278625049,82,59
33,6617,1044.72965036588,74,41
56,5997,2241.30795441784,74,18
83,8600,6424.49716058011,93,10
37,9910,1832.98603445067,53,16
42,4509,1013.20896208169,78,36
40,5664,1178.04227493007,63,23
52,1672,544.258268352496,76,24
99,5106,4862.85714285714,99,0
60,1032,439.566122311313,85,25
54,1856,647.917744410497,91,37
6,9271,517.294203317017,74,68
11,5228,348.448937022599,80,69
65,8307,4116.40396582573,82,17
57,9966,3851.29022694362,62,5
97,5508,5073.97976284665,97,0
59,2852,1176.60170562074,72,13
79,5708,3968.60934514311,83,4
63,4646,2170.74304179913,83,20
73,1439,879.646593768172,81,8
66,2357,1201.74321783516,78,12
9,1194,73.9457787596717,77,68
73,9424,5760.79881839559,73,0
86,8291,6491.08663293194,93,7
92,4811,4083.56651346481,92,0
20,7760,730.886653346441,90,70
32,5309,805.538714968004,75,43
72,8701,5193.17847047917,81,9
71,6117,3562.23064153796,81,10
93,5822,5007.81772556478,94,1
97,4601,4238.44968933505,97,0
82,4814,3535.86273948883,93,11
87,7167,5692.71327308812,96,9
11,6882,458.688902943673,75,64
2,6685,331.448267294414,51,49
25,4027,462.233049914623,78,53
56,6296,2353.05567467312,75,19
76,5331,3486.47651749013,85,9
15,4796,371.939063324362,65,50
42,5323,1196.12138060786,73,31
56,1601,598.354849928791,67,11
14,5410,403.806871324714,87,73
9,6128,379.514013600727,63,54
29,8976,1208.45286322053,68,39
99,1624,1546.66666666667,99,0
61,8788,3862.50842285629,81,20
91,4480,3753.74417701636,93,2
34,5877,965.497509899238,83,49
92,6609,5609.70506911015,96,4
57,2998,1158.55590009803,81,24
87,9203,7309.8981794656,88,1
81,6233,4498.23473434771,89,8
43,6277,1465.62098865957,71,28
17,4334,363.061077831519,84,67
24,4846,534.573913953976,67,43
49,4362,1274.74320607184,62,13
18,7466,650.226418035962,75,57
19,5295,479.536799901533,65,46
54,1154,402.85402858282,82,28
85,4215,3250.7811429961,86,1
98,9053,8488.46953741311,98,0
15,4514,350.06941865016,63,48
80,9264,6564.46660235685,85,5
91,2209,1850.89751942615,94,3
68,4883,2630.7376958926,86,18
0,7458,482.026747429178,0,0
92,7386,6269.22100778447,94,2
53,7774,2621.15217346991,84,31
81,5279,3809.75151012699,96,15
19,5314,481.257517408262,90,71
61,8604,3781.63660335179,93,32
26,8292,990.466164652036,86,60
79,5466,3800.35365812057,82,3
87,1640,1302.64403067734,94,7
23,1441,152.782514807758,87,64
3,8964,456.285747204186,44,41
4,8867,464.505062300931,87,83
85,1718,1324.99217168856,91,6
26,4856,580.041449053339,60,34
78,8546,5825.93831240563,94,16
66,3653,1862.52353616964,69,3
30,7756,1086.67548040134,83,53
57,5706,2205.04335088704,63,6
64,5489,2641.94213713853,83,19
64,6568,3161.28182851628,68,4
94,7726,6740.45005854658,95,1
24,1695,186.979526238545,59,35
49,5559,1624.55238022773,84,35
1,8417,407.658702264599,82,81
40,6743,1402.46099220576,63,23
96,7074,6392.07522427093,97,1
32,8159,1237.97144008739,71,39
99,3188,3036.19047619048,99,0
41,3639,786.781255407097,82,41
66,3053,1556.6067221259,83,17
79,9710,6751.08562392074,85,6
25,1719,197.312791855783,85,60
67,4467,2341.9353439915,94,27
21,2180,213.56738638333,77,56
1,1834,88.8257169957557,65,64
1,8484,410.903698468915,81,80
4,3064,160.510151222516,72,68
31,1687,245.975059888043,81,50
98,7478,7011.68399434168,98,0
83,7879,5885.88524746636,91,8
99,6043,5755.23809523809,99,0
6,4456,248.631535970297,87,81
5,2365,127.760399819224,70,65
47,6038,1639.26818311518,54,7
76,7349,4806.24947046239,92,16
60,9430,4016.57803623612,81,21
88,2328,1875.03970233954,94,6
29,3934,529.640548563902,69,40
73,5568,3403.66381799943,85,12
55,4181,1510.53369012698,76,21
59,8684,3582.61192552962,91,32
40,2367,492.306861716008,73,33
65,4915,2435.55140147267,82,17
65,3036,1504.44233059431,82,17
86,4871,3813.54275588126,93,7
32,2990,453.675034423494,82,50
90,4445,3676.61164033183,91,1
87,9280,7371.05890529619,90,3
62,1718,778.75336899127,72,10
76,1051,687.354496320039,81,5
53,9163,3089.47998012668,93,40
61,2625,1153.74199021367,79,18
11,5530,368.577395129107,81,70
62,3404,1543.00143658107,71,9
78,6625,4516.36336528052,94,16
49,1546,451.800320171266,88,39
66,3486,1777.37668959413,80,14
26,9643,1151.84095824163,86,60
16,8153,657.073694165624,66,50
65,8611,4267.04641263096,85,20
7,8501,490.597578167785,90,83
85,2020,1557.90697718911,87,2
0,8095,523.19744173226,89,89
21,6079,595.539514598285,36,15
55,3955,1428.88322039039,82,27
59,2930,1208.78085465244,77,18
58,7058,2818.87014589489,65,7
5,1735,93.7269740745679,76,71
24,9048,998.106639177792,80,56
11,3609,240.541739425126,63,52
3,4451,226.564910844024,77,74
11,5640,375.90895271757,71,60
25,8300,952.70283444037,60,35
67,6196,3248.40640057563,91,24
78,1463,997.349374098928,85,7
52,9854,3207.60823944108,66,14
56,3775,1410.86168549731,90,34
75,6153,3937.24725540513,87,12
48,5490,1546.63926867703,75,27
85,9392,7243.49620285156,87,2
22,1198,122.091889657447,68,46
21,3069,300.659774683688,83,62
2,5533,274.331078973821,76,74
4,2253,118.025251535355,69,65
30,1769,247.850557610879,68,38
61,6617,2908.30885685481,61,0
89,2412,1969.04126063898,89,0
55,4979,1798.83933105531,79,24
13,7334,526.971357880387,86,73
94,4624,4034.14976323057,94,0
44,3967,962.234008499668,75,31
49,3156,922.303887749363,88,39
77,6349,4240.8118593404,79,2
45,1611,405.830584728113,75,30
58,3543,1415.02648440147,84,26
67,2685,1407.67772523331,70,3
51,4823,1515.08118340713,85,34
96,3954,3572.8393323109,99,3
57,7071,2732.53794849672,82,25
73,2113,1291.65618667974,90,17
41,5575,1205.36012610458,66,25
18,9644,839.912078159499,78,60
19,6500,588.666515459861,37,18
45,1477,372.074347388841,79,34
67,2913,1527.21237005759,69,2
70,2697,1531.40017964822,91,21
26,1193,142.501945782668,84,58
83,4815,3596.97137537131,85,2
6,6495,362.401666545575,74,68
49,2205,644.385320813481,79,30
25,7920,909.085114309365,73,48
74,7877,4928.20693831396,74,0
32,5361,813.428715566673,67,35
36,5861,1042.18341277128,81,45
73,8753,5350.62309607562,89,16
38,9621,1850.79211040182,47,9
39,1772,354.479143333884,89,50
61,4398,1933.01229446085,79,18
78,3233,2203.98532225689,78,0
31,9083,1324.35771722768,49,18
40,3088,642.265986049443,72,32
57,1417,547.589629899569,78,21
75,3278,2097.56159649245,86,11
29,1027,138.266609907252,68,39
29,2425,326.481527775156,68,39
27,8324,1034.74538908797,83,56
40,4587,954.039533033936,58,18
33,7620,1203.08900344386,51,18
53,3696,1246.17679870656,76,23
75,6911,4422.28437869411,82,7
66,9688,4939.53682409293,75,9
40,1744,362.730530981292,57,17
95,2939,2605.28938477981,97,2
70,5550,3151.37968003248,92,22
79,6330,4401.06817707706,79,0
21,5180,507.467459387912,80,59
86,4600,3601.37480538981,93,7
92,9006,7644.27354401664,93,1
6,6283,350.572697599053,73,67
43,4472,1044.170314049,78,35
92,3782,3210.15351359882,93,1
77,6986,4666.29573938448,90,13
45,5368,1352.26479132248,82,37
32,5117,776.406405065224,72,40
8,1207,72.1294151779887,70,62
41,2407,520.412883145063,85,44
10,4392,282.108153905951,20,10
0,4459,288.194860121575,68,68
25,3124,358.583572866472,77,52
98,2540,2381.60970120726,98,0
7,5079,293.111998531253,82,75
13,1234,88.6668469626939,71,58
16,7486,603.318247825814,70,54
20,4954,466.599546479158,52,32
46,2152,562.864356628667,89,43
3,1769,90.0456812588358,84,81
61,7718,3392.22121160729,69,8
56,7894,2950.28931001741,88,32
52,1377,448.231839426667,79,27
84,1826,1386.45348462178,90,6
29,8616,1159.98550239618,74,45
56,8251,3083.71384557305,81,25
53,7514,2533.48822117995,86,33
1,9973,483.020106651402,77,76
3,6515,331.626689316741,82,79
18,2108,183.589243131504,90,72
79,4538,3155.14176738953,81,2
75,1779,1138.36549120197,75,0
53,1988,670.292065970953,93,40
65,8844,4382.50591955733,72,7
63,6684,3122.95447511523,81,18
77,1068,713.370147389439,77,0
80,6328,4484.01820592769,86,6
16,3128,252.094506972902,67,51
96,9686,8752.28168254004,98,2
9,2565,158.853368943516,38,29
99,6999,6665.71428571429,99,0
83,7907,5906.80221496593,89,6
76,2373,1551.94312061603,83,7
28,1882,243.467085990559,70,42
71,4389,2555.93105864151,76,5
59,6743,2781.84617847147,68,9
54,3098,1081.49201087485,81,27
53,9673,3261.43619423392,76,23
0,3579,231.318547740551,82,82
82,6870,5045.9860864745,85,3
5,2373,128.19257030487,74,69
13,2824,202.913432595338,76,63
14,5052,377.08545544038,88,74
27,6616,822.426176622541,62,35
81,6259,4516.99842808957,86,5
18,8858,771.458024506101,67,49
80,9512,6740.19930069283,84,4
26,2583,308.535227122071,79,53
30,3266,457.591815238626,70,40
85,6515,5024.6356219738,89,4
9,7558,468.075540925962,85,76
38,6780,1304.26883988404,90,52
10,5405,347.175448966682,51,41
27,5149,640.065354206388,66,39
99,2070,1971.42857142857,99,0
69,6870,3801.01794225895,82,13
22,2058,209.737152683662,72,50
77,4712,3147.37840308899,96,19
80,2182,1546.16430552058,89,9
4,1335,69.9350691521081,87,83
76,2146,1403.48501341846,78,2
35,4317,737.874821870542,43,8
89,1036,845.740773640954,89,0
14,7582,565.92674646654,72,58
99,5699,5427.61904761905,99,0
98,9731,9124.19055214481,99,1
75,1295,828.65840984067,84,9
33,1177,185.831464180239,72,39
97,9947,9163.19475327445,97,0
37,1517,280.589284991087,66,29
60,4269,1818.32148851453,88,28
72,6972,4161.22747916111,95,23
44,2325,563.951114132021,61,17
48,8601,2423.06818759402,75,27
42,5807,1304.88011594775,77,35
39,2983,596.733230567142,61,22
73,9761,5966.80361485138,73,0
93,1418,1219.69864906404,94,1
1,5224,253.012838378314,59,58
10,4001,256.993334193468,45,35
89,2307,1883.32429033753,90,1
96,2255,2037.62081293907,97,1
34,2943,483.48803328798,60,26
86,6947,5438.85886370501,87,1
48,9167,2582.52134352684,90,42
39,8139,1628.16351444384,69,30
34,5525,907.669515431903,92,58
56,7218,2697.64229030981,89,33
23,2894,306.837333694415,78,55
94,1335,1164.70370543097,99,5
51,8175,2568.06731792522,72,21
24,1746,192.605458886431,49,25
86,7835,6134.08078265852,95,9
42,9628,2163.48988399258,73,31
96,4931,4455.65775104325,98,2
76,4224,2762.49799472488,83,7
16,3330,268.374267333684,27,11
32,5498,834.215832528552,81,49
50,3931,1191.26893948969,53,3
27,5547,689.54020582304,89,62
92,2190,1858.86731749905,92,0
1,7870,381.165972059213,85,84
92,8930,7579.76490651439,92,0
73,4652,2843.7219973659,78,5
58,2086,833.120306650148,90,32
43,5233,1221.85672035296,74,31
23,2542,269.516414046718,66,43
9,4373,270.824866428848,80,71
5,4981,269.080148625604,64,59
42,2225,499.975591180255,53,11
63,1801,841.478307851965,69,6
93,7379,6347.07780778813,96,3
10,1993,128.014925030638,64,54
12,7602,525.996392217968,82,70
89,2544,2076.79973758937,91,2
53,5113,1723.94533868686,77,24
29,2911,391.912464888032,77,48
59,4269,1761.18957969668,70,11
14,7524,561.597578529972,72,58
16,3907,314.876355096909,84,68
43,1681,392.497830482195,56,13
14,3771,281.470556703419,89,75
63,6523,3047.73070634002,80,17
54,5442,1899.76743808293,83,29
25,3823,438.817221212715,46,21
17,3025,253.405574628598,71,54
78,4783,3260.6439209263,80,2
77,3828,2556.9109777217,87,10
43,7487,1748.14470958964,81,38
0,6883,444.863247862032,21,21
8,3604,215.372338277938,85,77
6,9308,519.358693180325,88,82
63,2520,1177.41551126427,72,9
97,9234,8506.3778377135,98,1
35,7191,1229.10767757032,57,22
94,1388,1210.9428787552,98,4
47,7497,2035.37488718359,92,45
73,9076,5548.06982977063,78,5
25,4496,516.066499234205,78,53
2,1808,89.6422538920421,76,74
36,8431,1499.17221516374,88,52
26,3600,430.01425382867,87,61
6,2370,132.238945298385,81,75
43,4095,956.144328271616,84,41
9,3180,196.941018807166,86,77
31,1255,182.986781363067,88,57
12,8402,581.349866800232,85,73
54,3110,1085.68113422233,58,4
44,6271,1521.09137063308,56,12
99,5431,5172.38095238095,99,0
12,8091,559.831203556377,86,74
10,5365,344.606157947502,86,76
48,4619,1301.26170892882,85,37
38,6290,1210.00752254728,75,37
2,1824,90.4355481742725,12,10
92,8939,7587.40408727124,94,2
77,1425,951.82814609546,81,4
75,3249,2079.00476723733,87,12
8,3453,206.348691474395,76,68
82,9391,6897.64997643116,87,5
70,6600,3747.58664652512,88,18
33,7504,1184.77426270902,77,44
9,8004,495.696828469357,72,63
17,2186,183.122177235741,75,58
73,9505,5810.31332436864,75,2
13,4963,356.607424210575,73,60
58,7823,3124.40084320427,70,12
54,4453,1554.51385552799,81,27
57,5226,2019.55074513419,68,11
14,5197,387.9083752818,81,67
53,2569,866.187282434294,71,18
79,3346,2326.37821808844,92,13
44,4382,1062.896250377,86,42
4,7555,395.774866999383,83,79
97,4996,4602.32441815212,97,0
92,3536,3001.34923957838,95,3
58,1454,580.708018154034,87,29
95,1108,982.191438698889,98,3
18,2351,204.752519260989,81,63
7,3429,197.88955364514,65,58
40,9438,1962.98781617055,76,36
55,2593,936.812690384898,92,37
75,4539,2904.46372375815,83,8
58,6063,2421.48054612648,81,23
35,4158,710.698056367319,87,52
84,2364,1794.94854197475,90,6
37,4298,794.972146929263,86,49
52,6350,2067.00957179327,62,10
31,2340,341.186508676954,56,25
84,9102,6911.00745729873,85,1
3,9649,491.153633955063,85,82
93,6087,5235.75858734332,96,3
18,4809,418.823847352657,37,19
94,9464,8256.74596868818,98,4
55,7756,2802.12851007531,62,7
42,3974,892.990112067565,83,41
44,7687,1864.5557911109,83,39
34,6260,1028.4183106975,35,1
42,1333,299.535938446418,62,20
52,6907,2248.32049013797,67,15
38,3395,653.096270118924,77,39
90,3092,2557.49903080001,92,2
11,5559,370.51026031152,86,75
8,5123,306.146639566559,61,53
98,9067,8501.59652001819,99,1
80,6808,4824.14600915862,84,4
20,5875,553.345243351848,76,56
80,4697,3328.29227453261,88,8
4,1010,52.90967778549,60,56
94,1886,1645.41662055641,98,4
37,4388,811.61884149037,54,17
73,4052,2476.947879047,73,0
22,5593,569.999948960019,73,51
37,1873,346.436210143907,66,29
98,6205,5818.0662188941,99,1
72,4127,2463.19360391536,73,1
65,6250,3097.08977806799,70,5
17,5974,500.444595977271,37,20
99,4636,4415.2380952381,99,0
29,7383,993.984791572773,68,39
59,6423,2649.82915680294,87,28
99,1156,1100.95238095238,99,0
64,3077,1481.00855455917,74,10
23,3610,382.751477068707,78,55
64,1888,908.724130974231,84,20
61,1049,461.057275327293,67,6
72,3477,2075.24210341985,79,7
67,8648,4533.92810719465,84,17
63,8229,3844.82231833083,70,7
35,1382,236.215659908522,73,38
16,1820,146.679028993185,81,65
50,2725,825.79696263277,92,42
47,4728,1283.61377439029,64,17
67,5015,2629.23791137618,69,2
40,4079,848.381786624248,91,51
98,5303,4972.31348248113,99,1
98,6312,5918.3938716615,99,1
72,5232,3122.71115475773,88,16
54,1730,603.93194926194,60,6
59,1333,549.933405887953,71,12
74,4546,2844.18290485911,87,13
10,6468,415.454357801387,70,60
48,5663,1595.37671739855,70,22
88,7124,5737.87922657513,88,0
33,2003,316.245049067986,60,27
90,4505,3726.23969396961,91,1
92,2076,1762.10436124568,95,3
44,3926,952.289064121426,62,18
86,7459,5839.70753769622,86,0
32,3762,570.811197157587,72,40
46,6493,1698.27057044142,57,11
20,6050,569.827867621903,76,56
6,2421,135.084593488351,82,76
17,8326,697.472665903375,90,73
82,4532,3328.73492633223,97,15
9,7001,433.579897065713,87,78
95,1240,1099.20341515038,97,2
70,3340,1896.50596960513,95,25
63,3526,1647.44725901501,94,31
33,5616,886.686068679885,80,47
28,1819,235.317018818718,56,28
45,8809,2219.09473672871,85,40
48,6672,1879.63154838127,71,23
65,7266,3600.55269239072,88,23
61,6127,2692.94368534826,92,31
71,5303,3088.19831487262,79,8
1,9907,479.823543226255,48,47
73,9877,6037.71327772636,83,10
24,8645,953.650740019011,68,44
77,2655,1773.40612483049,89,12
21,3517,344.548852252372,82,61
66,1910,973.835191372574,91,25
25,6243,716.593228362799,70,45
43,2980,695.802221794729,71,28
81,2019,1457.07298710862,87,6
7,5497,317.235017902401,48,41
11,5506,366.977782564351,78,67
3,4003,203.760803888705,46,43
31,6116,891.750720969338,65,34
83,1060,791.856626769177,91,8
32,3528,535.306194463574,81,49
58,2280,910.601293941677,75,17
13,2418,173.741033999833,63,50
78,1331,907.362964405792,84,6
85,1719,1325.76341276638,94,9
8,1096,65.4961383886294,78,70
36,9503,1689.79166892432,82,46
19,7424,672.347724734463,82,63
20,4893,460.854174590739,74,54
33,3871,611.175529177321,75,42
57,4837,1869.22444588865,57,0
74,1424,890.918710189041,86,12
65,5408,2679.84984316667,74,9
79,2912,2024.63041574224,95,16
5,3300,178.270325329149,77,72
42,5985,1344.87816324217,92,50
84,6567,4986.22126698317,84,0
86,3712,2906.1528864363,88,2
83,2297,1715.93836951774,84,1
28,7066,914.101184702068,53,25
10,5763,370.170603588342,67,57
65,7962,3945.44461007638,92,27
70,5107,2899.83712178845,78,8
29,4024,541.75738876999,74,45
43,7445,1738.33810109455,65,22
78,6488,4422.96837946264,82,4
97,1320,1215.98643554059,97,0
60,2630,1120.2121140298,77,17
78,8051,5488.48927605637,93,15
44,1169,283.552194589391,83,39
71,2225,1295.72718283831,71,0
24,7064,779.246827934562,64,40
29,9925,1336.21821161584,76,47
32,2982,452.461188177545,73,41
87,4935,3919.84651914188,89,2
5,2240,121.007735980998,78,73
39,2115,423.094462839257,81,42
10,3573,229.501920288243,55,45
0,2245,145.099228744771,79,79
1,9835,476.336383126094,86,85
20,4321,406.979539833759,87,67
93,5050,4343.77868672314,96,3
12,7365,509.597925372972,80,68
66,9912,5053.74576800259,77,11
28,3050,394.566744033584,66,38
61,6095,2678.87902108661,80,19
62,8552,3876.54179954211,77,15
21,3779,370.216125294772,75,54
15,3492,270.811344689047,77,62
4,2365,123.89246332939,77,73
68,6467,3484.12465274165,77,9
68,8169,4401.08462784081,90,22
47,1598,433.844080261354,61,14
15,4789,371.39619980408,66,51
55,2742,990.644194768759,81,26
84,6141,4662.76607287096,84,0
27,2669,331.779846645339,72,45
2,2342,116.118450561484,23,21
42,1555,349.421143499009,67,25
21,3445,337.495250500262,69,48
43,9779,2283.3053446076,84,41
89,7921,6466.32496912162,91,2
52,6093,1983.35264896636,81,29
75,5778,3697.28825641652,84,9
15,4985,386.596378371965,72,57
5,7314,395.111866502242,41,36
25,2907,333.675559002188,87,62
49,9540,2787.95281658077,50,1
69,6538,3617.32973893581,72,3
3,2760,140.489587492587,35,32
7,3230,186.405149686148,34,27
79,6208,4316.24506213182,79,0
42,9320,2094.27977968538,72,30
11,2172,144.764937110383,59,48
69,7134,3947.0832605641,71,2
9,9786,606.058116366957,86,77
85,1975,1523.20112868738,91,6
52,4317,1405.24099550103,76,24
57,9957,3847.81224058575,88,31
81,5912,4266.57528468854,93,12
22,6901,703.302279237099,57,35
38,2741,527.286266979667,64,26
57,2642,1020.982217498,64,7
90,5943,4915.65871282162,99,9
16,2018,162.636417861674,84,68
76,7275,4757.85343551692,79,3
90,8354,6909.87933483288,96,6
75,5272,3373.50358044789,77,2
73,2929,1790.46898759345,87,14
80,2251,1595.05767723502,93,13
44,2548,618.041909164899,81,37
52,7969,2594.01563427096,92,40
5,4476,241.799386719174,80,75
80,6205,4396.86045634977,81,1
10,3388,217.618949324536,53,43
56,9829,3673.47271702067,72,16
94,6603,5760.70304641252,98,4
78,4548,3100.44084306352,87,9
63,5745,2684.22702865605,66,3
50,8685,2631.94371393233,53,3
98,6497,6091.85757037147,99,1
98,9694,9089.49781240281,98,0
88,9378,7553.3171514348,96,8
85,4357,3360.29737604602,90,5
70,7647,4342.09016454205,94,24
94,7887,6880.91245298433,97,3
44,2003,485.846916819974,82,38
95,6214,5508.4274368907,97,2
94,3054,2664.42330815445,97,3
43,5749,1342.33791043554,78,35
24,4262,470.151469515445,83,59
44,4664,1131.29806292978,75,31
14,9815,732.599712024412,68,54
11,8908,593.72286361846,56,45
54,1704,594.855515342396,88,34
9,5544,343.346229014757,86,77
48,4000,1126.87742708709,57,9
24,2823,311.411918921188,30,6
20,3853,362.900293214412,91,71
54,5268,1839.02514954445,82,28
53,8023,2705.10726623992,77,24
99,7569,7208.57142857143,99,0
93,7012,6031.40121807974,93,0
14,2036,151.968722738839,34,20
83,1743,1302.08122684781,85,2
75,5090,3257.04347960541,79,4
63,2972,1388.60273788786,93,30
69,5922,3276.51066289047,82,13
36,4371,777.236597376431,86,50
17,9000,753.933941043763,81,64
63,3313,1547.92761461053,67,4
27,3402,422.898103517213,72,45
63,6034,2819.25602974945,80,17
3,2206,112.289865945162,82,79
4,8832,462.671558615295,56,52
2,8790,435.816046300359,56,54
34,9892,1625.09807179229,85,51
67,8335,4369.83010794026,67,0
44,4532,1099.28019322422,88,44
53,9206,3103.97824915925,81,28
30,4596,643.935083538495,75,45
25,4322,496.094174753166,89,64
10,6620,425.217663674271,61,51
72,4635,2766.39262276416,80,8
18,1829,159.290666834687,65,47
50,9231,2797.40615121582,68,18
39,1144,228.851094793433,79,40
64,8367,4027.16885797743,84,20
29,8094,1089.70782920087,72,43
18,6736,586.649497976191,40,22
73,6949,4247.85558033011,88,15
20,1045,98.4248134983287,77,57
30,3671,514.335442051744,49,19
67,1786,936.354717790199,85,18
30,1029,144.170844421478,73,43
12,5991,414.528332777933,75,63
34,2033,333.989524863902,76,42
63,8594,4015.36067611315,78,15
84,1431,1086.53610979944,88,4
19,5340,483.612183470101,90,71
48,8094,2280.23647371073,86,38
59,2272,937.320853846533,83,24
93,8502,7313.03096921191,97,4
45,1199,302.042750520799,75,30
43,8641,2017.59295252626,76,33
19,1006,91.1074637773262,70,51
81,3425,2471.75581022636,92,11
59,2841,1172.06362050088,82,23
30,8933,1251.5822674607,77,47
54,3640,1270.7007487361,73,19
50,7243,2194.95317444006,71,21
17,6184,518.036387934959,66,49
11,9325,621.516131931089,88,77
54,3148,1098.94669148936,79,25
67,8436,4422.78185849839,94,27
39,9827,1965.83890606212,82,43
88,6084,4900.2326241554,93,5
66,2555,1302.6957664696,85,19
76,2229,1457.76705261405,85,9
64,1999,962.150178928754,82,18
90,2496,2064.52703133144,92,2
82,3857,2832.95026718081,87,5
49,6343,1853.66716096141,49,0
69,8516,4711.71307078271,93,24
27,2071,257.443260547957,43,16
11,4930,328.587081010216,58,47
42,8327,1871.14460573392,69,27
29,8980,1208.99138945192,66,37
32,2292,347.766949464431,82,50
16,9161,738.311310223389,88,72
42,4705,1057.25175573173,83,41
91,2446,2049.47728950491,91,0
6,5443,303.703197999625,71,65
96,4607,4162.89094687817,97,1
11,3232,215.414492053756,90,79
82,7548,5543.97423299993,83,1
85,4467,3445.13389460583,85,0
65,1773,878.582428242328,70,5
69,4884,2702.20838864523,76,7
41,2123,459.009784344399,67,26
38,7818,1503.94893660965,74,36
25,1034,118.686112145945,79,54
46,5259,1375.51284921476,62,16
58,7821,3123.60207013941,92,34
19,4127,373.757955277361,75,56
12,1873,129.596322365727,77,65
57,5121,1978.97423762575,78,21
52,7593,2471.62262655532,52,0
9,6594,408.373923903915,86,77
13,2722,195.584406347207,68,55
61,3116,1369.5466824784,63,2
62,1263,572.506114689158,71,9
18,8346,726.867088792946,75,57
32,2027,307.558292567365,88,56
28,6799,879.560423830931,84,56
55,8040,2904.73352514253,83,28
69,9300,5145.48280393133,94,25
47,6288,1707.14116187947,90,43
84,4475,3397.79810716456,96,12
19,3596,325.668429168255,72,53
89,6968,5688.34141962371,91,2
68,4095,2206.19923503588,87,19
26,7711,921.066642020243,39,13
31,8555,1247.37204347493,75,44
12,7965,551.11303130967,52,40
32,8103,1229.47451636574,55,23
37,4883,903.175661576453,71,34
17,9583,802.772106335821,86,69
24,7483,825.467725571111,80,56
5,4114,222.243672243673,78,73
57,4982,1925.25867054316,73,16
41,8398,1815.71557650695,84,43
54,2082,726.812900788069,64,10
5,8118,438.545000309708,78,73
23,2043,216.609769432512,82,59
91,6310,5287.08164218153,92,1
56,4306,1609.31666695401,89,33
1,3218,155.856683365508,69,68
44,1588,385.184674942645,78,34
33,8949,1412.91909341458,36,3
77,6042,4035.75133944475,90,13
75,8055,5154.31929827537,93,18
67,2455,1287.09453089302,70,3
27,8570,1065.32532249927,82,55
86,7788,6097.28412703823,87,1
56,7889,2948.42061904324,86,30
94,2703,2358.19783953552,94,0
62,8462,3835.74563935048,66,4
63,3934,1838.07643702922,85,22
29,4009,539.737915402309,58,29
20,6063,571.052291139107,76,56
65,1455,721.002500334228,83,18
66,6921,3528.75044999455,78,12
64,4771,2296.35743054982,87,23
79,4823,3353.29412607309,82,3
3,7385,375.911450591579,78,75
24,4417,487.249892268823,70,46
62,1836,832.24166790918,75,13
32,6317,958.483341957596,78,46
34,1934,317.725401419964,81,47
76,6539,4276.50908795122,93,17
19,9471,857.732395064668,72,53
92,1421,1206.1417617197,96,4
6,8065,450.002993177839,81,75
68,4819,2596.25741480779,70,2
42,3881,872.092255896885,89,47
83,2839,2120.83109754499,88,5
5,5688,307.273215294607,89,84
39,6516,1303.49102593882,68,29
42,2736,614.801446053563,66,24
84,8675,6586.79297869331,90,6
53,6318,2130.23404064612,72,19
55,5552,2005.85578751136,79,24
64,4855,2336.78795332621,89,25
8,3913,233.837946637506,83,75
91,6824,5717.75675534813,93,2
21,8618,844.276943051163,83,62
54,2915,1017.60787982575,75,21
87,4074,3235.95840303628,94,7
67,6507,3411.45585031401,83,16
17,7999,670.079732712118,76,59
7,7988,460.992054394103,84,77
86,3753,2938.25209665825,86,0
92,6197,5260.000350019,92,0
71,4600,2678.80676002528,88,17
64,2451,1179.70489672555,71,7
68,2109,1136.23301262288,76,8
86,3298,2582.02915395122,87,1
38,1822,350.498204464412,72,34
83,8571,6402.83315852699,93,10
30,4003,560.851205266448,73,43
85,6548,5050.08657754174,97,12
11,2081,138.699739469018,84,73
95,8881,7872.60123383108,98,3
9,1068,66.1424553729726,46,37
4,1699,89.0035074827204,59,55
70,1272,722.262153693931,84,14
19,2826,255.934088106087,65,46
65,4964,2459.83258533272,70,5
90,9198,7607.98062267091,95,5
3,1003,51.0547305271975,86,83
99,6812,6487.61904761905,99,0
8,7092,423.812603514744,85,77
76,8070,5277.78381094454,89,13
1,9302,450.521711829073,69,68
87,8786,6978.67710581167,97,10
66,9105,4642.28765311376,93,27
70,5422,3078.69921173624,75,5
3,4463,227.17573513747,82,79
48,2105,593.019246004581,60,12
96,6274,5669.19422633246,98,2
79,6960,4839.08918048283,81,2
23,8904,944.049626542871,73,50
72,5355,3196.12351562073,91,19
75,2294,1467.90918314633,91,16
95,7491,6640.42966362218,97,2
45,2426,611.139043172192,72,27
38,6836,1315.04156186538,85,47
8,8686,519.068848579959,87,79
47,2815,764.249740885927,69,22
88,2281,1837.18451934557,88,0
74,7983,4994.52532544881,79,5
4,4306,225.573339152792,74,70
24,1557,171.756414367796,88,64
2,6174,306.112431155679,82,80
43,7067,1650.07862463871,49,6
18,1769,154.065166555802,71,53
81,8320,6004.38199739659,91,10
85,1583,1220.87462618335,94,9
28,4841,626.261510775929,59,31
45,7984,2011.26715609513,88,43
78,5806,3958.03859604811,85,7
50,5692,1724.93075644247,81,31
65,8477,4200.64480778918,75,10
21,4706,461.031247853188,61,40
39,6534,1307.09182987788,63,24
45,1115,280.882124129017,73,28
7,8980,518.240942471087,83,76
62,6422,2911.03267500695,63,1
17,2767,231.79280165201,84,67
48,8604,2423.91334566433,66,18
8,7535,450.285951421827,68,60
7,7878,454.643891401695,84,77
83,4422,3303.38679582387,89,6
28,3730,482.535723031236,83,55
80,5083,3601.81171629748,93,13
88,8096,6520.75662806741,91,3
12,7224,499.841875477848,82,70
68,7440,4008.33267610915,82,14
22,5726,583.55439080012,79,57
75,8251,5279.73786841341,75,0
12,4616,319.389548339666,66,54
67,9550,5006.82393891176,80,13
5,5577,301.276849806262,87,82
60,4611,1963.99165695491,92,32
88,3015,2428.3697175918,94,6
9,3166,196.07398287531,87,78
74,7851,4911.94016411107,75,1
58,2025,808.757728171884,76,18
66,6661,3396.18649724226,70,4
21,9897,969.576340842117,78,57
41,5579,1206.22495848205,90,49
0,3030,195.835484675571,73,73
44,8723,2115.84755637575,52,8
18,8343,726.605813779002,74,56
90,1968,1627.80015931902,96,6
37,5153,953.115745259771,60,23
55,2440,881.536044943753,63,8
66,8683,4427.12616056967,81,15
83,2908,2172.37648174035,86,3
20,9396,884.975643665356,90,70
28,2132,275.808622386755,78,50
27,3617,449.624468083998,60,33
11,3708,247.140141254743,48,37
83,5944,4440.37338633584,88,5
95,1088,964.462351357754,96,1
12,7235,500.602985753354,87,75
17,3689,309.029145390049,58,41
57,1182,456.775541666401,67,10
88,1293,1041.42024704683,90,2
42,8838,1985.97046060723,48,6
94,4761,4153.67366408753,99,5
1,2065,100.013688983771,52,51
74,4896,3063.15871143648,89,15
88,2932,2361.51907528331,98,10
23,9911,1050.81714383046,81,58
61,7204,3166.3075419045,82,21
56,9815,3668.24038229299,66,10
68,9200,4956.54040594142,90,22
99,5968,5683.80952380952,99,0
82,1364,1001.85225938155,85,3
22,1895,193.125317947298,52,30
0,4946,319.670728450619,67,67
16,6318,509.185772076342,81,65
11,5604,373.509533870437,80,69
54,8902,3107.63133660681,86,32
39,8011,1602.55779754387,75,36
96,3136,2833.69351191881,97,1
17,4750,397.90957999532,84,67
37,2678,495.331644829355,81,44
28,4943,639.456857625576,77,49
79,6116,4252.28009020589,85,6
46,4480,1171.76222941284,86,40
47,7616,2067.68242507539,79,32
32,6912,1048.76315650006,68,36
38,2032,390.895911894449,74,36
14,3622,270.349073556029,73,59
66,1595,813.22886399961,68,2
5,9896,534.594890744625,78,73
8,2599,155.314291671576,79,71
22,2545,259.368830699669,79,57
9,1565,96.922230953841,77,68
28,2934,379.56027114575,72,44
17,2578,215.960188890091,54,37
49,8767,2562.05265649514,60,11
36,5362,953.452902112199,60,24
46,6321,1653.28327056218,90,44
39,5096,1019.42760407984,78,39
49,6146,1796.09622753726,79,30
14,1219,90.9871674944226,57,43
24,6880,758.949345440231,80,56
79,5860,4074.29060310767,84,5
46,4512,1180.13195962293,62,16
40,3185,662.44079195838,65,25
66,2228,1135.97110281576,82,16
47,8855,2404.06090783122,74,27
54,2069,722.274683828297,90,36
55,2101,759.060340338863,69,14
92,8549,7256.37292114127,94,2
67,4153,2177.31306997911,86,19
50,2030,615.180856566798,60,10
36,5573,990.972216238584,79,43
75,3678,2353.5178620803,75,0
30,3373,472.583341334931,91,61
15,2879,223.272010698673,79,64
78,2986,2035.60166169474,90,12
73,6007,3672.02021456943,80,7
19,1922,174.064160417516,42,23
51,3997,1255.60428987732,67,16
52,2692,876.281853112989,87,35
93,6050,5203.93288211386,94,1
96,6766,6113.76604006462,98,2
24,4018,443.235242729484,74,50
63,3728,1741.82739126714,82,19
54,2041,712.500062684173,85,31
54,4904,1711.95507467084,68,14
25,7026,806.468688527475,69,44
39,9949,1990.2443549824,92,53
2,5388,267.141849541108,86,84
64,3814,1835.73826034731,75,11
17,4572,382.998442050232,61,44
86,6472,5066.97776967019,88,2
48,5613,1581.29074955996,81,33
89,8949,7305.5349259777,96,7
46,9101,2380.40358256389,78,32
13,8956,643.517245865386,53,40
17,2208,184.965126869403,90,73
21,1465,143.521202317238,55,34
27,6029,749.456985921599,74,47
54,2552,890.886898564434,87,33
76,9506,6216.92848907544,77,1
19,8826,799.31856391519,75,56
15,2911,225.753672505675,90,75
84,3123,2371.24547232959,90,6
65,6272,3107.99153408679,92,27
5,5307,286.691095915696,65,60
68,4527,2438.94113235835,77,9
93,1017,874.776816712363,98,5
28,3208,415.00659503598,58,30
63,2839,1326.46136368225,85,22
2,6951,344.636784736496,78,76
33,3529,557.178621148738,54,21
17,7524,630.288774712586,71,54
85,3379,2606.02360194159,87,2
81,6813,4916.80944089699,81,0
44,3184,772.309826837142,72,28
38,6987,1344.08943720793,87,49
59,8714,3594.98852131104,67,8
98,3331,3123.28421839424,99,1
99,2695,2566.66666666667,99,0
96,2188,1977.07952936172,97,1
38,8614,1657.07548477302,87,49
49,6480,1893.70379994166,61,12
64,1807,869.737555439849,75,11
90,6272,5187.78587360208,96,6
28,5779,747.606955334454,60,32
3,2579,131.276321066443,40,37
95,1002,888.227275790872,99,4
26,8803,1051.50429901494,68,42
56,2193,819.607861270355,82,26
30,6324,886.041224607799,68,38
8,1205,72.0098966772796,75,67
39,5134,1027.02930128451,44,5
9,7248,448.876888149163,69,60
16,6725,541.987071417126,81,65
79,7517,5226.35536920826,91,12
30,6536,915.744061359357,78,48
2,4580,227.080488288469,80,78
95,1014,898.864728195553,96,1
30,3067,429.710378853909,83,53
34,2133,350.417932383031,54,20
69,6171,3414.27681538282,72,3
97,1133,1043.72169050567,98,1
77,7455,4979.56409062572,97,20
20,3580,337.187399353126,64,44
83,2983,2228.40407325703,84,1
5,9462,511.149641898307,71,66
61,2856,1255.27128535248,78,17
94,8253,7200.22448009124,99,5
54,2421,845.155635354426,80,26
59,8896,3670.07320238502,85,26
29,2211,297.670374396235,74,45
74,6223,3893.38984094551,77,3
11,6700,446.558507660943,70,59
14,2243,167.419373822797,57,43
75,1832,1172.27969639236,88,13
53,5017,1691.57711014903,86,33
46,6000,1569.32441439219,85,39
59,7380,3044.64256223038,86,27
34,8210,1348.77225732053,68,34
77,3086,2061.29239217585,93,16
62,5455,2472.70059828136,88,26
37,7860,1453.81132500326,59,22
5,1709,92.3224199962171,75,70
39,2571,514.314829295381,44,5
70,4700,2668.73594525273,80,10
16,8825,711.232104870801,90,74
19,4865,440.594245801881,90,71
93,8873,7632.14817570187,96,3
36,6169,1096.95094239652,84,48
3,4553,231.756917338315,85,82
15,7861,609.635733276232,85,70
7,8623,497.638268032091,53,46
68,9501,5118.70547791842,86,18
25,8207,942.027971355677,87,62
63,8899,4157.86533124633,78,15
47,9264,2515.1011010896,75,28
74,4137,2588.29403374443,88,14
49,1988,580.969622574694,85,36
51,1928,605.655509352883,86,35
59,9066,3740.20724514642,70,11
67,9182,4813.89082796731,73,6
65,1446,716.54269105381,70,5
79,1373,954.607678850996,83,4
39,3150,630.140689335064,73,34
42,5337,1199.26729444001,76,34
29,9326,1255.57390846643,79,50
30,7219,1011.43763447876,83,53
19,9521,862.260599029744,77,58
8,6615,395.307441095605,68,60
41,5576,1205.57633419895,85,44
44,5855,1420.18656913677,66,22
42,4665,1048.26343049703,83,41
44,9035,2191.52615749798,69,25
33,5560,877.844469704445,84,51
79,9746,6776.11539554392,80,1
19,5447,493.302539955364,91,72
37,2813,520.301686671014,87,50
51,6255,1964.92490197214,80,29
65,8157,4042.0738111521,85,20
39,8664,1733.18696266635,73,34
26,8758,1046.12912084208,56,30
85,3961,3054.88590923073,87,2
61,4808,2113.21580531327,80,19
67,2346,1229.94858227089,73,6
1,1461,70.7602903657574,85,84
83,9193,6867.48865083872,98,15
59,3464,1429.08425956179,80,21
24,4887,539.096722553257,88,64
81,7559,5455.18311518279,85,4
95,5431,4814.33366748526,96,1
68,3991,2150.16877827307,83,15
49,6298,1840.51644012848,92,43
56,5099,1905.69105545716,82,26
75,9908,6340.03669861109,78,3
27,9212,1145.13149018241,49,22
15,5636,437.082685758153,80,65
51,5946,1867.85666940469,73,22
8,1662,99.3198740893267,74,66
28,6410,829.236993198451,77,49
35,3415,583.702227632129,74,39
88,3379,2721.54602843871,91,3
9,7937,491.547442224049,85,76
14,5921,441.948333662409,73,59
28,1180,152.652051790042,79,51
15,9164,710.685899980077,83,68
50,1803,546.389696743811,57,7
72,2369,1413.93400719057,80,8
31,4981,726.260683640986,78,47
53,7673,2587.09809969573,81,28
86,6427,5031.74692918268,86,0
80,9045,6409.28329213274,95,15
40,2806,583.613457530679,57,17
89,7430,6065.49608895008,89,0
69,3163,1750.01743105751,77,8
55,2153,777.847174083566,58,3
42,9919,2228.87995007503,67,25
83,5750,4295.44868294601,83,0
51,5713,1794.66282413538,78,27
83,8985,6712.10546369911,84,1
86,6413,5020.78622325323,91,5
69,2229,1233.25603978096,85,16
5,2303,124.411078555464,79,74
54,1756,613.008383181484,57,3
86,8066,6314.9324304944,93,7
52,7821,2545.83966314884,54,2
62,5340,2420.57217136984,82,20
11,1076,71.7159633198768,84,73
87,3809,3025.4701907622,88,1
55,3743,1352.29074435429,81,26
25,4871,559.110301995065,62,37
47,4391,1192.12099901602,86,39
86,1593,1247.17175325782,86,0
10,2930,188.200567154926,82,72
99,1884,1794.28571428571,99,0
2,1950,96.6827406468374,61,59
93,1200,1032.18503446887,96,3
90,4391,3631.94639205784,91,1
15,9515,737.906627925626,67,52
14,1160,86.583358731362,18,4
70,9863,5600.37077192079,74,4
33,1572,248.196314096293,64,31
49,8299,2425.28515983269,83,34
99,3146,2996.19047619048,99,0
77,9682,6467.08779683947,78,1
4,4474,234.374156843844,86,82
44,3192,774.250303788995,78,34
5,3317,179.188687611148,73,68
24,7280,803.07430738443,73,49
39,6230,1246.27825224046,81,42
86,7407,5798.99634424399,89,3
35,5358,915.805720542591,77,42
21,7427,727.598614068344,64,43
41,4579,990.01686411352,89,48
5,5382,290.742694218631,50,45
78,2995,2041.73709871927,91,13
46,8289,2168.02167848282,75,29
2,4319,214.139875309585,89,87
84,4833,3669.62195573772,85,1
0,2131,137.731161004502,81,81
12,8826,610.687208328833,48,36
14,5109,381.339982550455,60,46
26,1507,180.008744588835,53,27
56,8737,3265.35060826224,87,31
90,2169,1794.05413900557,94,4
3,5322,270.900574143315,57,54
28,8090,1046.57211778088,62,34
83,8256,6167.51727415691,83,0
72,4198,2505.56984473872,88,16
20,5382,506.911336122493,90,70
83,4674,3491.63950331994,89,6
35,3835,655.489910093475,69,34
56,2245,839.042247401709,62,6
39,4723,944.810944676034,71,32
39,3524,704.957393402148,69,30
57,3590,1387.33011385988,87,30
66,3500,1784.51474858849,69,3
66,2041,1040.62702910546,80,14
89,1511,1233.50802024274,92,3
39,7302,1460.72613127766,80,41
86,1183,926.179651038293,88,2
0,7061,456.367774684557,73,73
30,9697,1358.62456594273,46,16
50,8777,2659.82383156984,67,17
27,2373,294.984479613859,75,48
46,6410,1676.56158270899,66,20
37,9397,1738.09987545237,90,53
32,8825,1339.02414006265,59,27
62,1383,626.90099494466,76,14
32,3882,589.018890846824,85,53
69,1146,634.056268097345,70,1
8,5761,344.273041292786,55,47
61,3449,1515.90709495122,84,23
28,4572,591.462017613622,72,44
50,4591,1391.27847906314,73,23
25,2669,306.357092183295,66,41
16,8801,709.297875917044,67,51
76,2695,1762.53127267603,84,8
16,6846,551.73880905898,86,70
93,9851,8473.37897879399,94,1
64,3231,1555.13117964923,82,18
59,6681,2756.26788052319,80,21
49,4239,1238.79790246183,77,28
87,8601,6831.73250479014,94,7
87,7825,6215.35947564037,97,10
52,8061,2623.96285956308,87,35
53,2919,984.196448978476,66,13
27,7425,922.991892597093,78,51
48,3898,1098.14205269637,82,34
46,6934,1813.61591489925,75,29
30,4817,674.898889774789,79,49
40,6677,1388.73380468009,79,39
88,9001,7249.67025805765,91,3
50,9093,2755.58597475955,77,27
77,7052,4710.38041141416,88,11
83,9181,6858.52423619605,92,9
51,6250,1963.35421859726,72,21
78,4373,2981.14067869762,84,6
87,7908,6281.2859723149,87,0
31,2361,344.248438883029,65,34
83,7621,5693.15033264896,93,10
78,6142,4187.09491163063,87,9
84,1347,1022.75621236886,90,6
89,5040,4114.41457446951,90,1
58,5936,2370.7584565078,60,2
77,1281,855.643407121603,85,8
14,2844,212.278510544822,85,71
45,4809,1211.44586092954,77,32
23,9409,997.592423196527,69,46
77,9028,6030.24877399987,92,15
96,4685,4233.37184417717,98,2
73,5053,3088.84936644237,83,10
63,8248,3853.69965750306,77,14
70,5882,3339.89464467587,70,0
21,8559,838.496908282073,73,52
76,5099,3334.74840793138,87,11
76,7712,5043.65164188405,89,13
97,3144,2896.25860101486,97,0
91,9539,7992.62627333908,91,0
97,5029,4632.72407904063,97,0
90,3413,2823.0091177621,93,3
68,7983,4300.87631093808,76,8
32,1821,276.301751734175,76,44
66,1250,637.32669592446,93,27
21,6963,682.142069443636,65,44
96,3411,3082.18385496016,98,2
0,5289,341.839563844586,50,50
95,9336,8275.9379708419,95,0
39,3230,646.144262397542,81,42
26,5338,637.615579704844,88,62
83,2171,1621.8120157697,92,9
56,5173,1933.34768187485,68,12
66,2302,1173.70084321448,87,21
79,2279,1584.52359803454,83,4
25,4933,566.226877384861,74,49
95,4010,3554.6820118976,95,0
68,8377,4513.14554136644,82,14
55,6194,2237.80092720558,76,21
19,2581,233.745888677216,84,65
65,5993,2969.73744639384,76,11
73,1113,680.365989481568,85,12
59,1634,674.11191689491,83,24
52,4599,1497.03575128776,90,38
79,5759,4004.06818827595,91,12
65,9646,4779.92447987902,86,21
30,9131,1279.32359612489,72,42
47,3927,1066.1487504295,85,38
59,4311,1778.51681379067,66,7
3,2241,114.071436801046,85,82
12,2469,170.834660929514,83,71
75,9439,6039.92797720933,76,1
68,2902,1563.46524543935,84,16
22,1975,201.278365670667,63,41
32,1564,237.306941083059,91,59
30,3495,489.67648323913,90,60
18,1715,149.362216304805,79,61
22,5901,601.389182694989,69,47
4,5034,263.710215814017,51,47
62,3863,1751.06185355837,71,9
42,7210,1620.14562355489,79,37
65,4701,2329.50704747162,78,13
91,5724,4796.07849759858,93,2
57,9935,3839.31049615541,76,19
2,5417,268.57969542765,82,80
15,5033,390.318871082467,71,56
71,1638,953.888146287262,72,1
66,7574,3861.68991594548,68,2
81,1922,1387.06997584089,85,4
83,2365,1766.73671915953,86,3
31,4341,632.944715455836,89,58
0,1430,92.4240076191639,77,77
13,1475,105.983467803868,48,35
11,5925,394.904351924043,78,67
63,6233,2912.23447686913,65,2
54,8275,2888.7496417009,88,34
4,1777,93.0896014107087,42,38
54,7037,2456.57174968571,81,27
21,3118,305.460142542763,67,46
44,8606,2087.46808095491,65,21
39,1098,219.649040282508,87,48
92,2580,2189.89848362902,94,2
90,3228,2669.9892857123,90,0
40,5372,1117.30986951347,85,45
11,4576,304.992795680071,84,73
98,7318,6861.66133599791,98,0
46,9602,2511.44217116564,72,26
96,6362,5748.7111361057,98,2
19,9120,825.944403229836,57,38
7,9478,546.980807654895,57,50
93,2140,1840.72997813614,97,4
43,4875,1138.26705746621,78,35
15,4278,331.767162823524,90,75
94,8209,7161.83724185981,94,0
39,9492,1898.82394386299,77,38
46,4265,1115.52810456378,85,39
50,1425,431.838778624476,78,28
10,3779,242.733769037019,76,66
6,1490,83.1375647656515,49,43
77,1814,1211.66053124012,78,1
63,1530,714.859417553307,67,4
22,4185,426.506309028729,86,64
17,3065,256.756392144348,77,60
33,3808,601.228730329951,60,27
32,9628,1460.8639569998,81,49
57,5923,2288.90146640448,89,32
55,2996,1082.41065190635,76,21
96,2751,2485.80703166092,96,0
35,6245,1067.41446897881,64,29
46,3486,911.777484761864,54,8
37,8372,1548.51252072866,67,30
31,2644,385.5115935649,65,34
1,1211,58.6520955735333,57,56
79,3729,2592.66717730179,93,14
52,6009,1956.00953022138,58,6
15,9206,713.943081101767,81,66
95,5552,4921.59464589912,96,1
3,1800,91.6236440169047,65,62
91,1090,913.299364497284,92,1
70,5440,3088.9199025904,88,18
3,5867,298.642177470656,74,71
36,2658,472.636667999669,47,11
11,6134,408.834311342123,77,66
80,3357,2378.76882384628,93,13
35,5514,942.469716885376,83,48
22,7571,771.584053920312,71,49
20,6211,584.991881950354,75,55
86,1723,1348.9497368884,89,3
92,3832,3252.5934066924,95,3
74,6338,3965.33903453521,92,18
68,8274,4457.65383899558,80,12
9,6607,409.179028697781,74,65
95,9088,8056.09728781182,98,3
3,9097,463.055716456546,68,65
98,2489,2333.78997886018,98,0
26,4336,517.928279055865,82,56
82,9648,7086.41539480437,82,0
43,6254,1460.25070305511,63,20
29,5026,676.658209731106,82,53
21,4000,391.86676400611,80,59
30,6976,977.391458390893,73,43
16,5507,443.824952013994,86,70
76,8677,5674.7620975918,78,2
33,5643,890.948982471615,82,49
80,7221,5116.79763985523,80,0
11,8287,552.332888505408,82,71
72,4388,2618.97105257587,72,0
11,5212,347.382528646095,63,52
52,5544,1804.6458371688,83,31
85,3293,2539.69686924938,91,6
53,9813,3308.63986085159,69,16
33,2537,400.55601072665,64,31
22,3243,330.504172086062,82,60
13,4300,308.968753597718,25,12
58,4814,1922.64676712072,59,1
92,6691,5679.30649378363,95,3
90,4629,3828.80433815434,91,1
9,3290,203.75344398603,24,15
17,5937,497.345089775203,83,66
19,5130,464.593726816783,84,65
3,3916,199.332327761222,88,85
45,7580,1909.49461963941,78,33
61,6644,2920.17591732558,86,25
99,7545,7185.71428571429,99,0
83,4856,3627.5997920671,94,11
31,6800,991.482161967217,46,15
17,6764,566.623241913335,89,72
24,5957,657.13099575399,86,62
24,3974,438.381496915622,72,48
12,5910,408.923793476479,12,0
49,8962,2619.03911343783,87,38
57,4360,1684.89116892175,73,16
23,6272,664.990931904413,73,50
18,8368,728.783105561871,29,11
42,4276,960.851967589559,62,20
42,9772,2195.8478548375,77,35
95,6759,5991.54506693663,96,1
37,6481,1198.74697167254,82,45
58,4581,1829.58970506439,66,8
80,5392,3820.76898962739,82,2
74,5346,3344.6990341788,77,3
28,5047,652.910936766394,69,41
12,3394,234.837115915257,88,76
50,3164,958.833610924802,85,35
60,1974,840.797989769895,73,13
74,8253,5163.44951909421,74,0
62,7160,3245.56118857828,70,8
51,3087,969.739915649559,79,28
59,2766,1141.12213104732,76,17
26,6601,788.478913756403,79,53
1,6687,323.869994302409,71,70
96,8255,7459.2282974776,98,2
54,5141,1794.6902607836,62,8
62,3204,1452.3433028219,83,21
3,6044,307.651835798985,79,76
14,7874,587.721867802366,83,69
32,9501,1441.59414784536,71,39
89,4685,3824.6095796408,94,5
19,3114,282.016542944924,79,60
87,6682,5307.48012986952,97,10
23,4301,456.014986945293,59,36
51,8452,2655.08317689345,69,18
0,4829,312.108764190869,86,86
97,4733,4360.04833288911,99,2
73,3351,2048.43345081108,85,12
86,5503,4308.34033783916,89,3
46,1918,501.660704467371,82,36
87,9181,7292.42368637115,87,0
16,3275,263.94165931466,70,54
30,5794,811.784132728904,91,61
65,4208,2085.20860577762,83,18
67,1876,983.53944601031,74,7
68,2382,1283.31296162527,84,16
61,7295,3206.30393089857,63,2
34,9422,1547.88455645238,76,42
72,8815,5261.21919518146,95,23
16,6015,484.766131535169,40,24
88,5083,4093.99776932641,88,0
8,9439,564.067564096964,76,68
93,1593,1370.22563325742,98,5
66,7017,3577.69714024155,77,11
77,1950,1302.50167360431,77,0
72,1638,977.637781248693,79,7
14,7276,543.086653559819,61,47
29,8984,1209.5299156833,80,51
33,2379,375.610070760229,80,47
72,8440,5037.40102181866,77,5
21,8177,801.07363231949,89,68
8,3473,207.543876481487,64,56
12,5692,393.839971652812,85,73
8,4324,258.398998533242,78,70
1,6546,317.040972439595,48,47
20,5233,492.877558886846,91,71
55,2564,926.335417719583,79,24
97,3624,3338.43548666599,97,0
34,1907,313.289731389799,82,48
85,5884,4537.98250187166,90,5
69,6582,3641.67395865334,76,7
38,9657,1857.71743167554,80,42
80,2326,1648.20264648986,82,2
41,5506,1190.44176759315,72,31
94,1160,1012.02718973777,94,0
89,2132,1740.46267316845,91,2
77,3403,2273.03240783358,80,3
17,4218,353.343707035844,64,47
32,2689,408.004069419657,62,30
96,9776,8833.60579480812,96,0
68,3006,1619.49570220216,69,1
32,8737,1325.67183135721,88,56
58,3612,1442.58415513918,84,26
68,2265,1220.2786977671,90,22
48,1090,307.074098881232,68,20
5,9526,514.607005783478,28,23
26,6029,720.154426759181,61,35
88,1239,997.92705807504,95,7
80,5700,4039.01766336723,82,2
56,5052,1888.12536029997,76,20
66,1639,835.662763696151,90,24
21,8788,860.931280521423,83,62
49,8974,2622.54597232661,59,10
12,1054,72.9282027621334,78,66
40,2147,446.549569963781,67,27
16,1872,150.86985839299,84,68
37,6110,1130.1255974262,85,48
0,8463,546.982081455234,38,38
10,8595,552.076407746277,90,80
25,4504,516.984767026437,87,62
65,5543,2746.74698237294,77,12
22,6689,681.696702770172,85,63
75,1494,955.996651970627,90,15
36,9421,1675.21070324488,79,43
58,5106,2039.26763459044,61,3
76,4351,2845.55605469885,81,5
19,8015,725.87109560166,67,48
86,1155,904.258239179398,93,7
7,2964,171.054137359054,74,67
26,4254,508.133509940878,83,57
55,3257,1176.70610589418,68,13
37,1406,260.058361699056,62,25
78,6962,4746.101396088,89,11
71,5822,3390.43759931895,79,8
61,7988,3510.89181631498,83,22
10,3305,212.287670459738,48,38
21,3179,311.436110693856,85,64
67,6912,3623.78712730451,83,16
43,8807,2056.35240514973,74,31
57,6739,2604.23889618433,86,29
15,9647,748.143482879507,56,41
4,3617,189.479509455562,60,56
26,7599,907.688420790017,86,60
10,3725,239.265226161127,80,70
48,5815,1638.19805962786,72,24
20,9359,881.490745962544,25,5
33,4541,716.958945490626,70,37
28,4648,601.293844678066,46,18
4,8731,457.380590836746,54,50
43,3660,854.575883143862,79,36
78,2963,2019.92221152093,87,9
40,1175,244.38553549485,70,30
98,9182,8609.42530570277,99,1
30,2948,413.037560111289,60,30
32,3351,508.44984627195,85,53
75,3779,2418.14681914123,77,2
52,4865,1583.6222939802,71,19
51,5689,1787.12354393597,92,41
10,6155,395.349655576304,63,53
82,9043,6642.04544104642,83,1
65,1904,943.497429990633,67,2
10,5316,341.458776449006,68,58
71,8954,5214.35559331877,82,11
85,5139,3963.40789889844,85,0
7,3642,210.181905621347,83,76
24,2166,238.93666892784,45,21
44,6139,1489.07350092752,84,40
74,6779,4241.24855082269,76,2
27,5580,693.642392012361,75,48
14,9155,683.336766539327,70,56
86,2948,2308.01150571504,86,0
76,4027,2633.65990169438,93,17
67,1740,912.238078922143,72,5
1,6167,298.684949134583,71,70
47,1656,449.59061133467,76,29
68,5675,3057.43117431713,89,21
86,5840,4572.18018771228,87,1
52,3860,1256.48140899559,66,14
79,4823,3353.29412607309,91,12
47,6179,1677.54854313824,72,25
37,6502,1202.63120040346,77,40
21,7713,755.617087694781,76,55
29,8872,1194.45118120461,81,52
64,9606,4623.51906892927,86,22
92,2485,2109.26268675121,96,4
91,5912,4953.60169074123,94,3
96,2371,2142.43855764015,98,2
8,6237,372.718444461571,79,71
30,9741,1364.78930564588,63,33
60,9851,4195.8971617139,73,13
40,4868,1012.48407386292,42,2
39,4348,869.794195945669,71,32
78,3451,2352.59924129556,79,1
63,1234,576.559817817504,90,27
81,6955,5019.28807594871,92,11
89,5204,4248.29631855939,98,9
59,6511,2686.13383776179,80,21
16,6118,493.067197461706,53,37
30,2541,356.013717857119,82,52
5,8638,466.636081876725,76,71
35,2133,364.578873071547,59,24
88,4302,3464.95738808621,88,0
5,1813,97.9406363096206,68,63
92,5401,4584.35725196912,96,4
87,4106,3261.3758475373,89,2
7,2874,165.860185819811,80,73
78,4811,3279.73194722484,80,2
90,6852,5667.52372543391,90,0
48,5837,1644.39588547684,76,28
75,7573,4845.891998242,77,2
22,4103,418.149435112276,71,49
33,5164,815.321734092401,62,29
73,7256,4435.52167086995,78,5
70,4957,2814.66469800379,88,18
73,5599,3422.61381411258,87,14
27,8257,1026.41670803693,88,61
24,4707,519.240489678367,68,44
38,4190,806.030448246919,81,43
79,8760,6090.57776164219,90,11
45,9883,2489.64845988078,70,25
26,1844,220.262856683352,55,29
89,5144,4199.31519267284,89,0
91,4811,4031.08554366645,98,7
24,1943,214.337002643949,85,61
19,4424,400.655486829912,28,9
23,4265,452.198074708597,80,57
4,3308,173.292291202377,56,52
48,6477,1824.69627381077,49,1
37,8766,1621.38805025173,59,22
28,1766,228.460613102725,74,46
17,5273,441.721519013752,82,65
14,5147,384.176333957173,83,69
29,6562,883.452282581679,79,50
43,3473,810.913126272851,76,33
74,6687,4183.68919595092,92,18
6,4563,254.601817466891,90,84
55,1311,473.644981525107,88,33
5,1419,76.6562398915342,54,49
72,1317,786.04942485014,94,22
12,3726,257.808807866897,89,77
66,5186,2644.1409960514,70,4
66,5401,2753.7611877504,89,23
26,3658,436.942261251465,45,19
27,3650,453.726654273318,88,61
47,1795,487.327987527616,84,37
53,6944,2341.30186423657,73,20
93,4438,3817.36431914402,94,1
92,8673,7361.62385601336,97,5
17,3513,294.285548320749,77,60
15,6934,537.745092804655,27,12
49,2645,772.970146735445,77,28
49,3268,955.034570711317,82,33
2,3495,173.285219774716,69,67
23,4566,484.111702020974,63,40
88,5893,4746.39560390332,94,6
74,6902,4318.20290570559,89,15
47,3526,957.280492491573,89,42
7,8670,500.350664947029,63,56
19,6046,547.550423456972,78,59
50,4236,1283.69759035318,75,25
42,4582,1029.61265563502,88,46
69,6890,3812.08349667601,78,9
40,1138,236.689990972884,74,34
17,9072,759.965412572114,59,42
72,2416,1441.98588491871,79,7
12,9909,685.621974544573,67,55
91,4253,3563.54330018986,92,1
41,3622,783.105717802832,50,9
52,1248,406.240621354016,86,34
8,1405,83.9617467481973,75,67
88,3504,2822.22470661416,91,3
71,2796,1628.24863065884,74,3
87,1913,1519.48660407668,93,6
81,6027,4349.56854546986,81,0
51,4221,1325.97090507185,59,8
96,8151,7365.2537677456,96,0
96,2426,2192.13662624841,98,2
27,7441,924.980831355551,61,34
13,8053,578.633807609865,36,23
28,9364,1211.3845872559,75,47
12,4630,320.358234144855,65,53
42,3186,715.920104943951,72,30
67,6799,3564.54407965037,71,4
65,8531,4227.40366347169,69,4
22,9572,975.512160101074,76,54
5,5855,316.294774182476,66,61
28,3333,431.177363234078,88,60
59,3378,1393.60468498838,71,12
35,7817,1336.10550904842,88,53
43,4073,951.007533345615,86,43
64,6073,2923.03053358395,83,19
35,5403,923.497257949164,70,35
41,8925,1929.65724223917,83,42
14,3480,259.750076194086,80,66
47,1073,291.310824856341,70,23
67,3961,2076.65231644288,87,20
44,2128,516.166869192663,88,44
2,4919,243.888410893227,86,84
11,4420,294.595314009159,83,72
37,4800,887.823709925655,92,55
26,1960,234.118871528942,88,62
61,2651,1165.16952992627,79,18
57,6774,2617.76439868714,77,20
42,2580,579.746977638228,63,21
44,5637,1367.3085721988,85,41
20,1253,118.015589773594,58,38
46,9924,2595.66258140469,90,44
88,4760,3833.84406492106,92,4
20,9486,893.452421861384,58,38
80,6900,4889.33717144455,82,2
65,3594,1780.95050598022,88,23
69,3392,1876.7180291328,79,10
28,5962,771.280959976469,59,31
51,2525,793.195104313293,91,40
47,9973,2707.58886886513,83,36
95,7271,6445.40970286969,96,1
51,7633,2397.80524008846,75,24
9,4437,274.788459260187,90,81
14,4954,369.77065444411,86,72
90,1022,845.331180296768,95,5
3,5001,254.561024293634,84,81
3,2463,125.371686229798,65,62
66,5279,2691.55810222818,77,11
32,4069,617.392546845886,89,57
67,2442,1280.27895903901,67,0
61,3979,1748.85309678484,75,14
86,3031,2372.99283372533,92,6
19,1389,125.793506149807,87,68
78,4546,3099.07741261362,93,15
71,5121,2982.21074306292,89,18
46,2494,652.315848249022,66,20
22,3253,331.523303051483,77,55
88,1050,845.700896673762,92,4
97,1954,1800.02840533812,97,0
93,8314,7151.32198047846,93,0
33,2624,414.292066277781,91,58
80,4095,2901.71532131383,80,0
63,8487,3965.36723972217,81,18
49,3120,911.78331108302,86,37
39,8509,1702.1800398578,71,32
82,6988,5132.65658985208,84,2
60,8519,3628.55018989348,83,23
88,8818,7102.2766732088,91,3
94,2845,2482.08392655514,96,2
6,5476,305.544499769602,78,72
53,9896,3336.62489177492,61,8
34,7554,1241.00190399504,86,52
94,2435,2124.38466121679,94,0
81,9266,6687.09177738904,91,10
1,4953,239.887555223543,67,66
57,8834,3413.83683170981,94,37
44,4037,979.213181828374,92,48
22,6612,673.849394336429,51,29
39,2895,579.129300198416,83,44
41,8954,1935.92727697586,86,45
52,3439,1119.44030195229,60,8
88,2047,1648.71403380113,97,9
40,8809,1832.16355929713,83,43
52,3510,1142.55174755817,76,24
97,8193,7547.40671695763,97,0
86,6049,4735.8078690876,89,3
17,7020,588.068474014136,62,45
32,5475,830.726024571448,91,59
77,5781,3861.41650005463,95,18
15,6093,472.523918439394,60,45
15,8563,664.077189167329,89,74
39,3853,770.772087621588,88,49
93,3495,3006.23891289057,97,4
60,8144,3468.8241280071,67,7
98,8432,7906.19409471637,98,0
89,5566,4543.81577807485,97,8
42,6833,1535.43065821783,64,22
15,8744,678.114088763181,63,48
75,9945,6363.71265317797,76,1
28,7259,939.068850799931,61,33
40,6070,1262.4852769819,73,33
97,8786,8093.67941110579,99,2
69,5072,2806.22460016556,94,25
57,3389,1309.65508520088,68,11
2,2144,106.301433818882,86,84
39,3269,653.9460042655,80,41
42,6493,1459.02989372287,59,17
11,8357,556.998425152612,58,47
3,3592,182.840071838179,63,60
13,4830,347.050948808599,88,75
46,3727,974.812015406618,62,16
33,1314,207.461804530871,55,22
96,8653,7818.86159395199,99,3
99,3684,3508.57142857143,99,0
57,6205,2397.87837228428,79,22
65,2811,1392.94709858386,77,12
33,7795,1230.71900024211,81,48
87,2658,2111.23648386608,87,0
50,9084,2752.85857194719,53,3
94,5627,4909.20430746073,96,2
16,5001,403.044958238966,81,65
17,7317,612.94829406858,69,52
93,7241,6228.37652882421,93,0
49,2452,716.56816627422,78,29
89,6537,5336.49366533872,95,6
82,6159,4523.759578835,92,10
58,3192,1274.84181151835,90,32
5,4987,269.404276489839,68,63
34,4869,799.899162106414,45,11
76,3448,2254.99362826974,76,0
10,2459,157.947165404083,70,60
13,3439,247.103149679663,61,48
28,8024,1038.03395217229,87,59
31,6069,884.897829555741,77,46
12,4565,315.860764335046,60,48
50,2436,738.217027880157,66,16
28,9546,1234.92922575233,74,46
43,1183,276.2194726118,80,37
20,6656,626.904840808494,80,60
12,5567,385.190991249333,65,53
97,6784,6249.43331720256,99,2
7,5242,302.518821874547,76,69
68,2295,1236.4413295256,80,12
47,9205,2499.08307810123,73,26
72,1083,646.386884671755,76,4
8,8895,531.558531904068,46,38
87,3475,2760.17561378279,90,3
28,7137,923.286181038587,55,27
48,2082,586.539700798831,89,41
92,7809,6628.2625033562,94,2
18,9429,821.187368826826,82,64
54,1219,425.545113381679,81,27
7,9550,551.135968886289,77,70
16,9037,728.317793962314,68,52
79,3196,2222.08750299183,86,7
38,4400,846.428155676956,85,47
1,4451,215.574300080757,85,84
31,1003,146.243618890164,52,21
52,5694,1853.4728349277,60,8
28,2520,326.00268687365,87,59
24,9356,1032.08285987483,84,60
88,5014,4038.42313897357,93,5
6,2583,144.12371126824,63,57
15,3816,295.938170484938,74,59
56,9396,3511.64407865766,83,27
54,4077,1423.2546573069,77,23
75,6591,4217.51936622383,82,7
71,3590,2090.63397141103,88,17
52,5640,1835.89511573449,85,33
89,8445,6894.09346853075,91,2
65,6562,3251.69649978915,92,27
12,9160,633.797283966928,87,75
21,2410,236.099725313681,83,62
88,2896,2332.52361596878,96,8
59,5311,2191.07000650481,87,28
22,4716,480.622163292589,60,38
93,6852,5893.77654681722,97,4
46,9976,2609.26339299609,68,22
91,8498,7120.38348577791,93,2
23,4146,439.581059259518,88,65
11,7826,521.606997157394,88,77
46,5227,1367.14311900467,89,43
1,8953,433.618671899128,51,50
23,5516,584.835774933791,72,49
22,8797,896.529510280939,65,43
35,5682,971.184789869915,69,34
43,4596,1073.12315817737,79,36
3,8614,438.470038645343,84,81
63,4826,2254.84414974658,83,20
86,2238,1752.14713357878,93,7
86,5226,4091.47494194938,92,6
72,2492,1487.34636805357,81,9
95,3114,2760.41889901475,99,4
93,8840,7603.76308725398,94,1
41,6838,1478.43094929204,87,46
6,2692,150.205586811499,12,6
5,6438,347.789198323959,9,4
33,6083,960.418688707219,79,46
3,4330,220.40576588511,67,64
49,2218,648.184417942993,69,20
48,2285,643.7287302235,76,28
35,2807,479.781011116658,84,49
66,2572,1311.36340953417,74,8
67,7764,4070.46922112156,93,26
83,8208,6131.65961558623,83,0
60,8774,3737.16391197622,78,18
49,8786,2567.60518306904,91,42
86,2611,2044.17165584191,90,4
65,5530,2740.30503563456,76,11
46,4167,1089.89580579538,74,28
2,5881,291.585229612334,63,61
36,4057,721.402167823423,83,47
99,4492,4278.09523809524,99,0
68,6634,3574.09663619732,78,10
68,2881,1552.15140320839,87,19
80,9224,6536.12261875427,85,5
81,1693,1221.80513480678,84,3
57,6096,2355.75609306124,72,15
92,2825,2397.85395978759,93,1
89,4817,3932.36805659119,92,3
17,6159,515.942126987615,65,48
80,9864,6989.62635639551,89,9
55,2959,1069.04309712646,91,36
6,1611,89.8890045889024,76,70
5,4759,257.087417648916,64,59
67,8001,4194.72233876785,84,17
50,2371,718.519118679742,72,22
86,4529,3545.78836817619,86,0
53,2033,685.464673098062,85,32
25,5920,679.518166251445,80,55
80,2524,1788.50536532261,80,0
55,2677,967.16065258788,90,35
41,2311,499.656906085683,57,16
70,5143,2920.27850349677,71,1
77,4579,3058.54110945341,82,5
38,9496,1826.74585597918,84,46
77,7999,5342.92866008252,79,2
46,8553,2237.07195271607,62,16
79,9891,6876.92975347065,85,6
92,1966,1668.73659643979,95,3
25,6536,750.224786253284,89,64
31,6368,928.493883442241,87,56
67,5943,3115.76488680132,77,10
42,3169,712.100066719203,83,41
21,6692,655.593096182222,61,40
36,1547,275.082364708611,77,41
17,6190,518.539010562322,75,58
8,3120,186.448861106317,75,67
9,2416,149.625629383054,84,75
7,1036,59.7881532739472,74,67
14,6866,512.483914697872,87,73
89,2079,1697.19601196867,89,0
57,4805,1856.85827217179,91,34
10,7378,473.905728487729,79,69
89,8785,7171.65318188782,89,0
55,8819,3186.17474604875,75,20
99,1813,1726.66666666667,99,0
10,1346,86.456642795403,69,59
77,7967,5321.55427364388,94,17
91,2176,1823.24717169366,93,2
53,1869,630.168949345931,85,32
75,1939,1240.74799743711,84,9
46,9556,2499.41068398863,69,23
78,3294,2245.56995097872,97,19
99,6905,6576.19047619048,99,0
90,3357,2776.68960103351,92,2
90,5168,4274.62968666702,91,1
56,7134,2666.24828194378,81,25
11,7770,517.874567839631,45,34
20,2520,237.349789488793,84,64
29,4908,660.771685905346,77,48
19,9629,872.041519594308,81,62
55,7396,2672.06581491967,72,17
16,9246,745.161704434609,86,70
90,5719,4730.38064590726,93,3
66,5558,2833.80942075852,77,11
17,5079,425.470054062364,72,55
33,3869,610.859757785341,59,26
60,8660,3688.60718916276,60,0
65,3272,1621.38844061415,68,3
11,2363,157.495187104897,73,62
24,6920,763.361841634651,87,63
67,9564,5014.16378552378,90,23
85,4243,3272.37589317496,90,5
8,5451,325.747673682864,87,79
18,8929,777.641533169449,30,12
34,5661,930.012149657919,52,18
12,5795,400.966731505278,87,75
44,9372,2273.26874909475,76,32
4,5277,276.439969974288,76,72
61,2304,1012.65582683897,90,29
75,1211,774.907594067221,81,6
23,7976,845.658111108035,82,59
82,1719,1262.59826530563,85,3
11,2908,193.819722429556,75,64
81,3353,2419.79481217197,92,11
17,4743,397.323186930063,82,65
76,1851,1210.55487410884,87,11
24,5942,655.476309681083,81,57
28,7886,1020.18142408159,78,50
0,2157,139.411597506669,55,55
23,8102,859.017303936472,68,45
5,6146,332.014975597864,49,44
66,5379,2742.54423790213,71,5
15,8765,679.742679324026,89,74
20,1101,103.699253264746,21,1
23,4699,498.213072228768,72,49
7,9944,573.87393451364,17,10
86,7069,5534.37358680447,86,0
31,8204,1196.19406717339,76,45
45,3557,896.051762804406,89,44
12,1210,83.722130305675,86,74
97,8566,7891.01500518236,98,1
65,9987,4948.9016981704,79,14
9,3465,214.591393134223,71,62
33,4371,690.118377172325,76,43
2,1124,55.7289233266899,65,63
38,4337,834.308843447945,71,33
65,1381,684.332957361903,69,4
30,7792,1091.71935834029,80,50
30,1787,250.372496580351,36,6
53,4677,1576.93963407754,92,39
46,4996,1306.72412905057,76,30
54,8455,2951.58649191312,91,37
80,7245,5133.80403001677,88,8
53,4611,1554.68647695778,75,22
25,3565,409.203084913243,73,48
34,9318,1530.79901263248,78,44
28,2183,282.406295811579,68,40
46,3092,808.72518155011,87,41
41,6370,1377.24556112757,87,46
58,3906,1560.00379567377,92,34
77,7057,4713.7201592952,79,2
55,6512,2352.68964125972,72,17
65,9863,4887.45543697354,93,28
78,4123,2810.71187246062,87,9
45,4714,1187.51420012931,59,14
82,3800,2791.08400707469,89,7
98,9556,8960.10326958132,98,0
62,7635,3460.87425625631,74,12
8,7957,475.504355071463,80,72
61,6713,2950.50284963977,71,10
39,1853,370.682761059642,75,36
49,7937,2319.4949166878,80,31
16,1870,150.708672646844,68,52
78,1215,828.283998311824,86,8
67,7350,3853.41947130905,69,2
14,1414,105.542128660471,84,70
19,9794,886.984592679059,72,53
49,4369,1276.78887375696,87,38
3,9001,458.169122108977,60,57
4,6015,315.100704831409,55,51
62,9843,4461.74005295755,81,19
73,7928,4846.30868338712,93,20
33,4670,737.326200273337,84,51
89,5086,4151.96677098252,89,0
45,5596,1409.70077724303,70,25
77,7588,5068.4013842613,77,0
44,6388,1549.47084605392,79,35
17,6351,532.026051063216,88,71
96,6675,6031.53832654912,99,3
60,2147,914.484946320144,85,25
50,3275,992.471578943971,70,20
64,3587,1726.47958570157,94,30
9,1448,89.676287809049,74,65
95,3862,3423.4867655732,97,2
51,1202,377.592283320625,90,39
5,1418,76.6022185808284,66,61
49,6574,1921.17419457044,71,22
53,7167,2416.49056177757,77,24
19,3944,357.184728765183,39,20
85,6409,4942.88406772526,92,7
67,9932,5207.09689646823,69,2
64,9316,4483.93750220123,65,1
69,1667,922.31396066167,88,19
99,1151,1096.19047619048,99,0
71,9442,5498.54204959971,87,16
48,6741,1899.07018399852,70,22
58,1218,486.452796500422,65,7
63,3428,1601.6588780214,67,4
26,4333,517.569933844341,87,61
84,4125,3132.04853453716,90,6
57,5801,2241.75542910896,65,8
73,9138,5585.96982199691,84,11
39,9496,1899.62412251612,82,43
56,8584,3208.16866445268,90,34
89,3148,2569.87640484722,92,3
3,4925,250.692470435142,64,61
74,1894,1184.97193616436,77,3
12,8007,554.019088725239,71,59
94,5489,4788.80796937124,96,2
41,2158,466.577067647298,84,43
61,6863,3016.43096336626,83,22
64,4657,2241.48743535328,66,2
2,2235,110.813295049067,84,82
80,6755,4786.5902308852,87,7
3,3646,185.588781158686,81,78
47,3885,1054.7460899971,85,38
95,9268,8215.65907388204,96,1
99,4172,3973.33333333333,99,0
29,5454,734.280516488948,59,30
4,7958,416.88635229399,90,86
12,2006,138.798837515028,78,66
93,5047,4341.19822413697,98,5
13,2561,184.01604138692,81,68
30,6685,936.620111717764,86,56
71,1243,723.860174502483,78,7
69,6053,3348.99004432219,86,17
36,9211,1637.86920577312,86,50
59,9832,4056.22299076546,64,5
16,7940,639.907412201037,39,23
35,2759,471.576704549647,67,32
97,9796,9024.09327466336,98,1
21,7708,755.127254239773,85,64
98,3072,2880.43504020027,99,1
66,6902,3519.0630842165,73,7
16,6729,542.309442909418,87,71
36,1498,266.369348631868,83,47
32,9950,1509.72126839925,83,51
67,1100,576.702233801355,94,27
16,8167,658.201994388649,75,59
72,5031,3002.74461383527,72,0
51,5415,1701.05009499267,54,3
66,3105,1583.11951267636,71,5
43,8602,2008.48681606653,61,18
90,7656,6332.53964418009,97,7
94,3639,3174.799089186,98,4
75,2977,1904.95450663759,85,10
78,8740,5958.19106604555,79,1
46,1159,303.141166046759,66,20
19,4267,386.436926379573,75,56
43,2916,680.858818373634,84,41
62,4673,2118.22729528301,75,13
83,5372,4013.0696217019,90,7
1,5136,248.750753811451,67,66
82,6338,4655.23432548405,90,8
82,7407,5440.41032642163,86,4
17,4985,417.595632900351,82,65
34,3804,624.936622027685,69,35
38,1972,379.353709771581,45,7
50,8386,2541.33333161043,79,29
15,4879,378.375873636272,72,57
98,1338,1254.56448039973,98,0
36,6715,1194.03883582309,83,47
24,5398,595.466361436972,47,23
30,7943,1112.87562413975,88,58
89,9947,8120.25431989051,92,3
61,6280,2760.19036134928,80,19
17,1555,130.263030924784,68,51
4,5423,284.088299634369,64,60
16,1561,125.805474867232,75,59
28,4350,562.742733293801,54,26
26,2524,301.487771295434,82,56
41,4094,885.155938344781,64,23
55,9313,3364.64966662343,89,34
87,4077,3238.34128845825,89,2
84,4914,3731.12399968864,94,10
14,6076,453.517661768755,67,53
49,2450,715.983689792756,51,2
3,5219,265.65766562457,77,74
69,8579,4746.56956719644,70,1
11,4006,267.001997267125,44,33
53,5152,1737.09493153036,80,27
77,3892,2599.65975059897,81,4
8,5491,328.138043697047,76,68
19,2547,230.666709980964,65,46
16,7461,601.303425998985,64,48
65,8640,4281.41690920119,82,17
50,6248,1893.42364129525,85,35
13,9735,699.490887505531,65,52
4,8436,441.926774057816,78,74
76,1248,816.192589350532,79,3
30,9458,1325.13882073696,84,54
58,9820,3921.9757484681,92,34
60,6138,2614.39618095624,87,27
17,9612,805.201449034739,80,63
67,9234,4841.15311538337,73,6
0,6654,430.062480208333,71,71
20,2798,263.53361547208,51,31
60,2967,1263.75260164502,89,29
49,4705,1374.98092264282,57,8
69,4455,2464.85224639936,94,25
38,1384,266.240128967479,83,45
56,2199,821.850290439358,83,27
7,8879,512.412174632603,35,28
81,3872,2794.34700648072,90,9
13,6820,490.038813845683,85,72
45,5304,1336.14240930969,67,22
30,5994,839.805676834147,87,57
53,4779,1611.33087689899,91,38
45,4512,1136.62793190146,79,34
36,8063,1433.73568626085,77,41
79,5896,4099.32037473086,81,2
81,3307,2386.59750785944,88,7
84,2869,2178.38721105142,86,2
70,6617,3757.23952122071,85,15
1,6316,305.901433230748,5,4
71,9133,5318.59611724149,81,10
64,5170,2488.4024137377,77,13
31,4506,657.00273850357,86,55
77,6245,4171.34510341484,84,7
69,5410,2993.23246981382,75,6
13,8281,595.016336870396,85,72
0,3810,246.24857974057,77,77
24,5759,635.289139591612,69,45
3,3957,201.419310763829,79,76
12,5536,383.04604410927,55,43
11,9430,628.514436901895,84,73
60,1287,548.17984439405,91,31
13,8788,631.445908515522,68,55
12,7740,535.544866583409,37,25
26,8844,1056.40168357243,62,36
53,8475,2857.50767560554,86,33
72,6713,4006.6437274252,72,0
80,2782,1971.32405955924,80,0
2,5337,264.613224016498,78,76
66,7851,4002.92151176234,76,10
6,6117,341.310391725832,62,56
46,6358,1662.96077111759,69,23
97,5130,4725.76546539639,98,1
85,5737,4424.61006343265,86,1
19,6208,562.221804303818,57,38
47,2636,715.652688090694,70,23
54,8715,3042.35083110856,56,2
39,3283,656.746629551433,69,30
38,8135,1564.93023782546,53,15
99,4427,4216.19047619048,99,0
3,5408,275.278148246345,35,32
54,4218,1472.4768566398,67,13
65,5661,2805.22003738286,72,7
24,5763,635.730389211054,84,60
25,7659,879.126627587807,49,24
96,5317,4804.44783254857,98,2
76,8011,5239.19778308262,82,6
50,6593,1997.97408243591,85,35
98,5637,5285.48578177374,99,1
21,4060,397.744765466201,85,64
73,6154,3761.87987355756,76,3
1,3939,190.776717146282,60,59
23,4745,503.090237864547,80,57
79,4355,3027.90709497166,90,11
35,4982,851.538652434339,83,48
38,5087,978.586369983789,55,17
68,8240,4439.33618966927,75,7
46,2910,761.122340980214,79,33
12,7442,514.925697301515,72,60
82,6608,4853.54818914462,86,4
20,3581,337.281585777526,40,20
81,8408,6067.88988390751,81,0
31,2324,338.853609472325,60,29
22,8835,900.402207949539,83,61
28,5412,700.129579904839,60,32
18,2065,179.844301264969,62,44
47,9413,2555.55339643312,80,33
64,5802,2792.59396605534,69,5
28,7703,996.507419439574,87,59
79,1235,858.660220962112,86,7
25,2766,317.491089164104,52,27
45,9956,2508.03805186412,78,33
38,2003,385.317180868396,86,48
97,2381,2193.3815931986,99,2
80,5000,3542.99795032213,85,5
77,6998,4674.31113429897,94,17
5,5768,311.594920151071,80,75
89,2790,2277.62235372419,89,0
11,4978,331.786306139728,76,65
84,3121,2369.72690334315,94,10
54,8203,2863.61490161601,82,28
5,5907,319.103882339177,83,78
81,8943,6453.9889666728,87,6
7,3459,199.620870824887,82,75
72,9484,5660.51081646069,93,21
27,4444,552.427740161815,67,40
12,3936,272.339094944741,58,46
27,8474,1053.39168994852,66,39
98,3165,2967.63571036259,98,0
29,9587,1290.71274506409,49,20
4,1337,70.0398407912873,78,74
16,5244,422.629026395748,46,30
27,2380,295.854640320684,85,58
5,7095,383.281199457671,70,65
46,5498,1438.02427172138,84,38
9,4477,277.265704779774,69,60
65,7183,3559.42334013798,78,13
99,2133,2031.42857142857,99,0
54,1582,552.266094642999,82,28
4,8665,453.923126743833,50,46
73,4586,2803.37684435083,79,6
24,7508,828.225535692624,78,54
81,2810,2027.92228517841,83,2
20,3741,352.351413681577,75,55
49,5321,1554.99967893357,74,25
3,7420,377.693021447463,89,86
25,8174,938.240116712721,48,23
26,4558,544.445824708633,82,56
44,1795,435.394516071819,90,46
72,4626,2761.02098660345,86,14
35,6787,1160.05476396464,74,39
71,5610,3266.97954863952,71,0
34,5242,861.177122152766,76,42
82,7441,5465.38318332704,88,6
70,4835,2745.39112665893,76,6
56,6082,2273.0757009787,69,13
65,9965,4937.99994215161,72,7
59,3889,1604.4193664653,83,24
98,4970,4660.07882480317,98,0
9,3464,214.529461996233,83,74
67,8146,4270.74217867803,78,11
44,8610,2088.43831943084,60,16
60,3664,1560.63010867117,83,23
37,3686,681.774623913742,74,37
20,3750,353.19909150118,77,57
5,4243,229.212421324722,79,74
40,2499,519.761236767344,67,27
47,8340,2264.24257157678,81,34
27,6740,837.840452000593,52,25
10,1701,109.259100590624,82,72
48,8273,2330.66423857288,72,24
69,4841,2678.41744664856,87,18
14,2077,155.028996625033,46,32
66,6322,3223.34349730755,86,20
88,2824,2274.53269733972,88,0
3,6869,349.646005973399,89,86
79,3694,2568.33267711258,86,7
80,6701,4748.32585302172,95,15
37,9646,1784.15573040476,68,31
63,1046,488.72088285017,71,8
52,9599,3124.60234325096,54,2
55,3689,1332.78134008094,73,18
30,5713,800.43540736628,55,25
15,8797,682.224341131028,67,52
55,5817,2101.59638255648,76,21
51,2881,905.027760604593,61,10
20,2475,233.111400390778,50,30
94,8808,7684.42714414682,96,2
40,2005,417.015318014616,90,50
89,6588,5378.12762234228,97,8
45,2681,675.376659004389,61,16
10,3255,209.076056685763,88,78
14,7363,549.580405464671,84,70
42,3755,843.779031407576,70,28
64,9743,4689.45932631458,91,27
37,9546,1765.65940311465,76,39
40,1682,349.835294214755,81,41
3,8603,437.910116376351,72,69
98,5133,4812.91440799088,99,1
44,7998,1939.99183261415,79,35
3,5342,271.918614632392,51,48
11,1813,120.837399162581,56,45
8,3182,190.153934628302,54,46
93,7761,6675.65671042739,97,4
84,3144,2387.19044668724,94,10
50,2021,612.453453754432,93,43
56,5510,2059.29745353382,83,27
60,1095,466.400100708224,60,0
88,2551,2054.65046420454,89,1
70,8486,4818.48792157759,79,9
18,4823,420.043130751064,32,14
72,8664,5171.09507737404,85,13
43,2890,674.788060733815,78,35
83,9214,6883.17637646339,87,4
81,3916,2826.10094973618,81,0
22,8608,877.26793503448,80,58
5,3365,181.781710525027,61,56
51,1312,412.147317567937,52,1
29,8465,1139.65613716152,78,49
74,1004,628.147742296206,93,19
90,6142,5080.25842405357,90,0
38,2533,487.273299620393,82,44
33,1929,304.561507564725,90,57
61,2699,1186.26652631874,87,26
8,7662,457.87537621686,84,76
29,6270,844.139867690815,66,37
28,9818,1270.11681735139,83,55
42,5888,1323.08147454802,83,41
15,7950,616.537855176955,74,59
42,6485,1457.23222867593,79,37
28,2833,366.494290441687,81,53
72,5793,3457.54314210847,86,14
20,9753,918.600197176268,81,61
4,7430,389.226639550684,59,55
27,5652,702.592616425423,76,49
96,4800,4337.28598763083,96,0
65,9243,4580.22413098919,86,21
61,9632,4233.46394275737,67,6
22,5732,584.165869379373,79,57
83,6590,4922.9577079329,84,1
37,4849,896.886910297813,80,43
9,1472,91.1626351208012,55,46
67,9474,4966.97905730367,71,4
42,8850,1988.66695817764,70,28
19,2886,261.367932864178,88,69
59,8724,3599.11405323818,89,30
7,2445,141.102350149422,55,48
41,2941,635.86800553786,88,47
36,3360,597.463959548115,65,29
98,2302,2158.45099692091,98,0
52,9510,3095.63165791402,85,33
33,9746,1538.75399311862,70,37
88,5809,4678.73953216941,89,1
72,1500,895.272693451185,79,7
7,4992,288.091178709985,56,49
46,5233,1368.71244341906,75,29
5,3078,166.277594352461,27,22
2,8699,431.304185070174,84,82
4,6643,347.998999533674,64,60
72,8996,5369.2487668579,80,8
87,6133,4871.41209764887,88,1
29,5542,746.128093579345,68,39
73,4971,3038.72357027212,76,3
20,8277,779.581034761404,65,45
43,5907,1379.22943763136,87,44
44,8116,1968.61386765397,80,36
93,5051,4344.63884091853,97,4
25,5495,630.735189789137,49,24
83,2373,1772.71299558798,91,8
18,5966,519.588911063829,75,57
42,3472,780.186630372065,67,25
8,6117,365.54733441902,84,76
44,2175,527.567171284794,79,35
25,5820,668.039818848549,63,38
89,4334,3538.06999320453,90,1
57,4493,1736.28807843244,77,20
29,6291,846.967130405569,45,16
92,6236,5293.103466632,98,6
77,7466,4986.911535964,88,11
32,6292,954.690072439005,86,54
96,5674,5127.03347787861,96,0
25,6651,763.424885766615,64,39
14,1587,118.454991643682,39,25
99,5084,4841.90476190476,99,0
71,7613,4433.42518784183,87,16
62,8030,3639.92407043067,82,20
4,7793,408.242692061707,88,84
14,5917,441.649770356439,49,35
18,2520,219.471011713183,29,11
53,2813,948.456529967952,68,15
53,3510,1183.46335591451,67,14
89,6806,5556.09237973005,91,2
86,1473,1153.22284529113,87,1
28,1341,173.480001229192,71,43
51,8161,2563.66940447556,74,23
10,8820,566.528669729164,63,53
14,2759,205.934040292955,82,68
63,7111,3322.46099230168,82,19
87,2058,1634.65939947193,98,11
1,6055,293.260477867667,69,68
66,4034,2056.78071308742,76,10
19,4175,378.105031083834,71,52
92,2446,2076.15957013821,98,6
88,3211,2586.23388497091,93,5
75,5750,3679.37131782537,84,9
89,2129,1738.01361687412,99,10
39,6816,1363.50442492311,66,27
15,5829,452.050208531631,71,56
41,2595,561.060004886347,55,14
49,4990,1458.26882125137,87,38
81,7140,5152.79897372736,87,6
13,7164,514.7563141335,70,57
94,2484,2167.13408561089,94,0
69,9454,5230.68757294267,92,23
16,9265,746.692969022999,90,74
63,4095,1913.30020580444,66,3
33,7652,1208.14134571554,69,36
33,1951,308.034992876506,48,15
71,7803,4544.07155401679,92,21
55,7421,2681.0979465277,89,34
84,8392,6371.91546711173,95,11
8,2067,123.522370482935,88,80
3,1561,79.4580601724379,61,58
80,6123,4338.75528996449,88,8
94,2600,2268.33680458466,99,5
74,1057,661.306935863635,88,14
77,5602,3741.85352591352,78,1
7,8613,497.061162305509,76,69
93,3759,3233.31962047372,95,2
68,6169,3323.5758439405,83,15
17,3184,266.725074253705,78,61
68,7995,4307.34136364148,87,19
14,2296,171.375337626903,69,55
13,5630,404.533507617477,87,74
70,8188,4649.2787063254,86,16
33,7895,1246.50756984111,87,54
12,1723,119.217545881552,69,57
39,1688,337.675391618282,74,35
99,5612,5344.7619047619,99,0
56,9330,3486.97735779864,64,8
89,4111,3356.02347532622,95,6
76,7162,4683.95138215425,87,11
58,3975,1587.56146641148,86,28
26,3779,451.395518116262,72,46
19,3660,331.464530243553,88,69
97,5745,5292.30460013689,97,0
86,8251,6459.77033027638,87,1
58,1857,741.66079072355,89,31
59,9316,3843.34554332496,86,27
80,3075,2178.94373944811,80,0
65,5154,2553.98411458599,69,4
86,4820,3773.61446999541,90,4
82,1736,1275.08469375833,89,7
18,3582,311.962366649453,66,48
49,6455,1886.39784392336,86,37
24,5324,587.303243477295,81,57
92,1537,1304.60231369682,97,5
6,5452,304.205371209619,56,50
4,5084,266.329506793496,69,65
75,6015,3848.94234377732,83,8
53,4539,1530.4103055544,58,5
30,3409,477.627219273875,69,39
43,6945,1621.59276186725,60,17
22,2123,216.361503958899,75,53
99,3305,3147.61904761905,99,0
48,5334,1502.69104902064,84,36
43,6696,1563.45358293205,83,40
3,5841,297.318724834856,61,58
21,9388,919.71129512234,35,14
89,2735,2232.72298832819,89,0
55,9199,3323.46314649081,67,12
82,6103,4482.62781452022,91,9
39,2059,411.891961695523,60,21
56,3942,1473.27596403454,88,32
59,1687,695.977236108759,90,31
44,3364,815.970558253815,85,41
71,1716,999.31139134856,90,19
86,2954,2312.70895111337,87,1
36,1279,227.427501268464,86,50
58,9281,3706.70640748803,86,28
18,1746,152.062058115562,81,63
15,3557,275.852220234519,57,42
75,6680,4274.46963531713,93,18
39,9497,1899.8241671794,62,23
75,1918,1227.31029349375,79,4
39,3926,785.375348041099,80,41
63,3918,1830.60078298945,94,31
4,3233,169.363354733158,63,59
91,1783,1493.9566668795,93,2
48,7908,2227.83667335118,79,31
1,2188,105.970920821545,87,86
89,4946,4037.67747724726,92,3
22,4519,460.545283273794,83,61
67,6819,3575.0295748104,84,17
49,9159,2676.61004686198,81,32
77,1513,1010.60770880171,83,6
56,5622,2101.15613135519,63,7
74,3992,2497.57548530523,86,12
14,6426,479.641951041148,43,29
1,7288,352.978094582916,54,53
41,6998,1513.02424439101,80,39
25,6461,741.616025701112,70,45
97,8427,7762.96794871255,98,1
83,5176,3866.65084920496,95,12
74,6967,4358.86984121281,79,5
27,6993,869.290546118716,74,47
96,2227,2012.31997801122,97,1
28,1831,236.869412565735,61,33
41,2804,606.247496609371,71,30
55,5136,1855.56111755374,78,23
64,4527,2178.91638819933,84,20
34,2736,449.481229723382,71,37
31,2845,414.818639823049,76,45
46,5841,1527.7373174108,74,28
6,5289,295.110456406397,74,68
29,6718,904.454805605565,55,26
25,1132,129.934892600783,35,10
44,2569,623.135661163511,85,41
46,7202,1883.71240540876,86,40
20,8603,810.285809115906,79,59
64,2478,1192.70042190368,78,14
55,3378,1220.42162287705,65,10
38,7581,1458.35723822432,49,11
64,7631,3672.92046793663,84,20
13,3655,262.62344055806,88,75
27,1322,164.336064917624,45,18
97,3259,3002.19681320211,98,1
47,2451,665.426683805118,91,44
92,4250,3607.39091295478,92,0
3,7524,382.986831990662,82,79
42,6250,1404.42581792206,68,26
49,9139,2670.76528204735,84,35
14,6192,462.175997641891,80,66
4,4970,260.357523360283,73,69
40,4618,960.487151417205,89,49
47,8623,2341.07478353796,81,34
65,1241,614.95814633318,84,19
80,6218,4406.07225102061,85,5
78,8514,5804.1234252073,88,10
36,7126,1267.12148087496,78,42
55,4172,1507.28212274809,92,37
72,1457,869.608209572251,72,0
76,5397,3529.64054865771,90,14
77,4448,2971.03971497025,79,2
83,4918,3673.91593438756,84,1
73,4193,2563.13979685194,90,17
98,7173,6725.70330187388,98,0
68,4744,2555.85083541153,81,13
96,1781,1609.31382166052,98,2
27,4752,590.714811262139,72,45
91,2851,2388.8224662218,91,0
72,7834,4675.71085366439,86,14
75,4853,3105.38939224461,83,8
8,2164,129.31901776733,31,23
63,1982,926.046644176899,88,25
19,3849,348.581141231539,75,56
19,9735,881.641312000269,90,71
28,2811,363.648235238822,73,45
25,7653,878.437926743633,62,37
12,9966,689.565909608559,79,67
34,7079,1162.96696827917,90,56
73,9029,5519.33919050231,83,10
1,1359,65.82014689053,77,76
58,2856,1140.64793662168,84,26
46,3968,1037.84654605137,61,15
21,3480,340.924084685316,39,18
28,6784,877.61993164716,73,45
5,7371,398.191081212473,77,72
65,7770,3850.30201209413,89,24
6,6184,345.04879228912,83,77
32,3710,562.921196558918,91,59
31,8603,1254.37074108882,54,23
5,1076,58.1269303194439,67,62
90,2888,2388.76364843157,90,0
26,9009,1076.11067020625,88,62
66,8342,4253.26343792147,75,9
74,7016,4389.52645413364,82,8
84,8987,6823.6897405783,85,1
10,4800,308.314922301586,74,64
45,2450,617.184936426987,79,34
50,7896,2392.84140071499,72,22
81,7483,5400.33539501426,93,12
37,4434,820.127152043824,79,42
4,5135,269.001183592566,80,76
6,8695,485.155117877409,79,73
70,3255,1848.24159612716,71,1
69,3449,1908.25485922142,70,1
5,6752,364.751889885581,70,65
46,7959,2081.70883569124,72,26
74,5957,3726.96822794671,76,2
96,5926,5354.74099222923,96,0
19,9115,825.491582833328,77,58
27,6442,800.796467624306,60,33
23,6623,702.205826212201,75,52
2,2734,135.55416047613,90,88
92,1202,1020.2550299698,95,3
19,7450,674.702390796302,73,54
30,1608,225.293214606158,70,40
26,2102,251.080544874407,80,54
46,7377,1929.4843674952,58,12
54,3945,1377.1743004846,64,10
3,1006,51.207436600559,86,83
55,1530,552.766454411452,66,11
58,6502,2596.8112338635,72,14
66,8606,4387.86683610072,89,23
26,5802,693.039639087206,87,61
20,1180,111.139980792371,79,59
86,3552,2780.88767581405,86,0
96,5167,4668.9076454351,96,0
43,5375,1255.01239669351,50,7
99,7136,6796.19047619048,99,0
33,9561,1509.54513936047,68,35
69,8088,4474.9102062577,86,17
24,3587,395.690596234609,87,63
74,4038,2526.35516274111,80,6
91,7161,6000.12545794959,95,4
31,8568,1249.26752407869,63,32
54,7109,2481.7064897706,87,33
7,5620,324.333418339366,65,58
99,2026,1929.52380952381,99,0
2,8162,404.679245722814,73,71
71,5070,2952.51092898438,89,18
35,1893,323.557340236492,75,40
37,6539,1209.4748415008,88,51
34,2447,402.003131993098,43,9
2,3151,156.229392706761,63,61
65,7076,3506.40116313746,85,20
88,9703,7815.08171469097,93,5
81,1470,1060.87037694387,82,1
63,1204,562.54296649293,74,11
1,8208,397.5362514183,64,63
69,8504,4705.07373813248,78,9
71,2942,1713.27162782486,92,21
50,9245,2801.64877781283,79,29
8,9145,546.498344492715,81,73
21,5584,547.046002552529,84,63
84,3815,2896.67034163861,96,12
48,2269,639.221220515152,80,32
61,6380,2804.14243716695,82,21
12,2309,159.763966013061,71,59
77,8476,5661.54060793342,80,3
89,8685,7090.01797207691,90,1
61,8533,3750.43062952125,68,7
95,5550,4919.82173716501,97,2
65,4321,2141.20398896509,66,1
50,3305,1001.56292165185,73,23
24,7404,816.753045587132,81,57
36,5724,1017.82253108732,71,35
95,7156,6343.46745065817,97,2
61,8114,3566.27143184524,93,32
5,1937,104.63927883714,36,31
18,4601,400.708779719188,87,69
54,9430,3291.95276389601,66,12
37,3731,690.097971194295,82,45
30,4069,570.098314821179,71,41
85,4116,3174.42827629227,89,4
88,6559,5282.8116012221,90,2
91,2218,1858.43852335319,94,3
58,4717,1883.90627347495,71,13
80,8118,5752.41147214302,80,0
23,5549,588.334611150763,82,59
97,6594,6074.40496663232,97,0
28,3852,498.318392792579,75,47
10,8666,556.636899305322,84,74
50,2566,777.612846280986,88,38
81,6780,4892.99398345539,91,10
89,6954,5676.91249025019,92,3
77,5657,3778.59075260492,87,10
57,7906,3055.21779392096,81,24
54,5526,1929.09130151531,82,28
23,8968,950.835248296998,68,45
68,5824,3137.7055787177,76,8
86,7417,5806.82541990788,93,7
41,1663,359.554060934873,75,34
47,5607,1522.25516772554,81,34
54,9122,3184.43193131065,84,30
59,2965,1223.22021639743,70,11
39,3307,661.547701470177,81,42
81,8101,5846.33396164781,96,15
20,2477,233.299773239579,58,38
16,6204,499.998184546,68,52
41,5940,1284.2760805491,86,45
34,1532,251.683203193063,88,54
84,4107,3118.38141365918,85,1
48,3659,1030.81112642792,75,27
29,3070,413.318882585455,68,39
71,4996,2909.41708110571,81,10
43,4127,963.616029982164,87,44
18,1409,122.71216488249,58,40
63,6013,2809.44423382225,76,13
83,6351,4744.41644963306,87,4
97,9615,8857.35574069908,97,0
40,5758,1197.59311776965,81,41
11,7348,489.748046909345,67,56
25,1798,206.380686304071,71,46
98,9191,8617.8640802346,98,0
82,5304,3895.7656772432,90,8
13,7575,544.287978721561,70,57
63,9133,4267.19677157801,67,4
56,4821,1801.79183729338,71,15
56,6289,2350.43950730929,83,27
45,4120,1037.87834207314,67,22
43,8124,1896.87827176523,73,30
62,4365,1978.61376929388,79,17
19,2670,241.806091735051,43,24
0,8336,538.773795463881,75,75
57,6223,2404.83434500001,78,21
15,6691,518.899973457736,30,15
49,4103,1199.05350172232,54,5
55,5398,1950.21785680589,70,15
72,2357,1406.77182564296,84,12
87,4949,3930.96665111108,93,6
35,4686,800.945428604439,74,39
7,2351,135.677556319546,52,45
8,1292,77.2089514581288,74,66
78,9998,6815.78881903013,95,17
6,2717,151.600512394816,11,5
13,4353,312.776973118806,68,55
72,7567,4516.35231423008,75,3
59,9043,3730.718521714,76,17
96,9018,8148.67604926142,96,0
23,3410,361.546409087061,31,8
0,8474,547.693035359997,83,83
87,5065,4023.10488742728,94,7
37,3600,665.867782444241,57,20
90,5911,4889.19041754814,94,4
53,2335,787.289725373327,84,31
79,9353,6502.8737219908,88,9
42,9716,2183.26419950892,82,40
10,6792,436.265615056744,81,71
24,2245,247.651348911819,87,63
74,3747,2344.29242070108,92,18
32,6388,969.256227390395,81,49
4,1069,56.0004411412761,43,39
35,4873,832.908039605085,89,54
46,9588,2507.78041419873,55,9
52,6148,2001.25588147796,81,29
63,7901,3691.57141051548,85,22
22,3291,335.396000720083,41,19
0,5595,361.617008831624,71,71
15,3176,246.304934344907,67,52
53,6395,2156.19605728584,66,13
75,3158,2020.77471681609,77,2
7,2686,155.01059816006,77,70
9,4912,304.205749805282,67,58
26,2447,292.290244199654,86,60
13,6346,455.980397751423,60,47
42,7555,1697.66992870419,79,37
42,5641,1267.57856622374,88,46
57,9824,3796.41533107507,67,10
13,5884,422.784220039296,74,61
90,1168,966.092777482021,96,6
71,9956,5797.86958756775,80,9
86,2460,1925.95261331716,96,10
80,9414,6670.75654086651,94,14
18,6037,525.772419727177,84,66
1,3224,156.147280040521,87,86
93,4996,4297.33036017204,93,0
4,5968,312.638571310698,64,60
3,3735,190.119061335077,54,51
67,6386,3348.01860459586,70,3
13,1474,105.911614605357,66,53
74,4923,3080.05113080102,75,1
99,5095,4852.38095238095,99,0
46,1525,398.869955324683,75,29
67,2513,1317.50246685709,87,20
71,5677,3305.99695144859,85,14
7,4142,239.037191950472,65,58
99,8900,8476.19047619048,99,0
86,1722,1348.16682932201,87,1
69,3058,1691.92327036796,69,0
59,9247,3814.87937302768,84,25
64,8030,3864.96545112451,72,8
3,3713,188.999216797093,64,61
4,8528,446.746269460058,80,76
28,2243,290.168264546666,61,33
11,7470,497.879410780186,67,56
44,8067,1956.72844632388,63,19
89,4332,3536.43728900831,98,9
63,5792,2706.18676239788,73,10
90,2597,2148.06758828836,96,6
82,8616,6328.41573814619,92,10
58,5680,2268.51550420558,90,32
34,7496,1231.47342763394,63,29
34,6091,1000.65430199018,78,44
88,2296,1849.26596072663,90,2
72,9612,5736.90741963519,76,4
32,1140,172.973090047754,66,34
24,9456,1043.11410036088,86,62
13,4310,309.687285582829,63,50
51,5785,1817.28066473362,74,23
18,6069,528.559353209249,64,46
1,4488,217.366312910006,72,71
89,2434,1987.00100679738,91,2
24,7730,852.714889571655,89,65
32,6807,1032.83142452198,59,27
57,9420,3640.29238789975,66,9
2,3437,170.409528001631,71,69
45,2949,742.889133682933,86,41
97,3480,3205.78242097065,98,1
86,4443,3478.45831746673,95,9
77,1938,1294.48627868983,80,3
75,6896,4412.68601873457,82,7
65,2677,1326.54549374208,84,19
56,3467,1295.75032148852,75,19
33,1595,251.827685104063,50,17
46,3299,862.866873846641,91,45
77,1372,916.426818556471,82,5
92,2266,1923.3759550013,92,0
32,3619,549.113695511246,82,50
49,1695,495.343818040295,57,8
5,3900,210.683111752631,84,79
37,4570,845.282157158384,65,28
20,6025,567.473207011895,60,40
1,4240,205.35498367612,84,83
17,4968,416.171535456157,63,46
98,8975,8415.33349147052,98,0
72,8206,4897.73848164028,79,7
35,9706,1658.97915707099,69,34
84,6088,4622.52399473024,87,3
16,2979,240.086168884999,33,17
91,2357,1974.90513955972,92,1
92,7029,5966.20017109627,94,2
82,3895,2860.86110725156,92,10
22,7917,806.845985323882,85,63
56,2454,917.153530121957,81,25
92,3801,3226.28067297438,95,3
68,1749,942.28143152082,77,9
47,4782,1298.27433780338,81,34
91,3021,2531.26365151036,95,4
97,5336,4915.53304548833,97,0
38,5530,1063.80629565763,78,40
62,6496,2944.57618449784,90,28
3,2323,118.245402806261,28,25
75,1261,806.902127265703,89,14
19,7096,642.642706723565,57,38
94,7904,6895.74388593738,95,1
65,2357,1167.974497105,72,7
72,4897,2922.76691988697,89,17
2,6313,313.004175232556,70,68
40,5630,1170.97069347745,87,47
56,7910,2956.26912113475,68,12
24,9320,1028.11161329985,32,8
33,8902,1405.49846570305,75,42
96,5268,4760.17137142484,99,3
54,4805,1677.39480705412,75,21
2,4082,202.389203754046,75,73
54,4872,1700.78407907756,73,19
8,1317,78.7029327169935,87,79
18,8706,758.220090466258,28,10
68,7585,4086.45206294192,74,6
66,3853,1964.49580751755,71,5
33,3583,565.704448732199,60,27
59,7621,3144.06788167448,84,25
42,6983,1569.13687784796,89,47
82,2052,1507.18536382033,83,1
19,9815,888.88643834439,84,65
12,3962,274.138082868665,83,71
52,7661,2493.75753220602,86,34
26,3245,387.610070465009,79,53
11,5864,390.838669988622,80,69
8,3781,225.9497255907,40,32
25,7109,815.995716871879,85,60
84,9593,7283.81614347031,89,5
52,7922,2578.7165083065,88,36
76,8953,5855.26622792893,88,12
71,3405,1982.89935171436,79,8
97,2051,1889.38498431345,98,1
24,1702,187.751713072569,69,45
71,2426,1412.7793912655,85,14
7,2196,126.732417557517,76,69
75,7282,4659.68381502684,83,8
16,3766,303.51275999359,90,74
86,3241,2537.40342266704,95,9
99,2038,1940.95238095238,99,0
57,3940,1522.585138888,90,33
83,6590,4922.9577079329,87,4
34,5314,873.00557556654,74,40
77,2879,1923.02682990093,86,9
25,2475,284.089098221677,90,65
60,3653,1555.94481085584,91,31
53,1263,425.844506700862,82,29
0,5700,368.403387013451,89,89
29,2929,394.33583292925,64,35
85,5286,4076.78033733745,93,8
66,2492,1270.574500995,69,3
0,2520,162.873076363841,74,74
55,5646,2039.81660235755,76,21
55,5986,2162.65359222676,93,38
40,6601,1372.9267402566,74,34
62,4764,2159.47674614343,88,26
34,4135,679.314650916003,60,26
78,7525,5129.90706773372,90,12
29,4838,651.347476856166,61,32
4,1834,96.0755931273156,69,65
18,5575,485.53606757976,21,3
3,3503,178.309791661787,72,69
41,3392,733.377856098069,87,46
6,9560,533.419543060153,73,67
76,1102,720.708520404075,94,18
12,1558,107.80089174896,88,76
63,2359,1102.19174248905,78,15
54,3074,1073.11376417989,90,36
93,5787,4977.7123287261,98,5
38,7117,1369.09754180748,47,9
46,1642,429.47178140533,90,44
86,8940,6999.19364351846,90,4
46,6394,1672.37671760395,74,28
39,6149,1230.0746345147,59,20
1,6582,318.784552489675,69,68
92,1394,1183.22421944917,95,3
43,4800,1120.75525658211,44,1
1,2571,124.520675243232,69,68
49,6904,2017.61281401191,82,33
73,1088,665.083734551613,89,16
29,2137,287.707639115673,66,37
1,2249,108.925320350848,87,86
70,8138,4620.88789839718,87,17
55,7863,2840.78603335768,77,22
56,3430,1281.92200827967,64,8
79,7235,5030.28882482662,90,11
30,1763,247.009911287721,86,56
52,2805,913.064858091358,62,10
13,9854,708.041418128352,84,71
50,1458,441.839255603148,65,15
9,7617,471.729478067353,74,65
19,4365,395.312206151122,71,52
39,2137,427.495445431439,84,45
4,5505,288.383936840715,59,55
64,5541,2666.97055600011,74,10
54,6554,2287.95953494957,91,37
25,8846,1015.37461126018,80,55
24,1767,194.922019388501,84,60
16,2282,183.912936352993,32,16
71,1803,1049.97578007078,75,4
72,1046,624.303491566626,87,15
14,4797,358.052044684779,83,69
37,9548,1766.02932966045,72,35
7,3704,213.759961126159,89,82
89,8450,6898.17522902129,89,0
22,1915,195.16357987814,84,62
33,9237,1458.3901738597,82,49
16,3901,314.392797858469,63,47
66,2956,1507.15017052216,73,7
35,6839,1168.94276274557,82,47
6,2921,162.983105154677,80,74
54,9538,3329.65487402334,78,24
60,9207,3921.59427143436,79,19
79,1330,924.711007189967,89,10
18,5621,489.542284460239,46,28
37,4830,893.37260811269,81,44
80,4261,3019.34285326452,94,14
16,2382,191.972223660311,62,46
65,1726,855.292313111256,65,0
1,1442,69.8400675615483,67,66
42,9476,2129.33424810072,83,41
61,5375,2362.42407519943,81,20
86,2444,1913.42609225493,86,0
30,5496,770.032032012091,49,19
57,2206,852.493100605822,86,29
90,4692,3880.91379447401,92,2
44,5206,1262.76537641776,83,39
97,4286,3948.2711081265,98,1
41,7564,1635.3980258036,79,38
65,6488,3215.02695681682,76,11
44,7737,1876.68377205998,89,45
59,4596,1896.0944737142,83,24
50,6941,2103.43365784736,87,37
70,7445,4227.39130051204,77,7
99,4670,4447.61904761905,99,0
69,2028,1122.04721788954,78,9
56,2212,826.708886972196,80,24
18,4776,415.949822199271,83,65
59,3213,1325.53340819054,83,24
31,2072,302.110446999422,79,48
60,3005,1279.93817591618,79,19
29,2671,359.60089100513,49,20
41,2455,530.790871674752,87,46
98,8902,8346.88565360118,98,0
24,8906,982.442277687601,71,47
6,3952,220.509836210641,80,74
99,6933,6602.85714285714,99,0
3,8806,448.243227340479,70,67
22,1162,118.423018181931,76,54
20,6116,576.044171632324,48,28
98,5845,5480.51523762063,98,0
43,4889,1141.53592696457,90,47
30,5192,727.439284972121,82,52
92,1996,1694.20053229594,98,6
2,2800,138.826499390331,80,78
29,2316,311.806687970004,85,56
72,3057,1824.56574925351,83,11
9,9122,564.935840741813,54,45
45,8127,2047.29060340495,72,27
87,9398,7464.7857318937,94,7
79,6690,4651.36589330893,89,10
25,8970,1029.60776203977,89,64
48,9562,2693.80048945169,82,34
51,8733,2743.35558256158,92,41
52,4858,1581.34370075145,69,17
77,6687,4466.57881609848,83,6
66,2507,1278.2224213461,79,13
47,3760,1020.80960061495,72,25
59,4054,1672.49064326314,59,0
70,6580,3736.23032335383,81,11
85,4122,3179.05572275917,89,4
41,8489,1835.39051309449,80,39
50,7271,2203.43842763408,52,2
40,7557,1571.762971689,78,38
32,9224,1399.56472157937,66,34
57,6451,2492.94333273262,67,10
77,1762,1176.92715327733,84,7
20,1851,174.339071564982,39,19
85,9041,6972.79058453801,90,5
17,1375,115.184352103908,74,57
9,5209,322.599297788216,87,78
2,9947,493.18113908415,75,73
50,3008,911.558628843806,77,27
20,2667,251.195193875639,73,53
67,6674,3499.00973490022,78,11
59,9340,3853.2468199501,86,27
89,1492,1217.99733037867,91,2
23,5298,561.722250833797,55,32
79,9117,6338.78966357213,81,2
44,5363,1300.84723659786,71,27
88,2631,2119.08481823683,90,2
80,3686,2611.89808897748,89,9
98,6206,5819.00386050875,98,0
66,9571,4879.8830453544,85,19
67,3040,1593.79526432374,79,12
99,6334,6032.38095238095,99,0
99,4541,4324.7619047619,99,0
60,9537,4062.15320589437,91,31
28,5556,718.758304869047,48,20
51,3359,1055.18509124291,79,28
70,9106,5170.53393988753,73,3
61,5540,2434.94500029857,79,18
85,6991,5391.7463750144,89,4
84,9626,7308.87253174661,89,5
19,9957,901.746537605206,84,65
24,2642,291.445373641437,88,64
96,5275,4766.4965801568,97,1
57,8696,3360.50770755586,78,21
9,6393,395.925765167991,70,61
45,4312,1086.2454881115,88,43
55,3627,1310.38165369303,65,10
18,6840,595.707031792925,70,52
52,8700,2831.96587001598,77,25
69,7090,3922.73904084657,78,9
64,9375,4512.33513129418,87,23
67,5137,2693.19943185233,88,21
61,5763,2532.95812937196,86,25
10,6715,431.319729844823,81,71
36,3229,574.169977791923,81,45
92,2268,1925.07355072504,95,3
56,2495,932.47679611014,63,7
93,5150,4429.79410626221,93,0
53,5654,1906.35379325944,72,19
63,4060,1896.94721259244,83,20
51,7888,2477.91009220723,86,35
51,2861,898.745027105082,93,42
85,8712,6719.05226993642,85,0
46,1097,286.924813764706,80,34
68,4404,2372.67434214848,82,14
37,3399,628.690164591104,58,21
74,9626,6022.46032603912,76,2
56,4932,1843.27677691992,79,23
29,4593,618.362745184037,67,38
75,4123,2638.26920754678,85,10
12,1226,84.8291997973203,53,41
27,4091,508.546778803327,87,60
87,5299,4208.969950341,90,3
78,3033,2067.64227726729,79,1
1,2790,135.12745388122,84,83
71,7599,4425.27229770263,84,13
32,4269,647.738702994614,54,22
56,9630,3599.09881624876,90,34
31,6689,975.297673735105,92,61
25,4317,495.520257383021,41,16
52,9612,3128.83401639006,91,39
88,8653,6969.38081801721,96,8
93,1004,863.594812172284,94,1
66,5824,2969.43254165124,74,8
70,3723,2113.9795583353,88,18
2,9823,487.033108396863,81,79
91,6520,5463.03840047917,91,0
40,9137,1900.38352154591,64,24
31,9240,1347.2492906731,90,59
21,4948,484.739187075558,89,68
92,3480,2953.81655931356,92,0
21,3415,334.556249770216,72,51
7,1252,72.2536369681292,82,75
59,5434,2241.81404920865,70,11
22,4070,414.786302926386,65,43
48,1947,548.507587634641,75,27
11,1897,126.436043139225,61,50
64,8269,3979.9999147383,95,31
13,3814,274.048099121325,77,64
50,3718,1126.72040626372,54,4
10,5517,354.369463820385,86,76
6,5178,288.916986816472,73,67
34,2614,429.438572550044,68,34
26,4007,478.629754192078,65,39
78,2037,1388.65391321908,91,13
85,6490,5005.35459502839,97,12
21,3702,362.672690087655,67,46
95,8760,7765.34025541721,99,4
86,9979,7812.63460499672,94,8
23,4685,496.728717470053,25,2
9,5435,336.595734973882,80,71
8,4432,264.852997571538,87,79
47,2575,699.091681272207,79,32
69,7954,4400.77099166342,69,0
16,2636,212.442813420899,47,31
48,9341,2631.54051160513,84,36
28,3489,451.358481945304,91,63
35,7147,1221.58706321723,68,33
23,9184,973.736721717176,76,53
0,1384,89.4509276537922,89,89
45,4816,1213.20924646219,70,25
97,6827,6289.04499654214,98,1
7,5046,291.20754963353,25,18
70,3901,2215.05083455977,84,14
30,6925,970.245964644056,71,41
47,7913,2148.31552384737,83,36
88,4275,3443.21079360032,89,1
0,4381,283.153550615075,75,75
83,7081,5289.75167372881,86,3
39,4224,844.988657698829,78,39
85,8475,6536.26813449393,90,5
24,3282,362.045312752157,71,47
39,1966,393.287808010392,67,28
76,2092,1368.16898791772,93,17
69,7382,4084.2961353356,76,7
65,1555,770.555936783316,77,12
58,1061,423.749110908824,89,31
85,9465,7299.79680153216,87,2
89,1621,1323.30675103474,93,4
98,8830,8279.37545734648,99,1
27,3628,450.991863480438,81,54
10,5051,324.43722344694,81,71
50,7724,2340.71770252312,53,3
94,5446,4751.29316837234,96,2
79,7164,4980.92455301423,79,0
6,8923,497.876839197254,82,76
32,8947,1357.53529531338,54,22
28,5528,715.136052792674,71,43
58,2996,1196.56205116196,71,13
31,4492,654.96145169952,60,29
47,9576,2599.80657858744,91,44
84,3987,3027.26727447265,94,10
71,7764,4521.35993148614,71,0
11,8233,548.733760234708,82,71
5,9430,509.420959955721,78,73
74,8067,5047.07951902738,80,6
91,8004,6706.46615911584,97,6
67,9672,5070.78545938791,70,3
33,2930,462.605089250723,71,38
37,1840,340.332422138168,57,20
53,8033,2708.47895671261,85,32
16,4276,344.615125260911,84,68
83,4133,3087.49380984623,88,5
7,7449,429.886055731306,76,69
41,2248,486.035796140466,83,42
12,1563,108.146850965099,65,53
0,7720,498.960376797165,70,70
47,6270,1702.25430740844,64,17
97,5089,4687.99618974702,97,0
78,7870,5365.09882034078,87,9
56,4329,1617.91264543519,85,29
8,2194,131.111795277968,88,80
39,7307,1461.72635459407,80,41
93,6850,5892.05623842644,93,0
16,1200,96.7114476878142,67,51
92,6801,5772.67425858952,98,6
37,3020,558.589084161558,66,29
19,3413,309.095202656078,75,56
97,1779,1638.81808244448,97,0
76,9673,6326.14656793886,94,18
50,8686,2632.24675868926,59,9
53,2976,1003.41508467281,77,24
83,4549,3398.26018412546,87,4
51,8513,2674.24551406696,83,32
86,1750,1370.08824118091,87,1
37,1011,186.997868903091,82,45
51,9352,2937.80618437145,80,29
95,4667,4137.08253105389,96,1
55,9038,3265.2962189351,64,9
47,6105,1657.45814142401,90,43
72,6195,3697.47622395339,86,14
11,3705,246.940189684148,72,61
97,2959,2725.83625967016,97,0
77,6126,4091.85910384617,96,19
90,4193,3468.17381505318,98,8
22,3020,307.777551557171,81,59
0,8412,543.685840624061,79,79
78,8128,5540.98134837737,78,0
51,1903,597.802092478494,76,25
57,9045,3495.37628965533,79,22
48,6441,1814.55437696699,90,42
20,3542,333.608315225914,28,8
30,1719,240.845171584568,56,26
20,4038,380.32478172847,84,64
2,7316,362.733810549878,60,58
85,4746,3660.3101553166,86,1
14,1537,114.722950319055,55,41
65,4763,2360.23017807005,84,19
89,4383,3578.07124601187,98,9
78,1446,985.760215274812,83,5
84,1624,1233.07801699112,85,1
4,1323,69.306439317033,83,79
86,9923,7768.79178127894,89,3
5,8733,471.768106393776,64,59
19,6743,610.67358673013,64,45
41,7704,1665.66715901519,73,32
80,8979,6362.51571918849,83,3
13,5995,430.759925074028,57,44
91,5936,4973.71103454668,94,3
28,6489,839.456918699649,77,49
82,8318,6109.53599232822,97,15
56,9153,3420.82569731307,92,36
57,3252,1256.71240397558,78,21
88,4657,3750.88483410449,89,1
75,9898,6333.63779197139,81,6
24,4406,486.036455815357,84,60
2,3462,171.649050317616,75,73
94,4769,4160.65316194779,95,1
63,5429,2536.58286137053,71,8
50,7575,2295.56403374064,74,24
79,1467,1019.96319364487,89,10
26,2651,316.657718583279,79,53
43,2501,583.960186814972,79,36
59,7486,3088.37320065808,89,30
3,6151,313.098352415545,62,59
62,7459,3381.09509854824,73,11
24,2409,265.742583308941,77,53
8,9246,552.534028778528,77,69
9,4899,303.400645011417,64,55
83,9717,7258.93475690197,84,1
46,6090,1592.86428060808,76,30
84,6028,4576.96692513698,93,9
52,4609,1500.29088447168,79,27
49,5301,1549.15491411894,82,33
75,2050,1311.77586113774,85,10
31,4501,656.273707502124,50,19
16,8585,691.889815333238,83,67
15,3366,261.039801323979,70,55
57,7782,3007.29887076814,73,16
29,8885,1196.2013914566,60,31
32,9423,1429.75914694735,88,56
67,3528,1849.64134622834,84,17
28,1822,235.705117255472,59,31
0,4829,312.108764190869,74,74
13,5542,398.210426148501,87,74
17,3787,317.238648303637,73,56
50,1191,360.926305502983,65,15
51,2909,913.823587503909,72,21
76,5154,3370.71843390436,77,1
46,6499,1699.83989485581,75,29
4,5486,287.388606268513,59,55
8,4768,284.93210569068,83,75
43,1674,390.863395733012,62,19
3,6222,316.712396151767,59,56
54,1489,519.800388700016,54,0
63,3160,1476.4416728552,80,17
88,3799,3059.82638710821,88,0
28,8348,1079.94858334176,42,14
4,6320,331.078379806235,76,72
59,3109,1282.62787614827,70,11
79,4532,3150.97013878566,94,15
38,6933,1333.70145529735,84,46
33,2280,359.979386857218,84,51
93,9506,8176.6257813842,97,4
81,6271,4525.65859443197,90,9
19,3099,280.658081755401,76,57
57,7627,2947.40021682711,79,22
83,5035,3761.31897715359,93,10
69,9998,5531.67065308661,74,5
45,1719,433.03710437469,67,22
31,2795,407.528329808584,90,59
3,9606,488.964846903548,35,32
91,1750,1466.30631914702,95,4
72,4045,2414.25203000669,88,16
9,6276,388.679822023199,86,77
96,1458,1317.45061874286,97,1
31,7532,1098.21230057898,80,49
65,2779,1377.08999892015,81,16
39,1070,214.047789710641,75,36
77,8125,5427.09030668464,77,0
51,6127,1924.71540757527,65,14
99,2987,2844.7619047619,99,0
0,3322,214.708079238365,56,56
56,8374,3129.6836435376,71,15
0,3007,194.348944692885,7,7
75,1587,1015.5064837198,89,14
42,9734,2187.30894586454,85,43
27,1797,223.382684309357,89,62
95,7314,6483.52724065313,96,1
88,2142,1725.22982921448,91,3
88,7842,6316.1775540149,95,7
0,9704,627.19060834711,49,49
46,3497,914.654579521584,80,34
69,5500,3043.02746469057,80,11
6,6219,347.001688105763,84,78
90,9783,8091.85414563922,90,0
56,9404,3514.63398421633,72,16
82,6216,4565.62583894112,85,3
81,8129,5866.54101644674,90,9
89,1619,1321.67404683852,92,3
49,7977,2331.18444631707,67,18
21,2717,266.17549945115,82,61
23,8492,900.367186500681,86,63
28,8873,1147.86580977377,88,60
22,9814,1000.17512946426,69,47
79,7268,5053.23278214788,87,8
69,9868,5459.74454937574,87,18
98,5734,5376.43701839465,98,0
28,9037,1169.08185764967,75,47
79,8907,6192.78266243687,80,1
74,6428,4021.64709908368,84,10
47,6209,1685.69330058995,86,39
89,5648,4610.75665011979,98,9
15,3206,248.631492288971,81,66
36,3723,662.011405177866,55,19
97,1313,1209.53802262485,97,0
54,5107,1782.82107796574,72,18
76,3192,2087.56950737732,85,9
13,8118,583.304265513087,60,47
63,9311,4350.36342277049,63,0
79,4171,2899.97715111981,95,16
9,8866,549.081469416456,76,67
8,3562,212.862449763045,36,28
73,6192,3785.10890105109,82,9
64,5415,2606.32477183552,66,2
89,6898,5631.19677275608,89,0
48,3381,952.493145245363,85,37
8,6597,394.231774589223,64,56
34,2205,362.246385796805,89,55
96,5046,4559.57189449691,97,1
65,7559,3745.74426118655,81,16
47,3309,898.366746924168,64,17
66,2842,1449.02597585385,66,0
44,2173,527.082052046831,86,42
81,7113,5133.31359945696,91,10
78,6706,4571.58229850131,84,6
4,5727,300.013588789605,87,83
28,9646,1247.8658403108,82,54
16,3244,261.443280249391,79,63
87,5347,4247.09611709253,88,1
11,5068,337.784853257561,89,78
14,5579,416.421171001956,79,65
19,1459,132.132991700913,86,67
94,6680,5827.88071331752,95,1
63,1989,929.3172428193,71,8
61,5358,2354.95222231042,90,29
42,1225,275.267460312724,75,33
18,1693,147.44619953588,49,31
91,5913,4954.43958006646,93,2
59,1776,732.694470260318,81,22
12,9712,671.99118142869,83,71
45,3479,876.402609726322,87,42
24,9660,1065.61783095242,47,23
20,8586,808.684639901101,80,60
88,3421,2755.37406430566,92,4
23,7505,795.720176011259,57,34
66,4149,2115.41476911247,68,2
19,2960,268.069674732491,63,44
41,9546,2063.92246884203,92,51
34,9589,1575.31999700932,67,33
50,5429,1645.22998537002,71,21
75,9979,6385.46893575293,78,3
62,5029,2279.59877337433,69,7
52,5923,1928.01538483961,78,26
25,1737,199.378894388304,86,61
37,2265,418.941813121168,69,32
55,2174,785.434164634311,82,27
82,3253,2389.3148092142,84,2
91,3279,2747.43909741889,97,6
59,2596,1070.98808828592,74,15
30,5841,818.369195593636,86,56
8,4206,251.347406991401,86,78
66,6355,3240.16892207995,91,25
17,2154,180.441523223141,85,68
90,2540,2100.92093733248,91,1
74,9514,5952.38806793436,94,20
16,8698,700.996809990507,71,55
81,2634,1900.90651215656,90,9
36,9985,1775.49929645474,91,55
50,3257,987.016773319241,78,28
22,1829,186.399053575519,77,55
33,6958,1098.56867269848,76,43
88,1069,861.00405575643,89,1
41,5340,1154.55122392797,74,33
15,2075,160.920257797759,82,67
60,6193,2637.82267003291,85,25
47,6195,1681.89241377915,49,2
34,3599,591.258386613469,85,51
61,6383,2805.46099944148,80,19
18,7278,633.853183828788,67,49
76,2414,1578.75713997771,83,7
41,2382,515.007680785849,69,28
91,3761,3151.30175217824,96,5
96,4547,4108.67487203279,96,0
36,4161,739.895099904674,63,27
81,6141,4431.84012572265,81,0
70,4435,2518.26466323316,84,14
26,9130,1090.56392707104,71,45
85,5800,4473.19825133508,89,4
29,2062,277.610272277266,88,59
76,2239,1464.30705733641,92,16
3,6340,322.71883503732,83,80
60,4988,2124.56959117134,94,34
39,2585,517.115454581314,81,42
18,4042,352.02453545424,68,50
17,4594,384.841391683894,65,48
79,3733,2595.4482630377,87,8
26,6226,743.685762315916,70,44
57,5432,2099.15798843646,80,23
94,2693,2349.47346721019,98,4
60,7616,3243.92983287108,66,6
45,5627,1417.51005603047,77,32
24,8234,908.312341621346,82,58
6,3390,189.15190909769,76,70
99,2591,2467.61904761905,99,0
5,8990,485.651583245168,75,70
4,2384,124.887793901592,56,52
84,3915,2972.59879096073,85,1
48,5027,1416.2032064917,52,4
98,6372,5974.65236854041,98,0
46,9588,2507.78041419873,71,25
20,4144,390.308542714904,86,66
37,9484,1754.19168019477,68,31
66,7339,3741.87249711169,78,12
60,4418,1881.78597710405,79,19
87,3220,2557.63035291527,89,2
38,4805,924.338020006312,87,49
24,6457,712.28719818424,58,34
34,6644,1091.50339557096,71,37
17,2294,192.169384528266,69,52
57,9182,3548.31897088062,75,18
56,5138,1920.26684505567,67,11
63,1830,855.027930799054,90,27
83,5564,4156.50025598462,87,4
50,8642,2618.91278938437,83,33
31,4842,705.993621800774,85,54
81,6686,4825.15601377327,81,0
79,2565,1783.37122815208,85,6
21,9790,959.093904904954,86,65
75,7898,5053.85646403213,87,12
67,3573,1873.2337103384,89,22
2,6063,300.608952072705,81,79
24,4112,453.60460878637,77,53
31,4843,706.139428001063,70,39
73,1839,1124.16267264744,78,5
1,8742,423.399355494491,75,74
75,2576,1648.35835038577,84,9
82,1102,809.41436205166,85,3
92,9845,8356.41495012701,92,0
68,2544,1370.59117312119,82,14
77,8367,5588.73410412682,93,16
92,7501,6366.83276189972,97,5
95,1417,1256.10583811943,95,0
18,3050,265.629597510003,78,60
65,9838,4875.06707786126,65,0
89,4676,3817.26241075782,89,0
81,6248,4509.05994227571,87,6
65,5318,2635.25175036249,88,23
14,2585,192.946536483251,80,66
53,1238,417.415280519134,71,18
24,3659,403.633089384565,75,51
41,3993,863.318920813559,78,37
99,9368,8921.90476190476,99,0
88,2596,2090.8947883477,91,3
36,2710,481.883134040295,68,32
21,4111,402.741066707279,79,58
59,4173,1721.58447319612,83,24
13,5702,409.706937910276,47,34
99,4281,4077.14285714286,99,0
96,4566,4125.84329573383,98,2
83,4461,3332.52114341254,98,15
31,8607,1254.95396588998,80,49
38,1118,215.069699556099,76,38
74,2208,1381.42451692233,86,12
31,8172,1191.52826876413,90,59
19,6764,612.575432395462,78,59
37,1116,206.419012557715,71,34
80,2996,2122.96437183302,92,12
36,7173,1275.47886364245,81,45
33,5676,896.159210439286,78,45
92,6719,5703.07283391604,98,6
30,4879,683.585568447415,70,40
29,5215,702.103574163891,56,27
93,6363,5473.16114527116,93,0
24,4805,530.051105354696,71,47
93,9342,8035.56049334012,97,4
54,8050,2810.20357893562,54,0
54,3086,1077.30288752737,76,22
6,9207,513.723193823727,75,69
13,1948,139.970030699617,81,68
37,6301,1165.45358255032,66,29
45,1359,342.348705552766,77,32
22,2520,256.821003286116,82,60
91,9550,8001.84305591657,92,1
64,1344,646.888364422334,86,22
36,1854,329.672077679227,72,36
10,3538,227.253790646461,51,41
92,4975,4222.76936281177,97,5
32,9539,1447.35991751362,59,27
