"Age","Benefit","NetSinglePremium","Die","SurviveYears"
60,8941,3808.29525153629,77,17
61,6415,2819.52566370313,80,19
52,6358,2069.61367834041,77,25
53,6025,2031.44350979627,70,17
74,4366,2731.56677576219,86,12
18,4942,430.40703963752,44,26
61,1399,614.889540689116,74,13
38,4675,899.329915406765,65,27
21,5585,547.143969243531,68,47
59,5295,2184.46915542139,77,18
86,2012,1575.21002357485,86,0
28,6896,892.108939952655,48,20
53,5352,1804.52874098417,80,27
58,6757,2698.65479963329,66,8
90,6138,5076.94988714439,99,9
7,3461,199.736291970204,72,65
76,8959,5859.19023076235,78,2
22,3588,365.664190393089,85,63
34,2929,481.188056235302,54,20
20,7959,749.629751802104,29,9
79,3728,2591.97190586782,90,11
13,2410,173.166208411744,90,77
62,8673,3931.3899704664,84,22
67,4763,2497.12067235986,69,2
78,6403,4365.02258534206,85,7
93,3556,3058.7083188094,96,3
6,4362,243.386615777028,67,61
34,2962,486.609430716615,65,31
91,3950,3309.66283464612,98,7
67,3468,1818.18486074827,80,13
30,7283,1020.40452859244,87,57
98,9277,8698.50125909438,98,0
89,5908,4823.00819562814,95,6
86,9877,7732.77803322504,87,1
21,7506,735.337982657465,83,62
81,1838,1326.4488114441,87,6
9,8933,553.230855661765,61,52
35,6214,1062.11585432095,75,40
47,5922,1607.77512096855,67,20
31,1933,281.84338515921,72,41
61,8540,3753.50727482848,95,34
69,1792,991.473675768274,92,23
36,5629,1000.92994889772,76,40
41,5805,1255.08798780934,69,28
92,1702,1444.65396090565,96,4
66,5395,2750.70201960997,88,22
51,2603,817.697764961387,87,36
84,3681,2794.92621954698,87,3
81,1427,1029.83811421694,86,5
83,1392,1039.87209854971,88,5
43,4536,1059.1137174701,82,39
90,7595,6282.08445631502,92,2
83,5253,3924.17250982876,89,6
73,9327,5701.50366926737,89,16
57,6346,2452.36682522418,89,32
7,2573,148.489303449678,67,60
16,5322,428.915270495456,68,52
49,1780,520.184068502492,81,32
87,7186,5707.8048807606,96,9
17,1755,147.017118503534,85,68
2,6860,340.12492350631,78,76
98,6419,6018.72152442889,99,1
95,9581,8493.11929077081,96,1
84,6153,4671.87748678962,90,6
83,3067,2291.15497575572,88,5
13,7134,512.600718178167,85,72
27,6341,788.241291711537,81,54
16,6416,517.083873637513,61,45
44,1658,402.163848271351,76,32
84,6474,4915.6078091136,89,5
96,1051,949.684911041667,97,1
35,3793,648.31114184734,76,41
8,1116,66.6913233957212,77,69
6,2944,164.266436691328,13,7
45,1850,466.037605057113,66,21
28,6133,793.402570871467,68,40
24,6852,755.860598104137,71,47
10,8521,547.323219360794,82,72
50,4057,1229.45257886281,77,27
41,6745,1458.32359651577,75,34
66,2193,1118.12595532987,75,9
18,2448,213.200411378521,86,68
56,9783,3656.28076005832,83,27
84,4913,3730.36471519542,85,1
47,2247,610.042333133456,54,7
87,8952,7110.53009916072,88,1
19,3898,353.018781117314,84,65
1,3190,154.500565548779,59,58
30,5117,716.931205932655,82,52
50,9585,2904.68399516884,70,20
21,5078,497.474856905756,68,47
82,1006,738.902766083457,83,1
30,9892,1385.94557144534,68,38
81,5250,3788.82277479953,92,11
57,6547,2530.04185388319,82,25
86,4667,3653.82961233788,87,1
62,6597,2990.35854204622,88,26
46,1615,422.409821540565,47,1
49,4404,1287.01721218257,82,33
46,7063,1847.35638980868,66,20
43,9327,2177.76755794612,90,47
3,2204,112.188061896254,70,67
80,8874,6288.11276223172,88,8
94,2132,1860.03617975943,94,0
29,4893,658.752212537665,86,57
39,9694,1939.23296584575,91,52
52,4051,1318.65445280859,75,23
0,4710,304.417535584799,74,74
82,4886,3588.74643646498,85,3
93,3005,2584.76335714912,93,0
9,8973,555.708101181352,90,81
51,9045,2841.36622515396,78,27
16,1512,121.856424086646,83,67
99,5311,5058.09523809524,99,0
36,3218,572.213994591022,56,20
55,4518,1632.28682420323,55,0
16,5170,416.665153788333,79,63
27,1097,136.366613626803,46,19
65,5062,2508.39495305283,72,7
2,3056,151.519207906018,79,77
95,1295,1147.9584053385,96,1
38,3513,675.795934293897,56,18
17,1768,148.106134196153,82,65
19,1150,104.148691196745,85,66
24,4091,451.2880482843,73,49
99,1209,1151.42857142857,99,0
84,1365,1036.42333324684,92,8
77,6102,4075.82831401719,82,5
2,7936,393.473963986308,80,78
87,6996,5556.88880403579,87,0
44,9658,2342.64080012347,75,31
91,8059,6752.55007200331,95,4
73,8984,5491.83113162839,90,17
23,3229,342.355822563672,49,26
72,3048,1819.19411309281,83,11
26,6229,744.04410752744,90,64
70,3126,1774.99331167235,83,13
60,5064,2156.94073971365,68,8
94,3846,3355.39359632024,96,2
12,4592,317.728944102198,78,66
58,9257,3697.12113070969,72,14
61,8785,3861.18986058176,66,5
80,3447,2442.54278695208,84,4
68,9346,5035.19854716614,76,8
14,7266,542.340245294893,70,56
84,3698,2807.83405593174,84,0
22,1696,172.844611735418,86,64
50,6203,1879.78662723342,89,39
75,4877,3120.74676817988,81,6
40,6681,1389.56575543923,64,24
18,6700,583.51419780886,43,25
27,6508,809.000840002947,84,57
92,8434,7158.76116702602,92,0
51,7967,2502.7268895303,71,20
98,4491,4210.94849138653,98,0
70,6561,3725.4418163411,77,7
82,5617,4125.66285993119,90,8
34,9662,1587.31273449829,81,47
31,7735,1127.81095923771,86,55
99,5124,4880,99,0
93,9168,7885.89366334213,97,4
6,2011,112.207813921963,65,59
38,3771,725.427403422227,56,18
2,8085,400.86151698958,75,73
70,3454,1961.23701168148,71,1
39,3958,791.77677726609,71,32
28,5475,708.27964707668,68,40
79,3144,2185.933388425,83,4
75,1686,1078.8556594528,84,9
33,8124,1282.66339422282,79,46
54,5542,1934.67679931195,91,37
52,4320,1406.21753545621,85,33
78,5173,3526.51285865602,86,8
44,3590,870.789032143637,86,42
32,6872,1042.69392527032,73,41
37,8592,1589.20444076692,59,22
77,2915,1947.0730146444,85,8
99,9784,9318.09523809524,99,0
96,6757,6105.63362883782,96,0
77,3176,2121.40785403451,83,6
24,3870,426.90900681013,79,55
60,5773,2458.92948072016,77,17
39,2974,594.932828597613,76,37
21,9932,973.00517502717,83,62
0,6757,436.71959404384,77,77
93,6893,5929.04286882824,97,4
18,1312,114.264272764959,67,49
87,3167,2515.53271046046,91,4
80,1804,1278.31366047623,91,11
54,6485,2263.87207570155,64,10
33,6183,976.20725830622,81,48
61,9319,4095.89394544808,88,27
54,2369,827.002767515339,81,27
19,3154,285.639106116985,78,59
93,6437,5536.81255573007,94,1
84,9741,7396.19024846704,87,3
97,3018,2780.18716853144,97,0
11,8689,579.126398965065,76,65
79,6684,4647.19426470507,85,6
92,1201,1019.40623210793,98,6
85,1443,1112.90087528905,95,10
8,5154,307.999176327551,71,63
58,6037,2411.09649628329,72,14
99,8144,7756.19047619048,99,0
2,4388,217.560956901704,79,77
87,6883,5467.13345314156,89,2
31,3214,468.621127729799,75,44
72,7556,4509.78698114477,81,9
44,8357,2027.07073582852,86,42
53,2548,859.106732441643,73,20
49,7652,2236.20701807925,87,38
52,6173,2009.39371443777,66,14
13,4144,297.759654629987,79,66
68,9459,5096.07779345651,79,11
53,9980,3364.94709174553,63,10
3,9419,479.446168330681,74,71
74,4232,2647.73032410114,77,3
15,4334,336.110070985776,64,49
95,4491,3981.0665624519,96,1
62,3059,1386.6161558465,94,32
31,1117,162.865525723144,76,45
49,2431,710.431163218853,80,31
57,2669,1031.4161765716,91,34
24,2073,228.677615275814,70,46
65,3984,1974.20890813166,65,0
9,1036,64.160658957303,67,58
9,4020,248.963174718493,85,76
98,3564,3341.75471460735,99,1
60,3034,1292.29032470206,76,16
83,2296,1715.19133496418,94,11
70,2855,1621.11513270139,78,8
5,1713,92.5385052390403,67,62
50,7845,2377.38611811159,85,35
60,8417,3585.10470106039,61,1
85,3466,2673.12157571162,93,8
23,3261,345.748633440735,83,60
31,8189,1194.00697416905,89,58
39,6197,1239.67677835219,41,2
28,5389,697.154158556389,28,0
63,4995,2333.80574554168,74,11
89,8759,7150.42802733698,94,5
64,9130,4394.41277319636,82,18
22,9971,1016.17548562138,89,67
71,2179,1268.93911523806,74,3
63,5949,2779.54161766315,71,8
32,4886,741.356594713442,71,39
94,1463,1276.37567119514,95,1
43,8418,1965.52453123088,77,34
61,8175,3593.08219809401,72,11
1,6056,293.308910646835,87,86
86,4504,3526.21567901646,86,0
20,7531,709.317962158769,89,69
45,9254,2331.19567416136,82,37
20,9073,854.553428584054,73,53
10,5565,357.452613043401,87,77
71,8458,4925.51034267256,83,12
80,2257,1599.30927477541,81,1
92,2672,2267.98788692122,94,2
6,1624,90.6143658922269,82,76
71,4541,2644.44815158148,77,6
99,2833,2698.09523809524,99,0
57,8883,3432.77253521374,64,7
45,6467,1629.1163199483,83,38
37,8635,1597.15786150167,77,40
88,6684,5383.49027939755,89,1
69,6036,3339.58432306769,82,13
68,2774,1494.50468326973,87,19
39,7673,1534.9427013549,57,18
93,7707,6629.20838387629,95,2
77,5726,3824.67927336323,93,16
29,8231,1108.15235262569,74,45
33,4154,655.857181142493,80,47
17,5169,433.009393472801,88,71
29,2622,353.003944670704,80,51
64,2000,962.631494676092,76,12
67,1765,925.344947872173,84,17
28,3273,423.415394498991,58,30
2,9865,489.115505887718,71,69
21,1352,132.450966234065,78,57
88,1321,1063.97227095813,88,0
34,1373,225.562035237648,65,31
0,1632,105.479706597535,90,90
81,9489,6848.02653525195,86,5
53,8356,2817.38455898052,71,18
31,8047,1173.30249372797,68,37
45,9492,2391.15078227141,68,23
6,9389,523.87825207027,81,75
30,2698,378.010629979735,68,38
95,5131,4548.39735736823,96,1
42,8497,1909.3449879814,79,37
8,8723,521.279940843079,88,80
71,2965,1726.66566162499,88,17
84,5727,4348.42229267742,87,3
97,9036,8323.97987238242,98,1
2,2023,100.302145809514,58,56
58,4616,1843.56823369946,84,26
44,3383,820.579191014464,66,22
31,1403,204.566099005883,83,52
35,9580,1637.44285233259,85,50
32,6322,959.241995861315,87,55
66,9760,4976.24684177818,75,9
55,1732,625.746077804336,55,0
22,8487,864.936450352885,60,38
46,2622,685.794769089389,79,33
1,3271,158.423620661459,36,35
70,3611,2050.38414857609,80,10
87,5726,4548.13397540151,90,3
81,5696,4110.69229052536,82,1
40,2793,580.909617563502,91,51
13,5151,370.115825530662,90,77
19,4587,415.417431756059,84,65
97,2654,2444.86969691267,97,0
79,7319,5088.69162528073,93,14
68,9474,5104.15910933576,88,20
10,6297,404.470638694393,73,63
85,1188,916.234400445875,85,0
78,3007,2049.91768141864,84,6
21,3429,335.927783444238,78,57
71,3374,1964.84652354898,88,17
50,6262,1897.66626789226,79,29
66,2420,1233.86448330975,66,0
1,2653,128.492163135082,19,18
28,7248,937.645823198498,78,50
3,1498,76.2512326318463,66,63
89,7819,6383.0570551145,93,4
1,5047,244.440236465419,66,65
91,7608,6374.661986326,94,3
48,7620,2146.70149860091,86,38
64,6927,3334.07418181064,78,14
20,5926,558.148750996264,84,64
28,6752,873.480214988447,84,56
54,3161,1103.48490844913,73,19
89,2867,2340.48146527859,92,3
94,5493,4792.29771830137,96,2
65,1311,649.645551847542,77,12
10,4235,272.02368665567,69,59
94,4118,3592.6965235691,94,0
72,4942,2949.6251006905,73,1
31,1631,237.809912671843,36,5
16,6035,486.377988996632,59,43
87,3923,3116.01983679708,94,7
35,8929,1526.17194451751,70,35
54,5489,1916.17483786057,77,23
22,3972,404.79881946526,76,54
4,3945,206.662058280949,82,78
99,4096,3900.95238095238,99,0
38,5378,1034.5660502797,80,42
21,3189,312.415777603871,88,67
28,1748,226.132022482199,53,25
74,2628,1644.19548481517,80,6
58,1551,619.448511799798,83,25
99,4362,4154.28571428571,99,0
12,8060,557.686256416314,83,71
29,9064,1220.30044031093,70,41
28,3814,493.402479260358,83,55
14,4010,299.309714235139,64,50
66,1522,776.008984957622,75,9
4,6084,318.71532638309,73,69
19,5589,506.162639216179,70,51
99,8589,8180,99,0
31,6849,998.626665781392,83,52
42,3296,740.637999339379,77,35
35,5616,959.903868340275,80,45
5,9295,502.128083010437,62,57
60,4090,1742.0789149741,86,26
31,9305,1356.7266936919,67,36
99,1499,1427.61904761905,99,0
85,3845,2965.42194420403,87,2
87,4750,3772.90191812035,87,0
6,7810,435.774752228012,44,38
42,9263,2081.47141622593,79,37
8,5172,309.074842833934,64,56
50,3535,1071.26321574563,80,30
82,6243,4585.45722530718,97,15
85,6438,4965.25005898194,96,11
6,1550,86.4853861656106,81,75
45,9464,2384.09724014082,74,29
49,6245,1825.0278133697,65,16
1,5429,262.941558107938,62,61
33,3822,603.439130073811,80,47
28,2677,346.313171730461,56,28
6,8734,487.331201787383,50,44
69,5385,2979.4005267925,74,5
4,6629,347.265598059419,85,81
4,5793,303.471052882519,76,72
95,6457,5723.83584808549,95,0
60,4369,1860.91510501756,88,28
70,1228,697.278242717097,81,11
71,3175,1848.9590137131,85,14
22,6185,630.332502112948,63,41
53,4206,1418.1330128138,63,10
72,1129,673.841913937592,86,14
38,6156,1184.22993780621,67,29
12,8696,601.692268709215,73,61
82,9375,6885.89804376979,92,10
63,6449,3013.15580640607,76,13
94,6549,5713.59143585576,94,0
26,9492,1133.80424926159,80,54
42,1825,410.092338833243,56,14
98,2496,2340.35347016272,98,0
9,9455,585.558909692375,15,6
14,9887,737.973851531876,64,50
95,7906,7008.30822595074,95,0
62,6089,2760.08688229793,65,3
11,7214,480.816876756126,88,77
46,6716,1756.597127843,81,35
65,3450,1709.59355749353,76,11
59,8719,3597.05128727461,84,25
53,8453,2850.08995656562,64,11
19,8268,748.783807664943,72,53
9,9355,579.365795893407,75,66
3,7580,385.837345360077,70,67
4,5335,279.478347510485,79,75
86,4050,3170.77564387581,89,3
54,9616,3356.88417578197,85,31
29,1788,240.72122542762,85,56
85,6285,4847.25017407603,86,1
45,9380,2362.93661374904,54,9
78,5207,3549.69117630425,87,9
56,6755,2524.6015061018,76,20
28,7194,930.66005133692,84,56
69,6962,3851.91949257741,81,12
47,1450,393.663276832893,81,34
91,9457,7923.91934867047,93,2
48,8259,2326.72016757807,75,27
27,6130,762.012161834367,58,31
34,1343,220.633512981909,75,41
99,5847,5568.57142857143,99,0
31,5310,774.230923536165,86,55
56,9837,3676.46262257934,68,12
78,7134,4863.35641477905,85,7
68,1877,1011.24199369044,90,22
7,1333,76.9281933534475,38,31
32,4972,754.405441857396,92,60
2,8110,402.101039305565,74,72
82,7495,5505.04595605915,83,1
30,3828,536.33235417436,66,36
42,3458,777.040716539919,72,30
86,6283,4919.00823962265,89,3
34,3511,576.801387996635,78,44
46,2870,750.660178217599,91,45
84,8741,6636.9057552459,89,5
4,7608,398.551315437632,69,65
30,9819,1375.71770784693,39,9
96,7289,6586.3494924669,97,1
50,7544,2286.16964627582,71,21
10,1338,85.9427845915671,74,64
68,8921,4806.22793058733,80,12
91,1691,1416.87084895863,91,0
67,5485,2875.64704763675,84,17
71,2192,1276.50965608161,85,14
96,7418,6702.91405338448,97,1
32,8284,1256.93778768034,88,56
18,5111,445.125532089714,77,59
97,3875,3569.65714978772,98,1
41,2922,631.760051744858,74,33
73,3413,2086.33344303737,83,10
30,5527,774.375371348404,71,41
4,1172,61.3961805590043,85,81
81,3110,2244.42644373839,95,14
7,2994,172.785454538801,88,81
17,1739,145.676791497234,80,63
15,4595,356.351125099133,89,74
7,8124,468.840692275625,73,66
77,3447,2302.4221891867,81,4
59,3549,1464.15128094249,64,5
9,2807,173.840704337017,85,76
57,1502,580.43727883497,76,19
14,7249,541.07135124452,73,59
6,6410,357.658919562299,83,77
65,4261,2111.47192709563,94,29
4,2622,137.355618963916,87,83
55,8442,3049.97020139966,81,26
89,3543,2892.33548360029,89,0
57,2311,893.069608114259,88,31
2,7412,367.493576243261,55,53
97,4475,4122.37825685163,97,0
39,1268,253.656633040273,74,35
88,3529,2842.36044224924,91,3
78,8850,6033.17974078983,85,7
14,9036,674.454508186713,41,27
66,1844,940.184341827763,91,25
66,7801,3977.42844392537,85,19
99,3198,3045.71428571429,99,0
51,6284,1974.03486554643,69,18
35,7826,1337.64381652973,79,44
7,9089,524.531394890836,73,66
72,8041,4799.25848536065,77,5
15,2279,176.740851817394,91,76
87,4538,3604.51134830109,95,8
83,6022,4498.64208151319,91,8
52,1825,594.06180606657,63,11
30,8908,1248.07957444754,53,23
80,3024,2142.80516035483,85,5
68,7142,3847.783867308,89,21
94,2110,1840.84256064371,95,1
99,5567,5301.90476190476,99,0
62,6026,2731.52957016379,68,6
31,7107,1036.24466545603,75,44
80,3788,2684.17524716405,88,8
70,5338,3031.00265441683,85,15
65,2330,1154.59506926375,74,9
57,4652,1797.73250408807,93,36
78,9196,6269.05320862184,82,4
97,8918,8215.27805465985,98,1
16,9685,780.541975713734,89,73
97,2646,2437.50008215182,99,2
14,8738,652.211541891932,82,68
99,2477,2359.04761904762,99,0
28,1107,143.208323162353,79,51
39,3939,787.975928663751,57,18
15,7224,560.235152930607,71,56
59,3020,1245.91064199671,62,3
4,5608,293.779676258444,65,61
47,9427,2559.35428324392,59,12
10,3362,215.948910162069,83,73
64,9289,4470.94197702311,80,16
17,3445,288.589158543974,83,66
84,3310,2513.23167256194,85,1
48,6656,1875.12403867292,70,22
13,2415,173.5254744043,61,48
55,9105,3289.50233164462,71,16
36,4530,805.50944546219,86,50
65,6941,3439.50402393119,88,23
40,5443,1132.07699548806,87,47
52,2664,867.167480197996,82,30
40,5772,1200.50494542661,83,43
27,7613,946.361923008979,55,28
7,6191,357.286155327227,87,80
15,4999,387.682105412528,63,48
31,2376,346.435531887369,58,27
5,1064,57.4786745909742,70,65
99,2198,2093.33333333333,99,0
91,7767,6507.88638903707,95,4
89,5607,4577.28621409732,91,2
51,1080,339.267608973607,61,10
56,3581,1338.35647569956,87,31
27,6866,853.503344723453,82,55
39,1564,312.869853371441,74,35
18,1547,134.730815523926,78,60
34,2064,339.082331194832,73,39
80,2696,1910.38449481369,91,11
12,7081,489.947441896268,86,74
72,2328,1389.46322023624,76,4
49,5307,1550.90834356333,81,32
46,5397,1411.60731074578,63,17
93,7526,6473.52047451057,95,2
83,7253,5418.24161694041,85,2
87,8376,6653.01609814234,87,0
90,7624,6306.07134890661,91,1
81,1248,900.657299609488,81,0
32,9776,1483.32011254986,74,42
90,2237,1850.29926646171,94,4
95,5226,4632.61052223862,96,1
1,6356,307.838744397504,74,73
89,6015,4910.35787012581,89,0
63,1109,518.156270631776,77,14
89,4530,3698.0750044339,95,6
36,9263,1647.11567181375,84,48
92,3043,2582.89189367562,93,1
89,9862,8050.86439155124,89,0
73,4725,2888.34618176137,91,18
93,6644,5714.86447417595,94,1
35,2572,439.614093549,66,31
49,3300,964.386194414733,54,5
65,9092,4505.39844195107,85,20
99,4104,3908.57142857143,99,0
20,7223,680.308543443472,75,55
52,4163,1355.11194446856,88,36
27,5305,659.457507101357,62,35
39,8830,1766.39437677099,78,39
70,3999,2270.69681809908,73,3
39,8140,1628.36355910712,81,42
19,7813,707.577151582753,73,54
89,1978,1614.74445005966,91,2
34,2528,415.310142083593,82,48
32,2989,453.523303642751,71,39
49,7903,2309.55881650292,87,38
86,8384,6563.89703660613,87,1
68,8328,4486.74657616088,79,11
8,2514,150.234755391436,80,72
15,2369,183.720525649586,77,62
69,3555,1966.90229763182,91,22
93,3361,2890.97825070821,99,6
29,3447,464.07497989318,87,58
18,7995,696.297912161467,68,50
81,4631,3342.10252763745,97,16
71,8631,5026.25677082134,80,9
24,2680,295.637245026136,82,58
72,3241,1934.38586631686,74,2
89,3998,3263.7756882399,94,5
30,8542,1196.80014873495,75,45
53,4382,1477.47476513316,86,33
43,1663,388.294998270012,78,35
82,3659,2687.52010049639,82,0
72,6758,4033.50190822874,80,8
56,2623,980.315285048856,76,20
40,5666,1178.45825030963,69,29
8,6708,400.865051378582,88,80
39,8332,1666.77213445706,82,43
44,6234,1512.11666473076,46,2
88,9035,7277.05485852137,89,1
0,8000,517.057385282036,56,56
81,1937,1397.89518376889,83,2
7,2956,170.592452777788,86,79
43,2052,479.122872188854,79,36
25,1982,227.500845525399,66,41
49,6283,1836.1328665175,87,38
18,5844,508.963727163429,67,49
22,1082,110.269970458563,87,65
13,5447,391.384372289946,57,44
52,5772,1878.86287376232,64,12
80,3838,2719.60522666727,90,10
91,4676,3917.97048476083,92,1
74,3088,1931.99225917399,84,10
39,2198,439.698169891578,82,43
40,3668,762.898846123497,63,23
58,2738,1093.52032579487,75,17
32,5844,886.714682665853,82,50
68,9355,5040.04733669369,89,21
55,5229,1889.16064713561,67,12
59,2088,861.411066387131,87,28
57,4604,1779.18324351279,75,18
69,2760,1527.04650955381,74,5
68,2126,1145.39183728603,91,23
93,2309,1986.09603715718,94,1
15,3511,272.284831386955,54,39
29,2101,282.860903033238,85,56
96,4759,4300.23833648648,96,0
86,8000,6263.26053111272,88,2
68,6145,3310.6457385337,74,6
80,3277,2322.08085664113,95,15
8,6232,372.419648209798,82,74
85,4831,3725.86564693099,86,1
52,9278,3020.11256804692,55,3
66,1067,544.022067641119,93,27
24,2937,323.987533075285,75,51
11,6059,403.835522077262,60,49
50,4487,1359.76182434247,85,35
24,7614,839.918650607837,77,53
88,1322,1064.77770038354,95,7
69,7614,4212.65656657346,88,19
73,5628,3440.34122983132,85,12
12,7079,489.809058209813,38,26
57,1637,632.60707420296,84,27
4,2278,119.334897025095,81,77
10,9607,617.079470531528,53,43
19,6604,598.085179707219,29,10
3,6171,314.116392904622,3,0
34,6383,1048.62525194603,76,42
98,3817,3578.97804311342,98,0
82,3303,2426.03959878097,90,8
36,7071,1257.34156487045,92,56
89,2473,2018.83873862363,92,3
34,4342,713.321454480601,66,32
6,1112,62.046289945909,74,68
84,7428,5639.96521564656,86,2
2,1661,82.3538626740497,78,76
51,9022,2834.14108162952,78,27
1,1692,81.9482623537724,81,80
87,6940,5512.408276159,88,1
32,8064,1223.55701591674,90,58
55,5333,1926.73431462501,70,15
25,1987,228.074762895544,83,58
67,3638,1907.31156960848,71,4
86,9159,7170.65040055767,90,4
90,7178,5937.16948353249,93,3
72,7267,4337.29777553984,74,2
75,9312,5958.66186288519,85,10
93,9990,8592.9404119533,95,2
77,3872,2586.30075907482,89,12
35,2966,506.957776619881,90,55
47,5113,1388.1381616873,85,38
97,5577,5137.542690159,99,2
69,5266,2913.56047801101,81,12
31,8637,1259.32815189865,76,45
93,8541,7346.57698283215,95,2
66,4232,2157.73326172185,86,20
50,2273,688.820732500655,70,20
13,3584,257.521863463772,89,76
83,1893,1414.13640988118,83,0
2,5136,254.647464595978,87,85
90,5814,4808.9583975004,95,5
6,3772,210.466372010763,89,83
71,4230,2463.33752063194,88,17
30,3636,509.431671833327,59,29
56,4678,1748.34727543216,61,5
99,7560,7200,99,0
26,8835,1055.32664793786,52,26
41,6411,1386.11009299668,78,37
93,5894,5069.74882763291,95,2
80,5265,3730.77684168921,80,0
43,1790,417.948314433747,75,32
48,6143,1730.602008649,62,14
55,6317,2282.23901471709,91,36
27,5018,623.78091812151,82,55
46,7632,1996.18065510687,78,32
20,4334,408.203963350963,34,14
31,2413,351.830361298073,55,24
67,6468,3391.00913475196,86,19
79,2186,1519.86335467464,97,18
50,7753,2349.50600047408,53,3
54,9732,3397.37903480763,92,38
68,2356,1269.30534743456,90,22
62,5497,2491.73880637079,70,8
75,4758,3044.5997791675,93,18
71,8236,4796.22879903656,85,14
6,9976,556.631104766537,55,49
88,9455,7615.33521719088,95,7
87,9653,7667.33099276122,92,5
79,2246,1561.57964071328,80,1
89,4667,3809.91524187484,91,2
10,5808,373.061055984919,87,77
60,7392,3148.52013190429,82,22
61,1759,773.117013632705,65,4
44,5647,1369.73416838861,89,45
11,3144,209.549245982986,83,72
26,9505,1135.35707851153,76,50
86,2347,1837.48405831519,90,4
6,5637,314.527820526159,82,76
51,9123,2865.86888580205,72,21
26,7112,849.517048119306,40,14
76,7754,5071.11966171797,88,12
17,6079,509.240491956115,87,70
30,9748,1365.77005968957,77,47
74,9137,5716.51984199246,76,2
31,3218,469.204352530956,67,36
69,5440,3009.8308014394,69,0
82,5582,4099.95550723445,82,0
36,9951,1769.45353019741,88,52
61,6458,2838.42505630472,76,15
32,7842,1189.87278259165,88,56
68,2000,1077.50878390031,76,8
85,2545,1962.80854304272,91,6
51,2402,754.556293291299,70,19
47,1427,387.418962786578,87,40
45,3269,823.501043746866,88,43
75,1710,1094.21303538807,76,1
87,1385,1100.09876980983,88,1
27,5467,679.595512030748,71,44
96,4827,4361.68322131125,99,3
80,9359,6631.78356341297,83,3
7,4812,277.7032756315,79,72
26,3755,448.528756424071,89,63
50,1809,548.207965285387,59,9
86,5615,4396.02598527474,86,0
18,3962,345.05720174906,83,65
68,5166,2783.2051888145,88,20
57,2118,818.486122884466,83,26
97,8731,8043.01330962493,97,0
70,4052,2300.79107450299,83,13
82,2916,2141.78972753416,93,11
81,4443,3206.4265882732,82,1
71,1165,678.436929441184,92,21
70,2935,1666.54042538655,75,5
72,3419,2040.6248926064,72,0
1,3345,162.007646319958,82,81
86,4051,3171.5585514422,90,4
85,7679,5922.36023655208,89,4
74,6200,3879.00000222756,89,15
17,3057,256.086228641198,40,23
57,5460,2109.97839043871,64,7
27,1498,186.214391260666,78,51
64,8891,4279.37830958257,85,21
72,1702,1015.83608283594,72,0
24,4980,549.355776205283,82,58
11,2954,196.885646512004,89,78
46,5123,1339.94149582187,77,31
84,8154,6191.2057577251,86,2
18,7420,646.220201155483,84,66
25,7125,817.832252456342,71,46
23,1500,159.038009862344,63,40
91,2499,2093.88542374194,96,5
5,1342,72.4965989671874,81,76
45,3942,993.037967100075,81,36
72,6728,4015.59645435971,90,18
77,5365,3583.54947635238,80,3
29,4409,593.590538540479,38,9
28,5590,723.15675381893,51,23
64,5001,2407.06005243757,68,4
76,1733,1133.38281838499,95,19
39,9181,1836.61005358261,90,51
21,8566,839.182675119084,80,59
82,3855,2831.48127559814,91,9
36,2614,464.812735196063,42,6
91,9070,7599.65617980768,93,2
75,2586,1654.75725702546,87,12
43,3472,810.679635594396,80,37
15,6082,471.670847193238,35,20
40,9959,2071.34940254741,66,26
29,6371,857.737655033203,71,42
40,1274,264.976316783352,76,36
19,7057,639.110707630806,71,52
32,6662,1010.83046131415,33,1
10,4109,263.930419945253,26,16
62,6627,3003.9572621101,83,21
38,8551,1644.95617254401,72,34
48,9860,2777.75285776968,81,33
31,1714,249.911827295854,69,38
21,6384,625.419355353751,47,26
12,5905,408.57783426034,76,64
29,6087,819.502292605102,85,56
18,3971,345.841026790893,81,63
38,7959,1531.07311159838,87,49
55,4007,1447.67005413509,75,20
3,1244,63.3221184205719,90,87
80,8486,6013.17612128673,81,1
48,4889,1377.3259352572,60,12
92,8793,7463.47959943797,92,0
33,9366,1478.75742864242,88,55
50,3735,1131.87216713152,88,38
93,4242,3648.77409684744,99,6
58,4374,1746.91669285127,74,16
38,4553,875.860771090268,85,47
28,2304,298.059599427337,69,41
37,3576,661.428663894613,90,53
56,5854,2187.86339255662,87,31
51,6435,2021.46950346774,63,12
54,5887,2055.11409555205,57,3
84,4348,3301.36897652548,92,8
39,9063,1813.00478331546,89,50
0,4480,289.55213575794,84,84
22,3320,338.351480519804,70,48
76,4472,2924.6901118394,88,12
16,9272,747.257119134511,89,73
28,4994,646.0545310504,79,51
18,1602,139.520857446238,88,70
85,4747,3661.08139639442,91,6
21,7824,766.491390395951,85,64
40,9776,2033.28765531715,73,33
54,2423,845.853822579006,80,26
39,1807,361.480706548718,78,39
82,2967,2179.24901289226,88,6
15,3262,252.974400451223,78,63
61,3473,1526.45559314746,80,19
7,4703,271.412823211751,57,50
40,6199,1289.31568896389,58,18
56,2668,997.133503816374,79,23
49,7941,2320.66386965073,80,31
58,6847,2734.59958755204,79,21
81,7102,5125.3751136431,85,4
23,1010,107.085593307311,62,39
76,5461,3571.49657888081,90,14
79,2195,1526.12079758043,83,4
58,7739,3090.8523744801,81,23
9,1096,67.8765272366835,44,35
90,3805,3147.24573486223,96,6
20,7330,690.386490854306,74,54
9,1071,66.3282487869417,63,54
38,7514,1445.46844585378,43,5
35,1458,249.205811972956,84,49
80,6897,4887.21137267435,82,2
14,5877,438.664137296737,63,49
63,2262,1056.87058987293,84,21
9,6969,431.598100650043,84,75
74,1199,750.148548817879,83,9
92,4795,4069.98574767486,93,1
97,3539,3260.13332983194,98,1
26,6029,720.154426759181,68,42
20,7168,675.128290101455,64,44
19,9639,872.947160387323,72,53
52,4107,1336.88319863858,61,9
41,2413,521.710131711274,74,33
81,6003,4332.24821278506,96,15
36,5952,1058.36472834237,72,36
9,9664,598.502517532217,56,47
87,9151,7268.59483215145,88,1
32,2046,310.441177401495,42,10
72,1233,735.914154016874,75,3
79,8538,5936.2275032992,88,9
68,6633,3573.55788180537,73,5
10,8277,531.650544143797,76,66
26,3759,449.006550039436,77,51
46,1744,456.150296449998,71,25
0,4038,260.984715221108,45,45
74,9913,6202.02048743256,76,2
12,4835,334.542562006561,65,53
8,3558,212.623412761627,69,61
92,9724,8253.71040884053,92,0
84,8140,6180.57577482,92,8
15,5578,432.584673732963,44,29
56,1494,558.364863081583,74,18
83,7721,5767.85378800454,89,6
78,3892,2653.23565549763,84,6
53,5957,2008.51601458197,72,19
33,9976,1575.06770319632,48,15
81,2054,1482.33180560728,86,5
34,5698,936.090660439997,83,49
87,9410,7474.31727358159,90,3
80,4786,3391.35763804835,89,9
10,2702,173.555608345601,65,55
16,5780,465.826806362972,80,64
3,4658,237.101629905968,69,66
8,8732,521.81777409627,68,60
0,3427,221.494457420192,79,79
71,7705,4487.00132304234,72,1
12,6161,426.290946126664,59,47
57,2653,1025.23308971317,70,13
87,4261,3384.49159433912,87,0
71,4753,2767.9062022609,80,9
88,1047,843.284608397552,91,3
24,5507,607.490413566766,73,49
36,1769,314.557662035897,75,39
28,9217,1192.36776385493,83,55
62,5631,2552.47975598943,93,31
70,8907,5057.53852433321,84,14
44,1297,314.599825819024,76,32
90,3362,2780.82527216999,94,4
60,7745,3298.87559816,76,16
60,2941,1252.67826135424,72,12
69,7068,3910.56693098781,73,4
90,2686,2221.68253451773,91,1
22,5905,601.796835081158,83,61
33,1439,227.197516529622,83,50
58,2300,918.589024590288,88,30
52,5617,1828.40830941146,56,4
12,1808,125.098852555918,83,71
76,2549,1667.04720372957,77,1
15,7254,562.56171087467,73,58
68,7037,3791.21465615324,80,12
1,5593,270.884533891637,1,0
4,1626,85.17934265268,67,63
75,4914,3144.42272274676,79,4
85,8163,6295.64091821522,86,1
49,9091,2656.73784649222,68,19
69,1311,725.347092038062,85,16
54,1506,525.734980108949,78,24
45,3243,816.951326054171,58,13
1,9828,475.997353671912,78,77
97,6528,6013.60564485529,98,1
58,2565,1024.42645568439,70,12
13,8095,581.651641947332,72,59
28,9659,1249.54760020341,86,58
16,5016,404.253851335063,78,62
38,1442,277.397591019584,79,41
79,5774,4014.49725978562,90,11
16,7511,605.333069652644,74,58
80,8417,5964.28274957228,84,4
64,6514,3135.29077816003,69,5
34,9499,1560.53443024211,88,54
82,6570,4825.63734907387,84,2
92,2805,2380.87800255015,94,2
34,2734,449.152661572999,86,52
49,2424,708.385495533731,81,32
2,6748,334.571863530697,56,54
14,1820,135.846304216447,58,44
87,2324,1845.94190688667,92,5
4,2038,106.762300323593,89,85
19,3189,288.808848892538,57,38
2,9938,492.734911050395,70,68
99,5310,5057.14285714286,99,0
55,8731,3154.38164278849,86,31
69,6189,3424.23581435817,83,14
78,2648,1805.18191566231,94,16
15,6960,539.761443022844,80,65
5,4861,262.597591340908,69,64
5,1976,106.746109954666,83,78
55,4892,1767.40751305936,89,34
17,6109,511.753605092928,83,66
93,5881,5058.56682309283,94,1
15,5216,404.510874541257,76,61
18,1117,97.2813968585815,84,66
49,3990,1166.03058051963,80,31
58,3105,1240.09518319689,60,2
27,4941,614.209150346429,49,22
95,1478,1310.17955450989,98,3
48,1968,554.423694126849,85,37
14,6210,463.519532518757,76,62
97,6840,6301.02062052852,98,1
21,3880,380.110761085926,90,69
49,1881,549.700130816398,89,40
23,7043,746.736468973657,79,56
82,4167,3060.6439624948,91,9
83,4700,3511.06240171239,90,7
28,1683,217.723223019188,45,17
22,2711,276.286404725659,69,47
70,8714,4947.95000573028,70,0
27,6898,857.48122224037,85,58
73,1061,648.578899227262,86,13
45,1531,385.67760721213,68,23
32,3679,558.217542355865,80,48
72,2287,1364.99243328191,76,4
47,5170,1403.61320084556,69,22
56,7860,2937.58221139306,65,9
98,6232,5843.38254248961,98,0
99,2346,2234.28571428571,99,0
48,3126,880.654709268561,71,23
86,3351,2623.52325496984,87,1
94,3613,3152.11572114015,96,2
25,6933,795.793825442782,73,48
11,6579,438.493794313633,78,67
92,6683,5672.51611088865,94,2
7,3797,219.127044383376,69,62
97,9627,8868.41016284036,97,0
55,3520,1271.72413041066,73,18
71,6406,3730.52958798303,84,13
15,8600,666.946610631674,76,61
21,9808,960.857305342981,47,26
97,2487,2291.02898877989,97,0
18,1089,94.8428300617684,91,73
80,4204,2978.95267663085,80,0
39,2630,526.117464428958,75,36
39,7439,1488.13225014716,71,32
0,3797,245.408361489486,77,77
46,1095,286.401705626575,83,37
44,1360,329.88108181486,66,22
25,6386,733.00726514894,69,44
44,2141,519.320144239423,77,33
99,4595,4376.19047619048,99,0
14,7640,570.255914403108,78,64
37,1453,268.751635525412,86,49
10,6433,413.206228159605,71,61
93,1099,945.309460734403,95,2
34,6482,1064.88937538997,76,42
84,4384,3328.70321828144,87,3
23,1373,145.572791693998,77,54
35,2850,487.130702416272,61,26
70,4078,2315.55429462567,81,11
52,3752,1221.32597060919,67,15
14,8004,597.425175246398,78,64
77,1070,714.706046541854,90,13
87,9330,7410.77366232903,87,0
74,4777,2988.70693720017,79,5
38,7568,1455.85642776436,79,41
97,4459,4107.63902732992,99,2
25,3802,436.406768258107,75,50
86,5942,4652.03675948397,91,5
47,1873,508.504356902075,89,42
55,1820,657.539181064603,72,17
65,9426,4670.90691969102,78,13
37,7502,1387.59447330464,66,29
29,9638,1297.57895451421,63,34
57,4935,1907.09585289652,70,13
27,2247,279.321586890999,71,44
57,8751,3381.76206863171,85,28
28,6361,822.898052064797,72,44
8,6636,396.562385353052,70,62
60,9010,3837.68484692338,83,23
22,2917,297.280502613334,76,54
86,6574,5146.83434144188,91,5
88,3931,3166.14307126149,88,0
41,1722,372.310338502617,75,34
68,5384,2900.65364625963,68,0
51,8989,2823.77457135532,74,23
42,2749,617.72265175484,65,23
70,6992,3970.17058068236,74,4
69,2469,1366.04269278564,86,17
55,1988,718.235105470566,81,26
80,4993,3538.03775319168,85,5
92,1993,1691.65413871032,99,7
1,6507,315.152094052008,67,66
85,1578,1217.01842079427,87,2
65,1451,719.020362876265,87,22
42,9899,2224.38578745768,86,44
36,4762,846.76290933575,69,33
98,2115,1983.11201498163,98,0
26,5144,614.442589359633,80,54
66,7410,3778.0726534402,91,25
43,2394,558.97668422033,80,37
16,1639,132.09171896694,79,63
53,5961,2009.86469077105,70,17
74,2403,1503.42532344401,91,17
97,5949,5480.22977653862,97,0
97,4774,4397.81760853847,98,1
19,5146,466.042752085607,87,68
10,4848,311.398071524602,64,54
8,5810,347.201244560161,70,62
95,9604,8513.50774121311,98,3
44,6443,1562.8116250979,78,34
11,4996,332.986015563294,62,51
43,8168,1907.15186161723,85,42
41,3743,809.266897221425,88,47
30,1508,211.282442553536,75,45
98,8150,7641.77915938549,99,1
50,4342,1315.8203345877,79,29
42,4932,1108.26050143866,78,36
26,1061,126.734756475616,85,59
77,6995,4672.30728557035,81,4
32,9716,1474.21626570524,74,42
89,9675,7898.20654920485,91,2
63,3124,1459.62145126571,75,12
54,5730,2000.30639842249,65,11
88,5009,4034.39599184655,92,4
57,4776,1845.65142724089,67,10
98,1724,1616.49414365406,98,0
58,1762,703.719070142647,65,7
10,4378,281.208902049238,78,68
10,2899,186.209366615062,63,53
55,6994,2526.82913866255,72,17
40,5319,1106.28652195498,66,26
67,7018,3679.36025165264,75,8
8,8512,508.67073901826,43,35
49,3561,1040.66037524572,67,18
26,6793,811.413007293932,89,63
65,6797,3368.1470754445,89,24
78,3583,2442.58565098869,86,8
92,4349,3691.42190128008,92,0
8,9177,548.410640504062,81,73
40,4503,936.568567092177,81,41
70,4116,2337.13130865112,71,1
68,5328,2870.48340031042,85,17
87,3054,2425.77735956622,89,2
96,2752,2486.71063290834,98,2
64,6438,3098.71078136234,65,1
4,1980,103.723922787396,76,72
71,4731,2755.09451775643,85,14
95,2773,2458.13795984839,98,3
72,5842,3486.78871676121,95,23
20,5078,478.278663104797,42,22
53,8274,2789.73669710446,56,3
62,1432,649.112237715657,77,15
92,5771,4898.41246086165,96,4
67,8841,4635.11313548889,87,20
62,3099,1404.74778259834,72,10
91,1530,1281.97066759711,96,5
30,5076,711.18678939108,85,55
56,1757,656.658008322852,94,38
56,3231,1207.54810750776,78,22
9,2904,179.848024722015,84,75
25,3206,367.995817736847,76,51
23,1865,197.737258928847,77,54
83,3332,2489.11913244802,95,12
79,5958,4142.42720363746,94,15
46,7202,1883.71240540876,83,37
67,6652,3487.47569022419,70,3
43,8179,1909.72025908023,74,31
78,6395,4359.56886354248,96,18
13,6348,456.124104148445,56,43
14,3176,237.05926494035,80,66
25,6363,730.367245246274,72,47
93,5188,4462.47996568706,94,1
38,6126,1178.45883674478,61,23
25,2004,230.026081954036,48,23
45,4385,1104.63508009483,68,23
26,2842,339.472363716967,88,62
62,4742,2149.50435142992,67,5
53,9089,3064.52947062877,92,39
14,4024,300.354685806035,84,70
32,1290,195.7327071593,49,17
29,8797,1184.3538143662,65,36
65,6765,3352.28997578079,66,1
72,7214,4305.6648070379,79,7
85,4715,3636.40168190429,86,1
81,6262,4519.16346967517,88,7
49,2809,820.89721821545,77,28
18,3312,288.447615394469,70,52
9,6750,418.035181430305,84,75
3,4982,253.593885829011,66,63
79,4870,3385.97188347003,84,5
65,7393,3663.48555668107,72,7
48,3169,892.768641609747,72,24
44,7914,1919.61682461971,66,22
80,2154,1526.32351699878,91,11
23,4180,443.185920816397,64,41
87,5295,4205.79276977837,91,4
15,9689,751.400664001197,64,49
93,4424,3805.32216040855,94,1
84,5455,4141.89691052127,84,0
50,2823,855.495348811857,84,34
62,6936,3144.02407876801,84,22
99,4091,3896.19047619048,99,0
59,8388,3460.49618048623,73,14
37,8259,1527.61167089083,84,47
55,7378,2665.56268016189,77,22
58,6786,2710.23700907378,74,16
87,2054,1631.48221890931,87,0
28,3114,402.84617735101,87,59
9,5293,327.801513379348,71,62
94,7231,6308.59362844297,95,1
23,1794,190.209459795363,78,55
19,6645,601.798306958581,90,71
99,4462,4249.52380952381,99,0
80,6563,4650.53910959283,96,16
32,7827,1187.5968208805,84,52
87,1400,1112.01319691968,97,10
53,2904,979.13891326944,81,28
64,8624,4150.86700504331,89,25
58,5358,2139.91304076294,83,25
73,8539,5219.80699387521,82,9
59,8292,3420.89107398568,60,1
48,1248,351.585757251172,56,8
1,8082,391.433721243019,79,78
50,7761,2351.93035852951,56,6
30,9595,1344.33357844906,89,59
15,4973,385.665755194339,70,55
87,5729,4550.51686082348,87,0
84,6392,4853.34648066947,86,2
63,4961,2317.91998070716,86,23
28,4585,593.143777506224,73,45
47,1637,444.432264948583,63,16
67,5119,2683.7624862083,86,19
11,3478,231.810520842501,79,68
97,8957,8251.204926619,99,2
23,4528,480.082739104461,53,30
88,4110,3310.31493840873,91,3
76,4056,2652.62591538923,87,11
14,7068,527.561361649368,74,60
84,7414,5629.33523274146,86,2
57,2866,1107.545433516,76,19
63,2447,1143.30783970781,92,29
68,2115,1139.46553897458,80,12
59,5946,2453.04128387829,75,16
60,1399,595.884694877448,80,20
11,4177,278.399236791009,76,65
10,4080,262.067683956348,71,61
69,1738,961.596678842221,87,18
3,6027,306.786501383269,55,52
85,9951,7674.61996535093,90,5
67,4895,2566.32494041603,78,11
18,3443,299.856624336702,86,68
11,7026,468.286578332207,76,65
81,1787,1289.64310448891,88,7
17,2349,196.776758612422,69,52
98,3779,3543.34766175678,98,0
44,3582,868.848555191785,60,16
64,8412,4048.82806660764,91,27
20,8697,819.139333009536,79,59
52,5450,1774.04758523989,71,19
29,2476,333.347737225272,57,28
55,9932,3588.28524523826,55,0
6,2085,116.336793648579,69,63
35,3980,680.273752847987,73,38
60,2956,1259.06730382969,69,9
79,2959,2057.30817313918,94,15
5,8805,475.657640764594,75,70
33,2947,465.289146082554,88,55
93,6606,5682.1786147511,98,5
65,7846,3887.96262379543,73,8
26,5154,615.637073398046,90,64
90,6206,5133.19501460053,90,0
86,4874,3815.89147858042,88,2
20,1803,169.818123193767,71,51
49,1871,546.77774840908,82,33
33,9124,1440.54909021283,54,21
70,8259,4689.59365358347,84,14
17,2458,205.907736342841,80,63
45,2172,547.153339558946,74,29
54,5019,1752.10084008421,73,19
87,5394,4284.42798870341,92,5
15,2620,203.186060448254,42,27
58,2560,1022.42952302223,87,29
16,9270,747.095933388365,68,52
57,2398,926.690142906963,86,29
84,2368,1797.98567994764,92,8
44,6878,1668.32505935486,76,32
64,4369,2102.86850011992,77,13
67,5960,3124.67755768734,94,27
42,1650,370.768415931425,80,38
98,4932,4624.44844344653,99,1
78,5676,3869.41561680486,97,19
95,3626,3214.28353494781,97,2
49,9065,2649.1396522332,49,0
43,6409,1496.44175821558,74,31
54,9536,3328.95668679876,64,10
1,3089,149.60885485272,78,77
76,3042,1989.46943654192,76,0
84,7277,5525.31325717017,90,6
50,3843,1164.6010008799,81,31
81,4442,3205.70490774467,90,9
23,2328,246.826991306357,71,48
63,5282,2467.90028988011,82,19
90,1414,1169.5677973969,94,4
2,6622,328.324671058132,70,68
32,1554,235.789633275622,90,58
27,5453,677.855190617097,85,58
44,2573,624.105899639437,86,42
1,3838,185.885006450224,80,79
9,5884,364.402815931246,61,52
44,2974,721.372306851024,89,45
78,6532,4452.96384936036,92,14
43,5541,1293.77184931698,73,30
38,5147,990.128572106657,76,38
4,5388,282.254795948733,87,83
81,7066,5099.3946146159,82,1
60,2870,1222.43679363708,62,2
10,5049,324.308758895981,71,61
18,5038,438.767840083736,77,59
12,3179,219.960869621273,68,56
53,5234,1764.74279340642,89,36
59,7872,3247.61873304573,84,25
2,5896,292.328943001925,85,83
16,3446,277.723040610173,69,53
57,1498,578.891507120363,71,14
25,7224,829.195816385209,58,33
5,6350,343.035322981848,71,66
89,7904,6452.44698345376,91,2
30,4030,564.634113720656,76,46
74,2658,1662.96483966466,92,18
83,4608,3442.33522278525,84,1
1,6345,307.305983826646,88,87
55,2350,849.020371154844,80,25
12,6262,433.279322292675,90,78
3,9699,493.698735177755,60,57
44,5308,1287.50645755388,76,32
59,4779,1971.59170798089,74,15
56,2341,874.921114105746,85,29
14,2633,196.529296154893,85,71
32,9554,1449.63587922477,67,35
25,4931,565.997310436803,26,1
39,4737,947.611569961968,67,28
67,8938,4685.96778701501,84,17
14,7438,555.178467451613,62,48
82,4632,3402.18450546578,93,11
65,5924,2935.54557524396,70,5
61,1785,784.544553345298,80,19
73,5095,3114.5235547247,95,22
43,7163,1672.49372977035,65,22
76,3390,2217.06160088005,77,1
66,6062,3090.77954455526,80,14
9,4419,273.673698776373,58,49
48,1873,527.66035523353,62,14
98,9797,9186.07489871161,98,0
71,5208,3032.87513178514,90,19
59,5067,2090.40702748256,78,19
16,7789,627.737888366988,65,49
39,4585,917.20478114326,51,12
56,6489,2425.18714627603,73,17
3,7863,400.242618280512,70,67
34,1067,175.291108229111,86,52
66,3431,1749.33431497346,80,14
65,1147,568.377916071038,87,22
11,7317,487.681880679869,74,63
12,5986,414.182373561794,75,63
1,2775,134.400962193687,74,73
89,7617,6218.15393129647,92,3
19,5747,520.471763745819,61,42
94,4318,3767.18397007561,97,3
70,7498,4257.48555691596,78,8
11,6353,423.430775995518,51,40
0,8594,555.448896139227,72,72
42,1547,347.623478452069,82,40
67,5849,3066.4830595492,85,18
14,3009,224.594246916093,44,30
49,1075,314.156108786617,64,15
66,5899,3007.67214340671,79,13
74,1804,1128.66387161589,85,11
38,3333,641.169327925294,82,44
15,3590,278.41143397299,64,49
13,2685,192.925838002296,66,53
7,4262,245.962460669462,73,66
48,8674,2443.63370063836,74,26
68,3364,1812.36977452032,80,12
9,1413,87.5086979794104,88,79
69,7606,4208.23034480664,84,15
65,8837,4379.03717900589,83,18
27,9523,1183.79148729995,88,61
4,5585,292.574802407883,78,74
87,8871,7046.19219276751,94,7
58,6666,2662.31062518211,87,29
9,6017,372.639657283873,77,68
47,5379,1460.3550110925,88,41
38,7148,1375.06101290429,76,38
82,5647,4147.69773367125,82,0
39,3890,778.173740162984,69,30
12,2511,173.740718345083,89,77
35,4482,766.077125694642,77,42
33,4038,637.542440407652,88,55
7,7240,417.824546045731,80,73
87,8103,6436.173524743,87,0
79,2520,1752.0840136231,82,3
37,8430,1559.24039055693,77,40
85,8722,6726.76468071458,89,4
47,1910,518.54955775919,82,35
58,3067,1224.91849496453,67,9
90,1924,1591.40625331799,91,1
24,1372,151.348619468604,88,64
97,5408,4981.859578336,97,0
28,2040,263.906936992955,73,45
62,6961,3155.35634548791,90,28
0,3052,197.257392485097,79,79
77,1532,1023.29875074965,79,2
29,4083,549.70065068287,68,39
65,6150,3047.5363416189,81,16
84,2228,1691.68585089668,85,1
4,5460,286.026574959184,53,49
71,4879,2841.28221351377,79,8
96,5981,5404.4390608375,96,0
71,6357,3701.9944724958,86,15
13,1246,89.5290853448271,56,43
38,1873,360.30907626885,74,36
53,7748,2612.38577824092,83,30
71,6620,3855.15233725377,92,21
39,3681,736.36440553726,71,32
67,2819,1477.93054280547,67,0
75,1797,1149.88352315342,85,10
42,6406,1439.4802863374,75,33
39,7010,1402.31308959962,59,20
64,3838,1847.28983828342,87,23
20,1752,165.014615549351,61,41
77,7887,5268.11830754729,77,0
62,6773,3070.13769975429,67,5
12,5837,403.872788920847,46,34
64,5855,2818.10370066426,94,30
90,1940,1604.64040095473,90,0
29,2224,299.420584648225,78,49
86,2843,2225.80621124418,86,0
62,5443,2467.26111025581,75,13
22,3613,368.212017806642,50,28
56,6822,2549.64196515566,76,20
79,3105,2158.81780249989,80,1
49,5058,1478.14102162113,75,26
83,4952,3699.31510920846,87,4
4,3070,160.824466140054,87,83
51,9346,2935.9213643216,91,40
83,1794,1340.17998907915,83,0
2,6525,323.51532447211,84,82
49,7743,2262.80069798584,53,4
28,7888,1020.44015637276,86,58
97,4657,4290.03699266101,97,0
43,1559,364.011967710733,91,48
31,5291,771.460605730668,76,45
70,6410,3639.70157639788,80,10
80,8387,5943.02476187035,90,10
32,4278,649.104280021307,73,41
3,1818,92.5398804570738,43,40
86,4088,3200.5261313986,91,5
31,3635,530.005538051593,84,53
76,7469,4884.72952713071,89,13
44,1310,317.753100865784,54,10
46,6609,1728.610842453,84,38
37,4573,845.837046977087,77,40
49,4434,1295.78435940452,50,1
23,1093,115.885696519694,79,56
51,8329,2616.44436587145,71,20
84,7259,5511.64613629219,85,1
84,4987,3786.55176769378,84,0
8,8614,514.766182554428,78,70
0,1174,75.8781712901388,80,80
43,5346,1248.24116701833,85,42
16,4963,399.982429062185,71,55
3,6635,337.734932251202,80,77
43,2342,546.83516894069,81,38
68,5603,3018.64085809671,85,17
53,8503,2866.94840892908,93,40
54,5059,1766.06458457581,90,36
50,4559,1381.58104684139,65,15
77,3167,2115.39630784865,81,4
18,4942,430.40703963752,81,63
67,1297,679.984361127597,90,23
84,1834,1392.52776056755,84,0
88,2581,2078.81334696665,93,5
97,1383,1274.0221517823,97,0
37,3981,736.33878941959,77,40
68,3896,2098.9871110378,86,18
48,5731,1614.53363365903,79,31
53,5191,1750.24452437385,55,2
67,4937,2588.34448025208,83,16
17,6057,507.397542322453,56,39
98,3367,3157.03931652159,98,0
28,6422,830.789386945469,56,28
1,9927,480.792198809633,53,52
47,2341,635.562573148829,92,45
73,5810,3551.59604572139,75,2
91,5221,4374.62016700947,96,5
81,2661,1920.39188642696,88,7
42,7515,1688.68160346949,79,37
42,5914,1328.92388595057,89,47
99,4634,4413.33333333333,99,0
86,4358,3411.91117432365,97,11
16,8651,697.208944956067,71,55
88,7705,6205.83372273461,94,6
0,8587,554.996470927105,77,77
96,5174,4675.23285416706,96,0
93,1818,1563.76032722033,99,6
92,9904,8406.49402397744,92,0
23,9064,961.013680928188,44,21
14,6450,481.43333087697,83,69
96,3244,2931.2824466405,99,3
0,1283,82.9230781646065,68,68
38,6937,1334.47093543887,76,38
94,3461,3019.5052617952,96,2
31,9847,1435.7536542487,89,58
79,9671,6723.97003799562,83,4
82,8345,6129.36737869428,82,0
55,6375,2303.19356004772,72,17
25,3088,354.451367801429,72,47
37,5034,931.105115784531,83,46
32,2208,335.021563881965,68,36
94,1608,1402.87906991236,96,2
20,3075,289.623255030967,53,33
7,3570,206.026744389953,50,43
24,6119,675.001605341391,86,62
75,9216,5897.23235914411,85,10
61,5038,2214.3055796939,62,1
40,4985,1036.81863356751,71,31
85,2051,1581.81545060142,94,9
96,5064,4575.83671695052,97,1
47,1112,301.89900954357,82,35
62,5004,2268.26650665443,87,25
22,6101,621.771802003411,68,46
13,5859,420.987890076518,84,71
21,4304,421.648638070574,59,38
53,7402,2495.72528788581,86,33
88,7273,5857.88821096026,90,2
45,2257,568.565878169678,93,48
35,8270,1413.53365227459,84,49
6,2935,163.764263481334,83,77
78,2970,2024.69421809557,80,2
92,2813,2387.66838544513,96,4
0,6494,419.721332502693,85,85
99,5818,5540.95238095238,99,0
64,1502,722.936252501745,71,7
49,3411,996.824639135956,71,22
13,4748,341.158986530689,75,62
5,1660,89.6753757716327,33,28
84,1475,1119.94462750117,85,1
3,5385,274.107401683907,67,64
63,1475,689.161856791587,85,22
73,4309,2634.04945972693,73,0
99,3640,3466.66666666667,99,0
93,1340,1152.60662182357,96,3
53,6225,2098.87731925009,73,20
4,4848,253.966453370352,65,61
39,1616,323.272175862052,63,24
36,8531,1516.95388062648,72,36
54,9768,3409.94640485007,59,5
39,2489,497.911166906341,90,51
42,9998,2246.63189241357,75,33
2,6460,320.292566450549,72,70
44,9274,2249.49790643457,83,39
96,3856,3484.28641006343,97,1
90,1806,1493.80441449703,93,3
57,6843,2644.42896076412,74,17
78,4946,3371.76350259282,78,0
31,4841,705.847815600485,78,47
18,2205,192.037135249035,76,58
55,4614,1666.97020957806,78,23
78,3682,2510.07545825855,95,17
45,7686,1936.19731484809,88,43
19,2878,260.643420229766,86,67
25,2378,272.955101240868,61,36
57,6201,2396.33260056967,62,5
2,3889,192.820091474641,68,66
26,3390,404.930089021997,74,48
14,6258,467.102292190399,40,26
22,7367,750.793782225722,66,44
94,3104,2708.04516978108,95,1
74,6102,3817.6867763859,74,0
63,3187,1489.05683904731,74,11
34,4355,715.457147458088,79,45
39,9127,1825.80764176544,89,50
8,3067,183.281620837524,8,0
76,4335,2835.09204714307,88,12
97,8382,7721.51386568276,98,1
26,6751,806.396174332597,74,48
0,9286,600.174359966123,84,84
96,1586,1433.11157841302,96,0
43,9332,2178.93501133839,63,20
29,1787,240.586593869775,85,56
5,1449,78.2768792127083,82,77
20,6714,632.367653423712,71,51
0,1677,108.388154389747,62,62
32,1218,184.808090945758,87,55
36,7091,1260.897897963,74,38
98,1866,1749.63925293415,98,0
77,2599,1736.00094856288,82,5
38,2818,542.098759704014,74,36
35,5136,877.860802670166,87,52
63,5175,2417.90685348913,90,27
72,4468,2666.71892955993,78,6
86,3555,2783.23639851321,87,1
71,4851,2824.97643323535,80,9
45,7307,1840.72258386612,85,40
54,4950,1728.01338083619,67,13
73,4386,2681.11880491119,87,14
25,3530,405.18566332223,77,52
32,3095,469.606766401577,40,8
16,4712,379.753617920817,69,53
7,7722,445.641042067008,80,73
1,4015,194.457608363118,64,63
27,5316,660.824902497797,77,50
79,7605,5287.53925539827,82,3
90,9333,7719.64374335591,92,2
33,2659,419.818065637431,74,41
51,6687,2100.63194556158,63,12
52,8025,2612.24438010094,73,21
98,1515,1420.52704619252,98,0
80,6156,4362.13907643661,94,14
18,5806,505.654243653468,76,58
39,6419,1284.08669360056,87,48
6,4341,242.214878287042,70,64
9,9378,580.79021206717,84,75
4,8990,470.948518110451,74,70
25,3047,349.745245366242,83,58
27,3275,407.11090212195,73,46
99,7721,7353.33333333333,99,0
27,5150,640.189662878792,51,24
86,8280,6482.47464970166,86,0
0,2642,170.758201489392,85,85
87,4446,3531.43619536065,92,5
70,7111,4037.74070355153,85,15
82,6623,4864.56562601465,95,13
8,5720,341.822912028248,85,77
18,8890,774.244957988173,72,54
99,3777,3597.14285714286,99,0
75,6737,4310.94340316339,85,10
55,6692,2417.72098883754,87,32
72,3606,2152.23555505665,86,14
94,3357,2928.77178961182,94,0
56,6523,2437.89424490038,79,23
82,4765,3499.87244571339,88,6
33,5594,883.212583368105,41,8
49,9906,2894.91201268859,86,37
26,5354,639.526754166305,42,16
17,7024,588.403555765711,52,35
72,9128,5448.03276388161,80,8
80,6837,4844.69539727049,96,16
62,3876,1756.95463225271,77,15
58,4136,1651.8626981328,77,19
86,1410,1103.89966860862,94,8
2,3641,180.524030100069,3,1
86,6400,5010.60842489017,91,5
54,3767,1315.03563749695,82,28
89,1330,1085.74829048501,93,4
75,1165,745.472623524618,86,11
50,8325,2522.84760143773,87,37
84,8468,6429.62108859654,85,1
88,1641,1321.70968708728,92,4
44,1783,432.48380064404,67,23
16,1540,124.113024532695,70,54
41,7416,1603.39922783705,84,43
18,9284,808.559076486187,81,63
21,2838,278.029469062335,70,49
23,5405,573.066962203978,77,54
85,7569,5837.52371799228,86,1
68,6065,3267.54538717769,83,15
72,6366,3799.53731100683,95,23
75,7563,4839.49309160231,78,3
68,8571,4617.66389340477,80,12
47,9797,2659.80629181507,56,9
50,2554,773.976309197833,73,23
80,1614,1143.67973836399,83,3
63,1553,725.605670235481,78,15
38,5798,1115.36146513977,85,47
61,1729,759.931390887406,86,25
88,1844,1485.21186044421,90,2
80,8564,6068.44688931175,84,4
0,8163,527.592429507157,83,83
45,8591,2164.17787299765,46,1
67,4603,2413.23671107967,76,9
55,9133,3299.61831904561,92,37
63,5928,2769.72982173595,78,15
10,3790,243.440324067294,89,79
15,5913,458.564570775011,64,49
76,1790,1170.66084530245,80,4
38,3073,591.153118726201,83,45
88,8011,6452.2951269081,92,4
53,1288,434.273732882589,78,25
74,1341,838.990161772123,85,11
1,4395,212.862064447299,65,64
36,6307,1121.48964073511,59,23
90,8588,7103.4287440202,91,1
44,2283,553.763610134798,57,13
84,4964,3769.08822434969,85,1
83,8121,6066.66760942687,86,3
34,2063,338.918047119641,70,36
94,3668,3200.09976892944,97,3
86,9468,7412.5688385719,89,3
88,6984,5625.11910701863,92,4
7,3724,214.914172579324,29,22
52,3296,1072.89189742214,82,30
69,1935,1070.59238985023,82,13
64,1926,927.014129373076,79,15
68,3335,1796.74589715376,69,1
51,7737,2430.47545428592,87,36
1,8105,392.547675163904,85,84
88,5526,4450.8030047802,96,8
12,2545,176.093241014829,70,58
33,4478,707.012146643256,69,36
17,5007,419.438582534014,83,66
5,2304,124.46509986617,80,75
37,5336,986.964024200686,82,45
22,5687,579.579780034978,89,67
18,8917,776.596433113672,63,45
72,7694,4592.15206894228,79,7
97,5054,4655.7541251683,97,0
41,3418,738.999266551651,86,45
20,1700,160.116921480535,37,17
95,1594,1413.00826108847,95,0
72,8445,5040.38526413017,86,14
46,7224,1889.4665949282,78,32
92,8608,7306.4519949917,97,5
24,6665,735.232178395224,78,54
34,8315,1366.02208521561,60,26
61,5832,2563.28506168615,85,24
11,1589,105.907681891528,69,58
64,1731,833.157558642157,85,21
43,3183,743.200829521014,80,37
31,6954,1013.93631681177,83,52
32,5706,865.77583492323,73,41
79,2166,1505.95792599509,80,1
36,9826,1747.22644836898,70,34
88,5473,4408.11524523381,97,9
68,3436,1851.16009074073,83,15
18,9025,786.002333615665,72,54
8,8206,490.384408409756,77,69
69,8918,4934.13071456555,86,17
79,8677,6032.87023262206,97,18
75,2966,1897.91570933392,87,12
82,3459,2540.6209422293,96,14
0,5748,371.505731325143,70,70
36,6467,1149.94030547549,92,56
29,3710,499.483079606527,83,54
93,3660,3148.16435513004,95,2
92,3534,2999.65164385463,94,2
9,9603,594.724718114847,87,78
88,9198,7408.33985486216,92,4
99,5792,5516.19047619048,99,0
37,3951,730.789891232555,68,31
70,2068,1174.2438159112,74,4
11,5521,367.977540417323,79,68
62,4735,2146.33131674835,84,22
66,4155,2118.4739372529,75,9
44,8502,2062.24188058084,57,13
80,1402,993.456625270326,85,5
19,2446,221.519737971511,84,65
0,6051,391.0892797927,43,43
82,2535,1861.94683103535,84,2
0,3327,215.031240104167,79,79
37,4727,874.321391003869,77,40
36,5183,921.623720933892,75,39
15,1496,116.017689477324,86,71
12,4377,302.852697808214,84,72
72,2699,1610.89399974983,78,6
63,9271,4331.67428767106,76,13
64,2283,1098.84385117276,64,0
80,8589,6086.16187906336,82,2
36,4832,859.210075159669,65,29
4,9041,473.62019490952,70,66
22,6693,682.10435515634,74,52
78,1339,912.816686205376,78,0
77,9179,6131.10916000718,86,9
72,3115,1859.18296006696,73,1
6,7017,391.527712725219,78,72
70,8677,4926.9408078634,77,7
31,4104,598.388645987273,71,40
64,9072,4366.49645985075,87,23
61,3927,1725.99801735966,93,32
61,2696,1184.94796404421,70,9
80,2824,2001.08524234194,88,8
11,6266,417.632180448279,73,62
93,6733,5791.41819756573,96,3
39,2426,485.30835311964,83,44
85,1061,818.286783563193,87,2
45,4262,1073.64987716401,74,29
50,1398,423.656570187381,88,38
94,7681,6701.19038308262,98,4
46,3764,984.489515962036,74,28
92,7496,6362.58877259036,92,0
93,2636,2267.36645904994,93,0
88,1998,1609.24799195636,95,7
11,2320,154.629214593043,56,45
73,1972,1205.4642688748,91,18
85,8405,6482.28125904678,93,8
68,5933,3196.42980744027,81,13
0,1805,116.661072554259,79,79
61,6446,2833.1508072066,86,25
55,9942,3591.89809788147,85,30
32,4244,643.945433476023,82,50
11,2339,155.895574540141,71,60
28,3524,455.886297040771,62,34
21,4794,469.652316661323,85,64
42,4003,899.506647862723,64,22
71,3856,2245.53888405597,71,0
59,4500,1856.48936721364,75,16
77,4793,3201.48231876178,86,9
9,2171,134.452500575584,74,65
0,5300,342.550517749349,83,83
34,6828,1121.73166540616,85,51
51,5426,1704.5055984174,79,28
65,1247,617.931352520126,70,5
10,3551,228.088810227694,83,73
48,8749,2464.76265239624,83,35
23,7973,845.34003508831,77,54
90,2320,1918.9514073273,93,3
86,7284,5702.69871357813,86,0
93,1982,1704.82561526441,97,4
84,1811,1375.06421722347,92,8
89,4399,3591.13287958162,91,2
10,2690,172.784821039847,88,78
28,9819,1270.24618349697,69,41
94,7243,6319.06287523336,96,2
80,2657,1882.74911080118,90,10
4,5810,304.361611815542,53,49
45,1511,380.639362833134,68,23
81,2002,1444.80441812355,82,1
43,3358,784.061698250571,86,43
90,8461,6998.38269715358,96,6
90,3739,3092.65487586068,90,0
34,6772,1112.53175719545,78,44
51,9141,2871.52334595161,73,22
48,1737,489.346522712569,73,25
27,4206,522.842276129747,44,17
54,4190,1462.70223549568,85,31
6,6906,385.334243135295,85,79
7,2606,150.3937523474,76,69
90,4957,4100.10436470751,95,5
90,3384,2799.02222517051,90,0
36,7751,1378.25689001709,90,54
87,2222,1764.92380253967,88,1
15,4025,312.146524161917,46,31
66,6247,3185.10389555208,82,16
9,7265,449.929717494987,62,53
26,5889,703.431650221399,71,45
67,6220,3260.98899476766,95,28
73,1692,1034.30301365931,81,8
18,6539,569.492438727184,23,5
40,1288,267.888144440312,76,36
20,2077,195.625203479453,90,70
16,5528,445.517402348531,64,48
93,4180,3595.44453673321,95,2
99,6101,5810.47619047619,99,0
10,3964,254.616740000726,90,80
93,3985,3427.71446863202,93,0
74,3017,1887.57145269687,82,8
13,2705,194.362901972518,63,50
84,9650,7327.09535958391,94,10
25,1666,191.229267732248,80,55
41,6742,1457.67497223266,63,22
59,4582,1890.3187290162,72,13
37,5782,1069.45764391461,66,29
4,4799,251.399548210462,84,80
82,7212,5297.18364711122,85,3
91,1189,996.250407694744,91,0
30,5124,717.911959976338,80,50
39,4223,844.788613035548,80,41
95,1527,1353.61581849567,98,3
14,9518,710.431386556124,66,52
63,1883,879.791034805803,72,9
88,1917,1544.00820849867,88,0
62,3497,1585.15746877909,66,4
33,7943,1254.08608324863,75,42
37,2077,384.168717815747,69,32
33,4950,781.53419515054,67,34
13,9674,695.107842396354,56,43
93,1003,862.734657976893,94,1
19,4413,399.659281957595,57,38
15,2928,227.072055340645,54,39
39,7320,1464.32693521672,83,44
55,5536,2000.07522328222,71,16
56,6041,2257.75243499052,84,28
98,1841,1726.19821256794,99,1
61,9257,4068.64365844113,83,22
72,5197,3101.8214585772,96,24
8,9452,564.844434351574,86,78
91,9608,8050.44063677973,97,6
83,5723,4275.27875,89,6
48,5020,1414.2311709943,72,24
25,3362,385.902039685364,81,56
28,6297,814.618618747371,78,50
88,8323,6703.58910763402,88,0
57,6587,2545.49957102926,73,16
60,5399,2299.62935499881,72,12
14,8929,666.46793975201,76,62
60,5593,2382.2609710147,77,17
79,4137,2876.33792236458,89,10
28,1168,151.099658043025,81,53
61,1385,608.736250074643,65,4
68,2750,1481.57457786292,71,3
51,9777,3071.31427123607,89,38
23,3359,356.139116751741,86,63
72,7006,4181.52032687933,80,8
12,7314,506.069141368353,29,17
96,4330,3912.59340134198,96,0
15,6700,519.597940840956,65,50
44,1805,437.820112261634,89,45
92,9998,8486.28102299338,95,3
1,5254,254.465821753381,89,88
11,7297,486.348870209239,75,64
90,9888,8178.70323950532,97,7
71,9027,5256.86709190178,93,22
19,4143,375.206980546185,83,64
10,8824,566.785598831082,86,76
95,6285,5571.36569695173,98,3
25,9986,1146.2277716532,75,50
25,9133,1048.31746830649,80,55
55,7204,2602.69904417,56,1
91,8449,7079.32690884179,92,1
3,9712,494.360461495655,87,84
62,1370,621.008216250314,65,3
62,1968,892.076036190232,80,18
88,2023,1629.38372759145,90,2
33,1797,283.720595694044,91,58
85,1815,1399.80255623675,86,1
70,9332,5298.86039172309,72,2
66,7733,3942.75787166708,93,27
70,7580,4304.04648191824,72,2
29,8702,1171.56381637089,87,58
80,4239,3003.75366228311,89,9
51,6992,2196.44363142913,81,30
33,2402,379.241441767999,42,9
7,5456,314.868884423413,70,63
67,8720,4571.67588977074,84,17
55,9209,3327.07599913403,88,33
0,4170,269.516162078261,63,63
23,1060,112.386860302723,88,65
5,8547,461.720142602497,70,65
97,1560,1437.07487836615,97,0
73,7900,4829.19255786557,75,2
39,9582,1916.82796355828,71,32
49,6389,1867.11012003507,65,16
51,4014,1260.9446133519,73,22
49,5169,1510.57946634235,50,1
56,8920,3333.74469791681,88,32
6,2440,136.144736931671,66,60
17,7821,655.16859476703,77,60
73,3663,2239.15599233691,75,2
70,9920,5632.73629295896,86,16
39,1590,318.071014616747,68,29
35,4460,762.316818518096,87,52
29,3871,521.15876041964,69,40
2,8294,411.223923551215,72,70
43,3368,786.396605035117,50,7
44,4518,1095.88435855848,77,33
31,4667,680.477536750147,69,38
11,7035,468.88643304399,70,59
43,9598,2241.04353180732,81,38
34,3697,607.358225982216,89,55
52,7486,2436.79270148731,84,32
23,4246,450.18359325034,88,65
54,2470,862.261222356643,81,27
66,6682,3406.89358573379,83,17
30,8701,1219.07727629862,86,56
71,5819,3388.69055143198,76,5
1,6739,326.388498819192,68,67
54,9653,3369.80063943671,57,3
18,1088,94.7557383904536,88,70
36,5428,965.188801317609,63,27
39,9851,1970.63997798086,51,12
44,2398,581.657966317672,82,38
23,9588,1016.5709590401,68,45
30,8260,1157.28977154656,84,54
3,5319,270.747868069953,58,55
98,7119,6675.07065468286,98,0
63,1519,709.719905400964,77,14
81,7366,5315.89877317587,84,3
83,2209,1650.19932880482,91,8
86,6452,5051.31961834241,94,8
72,1771,1057.0186267347,84,12
3,1709,86.9915597916057,77,74
8,6848,409.231346428224,77,69
47,4943,1341.98453612758,82,35
22,1828,186.297140478976,46,24
10,3308,212.480367286176,80,70
24,3304,364.472185659088,84,60
29,9239,1243.86096293388,59,30
27,2847,353.906790333188,78,51
15,5554,430.723427377712,58,43
75,3439,2200.58399339156,85,10
76,5189,3393.60845043262,90,14
15,3838,297.644312977252,79,64
70,9879,5609.45583045782,88,18
62,5600,2538.42774525676,92,30
97,5119,4715.63224510022,97,0
50,7979,2417.99411554014,52,2
14,2138,159.582087041079,75,61
80,3647,2584.26270496496,85,5
4,6339,332.073710378437,28,24
31,9298,1355.70605028988,50,19
60,1879,800.334054092012,82,22
29,3097,416.953934647281,80,51
10,9288,596.589374653569,64,54
59,2624,1082.53957768191,74,15
8,6394,382.100646767241,89,81
36,4648,826.491810708225,71,35
13,1178,84.6430678460725,59,46
33,4117,650.015410390863,75,42
67,8432,4420.68475946638,93,26
23,7230,766.563207536496,70,47
68,8974,4834.78191336068,75,7
71,4734,2756.8415656434,71,0
0,1721,111.231970008798,56,56
66,6437,3281.9775533326,94,28
38,7602,1462.39700896732,60,22
9,2712,167.957246227998,61,52
20,6617,623.231570256881,69,49
65,5063,2508.89048741732,76,11
21,1138,111.486094359738,79,58
9,2842,176.008294166656,69,60
20,3041,286.420916601357,81,61
59,3733,1540.0610684019,59,0
76,7742,5063.27165605113,87,11
63,1188,555.067312453156,72,9
77,3158,2109.38476166278,85,8
88,4618,3719.47308651375,94,6
8,7991,477.536169583519,86,78
34,3927,645.143563276214,62,28
18,1579,137.517749005998,73,55
55,8370,3023.95766236853,90,35
94,5678,4953.69860631989,97,3
62,1060,480.488108923601,70,8
10,3904,250.762803471957,85,75
56,2375,887.628212730093,75,19
86,5167,4045.28339553243,93,7
44,9223,2237.12736586651,76,32
87,4452,3536.20196620459,94,7
63,5097,2381.46304004523,69,6
74,7523,4706.72855109,94,20
16,4504,362.990300321596,76,60
19,6520,590.477797045892,73,54
50,5442,1649.1695672101,53,3
23,1966,208.445818259578,89,66
33,9800,1547.27982070208,66,33
80,7771,5506.52741439066,82,2
42,1980,444.92209911771,62,20
8,6314,377.319906738874,86,78
15,5916,458.797226569417,59,44
29,1933,260.242801315207,64,35
7,1480,85.4116475342103,67,60
95,5432,4815.22012185231,96,1
48,7277,2050.07175922819,87,39
59,4471,1844.52532462493,80,21
73,4812,2941.52842891761,86,13
28,6299,814.87735103854,74,46
35,2537,433.631786677222,61,26
78,4330,2951.82692402485,84,6
60,3120,1328.92083489467,65,5
31,7244,1056.22011489566,74,43
69,5354,2962.24891744606,73,4
5,4138,223.540183700612,14,9
32,6230,945.282764032899,77,45
30,1250,175.134650657772,64,34
73,6139,3752.71052059959,83,10
32,2143,325.159063133628,78,46
10,3029,194.559562427397,87,77
0,6054,391.283176312181,72,72
59,3419,1410.51936588966,84,25
88,2208,1778.38817129111,98,10
94,6847,5973.57773115046,94,0
72,1177,702.490640128029,85,13
67,4193,2198.28406029916,69,2
31,2011,293.216268781775,73,42
90,7803,6454.12837559264,99,9
53,9035,3046.32234207624,86,33
7,4573,263.910448766178,84,77
41,7271,1572.04905415362,56,15
86,4268,3341.44949334863,89,3
9,6599,408.683579593864,77,68
31,3513,512.217181616299,85,54
29,7360,990.888265742328,87,58
88,4463,3594.63152557619,90,2
63,2647,1236.75351520497,84,21
68,2660,1433.08668258741,74,6
80,3707,2626.77868036883,80,0
86,4411,3453.40527534227,88,2
22,7443,758.539177562922,79,57
68,4677,2519.75429115087,77,9
31,3617,527.381026446386,88,57
42,9719,2183.93832390153,63,21
67,7378,3868.09916453309,80,13
28,4952,640.621152935839,70,42
49,5881,1718.65309374335,79,30
78,3244,2211.48418973132,89,11
78,1511,1030.07170489643,85,7
17,7741,648.46695973553,82,65
64,5459,2627.50266471839,83,19
56,4003,1496.07399391939,80,24
85,8461,6525.4707594045,91,6
99,8665,8252.38095238095,99,0
82,9649,7087.1498905957,92,10
39,6193,1238.87659969906,63,24
22,5917,603.019792239663,69,47
2,1270,62.9677336520428,77,75
8,4463,266.70553433253,86,78
47,4847,1315.92131228209,66,19
91,5727,4798.59216557426,92,1
62,4519,2048.42053228844,85,23
78,8625,5879.79381517653,88,10
82,9175,6738.9988855027,89,7
78,2011,1370.92931737043,95,17
93,9248,7954.70599897339,99,6
84,1905,1446.43695958625,88,4
28,1028,132.988397661156,73,45
89,4346,3547.86621838184,89,0
75,8639,5528.01544603363,83,8
85,4640,3578.55860106806,90,5
47,3095,840.267477101934,85,38
74,5560,3478.58709877182,83,9
5,6095,329.259888751868,72,67
97,7228,6658.44693642985,97,0
54,8242,2877.22955249532,78,24
62,6355,2880.66220019762,77,15
66,8628,4399.08378594899,77,11
37,3360,621.476596947958,58,21
32,6376,967.435458021471,72,40
82,4816,3537.3317310715,88,6
69,8718,4823.47517039498,83,14
36,9307,1654.93960461735,66,30
75,2028,1297.69826653041,85,10
74,6040,3778.89677636363,74,0
10,2076,133.346203895436,76,66
3,3152,160.443181078491,73,70
8,4854,290.071401221174,72,64
9,1681,104.106242960643,78,69
5,2248,121.439906466645,83,78
20,8736,822.812603561148,61,41
48,5365,1511.42434908056,79,31
4,2452,128.450029633685,78,74
71,4118,2398.11439951828,76,5
43,3953,922.988651931062,81,38
52,6676,2173.12691358927,81,29
71,9877,5751.8639932108,86,15
60,2690,1145.76828393162,77,17
13,2044,146.867937756683,65,52
18,5053,440.074215153458,67,49
54,6895,2407.00045674051,77,23
16,6244,503.221899468927,75,59
22,6780,690.970794555504,57,35
44,4816,1168.16712501497,79,35
73,1871,1143.72395895778,74,1
13,9489,681.815000671801,39,26
97,4387,4041.31249448225,97,0
32,8608,1306.09856064128,86,54
54,6069,2118.64913298885,61,7
20,4744,446.820397355092,91,71
53,4899,1651.79116257128,69,16
81,4875,3518.19257659956,83,2
4,2714,142.175114366158,85,81
72,4369,2607.63093179215,86,14
55,5956,2151.81503429713,87,32
60,6245,2659.97135061448,75,15
72,4344,2592.70972023463,94,22
80,4118,2918.01311188531,80,0
70,5183,2942.99114983934,82,12
74,2257,1412.08112984316,79,5
92,4509,3827.22955917955,93,1
63,6447,3012.22134965109,68,5
70,6099,3463.11075108434,92,22
33,8266,1305.08316305341,78,45
8,7742,462.656116245227,64,56
34,7593,1247.4089829275,64,30
96,5522,4989.6860882703,97,1
25,1981,227.38606205137,87,62
42,1078,242.235365075198,73,31
96,3611,3262.90410444478,99,3
29,1684,226.719543411696,77,48
80,3695,2618.27548528806,80,0
95,5632,4992.51099526367,96,1
1,7490,362.761515975033,66,65
9,6374,394.749073546187,78,69
73,7996,4887.8764167966,87,14
19,9636,872.675468149419,80,61
36,8649,1537.93624587251,68,32
50,8887,2693.15875483208,93,43
98,5861,5495.51750345501,99,1
12,1023,70.7832556220707,89,77
98,6990,6554.1148863932,98,0
6,6077,339.078510792526,69,63
27,3644,452.980802238896,80,53
49,7461,2180.38951409949,83,34
96,7821,7067.06535609598,96,0
41,8970,1939.38660648576,52,11
46,6287,1644.39043221395,79,33
82,6631,4870.44159234533,92,10
35,7870,1345.16443088283,79,44
51,2587,812.671578161778,71,20
16,5001,403.044958238966,54,38
27,4944,614.58207636364,80,53
42,2120,476.381237439164,66,24
21,7093,694.877739273834,80,59
74,6103,3818.31242154755,91,17
15,1237,95.9317392269048,70,55
19,6989,632.952350238303,78,59
1,2747,133.044844376958,15,14
76,8470,5539.38399983894,91,15
38,5918,1138.44586938551,68,30
63,5096,2380.99581166775,73,10
68,8932,4812.15422889878,93,25
40,1191,247.713338531375,69,29
53,9186,3097.23486821387,64,11
51,5158,1620.31696952395,91,40
18,5216,454.270157577763,71,53
14,6596,492.330891544882,69,55
24,9013,994.245705007674,77,53
44,8773,2127.97553732483,82,38
69,5967,3301.40816032885,78,9
99,1261,1200.95238095238,99,0
46,5280,1381.00548466513,62,16
58,2245,896.622765306607,83,25
32,8314,1261.48971110265,66,34
19,2130,192.901488912231,77,58
74,1333,833.985000478927,79,5
7,8728,503.697878161208,90,83
20,6725,633.403704092115,74,54
96,6412,5793.89119847685,96,0
65,8293,4109.46648472286,80,15
92,6622,5620.73944131448,93,1
60,1021,434.880824495979,74,14
37,3650,675.1159460893,77,40
22,2515,256.311437803406,77,55
21,6645,650.98866170515,88,67
69,2829,1565.22267229266,91,22
73,6193,3785.72019124829,78,5
54,3594,1254.64244257076,86,32
77,8288,5535.96608760644,80,3
75,5266,3369.66423646407,91,16
43,4348,1015.21746992063,78,35
85,1188,916.234400445875,88,3
14,5734,427.990499108301,81,67
66,5184,2643.12127333792,88,22
63,4505,2104.86384057363,86,23
34,9561,1570.72004290397,35,1
22,3877,395.117075293759,65,43
32,9027,1369.67375777287,82,50
69,4149,2295.5492638184,78,9
22,2050,208.921847911325,62,40
50,6251,1894.33277556603,58,8
48,7018,1977.1064458243,72,24
32,8539,1295.62913676997,91,59
60,7599,3236.68891806557,73,13
43,8272,1931.43489217651,61,18
42,1837,412.788836403653,60,18
82,6292,4621.44751908262,87,5
48,9935,2798.88180952756,68,20
19,3934,356.279087972168,38,19
7,1262,72.8307426947117,81,74
10,8265,530.879756838043,85,75
36,9592,1705.61735118617,76,40
97,5288,4871.31535692322,97,0
27,6499,807.882061951314,66,39
31,6061,883.731379953427,77,46
26,1417,169.258388243118,74,48
84,1701,1291.54292296914,87,3
79,1174,816.24866348949,93,14
75,4737,3031.16207522414,84,9
64,1626,782.619405171662,84,20
6,9562,533.531137106819,84,78
60,2537,1080.60005068198,90,30
15,6061,470.042256632393,60,45
57,7006,2707.41915813436,88,31
88,9763,7863.40748021518,89,1
66,4166,2124.08241217704,71,5
70,9507,5398.22821947186,76,6
89,4863,3969.92025310421,91,2
68,6726,3623.66204025674,70,2
86,3527,2761.31498665432,89,3
82,1604,1178.13124930205,91,9
86,8117,6354.86071638024,88,2
18,2515,219.035553356609,74,56
71,1195,695.907408310914,71,0
50,2637,799.129024022978,93,43
32,5510,836.036601897476,73,41
96,8714,7873.9812700448,96,0
77,7145,4772.49972200145,91,14
61,9241,4061.61132631031,80,19
95,8035,7122.66083930106,95,0
13,7852,564.191314709135,71,58
30,6028,844.569339332039,78,48
68,6560,3534.22881119301,88,20
3,9833,500.519606454569,73,70
35,6075,1038.35754988732,68,33
17,1805,151.205640398221,87,70
43,3804,888.198540841326,87,44
65,7268,3601.54376111971,74,9
8,6002,358.675020628242,80,72
37,2233,413.022988388331,81,44
0,4742,306.485765125927,86,86
52,3547,1154.5957403387,75,23
65,3760,1863.2092104857,79,14
83,2674,1997.57039620828,83,0
47,2662,722.71147788218,82,35
21,6753,661.569064333315,66,45
76,1445,945.030682381024,80,4
82,5515,4050.74428921497,85,3
84,5027,3816.92314742262,93,9
7,8554,493.656238518672,88,81
48,5397,1520.43936849726,85,37
50,2072,627.908736357835,64,14
91,5899,4942.70912951328,95,4
97,1811,1668.29654148789,98,1
67,7012,3676.21460310463,86,19
92,5548,4709.13053766426,94,2
23,3205,339.811214405874,66,43
54,4815,1680.88574317702,86,32
51,3968,1246.49432630303,65,14
69,4279,2367.47536752927,74,5
13,7749,556.790435262492,86,73
94,7607,6636.63002787521,96,2
61,3034,1333.50598030792,79,18
46,3027,791.724167060862,79,33
69,3069,1698.00932529734,81,12
62,3164,1434.21167607007,85,23
86,1279,1001.33877741165,87,1
90,9007,7449.99798525733,96,6
69,7271,4022.88230832094,80,11
11,6585,438.893697454822,49,38
79,3759,2613.52532032112,81,2
8,1463,87.4277832687635,83,75
54,1120,390.984845764955,66,12
29,1665,224.161543812633,48,19
87,9361,7435.3968116894,88,1
39,1097,219.448995619227,82,43
80,4208,2981.78707499111,93,13
90,8009,6624.51802641567,91,1
54,5994,2092.46711206709,78,24
43,5601,1307.78129002425,81,38
98,4401,4126.56074606816,99,1
56,5437,2032.01456531095,73,17
52,3592,1169.24383966637,85,33
99,5902,5620.95238095238,99,0
98,3389,3177.66743204385,99,1
95,6843,6066.0072337694,96,1
49,3665,1071.05315228182,85,36
30,7531,1055.15124328294,69,39
0,3761,243.081603255717,83,83
26,8455,1009.93625447817,71,45
85,3168,2443.29173452233,87,2
34,7170,1177.91681912158,88,54
28,7660,990.944675179428,57,29
67,7723,4048.97395604351,85,18
30,2444,342.423268966075,84,54
35,8948,1529.41948253361,78,43
57,8628,3334.22958840754,75,18
82,9888,7262.69438472487,82,0
49,3185,930.778796730583,72,23
55,6123,2212.14967343877,91,36
99,3803,3621.90476190476,99,0
24,5600,617.749467218792,79,55
38,2443,469.959996436092,83,45
64,8564,4121.98806020302,72,8
54,3666,1279.77718265565,93,39
45,1378,347.135037712812,87,42
50,4770,1445.52349055351,79,29
6,2294,127.998371525104,75,69
17,8859,742.122309300745,23,6
93,7223,6212.89375330718,94,1
31,1728,251.953114099904,78,47
57,4059,1568.57184739757,66,9
7,7695,444.082856605235,53,46
84,7474,5674.89230233473,91,7
15,1025,79.4907297555193,61,46
2,8624,427.585618122218,86,84
91,2936,2460.04305886608,97,6
18,1341,116.789931233087,76,58
53,4042,1362.83728906166,74,21
98,6864,6435.97204294748,99,1
36,9412,1673.61035335323,69,33
42,6524,1465.99584577977,84,42
75,3814,2440.54299238017,81,6
89,7015,5726.70996823484,94,5
57,4776,1845.65142724089,79,22
5,1983,107.124259129607,48,43
49,3610,1054.98004904157,51,2
33,7278,1149.09209541528,91,58
15,6690,518.822421526268,82,67
11,6861,457.289241949512,32,21
42,3157,709.403569148793,63,21
96,9788,8844.4490097772,97,1
84,9886,7506.2864999841,85,1
92,3783,3211.00231146069,93,1
42,2597,583.567015862976,76,34
10,2200,141.311006054894,48,38
12,9172,634.627586085662,79,67
74,7979,4992.02274480222,81,7
4,2892,151.499790253106,31,27
61,1647,723.890688716922,86,25
71,9625,5605.11197070506,76,5
74,8064,5045.20258354243,90,16
60,4212,1794.0431271078,78,18
66,9548,4868.15623414939,90,24
44,1950,472.991257013953,92,48
83,3276,2447.28519744889,90,7
16,1865,150.305708281478,54,38
50,7627,2311.32236110097,83,33
52,5488,1786.41709133881,77,25
5,9116,492.458268394099,66,61
31,2525,368.160655730474,75,44
21,4636,454.173579483081,70,49
57,4273,1651.27063412905,92,35
27,5301,658.960272411742,87,60
99,5317,5063.80952380952,99,0
61,2422,1064.51927630382,75,14
18,2818,245.42432976498,75,57
0,1240,80.1438947187156,87,87
2,6735,333.927311926385,66,64
89,1309,1068.60489642472,97,8
43,1059,247.266628483429,82,39
67,9789,5132.12560607405,71,4
33,4648,733.852714961557,82,49
42,1879,422.226577900089,73,31
22,6592,671.811132405587,74,52
93,2443,2101.35669933953,93,0
28,1796,232.341597470268,86,58
41,3208,693.595566734259,87,46
12,4838,334.750137536244,80,68
45,4449,1120.75746210762,60,15
89,6294,5138.12010549823,91,2
84,4622,3509.41292766807,94,10
55,1776,641.64262943447,84,29
11,8915,594.18941728318,65,54
14,4485,334.764106819102,90,76
88,4631,3729.94366904399,88,0
64,6684,3217.1144552075,93,29
46,5726,1497.65859946828,79,33
1,5404,261.730738628715,49,48
25,3681,422.517967900603,80,55
51,4044,1270.36871360117,80,29
14,5486,409.479574138148,64,50
30,9674,1355.40208837063,71,41
84,3501,2658.25501076718,92,8
9,3123,193.410943941754,68,59
27,1273,158.244939969845,72,45
82,4131,3034.20211400672,86,4
40,7209,1499.38325564457,70,30
36,3881,690.106436608998,77,41
98,6811,6386.27703737111,99,1
77,5559,3713.1316941366,85,8
13,3243,233.019922771488,63,50
4,7747,405.832944360585,71,67
18,4418,384.771003868588,66,48
92,5743,4874.64612072925,92,0
25,7170,822.997508787645,28,3
45,2255,568.062053731778,75,30
98,8983,8422.83462438771,98,0
45,6752,1700.91130234899,81,36
0,6485,419.13964294425,78,78
89,3057,2495.5883639193,94,5
45,6103,1537.42027225057,86,41
5,7694,415.639964570447,69,64
94,7051,6151.5549265871,97,3
64,8593,4135.94621687583,78,14
98,9155,8584.10898210726,98,0
98,9452,8862.58854165787,99,1
55,6175,2230.93650718347,72,17
22,4417,450.150147426498,90,68
46,5664,1481.44224718623,74,28
2,4148,205.661542668247,48,46
94,2678,2336.3869087222,95,1
12,2929,202.662908814316,14,2
23,3173,336.418403528811,79,56
27,8254,1026.04378201972,30,3
65,5471,2711.0685081296,79,14
49,4213,1231.19970820281,77,28
47,6961,1889.85522071294,80,33
25,2012,230.944349746268,48,23
67,3355,1758.94181309413,77,10
75,8319,5323.25043356335,77,2
72,9040,5395.51009919914,83,11
24,2702,298.064117933067,71,47
39,4811,962.41487504476,91,52
93,2637,2268.22661324533,97,4
13,5871,421.850128458652,62,49
65,3939,1951.90986172957,81,16
82,8639,6345.3091413469,83,1
43,2110,492.665331539221,85,42
73,5786,3536.92508098863,83,10
28,2871,371.410203973908,80,52
60,6941,2956.4229214756,75,15
16,8984,724.046371689436,76,60
83,6852,5118.68076096453,90,7
44,1199,290.828983158836,68,24
88,4897,3944.18789620135,91,3
67,2319,1215.79316380486,93,26
38,9424,1812.89521343173,63,25
27,8811,1095.28371254855,59,32
43,2465,575.554522390607,89,46
0,3563,230.284432969987,78,78
66,7098,3618.99591013745,76,10
86,5940,4650.47094435119,86,0
8,6811,407.020254165105,73,65
97,3678,3388.18038630174,99,2
43,1608,375.453010955008,64,21
55,7029,2539.47412291379,76,21
17,4303,360.464194256813,84,67
69,8779,4857.22511136701,85,16
16,2580,207.929612528801,42,26
62,6532,2960.89464857449,82,20
53,8829,2976.8655183388,61,8
19,8083,732.029452994163,59,40
76,1944,1271.37691802679,80,4
93,2425,2085.8739238225,93,0
52,2903,944.965163293837,64,12
54,3407,1189.3619370725,66,12
80,2345,1661.66603870108,83,3
19,1147,103.87699895884,61,42
67,7859,4120.27532313168,76,9
92,7367,6253.09384840891,94,2
7,3725,214.971883151982,84,77
23,2432,257.853626656813,62,39
51,2415,758.640070065982,87,36
86,6927,5423.20071237722,92,6
58,6035,2410.29772321843,80,22
53,7411,2498.75980931123,73,20
72,1443,861.25233110004,83,11
10,8994,577.705085662597,90,80
31,9437,1375.97311213009,54,23
13,2432,174.746978778988,71,58
41,5338,1154.11880773924,86,45
11,5930,395.2376045417,87,76
94,9079,7920.85763416314,94,0
59,5872,2422.51234761745,78,19
35,3879,663.010524446568,78,43
92,4671,3964.73481280277,97,5
93,6033,5189.31026079222,97,4
6,9033,504.014511763846,89,83
30,6110,856.058172415189,80,50
74,4876,3050.64580820349,85,11
44,3179,771.097028742235,79,35
28,1031,133.37649609791,76,48
3,5756,292.99205275628,64,61
76,6767,4425.62119562103,76,0
23,1752,185.756395519217,77,54
62,6677,3026.62179554989,88,26
42,4481,1006.9171344174,74,32
32,1757,266.590981766582,71,39
58,1217,486.053409967991,86,28
29,1113,149.844923881958,86,57
66,2624,1337.87620008463,89,23
93,6402,5506.7071588914,97,4
20,6352,598.272167790798,71,51
32,3165,480.227921053632,58,26
47,8004,2173.02128811757,80,33
21,8511,833.794507114,66,45
91,4872,4082.19679250529,91,0
55,6994,2526.82913866255,79,24
84,8432,6402.28684684057,87,3
60,3294,1403.03372760995,87,27
44,2697,654.183292393145,64,20
95,9107,8072.9399207859,95,0
46,8591,2247.01100734056,90,44
2,5346,265.059452050253,67,65
29,4248,571.914857727366,89,60
35,1577,269.545655337004,87,52
3,5614,285.763965283835,77,74
76,6227,4072.46094061359,79,3
62,2129,965.055833866364,76,14
64,3455,1662.94590705295,72,8
26,7260,867.195411887817,83,57
46,7879,2060.78451016602,80,34
20,5154,485.436831359221,84,64
40,2738,569.470294625445,42,2
79,9196,6393.71610685634,85,6
3,1606,81.7486512728606,78,75
32,1193,181.014821427167,70,38
0,2147,138.765275775066,82,82
43,6762,1578.86396771005,73,30
78,5884,4011.21238359405,83,5
8,9924,593.05080051894,85,77
18,6178,538.052345382557,87,69
81,6364,4592.77488358556,90,9
29,5706,768.207669065995,76,47
31,2013,293.507881182354,64,33
56,3014,1126.44691922884,70,14
27,3872,481.323179546928,76,49
87,3329,2644.20852324688,94,7
46,9708,2539.16690248657,87,41
23,6211,658.523386170011,90,67
10,5000,321.161377397485,89,79
98,1777,1666.18914923043,99,1
41,1687,364.743055199718,84,43
79,2133,1483.01396867383,90,11
60,8917,3798.07278357556,85,25
89,8904,7268.79908156279,95,6
19,8369,757.930779674397,84,65
76,6579,4302.66910684066,87,11
96,2673,2415.32613436192,96,0
70,5539,3145.13370228827,77,7
2,2850,141.305544022301,15,13
8,5994,358.196946625406,88,80
43,1956,456.707767057212,71,28
96,1419,1282.21017009336,97,1
55,7497,2708.55562661611,81,26
58,3714,1483.3215814471,76,18
66,9898,5046.60770900824,79,13
11,6536,435.62782180178,78,67
48,2260,636.685746304206,86,38
75,9216,5897.23235914411,88,13
61,7330,3221.68715743475,72,11
77,3771,2518.83785187788,89,12
69,7549,4176.69351471802,86,17
19,5752,520.924584142326,72,53
42,4966,1115.90057788815,89,47
36,2178,387.28467377851,75,39
93,1263,1086.37474877848,93,0
87,3373,2679.15750943578,88,1
79,1500,1042.90715096613,82,3
84,1818,1380.37920867602,91,7
6,2470,137.81864763165,80,74
5,4159,224.674631225434,88,83
0,5744,371.247202632502,66,66
66,4934,2515.65593415303,85,19
20,7623,717.983113203598,62,42
91,6498,5444.60483532418,96,5
93,5498,4729.12776625819,96,3
61,9244,4062.92988858484,81,20
29,3084,415.203724395291,55,26
88,3466,2791.61838844882,89,1
54,8937,3119.84961303697,85,31
60,4972,2117.75461253086,79,19
64,9884,4757.32484668924,84,20
47,6270,1702.25430740844,73,26
52,4188,1363.24977742838,89,37
77,2919,1949.74481294923,77,0
2,4609,228.518334175012,66,64
50,6856,2077.67485350836,81,31
8,7776,464.687930757283,49,41
33,9310,1469.91582966697,46,13
54,2159,753.693108934409,67,13
47,3473,942.891420993543,80,33
10,8787,564.409004638341,74,64
52,8192,2666.60510427251,58,6
98,2770,2597.26727257642,99,1
76,5843,3821.32475927496,96,20
4,2479,129.864446762604,82,78
6,1121,62.5484631559029,85,79
89,5924,4836.06982919789,91,2
49,8381,2449.24869557269,65,16
30,1913,268.026069366654,81,51
10,4620,296.753112715276,75,65
99,2978,2836.19047619048,99,0
97,4792,4414.39924175039,98,1
66,4190,2136.31908473879,69,3
53,7417,2500.78282359485,91,38
10,4510,289.687562412532,83,73
6,8191,457.033418117753,86,80
51,4326,1358.95525594428,93,42
24,4308,475.225840139028,87,63
86,4375,3425.22060295227,94,8
96,2018,1823.46731729979,96,0
95,7708,6832.7902612735,95,0
39,1076,215.248057690327,58,19
40,2096,435.942197784855,50,10
26,7415,885.709914483219,63,37
93,3034,2609.70782881545,96,3
6,4372,243.944586010355,85,79
24,2034,224.375431486254,88,64
46,4864,1272.19899193394,80,34
56,6002,2243.17664539201,88,32
55,1350,487.735106833634,77,22
74,8358,5229.14226106742,93,19
1,5369,260.035591357804,72,71
9,5243,324.704956479865,71,62
0,6727,434.780628849032,23,23
4,4765,249.618430344416,74,70
35,9612,1642.91239004393,74,39
19,3006,272.23562238036,85,66
70,1046,593.935701858374,81,11
53,3334,1124.12160359515,87,34
78,7723,5264.88668227343,80,2
65,5150,2552.00197712802,78,13
93,4907,4220.77663678227,98,5
1,8374,405.576092760337,79,78
44,4026,976.545026019578,83,39
54,5746,2005.89189621914,83,29
50,2001,606.392558615843,75,25
87,1640,1302.64403067734,94,7
94,7033,6135.85105640152,96,2
16,8022,646.516027793038,62,46
85,9625,7423.19537398278,89,4
23,6451,683.969467747986,77,54
91,6766,5669.15917448498,92,1
87,5316,4222.47296773217,92,5
2,4842,240.070682159993,60,58
20,5184,488.262424091231,52,32
94,4681,4083.87868548493,97,3
84,4417,3353.75960655773,87,3
86,4678,3662.44159556816,93,7
85,2375,1831.69755981393,87,2
95,4500,3989.04465175541,95,0
86,3413,2672.06352408596,89,3
94,5171,4511.37292942588,96,2
94,3575,3118.96310630391,98,4
19,3230,292.5219761439,82,63
72,3624,2162.97882737806,91,19
53,8998,3033.84708732728,80,27
6,5293,295.333644499727,64,58
59,2029,837.070428016996,68,9
75,6554,4193.84341165695,80,5
40,6291,1308.45055642391,76,36
3,1982,100.887812467503,71,68
58,4491,1793.64491714564,79,21
89,7781,6352.03567538635,95,6
47,4049,1099.27076406647,89,42
6,6026,336.232862602561,70,64
90,5420,4483.06751194568,90,0
15,5686,440.960282331593,74,59
8,8112,484.767038876425,51,43
39,7071,1414.51581405976,55,16
60,8665,3690.73686998791,77,17
71,6679,3889.51094569757,84,13
97,5474,5042.65890011303,97,0
95,5004,4435.81765275202,97,2
29,3970,534.487284646337,75,46
38,1657,318.757148626526,75,37
86,1059,829.099112806046,98,12
85,1473,1136.03810762355,86,1
4,3301,172.92559046525,60,56
92,9425,7999.91984814089,92,0
14,4452,332.300959544848,77,63
3,7890,401.616972940766,86,83
47,6527,1772.02772957813,75,28
92,2015,1710.3276916715,92,0
60,3117,1327.64302639958,71,11
45,6685,1684.03318367935,55,10
50,1574,476.992447406965,81,31
2,7088,351.429367028094,67,65
73,7596,4643.36033791733,75,2
42,9119,2049.11344538101,52,10
18,9705,845.224670109699,73,55
98,9671,9067.9320552659,99,1
0,3990,257.882370909415,87,87
94,5242,4573.3159729357,94,0
57,5258,2031.91691885105,86,29
71,5374,3129.54511486431,77,6
99,6616,6300.95238095238,99,0
62,3745,1697.57355464046,85,23
19,3948,357.54698508239,81,62
10,1346,86.456642795403,48,38
31,6763,986.087332556513,46,15
89,7172,5854.87724763795,97,8
0,4119,266.219921247088,86,86
34,5183,851.48436171648,89,55
3,6596,335.749753297502,57,54
31,8986,1310.21451579962,86,55
16,2343,188.829101610457,66,50
64,3860,1857.87878472486,87,23
13,7643,549.173996220316,59,46
76,3920,2563.68185116513,91,15
4,3898,204.199924760238,57,53
98,8883,8329.07046292286,98,0
78,7802,5318.74218504432,82,4
54,1858,648.615931635078,78,24
47,4949,1343.61348761792,70,23
55,8942,3230.61283356026,90,35
11,6751,449.957684361049,62,51
66,2437,1242.53212637433,67,1
94,3560,3105.87654781593,94,0
98,4643,4353.47001681311,98,0
25,1993,228.763463739718,58,33
89,4345,3547.04986628373,93,4
92,1427,1211.23454889093,96,4
22,1482,151.035209075407,77,55
88,9676,7793.33512020507,96,8
26,2936,350.700513678049,38,12
52,3708,1207.00338459991,75,23
76,3667,2398.21973168942,89,13
92,6610,5610.55386697202,92,0
32,6538,992.015844501942,90,58
23,9845,1043.81947139651,81,58
15,5088,394.584227313251,54,39
32,2310,350.498103517817,43,11
24,3534,389.844038777002,56,32
21,5693,557.724371871696,71,50
67,7810,4094.58585998962,90,23
98,5721,5364.24767740422,98,0
65,3737,1851.81192010241,77,12
12,9938,687.62853799818,76,64
96,6039,5456.84793318804,96,0
2,2903,143.933331332189,82,80
74,2291,1433.35306533925,88,14
27,5073,630.617895103711,37,10
63,6982,3262.18853160601,70,7
86,7367,5767.68004158842,86,0
71,8738,5088.56814545671,77,6
96,8304,7503.50475860134,96,0
22,6440,656.320341731186,82,60
5,2319,125.275419526757,89,84
87,4560,3621.98584139554,89,2
72,4644,2771.76425892487,72,0
36,3093,549.986912762595,67,31
40,8920,1855.25019286303,78,38
42,8938,2008.44127369398,59,17
79,6149,4275.22404752715,82,3
76,1366,893.36464507438,80,4
34,5575,915.883719191468,70,36
99,3687,3511.42857142857,99,0
21,2653,259.905631227052,64,43
87,9612,7634.76489199428,92,5
79,3123,2171.33268831148,80,1
82,4576,3361.05274115099,88,6
35,8246,1409.43149899108,83,48
42,3437,772.321845791701,75,33
95,8891,7881.46577750164,97,2
84,4850,3682.52979212248,84,0
0,2583,166.944903272937,61,61
94,3502,3055.27518832904,97,3
63,2121,990.991388647428,86,23
29,1195,160.884711625283,68,39
73,6666,4074.86045452303,94,21
88,1375,1107.46545992993,89,1
2,2596,128.711997291892,73,71
5,3214,173.62449260845,75,70
58,6786,2710.23700907378,84,26
34,9730,1598.4840516113,78,44
18,8345,726.779997121632,54,36
56,1789,668.617630557531,65,9
30,6967,976.130488906157,50,20
7,4070,234.882030719078,84,77
98,2408,2257.84100807365,98,0
45,8287,2087.59655843692,58,13
66,8352,4258.36205148887,77,11
70,9711,5514.062715819,74,4
68,3786,2039.72412792328,85,17
91,3213,2692.13840195392,98,7
99,9315,8871.42857142857,99,0
78,9717,6624.22684081975,87,9
85,4411,3401.94439424811,97,12
52,9890,3219.32671890322,78,26
46,1596,417.440294228324,78,32
45,2870,722.9880683859,53,8
0,7725,499.283537662966,73,73
36,5686,1011.06549821148,81,45
23,8693,921.678279822235,44,21
80,9340,6618.32017120175,89,9
90,3441,2846.1688761264,93,3
88,1509,1215.39300293401,91,3
12,1788,123.715015691361,66,54
73,8354,5106.71830739354,84,11
51,6419,2016.44331666813,65,14
45,5069,1276.94303785649,80,35
48,3859,1087.15499778227,85,37
53,6542,2205.75990723439,73,20
44,8883,2154.65709541279,80,36
49,9901,2893.45082148493,65,16
64,8416,4050.75332959699,73,9
81,6023,4346.68182335573,83,2
18,5972,520.111461091718,81,63
43,3360,784.52867960748,84,41
57,5026,1942.26215940384,82,25
61,8743,3842.72998873834,92,31
47,6037,1638.99669120012,79,32
23,5295,561.404174814073,77,54
77,7446,4973.55254443986,77,0
74,7455,4664.18468009782,80,6
48,2094,589.920333080092,58,10
14,3445,257.137647266847,61,47
5,9415,508.610640295134,81,76
86,6650,5206.33531648745,89,3
45,7900,1990.10652970335,71,26
10,2023,129.941893295023,69,59
85,8665,6682.80393927905,87,2
16,8357,673.514640272553,49,33
88,5407,4354.95690315717,93,5
74,2690,1682.98548483744,75,1
19,3374,305.563203563319,79,60
68,4718,2541.84322122083,78,10
68,6862,3696.93263756196,88,20
75,4745,3036.28120053589,87,12
79,5835,4056.90881725824,92,13
56,9434,3525.84613006135,79,23
3,5107,259.95663888574,54,51
42,2907,653.22653643191,87,45
67,2349,1231.52140654489,88,21
16,4025,324.386314119544,81,65
82,4322,3174.49081015179,82,0
72,3981,2376.05372841944,76,4
18,6470,563.483113406466,84,66
27,7387,918.268163045754,63,36
29,2949,397.028464086158,78,49
10,9447,606.802306454809,83,73
63,6353,2968.30188216743,74,11
23,9267,982.536824929559,73,50
79,5869,4080.54804601347,88,9
31,4354,634.840196059597,71,40
40,6654,1383.95008781509,48,8
22,8504,866.668972994101,56,34
43,5624,1313.15157562871,46,3
47,5769,1566.2368579648,74,27
0,4243,274.23431071896,82,82
54,3241,1131.41239743234,77,23
23,9743,1033.00488672588,87,64
38,8489,1633.02923035038,41,3
29,7072,952.114377082846,85,56
59,2964,1222.80766320472,66,7
36,7173,1275.47886364245,84,48
88,1793,1444.13495974862,89,1
80,1097,777.333750300676,91,11
89,3799,3101.3216207162,93,4
63,8788,4106.0029813454,82,19
38,1978,380.507929983868,51,13
27,5725,711.66714951089,73,46
40,3212,668.056459582517,78,38
14,1795,133.980283554133,84,70
25,8358,959.36027593405,81,56
4,1148,60.138920888854,76,72
83,4044,3021.00773457976,85,2
35,8341,1425.66918907162,80,45
18,2003,174.444617643455,81,63
51,5562,1747.22818621407,68,17
52,5215,1697.55195541762,79,27
29,7214,971.232058296896,87,58
66,3760,1917.07870134077,81,15
26,2700,322.510690371502,83,57
11,8657,576.993582212057,76,65
7,7558,436.176508151055,80,73
31,1133,165.198424927773,77,46
70,9322,5293.18223013744,74,4
80,8731,6186.78302085251,96,16
33,1435,226.565973745661,75,42
10,2475,158.974881811755,89,79
65,1082,536.168182379131,87,22
34,5340,877.276961521513,90,56
0,6075,392.640451948546,73,73
35,4019,686.939751933683,79,44
79,7955,5530.88425729037,80,1
92,5467,4640.37791085265,96,4
74,3255,2036.47500116947,78,4
34,6820,1120.41739280463,87,53
30,7640,1070.4229848203,83,53
73,3573,2184.13987458908,86,13
26,9706,1159.36620768363,74,48
44,5273,1279.01687088953,87,43
58,7416,2961.85052450503,60,2
89,6838,5582.21564686954,92,3
5,4973,268.647978139958,81,76
90,6806,5629.47555097828,94,4
12,1109,76.7337541396641,52,40
90,8485,7018.23391860869,93,3
69,2822,1561.34972824669,70,1
61,7349,3230.03805184011,83,22
85,2627,2026.05031142366,90,5
72,9366,5590.0826979092,87,15
38,3849,740.432266181955,70,32
17,4116,344.799122370681,59,42
65,4452,2206.11899071339,69,4
88,8027,6465.18199771456,91,3
83,7247,5413.75940961908,85,2
82,1257,923.261209708653,86,4
80,3058,2166.89754641702,80,0
90,2510,2076.10691051359,95,5
82,9249,6793.35157406152,87,5
68,6084,3277.78172062474,79,11
34,3774,620.008099771946,54,20
22,8338,849.75139896811,60,38
91,3053,2558.07610991762,92,1
54,1940,677.241607842869,78,24
11,6989,465.820508961542,84,73
33,7803,1231.98208581003,33,0
13,9584,688.641054530355,82,69
42,7808,1754.52108581368,90,48
53,3814,1285.96274628431,85,32
87,3519,2795.12459997169,95,8
77,2123,1418.05695028818,85,8
14,8756,653.555076768798,53,39
93,5753,4948.46708608282,97,4
59,4147,1710.85809018555,68,9
47,7061,1917.00441221866,78,31
2,7673,380.434189222145,78,76
70,9770,5547.5638691743,85,15
89,3013,2459.6688716025,95,6
87,3436,2729.19810329717,96,9
61,6577,2890.72802652774,93,32
20,9379,883.37447445055,78,58
64,2856,1374.63777439746,85,21
65,1812,897.908268457472,65,0
74,8065,5045.82822870408,75,1
97,3502,3226.04886156299,98,1
28,7043,911.125763353618,67,39
63,2811,1313.37896911265,74,11
24,1413,155.871428067885,80,56
62,9363,4244.16053193554,64,2
22,8148,830.38791062511,71,49
39,3189,637.942431203022,70,31
48,8853,2494.0614655005,84,36
65,2316,1147.65758816087,84,19
18,6175,537.791070368613,75,57
48,5333,1502.40932966386,72,24
94,5224,4557.61210275011,94,0
16,4212,339.457181384228,77,61
80,1365,967.238440437943,91,11
89,2968,2422.9330271876,89,0
98,9823,9210.45358069247,98,0
97,4829,4448.48371001933,98,1
3,9956,506.780555462391,58,55
9,4048,250.697246582203,84,75
43,5202,1214.61850932087,78,35
28,4595,594.437438962072,71,43
98,2908,2726.66181539791,98,0
1,3124,151.304002123632,75,74
21,6582,644.816760172054,84,63
52,7883,2566.02148888919,80,28
0,4607,297.760421749292,70,70
22,3112,317.153556439045,56,34
27,4310,535.770378059727,76,49
2,2649,131.339784601781,90,88
58,4165,1663.44490757328,86,28
69,5528,3058.51924087445,80,11
43,5130,1197.80718047213,78,35
34,4194,689.00741135229,66,32
38,3913,752.743948446347,72,34
8,4679,279.613532409121,20,12
18,5936,516.976160924387,72,54
52,9801,3190.35603356627,87,35
34,4872,800.392014331987,69,35
7,2497,144.103299927651,87,80
43,9778,2283.07185392915,49,6
47,9982,2710.03229610065,75,28
98,5395,5058.5765110288,98,0
96,8883,8026.6898808593,98,2
71,7198,4191.7502301439,75,4
96,4732,4275.84110280606,99,3
31,2187,318.878160032692,72,41
55,4623,1670.22177695696,84,29
94,4139,3611.01770545228,99,5
33,1634,257.985227247673,90,57
69,9746,5392.2446674317,92,23
81,6800,4907.42759402606,84,3
84,7270,5519.99826571762,88,4
38,5690,1094.58550131861,83,45
10,2052,131.804629283928,66,56
77,2398,1601.7430837452,86,9
74,5899,3690.68080857103,82,8
60,3417,1455.42387590868,82,22
51,7554,2372.98844276539,92,41
20,1568,147.684313459693,66,46
14,7053,526.441749251979,36,22
21,3583,351.014653858473,84,63
43,4933,1151.80951681658,73,30
62,2236,1013.55793542752,76,14
29,8867,1193.77802341538,73,44
12,2085,144.264993130027,78,66
6,1156,64.5013589725457,73,67
13,1244,89.3853789478049,83,70
4,6277,328.825789563882,67,63
62,3244,1470.47492957374,72,10
8,8081,482.914502115432,73,65
6,7109,396.661038871823,87,81
49,4883,1426.99932949307,80,31
95,2433,2156.74347504909,95,0
79,6029,4191.79147544986,84,5
94,8170,7127.81218979104,95,1
51,6310,1982.20241909579,84,33
29,9017,1213.9727570922,64,35
37,4518,835.664066967523,65,28
81,5639,4069.55650039896,86,5
19,6771,613.209380950572,77,58
34,3397,558.073003424828,75,41
9,3065,189.818937938353,77,68
57,3433,1326.65857406155,59,2
1,6444,312.100828964367,75,74
77,6853,4577.4584457489,93,16
55,8968,3240.00625043261,68,13
9,5232,324.023713961978,65,56
86,8253,6461.33614540916,88,2
59,1319,544.157661189955,74,15
47,1450,393.663276832893,90,43
88,8547,6884.00529892443,94,6
96,5194,4693.30487911553,97,1
46,7445,1947.27004419165,79,33
67,2728,1430.22153982736,81,14
76,7410,4846.14349926878,85,9
3,4274,217.555252515695,59,56
98,5186,4862.60941356726,99,1
57,5604,2165.62617216456,76,19
11,7512,500.678732768508,86,75
1,5483,265.556928183058,77,76
51,1218,382.618470120234,65,14
19,5624,509.332381991732,63,44
81,4840,3492.9337581009,96,15
21,6639,650.400861559141,64,43
23,8846,937.900156828194,42,19
15,5949,461.356440307887,76,61
34,7682,1262.03026561953,49,15
80,3596,2548.12412587168,86,6
72,7837,4677.50139905129,72,0
38,2774,533.634478147244,79,41
98,2280,2137.82288139864,98,0
24,9524,1050.61534389139,72,48
28,4734,612.419333198357,78,50
51,3400,1068.06469491691,53,2
6,8553,477.231940564173,80,74
37,1857,343.476797777488,58,21
75,4497,2877.58831587142,83,8
54,7441,2597.60556905092,91,37
49,8142,2379.4037560378,82,33
49,1774,518.430639058102,69,20
41,7459,1612.6961758949,68,27
98,4679,4387.22511494045,98,0
75,5285,3381.82215907949,80,5
26,3243,387.371173657327,70,44
57,8805,3402.6299867789,79,22
35,3579,611.73360840275,87,52
68,3866,2082.8244792793,89,21
2,6145,304.674585269136,83,81
22,6955,708.805586450373,80,58
89,7868,6423.05830792184,93,4
69,1688,933.932792799579,71,2
82,2010,1476.33654058424,86,4
24,6261,690.665966831582,76,52
31,3519,513.092018818035,85,54
59,7385,3046.70532819395,64,5
20,6545,616.450147700059,52,32
69,4605,2547.84390452729,70,1
39,4102,820.58320877855,92,53
85,3934,3034.06240012969,89,4
86,4510,3530.91312441479,86,0
29,5327,717.182308642579,74,45
33,6300,994.67988473705,89,56
79,2450,1703.41501324468,80,1
66,5884,3000.02422305562,92,26
75,6240,3992.91774317049,76,1
32,2253,341.849449015429,77,45
31,5022,732.238737852847,77,46
24,4235,467.173034584212,73,49
41,3342,722.567451379643,66,25
81,7718,5569.93031921957,88,7
67,4525,2372.34327995557,79,12
86,9041,7078.26730772376,86,0
58,3450,1377.88353688543,89,31
54,3221,1124.43052518654,77,23
63,6807,3180.42356554599,84,21
10,2534,162.764586065046,68,58
78,9832,6702.62409168877,88,10
5,5381,290.688672907925,68,63
74,4066,2543.8732272673,81,7
97,6482,5971.23035998039,99,2
38,3596,691.76264723053,80,42
43,5399,1260.61617297642,89,46
59,1531,631.618938045353,85,26
34,3378,554.951605996193,69,35
61,4033,1772.58721772638,80,19
64,4710,2266.9971699622,81,17
88,1368,1101.8274539521,89,1
65,9311,4613.92046777457,87,22
35,5258,898.713415194652,76,41
56,7686,2872.551765492,77,21
14,5992,447.24783234338,61,47
50,4854,1470.97925013558,88,38
12,1688,116.795831368578,67,55
80,6602,4678.17449360535,82,2
62,4459,2021.22309216069,77,15
61,7606,3342.9948866915,83,22
63,3668,1713.79368861799,80,17
62,9496,4304.44819088539,81,19
4,3732,195.503878708365,67,63
7,4948,285.551913513022,52,45
63,9229,4312.05069581665,76,13
38,2208,424.753038121527,84,46
21,7712,755.51912100378,73,52
85,1420,1095.16233049928,92,7
26,4590,548.268173631554,37,11
5,3550,191.7756530056,76,71
6,4691,261.743836453471,42,36
32,3050,462.778881268113,85,53
45,5526,1392.06692191654,72,27
30,4782,669.995119556372,80,50
52,1168,380.199555882605,89,37
21,4023,394.119997899145,75,54
31,3763,548.668731688623,80,49
67,9667,5068.1640855979,78,11
89,7825,6387.95516770315,94,5
94,9284,8099.70726683232,94,0
90,5796,4794.06998140907,91,1
30,9072,1271.05724061384,79,49
37,9534,1763.43984383983,81,44
49,7674,2242.63625937535,71,22
47,1385,376.016302354177,61,14
9,9503,588.531604315879,82,73
93,6652,5721.74570773908,99,6
64,6262,3013.99920983084,88,24
80,4721,3345.29866469416,84,4
94,6883,6004.98547152163,97,3
30,3493,489.396267798078,62,32
28,8707,1126.39102960669,56,28
39,3810,762.170167100506,58,19
58,1486,593.488387191812,79,21
1,7595,367.846957787767,71,70
78,1195,814.649693812864,89,11
73,9307,5689.2778653234,90,17
79,7247,5038.63208203435,86,7
59,4144,1709.62043060741,85,26
71,2728,1588.64887855412,85,14
52,1924,626.287624587441,86,34
21,9977,977.413676122239,79,58
28,7012,907.11541284049,83,55
95,6658,5902.0131758639,96,1
5,7485,404.349510632934,83,78
55,8301,2999.02897913037,78,23
84,3919,2975.63592893361,88,4
73,3538,2162.74471768714,87,14
81,8033,5797.25968570755,90,9
50,2977,902.164241378993,66,16
40,7612,1583.20229462706,71,31
10,4719,303.112107987747,78,68
15,9878,766.0579790488,39,24
1,4403,213.24952668065,61,60
25,2554,293.156992669965,68,43
23,7583,803.990152524101,34,11
29,8965,1206.97191608424,86,57
85,4139,3192.16682108205,94,9
62,2263,1025.79678348501,88,26
3,5777,294.06099526981,70,67
71,6057,3527.2896837985,81,10
43,9799,2287.9751581767,76,33
88,5677,4572.42284801614,89,1
84,1649,1252.06012932164,88,4
12,2849,197.127561356089,74,62
81,6424,4636.07571529756,82,1
71,8311,4839.90499621089,86,15
80,9351,6626.11476669246,94,14
15,4082,316.566984255639,74,59
90,5866,4851.96937731981,95,5
7,6674,385.160361921162,67,60
96,3573,3228.5672570427,98,2
77,5415,3616.94695516275,86,9
5,9889,534.216741569684,80,75
87,4864,3863.45156415524,96,9
16,3051,245.888855746268,55,39
84,5375,4081.15415106358,92,8
11,3911,260.670197531634,61,50
65,1760,872.140481503946,80,15
91,2476,2074.61396926172,92,1
28,4252,550.064851026492,62,34
86,8658,6778.41370979674,91,5
23,3721,394.52028979852,73,50
53,8621,2906.73435650683,83,30
51,1673,525.550657234115,85,34
33,4964,783.7445948944,62,29
28,5219,675.161913806976,82,54
8,6249,373.435555465826,62,54
35,7476,1277.82074781195,66,31
10,2724,174.96871840615,81,71
66,5671,2891.42375407009,73,7
27,8800,1093.91631715211,81,54
63,4924,2300.63253074019,80,17
92,3407,2891.85431539692,92,0
95,8245,7308.81625638298,97,2
8,5457,326.106229184991,91,83
22,5476,558.076116664593,91,69
29,2818,379.391730008408,64,35
62,1840,834.054830584363,75,13
38,9853,1895.42195861024,73,35
8,8136,486.201260884935,74,66
5,8259,446.162005119226,84,79
19,6320,572.364981185588,79,60
79,7774,5405.04012774045,81,2
33,6538,1032.25668038267,75,42
36,4688,833.604476893322,63,27
81,2605,1879.9777768291,84,3
27,7571,941.140958768025,85,58
20,8695,818.950960160735,49,29
53,6048,2039.19839788346,85,32
48,2248,633.305114022945,71,23
68,6847,3688.85132168271,69,1
7,2429,140.17898098689,69,62
44,8637,2094.98742914334,58,14
90,5773,4775.04589418125,99,9
35,3983,680.786522008425,83,48
60,6943,2957.27479380566,80,20
46,4648,1215.70331301582,66,20
7,2485,143.410773055752,83,76
92,5096,4325.47390409825,92,0
11,1090,72.6490706493176,76,65
19,2701,244.613578193398,80,61
88,3036,2445.28373552528,88,0
78,7847,5349.41937016698,93,15
85,8856,6830.11098514198,87,2
91,2930,2455.01572291472,97,6
63,7839,3662.60325111136,92,29
85,2300,1773.8544789777,87,2
1,5069,245.505757607135,71,70
8,3725,222.603207570843,89,81
92,6404,5435.70150742645,92,0
60,8787,3742.70108212161,80,20
89,1875,1530.66018395443,96,7
90,9311,7701.44679035539,96,6
98,8980,8420.02169954376,98,0
5,7884,425.90401360455,83,78
12,4157,287.630492298092,87,75
4,5855,306.718973697073,86,82
74,4910,3071.91774369957,86,12
11,2149,143.231975069159,78,67
94,1069,932.63540157731,94,0
99,6248,5950.47619047619,99,0
77,9870,6592.66231716645,77,0
91,2269,1901.17087893976,91,0
14,4215,314.611083666113,76,62
5,9569,516.929922143827,56,51
41,8262,1786.31127567283,87,46
68,1689,909.956168003811,89,21
59,1279,527.655533481389,88,29
3,5677,288.970792824427,37,34
16,7041,567.45441930825,81,65
11,9222,614.651128007346,77,66
13,5796,416.461138570319,80,67
93,1048,901.441596769476,94,1
98,6408,6008.40746666775,98,0
36,1206,214.446885480663,76,40
7,1573,90.7787307914275,67,60
44,7449,1806.8266017933,78,34
68,2085,1123.30290721607,87,19
94,9393,8194.80292517837,96,2
90,6376,5273.80783324089,91,1
74,6763,4231.23822823629,75,1
62,7518,3407.8392480072,62,0
88,6197,4991.24614922601,98,10
11,2733,182.155880811546,68,57
61,7296,3206.74345165675,78,17
9,2869,177.680434892377,68,59
29,4425,595.744643466006,89,60
6,5838,325.743022216022,75,69
77,9035,6034.92442103332,88,11
71,8366,4871.93420747206,79,8
40,5329,1108.36639885281,81,41
23,7964,844.385807029136,77,54
33,8718,1376.44749764089,65,32
3,1992,101.396832712041,71,68
44,4960,1203.09571014831,66,22
34,2510,412.35302873015,77,43
26,9910,1183.73368206726,77,51
20,9130,859.922054774872,76,56
15,9230,715.804327457018,65,50
98,6493,6088.10700391288,98,0
69,4800,2655.73306009359,94,25
48,6298,1774.26850894862,80,32
53,6916,2331.86113091303,74,21
61,2665,1171.32282054074,62,1
67,3053,1600.61083617776,82,15
73,3684,2251.99308647807,78,5
72,8693,5188.40368278076,88,16
78,2310,1574.76216962989,82,4
89,9601,7837.79649394478,89,0
75,2320,1484.54634040954,94,19
2,8279,410.480210161624,89,87
67,5902,3094.26962172327,93,26
97,6986,6435.51608991407,97,0
25,7266,834.016722294425,89,64
47,1397,379.274205334863,79,32
86,7965,6235.8587662891,94,8
47,3933,1067.77770191984,76,29
81,2273,1640.37984135606,86,5
40,6922,1439.69078867689,85,45
47,1192,323.618362748144,78,31
84,3400,2581.56727695184,84,0
1,1668,80.7858756537189,82,81
44,5134,1245.3010838511,69,25
31,1905,277.76081155111,70,39
33,5175,817.058476748291,50,17
81,2922,2108.75050437414,82,1
84,5767,4378.79367240626,90,6
54,7981,2786.1161196876,55,1
18,8826,768.671091024029,51,33
73,3152,1926.78670156864,78,5
60,9888,4211.65679982002,62,2
24,1766,194.811706983641,73,49
21,7595,744.057018156601,60,39
39,6297,1259.68124468029,80,41
61,6560,2883.25617363874,78,17
41,4476,967.747430393561,77,36
53,1321,445.400311442469,70,17
56,7537,2816.86477446177,78,22
5,5019,271.132958432425,85,80
88,7958,6409.60736736171,95,7
99,2005,1909.52380952381,99,0
39,4543,908.802905285459,89,50
48,8881,2501.94960749011,90,42
85,3167,2442.52049344452,94,9
11,4659,310.524789133184,88,77
26,6909,825.269022139522,84,58
52,1354,440.745033103636,66,14
55,9349,3377.655936139,60,5
76,1772,1158.8888368022,76,0
98,6904,6473.47770753342,98,0
85,6550,5051.62905969737,86,1
46,6435,1683.10043443563,67,21
70,3550,2015.74736290366,81,11
34,7770,1276.48726423636,74,40
11,1528,101.841999956108,77,66
75,1515,969.434355913989,82,7
18,3025,263.452305727134,78,60
53,7102,2394.57457370508,81,28
6,1709,95.3571128755023,43,37
70,8671,4923.53391091201,81,11
34,3429,563.330093830949,85,51
32,9571,1452.21530249741,88,56
61,1156,508.085996452193,66,5
57,1924,743.516194726021,66,9
97,3603,3319.09024791875,97,0
55,3184,1150.33228159873,67,12
86,7709,6035.43442929349,86,0
97,3169,2919.28864714253,97,0
42,6467,1453.18748232032,82,40
64,2326,1119.54042830829,87,23
53,9493,3200.74576572548,91,38
61,5610,2465.71145337094,74,13
14,6473,483.150069886298,71,57
52,1925,626.613137905834,93,41
90,4398,3637.73633164891,92,2
35,4737,809.662504331888,72,37
78,8085,5511.6675937046,87,9
41,3119,674.353046335459,76,35
63,6517,3044.9273360751,88,25
19,3345,302.936845263575,91,72
56,4503,1682.94309133626,81,25
31,8186,1193.56955556818,90,59
45,5598,1410.20460168093,57,12
85,9580,7388.48952548104,89,4
5,2555,138.024448853326,83,78
29,3912,526.678654291303,65,36
28,3348,433.117855417849,85,57
67,5664,2969.49222931897,82,15
28,3977,514.489160990677,57,29
11,7542,502.678248474453,74,63
77,7689,5135.86429145824,83,6
48,6107,1720.46011180522,80,32
29,6129,825.15681803461,73,44
18,6285,547.371154213236,87,69
80,1787,1266.26746744513,85,5
96,9101,8223.67495279754,96,0
17,5995,502.20377517304,73,56
15,7008,543.483935733346,27,12
79,2986,2076.08050185657,79,0
47,9257,2513.2006576842,76,29
16,6712,540.939364067174,73,57
24,6971,768.987774282536,85,61
42,3155,708.954152887058,80,38
62,3935,1783.69878171167,83,21
74,5411,3385.36596968602,78,4
88,3920,3157.28334758205,97,9
35,4168,712.407286902113,76,41
56,1012,378.223053171728,73,17
63,6719,3139.30746832724,77,14
86,8728,6833.21723944397,89,3
20,5559,523.582333241349,62,42
49,5856,1711.34713772505,60,11
17,4902,410.64268655517,80,63
48,2085,587.384858869146,70,22
43,3956,923.689123966426,69,26
77,6387,4266.19394323628,80,3
0,6520,421.401769004859,47,47
28,7594,982.406509570833,92,64
90,6155,5091.01116900842,96,6
27,2429,301.945765268463,70,43
61,9859,4333.23515486347,71,10
11,7558,503.744656850956,68,57
99,8441,8039.04761904762,99,0
93,3702,3184.29083133645,96,3
89,5785,4722.59688756073,89,0
83,2344,1751.04899353486,84,1
77,3646,2435.34415485196,79,2
18,6606,575.327580705272,54,36
49,8409,2457.43136631318,92,43
20,3194,300.831439534605,87,67
88,3917,3154.86705930584,95,7
86,7780,6091.02086650712,94,8
81,4532,3270.65615531266,84,3
20,4956,466.787919327959,85,65
78,9087,6194.7462491025,90,12
92,3089,2621.93659532172,92,0
35,9855,1684.44669203942,48,13
30,4767,667.893503748479,75,45
35,9966,1703.41915097564,77,42
78,6861,4677.24815836825,87,9
4,4800,251.451934030052,49,45
10,8421,540.899991812845,81,71
85,7915,6104.37313091675,86,1
11,9948,663.039408091203,86,75
56,9492,3547.5229453617,60,4
89,8108,6618.982811468,91,2
71,7187,4185.34438789167,80,9
13,2228,160.088926282724,86,73
40,8374,1741.68891424159,89,49
12,6645,459.779798248934,77,65
64,8316,4002.62175486319,88,24
56,2768,1034.50732329975,87,31
99,6604,6289.52380952381,99,0
43,2180,509.009679031044,69,26
91,4511,3779.71874609839,95,4
94,6898,6018.07203000962,97,3
87,7380,5861.89813804805,91,4
24,2924,322.553471812098,31,7
67,9989,5236.9805576743,92,25
90,2310,1910.68006505434,90,0
27,4961,616.695323794502,55,28
10,2920,187.558244400131,84,74
20,2187,205.985710163488,72,52
4,1790,93.7706170653734,77,73
14,1275,95.1670537780056,69,55
34,2932,481.680908460876,73,39
32,9740,1477.85780444309,56,24
53,4470,1507.14564129284,81,28
38,8619,1658.03733494993,63,25
1,7294,353.268691257929,86,85
55,8975,3242.53524728286,79,24
54,4934,1722.42788303954,80,26
88,5312,4278.44110774383,88,0
85,5331,4111.48618583919,86,1
66,2227,1135.46124145902,74,8
21,1083,106.097926354654,67,46
33,1097,173.200608501039,73,40
73,5448,3330.30899433565,74,1
16,5159,415.778632184528,81,65
65,2771,1373.12572400422,92,27
46,2783,727.904974208912,55,9
56,8923,3334.86591250131,92,36
21,7725,756.792687986799,67,46
29,1649,222.007438887106,86,57
10,7193,462.022757524022,57,47
1,6825,330.553717827717,87,86
27,9779,1215.61450743528,74,47
17,3846,322.181104139368,77,60
89,1834,1497.18974793196,89,0
21,6205,607.883317664478,55,34
33,3705,584.96650364298,70,37
34,9170,1506.48496950417,79,45
42,5280,1186.45893098056,63,21
6,9101,507.808709350466,39,33
18,8296,722.512505227209,82,64
41,7206,1557.99552801966,60,19
16,5728,461.635976963167,65,49
11,2795,186.288213270498,75,64
38,5445,1047.45484265023,87,49
98,8598,8061.84260274803,98,0
57,2458,949.87671862607,80,23
36,1457,259.078865792144,76,40
72,5112,3051.08933928164,78,6
17,1888,158.158586743403,85,68
12,2164,149.731148745025,81,69
36,8196,1457.38530132629,79,43
96,3379,3053.26861504262,97,1
36,4373,777.592230685686,74,38
33,5706,900.895781318986,88,55
89,9772,7977.39270272143,95,6
70,1195,678.540309484472,81,11
91,6519,5462.20051115394,93,2
53,2913,982.173434694861,79,26
79,9000,6257.44290579677,84,5
90,6188,5118.3065985092,92,2
69,5535,3062.39218492042,83,14
74,1160,725.748387513544,76,2
47,3314,899.724206499454,76,29
70,7667,4353.44648771334,76,6
97,3164,2914.68263791699,98,1
4,2805,146.942223948811,77,73
73,5664,3462.34767693046,82,9
81,3939,2842.69960189245,82,1
24,5217,575.499816157221,69,45
89,6169,5036.0760932346,95,6
92,2129,1807.09064792488,97,5
14,4919,367.15822551687,20,6
35,2409,411.753635831859,60,25
10,4899,314.673917574056,78,68
22,7971,812.349292537156,78,56
1,1768,85.6291535706085,71,70
39,4886,977.418224790833,68,29
27,3874,481.571796891736,78,51
4,6686,350.251589776026,21,17
19,1506,136.389503428085,82,63
88,9177,7391.42583692868,92,4
12,4547,314.615311156946,66,54
3,4346,221.220198276371,85,82
53,9215,3107.01277058467,83,30
3,1325,67.4451824013326,61,58
25,5580,640.491785081598,84,59
27,4340,539.499638231836,79,52
93,7223,6212.89375330718,94,1
80,6694,4743.36565589127,93,13
71,6581,3832.44071472312,76,5
75,5859,3749.11940019806,84,9
44,9689,2350.16014831189,71,27
74,6831,4273.78209922847,92,18
56,1819,679.829776402543,75,19
30,3346,468.800432880724,60,30
40,9065,1885.40840788154,66,26
96,5032,4546.92147703299,96,0
76,3510,2295.54165754837,91,15
13,3205,230.289501228066,59,46
76,4106,2685.32593900103,91,15
81,3324,2398.8660768445,88,7
68,1965,1058.65238018205,85,17
33,1392,219.776888818091,79,46
31,4377,638.193738666251,86,55
99,3740,3561.90476190476,99,0
25,8254,947.422794635038,76,51
59,9233,3809.10362832968,88,29
95,6758,5990.65861256958,98,3
63,6235,2913.1689336241,74,11
94,1239,1080.94973110785,95,1
63,6486,3030.44325637304,73,10
74,3143,1966.40274306472,94,20
79,5064,3520.85454166165,88,9
72,7608,4540.82310118441,75,3
77,4059,2711.20732982559,89,12
74,8200,5130.29032552678,76,2
65,5788,2868.15290167321,76,11
26,4290,512.433652479165,88,62
45,7900,1990.10652970335,76,31
23,9922,1051.98342256945,82,59
21,5798,568.010874426856,81,60
77,8119,5423.0826092274,92,15
55,9372,3385.96549721838,87,32
73,9243,5650.15529270272,91,18
55,5066,1830.27114905125,81,26
85,1311,1011.09705301729,91,6
86,8599,6732.22216337978,93,7
63,2103,982.581277852683,78,15
84,6354,4824.49366992706,97,13
26,6301,752.644392604014,61,35
87,3127,2483.76090483418,89,2
86,6782,5309.6791152508,91,5
49,8093,2365.08408224195,64,15
89,2887,2356.80850724077,90,1
25,1223,140.380188737418,84,59
48,2580,726.835940471173,79,31
87,7389,5869.04679431396,89,2
18,5133,447.041548858638,64,46
7,5533,319.312598518098,86,79
94,4558,3976.56890588342,94,0
38,2343,450.722992897979,66,28
56,2088,780.365350812814,88,32
35,3739,639.081296959453,77,42
91,1870,1566.85303817424,92,1
1,1831,88.680418658249,74,73
43,2415,563.879988467876,45,2
19,4905,444.216808973941,57,38
90,3501,2895.79692976417,90,0
84,4958,3764.53251739037,92,8
56,9364,3499.68445642299,67,11
6,1791,99.9324687887798,58,52
26,7041,841.036211446573,72,46
87,7556,6001.69408280366,92,5
78,6678,4552.49427220276,92,14
12,8051,557.063529827264,90,78
43,6276,1465.38749798111,51,8
39,7767,1553.74689970331,79,40
21,4778,468.084849605298,79,58
98,3779,3543.34766175678,99,1
20,7951,748.876260406901,69,49
7,4658,268.815847442129,43,36
97,9970,9184.38239571189,98,1
73,7088,4332.82491774066,74,1
52,4291,1396.77764922282,61,9
29,2569,345.868472104897,52,23
12,4859,336.203166244029,82,70
81,5466,3944.70576896271,97,16
54,6656,2323.56708340316,61,7
9,1905,117.97881787033,68,59
82,2955,2170.43506339624,85,3
98,9198,8624.42757153714,98,0
29,5906,795.13398063508,76,47
30,5944,832.800290807837,71,41
56,3913,1462.43755638436,83,27
81,3884,2803.00717282312,81,0
94,6608,5765.06523257518,94,0
3,6677,339.872817278263,88,85
67,9900,5190.32010421219,68,1
99,4454,4241.90476190476,99,0
27,1516,188.451947363932,84,57
66,5512,2810.3557983485,85,19
46,5672,1483.53467973875,83,37
13,8542,613.770021681792,78,65
6,4030,224.862004030588,74,68
87,4027,3198.6265314254,91,4
74,6967,4358.86984121281,82,8
62,2860,1296.41131275613,92,30
50,3794,1149.75180779036,59,9
30,6688,937.040434879342,76,46
57,8943,3455.95911093285,89,32
61,8803,3869.10123422894,92,31
31,3247,473.432732339346,82,51
19,3200,289.805053764855,71,52
68,5555,2992.78064728311,88,20
10,5462,350.836688669013,85,75
9,8195,507.525675825385,86,77
70,4288,2434.7956879242,90,20
61,5482,2409.45279632433,91,30
50,9953,3016.20446571888,85,35
30,2313,324.069157577141,90,60
65,3304,1637.24554027786,83,18
18,9510,828.241794203321,53,35
49,4038,1180.05801607475,85,36
2,2988,148.147707206539,20,18
67,7713,4043.7312084635,72,5
97,3704,3412.13163427451,97,0
99,6549,6237.14285714286,99,0
13,1105,79.3977843547624,72,59
82,2606,1914.09603222017,87,5
72,8656,5166.32028967564,91,19
52,2477,806.296489658572,75,23
44,3873,939.433404315406,76,32
45,5185,1306.16485525467,76,31
62,1009,457.370284815012,94,32
38,7881,1516.06824883866,74,36
76,4936,3228.14633095691,79,3
31,6771,987.253782158827,73,42
3,2436,123.997331569544,75,72
72,2972,1773.83362995795,88,16
74,6853,4287.54629278476,85,11
83,2890,2158.92985977634,87,4
31,3873,564.707413720446,76,45
76,1094,715.476516626187,76,0
68,1278,688.528112912297,88,20
66,5897,3006.65242069323,94,28
64,3211,1545.50486470247,77,13
86,2507,1962.74926893745,92,6
44,3390,822.277108347334,83,39
10,2015,129.428035091187,58,48
17,3040,254.662131197005,83,66
1,5838,282.750564788016,84,83
34,6151,1010.51134650165,63,29
68,2288,1232.67004878195,93,25
42,4963,1115.22645349555,83,41
18,2141,186.463268284891,80,62
71,8631,5026.25677082134,92,21
7,8391,484.249415175377,75,68
60,2191,933.226137581479,85,25
71,2189,1274.76260819464,87,16
22,1961,199.851582319077,76,54
32,2843,431.370609654179,36,4
61,6595,2898.63940017492,79,18
58,8013,3200.28428436608,82,24
59,9809,4046.73426733303,63,4
75,1406,899.686273541299,77,2
63,7575,3539.2549594551,71,8
62,2071,938.764975076205,77,15
18,3225,280.870639990085,74,56
82,3858,2833.68476297214,88,6
36,9759,1735.31273250894,84,48
82,2209,1622.50120306,93,11
9,4284,265.312995147767,46,37
31,8435,1229.87529944022,67,36
40,1580,328.620549856904,61,21
44,2647,642.055311444069,77,33
68,7148,3851.0163936597,90,22
47,2795,758.819902584784,75,28
95,2769,2454.59214238017,95,0
31,5812,847.425636081392,68,37
80,6779,4803.59662104675,80,0
34,2454,403.153120519437,52,18
85,6476,4994.55721993896,97,12
64,7021,3379.31786206042,68,4
74,3121,1952.63854950842,82,8
29,2808,378.045414429953,91,62
55,3333,1204.16378598259,79,24
58,3242,1294.81113813988,72,14
26,7023,838.88614017743,36,10
70,4489,2548.92673579564,74,4
47,2465,669.227570615918,84,37
49,2409,704.001921922755,77,28
44,2792,677.226456196389,91,47
13,4984,358.116341379308,35,22
39,7480,1496.33408134168,70,31
21,9154,896.787089427982,67,46
78,8947,6099.30611760978,85,7
31,5599,816.368915419772,83,52
26,6087,727.082434181976,76,50
6,9155,510.821748610429,68,62
74,2630,1645.44677513847,77,3
83,3779,2823.04357788747,84,1
71,1940,1129.75763357588,84,13
58,6024,2405.90447136169,72,14
45,1567,394.746447094322,67,22
5,2274,122.844460544996,90,85
42,5466,1228.25464332192,42,0
62,2676,1213.00582969769,84,22
93,2775,2386.92789220925,96,3
35,8682,1483.9539503081,81,46
93,6221,5351.01924952568,94,1
86,4473,3501.9455444584,92,6
87,1327,1054.02965165173,92,5
68,4382,2360.82174552558,79,11
51,1900,596.859682453567,87,36
80,6671,4727.06786531979,80,0
69,2271,1256.49370405678,70,1
75,8600,5503.05971013881,88,13
78,1762,1201.18222635838,83,5
13,7051,506.636902701746,45,32
2,7399,366.849024638949,79,77
32,6754,1024.78969314257,47,15
2,1540,76.3545746646818,88,86
89,6671,5445.88484648533,90,1
14,8805,657.212477266933,37,23
62,2431,1101.94961584271,71,9
40,7374,1533.70122445874,61,21
41,5445,1177.25307383667,72,31
96,9743,8803.78695364316,96,0
5,6027,325.586439623874,64,59
89,7933,6476.12119429892,90,1
3,4313,219.540431469394,68,65
77,2195,1466.14931977511,83,6
65,9456,4685.77295062575,69,4
44,7587,1840.29982921275,85,41
38,2524,485.541969301963,73,35
27,9845,1223.81887981392,81,54
91,7425,6221.32823980948,95,4
97,3889,3582.55397561921,98,1
66,4213,2148.0458959438,81,15
14,3792,283.038014059763,68,54
90,6572,5435.92614179096,93,3
99,8579,8170.47619047619,99,0
8,8457,505.383980248758,77,69
58,9332,3727.07512064198,71,13
32,2569,389.79637573042,49,17
41,4866,1052.06858719729,62,21
73,4128,2523.40593403406,75,2
11,1068,71.1827591316249,72,61
67,3476,1822.37905881228,86,19
93,3333,2866.89393323727,95,2
27,5643,701.47383837379,88,61
54,7803,2723.97745669995,91,37
25,5167,593.086210307638,85,60
33,5247,828.426246859572,83,50
52,2731,888.976872530302,88,36
91,1134,950.166494807266,96,5
7,1032,59.5573109833142,35,28
21,4278,419.101504104534,37,16
21,5336,522.75026318415,57,36
96,2490,2249.96710608349,96,0
3,6855,348.933377631046,55,52
3,9454,481.227739186565,85,82
19,3752,339.796425539292,86,67
34,2960,486.280862566232,51,17
32,3536,536.520040709524,78,46
26,5132,613.009208513537,64,38
11,7573,504.744414703929,65,54
99,7452,7097.14285714286,99,0
26,7326,875.079006541343,84,58
5,3117,168.384425469987,68,63
70,6928,3933.83034653424,76,6
67,4580,2401.17839164564,86,19
25,1368,157.023792471618,78,53
81,1972,1423.15400226756,84,3
93,2561,2202.85489439564,96,3
49,3496,1021.66488959815,51,2
14,9136,681.918590835968,70,56
32,5043,765.178327290194,88,56
87,2478,1968.26335854784,91,4
88,4042,3255.54573748128,97,9
69,5402,2988.806248047,92,23
75,2655,1698.90971283937,77,2
0,7170,463.412681559025,68,68
84,5532,4200.3618164993,86,2
63,8613,4024.23801528538,80,17
3,4378,222.849063058894,89,86
5,9325,503.748722331612,86,81
70,9788,5557.78456002846,91,21
0,2840,183.555371775123,86,86
10,1493,95.8987872908891,83,73
9,3956,244.999581887153,35,26
24,3020,333.143462678706,61,37
74,4660,2915.50645328717,74,0
98,2238,2098.4419335834,99,1
6,1849,103.168696142074,79,73
14,1658,123.754490324654,88,74
13,2126,152.759900034593,86,73
91,5615,4704.74856114885,93,2
75,9878,6320.839978692,75,0
0,5456,352.633136762348,85,85
95,2139,1896.12589113441,97,2
3,4360,221.932826618725,71,68
66,9956,5076.17966769913,71,5
89,2385,1946.99975399003,90,1
78,7730,5269.65868884806,79,1
64,3417,1644.6559086541,72,8
5,2129,115.011370492654,90,85
8,9133,545.78123348846,80,72
60,2785,1186.2322196095,85,25
37,6364,1177.1062687431,88,51
94,5624,4906.58699576314,98,4
97,5780,5324.54666471562,99,2
2,5118,253.755008528469,36,34
45,7503,1890.09737878028,80,35
41,7395,1598.85885785531,70,29
74,1221,763.91274237417,75,1
57,4772,1844.10565552628,76,19
25,2950,338.611248385433,56,31
85,6556,5056.25650616427,89,4
19,9853,892.327873357848,83,64
5,4742,256.169055366917,75,70
63,8480,3962.09664107977,78,15
41,5981,1293.14061241821,80,39
82,2104,1545.37914496977,86,4
55,3634,1312.91065054328,73,18
91,8359,7003.91686957137,93,2
23,1160,122.989394293546,60,37
80,9737,6899.63420845732,88,8
74,4256,2662.74580798073,92,18
21,3437,336.71151697225,76,55
13,8023,576.478211654533,75,62
5,8877,479.547175135412,43,38
80,7208,5107.58584518439,87,7
43,3161,738.064034595013,56,13
92,1326,1125.50596484189,97,5
18,7643,665.641643858674,66,48
26,2871,342.936367428364,68,42
5,9406,508.124448498782,81,76
26,5049,603.094990994709,49,23
79,4116,2861.73722225106,83,4
47,2979,808.774414955302,67,20
2,6505,322.523706619322,70,68
8,4428,264.613960570119,70,62
34,3557,584.358455455435,81,47
57,7764,3000.3428980524,92,35
94,2441,2129.61928461199,97,3
39,4317,863.592811383959,73,34
39,3331,666.34877338892,81,42
71,7501,4368.20206672817,79,8
5,6624,357.837162115238,34,29
87,1695,1346.33026341347,88,1
93,1860,1599.88680342674,93,0
74,5153,3223.94951798043,87,13
29,4100,551.989387166243,75,46
61,1921,844.31937645732,91,30
6,6400,357.100949328973,74,68
27,9178,1140.90499532069,87,60
63,4157,1942.26836520856,87,24
59,4235,1747.1627711444,79,20
1,5160,249.913140511504,64,63
52,1901,618.800818264411,69,17
54,1000,349.093612290139,83,29
10,8025,515.464010722964,79,69
20,1733,163.225073485745,84,64
13,2107,151.394689262882,61,48
90,4142,3425.98996946107,98,8
75,5598,3582.10793690199,91,16
60,3924,1671.37351157906,79,19
93,5484,4717.08560752272,99,6
3,8850,450.482916416448,67,64
68,1868,1006.39320416289,81,13
24,6908,762.038092776325,58,34
33,6522,1029.73050924683,69,36
76,7058,4615.93533304171,95,19
41,3338,721.702619002168,72,31
98,9443,8854.14976712603,98,0
88,1786,1438.4969537708,88,0
98,7785,7299.53997003878,99,1
25,3721,427.109306861761,83,58
14,7196,537.115387440415,34,20
29,7883,1061.30057049549,81,52
56,9006,3365.88618267251,78,22
78,5477,3733.75428704021,88,10
25,9183,1054.05664200794,76,51
93,4848,4170.02753925422,94,1
37,4878,902.250845211947,79,42
97,5312,4893.42420120578,97,0
50,6214,1883.12011955964,50,0
17,9988,836.69913368279,50,33
68,2356,1269.30534743456,76,8
84,5140,3902.72229515661,88,4
86,7944,6219.41770739493,88,2
11,3207,213.748228965469,65,54
43,3557,830.526343263038,67,24
98,7508,7039.81324278113,99,1
62,2878,1304.57054479446,76,14
34,4192,688.678843201907,74,40
39,7187,1437.72099500035,54,15
92,8152,6919.4001699782,98,6
8,1108,66.2132493928844,77,69
31,1660,242.038292480232,74,43
78,7361,5018.10577084225,88,10
37,1402,259.318508607452,68,31
29,3421,460.574559389199,66,37
81,5531,3991.61500331737,84,3
47,7403,2009.85464716821,85,38
86,4744,3714.11349494984,88,2
38,2045,393.396722354403,92,54
5,5325,287.6634795084,61,56
21,9783,958.408138067943,90,69
29,9126,1228.64759689735,80,51
33,7657,1208.93077419549,83,50
23,7077,750.341330530537,66,43
61,7252,3187.40453829697,80,19
42,9991,2245.05893549749,50,8
27,3732,463.919965410417,80,53
76,8001,5232.65777836026,89,13
98,2981,2795.10965326726,99,1
43,5483,1280.22938996661,81,38
66,6831,3482.86292788799,77,11
89,8072,6589.59413593608,94,5
58,4467,1784.05964036731,66,8
15,7002,543.018624144533,63,48
20,2111,198.827541909064,84,64
43,1013,236.526057274517,86,43
27,9295,1155.44910999192,81,54
72,6889,4111.68905679014,77,5
78,8321,5672.55238679233,93,15
91,4894,4100.63035766028,98,7
26,6729,803.768309448089,65,39
3,2018,102.720285347841,78,75
25,6963,799.23732966365,82,57
16,7186,579.140385903861,63,47
39,1660,332.074141046415,44,5
44,4437,1076.23702942098,58,14
76,3550,2321.70167643781,84,8
27,6140,763.255248558404,75,48
69,8650,4785.85228537699,94,25
50,8567,2596.18443261466,69,19
46,2864,749.090853803207,84,38
11,1388,92.5109266616998,43,32
12,1265,87.5276816832057,76,64
43,9556,2231.23692331223,76,33
90,3712,3070.32225172368,90,0
89,4784,3905.42843735359,90,1
4,2782,145.737350098251,74,70
80,3442,2438.99978900176,83,3
55,9312,3364.28838135911,73,18
94,6005,5238.98558135804,98,4
12,8691,601.346309493075,83,71
84,8207,6231.44783586582,84,0
68,2223,1197.65101330519,91,23
51,9749,3062.51844433675,84,33
91,4021,3369.15297673723,91,0
19,8358,756.93457480208,71,52
32,5579,846.506025768787,64,32
60,6324,2693.62030765188,61,1
98,4278,4011.23082746639,98,0
25,1794,205.921552407955,70,45
78,7105,4843.58667325556,87,9
40,5719,1189.48159786812,66,26
87,2169,1722.82616008485,93,6
47,9114,2474.37731383103,90,43
29,4796,645.692951426658,83,54
12,7771,537.689813723471,69,57
45,2644,666.055906903247,55,10
59,8790,3626.34256395732,68,9
75,5874,3758.7177601576,84,9
15,3324,257.782620202289,72,57
36,8993,1599.10517506434,70,34
27,1140,141.71188654016,87,60
22,2465,251.2157829763,65,43
97,1974,1818.45244224025,99,2
6,6531,364.41035938555,79,73
64,9768,4701.49221999803,71,7
38,2870,552.102001543832,71,33
35,8258,1411.48257563283,73,38
10,9566,614.445947236869,60,50
76,6163,4030.60491039049,80,4
44,9791,2374.90122944801,71,27
38,5893,1133.63661850098,59,21
68,9749,5252.31656712205,93,25
15,7287,565.120924613141,80,65
30,1341,187.884453225658,54,24
19,5117,463.416393785863,79,60
29,2049,275.860062025276,83,54
9,4575,283.334956302762,56,47
65,5330,2641.19816273638,75,10
66,2595,1323.09022073918,86,20
1,4212,203.998865859391,68,67
84,6118,4645.30252952688,94,10
60,4673,1990.39969918679,89,29
10,1661,106.689809571445,82,72
99,4755,4528.57142857143,99,0
93,2547,2190.81273566017,93,0
98,5037,4722.90081298463,99,1
52,8173,2660.42035122305,76,24
79,4106,2854.78450791128,82,3
53,2890,974.418546607672,69,16
11,7298,486.415520732771,23,12
6,1065,59.4238298492744,88,82
77,8441,5638.16237276616,89,12
55,5954,2151.09246376849,86,31
89,6911,5641.8093500315,92,3
23,1010,107.085593307311,79,56
9,6390,395.739971754022,74,65
31,5148,750.610319089299,81,50
17,9359,784.00752824762,82,65
60,4810,2048.75295379594,67,7
39,3602,720.560877138064,52,13
22,6023,613.822580473127,86,64
23,2804,297.295053102674,77,54
60,5862,2496.83779940786,91,31
18,6836,595.358665107666,64,46
95,1820,1613.3469480433,97,2
39,1987,397.488745939293,85,46
63,4813,2248.77018083926,73,10
9,9302,576.083445579955,77,68
65,7451,3692.22654982154,79,14
6,4870,271.731503630015,74,68
52,7255,2361.59912493861,52,0
45,1802,453.945818547523,69,24
46,3010,787.27774788675,82,36
83,3857,2881.31227306483,83,0
32,3400,515.884654528388,78,46
95,2035,1803.9346369605,97,2
75,2844,1819.84904832963,87,12
61,1356,595.99014808752,72,11
44,7784,1888.08407415211,71,27
3,7427,378.04933561864,67,64
18,1475,128.460215189264,71,53
19,5246,475.099160015759,68,49
11,4568,304.459591491819,63,52
13,3620,260.108578610172,65,52
13,4187,300.849342165964,64,51
93,4812,4139.06198822015,99,6
12,1397,96.6610049892793,56,44
12,6710,464.277268058743,54,42
28,7261,939.3275830911,68,40
7,8468,488.693129270063,79,72
57,2469,954.12759084124,88,31
91,1610,1349.00181361525,91,0
5,6108,329.962165791044,63,58
8,6698,400.267458875036,69,61
37,9441,1746.23825946002,65,28
42,5676,1275.4433508041,86,44
86,5423,4245.70773252803,90,4
14,5674,423.512049518748,66,52
14,7764,579.511376888185,69,55
33,2543,401.50332490259,91,58
51,2892,908.483264029325,84,33
71,3546,2065.01060240209,78,7
98,7017,6579.43120998871,99,1
3,9889,503.370119823984,64,61
1,4626,224.050036435314,11,10
66,7361,3753.08944695996,88,22
51,8294,2605.44958224731,72,21
55,4847,1751.14967616491,58,3
10,1296,83.2450290214282,76,66
77,7998,5342.26071050631,79,2
4,5745,300.956533542218,69,65
10,4558,292.770711635548,83,73
14,5583,416.719734307926,70,56
26,9246,1104.41994191663,75,49
95,6158,5458.78599233552,97,2
28,9508,1230.01331222011,92,64
70,1867,1060.11276803976,86,16
9,8624,534.094134022955,80,71
80,3084,2185.32113575869,88,8
32,8727,1324.15452354978,82,50
3,5252,267.337432431546,78,75
5,2670,144.236899584494,72,67
28,5283,683.441347124402,73,45
16,6936,558.992167635566,85,69
89,2655,2167.41482047947,97,8
99,7159,6818.09523809524,99,0
43,9490,2215.82653853422,56,13
51,9680,3040.84301376344,75,24
94,9927,8660.68440735076,95,1
86,4063,3180.95344223887,88,2
4,8715,456.542417723313,78,74
47,7038,1910.76009817235,84,37
49,8691,2539.84255019953,64,15
91,1901,1592.82760725627,95,4
77,1647,1100.11295201349,92,15
13,8127,583.950944299687,76,63
9,3271,202.576752364226,18,9
3,5952,302.968849549232,59,56
7,1526,88.0663338764898,70,63
83,4206,3142.02733225581,84,1
52,4233,1377.89787675605,89,37
49,6496,1898.37961179336,49,0
92,4538,3851.84469717383,93,1
95,3934,3487.31148000129,97,2
77,5143,3435.26467043435,86,9
87,6331,5028.68253549894,87,0
34,3645,598.815454072269,83,49
3,3266,166.246011866228,73,70
30,6222,871.750237114125,81,51
66,6134,3127.48956224051,78,12
28,3778,488.745298019305,76,48
40,4644,965.894831351559,76,36
59,7972,3288.87405231715,76,17
98,4263,3997.16620324667,99,1
17,6393,535.544409454753,69,52
71,1735,1010.37602796606,86,15
47,5240,1422.61763489956,68,21
35,5184,886.065109237177,67,32
59,7591,3131.69128589306,72,13
83,3829,2860.39530556526,87,4
89,6130,5004.23836140835,94,5
24,5508,607.600725971627,89,65
21,3499,342.785451814345,83,62
49,8672,2534.29002362563,89,40
68,3398,1830.68742384662,72,4
91,8757,7337.39682101167,94,3
14,4140,309.013021679171,76,62
29,2800,376.96836196719,86,57
38,3234,622.124694422562,91,53
14,8704,649.673753791185,87,73
23,4576,485.171955420056,72,49
54,7260,2534.41962522641,69,15
34,7809,1282.89434316882,73,39
57,5675,2193.06362009884,86,29
63,9923,4636.30718979181,85,22
44,9830,2384.36105458829,87,43
29,1089,146.613766493668,67,38
77,7171,4789.86641098284,84,7
99,5373,5117.14285714286,99,0
34,9450,1552.48451055773,84,50
99,1155,1100,99,0
60,6522,2777.95566832789,70,10
14,1486,110.916268167934,66,52
63,8534,3987.326973464,88,25
76,4094,2677.4779333342,90,14
98,3373,3162.66516620948,98,0
4,2246,117.658550798228,69,65
68,1548,833.991798738839,90,22
80,3006,2130.05036773367,86,6
89,5803,4737.29122532669,89,0
91,6510,5454.6595072269,96,5
85,1716,1323.44968953293,92,7
61,9597,4218.08071622119,69,8
47,7775,2110.84963956948,75,28
24,5815,641.4666342638,66,42
55,9162,3310.09559171093,73,18
45,3970,1000.09150923067,51,6
79,6512,4527.60757806095,89,10
90,5715,4727.07210899807,93,3
45,6465,1628.6124955104,82,37
23,3825,405.546925148976,76,53
41,3483,753.052792685606,78,37
92,7985,6777.65092704562,92,0
3,6825,347.40631689743,72,69
53,9844,3319.09210131693,80,27
64,2802,1348.6467240412,80,16
16,8723,703.011631817336,85,69
2,2368,117.407553770108,39,37
93,1732,1489.78706641673,93,0
74,6735,4213.72016371011,94,20
66,4766,2429.99922622078,71,5
78,5653,3853.73616663106,89,11
3,7519,382.732321868393,57,54
69,5452,3016.47013408964,76,7
18,7566,658.935585167437,90,72
54,8180,2855.58574853333,58,4
32,2100,318.634639561651,80,48
87,1480,1175.55680817224,87,0
62,2973,1347.63315833006,76,14
43,4665,1089.23401499074,85,42
98,9066,8500.65887840354,98,0
51,6542,2055.08212769013,75,24
20,6128,577.174408725128,82,62
15,3376,261.815320638667,59,44
63,4053,1893.67661395004,84,21
5,6218,335.904509968682,51,46
6,9545,532.582587710163,11,5
51,8544,2683.9837509912,82,31
64,1622,780.69414218231,79,15
29,1529,205.851651945655,82,53
4,2415,126.51175430887,49,45
72,5004,2986.62970535315,84,12
7,2693,155.414572168668,64,57
51,8419,2644.71666661925,90,39
18,9996,870.568346462292,53,35
63,5903,2758.04911229881,63,0
59,2415,996.315960404656,72,13
46,4584,1198.96385259564,75,29
85,6781,5229.78574867296,86,1
19,2486,225.142301143572,65,46
70,4091,2322.93590468701,90,20
65,6087,3016.31767665598,65,0
24,6589,726.848435625826,74,50
3,3531,179.735048346495,73,70
16,2085,168.036140357577,78,62
98,1800,1687.75490636735,99,1
70,9323,5293.75004629601,81,11
83,3421,2555.60520771448,87,4
35,7879,1346.70273836414,45,10
25,6186,710.050570343148,75,50
35,4266,729.157746143093,70,35
70,7795,4426.12695600959,87,17
14,1599,119.350681561593,61,47
79,1017,707.091048355035,91,12
15,3771,292.448333568842,57,42
98,4996,4684.45750678404,98,0
46,1608,420.578943057108,53,7
16,1282,103.320063279815,58,42
14,6242,465.908038966519,55,41
79,7308,5081.04363950698,97,18
5,8060,435.411764288771,89,84
10,1510,96.9907359740406,88,78
1,4848,234.802113410809,45,44
65,8033,3980.62754995523,72,7
85,2301,1774.62572005552,97,12
39,4988,997.822780445492,70,31
8,1660,99.2003555886175,75,67
64,6108,2939.87658474078,72,8
13,2046,147.011644153705,80,67
5,5894,318.401605300002,56,51
33,7630,1204.66786040376,75,42
29,3068,413.049619469764,73,44
59,3586,1479.41574907292,92,33
80,4730,3351.67606100474,89,9
84,3559,2702.293511374,87,3
19,3702,335.268221574216,77,58
27,7854,976.320313058258,81,54
53,8819,2973.49382786611,90,37
99,4810,4580.95238095238,99,0
8,8808,526.359477123219,66,58
95,5487,4863.97511204044,95,0
66,6640,3385.47940875073,66,0
0,7312,472.590450147781,89,89
61,4316,1896.97159229037,83,22
61,2213,972.659437844899,84,23
0,2350,151.885606926598,76,76
62,3824,1733.38351747533,75,13
38,5183,997.053893380378,82,44
38,5357,1030.52627953669,72,34
77,3797,2536.20454085927,77,0
78,9794,6676.71891314074,83,5
71,1318,767.536371676808,77,6
78,6208,4232.0881164772,84,6
26,3811,455.217867039184,90,64
85,1095,844.50898020895,96,11
75,8541,5465.30616096461,86,11
98,6636,6222.18975480762,99,1
89,9257,7556.97137219528,96,7
5,1510,81.5721791657623,74,69
70,6171,3503.99351450098,72,2
76,9219,6029.23035354371,93,17
46,9347,2444.74588355397,62,16
59,5508,2272.3429854695,67,8
83,1312,980.109334265245,86,3
0,1570,101.4725118616,80,80
17,3343,280.044573878811,71,54
75,9534,6100.71759028645,89,14
48,3146,886.289096403997,81,33
4,4140,216.87729310092,46,42
42,2436,547.389006793303,69,27
28,4233,547.606894260381,72,44
71,8403,4893.48113141139,89,18
69,4281,2368.58192297097,71,2
52,7643,2487.89829247495,92,40
7,2034,117.383304786881,84,77
50,9176,2780.7386895847,50,0
0,3217,207.921701056539,71,71
3,4941,251.506902826403,86,83
76,7240,4734.96341898866,81,5
82,6531,4796.99201321179,84,2
69,8109,4486.52903839561,70,1
60,5782,2462.76290620544,91,31
83,3753,2803.62067949502,86,3
23,5466,579.53450793838,62,39
42,1381,310.321928728059,60,18
81,4886,3526.13106241343,83,2
52,3714,1208.95646451027,93,41
47,3417,927.687873750342,72,25
66,6821,3477.76431432059,88,22
65,4937,2446.45315749147,84,19
14,6035,450.45738788256,85,71
37,6597,1220.20271132907,80,43
86,2747,2150.64708487083,87,1
82,7681,5641.66217324755,86,4
0,2475,159.96462857163,61,61
4,7501,392.946032741545,85,81
71,3336,1942.71725031398,88,17
45,2626,661.521486962151,75,30
8,1195,71.4123041737337,90,82
24,2861,315.603790305887,78,54
46,2964,775.246260709744,57,11
10,1618,103.927821725826,57,47
72,2354,1404.98128025606,72,0
3,2666,135.704797193927,69,66
97,2417,2226.54485962243,98,1
36,6350,1129.13575688409,63,27
3,1574,80.1197864903378,57,54
40,4787,995.637070990507,54,14
55,6609,2387.73431189888,65,10
18,1815,158.071383436281,22,4
58,7323,2924.70757698899,66,8
52,8563,2787.37054539618,79,27
90,3814,3154.6899429079,92,2
15,6047,468.95652959183,80,65
14,6850,511.289661473991,75,61
77,3378,2256.3336684284,79,2
35,9432,1612.14624041764,62,27
84,6612,5020.38906917812,94,10
20,3248,305.917506452222,44,24
84,8817,6694.61137673071,85,1
3,6384,324.958524113289,82,79
7,7686,443.563461451311,76,69
26,6409,765.544820218874,61,35
91,3414,2860.55415632452,91,0
52,4530,1474.57533231866,62,10
42,7935,1783.05901843385,80,38
8,7502,448.313896160126,87,79
95,8016,7105.81820632698,95,0
57,2962,1144.64395466657,85,28
85,6743,5200.47858771594,85,0
72,1675,999.721174353823,74,2
42,2290,514.581619686644,44,2
77,1205,804.879239329845,81,4
25,3419,392.444697705015,77,52
30,5673,794.831098545232,81,51
95,9874,8752.85042031844,95,0
85,8847,6823.16981544163,89,4
98,7628,7152.33023653896,98,0
47,6252,1697.36745293741,86,39
9,1279,79.209925488794,85,76
34,2607,428.288584023705,43,9
18,6670,580.901447669417,81,63
54,5016,1751.05355924734,79,25
42,7173,1611.83142271279,66,24
3,9442,480.616914893119,80,77
74,2114,1322.61387172727,93,19
80,1508,1068.56818181716,80,0
89,9853,8043.51722266826,94,5
47,9027,2450.75751722105,88,41
89,6394,5219.75531530913,97,8
33,4232,668.172265429714,77,44
26,8765,1046.96525966897,66,40
80,6649,4711.47867433837,88,8
35,2024,345.948260242293,82,47
40,2555,531.408547395184,77,37
4,9310,487.711980379121,75,71
21,1202,117.755962583836,76,55
44,4269,1035.48701343209,80,36
40,5762,1198.42506852879,83,43
80,5353,3793.13360561488,92,12
78,8877,6051.58605186342,87,9
85,3489,2690.8601205014,87,2
58,2202,879.449144412093,86,28
97,3117,2871.38615119699,99,2
11,8329,555.132210493731,65,54
38,2799,538.443729031772,46,8
41,5283,1142.22736254897,56,15
0,3566,230.478329489468,47,47
35,5733,979.901865597364,78,43
62,2649,1200.76698164021,63,1
3,3357,170.878096091527,70,67
21,4902,480.232719289488,62,41
88,3794,3055.79923998119,90,2
95,3127,2771.94280578648,96,1
62,8962,4062.3909737484,66,4
46,2461,643.684563969865,76,30
6,6175,344.546619079126,82,76
6,7349,410.05232447166,84,78
92,9000,7639.18075684541,92,0
98,6985,6549.42667831995,98,0
48,1905,536.675374650227,71,23
45,5037,1268.8818468501,59,14
28,8081,1045.40782247062,89,61
8,5554,331.902876469386,61,53
99,4096,3900.95238095238,99,0
60,5572,2373.31631154906,79,19
87,9085,7216.17135286809,89,2
16,7301,588.408566307276,88,72
38,9018,1734.792979067,81,43
9,1724,106.769281894199,16,7
44,6701,1625.39200679513,79,35
40,2420,503.330209274499,49,9
65,9341,4628.7864987093,86,21
42,5704,1281.73517846839,72,30
43,5261,1228.39445934969,77,34
39,7804,1561.14855224471,82,43
14,8736,652.062260238947,56,42
25,6959,798.778195767534,80,55
80,8529,6043.6459036595,86,6
70,7242,4112.12462032347,80,10
41,2343,506.575565105477,75,34
74,1753,1096.75596837176,81,7
38,8104,1558.96676672865,91,53
73,4991,3050.94937421609,75,2
30,6119,857.319141899925,74,44
10,1638,105.212467235416,73,63
19,8502,769.975802221498,79,60
44,9650,2340.70032317162,87,43
14,2654,198.096753511237,39,25
79,4285,2979.23809459324,80,1
93,4960,4266.36480913798,96,3
3,1492,75.9458204851232,80,77
51,5915,1858.11843248045,89,38
52,3820,1243.46087625989,72,20
35,1886,322.360878862136,81,46
29,3601,484.808239801376,86,57
71,6286,3660.64767250411,87,16
14,2320,173.166717462724,85,71
63,6064,2833.27288107402,71,8
66,1818,926.927946552534,73,7
68,1948,1049.4935555189,73,5
31,3552,517.903623427581,83,52
10,9692,622.539213947285,78,68
1,9739,471.68683632588,89,88
32,2554,387.520414019266,67,35
50,1271,385.16988605734,77,27
49,6217,1816.84514262921,85,36
18,3126,272.248564529925,70,52
83,6059,4526.28235999476,97,14
24,6987,770.752772760304,50,26
50,2142,649.121869342897,64,14
15,1970,152.777304993535,76,61
14,3137,234.14827270714,61,47
82,6315,4638.34092228333,88,6
59,6887,2841.2538382223,82,23
24,7383,814.436485085061,79,55
98,5698,5342.6819202673,99,1
4,4020,210.590994750168,79,75
69,4643,2568.8684579197,76,7
55,3385,1222.9506197273,65,10
38,2739,526.901526908905,81,43
33,6632,1047.09793580573,66,33
67,3672,1925.13691138052,81,14
41,4142,895.53392687447,88,47
88,2474,1992.63239844846,92,4
26,9779,1168.08594116405,63,37
92,3152,2675.41086061964,94,2
19,7377,668.091213007292,84,65
21,9866,966.53937342107,74,53
83,4385,3275.7465173423,93,10
79,3653,2539.82654831951,96,17
20,9609,905.037352062623,79,59
58,3525,1407.83752681772,84,26
35,1913,326.97580130608,78,43
70,6857,3893.51539927617,87,17
36,4691,834.137926857204,71,35
66,1619,825.46553656136,80,14
76,2095,1370.13098933443,83,7
9,4156,257.385809485088,70,61
45,1076,271.057547589975,80,35
2,8489,420.892197615899,84,82
0,5578,360.5182618879,72,72
72,3513,2096.72864806267,80,8
76,5974,3906.99882113788,85,9
93,4439,3818.22447333941,93,0
38,7454,1433.92624373092,67,29
70,6361,3611.87858462822,96,26
34,2005,329.389570758546,91,57
85,4719,3639.48664621556,87,2
72,8677,5178.85410738395,74,2
84,4013,3047.0086712964,87,3
52,6834,2224.55801789531,74,22
76,5606,3666.32664735503,79,3
32,4004,607.530046097549,72,40
14,9848,735.062859298666,76,62
64,8769,4220.65778840732,86,22
27,6030,749.581294594003,83,56
61,7503,3297.72424859931,92,31
76,5914,3867.75879280372,76,0
93,8468,7283.78572656863,93,0
63,4355,2034.77958395075,81,18
11,2682,178.75670411144,73,62
44,4154,1007.59265724921,68,24
1,1511,73.1819293242022,69,68
80,2107,1493.01933626575,84,4
10,6120,393.101525934522,61,51
15,6966,540.226754611656,49,34
73,1733,1059.36591174444,84,11
83,8631,6447.65523174034,92,9
99,5214,4965.71428571429,99,0
68,4909,2644.74531008331,77,9
93,9815,8442.41342775993,93,0
61,5999,2636.68502830165,92,31
58,2457,981.292710181886,71,13
14,5816,434.111046880691,90,76
88,2367,1906.45144993028,88,0
29,9652,1299.46379632404,78,49
56,5960,2227.47964120899,93,37
42,4846,1088.93560218405,66,24
57,7737,2989.90893897881,88,31
54,3316,1157.5944183541,76,22
76,2253,1473.46306394771,83,7
72,1232,735.317305554573,85,13
72,2086,1245.02589235945,77,5
86,9336,7309.22503980854,91,5
6,7146,398.725528735131,68,62
9,6371,394.563280132218,82,73
28,1695,219.275616766205,64,36
25,7631,875.912690314996,86,61
10,9464,607.89425513796,76,66
25,5185,595.152312840159,73,48
32,4508,684.002359592345,90,58
93,5851,5032.76219723111,98,5
88,8293,6679.42622487192,88,0
94,1568,1367.98158061106,96,2
78,2027,1381.8367609696,84,6
42,2811,631.654555868627,80,38
57,6709,2592.64560832478,89,32
49,9984,2917.70659546566,69,20
38,1617,311.062347211281,67,29
90,2552,2110.84654806003,97,7
73,4977,3042.39131145531,77,4
62,6641,3010.30333147324,86,24
69,4453,2463.74569095766,71,2
75,6210,3973.7210232514,79,4
33,4616,728.800372689877,83,50
6,5176,288.805392769807,77,71
5,9224,498.292569950325,71,66
69,4423,2447.14735933207,69,0
69,7256,4014.58314250815,90,21
26,5636,673.211204049551,71,45
69,5539,3064.60529580383,69,0
10,4357,279.860024264169,87,77
9,6028,373.320899801759,82,73
64,1794,863.480450724454,65,1
52,1553,505.522183463771,63,11
3,7491,381.307065183685,80,77
44,1667,404.346884842185,60,16
1,4846,234.705247852471,39,38
19,9823,889.610950978803,73,54
30,2572,360.357057193431,78,48
49,5751,1680.66212244822,84,35
78,2037,1388.65391321908,83,5
54,3138,1095.45575536646,67,13
49,3868,1130.37751515036,57,8
70,4612,2618.76812329907,73,3
28,5961,771.151593830884,60,32
39,9881,1976.64131787929,92,53
41,6671,1442.32419753249,70,29
69,8665,4794.15145118978,83,14
32,1469,222.892516912412,61,29
17,1356,113.592713783927,72,55
66,1311,668.428238685573,77,11
1,1599,77.444013891065,69,68
19,2424,219.527328226877,78,59
51,7405,2326.18207819403,85,34
21,3008,294.683806532595,69,48
26,6717,802.334928601993,60,34
25,4724,542.237131312808,61,36
2,4754,235.707563607726,59,57
52,2267,737.938692796117,61,9
9,5580,345.575749982385,83,74
85,9010,6948.8821111257,95,10
40,7229,1503.54300944023,68,28
4,6319,331.025993986645,74,70
38,9170,1764.03322444493,70,32
60,4534,1931.19457224757,88,28
46,1595,417.178740159258,80,34
17,2095,175.499067387409,57,40
85,2572,1983.63205214376,92,7
66,9844,5019.0751957443,78,12
6,4125,230.16272124719,86,80
18,4765,414.991813814808,86,68
2,2605,129.158225325647,69,67
57,2394,925.144371192356,80,23
16,4028,324.628092738763,87,71
80,4013,2843.61015492854,84,4
9,2703,167.399865986091,72,63
12,7701,532.846384697523,52,40
90,7670,6344.11952336224,90,0
24,8389,925.410764374723,77,53
74,5538,3464.82290521553,81,7
36,6607,1174.83463712333,58,22
95,2587,2293.25744757584,97,2
95,4272,3786.93305606647,95,0
2,8799,436.262274334114,77,75
48,7217,2033.16859782188,81,33
70,3053,1733.54273209715,79,9
49,4883,1426.99932949307,87,38
69,9620,5322.53167460424,72,3
55,2780,1004.37303481296,66,11
51,8842,2777.59648013392,88,37
9,5594,346.442785914241,66,57
49,1081,315.909538231008,54,5
4,6845,358.580935090772,70,66
54,4664,1628.17260772121,57,3
56,5810,2171.41891198393,86,30
72,8965,5350.74646452658,74,2
50,4364,1322.48731924015,86,36
81,3329,2402.47447948717,87,6
48,4764,1342.11101566072,83,35
90,3954,3270.48873472937,96,6
46,2499,653.623618594349,46,0
71,3449,2008.5227207233,78,7
54,6929,2418.86963955837,80,26
66,6782,3457.87972140775,72,6
96,4333,3915.30420508425,98,2
46,8337,2180.57627379795,89,43
1,9914,480.162572680437,60,59
57,9421,3640.6788308284,71,14
58,1755,700.923364415633,62,4
77,2097,1400.69026130679,81,4
41,9133,1974.62852586783,83,42
63,2130,995.196444044801,85,22
13,6916,496.936720902748,73,60
71,4082,2377.1498248746,88,17
97,1417,1305.34301451592,97,0
93,5230,4498.60644189347,93,0
33,1099,173.516379893019,84,51
19,8000,724.512634412137,67,48
70,6784,3852.06481970097,77,7
92,4741,4024.15066313379,96,4
76,9415,6157.41444610197,86,10
1,7154,346.488102174283,84,83
72,6309,3765.51694865568,73,1
52,4791,1559.53430841914,83,31
54,6912,2412.93504814944,77,23
87,2098,1666.43120509821,87,0
36,5320,945.984602617848,77,41
87,8728,6932.60798765357,90,3
48,2178,613.584759048921,85,37
95,3889,3447.42103348374,97,2
50,4374,1325.51776680944,90,40
67,1794,940.548915854209,77,10
66,4312,2198.52217026102,70,4
44,1626,394.401940463943,88,44
52,1189,387.03533556885,83,31
69,7303,4040.58719538823,86,17
89,9383,7659.83173655702,95,6
45,1003,252.66795560664,83,38
32,7517,1140.56027884997,79,47
48,7207,2030.35140425417,51,3
21,3634,356.010955099551,87,66
70,9030,5127.37991183664,77,7
24,9474,1045.09972364836,77,53
93,6743,5800.01973951963,96,3
74,5369,3359.08887289674,89,15
17,9631,806.793087354721,86,69
62,7515,3406.47937600081,91,29
9,4905,303.772231839355,86,77
38,5224,1004.941064831,83,45
40,6248,1299.50708576325,88,48
37,3776,698.421318474848,63,26
20,2472,232.828841117578,43,23
27,8614,1070.79490408503,89,62
6,4432,247.292407410314,64,58
81,6342,4576.89791195783,87,6
24,5857,646.099755267941,62,38
46,4752,1242.90493619862,73,27
71,5774,3362.48483312738,89,18
6,4212,235.01706227713,63,57
54,6983,2437.72069462204,93,39
31,5556,810.099248807332,87,56
99,4013,3821.90476190476,99,0
91,7583,6353.71475319533,94,3
57,9105,3518.56286537444,70,13
7,8896,513.393254367794,75,68
89,2953,2410.68774571596,92,3
62,3648,1653.60435976726,85,23
52,4936,1606.73373958608,78,26
17,2389,200.127576128172,80,63
58,9585,3828.11991334692,94,36
74,2461,1539.71274281968,80,6
59,2995,1235.59681217886,77,18
69,1200,663.933265023398,80,11
32,1763,267.501366451044,81,49
25,4491,515.492581864061,53,28
79,5953,4138.95084646757,97,18
64,5727,2756.49528500499,69,5
27,7948,988.005328264201,69,42
93,9118,7842.8859535726,93,0
40,2264,470.884129668374,87,47
20,5270,496.362456589658,76,56
97,9673,8910.78544771526,98,1
68,5866,3160.33326317961,73,5
71,1316,766.371673085492,83,12
29,9443,1271.32580073435,79,50
78,4495,3064.30993614127,84,6
44,5342,1295.75348459925,46,2
7,7419,428.154738551558,62,55
76,3934,2572.83785777644,78,2
31,4991,727.718745643879,77,46
45,2612,657.994715896853,60,15
27,3144,390.826466037072,70,43
70,1671,948.820800961131,71,1
81,3011,2172.9800714136,87,6
5,4412,238.342022834002,69,64
80,4580,3245.38612249508,91,11
63,6984,3263.12298836098,80,17
89,2849,2325.78712751262,94,5
3,2533,128.934827941566,79,76
12,6062,419.440953647109,85,73
76,3347,2188.9395805739,90,14
46,5887,1539.76880458781,80,34
97,5249,4835.38848496407,97,0
74,5598,3502.3616149145,75,1
96,5580,5042.09496062084,99,3
97,2140,1971.37194852793,97,0
74,2050,1282.57258138169,81,7
78,5600,3817.60525970882,90,12
1,1509,73.0850637658644,89,88
39,9021,1804.60290745765,76,37
30,1164,163.085386692517,72,42
16,4387,353.560934172034,75,59
41,1850,399.984974581789,61,20
24,9980,1100.91780050778,79,55
17,1456,121.969757573302,71,54
72,5936,3542.89247221749,89,17
68,3192,1719.70401910489,86,18
44,5472,1327.28623506685,88,44
52,6969,2268.50231587832,64,12
57,4715,1822.07840859313,80,23
55,4257,1537.99137021539,78,23
35,5134,877.518956563207,74,39
1,9288,449.843652920708,82,81
3,2899,147.56496889167,72,69
91,5735,4805.29528017608,94,3
37,6559,1213.17410695883,78,41
77,2499,1669.20599094214,86,9
18,4549,396.180012810821,90,72
39,3089,617.937964874925,84,45
90,6672,5518.63956452058,93,3
37,6715,1242.02837753141,77,40
33,7075,1117.04129912931,69,36
78,2341,1595.89534160328,86,8
15,1108,85.9275400674297,87,72
46,4624,1209.42601535825,70,24
17,3205,268.484253449474,80,63
29,6782,913.071225307673,58,29
22,9580,976.327464873411,86,64
14,6930,517.260927593395,64,50
10,5888,378.199638023279,66,56
76,6285,4110.39296800328,82,6
82,3865,2838.82623351149,84,2
31,4901,714.596187617843,70,39
14,6130,457.548266399353,48,34
18,1844,160.597041904408,69,51
26,8314,993.094029536545,72,46
99,1424,1356.19047619048,99,0
5,1952,105.449598497727,90,85
38,3523,677.719634647708,83,45
90,2513,2078.58831319548,90,0
76,2919,1909.02737845689,82,6
92,6259,5312.62581745505,92,0
89,2334,1905.36579698647,89,0
72,6561,3915.92276115548,92,20
64,5257,2530.27688375611,83,19
4,2618,137.146075685557,86,82
55,3662,1323.02663794427,69,14
99,2669,2541.90476190476,99,0
76,4930,3224.22232812349,81,5
15,5611,435.143887471433,18,3
80,3398,2407.82140703892,81,1
80,1331,943.146054375752,86,6
50,1948,590.331186498582,83,33
88,1944,1565.75480298457,96,8
28,8905,1152.00552643248,77,49
78,3298,2248.29681187851,84,6
42,7379,1658.12129767151,70,28
85,2212,1705.98526412986,89,4
80,4684,3319.08047986178,88,8
42,6364,1430.04254484096,65,23
80,3433,2432.62239269118,81,1
6,7389,412.284205404966,77,71
70,4656,2643.7520342759,75,5
81,4805,3467.67493960224,83,2
86,7182,5622.84214180644,93,7
64,2361,1136.38647946513,92,28
54,9123,3184.78102492294,88,34
92,7889,6696.16633230594,92,0
15,3855,298.962695812222,83,68
80,6293,4459.21722027544,81,1
89,4827,3940.53157757228,93,4
13,9415,676.49786398198,77,64
39,9149,1830.20862435762,87,48
6,8260,460.883412727706,80,74
3,4832,245.958582160935,56,53
2,9965,494.073595151659,85,83
86,3924,3072.12929051079,90,4
47,6651,1805.69272704522,87,40
16,1319,106.301999583522,76,60
11,5974,398.170227577086,82,71
32,4261,646.524856748665,77,45
31,2588,377.3464463487,75,44
27,1467,182.360822416153,87,60
3,2036,103.63652178801,80,77
73,4076,2491.61884377976,85,12
68,1624,874.937132527051,87,19
79,1108,770.36074884698,80,1
89,3168,2586.2034468094,98,9
60,6857,2920.64428361305,91,31
32,2492,378.11310561316,70,38
62,8358,3788.60340979571,64,2
39,6613,1322.89535827707,80,41
61,1838,807.839153528659,63,2
79,4539,3155.8370388235,83,4
63,1470,686.825714904158,88,25
14,7956,593.842415574755,85,71
22,6410,653.262948834923,88,66
91,8951,7499.94735010568,98,7
99,4699,4475.2380952381,99,0
56,6246,2334.36876493144,87,31
56,6716,2510.02571650329,58,2
47,9206,2499.35457001629,64,17
19,8130,736.285964721334,68,49
93,5416,4658.59512223615,97,4
80,7235,5126.71803411613,97,17
8,2350,140.434238333284,42,34
97,1216,1120.18144364951,99,2
40,8150,1695.09967173023,78,38
76,7374,4822.59948226829,81,5
37,1758,325.165433760271,62,25
24,5877,648.306003365151,80,56
17,7494,627.775661575774,66,49
35,4840,827.267578840265,73,38
16,6754,544.324264736248,55,39
33,4592,725.011115986117,64,31
27,4021,499.845171735072,84,57
65,4282,2121.87814874994,85,20
37,9052,1674.28754630146,84,47
19,3014,272.960135014773,78,59
79,9571,6654.44289459788,92,13
10,9242,593.634689981512,84,74
82,5103,3748.13202318477,85,3
45,4147,1044.67997198478,87,42
75,8163,5223.42748998409,93,18
2,2604,129.108644433007,65,63
93,7565,6507.06648813081,94,1
38,4651,894.713034557618,49,11
50,6899,2090.70577805632,63,13
8,1258,75.1771369460728,85,77
63,5795,2707.58844753034,70,7
43,6394,1492.93939803876,58,15
94,2843,2480.33905209008,94,0
93,1645,1414.95365141774,94,1
98,7554,7082.94475705497,98,0
91,1255,1051.55110315972,93,2
36,7723,1373.27802368753,86,50
94,9206,8031.65716269478,96,2
74,5633,3524.25919557224,83,9
50,6943,2104.03974736122,76,26
51,4953,1555.91895115396,74,23
81,8640,6235.31976652723,96,15
39,4136,827.384727330103,83,44
15,9610,745.274061415162,85,70
46,8650,2262.44269741541,79,33
72,1461,871.995603421454,95,23
50,3530,1069.74799196098,81,31
87,3260,2589.40215854155,94,7
27,2970,369.196757038837,70,43
16,1220,98.3233051492778,73,57
30,3968,555.947435048031,76,46
63,1260,588.707755632136,89,26
5,1613,87.13637416846,87,82
4,9542,499.865490523907,79,75
37,2341,432.999021861658,72,35
0,6882,444.798615688871,67,67
77,8756,5848.56648927147,95,18
28,1981,256.274334403453,71,43
51,6873,2159.06136710704,67,16
1,4253,205.984609805316,36,35
20,6382,601.097760522807,63,43
44,4392,1065.32184656681,74,30
98,3754,3519.90662139057,98,0
36,8952,1591.81469222462,81,45
75,1291,826.098847184792,94,19
56,1613,602.839708266796,87,31
78,9353,6376.08249893867,81,3
26,2656,317.254960602485,49,23
59,5831,2405.59766671617,59,0
86,9654,7558.18964592027,86,0
28,6780,877.10246706482,61,33
32,1331,201.95366916979,54,22
8,1435,85.754524258835,52,44
14,8185,610.93516484155,37,23
73,3410,2084.49957244577,91,18
91,9782,8196.23337936921,92,1
96,2816,2544.54111274342,97,1
93,2321,1996.41788750186,96,3
67,7609,3989.20663363137,79,12
75,4333,2772.64624698041,95,20
40,7969,1657.45389987954,85,45
41,9410,2034.51816800791,76,35
72,5552,3313.70266269398,86,14
14,8666,646.837402384468,90,76
86,8638,6762.75555846896,92,6
28,5081,657.309385716276,78,50
32,6993,1061.0533497403,66,34
19,6721,608.681176985496,91,72
24,1362,150.245495419999,75,51
27,6356,790.105921797592,31,4
42,4026,904.674934872676,69,27
23,7183,761.580016560809,65,42
72,5868,3502.30677678103,74,2
8,9517,568.728785624622,49,41
47,2819,765.335708546156,53,6
77,3460,2311.1055336774,88,11
72,1077,642.80579389795,75,3
89,3726,3041.72791755424,89,0
88,1784,1436.88609491999,88,0
30,4014,562.392390192237,53,23
85,2246,1732.20746077562,93,8
67,3929,2059.87552418684,83,16
42,8218,1846.65141946936,86,44
23,1145,121.399014194922,90,67
23,1169,123.94362235272,70,47
24,7467,823.702727093343,87,63
38,3567,686.183916204477,85,47
30,1188,166.447971985146,80,50
35,8166,1395.75765471273,86,51
2,2322,115.126832708696,56,54
75,8739,5592.00451243059,87,12
6,8827,492.520324957319,75,69
56,8777,3280.30013605559,82,26
68,8469,4562.71094542586,91,23
67,2634,1380.93971257524,75,8
34,6654,1093.14623632287,81,47
75,2289,1464.70972982648,79,4
53,1534,517.217318510785,86,33
88,8468,6820.37637431754,89,1
16,1272,102.514134549083,64,48
33,7743,1222.50894405063,49,16
18,3845,334.867476205234,90,72
15,2335,181.083759979646,79,64
26,7889,942.328457903993,87,61
53,6520,2198.34218819447,77,24
79,2944,2046.87910162952,81,2
86,1873,1466.38587184676,91,5
56,2925,1093.18421988864,83,27
34,6003,986.197303373342,70,36
77,2881,1924.36272905335,81,4
72,7392,4411.90383332744,87,15
24,2081,229.560114514698,85,61
30,4692,657.385424709012,77,47
98,4083,3828.39071260993,98,0
17,5051,423.124481801339,77,60
99,9305,8861.90476190476,99,0
40,5045,1049.29789495448,68,28
45,4297,1082.46680482725,54,9
87,3709,2946.0406766965,91,4
44,7292,1768.7447416132,77,33
7,5156,297.555712625938,88,81
39,5049,1010.02550490563,68,29
19,5578,505.166434343862,86,67
15,6983,541.545137446626,81,66
39,8680,1736.38767727884,89,50
20,4666,439.473856251868,78,58
28,5734,741.785478783139,45,17
42,3862,867.822801410402,78,36
58,5850,2336.41121471878,79,21
76,4164,2723.25796639072,80,4
18,1523,132.640615412372,75,57
22,4426,451.067365295377,68,46
7,7928,457.529420034608,83,76
1,1521,73.6662571158911,75,74
30,6474,907.057382686732,88,58
81,2538,1831.62518141737,94,13
29,2867,385.988676342834,46,17
56,2520,941.820250980983,64,8
63,5554,2594.98640855625,79,16
0,7822,505.552858459511,74,74
25,6477,743.452561285576,76,51
26,8133,971.47386844127,75,49
90,7625,6306.89848313391,92,2
50,6233,1888.8779699413,67,17
15,9434,731.624921476653,90,75
41,6394,1382.43455539241,85,44
54,4324,1509.48077954256,72,18
67,4462,2339.31397020149,74,7
5,6408,346.168559002785,68,63
37,8960,1657.27092519456,86,49
11,3851,256.671166119745,87,76
20,8916,839.766159953205,78,58
44,6274,1521.81904949002,83,39
51,7480,2349.7423288172,70,19
13,2320,166.699420545745,81,68
75,1237,791.544751330432,84,9
68,3050,1643.20089544797,92,24
23,2436,258.277728016446,74,51
31,5312,774.522535936743,76,45
94,1588,1385.43032526171,97,3
70,7079,4019.57058647747,85,15
94,5475,4776.59384811578,94,0
81,1425,1028.39475315987,94,13
26,4857,580.16089745718,66,40
36,2638,469.080334907121,83,47
64,4761,2291.54427307644,94,30
88,9976,8034.96394782615,89,1
44,6639,1610.35331041828,56,12
24,6410,707.102515155796,78,54
54,1786,623.481191550188,92,38
60,2992,1274.40100577078,87,27
6,5256,293.269154636419,89,83
41,2302,497.711033236367,79,38
31,5817,848.154667082838,84,53
27,3388,421.157782103562,65,38
92,4540,3853.54229289757,97,5
11,9061,603.920393718777,73,62
75,8358,5348.20616945816,87,12
23,3897,413.180749622369,64,41
36,6481,1152.42973864028,54,18
33,6913,1091.46381637893,37,4
92,9270,7868.35617955077,98,6
32,1075,163.110589299417,56,24
41,1980,428.092026849699,60,19
48,2336,658.096417418861,75,27
5,2755,148.828710994487,90,85
52,6803,2214.46710502514,87,35
90,1000,827.134227296251,90,0
21,4320,423.216105126599,32,11
96,3853,3481.57560632116,96,0
60,1788,761.573863074251,83,23
4,2344,122.792361118009,64,60
82,6956,5109.15272452935,90,8
11,2415,160.961014328534,79,68
44,9642,2338.75984621976,76,32
2,2302,114.135214855908,89,87
9,9807,607.35867026474,75,66
73,3371,2060.65925475504,85,12
52,1385,450.835945973808,86,34
40,2149,446.965545343346,69,29
58,4934,1970.57315101238,81,23
46,5979,1563.83177894182,64,18
36,3537,628.937507417167,75,39
56,6162,2302.9747565654,81,25
82,1278,938.685621326698,86,4
17,6753,565.701767096504,80,63
5,9694,523.682585982053,89,84
0,6425,415.261712554635,61,61
97,9498,8749.57512482162,97,0
20,1913,180.178629877802,67,47
73,8302,5074.93121713924,75,2
34,8380,1376.70055010305,67,33
80,6496,4603.06293705852,83,3
2,1958,97.0793877879526,74,72
5,6339,342.441088564084,81,76
85,4517,3483.69594849665,95,10
46,1864,487.536784737841,88,42
32,4085,619.820239337784,82,50
53,7965,2685.55146149831,56,3
7,6286,362.768659729761,88,81
40,6108,1270.38880919365,74,34
93,3694,3177.40959777332,93,0
85,6856,5287.62882950919,90,5
96,8836,7984.22062223042,97,1
94,4297,3748.86278819242,98,4
23,9527,1010.1034133057,87,64
58,9223,3683.54198860705,81,23
47,4149,1126.41995557219,89,42
89,5307,4332.38058466462,92,3
21,2509,245.798427722832,89,68
23,3652,387.204541344852,88,65
71,2434,1417.43818563077,77,6
74,8182,5119.02871261709,89,15
35,5490,938.367563601871,78,43
57,5689,2198.47382109996,88,31
60,2346,999.246243161182,86,26
49,4110,1201.09916940744,63,14
87,4233,3362.25133040073,89,2
23,1078,114.295316421071,81,58
98,1426,1337.0769424888,99,1
66,2691,1372.03691098618,78,12
34,1632,268.111610712193,90,56
90,2769,2290.33467538332,96,6
69,1244,688.277484740922,86,17
55,5210,1882.29622711351,70,15
26,7789,930.383617519864,83,57
37,7051,1304.17603722621,89,52
13,7928,569.652157795978,86,73
66,1056,538.413592716983,77,11
13,6745,484.64982395735,86,73
5,2341,126.463888362284,79,74
72,5746,3429.49126438034,81,9
16,7914,637.811997501135,81,65
34,3472,570.394309064175,81,47
35,3602,615.664838632776,91,56
67,5017,2630.28646089218,72,5
39,4707,941.610230063539,84,45
11,2885,192.286760388331,75,64
89,8818,7198.59280112542,92,3
77,8952,5979.48460620811,85,8
28,6896,892.108939952655,70,42
0,9014,582.594408866534,88,88
25,4645,533.16923686452,83,58
50,7872,2385.56832654868,92,42
21,3154,308.986943418818,55,34
46,2296,600.528142574079,89,43
4,7254,380.006735302916,63,59
91,8834,7401.91429905413,92,1
93,5854,5035.34265981728,96,3
46,4757,1244.21270654394,80,34
11,7002,466.686965767451,82,71
22,3212,327.344866093256,73,51
92,2141,1817.27622226734,95,3
18,3446,300.117899350646,79,61
16,1366,110.089864617962,71,55
5,3328,179.782922028912,57,52
85,8275,6382.01991893065,95,10
21,6732,659.511763822283,89,68
35,8834,1509.93425443696,66,31
54,8628,3011.97968683932,69,15
73,4718,2884.06715038098,96,23
44,3948,957.62537573902,64,20
41,3067,663.110225428296,76,35
16,8725,703.172817563483,83,67
62,5405,2450.03606484157,86,24
8,1731,103.443262363793,67,59
70,4860,2759.58653062304,86,16
51,8686,2728.59115883773,85,34
20,3288,309.684963428234,79,59
71,7272,4234.84407802257,76,5
11,6675,444.892244572656,60,49
5,6424,347.032899974078,74,69
67,4731,2480.34388010383,87,20
33,2989,471.920345314134,73,40
10,3976,255.38752730648,79,69
26,1917,228.982590163767,60,34
45,4878,1228.82780403708,86,41
14,9264,691.472616627015,54,40
1,7165,347.020862745141,63,62
10,2287,146.89921402161,76,66
22,9263,944.021013269562,68,46
61,2856,1255.27128535248,73,12
55,8904,3216.88399351606,70,15
76,9941,6501.4186944981,90,14
78,5079,3462.43162751091,82,4
63,8400,3924.7183708809,73,10
97,1990,1833.19167176195,98,1
29,8575,1154.46560852452,74,45
18,3026,263.539397398449,90,72
78,6026,4108.01594553667,88,10
68,8527,4593.95870015897,85,17
10,1581,101.551227533085,77,67
2,1386,68.7191171982137,79,77
36,6973,1239.91553271696,38,2
80,1343,951.649249456525,86,6
63,6729,3143.9797521021,93,30
77,3363,2246.31442478529,86,9
99,7697,7330.47619047619,99,0
71,6875,4003.65140764647,90,19
43,8891,2075.96562213991,65,22
40,9676,2012.48888633886,59,19
9,6414,397.226319065774,68,59
4,2543,133.217139216338,89,85
28,9427,1219.53465442774,78,50
91,4560,3820.77532303451,92,1
34,4206,690.978820254585,56,22
53,2259,761.664877780876,71,18
87,9157,7273.36060299539,91,4
7,1234,71.2148466602807,88,81
10,2892,185.759740686705,78,68
81,2182,1574.70691325954,87,6
8,6632,396.323348351633,88,80
46,1291,337.666303163387,76,30
47,6636,1801.62034831936,67,20
67,1573,824.684194335937,88,21
10,9407,604.233015435629,72,62
96,8731,7889.34249125099,96,0
22,4235,431.601963855834,87,65
90,9756,8069.52152150222,97,7
28,6255,809.18524063281,57,29
44,4588,1112.86353188719,48,4
69,7216,3992.45203367403,75,6
22,7594,773.928055140781,82,60
1,4630,224.243767551989,64,63
0,9125,589.768580087322,71,71
9,3281,203.196063744123,75,66
84,7909,6005.18105688592,86,2
81,3722,2686.09492720073,88,7
21,3512,344.059018797364,60,39
88,3589,2890.68620777346,91,3
47,3635,986.873111232804,56,9
94,8277,7221.16297367203,97,3
90,4587,3794.0647006079,92,2
26,9801,1170.71380604855,70,44
23,4688,497.046793489778,79,56
27,1338,166.325003676082,80,53
84,4522,3433.48447834595,94,10
21,7380,722.994179591273,88,67
23,5620,595.862410284247,65,42
8,7677,458.771764972179,71,63
54,8549,2984.4012914684,86,32
93,1215,1045.08734739973,99,6
42,9800,2202.1396825018,57,15
23,6307,668.701818801201,79,56
46,3084,806.632748997588,79,33
56,9904,3701.5030816332,70,14
10,7216,463.500099860051,59,49
78,7074,4822.45350128217,78,0
48,4699,1323.79925747056,78,30
77,8486,5668.22010369549,78,1
32,4736,718.596977601896,88,56
5,4318,233.264019627657,81,76
34,2055,337.60377451811,85,51
88,9628,7754.6745077857,90,2
78,5508,3754.8874590136,85,7
49,5998,1752.84496790896,75,26
84,6048,4592.1526150014,91,7
22,9492,967.359112377705,55,33
83,2465,1841.44017451511,98,15
17,3171,265.636058561086,81,64
22,4841,493.361300360353,79,57
33,3366,531.443252702367,76,43
91,8327,6977.10441116411,97,6
12,2263,156.581141224581,78,66
78,2294,1563.85472603072,78,0
54,5105,1782.12289074116,78,24
19,5223,473.016186191824,73,54
88,1615,1300.76852202679,92,4
26,7382,881.768117156456,28,2
97,7873,7252.62212652354,97,0
56,2990,1117.47720255283,67,11
46,5523,1444.56312344801,78,32
30,5844,818.789518755215,30,0
38,1767,339.91785251845,83,45
21,5442,533.134732430312,57,36
74,5160,3228.32903411197,77,3
6,2029,113.212160341951,90,84
54,8464,2954.72833442373,89,35
34,4887,802.856275459857,70,36
77,7403,4944.83071266294,95,18
63,9894,4622.75756684472,91,28
7,2516,145.199800808157,79,72
70,9687,5500.43512801345,73,3
40,9577,1991.89810505036,90,50
74,7254,4538.43000260625,94,20
56,6096,2278.30803570638,77,21
26,5995,716.093181028577,85,59
18,5075,441.990231922382,63,45
98,7354,6895.41643412526,99,1
15,9992,774.898899236243,64,49
52,2767,900.695351992438,74,22
53,1136,383.024037697687,75,22
94,5888,5136.91042515173,99,5
57,6942,2682.68681070064,85,28
61,7185,3157.95664749914,73,12
58,7282,2908.33272915934,72,14
77,4652,3107.30142851655,77,0
21,8355,818.511703317762,82,61
62,9400,4260.93228668099,64,2
87,7367,5851.57230121951,97,10
14,3558,265.572060660505,84,70
39,3838,767.771417672373,75,36
11,5875,391.571825747469,35,24
45,3810,959.785554198703,70,25
2,5252,260.398848142149,71,69
91,9782,8196.23337936921,94,3
98,4214,3951.22176412889,99,1
14,7888,588.766839373262,82,68
53,7878,2656.2177543859,90,37
51,3583,1125.55170643744,73,22
43,3756,876.990988275504,92,49
43,5296,1236.5666330956,84,41
48,8299,2337.98894184894,80,32
56,5343,1996.88317499658,85,29
29,7897,1063.18541230532,79,50
97,1650,1519.98304442574,98,1
36,2545,452.543386026771,63,27
74,1809,1131.79209742414,77,3
84,1933,1467.69692539645,90,6
77,1061,708.694500355988,93,16
27,2452,304.804864733747,81,54
70,5622,3192.26244344912,74,4
7,6102,352.149914360643,80,73
74,3735,2336.78467876128,94,20
26,6730,803.88775785193,83,57
50,8765,2656.18729448669,79,29
72,7844,4681.67933828739,72,0
7,6409,369.867060166725,90,83
31,8011,1168.05347051755,52,21
82,8790,6456.21800583855,85,3
34,6254,1027.43260624636,71,37
41,4487,970.125719431615,83,42
59,9120,3762.48511755299,75,16
31,3557,518.632654429028,68,37
6,4000,223.188093330608,75,69
66,8827,4500.54619594016,93,27
76,6935,4535.49327495668,94,18
28,9473,1225.48549712464,90,62
93,7530,6476.96109129213,97,4
62,4736,2146.78460741714,83,21
35,5972,1020.75247537894,56,21
76,9890,6468.06467041407,85,9
62,3451,1564.30609801448,86,24
97,4765,4389.52679193252,97,0
44,2873,696.873785333891,78,34
92,9196,7805.54513777227,96,4
75,5676,3632.01940869162,81,6
77,8712,5819.17670791835,77,0
71,5648,3289.10882187451,78,7
14,3081,229.968386423557,87,73
97,3661,3372.51995493493,97,0
14,7329,547.042617363924,77,63
26,8729,1042.66511713068,83,57
57,3205,1238.54958632895,73,16
72,6481,3868.17488417142,83,11
35,3345,571.737613888572,69,34
89,4268,3484.19075472933,90,1
74,8351,5224.76274493587,83,9
60,2630,1120.2121140298,84,24
91,5888,4933.49234693579,91,0
43,3227,753.474419373017,77,34
58,1631,651.399434394243,88,30
89,9661,7886.77761983133,91,2
69,1131,625.757102284552,85,16
58,6725,2685.87443059552,64,6
5,6320,341.414683660674,80,75
12,7785,538.658499528661,87,75
60,2499,1064.41447641082,74,14
17,6263,524.654252528566,82,65
55,6505,2350.16064440947,71,16
67,3820,2002.7295755647,90,23
74,1740,1088.62258127032,87,13
13,4065,292.08325194761,84,71
65,2080,1030.71147814103,66,1
41,6999,1513.24045248537,85,44
82,2760,2027.20838408583,90,8
23,8369,887.326069691969,64,41
15,3992,309.587310423447,83,68
86,4643,3635.03983074454,90,4
47,3427,930.402792900913,65,18
84,5926,4499.51990682842,89,5
63,9766,4562.95233452654,68,5
70,7623,4328.46257673651,72,2
71,1361,792.577391390088,88,17
45,5303,1335.89049709074,74,29
45,7248,1825.85976294808,90,45
12,9813,678.979557594701,53,41
29,5601,754.071355492226,77,48
0,3051,197.192760311936,45,45
37,9577,1771.39326457458,79,42
21,2034,199.264249497107,80,59
31,8844,1289.51003535854,75,44
54,2657,927.541727854898,87,33
57,3550,1371.87239671381,85,28
89,5747,4691.57550783259,93,4
91,5771,4835.45929588424,95,4
55,2153,777.847174083566,80,25
68,2837,1528.44620996259,69,1
61,7282,3200.59016104227,72,11
95,2162,1916.51434157671,96,1
63,5345,2497.33567766172,82,19
34,9993,1641.69076338661,50,16
54,8884,3101.34765158559,75,21
78,3430,2338.28322157165,82,4
99,3503,3336.19047619048,99,0
46,7733,2022.59761608247,82,36
30,7652,1072.10427746662,85,55
35,3856,659.079294216542,59,24
62,6222,2820.37454124778,94,32
68,3582,1929.81823196545,75,7
19,3805,344.596321742273,54,35
84,7482,5680.9665782805,86,2
47,5225,1418.5452561737,59,12
64,9317,4484.41881794857,79,15
67,3456,1811.89356365226,71,4
46,9377,2452.59250562593,70,24
53,1397,471.02515903492,79,26
2,2861,141.850933841334,84,82
78,8028,5472.80982588257,93,15
79,4279,2975.06646598938,86,7
27,6561,815.58919964034,91,64
40,1730,359.818703324332,83,43
55,2606,941.509398821074,76,21
62,6960,3154.90305481911,64,2
16,1533,123.548874421183,35,19
41,6122,1323.62595372417,71,30
39,5702,1140.65467002811,79,40
40,6698,1393.10154616553,69,29
15,3039,235.680319733681,59,44
94,2640,2303.23429388597,97,3
89,4238,3459.70019178606,96,7
87,9891,7856.37323623756,87,0
17,4211,352.757313970588,84,67
93,6225,5354.45986630724,93,0
40,9693,2016.02467706517,80,40
59,2235,922.05638571611,83,24
15,5248,406.992536348259,89,74
9,3407,210.999387130822,84,75
46,6630,1734.10347790337,70,24
60,7005,2983.68283603754,69,9
25,5616,644.623990146641,60,35
68,5652,3045.03982330227,71,3
4,7897,413.690817299025,17,13
39,9993,1999.04632016676,76,37
22,6596,672.218784791755,74,52
82,9255,6797.75854880954,92,10
86,5011,3923.14981517573,87,1
20,4681,440.886652617872,73,53
9,7507,464.917052888488,79,70
93,2499,2149.52533428141,96,3
56,7902,2953.27921557608,84,28
29,5291,712.335572560144,76,47
60,6690,2849.51294405299,76,16
2,5254,260.498009927428,59,57
37,7828,1447.89250027042,89,52
22,7608,775.35483849237,69,47
43,6652,1553.17999308005,78,35
83,8055,6017.36332889219,88,5
4,7976,417.829297046603,45,41
32,4119,624.979085883068,87,55
95,3224,2857.92887939099,98,3
86,5387,4217.52306013803,92,6
85,4928,3800.67603147918,85,0
54,7792,2720.13742696476,82,28
24,7465,823.482102283622,84,60
50,8220,2491.02790196014,78,28
49,4205,1228.86180227695,61,12
37,8880,1642.47386336246,38,1
60,1605,683.627544873698,64,4
19,8731,790.714976381546,43,24
52,2128,692.69234153954,58,6
91,4459,3736.1485011866,91,0
34,5269,865.612792182931,88,54
67,5869,3076.96855470923,74,7
86,9620,7531.57078866304,86,0
11,4556,303.659785209441,59,48
22,4213,429.359875731908,79,57
86,7761,6076.14562274572,94,8
48,4772,1344.3647705149,77,29
30,7018,983.275982652994,85,55
17,3484,291.85620562183,62,45
97,4108,3784.29717969754,99,2
42,3287,738.615626161572,71,29
89,6595,5383.84208702904,90,1
0,1920,124.093772467689,87,87
91,8852,7416.99630690822,93,2
66,9720,4955.8523875086,78,12
2,3382,167.682578906464,85,83
8,1847,110.375335404926,86,78
21,2116,207.297518159232,78,57
70,1921,1090.77484060223,70,0
69,1553,859.240300484447,86,17
61,2896,1272.85211567954,81,20
92,4885,4146.37755524332,93,1
28,5392,697.542256993143,61,33
69,9660,5344.66278343835,86,17
60,3083,1313.16119678854,78,18
19,4597,416.323072549074,73,54
45,3109,783.195088714899,85,40
18,3180,276.951514780921,73,55
97,2792,2571.99555153737,98,1
41,4647,1004.71901453058,81,40
49,8660,2530.78316473684,81,32
87,8141,6466.35674008796,95,8
25,6787,779.035438234553,76,51
65,2048,1014.85437847732,73,8
10,2113,135.722798088177,51,41
19,8424,762.91180403598,54,35
7,5143,296.805475181381,75,68
44,2102,509.860319099144,73,29
23,3603,382.009299689349,50,27
4,9109,477.182430641613,27,23
90,5575,4611.2733171766,92,2
59,6405,2642.40319933409,65,6
74,2342,1465.26096858338,82,8
16,6293,507.170950249512,59,43
31,9865,1438.37816585391,89,58
61,1743,766.084681501879,74,13
92,5308,4505.41905081505,96,4
8,7145,426.979843783537,87,79
3,7286,370.872150170649,70,67
81,6734,4859.79667914286,82,1
9,3235,200.347231396598,70,61
18,2532,220.51611176896,60,42
35,4731,808.636966011011,77,42
52,1821,592.759752792999,76,24
60,2861,1218.60336815181,82,22
19,4307,390.059489551634,71,52
71,1200,698.819154789203,81,10
22,1536,156.53851628868,80,58
8,8506,508.312183516133,59,51
21,4609,451.52847882604,55,34
92,3116,2644.85413759226,99,7
80,9886,7005.21554737692,80,0
68,5761,3103.76405202484,93,25
29,2324,312.883740432768,91,62
46,3899,1019.79931528586,50,4
18,2991,260.491188902433,61,43
43,4216,984.396700364624,72,29
15,3113,241.419162662372,66,51
29,6961,937.170274162004,72,43
68,8622,4645.14036739423,71,3
19,3395,307.465049228651,79,60
53,2328,784.929542042443,61,8
77,2330,1556.3225125631,78,1
45,4328,1090.27608361469,82,37
42,6871,1543.9695671908,86,44
34,5993,984.554462621429,87,53
36,9823,1746.6929984051,49,13
2,1930,95.6911227940493,86,84
37,4169,771.111884725011,81,44
24,4117,454.156170810673,80,56
96,5733,5180.34595147657,98,2
53,1261,425.170168606324,91,38
14,5076,378.876835276201,89,75
48,5794,1632.28195313565,76,28
66,2617,1334.30717058745,87,21
83,1192,890.465187838546,90,7
53,7119,2400.30644750866,76,23
5,1136,61.368208961792,69,64
49,7311,2136.55377798973,73,24
70,1441,818.223084491317,74,4
75,3898,2494.29380815362,85,10
39,3376,675.350783236564,85,46
74,5398,3377.23258258458,82,8
46,5720,1496.08927505389,80,34
17,6757,566.036848848079,70,53
77,2701,1804.13180533603,80,3
20,1877,176.78791859939,87,67
6,9369,522.762311603617,7,1
37,8589,1588.64955094822,90,53
84,7114,5401.54988477512,93,9
71,5636,3282.12063032662,93,22
75,6206,3971.16146059552,89,14
10,7060,453.479864885249,58,48
38,1872,360.116706233468,77,39
13,1425,102.390807878313,72,59
13,8448,607.015821021749,83,70
93,2608,2243.282141579,94,1
30,2508,351.390163079753,64,34
25,5072,582.181780274886,78,53
80,4723,3346.71586387429,83,3
57,8613,3328.43294447776,68,11
54,2634,919.512574772225,83,29
34,6257,1027.92545847193,70,36
7,6275,362.13384343052,83,76
95,7190,6373.6068991381,98,3
59,4579,1889.08106943806,85,26
70,2189,1242.9495710975,85,15
71,9780,5695.376111532,91,20
85,1972,1520.88740545393,90,5
14,5670,423.213486212778,83,69
68,7507,4044.42922036981,78,10
67,7583,3975.57548992334,79,12
65,4961,2458.34598223925,83,18
91,7958,6667.9232501554,97,6
35,7611,1300.89536003166,72,37
25,7970,914.824288010813,76,51
68,5470,2946.98652396734,81,13
74,9551,5975.5369389154,76,2
84,1352,1026.55263483497,87,3
1,5840,282.847430346354,60,59
28,3352,433.635320000188,88,60
10,6417,412.178511751933,84,74
10,5645,362.591195081761,29,19
23,5056,536.064118576006,85,62
10,6298,404.534870969872,74,64
34,6118,1005.08997202034,44,10
9,3370,208.707935025204,63,54
9,5032,311.637486364043,79,70
56,8875,3316.92647914929,60,4
25,7685,882.11099791256,90,65
68,8108,4368.22060993185,80,12
33,3981,628.542955736222,67,34
43,6501,1517.9229006334,66,23
80,9685,6862.78702977397,83,3
10,1052,67.5723538044309,85,75
81,1456,1050.7668495444,87,6
19,8019,726.233351918866,79,60
18,4630,403.234438187316,22,4
51,4238,1331.31122854643,66,15
77,8435,5634.15467530892,80,3
38,5015,964.735727436348,88,50
11,4078,271.800834961392,77,66
10,5186,333.108580636672,85,75
38,7220,1388.91165545173,79,41
54,6249,2181.48598320108,71,17
30,4039,565.895083205392,75,45
90,7239,5987.62467139756,97,7
12,9061,626.947291487373,89,77
2,5037,249.738956224677,89,87
76,7744,5064.57965699561,77,1
23,7319,775.999462788328,69,46
31,7461,1087.86006035844,78,47
45,9507,2394.92946555566,51,6
41,8517,1841.44433973681,84,43
50,5914,1792.20669248081,52,2
45,4915,1238.14855613822,80,35
2,6070,300.956018321181,89,87
34,4501,739.442622436017,76,42
84,2212,1679.53729900514,91,7
7,6803,392.605025794076,78,71
50,7692,2331.02027030138,66,16
70,7339,4167.20278770421,87,17
30,7873,1103.06808370291,80,50
75,6871,4396.68875213532,78,3
59,7953,3281.03554165558,73,14
69,2079,1150.26438165304,74,5
28,8621,1115.2655410864,79,51
61,1237,543.6871778645,75,14
71,2883,1678.91301938106,75,4
21,9428,923.629962762401,69,48
80,9062,6421.32948516384,81,1
6,3559,198.581606040909,82,76
32,2810,426.363493889638,32,0
80,3123,2212.9565197712,80,0
1,4871,235.916067331693,34,33
1,9011,436.427773090924,79,78
35,8191,1400.03073104971,66,31
43,1334,311.476565058446,74,31
89,5215,4257.27619163859,98,9
7,9668,557.945816459963,68,61
98,1326,1243.31278102395,99,1
61,4562,2005.09369880182,72,11
91,6074,5089.33976142798,94,3
48,4982,1403.52583543697,79,31
63,5693,2659.93115302678,68,5
23,7114,754.264268107141,66,43
23,5586,592.257548727367,88,65
14,4075,304.161367957155,64,50
7,6596,380.658937253818,86,79
77,6343,4236.80416188316,82,5
7,4656,268.700426296813,69,62
2,2881,142.842551694122,78,76
11,1720,114.638900474153,74,63
86,5554,4348.268623725,89,3
7,5763,332.586030229496,80,73
29,1107,149.037134534885,33,4
37,6115,1131.0504137907,82,45
35,9280,1586.16593628877,79,44
4,1055,55.2670396670218,89,85
65,5452,2701.65335520427,66,1
21,4511,441.92774310789,87,66
2,2187,108.433412202376,74,72
86,8881,6953.0020971015,94,8
0,9100,588.152775758316,86,86
49,5999,1753.13720614969,90,41
84,5685,4316.53234396213,96,12
15,4623,358.522579180259,88,73
97,6306,5809.09883524165,97,0
55,9916,3582.50468100912,80,25
79,1531,1064.46056541943,82,3
6,9161,511.156530750425,40,34
81,2543,1835.23358406004,89,8
41,2759,596.518132362787,87,46
83,6646,4964.79164293203,84,1
28,6983,903.363794618531,82,54
28,1552,200.776257947581,45,17
83,5960,4452.32593919273,86,3
7,7705,444.659962331818,73,66
25,4725,542.351914786837,91,66
45,7666,1931.1590704691,93,48
43,8413,1964.35707783861,77,34
20,4849,456.709971917125,73,53
54,1944,678.63798229203,92,38
46,3083,806.371194928522,87,41
64,8500,4091.18385237339,87,23
88,1623,1307.21195743002,95,7
86,3388,2652.49083492624,88,2
87,8245,6548.96343471628,88,1
13,4154,298.478186615098,67,54
11,6102,406.701494589116,81,70
98,3050,2859.806924678,99,1
96,8330,7526.99839103434,98,2
60,4504,1918.41648729666,93,33
22,5628,573.566907338993,78,56
62,7661,3472.659813645,68,6
77,4076,2722.56247262112,89,12
51,2485,780.629637314271,78,27
72,4999,2983.64546304165,90,18
1,3631,175.859421162262,72,71
90,7385,6108.38626858281,92,2
82,4901,3599.76387333501,86,4
26,7292,871.017760810739,79,53
42,5674,1274.99393454237,73,31
20,2750,259.012667100865,82,62
50,7253,2197.98362200935,61,11
46,5224,1366.35845679747,84,38
84,2538,1927.06404379523,87,3
40,8781,1826.33990398321,87,47
19,3230,292.5219761439,54,35
35,8466,1447.03457075655,84,49
43,8667,2023.66371016608,44,1
89,7837,6397.75139288046,89,0
73,8024,4904.99254231815,77,4
35,4814,822.823579449801,86,51
17,1916,160.504159004428,83,66
18,2623,228.441453858603,40,22
52,8975,2921.48203257395,86,34
29,4103,552.393281839779,92,63
53,5101,1719.89931011963,81,28
85,9854,7599.80958080274,88,3
92,6265,5317.71860462628,92,0
8,5952,355.687058110513,75,67
45,8368,2108.00144817185,67,22
50,2853,864.58669151974,62,12
0,5402,349.142999411695,42,42
76,4206,2750.72598622463,90,14
94,3817,3330.09291657679,98,4
96,5294,4783.66500385784,97,1
30,5666,793.850344501548,83,53
7,7715,445.2370680584,86,79
54,6152,2147.62390280893,82,28
5,2689,145.263304487904,63,58
68,3324,1790.81959884231,79,11
95,3541,3138.93491374798,95,0
97,8571,7895.62101440789,99,2
11,5897,393.038137265161,89,78
49,7274,2125.74096308266,79,30
7,2407,138.909348388408,72,65
17,8300,695.294634518137,70,53
6,4964,276.976423823285,44,38
78,7129,4859.94783865431,83,5
87,1368,1086.59575241866,93,6
63,5669,2648.71767196712,80,17
44,3573,866.665518620952,80,36
90,2250,1861.05201141656,91,1
41,9682,2093.32676967615,86,45
28,5245,678.52543359218,58,30
84,4466,3390.96454672557,85,1
71,1496,871.194546303873,95,24
20,1291,121.594673900806,77,57
50,1413,428.202241541323,86,36
99,9816,9348.57142857143,99,0
22,7850,800.017807855561,90,68
78,1319,899.182381706416,89,11
15,4496,348.673483883722,75,60
53,9747,3286.38670373183,83,30
63,2206,1030.70580073372,69,6
87,5090,4042.96226594371,90,3
51,9492,2981.78531886803,83,32
35,7351,1256.45536612702,68,33
65,9014,4466.74676152078,82,17
35,6866,1173.55768518952,76,41
60,3947,1681.17004337476,77,17
91,7952,6662.89591420404,92,1
47,5519,1498.36387920051,69,22
73,1800,1100.32235495671,90,17
34,1861,305.732663930999,34,0
7,1515,87.431517577249,71,64
59,2664,1099.04170539048,62,3
10,6298,404.534870969872,66,56
91,6869,5755.46177498334,95,4
1,9775,473.43041637596,79,78
74,4049,2533.23725951926,86,12
48,9773,2753.24327373053,77,29
69,9361,5179.23274490336,81,12
24,1643,181.243281185799,77,53
56,3092,1155.59849842587,74,18
1,7773,376.46799247983,63,62
84,5266,3998.39214130247,88,4
62,2468,1118.72137058816,70,8
48,9135,2573.50632411014,87,39
68,8278,4459.80885656338,86,18
77,4584,3061.88085733445,82,5
45,9212,2320.61536096547,77,32
0,1597,103.217580536926,63,63
41,2531,547.222686846761,75,34
32,7750,1175.91355076324,88,56
20,2963,279.074375498132,78,58
74,3860,2414.99032396748,79,5
62,9230,4183.87287298569,85,23
0,5806,375.254397368438,35,35
96,9553,8632.10271663277,96,0
6,4874,271.954691723346,42,36
20,3043,286.609289450157,41,21
9,3700,229.145210561797,41,32
86,8303,6500.48152372861,87,1
42,8466,1902.37903592451,74,32
46,3428,896.607348756073,79,33
53,3856,1300.12384626961,73,20
66,2607,1329.20855702005,83,17
94,9629,8400.69811205605,97,3
34,9312,1529.81330818134,56,22
14,1919,143.23574603921,79,65
9,8420,521.460181873061,78,69
50,8477,2568.91040449101,88,38
46,8500,2223.20958705561,75,29
87,5247,4167.66660302684,99,12
72,4299,2565.85153943109,79,7
89,6682,5454.86471956453,98,9
47,5553,1507.59460431245,90,43
77,9456,6316.13119261661,83,6
81,7058,5093.62117038763,84,3
80,5952,4217.58476006347,87,7
51,6748,2119.79428273509,83,32
97,5059,4660.36013439383,97,0
42,4481,1006.9171344174,71,29
50,5548,1681.29231144463,77,27
21,9928,972.613308263164,70,49
52,2507,816.061889210351,80,28
19,6031,546.19196226745,88,69
9,9101,563.63528684403,45,36
68,7750,4175.3465376137,80,12
10,9437,606.159983700014,67,57
96,4913,4439.39292858964,96,0
88,6376,5135.41801637325,94,6
72,7416,4426.22819642266,83,11
9,9908,613.613715201697,85,76
35,9453,1615.73562454071,81,46
83,4251,3175.64388716582,83,0
0,4519,292.07279051119,76,76
80,4433,3141.2219827556,85,5
35,2695,460.637629126966,58,23
97,7540,6945.86191210308,98,1
28,2678,346.442537876046,54,26
0,6869,443.958397437788,80,80
42,1835,412.339420141918,75,33
17,8358,700.153319915975,78,61
91,4648,3894.50958365447,91,0
79,7220,5019.85975331696,91,12
43,2259,527.455442628957,77,34
28,3062,396.119137780602,83,55
39,2181,436.297410615801,71,32
35,7066,1207.7422958854,70,35
15,9455,733.253512037498,70,55
56,8111,3031.39049829633,86,30
68,8012,4316.50018830464,81,13
8,2070,123.701648233999,58,50
25,5873,674.123342972084,85,60
0,3757,242.823074563076,88,88
29,9722,1308.88800537322,74,45
1,7753,375.499336896452,89,88
59,7047,2907.26234905657,71,12
39,3751,750.367531966929,52,13
34,5040,827.991738964125,44,10
17,4817,403.522199334201,90,73
79,9354,6503.56899342477,93,14
82,5430,3988.31214695146,92,10
99,5211,4962.85714285714,99,0
76,1335,873.090630435064,83,7
12,3191,220.791171740007,20,8
36,6048,1075.43512718661,74,38
47,9076,2464.06062105885,80,33
16,5767,464.779099013021,31,15
48,3388,954.465180742766,91,43
78,9185,6261.55434114741,88,10
1,5665,274.371693991797,72,71
51,1578,495.707673111436,67,16
44,2368,574.381177748226,87,43
11,9071,604.586898954092,87,76
3,5919,301.289082742255,40,37
54,7323,2556.41252280069,86,32
49,8883,2595.95229242002,77,28
20,5772,543.644041638616,44,24
94,8829,7702.74832603,99,5
22,3120,317.968861211382,81,59
44,1031,250.078967169942,71,27
0,4032,260.596922182146,78,78
33,4549,718.222031058546,71,38
49,4526,1322.67027755184,92,43
3,5394,274.565519903991,76,73
65,7783,3856.74395883251,73,8
61,3003,1319.88083680444,85,24
75,1185,758.270436804011,80,5
47,2109,572.576448855567,86,39
40,3417,710.693935988001,63,23
54,3765,1314.33745027237,65,11
45,8946,2253.60671072483,66,21
36,9970,1772.83204663533,85,49
32,4183,634.689855850661,78,46
82,8664,6363.67153613029,88,6
69,2512,1389.83363478231,90,21
67,1076,564.119639609325,79,12
36,5337,949.007485746514,76,40
84,1132,859.51004632632,90,6
30,9765,1368.15189093851,79,49
7,4488,259.005050090227,26,19
48,8501,2394.89625191684,86,38
67,1217,638.042380487499,90,23
33,8427,1330.5027601078,77,44
70,6737,3825.37746024844,74,4
69,6493,3592.43224149743,72,3
46,3974,1039.41587046576,86,40
88,9860,7941.53413447933,91,3
92,3899,3309.46286343781,96,4
88,2957,2381.6548109184,95,7
39,7468,1493.9335453823,86,47
2,4941,244.979190531294,77,75
72,8973,5355.52125222499,91,19
6,1950,108.804195498671,10,4
83,7141,5334.57374694216,83,0
56,8758,3273.19911035375,75,19
10,6706,430.741639365507,28,18
30,1458,204.277056527225,45,15
32,5445,826.174101149139,64,32
99,1548,1474.28571428571,99,0
73,4079,2493.45271437135,94,21
97,7685,7079.43617964352,98,1
6,8187,456.810230024422,72,66
99,6363,6060,99,0
21,9494,930.095764368501,90,69
84,3954,3002.21088619635,90,6
64,3690,1776.05510767739,82,18
0,2639,170.564304969912,67,67
32,3999,606.771392193831,56,24
17,4860,407.124328163632,88,71
28,2096,271.151441145703,76,48
32,3198,485.235036818172,73,41
74,2478,1550.34871056773,93,19
81,6886,4969.49211947992,89,8
58,6593,2633.15540831468,79,21
80,4441,3146.89077947612,94,14
29,6639,893.818912535777,60,31
62,6565,2975.85324064475,88,26
12,8558,592.143794343774,85,73
17,5665,474.559530668102,53,36
87,7972,6332.12086131694,88,1
51,5648,1774.24394026197,75,24
12,9653,667.908862678248,83,71
97,5929,5461.80573963649,98,1
45,4774,1202.6289332663,78,33
49,6886,2012.35252567874,80,31
60,7283,3102.09308991598,77,17
33,2594,409.555495398081,91,58
73,1029,629.017612916921,83,10
4,2291,120.01591267976,77,73
87,7612,6046.17461068045,89,2
84,3045,2312.02128185834,98,14
14,7503,560.030121173628,85,71
8,5869,350.727040331082,67,59
66,1354,690.352277025375,75,9
47,2573,698.548697442092,81,34
79,5061,3518.76872735972,93,14
86,2458,1924.38679818438,88,2
17,4224,353.846329663206,76,59
27,4038,501.958419165934,81,54
89,3319,2709.47261362387,95,6
40,7958,1655.16603529193,64,24
79,3292,2288.83356065366,81,2
86,2756,2157.69325296833,88,2
85,2323,1791.59302376748,85,0
67,1645,862.431976912026,68,1
63,1850,864.372498348771,67,4
81,7077,5107.33310042977,88,7
2,8680,430.362148110025,64,62
55,7272,2627.26644214384,86,31
37,7685,1421.44275224555,69,32
77,2412,1611.0943778121,85,8
22,3541,360.87427485561,61,39
75,8012,5126.80399972467,78,3
2,4643,230.204084524752,61,59
84,8271,6280.04204343197,88,4
83,6681,4990.93785230648,85,2
8,2556,152.744643906329,51,43
63,5522,2580.03510047671,81,18
89,1459,1191.05771114107,90,1
52,6536,2127.5550490143,55,3
75,5889,3768.31612011715,80,5
95,3686,3267.47079697121,96,1
8,4065,242.921352691404,87,79
4,6340,332.126096198027,86,82
53,3588,1209.7625416015,92,39
18,8907,775.725516400524,46,28
64,1676,806.685192538565,91,27
18,4156,361.952985984122,87,69
63,8731,4079.37096382871,82,19
5,4966,268.269828965017,68,63
97,4213,3881.02337343372,98,1
94,5648,4927.52548934392,95,1
77,6084,4063.80522164546,88,11
36,2689,478.148984293119,91,55
86,1896,1484.39274587371,86,0
19,8745,791.982873491767,91,72
67,8863,4646.64718016491,77,10
93,7932,6822.7430778392,94,1
6,1304,72.7593184257782,56,50
46,1098,287.186367833771,78,32
6,5591,311.961157452857,88,82
62,5078,2301.81001614532,89,27
69,9939,5499.02726755629,86,17
79,8494,5905.63556020419,93,14
71,4038,2351.52645586567,73,2
53,6362,2145.06947872596,67,14
30,6696,938.161296643552,66,36
49,3220,941.007135156194,74,25
29,2530,340.617841348925,82,53
44,1882,456.49720292321,75,31
55,9996,3611.40750215482,62,7
15,4749,368.294122545328,80,65
36,5441,967.500417827765,73,37
73,7886,4820.6344951048,83,10
37,3758,695.091979562627,60,23
52,3127,1017.88014661379,74,22
79,3037,2111.53934498942,90,11
66,6715,3423.7190105062,67,1
53,3989,1344.9673295564,71,18
98,5383,5047.32481165302,98,0
87,2959,2350.31932120382,90,3
59,6333,2612.69936945867,86,27
58,4937,1971.77131060967,84,26
95,2416,2141.67375080913,97,2
28,9145,1183.05340137283,64,36
90,2318,1917.29713887271,95,5
64,2621,1261.52857377302,64,0
17,1527,127.917458663759,73,56
87,7262,5768.17131145053,87,0
56,7623,2849.00625921747,68,12
40,3489,725.669049652366,74,34
64,4087,1967.13745937059,75,11
68,5161,2780.51141685475,77,9
63,6425,3001.94232534641,87,24
85,7978,6152.96131881918,87,2
24,8367,922.983891467792,91,67
85,1325,1021.89442810672,92,7
64,7067,3401.45838643797,86,22
95,5970,5292.13257132885,99,4
11,6333,422.097765524888,76,65
68,7517,4049.81676428931,88,20
38,5100,981.087180443744,83,45
55,1240,447.993727758301,64,9
60,5063,2156.51480354862,79,19
87,1518,1205.7400235172,95,8
78,4747,3236.10217282817,91,13
51,8333,2617.70091257136,57,6
66,6711,3421.67956507924,70,4
77,6751,4509.32758897575,96,19
5,5555,300.088380970735,84,79
10,1134,72.8394003937497,36,26
64,1744,839.414663357552,91,27
50,1442,436.990539492277,68,18
40,7188,1495.01551415913,63,23
82,1728,1269.20872742765,91,9
13,1601,115.036970816267,85,72
33,6834,1078.99084639571,90,57
50,3563,1079.74846893965,90,40
99,3004,2860.95238095238,99,0
26,2441,291.573553776606,85,59
90,8221,6799.87048260248,96,6
38,7957,1530.68837152762,62,24
50,1923,582.755067575346,68,18
93,8166,7024.01915956063,93,0
51,4768,1497.80366628348,88,37
71,6195,3607.65388659926,76,5
45,3591,904.616778248699,66,21
37,1981,366.412243617234,82,45
96,8923,8062.83393075623,96,0
2,9893,490.503770881622,77,75
75,5265,3369.0243458001,78,3
69,3112,1721.80026729401,81,12
3,8213,418.058326839355,74,71
24,2424,267.397269381849,62,38
10,5520,354.562160646824,90,80
38,3483,670.024833232463,69,31
1,8514,412.356681843982,25,24
58,2267,905.409269020079,81,23
48,4221,1189.13740493365,80,32
68,2791,1503.66350793288,79,11
80,3236,2293.02827344849,86,6
23,5753,609.963780492042,58,35
19,1410,127.695351815139,81,62
85,3817,2943.82719402517,94,9
90,7032,5816.40788634723,95,5
89,7739,6317.74888726577,92,3
66,9303,4743.2402017482,82,16
29,9842,1325.04379231467,42,13
58,8964,3580.10087670754,66,8
32,8071,1224.61913138195,69,37
81,2281,1646.15328558433,96,15
93,9584,8243.71780862467,94,1
58,1415,565.131943389242,78,20
39,2804,560.925235839847,72,33
82,9830,7220.09362882742,90,8
94,5573,4862.09269690398,97,3
52,4771,1553.02404205129,76,24
55,9933,3588.64653050258,70,15
85,3638,2805.77504109604,92,7
53,4438,1496.35623178023,76,23
29,2273,306.017530982651,89,60
25,9466,1086.54036515814,83,58
46,4162,1088.58803545005,75,29
9,5902,365.51757641506,64,55
67,7857,4119.22677361567,89,22
58,3038,1213.33628552404,70,12
5,1066,57.5867172123858,73,68
59,7271,2999.67426422453,60,1
14,4890,364.993641548586,79,65
90,4929,4076.94460634322,94,4
5,6820,368.425339013575,43,38
40,8724,1814.48460566559,67,27
50,1395,422.747435916592,67,17
90,7977,6598.04973114219,91,1
36,6175,1098.01784232429,66,30
48,2722,766.840089132765,85,37
83,3364,2513.0242381618,91,8
62,5984,2712.49136207436,64,2
74,4789,2996.21467913997,88,14
75,5152,3296.71670077153,86,11
97,5532,5096.08860712921,98,1
86,1894,1482.82693074094,87,1
60,7378,3142.55702559386,74,14
89,7557,6169.17280540993,90,1
45,5802,1461.59469434669,92,47
3,5603,285.204043014843,19,16
63,8127,3797.16502382727,79,16
58,9208,3677.5511906206,87,29
0,2910,188.079623896341,0,0
85,1134,874.58738224379,95,10
5,5151,278.26377144559,54,49
10,6132,393.872313240276,46,36
91,7710,6460.12669749914,96,5
26,5046,602.736645783186,83,57
72,5458,3257.59890723771,92,20
54,4538,1584.18681257265,74,20
7,3494,201.640740867926,86,79
90,7924,6554.21161709549,94,4
69,5885,3256.03938721891,70,1
80,4431,3139.80478357548,80,0
54,6375,2225.47177834963,85,31
1,7585,367.362629996078,81,80
44,2244,544.303784994519,79,35
3,2120,107.912291842132,57,54
70,1650,936.896661631279,84,14
81,1086,783.745053987103,86,5
5,5566,300.682615388499,65,60
94,7200,6281.54807423446,96,2
77,8334,5566.69176811197,80,3
33,4098,647.015582167053,88,55
8,4295,256.665980272959,82,74
17,6293,527.167365665378,73,56
85,3454,2663.86668277782,89,4
93,6507,5597.02334940742,98,5
69,5473,3028.08896622755,70,1
17,7466,625.430089314749,57,40
73,5536,3384.10253168909,78,5
23,1985,210.460299717835,81,58
73,9107,5567.01982588377,75,2
54,7941,2772.15237519599,92,38
75,9247,5917.06896972716,84,9
62,2800,1269.21387262838,65,3
98,8398,7874.31427981832,98,0
58,2090,834.71785277987,81,23
43,5761,1345.13979857699,92,49
45,4184,1054.00072408592,77,32
89,5861,4784.63964701702,93,4
72,3014,1798.90126537458,79,7
84,5558,4220.10321332304,85,1
54,4611,1609.67064626983,85,31
48,1475,415.536051238365,63,15
5,4961,267.999722411488,83,78
66,2915,1486.24585489584,82,16
20,7755,730.415721224439,62,42
91,1251,1048.19954585881,92,1
70,1083,614.944899725258,82,12
17,5906,494.748206200496,89,72
74,6013,3762.00435699909,90,16
34,2360,387.710417451455,88,54
22,3791,386.352548991138,75,53
77,3412,2279.04395401945,81,4
94,5141,4485.19981244991,96,2
2,4612,228.66707685293,73,71
17,6340,531.104576246384,59,42
29,2675,360.139417236512,57,28
89,1813,1480.04635387167,96,7
56,8486,3171.54232135898,85,29
14,6672,498.003594358317,79,65
7,7890,455.336418273594,68,61
67,4593,2407.99396349966,92,25
20,1462,137.70055247326,74,54
5,7340,396.516420580593,49,44
88,2760,2222.98521411389,90,2
81,6085,4391.42601612479,86,5
26,6427,767.694891488017,82,56
80,7075,5013.34209970582,93,13
92,9076,7703.68939434766,94,2
98,2210,2072.18796837324,99,1
53,4774,1609.64503166264,80,27
24,2905,320.457536119749,79,55
54,7452,2601.44559878611,55,1
51,7848,2465.34462520821,74,23
97,7118,6557.11473346813,98,1
38,1884,362.425146658042,76,38
74,1110,694.466129431064,90,16
91,1555,1302.91790072778,92,1
68,8998,4847.71201876749,71,3
72,5829,3479.0296867513,80,8
38,4802,923.760909900168,75,37
82,4665,3426.42286657985,92,10
11,1115,74.3153337376047,64,53
0,7059,456.238510338236,50,50
30,2189,306.69580023189,72,42
53,1768,596.114875571753,79,26
39,4516,903.401699376873,56,17
95,4957,4394.15429750035,98,3
38,7353,1414.49687015742,73,35
33,7165,1131.25101176841,60,27
13,3822,274.622924709413,72,59
18,2857,248.820904946255,63,45
98,9786,9175.76084095048,98,0
83,8489,6341.57632513542,91,8
32,6108,926.771608782175,83,51
20,4088,385.034102948486,83,63
83,6989,5221.02449480168,85,2
36,2360,419.647304920699,92,56
62,3069,1391.14906253446,77,15
65,5925,2936.04110960846,85,20
63,8422,3934.99739518559,80,17
49,7108,2077.22941512119,74,25
80,1056,748.281167108035,89,9
85,4489,3462.10119831779,85,0
8,5375,321.205970655915,83,75
41,8124,1756.47455864998,89,48
76,4641,3035.21619164729,80,4
24,4717,520.343613726972,86,62
53,3676,1239.43341776118,58,5
30,8171,1144.82018441972,55,25
45,3095,779.668317649602,64,19
29,9505,1279.67295732076,85,56
42,1478,332.11861742221,70,28
77,3640,2431.33645739472,83,6
93,6757,5812.0618982551,95,2
69,6300,3485.64964137284,83,14
36,5375,955.764518622356,58,22
93,3232,2780.01835950281,99,6
30,9422,1320.09494279802,78,48
85,6975,5379.40651776934,95,10
15,3908,303.072948180068,64,49
87,2897,2301.07302248309,90,3
4,3731,195.451492888776,72,68
11,1902,126.769295756883,77,66
43,4970,1160.4486719194,84,41
27,8744,1086.95503149751,66,39
34,5592,918.676548469719,70,36
93,6510,5599.6038119936,94,1
6,4677,260.962678126814,71,65
77,3740,2498.13141501545,89,12
86,2523,1975.27578999967,88,2
36,6448,1146.56178903757,82,46
32,8688,1318.23702310078,68,36
1,2399,116.190237226182,84,83
43,2731,637.663042859532,84,41
83,1682,1256.5121190809,87,4
34,6207,1019.71125471237,85,51
12,2614,180.867478197549,68,56
53,3945,1330.13189147656,87,34
42,8530,1916.76035630003,83,41
60,3685,1569.57476813681,76,16
69,6855,3792.71877644616,90,21
60,6324,2693.62030765188,90,30
45,4667,1175.67432583867,92,47
41,3287,710.676006189373,72,31
91,9042,7576.19527870132,93,2
78,2934,2000.15246999744,79,1
72,9125,5446.24221849471,79,7
77,7271,4856.66136860357,81,4
11,5854,390.172164753308,62,51
45,6196,1560.8481086129,76,31
77,7634,5099.12706476684,79,2
1,6735,326.194767702516,77,76
69,3028,1675.32493874237,89,20
1,3532,171.064576024541,85,84
73,9302,5686.22141433741,80,7
25,1310,150.366350977938,81,56
2,7322,363.031295905715,66,64
32,8921,1353.59029501404,80,48
74,6865,4295.05403472455,77,3
31,3308,482.326910556993,69,38
85,5262,4058.27055146986,88,3
51,8240,2588.48620179863,86,35
21,4533,444.083010309924,87,66
18,1880,163.73234207174,54,36
43,9440,2204.15200461149,56,13
72,3221,1922.44889707084,72,0
3,6515,331.626689316741,88,85
22,4858,495.093823001569,86,64
80,4183,2964.0720852395,89,9
72,4479,2673.28426264524,91,19
41,9414,2035.38300038538,77,36
98,5799,5437.3837233468,99,1
83,1750,1307.3104687227,84,1
68,8152,4391.92580317766,93,25
49,1986,580.38514609323,89,40
42,5608,1260.16319790511,56,14
52,7368,2398.38212991698,84,32
7,9665,557.772684741988,71,64
85,9407,7255.06481901881,85,0
83,9824,7338.86745413245,92,9
15,7789,604.051994210478,82,67
75,8874,5678.38975206649,94,19
15,4813,373.257446159331,70,55
67,6729,3527.84484659029,67,0
92,9557,8111.96116590796,92,0
84,1036,786.618734977092,93,9
18,5983,521.06946947618,82,64
74,5323,3330.30919546086,89,15
58,5490,2192.63206304377,84,26
99,7263,6917.14285714286,99,0
59,6664,2749.25447624705,93,34
85,3763,2902.18017582309,89,4
89,3967,3238.46877319852,95,6
35,8847,1512.1562541322,88,53
6,7648,426.735634448123,90,84
70,3293,1869.81861015261,90,20
61,2003,880.360078627805,74,13
5,6285,339.523937785971,62,57
51,8979,2820.63320460557,84,33
3,4521,230.128052555792,44,41
56,1123,419.707992798271,73,17
98,7980,7482.38008489524,98,0
25,7204,826.90014690463,59,34
86,9124,7143.24863573405,88,2
25,5125,588.265304398421,30,5
64,3146,1514.21934112549,75,11
50,6613,2004.0349775745,77,27
84,3284,2493.49027573819,92,8
75,3815,2441.18288304414,83,8
86,1528,1196.28276144253,86,0
23,2491,264.109121711399,85,62
82,3664,2691.19257945307,88,6
54,5556,1939.56410988401,85,31
8,5633,336.623857247399,72,64
62,6592,2988.09208870224,88,26
63,1112,519.557955764234,81,18
92,9531,8089.89242149929,97,5
17,1171,98.095182773583,69,52
12,5536,383.04604410927,61,49
34,2232,366.68205582697,92,58
55,7551,2728.06503088946,73,18
51,7459,2343.14545864271,78,27
77,8221,5491.21346600054,91,14
85,5883,4537.21126079384,97,12
65,9296,4606.48745230721,92,27
70,1577,895.446082056077,95,25
85,9654,7445.56136523946,86,1
40,8546,1777.46279688424,61,21
7,5856,337.953113486713,89,82
64,8966,4315.47699063292,70,6
41,8168,1765.98771480219,78,37
14,6288,469.341516985176,67,53
22,5516,562.152640526277,85,63
36,1502,267.080615250377,88,52
33,3154,497.971485152485,82,49
77,5539,3699.77270261246,84,7
0,4794,309.84663813026,74,74
17,8007,670.749896215268,84,67
63,3375,1576.89577401465,65,2
56,9711,3629.37161003029,80,24
58,8531,3407.16650816511,80,22
96,6628,5989.06906792024,96,0
35,7878,1346.53181531066,79,44
87,4287,3405.1432679962,92,5
86,5233,4096.95529491411,86,0
73,1097,670.585346326397,80,7
81,6161,4446.27373629331,89,8
97,8245,7595.30921290317,98,1
83,4291,3205.52526930805,88,5
66,2325,1185.42765441949,83,17
13,1382,99.3011203423363,87,74
97,8835,8138.81830151601,99,2
63,4856,2268.86100107115,90,27
28,1195,154.592543973814,69,41
26,7083,846.053044407908,83,57
46,9991,2613.18670403207,72,26
45,9170,2310.03504776958,79,34
35,9686,1655.56069600141,72,37
65,8673,4297.76954322939,83,18
96,5246,4740.29214398153,96,0
59,4854,2002.53319743445,63,4
40,2045,425.33482560593,62,22
50,2879,872.465855199906,72,22
97,4975,4582.97917940488,99,2
69,9826,5436.50688509992,71,2
93,6704,5766.4737258994,93,0
79,9517,6616.89823716309,82,3
38,6633,1275.99044468301,73,35
75,1801,1152.4430858093,90,15
8,9206,550.143658764345,56,48
49,2820,824.111838863499,90,41
98,9693,9088.56017078816,98,0
40,6382,1327.37743619415,63,23
8,7272,434.56926857857,87,79
76,4896,3201.98631206747,91,15
91,7924,6639.43501309769,97,6
92,6184,5248.96597781467,92,0
37,8231,1522.4326992496,52,15
7,9420,543.633594440717,82,75
79,5927,4120.87378918416,88,9
68,6605,3558.47275883077,83,15
2,8550,423.916632066902,3,1
96,1282,1158.4167991964,96,0
91,3783,3169.73531733323,97,6
75,2816,1801.93210973848,90,15
16,8952,721.467399751094,83,67
19,8814,798.231794963572,75,56
6,3194,178.215692524491,85,79
55,9912,3581.05953995184,76,21
80,3620,2565.13051603323,85,5
65,4980,2467.76113516458,78,13
8,8109,484.587761125361,73,65
65,7097,3516.80738479177,71,6
24,7084,781.453076031772,71,47
95,9009,7986.06739281434,97,2
27,8095,1006.27870310754,57,30
34,3980,653.850619261353,63,29
18,9056,788.702175426423,72,54
61,7420,3261.24402567065,83,22
75,8138,5207.43022338485,78,3
11,5199,346.516071840186,79,68
78,9697,6610.59253632078,89,11
64,4981,2397.43373749081,85,21
33,8899,1405.02480861508,87,54
41,6303,1362.75961880487,92,51
38,1522,292.787193850074,51,13
50,7808,2366.1734621052,81,31
37,1838,339.962495592365,80,43
60,2634,1121.91585868992,86,26
31,2484,362.182601518613,84,53
17,5294,443.48069820952,58,41
21,2031,198.970349424102,63,42
26,1629,194.581449857473,44,18
13,1780,127.898693349753,81,68
53,5203,1754.29055294108,85,32
0,7746,500.640813299331,75,75
8,1465,87.5473017694727,83,75
70,3955,2245.71290712225,78,8
23,2858,303.020421457719,84,61
39,7195,1439.3213523066,71,32
17,3245,271.835070965224,77,60
15,4001,310.285277806666,86,71
78,4882,3328.13372819615,81,3
49,5772,1686.79912550359,71,22
81,9525,6874.00703427915,92,11
48,4896,1379.2979707546,79,31
71,5804,3379.95531199711,89,18
58,7700,3075.27629971531,78,20
11,4371,291.329438356117,78,67
42,5668,1273.64568575716,91,49
32,2728,413.92156986866,63,31
82,3471,2549.43489172533,90,8
78,7820,5331.01305909338,89,11
70,4457,2530.75661872158,79,9
49,3482,1017.57355422791,76,27
62,9068,4110.43978464076,94,32
78,3334,2272.83855997664,81,3
16,3030,244.196405411731,62,46
28,9906,1281.50103816285,72,44
20,2333,219.736928125934,55,35
47,9709,2635.91500329004,63,16
84,2805,2129.79300348527,84,0
62,2592,1174.92941351884,76,14
46,8083,2114.14154025535,59,13
32,1689,256.273288676014,82,50
76,9070,5931.78428318055,96,20
77,6907,4613.5277228641,78,1
35,1656,283.048576561876,75,40
52,1201,390.941495389562,93,41
86,5462,4276.24112761721,88,2
83,5021,3750.86049340381,84,1
74,9531,5963.02403568241,83,9
2,1586,78.6352957260944,72,70
31,7093,1034.20337865198,65,34
88,7363,5930.37685924658,95,7
48,4380,1233.93078266036,74,26
3,1858,94.5759614352272,46,43
13,1089,78.2481331785848,82,69
27,1399,173.907832692705,78,51
20,3439,323.907113512682,81,61
53,3785,1276.18484391351,60,7
49,5296,1547.69372291528,75,26
55,4809,1737.4208361207,75,20
20,6796,640.090940224538,74,54
53,6809,2295.78404285524,82,29
33,7489,1182.40597726917,66,33
24,3539,390.395600801305,81,57
33,4769,752.956884176348,79,46
85,6737,5195.85114124904,87,2
64,2906,1398.70356176436,90,26
15,5453,422.890682299363,90,75
71,6106,3555.82479928573,73,2
87,6490,5154.97546286339,91,4
66,7929,4042.69069758803,80,14
83,8772,6552.98710379172,84,1
95,5383,4771.78385786653,96,1
52,9566,3113.860403744,90,38
18,8640,752.472040159484,65,47
60,1129,480.881930319256,75,15
2,9142,453.268520509429,81,79
69,1679,928.953293311904,87,18
97,4220,3887.47178634947,98,1
30,2751,385.436339167624,69,39
43,8571,2001.24860503444,69,26
78,5279,3598.77467250051,84,6
9,6034,373.692486629697,77,68
50,1966,595.785992123312,68,18
30,5237,733.744132395801,78,48
68,1894,1020.40081835359,85,17
54,2999,1046.93174325813,85,31
59,3282,1353.99957848782,85,26
90,2558,2115.80935342381,96,6
69,3466,1917.66058047591,69,0
12,3865,267.426474075565,80,68
52,2767,900.695351992438,61,9
72,9433,5630.07154488335,90,18
21,3622,354.835354807532,81,60
49,9346,2731.25859787882,86,37
92,2545,2160.19055846351,97,5
2,3936,195.150393428693,86,84
92,4702,3991.04754652079,92,0
85,7847,6051.92873762524,87,2
46,1217,318.31130205255,77,31
80,9357,6630.36636423284,83,3
85,5194,4005.82615817834,90,5
48,2849,802.61844744278,65,17
99,4351,4143.80952380952,99,0
18,9047,787.91835038459,90,72
69,8703,4815.17600458219,81,12
69,6453,3570.30113266332,91,22
38,1355,260.661397941426,85,47
99,7033,6698.09523809524,99,0
9,2567,158.977231219495,83,74
28,3200,413.971665871302,90,62
32,1443,218.947516613078,74,42
62,8629,3911.44518103939,72,10
81,1204,868.903356354025,81,0
96,7246,6547.49463882771,98,2
36,4239,753.764798965612,91,55
85,5605,4322.80624116088,87,2
91,9266,7763.88248755214,97,6
82,7155,5255.3173870051,96,14
9,5335,330.402621174915,88,79
31,4466,651.170490491999,86,55
40,1020,212.147443578508,71,31
26,3922,468.476639865568,77,51
12,6836,472.99544030545,52,40
8,7877,470.723615043096,70,62
76,5036,3293.54637818051,90,14
59,6392,2637.0400078288,70,11
49,5100,1490.41502773186,80,31
21,5170,506.487792477897,76,55
71,1571,914.870743478198,73,2
49,6565,1918.54405040385,80,31
12,3347,231.585099283549,78,66
39,9170,1834.40956228652,79,40
14,4039,301.474298203423,75,61
89,2792,2279.25505792041,98,9
16,3088,248.870792049975,56,40
64,5314,2557.71188135438,70,6
20,5425,510.961352371706,77,57
73,6538,3996.61530928166,83,10
55,6581,2377.61832449789,92,37
62,7418,3362.51018112761,85,23
78,9328,6359.03961831497,80,2
13,7196,517.055616485855,58,45
56,9410,3516.87641338534,85,29
9,3783,234.28549501494,83,74
61,7443,3271.35300310871,77,16
1,7623,369.203075604496,87,86
48,2538,715.003727486759,57,9
99,9112,8678.09523809524,99,0
22,3097,315.624859990914,85,63
6,3636,202.877976837523,42,36
29,9897,1332.44852799617,81,52
73,4402,2690.89944806636,78,5
14,7322,546.520131578476,81,67
15,6196,480.511767380681,55,40
55,7672,2771.78054787233,91,36
21,2709,265.391765923138,31,10
82,3168,2326.88266695069,91,9
72,4030,2405.29930307218,76,4
58,3463,1383.07556180703,77,19
5,6397,345.574324585021,86,81
61,3501,1538.76217437641,73,12
66,5959,3038.26382481108,83,17
40,8908,1852.75434058563,88,48
79,9853,6850.50943897951,83,4
66,2308,1176.76001135492,70,4
24,7084,781.453076031772,87,63
53,4767,1607.28484833176,86,33
11,1794,119.571039215482,60,49
82,6743,4952.7051209749,93,11
50,9943,3013.17401814959,91,41
4,6046,316.724665238686,84,80
15,7858,609.403077481825,88,73
42,4319,970.514417216863,71,29
50,6858,2078.28094302222,92,42
30,4844,678.681798228997,75,45
79,1536,1067.93692258932,82,3
25,9742,1118.22060399013,71,46
32,8358,1268.16586545537,66,34
26,1263,150.863334051558,81,55
91,9438,7907.99945149116,91,0
24,3074,339.100332541173,82,58
57,5959,2302.81341183594,70,13
86,3734,2923.37685289686,87,1
91,4978,4171.01306097934,93,2
43,9623,2246.88079876868,61,18
49,8612,2516.75572918172,85,36
12,5732,396.607645381925,58,46
38,1117,214.877329520718,49,11
20,7511,707.434233670763,87,67
96,5796,5237.27283006423,99,3
66,9659,4924.75084474748,74,8
34,2802,460.323978686008,87,53
23,5163,547.408829946187,78,55
9,6273,388.49402860923,75,66
49,6452,1885.52112920117,85,36
80,9471,6711.14671750019,88,8
97,4196,3865.36294206691,98,1
48,6903,1944.70871979555,63,15
0,4872,314.88794763676,64,64
90,1821,1506.21142790647,90,0
18,3462,301.511366091682,76,58
38,5341,1027.4483589706,61,23
11,2019,134.567407010066,77,66
16,5315,428.351120383944,84,68
59,5986,2469.54341158686,86,27
83,1624,1213.18411497466,87,4
34,3805,625.100906102876,70,36
7,5850,337.606850050764,67,60
53,4824,1626.50348402609,61,8
8,1754,104.817725121949,69,61
0,7886,509.689317541767,32,32
68,1198,645.427761556285,73,5
58,5482,2189.43697078433,79,21
69,9629,5327.51117409191,89,20
1,4751,230.104133831426,67,66
25,9460,1085.85166431396,78,53
65,8616,4269.52408445341,79,14
69,4264,2359.17620171647,74,5
8,3847,229.893836114103,58,50
45,9484,2389.13548451982,88,43
68,9946,5358.45118233623,80,12
87,7487,5946.88771809834,94,7
60,4018,1711.41151109191,75,15
29,2511,338.059841749862,73,44
32,7053,1070.15719658492,50,18
36,1664,295.886913300019,86,50
87,1493,1185.88264500078,88,1
25,4743,544.418017319359,50,25
25,3648,418.730113257647,68,43
99,1911,1820,99,0
4,6997,366.54357966839,80,76
15,4765,369.534953448829,36,21
44,1330,322.604293245414,70,26
9,5519,341.797950565015,79,70
30,3834,537.173000497518,80,50
28,3548,458.991084534806,77,49
26,7859,938.745005788754,68,42
56,6218,2323.90409547609,92,36
1,9338,452.265291879153,86,85
50,6901,2091.31186757018,87,37
56,1399,522.859734572379,61,5
68,4961,2672.76053846472,72,4
46,3860,1009.59870659231,86,40
41,3909,845.157440886602,88,47
4,7391,387.18359258669,72,68
4,1782,93.3515305086567,80,76
10,6120,393.101525934522,73,63
89,7177,5858.9590081285,90,1
36,9376,1667.20895378664,84,48
73,7568,4626.24421239578,76,3
6,3013,168.116431301281,86,80
33,5093,804.111849677111,71,38
56,9387,3508.28043490416,86,30
65,6133,3039.11225742256,76,11
61,8404,3693.73245171646,86,25
49,3835,1120.73365320621,81,32
2,8331,413.058416578873,81,79
24,6459,712.507822993961,83,59
20,6124,576.797663027526,82,62
44,6711,1627.81760298494,57,13
86,3611,2827.079222231,90,4
14,8717,650.644084535588,81,67
80,3936,2789.04798649358,92,12
3,4541,231.146093044869,50,47
98,3495,3277.0574431966,98,0
29,5332,717.855466431806,77,48
17,9594,803.693581152652,80,63
91,5694,4770.94181784178,93,2
43,6717,1568.3568871796,91,48
37,3398,628.505201318203,84,47
63,5897,2755.24574203389,90,27
18,7452,649.007134637555,18,0
81,1135,819.107399885232,83,2
9,7173,444.232052799937,90,81
97,8406,7743.62270996531,98,1
21,8936,875.430350789649,64,43
36,2419,430.138487543717,87,51
76,5312,3474.05050851765,87,11
47,6640,1802.70631597959,80,33
81,5075,3662.52868230621,86,5
48,5392,1519.0307717134,66,18
29,2000,269.26311569085,91,62
73,3787,2314.95597678948,87,14
38,6436,1238.09354771293,67,29
90,5099,4217.55742498358,90,0
63,5566,2600.59314908608,74,11
94,5101,4450.30232314861,96,2
72,8821,5264.80028595527,87,15
67,2821,1478.97909232147,79,12
20,3719,350.27931234477,88,68
22,4355,443.831535440888,74,52
81,6901,4980.31732740791,91,10
81,3818,2755.37625793992,90,9
31,5991,873.524945933176,65,34
58,8674,3464.27878230268,81,23
9,4527,280.362261679258,67,58
45,3825,963.56423748295,76,31
15,6110,473.842301274364,85,70
18,4552,396.441287824765,82,64
13,6136,440.891226064092,87,74
32,6405,971.835650663037,81,49
94,3273,2855.48706207908,95,1
66,1160,591.439173817898,84,18
18,8965,780.77683333678,80,62
76,7274,4757.19943504468,83,7
91,4105,3439.53568005629,93,2
0,6221,402.076749229943,83,83
25,2721,312.325832832801,77,52
53,9665,3258.73884185576,71,18
92,6011,5102.12394771086,92,0
1,5015,242.890387532015,89,88
64,6553,3154.06209230621,86,22
31,3303,481.597879555547,72,41
19,6212,562.584060621024,87,68
41,9173,1983.27684964257,91,50
14,4124,307.81876845529,62,48
43,4123,962.682067268345,80,37
94,7918,6907.95800719284,98,4
85,9957,7679.24741181782,85,0
79,5764,4007.54454544584,87,8
7,6301,363.634318319634,84,77
48,4213,1186.88365007948,89,41
67,4955,2597.7814258961,78,11
45,1625,409.35735579341,50,5
90,3194,2641.86672198422,97,7
63,1543,720.933386460623,77,14
79,9935,6907.52169656566,90,11
95,9619,8526.80455671896,97,2
31,8253,1203.33857098756,84,53
7,8545,493.136843364748,87,80
17,1195,100.105673283033,54,37
88,3327,2679.66369831772,92,4
79,2116,1471.19435429622,81,2
25,3261,374.308908808439,56,31
25,4751,545.33628511159,69,44
47,7161,1944.15360372438,92,45
78,1213,826.920567861928,86,8
4,2419,126.721297587228,48,44
91,1209,1013.00819419928,94,3
73,3212,1963.46411340053,78,5
75,6308,4036.43030832042,91,16
91,6406,5367.5190174033,94,3
79,5575,3876.13824442411,82,3
78,2202,1501.1369253355,93,15
91,1839,1540.87846909221,93,2
3,9169,466.720662217222,65,62
35,3066,524.050081967821,80,45
15,6172,478.65052102543,65,50
39,8204,1641.1664175571,62,23
10,6164,395.92774605562,73,63
99,1582,1506.66666666667,99,0
89,4799,3917.67371882523,97,8
1,3994,193.440520000571,22,21
58,3903,1558.80563607648,79,21
89,8580,7004.30100177547,91,2
39,5731,1146.45596526325,70,31
18,9407,819.271352057902,66,48
70,7488,4251.80739533031,89,19
78,5911,4029.61869466765,83,5
90,5510,4557.50959240234,91,1
15,2380,184.573596895742,83,68
12,1412,97.6988826376968,79,67
75,8246,5276.53841509357,92,17
50,7129,2160.4060721501,86,36
64,7106,3420.22970058415,69,5
97,3477,3203.01881543533,99,2
85,4622,3564.67626166737,89,4
77,6427,4292.91192628458,89,12
21,5662,554.687404450648,84,63
4,2315,121.27317234991,27,23
82,1051,771.955076693552,86,4
33,5397,852.109101258073,65,32
97,6407,5902.1402215974,98,1
4,8928,467.700597295896,64,60
33,3714,586.38747490689,71,38
29,4557,613.516009101602,83,54
91,1868,1565.17725952379,94,3
14,1641,122.48559627428,80,66
64,8831,4250.49936474228,85,21
35,3471,593.273918626975,57,22
43,8154,1903.88299211887,83,40
26,3887,464.295945731122,85,59
72,4035,2408.28354538369,72,0
17,7518,629.786152085224,63,46
98,7083,6641.31555655551,98,0
4,6421,336.369347584784,78,74
71,7136,4155.64457381313,81,10
66,7380,3762.77681273801,76,10
88,1455,1171.89981396221,89,1
13,7681,551.904417763737,73,60
4,4523,236.941062003734,88,84
8,4608,275.370625633945,88,80
37,8625,1595.30822877266,79,42
20,1914,180.272816302202,49,29
23,1960,207.809666220129,82,59
39,1787,357.479813283098,71,32
78,2649,1805.86363088726,89,11
7,2286,131.92636909676,62,55
93,5743,4939.86554412891,98,5
93,8413,7236.47724582214,96,3
7,2323,134.061660285115,69,62
9,8196,507.587606963374,71,62
90,1849,1529.37118627077,95,5
86,2546,1993.28266402662,88,2
78,7358,5016.06062516741,94,16
49,4717,1378.4877815316,83,34
22,2045,208.412282428614,65,43
43,1299,303.304391312535,83,40
93,9418,8100.93221218981,94,1
78,3099,2112.63548211386,86,8
61,6351,2791.39633517982,66,5
57,3729,1441.04568094248,89,32
42,5292,1189.15542855097,63,21
77,1121,748.771474928428,88,11
31,7357,1072.69621552835,83,52
3,9688,493.138812908763,69,66
6,2491,138.990385121636,46,40
37,5001,925.001327778792,88,51
43,8260,1928.63300403505,84,41
32,3073,466.268689225217,84,52
21,3083,302.031308357709,80,59
25,2889,331.609456469666,78,53
94,1119,976.257263203938,97,3
38,7266,1397.76067707926,46,8
93,5096,4383.34577971112,95,2
16,2126,171.340448153578,24,8
87,2489,1977.00060509507,89,2
45,1496,376.860679548887,78,33
13,4809,345.542031639866,91,78
84,1873,1422.13985580318,89,5
45,3332,839.371513540703,64,19
11,3918,261.136751196354,90,79
63,2111,986.31910487257,67,4
68,2876,1549.45763124864,81,13
57,4099,1584.02956454364,77,20
47,7205,1956.09924798689,90,43
28,3079,398.318362255543,78,50
55,3754,1356.26488226182,82,27
57,3504,1354.09602199583,67,10
59,1429,589.538512388511,80,21
92,5791,4915.38841809909,95,3
76,1743,1139.92282310735,78,2
32,3771,572.17677418428,86,54
61,1640,720.814043409685,75,14
70,3745,2126.47151382372,72,2
31,4395,640.818250271459,87,56
82,3531,2593.50463920545,94,12
34,5253,862.984246979871,62,28
73,1320,806.90306030159,86,13
48,4351,1225.76092131398,79,31
39,3023,604.73501709838,64,25
43,8304,1938.90659388706,76,33
52,2826,919.900637777603,90,38
19,7624,690.460540594766,58,39
95,4901,4344.51285294517,96,1
67,1755,920.102200292161,90,23
82,8814,6473.8459048306,95,13
21,1566,153.415838108392,84,63
57,1644,635.312174703523,88,31
9,4597,284.697441338535,74,65
77,6476,4325.64145551874,77,0
41,2613,564.951750584981,86,45
97,6470,5960.17593783911,99,2
97,5882,5418.50925291649,99,2
47,4301,1167.68672666088,73,26
69,3436,1901.06224885033,70,1
63,1864,870.913695633572,83,20
41,4609,996.503106944576,69,28
6,9622,536.878958506778,83,77
43,2789,651.205502209899,81,38
37,6327,1170.26262764575,73,36
94,8067,7037.95115484019,94,0
13,6093,437.801538528115,81,68
6,2076,115.834620438586,85,79
59,6509,2685.30873137636,79,20
31,5438,792.894117173195,83,52
35,4297,734.456360800954,69,34
61,1874,823.661900823018,69,8
49,9584,2800.81129917297,80,31
22,5615,572.242037083946,66,44
0,1837,118.729302095387,86,86
26,9446,1128.30962268489,67,41
21,9716,951.844369770841,71,50
9,7581,469.499957099724,71,62
53,1776,598.812227949905,87,34
23,1575,166.989910355461,88,65
66,8197,4179.33354119424,75,9
43,6041,1410.51718854428,70,27
20,5257,495.138033072454,31,11
18,3959,344.795926735116,85,67
12,1157,80.0549626146,77,65
19,2215,200.59943565286,70,51
8,4090,244.415333950268,66,58
70,7466,4239.3154398419,93,23
13,2302,165.406062972546,85,72
9,3641,225.491273420406,74,65
71,1098,639.419526632121,89,18
1,5982,289.724884988337,81,80
83,7423,5545.23749104491,89,6
99,4835,4604.7619047619,99,0
4,6394,334.954930455865,88,84
5,3710,200.419062718529,76,71
54,6279,2191.95879156978,88,34
62,3658,1658.13726645522,84,22
2,3400,168.575034973973,70,68
97,5004,4609.69403291297,97,0
42,1888,424.248951077897,68,26
20,6752,635.946737550924,28,8
13,9812,705.023583790885,91,78
51,6413,2014.55849661828,71,20
36,6672,1186.39271967411,71,35
94,6400,5583.59828820841,98,4
69,2539,1404.77213324534,80,11
30,3756,526.244598296473,84,54
6,5210,290.702491563117,87,81
69,1182,653.974266048047,79,10
25,4561,523.527425046088,64,39
9,1243,76.9804045211657,85,76
42,5508,1237.69238481836,84,42
43,4236,989.066513933716,47,4
12,9914,685.967933760712,67,55
8,2422,144.736904358814,89,81
86,6192,4847.76365108124,97,11
22,3331,339.472524581767,72,50
18,3924,341.747718239099,70,52
38,4945,951.26982495967,63,25
41,8936,1932.03553127723,83,42
36,2027,360.43435892977,85,49
4,4294,224.944709317717,82,78
22,9051,922.415436802635,90,68
90,7489,6194.40822822162,95,5
77,7627,5094.45141773338,77,0
6,5560,310.231449729545,66,60
19,2212,200.327743414956,57,38
39,1975,395.088209979921,70,31
72,4720,2817.12474205973,80,8
75,5657,3619.86148607619,76,1
56,4403,1645.56927185288,59,3
32,9797,1486.50645894548,56,24
65,6853,3395.89699985599,81,16
42,2483,557.950288944077,90,48
19,3659,331.373966164251,57,38
92,9866,8374.23970522631,92,0
75,2667,1706.588400807,82,7
27,3771,468.76800363416,83,56
84,4496,3413.7430815222,88,4
43,2432,567.849330001605,68,25
52,7427,2417.58741570214,80,28
24,6330,698.277522766956,64,40
68,4941,2661.98545062571,77,9
13,1005,72.2124645036527,51,38
58,2111,843.104969960912,67,9
58,8390,3350.8530070924,77,19
35,2654,453.629783934311,79,44
38,1808,347.805023969076,42,4
93,1246,1071.75212745684,98,5
28,4637,599.870817076633,84,56
59,3562,1469.51447244778,81,22
71,4021,2341.62651783949,71,0
89,1393,1137.17847266588,95,6
42,2908,653.451244562778,81,39
10,3538,227.253790646461,85,75
88,5916,4764.9204806876,91,3
26,4640,554.240593823619,68,42
64,1596,768.179932751521,78,14
42,1480,332.568033683945,82,40
90,4129,3415.23722450622,92,2
85,9102,7019.83629028481,91,6
32,7096,1076.68162015689,69,37
35,4334,740.780513779692,74,39
79,7519,5227.74591207621,88,9
81,3105,2240.81804109572,90,9
74,5168,3233.33419540517,88,14
78,9578,6529.46842455197,85,7
80,4692,3324.74927658229,86,6
70,9772,5548.69950149143,72,2
43,2950,688.797501441091,55,12
48,9263,2609.56640177693,75,27
71,8294,4830.00505818471,74,3
5,3504,189.290672713133,88,83
48,4031,1135.61072714702,71,23
37,7691,1422.55253188296,65,28
22,1952,198.934364450198,45,23
25,5684,652.42926638061,82,57
44,3793,920.028634796885,83,39
97,6724,6194.16120649617,97,0
19,7458,675.426903430715,68,49
92,1768,1500.67461978919,96,4
39,6773,1354.90250440203,83,44
98,6624,6210.93805543184,99,1
88,6538,5265.89758328863,90,2
41,3002,649.056699294341,79,38
57,5614,2169.49060145108,63,6
92,5650,4795.70791957518,96,4
57,5389,2082.54094250443,74,17
29,6160,829.330396327818,79,50
47,1136,308.414815504942,53,6
14,6965,519.873356520635,55,41
27,8390,1042.94976146661,70,43
91,3816,3197.38566506572,93,2
53,2060,694.568237374327,79,26
63,4660,2177.28423908393,72,9
76,1151,752.754543543639,81,5
25,5285,606.630660243055,84,59
16,5353,431.413649560725,48,32
99,4871,4639.04761904762,99,0
90,8031,6642.71497941619,90,0
2,9378,464.969611172329,84,82
63,6670,3116.41327783043,66,3
14,2629,196.230732848923,84,70
87,2501,1986.53214678295,97,10
47,8183,2221.6183409128,76,29
92,6980,5924.60907586455,96,4
70,3886,2206.5335921813,80,10
66,6624,3377.3216270429,73,7
44,4032,978.000383733467,92,48
94,3003,2619.92900929529,95,1
97,1294,1192.03518756782,97,0
59,5032,2075.96766573757,70,11
36,1411,250.899299679283,77,41
29,6460,869.719863681446,85,56
97,6305,5808.17763339654,99,2
94,4016,3503.70792585077,95,1
66,2907,1482.16696404192,83,17
27,9146,1136.92711780377,78,51
71,5465,3182.53890076916,77,6
30,1598,223.892137400895,77,47
49,6132,1792.00489216701,77,28
9,1589,98.4085782655932,25,16
81,4104,2961.77688910043,82,1
54,3310,1155.49985668036,62,8
22,7111,724.704029510942,54,32
76,6831,4467.47722584414,83,7
63,9271,4331.67428767106,82,19
44,5803,1407.57346894973,84,40
41,5303,1146.55152443634,71,30
81,9306,6715.95899853037,89,8
14,5246,391.565775779935,83,69
38,6624,1274.25911436458,56,18
85,6139,4734.64897671484,90,5
26,4813,574.905167688163,73,47
66,3880,1978.26206414952,82,16
11,6271,417.965433065936,86,75
52,5360,1744.75138658456,70,18
50,4706,1426.12862611002,74,24
5,2751,148.612625751664,86,81
40,6454,1342.35254985852,84,44
51,5838,1833.92990850733,89,38
60,2893,1232.23332543278,81,21
45,2137,538.336411895703,74,29
14,3441,256.839083960876,75,61
66,2210,1126.79359839444,78,12
43,4830,1127.75997693575,76,33
83,8865,6622.46131727241,94,11
22,9951,1014.13722369053,87,65
7,1210,69.8297929164827,78,71
32,3218,488.269652433045,49,17
77,5208,3478.68139288783,93,16
79,4749,3301.84403995876,89,10
55,8774,3169.9169091543,79,24
95,6062,5373.68637309807,97,2
6,8182,456.531244907759,89,83
10,1775,114.012288976107,65,55
1,1041,50.418523114821,90,89
6,8378,467.467461480959,72,66
55,8416,3040.57678452731,90,35
72,5906,3524.98701834846,87,15
38,2878,553.640961826881,81,43
17,2986,250.138527550742,77,60
24,9714,1071.57470081488,60,36
48,4273,1203.78681148578,58,10
34,5656,929.190729281962,91,57
15,6723,521.381635264738,63,48
20,2367,222.939266555545,83,63
31,3272,477.077887346578,82,51
77,8702,5812.49721215628,77,0
65,8515,4219.47511363983,88,23
14,4262,318.119202511263,20,6
41,3514,759.755243611031,66,25
84,9506,7217.75839256007,88,4
48,4945,1393.10221923642,54,6
84,4978,3779.71820725479,85,1
52,2033,661.768576292239,77,25
93,7855,6756.51120479412,93,0
74,4986,3119.46677598494,82,8
28,9911,1282.14786889077,69,41
79,2193,1524.73025471248,82,3
93,1874,1611.92896216221,98,5
10,5702,366.252434784092,86,76
57,5971,2307.45072697977,80,23
76,6529,4269.96908322886,87,11
29,1306,175.828814546125,77,48
16,6663,536.990313286589,77,61
28,3005,388.745267482269,50,22
38,5330,1025.3322885814,77,39
83,6078,4540.47601651232,84,1
67,8454,4432.21880414241,80,13
99,6385,6080.95238095238,99,0
79,9036,6282.47267741996,81,2
95,3946,3497.94893240597,97,2
61,3815,1676.77169244387,62,1
98,4487,4207.19792492794,98,0
70,8791,4991.67184993974,72,2
4,9370,490.855129554497,81,77
68,8463,4559.47841907416,86,18
7,3229,186.34743911349,51,44
98,1208,1132.67107049542,98,0
77,5951,3974.96792800988,82,5
37,8588,1588.46458767532,79,42
70,6588,3740.77285262234,74,4
88,3468,2793.22924729963,93,5
94,5667,4944.10179676204,98,4
85,2622,2022.19410603458,92,7
56,8551,3195.83530402317,73,17
54,2615,912.879796138713,65,11
23,5057,536.170143915914,72,49
65,5790,2869.14397040219,87,22
18,2313,201.443035751029,27,9
99,9029,8599.04761904762,99,0
86,3492,2733.9132218307,88,2
66,6669,3400.26538809618,76,10
7,5556,320.639941689238,70,63
54,3859,1347.15224982765,70,16
15,3109,241.108954936497,64,49
76,7720,5048.88364566194,81,5
25,3679,422.288400952545,78,53
29,4924,662.925790830873,77,48
93,3061,2632.931992091,94,1
18,3543,308.565791468178,79,61
67,9991,5238.0291071903,78,11
21,1876,183.785512318865,63,42
48,9128,2571.53428861274,81,33
61,1825,802.125383672363,74,13
25,2618,300.503135007818,83,58
55,3349,1209.94435021173,75,20
3,4436,225.801380477216,81,78
74,1516,948.478065060805,75,1
24,6369,702.579706556516,53,29
23,2943,312.032575349918,81,58
59,2098,865.536598314272,73,14
53,1118,376.954994846844,85,32
27,2075,257.940495237571,87,60
11,6447,429.695925207478,73,62
15,5367,416.221216193046,82,67
51,9108,2861.15683567742,75,24
22,6787,691.684186231298,38,16
33,4533,715.695859922706,86,53
95,7011,6214.93156743494,98,3
37,8048,1488.58442030868,82,45
0,7206,465.739439792794,77,77
9,7814,483.929912251319,90,81
80,4387,3108.62640161264,82,2
41,5761,1245.57483165713,83,42
86,9638,7545.66312485805,89,3
97,4093,3770.47915202094,98,1
75,5373,3438.13253750882,86,11
41,2227,481.495426158727,80,39
11,3329,221.87959283631,66,55
1,4753,230.200999389764,74,73
48,9115,2567.87193697471,82,34
65,3581,1774.50855924184,80,15
37,1464,270.786231527325,67,30
3,1874,95.3903938264886,77,74
54,1278,446.141636506797,91,37
89,2178,1778.01486968146,90,1
20,7458,702.442353177546,88,68
87,9625,7645.09072882282,87,0
52,4574,1488.89791832794,74,22
35,2207,377.227179029022,85,50
98,9931,9311.71887507451,98,0
78,6740,4594.76061614954,95,17
82,2497,1834.0359909646,93,11
86,9527,7458.76038498886,86,0
95,2771,2456.36505111428,97,2
12,2995,207.229570467353,48,36
68,4984,2685.15188947957,95,27
0,6149,397.423232762405,83,83
93,4031,3467.28156162,94,1
46,4719,1234.27365191946,69,23
54,2919,1019.00425427491,90,36
80,9465,6706.8951199598,91,11
95,6627,5874.53309048514,98,3
13,3948,283.676427721812,66,53
34,7918,1300.80130736467,82,48
39,1206,241.253863916853,61,22
47,2084,565.789150979137,84,37
90,5770,4772.56449149937,90,0
70,9241,5247.18912129373,83,13
16,8786,708.088982820947,65,49
53,2408,811.903065823971,91,38
34,3715,610.315339335659,80,46
30,2106,295.066859428214,60,30
57,5878,2271.51153461515,83,26
7,7137,411.880357061932,32,25
29,8999,1211.54938905098,90,61
68,1775,956.289045711524,68,0
24,8540,942.067937508658,75,51
13,9256,665.073205418715,72,59
57,7059,2727.9006333529,82,25
25,1788,205.232851563781,79,54
43,3795,886.097124735234,65,22
0,1786,115.433061264215,82,82
39,8667,1733.78709665619,86,47
44,4217,1022.87391324505,67,23
92,9610,8156.94745258716,99,7
98,5921,5551.77600033392,98,0
90,5452,4509.53580721916,92,2
44,4354,1056.10458104551,56,12
53,6558,2211.1546119907,82,29
56,9900,3700.00812885386,66,10
91,8252,6914.2627117721,95,4
79,1879,1306.41502444357,83,4
18,9738,848.098695263086,54,36
17,2524,211.436585243829,79,62
49,5415,1582.47007356236,70,21
12,3764,260.438097909554,63,51
95,4068,3606.0963651869,98,3
13,2036,146.293112168594,91,78
96,3706,3348.74622294997,97,1
17,9232,773.368682635114,43,26
35,6466,1105.18846379776,79,44
12,3240,224.181572058171,75,63
32,6237,946.344879498105,51,19
10,5331,342.422260581199,50,40
5,1376,74.3333235311847,81,76
96,6420,5801.12000845623,96,0
3,2470,125.728000400975,77,74
52,4216,1372.36415034337,90,38
91,6001,5028.17384068642,91,0
69,5951,3292.5557167952,80,11
35,1624,277.579038850535,81,46
74,9504,5946.13161631787,93,19
21,5618,550.376870046581,68,47
28,5256,679.948461193613,69,41
25,4101,470.727026992766,67,42
24,5800,639.811948190892,37,13
36,8761,1557.85171119078,70,34
19,4070,368.595802757175,59,40
81,7379,5325.28062004681,92,11
18,3190,277.822431494069,83,65
54,7349,2565.48895672023,92,38
22,9602,978.569552997337,90,68
80,5533,3920.68153182647,84,4
8,7480,446.999192652325,76,68
23,3368,357.093344810915,78,55
29,1970,265.224168955487,41,12
30,7116,997.006539264563,79,49
86,3917,3066.64893754606,89,3
49,2669,779.983864513007,79,30
53,4225,1424.53922471191,71,18
29,5372,723.240728745623,83,54
90,3968,3282.06861391152,93,3
20,6510,613.153622846048,80,60
84,8413,6387.86044146937,90,6
30,4723,661.728764045325,84,54
95,4628,4102.51081073868,95,0
18,7222,628.976050235162,76,58
77,4375,2922.27939590711,79,2
77,2580,1723.30990661494,86,9
89,1654,1350.24637027233,91,2
37,3531,653.10531661406,89,52
87,5457,4334.46858256479,88,1
79,2743,1907.12954340006,93,14
91,5511,4617.60807132526,98,7
93,5512,4741.16992499366,97,4
94,1247,1087.92922896811,94,0
74,1784,1116.1509683829,90,16
28,7774,1005.69241577609,63,35
96,8012,7239.65319435379,97,1
63,7322,3421.04617995119,84,21
17,6495,544.088994119916,63,46
37,9461,1749.93752491805,39,2
16,5853,471.710086097314,80,64
88,1757,1415.1395004341,88,0
68,7507,4044.42922036981,83,15
70,2239,1271.34037902572,91,21
84,1557,1182.2059559453,90,6
0,1482,95.7848806234972,64,64
67,3462,1815.03921220026,78,11
68,9913,5340.67228740188,94,26
45,1118,281.637860785866,75,30
22,5264,536.470540197665,81,59
43,6015,1404.44643090446,77,34
54,3061,1068.57554722011,73,19
79,5509,3830.2503297816,86,7
96,3487,3150.85754976431,96,0
89,7264,5929.98164066398,91,2
43,2385,556.875268114238,82,39
46,1640,428.9486732672,65,19
70,5420,3077.56357941911,74,4
78,3747,2554.38694788017,82,4
23,2071,219.578478949942,71,48
63,3741,1747.90136017446,82,19
64,7660,3686.87862460943,70,6
82,2758,2025.73939250316,90,8
76,8623,5639.44607209105,80,4
56,8099,3026.90563995832,76,20
57,8551,3304.47348290135,91,34
92,6527,5540.10364443667,94,2
15,2536,196.671698204875,73,58
75,7804,4993.70674161899,89,14
45,6224,1567.9016507435,65,20
21,9026,884.247352979787,88,67
91,4501,3771.33985284612,91,0
21,3664,358.949955829597,41,20
98,8108,7602.39821157025,98,0
93,5005,4305.07174793056,95,2
54,4840,1689.61308348427,80,26
76,9855,6445.17465388581,81,5
57,3609,1394.67252950427,67,10
31,4553,663.855629917167,72,41
14,3834,286.17292877245,80,66
96,4551,4112.28927702248,96,0
89,1123,916.763406176439,89,0
3,5242,266.828412187008,73,70
98,4756,4459.42351926839,98,0
71,1986,1156.54570117613,79,8
73,7763,4745.44580084942,75,2
1,9930,480.937497147139,85,84
77,2064,1378.64792529195,80,3
8,6355,379.770036003412,75,67
42,4325,971.862666002068,88,46
83,6160,4601.73284990389,84,1
82,4615,3389.69807701307,89,7
20,5412,509.736928854502,51,31
32,6241,946.951802621079,64,32
60,5051,2151.40356956826,77,17
37,9193,1700.36736778053,76,39
73,1024,625.96116193093,82,9
62,2843,1288.7053713866,79,17
4,6971,365.18154835906,84,80
33,5710,901.527324102946,78,45
90,7984,6603.83967073326,91,1
39,3827,765.570926376283,74,35
83,9888,7386.67766556002,86,3
11,8133,542.06870788156,83,72
92,6633,5630.07621779507,93,1
43,7984,1864.18957678158,84,41
97,3637,3350.41111065237,98,1
2,9657,478.802680218722,90,88
32,2980,452.157726616058,69,37
97,6106,5624.85846622034,98,1
17,2701,226.263952751023,76,59
84,4840,3674.93694719027,87,3
53,4362,1470.73138418777,86,33
38,7655,1472.59262084252,69,31
89,1259,1027.78729151927,90,1
0,3519,227.440617350936,86,86
44,9347,2267.20475862022,57,13
6,1569,87.545529608931,52,46
82,3243,2381.96985130085,90,8
65,2437,1207.61724626427,88,23
57,8109,3133.66570843727,76,19
10,3510,225.455286933035,62,52
8,2139,127.825036508466,37,29
26,2122,253.469512951233,73,47
16,9967,803.26916592037,75,59
50,8089,2451.32903880238,87,37
93,5630,4842.66812004976,95,2
54,4417,1541.94648548554,67,13
80,3195,2263.97569025584,85,5
68,7392,3982.47246529554,71,3
9,5119,317.025495369145,78,69
94,6077,5301.80106210039,94,0
51,2037,639.896406925219,60,9
17,3446,288.672928981868,35,18
85,4207,3244.61121437356,91,6
33,2021,319.086991595806,71,38
14,6163,460.011413673607,85,71
99,9602,9144.7619047619,99,0
20,8039,757.164665754129,56,36
53,5750,1938.72202179727,54,1
99,8628,8217.14285714286,99,0
26,3863,461.429184038931,80,54
95,5687,5041.26598545179,95,0
0,2514,162.48528332488,84,84
34,8887,1459.99257622504,65,31
33,7434,1173.72226398972,34,1
5,2440,131.811998122159,69,64
6,7270,405.64435962838,21,15
19,4344,393.41036048579,80,61
62,7789,3530.68101925087,67,5
81,8025,5791.48624147928,92,11
3,2739,139.420644979057,77,74
30,5110,715.950451888971,76,46
39,6098,1219.87235668737,90,51
52,7307,2378.52581749503,52,0
37,1628,301.120208283118,73,36
62,8968,4065.11071776118,86,24
9,2590,160.401647393258,86,77
32,5144,780.503136145302,88,56
16,1774,142.971756831819,69,53
73,4178,2553.97044389397,92,19
43,1494,348.835073611183,53,10
80,4384,3106.50060284245,94,14
47,2564,696.105270206578,48,1
87,3912,3107.28259024986,93,6
99,1144,1089.52380952381,99,0
88,3605,2903.57307857992,89,1
4,5328,279.111646773357,71,67
1,4904,237.514349044267,70,69
17,6918,579.523889348973,64,47
91,8295,6950.29195275685,93,2
25,2129,244.374016207656,68,43
27,6783,843.18572491395,84,57
9,1622,100.452305819252,70,61
40,2035,423.254948708101,79,39
98,2258,2117.19476587637,98,0
72,4231,2525.26584399464,80,8
94,8104,7070.23133244389,96,2
96,2397,2165.93219007315,96,0
42,6885,1547.11548102295,49,7
55,7643,2761.30327520701,66,11
50,1880,569.724143027379,52,2
6,8133,453.797190764459,86,80
2,8497,421.288844757014,81,79
3,6733,342.723330647678,61,58
85,8133,6272.50368588072,94,9
20,9177,864.348816721687,38,18
54,1463,510.723954780473,72,18
78,4263,2906.15200395334,84,6
10,2334,149.918130969146,74,64
86,7593,5944.61715159236,90,4
83,5170,3862.16864188363,94,11
21,6048,592.502547177238,90,69
81,4779,3448.91124586037,82,1
30,6444,902.854151070945,75,45
30,9888,1385.38514056324,80,50
58,4408,1760.49583495391,91,33
32,3929,596.150237541775,71,39
24,3094,341.306580638383,63,39
44,8810,2136.95024322714,79,35
35,4535,775.13604752905,87,52
96,3056,2761.40541212496,99,3
27,1989,247.249949410858,78,51
64,6192,2980.30710751718,83,19
43,8485,1981.16840668734,63,20
90,2553,2111.67368228733,90,0
96,8490,7671.57459062203,98,2
97,1603,1476.68655770573,99,2
51,9192,2887.54431637536,79,28
94,8942,7801.33373330618,96,2
85,6148,4741.59014641518,87,2
89,1538,1255.54952689169,96,7
19,2049,185.565798488809,62,43
42,5125,1151.62917069609,85,43
17,9471,793.38981729172,76,59
17,9026,756.111972429001,85,68
25,9224,1058.76276444313,78,53
55,3013,1088.55250139981,80,25
75,5036,3222.48938375105,78,3
2,4373,216.817243512113,83,81
17,6215,520.633271509666,83,66
20,2259,212.767132720311,88,68
56,7007,2618.7835311999,82,26
72,2281,1361.4113425081,84,12
2,5341,264.811547587056,70,68
59,7888,3254.21958412916,82,23
81,1079,778.69329028737,92,11
38,5915,1137.86875927936,82,44
96,3110,2810.19987948581,97,1
64,2244,1080.07253702657,83,19
96,7442,6724.60048332263,97,1
40,4661,969.430622077867,79,39
91,5217,4371.26860970856,95,4
16,3818,307.703589393396,60,44
26,2022,241.524672567103,77,51
52,1085,353.181950456015,82,30
7,7419,428.154738551558,80,73
15,5429,421.029435944112,55,40
42,2826,635.02517783164,77,35
30,8643,1210.9510285081,90,60
69,7386,4086.50924621901,76,7
28,2501,323.544730107539,77,49
84,1592,1208.78091320804,88,4
90,4130,3416.06435873351,96,6
97,5088,4687.07498790192,97,0
69,4630,2561.67584754861,77,8
9,5206,322.413504374247,88,79
89,3670,2996.01220006014,91,2
73,1959,1197.51749631122,77,4
29,5447,733.33809558403,34,5
53,3698,1246.8511368011,71,18
27,9684,1203.80518355694,78,51
5,1006,54.3454385700377,70,65
89,3704,3023.76817139584,91,2
16,7440,599.610975664448,82,66
48,8746,2463.91749432592,63,15
3,3766,191.697024093146,48,45
32,6397,970.621804417088,83,51
58,2993,1195.36389156467,73,15
55,8698,3142.45922906589,71,16
81,4428,3195.6013803452,91,10
34,8860,1455.55690619487,69,35
41,1911,413.17366833827,88,47
86,1105,865.112860859944,88,2
5,2619,141.481812738498,79,74
43,2174,507.608734960316,75,32
29,7558,1017.54531419572,76,47
23,9877,1047.21228227358,67,44
85,6367,4910.49194245697,91,6
79,6473,4500.49199213583,79,0
3,6782,345.217529845915,56,53
3,5234,266.421195991377,41,38
24,7468,823.813039498204,82,58
97,9060,8346.08871666497,99,2
89,3181,2596.81602408482,90,1
13,1501,107.851650965157,69,56
59,8103,3342.9185205627,73,14
72,1827,1090.44214062354,79,7
65,3590,1778.96836852225,77,12
78,5263,3587.86722890134,78,0
19,5969,540.576989350756,61,42
44,4772,1157.49450177979,81,37
82,9417,6916.74686700588,91,9
71,3404,1982.31700241871,80,9
51,7881,2475.7111354824,82,31
58,5831,2328.82287060259,78,20
55,1229,444.019589850767,78,23
98,9414,8826.95816030122,99,1
77,5308,3545.47635050856,89,12
78,3803,2592.56300047726,78,0
64,7051,3393.75733448056,87,23
41,2402,519.33184267322,68,27
74,2314,1447.74290405719,82,8
46,6000,1569.32441439219,78,32
62,2270,1028.96981816658,90,28
4,6583,344.855850358298,80,76
50,7136,2162.5273854486,86,36
19,1120,101.431768817699,53,34
87,1643,1305.02691609931,91,4
26,3463,413.649822502412,83,57
96,2508,2266.23192853711,98,2
98,2017,1891.22313674608,99,1
34,9593,1575.97713331009,61,27
82,6217,4566.36033473246,92,10
86,3694,2892.0605502413,97,11
0,2388,154.341629506688,78,78
43,4192,978.792924081713,76,33
38,2146,412.826095927897,62,24
60,8366,3563.38195664384,82,22
21,1498,146.754103120288,49,28
73,4141,2531.35270659764,78,5
3,6322,321.802598597151,73,70
71,1597,930.011825165297,87,16
8,8641,516.379682314002,68,60
75,2033,1300.89771985026,83,8
55,6851,2475.16534586461,59,4
53,1247,420.449801944556,81,28
50,3968,1202.48159549608,67,17
33,2219,350.348359401828,90,57
4,1581,82.8219807711483,37,33
14,4203,313.715393748202,87,73
20,9686,912.289706741447,75,55
20,4234,398.785320910932,72,52
34,9031,1483.64948305258,82,48
93,3124,2687.12170640061,95,2
26,2296,274.253535219618,84,58
60,7257,3091.01874962519,63,3
79,9219,6409.70734983782,85,6
72,2528,1508.8329126964,85,13
52,1437,467.762638530225,59,7
37,5212,964.02857836094,87,50
21,2104,206.121917867214,89,68
20,4718,444.371550320684,71,51
5,5098,275.400641978183,85,80
92,7233,6139.3549349181,97,5
64,6115,2943.24579497215,80,16
69,7575,4191.0787354602,94,25
77,4815,3216.17720943834,94,17
6,5548,309.561885449553,62,56
56,2336,873.052423131578,88,32
48,5841,1645.52276290392,75,27
99,4595,4376.19047619048,99,0
26,6950,830.166406697015,91,65
57,4412,1704.98620121164,70,13
94,7348,6410.66878464928,96,2
14,6326,472.177868391893,72,58
32,9292,1409.88241466994,77,45
55,2643,954.876953600959,94,39
41,5405,1168.60475006193,71,30
83,7507,5607.98839354359,88,5
99,6232,5935.23809523809,99,0
83,2638,1970.67715228027,86,3
33,4120,650.489067478833,83,50
64,2745,1321.21172644294,76,12
51,7810,2453.40743155914,84,33
84,7987,6064.40524735717,85,1
82,2634,1934.66191437756,86,4
72,9788,5841.95274900013,85,13
22,9574,975.715986294158,63,41
77,5470,3653.68418185415,96,19
44,7258,1760.49771456783,76,32
76,4884,3194.13830640064,96,20
34,1985,326.10388925472,51,17
88,6777,5458.39521596008,93,5
30,5284,740.329195260533,79,49
27,9972,1239.60608120919,72,45
96,6742,6092.07961012647,97,1
53,8363,2819.74474231141,70,17
63,4972,2323.05949285951,63,0
60,4953,2109.66182539528,75,15
91,4577,3835.01944156337,91,0
33,3329,525.601481950737,47,14
3,1284,65.3581993987254,79,76
60,8940,3807.86931537125,73,13
42,8238,1851.14558208671,76,34
32,7115,1079.56450499102,83,51
61,8424,3702.52286687999,71,10
36,5674,1008.93169835595,80,44
48,9266,2610.41155984724,80,32
91,3710,3108.56939659167,92,1
65,6013,2979.64813368365,70,5
37,7882,1457.88051700709,84,47
90,3300,2729.54295007763,91,1
66,4246,2164.8713207162,85,19
88,1112,895.637521048784,90,2
10,9164,588.624572494111,54,44
27,2023,251.476444272582,71,44
18,7391,643.694542687355,64,46
50,1425,431.838778624476,66,16
31,1482,216.084788828738,67,36
22,8616,878.083239806817,60,38
7,6451,372.290904218372,78,71
84,2364,1794.94854197475,87,3
32,2315,351.256757421535,82,50
41,6013,1300.059271438,66,25
41,9491,2052.03102365176,80,39
32,4226,641.214279422638,76,44
96,5703,5153.23791405388,98,2
94,8575,7481.14926896673,94,0
96,6739,6089.3688063842,99,3
13,1121,80.5474355309399,84,71
75,7866,5033.37996278511,86,11
55,1125,406.445922361362,73,18
76,2752,1799.80929959348,84,8
74,2515,1573.49758154876,96,22
77,8660,5784.44332995557,82,5
5,3878,209.494642917103,31,26
93,1610,1384.84825457906,96,3
82,1732,1272.14671059299,85,3
92,4558,3868.82065441127,94,2
49,1544,451.215843689802,74,25
47,5974,1621.89270055152,74,27
20,1907,179.6135113314,87,67
48,5483,1544.66723317963,69,21
9,6803,421.317531743757,57,48
54,7679,2680.68984877597,87,33
32,5174,785.055059567612,50,18
13,5814,417.754496143519,81,68
69,1478,817.744471420485,87,18
49,7945,2321.83282261365,83,34
38,9608,1848.29129994186,81,43
8,4915,293.716715492804,85,77
82,6887,5058.4725149272,82,0
28,9979,1290.94476679054,88,60
37,3974,735.044046509282,88,51
98,8611,8074.03194373846,98,0
46,1850,483.875027770926,77,31
34,4770,783.635038662475,65,31
39,1956,391.287361377583,75,36
50,6127,1856.75522570678,63,13
18,6442,561.044546609653,56,38
15,4782,370.853336283799,70,55
35,1151,196.732434554782,61,26
98,1879,1761.82859392458,98,0
40,2053,426.998727124193,88,48
67,2059,1079.48172672454,79,12
16,5284,425.852741318675,31,15
45,7740,1949.80057467138,58,13
92,3427,2908.83027263436,98,6
92,9391,7971.06072083725,92,0
45,1094,275.591967531071,81,36
86,2041,1597.91434300013,89,3
85,2059,1587.98537922395,86,1
29,4621,622.132428803709,64,35
40,8237,1713.19460074134,84,44
31,7598,1107.83550979808,62,31
19,2393,216.71984176853,76,57
66,9788,4990.52295976689,78,12
19,1398,126.608582863521,90,71
83,4068,3038.9365638651,86,3
19,3782,342.513347918338,44,25
6,4895,273.126429213332,75,69
72,9468,5650.96124106388,90,18
1,3398,164.574583615909,72,71
98,5546,5200.16039484073,98,0
55,4212,1521.73353332094,76,21
56,9939,3714.58391845238,73,17
86,3976,3112.84048396302,87,1
63,1964,917.636533382154,63,0
13,5309,381.468630895415,83,70
74,2569,1607.28242027784,91,17
73,1763,1077.70461766038,88,15
36,5587,993.461649403368,54,18
66,6532,3330.41438222286,75,9
13,1717,123.371941843554,82,69
45,6311,1589.81801379213,83,38
38,2726,524.40071644895,71,33
9,9146,566.422188053565,17,8
88,1715,1381.31146456715,91,3
75,4010,2565.96156251821,88,13
51,1552,487.540119562072,84,33
33,4361,688.539520212425,76,43
77,2776,1854.22802355158,77,0
86,5891,4612.10847359813,89,3
32,8596,1304.27779127236,60,28
11,8612,573.994308653141,74,63
69,4551,2517.96690760124,92,23
71,9356,5448.46001017315,75,4
87,7735,6143.87291298125,89,2
27,5211,647.772491895414,91,64
61,1238,544.126698622677,69,8
13,4189,300.993048562986,63,50
15,9241,716.657398703175,83,68
71,9076,5285.402207389,72,1
12,5498,380.416754066612,75,63
36,4223,750.919732491574,86,50
70,4297,2439.90603335128,92,22
8,5332,318.636322890668,83,75
8,5232,312.660397855209,89,81
84,9686,7354.42960133987,86,2
63,4220,1971.70375299017,70,7
46,9154,2394.26594822436,73,27
62,2837,1285.98562737383,71,9
12,1349,93.3397965143434,24,12
56,5856,2188.61086894628,92,36
6,6227,347.448064292424,88,82
14,4594,342.89995690679,76,62
80,9548,6765.70888593515,93,13
61,5148,2262.65286309333,65,4
62,3602,1632.75298900265,83,21
87,2200,1747.44930944522,87,0
77,2696,1800.79205745499,83,6
38,6231,1198.6576904598,53,15
52,3216,1046.85083195073,72,20
51,8165,2564.92595117546,56,5
71,8416,4901.05167225494,78,7
22,3628,369.740714254774,65,43
55,1838,664.042315822385,79,24
78,4139,2821.61931605978,86,8
76,6100,3989.40288063962,87,11
93,8800,7569.35691943835,95,2
92,7615,6463.59571815309,95,3
47,9028,2451.02900913611,64,17
71,3217,1873.41768413072,71,0
48,2847,802.055008729237,75,27
15,3018,234.051729172836,79,64
23,2459,260.716310834335,74,51
2,9134,452.871873368314,74,72
42,1390,312.344301905867,70,28
44,6782,1645.03933593263,68,24
42,4418,992.760522172748,79,37
27,9609,1194.48203312666,59,32
5,9179,495.861610968564,78,73
51,1516,476.231199262952,79,28
26,8800,1051.14595380342,79,53
77,8071,5391.02102956944,86,9
58,9587,3828.91868641178,67,9
94,4191,3656.38444154397,97,3
87,5148,4089.03138410181,91,4
79,7572,5264.59529807701,89,10
13,5014,360.271937334641,66,53
7,1136,65.5592105397722,76,69
72,2632,1570.90515277568,88,16
17,8531,714.645605671594,83,66
81,2749,1983.89977293789,82,1
58,8910,3558.53400395629,70,12
91,8293,6948.6161741064,91,0
67,6284,3294.54257927974,80,13
43,5798,1353.77895367981,58,15
73,6836,4178.77978804672,79,6
7,5791,334.201926263927,70,63
22,2388,243.368474542558,86,64
53,8110,2734.44097335233,69,16
61,4686,2059.59427281572,89,28
85,1456,1122.92700930067,88,3
4,2549,133.531454133875,57,53
33,3235,510.760226527676,78,45
90,7898,6532.70612718579,98,8
29,5376,723.779254977005,84,55
14,8558,638.776193123272,82,68
31,1915,279.218873554003,70,39
54,3025,1056.00817717767,87,33
21,9178,899.138290012019,72,51
29,1684,226.719543411696,75,46
75,8561,5478.103974244,89,14
2,9492,470.621832933221,81,79
19,2998,271.511109745948,79,60
66,4094,2087.37239449179,79,13
98,4716,4421.91785468245,99,1
30,2475,346.766608302388,88,58
28,3156,408.279555465571,84,56
93,7201,6193.97036100858,97,4
91,3948,3307.98705599567,96,5
7,7862,453.720522239163,66,59
68,8876,4781.98398294957,85,17
60,2695,1147.89796475677,75,15
17,7708,645.702535285037,57,40
94,4183,3649.40494368371,99,5
4,9021,472.572478517728,81,77
4,4470,234.164613565486,70,66
12,3676,254.349215705505,62,50
95,9548,8463.86629665793,96,1
94,3506,3058.76493725917,96,2
4,2995,156.895529670834,63,59
95,9965,8833.5177677206,96,1
62,3134,1420.61295600619,69,7
98,7862,7371.73837436671,99,1
6,5421,302.475663486307,86,80
12,7255,501.986822617911,78,66
9,5763,356.909148234496,78,69
21,2953,289.295638527511,69,48
86,4669,3655.39542747066,91,5
23,1213,128.608737308682,83,60
34,4318,709.37863667601,75,41
94,1843,1607.90181955751,95,1
80,2980,2111.62677839199,83,3
80,5783,4097.83142934258,96,16
26,8105,968.129313133714,62,36
65,8182,4054.46217026437,86,21
80,7801,5527.78540209259,88,8
72,2202,1314.26031398634,75,3
47,6687,1815.46643598728,63,16
52,4224,1374.96825689052,60,8
56,8084,3021.29956703582,84,28
77,3737,2496.12756628683,88,11
14,5530,412.763770503821,79,65
34,3297,541.644595905698,79,45
66,2588,1319.521191242,79,13
88,9249,7449.41675555774,93,5
41,8803,1903.27985472621,77,36
42,9093,2043.27103397845,79,37
99,3309,3151.42857142857,99,0
23,3792,402.048088932005,75,52
2,3311,164.162335529066,82,80
18,1108,96.4975718167487,58,40
79,8019,5575.38162906492,92,13
99,1982,1887.61904761905,99,0
72,5628,3359.06314582884,80,8
32,5376,815.704677277828,71,39
45,5339,1344.95933697293,60,15
60,5568,2371.61256688894,68,8
24,2119,233.751985899397,58,34
39,5313,1062.83729601181,85,46
56,1715,640.961004139835,62,6
91,4307,3608.78932375211,97,6
69,3012,1666.47249520873,74,5
73,2405,1470.15292426161,74,1
3,3027,154.080428021761,35,32
99,1942,1849.52380952381,99,0
88,6954,5600.95622425652,95,7
0,5260,339.965230822939,87,87
15,2365,183.41031792371,74,59
11,8257,550.333372799464,90,79
16,1841,148.371479327722,70,54
48,2925,824.029118557435,60,12
19,6839,619.367738343076,89,70
74,2701,1689.86758161559,84,10
48,5627,1585.23482055476,67,19
1,8068,390.755662334655,66,65
95,5238,4643.2479746433,96,1
55,5296,1913.36675984513,83,28
48,8828,2487.01848158121,57,9
81,5029,3629.33137799368,82,1
78,9138,6229.51372557485,79,1
8,1732,103.503021614148,56,48
21,3237,317.118178771944,91,70
92,5027,4266.9068516291,98,6
88,5507,4435.49984569753,90,2
92,3452,2930.05021918115,97,5
26,7184,858.117333195879,63,37
14,6600,492.629454850853,62,48
43,4613,1077.0924997111,64,21
4,3929,205.823885167515,83,79
29,2184,294.035322334408,81,52
36,7218,1283.48061310068,61,25
61,5592,2457.80007972376,80,19
21,3896,381.678228141951,55,34
20,3405,320.704775083071,89,69
2,5890,292.031457646088,42,40
52,9463,3080.33253194956,74,22
47,8007,2173.83576386274,76,29
87,3580,2843.57660355176,91,4
59,5738,2367.23021979375,85,26
22,8832,900.096468659913,58,36
43,3744,874.189100134049,92,49
75,5210,3333.83035928177,76,1
73,1371,838.078860358696,86,13
10,2372,152.358957437367,50,40
36,2662,473.347934618179,72,36
73,2026,1238.4739395235,78,5
59,8275,3413.87766970953,69,10
39,1538,307.668692126136,88,49
7,4879,281.569883999603,66,59
51,9682,3041.47128711339,58,7
69,8913,4931.36432596129,90,21
64,6609,3181.01577415714,84,20
34,3740,614.422441215442,89,55
11,1993,132.834493398248,65,54
31,3416,498.073980188237,86,55
32,6298,955.600457123467,79,47
37,2395,442.987038598322,57,20
70,2469,1401.93809549553,87,17
76,6395,4182.33301994924,85,9
99,2175,2071.42857142857,99,0
75,4106,2627.3910662593,76,1
88,5365,4321.12886729022,93,5
8,5294,316.365471377193,47,39
65,3085,1528.72351445436,76,11
66,1481,755.1046693313,82,16
35,8138,1390.97180921531,75,40
18,5061,440.770948523976,68,50
30,7109,996.02578522088,89,59
17,7735,647.964337108168,77,60
1,5390,261.052679720351,65,64
69,8319,4602.71735977471,78,9
28,6401,828.072697888188,60,32
30,5326,746.213719522634,72,42
36,9165,1629.68963966026,50,14
68,1964,1058.1136257901,85,17
7,1782,102.840240477002,84,77
1,6238,302.123676455575,47,46
39,9705,1941.43345714184,64,25
72,2130,1271.28722470068,83,11
96,2250,2033.10280670195,96,0
50,7696,2332.2324493291,83,33
6,1464,81.6868421590026,90,84
41,9492,2052.24723174613,72,31
30,4468,626.00129531114,55,25
12,5225,361.527380865415,81,69
91,5036,4219.6106418425,96,5
83,2571,1920.62583719203,90,7
67,6473,3393.63050854197,70,3
41,4634,1001.90830930379,86,45
20,4803,452.377396394711,61,41
79,9766,6790.02082422347,82,3
38,1173,225.650051502061,75,37
66,3329,1697.32845658602,76,10
37,1596,295.20138355028,38,1
15,7696,596.83966458388,70,55
35,6058,1035.45185797817,75,40
62,9660,4378.78786056791,87,25
59,9765,4028.58192685361,79,20
47,5936,1611.57600777935,79,32
43,3302,770.986220257113,76,33
36,8716,1549.84996173255,81,45
21,1472,144.206969154248,90,69
30,8521,1193.8578866039,85,55
24,6871,757.956533796486,78,54
95,5271,4672.50096875618,95,0
50,2681,812.462993327874,70,20
85,7372,5685.58922566245,86,1
43,3483,813.248033057397,80,37
4,2231,116.872763504384,5,1
44,3462,839.741400914003,67,23
67,5184,2717.84034547838,79,12
40,2657,552.623291753034,92,52
67,2398,1257.21086968695,75,8
44,5496,1333.1076659224,86,42
13,4380,314.717009478606,86,73
7,1739,100.358685852697,72,65
39,7507,1501.73528725026,76,37
34,8070,1325.77248679375,71,37
70,7178,4075.78438617534,78,8
65,8317,4121.35930947064,93,28
66,8392,4278.75650575845,95,29
39,7357,1471.72858775812,76,37
42,4065,913.43855197651,86,44
9,5102,315.972666023321,73,64
40,9718,2021.22436930974,65,25
92,7881,6689.37594941097,95,3
11,5112,340.717476292946,66,55
87,4325,3435.32648334116,88,1
5,2840,153.42052240448,77,72
85,8721,6725.99343963676,85,0
44,4241,1028.6953441006,84,40
69,7260,4016.79625339156,71,2
81,6872,4959.38859208045,89,8
21,4692,459.659714179167,74,53
34,7253,1191.55239736246,51,17
64,6614,3183.42235289384,64,0
9,3048,188.766108592529,90,81
72,6853,4090.20251214731,75,3
20,1475,138.924975990464,84,64
82,2132,1565.94502712717,84,2
80,2296,1626.94465878792,89,9
3,5550,282.50623571879,55,52
47,9367,2543.06476834049,86,39
14,2306,172.121745891828,87,73
31,8810,1284.5526245487,84,53
23,9592,1016.99506039973,80,57
89,9194,7505.54119001441,89,0
24,7714,850.949891093887,44,20
20,7584,714.309842651985,82,62
46,5598,1464.17967862792,63,17
53,5971,2013.23638124374,83,30
94,4723,4120.5210492513,96,2
95,8013,7103.15884322581,96,1
73,1329,812.404672076373,93,20
15,2623,203.418716242661,67,52
62,1064,482.301271598784,82,20
58,4031,1609.92711222759,86,28
49,9602,2806.07158750614,73,24
1,3669,177.69986677068,81,80
53,6311,2127.87385731523,90,37
16,4138,333.493308776813,82,66
15,7442,577.141473990805,64,49
98,7387,6926.35860740866,99,1
51,7587,2383.35495303959,78,27
37,5962,1102.75103303682,65,28
22,6402,652.447644062586,80,58
38,5300,1019.56118751997,81,43
37,3314,612.968286394504,76,39
52,6292,2048.1297993265,56,4
13,7988,573.963349706644,70,57
82,4393,3226.64001133661,83,1
15,8207,636.468701564436,78,63
39,4470,894.199644865948,58,19
33,1862,293.983165933395,80,47
24,1217,134.250196715227,80,56
38,7653,1472.20788077176,64,26
90,1891,1564.11082381721,92,2
8,5272,315.050767869392,72,64
38,3565,685.799176133715,38,0
89,9839,8032.08829329473,95,6
43,6870,1604.08096098315,82,39
14,5867,437.917729031811,72,58
44,8058,1954.54540975304,83,39
15,4555,353.249047840381,71,56
25,3125,358.698356340501,28,3
43,5501,1284.43222217879,74,31
71,5163,3006.66941348055,95,24
33,8294,1309.50396254113,59,26
21,1579,154.689405091412,64,43
77,2167,1447.44673164131,83,6
4,8850,463.614503367908,83,79
5,6095,329.259888751868,85,80
5,5892,318.29356267859,70,65
4,1301,68.1539512860619,64,60
24,5758,635.178827186751,80,56
98,2105,1973.73559883515,98,0
90,8291,6857.76987851321,90,0
11,2214,147.564259098706,91,80
46,4618,1207.85669094386,58,12
73,1544,943.83206447398,73,0
96,7329,6622.49354236382,96,0
37,3333,616.482588579627,87,50
42,1216,273.245087134917,74,32
91,7926,6641.11079174814,92,1
39,7861,1572.55109805173,69,30
17,6321,529.512937926403,77,60
95,5161,4574.99098837993,96,1
40,1812,376.873693886526,57,17
16,7534,607.186705733327,76,60
78,1465,998.712804548824,83,5
96,9867,8915.83350832362,97,1
8,1543,92.2085232971306,72,64
0,5325,344.166322078355,77,77
94,9150,7982.80067767295,94,0
38,3191,613.852782901174,75,37
32,3746,568.383504665689,80,48
5,2521,136.187724289329,86,81
24,5289,583.442309307177,91,67
18,5907,514.450502456259,87,69
24,7704,849.846767045282,88,64
3,9746,496.091130327085,83,80
79,3243,2254.76526038877,89,10
25,7490,859.728220476912,53,28
99,3531,3362.85714285714,99,0
74,5641,3529.26435686543,81,7
68,8127,4378.4569433789,94,26
3,6376,324.551307917658,78,75
51,7876,2474.14045210752,61,10
70,8672,4924.10172707058,84,14
67,6478,3396.25188233198,75,8
21,7706,754.93132085777,78,57
41,2481,536.412282128334,84,43
67,8468,4439.55865075443,79,12
70,9963,5657.15238777723,92,22
26,8472,1011.96687734347,61,35
97,5989,5517.07785034288,97,0
74,5705,3569.30564721101,87,13
11,5341,355.980446181656,25,14
84,5533,4201.12110099252,95,11
17,4661,390.454011022776,74,57
2,6841,339.182886546161,82,80
56,7736,2891.23867523368,81,25
96,1030,930.709284845782,97,1
37,8612,1592.90370622495,77,40
93,5257,4521.83060516902,95,2
18,2311,201.268852408399,83,65
17,8476,710.038231587438,56,39
32,5658,858.492757447535,68,36
90,1939,1603.81326672743,91,1
75,6410,4101.69915604533,78,3
5,2157,116.523967192417,76,71
8,8556,511.300146033862,70,62
21,6419,628.848189538805,49,28
59,7657,3158.91979661219,72,13
40,5447,1132.90894624719,71,31
49,5162,1508.53379865723,80,31
60,6917,2946.20045351487,60,0
10,2382,153.001280192162,81,71
40,8841,1838.81916537018,46,6
21,9751,955.273203955894,43,22
64,3157,1519.51381434621,92,28
6,3622,202.096818510866,86,80
84,6027,4576.20764064376,91,7
98,4081,3826.51542938063,98,0
19,2189,198.244769591021,54,35
11,1163,77.5145588671159,88,77
15,9646,748.065930948038,50,35
21,8318,814.886935750705,72,51
1,7677,371.818445679616,77,76
43,4201,980.894340187805,85,42
8,4437,265.151793823311,74,66
47,7693,2088.58730253479,57,10
1,5652,273.742067862601,11,10
39,5472,1094.64439747348,84,45
32,2207,334.869833101221,88,56
0,5258,339.835966476618,69,69
6,9129,509.37102600378,71,65
81,5735,4138.83783113815,83,2
84,5552,4215.54750636372,86,2
70,5791,3288.22337424651,85,15
18,3398,295.937499127538,68,50
20,6518,613.90711424125,71,51
36,7230,1285.61441295621,80,44
59,1487,613.466597565931,69,10
6,7697,429.469688591423,89,83
78,7761,5290.79186082145,87,9
47,3538,960.538395472259,83,36
83,2739,2046.12764218941,84,1
70,9416,5346.5569490425,87,17
13,6584,473.081458997064,89,76
96,5998,5419.80028204369,99,3
77,6475,4324.97350594253,84,7
30,5255,736.266071365273,89,59
72,8504,5075.59932340592,77,5
25,3818,438.24330384257,74,49
95,3278,2905.79741521206,97,2
53,8437,2844.69525180932,63,10
26,8794,1050.42926338037,76,50
58,7564,3020.95973130475,89,31
91,6180,5178.15602990203,91,0
90,9830,8130.72945432214,91,1
19,1856,168.086931183616,82,63
53,4843,1632.90969592421,82,29
16,8294,668.437289268943,51,35
61,2595,1140.55636746837,78,17
38,4293,825.844561891175,63,25
23,1628,172.609253370597,86,63
1,6172,298.927113030427,85,84
59,2792,1151.84851405789,80,21
27,9891,1229.53707874449,75,48
70,6309,3582.35214438287,82,12
13,3767,270.670998791303,84,71
52,4233,1377.89787675605,73,21
75,6213,3975.64069524331,84,9
77,4801,3206.82591537144,90,13
66,8467,4316.99610751392,67,1
68,6226,3354.28484428166,83,15
53,1965,662.537177883763,72,19
43,8114,1894.54336498068,72,29
91,2550,2136.61777932851,98,7
4,3976,208.286018688226,86,82
91,1865,1562.66359154811,91,0
37,3261,603.165232930742,64,27
37,3071,568.022211079518,83,46
84,5720,4343.10730122487,93,9
20,6725,633.403704092115,51,31
69,1185,655.634099210605,83,14
13,2979,214.050678364558,70,57
50,1975,598.513394935677,63,13
35,4598,785.904199898252,81,46
71,9033,5260.36118767572,80,9
48,5601,1577.9101172787,69,21
28,6510,842.173607756929,80,52
12,7339,507.798937449048,51,39
14,9213,687.665934475895,50,36
54,9312,3250.75971764577,89,35
84,5406,4104.69197035343,88,4
25,9130,1047.97311788441,72,47
7,3653,210.816721920588,25,18
3,5134,261.330993545994,70,67
79,3706,2576.67593432031,82,3
48,6986,1968.0914264076,91,43
42,7369,1655.87421636283,85,43
55,8238,2976.26800747813,76,21
89,9957,8128.4178408716,97,8
4,5184,271.568088752456,81,77
32,8712,1321.87856183862,49,17
60,2837,1208.38090019108,61,1
88,4148,3340.92125657406,95,7
37,7522,1391.29373876266,56,19
56,8242,3080.35020181955,76,20
10,7627,489.899565082124,81,71
99,9466,9015.2380952381,99,0
76,8572,5606.09204800702,77,1
72,5004,2986.62970535315,82,10
66,6008,3063.24703129132,83,17
26,6462,771.875585622462,78,52
54,9375,3272.75261522005,93,39
93,8935,7685.47773581609,96,3
68,1997,1075.89252072446,85,17
23,6592,698.919040675046,73,50
4,4308,225.678110791971,85,81
63,2278,1064.3462439127,71,8
99,1083,1031.42857142857,99,0
46,5283,1381.79014687233,89,43
17,9572,801.850631518989,82,65
47,3292,893.751384368196,77,30
17,6730,563.775047024948,88,71
0,8819,569.991135100284,86,86
44,4276,1037.18493076496,52,8
95,1336,1184.30303438783,95,0
52,2035,662.419602929024,63,11
89,7954,6493.26458835921,92,3
34,5245,861.66997437834,86,52
24,7800,860.436757911889,87,63
74,8994,5627.05258387657,76,2
62,2223,1007.66515673317,94,32
74,1171,732.63048429169,85,11
70,4072,2312.14739767428,78,8
93,4180,3595.44453673321,94,1
39,4509,902.001386733906,77,38
9,8115,502.571184786211,84,75
48,4590,1293.09184758244,89,41
36,4190,745.051782888869,71,35
46,9530,2492.61027819293,86,40
38,1249,240.270174191027,66,28
9,2134,132.161048469966,61,52
70,3564,2023.69678912356,84,14
23,2457,260.504260154519,82,59
1,2708,131.155965989371,63,62
8,3349,200.133729437518,65,57
12,3170,219.338143032223,69,57
93,5352,4603.54525373114,97,4
89,6184,5048.32137470623,99,10
9,4394,272.125420326631,36,27
81,3158,2279.06710910798,92,11
27,2204,273.976313977642,79,52
9,5924,366.880061450833,64,55
53,5210,1756.65073627196,73,20
46,3629,949.179716638212,84,38
20,6631,624.550180198486,60,40
92,5248,4454.49117910275,96,4
89,2433,1986.18465469927,97,8
81,3023,2181.640237756,87,6
9,6133,379.823669290675,65,56
11,5154,343.516798281269,73,62
46,5014,1311.43210229374,88,42
42,2774,623.340355026529,76,34
46,8123,2124.60370301796,87,41
76,1037,678.198489708735,91,15
31,7825,1140.93351726375,77,46
42,2892,649.855914468897,79,37
71,1836,1069.19330682748,84,13
24,5077,560.056079476752,80,56
0,9602,620.598126684764,68,68
22,7418,755.99135014937,91,69
62,5901,2674.86823656431,80,18
37,2794,516.787384485892,75,38
6,3499,195.233784640949,42,36
5,1065,57.53269590168,89,84
56,3149,1176.90157553139,84,28
88,1684,1356.34315237963,89,1
88,7612,6130.92878617207,97,9
17,2658,222.661823921591,36,19
84,7981,6059.84954039784,86,2
49,4905,1433.42857078917,77,28
0,9738,629.388102234558,75,75
95,3766,3338.38714633575,96,1
63,1633,762.983940434347,66,3
93,4493,3864.67279989051,95,2
29,7085,953.864587334836,73,44
0,1106,71.4831835152415,85,85
55,3721,1344.34246853922,68,13
91,7119,5964.93410629006,97,6
0,5208,336.604357818605,33,33
71,3406,1983.48170101002,88,17
61,2446,1075.06777450006,63,2
19,7238,655.502805984381,81,62
64,3749,1804.45273677033,77,13
45,8232,2073.74138639468,71,26
73,2455,1500.71743412152,93,20
83,7717,5764.86564979032,87,4
15,6917,536.426709969685,85,70
27,5132,637.952106775526,67,40
93,1312,1128.52230435263,95,2
87,7863,6245.54269098534,92,5
34,3048,500.737861183066,89,55
82,8891,6530.40208076343,87,5
9,9980,618.072757136954,70,61
67,9973,5228.59216154628,71,4
89,5189,4236.05103708775,90,1
63,9342,4364.84750247255,90,27
81,4111,2966.82865280016,86,5
26,3580,427.625285751844,27,1
7,5616,324.102576048733,84,77
81,2750,1984.62145346642,92,11
38,7715,1484.13482296539,77,39
77,6218,4153.31046485724,85,8
7,1762,101.686029023837,70,63
56,9305,3477.6339029278,81,25
94,4452,3884.09055923497,94,0
49,1053,307.726867490519,85,36
19,6557,593.828667980048,60,41
35,2246,383.893178114718,69,34
55,6156,2224.07208716137,79,24
6,2206,123.08823347183,21,15
68,3016,1624.88324612167,86,18
49,6746,1971.4391719763,92,43
74,7515,4701.7233897968,81,7
41,4884,1055.96033289592,78,37
95,3468,3074.22374495284,97,2
3,5309,270.238847825415,25,22
9,1582,97.9750602996655,73,64
67,2191,1148.6859947807,70,3
87,7193,5713.3649467452,89,2
78,1079,735.570727718895,91,13
98,9341,8758.51032243188,99,1
30,8280,1160.09192595708,69,39
15,1788,138.662853466213,82,67
75,3634,2325.36267286563,82,7
29,8574,1154.33097696667,66,37
88,8711,7016.09572469061,89,1
89,8352,6818.17272340661,91,2
23,4176,442.761819456764,52,29
60,3278,1396.21874896946,79,19
38,5200,1000.32418398186,48,10
51,4718,1482.0968325347,69,18
48,1422,400.604925329461,87,39
88,1857,1495.68244297445,91,3
59,1805,744.658512849028,78,19
5,9783,528.490482634869,71,66
27,7555,939.152020009567,91,64
92,5995,5088.54318192092,94,2
97,1450,1335.74267540444,97,0
36,9466,1683.21245270311,57,21
20,2311,217.664826789127,84,64
57,2014,778.296058304681,60,3
59,3520,1452.18723835378,81,22
54,6617,2309.95243252385,88,34
8,5341,319.174156143859,70,62
72,5880,3509.46895832864,76,4
4,1554,81.4075636422292,76,72
90,4655,3850.30982806405,97,7
18,1015,88.3980463844765,84,66
92,7515,6378.71593196592,98,6
64,1606,772.993090224902,70,6
1,7435,360.097713120743,76,75
92,8886,7542.41780059204,93,1
2,9480,470.026862221548,86,84
29,2450,329.847316721291,88,59
38,2468,474.76924732062,81,43
46,3326,869.928833711406,62,16
79,5091,3539.62687037904,84,5
84,3102,2355.30049797195,93,9
62,9599,4351.13712977136,71,9
59,9149,3774.4491601417,80,21
79,1328,923.320464322012,96,17
52,1897,617.49876499084,84,32
7,7533,434.733743834599,63,56
79,5007,3481.22406992494,80,1
15,4311,334.326376561994,86,71
73,4042,2470.83497707502,90,17
59,5282,2179.1059639161,79,20
5,7804,421.582308748085,71,66
88,1103,888.388656220152,90,2
97,3607,3322.77505529918,97,0
31,9735,1419.4233598163,83,52
7,3098,178.787354095259,67,60
37,1738,321.466168302248,56,19
64,2291,1102.69437715146,86,22
73,8179,4999.74252288386,80,7
3,9758,496.701954620531,85,82
39,2826,565.326218432029,52,13
42,2492,559.972662121885,64,22
1,6293,304.787479309864,50,49
7,6770,390.700576896354,78,71
75,4280,2738.73204179001,85,10
94,2037,1777.15464266883,95,1
95,9066,8036.59529173658,95,0
96,8440,7626.39452825087,97,1
53,2796,942.724656164378,70,17
64,3039,1462.71855616032,79,15
39,5994,1199.06771170615,62,23
86,1704,1334.07449312701,97,11
95,1534,1359.82099906507,97,2
95,8930,7916.03749781686,99,4
49,2415,705.755351367145,76,27
11,3809,253.871844131423,77,66
19,4918,445.394142004861,71,52
72,2334,1393.04431101004,83,11
64,2937,1413.62434993184,71,7
49,9483,2771.29523685906,80,31
9,7046,436.366798275248,68,59
21,4230,414.399102936461,60,39
15,4858,376.747283075427,91,76
18,2308,201.007577394455,70,52
75,3540,2265.21295045249,88,13
53,4699,1584.35735311746,69,16
88,5547,4467.71702271368,91,3
27,1107,137.609700350839,81,54
87,2129,1691.05435445858,96,9
23,2857,302.91439611781,81,58
89,2508,2047.41106205744,91,2
63,7768,3629.43003630986,71,8
55,3855,1392.75469395827,83,28
62,5016,2273.70599467998,83,21
57,7678,2967.10880618835,66,9
37,6348,1174.14685637668,72,35
86,4027,3152.76876984886,89,3
5,8016,433.034826617716,43,38
97,7150,6586.59319251154,97,0
86,4368,3419.74024998754,90,4
90,9278,7674.15136085461,94,4
23,2552,270.576667445801,57,34
90,5295,4379.67573353365,91,1
4,5210,272.930120061785,78,74
52,2448,796.856603425185,76,24
89,8671,7078.58904270339,94,5
41,9934,2147.81120945702,56,15
88,4682,3771.02056973958,93,5
60,1097,467.251973038285,87,27
10,7958,511.160448265838,89,79
13,1358,97.57664357807,75,62
16,4419,356.139906110376,70,54
38,3863,743.125446677291,51,13
94,8603,7505.57751147764,97,3
79,9044,6288.03484889178,88,9
25,8065,925.728718043565,86,61
77,6049,4040.4269864782,87,10
6,5505,307.162613446249,64,58
32,2578,391.161952757113,71,39
97,5138,4733.13508015724,98,1
6,2530,141.16646903161,67,61
98,2540,2381.60970120726,98,0
91,7587,6357.06631049623,94,3
7,7940,458.221946906507,83,76
59,6388,2635.38979505795,71,12
12,4989,345.198105863647,58,46
49,9841,2875.91652704103,77,28
89,4114,3358.47253162054,90,1
69,8504,4705.07373813248,80,11
1,6237,302.075243676406,82,81
18,8395,731.13458068737,76,58
24,1564,172.52860120182,82,58
82,6659,4891.00747450272,86,4
71,4279,2491.87263611917,79,8
64,5854,2817.62238491692,92,28
24,3057,337.225021658544,64,40
75,4501,2880.1478785273,86,11
54,2966,1035.41165405255,68,14
18,9688,843.744111697348,50,32
62,1558,706.226861983934,75,13
38,9191,1768.07299518793,73,35
50,9050,2742.55505021158,68,18
86,5955,4662.21455784703,96,10
85,2506,1932.73014100788,86,1
84,1928,1463.90050293034,87,3
43,5553,1296.57373745843,79,36
71,6246,3637.3537006778,77,6
54,6333,2210.80984663345,59,5
42,1586,356.387095555903,63,21
70,2820,1601.24156715164,81,11
86,6825,5343.34414060554,92,6
48,1402,394.970538194025,91,43
75,9174,5870.35695125738,83,8
72,2064,1231.89522618883,81,9
50,8740,2648.61117556345,70,20
92,2522,2140.66820764046,94,2
24,1591,175.507036133053,66,42
80,5824,4126.88401253522,85,5
73,8361,5110.99733877393,73,0
30,8847,1239.53300349545,45,15
75,6527,4176.56636372977,81,6
11,1560,103.974816709115,66,55
90,6675,5521.12096720247,95,5
99,5893,5612.38095238095,99,0
43,2561,597.969627522249,79,36
75,6306,4035.15052699248,85,10
91,4803,4024.38242906464,98,7
4,7315,383.202270297881,88,84
18,7201,627.147125137552,61,43
72,3670,2190.4338566439,84,12
31,5881,857.486263901353,83,52
57,6934,2679.59526727143,71,14
87,5353,4251.86188793648,88,1
91,2350,1969.03991428314,94,3
1,9977,483.213837768077,84,83
19,8412,761.825035084362,80,61
26,8672,1035.85655811173,91,65
25,6073,697.080037777876,68,43
59,3631,1497.98064274505,81,22
13,1062,76.3080968187852,79,66
74,9679,6055.61951960655,96,22
67,8869,4649.79282871292,85,18
14,8814,657.884244705366,82,68
37,1359,251.365087872701,64,27
33,2848,449.658462179543,89,56
27,9821,1220.83547167624,79,52
61,8093,3557.04149592353,78,17
8,5637,336.862894248817,60,52
12,1843,127.520567068892,59,47
21,1730,169.482375432642,49,28
84,8632,6554.1437454848,84,0
24,6070,669.596297503227,64,40
63,9135,4268.13122833298,73,10
86,2650,2074.70505093109,92,6
90,6796,5621.20420870532,96,6
17,9137,765.410491035207,43,26
47,6117,1660.71604440469,80,33
44,8310,2015.67043373639,74,30
25,1959,224.860825622733,72,47
97,4368,4023.80965942523,98,1
29,5607,754.879144839298,57,28
94,2142,1868.76055208475,95,1
16,5247,422.870805014968,78,62
56,2713,1013.95172258389,64,8
15,3366,261.039801323979,67,52
69,8148,4508.10686950887,69,0
29,5327,717.182308642579,81,52
42,5137,1154.3256682665,51,9
8,9474,566.159137859375,86,78
39,2917,583.530282790597,92,53
21,1926,188.683846868942,76,55
62,1674,758.808579564252,77,15
81,3765,2717.12718992766,84,3
40,5469,1137.48467542241,82,42
25,3246,372.587156698005,82,57
39,2728,545.721841430494,71,32
78,2666,1817.45278971138,85,7
70,9944,5646.36388076451,88,18
75,1066,682.123447791625,86,11
42,4830,1085.34027209017,72,30
14,3848,287.217900343346,72,58
58,7498,2994.60022016434,73,15
53,8131,2741.52152334498,63,10
48,2773,781.207776328126,84,36
58,2496,996.868784946677,75,17
32,6868,1042.08700214734,68,36
56,8779,3281.04761244526,68,12
40,5463,1136.23674928371,81,41
79,6940,4825.18375180329,85,6
82,5462,4011.8160122742,82,0
51,7112,2234.14003242619,92,41
75,1023,654.608149240931,86,11
70,3719,2111.70829370105,96,26
56,4396,1642.95310448905,71,15
89,9025,7367.57768543398,89,0
74,9633,6026.83984217067,88,14
76,6404,4188.21902419936,88,12
70,1045,593.36788569981,87,17
89,8506,6943.8909465154,91,2
32,8346,1266.34509608645,80,48
67,4801,2517.04311316391,92,25
23,3462,367.059726762289,83,60
52,6469,2105.74565668199,81,29
65,2750,1362.71950234992,80,15
23,9201,975.539152495615,84,61
69,3873,2142.84461286302,75,6
81,2587,1866.9875273155,86,5
90,5701,4715.49222981592,91,1
25,2472,283.74474779959,86,61
10,1032,66.287708294841,63,53
49,4867,1422.32351764137,81,32
3,1656,84.2937524955524,82,79
88,5387,4338.8483146491,94,6
13,9627,691.730742066332,74,61
4,6539,342.550874296356,87,83
58,5450,2176.65660174655,80,22
89,7472,6099.78287707066,90,1
8,8293,495.583463190605,45,37
99,8061,7677.14285714286,99,0
9,1560,96.6125752638926,47,38
31,4258,620.842800831825,77,46
48,5035,1418.45696134588,60,12
67,6974,3656.29216230059,84,17
50,7467,2262.83519999225,74,24
31,1160,169.135192335584,73,42
16,5464,440.359458471847,59,43
55,9597,3467.25468169066,84,29
35,5252,897.687876873775,89,54
19,5630,509.875766467541,39,20
31,9634,1404.69693358708,86,55
46,2256,590.065979811465,80,34
22,3211,327.242952996714,82,60
18,4306,375.016736681336,76,58
66,2331,1188.48682255993,74,8
80,5543,3927.76752772712,81,1
98,9148,8577.54549080472,98,0
59,6014,2481.09490098286,93,34
81,2397,1729.86822689419,90,9
43,4404,1028.29294791409,89,46
72,1713,1022.40141592125,78,6
56,2633,984.052666997193,79,23
76,3090,2020.86145920925,76,0
25,9257,1062.55061908609,75,50
65,1941,961.832201476795,81,16
25,5542,636.130013068498,65,40
59,1105,455.871277949128,70,11
23,6882,729.666389248432,79,56
66,1893,965.167548308001,75,9
95,3613,3202.75962817607,95,0
92,3253,2761.13944466868,99,7
66,9916,5055.78521342955,88,22
6,1966,109.696947871994,52,46
96,8295,7495.37234737453,98,2
59,9913,4089.6397993753,64,5
88,3767,3034.0526454953,89,1
4,1669,87.4319328950325,78,74
56,6869,2567.20766031285,80,24
24,4234,467.062722179351,67,43
13,8808,632.882972485744,82,69
61,5991,2633.16886223623,67,6
85,5900,4550.32235911672,95,10
63,4157,1942.26836520856,76,13
18,3046,265.281230824744,21,3
36,5236,931.048003629145,55,19
44,6609,1603.07652184883,85,41
1,4657,225.55145258955,67,66
66,4437,2262.25483985346,87,21
40,5622,1169.30679195919,87,47
8,6997,418.135474731058,65,57
42,7658,1720.81486618355,66,24
72,3351,2000.03919716995,84,12
41,7934,1715.39502071995,72,31
2,4941,244.979190531294,90,88
67,7388,3873.3419121131,70,3
45,5489,1382.7461698154,86,41
82,1525,1120.10608178655,85,3
97,6379,5876.34656993442,99,2
0,7945,513.502615758222,80,80
51,4631,1454.76694181183,93,42
66,9188,4684.60614572315,86,20
24,1970,217.315437575182,65,41
61,4979,2188.37385496148,93,32
5,2189,118.252649135002,45,40
78,6785,4625.4378012722,92,14
30,5357,750.557058858947,78,48
5,8268,446.648196915578,69,64
24,1372,151.348619468604,71,47
70,1627,923.836889984297,93,23
61,8300,3648.02229286609,72,11
43,8241,1924.19668114442,69,26
26,9402,1123.05389291588,66,40
91,3788,3173.92476395937,95,4
1,4566,221.14406968518,84,83
61,7556,3321.01884878267,65,4
20,4695,442.205262559477,54,34
52,4449,1448.20875352886,90,38
98,1558,1460.8456356224,99,1
61,5291,2325.50433151259,94,33
14,5123,382.384954121351,90,76
4,9771,511.861843209924,80,76
13,9864,708.759950113463,68,55
82,8032,5899.47019600629,92,10
14,5944,443.665072671738,86,72
15,9967,772.960100949523,83,68
84,3621,2749.36914995371,86,2
36,4788,851.386142356063,77,41
57,9886,3820.37479265148,86,29
95,2662,2359.74152510509,97,2
0,8455,546.465024069952,75,75
76,9121,5965.13830726458,85,9
33,5558,877.528698312464,72,39
93,2105,1810.62458129747,93,0
94,3560,3105.87654781593,94,0
18,1761,153.368433185284,78,60
82,4617,3391.16706859575,96,14
80,7059,5002.00450626479,96,16
48,3507,987.989784198607,70,22
98,3841,3601.48144186499,98,0
44,2858,693.235391049169,83,39
2,2259,112.003236472413,77,75
89,4531,3698.89135653201,90,1
36,8504,1512.15283095154,62,26
29,3477,468.113926628543,88,59
45,7726,1946.27380360608,75,30
80,3525,2497.8135549771,83,3
24,6799,750.01404064653,63,39
52,1049,341.46347099388,90,38
92,4861,4126.00640655839,94,2
78,3152,2148.76638903611,79,1
74,5532,3461.06903424563,89,15
46,9437,2468.28574976986,79,33
50,7056,2138.28380489425,57,7
90,9337,7722.95228026509,90,0
7,4054,233.958661556546,69,62
39,5904,1181.06369201086,79,40
62,6957,3153.54318281273,75,13
89,9691,7911.2681827746,98,9
15,1208,93.6827332143096,41,26
42,2766,621.542689979588,86,44
12,7238,500.810561283038,81,69
65,5180,2566.86800806275,80,15
96,7309,6604.42151741536,97,1
57,4069,1572.43627668408,67,10
31,2029,295.840780386983,70,39
25,5702,654.495368913132,50,25
40,5651,1175.33843496289,77,37
79,3111,2162.98943110375,83,4
8,7141,426.740806782119,83,75
38,7890,1517.79957915709,77,39
63,2964,1384.86491086798,69,6
61,4125,1813.02312747863,80,19
42,1175,264.032053769348,92,50
37,9519,1760.66539474631,76,39
64,8543,4111.88042950893,83,19
23,7112,754.052217427325,70,47
51,9963,3129.74369278152,86,35
37,6408,1185.24465275075,70,33
72,2973,1774.43047842025,72,0
26,8313,992.974581132703,54,28
2,7410,367.394414457982,81,79
95,6084,5393.18836917332,97,2
63,1181,551.796713810756,78,15
46,2133,557.894829316425,55,9
10,2721,174.776021579711,83,73
63,4395,2053.46871905019,69,6
30,4616,646.73723794902,53,23
68,1312,706.845762238602,72,4
38,9745,1874.64599478908,74,36
89,9808,8006.78137825335,89,0
65,3537,1752.70504720424,81,16
15,3201,248.243732631627,65,50
13,9919,712.711876031573,53,40
92,9696,8229.94406870812,93,1
55,7776,2809.35421536173,86,31
59,8642,3565.28469143563,68,9
88,9982,8039.79652437857,89,1
58,7646,3053.70942696406,72,14
35,5198,888.458031985888,85,50
18,7566,658.935585167437,74,56
34,3458,568.094332011497,52,18
88,7380,5944.06915947844,88,0
44,8089,1962.06475794147,56,12
32,9379,1423.08299259463,56,24
96,4442,4013.79674105336,97,1
20,6389,601.75706549361,73,53
59,9616,3967.1115011392,79,20
1,7068,342.322883165758,56,55
77,4438,2964.36021920818,85,8
92,2397,2034.56847490649,93,1
39,8054,1611.15971806495,92,53
98,2758,2586.01557320063,98,0
88,6725,5416.5128858391,94,6
49,2635,770.047764328128,59,10
21,9541,934.700198845573,75,54
96,3479,3143.62873978493,97,1
60,8849,3769.10912435349,89,29
21,3338,327.012814563099,83,62
54,8258,2882.81505029197,88,34
97,1792,1650.79370643086,98,1
55,8098,2925.68807047316,75,20
76,8038,5256.85579583299,79,3
82,7402,5436.73784746496,84,2
83,4177,3120.36333020269,88,5
54,6446,2250.25742482223,63,9
53,2697,909.344920484738,86,33
91,2907,2435.7442684345,91,0
14,8345,622.877697080358,71,57
96,2672,2414.42253311449,99,3
20,2287,215.404352603519,84,64
42,7927,1781.26135338691,90,48
36,4324,768.879214608943,74,38
34,3219,528.830438040777,54,20
59,6641,2739.76575281462,73,14
96,2313,2090.02968528961,96,0
60,5952,2535.17205426059,83,23
19,9293,841.611988948998,44,25
6,7908,441.242860514612,72,66
44,4246,1029.90814219551,74,30
49,1853,541.517460075909,87,38
31,6696,976.31831713713,71,40
2,5462,270.810835596424,79,77
6,6367,355.259647558995,76,70
67,7494,3928.91503646123,80,13
41,3367,727.972653738856,79,38
29,5019,675.715788826188,74,45
35,9649,1649.23654302267,73,38
34,5131,842.941589806533,88,54
12,6540,452.514654710012,87,75
27,7196,894.525206616657,57,30
93,7108,6113.97602083725,98,5
34,9091,1493.50652756406,80,46
53,6709,2262.06713812833,78,25
31,4614,672.749808134814,78,47
57,5457,2108.81906165275,74,17
81,1426,1029.11643368841,88,7
99,3343,3183.80952380952,99,0
88,3756,3025.19292181586,88,0
41,1826,394.795980316944,79,38
87,3715,2950.80644754045,98,11
2,7178,355.89164736564,49,47
70,6189,3514.21420535514,91,21
2,2665,132.133078884011,87,85
22,2976,303.293375309318,67,45
24,3959,436.726810842714,73,49
19,2745,248.598397682664,57,38
32,7325,1111.42796894719,62,30
59,8158,3365.60894616198,84,25
65,8260,4093.11385069466,79,14
70,2449,1390.58177232424,88,18
28,1345,173.997465811531,59,31
34,3151,517.659120927769,74,40
71,2430,1415.10878844814,74,3
9,3857,238.868399226176,82,73
56,5138,1920.26684505567,72,16
54,9015,3147.0789147956,73,19
67,3411,1788.3011995422,67,0
83,8738,6527.58792897082,94,11
89,9893,8076.17130659262,91,2
25,2564,294.304827410254,58,33
46,7157,1871.94247230082,73,27
96,7407,6692.97443966282,97,1
67,7611,3990.25518314737,88,21
90,1563,1292.81079726404,91,1
16,4324,348.483583168424,85,69
68,8583,4624.12894610817,68,0
17,9150,766.499506727826,38,21
65,2106,1043.59537161779,79,14
73,4246,2595.53817730345,78,5
28,5679,734.670340775976,73,45
71,6705,3904.65202738467,92,21
33,6830,1078.35930361175,68,35
17,4047,339.018962156012,76,59
90,9234,7637.75745485358,93,3
78,7612,5189.2162923042,81,3
87,4503,3576.7110183781,92,5
69,7770,4298.9678910265,83,14
51,9280,2915.18834377321,79,28
78,1524,1038.93400282076,93,15
35,2487,425.085634003252,83,48
2,5696,282.412764474044,84,82
24,4629,510.636122099248,75,51
57,4058,1568.18540446891,84,27
8,6520,389.630312311919,76,68
32,4662,707.368899826866,45,13
2,4255,210.966698180663,72,70
95,4050,3590.14018657987,98,3
79,8831,6139.94203345458,91,12
80,3778,2677.0892512634,90,10
91,9904,8298.45587704688,95,4
60,5051,2151.40356956826,64,4
59,3051,1258.69979097085,67,8
13,6658,478.398595686885,68,55
85,3935,3034.83364120751,85,0
6,1454,81.128871925676,50,44
75,6222,3981.39971121903,89,14
82,8855,6503.96023227536,89,7
58,2319,926.177368706468,79,21
64,4753,2287.69374709773,75,11
60,5518,2350.31575863743,80,20
55,9146,3304.31502748179,70,15
87,7768,6170.08465262293,87,0
86,8848,6927.16614741066,93,7
30,9138,1280.30435016857,53,23
9,5708,353.502935645064,63,54
21,6438,630.709556667834,84,63
74,8086,5058.96677709872,88,14
37,6614,1223.34708696839,56,19
92,6299,5346.57773192992,95,3
49,5530,1616.07747124651,83,34
3,4896,249.216311725981,57,54
39,7981,1596.55645764544,84,45
78,3490,2379.18613506853,79,1
72,4707,2809.36571204982,91,19
0,9041,584.339477541861,85,85
29,3661,492.886133272101,86,57
50,7061,2139.79902867889,83,33
71,4127,2403.3555431792,85,14
99,1769,1684.7619047619,99,0
31,3609,526.214576844071,58,27
89,4276,3490.72157151421,91,2
36,2643,469.969418180258,72,36
96,1168,1055.40625699017,96,0
52,1558,507.149750055735,63,11
56,3564,1332.00292638739,64,8
36,2576,458.055702320221,82,46
21,4446,435.559908192791,71,50
66,3310,1687.64109080797,88,22
99,9076,8643.80952380952,99,0
90,5691,4707.22088754296,92,2
15,2230,172.940807175423,88,73
59,3823,1577.19085574617,75,16
37,4375,809.214318942654,81,44
12,4494,310.948143465871,64,52
7,6398,369.232243867485,57,50
22,5626,573.363081145909,64,42
67,1774,930.063420694184,75,8
92,4689,3980.01317431646,95,3
13,1041,74.7991796500522,72,59
56,2638,985.921357971362,86,30
97,7969,7341.05750365377,97,0
90,8062,6668.35614046237,91,1
74,8444,5282.94774496928,81,7
28,2079,268.952216670761,69,41
25,4094,469.923542674563,82,57
32,6522,989.588152010043,90,58
63,9464,4421.84936452582,75,12
13,3109,223.391594171001,57,44
8,1085,64.8387866347289,65,57
97,1601,1474.84415401552,98,1
44,4277,1037.42749038394,67,23
77,5693,3802.63693734839,86,9
91,3066,2568.96867114557,94,3
18,5808,505.828426996098,48,30
76,1108,724.632523237491,89,13
15,3751,290.897294939466,85,70
28,3349,433.247221563434,68,40
44,4444,1077.93494675385,67,23
74,5926,3707.57322793557,85,11
24,5902,651.063813486663,77,53
62,3526,1598.30289817417,66,4
61,3099,1362.0748295894,83,22
55,1265,457.025859366331,58,3
52,2437,793.275956922866,80,28
43,3351,782.427263501389,80,37
1,6371,308.565236085038,89,88
80,5195,3681.1748703847,80,0
82,8108,5955.29187614778,89,7
48,3778,1064.33572988376,88,40
75,8609,5508.81872611454,92,17
9,7326,453.707516912357,84,75
22,4696,478.583901361747,25,3
68,6455,3477.65960003825,74,6
85,7879,6076.60845211536,86,1
10,5056,324.758384824337,49,39
54,6298,2198.59157020329,78,24
8,5913,353.356447346684,83,75
96,5953,5379.13822590965,96,0
30,2905,407.012928128662,81,51
99,1312,1249.52380952381,99,0
64,8388,4037.27648867153,71,7
3,6247,317.984946763113,72,69
30,5704,799.174437881544,73,43
59,5295,2184.46915542139,61,2
42,5573,1252.29841332475,55,13
88,3825,3080.76755216871,91,3
30,3066,429.570271133383,83,53
57,3518,1359.50622299695,77,20
85,1847,1424.48227072688,95,10
71,1259,733.177763233005,85,14
41,4866,1052.06858719729,78,37
38,5349,1028.98731925364,66,28
18,2030,176.796092768953,77,59
73,4724,2887.73489156417,75,2
69,8185,4528.57814518043,84,15
40,1255,261.024550677478,86,46
98,1176,1102.66653882667,99,1
35,2247,384.064101168197,84,49
38,3479,669.255353090938,77,39
88,8494,6841.31753937804,88,0
5,6027,325.586439623874,82,77
23,7073,749.917229170904,79,56
40,8041,1672.4290135439,72,32
26,1084,129.482069763966,76,50
89,3307,2699.67638844656,95,6
35,9872,1687.35238394857,68,33
88,6754,5439.8703391758,90,2
50,9391,2845.89331232453,66,16
68,6369,3431.32672233053,80,12
28,2785,360.284715453617,74,46
57,1529,590.871237908568,71,14
20,1982,186.677493161423,25,5
34,5562,913.748026213981,78,44
9,3697,228.959417147828,62,53
33,1488,234.933915633132,68,35
29,2005,269.936273480077,83,54
39,2301,460.302770209518,70,31
22,1034,105.378141824541,66,44
28,1948,252.005251599155,76,48
48,2895,815.577537854282,69,21
88,3565,2871.35590156377,90,2
51,1717,539.37267093304,68,17
67,2138,1120.89943260663,81,14
60,8148,3470.52787266722,70,10
79,5195,3611.93509951269,86,7
20,1029,96.9178307079237,41,21
29,7039,947.671535673947,83,54
26,9558,1141.68784391512,60,34
65,1047,518.82447962195,79,14
59,5856,2415.91149653402,74,15
88,9664,7783.66996710023,91,3
2,5345,265.009871157613,74,72
50,6703,2031.30900569815,69,19
9,9651,597.697412738351,80,71
86,4278,3349.27856901253,86,0
1,8711,421.897939340255,78,77
20,3722,350.561871617971,82,62
5,3449,186.319500624314,73,68
61,9255,4067.76461692478,77,16
99,8575,8166.66666666667,99,0
64,5367,2583.22161596329,73,9
22,5262,536.266714004581,88,66
9,6297,389.980375920982,77,68
71,4143,2412.67313190972,93,22
18,1692,147.359107864566,72,54
85,6252,4821.79921850809,88,3
19,2936,265.896136829254,69,50
35,3727,637.0302203177,63,28
9,9032,559.362038322742,18,9
78,8685,5920.69672867341,88,10
15,4565,354.024567155069,57,42
47,1675,454.748957720756,86,39
69,4270,2362.49586804159,84,15
36,5629,1000.92994889772,82,46
18,3036,264.410314111597,59,41
55,2393,864.555637520656,89,34
18,8939,778.512449882596,50,32
65,4059,2011.37398546848,91,26
12,5425,375.365749510981,69,57
98,4928,4620.69787698794,98,0
88,1633,1315.26625168405,91,3
8,5044,301.425658788546,61,53
56,3922,1465.80120013786,81,25
53,4221,1423.19054852283,72,19
90,1637,1354.01873008396,93,3
65,3925,1944.9723806267,75,10
55,9001,3251.92866415521,69,14
20,1389,130.824943492037,85,65
60,3874,1650.07670332754,62,2
23,5595,593.211776786541,65,42
16,5483,441.890723060238,73,57
52,4853,1579.71613415949,81,29
77,8291,5537.96993633506,93,16
64,7958,3830.31071731617,78,14
83,2602,1943.78390835226,90,7
7,2852,164.59055322133,73,66
21,9259,907.073591983143,51,30
60,3399,1447.75702493813,84,24
30,6025,844.14901617046,82,52
8,4866,290.788512225429,77,69
80,6973,4941.06494151925,80,0
63,3528,1648.38171576998,76,13
23,5762,610.918008551216,69,46
58,8466,3381.20638355712,58,0
16,1085,87.4432672843987,59,43
15,3122,242.117130045592,77,62
24,7587,836.940215676603,74,50
11,8660,577.193533782652,87,76
16,9548,769.500752102709,64,48
81,7675,5538.89805649265,87,6
31,5174,754.401280296821,41,10
16,5967,480.897673627656,61,45
20,5156,485.625204208022,89,69
83,3751,2802.12661038791,87,4
38,4811,925.492240218599,77,39
63,3154,1473.63830259028,84,21
39,4687,937.609336797919,75,36
87,4563,3624.36872681751,91,4
87,3969,3152.5574132673,87,0
73,1279,781.840162216464,84,11
55,1179,425.955326634707,80,25
42,6968,1565.76625588495,90,48
24,6330,698.277522766956,78,54
45,5516,1389.54779972705,51,6
0,1873,121.056060329157,74,74
56,1413,528.092069300051,64,8
25,6624,760.325731967833,70,45
65,8819,4370.11756044506,91,26
28,4312,557.826819761579,54,26
93,5342,4594.94371177723,93,0
13,4122,296.178884262743,80,67
70,1820,1033.42540858723,70,0
94,6385,5570.51172972042,94,0
67,6205,3253.12487339764,89,22
94,5124,4470.36837949685,95,1
2,5047,250.234765151071,72,70
45,4165,1049.21439192588,84,39
31,9724,1417.81949161312,73,42
19,8860,802.397742611442,74,55
54,1543,538.651443763684,87,33
38,3428,659.444481286501,66,28
26,3917,467.879397846361,82,56
8,8067,482.077872610468,70,62
88,4737,3815.31918813677,92,4
41,9541,2062.84142837019,64,23
82,3862,2836.62274613749,91,9
96,1158,1046.37024451594,96,0
63,1309,611.601946128941,89,26
88,5423,4367.84377396363,88,0
35,9778,1671.28561692151,57,22
94,8018,6995.20173044609,97,3
77,1476,985.893574482034,79,2
16,9684,780.461382840661,80,64
98,1927,1806.83539142771,98,0
57,4639,1792.7087460156,84,27
96,4391,3967.71307743479,99,3
69,1454,804.465806120017,88,19
51,2930,920.420457678396,68,17
17,3330,278.955558186192,74,57
85,4596,3544.62399364414,91,6
32,1623,246.259057146933,88,56
19,4856,439.779169088167,84,65
68,6144,3310.10698414175,88,20
69,2355,1302.96903260842,87,18
75,8098,5181.83459682606,90,15
18,6577,572.801922237145,88,70
67,1402,735.033210717726,74,7
1,2632,127.475074772535,76,75
92,9677,8213.81690933256,95,3
93,8820,7586.56000334616,93,0
49,8163,2385.54075909317,77,28
20,5993,564.459241431085,56,36
46,7237,1892.86679782605,55,9
71,6075,3537.77197112034,90,19
81,3682,2657.2277060594,89,8
58,5918,2363.56949892405,67,9
42,1450,325.826789757919,66,24
28,3946,510.478810477549,62,34
98,1530,1434.59167041224,98,0
12,7446,515.202464674426,88,76
72,5085,3034.97443079952,83,11
74,6329,3959.70822808036,82,8
32,4889,741.811787055673,61,29
9,3466,214.653324272213,82,73
68,8062,4343.43790790214,92,24
4,7569,396.508268473638,59,55
53,2282,769.419765868065,67,14
3,4564,232.316839607307,78,75
66,4482,2285.19860090674,67,1
44,9548,2315.9592420355,80,36
97,1675,1543.0130905534,97,0
83,9813,7330.65007404333,93,10
92,4748,4030.09224816689,92,0
20,5598,527.255603792961,68,48
34,8074,1326.42962309451,75,41
9,2167,134.204776023625,43,34
40,4051,842.558131310328,78,38
7,9538,550.44344201439,83,76
12,8330,576.368054087829,86,74
84,7038,5343.84426329032,92,8
34,8337,1369.63633486982,88,54
25,1150,132.000995133304,87,62
36,7930,1410.0860711954,44,8
61,1413,621.042831303589,77,16
52,1746,568.346253913551,56,4
89,9704,7921.88076005001,89,0
58,2344,936.162032017232,76,18
46,5557,1453.45596179624,77,31
51,7102,2230.99866567644,64,13
29,7694,1035.8552060627,62,33
24,7328,808.369302817734,79,55
57,9960,3848.97156937171,89,32
79,3612,2511.32041952644,86,7
60,2477,1055.04388078016,82,22
49,8776,2564.68280066173,88,39
17,9102,762.478525708926,58,41
34,5546,911.11948101092,78,44
27,1807,224.625771033393,75,48
22,2963,301.968505054271,69,47
81,9995,7213.19688268977,86,5
1,7815,378.502169204924,74,73
53,7043,2374.68159991621,63,10
71,1823,1061.62276598393,84,13
47,9880,2682.34012076482,84,37
40,3505,728.996852688892,66,26
92,2291,1944.59590154809,93,1
33,7727,1219.98277291479,67,34
19,2879,260.733984309068,59,40
16,2888,232.75221743534,78,62
27,8716,1083.4743886702,82,55
59,1325,546.63298034624,76,17
87,2096,1664.8426148169,95,8
46,9889,2586.5081889874,88,42
98,9870,9254.52273658095,99,1
49,4133,1207.82064894427,75,26
93,3374,2902.16025524829,94,1
86,3133,2452.84940549702,87,1
51,8800,2764.40273978494,67,16
41,6298,1361.67857833303,53,12
8,4721,282.123420924014,72,64
36,6913,1229.24653343932,69,33
7,2677,154.491203006136,73,66
1,3782,183.172770816765,60,59
40,8939,1859.2019589689,75,35
86,1053,824.401667407711,86,0
20,1692,159.363430085332,21,1
56,7087,2648.6825867866,82,26
26,7962,951.048191384408,69,43
10,3389,217.683181600016,70,60
12,2976,205.914925446024,83,71
21,3217,315.158844951914,76,55
74,6099,3815.80984090095,75,1
98,7714,7232.96741539873,99,1
66,5929,3022.9679841089,82,16
33,1626,256.722141679753,64,31
73,9283,5674.60690059065,90,17
77,6735,4498.64039575644,92,15
16,5595,450.917124844434,77,61
27,4752,590.714811262139,90,63
49,8810,2574.6189008466,70,21
91,4361,3654.03534731436,96,5
5,1949,105.28753456561,83,78
1,1023,49.5467330897808,81,80
23,6190,656.296854031938,76,53
77,4567,3050.52571453892,78,1
69,9957,5508.98626653164,70,1
0,2872,185.623601316251,58,58
53,8901,3001.14168974218,68,15
38,5744,1104.97348322919,80,42
94,3395,2961.92440444805,97,3
20,5766,543.078923092214,85,65
12,8787,607.988726442947,85,73
30,2148,300.951383690315,75,45
67,2825,1481.07619135348,76,9
30,1724,241.545710187199,79,49
60,1399,595.884694877448,82,22
20,5868,552.685938381046,57,37
11,7711,513.942186951273,84,73
27,5445,676.860721237868,70,43
98,4758,4461.29880249769,99,1
29,1339,180.271655955024,80,51
90,4996,4132.36259957207,90,0
22,4650,473.89589892081,70,48
14,4747,354.320003360151,86,72
71,6318,3679.28284996515,86,15
4,5457,285.869417500415,72,68
43,4917,1148.0736659613,71,28
97,5289,4872.23655876833,98,1
38,3065,589.614158443152,68,30
56,5706,2132.55013972123,67,11
61,9634,4234.34298427372,71,10
76,3908,2555.8338454983,87,11
2,1867,92.5675265577669,74,72
62,7873,3568.75743542972,71,9
90,3800,3143.11006372575,93,3
6,2771,154.613551654779,70,64
42,4163,935.459948801528,70,28
5,5276,285.016435283816,74,69
49,9552,2791.45967546955,59,10
67,6891,3612.77735738649,80,13
11,4041,269.334765590727,80,69
53,3489,1176.38280592186,73,20
57,5953,2300.49475426403,70,13
67,3676,1927.23401041253,78,11
40,8037,1671.59706278477,42,2
28,3421,442.561584045538,88,60
95,4816,4269.16423174535,96,1
1,5051,244.633967582095,13,12
29,4681,630.210322274434,84,55
88,6532,5261.06500673621,89,1
28,3925,507.762121420268,80,52
39,6688,1337.89870802315,67,28
26,2700,322.510690371502,88,62
38,3673,706.575139954877,63,25
69,9992,5528.35098676149,74,5
56,3921,1465.42746194303,83,27
50,1939,587.603783686217,82,32
51,1909,599.686912528347,90,39
55,3506,1266.66613671016,82,27
31,8477,1235.99915985237,90,59
31,3387,493.845600379848,75,44
87,8760,6958.02543215459,88,1
87,1211,961.891415335526,96,9
1,1113,53.9056832149815,81,80
8,2971,177.544732803483,83,75
22,7562,770.666836051433,82,60
41,1191,257.503840392925,80,39
30,9843,1379.08029313956,65,35
61,3490,1533.92744603646,79,18
95,4810,4263.84550554301,98,3
32,6936,1052.40469523791,49,17
57,2992,1156.23724252612,74,17
34,6655,1093.31052039807,77,43
65,4587,2273.01612991966,72,7
98,3983,3734.62655114508,98,0
83,3387,2530.20603289359,85,2
74,4126,2581.41193696628,95,21
60,7398,3151.07574889447,86,26
88,7025,5658.14171346017,97,9
79,5001,3477.05244132107,81,2
50,8000,2424.35805543565,52,2
76,9604,6281.02053535457,93,17
88,5345,4305.02027878215,91,3
59,9790,4038.89575667146,64,5
5,2796,151.043584733425,55,50
52,9639,3137.62287598667,82,30
53,9042,3048.68252540712,89,36
83,6113,4566.62222588677,84,1
90,4529,3746.09091542472,94,4
26,4775,570.366128342194,43,17
52,8126,2645.1212252586,52,0
60,9263,3945.44669667606,68,8
65,1612,798.801395559296,76,11
37,8719,1612.69477642537,77,40
37,2636,487.563187367505,73,36
46,1998,522.5850299926,89,43
21,8883,870.238116166568,76,55
40,9360,1946.76477636748,61,21
32,5475,830.726024571448,58,26
26,1478,176.544740877437,75,49
58,4858,1940.21977454766,81,23
6,4662,260.125722776824,81,75
28,4093,529.495633878512,83,55
61,3723,1636.33578269162,67,6
82,6858,5037.17213697848,93,11
29,5693,766.457458814005,62,33
24,2962,326.745343196797,50,26
17,2462,206.242818094416,81,64
9,4460,276.212875433949,60,51
79,8041,5590.67760061242,94,15
81,9208,6645.23430673411,84,3
94,3817,3330.09291657679,97,3
2,1968,97.5751967143467,87,85
26,1637,195.537037088203,85,59
99,7679,7313.33333333333,99,0
14,3779,282.067683315359,91,77
64,1273,612.714946361332,77,13
99,8670,8257.14285714286,99,0
1,1744,84.466766870555,77,76
70,6797,3859.4464297623,86,16
91,9294,7787.34338865849,93,2
47,1022,277.464737188425,71,24
47,5768,1565.96536604974,84,37
89,4402,3593.58193587594,92,3
16,5224,421.017168934285,66,50
77,2815,1880.27805702366,95,18
33,2379,375.610070760229,75,42
51,4729,1485.55233595943,64,13
58,6564,2621.57319887419,58,0
15,2032,157.5855247446,68,53
47,6896,1872.20824623423,92,45
45,4227,1064.83294950077,55,10
40,7690,1599.42533443012,74,34
92,2836,2407.19073626818,94,2
26,4078,487.11059086481,68,42
21,1872,183.393645554859,65,44
25,8231,944.782774732372,65,40
30,7524,1054.17048923926,82,52
85,1554,1198.50863492667,90,5
40,2620,544.927747231069,70,30
95,4015,3559.11428373289,96,1
69,1753,969.895844655014,87,18
29,2205,296.862585049162,77,48
62,6659,3018.46256351156,66,4
92,5271,4474.0135299258,95,3
42,9240,2076.30312921598,63,21
48,2717,765.431492348906,82,34
13,5734,412.006240262631,58,45
27,9854,1224.93765786556,36,9
59,1473,607.690852867933,77,18
62,8660,3925.49719177206,74,12
35,6296,1076.13154470626,81,46
6,2380,132.796915531712,65,59
24,8555,943.722623581566,70,46
86,1470,1150.87412259196,96,10
21,5396,528.628264644242,72,51
14,4243,316.701026807904,57,43
8,9574,572.135062894834,86,78
31,6487,945.844821276667,73,42
97,2069,1905.96661752537,98,1
18,8940,778.599541553911,86,68
24,7806,861.098632341052,68,44
73,4862,2972.09293877752,84,11
46,5030,1315.61696739879,66,20
92,5050,4286.42920245215,95,3
48,1219,343.415895904791,84,36
38,9396,1807.50885244106,45,7
14,8586,640.866136265064,79,65
32,4563,692.347552533245,78,46
56,2970,1110.00243865616,65,9
44,7277,1765.10634732848,68,24
19,1936,175.332057527737,85,66
79,9550,6639.84219448435,83,4
41,9260,2002.08695385263,55,14
85,1502,1158.40409888022,93,8
43,9383,2190.84303593958,80,37
84,5908,4485.85278595044,94,10
44,6946,1684.8191134456,71,27
17,1186,99.3517393419893,76,59
45,8051,2028.14527476477,82,37
97,5350,4928.42987131982,97,0
66,7571,3860.16033187527,68,2
7,5046,291.20754963353,77,70
3,9372,477.053773181351,69,66
12,6938,480.053008314688,76,64
69,6133,3393.25226199042,84,15
91,1712,1434.46652478839,92,1
66,5532,2820.55302548329,70,4
78,3407,2322.60377139785,83,5
22,4992,508.750177938211,68,46
38,6373,1225.97423548392,59,21
51,6220,1953.93011834799,86,35
36,1750,311.179145597976,75,39
40,1612,335.276155929955,78,38
23,2569,272.37909822424,85,62
39,6660,1332.29745745128,82,43
48,6370,1794.55230263619,72,24
68,7450,4013.72022002865,80,12
65,2314,1146.66651943189,76,11
70,1631,926.108154618555,83,13
47,9676,2626.95577009315,87,40
30,1322,185.222406535659,75,45
85,5578,4301.98273205984,91,6
84,9316,7073.49433884805,87,3
29,1553,209.082809333945,83,54
55,3083,1113.84246990229,85,30
58,7075,2825.65971694621,87,29
44,1453,352.439126380141,83,39
45,7297,1838.20346167662,56,11
40,6021,1252.29388018254,52,12
34,9281,1524.72050185041,59,25
97,3183,2932.18547297402,97,0
78,3710,2529.16348455709,78,0
58,8499,3394.38613912733,91,33
43,4563,1065.41796578837,82,39
69,7441,4116.93952086592,85,16
88,2800,2255.20239113003,92,4
62,9660,4378.78786056791,82,20
30,7402,1037.07734733506,79,49
16,1076,86.7179314267401,49,33
76,2190,1432.26103419685,85,9
95,4853,4301.96304332645,96,1
91,4526,3792.2870859768,91,0
85,5731,4419.98261696575,85,0
90,9655,7985.9809645453,90,0
34,3644,598.651169997078,50,16
53,3657,1233.02720586307,84,31
64,5802,2792.59396605534,82,18
0,3619,233.903834666961,81,81
90,3830,3167.92409054464,97,7
56,5197,1942.31739855086,72,16
84,2796,2122.95944304628,84,0
60,9626,4100.06152458207,77,17
88,2285,1840.40623704719,94,6
28,6877,889.650983186544,88,60
70,6494,3687.39813371729,81,11
69,1300,719.261037108681,81,12
17,8091,677.786612998343,49,32
80,1493,1057.93918796619,85,5
22,2701,275.267273760238,68,46
86,5939,4649.6880367848,97,11
74,3785,2368.06693684376,78,4
92,5767,4895.01726941417,93,1
0,1906,123.188922043445,87,87
67,4847,2541.15975203197,84,17
47,8790,2386.4139333525,87,40
95,4802,4256.75387060656,95,0
62,5131,2325.8344215915,78,16
8,9955,594.903337279932,83,75
28,2640,341.526624343824,74,46
39,8232,1646.76766812897,72,33
80,8181,5797.05324631708,85,5
87,7666,6089.06654827592,92,5
91,9635,8073.06364856085,94,3
85,9313,7182.56815770407,88,3
76,8127,5315.061837862,96,20
61,1702,748.064330416637,72,11
50,9581,2903.47181614113,76,26
24,9554,1053.9247160372,80,56
80,6791,4812.09981612752,93,13
84,5364,4072.80202163815,85,1
5,3062,165.413253381168,52,47
78,9576,6528.10499410208,83,5
17,7841,656.844003524905,73,56
28,9392,1215.00683933227,90,62
39,7344,1469.12800713546,79,40
62,3906,1770.55335231659,84,22
89,2270,1853.1192627075,90,1
30,1660,232.578816073521,62,32
86,6840,5355.08775410137,92,6
72,5975,3566.16956224722,89,17
0,7638,493.660538598024,72,72
17,1784,149.446461202453,41,24
58,8338,3330.08490740601,94,36
82,8970,6588.42724827893,86,4
3,8587,437.095683985089,84,81
71,2215,1289.90368988174,80,9
5,7375,398.407166455296,65,60
9,3470,214.901048824171,15,6
73,1568,958.503029206737,76,3
42,9369,2105.29047809789,92,50
25,6363,730.367245246274,76,51
27,3920,487.289995822303,69,42
13,6349,456.195957346956,65,52
69,1737,961.043401121368,73,4
67,5213,2733.04431346042,72,5
32,9796,1486.35472816473,68,36
96,8963,8098.97798065315,96,0
85,2980,2298.29841189285,85,0
72,6471,3862.20639954841,76,4
99,2181,2077.14285714286,99,0
33,4456,703.538661331476,52,19
72,5712,3409.19841666211,81,9
23,2460,260.822336174243,79,56
43,7121,1662.68712127526,71,28
65,4860,2408.29701142567,81,16
61,6099,2680.63710411931,78,17
60,8965,3818.51771949701,82,22
76,1746,1141.88482452406,92,16
76,2409,1575.48713761653,78,2
91,5227,4379.64750296083,94,3
20,9243,870.565120732107,71,51
43,2672,623.88709283071,55,12
53,6465,2179.79789059467,72,19
15,1237,95.9317392269048,87,72
83,1248,932.299122837672,95,12
18,3703,322.500458878538,84,66
11,1434,95.5768507441481,42,31
81,6644,4794.84543157487,86,5
96,6793,6138.16327374505,98,2
3,9383,477.613695450343,90,87
16,7295,587.925009068837,51,35
2,3018,149.635133985721,79,77
4,1157,60.6103932651604,68,64
8,5237,312.959194106982,58,50
37,4655,861.004035354984,71,34
76,4786,3130.04626012151,88,12
40,3569,742.308064834994,78,38
76,2433,1591.1831489502,85,9
28,6680,864.165852506342,36,8
3,5760,293.195660854095,78,75
7,7026,405.474483496866,69,62
66,1974,1006.46631820391,82,16
59,9391,3874.28703277852,79,20
20,4010,377.687561845261,68,48
72,3332,1988.69907638623,73,1
61,4163,1829.72491628934,75,14
50,6474,1961.9117563613,84,34
15,6117,474.385164794646,64,49
26,5522,659.594086011643,87,61
32,9276,1407.45472217804,74,42
75,7844,5019.30236817777,80,5
32,5587,847.719872014736,80,48
81,4470,3225.9119625436,89,8
67,6641,3481.70866788618,90,23
64,1543,742.670198142605,78,14
81,6049,4365.44551709759,81,0
10,7408,475.832696752114,49,39
50,7491,2270.10827415856,81,31
29,4815,648.250951025722,79,50
46,9384,2454.42338410939,54,8
50,9896,2998.93091457391,55,5
49,4003,1169.82967764914,85,36
23,3887,412.120496223286,70,47
37,2096,387.683020000869,77,40
39,4571,914.404155857326,73,34
44,1617,392.218903893109,83,39
20,3929,370.058461468836,52,32
5,8324,449.673390315103,87,82
0,1800,116.337911688458,81,81
91,3505,2936.80208492017,95,4
76,3501,2289.65565329825,90,14
21,8787,860.833313830422,79,58
47,5682,1542.61706135483,82,35
61,2453,1078.14441980729,87,26
80,4013,2843.61015492854,87,7
61,3315,1457.01131335555,72,11
96,2217,2003.28396553699,98,2
9,3762,232.984941117156,47,38
41,9681,2093.11056158178,91,50
20,5326,501.636896356075,84,64
60,6476,2758.36260473649,76,16
73,1217,743.940169990178,75,2
40,9688,2014.98473861626,59,19
58,3374,1347.53016042071,78,20
46,5198,1359.55805100177,79,33
55,8227,2972.2938695706,64,9
23,2080,220.532707009116,63,40
69,7143,3952.06276005178,90,21
16,4072,328.174179153983,90,74
77,6410,4281.55678348905,82,5
99,1766,1681.90476190476,99,0
36,4058,721.57998447805,51,15
22,9738,992.429734127064,87,65
3,3037,154.5894482663,73,70
48,8943,2519.41620760996,86,38
99,8656,8243.80952380952,99,0
34,8788,1443.7284527811,90,56
49,2341,684.129721552997,86,37
85,8269,6377.39247246375,88,3
71,4141,2411.50843331841,76,5
72,2249,1342.31219171448,77,5
27,6178,767.978978109743,73,46
58,1638,654.195140121257,86,28
94,2479,2162.77189944822,97,3
17,9071,759.88164213422,87,70
43,3491,815.115958485034,61,18
11,6157,410.367273383347,58,47
80,2738,1940.1456775964,85,5
13,8030,576.98118404411,83,70
6,1043,58.1962953359561,82,76
3,3976,202.386449228452,61,58
75,3620,2316.40420357006,89,14
92,1760,1493.88423689421,97,5
32,7354,1115.82816158875,88,56
72,3368,2010.18562102906,75,3
88,1625,1308.82281628082,90,2
70,3506,1990.76345192683,73,3
15,5641,437.470445415497,33,18
92,8036,6820.93961800108,92,0
35,4022,687.452521094121,69,34
6,1463,81.6310451356699,76,70
23,7761,822.862663027766,68,45
77,1046,698.675256712878,78,1
6,7115,396.995821011819,59,53
80,3057,2166.18894682695,83,3
13,3113,223.679006965045,81,68
57,7895,3050.96692170579,58,1
76,3872,2532.2898284978,80,4
40,2167,450.709323759438,44,4
15,8944,693.624475056941,84,69
58,3170,1266.05530780487,72,14
99,1536,1462.85714285714,99,0
33,7995,1262.29613944011,79,46
5,5992,323.695693749171,85,80
32,3345,507.539461587488,43,11
76,2660,1739.64125614777,79,3
68,2036,1096.90394201051,82,14
28,7256,938.680752363176,83,55
78,1115,760.112475817023,85,7
50,1691,512.448683967712,79,29
17,5923,496.17230364469,87,70
11,1203,80.1805798083753,70,59
13,9817,705.382849783441,68,55
24,5138,566.785136173242,79,55
7,6671,384.987230203187,67,60
80,1397,989.913627320004,82,2
9,9808,607.42060140273,74,65
51,1335,419.372461092375,77,26
58,3899,1557.20808994675,75,17
21,5266,515.892594814043,72,51
34,5520,906.848095055946,74,40
61,2185,960.352856615953,76,15
39,5317,1063.63747466493,72,33
51,7005,2200.52740820381,90,39
59,2124,876.26298132484,62,3
30,5355,750.276843417894,83,53
78,9788,6672.62862179105,82,4
29,5413,728.760622617286,72,43
40,9825,2043.47905211651,77,37
63,3247,1517.09054169646,72,9
63,2491,1163.86588831718,72,9
79,8468,5887.55850292078,81,2
50,2893,876.708481796919,78,28
26,2948,352.133894524144,80,54
56,6312,2359.03548579046,61,5
2,3279,162.575746964605,53,51
74,1782,1114.8996780596,87,13
32,4133,627.103316813479,67,35
13,4723,339.362656567912,80,67
42,2945,661.765445404876,79,37
20,5581,525.654434578155,86,66
44,2468,598.637139646378,77,33
49,8255,2412.42667724049,86,37
14,2952,220.339719806018,64,50
34,2927,480.859488084919,83,49
85,4364,3365.69606359074,95,10
45,4160,1047.95483083113,61,16
7,1795,103.590477921559,73,66
48,5771,1625.8024079299,93,45
46,9041,2364.71033841997,78,32
59,1601,660.497661535343,79,20
52,9193,2992.44393598355,86,34
89,3487,2846.61976610618,93,4
24,2721,300.160053625417,85,61
62,2788,1263.77438460283,70,8
72,2213,1320.82564707165,74,2
69,8704,4815.72928230304,88,19
27,3457,429.735080499414,67,40
75,8934,5716.78319190467,89,14
80,3147,2229.96290993275,87,7
97,2608,2402.49441203778,97,0
41,4778,1033.04227489286,79,38
58,1695,676.960172469799,85,27
71,4447,2589.70731778965,83,12
48,5417,1526.07375563269,82,34
72,7171,4280.00032315896,80,8
21,2883,282.437970157404,77,56
68,5284,2846.77820706462,78,10
76,3935,2573.49185824867,83,7
91,3580,2999.64378431218,92,1
35,9718,1661.03023371275,61,26
39,5271,1054.43542015401,79,40
97,5358,4935.79948608067,97,0
52,6377,2075.79843138987,74,22
10,3886,249.606622513326,58,48
47,6010,1631.66640949358,73,26
48,2141,603.161142848365,82,34
23,6903,731.892921386505,75,52
11,3076,205.017010382845,72,61
14,7918,591.006064168038,85,71
31,4538,661.668536912828,76,45
37,7195,1330.81074852398,87,50
6,3953,220.565633233973,82,76
98,3321,3113.90780224775,98,0
67,2884,1512.00840207555,93,26
66,4885,2490.67272767279,94,28
58,6324,2525.72043109086,72,14
87,5046,4008.0132797548,91,4
46,1163,304.18738232302,86,40
20,6474,609.762911567636,89,69
68,3143,1693.30505389934,78,10
93,7849,6751.35027962177,93,0
26,3464,413.769270906253,83,57
93,9420,8102.65252058059,93,0
63,3649,1704.91634944576,67,4
68,1503,809.747851101082,83,15
43,1094,255.43880222934,83,40
91,4399,3685.87514167298,92,1
76,3106,2031.32546676502,80,4
21,4467,437.617208703823,25,4
1,7319,354.479510737151,63,62
71,8033,4678.01189201805,76,5
71,8192,4770.60543002762,75,4
23,6603,700.085319414036,65,42
16,8196,660.539187707771,80,64
83,8669,6476.04254477547,86,3
90,3816,3156.34421136249,92,2
42,7996,1796.76621441677,65,23
59,4586,1891.96894178706,92,33
35,5706,975.28694315342,85,50
59,5298,2185.70681499953,68,9
39,6732,1346.70067320751,50,11
11,4523,301.460317932902,85,74
34,2406,395.267484910255,63,29
48,3184,896.994431961324,77,29
77,9241,6172.52203373203,88,11
25,1256,144.168043380374,81,56
76,9597,6276.44253204892,80,4
70,2322,1318.46912018656,71,1
10,1811,116.324650893369,77,67
66,8623,4396.53447916529,92,26
63,9410,4396.61903214158,75,12
42,1978,444.472682855975,76,34
53,5415,1825.77039096213,88,35
74,7224,4519.66064775676,80,6
7,4923,284.109149196566,86,79
28,1314,169.987115298403,76,48
99,8451,8048.57142857143,99,0
22,5567,567.350208449925,82,60
57,7591,2933.48827139565,71,14
48,8873,2499.69585263594,74,26
49,8746,2555.91565343977,91,42
66,2995,1527.034763435,76,10
56,1091,407.748370563592,76,20
95,2310,2047.70958790111,95,0
97,6782,6247.59091351234,98,1
10,2985,191.733342306299,87,77
70,2639,1498.46684245148,83,13
32,1158,175.704244101139,60,28
96,7066,6384.84641429155,99,3
68,4154,2237.98574416094,88,20
3,3329,169.45283940682,79,76
12,1298,89.8110125097241,86,74
40,9669,2011.03297251038,88,48
95,5839,5176.00704924441,95,0
34,5309,872.184155190583,64,30
37,1104,204.199453282901,64,27
71,4011,2335.80302488291,71,0
31,5230,762.566427513021,64,33
63,8285,3870.98710747003,76,13
15,1405,108.960463713663,65,50
45,3071,773.622424394807,61,16
28,6633,858.085643663857,73,45
9,7674,475.259552932764,82,73
16,8413,678.027841164651,87,71
81,4875,3518.19257659956,82,1
0,6567,424.439481143391,59,59
4,5942,311.276540001368,67,63
26,4492,536.562230055107,80,54
90,2379,1967.75232673778,95,5
44,4526,1097.82483551033,70,26
9,6241,386.51223219356,83,74
88,8240,6636.73846532553,97,9
69,3434,1899.95569340862,93,24
62,8656,3923.68402909687,80,18
76,6865,4489.71324190016,93,17
60,5506,2345.20452465706,75,15
53,4458,1503.09961272561,73,20
96,4978,4498.12700967214,99,3
81,5587,4032.02911291523,81,0
84,5990,4548.11411439457,93,9
64,3089,1486.78434352722,91,27
35,5539,946.742793222361,64,29
91,7124,5969.12355291619,93,2
31,9300,1355.99766269046,88,57
61,2646,1162.97192613538,80,19
26,1135,135.573938359872,66,40
21,9401,920.984862105359,34,13
66,9680,4935.45793323901,66,0
46,8827,2308.73776763998,86,40
41,6069,1312.16692472264,86,45
2,6470,320.788375376943,36,34
26,7363,879.498597483471,73,47
50,6756,2047.37037781541,78,28
30,4325,605.96589127589,74,44
79,4596,3195.46751056022,82,3
4,2749,144.008618051794,63,59
26,5082,607.036788321472,67,41
41,7383,1596.26436072289,80,39
74,8444,5282.94774496928,85,11
43,1419,331.323272727087,79,36
84,7611,5778.91427790603,88,4
50,2689,814.88735138331,79,29
65,5142,2548.0377022121,85,20
92,9145,7762.25644681681,94,2
72,3016,1800.09496229918,73,1
67,3125,1638.35861875385,83,16
88,3566,2872.16133098918,88,0
52,8467,2756.12126683049,79,27
63,5944,2777.20547577573,81,18
0,8864,572.899582892496,68,68
20,9487,893.546608285784,86,66
78,3733,2544.8429347309,79,1
36,7153,1271.9225305499,79,43
24,8696,959.276672666896,63,39
37,8585,1587.90969785661,66,29
27,4387,545.342145834808,83,56
42,3837,862.205098138713,86,44
76,9517,6224.12249427004,90,14
5,7568,408.833279421516,80,75
7,6108,352.496177796592,61,54
55,5316,1920.59246513155,72,17
5,7779,420.23177598044,77,72
22,4554,464.112241652767,66,44
36,9889,1758.42889761051,71,35
94,2570,2242.16368760869,98,4
13,5040,362.14012049593,80,67
64,1140,548.699951965372,86,22
69,1013,560.470331223918,78,9
55,3934,1421.29622983964,68,13
19,3086,279.480748724482,66,47
74,6631,4148.65306689855,78,4
24,5597,617.418530004211,64,40
50,8017,2429.50981630346,58,8
23,7218,765.290903457597,82,59
7,7456,430.290029739913,78,71
16,8995,724.932893293241,81,65
82,9281,6816.85543938426,89,7
36,3125,555.677045710672,84,48
41,5994,1295.951317645,84,43
30,4953,693.953539766355,53,23
90,9688,8013.27639404608,92,2
69,3581,1981.28751837399,84,15
70,6059,3440.39810474177,82,12
21,3479,340.826117994314,67,46
69,5031,2783.54021361059,69,0
5,8024,433.466997103362,48,43
29,2120,285.418902632301,56,27
31,3380,492.824956977822,60,29
14,4018,299.90684084708,69,55
67,1799,943.170289644215,82,15
14,1433,106.960304363829,85,71
55,5500,1987.06895376666,86,31
87,5815,4618.82624291997,94,7
20,3072,289.340695757766,87,67
61,6899,3032.25371066062,67,6
20,1432,134.87495974125,71,51
15,7903,612.892914397921,75,60
14,1516,113.155492962711,58,44
44,6407,1554.07947881456,86,42
44,4620,1120.6254396946,81,37
38,3721,715.808901653171,65,27
33,9977,1575.22558889231,72,39
65,1567,776.502349157207,86,21
33,5736,905.632352198686,81,48
11,9172,611.318601830772,61,50
53,3347,1128.50480120965,74,21
10,6797,436.586776434141,74,64
66,7842,3998.33275955169,69,3
58,1932,771.614780655842,70,12
12,2536,175.470514425778,86,74
89,8782,7169.20412559349,89,0
22,2688,273.942403505191,91,69
83,7726,5771.58896077232,95,12
28,9434,1220.44021744683,86,58
7,1249,72.0805052501545,79,72
5,7257,392.032651792011,77,72
51,9769,3068.80117783626,81,30
75,1375,879.849662958241,91,16
31,1217,177.446145752074,77,46
44,6119,1484.22230854789,60,16
22,8795,896.325684087855,74,52
61,1397,614.010499172762,67,6
33,1787,282.141738734144,62,29
62,7611,3449.99528020521,67,5
37,4219,780.36004837007,74,37
46,1054,275.677988794895,62,16
60,1649,702.368736135033,67,7
59,7523,3103.6376687885,67,8
34,3498,574.665695019149,82,48
45,6325,1593.34478485743,86,41
92,5891,5000.26820428626,92,0
48,7916,2230.09042820535,85,37
44,1946,472.021018538027,69,25
13,6751,485.080943148417,67,54
77,7631,5097.12321603821,87,10
39,3808,761.770077773944,81,42
72,1238,738.898396328378,82,10
78,5141,3504.69797145768,88,10
38,6653,1279.83784539063,71,33
40,7673,1595.88954370381,92,52
92,8473,7191.86428363902,95,3
66,6982,3559.85199275566,80,14
34,2583,424.345766219114,62,28
93,7188,6182.7883564685,94,1
2,5509,273.141137550475,64,62
77,1022,682.644466883902,86,9
94,1873,1634.07493653349,97,3
43,4969,1160.21518124094,89,46
33,5852,923.947092933527,66,33
26,7348,877.706871425852,90,64
80,8908,6312.20514829391,82,2
69,6996,3870.73093508641,91,22
30,4417,618.855801564303,36,6
67,9792,5133.69843034806,72,5
4,9873,517.205196808063,81,77
37,2601,481.089472815964,56,19
26,7634,911.869114924463,34,8
3,7102,361.506177671143,83,80
40,5732,1192.1854378353,56,16
36,7186,1277.7904801526,80,44
54,2219,774.638725671818,77,23
30,3632,508.871240951222,70,40
34,9021,1482.00664230067,87,53
17,5361,449.093317548402,88,71
12,2137,147.862968977874,66,54
13,1848,132.784710848508,73,60
87,7508,5963.56791605213,93,6
81,2806,2025.03556306428,82,1
52,5795,1886.34968008535,83,31
79,7262,5049.06115354401,89,10
11,6735,448.891275984545,74,63
18,1585,138.040299033887,86,68
74,3372,2109.67548508248,80,6
67,1063,557.304067755309,81,14
10,6127,393.551151862878,73,63
78,3752,2557.79552400491,90,12
94,5315,4637.00389091057,94,0
64,4846,2332.45611160017,87,23
25,5202,597.103631898651,81,56
34,7162,1176.60254652005,75,41
68,7561,4073.52195753512,90,22
77,6223,4156.65021273828,82,5
18,8769,763.706865759088,71,53
78,2137,1456.82543571388,78,0
81,6731,4857.63163755726,82,1
9,3297,204.186961951958,84,75
97,9099,8382.01558862412,98,1
67,7037,3689.32147205467,79,12
78,6135,4182.322905056,81,3
70,6279,3565.31765962594,94,24
23,3676,389.74914950265,82,59
71,4235,2466.24926711023,80,9
96,1520,1373.4738960831,96,0
73,6439,3936.09757975904,87,14
56,9913,3704.8667253867,77,21
47,5587,1516.8253294244,63,16
8,6271,374.750258973627,80,72
18,3923,341.660626567784,30,12
39,9431,1886.62121940285,83,44
67,6043,3168.19236260144,76,9
88,2714,2185.93546054532,90,2
84,9442,7169.16418499392,89,5
41,3679,795.429579181839,81,40
34,3319,545.258845559907,46,12
57,9608,3712.94365848628,75,18
11,3070,204.617107241656,29,18
99,3215,3061.90476190476,99,0
62,8715,3950.42817855583,90,28
31,5082,740.987109870205,79,48
99,1980,1885.71428571429,99,0
8,2922,174.616529536109,70,62
