"Age","Benefit","NetSinglePremium","Die","SurviveYears"
96,4869,4399.63447370302,96,0
84,4183,3176.08703514399,86,2
68,2118,1141.08180215043,89,21
71,9160,5334.31954822425,81,10
88,6746,5433.42690377257,88,0
83,9482,7083.38163681635,83,0
35,3722,636.175605050303,89,54
82,3371,2475.98531259178,96,14
9,8426,521.831768701,64,55
71,2267,1320.18585325594,85,14
84,3947,2996.8958947438,87,3
43,4404,1028.29294791409,68,25
34,3261,535.730369198812,75,41
63,2282,1066.21515742265,77,14
65,8785,4353.26939205237,71,6
71,6942,4042.66881045554,91,20
24,5846,644.886318814475,76,52
31,2703,394.114159381969,83,52
53,5504,1855.77843616908,71,18
89,6406,5229.55154048644,93,4
28,8065,1043.33796414127,90,62
11,4217,281.065257732268,73,62
28,2035,263.260106265031,63,35
20,7747,729.662229829237,68,48
67,9953,5218.10666638626,84,17
90,5721,4732.03491436185,93,3
30,4378,613.39160046378,63,33
34,1714,281.582904877879,84,50
14,7867,587.199382016918,83,69
77,9479,6331.49403286938,90,13
21,1634,160.077573096496,44,23
18,6053,527.165886468213,83,65
31,1730,252.244726500483,81,50
64,4616,2221.75348971242,84,20
65,1900,941.515292532669,73,8
30,4969,696.195263294774,58,28
95,4971,4406.56465863915,95,0
54,2969,1036.45893488942,83,29
50,5479,1660.38222321649,65,15
80,6702,4749.03445261179,92,12
38,8373,1610.71430624617,71,33
43,4811,1123.32365404511,64,21
57,5357,2070.17476878757,89,32
54,9454,3300.33101059097,80,26
44,3534,857.205693480672,50,6
67,9114,4778.24014442322,80,13
80,5481,3883.83435314312,81,1
32,6811,1033.43834764496,51,19
34,3095,508.459212717057,79,45
20,1299,122.348165296009,66,46
94,5690,4964.16785311029,98,4
81,6581,4749.37955827728,83,2
9,1118,69.2390122724564,88,79
41,5118,1106.55302697816,78,37
42,1390,312.344301905867,72,30
13,1621,116.474034786489,70,57
9,6143,380.442980670572,75,66
93,6610,5685.61923153267,97,4
1,9132,442.28813937036,85,84
49,3294,962.632764970342,83,34
17,3669,307.353736632174,20,3
74,1743,1090.49951675527,74,0
43,5255,1226.99351527896,92,49
76,3445,2253.03162685303,83,7
85,2502,1929.64517669662,92,7
15,6206,481.287286695369,77,62
7,4391,253.407124542377,84,77
9,4735,293.24393838111,76,67
8,7266,434.210713076443,88,80
67,3991,2092.38055918291,87,20
66,4789,2441.72603742579,66,0
25,8184,939.387951453011,57,32
92,9330,7919.28405126308,92,0
68,2928,1577.47285963005,76,8
45,3900,982.457653904184,56,11
23,2421,256.687347917823,86,63
27,4695,583.629216935131,41,14
27,6830,849.028232516922,83,56
1,5148,249.331947161478,41,40
9,2637,163.312410878772,82,73
43,3679,859.0122060345,77,34
93,5771,4963.94986159985,98,5
19,9474,858.004087302573,83,64
41,8292,1792.79751850389,85,44
85,9277,7154.80347890268,85,0
13,3305,237.474821079176,43,30
9,3009,186.350794210931,77,68
39,9801,1960.63774481681,79,40
49,4595,1342.83471616233,53,4
54,7275,2539.65602941076,85,31
24,7047,777.371517051934,47,23
22,3543,361.078101048695,79,57
9,2279,141.141063478469,18,9
68,6463,3481.96963517385,94,26
74,8842,5531.95451930583,83,9
18,2839,247.25325486259,66,48
43,7210,1683.46779165772,49,6
75,1023,654.608149240931,82,7
2,8175,405.323797327126,50,48
63,1391,649.914673082778,64,1
28,9932,1284.86455794805,77,49
60,9120,3884.53782507672,73,13
90,5403,4469.00623008164,91,1
12,4279,296.071897171887,60,48
12,9314,644.452827824014,76,64
11,6467,431.028935678107,69,58
60,7250,3088.03719646998,73,13
89,5925,4836.886181296,89,0
14,3620,270.199791903043,84,70
0,4975,321.545061472266,80,80
45,9147,2304.24106673374,83,38
66,10000,5098.61356739568,74,8
96,4416,3990.30310862036,99,3
21,5312,520.399062600114,71,50
50,4197,1271.87884483293,79,29
68,7411,3992.70879874259,68,0
91,5212,4367.07916308243,92,1
80,9869,6993.16935434583,84,4
28,6680,864.165852506342,90,62
48,2260,636.685746304206,81,33
70,4267,2422.87154859434,72,2
62,9832,4456.75385560079,75,13
6,8412,469.364560274269,37,31
87,5164,4101.74010635232,95,8
6,3028,168.95338665127,81,75
78,4317,2942.96462610053,79,1
68,8175,4404.31715419251,81,13
12,3941,272.68505416088,63,51
69,8759,4846.15955694995,95,26
82,4917,3611.51580599638,91,9
86,4820,3773.61446999541,87,1
73,2045,1250.08845327027,85,12
59,3065,1264.47553566885,92,33
91,2905,2434.06848978405,98,7
42,8907,2001.47532163709,45,3
69,6532,3614.01007261069,88,19
57,2462,951.422490340677,89,32
48,3342,941.506090331264,80,32
7,7775,448.699702417895,64,57
48,5988,1686.93550834937,68,20
70,1391,789.832276563096,81,11
66,4310,2197.50244754754,82,16
34,1915,314.604003991329,66,32
71,6264,3647.83598799964,81,10
48,4009,1129.41290129804,69,21
21,2480,242.957393683788,79,58
66,4363,2224.52509945473,75,9
14,4982,371.860597585901,76,62
96,6154,5560.76207664169,98,2
50,6586,1995.8527691374,90,40
66,1025,522.607890658057,90,24
20,3290,309.873336277035,74,54
6,6710,374.398026562095,84,78
14,2759,205.934040292955,30,16
10,8910,572.309574522319,80,70
34,4502,739.606906511208,79,45
19,5517,499.64202550647,86,67
86,9674,7573.84779724805,93,7
83,9819,7335.13228136467,90,7
31,4249,619.530545029221,82,51
46,5885,1539.24569644968,81,35
29,4623,622.4016919194,60,31
83,4767,3561.11371680063,86,3
66,2385,1216.01933582387,87,21
36,5444,968.033867791647,84,48
90,2880,2382.1465746132,92,2
77,9671,6459.74035150119,88,11
32,4452,675.505435870701,63,31
32,2795,424.087532178484,78,46
67,3830,2007.97232314472,71,4
8,3770,225.2923738368,79,71
48,9276,2613.22875341496,86,38
59,8362,3449.76979747567,87,28
5,9045,488.622755333987,86,81
34,8203,1347.62226879419,87,53
1,9057,438.655680932693,84,83
4,9518,498.608230853757,64,60
21,4901,480.134752598486,82,61
70,6642,3771.43492518482,83,13
55,7927,2863.90829027423,70,15
99,7249,6903.80952380952,99,0
65,6659,3299.76333314476,67,2
66,3602,1836.52060697592,68,2
56,1472,550.142622795241,91,35
17,8032,672.844157162612,71,54
54,7187,2508.93579152923,80,26
84,2792,2119.9223050734,90,6
0,3801,245.666890182127,0,0
20,8196,771.951934384978,68,48
25,9529,1093.77172402196,79,54
82,7189,5280.29024391051,89,7
55,6243,2255.50390515732,77,22
37,3003,555.444708522238,83,46
92,1114,945.560818125088,94,2
71,1874,1091.32258006247,82,11
3,3791,192.969574704492,39,36
90,6121,5062.88860528035,92,2
73,3905,2387.08822005887,81,8
1,4529,219.352056855931,54,53
25,2337,268.24897880568,74,49
95,2759,2445.7275987096,95,0
65,2998,1485.61202474365,83,18
94,9148,7981.05580320789,96,2
56,3655,1366.01310211726,79,23
0,5976,386.241866805681,83,83
66,6385,3255.46476278214,77,11
22,4077,415.499694602181,65,43
11,4625,308.258671333114,75,64
58,5155,2058.83757467954,65,7
4,8861,464.190747383393,80,76
50,8456,2562.54646459549,78,28
72,2950,1760.70296378733,90,18
78,6667,4544.99540472834,86,8
77,5950,3974.29997843367,88,11
36,1125,200.043736455842,55,19
89,6664,5440.17038179857,90,1
83,1050,784.386281233619,84,1
56,5405,2020.05494307627,71,15
99,1399,1332.38095238095,99,0
38,2973,571.916115188088,49,11
7,8274,477.497278174362,76,69
26,1521,181.681022242613,85,59
56,4348,1625.01367113703,73,17
13,2796,200.901543037028,77,64
77,6550,4375.06972415808,94,17
45,5493,1383.7538186912,70,25
47,3045,826.692881349075,86,39
33,4329,683.487177940745,73,40
87,1906,1513.92653809208,89,2
26,9043,1080.17191593685,75,49
16,9823,791.663792197833,86,70
11,5784,385.506628106104,73,62
2,7010,347.562057402221,71,69
82,3154,2316.59972587199,86,4
95,7530,6675.00138393739,96,1
68,4854,2615.11381852605,75,7
55,5809,2098.70610044191,58,3
51,6748,2119.79428273509,77,26
90,8560,7080.2689856559,91,1
35,7295,1246.88367513218,65,30
44,7265,1762.1956319007,72,28
1,9250,448.00320731229,53,52
29,1138,153.210712828094,78,49
64,6869,3306.15786846504,82,18
23,6295,667.429514722302,61,38
95,4680,4148.60643782563,96,1
6,7499,418.421877971557,78,72
71,7247,4220.28534563113,95,24
22,6390,651.224686904081,85,63
40,1082,225.042680345045,80,40
76,8351,5461.55794364286,91,15
4,3831,200.690074847735,83,79
96,7565,6835.74343675567,98,2
25,6563,753.323940052066,64,39
24,7022,774.613706930421,87,63
39,8407,1681.77548420314,45,6
12,8331,576.437245931056,64,52
41,6123,1323.84216181854,81,40
73,9915,6060.94230521989,78,5
63,2859,1335.80593123196,75,12
16,3108,250.482649511439,61,45
55,5384,1945.1598631054,81,26
58,8780,3506.61375474032,64,6
15,1724,133.69952985221,87,72
96,1015,917.155266134436,96,0
75,7018,4490.75267973886,75,0
56,7516,2809.01627237026,74,18
69,2814,1556.92350647987,73,4
75,1453,929.761134747872,89,14
20,8360,787.39850798663,62,42
96,6155,5561.66567788912,97,1
69,4402,2435.52852719416,85,16
41,4580,990.233072207889,77,36
57,3990,1541.90728532059,75,18
76,9935,6497.49469166469,87,11
12,3774,261.130016341833,83,71
18,5761,501.735118444304,67,49
5,6538,353.191329394539,80,75
21,9280,909.130892494175,87,66
22,1245,126.881805194927,90,68
98,2140,2006.55305534785,98,0
79,9037,6283.16794885393,81,2
25,2555,293.271776143994,90,65
13,6961,500.170114835747,79,66
86,4182,3274.11944263917,88,2
95,3594,3185.91699520199,95,0
58,1221,487.650956097714,65,7
71,7106,4138.1740949434,72,1
74,7742,4843.74484149126,86,12
62,8527,3865.20953282221,82,20
4,9774,512.019000668693,90,86
14,6518,486.508907078463,76,62
71,7695,4481.17783008576,78,7
77,4451,2973.04356369887,97,20
83,7893,5896.34373121614,88,5
66,4882,2489.14314360257,75,9
87,7145,5675.23877999367,91,4
12,4821,333.573876201371,79,67
35,1398,238.950428764192,90,55
71,8045,4685.00008356595,81,10
83,9423,7039.30659815656,84,1
56,2214,827.456363361863,78,22
91,5906,4948.57435478987,91,0
9,5750,356.10404344063,67,58
69,3316,1834.66892234799,80,11
49,7588,2217.50377067242,74,25
64,8254,3972.78017852823,80,16
80,7331,5194.74359476231,80,0
75,4369,2795.68231088331,81,6
56,7735,2890.86493703885,81,25
6,2491,138.990385121636,83,77
72,2532,1511.2203065456,88,16
11,6470,431.228887248702,28,17
14,5857,437.171320766885,44,30
93,5831,5015.5591133233,96,3
84,7368,5594.40814605329,84,0
87,7688,6106.54104137038,87,0
46,2274,594.773953054641,70,24
70,3015,1711.9657180717,88,18
25,4642,532.824886442434,69,44
79,3509,2439.70746182676,89,10
73,7461,4560.83616129558,75,2
75,9256,5922.82798570289,88,13
26,9225,1101.91152543597,84,58
68,8081,4353.6742413492,86,18
42,8729,1961.47727434267,88,46
3,9798,498.738035598685,87,84
93,5415,4657.73496804076,93,0
36,4495,799.285862550231,85,49
43,9576,2235.90673688132,69,26
73,1136,694.425664017126,87,14
81,4482,3234.572128886,81,0
16,5790,466.632735093704,80,64
93,8189,7043.80270605462,95,2
33,6822,1077.09621804383,78,45
27,6125,761.390618472349,63,36
77,4811,3213.50541113351,83,6
72,3887,2319.94997296317,84,12
76,4480,2929.92211561729,77,1
10,9593,616.180218674815,81,71
18,1188,103.464905521929,66,48
67,6413,3362.1740230619,89,22
0,4561,294.787341783921,52,52
50,7388,2238.89466419483,81,31
97,2704,2490.929789168,97,0
45,4258,1072.64222828821,72,27
19,3267,295.872847078056,71,52
38,3509,675.026454152372,54,16
57,5664,2188.81274788367,75,18
0,4286,277.013494164851,68,68
87,9825,7803.94975695421,88,1
1,5367,259.938725799466,53,52
35,6759,1155.26891846722,78,43
89,2853,2329.05253590506,95,6
22,9497,967.868677860416,86,64
34,4408,724.164203443227,78,44
4,1696,88.8463500239516,35,31
45,6251,1574.70328065514,77,32
47,4954,1344.97094719321,69,22
32,5727,868.962181318847,78,46
25,1858,213.267694745808,58,33
14,3467,258.779745449683,83,69
78,9953,6785.11163390747,86,8
62,8338,3779.53759641979,67,5
44,4410,1069.68791970848,71,27
1,7244,350.847052299484,27,26
19,1503,136.11781119018,54,35
42,2145,481.998940710852,66,24
95,2273,2014.91077632001,96,1
63,8901,4158.7997880013,84,21
65,1500,743.301546736318,93,28
32,8599,1304.73298361459,50,18
44,9305,2257.01725462299,89,45
30,8209,1150.14427779972,70,40
21,5276,516.872261724059,64,43
68,4924,2652.82662596256,90,22
20,3865,364.030530307216,72,52
18,6658,579.85634761364,78,60
8,1456,87.0094685162814,79,71
51,6291,1976.23382227126,90,39
22,1530,155.927037709428,68,46
12,7282,503.855002385062,40,28
21,3665,359.047922520598,68,47
38,3931,756.206609083207,86,48
38,6837,1315.23393190076,81,43
46,8803,2302.46046998241,73,27
15,9368,726.506493999712,81,66
8,6950,415.326789964392,78,70
77,4343,2900.90500946848,79,2
75,1548,990.550747824987,81,6
27,6237,775.313189781558,89,62
99,8640,8228.57142857143,99,0
53,5225,1761.708271981,59,6
63,8316,3885.4711871721,63,0
49,9985,2917.9988337064,63,14
26,1938,231.491006644434,86,60
80,3353,2375.93442548602,90,10
73,9819,6002.25844628887,83,10
78,2269,1546.81184540702,97,19
33,9387,1482.07302825821,77,44
18,1750,152.410424800822,62,44
16,2585,208.332576894166,79,63
84,2981,2263.42707429219,87,3
98,8109,7603.3358531849,98,0
11,2389,159.228100716715,80,69
50,4874,1477.04014527417,87,37
6,4835,269.778607813373,84,78
3,2410,122.673878933745,68,65
69,1997,1104.8956085431,92,23
26,6242,745.596936777377,89,63
87,5498,4367.03468333173,93,6
78,9831,6701.94237646382,95,17
91,7020,5881.9830630926,93,2
0,6771,437.624444468083,85,85
41,1297,280.421898395989,64,23
94,9958,8687.72996155927,96,2
91,9876,8274.99497594053,93,2
56,5163,1929.61029992651,85,29
91,2748,2302.51986572343,94,3
64,2737,1317.36120046423,75,11
8,6363,380.248110006249,54,46
0,5728,370.213087861938,81,81
81,9597,6925.96803233354,90,9
30,7354,1030.3521767498,62,32
63,4872,2276.33665511092,84,21
18,2331,203.010685834694,85,67
51,7165,2250.7892761999,80,29
64,8470,4076.74437995325,81,17
43,2898,676.655986161451,64,21
50,1424,431.535733867547,90,40
60,3287,1400.05217445473,87,27
73,9170,5605.53110830725,80,7
3,5696,289.93793128905,84,81
76,4424,2893.29808917208,81,5
34,2375,390.174678579325,82,48
95,7368,6531.3957764742,95,0
39,1702,340.476016904216,90,51
50,9729,2948.32244016669,79,29
29,1562,210.294493354554,66,37
18,3150,274.338764641479,89,71
6,8477,472.991366790891,75,69
55,2574,929.948270362795,71,16
68,7161,3858.02020075505,88,20
7,6114,352.842441232542,67,60
30,6626,928.353756206717,51,21
30,3440,481.970558610188,78,48
64,8558,4119.100165719,76,12
16,9391,756.84767103022,64,48
16,1360,109.606307379523,73,57
69,1319,729.773313804885,91,22
13,7095,509.798443436234,55,42
30,4911,688.069015504254,87,57
99,5480,5219.04761904762,99,0
44,3130,759.211607412141,63,19
39,7886,1577.55221463375,69,30
32,7057,1070.76411970789,80,48
53,1059,357.062021057967,90,37
96,2297,2075.57206533084,96,0
61,3669,1612.60166175008,64,3
45,2738,689.735655484527,52,7
91,4733,3965.73017629876,96,5
40,5049,1050.12984571361,78,38
61,4276,1879.3907619633,66,5
54,5989,2090.72164400564,57,3
18,3199,278.606256535902,51,33
24,8198,904.341095046368,61,37
63,6250,2920.17735928639,79,16
79,5218,3627.92634249417,80,1
8,6614,395.247681845251,85,77
88,9007,7254.50283461007,97,9
56,7910,2956.26912113475,77,21
37,9896,1830.39654863006,72,35
27,3467,430.978167223451,53,26
96,9940,8981.79639938551,99,3
81,9675,6982.25911355913,81,0
43,7285,1700.97959254181,48,5
98,4618,4330.02897644689,98,0
15,3727,289.036048584215,42,27
3,6230,317.119612347398,79,76
90,8126,6721.29273100933,91,1
76,1908,1247.83290102629,85,9
45,1741,438.579173191586,67,22
1,1726,83.5949768455149,86,85
64,7604,3659.9249427585,80,16
15,3800,294.697339581438,63,48
65,8563,4243.26076313539,80,15
42,4454,1000.85001488398,73,31
65,5713,2830.98782433639,79,14
4,4372,229.030803245705,46,42
91,5765,4830.43195993288,94,3
10,6911,443.909255838804,57,47
36,2952,524.914764460129,74,38
41,3434,742.458596061548,76,35
57,7661,2960.53927640127,72,15
82,2454,1802.45267193718,86,4
3,7455,379.474592303347,89,86
59,2845,1173.71383327174,75,16
99,7215,6871.42857142857,99,0
39,8233,1646.96771279225,61,22
54,1208,421.705083646488,81,27
0,6724,434.586732329551,73,73
49,1570,458.814037948827,77,28
83,4829,3607.42985912109,93,10
36,9405,1672.36563677084,86,50
61,1288,566.102736531509,65,4
22,5654,576.216647849088,73,51
58,3138,1253.2749387671,74,16
9,2624,162.507306084907,81,72
67,4603,2413.23671107967,82,15
5,5203,281.072879602292,62,57
0,9262,598.623187810277,80,80
79,4840,3365.11374045071,91,12
14,9538,711.924203085975,46,32
72,3240,1933.78901785456,73,1
12,2016,139.490755947306,85,73
73,5338,3263.06707264385,79,6
22,6562,668.753739509324,78,56
71,4752,2767.32385296524,73,2
53,8874,2992.03812546591,75,22
65,8998,4458.81821168893,82,17
52,5395,1756.1443527283,90,38
60,7009,2985.38658069767,72,12
7,5487,316.657912175819,56,49
11,5101,339.9843205341,55,44
75,3079,1970.22335436249,93,18
84,6746,5122.13319126975,97,13
4,8103,424.482296134481,78,74
77,4148,2770.65484210805,84,7
44,8078,1959.39660213267,82,38
18,8472,737.840639378606,89,71
41,5003,1081.68909612578,68,27
66,8049,4103.87406039678,71,5
58,1580,631.030721240285,82,24
41,4100,886.453186910992,87,46
24,2647,291.99693566574,58,34
59,3005,1239.722344106,82,23
22,6779,690.868881458961,85,63
31,3939,574.330622939539,73,42
56,6877,2570.19756587152,89,33
94,2733,2384.3709565115,98,4
82,9773,7178.2273687213,88,6
67,7537,3951.45885105528,78,11
28,8980,1161.70798735134,78,50
34,8570,1407.91452438939,81,47
57,7640,2952.42397489958,72,15
75,6642,4250.15379008628,90,15
96,4278,3865.60613647598,97,1
64,3418,1645.13722440144,74,10
39,6900,1380.30817663871,65,26
11,9601,639.911676425778,73,62
65,4720,2338.92220039695,74,9
15,1910,148.124189105407,86,71
90,7050,5831.29630243857,90,0
80,8048,5702.80950083851,85,5
18,6926,603.196915525994,84,66
7,4421,255.138441722124,63,56
20,5147,484.777526388419,85,65
13,8795,631.9488809051,83,70
82,8103,5951.6193971911,91,9
77,7381,4930.13582198638,79,2
98,8286,7769.29841897769,98,0
58,7885,3149.16280821496,80,22
84,5101,3873.11019992099,92,8
74,2770,1733.03709776941,88,14
41,6740,1457.24255604392,71,30
55,3024,1092.52663930734,76,21
33,9254,1461.07423069153,91,58
17,8706,729.305432303001,65,48
23,9470,1004.05996893093,64,41
16,7411,597.273782345326,69,53
90,1761,1456.5833742687,90,0
54,8982,3135.55882559003,91,37
88,8010,6451.4896974827,89,1
49,5340,1560.55220550748,61,12
42,3843,863.553346923918,68,26
61,3271,1437.67239999578,85,24
53,3922,1322.37700338937,67,14
44,5864,1422.3696057076,72,28
81,7399,5339.71423061747,91,10
15,1959,151.924233747378,82,67
2,5034,249.590213546759,84,82
16,7450,600.41690439518,78,62
97,7084,6525.79387073451,97,0
88,3469,2794.03467672503,93,5
56,6559,2451.34881991439,91,35
29,2629,353.946365575622,50,21
44,6222,1509.20594930298,75,31
45,5907,1488.04547733641,78,33
45,9837,2478.06049780909,55,10
34,5064,831.934556768716,60,26
7,5580,322.024995433036,62,55
79,6636,4613.82123587415,85,6
6,5194,289.809739189795,83,77
62,6235,2826.26731994212,93,31
13,3087,221.810823803757,81,68
91,1950,1633.88418419239,95,4
13,1920,137.958141141307,86,73
38,3075,591.537858796963,84,46
23,7215,764.972827437873,71,48
7,4597,265.295502509976,81,74
83,8066,6025.5807089813,92,9
42,7588,1705.08529702282,78,36
82,5464,4013.28500385687,90,8
53,8180,2758.04280666116,70,17
61,2726,1198.13358678951,79,18
31,2680,390.760616775315,62,31
51,1196,375.707463270772,59,8
51,9327,2929.95276749706,69,18
92,2632,2234.03597244635,93,1
44,2224,539.452592614888,73,29
43,4027,940.266962136703,61,18
56,4522,1690.0441170381,82,26
5,5821,314.458049618478,68,63
40,6452,1341.93657447895,88,48
98,9663,9060.43092234871,98,0
37,2617,484.048885182383,77,40
45,4809,1211.44586092954,55,10
79,4502,3130.11199576634,95,16
53,3457,1165.59339640925,65,12
26,8739,1043.8596011691,68,42
72,8784,5242.71689285014,74,2
47,8602,2335.37345332176,72,25
9,5156,319.316947474763,64,55
78,2706,1844.7213987093,91,13
48,3611,1017.28859730287,87,39
21,4920,481.996119727515,68,47
95,2638,2338.46662029573,98,3
92,5137,4360.27461643499,97,5
33,8115,1281.24242295892,78,45
48,4295,1209.98463733476,66,18
45,3889,979.686619495736,84,39
72,3420,2041.2217410687,92,20
8,5639,336.982412749526,57,49
30,1916,268.446392528233,72,42
11,2298,153.16290307535,76,65
22,9348,952.683626475641,74,52
36,9784,1739.75814887463,88,52
33,2874,453.763490275283,68,35
1,6175,299.072411367934,75,74
70,4702,2669.87157756986,89,19
40,2670,555.327131720212,74,34
32,2261,343.063295261378,62,30
75,2393,1531.25835887932,91,16
44,9171,2224.51426567947,89,45
37,8567,1584.58035894439,81,44
74,7540,4717.36451883804,76,2
83,7179,5362.96105997728,97,14
65,3128,1550.03149212747,67,2
30,1286,180.178528596716,85,55
30,7046,987.198998827728,80,50
30,3177,445.122228111793,63,33
14,7302,545.027315048625,85,71
54,9313,3251.10881125806,84,30
60,3290,1401.32998294982,63,3
18,9949,866.475037910499,43,25
19,1502,136.027247110879,66,47
44,3709,899.653626802438,72,28
55,4091,1478.01801633807,55,0
86,3601,2819.25014656711,93,7
54,5671,1979.70987529738,76,22
55,5471,1976.59168110134,67,12
80,4565,3234.75712864411,80,0
15,8363,648.566802873569,84,69
5,8272,446.864282158401,73,68
8,1324,79.1212474694756,85,77
91,6007,5033.20117663778,92,1
70,8750,4968.3913874386,71,1
90,7005,5794.07526221023,91,1
15,6730,521.92449878502,61,46
83,3845,2872.34785842216,88,5
42,6938,1559.02501195892,72,30
3,2723,138.606212587795,64,61
42,6185,1389.81978941567,51,9
19,6913,626.069480211388,71,52
24,3666,404.405276218588,87,63
38,5939,1142.48564012851,67,29
50,3791,1148.84267351957,90,40
18,6250,544.32294571722,87,69
76,1140,745.560538349043,78,2
89,1656,1351.87907446855,92,3
99,9544,9089.52380952381,99,0
18,5606,488.235909390517,61,43
89,7281,5943.85962633184,96,7
38,9600,1846.75233965881,38,0
45,3366,847.936528984996,71,26
30,9753,1366.4705982922,74,44
14,3134,233.924350227662,71,57
54,4622,1613.51067600502,76,22
36,4027,716.0676681846,55,19
52,4835,1573.85689442842,78,26
4,3890,203.780838203521,65,61
52,2917,949.522349751334,71,19
19,7461,675.698595668619,82,63
62,6270,2842.13249334998,77,15
93,8093,6961.22790329711,98,5
43,1549,361.677060926186,56,13
31,9674,1410.52918159866,77,46
58,2291,914.994545798413,68,10
36,4974,884.460040116762,86,50
63,4083,1907.69346527461,74,11
59,1555,641.520214670493,68,9
26,6447,770.083859564843,63,37
76,9162,5991.95232662626,94,18
30,5748,805.339177584698,77,47
11,5550,369.910405599736,73,62
91,8775,7352.47882886575,91,0
95,5422,4806.35557818175,96,1
17,6293,527.167365665378,34,17
27,2990,371.68293048691,63,36
79,4647,3230.92635369306,90,11
66,2401,1224.1771175317,77,11
98,4406,4131.24895414141,98,0
24,6978,769.75996111656,68,44
49,4286,1252.53309977623,51,2
26,1833,218.948924241098,56,30
52,6648,2164.01254067428,85,33
38,9220,1773.65172621398,81,43
41,8282,1790.6354375602,63,22
60,5535,2357.55667344294,94,34
39,6204,1241.07709099515,79,40
34,6347,1042.71102523915,87,53
15,6931,537.512437010248,84,69
88,9837,7923.00925769505,95,7
36,6454,1147.62868896534,68,32
18,1594,138.82412407572,75,57
4,3798,198.961342801278,88,84
87,4002,3178.76915290898,89,2
32,4427,671.71216635211,84,52
91,2610,2186.89113884212,91,0
3,3325,169.249231309005,85,82
95,3999,3544.93101385998,97,2
0,8033,519.190246996324,15,15
27,7447,925.726683389973,82,55
20,6337,596.859371424793,75,55
16,3147,253.625771561293,90,74
44,8591,2083.82968667019,76,32
8,4140,247.403296467998,84,76
52,7697,2505.47601166816,78,26
76,4223,2761.84399425264,79,3
97,3803,3503.33061694005,98,1
88,7301,5880.44023487156,90,2
4,1142,59.8246059713165,71,67
9,5519,341.797950565015,53,44
31,6036,880.086224946194,58,27
89,1581,1290.65266711037,91,2
98,8776,8228.74281015547,99,1
45,4730,1191.54479563251,70,25
83,2518,1881.03300585357,95,12
26,5851,698.89261087543,28,2
41,3242,700.946641942789,72,31
71,8953,5213.77324402311,77,6
68,1748,941.74267712887,93,25
35,1959,334.838261766132,57,22
3,5729,291.617698096026,45,42
61,1702,748.064330416637,87,26
85,6007,4632.84515444307,91,6
58,9663,3859.2720628765,61,3
53,4513,1521.64391032541,79,26
49,7541,2203.76857335803,84,35
39,6850,1370.30594347466,67,28
67,9731,5101.71767010998,78,11
70,4308,2446.15201109548,88,18
8,8226,491.579593416848,52,44
0,6895,445.638833939955,69,69
94,4806,4192.9333395515,98,4
96,1202,1086.12869940255,96,0
40,2958,615.227586377673,73,33
55,7429,2683.98822864227,78,23
87,1721,1366.98193707055,90,3
72,9499,5669.4635433952,87,15
61,4770,2096.51401650256,76,15
48,1955,550.761342488815,71,23
45,2515,633.559230658724,64,19
20,3594,338.506009294731,87,67
91,2093,1753.70235769983,95,4
43,1876,438.028512780843,83,40
86,4254,3330.48878741919,92,6
94,1036,903.844972903736,96,2
86,2673,2092.71192495804,89,3
4,8838,462.985873532833,79,75
22,4489,457.48789037753,80,58
54,7605,2654.8569214665,58,4
90,3805,3147.24573486223,97,7
86,9964,7800.89099150089,92,6
74,8928,5585.76000320769,87,13
47,5546,1505.69416090705,61,14
20,3523,331.818773162308,71,51
9,6610,409.36482211175,90,81
31,5264,767.523838322857,69,38
58,6879,2747.37995658982,65,7
93,4741,4077.99104034741,96,3
1,4600,222.790784176923,77,76
43,3224,752.773947337653,90,47
8,5715,341.524115776475,81,73
18,8536,743.41450634275,88,70
21,7098,695.367572728842,90,69
68,4942,2662.52420501766,76,8
5,1395,75.359728434595,68,63
44,6525,1582.70151385438,87,43
38,1108,213.145999202288,74,36
19,2483,224.870608905667,74,55
21,2624,257.064597188008,45,24
41,5950,1286.43816149278,53,12
24,5436,599.658232821671,24,0
35,5699,974.090481779064,63,28
87,6227,4946.07584087062,87,0
23,5291,560.98007345444,85,62
21,2937,287.728171471486,44,23
19,5170,468.216289988843,91,72
31,8351,1217.62757861592,71,40
96,4779,4318.31036143494,98,2
99,2360,2247.61904761905,99,0
85,5862,4521.0151981597,89,4
25,1489,170.912592829122,79,54
18,2057,179.147567894451,48,30
24,3398,374.841551715974,89,65
85,9593,7398.51565949266,86,1
80,3880,2749.36640944998,81,1
11,2755,183.622192329239,81,70
57,3664,1415.92689058011,72,15
93,2151,1850.19167428544,96,3
88,4454,3587.38266074756,88,0
71,4831,2813.3294473222,82,11
71,3554,2069.66939676736,85,14
71,6842,3984.43388088977,75,4
43,4526,1056.77881068555,77,34
52,1251,407.217161309194,87,35
73,1702,1040.41591563129,85,12
46,6616,1730.44172093646,51,5
83,2413,1802.59437773021,92,9
31,6050,882.127511750244,84,53
74,8599,5379.92274502497,74,0
76,6051,3957.35685750005,82,6
43,8866,2070.12835517855,86,43
11,8028,535.070402910754,70,59
36,9151,1627.20020649547,73,37
30,2053,287.641150240324,79,49
59,2315,955.060641133241,78,19
87,6686,5310.65731043215,90,3
21,3212,314.669011496906,78,57
31,9899,1443.33557666375,65,34
41,7377,1594.96711215668,63,22
90,6479,5359.00265865241,93,3
24,4095,451.729297903742,73,49
12,4747,328.453679802512,71,59
54,5944,2075.01243145258,76,22
49,3783,1105.53726468816,72,23
5,4813,260.004568427029,88,83
98,5542,5196.40982838213,98,0
2,3279,162.575746964605,75,73
65,5366,2659.03739985805,78,13
25,2888,331.494672995637,65,40
4,5596,293.151046423369,83,79
23,4431,469.798281133363,57,34
62,2643,1198.04723762743,80,18
65,1361,674.422270072086,88,23
84,9832,7465.28513735016,91,7
43,4549,1062.14909629001,85,42
3,8453,430.274812708275,81,78
20,6362,599.214032034801,80,60
36,3931,698.997269340368,82,46
59,1549,639.044895514208,77,18
27,7623,947.605009733015,72,45
30,8935,1251.86248290175,70,40
26,7074,844.978008773336,89,63
14,9715,725.135629375157,60,46
96,6947,6277.3178658482,96,0
63,9006,4207.85876763731,75,12
59,6485,2675.40745475122,61,2
87,6008,4772.12520506676,88,1
86,5090,3984.99951292047,94,8
41,6197,1339.84156080181,72,31
43,2444,570.65121814306,87,44
27,5537,688.297119099004,57,30
38,4853,933.571781704606,92,54
77,4132,2759.96764888873,79,2
23,9630,1021.02402331625,85,62
83,3869,2890.2766877075,87,4
28,3775,488.357199582551,70,42
4,7754,406.199645097713,78,74
42,4649,1044.66810040315,87,45
93,1345,1156.90739280052,94,1
54,4133,1442.80389959514,87,33
73,2660,1626.03192454714,84,11
30,1190,166.728187426199,75,45
11,3333,222.146194930436,88,77
22,3973,404.900732561802,77,55
37,4280,791.642808017042,69,32
49,2580,753.974661087882,77,28
48,6794,1914.00130990742,84,36
31,7613,1110.02260280241,75,44
30,3296,461.795046854413,54,24
42,4462,1002.64767993092,69,27
14,7055,526.591030904964,70,56
71,3611,2102.86330661984,82,11
60,5542,2360.53822659815,62,2
27,7644,950.215491853492,78,51
76,9977,6524.9627114986,77,1
7,4440,256.234942602631,81,74
38,4739,911.641597671157,39,1
31,9739,1420.00658461746,76,45
9,5351,331.39351938275,62,53
86,5880,4603.49649036785,94,8
24,9946,1097.16717874252,82,58
85,3313,2555.12169080571,88,3
65,3312,1641.20981519379,78,13
27,1712,212.816447155047,88,61
9,8530,528.272607051926,90,81
26,4584,547.551483208506,69,43
23,6768,717.579500498894,47,24
31,4675,681.643986352462,83,52
91,1044,874.756455536848,92,1
18,9708,845.485945123643,19,1
23,3329,352.958356554495,78,55
58,2961,1182.58352252689,66,8
5,5970,322.507224913643,74,69
10,7494,481.356672443351,78,68
25,1656,190.081432991958,82,57
1,8001,387.510666130339,57,56
28,1229,158.990992923697,76,48
25,8567,983.350022006103,67,42
54,4851,1693.45311321946,62,8
3,9137,465.091797434699,57,54
46,5344,1397.74494508531,91,45
13,6648,477.680063701774,32,19
53,9227,3111.0587991519,86,33
46,8542,2234.19485795635,75,29
11,6239,415.832616312929,65,54
91,1965,1646.45252407079,93,2
29,5329,717.45157175827,71,42
37,6695,1238.32911207339,83,46
21,7617,746.212285358635,47,26
2,6415,318.061426281775,77,75
1,7546,365.473751608491,53,52
53,6268,2113.37558828266,83,30
38,9221,1773.84409624937,80,42
68,4540,2445.9449394537,86,18
0,2515,162.54991549804,86,86
21,3779,370.216125294772,25,4
35,6550,1119.54600029003,66,31
5,5649,305.16638417708,83,78
3,7496,381.561575305954,75,72
17,7717,646.45646922608,78,61
31,9676,1410.82079399923,78,47
85,5625,4338.23106271721,89,4
56,1805,674.597441674871,81,25
21,2026,198.480515969095,90,69
37,8592,1589.20444076692,75,38
53,7379,2487.97039979862,74,21
17,5014,420.02497559927,67,50
49,3498,1022.24936607962,76,27
71,8289,4827.09331170642,82,11
49,3145,919.089267101314,71,22
52,5517,1795.8569775722,75,23
48,3114,877.2740769873,73,25
51,5894,1851.52156230596,85,34
27,7420,922.370349235074,53,26
60,9244,3937.35390954048,83,23
50,2067,626.393512573187,86,36
59,7478,3085.07277511636,74,15
18,7414,645.697651127595,42,24
72,4658,2780.12013739708,81,9
46,8583,2244.91857478803,88,42
12,9447,653.655342973315,83,71
34,1135,186.462425342119,88,54
90,1856,1535.16112586184,99,9
65,7827,3878.54747087011,75,10
79,5423,3770.45698645954,92,13
28,3327,430.401166360569,72,44
76,8459,5532.18999464435,76,0
79,5043,3506.25384154812,80,1
10,3997,256.73640509155,73,63
41,7945,1717.77330975801,82,41
2,4029,199.761416444158,66,64
19,4440,402.104512098736,65,46
77,9858,6584.64692225196,87,10
51,9481,2978.3298154433,70,19
87,5794,4602.14604496618,89,2
10,5661,363.618911489433,76,66
21,4135,405.092267291316,90,69
5,9217,497.914420775385,41,36
22,6140,625.746412768553,25,3
35,4841,827.438501893745,80,45
20,2468,232.452095419976,82,62
15,6078,471.360639467362,73,58
3,3620,184.265328522886,66,63
90,6853,5668.3508596612,93,3
43,5170,1207.14680761032,63,20
38,9794,1884.07212652275,83,45
38,5115,983.972730974461,40,2
53,8145,2746.24189000674,54,1
4,5171,270.887073097791,80,76
29,4770,642.192530922677,76,47
97,1645,1515.37703520021,97,0
82,2663,1955.96229232629,87,5
51,6351,1995.08202276979,57,6
93,8547,7351.73790800449,96,3
89,5722,4671.16670537986,91,2
43,1727,403.238401691107,83,40
63,5171,2416.03793997919,84,21
85,5994,4622.81902043146,86,1
32,2954,448.212726316723,73,41
23,6889,730.40856662779,91,68
32,5225,792.793329385538,78,46
90,2558,2115.80935342381,93,3
45,8464,2132.18502119103,79,34
86,5512,4315.38650593666,86,0
39,2436,487.308799752449,62,23
12,4992,345.40568139333,39,27
81,4049,2922.0844600311,85,4
94,8707,7596.31098366103,96,2
17,5995,502.20377517304,71,54
84,4402,3342.37033915942,87,3
92,9360,7944.74798711923,93,1
71,7704,4486.41897374668,73,2
89,8471,6915.31862308158,89,0
38,3765,724.27318320994,58,20
66,7195,3668.45246174119,76,10
45,4401,1108.66567559803,71,26
85,5180,3995.02878308892,88,3
34,6987,1147.85283336158,69,35
72,5024,2998.56667459917,84,12
76,1091,713.514515209479,87,11
34,1155,189.748106845945,54,20
27,7694,956.430925473674,30,3
6,3179,177.378737174501,86,80
61,4767,2095.19545422803,66,5
54,4523,1578.9504083883,80,26
46,5790,1514.39805988847,80,34
22,9645,982.951816148648,67,45
23,8683,920.618026423153,73,50
98,3014,2826.05182655066,99,1
80,2790,1976.99285627975,92,12
12,1555,107.593316219277,75,63
67,3739,1960.2633201666,72,5
36,7367,1309.97529464017,86,50
70,7894,4482.34075570746,80,10
8,2015,120.414889464497,90,82
72,9374,5594.8574856076,73,1
55,8244,2978.43571906406,66,11
85,8758,6754.52935951597,95,10
66,6125,3122.90081002985,69,3
33,1163,183.621064436379,63,30
61,1639,720.374522651509,64,3
78,9116,6214.515990626,95,17
60,2880,1226.69615528738,70,10
13,3124,224.469392148668,60,47
13,2925,210.170605644959,82,69
82,2546,1870.02628474004,85,3
62,3309,1499.93882304547,76,14
28,7732,1000.25903766153,85,57
85,3951,3047.17349845257,93,8
37,7296,1349.492039087,83,46
93,4982,4285.28820143657,94,1
83,7822,5843.30427791368,83,0
29,6435,866.35407473531,75,46
41,2247,485.819588046097,86,45
88,4886,3935.32817252191,94,6
55,7884,2848.37302390842,94,39
73,6176,3775.32825789592,81,8
98,6324,5929.64557103728,99,1
28,2775,358.991053997769,80,52
16,5527,445.436809475458,72,56
16,9137,736.377081269632,85,69
4,7848,411.123912139134,78,74
21,8550,837.61520806306,66,45
56,9644,3604.33115097643,72,16
34,7927,1302.27986404139,72,38
43,4850,1132.42979050484,61,18
82,1254,921.057722334647,85,3
81,3355,2421.23817322903,85,4
80,3981,2820.93496804648,83,3
73,9074,5546.84724937623,93,20
1,8485,410.952131248084,73,72
47,8539,2318.26946267315,65,18
61,1554,683.015258206495,67,6
37,4565,844.357340793878,90,53
10,3794,243.697253169212,59,49
60,1974,840.797989769895,79,19
87,7629,6059.67762807162,89,2
4,8870,464.6622197597,84,80
50,4474,1355.82224250239,83,33
81,7795,5625.49971991663,81,0
59,5639,2326.38745371505,61,2
77,2751,1837.52928414639,85,8
18,9354,814.65549347822,84,66
14,3790,282.888732406778,90,76
62,4469,2025.75599884865,75,13
81,9903,7146.80227406471,82,1
6,5895,328.923452545984,83,77
99,1980,1885.71428571429,99,0
64,2137,1028.5717520614,66,2
29,7653,1030.33531219104,78,49
41,5964,1289.46507481394,84,43
12,9312,644.314444137558,77,65
26,9840,1175.37229379836,84,58
66,4804,2449.37395777688,92,26
40,5165,1074.25641772842,66,26
56,1359,507.91020677903,68,12
93,4343,3735.6496705819,99,6
21,8270,810.184534582632,83,62
44,9372,2273.26874909475,64,20
62,5194,2354.39173372564,91,29
69,5431,3004.85130195173,94,25
22,4596,468.392591707536,60,38
98,3311,3104.53138610127,98,0
62,7952,3604.5673982646,73,11
59,4100,1691.46809012799,86,27
5,3857,208.360195392282,62,57
79,5735,3987.3816738605,91,12
51,8560,2689.00993779081,76,25
55,7196,2599.80876205543,82,27
1,3774,182.785308583414,77,76
22,7351,749.163172681048,79,57
34,2070,340.06803564598,87,53
10,5794,372.161804128206,62,52
49,7316,2138.01496919339,77,28
58,6410,2560.06767287989,74,16
83,3455,2581.00438253538,94,11
60,5459,2325.18552490064,78,18
11,4111,274.000302237931,60,49
58,4616,1843.56823369946,58,0
92,7857,6669.00480072604,93,1
60,6121,2607.15526615072,85,25
42,3895,875.23816972903,82,40
58,3274,1307.59150717765,78,20
5,3113,168.168340227164,77,72
72,6284,3750.59573709816,86,14
55,5015,1811.84560057087,86,31
98,9184,8611.30058893206,98,0
31,8615,1256.12041549229,51,20
3,1826,92.9470966527045,55,52
95,2018,1788.86491272054,95,0
8,5967,356.583446865832,86,78
20,3503,329.935044674302,88,68
25,3651,419.074463679734,66,41
95,3197,2833.99461148046,95,0
77,2560,1709.95091509079,84,7
54,3127,1091.61572563126,77,23
98,2669,2502.56546949692,98,0
19,7703,697.615102859586,79,60
56,8389,3135.2897164601,91,35
54,3071,1072.06648334302,74,20
74,1848,1156.19225872847,92,18
19,9187,832.012196543038,85,66
95,2651,2349.99052706747,97,2
86,5394,4223.00341310275,86,0
35,5587,954.947099789372,71,36
16,1855,149.499779550746,82,66
39,5717,1143.65533997732,84,45
3,3006,153.011485508231,81,78
55,8773,3169.55562388998,75,20
79,6255,4348.92281952875,88,9
79,4348,3023.04019493382,85,6
33,8323,1314.08264772484,77,44
84,2499,1897.45194855961,93,9
12,1366,94.5160578492166,79,67
3,6511,331.423081218926,83,80
20,1698,159.928548631734,74,54
86,6751,5285.40898069274,94,8
12,5355,370.522320485033,69,57
61,2680,1177.91563191339,72,11
83,5715,4269.30247357155,86,3
21,5548,543.519201676474,61,40
79,5359,3725.95961468499,80,1
39,3207,641.543235142079,65,26
50,4612,1397.64241895866,67,17
14,8036,599.813681694159,75,61
25,3239,371.783672379802,75,50
62,7837,3552.43897135307,92,30
25,9144,1049.58008652081,71,46
62,1497,678.576131187387,79,17
94,1467,1279.86542012527,95,1
59,5364,2212.93532571866,85,26
14,8229,614.219361207222,87,73
49,3578,1045.62842533816,67,18
53,3819,1287.64859152066,68,15
77,1272,849.631860935737,81,4
12,4314,298.493611684861,58,46
55,3175,1147.08071421984,86,31
9,5935,367.56130396872,81,72
58,2168,865.870002309454,82,24
34,8409,1381.4647882836,73,39
93,5480,4713.64499074115,93,0
5,5714,308.677769372957,66,61
30,1386,194.189300649337,74,44
4,1715,89.8416805961539,76,72
67,2352,1233.0942308189,78,11
78,3251,2216.25619630596,90,12
44,1340,325.02988943523,76,32
5,2928,158.174397746591,79,74
72,5369,3204.47939409294,89,17
69,4097,2266.77882233405,82,13
27,3354,416.931287241838,63,36
84,5115,3883.74018282608,87,3
66,9547,4867.64637279265,74,8
82,8091,5942.80544769508,87,5
64,7012,3374.98602033438,74,10
84,4803,3646.84342094109,96,12
59,8872,3660.17192575988,75,16
56,5135,1919.14563047117,72,16
5,4761,257.195460270327,68,63
31,1639,238.976362274157,77,46
8,4691,280.330643413376,88,80
18,5558,484.055509167409,90,72
22,8171,832.731911845578,73,51
53,4077,1374.63820571608,76,23
88,2171,1748.58728255118,97,9
95,6506,5767.27211207127,99,4
6,5799,323.566938306049,88,82
63,3279,1532.04184977601,84,21
35,1303,222.71273868365,89,54
8,3722,222.42392981978,83,75
60,7909,3368.72912922497,70,10
29,2982,401.471305495057,79,50
14,4379,326.852179210892,71,57
4,7081,370.943988513916,76,72
18,3858,335.999667932325,62,44
23,2282,241.949825670579,76,53
26,8576,1024.38951134296,86,60
81,1468,1059.4270158868,94,13
15,4589,355.88581351032,84,69
20,2502,235.654433849587,62,42
39,6291,1258.4809767006,69,30
46,1396,365.12948041525,64,18
12,1210,83.722130305675,63,51
66,7201,3671.51162988163,79,13
18,7270,633.15645045827,91,73
52,1694,551.419561357134,86,34
9,5517,341.674088289036,57,48
94,3964,3458.34118975908,94,0
45,9707,2445.31190934562,81,36
13,2889,207.58389049856,89,76
33,2024,319.560648683776,80,47
56,3238,1210.1642748716,64,8
79,3524,2450.13653333642,82,3
50,1408,426.687017756675,80,30
70,8006,4545.93616546668,76,6
98,2679,2511.9418856434,98,0
0,7145,461.796877230018,80,80
52,5198,1692.01822900495,60,8
34,5182,851.320077641289,80,46
78,4376,2983.18582437246,84,6
62,2119,960.522927178405,77,15
22,4831,492.342169394932,74,52
17,5064,424.213497493958,81,64
80,1359,962.986842897556,93,13
84,6296,4780.45516932024,88,4
9,2065,127.887799948678,77,68
29,3017,406.183410019647,86,57
37,3202,592.252399829572,56,19
98,4768,4470.67521864417,98,0
28,6911,894.049432136427,78,50
70,8118,4609.53157522589,76,6
61,3669,1612.60166175008,85,24
98,5690,5335.18078735011,98,0
37,3238,598.911077654015,51,14
6,8615,480.691356010797,88,82
82,6050,4443.69953757944,82,0
70,3806,2161.10829949615,78,8
96,1678,1516.24289317594,97,1
92,5072,4305.10275541333,94,2
93,4474,3848.32987017809,95,2
62,8641,3916.88466906494,83,21
67,7153,3750.13734398281,81,14
56,1148,429.051447669114,89,33
72,1434,855.880694939332,78,6
39,1623,324.672488505019,69,30
79,1663,1156.23639470445,87,8
27,4575,568.712176246694,88,61
85,1700,1311.10983228787,85,0
64,7804,3756.18809222611,83,19
81,1968,1420.26728015342,87,6
27,2439,303.1888519925,80,53
27,3380,420.163312724333,65,38
9,1415,87.6325602553898,17,8
63,4375,2044.12415150047,85,22
29,6209,835.927342662244,71,42
19,4485,406.179895667304,81,62
85,7312,5639.31476099346,98,13
35,2966,506.957776619881,82,47
89,9950,8122.70337618484,98,9
77,9343,6240.65289050518,91,14
4,4166,218.239324410249,84,80
24,9503,1048.29878338932,73,49
62,2182,989.080239312544,65,3
0,2455,158.671985108425,75,75
61,4003,1759.40159498108,64,3
93,7782,6693.71994853059,94,1
48,7000,1972.03549740241,76,28
42,4903,1101.7439656435,70,28
5,1122,60.6119106119108,73,68
91,9057,7588.76361857973,91,0
94,6479,5652.52082957848,94,0
31,3312,482.91013535815,81,50
5,2269,122.574353991467,72,67
43,4168,973.189147798803,75,32
88,4783,3852.36894170534,94,6
75,6944,4443.40077060511,82,7
69,7076,3914.99315275464,82,13
24,1231,135.794570383274,83,59
40,1741,362.106567911943,81,41
55,3825,1381.91613602863,64,9
97,6006,5532.73828170969,97,0
53,4007,1351.03637240725,86,33
59,4949,2041.72575074229,90,31
65,1291,639.734864557724,69,4
30,9862,1381.74233982956,81,51
38,3499,673.102753798561,85,47
56,9371,3502.30062378682,92,36
87,2846,2260.56397030958,90,3
93,7065,6076.98939043545,97,4
79,2734,1900.87210049426,90,11
75,4808,3076.59431236598,78,3
37,7738,1431.24580570932,75,38
24,7888,870.144249539613,87,63
73,9139,5586.58111219411,80,7
7,6782,391.393103768253,55,48
85,4965,3829.21195135839,92,7
13,5217,374.858136632394,71,58
44,4250,1030.87838067144,89,45
49,3397,992.733303765711,66,17
83,3932,2937.33986458151,93,10
23,5646,598.619069121861,70,47
13,2049,147.227203749238,81,68
91,1753,1468.8199871227,92,1
38,5004,962.619657047156,65,27
71,8742,5090.89754263934,83,12
13,9063,651.205538106074,47,34
62,3352,1519.43032180369,71,9
86,3645,2853.69807948823,88,2
40,4318,898.09084448235,73,33
74,1759,1100.50983934166,76,2
91,2874,2408.09392070201,93,2
90,3812,3153.03567445331,94,4
13,5340,383.696080049259,78,65
25,5625,645.657041412902,57,32
52,4631,1507.45217747632,78,26
40,3215,668.680422651865,64,24
75,4059,2597.31620505273,79,4
87,5029,3994.51026236363,95,8
21,3789,371.195792204787,44,23
30,9244,1295.15576854435,54,24
90,9450,7816.41844794957,90,0
53,2672,900.915694303011,83,30
3,2345,119.365247344245,74,71
0,9350,604.310819048379,49,49
16,9983,804.558651889541,88,72
10,6688,429.585458406876,85,75
13,6129,440.388253674515,46,33
68,3612,1945.98086372396,87,19
41,6049,1307.84276283527,82,41
34,4276,702.478705517976,80,46
38,6672,1283.49287606287,80,42
66,2762,1408.23706731469,84,18
49,6628,1936.95505956995,61,12
33,9906,1564.01570447702,82,49
19,4361,394.949949833916,39,20
80,3623,2567.25631480342,92,12
26,2934,350.461616870366,72,46
96,9317,8418.85282224092,99,3
18,3169,275.993506396459,81,63
83,5819,4346.99406714136,85,2
72,6721,4011.41851512361,88,16
80,5867,4157.35379490799,85,5
50,3267,990.047220888536,76,26
83,9731,7269.39324065175,94,11
7,7183,414.535043404211,72,65
64,3723,1791.93852733954,76,12
68,3530,1901.80300358404,84,16
56,7243,2706.98574518066,91,35
40,2491,518.097335249081,72,32
52,2346,763.654244949136,75,23
41,2686,580.734941473884,92,51
38,4787,920.875359369452,47,9
94,1384,1207.45312982507,96,2
84,3440,2611.93865668069,84,0
73,4380,2677.451063728,90,17
38,9833,1891.57455790261,83,45
98,4614,4326.2784099883,98,0
39,9051,1810.60424735608,54,15
16,9124,735.329373919681,82,66
9,4121,255.21821965545,90,81
69,9301,5146.03608165219,70,1
93,7324,6299.76932704164,98,5
83,6285,4695.11216909837,83,0
37,7657,1416.26378060432,77,40
90,1015,839.541240705694,93,3
23,6322,670.292198899824,85,62
42,3513,789.399663737633,79,37
99,9789,9322.85714285714,99,0
68,7340,3954.45723691413,93,25
13,6459,464.099809183177,63,50
18,4973,433.106881448277,20,2
21,5133,502.86302491084,76,55
26,4675,558.421287958064,57,31
14,4261,318.04456168477,52,38
35,4084,698.049750409844,78,43
0,3262,210.83014884875,14,14
68,4464,2404.99960566549,72,4
11,6791,452.623705302308,88,77
12,8017,554.711007157518,78,66
69,1807,999.772841581066,71,2
34,1542,253.326043944976,86,52
87,6002,4767.35943422281,89,2
84,3993,3031.82298143198,95,11
50,8469,2566.48604643557,85,35
31,2625,382.741275759404,72,41
84,3783,2872.37323785554,89,5
70,4422,2510.88305317183,91,21
17,9881,827.735696828159,61,44
86,3504,2743.30811262737,89,3
99,1691,1610.47619047619,99,0
1,9367,453.669842475051,60,59
12,8986,621.757903245285,80,68
69,1679,928.953293311904,77,8
38,1589,305.67598622061,82,44
66,5102,2601.31264208527,83,17
2,1420,70.4048675479534,30,28
0,3948,255.167819636685,79,79
0,3934,254.262969212441,74,74
25,2797,321.049376859002,75,50
76,6915,4522.41326551196,76,0
60,3342,1423.4786635314,60,0
57,3348,1293.81092512615,75,18
92,3043,2582.89189367562,92,0
55,3689,1332.78134008094,69,14
10,3019,193.917239672602,65,55
88,1382,1113.10346590775,94,6
74,4183,2617.07371118031,77,3
64,5590,2690.55502761968,73,9
10,6707,430.805871640987,60,50
51,2177,683.875541421798,85,34
80,5490,3890.2117494537,96,16
91,6971,5840.92648615648,98,7
31,1408,205.29513000733,33,2
17,5341,447.417908790527,55,38
30,7575,1061.3159829861,61,31
87,2594,2060.40159486404,90,3
55,1909,689.69356958919,85,30
50,5233,1585.83321301185,82,32
20,6582,619.93504540287,70,50
33,8377,1322.6084753083,72,39
72,5220,3115.54897321012,85,13
37,7715,1426.99165043259,68,31
76,1365,892.710644602144,80,4
21,5946,582.509944695082,88,67
0,2648,171.145994528354,65,65
77,2418,1615.10207526935,86,9
34,1593,261.704531779732,72,38
14,2895,216.085192695942,71,57
39,5939,1188.0652552257,67,28
47,1599,434.115572176411,61,14
73,3422,2091.83505481215,80,7
93,9753,8389.0838676457,99,6
44,3001,727.921416563525,57,13
91,4853,4066.27689532598,95,4
72,6307,3764.32325173108,86,14
52,6202,2018.83360067116,78,26
18,9175,799.066084312879,73,55
33,9765,1541.75382134243,67,34
22,3126,318.580339790635,76,54
93,2286,1966.31249066319,93,0
35,8221,1405.15842265409,72,37
15,9067,703.163362627604,90,75
34,4137,679.643219066386,67,33
10,5411,347.560842619559,52,42
85,3387,2612.19353056412,97,12
40,1549,322.172931473636,53,13
86,4689,3671.05357879844,90,4
46,7770,2032.27511663789,57,11
23,6917,733.37727614522,53,30
3,6951,353.819971978614,7,4
44,8993,2181.33865350076,70,26
81,8484,6122.73760407604,86,5
46,4705,1230.61189495255,77,31
53,8413,2836.60319467486,63,10
58,2972,1186.97677438362,61,3
95,1117,990.1695280024,96,1
45,1752,441.350207600033,53,8
31,8205,1196.33987337368,91,60
47,1877,509.590324562304,81,34
47,4593,1246.96236585757,57,10
83,9376,7004.19597413944,85,2
28,8670,1121.60448222006,68,40
70,6173,3505.12914681811,88,18
57,7972,3080.72302721197,89,32
59,8932,3684.92511732273,84,25
81,3361,2425.56825640023,86,5
31,9834,1433.85817364494,81,50
61,1894,832.452315986551,77,16
9,7537,466.774987028179,85,76
46,8761,2291.47519908167,74,28
15,3248,251.88867341066,57,42
27,5275,655.728246929248,82,55
90,2734,2261.38497742795,94,4
97,7771,7158.65953832268,97,0
20,7560,712.049368466378,34,14
22,6197,631.555459271454,50,28
68,6858,3694.77761999416,88,20
57,5654,2184.94831859715,84,27
54,6728,2348.70182348805,78,24
34,4330,711.350045578306,74,40
99,3491,3324.7619047619,99,0
65,1692,838.444144718567,87,22
71,8155,4749.05850608829,74,3
62,4148,1880.24969416518,72,10
48,4760,1340.98413823364,74,26
63,4287,2003.00805428172,72,9
3,6894,350.918556584745,90,87
27,4162,517.372694543987,82,55
59,1908,787.151491698585,83,24
45,8463,2131.93310897208,62,17
77,6571,4389.09666525843,80,3
17,2493,208.839701669122,72,55
33,1068,168.621923317329,50,17
15,1991,154.405895554379,65,50
23,8383,888.810424450684,79,56
36,4012,713.400418365189,75,39
29,3032,408.202883387329,81,52
40,3120,648.921592122494,75,35
12,1249,86.4206121915604,53,41
44,1058,256.628076882442,57,13
60,2029,864.224478846563,73,13
49,4503,1315.94879801501,73,24
4,1086,56.8910000742992,78,74
66,4401,2243.89983101084,80,14
96,2938,2654.78046492904,99,3
1,2593,125.586196384948,87,86
6,1138,63.497012552558,90,84
61,6434,2827.87655810848,79,18
99,3712,3535.23809523809,99,0
62,8126,3683.43997463507,93,31
83,5413,4043.69803839769,89,6
91,6419,5378.41157863125,91,0
83,4977,3717.99097304735,90,7
33,1457,230.039459057442,69,36
92,6498,5515.48850644239,92,0
35,5455,932.385256730092,78,43
20,5333,502.296201326878,64,44
86,3552,2780.88767581405,86,0
20,7515,707.810979368364,31,11
38,6154,1183.84519773545,76,38
53,5790,1952.20878368804,77,24
85,7993,6164.52993498643,89,4
87,9973,7921.50543777143,89,2
97,2109,1942.81469132963,98,1
61,2978,1308.89281785003,65,4
42,1306,293.468818912994,71,29
14,2425,181.004004244442,68,54
59,4993,2059.87809122172,70,11
89,5343,4361.76926019654,89,0
21,3642,356.794688627563,88,67
13,1475,105.983467803868,81,68
7,2733,157.722995074998,73,66
94,3016,2631.27069331821,95,1
48,7803,2198.25614089014,87,39
75,2096,1341.21083168034,91,16
21,7417,726.618947158329,43,22
71,4998,2910.58177969703,92,21
50,1638,496.38731185045,82,32
31,8571,1249.70494267956,84,53
75,3364,2152.59219359383,86,11
91,4470,3745.36528376409,92,1
13,3651,262.336027764016,28,15
0,5477,353.990412398714,55,55
58,1279,510.815374978686,81,23
52,8454,2751.88959369139,63,11
11,2336,155.695622969547,85,74
23,5412,573.809139583336,57,34
89,6813,5561.80684441681,95,6
28,3469,448.771159033608,73,45
72,2345,1399.60964409535,93,21
35,3774,645.063603831232,80,45
62,1129,511.765165070514,67,5
99,2396,2281.90476190476,99,0
40,5225,1086.7356791154,74,34
63,8873,4145.7173934317,76,13
50,7209,2184.64965270445,67,17
31,6436,938.408705061913,88,57
98,5976,5603.34628913959,98,0
51,4157,1305.86615787341,54,3
59,4057,1673.72830284128,76,17
16,1936,156.027802269674,86,70
76,1881,1230.17488827592,83,7
83,5057,3777.75373733182,87,4
81,5577,4024.8123076299,81,0
41,5817,1257.68248494177,63,22
1,6066,293.793238438524,75,74
98,7743,7260.15902222354,99,1
18,7927,690.375678512064,79,61
59,6777,2795.87298702375,82,23
18,2427,211.371486280911,87,69
7,1377,79.4674585504105,88,81
28,5821,753.040333449015,76,48
61,6737,2961.05134783601,65,4
49,1983,579.508431371035,79,30
16,9388,756.605892411,84,68
56,2438,911.173719004617,64,8
68,7882,4246.46211735112,69,1
43,9956,2324.63319469407,47,4
73,4465,2729.41073048985,86,13
43,3381,789.431983855027,64,21
6,3474,193.838859057633,76,70
55,5416,1956.72099156368,67,12
73,3447,2107.11730974211,77,4
87,7963,6324.97220505103,94,7
56,8887,3321.4113374873,84,28
76,6088,3981.55487497279,87,11
18,1513,131.769698699225,53,35
72,7186,4288.95305009347,89,17
98,7185,6736.95500124966,99,1
89,1065,869.414984486116,89,0
44,1187,287.918267731058,62,18
9,2361,146.219416793622,42,33
27,1536,190.938120812005,57,30
59,5886,2428.28809231545,83,24
14,6843,510.767175688543,38,24
17,5536,463.753144179808,53,36
43,2682,626.221999615256,75,32
55,4003,1446.22491307781,88,33
59,1528,630.381278467211,80,21
57,1061,410.015947299536,78,21
87,9548,7583.93000299224,89,2
28,3496,452.264044964397,66,38
66,7590,3869.84769765332,82,16
56,3427,1280.80079369517,82,26
18,6285,547.371154213236,71,53
80,3020,2139.97076199457,82,2
53,4908,1654.8256839967,66,13
81,9869,7122.26513609458,87,6
58,3905,1559.60440914134,88,30
47,7538,2046.50605570093,78,31
52,7632,2484.31764597264,77,25
64,6739,3243.58682131109,74,10
7,7013,404.724246052309,70,63
7,9591,553.502102365278,65,58
46,8810,2304.29134846587,75,29
16,5234,421.823097665016,57,41
6,1327,74.0426499624292,63,57
2,2830,140.313926169513,85,83
63,1292,603.659063711682,85,22
56,4747,1774.13521087568,66,10
37,4216,779.805158551367,85,48
52,8701,2832.29138333437,68,16
11,8582,571.994792947196,72,61
19,3963,358.905446271912,57,38
25,8279,950.292381485762,86,61
1,4087,197.944768463279,58,57
78,8171,5570.29510305013,87,9
29,5684,765.245774793396,61,32
76,9144,5980.18031812601,77,1
15,7715,598.313151281787,81,66
81,5089,3672.63220970568,89,8
39,2025,405.09044314397,76,37
17,1632,136.713354642602,90,73
93,8536,7342.2762118552,93,0
32,4264,646.980049090896,88,56
1,2970,143.845354131622,78,77
1,4700,227.634062093812,46,45
95,4393,3894.19403448034,95,0
76,4029,2634.96790263886,87,11
71,6337,3690.34748658265,93,22
67,6873,3603.34041174246,88,21
82,5222,3835.53702235369,93,11
3,3518,179.073322028595,62,59
17,4200,351.835839153756,90,73
14,7090,529.203459832204,30,16
30,4006,561.271528428027,72,42
34,2949,484.473737739128,77,43
52,5529,1799.76313739291,87,35
50,8475,2568.30431497715,84,34
82,5698,4185.15701902936,94,12
51,1091,342.723112398338,83,32
1,2331,112.896808242697,36,35
69,4941,2733.74521873384,78,9
69,2722,1506.02195616141,75,6
68,6332,3411.39280982838,86,18
42,9217,2071.13484220603,51,9
63,7474,3492.06489332903,84,21
91,2459,2060.36985073286,94,3
91,7675,6430.8005711162,91,0
60,6391,2722.15803070891,74,14
48,9316,2624.49752768583,54,6
39,6441,1288.48767619275,69,30
10,6754,433.824788588523,78,68
78,3183,2169.89956100949,84,6
60,5571,2372.89037538403,65,5
62,2769,1255.16186189571,87,25
52,8128,2645.77225189539,78,26
60,1736,739.425182492673,86,26
44,7909,1918.4040265248,77,33
70,5081,2885.07390166577,86,16
37,5636,1042.45300607104,42,5
80,3325,2356.09363696422,87,7
8,4656,278.239069650966,89,81
73,2871,1755.01415615596,73,0
91,4695,3933.89038194014,91,0
24,2305,254.270093203449,60,36
0,3428,221.559089593352,17,17
24,2131,235.075734757723,37,13
75,6937,4438.92153595732,86,11
97,4256,3920.6350527733,99,2
7,3047,175.844114889688,71,64
56,6947,2596.35923950988,66,10
95,8717,7727.22271763377,96,1
99,4309,4103.80952380952,99,0
22,9811,999.869390174638,76,54
86,8310,6505.96187669333,98,12
18,5269,458.886016157445,81,63
81,3033,2188.85704304133,89,8
30,6112,856.338387856241,56,26
71,2425,1412.19704196985,74,3
64,5887,2833.50580457908,68,4
7,5040,290.861286197581,85,78
63,1929,901.28354017015,76,13
9,9575,592.990646251136,69,60
37,4867,900.216249210034,76,39
39,1325,265.059178847289,83,44
91,3478,2914.17907313904,95,4
9,9002,557.504104183052,85,76
35,2465,421.325326826705,72,37
56,2580,964.244542671006,70,14
83,4981,3720.97911126157,89,6
57,7841,3030.09900355859,75,18
34,2196,360.767829120083,79,45
71,5065,2949.59918250609,78,7
97,3041,2801.37481096889,98,1
16,7458,601.061647379765,79,63
2,7795,386.483058124153,80,78
56,7458,2787.33945706991,79,23
47,4702,1276.5549845988,75,28
22,7787,793.597282773408,68,46
13,9939,714.148940001795,46,33
14,8752,653.256513462828,54,40
11,2179,145.231490775104,86,75
47,6910,1876.00913304503,72,25
84,8829,6703.72279064936,95,11
75,8056,5154.95918893934,78,3
5,4051,218.840329669207,72,67
37,4910,908.169669944784,87,50
79,3450,2398.68644722209,79,0
56,9184,3432.41158135291,75,19
60,8025,3418.13772436849,80,20
31,7915,1154.05607528978,88,57
80,6867,4865.95338497242,82,2
25,2759,316.687604845901,82,57
61,6163,2708.76643264262,84,23
31,2405,350.663911695758,69,38
77,6216,4151.97456570483,78,1
16,3840,309.476632601006,76,60
80,8820,6249.84838436825,90,10
7,5119,295.420421437583,81,74
60,7675,3269.06006660787,73,13
10,3730,239.586387538524,75,65
65,2517,1247.25999542354,83,18
58,5344,2134.32162930891,77,19
42,6990,1570.70983476404,47,5
38,7220,1388.91165545173,85,47
47,8014,2175.73620726814,75,28
97,5321,4901.71501781173,97,0
37,7826,1447.52257372462,88,51
41,4218,911.965742046479,76,35
39,4030,806.17999302232,63,24
28,7216,933.506106539785,74,46
31,1977,288.258857971939,56,25
83,4126,3082.26456797134,85,2
71,1289,750.648242102735,84,13
69,8077,4468.82415132832,87,18
60,5247,2234.8870579142,75,15
80,6404,4537.87177477259,86,6
87,6473,5141.47244547222,96,9
13,4535,325.854255247826,85,72
28,5816,752.393502721091,68,40
93,3721,3200.63376104887,95,2
56,2669,997.507242011207,74,18
2,6781,336.208032987797,50,48
6,2746,153.218626071462,83,77
76,9851,6442.55865199686,92,16
20,2751,259.106853525265,62,42
0,3101,200.424368969949,81,81
38,9825,1890.03559761957,56,18
6,4242,236.69097297711,51,45
86,6671,5222.77637538162,88,2
31,2633,383.907725361718,90,59
25,2995,343.776504716736,83,58
32,5769,875.33487411008,70,38
59,4752,1960.45277177761,61,2
39,5500,1100.24564804535,71,32
81,5825,4203.78907870614,81,0
8,7007,418.733067234604,82,74
71,7850,4571.4419709127,86,15
13,2386,171.441731647478,85,72
3,8714,443.560241090727,73,70
41,5712,1234.98063503307,64,23
40,4051,842.558131310328,52,12
42,7560,1698.79346935853,80,38
10,9115,585.477190995616,81,71
8,4793,286.426086949544,87,79
36,9668,1719.13141693785,79,43
34,9562,1570.88432697916,49,15
89,6429,5248.32763874295,89,0
72,3691,2202.96767435221,85,13
54,5891,2056.51047000121,78,24
11,2337,155.762273493078,47,36
0,6241,403.369392693148,54,54
17,4746,397.574498243745,67,50
83,7228,5399.56575310152,84,1
85,6621,5106.38717622234,90,5
18,6503,566.357138559853,79,61
65,5174,2563.89480187581,87,22
9,8195,507.525675825385,90,81
93,9231,7940.08337765175,94,1
89,4869,3974.81836569286,91,2
12,2293,158.656896521415,67,55
41,8277,1789.55439708836,83,42
41,2611,564.519334396244,85,44
66,4843,2469.25855068973,90,24
45,5268,1327.0735694275,87,42
88,2681,2159.35628950701,88,0
78,5869,4000.98665521983,88,10
28,4518,584.476245752044,48,20
40,4659,969.014646698302,84,44
15,7955,616.925614834299,79,64
57,8763,3386.39938377553,62,5
96,5947,5373.71661842511,98,2
33,7215,1139.14529656791,70,37
43,4536,1059.1137174701,64,21
71,9707,5652.86461294899,80,9
42,6379,1433.41316680397,79,37
77,3268,2182.85921504559,85,8
2,3929,194.803327180218,72,70
4,7558,395.932024458152,66,62
73,6453,3944.65564251982,77,4
64,8052,3875.55439756595,75,11
4,1954,102.361891478067,82,78
13,3339,239.917829828553,80,67
43,4481,1046.27173015509,76,33
19,9391,850.487268720547,69,50
33,6334,1000.04799840071,74,41
61,4581,2013.44459320718,77,16
64,5138,2473.00030982288,69,5
16,8708,701.802738721239,68,52
8,8067,482.077872610468,58,50
48,6293,1772.85991216477,85,37
13,1170,84.0682422579837,83,70
39,4494,899.000716784691,77,38
72,9628,5746.456995032,77,5
69,7194,3980.27992381527,92,23
16,5483,441.890723060238,65,49
54,7159,2499.1611703851,70,16
93,1371,1179.27140188068,99,6
38,5996,1153.45073214523,70,32
10,2524,162.122263310251,71,61
59,9678,3992.68979908748,71,12
49,8191,2393.72342983366,84,35
58,8630,3446.70577487573,68,10
14,1802,134.502769339581,78,64
16,5176,417.148711026772,47,31
16,9620,775.303438963977,83,67
83,7529,5624.42315372182,92,9
8,4909,293.358159990677,69,61
75,4567,2922.3806623493,79,4
29,9143,1230.93633338072,73,44
16,7623,614.35947143684,46,30
14,2947,219.966515673555,69,55
84,8973,6813.05975767321,87,3
14,1910,142.563978600777,87,73
32,5551,842.257563907965,79,47
98,5459,5118.5855743663,98,0
24,9993,1102.35186177096,80,56
94,2837,2475.10442869488,94,0
44,5350,1297.6939615511,86,42
61,1441,633.349412532534,68,7
64,8846,4257.71910095235,82,18
73,4533,2770.97846389932,80,7
94,9477,8268.0876527111,98,4
50,7246,2195.86230871084,84,34
54,5375,1876.3781660595,75,21
4,4395,230.235677096266,19,15
23,2303,244.176357808651,79,56
14,7910,590.408937556098,71,57
10,3486,223.913712321527,70,60
18,4484,390.519054175362,70,52
71,3060,1781.98884471247,80,9
7,1944,112.189353247638,46,39
88,8770,7063.61606078942,98,10
11,5394,359.512923928825,62,51
86,2716,2126.37695031277,86,0
59,6055,2498.00958188414,60,1
0,4402,284.51082625144,85,85
39,1502,300.467084248021,81,42
66,4770,2432.03867164774,89,23
39,3015,603.134659792133,60,21
90,2440,2018.20751460285,92,2
69,2354,1302.41575488757,94,25
46,5573,1457.64082690128,60,14
19,1035,93.7338220770702,36,17
43,1061,247.733609840338,83,40
36,5838,1038.09362971485,74,38
65,4618,2288.37769521888,85,20
88,8450,6805.87864466028,88,0
88,4924,3965.93449068724,90,2
78,8802,6000.45740999232,90,12
28,8930,1155.2396800721,47,19
28,2463,318.628816575318,53,25
30,3041,426.067578120227,80,50
76,1595,1043.13075321642,78,2
48,7137,2010.63104928014,79,31
61,5433,2387.91627917367,75,14
94,3676,3207.0792667897,96,2
53,4472,1507.81997938737,71,18
84,1937,1470.73406336933,84,0
37,3906,722.466543952002,73,36
86,6184,4841.50039055013,96,10
27,2751,341.973157782438,72,45
25,2701,310.030163352222,83,58
24,6810,751.227477099996,74,50
48,6910,1946.68075529295,82,34
27,5618,698.366121563699,79,52
55,5060,1828.10343746532,64,9
70,1793,1018.09437230599,73,3
45,3288,828.287375906912,79,34
71,2749,1600.87821376293,86,15
0,7159,462.701727654262,68,68
87,7414,5888.90417283038,88,1
37,8909,1647.8377982766,72,35
37,5825,1077.41106464936,78,41
14,4060,303.041755559767,90,76
33,2925,461.815660770773,80,47
70,5281,2998.63713337866,87,17
70,6648,3774.84182213621,80,10
38,4640,892.596964168426,85,47
25,4953,568.52254686544,76,51
98,8999,8437.83689022209,98,0
96,9505,8588.72985675646,98,2
43,4159,971.087731692711,78,35
89,4039,3297.24612426237,97,8
81,2162,1560.27330268887,91,10
96,5086,4595.71594439383,96,0
20,5085,478.937968075599,82,62
89,9534,7783.10090337148,90,1
58,7402,2956.259113051,82,24
67,6490,3402.54317942799,69,2
38,3874,745.241517066483,51,13
59,7516,3100.7497964395,81,22
98,6009,5634.28846242299,99,1
88,3501,2819.80841833794,89,1
36,4954,880.903707024214,61,25
80,6505,4609.4403333691,84,4
94,6810,5941.29755354676,97,3
21,3603,352.973987678503,74,53
83,4483,3348.95590359077,85,2
20,9839,926.700229674695,60,40
29,2114,284.611113285228,71,42
50,8227,2493.14921525864,75,25
57,5825,2251.03005939661,69,12
24,1169,128.955201281923,70,46
33,7435,1173.88014968571,56,23
78,3503,2388.04843299285,95,17
45,4282,1078.688121543,72,27
67,4259,2232.88619432724,75,8
40,8479,1763.52762166879,64,24
60,2321,988.597839035423,94,34
65,9883,4897.36612426335,86,21
42,5289,1188.48130415837,78,36
43,3826,893.335335767327,71,28
53,8441,2846.0439279984,70,17
63,9370,4377.92989704215,93,30
5,6267,338.551554193266,74,69
34,1665,273.532985193506,50,16
59,7201,2970.79554073454,79,20
76,6767,4425.62119562103,76,0
66,9698,4944.63543766033,83,17
47,7531,2044.60561229553,58,11
18,2239,194.998252073737,73,55
82,6969,5118.70116981671,95,13
30,3567,499.764239117018,66,36
13,1367,98.2233223646698,70,57
84,9423,7154.73777962272,88,4
28,2842,367.65858575195,55,27
83,1345,1004.76147453259,94,11
47,8920,2421.70788230994,90,43
47,9069,2462.16017765345,76,29
64,5644,2716.54607797593,67,3
88,3799,3059.82638710821,97,9
73,6280,3838.90243840453,91,18
22,2400,244.591431701063,56,34
33,1061,167.516723445398,74,41
43,4575,1068.21985392983,84,41
29,2274,306.152162540496,77,48
96,3315,2995.43813520754,98,2
69,9221,5101.77386398396,75,6
69,3526,1950.85724372708,91,22
10,2619,168.224329480803,78,68
93,4200,3612.64762064103,95,2
85,3541,2730.96465654785,96,11
86,9480,7421.96372936857,92,6
6,8695,485.155117877409,77,71
81,1025,739.722541746575,91,10
3,1491,75.8949184606694,67,64
35,4504,769.837432871189,86,51
89,5363,4378.09630215872,91,2
35,8438,1442.24872525912,50,15
75,8617,5513.9378514263,77,2
76,3774,2468.19778221868,87,11
25,7541,865.582177652389,87,62
9,4256,263.578923284056,75,66
53,5386,1815.99248859132,86,33
2,8153,404.233017689059,43,41
79,8022,5577.46744336685,79,0
45,1981,499.038105739536,84,39
21,2495,244.426894048811,43,22
93,3290,2829.90730283547,95,2
90,8189,6773.402187329,90,0
15,4947,383.64940497615,74,59
65,5983,2964.78210274893,85,20
54,5837,2037.65941493754,89,35
23,8305,880.540447937842,62,39
80,4332,3069.6534241591,88,8
12,7383,510.843378551073,82,70
55,5979,2160.12459537652,86,31
70,5131,2913.46470959399,78,8
91,4404,3690.06458829912,94,3
28,1695,219.275616766205,85,57
96,6711,6064.06797145635,98,2
87,9260,7355.17300248305,96,9
70,7458,4234.77291057338,87,17
25,4265,489.551516733516,69,44
97,5421,4993.83520232239,97,0
76,6452,4219.61104686669,88,12
40,5946,1236.69480344883,79,39
46,6769,1770.45949350346,92,46
47,6658,1807.59317045062,71,24
29,3480,468.517821302079,91,62
41,7894,1706.74669694521,66,25
60,7936,3380.22940568079,83,23
60,1961,835.2608196245,66,6
23,5415,574.12721560306,75,52
70,4054,2301.92670682012,94,24
93,1543,1327.21792348788,93,0
93,4913,4225.93756195461,93,0
29,4380,589.686223362962,87,58
73,2296,1403.52229276701,87,14
56,3028,1131.67925395651,92,36
59,3175,1309.8563868674,79,20
44,6305,1529.33839767845,86,42
35,7860,1343.45520034803,86,51
58,1488,594.287160256673,80,22
2,3844,190.588951305868,90,88
99,9062,8630.47619047619,99,0
59,3428,1414.23234462408,68,9
64,3337,1606.15064886706,71,7
80,9356,6629.65776464278,96,16
99,6469,6160.95238095238,99,0
73,8822,5392.80211968229,74,1
63,2316,1082.10092225716,88,25
44,6221,1508.963389684,72,28
58,6356,2538.50080012864,87,29
6,3616,201.76203637087,61,55
38,4588,882.593722328607,71,33
41,6598,1426.54100664359,59,18
83,4289,3204.03120020094,87,4
92,6949,5898.29634214653,94,2
14,4730,353.051109309778,68,54
99,5307,5054.28571428571,99,0
78,3663,2497.12286898453,86,8
82,4305,3162.00438169909,85,3
68,3261,1756.87807214945,72,4
41,7250,1567.50868417188,77,36
41,7392,1598.21023357221,77,36
70,3343,1898.20941808083,83,13
59,6304,2600.73532686996,92,33
20,3991,375.898019781655,91,71
97,6224,5733.56028394291,98,1
11,4914,327.520672633713,65,54
21,1263,123.731930734929,76,55
95,6956,6166.17657724681,99,4
12,2771,191.730597584319,59,47
25,2694,309.226679034019,83,58
9,1169,72.3975003099298,84,75
95,7223,6402.85989325097,96,1
21,1501,147.048003193293,78,57
41,2308,499.008281802578,90,49
49,6351,1856.00506688726,84,35
12,4864,336.549125460168,76,64
68,2963,1596.32926334831,88,20
77,5266,3517.42246830785,86,9
80,2996,2122.96437183302,83,3
43,3206,748.57111512547,84,41
73,6361,3888.41694437758,76,3
73,5215,3187.87837838848,81,8
80,5444,3857.61616831074,92,12
10,4042,259.626857488127,88,78
65,7941,3935.03838842207,65,0
63,5068,2367.91341709815,66,3
2,8685,430.610052573222,70,68
6,9379,523.320281836943,46,40
31,2947,429.690872252557,79,48
97,2536,2336.16787919011,97,0
22,9539,972.149027915184,67,45
45,6012,1514.49626032614,83,38
64,7840,3773.51545913028,70,6
29,3779,508.772657097861,69,40
29,9422,1268.49853801959,85,56
25,2531,290.516972767298,51,26
38,1010,194.293735734938,73,35
20,4744,446.820397355092,80,60
16,8903,717.518348970508,68,52
63,7249,3386.93850839472,69,6
41,3962,856.616469888134,68,27
48,3518,991.088697123096,70,22
70,5163,2931.63482666806,91,21
96,6558,5925.81698060062,98,2
66,3513,1791.1429462261,67,1
68,8159,4395.69708392131,74,6
5,8726,471.389957218836,21,16
56,7165,2677.83416598363,87,31
24,7565,834.513342769672,75,51
68,4220,2273.54353402965,75,7
81,9567,6904.31761647754,93,12
16,9143,736.860638508071,84,68
13,7680,551.832564565226,83,70
73,2768,1692.05126584455,86,13
1,5451,264.007079249653,60,59
30,4510,631.885819573241,83,53
30,6051,847.791816904142,88,58
80,6017,4263.64373341766,89,9
2,1368,67.8266611307044,84,82
98,9457,8867.27674973111,98,0
14,6490,484.418963936672,85,71
2,1228,60.8853361611879,78,76
85,1084,836.02532835297,90,5
24,7075,780.460264388028,54,30
91,5958,4992.14459970167,97,6
93,9447,8125.87668385614,94,1
95,3036,2691.27545838432,97,2
39,9280,1856.41447524743,86,47
14,6222,464.415222436667,82,68
69,9873,5462.51093798001,79,10
32,1068,162.048473834211,52,20
41,9280,2006.41111574,69,28
53,8038,2710.16480194895,77,24
62,2969,1345.81999565488,73,11
73,3634,2221.42857661816,84,11
57,2650,1024.07376092721,76,19
66,3373,1719.76235628256,73,7
52,1079,351.22887054566,81,29
66,5434,2770.58661252281,69,3
19,4305,389.878361393031,64,45
49,6261,1829.70362522141,76,27
19,6249,565.93493155518,77,58
71,5309,3091.69241064656,86,15
55,9356,3380.18493298924,82,27
49,5327,1556.75310837796,67,18
33,5536,874.055213000684,80,47
81,5863,4231.21293879041,88,7
95,3345,2965.18985780486,95,0
75,8505,5442.2700970617,96,21
0,9032,583.757787983419,0,0
56,8353,3121.83514144609,90,34
86,2594,2030.8622272133,89,3
8,2533,151.370181148174,72,64
8,2792,166.847826990012,74,66
54,4854,1694.50039405633,83,29
22,3748,381.970285839827,69,47
40,3802,790.769196554399,58,18
89,9276,7572.48206205935,92,3
67,3994,2093.95338345692,88,21
36,1422,252.855282880184,87,51
59,3834,1581.72894086602,65,6
18,1893,164.864533798832,59,41
87,3682,2924.59470789877,87,0
63,3112,1454.01471073588,92,29
4,3458,181.150164140816,52,48
46,5921,1548.66164293603,80,34
76,5062,3310.55039045865,88,12
82,2963,2176.31102972692,83,1
47,7832,2126.32467872774,70,23
42,4952,1112.75466405601,58,16
49,9937,2903.97139815127,75,26
42,1912,429.641946218718,80,38
88,2431,1957.99893315611,92,4
75,1326,848.495020423729,82,7
22,9149,932.402920263761,69,47
3,2454,124.913568009713,73,70
17,7172,600.801580573986,87,70
4,5964,312.429028032339,88,84
41,7784,1682.96380656467,55,14
21,9604,940.87210037867,57,36
3,3465,176.375514732542,82,79
67,6884,3609.10743408048,79,12
1,5108,247.394635994722,87,86
58,3824,1527.25410001446,59,1
60,1576,671.275396087819,80,20
8,5756,343.974245041013,84,76
65,2107,1044.09090598228,88,23
7,7505,433.117847800168,85,78
51,5366,1685.65739791886,54,3
10,7932,509.490409103371,73,63
47,8826,2396.18764229456,80,33
95,6167,5466.76408163903,98,3
8,4551,271.964348363734,46,38
42,3521,791.197328784574,72,30
10,8501,546.038573851205,81,71
91,8504,7125.41082172927,91,0
10,2561,164.498857502992,90,80
81,2039,1471.50659767928,87,6
93,6613,5688.19969411884,95,2
83,1273,950.974986676568,94,11
11,9902,659.973484008755,52,41
10,7717,495.680469875279,69,59
50,6586,1995.8527691374,61,11
52,1835,597.316939250496,63,11
72,4626,2761.02098660345,90,18
7,2343,135.21587173828,80,73
38,3516,676.37304440004,53,15
10,7536,484.05442801349,56,46
21,1578,154.59143840041,81,60
86,8797,6887.23786152482,97,11
85,5148,3970.34906859879,86,1
80,6214,4403.23785266035,85,5
2,6209,307.847762398058,76,74
28,4844,626.649609212683,49,21
64,6554,3154.54340805355,77,13
14,9431,703.937634651271,46,32
86,8672,6789.37441572618,90,4
78,4768,3250.41819255208,82,4
38,2232,429.369918970674,68,30
3,5512,280.571958789544,72,69
42,3227,725.13313830952,84,42
80,1350,956.609446586976,91,11
36,2042,363.101608749181,90,54
4,9322,488.340610214196,86,82
34,3923,644.486426975449,82,48
1,6588,319.075149164688,66,65
9,2637,163.312410878772,66,57
43,3610,842.901349221132,50,7
4,4855,254.333154107479,66,62
10,3200,205.543281534391,74,64
33,4962,783.42882350242,72,39
76,1431,935.87467576972,92,16
62,6148,2786.83103175688,62,0
3,1730,88.0605023051362,73,70
40,3509,729.828803448023,59,19
36,9322,1657.60685443676,61,25
49,6034,1763.3655445753,87,38
92,3747,3180.44558843331,96,4
46,5238,1370.02021376439,83,37
67,8064,4227.75164852193,86,19
70,7461,4236.47635904907,75,5
97,1955,1800.94960718322,97,0
93,5961,5127.37915872409,95,2
68,8326,4485.66906737698,69,1
84,1183,898.233555480598,86,2
28,5921,765.976948007493,76,48
39,9827,1965.83890606212,40,1
59,7773,3206.77596696703,60,1
42,6131,1377.68555034883,71,29
9,5362,332.074761900636,84,75
33,2387,376.873156328149,64,31
58,3100,1238.09825053474,74,16
95,3425,3036.1062071694,95,0
22,4437,452.188409357341,81,59
26,1841,219.904511471828,75,49
23,4951,524.931457885642,62,39
48,2467,695.001653155963,83,35
36,4810,855.298108757866,63,27
4,5279,276.544741613467,39,35
97,2044,1882.9365713977,99,2
37,9962,1842.60412464154,79,42
46,9311,2435.32993706762,59,13
68,3470,1869.47774006704,91,23
21,6541,640.800125840991,87,66
70,6393,3630.04870170228,70,0
22,3173,323.370255328114,82,60
5,6723,363.185271875113,84,79
72,6021,3593.62459151305,76,4
24,5725,631.538517826355,85,61
69,7431,4111.40674365739,77,8
40,9411,1957.37214854641,61,21
38,1522,292.787193850074,74,36
7,6232,359.652288806215,70,63
35,6189,1057.84277798397,83,48
89,1352,1103.70803664341,91,2
41,1016,219.667423878431,63,22
42,2475,556.152623897137,92,50
42,7626,1713.62420599579,91,49
76,6512,4258.85107520085,94,18
3,3756,191.188003848608,58,55
53,4290,1446.4552127844,69,16
41,6660,1439.94590849444,73,32
57,3391,1310.42797105818,84,27
48,5057,1424.65478719485,73,25
70,6348,3604.49697456688,75,5
25,5365,615.813338165372,50,25
41,4691,1014.2321706828,57,16
88,5484,4416.97496891325,96,8
26,4253,508.014061537037,84,58
3,9260,471.352746442521,61,58
59,7208,2973.68341308354,73,14
16,8585,691.889815333238,90,74
13,4670,335.554437046824,57,44
65,9719,4816.09848848685,71,6
66,5712,2912.32806969641,84,18
19,5308,480.714132932453,66,47
13,6722,482.997200391595,83,70
46,3111,813.694708862352,77,31
75,1019,652.048586585052,89,14
95,8330,7384.1648775828,96,1
84,4701,3569.39640263254,90,6
43,6554,1530.2979065915,78,35
70,3054,1734.11054825571,80,10
95,7703,6828.35798943821,97,2
12,4089,282.925446958599,64,52
48,8128,2289.81493184097,79,31
76,5520,3610.08260674274,85,9
76,8764,5731.66013867633,90,14
59,8817,3637.4815001606,75,16
47,5205,1413.11541787256,58,11
88,6410,5162.80261683697,93,5
35,6596,1127.40846075008,67,32
78,8745,5961.59964217029,92,14
63,9669,4517.63118191041,71,8
95,8598,7621.73464795401,97,2
66,1569,799.972468724382,77,11
17,5321,445.742500032652,86,69
76,2278,1489.81307575361,89,13
97,8691,8006.16523582067,99,2
39,2076,415.292720971299,62,23
52,2845,926.085390827064,66,14
9,3364,208.336348197266,35,26
13,4273,307.028717237918,15,2
24,3702,408.376522793566,83,59
61,2180,958.15525282507,77,16
6,8808,491.460181513999,88,82
86,3950,3092.4848872369,94,8
40,6224,1294.51538120846,77,37
35,1005,171.777668746791,63,28
40,9257,1925.34204431985,74,34
55,1848,667.655168465597,77,22
28,9754,1261.83738403396,87,59
41,7313,1581.12979411709,69,28
18,6776,590.133164828781,66,48
17,6167,516.612290490765,79,62
86,5709,4469.61929651531,87,1
38,8258,1588.59175217734,81,43
65,2759,1367.17931163033,82,17
36,8202,1458.45220125406,78,42
43,7265,1696.30977897272,57,14
3,2870,146.088810182509,74,71
50,3879,1175.51061212936,50,0
87,7301,5799.14882193615,90,3
80,8584,6082.61888111304,82,2
82,4878,3582.8704701343,87,5
15,5751,446.001157877065,76,61
79,1959,1362.03673916176,83,4
34,9281,1524.72050185041,63,29
6,2780,155.115724864773,62,56
64,9060,4360.7206708827,72,8
37,2445,452.23520224338,81,44
96,1015,917.155266134436,98,2
79,1126,782.875634658574,90,11
7,2669,154.02951842487,87,80
23,8924,946.170133341036,71,48
37,9793,1811.34533152124,54,17
56,3565,1332.37666458222,77,21
14,2928,218.548339970196,72,58
86,7954,6227.24678305882,92,6
33,4086,645.120953815173,74,41
18,7903,688.28547840051,77,59
51,8149,2559.89976437585,72,21
33,3429,541.390051549737,65,32
57,5783,2234.79945639323,75,18
24,4377,482.837396074403,67,43
29,8966,1207.10654764208,47,18
25,2963,340.103433547809,77,52
96,5955,5380.9454284045,97,1
36,8984,1597.5048251727,43,7
34,1717,282.075757103453,73,39
27,8556,1063.58500108562,70,43
99,2620,2495.23809523809,99,0
99,9030,8600,99,0
88,2140,1723.61897036367,93,5
2,4730,234.51762218438,82,80
55,2830,1022.43729802903,83,28
65,8314,4119.87270637716,71,6
63,3412,1594.18322398162,78,15
51,4157,1305.86615787341,79,28
29,7120,958.576691859426,73,44
72,4303,2568.2389332803,83,11
33,2743,433.080464100592,85,52
58,2391,954.933199041469,73,15
43,6252,1459.7837216982,77,34
43,3521,822.120678838672,56,13
7,6694,386.314573374327,75,68
37,2046,378.43485635581,83,46
42,3414,767.153558781748,78,36
24,7528,830.431783789834,65,41
74,3986,2493.82161433533,86,12
38,3113,598.847920141446,64,26
81,7447,5374.35489598707,82,1
42,3804,854.789729820085,80,38
73,9018,5512.61499833313,89,16
15,9681,750.780248549446,62,47
80,7307,5177.73720460077,84,4
75,7548,4829.89473164276,79,4
93,7053,6066.66754009076,93,0
61,3828,1682.48546230017,63,2
45,9909,2496.19817757348,83,38
39,6490,1298.28986469351,53,14
9,5606,347.185959570117,74,65
28,3677,475.679317315243,82,54
51,4442,1395.39511024145,88,37
19,3803,344.41519358367,65,46
80,8617,6106.00266758517,88,8
28,5774,746.96012460653,75,47
47,5211,1414.7443693629,85,38
50,3452,1046.11050092049,84,34
32,3046,462.171958145138,80,48
39,4026,805.379814369196,79,40
20,4752,447.573888750295,88,68
8,5115,305.668565563722,60,52
92,9203,7811.48672280537,93,1
95,4065,3603.43700208572,95,0
22,6960,709.315151933083,74,52
71,6854,3991.42207243766,85,14
54,7659,2673.70797653017,90,36
17,8680,727.127400917763,77,60
34,6160,1011.98990317837,40,6
79,4889,3399.1820407156,80,1
22,9258,943.511447786851,85,63
27,7242,900.243405547225,59,32
36,3700,657.921622121436,86,50
13,5150,370.04397233215,86,73
54,1573,549.124252132388,80,26
58,2711,1082.73688941925,69,11
81,5449,3932.43719997764,88,7
77,3279,2190.20666038387,90,13
59,1941,800.765747058152,83,24
28,2270,293.661150477455,55,27
86,7537,5900.77432787457,94,8
58,9254,3695.9229711124,87,29
58,6226,2486.58055091267,83,25
36,4037,717.845834730874,65,29
44,7983,1936.35343832943,70,26
83,9290,6939.95100253363,87,4
75,6918,4426.7636133419,80,5
18,2813,244.988871408406,81,63
42,5526,1241.73713117397,81,39
36,1969,350.12099296138,73,37
6,2916,162.704120038013,65,59
97,2295,2114.15823451944,98,1
17,4598,385.176473435469,78,61
87,2368,1880.89089307558,90,3
47,2566,696.648254036692,78,31
26,1185,141.546358551937,92,66
39,4952,990.621172567377,71,32
28,3877,501.552546432199,70,42
92,5209,4421.38806248975,99,7
83,6286,4695.85920365193,92,9
82,5388,3957.46332371537,90,8
10,1751,112.470714364599,85,75
9,4678,289.713863515699,89,80
92,4285,3637.09883812029,95,3
6,2624,146.411389224879,51,45
31,6483,945.26159647551,71,40
48,8914,2511.24634626358,72,24
82,3280,2409.14619558026,84,2
16,6786,546.903236674589,76,60
70,1668,947.117352485438,87,17
85,2913,2246.62525967915,86,1
45,9917,2498.21347532508,74,29
85,6692,5161.1452927473,97,12
67,5947,3117.86198583332,83,16
19,2501,226.500762333094,79,60
6,1298,72.4245362857823,81,75
98,2195,2058.12334415351,99,1
91,5695,4771.779707167,97,6
36,2684,477.259901019982,77,41
5,3797,205.118916749933,65,60
85,4013,3094.99044527718,88,3
98,6720,6300.95165043809,98,0
34,7688,1263.01597007067,77,43
3,9255,471.098236320252,62,59
1,9851,477.111307592797,54,53
69,1092,604.179271171292,82,13
62,7227,3275.93166338761,67,5
80,8482,6010.34172292647,83,3
30,4227,592.235334664321,72,42
19,2278,206.304972648856,83,64
2,1570,77.842001443864,69,67
91,7839,6568.2144204534,96,5
95,5571,4938.4372788732,95,0
30,4589,642.954329494812,76,46
2,6489,321.730412337091,73,71
30,1794,251.353250624034,57,27
28,6312,816.559110931143,73,45
46,1310,342.635830475629,82,36
83,7167,5353.99664533461,91,8
32,9852,1494.85165188638,66,34
34,6351,1043.36816153991,89,55
26,4262,509.089097171609,66,40
87,6631,5266.97107769601,96,9
57,2773,1071.60624115138,57,0
53,9782,3298.18762038625,67,14
27,8764,1089.44120494558,77,50
3,3212,163.497302545721,60,57
53,3284,1107.26315123169,73,20
5,2303,124.411078555464,58,53
89,6627,5409.96535416853,89,0
2,9813,486.537299470469,61,59
52,6171,2008.74268780099,76,24
72,6031,3599.59307613606,83,11
19,4390,397.57630813366,42,23
18,4896,426.400822757041,81,63
80,7600,5385.35688448964,81,1
19,4144,375.297544625487,88,69
73,4002,2446.38336918709,94,21
73,6176,3775.32825789592,87,14
51,8940,2808.38187428152,79,28
46,2372,620.406251823047,70,24
28,9754,1261.83738403396,66,38
90,5607,4637.74161245008,93,3
20,1243,117.073725529591,82,62
17,9626,806.374235165252,61,44
79,7855,5461.35711389262,88,9
45,4298,1082.7187170462,60,15
44,7639,1852.91292939979,74,30
53,8622,2907.0715255541,90,37
12,5500,380.555137753068,83,71
71,9332,5434.48362707737,85,14
14,1588,118.529632470175,73,59
79,5912,4110.4447176745,80,1
81,8474,6115.52079879071,90,9
57,4362,1685.66405477906,87,30
79,3575,2485.59537646927,80,1
15,6337,491.446589717781,85,70
76,4725,3090.15223131511,79,3
42,7599,1707.55708646236,68,26
17,2456,205.740195467054,76,59
92,3972,3371.42510735444,94,2
11,8617,574.327561270798,64,53
55,9802,3541.3181608765,76,21
31,1932,281.697578958921,87,56
10,1528,98.1469169326715,76,66
28,1498,193.790486086003,61,33
20,2062,194.212407113449,56,36
77,9669,6458.40445234877,77,0
84,4148,3149.51207788125,88,4
17,7557,633.05319916308,54,37
24,5426,598.555108773066,70,46
41,1336,288.854014076362,85,44
87,4621,3670.43784497561,91,4
51,4891,1536.44247730547,88,37
86,1166,912.870222409678,87,1
98,4757,4460.36116088304,99,1
55,2735,988.11519791851,62,7
57,3686,1424.42863501045,78,21
53,4967,1674.71865778557,72,19
71,6944,4043.83350904685,90,19
50,7123,2158.58780360852,59,9
98,7223,6772.5853826063,99,1
88,3394,2733.62746981976,88,0
15,5297,410.79258099023,77,62
98,1742,1633.37169271773,98,0
63,1515,707.85099189102,80,17
59,1391,573.861491065373,60,1
27,5139,638.822267482351,87,60
14,5771,430.752209688526,52,38
62,9691,4392.83987130058,73,11
96,6061,5476.72716063135,99,3
19,2922,264.628239719033,64,45
15,6373,494.238459250658,86,71
27,5176,643.421688361286,77,50
82,3932,2888.03745153097,92,10
14,2103,156.96965811384,82,68
91,6104,5114.47644118479,95,4
1,9633,466.552961733977,83,82
90,4343,3592.24394914762,91,1
24,5970,658.565057017177,82,58
7,3738,215.722120596539,82,75
75,5903,3777.27458941272,76,1
68,3063,1650.20470254332,70,2
86,6002,4699.01121346732,93,7
6,4037,225.252583193916,87,81
92,7347,6236.11789117147,95,3
41,5735,1239.95342120355,66,25
41,5100,1102.66128127953,90,49
18,9584,834.686577880613,80,62
95,2438,2161.17574688438,99,4
84,7432,5643.00235361944,84,0
85,7099,5475.04041141857,96,11
66,8441,4303.73971223869,80,14
20,2245,211.448522778706,88,68
62,1976,895.702361540599,73,11
11,2893,192.819964576583,75,64
35,2615,446.963784848614,60,25
63,4995,2333.80574554168,68,5
97,4078,3756.66112434434,98,1
57,2012,777.523172447377,78,21
75,7850,5023.14171216159,94,19
19,2114,191.452463643407,24,5
14,6459,482.105098315403,89,75
38,4956,953.385895348862,83,45
99,3175,3023.80952380952,99,0
84,4059,3081.93575798457,88,4
77,3174,2120.0719548821,77,0
86,9110,7132.28792980461,98,12
40,1322,274.959725892929,64,24
53,2955,996.334534680163,76,23
72,6837,4080.6529367505,81,9
4,6873,360.04773803928,68,64
0,4998,323.031601454952,67,67
55,4620,1669.13792116399,56,1
29,8895,1197.54770703506,64,35
82,8856,6504.69472806669,88,6
82,5132,3769.4324011335,84,2
88,9169,7384.98240152545,93,5
60,1734,738.573310162613,81,21
82,4222,3101.04123101825,87,5
70,9576,5437.4075344128,79,9
58,2150,858.681044725704,85,27
75,3003,1921.5916639008,96,21
23,5430,575.717595701684,84,61
22,3468,353.434618808036,76,54
7,1264,72.9461638400282,87,80
22,8347,850.668616836989,60,38
67,5197,2724.6559173324,86,19
54,4400,1536.01189407661,91,37
23,3434,364.091017244859,76,53
31,6017,877.315907140698,65,34
61,4092,1798.5189424588,67,6
81,9004,6498.01147891333,93,12
92,1347,1143.3307199412,94,2
70,2763,1568.87604611347,84,14
2,2633,130.54649031955,69,67
45,7131,1796.38603333096,65,20
77,5696,3804.64078607701,80,3
19,9637,872.76603222872,37,18
0,7165,463.089520693223,57,57
97,2830,2607.00122165142,97,0
74,7824,4895.04774474653,77,3
97,1228,1131.23586579079,99,2
70,8901,5054.13162738183,72,2
49,6504,1900.71751771922,86,37
19,1952,176.781082796561,90,71
9,1038,64.2845212332824,54,45
99,4129,3932.38095238095,99,0
5,4678,252.711691481746,71,66
60,4282,1823.85865865992,85,25
98,2839,2661.96454398717,98,0
59,9841,4059.93596949988,68,9
16,6903,556.332602824151,33,17
71,7054,4107.8919315692,78,7
51,8967,2816.86356450586,74,23
11,1444,96.243355979463,84,73
11,1991,132.701192351185,72,61
99,6075,5785.71428571429,99,0
7,2963,170.996426786395,78,71
26,7168,856.206158734418,28,2
94,2041,1780.64439159896,98,4
3,5441,276.957915053321,84,81
57,9119,3523.97306637556,66,9
10,4648,298.551616428702,77,67
97,6055,5577.87717211991,97,0
26,9323,1113.61746901241,80,54
73,4789,2927.46875438205,86,13
17,4260,356.862065427381,84,67
60,2458,1046.95109364458,85,25
69,9592,5307.03989842036,80,11
29,1721,231.700911051976,46,17
79,8817,6130.2082333789,82,3
31,3770,549.689375090648,84,53
21,6415,628.456322774799,75,54
83,2794,2087.21454263498,87,4
57,1353,522.857282465855,67,10
95,6089,5397.6206410086,98,3
65,2827,1400.87564841571,83,18
98,7606,7131.70212101669,98,0
6,1880,104.898403865386,69,63
85,5025,3875.48641602737,95,10
25,5746,659.545841770406,58,33
33,9433,1489.33577027375,84,51
99,9718,9255.2380952381,99,0
1,1070,51.8230737107189,74,73
23,1936,205.265058062331,84,61
16,3118,251.288578242171,82,66
16,3805,306.655882043444,46,30
51,8478,2663.25073044281,81,30
46,2707,708.026864959945,61,15
59,6023,2484.80787971728,77,18
85,4293,3310.93794706578,86,1
95,2095,1857.12189898391,96,1
48,8084,2277.41928014301,65,17
83,4205,3141.28029770225,90,7
17,5493,460.151015350377,69,52
2,6562,325.349817499768,70,68
44,4841,1174.23111548951,45,1
41,3287,710.676006189373,92,51
44,4786,1160.89033644553,58,14
47,7581,2058.18020804839,63,16
60,5729,2440.18828945883,63,3
6,5824,324.961863889365,68,62
62,8013,3632.21812906114,70,8
57,4587,1772.61371372571,78,21
78,6643,4528.63423932958,81,3
76,1715,1121.61080988474,88,12
72,6030,3598.99622767376,88,16
18,6535,569.144072041925,45,27
51,1251,392.984980394428,65,14
52,9813,3194.26219338699,86,34
95,5574,4941.09664197437,97,2
54,9600,3351.29867798533,70,16
63,3396,1586.70756994185,73,10
41,3676,794.780954898733,92,51
66,1309,667.408515972094,81,15
82,1909,1402.15246565936,88,6
7,3545,204.583980073497,55,48
48,5387,1517.62217492954,64,16
48,4285,1207.16744376705,82,34
67,2448,1283.42460758701,83,16
85,3384,2609.87980733067,85,0
13,7577,544.431685118583,71,58
78,3546,2417.36218766562,92,14
44,6729,1632.18367612661,68,24
46,4349,1137.49864636527,77,31
49,3917,1144.69718894621,75,26
66,4978,2538.08983384957,84,18
95,4123,3654.85135537502,99,4
68,8143,4387.07701365011,69,1
61,6465,2841.50170161196,89,28
73,5087,3109.63323314711,83,10
87,2056,1633.07080919062,96,9
17,7367,617.136815963267,89,72
30,2064,289.182335166113,61,31
54,3367,1175.3981925809,93,39
91,7759,6501.18327443525,93,2
2,8338,413.405482827349,78,76
45,2053,517.17578550392,92,47
23,4991,529.172471481971,84,61
69,4321,2390.71303180508,74,5
61,3139,1379.65565991646,93,32
13,4218,303.076791319808,87,74
59,8771,3618.50405329575,72,13
41,5633,1217.90019557796,81,40
90,3864,3196.04665427271,96,6
71,2508,1460.53203350943,83,12
85,3308,2551.26548541663,92,7
94,3763,3282.98130602004,97,3
83,1298,969.650850515464,92,9
90,8587,7102.6016097929,94,4
46,3517,919.885660902891,50,4
58,3893,1554.81177075217,72,14
2,3966,196.637820207875,69,67
44,8669,2102.74933695075,73,29
94,5203,4539.29092086693,99,5
46,2134,558.15638338549,92,46
62,2807,1272.38690730995,91,29
35,1122,191.77566600388,79,44
1,3333,161.426452969931,50,49
17,4453,373.029759940875,65,48
54,7293,2545.93971443198,84,30
43,8495,1983.50331347189,78,35
95,2187,1938.67570075313,95,0
10,1096,70.3985739255288,78,68
9,6233,386.016783089643,70,61
91,5213,4367.91705240765,91,0
65,3703,1834.96375170972,75,10
99,9906,9434.28571428571,99,0
1,6679,323.482532069058,85,84
51,5808,1824.50580825806,76,25
54,1097,382.955692682282,81,27
50,2964,898.22465953891,79,29
89,3177,2593.55061569238,97,8
20,9937,935.930499265926,86,66
39,8300,1660.37070523207,88,49
98,1632,1530.23111510639,98,0
86,4709,3686.71173012622,86,0
64,4846,2332.45611160017,78,14
98,1162,1089.53955622159,99,1
0,2627,169.788718891989,75,75
83,6517,4868.42418552333,83,0
93,4596,3953.26868201575,97,4
51,5178,1626.59970302346,82,31
59,2080,858.110640845418,64,5
80,2715,1923.84788702492,85,5
81,3022,2180.91855722746,91,10
28,9517,1231.17760753037,57,29
29,4482,603.418642263195,79,50
49,5695,1664.29678096724,82,33
59,2336,963.724258180238,86,27
9,3473,215.08684223814,69,60
64,5719,2752.64475902628,65,1
41,4238,916.28990393385,63,22
85,3897,3005.52648025048,87,2
90,7535,6232.45640267725,97,7
41,9232,1996.03312721031,85,44
11,2345,156.29547768133,73,62
74,3529,2207.90177546146,77,3
91,6674,5592.0733565641,93,2
68,2809,1513.36108698798,73,5
73,6050,3698.30569304895,73,0
35,6229,1064.67970012314,88,53
1,3937,190.679851587944,68,67
87,8930,7093.05560606627,95,8
98,1127,1056.72209970889,98,0
52,3515,1144.17931415013,74,22
87,2933,2329.66764754674,87,0
22,1866,190.169838147577,77,55
30,4258,596.578674000634,66,36
53,2918,983.859279931207,72,19
60,3698,1575.1119382822,83,23
95,1059,938.755174713108,96,1
51,3426,1076.23224846627,69,18
84,4919,3734.92042215474,85,1
51,5604,1760.42192656305,84,33
22,4731,482.150859740721,69,47
99,7247,6901.90476190476,99,0
36,4698,835.382643439596,83,47
80,7912,5606.43995658975,93,13
75,6121,3916.7707541581,82,7
59,5030,2075.14255935214,86,27
87,2595,2061.1958900047,88,1
54,2720,949.534625429177,75,21
95,6412,5683.94540156794,97,2
80,7194,5097.66545092349,92,12
78,1692,1153.46216061202,92,14
42,5017,1127.3606925624,73,31
16,5308,427.786970272432,58,42
28,4485,580.207162947746,67,39
88,8256,6649.62533613198,89,1
49,7595,2219.54943835754,49,0
48,4163,1172.79768224089,73,25
34,6803,1117.62456352638,86,52
92,3800,3225.43187511251,94,2
2,8052,399.225347532479,78,76
98,6344,5948.39840333025,98,0
53,6153,2074.60114784672,89,36
27,6168,766.735891385706,82,55
89,3179,2595.1833198886,97,8
31,2745,400.238019794119,64,33
52,2574,837.871281542658,86,34
20,4716,444.183177471883,89,69
22,6281,640.116159380991,69,47
16,8528,687.296021568067,77,61
95,2644,2343.78534649807,97,2
65,5388,2669.93915587685,91,26
57,1222,472.233258812473,71,14
86,2279,1784.24634380074,91,5
14,5907,440.903362091513,88,74
21,2854,279.596936118359,84,63
96,9170,8286.02343886973,98,2
42,4452,1000.40059862224,75,33
26,2277,271.984015546634,58,32
45,5687,1432.62478916746,67,22
81,2851,2057.51118684828,83,2
21,5806,568.794607954868,69,48
61,2347,1031.55521944057,72,11
59,5869,2421.27468803931,73,14
21,5277,516.97022841506,80,59
97,5888,5424.03646398712,99,2
37,5125,947.936773618538,63,26
4,3526,184.712399872909,80,76
12,1575,108.977153083833,30,18
21,2108,206.51378463122,76,55
48,9065,2553.78596913612,58,10
21,9557,936.267665901598,81,60
81,9781,7058.75724958366,96,15
30,8431,1181.24819175654,91,61
27,1863,231.587056687998,83,56
97,3335,3072.20815343021,97,0
81,3033,2188.85704304133,85,4
19,5424,491.219566131429,62,43
57,6068,2344.93569105899,81,24
93,3393,2918.50318496072,95,2
79,9214,6406.23099266794,91,12
6,1101,61.4325226892499,46,40
90,4419,3655.10615042213,94,4
61,6088,2675.80237577937,67,6
7,3420,197.370158491216,48,41
84,5404,4103.17340136699,85,1
47,1876,509.318832647246,87,40
45,7679,1934.43392931544,89,44
16,6765,545.210786340053,82,66
17,2892,242.264106388729,71,54
28,6597,853.428462422805,66,38
42,4304,967.14379525385,78,36
43,9846,2298.94922006406,77,34
24,2777,306.337548297605,87,63
88,3165,2549.18413140234,92,4
26,5864,700.445440125367,91,65
10,9383,602.691440824121,78,68
26,9268,1107.04780680114,39,13
76,3102,2028.70946487608,92,16
45,8349,2103.2151160118,84,39
35,1769,302.362881605047,62,27
41,8560,1850.74128779466,80,39
99,4387,4178.09523809524,99,0
24,9807,1081.83375446691,73,49
4,2894,151.604561892285,66,62
2,3962,196.439496637318,76,74
76,6998,4576.69530470755,79,3
40,1416,294.510568732517,85,45
61,2568,1128.6893069976,93,32
30,9746,1365.48984424852,91,61
74,1313,821.472097245934,76,2
45,9470,2385.60871345452,87,42
20,2581,243.095161377212,66,46
78,3574,2436.45021396416,89,11
66,5903,3009.71158883367,79,13
36,6395,1137.13750634232,70,34
10,5560,357.131451666004,84,74
14,3344,249.598923791099,61,47
64,2615,1258.64067928899,82,18
22,2281,232.463773212552,65,43
35,3599,615.152069472338,87,52
93,3167,2724.10833680241,98,5
33,3105,490.235086048975,85,52
35,8977,1534.37625108452,65,30
69,5210,2882.57692564325,81,12
24,5681,626.684772012493,89,65
11,5976,398.303528624149,66,55
30,3326,465.998278470199,87,57
24,5016,553.327022780261,77,53
32,9220,1398.95779845639,87,55
4,1350,70.720856445952,80,76
67,6021,3156.65831792541,87,20
65,1425,706.136469399502,80,15
72,1403,837.378392608008,87,15
1,2962,143.457891898271,67,66
46,4544,1188.50168983302,77,31
90,9115,7539.32848180532,94,4
39,7280,1456.32514868548,76,37
32,4586,695.837360490349,72,40
13,5856,420.772330480985,80,67
60,3774,1607.48308682451,76,16
15,8447,655.081165116948,69,54
20,8264,778.356611244199,81,61
4,1707,89.4225940394371,71,67
14,5130,382.907439906799,82,68
22,7006,714.00315437402,73,51
28,2110,272.96256718389,74,46
7,5832,336.568059742915,84,77
6,6757,377.02048665873,87,81
88,8313,6695.53481337999,90,2
98,9597,8998.5465757819,98,0
76,7483,4893.88553374201,84,8
50,8754,2652.85380216047,72,22
54,4525,1579.64859561288,65,11
24,7385,814.657109894782,31,7
78,5616,3828.51270330798,88,10
57,3553,1373.03172549977,62,5
86,8582,6718.91273475117,90,4
0,7952,513.955040970344,62,62
21,1256,123.046163897918,86,65
98,9065,8499.72123678889,98,0
64,2197,1057.45069690169,74,10
1,9324,451.587232970788,44,43
15,3347,259.566314626071,52,37
84,6890,5231.47015829359,96,12
19,5857,530.433812468986,68,49
85,1978,1525.51485192083,90,5
26,7620,910.196837270684,86,60
19,6515,590.024976649384,81,62
58,4754,1898.68357517488,82,24
9,1294,80.1388925586391,78,69
8,9946,594.365504026741,86,78
87,1510,1199.38566239194,93,6
53,1757,592.406016051793,91,38
54,2546,888.792336890693,82,28
76,8675,5673.45409664733,87,11
6,5466,304.986529536276,69,63
83,1840,1374.54357854272,86,3
86,3595,2814.55270116878,86,0
58,3400,1357.9142102639,85,27
59,8530,3519.07873385164,85,26
62,1761,798.244867749491,78,16
42,8438,1896.08720826022,48,6
48,1190,335.246034558409,77,29
21,8898,871.707616531591,82,61
62,1172,531.256663828736,79,17
5,4183,225.971142682373,90,85
18,4562,397.312204537913,69,51
60,5033,2143.73671859771,83,23
22,8447,860.8599264912,91,69
86,6040,4728.7617009901,93,7
16,1329,107.107928314254,71,55
22,6186,630.43441520949,70,48
79,6322,4395.50600560524,96,17
17,8043,673.765631979443,73,56
30,7568,1060.33522894241,83,53
41,2391,516.953553635166,84,43
86,6178,4836.8029451518,97,11
76,4700,3073.80221950921,88,12
69,7053,3902.26776517502,71,2
1,4424,214.266615043197,70,69
20,8716,820.928875073142,67,47
24,1578,174.072974869867,70,46
48,3352,944.323283898982,69,21
72,1751,1045.08165748868,81,9
8,3592,214.655227273683,78,70
77,4669,3118.65657131207,78,1
68,3455,1861.39642418778,68,0
93,8916,7669.13480610367,98,5
40,3146,654.329272056848,66,26
7,5529,319.081756227465,75,68
40,1788,371.881989331737,86,46
61,4606,2024.43261216159,65,4
76,5243,3428.92447593336,92,16
49,2114,617.791640906892,62,13
92,2120,1799.45146716803,97,5
39,2925,585.130640096845,81,42
92,2718,2307.03258856731,92,0
68,4661,2511.13422087967,82,14
40,5043,1048.88191957492,89,49
6,9237,515.397104523707,85,79
23,5747,609.327628452592,85,62
52,7732,2516.8689778119,71,19
88,8236,6633.51674762391,91,3
29,5126,690.121365515649,69,40
96,2788,2519.24027781557,97,1
13,1708,122.725263056954,86,73
34,3024,496.795043378475,91,57
7,7123,411.072409044716,65,58
91,8858,7422.02364285958,93,2
25,8472,972.445591973351,79,54
7,7262,419.094178644213,89,82
47,3538,960.538395472259,73,26
20,4816,453.601819911915,83,63
76,8546,5589.08803572888,78,2
38,7103,1366.40436131214,85,47
73,1638,1001.29334301061,87,14
65,3507,1737.83901626951,68,3
21,3345,327.698581400109,36,15
50,5056,1532.19429103533,90,40
77,6408,4280.22088433664,82,5
77,8305,5547.32123040196,80,3
75,3142,2010.53646619258,97,22
14,6227,464.78842656913,68,54
96,3645,3293.62654685716,99,3
56,3715,1388.43739380728,90,34
71,1050,611.466760440552,86,15
86,5444,4262.1487914222,90,4
74,3043,1903.83822689975,82,8
92,7560,6416.91183575015,92,0
20,4575,430.902891631439,79,59
68,4885,2631.8152046765,78,10
15,4385,340.065219490685,66,51
69,8653,4787.51211853955,89,20
47,3495,948.864243124801,72,25
1,3825,185.255380321028,20,19
57,9941,3841.62915372732,87,30
64,9820,4726.52063885961,89,25
93,2171,1867.39475819326,98,5
61,2890,1270.21499113048,84,23
45,3737,941.395962215368,52,7
73,1793,1096.04332357633,82,9
21,2615,256.182896968994,61,40
0,3168,204.754724571686,63,63
44,9573,2322.02323251004,75,31
90,1669,1380.48702535744,90,0
82,7364,5408.82700739421,84,2
94,5530,4824.57789590507,95,1
73,6766,4135.98947424285,79,6
62,7758,3516.6290085182,64,2
17,5558,465.596093813471,89,72
16,2462,198.419653506166,80,64
68,6125,3299.8706506947,87,19
15,4903,380.237119991523,63,48
88,5082,4093.19233990101,88,0
84,8306,6306.61700069471,87,3
41,4762,1029.58294538296,76,35
84,9252,7024.9001312819,92,8
59,3698,1525.6217066569,81,22
8,3310,197.803118673689,66,58
65,5239,2596.10453556771,78,13
14,9354,698.190291011345,49,35
18,4798,417.865838968195,84,66
74,7692,4812.46258340878,86,12
96,5157,4659.87163296087,97,1
56,1682,628.627643710323,83,27
82,2061,1513.79582594235,86,4
50,7983,2419.20629456785,83,33
56,1995,745.607698693278,87,31
9,9950,616.214822997264,83,74
48,3341,941.224370974492,60,12
20,1644,154.842481714117,86,66
9,8519,527.591364534039,81,72
21,5052,494.927722939717,91,70
11,4420,294.595314009159,84,73
72,5382,3212.23842410285,92,20
22,2316,236.030731591526,66,44
35,1739,297.235190000666,44,9
38,5612,1079.58063855888,74,36
75,5327,3408.69756696622,83,8
75,8131,5202.95098873706,85,10
25,2183,250.57232380522,76,51
94,4497,3923.35023469894,97,3
27,5402,671.515448324511,90,63
85,5088,3924.07460392981,88,3
77,4606,3076.57574801101,77,0
59,1348,556.121703778665,59,0
70,1449,822.765613759832,80,10
90,4706,3892.49367365615,90,0
27,2386,296.600492355106,80,53
29,9481,1276.44179993247,79,50
24,9318,1027.89098849013,79,55
28,6575,850.58240721994,88,60
79,2780,1932.85458645722,93,14
33,8088,1276.97950916718,67,34
5,2716,146.721879876961,87,82
15,5158,400.012862516067,53,38
69,9819,5432.63394105395,69,0
38,1607,309.13864685747,42,4
93,2988,2570.14073582748,97,4
77,9438,6304.10810024488,87,10
54,5447,1901.51290614439,85,31
82,6780,4979.88146525431,88,6
35,9657,1650.6039274505,73,38
74,6976,4364.50064766766,82,8
45,8581,2161.65875080815,56,11
48,4446,1252.5242602073,82,34
38,6729,1294.4579680796,86,48
48,2576,725.709063044086,78,30
90,6689,5532.70084638462,91,1
91,4461,3737.82427983705,93,2
87,6019,4780.86245161398,88,1
41,1950,421.605784018643,82,41
30,7323,1026.00883741349,92,62
79,8381,5827.06988816475,89,10
35,6527,1115.61477006,86,51
15,7864,609.868389070638,71,56
59,8578,3538.88128710192,89,30
19,1823,165.098316566666,63,44
64,7914,3809.13282443329,87,23
36,5451,969.278584374039,91,55
6,3003,167.558461067954,62,56
99,6562,6249.52380952381,99,0
24,5164,569.653258699615,85,61
70,3950,2242.87382632942,85,15
25,6139,704.655747063787,89,64
48,9253,2606.74920820921,66,18
41,7389,1597.5616092891,51,10
34,3963,651.057789983101,80,46
10,5479,351.928637352164,74,64
52,8559,2786.06849212261,79,27
11,3176,211.682062735993,57,46
5,2414,130.407444043808,71,66
94,4825,4209.50964696962,95,1
92,1915,1625.44790548433,97,5
97,9840,9064.62615584805,99,2
43,7275,1698.64468575727,75,32
86,8776,6870.79680263065,87,1
49,2944,860.349380714234,80,31
67,8711,4566.95741694873,81,14
23,3564,377.874311432928,41,18
46,4830,1263.30615358572,90,44
19,2502,226.591326412396,62,43
86,5411,4236.31284173136,92,6
14,2223,165.926557292946,84,70
11,3108,207.149827135852,44,33
93,4169,3585.98284058392,94,1
71,8254,4806.7110863584,91,20
40,7726,1606.91289126231,46,6
97,3387,3120.11064937575,98,1
5,2309,124.735206419699,69,64
67,9939,5210.76681977424,90,23
29,2621,352.869313112859,58,29
54,5389,1881.26547663156,87,33
94,7980,6962.04911560986,95,1
13,3559,255.725533500995,82,69
4,3396,177.902243326262,76,72
67,9062,4750.97785700716,78,11
27,2014,250.357666220949,85,58
78,3899,2658.00766207226,84,6
94,6124,5342.80561202942,95,1
34,4475,735.171236481043,80,46
30,1254,175.695081539877,82,52
81,4913,3545.61643668383,82,1
22,3708,377.893761978143,55,33
56,1761,658.152961102187,69,13
3,8154,415.055107396578,70,67
83,4681,3496.86874519483,87,4
12,4839,334.819329379472,21,9
4,5029,263.448286716069,72,68
70,6647,3774.27400597764,77,7
40,7764,1614.81642347405,78,38
98,8523,7991.51948164939,98,0
59,3936,1623.80936652287,93,34
46,1350,353.097993238244,72,26
56,4510,1685.55925870009,92,36
5,1135,61.3141876510862,85,80
50,5809,1760.38699300321,90,40
95,4921,4362.24194028631,95,0
56,7529,2813.8748689031,58,2
45,8026,2021.84746929102,87,42
41,3366,727.756445644487,89,48
98,4695,4402.22738077483,99,1
52,5917,1926.06230492926,92,40
40,9855,2049.71868280999,78,38
14,8145,607.949531781848,63,49
39,5792,1158.65868972339,88,49
21,5660,554.491471068645,80,59
4,6303,330.187820873212,76,72
74,9905,6197.01532613936,96,22
4,1805,94.5564043592173,66,62
58,4553,1818.40688215634,73,15
15,6368,493.850699593314,69,54
9,1707,105.716452548375,74,65
43,4736,1105.81185316102,81,38
39,7048,1409.9147868043,56,17
69,2896,1602.2922795898,79,10
64,3756,1807.8219470017,68,4
44,8046,1951.63469432527,74,30
17,2617,219.227235967948,52,35
35,5745,981.952942239116,78,43
3,8176,416.174951934563,55,52
13,9440,678.294193944757,75,62
21,2630,257.652397334017,51,30
56,1511,564.718412393756,82,26
85,2524,1946.61248040858,96,11
66,7194,3667.94260038445,74,8
67,4922,2580.48035888206,92,25
5,4943,267.027338818784,85,80
88,3905,3145.20190620099,94,6
5,9864,532.866208802039,84,79
9,2695,166.904416882173,83,74
33,8058,1272.24293828748,45,12
4,4031,211.167238765654,44,40
33,7084,1118.46227039322,55,22
97,9158,8436.36649748541,99,2
49,6462,1888.44351160849,72,23
27,1310,162.84436084878,75,48
74,3875,2424.37500139223,85,11
43,3914,913.882515471332,63,20
21,9015,883.16971937877,75,54
93,2504,2153.82610525837,98,5
25,7522,863.401291645839,69,44
39,9444,1889.22180002551,75,36
99,2193,2088.57142857143,99,0
5,7783,420.447861223264,13,8
31,6112,891.167496168181,79,48
9,7876,487.769642806678,84,75
15,2045,158.593699853695,85,70
83,3219,2404.70422789621,92,9
92,1140,967.629562533752,95,3
49,1222,357.115130174183,85,36
67,2845,1491.5616865135,86,19
61,5955,2617.34611494188,80,19
8,3997,238.857723667292,59,51
12,6029,417.15762282059,86,74
2,9974,494.519823185413,88,86
94,3621,3159.09521900041,97,3
47,4555,1236.6456730854,91,44
64,7517,3618.05047274009,67,3
47,1815,492.757825828759,85,38
93,8628,7421.41039783114,94,1
33,9582,1512.86073897626,88,55
39,1165,233.052032722333,65,26
42,2145,481.998940710852,63,21
28,5883,761.061034475271,75,47
87,4649,3692.67810891401,93,6
10,8944,574.493471888622,87,77
35,9771,1670.08915554716,50,15
73,1173,717.043401313458,89,16
47,1805,490.042906678188,75,28
82,2969,2180.71800447493,92,10
60,6128,2610.13681930593,81,21
4,2636,138.08902043817,68,64
97,8097,7458.9713398274,97,0
1,5491,265.944390416409,74,73
71,3053,1777.91239964286,75,4
56,2553,954.153611410496,58,2
66,3673,1872.72076330443,81,15
8,7577,452.79583993672,39,31
84,7304,5545.81393848714,85,1
74,4657,2913.62951780222,76,2
46,1910,499.568271914848,76,30
44,9399,2279.81785880726,84,40
75,7218,4618.73081253279,79,4
6,5118,285.569165416513,77,71
40,8056,1675.54882889065,77,37
39,1555,311.069451401913,82,43
86,4321,3382.94359436726,86,0
91,5066,4244.7473215993,95,4
41,1418,306.583077814582,51,10
41,2743,593.05880285289,51,10
67,6283,3294.01830452174,80,13
9,4264,264.074372387973,90,81
70,6369,3616.42111389674,79,9
34,3857,633.643678012823,76,42
44,3606,874.669986047342,92,48
57,6683,2582.59809217983,65,8
9,2418,149.749491659034,73,64
70,8649,4911.04195542359,73,3
10,5631,361.691943225048,88,78
54,5482,1913.73118257454,90,36
51,9325,2929.32449414711,69,18
3,2044,104.043737983641,60,57
30,9892,1385.94557144534,53,23
18,9185,799.937001026026,73,55
14,4993,372.681646677319,70,56
10,8819,566.464437453685,76,66
85,4158,3206.82040156056,87,2
7,7802,450.257887879668,70,63
30,5336,747.614796727896,84,54
41,6380,1379.40764207125,57,16
8,3747,223.917911078644,78,70
98,5407,5069.82821040458,98,0
62,8037,3643.09710511224,79,17
12,5652,391.072297923698,88,76
28,1656,214.230337088399,87,59
48,3960,1115.60865281622,85,37
63,2398,1120.413649211,80,17
5,9006,486.51592421646,77,72
10,2584,165.97619983902,67,57
55,1876,677.771155866591,76,21
68,2726,1468.64447245612,83,15
81,4492,3241.78893417133,92,11
93,6152,5291.66861004372,96,3
68,6927,3731.95167303872,83,15
26,6214,742.252381469821,75,49
44,5166,1253.0629916585,71,27
51,6031,1894.55828677761,86,35
47,7834,2126.86766255785,62,15
67,4061,2129.079792243,69,2
12,9404,650.680093714519,83,71
54,5191,1812.14494139811,83,29
7,4971,286.879256684162,63,56
46,9795,2561.92210649526,80,34
85,4874,3759.0290132771,85,0
12,4657,322.226413912007,86,74
35,3479,594.64130305481,72,37
65,5708,2828.51015251394,75,10
23,9674,1025.68913827221,72,49
86,1893,1482.04402317455,92,6
28,9020,1166.88263317473,67,39
26,8193,978.640772671748,81,55
69,1144,632.949712655639,78,9
5,1596,86.2180118864614,89,84
80,7372,5223.79617795496,92,12
74,4259,2664.62274346568,87,13
21,3897,381.776194832952,88,67
57,9905,3827.71720829586,87,30
26,3272,390.835177368724,48,22
35,1348,230.404276090223,87,52
97,7444,6857.42653497285,98,1
5,9641,520.819456514645,64,59
72,6450,3849.67258184009,78,6
24,4738,522.660174229043,27,3
92,1550,1315.63668590115,96,4
46,7637,1997.4884254522,66,20
58,5806,2318.83820729183,83,25
63,2246,1049.39493583316,87,24
12,5701,394.462698241862,89,77
60,9055,3856.85197434974,71,11
80,2799,1983.37025259033,84,4
87,9872,7841.28162856508,88,1
90,1972,1631.10869622821,98,8
82,9471,6956.40963973799,84,2
1,6860,332.248865098628,58,57
30,6197,868.24754410097,80,50
11,9948,663.039408091203,75,64
66,3625,1848.24741818093,73,7
81,3333,2405.3612016013,81,0
53,5670,1911.74849801574,69,16
55,5546,2003.68807592543,83,28
25,5840,670.335488329128,66,41
20,4151,390.967847685706,91,71
69,7178,3971.42748028162,84,15
87,5229,4153.36929049502,94,7
39,1428,285.663779165229,48,9
92,1342,1139.08673063184,92,0
4,8953,469.010242785636,77,73
87,1983,1575.08726392267,87,0
62,2675,1212.5525390289,81,19
10,9117,585.605655546575,69,59
30,2307,323.228511253984,72,42
28,6491,839.715650990818,81,53
24,7781,858.34082221954,61,37
0,5309,343.132207307791,79,79
57,3876,1497.85279145429,83,26
34,8406,1380.97193605802,67,33
10,8923,573.144594103552,88,78
22,5072,516.90322566158,79,57
48,9909,2791.5571062515,70,22
86,3859,3021.2402986955,93,7
74,7726,4833.73451890487,86,12
81,1641,1184.27774732305,89,8
22,4835,492.7498217811,77,55
18,9997,870.655438133607,88,70
11,6409,427.163205313281,82,71
4,1998,104.666867540009,44,40
77,2585,1726.64965449597,83,6
66,8485,4326.17361193523,85,19
64,9646,4642.77169882279,70,6
50,9687,2935.59456037565,79,29
73,5532,3381.6573709003,87,14
10,4862,312.297323381315,46,36
91,5317,4455.05754223125,91,0
75,3592,2298.48726497891,78,3
45,4768,1201.1174599526,77,32
27,8541,1061.72037099956,74,47
95,8940,7924.90204148742,97,2
82,1887,1385.99355824998,83,1
2,6477,321.135441625418,69,67
51,6873,2159.06136710704,72,21
40,4952,1029.95503980468,53,13
62,7950,3603.660816927,93,31
54,9515,3321.62572094067,58,4
19,5259,476.276493046678,31,12
30,8885,1244.85709687544,62,32
80,5515,3907.92673920531,83,3
75,8963,5735.34002115979,83,8
56,1128,421.57668377244,62,6
4,8462,443.288805367145,51,47
5,2638,142.508217641908,78,73
21,9717,951.942336461842,65,44
82,5533,4063.96521345901,84,2
18,6153,535.875053599688,63,45
89,1491,1217.18097828056,93,4
48,9395,2646.7533568708,84,36
96,5759,5203.83958390957,96,0
53,4737,1597.16977691368,78,25
44,4508,1093.45876236867,88,44
65,1561,773.529142970262,83,18
40,7494,1558.65974723268,84,44
29,7631,1027.37341791844,78,49
91,4781,4005.94886390965,93,2
47,6107,1658.00112525412,72,25
12,3925,271.577984669235,70,58
31,8618,1256.55783409316,85,54
16,5716,460.668862486288,59,43
17,5225,437.700537994852,58,41
58,5250,2096.77929526044,63,5
69,7947,4396.89804761745,72,3
10,6699,430.292013437151,84,74
39,9065,1813.40487264202,68,29
68,6934,3735.72295378237,89,21
87,6689,5313.04019585412,88,1
75,3737,2391.27141125451,84,9
61,2697,1185.38748480239,66,5
63,7124,3328.534961209,87,24
35,6188,1057.67185493049,86,51
60,6257,2665.08258459485,85,25
79,7040,4894.71089520103,89,10
57,2727,1053.8298664334,86,29
76,8916,5831.0682104562,81,5
7,9576,552.636443775404,70,63
65,1968,975.211629318049,78,13
89,2167,1769.03499660227,90,1
63,1330,621.413742056143,85,22
19,7077,640.921989216837,58,39
33,5627,888.422811335775,91,58
71,8478,4937.15732858572,83,12
87,1925,1529.01814576456,94,7
40,2431,505.61807386211,66,26
84,3568,2709.12707181299,85,1
92,6007,5098.72875626338,95,3
65,4904,2430.10052346327,92,27
91,5459,4574.03782641346,98,7
50,2610,790.946815585882,86,36
38,8152,1568.20052842694,79,41
30,3062,429.009840251278,60,30
93,3349,2880.65640036353,93,0
53,1648,555.654589899462,63,10
87,8548,6789.63486233532,89,2
40,5384,1119.80572179087,67,27
79,6304,4382.99111979365,87,8
11,3933,262.136509049327,73,62
51,2176,683.561404746822,80,29
66,1339,682.704356674281,81,15
1,9659,467.812213992369,59,58
73,4425,2704.95912260192,74,1
20,3538,333.231569528313,80,60
73,9576,5853.71492836971,90,17
4,2790,146.156436654968,84,80
23,3317,351.686052475596,55,32
90,2849,2356.50541356702,90,0
11,4210,280.598704067548,74,63
60,9461,4029.78205735206,85,25
34,3508,576.308535771062,57,23
30,4231,592.795765546426,79,49
98,1133,1062.34794939678,98,0
30,6957,974.729411700895,68,38
2,7833,388.36713204445,49,47
83,4719,3525.25605822995,85,2
89,8651,7062.26200074121,91,2
13,2026,145.574580183483,72,59
29,8298,1117.17266700134,72,43
83,9845,7354.55517975712,84,1
61,2380,1046.0594044604,89,28
20,5919,557.489446025462,76,56
18,4478,389.996504147474,67,49
19,9422,853.294755178894,75,56
4,1420,74.3878638172236,74,70
52,7529,2450.78977417819,87,35
29,1154,155.36481775362,91,62
86,5652,4424.99356523113,92,6
36,7542,1341.09320919996,85,49
75,2061,1318.81465844141,78,3
2,8700,431.353765962813,64,62
62,6781,3073.76402510466,69,7
70,3863,2193.47382053432,76,6
56,7050,2634.85427357775,89,33
24,2338,257.910402563846,67,43
84,8926,6777.37338649181,92,8
18,4521,393.741446014008,37,19
51,1205,378.534693345552,70,19
53,3164,1066.8028655594,71,18
30,5314,744.53242687632,84,54
57,4009,1549.24970096498,58,1
24,4797,529.168606115812,41,17
59,7783,3210.90149889418,59,0
98,5924,5554.58892517787,98,0
58,3796,1516.07127710641,59,1
64,6290,3027.47605075631,93,29
1,3476,168.352340391083,50,49
56,9986,3732.14961360956,65,9
40,5621,1169.0988042694,88,48
76,3296,2155.58555648987,78,2
35,4284,732.234361105722,70,35
79,5323,3700.9298430618,90,11
53,2859,963.966306142331,72,19
89,6140,5012.40188238944,90,1
75,6545,4188.08439568123,94,19
4,8728,457.223433377977,84,80
32,1250,189.663475929554,74,42
98,2511,2354.41809438245,98,0
61,5466,2402.4204641935,78,17
4,2802,146.785066490043,58,54
39,4595,919.20522777607,88,49
56,3633,1357.79086183092,75,19
24,1908,210.476068473831,91,67
87,8042,6387.72152116292,87,0
27,3190,396.54466496764,70,43
47,6286,1706.59817804936,90,43
85,1333,1028.06435672925,94,9
25,8495,975.085611876018,87,62
66,5383,2744.58368332909,79,13
87,6189,4915.89262552566,91,4
39,5646,1129.45216888437,83,44
1,8287,401.362440972643,47,46
94,3479,3035.20913198079,96,2
18,9828,855.936945681414,89,71
76,7495,4901.73353940884,87,11
23,7528,798.158758829148,82,59
96,3670,3316.21657804274,97,1
35,6302,1077.15708302714,84,49
36,1418,252.144016261675,90,54
99,6418,6112.38095238095,99,0
53,7946,2679.1452496002,78,25
84,3128,2375.0418947957,87,3
20,2242,211.165963505505,87,67
75,1078,689.802135759261,90,15
20,2289,215.59272545232,58,38
67,6919,3627.45705061052,76,9
9,1902,117.793024456361,81,72
33,9696,1530.85970831912,46,13
6,2726,152.102685604809,87,81
87,7765,6167.70176720096,88,1
57,3870,1495.53413388238,86,29
57,6151,2377.01045413709,78,21
13,8769,630.080697743811,54,41
86,2928,2292.35335438725,92,6
50,2443,740.338341178663,77,27
87,4629,3676.79220610087,88,1
62,2358,1068.85939702061,62,0
5,3247,175.407195861742,86,81
35,3735,638.397604745535,84,49
82,9709,7131.21963807583,83,1
24,1693,186.758901428824,89,65
25,5404,620.289893652501,86,61
26,2143,255.9779294319,79,53
19,5780,523.460378362769,89,70
18,5332,464.372791450274,84,66
85,8690,6702.08496622445,88,3
85,7097,5473.49792926294,90,5
92,7137,6057.87034017841,92,0
59,3745,1545.01170671447,82,23
13,6337,455.333718964823,88,75
76,8336,5451.74793655932,86,10
23,2543,269.622439386626,56,33
52,6217,2023.71630044705,83,31
1,1414,68.4839497448192,40,39
44,5106,1238.50941451961,80,36
8,3323,198.579988928299,86,78
98,9679,9075.43318818308,98,0
26,8984,1073.12446011021,78,52
16,6209,500.401148911365,66,50
3,8249,419.890799719693,57,54
13,4600,330.524713151047,76,63
48,1286,362.2910928085,71,23
86,2427,1900.11666362632,86,0
38,2148,413.210835998659,75,37
80,5308,3761.24662406198,85,5
66,6845,3490.00098688234,66,0
80,2320,1643.95104894947,80,0
43,2044,477.254946761217,63,20
10,2360,151.588170131613,70,60
46,2287,598.174155952491,82,36
88,5364,4320.32343786482,89,1
17,1280,107.226160504002,69,52
33,8892,1403.91960874315,88,55
72,8315,4962.79496403107,79,7
91,5982,5012.25394350711,95,4
88,3308,2664.36053923505,93,5
17,7154,599.293712691898,77,60
17,5986,501.449841231996,84,67
6,1139,63.5528095758906,87,81
78,3914,2668.23339044648,84,6
55,3958,1429.96707618335,88,33
27,9082,1128.97136276994,78,51
35,7856,1342.77150813412,54,19
99,8772,8354.28571428571,99,0
67,2862,1500.47435739952,76,9
61,9259,4069.52269995749,70,9
61,4281,1881.58836575418,91,30
46,3952,1033.66168094632,91,45
55,6941,2507.68101965352,91,36
93,2519,2166.72841818923,93,0
82,1884,1383.79007087598,82,0
52,8000,2604.10654714113,75,23
43,3756,876.990988275504,88,45
31,4443,647.816947885345,67,36
4,5316,278.483016938282,80,76
31,4363,636.152451862201,56,25
84,6587,5001.40695684759,96,12
41,2060,445.388674399181,87,46
56,6442,2407.62145111885,79,23
63,5849,2732.81877991457,69,6
81,2901,2093.59521327494,85,4
18,9479,825.541952392564,43,25
91,6372,5339.03078034559,94,3
4,4148,217.296379657636,75,71
90,2462,2036.40446760337,97,7
30,5789,811.083594126273,74,44
9,5545,343.408160152747,77,68
51,2554,802.305067887585,84,33
16,8882,715.825898635972,87,71
39,6134,1227.07396456549,76,37
91,6766,5669.15917448498,92,1
64,7754,3732.12230485921,76,12
92,4655,3951.15404701282,93,1
5,3572,192.964121841128,35,30
9,4099,253.855734619677,91,82
95,2928,2595.53838674219,95,0
5,9597,518.44251884359,43,38
16,3728,300.45023081681,64,48
74,7032,4399.53677672004,83,9
8,2171,129.737332519812,68,60
70,4266,2422.30373243578,83,13
34,2524,414.653005782828,83,49
61,6288,2763.7065274147,63,2
4,2761,144.637247886869,80,76
35,5148,879.911879311918,89,54
48,7316,2061.05881414229,75,27
2,4402,218.255089398656,72,70
17,1225,102.618786419846,67,50
29,5004,673.696315458507,67,38
91,7154,5994.260232673,91,0
40,4914,1022.05150759293,81,41
52,3512,1143.20277419496,92,40
0,3256,210.442355809789,68,68
6,7258,404.974795348388,72,66
68,9469,5101.46533737601,77,9
85,2547,1964.35102519835,86,1
77,8314,5553.33277658783,80,3
17,1771,148.357445509834,65,48
18,4150,361.430435956234,73,55
2,4797,237.83954199122,80,78
57,4509,1742.47116529087,68,11
62,5241,2375.69639515905,85,23
48,4151,1169.41704995963,56,8
60,8403,3579.14159474996,81,21
45,2392,602.5740277279,90,45
4,5769,302.213793212368,63,59
28,6657,861.190431157892,63,35
71,3503,2039.96958268881,80,9
90,9211,7618.73336762576,91,1
18,2340,203.794510876527,87,69
61,3254,1430.20054710678,87,26
9,4503,278.875914367505,47,38
15,9514,737.829075994157,87,72
38,9518,1830.97799675756,83,45
72,3470,2071.06416418374,80,8
76,9941,6501.4186944981,76,0
69,9408,5205.23679778344,77,8
13,9462,679.874964312001,74,61
15,1919,148.822156488626,68,53
44,9559,2318.6273978443,90,46
79,1524,1059.59366538159,86,7
8,1126,67.288915899267,65,57
79,6014,4181.3624039402,79,0
27,1149,142.830664591793,87,60
31,2102,306.484633008101,87,56
20,7591,714.969147622788,77,57
63,9377,4381.20049568455,66,3
3,1806,91.9290561636277,83,80
79,7540,5242.34661218974,84,5
82,2653,1948.61733441293,91,9
53,6062,2043.91876454523,54,1
94,2477,2161.02702498316,94,0
59,2416,996.72851359737,64,5
7,1729,99.7815801261146,84,77
67,5995,3143.02717421738,79,12
19,1228,111.212689382263,59,40
94,4158,3627.5940128704,98,4
70,1407,798.917335100127,84,14
33,2585,408.134524134171,85,52
57,6603,2551.68265788769,82,25
72,8875,5297.03010291951,87,15
62,2982,1351.71277434922,90,28
54,2524,881.11227742031,87,33
51,1738,545.969541107526,63,12
84,7586,5759.9321655755,90,6
90,6584,5445.85175251851,90,0
80,9145,6480.14325113918,84,4
38,6073,1168.26322486958,67,29
82,4935,3624.73673024042,83,1
46,3204,838.019237285431,75,29
92,7159,6076.54389313959,92,0
34,3646,598.97973814746,59,25
18,4806,418.562572338713,84,66
21,2408,235.903791931678,81,60
60,1458,621.014928614238,80,20
38,2932,564.028943737462,85,47
73,5882,3595.60893991966,81,8
40,8875,1845.8907468228,68,28
47,7613,2066.86794933022,83,36
87,6223,4942.89866030799,95,8
48,8891,2504.76680105783,74,26
36,4369,776.880964067176,81,45
24,1748,192.826083696152,58,34
95,6974,6182.13275585384,99,4
32,5952,903.101606986166,80,48
23,4818,510.830087677848,55,32
91,3618,3031.4835786708,94,3
43,5878,1372.45820795618,59,16
73,4841,2959.25584463636,88,15
7,7913,456.663761444734,89,82
77,4971,3320.37734332669,87,10
81,7152,5161.45914006976,87,6
2,2065,102.384543300369,76,74
12,7797,539.488801647395,71,59
68,1538,828.604254819337,75,7
83,1974,1474.6462087192,83,0
56,1552,580.041678381938,65,9
60,3921,1670.09570308397,85,25
48,9059,2552.09565299549,90,42
84,7144,5424.32841957176,85,1
48,8913,2510.96462690681,68,20
68,8189,4411.85971567981,86,18
32,2471,374.926759217543,63,31
64,2788,1341.90830357847,90,26
54,8200,2862.56762077914,59,5
45,1128,284.156982975364,89,44
69,7700,4260.2384505668,73,4
23,4242,449.759491890708,70,47
4,7347,384.878616524748,83,79
86,8002,6264.82634624549,91,5
13,8289,595.591162458484,77,64
5,3926,212.087665830982,57,52
97,3282,3023.38445563956,98,1
12,3674,254.210832019049,74,62
79,3176,2208.18207431228,87,8
33,5407,853.687958217973,67,34
54,6189,2160.54036646367,81,27
36,9281,1650.31637159704,86,50
74,4991,3122.59500179319,74,0
6,7123,397.44219719848,37,31
65,8490,4207.08675452756,78,13
40,6824,1419.30799507817,81,41
75,1574,1007.1879050882,92,17
1,9996,484.134060572287,66,65
44,4573,1109.22513760247,48,4
73,1954,1194.46104532523,78,5
99,7878,7502.85714285714,99,0
44,5262,1276.34871508073,86,42
60,5302,2258.31354699087,71,11
70,5572,3163.8716355209,86,16
1,9506,460.401998779527,78,77
93,3304,2841.94946157094,94,1
95,3219,2853.49660755571,95,0
60,4034,1718.2264897324,88,28
52,9947,3237.8809780516,56,4
67,8782,4604.18092476681,71,4
71,9318,5426.33073693816,82,11
5,5344,288.68988441181,56,51
62,8917,4041.99289365259,87,25
98,7718,7236.71798185732,99,1
63,6269,2929.05469845862,86,23
14,6610,493.375863115778,78,64
69,2896,1602.2922795898,71,2
30,1638,229.496446221944,78,48
52,5954,1938.10629770978,73,21
42,6621,1487.79253447392,75,33
15,3631,281.59106316321,66,51
17,4427,370.851728555638,67,50
81,8545,6166.76011631657,92,11
20,1934,182.156544790208,41,21
56,2185,816.617955711685,85,29
35,3099,529.690542732641,76,41
0,6280,405.890047446398,74,74
57,6342,2450.82105350958,81,24
32,2111,320.303678149832,63,31
58,1663,664.179803432021,94,36
52,3895,1267.87437513934,76,24
46,9716,2541.25933503909,83,37
27,6561,815.58919964034,91,64
33,4300,678.908492757034,90,57
2,3018,149.635133985721,63,61
34,8141,1337.43665613233,49,15
8,7954,475.3250773204,80,72
99,5159,4913.33333333333,99,0
15,4218,327.114046935396,57,42
79,4350,3024.43073780177,82,3
55,7186,2596.19590941222,81,26
94,4019,3506.32523754837,98,4
17,4946,414.328585822495,87,70
74,4647,2907.37306618572,94,20
65,4260,2110.97639273114,72,7
50,6938,2102.52452357657,59,9
63,1847,862.970813216313,87,24
93,1291,1110.45906624942,96,3
25,7560,867.76306365894,87,62
40,4950,1029.53906442511,89,49
40,9682,2013.73681247756,85,45
40,5460,1135.61278621437,47,7
34,3342,549.037379289307,56,22
16,9265,746.692969022999,73,57
48,7457,2100.78124344711,73,25
19,6719,608.500048826893,75,56
81,8723,6295.21925039548,82,1
55,2210,798.440434149875,79,24
26,8999,1074.91618616783,87,61
55,2719,982.334633689371,84,29
52,5721,1862.2616945243,76,24
96,7019,6342.37715566267,96,0
72,1701,1015.23923437364,92,20
70,6441,3657.30387731337,92,22
85,2809,2166.41618758625,87,2
35,5939,1015.11201461412,77,42
9,9335,578.127173133614,71,62
5,1813,97.9406363096206,52,47
31,2840,414.089608821602,73,42
27,5563,691.529144581498,72,45
62,5403,2449.12948350398,70,8
49,1248,364.713324433208,76,27
49,4720,1379.3644962538,77,28
65,2929,1451.42015359378,79,14
14,6059,452.248767718381,90,76
63,1565,731.212410765311,69,6
49,4151,1213.08093727744,84,35
14,3064,228.699492373184,86,72
51,7072,2221.57456542717,76,25
35,8128,1389.26257868051,67,32
54,9295,3244.82512623684,85,31
92,1278,1084.76366747205,97,5
0,1726,111.555130874599,77,77
39,5383,1076.84042244148,77,38
53,3806,1283.26539390616,65,12
76,6055,3959.972859389,90,14
13,7384,530.564017805941,62,49
4,4688,245.584722236017,88,84
21,4241,415.476736537478,85,64
90,7151,5914.83685939549,94,4
28,3358,434.411516873697,77,49
73,1610,984.17721748906,91,18
10,2017,129.556499642146,82,72
78,1557,1061.43060524404,78,0
2,1715,85.0312308765775,72,70
95,9864,8743.98587664787,99,4
48,7500,2112.89517578829,55,7
13,5614,403.3838564413,65,52
25,2061,236.568739973687,59,34
53,5219,1759.68525769738,76,23
32,3706,562.314273435943,71,39
32,8239,1250.10990254688,91,59
7,9043,521.876708548557,44,37
92,3054,2592.22867015621,97,5
10,8071,518.418695395021,40,30
57,5357,2070.17476878757,78,21
19,4088,370.225956184602,66,47
85,3474,2679.29150433415,88,3
47,9522,2585.14601517435,86,39
26,7380,881.529220348773,71,45
95,6140,5442.8298137285,99,4
18,2906,253.088396840678,22,4
57,1860,718.783847292307,83,26
3,3961,201.622918861644,51,48
18,7118,619.918516418427,55,37
77,2578,1721.97400746252,88,11
57,7211,2786.63995850797,84,27
14,2926,218.399058317211,50,36
43,6441,1503.91345992612,74,31
39,4765,953.212820533835,70,31
9,3704,229.392935113755,82,73
2,2267,112.399883613528,50,48
47,9977,2708.67483652536,72,25
69,1350,746.924923151322,70,1
30,6122,857.739465061503,77,47
95,7473,6624.47348501516,98,3
46,8891,2325.47722806017,93,47
53,2108,710.752351643243,69,16
32,2815,427.122147793357,82,50
47,7377,2002.79585737673,91,44
76,6117,4000.52088866763,84,8
75,8242,5273.97885243769,90,15
48,6121,1724.40418280002,76,28
6,5740,320.274913929423,57,51
13,3294,236.684435895554,60,47
13,2373,170.507640066834,82,69
1,5346,258.921637436919,86,85
86,1208,945.75234019802,90,4
49,7285,2128.95558373071,79,30
32,5204,789.606982989921,90,58
95,2874,2547.66985092113,95,0
91,2748,2302.51986572343,95,4
55,3305,1194.0477985816,84,29
84,1874,1422.8991402964,91,7
76,1267,828.618598323016,95,19
78,6392,4357.52371786764,82,4
87,9194,7302.74952319969,95,8
38,8187,1574.93347966528,66,28
60,9248,3939.0576542006,91,31
15,2666,206.753449295819,76,61
76,5255,3436.7724816002,87,11
80,9116,6459.59386302731,83,3
35,1775,303.388419925924,85,50
95,5787,5129.91142215746,97,2
50,2855,865.192781033599,78,28
29,1379,185.656918268841,74,45
16,1428,115.086622748499,78,62
89,3993,3259.69392774935,90,1
63,8805,4113.94586376266,83,20
54,2308,805.70805716564,92,38
57,9700,3748.49640792225,81,24
17,1092,91.4773181799766,76,59
81,4973,3588.91726839582,90,9
4,4485,234.95040085933,55,51
53,1813,611.287482698862,72,19
19,4603,416.866457024883,80,61
25,5199,596.759281476565,83,58
23,5171,548.257032665452,86,63
16,6053,487.82866071195,58,42
49,1028,300.420911472226,70,21
92,9402,7980.39749731784,92,0
91,1801,1509.03867473359,96,5
5,6315,341.144577107145,88,83
49,3296,963.217241451806,81,32
42,2174,488.515476506011,60,18
18,5111,445.125532089714,90,72
77,3160,2110.7206608152,85,8
7,4610,266.045739954533,81,74
59,3797,1566.4644727356,68,9
74,7980,4992.64838996387,83,9
24,6682,737.107489277852,78,54
30,9090,1273.57917958332,69,39
29,7045,948.479325021019,70,41
98,3741,3507.71728040014,98,0
88,4100,3302.26064415469,88,0
97,5811,5353.10392191392,99,2
42,1263,283.806369285691,83,41
6,1350,75.3259814990802,86,80
85,4465,3443.59141245019,89,4
0,6667,430.902698459417,48,48
51,1858,583.665942104594,88,37
95,9489,8411.56548900158,95,0
71,1027,598.072726640426,87,16
57,9501,3671.59426512054,66,9
65,6840,3389.45505311761,76,11
36,9710,1726.5997164322,89,53
21,1586,155.375171928423,78,57
6,9154,510.765951587097,55,49
3,3447,175.459278292373,55,52
84,1247,946.82776304675,85,1
66,1158,590.419451104419,71,5
34,5769,947.754829778579,85,51
31,4458,650.004040889684,74,43
12,9766,675.727540962993,75,63
62,7734,3505.7500324671,86,24
6,5464,304.874935489611,88,82
16,5711,460.265898120923,68,52
55,5527,1996.82365590333,84,29
50,5876,1780.69099171749,77,27
37,2351,434.84865459067,87,50
25,1799,206.4954697781,80,55
24,7764,856.465511336912,77,53
43,1296,302.603919277171,66,23
15,6506,504.552866136009,43,28
41,2148,464.414986703612,90,49
75,3474,2222.98016663049,87,12
9,2433,150.678458728879,73,64
53,7141,2407.72416654858,70,17
54,7441,2597.60556905092,83,29
12,1840,127.312991539208,52,40
91,7245,6070.50816126864,94,3
7,2537,146.411722833981,79,72
30,2576,360.917488075536,91,61
11,1448,96.5099580735889,72,61
74,3127,1956.39242047832,82,8
57,6511,2516.12990845173,83,26
15,7958,617.158270628705,75,60
95,8947,7931.10722205682,95,0
42,3259,732.323798497281,74,32
80,4212,2984.62147335137,90,10
58,4789,1912.66210380995,81,23
30,9234,1293.75469133909,80,50
23,8790,931.962737793333,78,55
75,1023,654.608149240931,83,8
15,2917,226.218984094488,82,67
69,9806,5425.44133068287,81,12
88,8328,6707.61625476104,88,0
80,7424,5260.6433566383,85,5
23,9760,1034.80731750432,84,61
37,6868,1270.32775828529,81,44
13,1444,103.756018650024,55,42
97,6700,6172.05236221361,98,1
70,6753,3834.46251878547,76,6
61,2740,1204.28687740399,85,24
95,7477,6628.01930248339,97,2
67,6539,3428.23264257005,78,11
26,6553,782.74539037202,81,55
1,3745,181.380757987516,88,87
65,2042,1011.88117229037,77,12
94,5691,4965.04029034282,96,2
87,3366,2673.59744345118,90,3
55,8698,3142.45922906589,69,14
96,8624,7792.65715777672,98,2
90,3433,2839.55180230803,94,4
1,9365,453.572976916713,72,71
88,2112,1701.06694645237,90,2
94,3965,3459.21362699161,95,1
88,1442,1161.42923143197,90,2
84,6248,4744.00951364562,86,2
33,6151,971.154916034539,78,45
74,5729,3584.3211310906,87,13
80,1916,1357.67681456344,85,5
47,5625,1527.14202219657,59,12
10,4595,295.147305828289,83,73
16,8005,645.145948950794,64,48
34,4556,748.478246571538,84,50
27,9035,1123.12885516697,69,42
35,4087,698.562519570282,67,32
85,2078,1602.63895970246,91,6
50,5136,1556.43787158969,54,4
84,6288,4774.38089337447,88,4
86,2475,1937.696226813,88,2
0,5824,376.417776485322,72,72
5,8678,468.796934304957,65,60
49,4474,1307.47388903379,75,26
17,2381,199.457412625022,75,58
23,5393,571.794658125079,70,47
77,4547,3037.16672301478,81,4
84,2834,2151.81225378868,90,6
81,1819,1312.73688140197,85,4
79,6540,4547.07517821232,90,11
5,5782,312.351218500952,83,78
73,1517,927.32722914963,81,8
34,1691,277.804371148479,73,39
34,6000,985.704451147768,63,29
1,4210,203.902000301053,61,60
12,7748,536.098401329231,78,66
84,4475,3397.79810716456,84,0
47,3199,868.502636267879,72,25
15,9489,735.890277707437,65,50
91,2424,2031.04372434992,92,1
29,2258,303.99805761497,82,53
51,6435,2021.46950346774,67,16
58,1370,547.159549429867,74,16
9,4237,262.402231662252,80,71
16,6394,515.310830429903,63,47
95,7554,6696.27628874676,95,0
22,4008,408.467690940776,73,51
16,4278,344.776311007058,71,55
42,6514,1463.74876447109,64,22
91,7806,6540.56407272092,91,0
37,1349,249.515455143689,50,13
42,7853,1764.63295170271,69,27
3,2994,152.400661214785,60,57
77,2371,1583.7084451876,80,3
32,5181,786.117175032817,73,41
79,4811,3344.95086886536,80,1
20,4847,456.521599068325,67,47
83,9758,7289.56317359776,88,5
81,8438,6089.54029976351,87,6
64,3161,1521.43907733556,68,4
63,5791,2705.71953402039,73,10
33,9285,1465.96868726722,84,51
25,2140,245.636634421975,90,65
75,8878,5680.94931472237,88,13
82,5807,4265.21706028492,90,8
19,1084,98.1714619628445,74,55
93,7219,6209.45313652562,97,4
94,3842,3351.90384739011,95,1
72,5891,3516.03429141395,82,10
41,8945,1933.98140412654,80,39
81,9250,6675.5448889325,87,6
53,1410,475.408356649418,61,8
93,4886,4202.71339867906,95,2
48,3894,1097.01517526928,66,18
94,4524,3946.90603997732,96,2
37,4735,875.801097187078,60,23
20,2759,259.860344920468,90,70
5,7351,397.110654998357,84,79
35,7663,1309.78335881259,83,48
61,3850,1692.15491898005,73,12
86,4917,3849.55650393515,89,3
56,1111,415.223134460267,86,30
63,3072,1435.32557563644,77,14
51,7658,2405.65865696285,72,21
32,2196,333.200794513041,65,33
63,3431,1603.06056315385,91,28
3,1513,77.0147629986538,60,57
43,7057,1647.74371785416,53,10
26,9219,1101.19483501292,84,58
34,9361,1537.86322786571,55,21
80,6617,4688.80348745631,83,3
98,8641,8102.16119217791,98,0
7,7589,437.965535903461,60,53
66,1273,649.053507129469,70,4
78,1134,773.065065091035,78,0
22,6401,652.345730966044,71,49
24,1246,137.449256456181,83,59
97,3136,2888.88898625401,97,0
24,6125,675.663479770554,66,42
96,2412,2179.48620878449,97,1
36,3020,537.006296974793,71,35
77,2480,1656.5149489942,91,14
22,5732,584.165869379373,74,52
90,8397,6945.44610660662,93,3
59,6401,2640.75298656323,88,29
45,1640,413.136039077657,85,40
45,3529,888.998220673812,69,24
2,6641,329.266708018281,67,65
38,1655,318.372408555764,80,42
46,1001,261.815623134431,70,24
94,1973,1721.31865978675,96,2
7,5221,301.306899848724,77,70
86,2102,1645.67170454987,88,2
30,6908,967.86413339511,86,56
87,3572,2837.22224242651,90,3
51,7262,2281.26053367253,79,28
61,7923,3482.3229670335,79,18
2,4218,209.132205153005,49,47
93,8856,7617.52555438023,94,1
94,5003,4364.80347436041,97,3
50,7613,2307.07973450396,80,30
14,3772,281.545197529912,74,60
13,9040,649.552914540318,57,44
97,8918,8215.27805465985,98,1
84,6740,5117.57748431042,94,10
70,3195,1814.17262661329,72,2
40,8540,1776.21487074555,92,52
77,5541,3701.10860176487,90,13
77,4422,2953.67302598886,84,7
30,1957,274.190809069808,81,51
21,2089,204.652417502191,81,60
13,7578,544.503538317094,86,73
4,9119,477.706288837509,77,73
41,4484,969.477095148509,61,20
90,6584,5445.85175251851,90,0
81,8309,5996.44351158272,83,2
59,5851,2413.84873057045,80,21
66,1046,533.314979149588,88,22
34,8855,1454.73548581891,73,39
57,6304,2436.13622222081,77,20
61,3170,1393.28080341994,65,4
43,9279,2166.5600053803,81,38
34,8801,1445.86414575858,72,38
34,3596,590.765534387895,64,30
64,1092,525.596796093146,64,0
11,9417,627.647980095985,71,60
70,2905,1649.50594062961,85,15
27,7583,942.632662836869,83,56
94,2846,2482.95636378768,96,2
26,8404,1003.84438588226,86,60
98,1087,1019.21643512295,98,0
11,4948,329.786790433783,70,59
5,8541,461.396014738262,85,80
30,2640,369.884382189214,82,52
20,2924,275.40110494652,70,50
90,9573,7918.15595790701,92,2
11,2074,138.233185804298,76,65
69,2431,1345.01813939323,79,10
12,9006,623.141740109842,64,52
1,6493,314.474035143643,21,20
60,4967,2115.62493170571,75,15
49,8954,2616.70120751198,86,37
13,3064,220.158200238002,67,54
58,4814,1922.64676712072,93,35
83,3276,2447.28519744889,87,4
14,1621,120.992779744429,50,36
26,9860,1177.76126187519,52,26
43,5046,1178.19396348195,81,38
19,2501,226.500762333094,75,56
7,2030,117.152462496248,86,79
54,2464,860.166660682902,56,2
6,1955,109.083180615335,82,76
30,6698,938.441512084604,86,56
10,7408,475.832696752114,56,46
80,8351,5917.51517662803,80,0
85,4155,3204.50667832711,89,4
26,5126,612.292518090489,61,35
66,9408,4796.77564420585,72,6
46,7917,2070.7235647905,54,8
19,2416,218.802815592465,68,49
6,7472,416.915358341576,36,30
63,4352,2033.3778988183,94,31
2,3673,182.11061866453,49,47
43,7686,1794.60935460211,59,16
64,2023,973.701756864867,80,16
34,5155,846.884407611124,91,57
82,9275,6812.44846463624,95,13
56,1488,556.12243391258,67,11
17,8312,696.299879772862,85,68
3,1291,65.7145135699022,71,68
41,1355,292.961967869364,90,49
53,3951,1332.15490576018,88,35
80,8196,5807.68224016804,89,9
25,5257,603.416722970244,72,47
2,3258,161.534548219178,65,63
90,2715,2245.66942710932,90,0
58,4943,1974.16762980426,89,31
33,8428,1330.66064580379,72,39
89,4726,3858.08001566327,90,1
55,6011,2171.6857238348,74,19
26,4833,577.294135764989,76,50
4,3058,160.195836304979,52,48
35,2640,451.236861185599,76,41
68,2711,1460.56315657687,78,10
29,7699,1036.52836385193,73,44
85,6782,5230.55698975078,86,1
42,6532,1467.79351082671,88,46
69,3343,1849.60742081102,74,5
17,6127,513.261472975015,77,60
39,2960,592.132203311679,71,32
46,2708,708.28841902901,75,29
42,5447,1223.98518883544,50,8
91,1667,1396.76150515319,95,4
61,1826,802.56490443054,80,19
42,4776,1073.20603302332,74,32
70,9224,5237.53624659813,77,7
28,5999,776.067507363106,64,36
50,9057,2744.67636351009,88,38
46,5826,1523.81400637482,84,38
88,9487,7641.10895880379,90,2
40,6712,1396.01337382249,84,44
8,5484,327.719728944565,70,62
99,5054,4813.33333333333,99,0
52,8825,2872.65503481506,87,35
49,4072,1189.99411625963,77,28
85,7272,5608.46511788081,86,1
85,6154,4746.21759288208,85,0
69,6084,3366.14165366863,84,15
51,6024,1892.35933005278,51,0
64,3425,1648.50643463281,84,20
48,3260,918.405103075979,73,25
11,9730,648.50959396134,82,71
40,3626,754.163363152617,59,19
15,9299,721.155410728365,58,43
11,6775,451.557296925804,68,57
55,4308,1556.41691869577,83,28
18,2917,254.046405225141,78,60
93,6397,5502.40638791444,93,0
15,2048,158.826355648101,82,67
68,9893,5329.89719956288,85,17
43,5434,1268.78834672234,66,23
17,9113,763.400000525757,77,60
46,5510,1441.16292055016,62,16
73,7731,4725.88451453908,87,14
14,5314,396.641351981429,89,75
0,2489,160.869478995873,76,76
87,1139,904.702165208228,90,3
12,5502,380.693521439524,80,68
33,3658,577.545875931449,68,35
1,1406,68.0964875114681,67,66
3,3496,177.953477490611,11,8
86,1091,854.152154930497,92,6
68,8927,4809.46045693903,73,5
67,2140,1121.94798212264,73,6
97,4142,3815.61804243116,97,0
28,4744,613.712994654205,89,61
42,1170,262.90851311501,61,19
15,3743,290.276879487716,79,64
53,6480,2184.85542630371,76,23
50,4103,1243.39263768156,87,37
54,3125,1090.91753840668,78,24
6,6307,351.911826159036,42,36
85,4835,3728.95061124226,88,3
2,9346,463.383022607868,17,15
76,9133,5972.98631293141,85,9
11,8848,589.723832206571,36,25
72,5912,3528.56810912227,92,20
56,4981,1861.58994846678,82,26
79,3103,2157.42725963193,91,12
80,7003,4962.32292922118,83,3
96,1353,1222.57248776344,97,1
3,1631,83.0212018842064,85,82
41,8413,1818.95869792248,70,29
69,1446,800.039584353194,88,19
61,1046,459.738713052763,65,4
90,2137,1767.58584373209,93,3
38,2423,466.112595728469,71,33
22,8218,837.521827383057,85,63
11,2440,162.627277416821,67,56
84,6253,4747.80593611173,93,9
94,9950,8680.75046369901,96,2
23,5510,584.199622894342,71,48
16,5520,444.872659363946,51,35
6,5664,316.034340156141,79,73
62,1146,519.471106440044,92,30
77,7650,5109.81425798615,84,7
77,4115,2748.61250609321,83,6
24,9496,1047.5265965553,88,64
20,2004,188.74959449823,56,36
3,5936,302.15441715797,48,45
47,6352,1724.51664444313,62,15
70,3686,2092.97036046842,89,19
25,1142,131.082727341073,82,57
73,8525,5211.24893111443,76,3
87,6238,4954.81308741785,90,3
82,9382,6891.03951430914,83,1
2,6485,321.532088766534,66,64
28,9041,1169.59932223201,75,47
35,3886,664.206985820924,63,28
92,2984,2532.81281982519,98,6
23,5305,562.464428213155,42,19
63,8810,4116.28200565009,79,16
80,2425,1718.35400590624,84,4
38,8693,1672.27271756813,69,31
9,5972,369.852756074338,78,69
65,8435,4179.83236448056,84,19
80,6398,4533.6201772322,88,8
2,5359,265.704003654565,81,79
2,5581,276.710961820513,71,69
82,3930,2886.5684599483,84,2
1,9867,477.886232059499,87,86
63,4498,2101.59324193123,83,20
69,1351,747.478200872175,76,7
46,6172,1614.31171427144,80,34
45,8343,2101.7036426981,68,23
34,8208,1348.44368917015,69,35
66,5135,2618.13806685768,74,8
52,7943,2585.55228799275,88,36
96,3313,2993.6309327127,96,0
91,1606,1345.65025631435,92,1
31,8628,1258.01589609605,63,32
0,7348,474.91720838155,84,84
63,7919,3699.98152131022,91,28
92,8491,7207.14264515271,92,0
24,5577,615.212281907001,78,54
92,4676,3968.97880211213,92,0
35,5670,969.133713228162,77,42
53,3814,1285.96274628431,66,13
56,8447,3156.96653176046,69,13
15,1912,148.279292968344,85,70
78,1803,1229.13255058125,87,9
66,7565,3857.10116373483,87,21
97,4549,4190.54719338951,98,1
55,6620,2391.70844980641,62,7
96,9652,8721.55924012766,98,2
92,8549,7256.37292114127,92,0
5,8335,450.267624732867,84,79
59,9222,3804.56554320983,91,32
0,5846,377.839684294848,87,87
21,9279,909.032925803173,46,25
18,9852,858.027145792968,57,39
57,5973,2308.22361283707,78,21
44,2741,664.855915628331,60,16
67,1249,654.819172743538,72,5
91,8711,7298.85391205123,97,6
79,8983,6245.62329141915,80,1
51,3289,1033.19552399462,82,31
99,7813,7440.95238095238,99,0
69,8263,4571.73380740695,74,5
25,8337,956.949822979442,68,43
42,5340,1199.94141883261,68,26
62,9891,4483.49800505975,66,4
96,4149,3749.0415755584,96,0
42,6801,1528.23999803007,68,26
34,5400,887.134006032991,82,48
96,5504,4973.42126581668,99,3
78,5151,3511.51512370716,82,4
41,3624,783.538133991569,56,15
56,2688,1004.60826771305,81,25
6,2655,148.141096948191,69,63
74,2165,1354.5217749714,78,4
50,1270,384.86684130041,90,40
81,1307,943.23645079295,86,5
70,4901,2782.86699312418,84,14
61,6122,2690.74608155737,82,21
5,2504,135.26936200733,45,40
2,9487,470.373928470024,88,86
21,8968,878.565284901698,72,51
68,3451,1859.24140661998,95,27
99,5595,5328.57142857143,99,0
50,2146,650.334048370614,70,20
11,4989,332.519461898574,74,63
24,8766,966.998541007131,76,52
53,3207,1081.30113459197,74,21
83,9096,6795.0262991438,87,4
63,1984,926.981100931871,78,15
45,6022,1517.01538251564,62,17
39,6384,1277.08513038573,84,45
0,1213,78.3988260433887,82,82
96,1276,1152.99519171186,96,0
86,2779,2175.70012699528,86,0
73,8664,5296.21826852498,80,7
59,2999,1237.24702494972,70,11
39,3081,616.337607568677,86,47
20,1336,125.83306299882,79,59
70,9725,5522.0121420389,89,19
14,6704,500.392100806078,71,57
98,7060,6619.74979941859,98,0
31,6606,963.195759111093,76,45
75,2854,1826.24795496932,82,7
30,7444,1042.96187159716,89,59
82,9721,7140.03358757185,86,4
95,1305,1156.82294900907,96,1
8,6749,403.31518064312,87,79
84,7099,5390.16061737681,89,5
94,3119,2721.13172826907,97,3
65,3085,1528.72351445436,91,26
82,2093,1537.29969126508,88,6
12,8958,619.820531634906,66,54
34,1549,254.476032471315,86,52
87,1764,1401.1366281188,91,4
52,4720,1536.42286281327,64,12
71,2252,1311.45061382107,76,5
41,8634,1866.74068677793,82,41
72,4776,2850.54825594857,80,8
8,6618,395.486718846669,76,68
15,2455,190.389991755902,72,57
18,8028,699.171937314854,67,49
91,4561,3821.61321235974,93,2
69,4649,2572.18812424481,74,5
88,1734,1396.61462364981,90,2
89,9271,7568.40030156881,96,7
12,2665,184.396262202168,72,60
27,8425,1047.30056500074,87,60
78,1649,1124.14840593926,86,8
89,1651,1347.79731397801,94,5
92,3705,3144.79607823469,94,2
39,2889,577.92903221873,64,25
73,2300,1405.9674535558,81,8
17,1308,109.571732765027,86,69
25,2700,309.915379878193,74,49
21,6031,590.837113430212,91,70
84,3701,2810.11190941141,84,0
4,1567,82.088579296894,87,83
93,5652,4861.59151234836,93,0
14,9060,676.245888022534,87,73
53,3433,1157.50133927479,55,2
0,8207,530.436245126209,83,83
22,1400,142.678335158954,77,55
49,2501,730.887840070075,87,38
48,2757,776.700266619777,89,41
98,1987,1863.09388830662,99,1
42,3110,698.842286998019,78,36
84,8295,6298.26487126928,88,4
14,5234,390.670085862025,70,56
95,3691,3271.9030688065,98,3
88,2875,2315.6095980353,90,2
23,9695,1027.91567041028,72,49
21,7090,694.58383920083,75,54
17,8756,733.493954197688,77,60
64,1396,671.916783283912,87,23
34,6780,1113.84602979698,86,52
93,5153,4432.37456884839,94,1
10,5985,384.43016874479,25,15
94,5153,4495.6690592403,94,0
59,1189,490.525746137116,79,20
45,4293,1081.45915595145,85,40
48,8721,2456.87451040663,93,45
69,2557,1414.73113222069,69,0
65,4010,1987.09280160842,66,1
66,9841,5017.54561167408,89,23
45,5841,1471.41927088573,80,35
90,3747,3099.27194967905,94,4
54,8247,2878.97502055677,69,15
75,4618,2955.01508621175,81,6
10,9432,605.838822322616,70,60
46,6441,1684.66975885002,72,26
43,4751,1109.31421333784,87,44
3,1539,78.3382156344535,82,79
16,9209,742.179768130901,91,75
72,4583,2735.35650272452,80,8
59,7107,2932.01554061942,78,19
99,4650,4428.57142857143,99,0
59,1707,704.228299963042,67,8
92,5666,4809.28868536512,95,3
37,7209,1333.40023434459,52,15
28,8645,1118.37032858044,81,53
61,1863,818.827172483075,63,2
12,6048,418.472267841919,19,7
50,5376,1629.16861325276,79,29
21,4674,457.896313741139,74,53
54,3188,1112.91043598096,63,9
94,7430,6482.20863771695,94,0
44,2892,701.48241809454,80,36
65,7959,3943.9580069829,77,12
5,1526,82.4365201370552,62,57
52,6549,2131.78672215341,88,36
7,1198,69.1372660445837,79,72
61,9649,4240.93579564637,94,33
33,6444,1017.41542495961,61,28
3,4997,254.357416195818,83,80
93,9510,8180.06639816576,96,3
98,2695,2526.94415147778,98,0
84,7672,5825.23063199252,94,10
17,8790,736.342149086076,72,55
27,8026,997.701404711686,84,57
94,4888,4264.47319261917,94,0
97,6236,5744.61470608419,99,2
31,6092,888.251372162395,87,56
56,5000,1868.69097416862,85,29
1,6167,298.684949134583,71,70
56,7970,2978.69341282477,66,10
31,4105,598.534452187562,81,50
36,8198,1457.74093463555,41,5
45,5350,1347.73037138138,62,17
72,8384,5003.97750792982,83,11
70,8594,4879.81206670255,70,0
7,5854,337.837692341397,37,30
63,3776,1764.25435338646,90,27
26,6114,730.307541085691,82,56
45,5808,1463.10616766038,68,23
43,6900,1611.08568133679,76,33
99,8042,7659.04761904762,99,0
64,1005,483.722326074736,69,5
45,9562,2408.7846375979,45,0
80,9809,6950.65337894196,86,6
90,8042,6651.81345591645,90,0
5,7694,415.639964570447,80,75
79,9281,6452.81417874442,92,13
53,3484,1174.69696068551,88,35
54,6680,2331.94533009813,63,9
51,4818,1513.51050003226,58,7
24,2434,268.500393430454,91,67
76,1219,797.226575655687,93,17
79,3521,2448.05071903449,87,8
68,8022,4321.88773222414,90,22
77,5784,3863.42034878326,81,4
93,4814,4140.78229661093,96,3
45,2325,585.695909058264,64,19
85,8508,6561.71909006187,97,12
37,3936,728.015442139037,84,47
95,3744,3318.88515026051,95,0
54,5706,1991.92815172753,82,28
51,9877,3102.72793873362,74,23
15,7616,590.635510066376,76,61
60,5619,2393.33531130549,73,13
73,7949,4859.14577752828,85,12
62,5218,2365.27070977674,65,3
7,1681,97.0114726385186,81,74
63,5588,2610.87217339077,76,13
52,2851,928.038470737419,91,39
33,1127,177.937179380739,89,56
60,1057,450.214526437071,86,26
50,7150,2166.77001204562,77,27
45,4018,1012.18329574026,88,43
26,2590,309.37136594896,89,63
8,6997,418.135474731058,17,9
55,4145,1497.52742061142,76,21
76,5321,3479.93651276777,82,6
62,2799,1268.76058195958,94,32
44,5609,1360.51690286732,68,24
58,2893,1155.42523832161,93,35
16,6369,513.296008603074,33,17
75,3778,2417.50692847726,90,15
24,3716,409.920896461613,64,40
63,8013,3743.90098879389,80,17
15,5932,460.038057472918,71,56
77,4613,3081.25139504446,85,8
1,4204,203.61140362604,83,82
94,1847,1611.39156848764,98,4
79,5637,3919.24507333071,81,2
22,4788,487.959906243621,67,45
56,9582,3581.15938289674,86,30
25,9918,1138.42249541923,79,54
15,9002,698.122487082132,67,52
57,7959,3075.6992691395,93,36
59,5143,2121.76107012884,80,21
37,1881,347.915916327116,85,48
62,9578,4341.61802572665,83,21
53,2796,942.724656164378,84,31
69,9466,5237.3269055929,70,1
81,2280,1645.4316050558,98,17
30,6059,848.912678668352,36,6
42,5618,1262.41027921378,69,27
3,7498,381.663379354862,72,69
78,6838,4661.56870819444,84,6
0,4043,261.307876086909,71,71
12,3104,214.771481379186,72,60
32,3733,566.411004516021,91,59
22,4454,453.920931998556,68,46
2,6617,328.076766594935,84,82
99,6640,6323.80952380952,99,0
57,9026,3488.03387401095,63,6
17,2034,170.389070675891,83,66
60,6905,2941.08921953451,65,5
53,8553,2883.80686129253,77,24
12,7655,529.663559909043,75,63
98,7545,7074.50598252313,98,0
18,8649,753.255865201317,78,60
16,2604,209.863841482557,56,40
33,7316,1155.0917518629,54,21
69,8978,4967.32737781672,83,14
76,4090,2674.86193144525,88,12
62,3587,1625.95362897071,82,20
93,9447,8125.87668385614,96,3
95,1196,1060.19942299988,97,2
91,6935,5810.76247044832,93,2
98,2207,2069.3750435293,99,1
80,1063,753.241364238486,88,8
22,5786,589.669176592647,82,60
27,2168,269.501201771111,75,48
34,8586,1410.54306959246,79,45
73,5153,3149.97838616219,86,13
17,7169,600.550269260305,67,50
36,4281,761.233098459964,50,14
21,2794,273.718934658268,62,41
91,9677,8108.25500022038,91,0
6,5415,302.140881346311,68,62
87,1152,915.028002036768,89,2
28,6186,800.25897658746,78,50
66,5737,2925.0746036149,79,13
25,1219,139.921054841303,66,41
87,3125,2482.17231455286,91,4
40,5453,1134.15687238589,62,22
33,3642,575.019704795609,68,35
0,1081,69.8673791862351,86,86
76,6632,4337.33113186917,83,7
19,2995,271.239417508044,83,64
42,2170,487.61664398254,83,41
26,6193,739.743964989153,62,36
32,3029,459.592534872496,58,26
31,2723,397.030283387755,77,46
46,1941,507.676448055875,77,31
48,6033,1699.6128794041,78,30
21,1758,172.225442780685,67,46
42,7177,1612.73025523626,76,34
15,5340,414.127314043389,83,68
8,2880,172.106641021216,77,69
6,3130,174.644683031201,89,83
99,4947,4711.42857142857,99,0
80,1923,1362.63701169389,81,1
78,5170,3524.46771298118,86,8
97,8677,7993.26840998918,98,1
69,2655,1468.95234886427,92,23
27,6769,841.445403500299,90,63
90,8404,6951.23604619769,94,4
5,5254,283.827966448288,59,54
2,6274,311.070520419619,88,86
10,2584,165.97619983902,86,76
44,2315,561.525517942206,84,40
48,2179,613.866478405693,77,29
94,9372,8176.48174329518,97,3
82,8235,6048.57284164738,88,6
79,5876,4085.41494605131,87,8
35,2796,477.900857528385,76,41
65,2715,1345.37579959274,89,24
40,2517,523.505015183435,79,39
90,7782,6436.75855681942,94,4
88,3327,2679.66369831772,91,3
33,1378,217.566489074231,91,58
31,4048,590.223498771073,70,39
1,9509,460.547297117034,80,79
74,1466,917.195806978324,79,5
7,2282,131.695526806127,79,72
29,8483,1142.07950520274,69,40
37,5504,1018.03785404808,87,50
49,4249,1241.72028486915,84,35
21,8935,875.332384098648,77,56
42,9643,2166.86050595559,55,13
36,9988,1776.03274641862,60,24
52,3873,1260.7130821347,84,32
47,3602,977.913878035918,75,28
21,1839,180.160744751809,63,42
48,4072,1147.16122077466,79,31
20,1894,178.389087814196,87,67
16,4945,398.531757346868,82,66
62,6706,3039.76722494497,79,17
27,4511,560.75642121286,71,44
16,5617,452.690168052044,73,57
94,4312,3761.94934668041,97,3
17,2422,202.892000578666,50,33
3,3891,198.059777149876,8,5
33,5681,896.948638919235,81,48
96,3944,3563.80331983666,99,3
49,8494,2482.27161677538,80,31
81,2699,1947.81574651122,85,4
24,7416,818.076794445458,90,66
43,1469,342.997806649818,66,23
31,5640,822.346969631633,87,56
87,5845,4642.65509713968,91,4
46,4045,1057.9862093694,92,46
31,5704,831.678566450148,74,43
93,8382,7209.81246576503,96,3
15,5660,438.943932113404,73,58
81,6652,4800.61887580314,81,0
16,6891,555.365488347273,79,63
85,5889,4541.83870726074,92,7
22,9004,917.625521265155,80,58
88,4754,3829.01148836863,93,5
29,5237,705.065468436491,78,49
83,5838,4361.18772365892,84,1
6,8567,478.01309889083,89,83
20,1106,104.170185386748,85,65
20,5693,536.203314110991,27,7
58,3442,1374.68844462599,78,20
87,3710,2946.83497183716,89,2
88,5700,4590.94772480042,91,3
91,8300,6954.48139938299,94,3
73,4224,2582.08979296509,76,3
95,1266,1122.25122869386,98,3
0,8518,550.536850979048,29,29
13,9353,672.042965674292,79,66
69,3282,1815.85747983899,90,21
88,8422,6783.32662074898,89,1
94,5587,4874.30681815943,96,2
64,2053,988.141229285008,73,9
18,7140,621.834533187352,83,65
41,4221,912.614366329585,87,46
56,5801,2168.05526823043,84,28
81,6966,5027.22656176258,82,1
28,4595,594.437438962072,79,51
58,4047,1616.31729674648,83,25
23,4145,439.475033919609,63,40
13,1819,130.700968091686,77,64
63,5706,2666.0051219341,76,13
36,3490,620.580124649678,89,53
36,3919,696.863469484839,56,20
68,9210,4961.92794986092,75,7
68,8914,4802.45664984368,73,5
79,9919,6896.39735362202,90,11
68,1600,862.007027120247,94,26
67,6168,3233.72670735159,90,23
97,1804,1661.84812857214,98,1
86,7507,5877.2871008829,97,11
50,5407,1638.56300071757,69,19
42,7789,1750.25163132719,47,5
24,3738,412.347769368544,71,47
30,1853,259.619606135081,60,30
38,8494,1633.99108052729,83,45
82,5043,3704.06227570464,86,4
76,2850,1863.90134587261,77,1
60,3896,1659.44729895821,76,16
41,1375,297.286129756735,79,38
87,6353,5046.15702859339,90,3
53,6585,2220.25817626696,86,33
17,4604,385.679096062832,81,64
31,8337,1215.58629181187,87,56
78,5332,3634.90557942275,93,15
64,5693,2740.13054959549,76,12
19,3211,290.801258637171,66,47
48,4170,1174.76971773829,74,26
94,6846,5972.70529391793,94,0
77,1379,921.102465589922,80,3
36,8000,1422.53323701932,70,34
57,1211,467.982386597303,86,29
32,4709,714.500246521817,71,39
80,8578,6078.36728357265,88,8
33,3939,621.911756504642,57,24
69,8682,4803.55717244428,72,3
67,2900,1520.39679820357,89,22
30,1110,155.519569784101,80,50
29,3880,522.370444440249,89,60
76,9504,6215.62048813097,81,5
67,4874,2555.315170498,87,20
69,6474,3581.91996480123,78,9
60,5905,2515.15305450417,81,21
60,4372,1862.19291351265,78,18
18,1381,120.273598085677,79,61
82,1417,1040.78053632232,98,16
7,2252,129.964209626379,32,25
15,9458,733.486167831904,78,63
74,9056,5665.84258389884,76,2
70,8700,4940.00057951038,87,17
56,6522,2437.52050670554,85,29
11,2015,134.30080491594,77,66
65,4151,2056.96314700164,79,14
19,1782,161.385189315303,82,63
28,9060,1172.05727899812,75,47
83,3447,2575.02810610694,85,2
22,7437,757.92769898367,76,54
76,1790,1170.66084530245,78,2
19,5092,461.152291803325,80,61
42,8205,1843.73021376808,56,14
79,9394,6531.37985078387,94,15
58,2195,876.653438685079,77,19
84,2295,1742.5579119425,89,5
62,1081,490.007212968313,93,31
42,3381,759.73819046312,66,24
1,1202,58.2162005610132,31,30
82,1485,1090.72625013313,83,1
67,4462,2339.31397020149,74,7
38,5501,1058.22756463158,59,21
87,5537,4398.01219381735,89,2
99,7263,6917.14285714286,99,0
20,4473,421.295876342607,66,46
79,5232,3637.66014256985,84,5
75,4895,3132.26480013134,75,0
5,6186,334.175828026096,83,78
28,5153,666.62374819838,79,51
83,5038,3763.56008081426,87,4
20,7028,661.942190685411,88,68
93,8843,7606.34354984015,94,1
71,1233,718.036681545906,82,11
21,6122,599.752082311351,65,44
40,9900,2059.07812885022,70,30
74,2902,1815.62225910716,81,7
3,4778,243.209872840428,85,82
43,9947,2322.53177858798,85,42
43,5449,1272.29070689915,83,40
54,7157,2498.46298316052,90,36
57,2700,1043.3959073598,66,9
56,5982,2235.70188149533,75,19
11,4125,274.933409567372,55,44
96,3455,3121.94230984677,96,0
89,4436,3621.33790721165,92,3
4,6251,327.463758254553,53,49
58,6150,2456.22717444794,93,35
18,2121,184.721434858596,38,20
98,9824,9211.39122230712,98,0
23,4905,520.054292249863,85,62
33,4594,725.326887378097,63,30
26,1106,132.109934648475,75,49
64,3371,1622.51538427655,84,20
8,9022,539.147956699101,81,73
90,5819,4813.09406863688,90,0
12,7002,484.48128628127,44,32
83,2197,1641.23491416215,94,11
61,8069,3546.49299772729,66,5
47,2321,630.132734847686,90,43
73,5072,3100.46388018914,73,0
77,1390,928.449910928203,94,17
53,5648,1904.33077897582,83,30
29,9426,1269.03706425098,80,51
17,1426,119.45664443649,73,56
27,3252,404.251802656666,61,34
90,5062,4186.95345857362,93,3
58,3397,1356.71605066661,64,6
12,1460,101.020091112633,66,54
55,5428,1961.05641473553,66,11
85,4249,3277.00333964185,87,2
35,5997,1025.02555171592,63,28
54,3371,1176.79456703006,81,27
72,8771,5234.95786284023,72,0
8,2853,170.493141261642,62,54
48,2466,694.719933799191,80,32
62,7392,3350.72462373892,77,15
79,9963,6926.98929671702,89,10
42,1454,326.725622281389,93,51
34,5735,942.169171222075,68,34
80,8232,5833.19182541036,97,17
13,4439,318.95634819076,72,59
56,1781,665.627724998861,80,24
34,7121,1169.86689943721,57,23
50,9175,2780.43564482777,88,38
9,7821,484.363430217246,70,61
42,4118,925.348082912489,87,45
0,5982,386.629659844642,72,72
24,1654,182.456717639265,71,47
19,4089,370.316520263903,65,46
52,7186,2339.13870596952,83,31
3,1977,100.633302345234,49,46
78,4797,3270.18793407557,84,6
82,3261,2395.19077554488,87,5
86,1645,1287.88294671005,90,4
41,4469,966.233973732981,83,42
15,9434,731.624921476653,80,65
15,3438,266.623540389732,77,62
6,3881,216.548247554022,66,60
66,9673,4931.88890374184,80,14
19,1772,160.479548522288,57,38
70,4677,2655.67617360575,84,14
69,9251,5118.37219560954,87,18
92,9475,8042.35974123448,97,5
12,6191,428.366701423499,89,77
96,2759,2493.0358416403,97,1
84,6925,5258.04511555633,93,9
78,3371,2298.06202329972,78,0
1,9163,443.789555524596,27,26
29,5929,798.230506465525,43,14
44,6705,1626.36224527106,57,13
1,9084,439.963365970253,89,88
51,6932,2177.59543093059,73,22
39,1578,315.670478657375,58,19
84,7569,5747.02432919074,97,13
59,2245,926.181917643251,86,27
30,5797,812.204455890483,69,39
52,8471,2757.42332010406,68,16
86,3444,2696.33365864402,86,0
31,5719,833.865659454487,68,37
3,8793,447.58150102258,60,57
5,5766,311.486877529659,70,65
15,8460,656.089340226043,83,68
68,4407,2374.29060532433,85,17
6,9961,555.794149416547,31,25
75,5107,3267.9216208929,79,4
55,7145,2581.38321357505,77,22
66,5118,2609.47042379311,91,25
9,2913,180.405404963923,80,71
37,6664,1232.59525061345,61,24
36,8017,1425.55612014799,51,15
13,4522,324.920163667181,64,51
26,3622,432.642118713178,74,48
91,2029,1700.07744088531,92,1
79,2673,1858.46054302164,80,1
99,5762,5487.61904761905,99,0
67,3167,1660.3781585899,68,1
0,2296,148.395469575944,78,78
64,2198,1057.93201264902,91,27
41,6085,1315.62625423253,50,9
99,6035,5747.61904761905,99,0
24,6926,764.023716063814,86,62
46,6043,1580.571239362,87,41
54,3237,1130.01602298318,88,34
45,4401,1108.66567559803,91,46
91,7823,6554.80819124977,97,6
17,6498,544.340305433597,77,60
37,3367,622.771339858267,45,8
20,5627,529.98701010057,81,61
36,1219,216.758501990819,87,51
37,4254,786.833762921612,79,42
1,3012,145.879530856715,2,1
77,1928,1287.80678292775,84,7
86,3539,2770.70987745099,90,4
52,9551,3108.97770396811,61,9
40,9929,2065.10977185393,63,23
73,3463,2116.89795289728,94,21
64,3298,1587.37933472088,74,10
99,2448,2331.42857142857,99,0
84,9321,7077.29076131416,88,4
50,4930,1494.01065166222,73,23
45,5368,1352.26479132248,87,42
48,8209,2312.63419973948,72,24
53,2640,890.1262847904,62,9
11,8253,550.066770705338,87,76
68,4636,2497.66536108092,81,13
66,7010,3574.12811074437,84,18
78,9832,6702.62409168877,79,1
88,4574,3684.03419179599,91,3
23,5607,594.48408086544,78,55
97,3944,3633.22007710007,98,1
69,4027,2228.04938187435,86,17
24,3458,381.460296007604,79,55
90,4064,3361.47349973196,93,3
50,7571,2294.35185471292,50,0
51,5691,1787.75181728592,72,21
76,1588,1038.55274991077,86,10
57,5777,2232.48079882132,77,20
17,8902,745.724438130176,65,48
31,6120,892.333945770495,49,18
29,5179,697.256838081456,78,49
41,7019,1517.56461437274,74,33
32,2691,408.307530981145,75,43
54,4741,1655.05281586755,82,28
11,4233,282.131666108772,82,71
30,8928,1250.88172885807,61,31
21,5975,585.350978734126,87,66
55,9841,3555.40828618503,82,27
81,2844,2052.45942314855,85,4
55,8193,2960.01017058368,83,28
78,3455,2355.32610219535,88,10
79,8758,6089.18721877423,90,11
22,5765,587.529001565262,84,62
94,3761,3281.23643155497,94,0
85,2758,2127.08289261761,92,7
20,2720,256.187074368856,85,65
63,6092,2846.35527564363,71,8
59,1692,698.04000207233,91,32
84,3171,2407.69112800421,95,11
82,3924,2882.16148520028,83,1
71,5221,3040.44567262869,93,22
62,4559,2066.55215904028,86,24
37,9001,1664.8544193835,72,35
39,8760,1752.39125034132,77,38
60,4592,1955.89886981933,80,20
0,4927,318.442717160574,74,74
33,6027,951.577089731778,72,39
36,1306,232.228550943404,71,35
3,2758,140.38778344368,87,84
27,5022,624.278152811125,56,29
18,5928,516.279427553869,73,55
51,8998,2826.6018014301,85,34
50,3972,1203.6937745238,70,20
29,1432,192.792390834649,69,40
6,2599,145.016463641563,84,78
6,4579,255.494569840214,59,53
79,4867,3383.8860691681,88,9
23,4446,471.388661231986,91,68
67,8244,4322.12110496215,72,5
24,4620,509.643310455504,81,57
12,4252,294.203717404736,31,19
44,1775,430.543323692188,61,17
68,2760,1486.96212178243,94,26
63,2871,1341.41267176179,79,16
90,1611,1332.51324017426,92,2
80,9687,6864.2042289541,86,6
46,5640,1475.16494952866,57,11
6,6903,385.166852065297,87,81
39,1481,296.266146319121,46,7
50,4273,1294.91024635957,71,21
63,2087,975.10562381291,70,7
88,5739,4622.35947239116,94,6
35,5612,959.220176126357,57,22
97,6538,6022.81766330636,98,1
42,4164,935.684656932396,67,25
53,3032,1022.29655131988,72,19
1,3187,154.355267211272,87,86
71,1795,1045.31698570552,79,8
64,4957,2385.88215955469,80,16
76,1731,1132.07481744052,95,19
69,7959,4403.53738026769,85,16
22,5882,599.452833860689,75,53
57,8691,3358.5754929126,77,20
1,5011,242.696656415339,65,64
18,7567,659.022676838752,68,50
85,9030,6964.30693268203,85,0
22,8147,830.285997528567,72,50
92,6910,5865.19322553353,98,6
78,8793,5994.32197296779,84,6
34,8492,1395.10036652447,72,38
26,5535,661.14691526158,66,40
18,3137,273.206572914387,64,46
85,7000,5398.68754471475,88,3
92,4352,3693.96829486569,94,2
43,5122,1195.9392550445,75,32
38,5723,1100.93371248619,91,53
1,3757,181.961951337543,85,84
23,7201,763.488472679157,76,53
42,2058,462.449333325377,81,39
43,1865,435.460115317842,56,13
33,6373,1006.20554054432,75,42
65,3113,1542.59847666011,71,6
34,4828,793.16351502357,71,37
40,4478,931.368874847606,63,23
45,2959,745.408255872431,84,39
67,3778,1980.71003572865,79,12
97,8470,7802.57962805213,98,1
24,9187,1013.4400634534,77,53
11,5966,397.637023388834,50,39
21,5166,506.095925713891,84,63
60,8164,3477.34285130771,86,26
32,6293,954.841803219749,76,44
32,1130,171.455782240317,85,53
39,6344,1269.08334385449,70,31
24,2097,231.325112992466,81,57
46,2206,576.988276358197,79,33
40,1374,285.775085761637,80,40
25,1817,208.561572310621,75,50
25,2915,334.593826794419,50,25
31,8347,1217.04435381476,83,52
94,7311,6378.38860704557,94,0
32,6911,1048.61142571932,64,32
6,9205,513.611599777062,85,79
32,2481,376.44406702498,84,52
94,1177,1026.85862269083,96,2
82,2839,2085.23355160133,89,7
86,1002,784.473381521868,88,2
93,3727,3205.79468622122,94,1
21,4092,400.87969957825,82,61
30,7521,1053.75016607768,56,26
74,6153,3849.59467963003,86,12
94,8023,6999.56391660876,97,3
66,7345,3744.93166525212,75,9
40,1550,322.380919163419,44,4
86,3779,2958.60769338437,86,0
33,7403,1168.82780741403,59,26
14,7836,584.885516395649,86,72
96,5972,5396.30664961069,98,2
33,4358,688.065863124455,76,43
60,8771,3735.88610348113,72,12
81,1152,831.375968870297,81,0
73,2845,1739.1206110288,76,3
67,5005,2623.99516379616,83,16
15,6496,503.777346821321,74,59
90,9107,7532.71140798695,90,0
28,3855,498.706491229334,78,50
30,8991,1259.70851525122,77,47
17,9604,804.531285531589,83,66
22,7728,787.584410077424,67,45
1,9410,455.752451979313,23,22
57,3569,1379.2148123582,66,9
29,4859,654.17473957092,78,49
60,6504,2770.28881735734,89,29
70,3713,2108.30139674966,78,8
68,8776,4728.10854375455,84,16
91,3952,3311.33861329657,95,4
96,4091,3696.63270320786,97,1
74,1405,879.031452117698,78,4
45,3124,786.973771999146,86,41
59,3186,1314.39447198726,89,30
88,5337,4298.57684337892,89,1
36,6556,1165.76598773733,75,39
92,1940,1646.66785203112,92,0
23,1763,186.922674258208,86,63
26,2014,240.569085336373,74,48
47,7942,2156.18878938403,87,40
53,4589,1547.26875791786,71,18
44,4955,1201.8829120534,90,46
64,8884,4276.0090993512,68,4
4,4974,260.567066638641,49,45
70,6438,3655.60042883768,75,5
72,7361,4393.40153099611,78,6
0,7428,480.08778223437,73,73
87,8186,6502.10002141752,97,10
8,1331,79.5395622219578,84,76
18,2908,253.262580183308,79,61
60,7261,3092.72249428531,72,12
35,5026,859.059266787432,80,45
3,1561,79.4580601724379,80,77
75,3722,2381.67305129496,88,13
94,6704,5848.8192068983,94,0
41,9198,1988.68205200178,89,48
40,4736,985.029698811581,64,24
99,6537,6225.71428571429,99,0
9,4423,273.921423328331,82,73
62,2861,1296.86460342493,66,4
48,6423,1809.4834285451,62,14
0,4052,261.889565645351,90,90
94,3341,2914.81279389129,98,4
82,3167,2326.14817115935,90,8
32,8444,1281.21471259933,83,51
25,6824,783.282426773625,75,50
7,6453,372.406325363688,80,73
42,1591,357.51063621024,85,43
23,5636,597.558815722779,88,65
2,8592,425.999029557757,75,73
34,1755,288.318551960722,83,49
31,7134,1040.18143286384,59,28
40,3102,645.177813706403,84,44
61,9165,4028.20774868888,62,1
67,2892,1516.20260013956,81,14
30,6662,933.397634145661,85,55
74,4317,2700.91016284135,88,14
73,2464,1506.2190458963,95,22
73,7317,4472.81037289904,77,4
77,5800,3874.10754200257,81,4
94,7535,6573.81454713286,96,2
80,6084,4311.11990595197,88,8
27,8830,1097.64557732422,83,56
81,6060,4373.38400291146,96,15
61,1157,508.525517210369,86,25
26,4284,511.716962056117,69,43
12,2149,148.693271096608,46,34
98,4245,3980.28865418299,99,1
22,3290,335.294087623541,74,52
48,3543,998.13168104239,78,30
94,1371,1196.11144580214,96,2
36,1778,316.158011927544,82,46
56,8107,3029.89554551699,83,27
18,5976,520.459827776977,47,29
56,3512,1312.56854025604,76,20
29,9571,1288.55864013856,83,54
74,5206,3257.10871154786,85,11
50,4653,1410.06725399276,77,27
82,1418,1041.51503211366,82,0
55,6984,2523.21628601933,88,33
11,1203,80.1805798083753,84,73
46,2459,643.161455831734,76,30
6,7865,438.843588511308,85,79
76,8958,5858.53623029011,84,8
20,3871,364.595648853618,72,52
64,6103,2937.47000600409,72,8
4,7851,411.281069597903,36,32
7,3974,229.341815743886,59,52
81,4133,2982.7056244279,90,9
92,3478,2952.11896358982,93,1
26,2242,267.803321412188,78,52
73,5529,3379.8235003087,88,15
67,4212,2208.24528070119,89,22
70,5570,3162.73600320377,93,23
68,7204,3881.18663960891,83,15
32,6766,1026.61046251149,69,37
15,9434,731.624921476653,75,60
45,2703,680.918727821284,79,34
30,6511,912.241368346202,73,43
94,5724,4993.83071901639,95,1
55,7496,2708.19434135179,74,19
24,6345,699.932208839864,83,59
36,8575,1524.77781343008,89,53
90,5311,4392.90988117039,91,1
39,9773,1955.03649424495,72,33
35,3517,601.136379087027,74,39
14,4349,324.612954416115,28,14
95,8231,7296.40589524418,96,1
96,2993,2704.47853353731,99,3
48,9163,2581.39446609975,75,27
9,1718,106.397695066261,78,69
78,1679,1144.5998626877,84,6
76,1868,1221.67288213685,76,0
83,9258,6916.04589681985,89,6
24,1989,219.411373267532,87,63
54,4610,1609.32155265754,62,8
61,3170,1393.28080341994,79,18
39,3781,756.368871865358,65,26
67,9860,5169.34911389214,75,8
9,6057,375.11690280346,87,78
75,2196,1405.19989807731,82,7
91,3191,2673.70483679893,96,5
48,9146,2576.60523703463,75,27
28,6653,860.672966575553,74,46
47,6132,1664.78842313055,69,22
83,5717,4270.79654267866,87,4
26,6327,755.750051103887,73,47
81,7299,5267.54617776415,83,2
65,6520,3230.88405648053,90,25
51,5291,1662.0971472957,53,2
51,1193,374.765053245845,88,37
0,6960,449.839925195371,83,83
21,1185,116.09052883681,91,70
9,7067,437.667352173031,81,72
69,2144,1186.22743350847,80,11
53,9881,3331.56735606589,63,10
78,2658,1811.99906791179,83,5
25,8531,979.21781694106,89,64
81,4754,3430.86923264704,91,10
57,3674,1419.79131986663,79,22
43,2469,576.488485104425,88,45
82,7381,5421.31343584691,88,6
84,4745,3602.80492033427,89,5
72,3642,2173.72209969948,88,16
54,5863,2046.73584885708,76,22
86,3908,3059.60276944856,91,5
38,1826,351.267684605937,57,19
21,1300,127.356698301986,71,50
6,8708,485.880479180734,86,80
35,8674,1482.58656588026,86,51
59,6453,2662.20575258437,65,6
98,2462,2308.47365526467,98,0
60,4542,1934.60206156781,85,25
49,3401,993.902256728638,89,40
66,4864,2479.96563918126,74,8
58,1164,464.885923749172,59,1
49,2563,749.006610995442,84,35
23,5543,587.698459111314,47,24
84,2861,2172.31293510566,84,0
41,8134,1758.63663959366,92,51
90,6353,5254.78374601308,90,0
70,9476,5380.62591855636,74,4
15,3977,308.424031451415,71,56
31,6776,987.982813160274,68,37
47,6054,1643.61205375609,77,30
14,7791,581.526679203484,83,69
32,4270,647.890433775358,76,44
60,6460,2751.54762609601,70,10
64,4358,2097.5740268992,76,12
6,7702,429.748673708086,87,81
94,7025,6128.87155854126,96,2
6,8124,453.295017554465,51,45
66,2035,1037.56786096502,88,22
3,2024,103.025697494564,63,60
79,5726,3981.1242309547,86,7
63,4154,1940.8666800761,87,24
30,1774,248.55109621351,84,54
71,8873,5167.1853003705,89,18
18,3297,287.141240324748,86,68
58,7466,2981.81985112656,77,19
0,7929,512.468500987658,80,80
24,9469,1044.54816162406,88,64
58,2710,1082.33750288682,68,10
44,1058,256.628076882442,64,20
89,4323,3529.09012012533,89,0
91,8448,7078.48901951656,93,2
95,4924,4364.90130338748,96,1
0,4934,318.895142372696,71,71
17,6803,569.890288991191,74,57
26,8226,982.582569998511,75,49
67,6075,3184.96915485748,73,6
23,7535,798.900936208506,61,38
83,1699,1269.21170649135,86,3
43,8046,1878.66599884577,86,43
26,5102,609.425756398298,85,59
28,6637,858.603108246197,89,61
58,5531,2209.00691087343,92,34
76,5048,3301.39438384734,85,9
69,6158,3407.08420501174,96,27
11,8285,552.199587458345,57,46
42,1586,356.387095555903,82,40
7,5022,289.822495889732,71,64
47,3918,1063.70532319398,74,27
55,6918,2499.37145857413,92,37
75,9360,5989.37661475573,85,10
94,1788,1559.91777176822,96,2
70,1673,949.95643327826,89,19
89,2696,2200.88525650194,90,1
40,7075,1471.51290521367,83,43
34,2737,449.645513798573,65,31
30,6429,900.752535263052,91,61
24,5360,591.274490052273,86,62
50,7253,2197.98362200935,79,29
42,4068,914.112676369113,62,20
79,5493,3819.12598683796,90,11
19,1738,157.400369826037,54,35
30,5577,781.380757374715,64,34
85,3265,2518.10211907052,94,9
8,9549,570.641081635969,17,9
77,5531,3694.4291060028,79,2
32,3595,545.472156773399,75,43
88,4213,3393.2741692253,98,10
37,9017,1667.81383174992,70,33
47,1554,421.898435998839,91,44
19,1972,178.592364382592,83,64
53,7858,2649.47437344052,73,20
40,6497,1351.29602051918,78,38
9,1646,101.938653131005,89,80
14,2023,150.998391994436,46,32
96,3877,3503.26203625932,99,3
36,2617,465.346185159945,82,46
82,8376,6152.13674822568,94,12
4,6703,351.142148709049,85,81
36,2372,421.781104776228,85,49
58,6357,2538.90018666107,72,14
34,6036,991.618677854654,83,49
14,9318,695.503221257613,82,68
64,9818,4725.55800736493,77,13
9,5438,336.781528387851,75,66
50,7363,2231.31854527159,65,15
99,5118,4874.28571428571,99,0
84,9713,7374.93028265684,88,4
3,7022,357.434015714836,40,37
60,1937,825.038351663772,87,27
17,1396,116.943531299677,86,69
64,1949,938.084391561851,66,2
44,3211,778.858936549643,89,45
22,7161,729.799684338047,73,51
89,1427,1164.93444400158,94,5
27,3408,423.643955551635,36,9
0,7202,465.480911100153,78,78
44,6062,1470.39641026594,89,45
57,1603,619.4680146288,81,24
57,9532,3683.57399590875,73,16
80,8965,6352.59532492759,81,1
40,5500,1143.93229380568,80,40
7,6822,393.701526674583,79,72
67,5129,2689.00523378832,89,22
90,6273,5188.61300782938,96,6
82,3687,2708.08598265378,84,2
82,3099,2276.20245734854,92,10
76,1962,1283.14892652704,76,0
67,3391,1777.81570438218,84,17
36,7914,1407.24100472136,83,47
97,7156,6592.12040358218,99,2
55,6211,2243.94277669904,69,14
76,4637,3032.60018975835,84,8
69,6333,3503.90780616098,69,0
72,6895,4115.27014756395,82,10
23,6185,655.766727332397,67,44
7,5554,320.524520543922,59,52
65,5983,2964.78210274893,81,16
27,6539,812.85440884746,88,61
50,9628,2917.71491971681,70,20
73,7345,4489.92649842059,74,1
22,9370,954.925714599568,80,58
61,2378,1045.18036294404,89,28
69,5672,3138.19123267726,76,7
1,7957,385.379623846907,52,51
50,5483,1661.59440224421,87,37
31,6422,936.367418257863,79,48
9,5792,358.705151236196,89,80
90,3762,3111.67896308849,90,0
56,3822,1428.42738065449,88,32
77,1845,1232.36696810254,82,5
66,3112,1586.68854217353,94,28
37,4166,770.556994906308,56,19
96,4342,3923.43661631105,97,1
98,8002,7503.00820041751,99,1
65,9478,4696.67470664455,89,24
10,9265,595.11203231754,77,67
99,7960,7580.95238095238,99,0
33,4478,707.012146643256,62,29
96,4361,3940.60504001209,98,2
92,4907,4165.05110820449,93,1
0,2994,193.508726441802,85,85
5,5705,308.191577576605,68,63
78,7507,5117.63619368466,85,7
4,1830,95.8660498489572,84,80
94,4619,4029.78757706791,94,0
21,5947,582.607911386084,61,40
6,5479,305.7118908396,73,67
91,9523,7979.22004413545,98,7
1,9562,463.114234412986,52,51
69,6567,3633.37479284054,76,7
78,7716,5260.11467569879,88,10
65,1830,906.827887018308,85,20
16,9810,790.616084847881,71,55
6,5789,323.008968072723,65,59
23,6239,661.492095687441,71,48
8,8450,504.965665496276,74,66
27,3835,476.723758667993,78,51
2,1449,71.8427134344961,49,47
65,3904,1934.56615897239,78,13
1,1132,54.8259060191905,86,85
91,8839,7406.10374568027,93,2
12,4108,284.240091979928,61,49
32,1514,229.720402045876,58,26
21,8986,880.328685339726,85,64
63,9676,4520.90178055281,87,24
78,2922,1991.97188729806,81,3
65,7279,3606.99463912911,75,10
35,1975,337.573030621802,64,29
23,6852,726.485629051185,80,57
21,1819,178.201410931778,60,39
64,2875,1383.78277359688,69,5
9,1365,84.536003355906,82,73
40,8148,1694.68369635067,66,26
9,6494,402.180810104948,82,73
65,5967,2956.85355291707,65,0
84,2623,1991.60322571903,95,11
36,9977,1774.07676321772,72,36
77,9161,6119.08606763544,82,5
0,8998,581.56029409597,3,3
69,1878,1039.05555976162,95,26
62,3144,1425.14586269415,70,8
92,8250,7002.58236044163,97,5
74,1375,860.26209726821,84,10
20,4394,413.855148814982,83,63
36,6234,1108.50902494731,63,27
38,4802,923.760909900168,91,53
21,1093,107.077593264669,68,47
46,4101,1072.63323723706,78,32
43,6878,1605.94888641079,77,34
17,5554,465.261012061896,87,70
0,8005,517.380546147837,74,74
46,1044,273.062448104242,91,45
31,3131,456.519213105788,67,36
75,9791,6265.16949092664,81,6
35,8989,1536.42732772627,77,42
84,2090,1586.90459083216,90,6
27,9339,1160.91869157768,91,64
39,4877,975.617822821304,76,37
56,5471,2044.7216639353,66,10
63,5933,2772.06596362338,69,6
84,3110,2361.37477391772,85,1
50,6614,2004.33802233143,79,29
14,4214,314.53644283962,81,67
3,8860,450.991936660987,57,54
90,6857,5671.65939657039,93,3
45,3685,928.296526829979,77,32
69,6275,3471.81769835152,76,7
93,6713,5774.21511365791,94,1
19,6454,584.500567811991,83,64
72,9802,5850.30862747234,75,3
83,9564,7144.63847020793,89,6
78,2822,1923.80036480326,82,4
71,6759,3936.09888935018,77,6
49,9700,2834.71093509785,77,28
46,1253,327.727248538903,89,43
46,6451,1687.28529954067,76,30
35,6456,1103.47923326297,77,42
29,7244,975.271005032259,78,49
85,9379,7233.47006883995,90,5
42,1586,356.387095555903,58,16
8,2938,175.572677541782,82,74
15,9741,755.433364437574,63,48
32,2065,313.324062235624,85,53
28,9572,1238.29274553753,76,48
71,3048,1775.00065316458,71,0
11,4397,293.062351967935,80,69
95,5005,4436.70410711908,98,3
54,8695,3035.36895886276,88,34
0,1645,106.319924848619,56,56
53,2940,991.276998971127,85,32
46,7071,1849.4488223612,80,34
65,6342,3142.67893960115,88,23
43,3628,847.104181433315,73,30
59,2611,1077.17638617663,75,16
66,2035,1037.56786096502,92,26
99,7028,6693.33333333333,99,0
1,1884,91.2473559542005,86,85
53,5621,1895.22721469956,75,22
81,8857,6391.92444121894,92,11
38,4477,861.240648401302,78,40
11,5802,386.70633752967,69,58
51,2482,779.687227289344,74,23
53,6012,2027.06031218177,71,18
37,3209,593.547142739881,70,33
6,3407,190.100458494345,84,78
98,9657,9054.80507266082,99,1
18,8583,747.507814894543,75,57
62,1391,630.527320295027,79,17
95,9968,8836.17713082177,98,3
99,7240,6895.23809523809,99,0
10,3293,211.516883153984,85,75
62,6926,3139.49117208005,70,8
85,8366,6452.20285701194,90,5
44,2131,516.894548049608,74,30
3,4041,205.695080817951,55,52
93,1654,1422.69503917625,93,0
6,7250,404.528419161727,60,54
91,8160,6837.17689385123,93,2
85,4920,3794.50610285665,94,9
31,5047,735.88389286008,73,42
35,4235,723.859131485232,50,15
52,4937,1607.05925290447,86,34
63,4651,2173.07918368656,86,23
21,5513,540.090367491421,56,35
95,5943,5268.19830341832,95,0
35,6871,1174.41230045691,76,41
77,7485,4999.60257791194,81,4
19,8064,730.308735487434,77,58
63,6848,3199.57992902291,76,13
2,2573,127.571636761186,89,87
47,6583,1787.23127682133,65,18
4,3970,207.971703770689,78,74
73,1531,935.885291910404,93,20
81,4818,3477.05678647317,90,9
75,5633,3604.50411014092,90,15
61,4639,2038.93679718142,91,30
72,1721,1027.17620361966,81,9
75,1603,1025.74473434332,88,13
86,2633,2061.39562230247,87,1
65,4950,2452.89510422985,72,7
76,6919,4525.0292674009,77,1
39,3527,705.557527391991,59,20
66,8447,4306.79888037913,84,18
0,8877,573.739801143579,81,81
67,1027,538.430176467265,74,7
25,5991,687.667792907501,67,42
63,4957,2316.05106719722,95,32
91,7092,5942.31109450893,92,1
95,1138,1008.78506971059,95,0
7,9576,552.636443775404,64,57
22,8648,881.344458896164,87,65
59,2973,1226.52064193915,86,27
95,4771,4229.2737852278,98,3
78,6384,4352.06999606805,86,8
49,7320,2139.18392215632,80,31
69,5232,2894.74903550201,83,14
13,4724,339.434509766423,84,71
14,2982,222.578944600794,28,14
49,1606,469.33461461517,59,10
33,1473,232.565630193282,68,35
46,6004,1570.37063066846,73,27
21,1410,138.133034312154,78,57
93,8684,7469.57903277302,93,0
6,2604,145.295448758226,90,84
85,8710,6717.50978778078,97,12
63,2400,1121.34810596597,71,8
45,3800,957.266432009205,86,41
12,7882,545.370108321761,70,58
79,6316,4391.33437700138,79,0
86,4152,3250.6322156475,89,3
69,4888,2704.42149952864,96,27
91,2158,1808.16516383958,95,4
27,8139,1011.7482846933,82,55
31,6405,933.888712852945,66,35
94,6186,5396.89672044644,94,0
44,3580,868.363435953822,78,34
88,2239,1803.35648347862,96,8
5,8629,466.149890080373,73,68
2,4954,245.623742135606,71,69
46,7546,1973.68700516725,80,34
3,2958,150.568188334447,66,63
28,4587,593.402509797394,84,56
21,6618,648.343561048109,71,50
11,9105,606.853016754162,69,58
47,4576,1242.3470033016,72,25
49,4463,1304.25926838574,88,39
5,7902,426.876397197254,80,75
3,3509,178.61520380851,77,74
63,5535,2586.10906938402,77,14
28,6613,855.498320752162,86,58
18,2759,240.285921157409,70,52
40,8541,1776.42285843533,63,23
40,4582,952.999594585022,88,48
7,3028,174.747614009182,77,70
58,8536,3409.16344082726,78,20
91,5407,4530.46758150167,91,0
87,7987,6344.03528842679,88,1
26,8222,982.104776383145,78,52
44,8520,2066.6079537225,75,31
55,4230,1528.23666807872,75,20
23,2901,307.579511073772,71,48
86,3070,2403.5262288145,87,1
50,9455,2865.28817676801,72,22
63,6746,3151.92263451935,83,20
82,5065,3720.22118311402,88,6
46,2178,569.664762424366,88,42
17,8744,732.488708942963,71,54
69,9125,5048.65920278209,82,13
57,3053,1179.81026117388,59,2
11,3807,253.73854308436,73,62
31,9441,1376.55633693125,76,45
44,6650,1613.02146622707,80,36
58,1726,689.341154975146,84,26
35,8996,1537.62378910063,66,31
39,6895,1379.30795332231,66,27
26,3093,369.453913081132,29,3
54,2443,852.835694824809,87,33
53,6452,2175.41469298017,66,13
25,3542,406.563065010577,51,26
87,1592,1264.51786392581,88,1
46,4983,1303.32392615272,84,38
26,5367,641.079583416242,76,50
78,2299,1567.26330215546,87,9
61,4055,1782.25667440626,72,11
97,2337,2152.84871201391,97,0
20,7794,734.088991776052,79,59
2,2301,114.085633963268,86,84
68,9524,5131.09682893327,76,8
91,7600,6367.95887172418,94,3
90,6260,5177.86026287453,97,7
21,5362,525.29739715019,80,59
24,2948,325.20096952875,67,43
25,3824,438.932004686744,88,63
11,1622,108.107149168067,76,65
56,9792,3659.64440381182,66,10
49,9323,2724.53711834199,65,16
74,2902,1815.62225910716,75,1
57,4775,1845.26498431224,63,6
40,5712,1188.02568403964,91,51
35,4526,773.597740047736,72,37
69,6160,3408.19076045344,72,3
32,1733,262.949443028734,66,34
59,2804,1156.79915237046,70,11
87,9823,7802.36116667289,87,0
58,6194,2473.80018187489,77,19
23,1251,132.637700225195,58,35
45,2084,524.985064291364,70,25
4,9048,473.986895646647,57,53
25,6276,720.381083005755,40,15
73,8366,5114.05378975992,73,0
2,4543,225.245995260811,82,80
57,2514,971.51752263057,73,16
65,7168,3551.99032467062,78,13
4,3498,183.2455969244,54,50
74,1000,625.645161649607,75,1
2,1495,74.1234344959087,69,67
90,4192,3467.34668082588,97,7
46,4812,1258.59818034254,69,23
45,1828,460.495536240218,88,43
58,4174,1667.03938636516,67,9
18,1339,116.615747890457,75,57
61,6145,2700.85505899544,92,31
0,5496,355.218423688759,86,86
80,7696,5453.38244513583,88,8
57,3545,1369.94018207055,81,24
29,9811,1320.87021402146,39,10
74,5339,3340.31951804725,86,12
53,1575,531.041249448818,80,27
10,3939,253.010933113739,69,59
51,3007,944.608981651514,73,22
79,1463,1017.18210790896,91,12
34,1729,284.047166005748,88,54
72,7189,4290.74359548038,88,16
59,6410,2644.46596529766,81,22
19,6354,575.44415988184,86,67
77,5556,3711.12784540798,88,11
5,4897,264.542358526317,54,49
37,4868,900.401212482935,81,44
54,7152,2496.71751509907,73,19
1,6240,302.220542013912,56,55
62,2855,1294.14485941215,75,13
61,7194,3161.91233432273,76,15
23,2715,287.858797850842,89,66
89,5323,4345.44221823436,92,3
92,4977,4224.46695853551,94,2
37,4613,853.235577893135,78,41
94,2178,1900.16829245592,96,2
32,8036,1219.30855405592,84,52
10,2950,189.485212664516,64,54
44,7924,1922.04242080952,79,35
35,4417,754.967127218482,85,50
15,1592,123.462674898329,67,52
19,2017,182.66774795116,61,42
24,2094,230.994175777884,60,36
16,9687,780.70316145988,19,3
12,9357,647.428077082811,23,11
9,7460,462.006289402974,50,41
42,1903,427.61957304091,48,6
25,4750,545.221501637561,75,50
92,9740,8267.29117463048,95,3
98,3194,2994.82731718739,99,1
29,3043,409.683830523628,60,31
26,4020,480.182583442015,72,46
42,6371,1431.61550175703,42,0
67,4408,2311.00313326943,85,18
81,2281,1646.15328558433,88,7
5,4907,265.082571633375,81,76
92,5360,4549.55653963238,94,2
38,7926,1524.72490043081,79,41
73,5298,3238.61546475593,73,0
89,2897,2364.97202822186,91,2
65,6870,3404.32108405234,89,24
48,7897,2224.73776042669,54,6
39,5954,1191.06592517491,74,35
38,5557,1069.00028661292,69,31
4,6202,324.896853094663,66,62
40,3854,801.584556423107,82,42
22,2675,272.617533250143,84,62
34,7744,1272.21587828139,83,49
76,4013,2624.50389508308,96,20
33,8819,1392.39395293588,88,55
0,7472,482.931597853422,83,83
79,4345,3020.95438063188,85,6
41,6093,1317.35591898748,81,40
82,8708,6395.98935094905,83,1
82,4976,3654.85105768517,82,0
19,9002,815.257841872257,84,65
58,2213,883.842396268829,65,7
95,3075,2725.84717869953,95,0
53,1376,463.944609042269,76,23
53,5366,1809.24910764594,63,10
52,4592,1494.75715805901,66,14
15,5711,442.899080618313,87,72
10,4640,298.037758224866,88,78
85,5946,4585.79944869627,86,1
63,9490,4433.99730234045,67,4
76,5199,3400.14845515498,92,16
85,6825,5263.72035609688,85,0
41,5440,1176.17203336483,74,33
86,3819,2989.92399603993,94,8
30,9100,1274.98025678858,83,53
38,3528,678.681484824614,83,45
21,7952,779.031126844146,71,50
68,2067,1113.60532816097,77,9
56,6996,2614.67241105673,64,8
20,8638,813.582333969917,87,67
21,2780,272.347400984246,89,68
24,3819,421.283074162244,82,58
20,5206,490.334525428038,82,62
66,2529,1289.43937119437,81,15
5,3442,185.941351449373,66,61
13,8458,607.73435300686,48,35
60,4411,1878.80442394884,81,21
71,6302,3669.96526123463,76,5
18,8343,726.605813779002,53,35
75,5061,3238.4866503503,96,21
4,3508,183.769455120296,62,58
17,4481,375.3753322019,50,33
99,4637,4416.19047619048,99,0
91,4086,3423.61578287697,91,0
67,6145,3221.66838791757,69,2
61,4122,1811.7045652041,63,2
11,7431,495.280040362458,77,66
99,4663,4440.95238095238,99,0
21,5438,532.742865666306,90,69
85,8010,6177.64103330931,87,2
70,6016,3415.9820099235,82,12
69,6670,3690.36239808839,71,2
44,9512,2307.22709575217,48,4
16,4054,326.723507438666,72,56
89,1018,831.046435874991,98,9
3,3820,194.445733413653,75,72
58,1095,437.328253011463,72,14
30,4490,629.083665162716,42,12
88,4879,3929.69016654408,90,2
17,2491,208.672160793335,89,72
91,2312,1937.20011992451,98,7
53,1857,626.122920778702,69,16
12,7244,501.225712342405,52,40
14,1974,147.3409914963,90,76
22,6137,625.440673478927,78,56
23,9043,958.787148790115,75,52
46,1022,267.308258584804,60,14
50,3708,1123.68995869443,88,38
65,2235,1107.51930463711,67,2
21,2911,285.181037505446,73,52
69,5331,2949.52352986644,75,6
19,1885,170.71328948336,86,67
38,5202,1000.70892405262,84,46
38,9087,1748.06651150829,75,37
91,5115,4285.80389853542,94,3
27,3455,429.486463154607,77,50
9,3094,191.614940940054,36,27
37,5642,1043.56278570845,74,37
37,9579,1771.76319112038,58,21
0,8102,523.649866944382,64,64
23,3193,338.538910326975,68,45
39,1288,257.657526305893,63,24
91,8146,6825.44644329805,96,5
79,3241,2253.37471752081,87,8
22,7132,726.844204538326,82,60
48,1423,400.886644686232,77,29
24,9520,1050.17409427195,71,47
29,7956,1071.1286742182,72,43
86,8496,6651.5826840417,94,8
79,5250,3650.17502838145,96,17
31,1601,233.435726663164,77,46
19,7034,637.027733806871,87,68
87,1276,1013.52059947823,87,0
5,2869,154.987140414948,13,8
3,4189,213.228580437119,65,62
65,3092,1532.1922550058,89,24
28,6220,804.657425537343,52,24
23,1920,203.5686526238,67,44
76,5701,3728.45669221745,82,6
10,4177,268.298214677859,60,50
53,1208,407.300209101062,81,28
39,3594,718.960519831816,82,43
85,2364,1823.21390795795,86,1
66,2420,1233.86448330975,79,13
96,5027,4542.40347079587,96,0
9,6954,430.669133580198,87,78
60,5236,2230.20176009887,90,30
97,6963,6414.32844747662,97,0
17,1931,161.760715572834,85,68
29,3163,425.839617465079,82,53
21,7782,762.376789373886,69,48
70,1364,774.501240281857,78,8
46,2387,624.329562859028,82,36
51,5069,1592.35880545112,63,12
86,5808,4547.12714558783,94,8
70,9678,5495.32478258637,81,11
13,4142,297.615948232965,67,54
62,6398,2900.15369895585,75,13
51,7043,2212.46460185288,91,40
39,8184,1637.16552429148,71,32
89,4300,3510.31402186882,90,1
70,4598,2610.81869707916,70,0
29,6287,846.428604174187,82,53
87,4133,3282.82181633504,89,2
38,8991,1729.59898811171,68,30
68,4638,2498.74286986482,88,20
80,1553,1100.45516337005,86,6
62,9469,4292.2093428279,83,21
40,1273,264.768329093569,82,42
14,7044,525.769981813546,79,65
58,2760,1102.30682950835,73,15
95,4144,3673.46689708321,95,0
37,4002,740.223018150515,70,33
7,8827,509.411224854374,55,48
77,7560,5049.69879612749,92,15
61,4656,2046.40865007042,84,23
30,2706,379.131491743944,74,44
88,3582,2885.04820179564,94,6
9,3770,233.480390221074,69,60
9,2299,142.379686238262,70,61
60,5672,2415.9099280521,66,6
49,2957,864.148477843747,80,31
74,5572,3486.09484071161,81,7
50,4895,1483.40408516969,85,35
80,6294,4459.9258198655,88,8
27,2452,304.804864733747,75,48
55,6049,2185.414563879,65,10
98,4045,3792.76033125329,98,0
92,6044,5130.13427715263,93,1
66,8002,4079.91057663002,92,26
63,5123,2393.61097785987,78,15
64,3044,1465.12513489701,86,22
95,9661,8564.03564013535,98,3
17,4538,380.150247161844,74,57
42,2469,554.804375111932,87,45
82,4181,3070.92690357349,89,7
84,3680,2794.16693505376,84,0
31,9377,1367.22474011273,87,56
48,4502,1268.30054418652,76,28
44,7019,1702.52596563125,60,16
70,7371,4185.37290477828,80,10
96,3654,3301.75895808397,97,1
90,3092,2557.49903080001,90,0
12,4661,322.503181284918,82,70
30,2724,381.653430713416,56,26
33,4581,723.274373330227,70,37
38,1816,349.343984252125,61,23
27,7162,890.298711754933,49,22
76,1041,680.814491597679,81,5
1,8438,408.675790627146,80,79
5,7722,417.15256127021,71,66
92,6460,5483.23418769126,93,1
90,1291,1067.83028743946,93,3
9,6509,403.109777174793,47,38
90,7921,6551.7302144136,91,1
88,6257,5039.57191475022,92,4
60,4547,1936.73174239296,66,6
26,5527,660.191328030849,83,57
16,3081,248.306641938463,87,71
87,4619,3668.8492546943,91,4
5,7023,379.391665086853,75,70
8,7866,470.066263289196,71,63
87,4790,3804.67372374663,88,1
53,8430,2842.33506847844,79,26
14,5796,432.61823035084,64,50
89,3294,2689.06381117114,91,2
51,8385,2634.03601967009,72,21
99,6304,6003.80952380952,99,0
13,5825,418.544881327141,85,72
61,5020,2206.39420604672,76,15
62,6814,3088.72261717492,86,24
25,5535,635.326528750295,81,56
73,3939,2407.87208676361,82,9
72,1590,948.989055058256,74,2
93,1813,1559.45955624338,95,2
36,7332,1303.75171172821,81,45
23,2367,250.961979562778,74,51
66,6935,3535.8885089889,70,4
66,5262,2682.8904591636,87,21
45,3703,932.830946771075,81,36
40,8913,1853.79427903455,84,44
63,1330,621.413742056143,83,20
90,2104,1740.29041423131,94,4
31,6804,992.065386768374,72,41
6,7125,397.553791245146,79,73
14,3086,230.34159055602,53,39
84,4322,3281.62757970173,92,8
93,2716,2336.1787946812,95,2
94,2529,2206.39376107485,95,1
66,4064,2072.0765537896,73,7
42,1410,316.838464523218,67,25
5,9624,519.901094232647,73,68
19,2315,209.655843583012,63,44
58,5409,2160.2817539169,74,16
49,8918,2606.18063084563,88,39
93,6104,5250.38120866496,93,0
51,3431,1077.80293184115,74,23
16,3515,283.283948852223,67,51
81,4149,2994.25251288443,84,3
5,9861,532.704144869922,60,55
10,6531,419.500991156595,69,59
53,3378,1138.95704167499,81,28
91,5322,4459.24698885738,95,4
74,2573,1609.78500092444,94,20
66,2919,1488.2853003228,94,28
25,2675,307.045793027469,77,52
94,9132,7967.09680748737,99,5
23,4564,483.899651341157,84,61
38,2583,496.891801389449,88,50
1,3108,150.529077656929,31,30
88,2983,2402.59597597889,96,8
81,6882,4966.60539736578,84,3
54,2034,710.056407398142,79,25
83,3983,2975.43862681286,89,6
63,4183,1954.41630302319,72,9
91,8272,6931.02049827664,91,0
66,8178,4169.64617541618,92,26
1,4611,223.32354474778,85,84
22,8940,911.103083086461,49,27
42,2578,579.297561376493,66,24
88,9346,7527.54340982189,96,8
37,6123,1132.53011997391,79,42
97,7532,6938.49229734223,97,0
10,7097,455.856459077991,66,56
48,1528,430.467177147269,77,29
15,3370,261.350009049854,45,30
63,5126,2395.01266299232,80,17
10,5431,348.845488129149,73,63
42,7347,1650.93063748374,90,48
47,7453,2023.42924292107,80,33
65,2561,1269.06350746114,85,20
34,5196,853.620054693967,91,57
15,5287,410.017061675542,90,75
57,3909,1510.6054080998,67,10
44,6217,1507.99315120808,78,34
14,2118,158.089270511228,59,45
45,2024,509.870331154377,69,24
87,8460,6719.73688995752,87,0
92,5398,4581.8108583835,93,1
1,7575,366.878302204389,54,53
86,5177,4053.11247119632,89,3
43,5386,1257.58079415651,80,37
37,4069,752.615557434894,74,37
96,8197,7406.81942512706,97,1
56,6442,2407.62145111885,88,32
97,6093,5612.88284223396,99,2
5,9669,522.332053214408,82,77
95,9920,8793.62732120305,95,0
77,9751,6513.17631759777,85,8
61,4643,2040.69488021413,89,28
57,7869,3040.91940556084,65,8
81,2343,1690.89747835339,85,4
5,4149,224.134418118376,74,69
8,9464,565.561545355829,77,69
26,6456,771.158895199415,83,57
75,9426,6031.60939857773,80,5
5,4928,266.217019158196,83,78
35,1522,260.144887395637,38,3
24,4647,512.621745386737,91,67
45,5865,1477.46516414052,71,26
94,7601,6631.39540448001,96,2
82,6369,4678.00369501544,82,0
83,9257,6915.29886226629,88,5
33,9993,1577.75176002815,69,36
55,7885,2848.73430917274,76,21
71,9399,5473.50102988643,79,8
31,4389,639.943413069723,76,45
16,4601,370.807809009694,88,72
93,7409,6372.88243364985,94,1
98,6601,6189.37229829492,98,0
84,9414,7147.90421918373,87,3
71,4534,2640.37170651187,72,1
39,7132,1426.7185385199,60,21
80,4574,3241.13452495469,86,6
60,1558,663.608545117272,88,28
85,2038,1571.78931658981,86,1
10,9421,605.132267292342,90,80
57,9477,3662.3196348329,64,7
92,4209,3572.59020061804,92,0
94,3135,2735.09072398959,97,3
99,5482,5220.95238095238,99,0
23,4920,521.644672348487,88,65
26,6943,829.330267870126,71,45
4,3308,173.292291202377,69,65
63,4329,2022.63164613612,90,27
88,2782,2240.70466147277,90,2
73,8424,5149.50862119742,78,5
35,7576,1294.91305315989,76,41
53,7743,2610.69993300457,78,25
34,2680,440.28132151267,79,45
82,3041,2233.60170145109,83,1
17,5408,453.030528129408,78,61
65,4656,2307.20800106953,82,17
71,1352,787.336247729168,90,19
52,7717,2511.98627803601,79,27
36,6504,1156.51952169671,75,39
32,6215,943.006802321745,87,55
48,1978,557.240887694566,92,44
4,1289,67.5253214509868,90,86
22,4574,466.15050358361,59,37
68,3335,1796.74589715376,79,11
84,6629,5033.29690556288,93,9
53,4886,1647.40796495678,79,26
30,1480,207.359426378802,85,55
24,4230,466.621472559909,88,64
67,9856,5167.25201486014,76,9
35,7934,1356.10350630551,80,45
70,5139,2918.00723886251,83,13
28,9820,1270.37554964256,66,38
65,3448,1708.60248876455,92,27
46,3746,979.78154271886,89,43
74,8917,5578.87790642955,76,2
17,9744,816.259146836715,55,38
8,4958,296.286363258051,86,78
28,5408,699.6121153225,85,57
67,5851,3067.5316090652,75,8
10,6929,445.065436797435,80,70
60,8173,3481.17627679298,62,2
95,5765,5110.40942608221,96,1
16,1831,147.56555059699,79,63
99,9038,8607.61904761905,99,0
47,3722,1010.49290784278,82,35
89,9831,8025.55747650986,97,8
59,9928,4095.82809726601,93,34
71,2515,1464.60847857904,76,5
89,1856,1515.14949409036,91,2
14,3058,228.251647414228,63,49
48,6579,1853.43164820149,50,2
96,6499,5872.50450700266,96,0
20,5848,550.80220989304,83,63
68,6665,3590.79802234778,73,5
97,2705,2491.85099101311,97,0
84,5084,3860.20236353623,86,2
77,3357,2242.30672732804,81,4
58,8064,3220.65299752003,94,36
94,3386,2954.07246935526,99,5
38,2186,420.520897343142,87,49
69,3591,1986.82029558252,70,1
8,1657,99.0210778375537,71,63
86,6865,5374.6604432611,86,0
55,2902,1048.44983706015,75,20
35,4935,843.505268920808,85,50
80,7864,5572.42717626665,90,10
51,5965,1873.82526622923,54,3
64,4621,2224.16006844911,82,18
21,3497,342.589518432341,81,60
40,2886,600.252472713307,87,47
44,2936,712.155041329727,63,19
87,6267,4977.8476464969,88,1
18,4353,379.110045233129,27,9
66,6891,3513.45460929236,76,10
18,4369,380.503511974165,80,62
1,6253,302.850168143108,56,55
88,6126,4934.06066002235,97,9
79,5033,3499.30112720835,79,0
5,6749,364.589825953463,76,71
81,7417,5352.70448013107,85,4
30,3100,434.333933631274,45,15
44,3716,901.351544135308,79,35
53,5941,2003.12130982567,81,28
77,3577,2389.25563409366,80,3
37,8394,1552.58171273249,85,48
15,4817,373.567653885206,89,74
17,9545,799.588829695858,85,68
1,5390,261.052679720351,33,32
99,1785,1700,99,0
79,3913,2720.59712115364,84,5
44,6131,1487.13302397567,80,36
64,3014,1450.68566247687,71,7
61,7366,3237.50990472911,92,31
95,6504,5765.49920333716,97,2
41,6678,1443.83765419307,63,22
87,2979,2366.20522401696,88,1
5,4221,228.023952489194,84,79
3,4159,211.701519703504,82,79
48,2678,754.444437434807,79,31
77,7715,5153.23098043963,78,1
60,1039,442.547675466525,77,17
96,5822,5260.76646249723,97,1
54,2744,957.912872124141,65,11
2,2384,118.200848052339,74,72
53,6504,2192.94748343817,64,11
56,4973,1858.60004290811,78,22
18,3116,271.377647816777,69,51
10,7296,468.638681898411,67,57
54,5500,1920.01486759576,90,36
14,7014,523.53075701877,79,65
49,4142,1210.45079311086,72,23
39,9267,1853.81389462477,57,18
11,9095,606.186511518847,81,70
81,6667,4811.44408373114,84,3
1,5525,267.591104908152,87,86
43,8335,1946.14480491915,70,27
99,4754,4527.61904761905,99,0
30,2255,315.94290978662,64,34
62,4963,2249.6815892338,79,17
25,9111,1045.79223187786,83,58
27,9244,1149.10936769933,76,49
96,2355,2127.98093768138,97,1
83,8338,6228.77410754849,86,3
28,2486,321.604237923767,87,59
65,9781,4846.82161908528,71,6
63,1540,719.531701328166,76,13
54,9990,3487.44518677849,57,3
47,2198,596.739229295654,68,21
67,1823,955.752883836245,68,1
74,4620,2890.48064682119,77,3
31,9449,1377.72278653356,45,14
37,3258,602.610343112038,42,5
75,2343,1499.26382568084,78,3
78,3182,2169.21784578455,82,4
68,2409,1297.85933020792,82,14
21,6935,679.399002095593,82,61
38,4237,815.071839909832,76,38
71,6310,3674.62405559989,79,8
64,8089,3893.36308021745,77,13
31,3992,582.058351554872,81,50
14,4044,301.847502335886,89,75
44,5026,1219.10464500109,85,41
43,3960,924.623086680244,86,43
15,6183,479.503592271586,57,42
22,7948,810.005291316688,45,23
52,7632,2484.31764597264,71,19
89,1753,1431.06522798513,91,2
7,5173,298.536792361128,52,45
35,8864,1515.06194604135,88,53
11,7331,488.61498800931,70,59
78,3601,2454.85652503776,89,11
22,3657,372.696194054495,55,33
90,6616,5472.32004779199,90,0
84,5653,4292.23524017905,98,14
89,6702,5471.19176152671,96,7
58,5853,2337.60937431607,73,15
79,1598,1111.04375149592,94,15
96,8193,7403.20502013737,97,1
4,1958,102.571434756425,84,80
34,6521,1071.29645432243,80,46
28,4093,529.495633878512,84,56
91,4818,4036.95076894304,92,1
56,7974,2980.18836560411,67,11
73,2960,1809.41898370659,83,10
96,2288,2067.43965410403,99,3
22,3982,405.817950430681,74,52
18,9095,792.098750607698,87,69
57,2875,1111.02341987386,61,4
74,7408,4634.77935750029,84,10
17,6184,518.036387934959,76,59
37,8157,1508.74541705491,89,52
60,2088,889.354712583353,71,11
85,2399,1850.20734568153,91,6
90,4492,3715.48694901476,91,1
40,7142,1485.44808042912,88,48
84,4430,3363.63030496961,96,12
87,5134,4077.91125213261,88,1
78,3485,2375.77755894379,81,3
3,2176,110.762805211547,75,72
13,6284,451.525499443735,81,68
22,3380,344.466266312331,86,64
15,1215,94.2255967345912,63,48
90,3800,3143.11006372575,91,1
39,3364,672.950247277192,70,31
97,2443,2250.4961075952,99,2
78,7558,5152.40367015701,85,7
54,4725,1649.46731807091,62,8
17,8030,672.676616286824,70,53
30,5330,746.774150404739,89,59
90,9795,8101.77975636677,90,0
59,5684,2344.95234738719,79,20
35,2655,453.80070698779,80,45
34,6554,1076.71782880374,50,16
17,3770,315.814550859443,72,55
69,4428,2449.91374793634,81,12
7,2405,138.793927243092,74,67
46,1163,304.18738232302,84,38
41,8670,1874.52417817519,57,16
74,6187,3870.86661512612,76,2
11,9954,663.439311232392,70,59
42,9500,2134.72724324154,43,1
38,5166,993.783602778898,77,39
12,6340,438.676286064446,91,79
6,3840,214.260569597384,78,72
31,8049,1173.59410612855,86,55
90,8433,6975.22293878928,91,1
68,3029,1631.88705321702,72,4
80,6226,4411.74104774112,87,7
21,4825,472.68928408237,90,69
25,5858,672.401590861649,78,53
42,4711,1058.60000451693,71,29
1,8414,407.513403927093,51,50
37,4241,784.429240373896,69,32
67,8773,4599.4624519448,70,3
2,5126,254.151655669584,83,81
2,5462,270.810835596424,84,82
83,6965,5203.09566551634,86,3
39,3830,766.171060366125,82,43
98,4857,4554.12532234789,98,0
79,4034,2804.72496466491,79,0
12,2183,151.045793766354,64,52
26,5438,649.560420088974,85,59
89,8272,6752.86455555789,94,5
12,2688,185.987674596409,78,66
6,6658,371.496581348797,71,65
75,1044,668.045853184293,87,12
48,4527,1275.34352810581,88,40
19,5750,520.743455983723,74,55
16,8289,668.034324903577,68,52
84,3611,2741.7763050215,86,2
15,5144,398.927135475504,86,71
85,3336,2572.86023559549,93,8
16,1747,140.795749258843,78,62
93,2385,2051.46775600687,93,0
95,1606,1423.64571349315,98,3
95,3534,3132.72973317859,99,4
27,2710,336.876502213888,70,43
68,2116,1140.00429336653,86,18
49,9527,2784.15371945126,75,26
59,8976,3703.07745780215,71,12
72,2558,1526.73836656542,76,4
65,2012,997.015141355648,68,3
10,2388,153.386673845039,89,79
91,2551,2137.45566865374,92,1
44,2369,574.623737367208,80,36
7,9929,573.008275923766,87,80
57,8980,3470.25749929297,89,32
94,7348,6410.66878464928,98,4
36,2119,376.793491155492,83,47
59,5966,2461.29234773258,87,28
73,2586,1580.79644995448,82,9
93,5426,4667.19666419005,94,1
48,4622,1302.10686699913,80,32
67,5807,3044.46351971315,69,2
4,7661,401.32776387588,43,39
52,7344,2390.56981027556,85,33
51,7025,2206.81014170332,63,12
54,6890,2405.25498867906,66,12
27,2670,331.904155317742,60,33
65,4878,2417.21662998651,70,5
38,1954,375.891049134721,92,54
14,3348,249.897487097069,46,32
92,9545,8101.7755915655,95,3
8,5176,309.313879835352,19,11
98,2500,2344.10403662132,99,1
75,9471,6060.40447845636,97,22
12,2138,147.932160821102,77,65
96,3006,2716.22534975381,96,0
17,8362,700.48840166755,65,48
27,6168,766.735891385706,77,50
21,7137,699.188273677901,69,48
33,1248,197.04134859553,41,8
73,2980,1821.64478765056,77,4
69,3239,1792.06653784232,86,17
6,2510,140.050528564957,72,66
7,4528,261.313472996557,84,77
39,4477,895.599957508915,40,1
22,4490,457.589803474072,90,68
85,3828,2952.31084588115,90,5
87,5872,4664.10106593742,88,1
33,2720,429.449093092822,34,1
65,5199,2576.28316098808,86,21
54,6554,2287.95953494957,70,16
83,4311,3220.46596037917,86,3
34,1666,273.697269268697,71,37
98,5466,5125.14906566884,99,1
97,2918,2688.06698402079,98,1
27,2037,253.216765686233,67,40
61,7152,3143.45246247931,86,25
73,4112,2513.62529087889,85,12
71,2477,1442.47920534405,77,6
41,1037,224.20779386017,49,8
81,8294,5985.61830365472,81,0
13,1957,140.616709486217,87,74
36,1038,184.573687503257,84,48
0,2495,161.257272034835,70,70
40,8275,1721.09813295309,49,9
75,3024,1935.02936784416,76,1
24,4805,530.051105354696,55,31
90,8399,6947.10037506121,91,1
13,8769,630.080697743811,85,72
24,7097,782.887137294959,80,56
26,2666,318.449444640898,55,29
7,4541,262.063710441114,75,68
43,2969,693.233824331729,67,24
74,3803,2379.32854975346,75,1
60,1771,754.332948268735,83,23
18,7485,651.881159790942,80,62
27,9298,1155.82203600913,29,2
17,3153,264.128190678998,89,72
20,6267,590.266321716771,79,59
45,1287,324.211025788381,65,20
1,2462,119.241502313822,67,66
13,5265,378.307090160927,82,69
83,4386,3276.49355189586,87,4
82,2872,2109.4719127154,93,11
2,5300,262.77873098884,82,80
10,4104,263.609258567856,79,69
36,4646,826.13617739897,84,48
37,8349,1544.25836545194,82,45
81,2709,1955.03255179656,88,7
21,7434,728.284380905355,87,66
72,4542,2710.88571577019,80,8
51,6260,1966.49558534702,69,18
80,7642,5415.11806727235,96,16
42,6219,1397.45986586517,85,43
56,4871,1820.47874703507,88,32
70,5540,3145.70151844684,87,17
44,5997,1454.63003503214,88,44
50,8152,2470.42085848893,65,15
50,5985,1813.7228702228,87,37
91,3167,2653.59549299349,91,0
36,4193,745.585232852751,54,18
62,3001,1360.32529705634,62,0
24,9811,1082.27500408635,85,61
7,3809,219.819571255275,89,82
54,3456,1206.46752407472,86,32
83,4707,3516.29164358728,86,3
94,8612,7513.42944657044,98,4
62,6344,2875.67600284087,66,4
11,1826,121.70385596849,53,42
47,1198,325.247314238487,73,26
79,5193,3610.54455664474,87,8
23,8067,855.306417039684,86,63
56,9207,3441.00755983409,73,17
61,4402,1934.77037749356,89,28
26,5155,615.756521801887,89,63
56,1837,686.55706390955,81,25
89,6589,5378.94397444039,91,2
84,9760,7410.61665383824,94,10
69,9814,5429.86755244969,78,9
74,2314,1447.74290405719,76,2
78,7478,5097.86645216117,88,10
14,9902,739.093463929264,84,70
17,1382,115.770745169165,77,60
72,4125,2461.99990699076,79,7
75,7654,4897.72314202354,85,10
79,8212,5709.56901582256,79,0
40,3121,649.129579812277,62,22
84,3483,2644.5878898892,90,6
4,9704,508.351993297421,85,81
24,8458,933.022320310098,89,65
40,2977,619.179352483547,88,48
93,2077,1786.54026382653,94,1
69,4211,2329.85248251127,82,13
93,2864,2463.48161559903,99,6
53,8806,2969.11063025161,91,38
55,8643,3122.58853952822,71,16
99,3365,3204.7619047619,99,0
8,1295,77.3882292091926,70,62
56,7191,2687.5513590493,85,29
31,6852,999.06408438226,89,58
94,2366,2064.18649217204,98,4
99,7013,6679.04761904762,99,0
62,6719,3045.66000363931,67,5
41,3752,811.212770070742,83,42
57,7102,2744.51767928493,60,3
25,3585,411.498754393823,65,40
22,9702,988.760862651548,62,40
15,5412,419.711053109142,82,67
45,2992,753.721359097774,79,34
95,5229,4635.26988533979,95,0
31,9480,1382.24277874253,78,47
54,1656,578.09902195247,72,18
1,4464,216.203926209953,70,69
73,4514,2759.36395015256,83,10
76,5124,3351.09841973728,85,9
63,2489,1162.93143156221,78,15
57,5413,2091.81557279207,77,20
43,7956,1857.65183778485,90,47
29,1270,170.98207846369,73,44
75,3875,2479.57632288231,75,0
65,1884,933.586742700815,75,10
68,2711,1460.56315657687,76,8
22,9825,1001.29617352623,88,66
96,6988,6314.36551699255,99,3
77,4022,2686.49319550592,84,7
98,2968,2782.92031227683,98,0
26,3017,360.375834389194,77,51
53,3271,1102.8799536172,75,22
88,2993,2410.65027023292,91,3
76,2523,1650.04319145144,95,19
82,7109,5221.53058060367,83,1
94,3596,3137.2842881871,95,1
43,5104,1191.73642283231,67,24
68,1230,662.66790209869,72,4
93,3033,2608.84767462006,95,2
99,5187,4940,99,0
49,2083,608.732255444209,79,30
49,6661,1946.5989215141,85,36
7,3465,199.967134260837,90,83
65,7168,3551.99032467062,84,19
98,1679,1574.30027099488,98,0
2,6400,317.317712892184,10,8
41,4124,891.642181175837,59,18
24,6962,767.994962638792,62,38
1,4703,227.779360431319,78,77
63,2154,1006.40992510446,64,1
77,3676,2455.38264213818,92,15
59,8890,3667.59788322873,82,23
22,3115,317.459295728672,79,57
31,4341,632.944715455836,76,45
36,6184,1099.61819221593,52,16
39,5301,1060.43676005244,41,2
32,4578,694.6235142444,43,11
90,5835,4826.32821627362,99,9
14,5187,387.161967016875,86,72
40,4198,873.132321708408,92,52
96,7585,6853.81546170413,98,2
30,6348,889.403809900428,77,47
62,4703,2131.82601534688,79,17
64,6811,3278.24155511943,80,16
47,1886,512.033751797818,88,41
88,5596,4507.18306455845,98,10
43,9703,2265.56005304505,66,23
62,4162,1886.59576352833,82,20
71,3746,2181.48046153363,71,0
77,2848,1902.32039303851,77,0
44,9435,2288.55000509059,64,20
79,3961,2753.97014998456,83,4
23,9380,994.517688339188,83,60
50,1833,555.481039451694,87,37
46,3316,867.313293020752,51,5
68,3871,2085.51825123905,93,25
40,8271,1720.26618219396,82,42
16,5117,412.393731515455,90,74
92,7513,6377.01833624218,93,1
98,7805,7318.29280233175,98,0
91,1312,1099.31079469765,91,0
48,1891,532.731303655422,89,41
11,6468,431.095586201639,73,62
39,8196,1639.56606025085,62,23
45,7713,1942.99894475974,76,31
87,6678,5304.30294930689,90,3
56,2211,826.335148777362,78,22
87,3079,2445.63473808265,93,6
18,9954,866.910496267073,82,64
64,8602,4140.27805860187,93,29
72,2508,1496.89594345038,90,18
54,9866,3444.15757885451,75,21
18,6209,540.752187193315,69,51
14,3919,292.517399024317,76,62
46,8478,2217.45539753617,78,32
10,1750,112.40648208912,83,73
15,8175,633.987039757435,55,40
84,7446,5653.63233652454,90,6
70,6664,3783.92688067324,82,12
7,5421,312.849014380374,44,37
63,3650,1705.38357782325,72,9
62,6751,3060.16530504078,90,28
56,4117,1538.68014813044,86,30
41,8122,1756.04214246124,58,17
10,9103,584.706403689862,86,76
95,3935,3488.19793436835,96,1
99,8559,8151.42857142857,99,0
11,8237,549.000362328834,43,32
79,7785,5412.6881135142,85,6
28,3084,398.965192983467,67,39
15,8638,669.893584027489,81,66
63,3432,1603.52779153134,82,19
81,1772,1278.81789656091,90,9
48,2770,780.36261825781,67,19
90,8089,6690.68876459937,91,1
60,8423,3587.66031805057,90,30
59,6323,2608.57383753153,78,19
40,9963,2072.18135330654,90,50
50,3751,1136.72088324239,78,28
74,1962,1227.51580715653,75,1
10,2687,172.592124213409,61,51
78,2587,1763.59728694048,80,2
70,7106,4034.90162275871,90,20
11,7269,484.482655550357,83,72
37,7978,1475.6369912056,79,42
49,5652,1651.73053661578,81,32
6,2257,125.933881661796,64,58
94,9210,8035.14691162491,95,1
94,1209,1054.77661413187,98,4
87,4211,3344.77683730628,90,3
5,5366,289.878353247338,62,57
15,7235,561.088224176763,82,67
74,7233,4525.29145421161,89,15
2,2884,142.991294372041,35,33
1,4471,216.542955664135,71,70
93,1436,1235.18142458108,96,3
4,3648,191.103469862839,82,78
27,2128,264.528854874965,88,61
30,7317,1025.16819109033,79,49
87,8347,6629.98153906328,87,0
62,4608,2088.76340181128,85,23
32,4025,610.716392493165,76,44
20,7873,741.529719303676,66,46
30,5801,812.764886772587,49,19
4,5687,297.918156006022,90,86
41,3260,704.838387641423,81,40
88,5926,4772.97477494163,94,6
14,6309,470.90897434152,72,58
94,5510,4807.12915125442,95,1
22,5882,599.452833860689,55,33
64,5911,2845.05738251519,70,6
59,6476,2671.69447601679,73,14
24,3194,352.337821124433,52,28
39,1156,231.251630752804,82,43
34,1237,203.219401011631,72,38
87,5344,4244.71323167056,94,7
41,1938,419.01128688622,46,5
40,8815,1833.41148543583,78,38
67,4264,2235.50756811725,75,8
57,9491,3667.72983583402,78,21
40,2770,576.125900698497,89,49
39,9900,1980.44216648163,72,33
40,5325,1107.53444809368,85,45
96,6505,5877.9261144872,96,0
21,3998,391.670830624107,73,52
91,5965,4998.00982497826,91,0
57,7004,2706.64627227705,69,12
17,2754,230.703785959392,62,45
12,6573,454.79798553653,46,34
6,1490,83.1375647656515,86,80
53,7454,2513.2580783438,78,25
93,1699,1461.40197796884,94,1
21,5323,521.476696201131,89,68
1,3792,183.657098608454,48,47
82,3932,2888.03745153097,82,0
39,2787,557.524476564071,72,33
96,5471,4943.60242465172,98,2
26,1237,147.757675551685,68,42
62,8864,4017.96848820641,65,3
73,2249,1374.79165349869,84,11
99,5490,5228.57142857143,99,0
38,7373,1418.34427086504,83,45
47,5882,1596.91544436626,86,39
0,3683,238.040293749217,71,71
15,1959,151.924233747378,70,55
22,8596,876.044977875975,31,9
69,7446,4119.70590947018,81,12
71,1959,1140.82227019337,71,0
27,2594,322.456696215065,84,57
8,5230,312.5408793545,90,82
39,8950,1790.39973636471,76,37
1,1286,62.2845540112005,77,76
30,9629,1349.09724094695,78,48
18,6654,579.507980928381,23,5
1,6139,297.328831317854,77,76
30,1926,269.847469733495,83,53
83,4591,3429.6356353748,84,1
10,1821,116.966973648164,80,70
19,3456,312.989458066043,82,63
64,3264,1571.01459931138,66,2
11,7896,526.272533804598,62,51
47,5596,1519.26875665991,74,27
66,5358,2731.8371494106,83,17
2,6221,308.442733109731,71,69
71,5819,3388.69055143198,90,19
84,8652,6569.32943534922,86,2
85,4128,3183.68316922607,89,4
10,7329,470.758346989234,78,68
3,1181,60.1152908799803,84,81
61,7271,3195.75543270233,87,26
24,6799,750.01404064653,67,43
56,6288,2350.06576911445,74,18
24,5244,578.478251088455,75,51
6,4131,230.497503387185,79,73
85,2216,1709.07022844113,96,11
85,9816,7570.50241984571,97,12
48,3511,989.116661625694,79,31
60,4844,2063.23478340698,63,3
54,1262,440.556138710155,84,30
0,4255,275.009896796883,85,85
69,2483,1373.78858087758,70,1
57,4354,1682.57251134984,66,9
33,9522,1503.38759721686,68,35
17,9389,786.520641384433,70,53
99,8227,7835.23809523809,99,0
89,5336,4356.05479550978,92,3
47,6422,1743.52107849713,89,42
18,5074,441.903140251068,87,69
81,8481,6120.57256249044,90,9
18,4245,369.704144731136,88,70
87,1361,1081.03568643406,87,0
18,1064,92.6655382788995,46,28
44,1971,478.085009012565,92,48
61,1965,863.658289817093,80,19
18,9397,818.400435344754,82,64
35,4789,818.550503112816,81,46
85,6753,5208.1909984941,86,1
27,7492,931.320573648137,57,30
76,1545,1010.43072960462,80,4
61,7382,3244.54223685994,70,9
24,7878,869.041125491008,74,50
95,1897,1681.60393430667,99,4
20,2045,192.611237898643,26,6
31,1168,170.301641937898,87,56
68,2442,1315.63822514228,83,15
20,8806,829.40565326917,71,51
8,7619,455.305728451612,82,74
89,1476,1204.93569680893,94,5
73,4364,2667.67042057283,74,1
98,4010,3759.94287474059,99,1
55,5688,2054.99058345904,77,22
92,3444,2923.25983628618,92,0
34,8528,1401.01459323136,58,24
15,4965,385.045339742589,86,71
57,5372,2075.97141271735,87,30
36,2104,374.126241336081,75,39
95,9750,8642.9300788034,97,2
45,4657,1173.15520364918,87,42
54,3889,1357.62505819635,64,10
37,9440,1746.05329618712,78,41
7,1718,99.1467638268738,76,69
45,4223,1063.82530062497,85,40
22,5663,577.133865717967,23,1
5,2605,140.725514388616,90,85
38,3512,675.603564258516,89,51
38,3885,747.357587455676,79,41
19,3398,307.736741466555,87,68
9,9875,611.569987648038,87,78
97,4999,4605.08802368744,99,2
46,2107,551.094423520725,65,19
12,2436,168.551330102995,69,57
85,5059,3901.70861267313,91,6
65,2585,1280.95633220892,92,27
56,1174,438.768640734791,80,24
61,2707,1189.78269238416,79,18
45,6973,1756.58390273689,74,29
61,6502,2857.7639696645,80,19
47,4287,1163.88583985008,48,1
54,2591,904.501549443749,55,1
86,5757,4507.19885970199,91,5
19,5339,483.5216193908,86,67
30,5900,826.635551104683,91,61
61,3238,1423.16821497595,80,19
89,7141,5829.57033259657,90,1
29,5946,800.519242948897,71,42
69,4802,2656.8396155353,70,1
71,6954,4049.65700200343,80,9
62,2964,1343.5535423109,63,1
64,2241,1078.62858978456,81,17
24,9915,1093.74749419184,59,35
83,4094,3058.35946225756,94,11
28,7821,1011.77262461858,70,42
89,3990,3257.24487145502,99,10
74,6707,4196.20209918392,77,3
77,1519,1014.61540625895,84,7
87,6463,5133.52949406565,88,1
35,5085,869.143726942717,83,48
67,2261,1185.38522784078,79,12
44,6674,1618.84289708263,76,32
22,7358,749.876564356843,89,67
44,2866,695.175868001021,74,30
25,6668,765.376204825107,71,46
22,8199,835.585478548757,58,36
10,4149,266.499710964433,80,70
64,9314,4482.97487070656,70,6
91,3238,2713.08563508459,92,1
55,1028,371.401251722204,68,13
67,6522,3419.31997168403,74,7
47,2103,570.947497365224,69,22
24,6509,718.023443236986,72,48
69,7194,3980.27992381527,88,19
30,1005,140.808259128849,46,16
33,4441,701.170375891626,78,45
91,8422,7056.70389706067,93,2
26,6780,809.860178043995,68,42
20,2797,263.43942904768,77,57
47,3406,924.701462684713,63,16
7,4582,264.429843920102,83,76
67,1701,891.791363360095,74,7
33,9775,1543.33267830233,88,55
87,1094,868.958883878667,97,10
86,2512,1966.66380676939,91,5
88,2140,1723.61897036367,90,2
15,2623,203.418716242661,78,63
60,5572,2373.31631154906,72,12
61,7212,3169.82370796991,81,20
93,3188,2742.17157490562,97,4
88,4468,3598.65867270321,91,3
76,9278,6067.81638140564,78,2
66,4779,2436.62742385839,85,19
91,7201,6033.64103095866,94,3
53,5882,1983.22833603679,79,26
71,3501,2038.8048840975,76,5
12,7732,534.991331837586,70,58
74,3866,2418.74419493738,77,3
89,3477,2838.45624512509,96,7
97,5953,5483.91458391905,98,1
22,7573,771.787880113397,65,43
22,4962,505.692785041948,67,45
6,6499,362.624854638905,8,2
89,5366,4380.54535845305,93,4
43,2170,506.674772246497,90,47
91,1811,1517.41756798585,93,2
7,4672,269.623795459345,79,72
95,8966,7947.9498550309,96,1
46,5489,1435.67028509979,79,33
59,9760,4026.51916089004,81,22
93,8184,7039.50193507766,93,0
47,7045,1912.66054157775,87,40
66,4900,2498.32064802388,79,13
65,2161,1070.84976166479,73,8
42,4301,966.469670861247,46,4
24,2764,304.903487034418,82,58
11,2543,169.492281340564,41,30
47,4777,1296.91687822809,58,11
55,2282,824.452973181002,81,26
12,6661,460.886867740579,54,42
34,5567,914.569446589937,92,58
8,1479,88.3839312744369,58,50
17,5812,486.873785038484,84,67
45,1805,454.701555204372,49,4
78,4522,3082.71624721487,84,6
14,7130,532.189092891906,61,47
79,6057,4211.25907560123,94,15
48,1264,356.093266959521,91,43
35,4460,762.316818518096,53,18
41,8265,1786.95989995594,84,43
54,9518,3322.67300177754,79,25
47,1758,477.282786670501,86,39
92,1589,1348.73980251415,94,2
63,4578,2138.97151213009,80,17
33,8797,1388.9204676241,55,22
12,5622,388.996542626863,90,78
0,6756,436.654961870679,75,75
2,6386,316.623580395233,87,85
11,7977,531.671226210648,87,76
28,4988,645.278334176891,84,56
13,6651,477.895623297307,67,54
54,8267,2885.95689280258,78,24
90,2812,2325.90144715706,94,4
15,2683,208.071832130789,73,58
92,7425,6302.32412439747,95,3
26,3198,381.995995484468,67,41
29,3669,493.963185734864,76,47
50,3009,911.861673600736,81,31
39,3266,653.345870275657,50,11
92,5920,5024.88334228054,94,2
4,1439,75.3831943894259,68,64
1,4432,214.654077276548,82,81
93,8437,7257.12094651152,97,4
41,1169,252.747262316817,63,22
98,6092,5712.11271643882,99,1
41,3683,796.294411559313,73,32
34,6269,1029.89686737423,81,47
85,2253,1737.60614832033,86,1
44,5528,1340.86957372981,86,42
7,8731,503.871009879182,59,52
59,4266,1759.95192011853,80,21
66,5240,2671.67350931533,67,1
84,7571,5748.54289817718,91,7
43,5284,1233.76474495414,58,15
69,1687,933.379515078727,88,19
69,4114,2276.18454358855,89,20
57,6575,2540.86225588544,83,26
37,2127,393.416881460806,73,36
3,4056,206.458611184759,77,74
82,6586,4837.38928173524,85,3
58,3314,1323.56696847488,73,15
70,3469,1969.75425405994,74,4
37,2913,538.798013961132,67,30
29,1029,138.535873022942,64,35
49,6401,1870.61697892385,77,28
97,2650,2441.18488953225,97,0
38,3374,649.05649937592,83,45
41,4644,1004.07039024747,66,25
17,8886,744.384111123876,89,72
50,4476,1356.42833201625,87,37
35,6399,1093.73661921464,84,49
1,5366,259.890293020297,67,66
17,4006,335.584374202368,77,60
79,5277,3668.94735709884,88,9
14,6270,467.99798210831,85,71
1,4116,199.349319059177,74,73
2,6737,334.026473711663,55,53
74,1764,1103.63806514991,78,4
92,5254,4459.58396627398,94,2
95,5767,5112.18233481633,99,4
55,2910,1051.34011917472,78,23
46,2691,703.841999854899,64,18
22,3404,346.912180629341,50,28
61,3430,1507.55620054587,90,29
44,8587,2082.85944819427,63,19
93,8215,7066.16671513477,95,2
76,1371,896.63464743556,78,2
16,1449,116.779073083036,22,6
78,5493,3744.66173063938,79,1
42,5881,1321.50851763194,88,46
96,5940,5367.39140969315,99,3
77,6401,4275.54523730318,91,14
45,9437,2377.29561022918,60,15
35,2441,417.2231735432,92,57
54,3445,1202.62749433953,69,15
84,6715,5098.59537197989,85,1
78,5463,3724.21027389094,81,3
2,7962,394.763067194933,54,52
97,6273,5778.69917435313,97,0
75,6645,4252.07346207819,87,12
42,8075,1814.51815675531,75,33
20,3356,316.089640287456,89,69
17,2290,191.834302776691,85,68
48,8080,2276.29240271592,88,40
79,5864,4077.07168884358,90,11
53,6804,2294.09819761889,54,1
81,9297,6709.46387377357,87,6
78,4908,3345.8583240448,80,2
50,8528,2584.36568709441,58,8
94,8495,7411.35429036413,95,1
67,3347,1754.74761503012,72,5
56,3983,1488.59923002272,81,25
21,9323,913.34346020724,81,60
51,2622,823.666361785923,89,38
41,5675,1226.98093554143,71,30
6,4201,234.403295020471,82,76
82,4869,3576.26000801228,85,3
49,1537,449.17017600468,82,33
67,8368,4387.1311749543,85,18
32,6108,926.771608782175,61,29
35,3185,544.389925331869,61,26
4,6860,359.366722384616,90,86
99,8057,7673.33333333333,99,0
9,9411,582.833939620829,80,71
16,3552,286.26588515593,77,61
26,2116,252.752822528185,68,42
31,7291,1063.07300630926,75,44
95,1438,1274.72137982762,96,1
11,4251,283.331375532339,38,27
7,7099,409.687355300918,57,50
96,8370,7563.14244093126,97,1
91,9995,8374.70380564253,97,6
90,1660,1373.04281731178,97,7
91,2165,1814.03038911616,92,1
39,4696,939.409738767448,86,47
76,4217,2757.91999141922,93,17
31,2542,370.639361135392,88,57
97,3297,3037.20248331616,97,0
33,5449,860.319157449554,59,26
9,2756,170.682216299544,78,69
14,2042,152.416567697794,71,57
98,6734,6314.07863304317,99,1
59,3392,1399.38042968637,66,7
39,2698,539.720501532064,65,26
61,3978,1748.41357602666,79,18
79,4206,2924.31165130902,89,10
25,8537,979.906517785234,90,65
17,5687,476.402480301765,24,7
47,1787,485.156052207159,83,36
34,2374,390.010394504133,59,25
23,2944,312.138600689826,80,57
23,3832,406.289102528334,82,59
30,1327,185.922945138291,57,27
21,7656,750.032986307694,86,65
38,4539,873.167590594932,82,44
92,2407,2043.05645352521,94,2
17,4805,402.516954079476,83,66
16,5017,404.334444208137,70,54
70,7332,4163.22807459426,88,18
73,7374,4507.65391413933,77,4
34,7512,1234.10197283701,72,38
84,5689,4319.56948193501,85,1
2,8700,431.353765962813,27,25
5,1835,99.1291051451482,88,83
64,1174,565.064687374866,67,3
41,2246,485.603379951729,58,17
53,6879,2319.38587616408,83,30
7,7224,416.901176883199,85,78
48,6764,1905.54972920427,91,43
23,6550,694.4659763989,78,55
96,9551,8630.29551413793,98,2
5,7800,421.366223505262,77,72
10,9640,619.199135622352,89,79
99,1703,1621.90476190476,99,0
86,4253,3329.7058798528,86,0
87,5066,4023.89918256794,93,6
8,4344,259.594183540334,63,55
71,1195,695.907408310914,78,7
96,6590,5954.73222051816,99,3
32,3047,462.323688925882,80,48
45,1302,327.989709072628,84,39
51,1137,357.173399447214,82,31
56,6706,2506.28833455495,88,32
43,4271,997.238687679627,84,41
4,6261,327.987616450449,80,76
37,9574,1770.83837475588,77,40
78,2326,1585.66961322905,94,16
11,1131,75.3817421141084,87,76
65,7279,3606.99463912911,91,26
94,7072,6169.87610847029,95,1
48,6376,1796.24261877682,85,37
35,3228,551.739616631483,83,48
23,8222,871.740344725459,80,57
29,2242,301.843952689443,54,25
45,1719,433.03710437469,77,32
95,4226,3746.15615518186,95,0
21,2333,228.556290106564,69,48
1,1983,96.0422010919212,39,38
4,9642,505.104072482866,72,68
21,7013,687.040403993712,70,49
7,3188,183.981305634502,36,29
6,2857,159.412095661387,68,62
46,3731,975.858231682879,69,23
24,3729,411.354957724799,76,52
30,9858,1381.18190894745,68,38
0,7206,465.739439792794,24,24
73,2699,1649.87224223787,78,5
9,4873,301.790435423685,81,72
33,1205,190.25226366796,87,54
58,2332,931.369393628066,92,34
32,9285,1408.82029920473,77,45
77,2114,1412.04540410232,88,11
97,5052,4653.91172147808,97,0
88,2924,2355.07563988008,95,7
18,7233,629.934058619624,42,24
51,6958,2185.76298447996,68,17
20,3279,308.837285608631,74,54
44,8580,2081.1615308614,82,38
22,9913,1010.26452602193,71,49
35,2359,403.20748315789,73,38
88,4922,3964.32363183644,90,2
34,5749,944.469148274753,79,45
84,1040,789.655872949976,84,0
93,2325,1999.85850428343,97,4
14,4021,300.130763326557,91,77
65,6803,3371.12028163145,75,10
50,5590,1694.02019123566,77,27
2,7647,379.145086013521,25,23
66,4103,2091.96114670245,79,13
92,2743,2328.25253511411,94,2
30,9604,1345.59454793379,59,29
32,3159,479.31753636917,81,49
8,2538,151.668977399946,62,54
66,2663,1357.76079299747,89,23
82,9867,7247.26997310683,96,14
5,3505,189.344694023839,84,79
34,8227,1351.56508659878,76,42
6,7660,427.405198728114,86,80
56,5377,2009.59027362093,71,15
47,1961,532.395645427106,85,38
87,4979,3954.79550533079,90,3
50,6239,1890.69623848288,86,36
88,8542,6879.97815179741,89,1
1,3122,151.207136565294,90,89
18,7466,650.226418035962,79,61
41,2450,529.70983120291,69,28
34,3601,591.586954763852,86,52
61,6672,2932.48249855452,67,6
80,7611,5393.15147998035,82,2
86,4908,3842.51033583765,92,6
12,4336,300.015832235873,72,60
68,9966,5369.22627017524,78,10
70,5855,3324.56360839463,72,2
47,4930,1338.45514123184,79,32
88,3258,2624.08906796487,92,4
21,2110,206.709718013223,75,54
51,4322,1357.69870924438,75,24
46,4439,1161.03851258116,64,18
51,8937,2807.4394642566,61,10
38,1815,349.151614216744,79,41
81,6972,5031.55664493377,82,1
28,9479,1226.26169399815,79,51
78,3605,2457.58338593755,83,5
55,6225,2249.00077039953,70,15
89,5599,4570.75539731245,92,3
68,6127,3300.9481594786,89,21
72,2625,1566.72721353957,85,13
80,1995,1413.65618217853,83,3
68,2506,1350.11850622709,76,8
9,9601,594.600855838867,87,78
11,2967,197.752103317913,82,71
78,9492,6470.84091520644,84,6
84,5980,4540.52126946236,87,3
50,2784,843.676603291608,83,33
15,3277,254.137679423255,44,29
94,7175,6259.73714342114,97,3
56,2835,1059.54778235361,77,21
8,6586,393.574422835322,54,46
84,9818,7454.65515444506,84,0
6,9120,508.868852793786,67,61
40,4759,989.813415676587,84,44
78,9058,6174.97650757901,95,17
40,5361,1115.02200492586,66,26
15,1974,153.08751271941,87,72
79,6786,4718.11195097076,83,4
37,9316,1723.11785034737,88,51
53,5461,1841.2801671365,76,23
21,2350,230.221723853589,69,48
50,6095,1847.05779348504,89,39
40,5149,1070.9286146919,53,13
87,4237,3365.42851096336,98,11
29,8724,1174.52571064349,65,36
92,3696,3137.15689747785,95,3
50,7528,2281.32093016495,83,33
97,5784,5328.23147209605,99,2
36,1140,202.710986275253,86,50
27,6144,763.752483248019,72,45
44,3025,733.742847419082,69,25
48,2008,565.692468397719,59,11
77,4785,3196.13872215212,82,5
98,4252,3986.85214548553,99,1
73,6815,4165.94269390555,94,21
48,4418,1244.63611821769,79,31
70,4130,2345.08073487102,85,15
71,4598,2677.64206143396,86,15
62,7330,3322.62060227358,79,17
82,4003,2940.18665271578,88,6
26,2442,291.693002180448,84,58
83,3618,2702.77101476498,85,2
83,2900,2166.4002053119,90,7
82,4152,3049.62652562476,83,1
17,7985,668.906946581606,72,55
32,5771,875.638335671567,60,28
4,8083,423.434579742689,85,81
50,4400,1333.39693048961,68,18
27,3242,403.00871593263,77,50
39,6411,1282.48633629432,81,42
61,5012,2202.87803998131,77,16
2,6819,338.092106908094,67,65
58,8084,3228.64072816865,90,32
63,4149,1938.53053818868,89,26
53,5189,1749.57018627931,68,15
86,7797,6104.33029513573,93,7
52,6488,2111.93040973145,76,24
17,5197,435.354965733827,33,16
60,2870,1222.43679363708,85,25
30,6780,949.930345167754,87,57
56,2581,964.61828086584,81,25
72,2260,1348.87752479978,78,6
98,2156,2021.55532118222,98,0
61,1076,472.924335798062,73,12
68,7766,4183.9666078849,76,8
75,3240,2073.2457512616,81,6
82,1491,1095.13322488115,88,6
72,1648,983.606265871701,89,17
50,1996,604.877334831196,88,38
40,3005,625.003007797467,53,13
27,2793,347.194122023391,68,41
4,7638,400.12289002532,59,55
42,5223,1173.65056752111,66,24
32,6964,1056.65315709873,65,33
6,9313,519.637678296988,65,59
1,1142,55.3102338108795,78,77
52,3639,1184.54296563082,85,33
60,4771,2032.14144335976,73,13
84,5530,4198.84324751285,92,8
65,1222,605.542993407854,68,3
34,1224,201.083708034145,72,38
35,4296,734.285437747475,60,25
62,1293,586.104834753034,80,18
61,4238,1862.68897315259,71,10
60,1507,641.885800700725,72,12
18,4782,416.472372227159,58,40
95,1842,1632.84894411855,98,3
89,1095,893.905547429387,97,8
90,8528,7053.80069038242,91,1
98,4558,4273.77047956798,99,1
77,3420,2284.3875506291,85,8
22,9736,992.22590793398,66,44
51,4908,1541.78280078006,67,16
85,8580,6617.24844766465,89,4
35,1110,189.724589362127,67,32
44,9540,2314.01876508365,83,39
72,5427,3239.09660490639,85,13
10,4885,313.774665717343,88,78
4,1700,89.05589330231,79,75
58,5552,2217.39402805447,92,34
12,7894,546.200410440494,81,69
55,1211,437.516455092986,80,25
56,6584,2460.69227478523,70,14
82,2166,1590.91788403257,88,6
1,7353,356.126225228894,49,48
21,4421,433.110740917753,91,70
40,6438,1339.02474682199,82,42
24,4771,526.300483589439,66,42
29,2433,327.558580237919,48,19
5,4135,223.378119768495,72,67
79,2735,1901.56737192824,94,15
57,3950,1526.44956817452,92,35
74,3207,2006.44403341029,86,12
1,2700,130.76850375602,80,79
36,4315,767.278864717296,72,36
47,3889,1055.83205765732,85,38
83,3563,2661.68411431941,95,12
51,2426,762.095573490713,61,10
45,4943,1245.20209826882,74,29
52,4206,1369.10901715945,82,30
9,2390,148.015419795323,80,71
37,5851,1082.22010974479,78,41
5,4970,268.48591420784,77,72
49,9765,2853.70642074541,71,22
53,5931,1999.74961935298,82,29
30,8047,1127.44682707447,90,60
66,4969,2533.50108163891,79,13
76,9464,6189.46046924153,95,19
19,5619,508.879561595225,90,71
73,5054,3089.46065663957,91,18
64,5207,2506.2110963892,73,9
76,9286,6073.04838518352,76,0
6,5607,312.85390982618,50,44
88,1011,814.289149083023,92,4
29,3667,493.693922619174,90,61
63,3748,1751.17195881686,78,15
73,5031,3075.40098210401,84,11
95,1760,1560.1596860199,96,1
1,8479,410.661534573071,84,83
88,1284,1034.1713822182,94,6
29,5167,695.641259387311,73,44
85,6610,5097.90352436636,97,12
80,2059,1459.00655594265,89,9
19,1354,122.623763374254,77,58
1,3547,171.791067712075,79,78
38,9104,1751.33680210977,39,1
0,4871,314.8233154636,77,77
54,3919,1368.09786656505,68,14
43,5878,1372.45820795618,91,48
2,8764,434.526943091735,28,26
19,2289,207.301177521173,65,46
14,9555,713.193097136348,66,52
51,7690,2415.71103056207,75,24
21,8254,808.617067526607,50,29
37,3422,632.944319867831,83,46
18,2247,195.694985444255,78,60
25,3677,422.058834004487,85,60
48,3384,953.338303315679,85,37
35,1841,314.669341455564,78,43
90,2796,2312.66729952032,91,1
15,3966,307.570960205258,80,65
87,3017,2396.38843936192,90,3
38,7365,1416.805310582,82,44
98,3747,3513.34313008803,98,0
81,2898,2091.43017168934,83,2
19,2742,248.32670544476,83,64
31,7736,1127.956765438,65,34
76,1606,1050.32475841102,90,14
4,8525,446.58911200129,82,78
90,2386,1973.54226632885,91,1
89,3865,3155.2008591914,93,4
4,1668,87.379547075443,64,60
60,3856,1642.409852357,65,5
93,1955,1681.60145198886,93,0
52,6884,2240.83368381494,64,12
19,2797,253.307729806343,68,49
77,6726,4492.62884957057,82,5
30,1620,226.974507252472,67,37
21,7926,776.483992878107,74,53
98,5974,5601.47100591029,98,0
51,6057,1902.72584032698,52,1
23,3789,401.73001291228,85,62
34,9000,1478.55667672165,83,49
28,2451,317.0764228283,57,29
70,7346,4171.17750081417,87,17
66,3926,2001.71568655954,71,5
84,8147,6185.89076627255,85,1
5,4773,257.843715998797,73,68
89,7917,6463.05956072918,91,2
53,9922,3345.39128700392,53,0
90,7151,5914.83685939549,94,4
97,3077,2834.53807739273,97,0
13,8750,628.7154869721,84,71
68,3265,1759.03308971725,91,23
20,5459,514.163690801317,87,67
93,1334,1147.44569665122,93,0
13,5218,374.929989830905,40,27
0,7818,505.29432976687,74,74
81,5803,4187.91210707841,97,16
33,7374,1164.24912223032,77,44
55,5461,1972.97882845813,85,30
67,5928,3107.9007654313,69,2
61,8845,3887.56110607236,62,1
46,8172,2137.41985240217,89,43
26,5498,656.727324319452,90,64
98,2245,2105.00542488594,98,0
62,9382,4252.77305464266,74,12
80,4761,3373.64264829674,87,7
10,4999,321.097145122006,80,70
58,6060,2420.28238652919,64,6
91,3088,2587.40223630056,94,3
35,3674,627.971298483292,47,12
80,5158,3654.95668555231,84,4
70,1336,758.602387842054,88,18
81,5215,3763.56395630087,90,9
33,3562,562.388849116409,67,34
96,3402,3074.05144373335,96,0
76,3198,2091.49351021074,80,4
46,4858,1270.62966751955,85,39
84,4962,3767.56965536325,89,5
63,2339,1092.84717493934,84,21
67,6240,3271.47448992768,76,9
84,5287,4014.33711566012,96,12
26,7730,923.336161693227,66,40
8,3788,226.368040343183,81,73
24,7923,874.005183709731,65,41
28,8418,1089.00421353269,56,28
97,3180,2929.4218674387,98,1
37,3466,641.082703875483,77,40
28,7200,931.436248210429,66,38
35,1374,234.848275480687,88,53
97,2514,2315.90143859776,99,2
98,6538,6130.30087657206,98,0
40,6410,1333.20109150807,69,29
56,2367,884.638307171423,59,3
18,3491,304.03702455981,77,59
59,3242,1337.49745077925,71,12
74,5863,3668.15758275165,75,1
78,3455,2355.32610219535,78,0
3,8846,450.279308318633,76,73
86,6514,5099.85988745853,89,3
56,3394,1268.46743326566,73,17
19,9607,870.049109849675,89,70
79,5668,3940.79848778401,91,12
98,7688,7208.58873341787,99,1
8,5491,328.138043697047,73,65
49,5572,1628.35147735724,71,22
82,2673,1963.30725023964,85,3
6,8738,487.554389880713,16,10
47,1795,487.327987527616,60,13
40,8210,1707.5789331172,73,33
56,9406,3515.381460606,83,27
24,3619,399.220593190145,54,30
84,7996,6071.23880779616,88,4
73,7960,4865.86996969746,78,5
21,1297,127.062798228981,79,58
78,4264,2906.83371917828,94,16
51,3103,974.766102449168,82,31
29,6575,885.20249283367,54,25
77,5630,3760.55611404733,91,14
87,3521,2796.713190253,94,7
33,5158,814.374419916461,61,28
22,4745,483.57764309231,74,52
45,3134,789.492894188644,81,36
45,3048,767.828443358962,71,26
19,3788,343.056732394147,80,61
38,2022,388.972211540637,80,42
25,9116,1046.366149248,77,52
82,4517,3317.7174894622,88,6
39,9738,1948.03493103011,74,35
40,1325,275.583688962277,47,7
39,9537,1907.82595371064,88,49
35,6488,1108.94877097431,80,45
82,6817,5007.05780953372,96,14
63,4371,2042.25523799053,92,29
85,1051,810.574372785029,88,3
33,8663,1367.76378436144,53,20
7,3416,197.139316200583,17,10
0,7025,454.041016450788,85,85
7,6217,358.786630216341,80,73
87,5298,4208.17565520035,91,4
63,6429,3003.81123885635,87,24
69,5965,3300.30160488714,93,24
32,7670,1163.77508830375,79,47
48,1640,462.019745105707,76,28
6,8156,455.08052230111,66,60
11,7371,491.281008950569,73,62
73,3677,2247.71405509769,79,6
41,3427,740.945139400968,54,13
37,6023,1114.0337926838,79,42
12,5142,355.784457877505,76,64
34,4585,753.242484752086,83,49
21,8243,807.539433925591,69,48
60,7744,3298.44966199497,84,24
36,9234,1641.95898882955,78,42
0,6700,433.035560173705,63,63
91,3591,3008.86056688968,96,5
66,3238,1650.93107312272,71,5
19,1040,94.1866424735778,66,47
39,8980,1796.40107626313,72,33
20,2902,273.329003609713,71,51
12,6108,422.623778435589,55,43
61,4705,2067.94516722108,66,5
57,9673,3738.06244884865,85,28
35,1966,336.034723140488,80,45
54,5921,2066.98327836991,63,9
10,2207,141.76063198325,62,52
99,2949,2808.57142857143,99,0
62,9644,4371.53520986717,82,20
24,2779,306.558173107326,71,47
26,8100,967.532071114507,88,62
98,4125,3867.77166042517,99,1
40,6172,1283.70002133975,75,35
14,7935,592.274958218411,83,69
83,6092,4550.9345002621,84,1
76,2042,1335.46896430592,83,7
60,1600,681.497864048547,71,11
5,1409,76.1160267844762,52,47
41,3696,799.105116786104,92,51
7,5158,297.671133771255,26,19
32,6163,935.116801723075,86,54
47,9394,2550.39505004703,85,38
54,5818,2031.02663630403,80,26
90,1031,852.775388342434,95,5
30,1128,158.041508753573,75,45
92,6055,5139.47105363322,98,6
77,3610,2411.2979701085,86,9
17,5239,438.873324125364,85,68
41,8809,1904.57710329242,71,30
56,1370,512.021326922201,70,14
11,6033,402.102608465443,85,74
34,7861,1291.43711507877,72,38
18,2019,175.838084384491,86,68
19,7190,651.155730177908,78,59
18,4016,349.760152000057,79,61
32,2138,324.40040922991,86,54
47,6403,1738.36273211104,71,24
46,5077,1327.91000864486,88,42
94,2057,1794.60338731948,96,2
79,5770,4011.71617404971,89,10
8,3149,188.1818793666,85,77
4,2180,114.201086705315,86,82
5,9815,530.219164577455,70,65
92,7505,6370.2279533472,93,1
68,8574,4619.28015658062,82,14
28,7864,1017.33536887872,78,50
57,9686,3743.08620692112,77,20
71,2224,1295.14483354266,71,0
19,9382,849.672192006833,72,53
5,3181,171.841789355159,57,52
80,3991,2828.02096394713,83,3
30,6901,966.883379351427,85,55
24,4784,527.734544852626,86,62
56,8256,3085.58253654722,60,4
39,4645,929.207460940118,83,44
56,3534,1320.79078054238,86,30
21,3189,312.415777603871,84,63
90,8079,6682.41742232641,92,2
12,1981,137.069041434332,75,63
60,7751,3301.43121515018,82,22
17,4548,380.987951540782,71,54
90,4613,3815.5701905176,96,6
89,9338,7623.09589214211,92,3
66,8730,4451.08964433642,79,13
90,5226,4322.60347185021,94,4
8,5048,301.664695789964,67,59
36,5456,970.167667647176,69,33
15,8984,696.726552315693,52,37
79,4174,2902.06296542175,92,13
94,2650,2311.95866621129,96,2
29,7728,1040.43267902944,55,26
49,5013,1464.9903007882,84,35
16,1961,158.042624096503,79,63
22,1033,105.276228727999,51,29
66,2582,1316.46202310156,79,13
56,1760,657.779222907353,93,37
83,5645,4217.01005482264,87,4
89,2174,1774.74946128903,89,0
41,2450,529.70983120291,66,25
96,4715,4260.47988159987,97,1
82,3615,2655.20228567763,85,3
82,2441,1792.90422664982,86,4
87,7063,5610.1065784598,87,0
82,4540,3334.61089266292,87,5
22,7029,716.347155594489,84,62
43,5618,1311.75063155798,64,21
19,7770,703.682896172788,57,38
73,1408,860.696597655029,92,19
34,9520,1563.98439582112,54,20
67,4994,2618.22814145815,70,3
69,7523,4162.30829397585,90,21
57,3944,1524.13091060261,82,25
2,4367,216.519758156276,89,87
47,6493,1762.79700446619,59,12
49,3238,946.267423489365,79,30
13,4640,333.398841091491,66,53
13,2947,211.751376012203,66,53
59,4960,2046.26383586215,72,13
15,7568,586.913017355874,88,73
7,9540,550.558863159707,67,60
9,9689,600.050795981959,82,73
36,4296,763.900348279375,82,46
84,2897,2199.64717686162,84,0
27,4940,614.084841674025,65,38
84,1722,1307.48789732679,97,13
40,1139,236.897978662667,85,45
97,6011,5537.34429093523,99,2
8,2188,130.75323977584,82,74
79,9623,6690.5970091647,90,11
16,6917,557.460903047176,82,66
55,8134,2938.69433998873,75,20
18,4515,393.218895986119,89,71
99,2185,2080.95238095238,99,0
85,5292,4081.40778380435,88,3
16,4830,389.263576943452,50,34
81,2616,1887.91626264297,84,3
73,8038,4913.55060507892,76,3
17,2480,207.750685976504,81,64
48,2560,721.201553335738,78,30
3,2698,137.333661976449,79,76
79,3710,2579.45702005622,90,11
3,6357,323.584169453035,62,59
80,5134,3637.95029539077,83,3
6,6370,355.427038628993,80,74
57,3936,1521.0393671734,73,16
42,1097,246.504819561681,74,32
44,9781,2372.47563325819,60,16
70,4963,2818.07159495517,74,4
49,6499,1899.25632651556,73,24
13,3355,241.067481004731,34,21
16,5505,443.663766267848,80,64
87,7822,6212.9765902184,87,0
79,3789,2634.38346334044,83,4
9,1313,81.315584180443,75,66
99,1018,969.52380952381,99,0
95,4484,3974.86138188251,95,0
65,3325,1647.65176193217,85,20
72,7020,4189.87620535154,87,15
11,5790,385.906531247293,67,56
80,4014,2844.31875451861,80,0
35,1045,178.614590885966,73,38
85,7860,6061.95487163685,94,9
27,1097,136.366613626803,66,39
39,5144,1029.02974791732,65,26
87,2996,2379.70824140812,87,0
77,1542,1029.97824651172,87,10
3,1541,78.4400196833612,43,40
26,7499,895.743580405888,36,10
17,5953,498.685416781503,88,71
93,5272,4534.73291809988,97,4
37,7942,1468.97831338116,85,48
48,2773,781.207776328126,61,13
18,5113,445.299715432343,76,58
97,6678,6151.78592162127,97,0
52,4011,1305.63392007288,83,31
15,4985,386.596378371965,70,55
10,1667,107.075203224322,88,78
93,1042,896.280671597132,93,0
44,9241,2241.49343900818,74,30
53,4915,1657.18586732758,75,22
34,1493,245.276124260603,70,36
86,2166,1695.77778879877,87,1
68,1199,645.966515948235,73,5
95,9648,8552.51173336361,98,3
50,9672,2931.04888902171,55,5
22,2170,221.151419496378,57,35
43,6519,1522.12573284558,90,47
64,3760,1809.74720999105,78,14
30,3169,444.001366347583,81,51
35,7231,1235.9445997095,75,40
91,5760,4826.24251330675,97,6
29,7704,1037.20152164115,68,39
28,9934,1285.12329023922,63,35
17,5850,490.057061678446,62,45
70,6738,3825.945276407,85,15
88,9584,7719.23561306794,91,3
30,4139,579.905855258014,84,54
94,2731,2382.62608204643,95,1
21,8651,847.509843854214,82,61
67,5932,3109.9978644633,80,13
43,5806,1355.64687910745,69,26
12,3252,225.011874176905,87,75
30,4902,686.808046019518,70,40
26,9395,1122.21775408899,66,40
6,2708,151.098339184822,81,75
72,9720,5801.36705356368,86,14
92,2205,1871.59928542713,96,4
60,4804,2046.19733680576,79,19
70,3226,1831.77492752879,77,7
43,2484,579.990845281244,81,38
38,7659,1473.36210098405,65,27
78,9973,6798.74593840643,96,18
75,2254,1442.31355658755,87,12
89,3194,2607.42860136024,96,7
53,3160,1065.45418937033,62,9
29,3433,462.190138083344,81,52
9,2100,130.055389778317,91,82
48,5275,1486.0696069711,85,37
74,1032,645.665806822395,85,11
6,4007,223.578672493937,80,74
79,1520,1056.81257964568,82,3
76,3905,2553.87184408159,88,12
36,2209,392.79699007196,82,46
47,2130,578.277779071767,61,14
46,3108,812.910046655156,79,33
25,1413,162.189048802921,79,54
29,3458,465.55592702948,89,60
60,6561,2794.56717876407,86,26
75,4987,3191.13474121654,78,3
77,7477,4994.25898130228,85,8
67,4924,2581.52890839806,75,8
86,4014,3142.59097148581,92,6
46,3335,872.282820332994,66,20
16,7630,614.923621548352,65,49
33,2467,389.50401200735,67,34
94,8160,7119.08781746572,98,4
75,9127,5840.28209005081,94,19
72,9171,5473.69724776054,77,5
50,6796,2059.49216809259,86,36
61,6349,2790.51729366347,90,29
58,2266,905.009882487649,84,26
68,3986,2147.47500631332,79,11
57,9441,3648.40768940143,91,34
59,2156,889.464683491693,86,27
86,2250,1761.54202437545,98,12
75,2783,1780.81571782748,76,1
46,9585,2506.99575199153,54,8
42,9224,2072.7077991221,79,37
26,5610,670.105545549677,61,35
8,2891,172.763992775116,54,46
68,5195,2798.82906618105,70,2
10,8308,533.641744683662,68,58
53,7193,2425.25695700657,77,24
13,4192,301.208608158519,85,72
12,8491,587.507940847509,74,62
85,5380,4149.27699865219,88,3
47,1666,452.305530485241,79,32
54,5922,2067.3323719822,79,25
86,6869,5377.79207352666,96,10
83,6797,5077.59386051896,86,3
51,5827,1830.4744050826,86,35
24,2327,256.69696611038,58,34
33,9521,1503.22971152087,87,54
99,7905,7528.57142857143,99,0
24,4545,501.369880090966,69,45
65,5085,2519.79224343612,71,6
66,5058,2578.87874238873,82,16
39,6497,1299.69017733648,78,39
19,9080,822.321840057775,89,70
31,3480,507.405577006752,69,38
19,9224,835.363067477194,77,58
22,8739,890.618550681496,79,57
33,8590,1356.23812855417,63,30
37,2119,391.937175277596,56,19
55,6124,2212.51095870309,91,36
49,9233,2698.23567667613,62,13
22,6363,648.473033297444,72,50
74,3184,1992.05419469235,75,1
13,9925,713.142995222639,84,71
9,9133,565.6170832597,70,61
57,8325,3217.13738102605,78,21
52,2332,759.097058491639,57,5
67,4801,2517.04311316391,76,9
2,4513,223.758568481629,79,77
41,9493,2052.4634398405,47,6
54,1061,370.388322639837,69,15
24,5153,568.43982224615,66,42
69,5632,3116.06012384315,89,20
24,8573,945.708246869055,91,67
21,4993,489.147688170627,71,50
2,3006,149.040163274048,79,77
72,6206,3704.0415570387,86,14
87,7685,6104.15815594841,98,11
28,3460,447.606863723345,84,56
49,4320,1262.4691999611,91,42
83,9825,7339.614488686,83,0
41,1474,318.69073109922,54,13
43,6477,1512.31912435049,83,40
66,2112,1076.82718543397,68,2
84,8873,6737.13130835109,91,7
99,9382,8935.2380952381,99,0
35,6856,1171.84845465472,72,37
56,8059,3011.95611216498,80,24
38,3903,750.820248092536,90,52
90,8818,7293.66961629834,96,6
31,5768,841.010163268663,77,46
79,1792,1245.92640968753,85,6
21,4271,418.415737267524,88,67
38,2475,476.115837568288,75,37
41,1393,301.177875455369,89,48
84,4450,3378.81599483403,84,0
61,7154,3144.33150399566,87,26
30,9241,1294.73544538278,56,26
16,3399,273.935175575734,45,29
29,4716,634.922426799024,85,56
42,1547,347.623478452069,45,3
24,9314,1027.44973887068,54,30
85,6730,5190.45245370432,90,5
92,3391,2878.27354960698,92,0
77,5107,3411.21848569089,87,10
55,8016,2896.06267879882,86,31
77,1420,948.488398214423,77,0
83,6623,4947.60984820024,91,8
0,5343,345.32970119524,58,58
58,4001,1597.94551625467,80,22
81,5433,3920.89031152111,83,2
70,3647,2070.82553028441,88,18
48,6019,1695.6688084093,79,31
69,1201,664.486542744251,74,5
65,2077,1029.22487504755,76,11
13,7064,507.57099428239,81,68
7,1270,73.2924272759777,88,81
6,2022,112.821581178622,69,63
99,1959,1865.71428571429,99,0
8,1376,82.2287284879143,62,54
68,4103,2210.50927017148,87,19
94,8376,7307.53425969275,94,0
4,6662,348.994330105876,85,81
39,5604,1121.05029302657,90,51
17,2710,227.017886692067,85,68
57,6669,2577.18789117871,66,9
96,6987,6313.46191574513,97,1
21,7078,693.408238908811,73,52
46,8376,2190.7768824915,72,26
7,9859,568.968535837689,89,82
82,5766,4235.10273284017,89,7
47,1322,358.912311705576,91,44
5,9239,499.102889610913,75,70
51,1902,597.487955803518,93,42
38,2811,540.752169456346,74,36
70,7209,4093.38668709084,75,5
24,5508,607.600725971627,78,54
30,2697,377.870522259208,76,46
55,2384,861.304070141765,87,32
97,6334,5834.89248690463,97,0
38,8912,1714.4017553166,44,6
18,1458,126.979656776913,54,36
10,2381,152.937047916683,81,71
55,1094,395.246079167404,59,4
80,5783,4097.83142934258,96,16
48,4245,1195.89866949617,92,44
37,7611,1407.75547005087,51,14
42,9708,2181.46653446198,93,51
70,2809,1594.99558940743,74,4
66,8163,4161.99825506509,94,28
63,6204,2898.68485392204,76,13
72,6881,4106.91426909173,79,7
6,4932,275.19091907664,22,16
28,8278,1070.89295315082,59,31
67,1847,968.335478028274,80,13
99,1028,979.047619047619,99,0
66,3340,1702.93693151016,84,18
89,8281,6760.21172444087,93,4
76,6002,3925.31083436049,80,4
71,7940,4623.85340752189,88,17
77,4448,2971.03971497025,81,4
80,9072,6428.41548106448,80,0
73,9167,5603.69723771566,91,18
34,5024,825.363193761064,74,40
69,1542,853.154245555066,85,16
54,9164,3199.09386302683,66,12
31,4115,599.992514190455,89,58
42,5098,1145.56205116267,60,18
27,5628,699.609208287736,69,42
1,1241,60.1050789486002,74,73
42,3367,756.592276630974,90,48
45,3031,763.545935636816,69,24
92,8134,6904.12180846451,94,2
6,3102,173.082366377887,43,37
48,6115,1722.71386665939,59,11
93,5872,5050.82543533432,94,1
65,7285,3609.96784531605,75,10
79,1797,1249.40276685742,82,3
77,2012,1343.91454732917,77,0
23,1549,164.233251517847,72,49
91,2530,2119.85999282397,93,2
91,5715,4788.53749367154,95,4
5,1850,99.9394248057353,83,78
95,7963,7058.83612487297,97,2
56,3532,1320.04330415271,86,30
11,1488,99.1759790148483,52,41
94,9033,7880.72552146664,97,3
89,4275,3489.9052194161,94,5
56,5376,2009.2165354261,72,16
35,1923,328.685031840874,73,38
11,2245,149.630425328182,61,50
45,1122,282.645509661665,71,26
32,8139,1234.93682447251,47,15
12,6718,464.830802804566,63,51
40,4829,1004.37255396139,79,39
95,7255,6431.22643299679,96,1
69,3658,2023.88990287966,80,11
33,7768,1226.45608645038,44,11
43,7750,1809.55275802321,83,40
48,1382,389.33615105859,68,20
11,6654,443.492583578495,65,54
16,8451,681.090370341432,83,67
51,9301,2921.7852139477,90,39
41,2990,646.462202161919,68,27
32,4375,663.82216575344,81,49
33,3648,575.967018971549,57,24
43,8585,2004.5174745328,63,20
86,5634,4410.90122903613,87,1
71,4461,2597.86020792886,82,11
84,5070,3849.57238063113,93,9
69,8907,4928.04465963617,77,8
18,3620,315.271850159414,86,68
21,6373,624.341721752734,64,43
63,7567,3535.51713243521,94,31
45,6385,1608.45951799441,83,38
26,3809,454.978970231501,70,44
66,8322,4243.06621078668,73,7
66,3247,1655.51982533338,84,18
39,8765,1753.39147365773,88,49
70,7510,4264.29935081873,75,5
24,7502,827.563661263461,37,13
3,4318,219.794941591664,82,79
60,8585,3656.66197678548,89,29
87,9717,7718.16588176326,89,2
60,5565,2370.33475839385,62,2
68,5399,2908.73496213888,70,2
32,5733,869.872566003308,66,34
93,1092,939.288381366668,98,5
1,4047,196.007457296523,59,58
36,3872,688.506086717351,81,45
68,9307,5014.18712588009,95,27
67,1115,584.566355171373,77,10
30,8942,1252.84323694544,68,38
69,5099,2821.16309862859,74,5
7,4403,254.099651414276,87,80
34,2422,397.896030113316,65,31
10,5382,345.698106630653,84,74
43,4339,1013.11605381454,74,31
28,1637,211.772380322288,77,49
70,6978,3962.22115446246,82,12
91,6175,5173.9665832759,91,0
49,7201,2104.40757150924,83,34
67,4134,2167.35184957709,83,16
75,2433,1556.85398543811,87,12
22,5585,569.184644187682,78,56
82,5953,4372.4534458199,90,8
55,5952,2150.36989323984,77,22
95,2467,2186.88292352902,97,2
60,7252,3088.88906880004,90,30
28,5144,665.459452888117,66,38
3,2009,102.262167127756,79,76
23,5157,546.772677906737,36,13
74,9516,5953.63935825766,78,4
76,8529,5577.97002770087,89,13
95,5440,4822.31175678877,96,1
15,6206,481.287286695369,68,53
45,7920,1995.14477408234,69,24
89,8563,6990.42301610761,93,4
81,1704,1229.74362062065,82,1
86,6709,5252.5268629044,89,3
6,3626,202.320006604196,75,69
46,3399,889.022280753178,77,31
51,7788,2446.49642470968,92,41
27,7209,896.141219357905,68,41
92,9172,7785.17398908735,97,5
41,8960,1937.22452554207,87,46
69,7044,3897.28826568734,73,4
94,7684,6703.80769478022,94,0
14,2466,184.064278130637,79,65
94,4941,4310.7123659434,96,2
99,6200,5904.7619047619,99,0
36,2092,371.992441480552,51,15
76,3264,2134.65754137831,79,3
5,5397,291.553013879218,69,64
59,9127,3765.37298990198,78,19
28,6153,795.989893783162,73,45
25,2338,268.363762279709,45,20
16,1089,87.7656387766914,50,34
64,8256,3973.74281002291,74,10
16,8375,674.96531198787,86,70
45,1021,257.202375547736,84,39
82,9475,6959.34762290333,85,3
37,2256,417.277143665058,75,38
60,2737,1165.78728368805,67,7
20,7410,697.921404806331,81,61
82,8987,6600.91367673164,82,0
97,4599,4236.60728564483,98,1
8,2672,159.676716947461,64,56
25,7555,867.189146288795,49,24
88,4345,3499.59085337857,89,1
22,1939,197.609494195151,38,16
39,4940,988.220636608005,81,42
28,1695,219.275616766205,85,57
79,4296,2986.88608036699,85,6
67,5284,2770.26782127851,70,3
38,3050,586.728607912435,85,47
73,4593,2807.65587573121,82,9
45,2439,614.41390201854,69,24
50,8088,2451.02599404545,74,24
72,2364,1410.94976487907,90,18
36,7401,1316.0210608975,58,22
38,1390,267.394349179766,63,25
30,5827,816.407687506269,79,49
15,9495,736.35558929625,83,68
43,8490,1982.33586007961,76,33
96,2687,2427.97655182584,99,3
30,3675,514.895872933849,62,32
56,8891,3322.90629026663,76,20
5,6884,371.882702898747,90,85
94,1973,1721.31865978675,97,3
79,5247,3648.08921407952,92,13
50,4001,1212.48207247476,62,12
49,3456,1009.97535996888,65,16
89,3715,3032.74804447504,93,4
31,6904,1006.6460067973,70,39
51,5254,1650.4740903216,73,22
3,7277,370.414031950564,72,69
68,7082,3815.45860379099,93,25
19,2538,229.85163326725,74,55
80,9466,6707.60371954986,85,5
9,6515,403.481364002731,78,69
79,6780,4713.9403223669,85,6
11,7034,468.819782520459,88,77
30,1595,223.471814239317,76,46
37,2115,391.197322185992,78,41
53,6598,2224.64137388146,80,27
67,8675,4548.08352566068,82,15
13,7251,521.007542403966,77,64
0,1749,113.041670857285,22,22
5,6208,335.364296861624,70,65
84,6748,5123.65176025619,85,1
12,6936,479.914624628233,85,73
82,8864,6510.57069439738,85,3
23,6623,702.205826212201,84,61
19,2332,211.195432931138,75,56
42,4271,959.728426935221,87,45
61,1916,842.121772666437,77,16
28,2640,341.526624343824,82,54
22,7225,736.322122516742,88,66
0,4161,268.934472519819,78,78
40,9909,2060.95001805827,90,50
79,9178,6381.20122104475,90,11
42,5501,1236.11942790228,75,33
82,1931,1418.31137306874,83,1
66,3124,1592.80687845441,90,24
85,9961,7682.33237612909,94,9
76,7935,5189.49374719268,95,19
3,4737,241.122889837821,19,16
58,8385,3348.85607443024,87,29
14,2061,153.834743401153,85,71
31,4215,614.573134219385,78,47
80,9514,6741.61649987296,97,17
60,6400,2725.99145619419,84,24
65,1494,740.328340549373,70,5
28,3843,497.154097482316,89,61
40,5593,1163.27514895548,69,29
12,5785,400.274813073,71,59
51,7921,2488.27660248142,83,32
27,9298,1155.82203600913,74,47
34,2192,360.110692819318,63,29
57,5029,1943.42148818979,92,35
15,8653,671.056862999521,55,40
81,7456,5380.85002074387,85,4
82,4503,3307.4345483835,82,0
13,8737,627.781395391456,85,72
33,3831,604.860101337721,80,47
67,5111,2679.56828814429,81,14
1,8145,394.48498633066,90,89
99,2081,1981.90476190476,99,0
42,1503,337.736320693898,63,21
16,4466,359.927771144815,80,64
30,4811,674.058243451632,82,52
80,1725,1222.33429286114,84,4
42,7185,1614.5279202832,85,43
5,5661,305.81463990555,68,63
60,5377,2290.25875936815,82,22
85,2573,1984.40329322158,92,7
54,7126,2487.64108117953,61,7
9,4385,271.568040084724,64,55
44,6138,1488.83094130854,84,40
93,3094,2661.31708053889,98,5
37,8006,1480.81596284683,90,53
14,6194,462.325279294876,68,54
59,1259,519.404469627106,75,16
61,8570,3766.69289757378,83,22
66,2757,1405.68776053099,88,22
49,4353,1272.11306190525,84,35
51,8764,2753.09381948582,75,24
11,3912,260.736848055166,75,64
29,2201,296.32405881778,76,47
57,8806,3403.01642970756,57,0
96,9084,8208.31373159134,97,1
94,7794,6799.7757903588,96,2
59,3419,1410.51936588966,93,34
2,5089,252.317162641926,83,81
5,3493,188.696438295369,35,30
47,3885,1054.7460899971,85,38
54,5749,2006.93917705601,81,27
24,3038,335.129085966195,84,60
30,3245,454.649553107576,72,42
91,4439,3719.39071468206,95,4
45,6876,1732.14841749876,70,25
39,4886,977.418224790833,72,33
32,1734,263.101173809478,70,38
73,8757,5353.06825686441,75,2
58,2530,1010.44792704932,74,16
37,4082,755.020079982609,79,42
35,5268,900.422645729446,66,31
78,5896,4019.39296629343,86,8
89,7512,6132.43696099502,89,0
66,5307,2705.83422021689,90,24
95,3665,3248.85525526302,96,1
16,1984,159.896260177186,74,58
68,8093,4360.1392940526,87,19
51,9250,2905.76424352395,91,40
5,4476,241.799386719174,70,65
65,8715,4318.58198653801,85,20
88,4084,3289.37377334823,88,0
81,6622,4778.96845994714,90,9
74,7120,4454.5935509452,94,20
93,2937,2526.27287186255,95,2
12,1170,80.9544565765618,79,67
48,5674,1598.47563032304,80,32
88,4616,3717.86222766294,91,3
21,7380,722.994179591273,65,44
3,8840,449.97389617191,70,67
24,1878,207.166696328016,78,54
60,4480,1908.19401933593,77,17
65,3594,1780.95050598022,94,29
43,6456,1507.41582010294,71,28
31,1211,176.571308550338,44,13
25,2372,272.266400396694,73,48
71,8287,4825.9286131151,87,16
0,5112,330.399669195221,44,44
95,4997,4429.61247218262,99,4
95,6925,6138.69649186806,95,0
33,5397,852.109101258073,62,29
53,1548,521.937685172553,69,16
14,4330,323.194778712756,67,53
35,7296,1247.05459818566,91,56
61,2411,1059.68454796387,84,23
13,3157,226.840547699534,83,70
99,4801,4572.38095238095,99,0
11,1751,116.705066703629,64,53
24,9549,1053.3731540129,86,62
33,6025,951.261318339798,61,28
96,3031,2738.81538093938,97,1
77,2348,1568.34560493484,89,12
20,8343,785.797338771824,36,16
33,8106,1279.821451695,55,22
78,6615,4509.54621303104,85,7
77,2538,1695.25602441423,81,4
96,5376,4857.76030614653,96,0
37,1363,252.104940964306,60,23
27,6231,774.567337747136,69,42
27,4959,616.446706449695,78,51
31,3409,497.053336786212,43,12
28,6159,796.766090656671,62,34
93,2771,2383.48727542769,93,0
71,4497,2618.82478257254,89,18
36,8746,1555.18446137137,74,38
82,7316,5373.57120941011,87,5
16,9072,731.138544519876,19,3
96,3169,2863.51235308377,96,0
5,1190,64.2853597399054,50,45
25,2131,244.603583155714,78,53
88,5707,4596.58573077825,91,3
10,5373,345.120016151338,55,45
51,3550,1115.18519616324,56,5
25,6851,786.381580572407,33,8
87,4436,3523.49324395408,90,3
99,5533,5269.52380952381,99,0
68,6740,3631.20460174404,79,11
7,3221,185.885754532224,65,58
19,7609,689.102079405244,90,71
26,3759,449.006550039436,47,21
84,7368,5594.40814605329,94,10
61,1924,845.63793873185,80,19
92,8251,7003.4311583035,93,1
86,3020,2364.38085049505,93,7
94,7696,6714.27694157061,95,1
61,4840,2127.28046957493,79,18
57,1964,758.973911872092,70,13
13,4174,299.91525058532,79,66
26,7745,925.127887750847,77,51
31,3065,446.896003886694,68,37
1,4895,237.078454031747,79,78
52,8828,2873.63157477023,55,3
92,9080,7707.08458579515,98,6
37,6248,1155.65052908656,59,22
85,7510,5792.02049440111,88,3
94,2450,2137.47121970478,97,3
18,6089,530.301186635544,88,70
38,5148,990.320942142038,87,49
33,9414,1486.33594204994,85,52
55,3362,1214.64105864791,86,31
4,5344,279.949819886791,73,69
68,6194,3337.04470373926,73,5
78,3130,2133.76865408725,90,12
66,7809,3981.50733477928,78,12
11,6078,405.10188202436,80,69
70,6909,3923.04183952152,80,10
27,6937,862.329260464112,76,49
26,1635,195.298140280521,81,55
24,5069,559.173580237868,81,57
56,3357,1254.63912005681,73,17
97,5395,4969.88395434962,99,2
27,5054,628.256030328041,63,36
87,7627,6058.0890377903,90,3
88,1136,914.96782725847,97,9
75,1710,1094.21303538807,86,11
8,3479,207.902431983615,70,62
56,5616,2098.91370218619,92,36
54,3353,1170.51088200884,61,7
6,4139,230.943879573847,72,66
91,2743,2298.33041909729,91,0
4,6147,322.015633017235,80,76
51,7178,2254.87305297458,76,25
57,9136,3530.54259616264,62,5
0,5144,332.467898736349,0,0
20,7879,742.094837850078,82,62
54,2632,918.814387547645,73,19
44,9429,2287.0946473767,88,44
83,4973,3715.00283483313,93,10
66,6611,3370.69342940528,78,12
47,8757,2377.45470015562,72,25
67,2143,1123.52080639664,75,8
9,6191,383.415675294076,41,32
41,9243,1998.41141624837,42,1
80,9445,6692.72312815851,83,3
92,4339,3682.93392266136,95,3
0,7268,469.74663452873,43,43
90,6116,5058.75293414387,92,2
88,8030,6467.59828599077,94,6
37,8602,1591.05407349593,61,24
85,3696,2850.50702360939,92,7
46,7410,1938.11565177436,78,32
78,2459,1676.33773814714,85,7
4,2646,138.612878634066,74,70
42,3556,799.062113364937,50,8
39,6848,1369.9058541481,50,11
90,1825,1509.51996481566,90,0
31,9760,1423.06851482353,68,37
77,4099,2737.92531287389,87,10
10,1550,99.5600269932204,90,80
75,8864,5671.9908454268,90,15
67,4729,2479.29533058782,90,23
91,6436,5392.65569716011,91,0
42,6424,1443.52503269301,71,29
61,6071,2668.33052289037,82,21
83,8734,6524.59979075659,92,9
48,3654,1029.40252964406,79,31
6,5434,303.201024789631,24,18
40,1700,353.579072630846,77,37
93,6219,5349.2989411349,96,3
71,1153,671.448737893292,88,17
88,3576,2880.21562524321,93,5
9,9987,618.506275102882,86,77
90,5906,4885.05474641166,92,2
98,6645,6230.62852933946,99,1
86,5598,4382.71655664612,86,0
51,8098,2543.8787939521,62,11
34,1331,218.662104079613,49,15
52,4301,1400.03278240675,81,29
5,2453,132.514275161334,83,78
81,7289,5260.32937247881,85,4
70,2891,1641.55651440971,89,19
97,8269,7617.41805718572,97,0
19,5023,454.90337033152,75,56
47,7626,2070.39734422596,50,3
64,4765,2293.46953606579,71,7
64,2928,1409.2925082058,81,17
12,5256,363.672328005477,53,41
6,2465,137.539662514987,83,77
15,2309,179.067409761458,76,61
63,2331,1089.10934791945,77,14
28,1022,132.212200787647,38,10
8,1184,70.7549524198332,54,46
20,1632,153.712244621313,55,35
0,5961,385.272384208277,83,83
88,7437,5989.97863672645,91,3
23,4455,472.34288929116,33,10
48,3764,1060.39165888895,87,39
69,5087,2814.52376597835,89,20
19,5753,521.015148221628,79,60
76,2494,1631.07717775659,83,7
80,7082,5018.30229683627,80,0
82,8795,6459.89048479523,86,4
83,4294,3207.76637296872,86,3
8,2591,154.83621766874,82,74
21,3512,344.059018797364,59,38
0,3069,198.356139428821,85,85
11,2063,137.500030045452,77,66
95,2527,2240.07018555243,96,1
28,8951,1157.95636912938,56,28
20,6083,572.936019627113,76,56
47,5891,1599.35887160177,79,32
37,9530,1762.69999074823,86,49
5,5105,275.778791153124,74,69
84,6355,4825.25295442029,86,2
30,7488,1049.12661130032,62,32
12,9840,680.847737361853,65,53
15,6753,523.708193208802,79,64
82,6289,4619.24403170861,86,4
30,5717,800.995838248385,65,35
34,1086,178.412505657746,73,39
80,2777,1967.78106160891,95,15
15,6409,497.030328783535,78,63
18,4816,419.433489051861,81,63
56,1953,729.910694510262,76,20
93,6110,5255.54213383731,93,0
98,1190,1115.79352143175,98,0
76,1692,1106.56879902332,89,13
86,7304,5718.35686490591,92,6
12,9281,642.169496997495,88,76
6,8717,486.382652390728,80,74
63,4163,1945.07173547348,93,30
54,5937,2072.56877616655,91,37
96,7582,6851.10465796186,96,0
96,1567,1415.94315471198,96,0
3,6483,329.997824534219,73,70
63,1824,852.224560534139,86,23
78,2461,1677.70116859704,83,5
32,4587,695.989091271093,92,60
60,4786,2038.53048583522,86,26
33,4696,741.431228369078,76,43
70,5343,3033.84173520965,93,23
30,1950,273.210055026124,55,25
60,6107,2601.1921598403,90,30
47,5095,1383.25130721627,71,24
20,3759,354.046769320782,79,59
48,8030,2262.20643487733,84,36
0,4875,315.081844156241,82,82
44,8440,2047.20318420398,68,24
3,7971,405.740036921526,70,67
34,1449,238.047624952186,63,29
42,1505,338.185736955633,77,35
42,3167,711.650650457468,80,38
70,2740,1555.81627446649,83,13
90,5110,4226.65590148384,92,2
93,8972,7717.30344104555,94,1
71,1221,711.048489998014,89,18
22,1725,175.800091535139,68,46
21,3692,361.693023177639,86,65
28,8101,1047.99514538232,64,36
77,8329,5563.35202023094,92,15
35,2021,345.435491081855,78,43
78,9127,6222.01485810042,81,3
80,2777,1967.78106160891,83,3
17,3311,277.363919866211,88,71
79,2585,1797.27665683163,93,14
85,5893,4544.923671572,90,5
20,4735,445.972719535489,90,70
23,5913,626.927834877358,63,40
67,1462,766.4896961978,88,21
19,5925,536.592169861489,61,42
78,2233,1522.27009730889,88,10
80,1449,1026.76080600335,96,16
72,9019,5382.97628149082,84,12
28,1933,250.064759415383,58,30
77,6246,4172.01305299105,82,5
27,9064,1126.73380666667,87,60
17,4874,408.297114294145,74,57
91,1388,1162.99038341489,91,0
55,9519,3439.0744310736,67,12
93,1410,1212.81741550092,96,3
90,1320,1091.81718003105,94,4
90,9857,8153.06207845914,90,0
12,9064,627.154867017056,36,24
31,8686,1266.47265571283,85,54
92,4811,4083.56651346481,94,2
46,6290,1645.17509442115,78,32
0,1556,100.567661437356,53,53
86,3866,3026.72065166022,95,9
90,6639,5491.34413501981,92,2
61,1429,628.075163434415,80,19
20,6450,607.502437382029,68,48
78,4744,3234.05702715333,84,6
65,9706,4809.65654174847,76,11
47,1978,537.011007983078,80,33
80,8676,6147.81004339897,80,0
90,3249,2687.35910448552,92,2
75,6087,3895.01447158314,88,13
77,7301,4876.69985588979,84,7
59,5286,2180.75617668696,62,3
71,4350,2533.21943611086,88,17
29,8446,1137.09813756246,68,39
27,4300,534.52729133569,53,26
16,2600,209.541469990264,62,46
25,2753,315.998904001728,87,62
53,1790,603.532594611672,71,18
88,1460,1175.92696108923,92,4
12,3798,262.7906205793,57,45
3,7255,369.29418741258,41,38
65,7101,3518.78952224973,86,21
31,5126,747.402582682934,80,49
61,7069,3106.97223955065,81,20
91,1566,1312.13468330527,95,4
42,2067,464.471706503185,52,10
5,9943,537.133892347798,82,77
22,5712,582.12760744853,84,62
97,8885,8184.87839377133,98,1
84,4230,3211.77340632538,86,2
88,4113,3312.73122668494,91,3
55,4426,1599.04857988568,78,23
85,1178,908.521989667711,90,5
59,7373,3041.75468988138,84,25
3,5590,284.542316696943,89,86
42,5462,1227.35581079845,74,32
77,6971,4656.27649574137,94,17
85,9505,7330.64644464482,86,1
44,5947,1442.50205408307,80,36
46,2255,589.804425742399,69,23
48,4036,1137.01932393087,52,4
45,1855,467.297166151862,66,21
24,2305,254.270093203449,25,1
99,7307,6959.04761904762,99,0
37,7520,1390.92381221686,50,13
87,1061,842.747144236989,96,9
97,2427,2235.7568780735,98,1
48,8026,2261.07955745025,89,41
58,3273,1307.19212064522,86,28
84,8581,6515.42023633052,90,6
30,8736,1223.98104651704,75,45
24,6739,743.3952963549,61,37
35,3718,635.491912836385,84,49
73,2921,1785.57866601587,81,8
40,6486,1349.00815593157,77,37
68,2012,1083.97383660371,78,10
92,3484,2957.21175076105,95,3
80,8644,6125.13485651691,84,4
67,5724,3000.94871479905,75,8
0,1812,117.113497766381,80,80
36,5704,1014.26619799478,83,47
5,9438,509.853130441367,87,82
34,3593,590.272682162322,66,32
69,4614,2552.82340401496,84,15
80,5930,4201.99556908205,81,1
66,7799,3976.40872121189,75,9
75,5919,3787.51284003624,89,14
4,9642,505.104072482866,80,76
30,6691,937.460758040921,78,48
32,8266,1254.20663362696,79,47
51,2809,882.409920006353,72,21
63,9925,4637.24164654678,72,9
29,1812,243.95238281591,74,45
31,2025,295.257555585826,85,54
25,6968,799.811247033795,76,51
50,4302,1303.69854431052,85,35
33,3384,534.285195230187,49,16
27,2361,293.492775545015,56,29
93,2405,2068.67083991468,93,0
64,8097,3897.21360619616,69,5
66,6217,3169.80805484989,73,7
68,5702,3071.97754289978,89,21
42,2559,575.02810689001,54,12
67,2113,1107.7925636566,83,16
93,5833,5017.27942171408,93,0
11,4812,320.722319233501,84,73
13,2919,209.739486453893,72,59
86,9216,7215.27613184185,88,2
43,9544,2228.43503517077,72,29
45,9153,2305.75254004744,66,21
48,7025,1979.0784813217,84,36
78,4842,3300.86511919823,90,12
85,3553,2740.21954948164,85,0
96,8451,7636.33414197253,97,1
99,6612,6297.14285714286,99,0
88,2128,1713.95381725882,92,4
54,5686,1984.94627948173,72,18
81,9233,6663.27631994744,82,1
83,4662,3482.67508867727,93,10
84,6105,4635.431831115,85,1
62,8245,3737.38156422178,68,6
7,4794,276.664485323651,64,57
88,6123,4931.64437174614,91,3
56,3831,1431.79102440799,66,10
74,4392,2747.83354996508,93,19
41,5087,1099.85057605274,77,36
33,6719,1060.83399135686,81,48
24,3103,342.299392282127,86,62
94,9409,8208.76192089889,95,1
29,8659,1165.77465938354,80,51
94,3948,3444.38219403856,94,0
50,6664,2019.4902601779,79,29
13,9667,694.604870006776,72,59
22,9151,932.606746456846,71,49
45,8251,2078.52771855472,51,6
7,7526,434.329769825991,63,56
11,7674,511.476117580609,77,66
32,5177,785.510251909843,63,31
12,4330,299.600681176506,72,60
93,8228,7077.34871967485,96,3
0,4516,291.878893991709,83,83
33,3410,538.390223325927,63,30
64,9123,4391.04356296499,85,21
20,7814,735.972720264058,80,60
89,3349,2733.96317656714,89,0
52,1140,371.085182967611,84,32
59,7226,2981.1093705524,80,21
61,1296,569.618902596922,88,27
79,3042,2115.01570215931,81,2
93,4097,3524.05173851579,98,5
33,1654,261.142941167473,41,8
39,4255,851.190042260539,73,34
34,5174,850.005805039758,86,52
1,1661,80.4468461995366,86,85
23,9084,963.134187726353,53,30
32,2527,383.423682939187,87,55
65,3458,1713.55783240946,75,10
28,6847,885.769998819001,84,56
28,1613,208.667592828253,88,60
46,4863,1271.93743786487,88,42
43,9051,2113.32413069265,72,29
45,5006,1261.07256806265,89,44
91,6464,5416.11659826646,91,0
72,5390,3217.01321180126,82,10
4,5173,270.99184473697,65,61
37,1768,327.015066489283,43,6
69,5750,3181.34689490378,93,24
59,8764,3615.61618094675,75,16
57,8072,3119.36732007715,76,19
35,3030,517.896852042563,76,41
95,9317,8259.09533786782,98,3
5,6660,359.781929300647,85,80
32,6709,1017.9618080091,71,39
50,4153,1258.54487552803,77,27
40,7224,1502.50307099131,52,12
67,1971,1033.34554802043,78,11
51,5025,1578.5367917522,84,33
72,2203,1314.85716244864,92,20
33,2430,383.662241255719,84,51
61,1709,751.140975723873,91,30
15,3270,253.594815902974,71,56
46,6854,1792.69158937402,62,16
68,6327,3408.69903786863,77,9
26,7322,874.601212925978,76,50
16,6854,552.383552043566,47,31
76,3417,2234.71961363042,76,0
33,3611,570.125248219919,69,36
1,6964,337.285874132193,87,86
4,1847,96.7566087819803,67,63
42,7649,1718.79249300574,65,23
30,1336,187.183914623027,80,50
52,2377,773.745157819308,89,37
65,7527,3729.88716152284,84,19
99,5309,5056.19047619048,99,0
88,4341,3496.36913567695,93,5
64,2253,1084.40437875262,73,9
12,7341,507.937321135504,81,69
16,3305,266.359445506855,67,51
37,6983,1291.59853466893,70,33
86,3201,2506.08712001148,86,0
94,2970,2591.13858062171,97,3
33,1451,229.092144881502,46,13
55,6842,2471.91377848572,63,8
35,2209,377.56902513598,60,25
30,4664,653.462408534278,62,32
67,1961,1028.10280044041,83,16
81,1711,1234.79538432038,83,2
44,3933,953.986981454297,60,16
2,7849,389.16042632668,73,71
9,1186,73.4503296557543,89,80
5,3030,163.684571438583,77,72
96,3343,3020.73897013539,96,0
44,6969,1690.39798468218,68,24
75,6631,4243.11499278261,85,10
65,7905,3917.1991513004,68,3
12,2041,141.220552028002,67,55
81,5604,4044.2976819003,85,4
25,1030,118.226978249829,47,22
81,4765,3438.80771846091,84,3
64,5092,2450.85978544533,71,7
92,5311,4507.96544440066,92,0
19,6166,558.418112973155,86,67
10,3561,228.731132982489,88,78
34,5166,848.691532438228,55,21
60,6502,2769.43694502728,89,29
69,3936,2177.70110927674,84,15
22,2900,295.547979972118,23,1
21,2478,242.761460301785,89,68
44,9262,2246.58719100679,68,24
11,5776,384.973423917852,68,57
1,6964,337.285874132193,26,25
28,3637,470.504671491851,80,52
25,4122,473.137479947374,77,52
12,7125,492.991882998293,75,63
24,4024,443.897117158647,41,17
67,4980,2610.88829484613,79,12
86,1996,1562.68350251262,89,3
95,5264,4666.29578818678,95,0
24,5641,622.272275818073,26,2
89,8999,7346.35253088315,89,0
24,3578,394.697784590864,63,39
86,2293,1795.20704973018,87,1
58,5050,2016.90198877433,86,28
87,8948,7107.35291859809,94,7
74,1710,1069.85322642083,75,1
15,2796,216.835200386763,71,56
52,4301,1400.03278240675,87,35
32,6012,912.205453830785,75,43
79,8134,5655.33784397232,84,5
16,2369,190.92451631036,76,60
55,3550,1282.5626883403,81,26
21,5250,514.325127758019,81,60
20,3664,345.099059002752,67,47
78,2574,1754.73498901616,82,4
11,1214,80.9137355672216,53,42
88,5843,4706.12413263314,89,1
52,9906,3224.5349319975,75,23
77,5612,3748.53302167559,90,13
82,7541,5538.83276246058,82,0
32,3771,572.17677418428,58,26
96,5495,4965.28885458988,96,0
50,6261,1897.36322313533,86,36
85,3279,2528.89949415995,98,13
3,8083,411.441063660356,75,72
88,3381,2723.15688728951,90,2
89,6087,4969.13522118966,91,2
92,4363,3703.30507134628,95,3
27,6066,754.056406800534,83,56
16,4985,401.755472269795,82,66
72,1840,1098.20117063345,76,4
81,2715,1959.36263496776,82,1
29,8826,1188.25812954372,44,15
4,5547,290.584141263478,84,80
68,5197,2799.90657496495,86,18
47,4536,1231.48732669931,79,32
20,5283,497.586880106862,83,63
31,9094,1325.96158543086,53,22
55,5009,1809.67788898494,80,25
19,5673,513.770021877507,80,61
45,1826,459.991711802318,85,40
89,1649,1346.16460978179,90,1
41,1931,417.49783022564,58,17
63,9833,4594.25663581809,87,24
15,4430,343.555056406781,87,72
98,2796,2621.64595455728,98,0
11,8692,579.326350535659,71,60
22,7415,755.685610859743,89,67
68,3068,1652.89847450307,84,16
45,1937,487.953968105745,68,23
94,5709,4980.7441605284,97,3
31,9911,1445.08525106722,56,25
85,1831,1412.14241348182,94,9
9,9191,569.209089263101,62,53
48,4914,1384.36891917649,72,24
37,3227,596.876481652102,86,49
11,7924,528.138748463479,84,73
23,6430,681.742935609913,64,41
45,7819,1969.70163996841,78,33
82,4992,3666.60299034654,96,14
51,5355,1682.20189449413,75,24
77,7471,4990.25128384504,78,1
91,6224,5215.02316021201,99,8
48,4857,1368.3109158405,73,25
48,8746,2463.91749432592,72,24
85,5029,3878.57138033864,94,9
78,9333,6362.44819443971,88,10
1,4214,204.095731417729,64,63
91,1178,987.033625117248,91,0
25,2635,302.45445406631,76,51
34,1221,200.590855808571,41,7
18,7440,647.962034581778,41,23
58,8865,3540.56160999691,60,2
62,9537,4323.03310830602,78,16
77,6095,4071.15266698374,95,18
46,5737,1500.535694228,61,15
4,8265,432.968798907995,79,75
35,6062,1036.13555019208,82,47
50,3992,1209.75466966239,77,27
94,1178,1027.73105992336,96,2
84,7310,5550.36964544647,90,6
44,7958,1930.28944785489,83,39
91,2885,2417.31070327951,94,3
60,9049,3854.29635735956,82,22
12,8908,616.360939473515,80,68
26,7526,898.968687309603,78,52
70,1249,709.20238204695,83,13
81,1880,1356.7593936425,82,1
5,3709,200.365041407823,71,66
93,3593,3090.53402403886,93,0
87,3357,2666.44878718527,91,4
48,6497,1830.33066094621,82,34
52,5224,1700.48157528316,89,37
23,8261,875.87533298188,84,61
60,5301,2257.88761082584,70,10
32,1356,205.746938688381,68,36
19,4546,411.704304504697,80,61
63,8180,3821.92812783402,72,9
36,3577,636.050173602263,57,21
40,4498,935.528628643263,85,45
0,6534,422.306619429103,62,62
67,1169,612.877192103439,72,5
76,8268,5407.27590444727,95,19
81,6149,4437.61356995092,83,2
73,8138,4974.67962479874,84,11
38,6352,1221.93446474091,73,35
68,6738,3630.12709296014,80,12
35,3841,656.515448414351,71,36
53,5461,1841.2801671365,92,39
38,3778,726.773993669895,84,46
42,4013,901.753729171399,64,22
24,5827,642.790383122126,57,33
39,6146,1229.47450052486,60,21
3,2675,136.162915414011,86,83
9,8298,513.904583038321,87,78
54,3504,1223.22401746465,82,28
85,6262,4829.51162928625,88,3
27,6699,832.743796432044,68,41
0,5662,365.947364433361,84,84
20,6965,656.008445948191,83,63
95,1208,1070.83687540456,95,0
46,5128,1341.24926616719,58,12
60,3423,1457.97949289886,88,28
68,9680,5215.14251407749,70,2
84,8417,6390.89757944226,91,7
16,6479,522.161224641124,85,69
66,3314,1689.68053623493,72,6
50,3860,1169.7527617477,89,39
4,4413,231.178621848879,45,41
23,2557,271.106794145342,83,60
68,6607,3559.55026761467,82,14
15,8541,662.371046675015,66,51
23,6034,639.756901006254,85,62
6,7261,405.142186418386,65,59
55,9577,3460.02897640423,72,17
47,6650,1805.42123513016,84,37
13,3881,278.862263421568,85,72
42,2762,620.643857456118,77,35
89,5712,4663.00318439877,91,2
60,2168,923.429605785781,88,28
71,4507,2624.64827552911,90,19
87,4583,3640.25462963065,97,10
52,7467,2430.60794843785,63,11
20,1516,142.786619390877,78,58
57,1372,530.199698110239,83,26
1,7737,374.72441242975,82,81
16,7080,570.597541358104,83,67
61,4276,1879.3907619633,90,29
52,2527,822.572155578204,85,33
65,8168,4047.5246891615,81,16
97,7375,6793.8636076605,98,1
68,4983,2684.61313508762,85,17
18,9594,835.557494593761,83,65
18,9173,798.891900970249,79,61
3,6766,344.403097454654,74,71
51,3320,1042.93376091886,72,21
72,7932,4734.20200296986,81,9
56,5510,2059.29745353382,93,37
13,6390,459.141938485911,81,68
66,6028,3073.44425842611,77,11
56,1228,458.950503255812,91,35
64,5362,2580.8150372266,82,18
91,5303,4443.32709167807,95,4
4,4950,259.309806968491,72,68
76,9202,6018.1123455157,77,1
28,5792,749.288715227056,83,55
88,2693,2169.02144261185,89,1
5,6627,357.999226047355,77,72
58,3729,1489.31237943356,69,11
53,5609,1891.18118613233,82,29
13,1899,136.449223972574,77,64
43,4727,1103.71043705493,65,22
4,3439,180.154833568614,76,72
30,6607,925.691709516719,63,33
92,9893,8397.15724749685,95,3
66,2995,1527.034763435,87,21
54,9716,3391.79353701099,70,16
31,5663,825.700512238287,83,52
15,8394,650.970912749102,52,37
89,2048,1671.88909692729,91,2
97,2353,2167.58794153562,99,2
59,7946,3278.14766930658,63,4
41,3257,704.189763358317,74,33
51,4800,1507.8560398827,65,14
67,7961,4173.7513484478,79,12
98,7503,7035.12503470789,98,0
25,9870,1132.91288866584,44,19
1,9885,478.758022084539,76,75
85,3607,2781.86656768373,86,1
6,3995,222.909108213945,78,72
58,2010,802.766930185425,60,2
56,1939,724.678359782589,74,18
56,2798,1045.71946914476,86,30
10,9439,606.288448250973,73,63
92,8051,6833.67158592916,93,1
13,1254,90.1039109329159,76,63
51,9342,2934.6648176217,85,34
87,4609,3660.90630328773,88,1
50,1812,549.117099556176,76,26
87,4889,3883.30894267167,87,0
12,3244,224.458339431082,81,69
67,3135,1643.60136633386,75,8
15,7392,573.263877417365,47,32
34,4207,691.143104329777,85,51
6,7132,397.944370408474,85,79
52,5768,1877.56082048875,78,26
89,5478,4471.97679344126,91,2
26,8851,1057.23782239932,70,44
1,3067,148.543333711005,71,70
43,5382,1256.6468314427,65,22
10,1843,118.380083708713,77,67
78,5014,3418.12013788929,78,0
49,8936,2611.4409191788,56,7
97,3774,3476.61576343196,98,1
29,4299,578.781067177482,83,54
74,4877,3051.27145336513,89,15
24,1866,205.84294746969,74,50
93,6069,5220.27581182629,96,3
98,1195,1120.48172950499,98,0
17,3819,319.919302316237,71,54
97,2823,2600.55280873567,98,1
70,4131,2345.64855102958,87,17
1,6540,316.750375764581,67,66
4,6213,325.473097110148,75,71
2,1624,80.5193696463918,83,81
70,3799,2157.1335863862,75,5
21,8734,855.641079207341,70,49
11,1254,83.579756508481,86,75
44,1540,373.541813231532,80,36
11,2878,191.820206723611,53,42
23,5720,606.46494427507,86,63
1,6020,291.565330596755,85,84
39,6445,1289.28785484587,64,25
5,4230,228.510144285546,58,53
32,1780,270.080789723685,87,55
79,5044,3506.9491129821,93,14
39,1712,342.476463537025,63,24
9,4776,295.783115038687,42,33
55,3238,1169.84168587208,76,21
76,1497,979.038706937296,84,8
1,4245,205.597147571964,71,70
40,6227,1295.13934427781,80,40
34,6832,1122.38880170692,63,29
55,4289,1549.55249867367,73,18
74,8544,5345.51226113424,75,1
76,2712,1773.64928070404,89,13
69,6081,3364.48182050607,80,11
16,8743,704.6234892788,86,70
31,3501,510.467507212827,90,59
63,5167,2414.16902646924,81,18
93,5468,4703.32314039646,95,2
57,2255,871.428804109759,76,19
26,2512,300.054390449339,85,59
56,6609,2470.03572965608,80,24
62,2935,1330.40811291582,67,5
41,8299,1794.31097516447,75,34
56,2607,974.335473931517,80,24
6,3863,215.543901134035,69,63
30,2212,309.918277803993,80,50
58,9672,3862.86654166838,90,32
28,8252,1067.52943336562,68,40
90,6554,5421.03772569963,93,3
43,3555,830.059361906128,78,35
71,9259,5391.97212849436,78,7
23,2752,291.781735427446,86,63
2,5657,280.479109661107,83,81
3,7396,376.471372860571,75,72
50,3596,1089.74894591833,93,43
41,3911,845.589857075339,80,39
91,4833,4049.51910882144,93,2
83,1834,1370.06137122139,85,2
67,3714,1947.15645121657,80,13
3,5288,269.169905311885,62,59
43,1175,274.351547184163,67,24
55,8439,3048.88634560669,74,19
18,3439,299.508257651443,73,55
49,9761,2852.53746778249,85,36
22,1313,133.81189575979,80,58
88,2832,2280.97613274295,96,8
75,9525,6094.95857431072,76,1
18,9042,787.482892028016,79,61
24,6321,697.284711123212,65,41
46,6622,1732.01104535085,60,14
43,7070,1650.77909667407,76,33
59,3913,1614.32064309044,90,31
5,9909,535.2971677838,60,55
39,3035,607.135553057752,65,26
76,2010,1314.54094919437,81,5
32,1103,167.359051160239,58,26
1,1398,67.7090252781169,77,76
68,4847,2611.3425377824,80,12
46,1207,315.695761361896,65,19
13,9420,676.857129974535,86,73
26,2789,333.141598313378,77,51
27,1107,137.609700350839,78,51
60,1620,690.016587349154,69,9
8,2276,136.012053807044,74,66
18,9350,814.307126792961,69,51
97,1831,1686.72057839002,99,2
53,4729,1594.47242453553,61,8
18,2007,174.792984328714,63,45
92,8166,6931.2833400444,92,0
81,5049,3643.76498856435,88,7
0,4820,311.527074632427,86,86
88,8108,6530.42178117225,95,7
27,3844,477.842536719626,75,48
4,9305,487.450051281173,64,60
85,2301,1774.62572005552,91,6
23,4947,524.507356526009,80,57
70,8687,4932.61896944904,92,22
95,2900,2570.7176644646,96,1
21,2182,213.763319765333,77,56
75,3299,2110.99930043581,85,10
77,2877,1921.69093074852,83,6
62,9385,4254.13292664905,69,7
24,8824,973.39666048904,88,64
59,6811,2809.89979557603,72,13
32,7767,1178.49297403588,80,48
19,2563,232.115735249788,60,41
65,4228,2095.11929306743,90,25
40,1636,340.267860484744,48,8
88,8108,6530.42178117225,89,1
83,9499,7096.0812242268,85,2
94,2251,1963.8562104308,94,0
53,6591,2222.28119055058,90,37
51,5352,1681.25948446921,68,17
43,3518,821.420206803308,77,34
13,7246,520.64827641141,68,55
62,3058,1386.16286517771,81,19
62,1886,854.906201348972,86,24
18,2893,251.956205113587,60,42
46,5229,1367.6662271428,80,34
24,7294,804.618681052477,87,63
11,2553,170.158786575879,52,41
72,1253,747.851123262889,90,18
83,7495,5599.02397890092,89,6
24,5072,559.504517452449,80,56
20,3493,328.993180430299,36,16
46,4748,1241.85871992236,63,17
73,8108,4956.34091888279,75,2
50,8778,2660.12687632677,91,41
21,2905,284.593237359437,57,36
77,5695,3803.9728365008,78,1
36,4743,843.384392897829,74,38
12,9778,676.557843081727,68,56
10,4879,313.389272064466,39,29
9,4693,290.642830585544,25,16
44,7295,1769.47242047015,87,43
32,3067,465.358304540755,71,39
49,6477,1892.82708521946,89,40
64,3069,1477.15802858046,86,22
4,6667,349.256259203824,79,75
43,5654,1320.15629598235,91,48
89,4864,3970.73660520232,89,0
90,1001,827.961361523547,91,1
47,9171,2489.85235298928,92,45
74,6330,3960.33387324201,80,6
3,9208,468.705841170922,63,60
2,6288,311.764652916571,79,77
87,1342,1065.94407876158,92,5
41,5830,1260.49319016856,84,43
64,2013,968.888599391486,80,16
65,1651,818.127235774441,77,12
59,2099,865.949151506986,72,13
14,1905,142.190774468314,87,73
49,1270,371.142565729306,77,28
97,1232,1134.92067317122,98,1
36,4014,713.756051674444,65,29
71,9242,5382.07219046818,83,12
70,9315,5289.20751702749,82,12
77,1883,1257.74905199842,85,8
93,3833,3296.97103093263,95,2
64,10000,4813.15747338046,67,3
49,9887,2889.35948611469,90,41
11,8569,571.128336141287,87,76
81,9361,6755.65142759969,87,6
35,9675,1653.68054241313,87,52
61,7012,3081.91955633458,83,22
55,2458,888.039179701535,70,15
42,8240,1851.59499834845,55,13
21,4325,423.705938581606,69,48
13,1824,131.060234084241,70,57
55,1516,547.708460710955,92,37
37,5401,998.986636939263,75,38
60,5064,2156.94073971365,89,29
79,6125,4258.53753311169,82,3
2,9457,468.886501690842,82,80
17,9547,799.756370571645,85,68
78,7276,4960.15997672167,83,5
56,9643,3603.95741278159,87,31
37,6799,1257.56529245511,83,46
79,5953,4138.95084646757,91,12
62,5726,2595.54236952504,86,24
11,4826,321.655426562942,81,70
38,8148,1567.43104828542,91,53
74,7321,4580.34822843677,78,4
88,8287,6674.59364831949,93,5
40,6380,1326.96146081459,82,42
43,6833,1595.44180588033,59,16
26,9724,1161.51627895277,88,62
45,1075,270.805635371025,91,46
46,3616,945.779513740362,77,31
28,3034,392.496885704228,78,50
51,5431,1706.07628179228,77,26
0,8145,526.429050390273,18,18
61,3281,1442.06760757755,74,13
49,5698,1665.17349568944,68,19
99,1729,1646.66666666667,99,0
43,5968,1393.4723690171,59,16
77,3690,2464.73393620509,80,3
63,3128,1461.49036477565,86,23
5,1884,101.776149369733,68,63
18,7444,648.310401267037,65,47
76,1040,680.160491125443,83,7
20,2822,265.794089657688,83,63
23,7050,747.478646353015,69,46
63,7141,3336.47784362625,72,9
75,6617,4234.15652348704,75,0
4,1860,97.437624436645,75,71
10,3601,231.300424001669,73,63
98,2670,2503.50311111156,98,0
3,5552,282.608039767697,89,86
45,2226,560.756599382234,79,34
1,1471,71.2446181574463,70,69
98,6363,5966.21359400857,98,0
57,3134,1211.11213839467,68,11
36,8638,1535.98026267161,60,24
17,4805,402.516954079476,51,34
20,5217,491.370576096441,78,58
45,5194,1308.43206522521,72,27
2,4081,202.339622861407,45,43
82,6630,4869.707096554,91,9
10,8821,566.592902004644,59,49
63,8934,4174.21832445833,75,12
58,3088,1233.30561214557,72,14
87,6479,5146.23821631616,88,1
33,5768,910.684694470366,67,34
99,5568,5302.85714285714,99,0
0,3152,203.720609801122,87,87
16,2717,218.970836139826,74,58
72,8354,4986.0720540608,86,14
70,7451,4230.79819746343,76,6
66,1099,560.337631056785,67,1
56,7393,2763.04647440572,82,26
34,9303,1528.33475150461,76,42
96,5175,4676.13645541449,96,0
56,8081,3020.17835245132,90,34
34,7208,1184.15961397885,85,51
41,3870,836.725325206229,77,36
81,8478,6118.40752090484,90,9
93,7769,6682.53794399051,96,3
58,4718,1884.30566000738,92,34
82,5160,3789.99828329089,85,3
68,6861,3696.39388317001,72,4
83,7825,5845.54538157435,84,1
11,3198,213.148374253686,70,59
39,3475,695.15520490138,83,44
76,5092,3330.17040462573,94,18
66,8697,4434.26421956402,81,15
63,9516,4446.14524015508,89,26
29,4921,662.521896157337,77,48
75,6369,4075.46363882257,79,4
21,2086,204.358517429186,78,57
65,1767,875.609222055382,73,8
55,5109,1845.80641541706,69,14
5,1683,90.9178659178662,70,65
87,6085,4833.28593089734,89,2
79,5156,3584.81951358757,82,3
36,8943,1590.21434233297,90,54
40,3680,765.394698400891,68,28
67,7100,3722.35078180874,68,1
70,8013,4549.91087857663,87,17
5,9656,521.629776175232,65,60
3,4772,242.904460693705,76,73
27,6677,830.009005639163,62,35
48,5457,1537.34252990356,65,17
79,3888,2703.2153353042,95,16
49,4705,1374.98092264282,88,39
30,4814,674.478566613211,73,43
36,1894,336.784743864324,80,44
28,7754,1003.1050928644,88,60
16,4929,397.242271377697,57,41
40,9589,1994.39395732776,90,50
89,1778,1451.47403043785,92,3
54,4975,1736.74072114344,76,22
18,4539,395.309096097674,35,17
15,7904,612.97046632939,70,55
11,4890,325.921060068957,52,41
88,4374,3522.94830671527,94,6
61,3446,1514.58853267669,64,3
79,5619,3906.73018751912,80,1
14,3813,284.605471416106,82,68
60,4943,2105.40246374498,71,11
65,6482,3212.05375062988,89,24
30,2373,332.475620808714,78,48
79,5322,3700.23457162782,91,12
93,4109,3534.37358886047,96,3
21,4275,418.80760403153,60,39
65,4620,2289.36876394786,82,17
97,7819,7202.87722688779,97,0
34,6082,999.175745313454,77,43
71,1956,1139.0752223064,73,2
6,4584,255.773554956877,79,73
61,2969,1304.93713102644,81,20
51,9358,2939.69100442131,87,36
34,3879,637.257927667032,69,35
10,2652,170.343994571626,86,76
85,1714,1321.9072073773,95,10
22,1155,117.709626506137,73,51
13,7417,532.935173356808,84,71
21,3051,298.89637424566,41,20
41,3058,661.164352578979,69,28
50,6630,2009.1867384423,61,11
65,6839,3388.95951875312,85,20
0,4597,297.11410001769,83,83
82,3384,2485.53375787914,91,9
39,8974,1795.20080828345,63,24
14,3524,263.034272559758,50,36
78,4544,3097.71398216373,80,2
15,9296,720.922754933959,59,44
1,6392,309.582324447585,66,65
2,3368,166.988446409512,68,66
11,5977,398.37017914768,54,43
30,3790,531.008260794364,74,44
30,8390,1175.50377521496,82,52
26,7248,865.762031041722,81,55
93,6425,5526.49070538538,95,2
81,4821,3479.22182805877,94,13
89,5504,4493.20194799209,93,4
13,7166,514.900020530522,89,76
51,3236,1016.54628022092,90,39
45,2647,666.811643560096,65,20
29,2594,349.234261051032,71,42
86,9109,7131.50502223822,91,5
27,3415,424.514116258461,75,48
81,4193,3026.00645613989,82,1
97,6845,6305.62662975405,99,2
33,2594,409.555495398081,54,21
71,6095,3549.41895703349,75,4
86,9778,7655.27018415252,92,6
34,3063,503.202122310935,71,37
89,8884,7252.47203960061,91,2
65,1590,787.899639540497,88,23
81,7943,5732.30843813955,82,1
78,9353,6376.08249893867,87,9
81,9429,6804.72570353996,85,4
95,4141,3670.80753398204,96,1
58,2221,887.037488528273,63,5
66,8816,4494.93772101603,77,11
51,4928,1548.06553427957,86,35
12,8165,564.951399955237,89,77
41,9874,2134.83872379491,76,35
15,1661,128.813758169676,84,69
1,4051,196.201188413199,71,70
56,1440,538.183000560561,76,20
3,9720,494.767677691286,30,27
36,2488,442.407836713009,77,41
31,4596,670.125296529607,76,45
24,8268,912.062963386603,86,62
46,2979,779.169571745724,73,27
15,2809,217.843375495857,60,45
80,2802,1985.49605136052,88,8
86,9317,7294.34979604715,90,4
59,9836,4057.87320353631,75,16
90,3316,2742.77709771437,92,2
40,6285,1307.20263028522,82,42
32,8328,1263.61394203306,35,3
70,7169,4070.67404074827,79,9
60,2472,1052.914199955,78,18
37,5424,1003.24079221599,39,2
75,8855,5666.23182945107,88,13
43,1812,423.085109359748,74,31
69,2633,1456.78023900551,87,18
17,4691,392.967124159588,68,51
94,1214,1059.13880029453,96,2
9,7437,460.581873229211,91,82
85,4514,3481.3822252632,89,4
8,2368,141.509904839666,80,72
55,8406,3036.96393188409,85,30
69,7468,4131.87801932894,94,25
47,1278,346.96666744306,89,42
75,9169,5867.15749793753,79,4
17,8819,738.771491784994,31,14
24,6664,735.121865990363,88,64
97,7057,6500.92142091663,98,1
24,3080,339.762206970336,70,46
83,4572,3415.44197885724,84,1
91,4895,4101.46824698551,94,3
22,9113,928.734048788245,70,48
95,4588,4067.05263605641,96,1
0,1385,89.5155598269525,83,83
34,5857,962.211828395413,86,52
44,3457,838.528602819096,76,32
77,8316,5554.66867574024,96,19
85,1790,1380.52152929134,86,1
79,6311,4387.85801983149,86,7
68,2732,1471.87699880782,82,14
95,9936,8807.81059107596,97,2
79,6222,4325.9788622075,94,15
25,6080,697.883522096078,70,45
24,2629,290.011312378251,74,50
42,1620,364.027172005399,89,47
24,7095,782.666512485238,87,63
17,5006,419.35481209612,72,55
91,3769,3158.00486678006,92,1
21,6314,618.561686983644,73,52
24,6109,673.898481292786,74,50
28,7304,944.890327351246,76,48
42,5444,1223.31106444283,56,14
22,5781,589.159611109936,68,46
78,4592,3130.43631296123,87,9
41,8091,1749.33969153581,84,43
73,3024,1848.54155632728,80,7
4,3731,195.451492888776,69,65
77,1782,1190.28614480148,85,8
53,4171,1406.33209615938,93,40
79,4422,3074.49028104815,92,13
97,9080,8364.5127535671,98,1
33,6659,1051.36084959746,75,42
92,3871,3285.6965233054,93,1
11,5197,346.382770793123,76,65
44,3583,869.091114810767,84,40
86,9662,7564.45290645138,91,5
62,3449,1563.39951667689,69,7
80,2911,2062.73340667755,84,4
29,1818,244.760172162983,64,35
35,5662,967.766328800327,91,56
82,8554,6282.87699908339,88,6
32,3683,558.824465478839,85,53
61,8109,3564.07382805435,93,32
54,7222,2521.15406795938,80,26
93,1694,1457.10120699188,95,2
40,5676,1180.53812720746,67,27
4,2592,135.784044376228,77,73
99,1285,1223.80952380952,99,0
53,4707,1587.05470549561,80,27
25,7621,874.764855574706,55,30
70,2863,1625.65766196991,84,14
57,5899,2279.62683611684,81,24
51,6760,2123.5639228348,73,22
68,5786,3117.23291182359,79,11
37,8589,1588.64955094822,80,43
67,9145,4794.49266192126,81,14
24,2000,220.624809720997,88,64
12,3485,241.13357364899,79,67
49,6032,1762.78106809384,54,5
39,4837,967.616036290065,84,45
59,3633,1498.80574913048,71,12
16,1493,120.325159498256,71,55
98,4039,3787.1344815654,98,0
83,5619,4197.58715643019,95,12
91,1469,1230.85941875827,91,0
11,1612,107.440643932752,67,56
21,4416,432.620907462745,82,61
90,9700,8023.20200477363,93,3
3,6627,337.327716055571,75,72
40,9188,1910.99089372483,74,34
86,4850,3797.10169698708,91,5
83,8070,6028.56884719553,92,9
52,2545,828.431395309271,76,24
76,2498,1633.69317964554,87,11
59,3424,1412.58213185323,69,10
61,4426,1945.3188756898,67,6
61,5211,2290.34267085846,83,22
87,4317,3428.97212221591,97,10
68,1673,901.336097732608,71,3
22,6019,613.414928086958,53,31
42,4178,938.830570764541,90,48
9,9190,569.147158125111,64,55
55,4359,1574.84246717616,89,34
89,6953,5676.09613815208,91,2
76,1954,1277.91692274915,76,0
89,4352,3552.76433097049,89,0
62,8241,3735.5684015466,80,18
41,6105,1319.9504161199,53,12
52,1611,524.401955930545,80,28
29,4207,566.394963855703,80,51
91,4744,3974.94695887625,95,4
7,3004,173.362560265384,90,83
93,5265,4528.71183873215,96,3
99,4574,4356.19047619048,99,0
4,1921,100.63315943161,77,73
24,4442,490.007702390335,79,55
21,2145,210.138552198276,51,30
20,4642,437.21338206626,90,70
30,4140,580.04596297854,77,47
61,6132,2695.14128913914,86,25
50,5545,1680.38317717384,50,0
55,9841,3555.40828618503,85,30
35,5925,1012.71909186541,90,55
11,5399,359.846176546482,65,54
52,2474,805.319949703394,88,36
74,1302,814.590000467789,75,1
52,3726,1212.86262433098,62,10
14,5679,423.885253651211,73,59
50,6731,2039.79425889217,85,35
81,2602,1877.8127352435,82,1
64,3747,1803.49010527566,71,7
37,2540,469.806713168992,80,43
62,7145,3238.76182854635,87,25
69,8104,4483.76264979135,75,6
11,5073,338.118105875219,65,54
10,5057,324.822617099817,52,42
89,3082,2515.99716637203,90,1
86,9399,7358.54821649105,86,0
83,8438,6303.47756290407,90,7
92,5403,4586.05484769286,92,0
79,1655,1150.67422323263,96,17
27,6521,810.616852744194,38,11
91,4220,3535.89295245738,95,4
41,1351,292.09713549189,61,20
41,7866,1700.69287030289,90,49
44,4468,1083.75637760941,92,48
54,3656,1276.28624653275,74,20
69,2670,1477.25151467706,95,26
18,6475,563.91857176304,79,61
84,2952,2241.40782398878,84,0
6,3126,174.42149493787,77,71
26,9808,1171.54994487544,55,29
99,3525,3357.14285714286,99,0
48,5230,1473.39223591637,60,12
10,9846,632.430984371128,85,75
43,7070,1650.77909667407,88,45
80,6073,4303.32531046126,95,15
60,5029,2142.03297393759,74,14
77,5342,3568.18663609961,79,2
83,5567,4158.74135964529,85,2
24,1468,161.938610335212,90,66
98,7580,7107.32343903583,98,0
99,2337,2225.71428571429,99,0
64,8692,4183.59647586229,80,16
66,8178,4169.64617541618,87,21
18,7061,614.954291153486,64,46
93,9588,8247.15842540623,94,1
46,3770,986.058840376428,61,15
89,3259,2660.49148773732,95,6
22,1396,142.270682772785,87,65
4,8756,458.690236326486,90,86
50,3822,1158.23706098438,89,39
49,2542,742.869607940076,65,16
8,6734,402.418791887801,73,65
46,5465,1429.39298744222,71,25
26,5163,616.712109032617,77,51
84,1346,1021.99692787564,86,2
18,6752,588.042964717227,76,58
21,3646,357.186555391569,61,40
15,1238,96.0092911583736,84,69
33,5248,828.584132555562,81,48
65,6147,3046.04973852543,85,20
73,1075,657.136961988037,83,10
93,3066,2637.23276306795,98,5
55,2804,1013.04388115667,83,28
33,1766,278.826139118354,84,51
47,1617,439.00242664744,74,27
1,7048,341.35422758238,69,68
90,6418,5308.54747078734,96,6
98,6883,6453.7872336258,99,1
69,5064,2801.79837839874,91,22
88,4344,3498.78542395317,92,4
27,2445,303.934704026921,50,23
77,7802,5211.34259356967,83,6
55,4689,1694.06660440216,75,20
3,2618,133.261500020143,83,80
38,8256,1588.20701210658,84,46
18,2420,210.761844581707,37,19
54,5759,2010.43011317891,60,6
8,9234,551.816917774273,86,78
1,7162,346.875564407635,59,58
63,1729,807.837864672986,94,31
51,6426,2018.64227339296,60,9
41,9389,2029.97779802617,77,36
87,9687,7694.33702754355,88,1
2,6755,334.918929779173,4,2
78,2288,1559.76443468103,80,2
54,3881,1354.83230929803,70,16
12,7346,508.283280351643,75,63
63,6062,2832.33842431905,85,22
24,6698,738.87248775562,60,36
64,4876,2346.89558402031,95,31
87,1262,1002.40046750903,87,0
1,1258,60.9284361944714,76,75
90,5920,4896.6346255938,99,9
91,5816,4873.16431551945,93,2
78,3874,2640.96478144856,88,10
10,7729,496.451257181033,82,72
75,6472,4141.37237721144,84,9
52,3570,1162.08254666173,81,29
22,6632,675.887656267271,72,50
32,8916,1352.83164111033,43,11
96,8079,7300.19447793114,96,0
52,9964,3243.41470446427,59,7
79,7537,5240.2607978878,90,11
21,1694,165.955574556587,67,46
30,6294,881.837992992013,72,42
48,9242,2603.65029528472,68,20
88,4232,3408.57732830796,93,5
29,3666,493.559291061328,75,46
21,3225,315.942578479926,87,66
98,2673,2506.31603595551,98,0
54,8686,3032.22711635214,65,11
90,2865,2369.73956120376,92,2
31,7451,1086.40199835555,92,61
74,5737,3589.3262923838,92,18
18,5769,502.431851814822,82,64
41,3648,788.727128256414,46,5
59,2478,1022.30681154565,84,25
37,3798,702.490510478674,44,7
21,9332,914.225160426254,77,56
68,7899,4255.62094201427,78,10
94,2460,2146.19559203011,96,2
30,4948,693.253001163724,82,52
4,6635,347.579912976957,86,82
40,3095,643.721899877923,65,25
89,1688,1378.00234160804,94,5
14,7917,590.931423341545,70,56
92,6740,5720.89758901534,98,6
84,2362,1793.42997298831,96,12
37,8899,1645.98816554758,84,47
98,6563,6153.74191693828,99,1
94,5225,4558.48453998264,96,2
34,3587,589.286977711174,69,35
28,5773,746.830758460945,82,54
59,3958,1632.88553676258,73,14
79,6722,4673.61457919621,95,16
73,9906,6055.44069344511,80,7
34,9026,1482.82806267663,81,47
38,9226,1774.80594642627,75,37
2,1890,93.7078870884732,90,88
6,8144,454.410958021118,85,79
63,2458,1148.44735186015,67,4
27,9257,1150.72538044058,76,49
78,5717,3897.36594102773,85,7
3,2144,109.133940429024,74,71
81,9093,6562.24104595279,91,10
11,5477,365.044917381938,49,38
90,3403,2814.73777548914,94,4
25,9896,1135.89725899059,82,57
24,3099,341.858142662685,82,58
9,8079,500.341663818582,60,51
59,5392,2224.48681511466,69,10
85,6789,5235.95567729549,89,4
92,7692,6528.95315351721,94,2
97,1112,1024.37645175844,99,2
81,3794,2738.05592525513,89,8
34,3371,553.801617469854,90,56
52,4078,1327.44331240519,82,30
29,4282,576.49233069411,76,47
8,1505,89.9376717836562,82,74
61,5892,2589.65630717675,82,21
61,4195,1843.78958055099,67,6
60,1012,431.047399010706,86,26
85,4600,3547.70895795541,88,3
53,8365,2820.41908040594,87,34
65,6997,3467.25394834268,73,8
47,1912,519.092541589304,87,40
15,5985,464.148309840764,72,57
76,5756,3764.42671819043,77,1
61,8058,3541.65826938734,68,7
0,3220,208.115597576019,69,69
83,1365,1019.7021656037,84,1
34,2643,434.202810730592,85,51
72,8090,4828.50406001339,80,8
53,4463,1504.78545796195,91,38
73,6870,4199.56365475146,75,2
81,2028,1463.56811186542,95,14
17,4684,392.380731094332,62,45
95,7736,6857.61098355109,97,2
12,7021,485.795931302598,82,70
81,2948,2127.514198116,95,14
3,2136,108.726724233394,76,73
16,3669,295.695251305492,81,65
80,3643,2581.42830660471,91,11
9,5612,347.557546398055,53,44
26,2456,293.365279834226,87,61
42,1484,333.466866207415,76,34
29,7341,988.330266143265,78,49
98,3774,3538.65945368354,98,0
53,2710,913.728118099236,78,25
44,8194,1987.53351793453,67,23
79,5592,3887.95785880173,81,2
30,9485,1328.92172919117,73,43
15,7493,581.096622495714,67,52
76,1596,1043.78475368866,80,4
92,9806,8323.31183351401,93,1
36,1744,310.112245670212,70,34
67,2106,1104.12264035059,69,2
66,6428,3277.38880112194,66,0
44,3334,808.69376968437,63,19
83,1158,865.066013017648,86,3
60,9398,4002.94807895515,77,17
56,4277,1598.47825930383,74,18
56,4724,1765.53923239451,61,5
96,1221,1103.29712310359,98,2
3,9494,483.263820164719,74,71
67,4082,2140.08956216103,94,27
5,5608,302.951510438142,88,83
24,1802,198.782953558619,81,57
98,6682,6265.32126908145,98,0
34,6743,1107.7675190149,66,32
7,7520,433.983506390041,73,66
42,2289,514.356911555776,83,41
22,1024,104.35901085912,66,44
72,3062,1827.54999156502,81,9
10,6751,433.632091762085,31,21
57,3368,1301.53978369919,88,31
76,3940,2576.76186060985,84,8
27,5343,664.181236652696,74,47
16,4281,345.018089626277,63,47
52,3730,1214.16467760455,81,29
61,4712,2071.02181252832,83,22
74,1946,1217.50548457014,78,4
91,4680,3921.32204206173,93,2
66,4369,2227.58426759517,75,9
15,2283,177.051059543269,69,54
83,7688,5743.2016477372,90,7
33,4766,752.483227088378,90,57
28,8901,1151.48806185014,81,53
21,8675,849.861044438251,79,58
66,6417,3271.78032619781,85,19
21,1037,101.591458568584,80,59
33,5965,941.788176580398,80,47
19,2886,261.367932864178,62,43
49,1139,332.859356193449,76,27
28,5147,665.847551324872,47,19
77,9202,6146.47200025995,96,19
10,5258,337.733304471196,62,52
41,1920,415.119541187586,82,41
84,3594,2728.86846863674,85,1
46,1932,505.322461434286,86,40
98,6320,5925.89500457868,98,0
55,1952,705.228835955003,81,26
52,8146,2651.63149162645,71,19
67,1375,720.877792251693,88,21
66,7180,3660.80454139009,84,18
39,4353,870.794419262074,84,45
8,6876,410.904605438153,58,50
56,4178,1561.4781780153,74,18
74,7400,4629.77419620709,89,15
9,3130,193.844461907682,15,6
62,2263,1025.79678348501,75,13
78,6165,4202.77436180444,92,14
40,6606,1373.96667870551,43,3
41,2387,516.088721257692,82,41
35,9239,1579.15809109612,79,44
87,1659,1317.73563834982,98,11
56,4126,1542.04379188394,79,23
6,1526,85.146257605627,69,63
79,2341,1627.63042694114,92,13
41,3806,822.888007166643,55,14
49,9196,2687.42286176906,87,38
13,7337,527.18691747592,80,67
11,4915,327.587323157244,73,62
16,6326,509.830515060927,84,68
37,7197,1331.18067506978,53,16
47,3243,880.448280530395,86,39
99,6750,6428.57142857143,99,0
82,9956,7312.64009853568,86,4
87,9267,7360.73306846765,95,8
46,1814,474.459081284573,50,4
0,5978,386.371131152001,86,86
48,5138,1447.47405509337,85,37
36,3662,651.164589245594,82,46
33,2478,391.24075466324,92,59
6,4676,260.906881103481,67,61
65,9185,4551.48313784872,95,30
42,3649,819.959969535618,66,24
43,2178,508.542697674134,57,14
46,6769,1770.45949350346,85,39
32,7085,1075.01258156871,87,55
52,1422,462.879938754335,74,22
59,1201,495.476384449686,79,20
1,9208,445.969030587196,80,79
41,7320,1582.64325077767,58,17
15,9616,745.739373003975,77,62
58,7306,2917.91800593767,80,22
79,3835,2666.3659493034,85,6
54,1828,638.143123266374,81,27
46,5542,1449.53265076026,68,22
16,1489,120.002788005963,65,49
59,3285,1355.23723806596,73,14
8,9885,590.720189755111,44,36
50,9324,2825.58931361026,57,7
38,6404,1231.93770658073,88,50
79,1443,1003.27667922942,82,3
64,6464,3111.22499079313,75,11
18,6194,539.445812123593,86,68
96,9140,8258.91540144704,98,2
36,8548,1519.97676375514,87,51
87,1648,1308.9983918026,88,1
37,4682,865.998043723316,63,26
34,5638,926.233615928519,44,10
57,2108,814.621693597948,86,29
79,4584,3187.12425335249,84,5
13,4389,315.363688265205,88,75
85,1681,1296.45625180936,88,3
13,7967,572.454432537911,71,58
7,9021,520.607075950075,87,80
91,4750,3979.97429482761,91,0
32,7266,1102.47585288331,57,25
58,2497,997.268171479108,75,17
37,3539,654.585022797269,47,10
97,2443,2250.4961075952,97,0
70,6939,3940.07632427845,77,7
28,7612,984.735100191359,75,47
22,3832,390.530985949364,68,46
31,3378,492.533344577244,75,44
82,6211,4561.95335998444,93,11
65,4058,2010.87845110399,79,14
90,7213,5966.11918148785,90,0
89,1557,1271.06021675576,96,7
12,8210,568.065032900489,87,75
59,8367,3451.83256343924,63,4
21,5969,584.763178588117,22,1
16,6157,496.21031951156,63,47
90,5087,4207.63181425603,95,5
67,5587,2929.12307295288,93,26
82,6231,4576.64327581115,85,3
40,3715,772.674267543291,59,19
11,4014,267.535201455377,80,69
67,9649,5058.72713995388,82,15
66,6469,3298.29311674826,88,22
9,5423,335.852561318006,65,56
11,4905,326.920817921929,79,68
51,4048,1271.62526030107,89,38
63,2105,983.515734607655,64,1
93,7750,6666.19501427809,96,3
92,1766,1498.97702406544,93,1
48,2261,636.967465660978,66,18
93,4938,4247.44141683938,99,6
76,7106,4647.32735570904,85,9
28,5646,730.401257971678,35,7
29,1092,147.017661167204,87,58
97,7462,6874.00816818477,99,2
9,4665,288.908758721833,86,77
11,8655,576.860281164994,76,65
89,5889,4807.49750576407,96,7
77,8888,5936.73583333084,79,2
14,8573,639.895805520661,77,63
30,2628,368.203089542899,86,56
21,8836,865.633681689496,79,58
32,9606,1457.52587982344,80,48
95,6366,5643.16850068333,96,1
56,3260,1218.38651515794,80,24
54,2082,726.812900788069,82,28
62,6938,3144.93066010561,89,27
63,3015,1408.69355811975,86,23
97,5678,5230.58407651476,98,1
42,2983,670.304354377843,63,21
66,7355,3750.03027881952,94,28
45,4169,1050.22204080168,85,40
13,6638,476.961531716663,79,66
68,1889,1017.70704639384,89,21
7,1930,111.381405230423,87,80
64,4021,1935.37062004628,79,15
58,3045,1216.13199125105,74,16
77,4854,3242.22724291043,78,1
12,7680,531.393355989739,80,68
6,5728,319.605349649431,50,44
96,4889,4417.70649865148,99,3
17,6145,514.769340857103,70,53
19,3855,349.124525707348,73,54
3,6679,339.97462132717,87,84
72,4239,2530.04063169305,91,19
90,5994,4957.84255841373,91,1
84,9845,7475.15583576203,90,6
70,4260,2418.89683548439,76,6
99,1426,1358.09523809524,99,0
82,6131,4503.19369667761,86,4
29,8384,1128.75098097604,66,37
33,5317,839.478245578873,73,40
59,3581,1477.35298310935,71,12
60,1356,577.569439781143,93,33
56,1453,543.0415970934,76,20
28,5061,654.722062804581,90,62
44,1218,295.437615919485,90,46
88,4274,3442.40536417491,90,2
35,8563,1463.61410694405,90,55
86,3304,2586.72659934955,94,8
99,2706,2577.14285714286,99,0
64,3193,1536.84118125038,88,24
4,8598,450.41327683133,83,79
47,4263,1157.37003388871,84,37
38,8723,1678.04381862956,79,41
45,2585,651.193085985209,83,38
49,5266,1538.92657569333,82,33
8,6145,367.220593428948,70,62
0,2070,133.788598441727,70,70
95,7820,6932.07315038385,95,0
46,1650,431.564213957853,63,17
67,2959,1551.32900892564,90,23
55,6396,2310.78055059846,78,23
99,1765,1680.95238095238,99,0
43,8033,1875.63062002586,86,43
89,3700,3020.50276300341,90,1
31,6066,884.460410954873,78,47
90,3608,2984.30029208487,96,6
42,6847,1538.57657204998,79,37
65,1893,938.046551981233,89,24
31,2417,352.41358609923,53,22
25,3302,379.015031243627,83,58
20,2206,207.775252227094,81,61
0,5183,334.988553489599,84,84
92,5164,4383.19215870552,92,0
60,5288,2252.35044068045,62,2
53,1137,383.361206744956,81,28
61,4901,2154.0912358237,83,22
68,7757,4179.11781835735,82,14
51,7461,2343.77373199267,82,31
39,5480,1096.24475477973,78,39
72,6645,3966.05803198875,93,21
21,3086,302.325208430714,79,58
93,1778,1529.3541594047,97,4
20,1790,168.593699676563,72,52
75,7106,4547.06305816819,84,9
37,3906,722.466543952002,88,51
3,6586,335.240733052964,85,82
11,9414,627.448028525391,76,65
18,2811,244.814688065777,72,54
84,2143,1627.14666897288,85,1
83,7402,5529.54976542023,87,4
44,2208,535.571638711184,57,13
55,1134,409.697489740253,78,23
20,2731,257.223125037259,73,53
32,5866,890.052759842213,61,29
96,3986,3601.75457222843,96,0
23,9293,985.293483767172,78,55
44,1556,377.422767135237,75,31
97,3722,3428.71326748643,97,0
85,5096,3930.24453255234,91,6
1,5267,255.095447882576,52,51
84,1399,1062.23900601636,85,1
13,8880,638.056402778543,86,73
30,4472,626.561726193244,54,24
21,3777,370.020191912769,78,57
36,4631,823.468927579559,92,56
81,4486,3237.45885100013,92,11
85,2839,2189.55341992074,88,3
16,7085,571.00050572347,72,56
60,3020,1286.32721839163,83,23
92,7723,6555.26588723524,94,2
69,7285,4030.62819641288,81,12
76,4200,2746.80198339121,77,1
99,4642,4420.95238095238,99,0
63,1474,688.694628414102,86,23
91,7718,6466.82981210095,98,7
40,6622,1377.29448174204,82,42
19,3775,341.879399363227,70,51
49,6237,1822.68990744384,82,33
89,9642,7871.26692996726,89,0
27,9752,1212.25817328038,75,48
26,3518,420.219484713683,87,61
62,1654,749.742766188335,90,28
42,5038,1132.07956331062,84,42
93,6745,5801.74004791041,95,2
97,5548,5110.82783665091,98,1
69,9257,5121.69186193466,71,2
15,6096,472.756574233801,75,60
58,6045,2414.29158854273,92,34
48,4516,1272.24461518133,62,14
8,6157,367.937704433204,80,72
81,3711,2678.15644138687,86,5
51,6383,2005.13439636901,61,10
90,8960,7411.1226765744,94,4
32,3489,529.388694014572,88,56
90,1024,846.985448751361,98,8
84,1358,1031.1083417943,85,1
50,1342,406.686063799331,81,31
98,5510,5166.40529671338,98,0
37,5531,1023.03186241642,87,50
92,1245,1056.75333803028,95,3
49,1994,582.723052019084,75,26
46,6960,1820.41632069494,81,35
43,6643,1551.07857697396,73,30
10,3512,225.583751483994,87,77
89,7497,6120.19167952339,89,0
73,1001,611.901487395372,86,13
47,1197,324.97582232343,53,6
55,9551,3450.63555953188,86,31
85,4433,3418.91169796007,90,5
42,8197,1841.93254872114,68,26
72,1359,811.117060266773,80,8
93,3645,3135.26204219918,93,0
41,9850,2129.64972953007,69,28
45,2688,677.140044537038,76,31
78,9545,6506.97182212869,85,7
42,4625,1039.27510526233,75,33
51,3707,1164.50465413441,84,33
21,1264,123.829897425931,75,54
32,2810,426.363493889638,75,43
6,8337,465.17978352432,70,64
86,3216,2517.83073350731,92,6
30,6826,956.37530031196,53,23
95,5390,4777.98903843593,97,2
54,8030,2803.22170668981,86,32
14,2835,211.606743106389,74,60
69,7823,4328.2916102317,77,8
32,9180,1392.88856722665,65,33
6,7269,405.588562605048,59,53
57,2730,1054.98919521935,86,29
67,8537,4475.73360905651,78,11
26,9433,1126.75679343496,81,55
20,5870,552.874311229846,70,50
21,6231,610.430451630517,87,66
60,8412,3582.97502023523,87,27
30,8427,1180.68776087443,81,51
98,9893,9276.08849371787,98,0
70,7726,4386.94764106864,96,26
53,2196,740.423227802923,88,35
33,6289,992.94314208116,71,38
88,5823,4690.01554412507,89,1
89,3836,3131.52664834623,94,5
64,5460,2627.98398046573,76,12
21,3442,337.201350427257,69,48
50,2579,781.552428121069,80,30
1,2888,139.873866239772,70,69
47,2293,622.530961226085,93,46
70,9818,5574.81904478539,81,11
45,4113,1036.11495654049,68,23
9,5059,313.309627089765,39,30
75,9179,5873.55640457723,75,0
11,2760,183.955444946896,84,73
87,2477,1967.46906340718,93,6
15,5565,431.576498623868,57,42
30,1240,173.73357345251,87,57
66,7350,3747.48097203582,78,12
0,1784,115.303796917894,39,39
28,6627,857.309446790349,69,41
75,8347,5341.1673721545,77,2
40,1022,212.563418958073,57,17
99,8088,7702.85714285714,99,0
71,9032,5259.77883838007,88,17
76,5565,3639.51262799336,80,4
31,4720,688.20526536548,36,5
22,2569,261.81474501668,62,40
85,2462,1898.79553358396,87,2
78,1853,1263.21831182865,95,17
93,5414,4656.87481384536,93,0
5,1890,102.100277233967,86,81
67,2339,1226.27865896488,87,20
47,4528,1229.31539137886,60,13
50,5677,1720.38508508853,77,27
82,8145,5982.46822042719,90,8
22,2654,270.477358222759,71,49
20,4278,402.929523584546,88,68
8,8557,511.359905284217,76,68
36,5746,1021.73449748913,78,42
35,3361,574.472382744242,45,10
1,4411,213.636988914001,84,83
63,6666,3114.54436432049,84,21
53,7399,2494.713780744,75,22
43,5936,1386.00066730655,67,24
17,2145,179.687589282097,72,55
62,7120,3227.42956182645,80,18
68,1945,1047.87729234305,72,4
59,9852,4064.47405461974,83,24
53,6410,2161.25359299487,86,33
59,5748,2371.35575172089,79,20
4,3455,180.993006682048,89,85
9,1811,112.157290899301,80,71
17,2226,186.472994751491,83,66
64,6100,2936.02605876208,80,16
98,7982,7484.25536812453,98,0
50,8166,2474.66348508595,88,38
95,8903,7892.10322990632,96,1
98,7015,6577.55592675941,98,0
69,1483,820.510860024749,69,0
18,1521,132.466432069743,55,37
42,5415,1216.79452864768,60,18
66,4213,2148.0458959438,69,3
52,1289,419.586667408114,92,40
21,7740,758.262188351822,52,31
51,4785,1503.14398975806,90,39
70,3515,1995.87379735391,90,20
82,3986,2927.70022426308,85,3
88,9859,7940.72870505393,97,9
49,4711,1376.73435208721,89,40
48,8303,2339.11581927603,69,21
53,3845,1296.41498674965,79,26
56,1715,640.961004139835,74,18
75,8506,5442.90998772567,90,15
94,4429,3864.02450288672,96,2
1,3296,159.634440140682,60,59
49,4823,1409.46503504917,86,37
32,2352,356.87079630905,77,45
90,9560,7907.40321295215,91,1
19,6742,610.583022650828,73,54
26,4557,544.326376304791,69,43
30,1827,255.976805401399,48,18
0,9999,646.257099429385,83,83
26,8114,969.204348768285,72,46
63,2976,1390.47165139781,70,7
80,8806,6239.92799010734,88,8
78,1065,726.026714569623,92,14
17,6448,540.15178353891,28,11
40,5389,1120.84566023978,86,46
17,6463,541.408340107316,91,74
62,5839,2646.76421509897,83,21
77,5665,3783.93434921458,85,8
64,8758,4215.36331518661,90,26
35,4386,749.66851256062,81,46
34,3975,653.029198885396,53,19
56,3105,1160.45709495871,87,31
52,1577,513.334503105195,85,33
71,6381,3715.97085559159,90,19
59,6536,2696.44766757964,73,14
15,2901,224.978153190987,73,58
9,7036,435.747486895352,84,75
38,2562,492.852030646446,83,45
86,9005,7050.08263533375,93,7
36,2506,445.608536496302,89,53
12,9197,636.357382166358,64,52
51,8105,2546.07775067693,77,26
9,3432,212.547665580564,85,76
36,8381,1490.28138243237,72,36
77,4138,2763.97534634597,90,13
49,8643,2525.8151146444,70,21
17,5755,482.09887007854,78,61
95,6706,5944.56298548262,95,0
86,5089,3984.21660535408,87,1
64,2153,1036.27280401881,89,25
16,4191,337.764731049691,77,61
84,6418,4873.08787749322,84,0
9,6242,386.57416333155,75,66
60,5921,2521.96803314465,90,30
93,9447,8125.87668385614,93,0
47,7305,1983.24843949261,74,27
76,8534,5581.24003006205,95,19
42,9583,2153.37801810354,87,45
66,1707,870.333335954442,75,9
12,1869,129.319554992815,75,63
0,4189,270.744173368306,35,35
22,6086,620.243105555279,56,34
77,5902,3942.23839877572,87,10
94,8720,7607.65266768395,97,3
59,5200,2145.27660211354,84,25
96,4095,3700.24710819755,99,3
2,9629,477.414415224819,75,73
80,8233,5833.90042500043,84,4
94,2533,2209.88351000498,96,2
90,1084,896.613502389136,98,8
77,1240,828.257474497102,84,7
55,9839,3554.68571565639,82,27
2,1002,49.6800544246826,59,57
14,6005,448.218163087783,89,75
3,9228,469.723881659998,65,62
69,1624,898.523018664998,79,10
75,6076,3887.97567427947,85,10
57,1896,732.695792723771,66,9
82,5994,4402.56777326465,98,16
32,7069,1072.58488907682,81,49
55,4311,1557.50077448874,67,12
6,9304,519.135505086994,79,73
89,5342,4360.95290809843,90,1
78,4548,3100.44084306352,80,2
79,7754,5391.13469906091,80,1
31,2948,429.836678452846,87,56
77,5519,3686.41371108831,80,3
64,8657,4166.75042470546,87,23
94,1931,1684.67629602038,94,0
33,2814,444.290348515883,71,38
93,2677,2302.63278106096,98,5
37,2347,434.108801499065,72,35
81,3186,2299.27416390691,88,7
11,4194,279.532295691044,70,59
63,2362,1103.59342762151,85,22
25,7392,848.479440022074,72,47
75,4219,2699.69871128787,82,7
74,7689,4810.58564792383,75,1
88,9468,7625.80579972113,91,3
46,6347,1660.08367635788,53,7
67,4054,2125.40986893699,92,25
58,6776,2706.24314374947,66,8
32,8513,1291.68413647064,72,40
61,3121,1371.74428626929,89,28
63,6602,3084.6417481614,85,22
72,7749,4624.97873436882,72,0
50,7910,2397.084027312,73,23
16,4085,329.221886503934,70,54
74,8951,5600.14984192563,84,10
17,3357,281.217360009324,80,63
19,2724,246.696552017333,66,47
51,1646,517.068967009775,86,35
80,1821,1290.35985350732,91,11
38,1645,316.448708201953,64,26
17,7780,651.734006813387,69,52
81,8293,5984.89662312619,81,0
88,8774,7066.83777849104,95,7
50,2095,634.878765767212,62,12
54,4780,1668.66746674686,84,30
1,2957,143.215728002426,83,82
95,1123,995.48825420474,99,4
84,6925,5258.04511555633,85,1
1,5648,273.548336745926,69,68
85,8138,6276.35989126981,93,8
16,7537,607.428484352547,67,51
26,8987,1073.48280532174,64,38
53,9652,3254.35564424126,81,28
66,2551,1300.65632104264,74,8
28,6456,835.187835895351,87,59
17,5900,494.245583573134,48,31
79,7037,4892.6250808991,89,10
83,2634,1967.68901406605,89,6
35,9658,1650.77485050398,82,47
70,8555,4857.66723651854,81,11
57,6255,2417.20051871687,64,7
31,7275,1060.74010710463,67,36
94,3137,2736.83559845465,96,2
32,4328,656.690819058489,56,24
93,2122,1825.24720261911,93,0
30,9019,1263.63153142596,92,62
54,3961,1382.75979828124,88,34
8,9808,586.118727477807,45,37
47,5854,1589.31367074466,68,21
27,4189,520.729028698885,79,52
42,7192,1616.10087719928,90,48
66,5999,3058.65827908067,83,17
63,6910,3228.54808842703,76,13
64,4642,2234.26769914321,77,13
33,9920,1566.22610422088,89,56
53,7405,2496.73679502762,62,9
72,5597,3340.56084349752,84,12
41,8360,1807.49966892095,76,35
47,3918,1063.70532319398,66,19
45,1130,284.660807413264,89,44
89,3535,2885.80466681542,91,2
26,6539,781.073112718242,77,51
24,1084,119.578646868781,69,45
31,8810,1284.5526245487,54,23
29,8232,1108.28698418354,68,39
15,3505,271.819519798142,84,69
81,4527,3267.04775266999,93,12
96,6391,5774.91557228096,97,1
81,1865,1345.9341857145,92,11
38,6745,1297.5358886457,84,46
50,4520,1369.76230132115,93,43
30,4351,609.608692009572,83,53
11,8593,572.727948706042,70,59
56,7393,2763.04647440572,86,30
64,3315,1595.56170242562,73,9
96,8185,7395.97621015799,99,3
84,1347,1022.75621236886,89,5
66,6766,3449.72193969991,88,22
80,5424,3843.44417650945,87,7
85,1154,890.012203800118,88,3
78,4925,3357.44748286891,81,3
21,9855,965.461739820053,64,43
84,3261,2476.02673239411,88,4
95,4394,3895.0804888474,95,0
70,3152,1789.75653179502,75,5
39,4671,934.408622185423,71,32
61,4694,2063.11043888114,79,18
48,3514,989.961819696009,70,22
72,2561,1528.52891195232,95,23
53,4601,1551.31478648509,68,15
49,2623,766.540905439347,62,13
65,9865,4888.44650570252,89,24
29,2564,345.19531431567,90,61
3,6402,325.874760553458,74,71
10,4855,311.847697452958,54,44
69,2840,1571.30872722204,72,3
64,5018,2415.24242014231,78,14
62,3495,1584.25088744149,66,4
62,1726,782.379694341637,70,8
81,4802,3465.50989801664,85,4
5,9324,503.694701020906,76,71
52,2352,765.607324859492,70,18
53,8468,2855.14749227466,65,12
90,4749,3928.06044542989,91,1
78,2815,1919.02835822863,80,2
84,6679,5071.26113022393,89,5
36,6048,1075.43512718661,56,20
22,1741,177.430701079813,79,57
15,5319,412.498723482544,82,67
16,9925,799.884265251297,78,62
64,6483,3120.36998999255,85,21
47,1610,437.10198324204,73,26
84,6937,5267.15652947498,87,3
79,1674,1163.8843804782,84,5
51,6604,2074.55860153861,71,20
88,2846,2292.2521446986,98,10
88,3766,3033.24721606989,88,0
87,6418,5097.78621273609,90,3
65,3953,1958.84734283244,71,6
94,3896,3399.01545794687,95,1
80,1953,1383.89499939583,80,0
28,2882,372.833231575341,78,50
98,8521,7989.64419842009,99,1
19,3774,341.788835283926,81,62
33,6803,1074.09638982002,88,55
57,9310,3597.78366574805,72,15
30,7169,1004.43224845245,69,39
97,6855,6314.83864820512,98,1
27,3857,479.458549460874,75,48
15,8113,629.178820006369,65,50
0,4147,268.029622095575,56,56
98,2752,2580.38972351274,99,1
3,8035,408.997766486572,84,81
75,3684,2357.35720606412,76,1
28,5389,697.154158556389,86,58
45,4871,1227.06441850443,80,35
66,5905,3010.73131154715,90,24
79,1273,885.080535453254,97,18
75,7987,5110.80673312543,83,8
3,3634,184.97795686524,25,22
54,8378,2924.70628376678,59,5
9,8353,517.310795627753,81,72
33,1459,230.355230449422,81,48
39,9515,1903.42497111846,65,26
89,3581,2923.35686332843,91,2
4,1325,69.4112109562122,90,86
54,4532,1582.09225089891,74,20
7,5052,291.55381306948,63,56
72,5559,3317.88060193009,82,10
55,2473,893.458458666353,72,17
92,5673,4815.23027039823,97,5
25,5855,672.057240439562,72,47
54,7692,2685.22806573575,81,27
74,5517,3451.68435682088,77,3
25,9395,1078.39073850208,88,63
45,1956,492.740300265791,77,32
89,1567,1279.22373773685,95,6
2,2394,118.696656978733,90,88
83,6524,4873.65342739822,84,1
47,8225,2233.0210013452,48,1
36,8759,1557.49607788153,78,42
65,6881,3409.77196206174,84,19
51,4085,1283.24831727517,93,42
4,5313,278.325859479513,88,84
34,1458,239.526181628908,76,42
26,8696,1038.72331980392,59,33
10,1583,101.679692084044,79,69
36,7439,1322.77809377334,78,42
7,2242,129.387103899797,81,74
98,5427,5088.58104269755,98,0
13,9282,666.941388580004,56,43
55,3187,1151.4161373917,76,21
73,6642,4060.18948979027,74,1
7,7697,444.198277750552,73,66
64,5264,2533.64609398747,66,2
49,4509,1317.7022274594,56,7
45,7949,2002.45022843189,53,8
81,5419,3910.78678412165,87,6
34,9097,1494.49223201521,73,39
70,5925,3364.31073949414,71,1
18,1354,117.922122960178,87,69
99,1219,1160.95238095238,99,0
89,2899,2366.60473241807,90,1
67,1952,1023.3843276184,87,20
83,9967,7445.69339529093,86,3
50,2387,723.367834790614,79,29
62,5859,2655.83002847488,89,27
6,5040,281.216997596566,32,26
86,1822,1426.45758596092,95,9
0,6920,447.254638268961,86,86
15,7453,577.994545236962,87,72
60,6498,2767.73320036716,88,28
97,1471,1355.08791415167,98,1
77,6759,4514.67118558541,80,3
70,5007,2843.05550593201,90,20
24,8250,910.077340099114,63,39
73,1899,1160.84008447933,90,17
71,9056,5273.75522147585,75,4
20,1850,174.244885140582,75,55
23,7915,839.190565373633,67,44
23,8592,910.969720491504,54,31
58,8542,3411.55976002184,86,28
86,6841,5355.87066166776,92,6
21,9624,942.8314341987,63,42
39,6288,1257.88084271076,65,26
37,4948,915.198274315029,73,36
9,7549,467.518160684055,61,52
12,9045,625.840221995727,47,35
51,7826,2458.43361835875,74,23
17,8184,685.577263722462,81,64
62,9798,4441.34197286174,67,5
64,9195,4425.69829677333,79,15
74,7561,4730.50306723268,85,11
72,7038,4200.61947767296,79,7
69,1696,938.359014566402,84,15
44,5571,1351.29963734602,59,15
99,2792,2659.04761904762,99,0
70,5969,3389.29465047097,79,9
69,2643,1462.31301621403,89,20
55,6389,2308.25155374821,78,23
2,4630,229.55953292044,73,71
85,7476,5765.79829775535,92,7
56,2443,913.042409978786,62,6
6,5839,325.798819239355,67,61
1,4828,233.833457827431,84,83
28,7037,910.349566480109,80,52
20,3286,309.496590579434,70,50
58,5022,2005.71916586627,84,26
8,6017,359.571409383561,74,66
25,1170,134.296664613884,65,40
96,4973,4493.60900343502,96,0
33,5589,882.423154888155,44,11
86,5492,4299.72835460888,92,6
44,3226,782.497330834366,61,17
13,6855,492.553675793571,71,58
33,9400,1484.12554230608,79,46
71,4077,2374.23807839632,72,1
69,4325,2392.9261426885,90,21
46,1450,379.25340014478,68,22
82,2083,1529.95473335173,86,4
31,9084,1324.50352342797,73,42
53,3347,1128.50480120965,64,11
94,7930,6918.42725398323,94,0
41,1807,390.688026523942,63,22
98,3725,3492.71501456576,98,0
9,5518,341.736019427025,54,45
66,7270,3706.69206349666,70,4
95,4477,3968.65620131311,98,3
16,8198,660.700373453918,70,54
44,1935,469.352862729231,81,37
15,6432,498.814023207317,69,54
58,9894,3951.53035186796,75,17
69,4338,2400.11875305958,82,13
92,6462,5484.93178341501,92,0
58,5099,2036.47192886342,72,14
0,1143,73.8745739221709,70,70
16,1984,159.896260177186,80,64
51,8400,2638.74806979472,81,30
13,2025,145.502726984972,56,43
32,3108,471.579266551244,84,52
92,3880,3293.33570406224,94,2
83,2133,1593.42470273458,96,13
77,3516,2348.51070994501,83,6
94,8424,7349.41124685431,95,1
0,9303,601.273106909848,84,84
34,1085,178.248221582555,63,29
81,1825,1317.06696457317,87,6
9,9533,590.389538455569,46,37
19,1968,178.230108065386,70,51
58,5243,2093.98358953343,88,30
99,7430,7076.19047619048,99,0
94,7145,6233.56402644516,95,1
22,1296,132.079373118574,60,38
55,2173,785.07287936999,81,26
29,2140,288.11153378921,89,60
