"Age","Benefit","NetSinglePremium","Die","SurviveYears"
81,4968,3585.30886575315,93,12
6,6589,367.646586738844,87,81
40,1545,321.340980714504,75,35
21,4022,394.022031208143,70,49
9,9078,562.210870670267,67,58
21,7942,778.051459934131,78,57
64,3269,1573.42117804807,85,21
19,9707,879.105517779827,68,49
91,3153,2641.86504244031,97,6
45,3182,801.584680698234,80,35
60,2549,1085.71128466234,80,20
20,5769,543.361482365415,85,65
6,2260,126.101272731794,58,52
87,2706,2149.36265061762,92,5
7,5422,312.906724953033,58,51
32,2612,396.320799302397,55,23
78,1379,940.085295203296,85,7
10,5949,382.117806827528,67,57
21,5007,490.519221844648,83,62
95,7128,6318.64672838058,96,1
18,7025,611.818990986155,84,66
45,1987,500.549579053234,81,36
28,5772,746.70139231536,58,30
22,3308,337.128523361299,68,46
72,2638,1574.48624354948,73,1
41,5911,1278.00604581241,84,43
51,9930,3119.37718250733,88,37
48,7580,2135.43272433004,51,3
90,2526,2089.34105815033,92,2
49,9889,2889.94396259615,84,35
61,9911,4356.09023428865,72,11
79,7898,5491.25378555365,79,0
86,5062,3963.07810106157,87,1
24,4336,478.314587475122,68,44
77,5131,3427.24927551986,80,3
46,3412,892.422483651027,83,37
56,1340,500.809181077189,89,33
59,9635,3974.95001180077,79,20
38,5900,1134.98320874865,83,45
40,2007,417.431293394181,79,39
51,6954,2184.50643778006,89,38
44,4900,1188.54213300942,92,48
50,3551,1076.1119318565,82,32
38,3503,673.872233940085,49,11
70,6295,3574.40271816297,77,7
62,7834,3551.07909934669,88,26
46,3833,1002.53674672755,62,16
3,6534,332.593827781364,66,63
56,5715,2135.91378347473,84,28
91,4181,3503.21526877353,92,1
92,1933,1640.72626699802,94,2
67,1373,719.829242735691,79,12
42,2831,636.148718485978,70,28
51,1437,451.414401939882,92,41
7,7987,460.934343821444,37,30
23,5826,617.703630305342,85,62
7,4589,264.83381792871,77,70
2,2426,120.283245543194,78,76
90,2867,2371.39382965835,90,0
76,1689,1104.60679760661,86,10
97,1793,1651.71490827597,97,0
39,9663,1933.03158128404,62,23
36,3396,603.865359114701,74,38
66,6683,3407.40344709053,83,17
54,4307,1503.54618813363,81,27
94,1528,1333.08409130976,97,3
67,7952,4169.03287562579,94,27
34,1216,199.769435432614,49,15
98,3980,3731.81362630113,99,1
67,6672,3497.96118538422,71,4
77,8905,5948.09097612637,79,2
10,6379,409.737685283712,72,62
84,3971,3015.11872258111,92,8
29,9220,1241.30296333482,78,49
63,1912,893.340657752892,88,25
73,4804,2936.63810734003,84,11
70,1065,604.724208871098,82,12
74,1635,1022.92983929711,86,12
11,3164,210.882256453615,43,32
91,1907,1597.85494320763,97,6
97,3414,3144.98309919362,98,1
72,8532,5092.31108035034,72,0
35,9775,1670.77284776107,77,42
78,2997,2043.10052916916,86,8
12,6700,463.585349626465,79,67
64,5182,2494.17820270575,74,10
62,3173,1438.29129208923,91,29
17,2197,184.043652052572,88,71
28,6516,842.949804630438,73,45
52,3655,1189.7511787251,68,16
60,1705,726.221161376733,81,21
8,8458,505.443739499112,48,40
76,4026,2633.00590122215,90,14
35,7833,1338.84027790409,76,41
25,3111,357.091387704095,72,47
21,7019,687.628204139721,82,61
54,5453,1903.60746781813,58,4
8,4766,284.81258718997,11,3
95,7321,6489.73242122253,95,0
82,2524,1853.86737733066,85,3
46,6212,1624.77387703405,61,15
99,2875,2738.09523809524,99,0
50,1088,329.712695539249,80,30
0,8054,520.54752263269,12,12
24,7460,822.93054025932,60,36
67,7907,4145.44051151574,92,25
55,3471,1254.02115245892,81,26
51,7989,2509.63789637976,72,21
47,6861,1862.70602920723,74,27
14,8578,640.269009653123,26,12
82,6873,5048.18957384851,82,0
38,5138,988.397241788227,74,36
72,6787,4050.81051363546,72,0
41,6484,1401.89328388558,71,30
10,3913,251.340893951272,47,37
86,5132,4017.88163070881,86,0
27,7104,883.088808755521,39,12
32,1313,199.222515116404,72,40
8,9229,551.5181215225,60,52
93,7249,6235.25776238734,97,4
73,2749,1680.43675209778,76,3
39,1720,344.076820843273,83,44
39,5195,1039.23202574465,82,43
4,9702,508.247221658242,68,64
24,8834,974.499784537645,85,61
14,9050,675.499479757609,84,70
91,1833,1535.85113314085,92,1
29,2455,330.520474510518,32,3
55,3095,1118.17789307415,74,19
97,4834,4453.08971924486,97,0
27,7406,920.630027821423,74,47
61,5271,2316.71391634906,70,9
6,6141,342.649520285816,21,15
85,9433,7275.11708704203,97,12
17,9099,762.227214395245,66,49
28,6900,892.626404534994,84,56
40,3174,660.152927370768,71,31
43,2131,497.568635786768,70,27
36,1806,321.136878257112,70,34
27,5702,708.808050045606,70,43
4,5402,282.988197422987,85,81
76,3991,2610.11588469389,82,6
12,8974,620.927601126552,56,44
47,9030,2451.57199296622,57,10
32,7405,1123.56643140668,81,49
99,2904,2765.71428571429,99,0
60,1087,462.992611387981,82,22
67,5293,2774.98629410052,84,17
91,6653,5574.47768073434,99,8
17,5850,490.057061678446,91,74
48,6089,1715.38916338332,79,31
81,3008,2170.815029828,85,4
26,8304,991.899545498132,79,53
51,4961,1558.43204455376,56,5
48,1828,514.9829841788,61,13
35,9937,1698.46238242473,44,9
63,1978,924.177730666956,68,5
34,3453,567.27291163554,83,49
86,8691,6804.24965948758,89,3
1,6645,321.835817577315,71,70
67,4386,2299.4690885934,88,21
85,3924,3026.34998935153,87,2
74,7268,4547.18903486935,76,2
65,1919,950.930445457996,79,14
69,1224,677.211930323866,80,11
8,4793,286.426086949544,46,38
96,4589,4146.62612442456,98,2
6,6275,350.126321412391,80,74
89,2067,1687.39978679136,95,6
93,4465,3840.58848241957,95,2
30,3662,513.074472567008,65,35
11,7346,489.614745862282,30,19
56,6598,2465.92460951291,63,7
35,2535,433.289940570263,83,48
23,3463,367.165752102197,73,50
57,3184,1230.43428482726,80,23
70,4475,2540.97730957574,81,11
90,6040,4995.89073286935,92,2
33,1620,255.774827503813,69,36
53,7689,2592.49280445204,78,25
30,2293,321.267003166617,68,38
99,5721,5448.57142857143,99,0
7,5198,299.979556677585,70,63
28,2721,352.005282136191,71,43
15,1380,107.021665426943,81,66
67,1277,669.498865967572,80,13
87,8712,6919.89926540306,89,2
27,6085,756.418271576203,69,42
98,4065,3811.51316354626,99,1
5,3502,189.182630091722,72,67
2,6580,326.242273567277,50,48
76,1762,1152.34883207984,82,6
76,1615,1056.21076266114,77,1
19,7260,657.495215729014,21,2
3,3904,198.721503467776,68,65
15,1068,82.8254628086777,67,52
41,4615,997.800355510787,84,43
6,9275,517.517391410347,79,73
42,3157,709.403569148793,75,33
58,2369,946.146695327996,73,15
59,8470,3494.32554228879,91,32
7,6212,358.49807735305,37,30
81,7923,5717.87482756889,91,10
94,5979,5216.3022133122,94,0
18,6113,532.391386747098,87,69
76,8966,5863.768234068,91,15
86,5801,4541.64679262311,86,0
31,3807,555.084204501352,89,58
89,6499,5305.47228561058,95,6
45,8965,2258.39304288487,53,8
25,5083,583.444398489205,88,63
5,3294,177.946197464915,80,75
16,7789,627.737888366988,80,64
97,1779,1638.81808244448,97,0
88,4972,4004.59510310662,91,3
28,8978,1161.44925506017,82,54
47,6528,1772.29922149319,89,42
2,4892,242.549726791963,84,82
0,1338,86.4778476884205,23,23
77,6156,4111.89759113239,82,5
12,6795,470.158574733109,62,50
23,7560,801.551569706212,85,62
80,7504,5317.33132384346,97,17
54,2489,868.894000990155,59,5
4,3324,174.130464315811,68,64
5,2280,123.16858840923,75,70
72,2638,1574.48624354948,85,13
54,2387,833.286452536561,85,31
82,7060,5185.54028682824,88,6
89,3843,3137.241113033,92,3
16,5480,441.648944441018,66,50
81,3213,2318.75953817731,87,6
5,2474,133.648722686156,74,69
16,8188,659.894444723186,58,42
67,3448,1807.69936558825,90,23
27,1106,137.485391678436,78,51
83,7369,5504.89762515289,89,6
43,4340,1013.34954449299,51,8
74,7858,4916.31968024261,87,13
42,2309,518.851074173127,87,45
71,1009,587.590439318588,74,3
24,9364,1032.96535911371,76,52
1,6064,293.696372880187,81,80
78,1115,760.112475817023,88,10
99,4361,4153.33333333333,99,0
62,7786,3529.32114724449,86,24
7,4884,281.858436862894,80,73
24,2073,228.677615275814,88,64
94,4714,4112.6691141585,95,1
76,6285,4110.39296800328,85,9
99,8364,7965.71428571429,99,0
73,8376,5120.1666917319,91,18
3,1723,87.7041881339594,67,64
51,7296,2291.9411806217,72,21
14,9336,696.846756134479,81,67
67,5192,2722.03454354239,88,21
88,1576,1269.35677443605,97,9
57,9736,3762.40835335371,81,24
24,1829,201.761388489852,91,67
38,1101,211.79940895462,91,53
5,5120,276.589110813711,88,83
56,5532,2067.51969382016,77,21
40,8495,1766.85542470532,47,7
25,7198,826.211446060456,79,54
66,5793,2953.62683959231,86,20
91,6024,5047.44529516664,91,0
68,6148,3312.26200170955,74,6
20,9340,879.701203898938,74,54
21,7221,707.41747572203,83,62
82,7635,5607.87536684612,83,1
15,4703,364.726733697763,79,64
15,4387,340.220323353623,37,22
21,4654,455.936979921109,63,42
90,7808,6458.26404672912,92,2
58,6758,2699.05418616572,69,11
15,9905,768.151881198458,85,70
99,5082,4840,99,0
86,9037,7075.1356774582,89,3
33,2852,450.290004963503,64,31
44,1437,348.558172476436,78,34
39,6072,1214.67119544207,52,13
50,4726,1432.18952124861,88,38
13,1444,103.756018650024,85,72
97,3197,2945.08229880551,99,2
30,2996,419.762730696547,88,58
16,6440,519.01810259127,79,63
56,5502,2056.30754797515,83,27
8,9963,595.381411282769,36,28
62,3071,1392.05564387205,83,21
62,6361,2883.3819442104,81,19
12,9718,672.406332488057,85,73
26,6095,728.038021412706,84,58
72,2435,1453.32600570242,78,6
82,4000,2937.98316534178,82,0
46,3990,1043.60073557081,71,25
6,1670,93.1810289655289,64,58
26,7597,907.449523982335,71,45
36,5296,941.71700290679,90,54
10,2625,168.60972313368,54,44
15,7818,606.301000223073,74,59
97,2280,2100.34020684284,98,1
43,6679,1559.48424139832,64,21
30,9115,1277.08187259647,65,35
45,4371,1101.10830902954,77,32
83,8882,6635.16090468286,85,2
7,6755,389.83491830648,75,68
72,2300,1372.75146329182,86,14
20,4478,421.766808464609,77,57
83,5086,3799.41773938494,85,2
64,3220,1549.83670642851,65,1
37,7868,1455.29103118647,74,37
29,5117,688.90968149504,84,55
63,5155,2408.56228593941,68,5
41,6970,1506.97041774869,90,49
89,5826,4756.0673235832,92,3
32,9762,1481.19588161945,80,48
1,2716,131.543428222722,88,87
2,4184,207.446454803265,75,73
71,5108,2974.64020221937,80,9
37,3372,623.696156222773,71,34
50,9635,2919.83623301532,77,27
19,1820,164.826624328761,76,57
33,4183,660.435866326203,89,56
42,2139,480.650691925647,82,40
3,3389,172.50696087405,71,68
25,8838,1014.45634346795,45,20
60,1466,624.422417934481,83,23
57,5976,2309.38294162302,75,18
1,8928,432.407852419905,68,67
41,6331,1368.81344544719,62,21
11,3357,223.745807495192,65,54
7,9356,539.940117790589,80,73
59,8207,3385.82405260497,73,14
20,1731,163.036700636944,77,57
47,9736,2643.24528499658,84,37
3,5681,289.174400922242,77,74
81,7442,5370.7464933444,95,14
61,4145,1821.81354264216,79,18
58,5769,2304.0609055919,62,4
7,4066,234.651188428445,82,75
59,4624,1907.6459631102,71,12
14,3019,225.340655181019,53,39
68,8205,4420.47978595102,77,9
72,4836,2886.35916368662,77,5
63,2981,1392.80779328524,72,9
54,2224,776.384193733268,86,32
74,4990,3121.96935663154,82,8
77,8045,5373.65434058805,86,9
52,6994,2276.64014883813,77,25
65,9106,4512.33592305394,81,16
7,5178,298.825345224419,26,19
43,8590,2005.68492792508,79,36
67,6586,3452.87355619611,83,16
76,2564,1676.85721081311,84,8
69,8123,4494.27492648755,82,13
46,6429,1681.53111002124,58,12
71,5639,3283.8676782136,81,10
71,4745,2763.24740789564,78,7
89,3038,2480.07767405523,89,0
63,5289,2471.17088852251,83,20
47,5787,1571.12371243583,83,36
93,8554,7357.75898737223,93,0
11,5242,349.382044352039,80,69
59,2882,1188.97830140216,68,9
27,2648,329.169364524862,56,29
95,1883,1669.19357316788,98,3
64,1478,711.384674565632,81,17
75,7111,4550.26251148804,75,0
48,3459,974.467255073562,54,6
88,8124,6543.30865197871,93,5
79,3197,2222.78277442581,82,3
50,1084,328.500516511531,79,29
64,8375,4031.01938395613,64,0
99,9887,9416.19047619048,99,0
94,7992,6972.51836240025,98,4
86,3031,2372.99283372533,91,5
9,8930,553.045062247796,78,69
72,6988,4170.77705455792,85,13
17,8904,745.891979005963,66,49
99,2987,2844.7619047619,99,0
58,8205,3276.96649859274,59,1
25,3124,358.583572866472,72,47
35,4836,826.583886626348,71,36
29,9966,1341.73810548751,85,56
55,5420,1958.16613262096,58,3
9,7437,460.581873229211,59,50
55,6764,2443.73352786867,82,27
27,1429,177.637092864814,50,23
89,3661,2988.66503117715,89,0
49,7448,2176.59041696998,87,38
44,4179,1013.65664772375,84,40
76,3538,2313.85367077098,77,1
66,3074,1567.31381061743,75,9
83,4206,3142.02733225581,83,0
19,9857,892.690129675054,61,42
43,9289,2168.89491216485,67,24
11,1856,123.703371674434,80,69
16,5811,468.32518542824,87,71
55,5116,1848.33541226731,90,35
15,9840,763.111005652986,38,23
82,7647,5616.68931634214,97,15
49,6246,1825.32005161043,55,6
10,1996,128.207621857076,86,76
68,3891,2096.29333907805,74,6
11,6496,432.96180086052,22,11
72,8248,4922.80611705691,83,11
13,6022,432.699961433827,67,54
62,1050,475.955202235642,87,25
47,2921,793.027883881987,83,36
41,2218,479.54955330941,77,36
45,6315,1590.82566266793,63,18
38,5633,1083.62040930188,64,26
14,8919,665.721531487084,83,69
36,4413,784.704896870782,90,54
43,9759,2278.63553103851,71,28
81,2324,1677.18554831126,91,10
26,4731,565.110398573177,74,48
63,8068,3769.59854955561,85,22
70,2979,1691.52433636338,78,8
36,5375,955.764518622356,91,55
7,1956,112.881880119537,81,74
11,2585,172.291603328886,79,68
27,2553,317.360040646516,76,49
22,3038,309.611987294929,79,57
13,4965,356.751130607597,59,46
34,9070,1490.05656198504,91,57
32,5080,770.792366177709,91,59
80,5769,4087.91103508168,91,11
79,2739,1904.34845766415,79,0
79,8355,5808.99283088133,80,1
68,6659,3587.56549599608,77,9
47,7238,1965.05848118378,50,3
21,2995,293.410239549575,70,49
54,9332,3257.74158989157,76,22
46,2697,705.411324269291,78,32
82,8017,5888.45275913626,92,10
16,1333,107.430299806547,32,16
38,8824,1697.47319220306,57,19
60,5123,2182.07097345044,61,1
35,6367,1088.2670815033,92,57
21,1055,103.354859006611,78,57
48,2565,722.610150119597,61,13
63,1978,924.177730666956,86,23
91,5559,4657.82675893615,95,4
88,7916,6375.77933149476,94,6
9,3772,233.604252497053,90,81
76,5881,3846.17677721993,86,10
28,4035,521.992397434594,78,50
11,8976,598.255099218601,82,71
24,9251,1020.50005736447,52,28
85,6932,5346.24315142324,86,1
82,6037,4434.15109229208,96,14
6,9602,535.763018040125,46,40
49,4521,1321.20908634818,89,40
96,4246,3836.69089655844,96,0
56,9579,3580.03816831224,77,21
87,9931,7888.14504186384,90,3
36,2305,409.867388916192,66,30
27,6926,860.961865067672,61,34
93,2225,1913.84308474435,96,3
33,1341,211.724718322601,88,55
41,7764,1678.6396446773,55,14
57,7655,2958.22061882936,86,29
86,3663,2867.79041568324,98,12
45,4302,1083.726365922,79,34
72,5732,3421.13538590813,88,16
69,6613,3658.82556799977,75,6
30,2887,404.49098915919,58,28
70,8884,5044.47875268623,84,14
24,8383,924.74888994556,77,53
1,3125,151.352434902801,74,73
32,8806,1336.14125522853,79,47
31,2741,399.654794992962,89,58
72,4009,2392.76548536387,74,2
25,2214,254.130611500118,65,40
0,6141,396.906175377123,49,49
89,9443,7708.81286244356,90,1
62,8475,3841.63841804483,77,15
20,2421,228.025333473162,79,59
93,5222,4491.72520833035,93,0
97,4395,4048.68210924311,97,0
42,8575,1926.87222218907,74,32
94,5573,4862.09269690398,97,3
82,3209,2356.99699439544,95,13
73,3505,2142.5721411796,83,10
45,4882,1229.83545291288,82,37
27,8704,1081.98268460136,61,34
26,1960,234.118871528942,64,38
30,4631,648.838853756913,85,55
67,4234,2219.77932537721,90,23
63,2333,1090.04380467442,79,16
72,6089,3634.21028694951,80,8
82,8514,6253.49716742997,86,4
26,2062,246.302608720755,77,51
95,4359,3864.05458600041,98,3
44,2696,653.940732774163,85,41
19,4517,409.077946204953,85,66
12,5839,404.011172607303,40,28
3,6541,332.950141952541,50,47
87,1149,912.645116614797,92,5
13,2041,146.652378161149,69,56
15,8924,692.073436427565,86,71
16,2894,233.235774673779,40,24
38,3352,644.824358597535,88,50
40,2965,616.683500206153,70,30
95,2052,1819.00436120047,95,0
0,7192,464.83458936855,86,86
69,5516,3051.87990822422,77,8
60,9720,4140.09952409492,82,22
0,4065,262.729783896435,60,60
68,3904,2103.2971461734,94,26
77,9270,6191.89257144204,86,9
24,9353,1031.75192266024,61,37
14,4757,355.066411625077,47,33
86,7253,5678.42857902007,93,7
70,1856,1053.86679029555,74,4
65,9079,4498.95649521269,75,10
45,4512,1136.62793190146,80,35
4,4921,257.790618200393,77,73
53,6828,2302.19025475335,84,31
91,1380,1156.28726881308,97,6
13,2833,203.560111381938,80,67
84,4702,3570.15568712576,91,7
99,3672,3497.14285714286,99,0
95,5964,5286.81384512651,96,1
61,6023,2647.23352649789,70,9
36,3727,662.722671796376,61,25
82,3466,2545.76241276865,91,9
35,4284,732.234361105722,52,17
89,4558,3720.93286318095,90,1
49,5395,1576.62530874772,60,11
2,5583,276.810123605791,73,71
47,3179,863.072797966736,81,34
3,4080,207.680259771651,61,58
53,5957,2008.51601458197,74,21
49,5569,1627.47476263504,67,18
24,2693,297.071306289323,80,56
14,4107,306.549874404917,78,64
13,9715,698.053823535309,61,48
18,1915,166.780550567756,27,9
17,4405,369.008778921975,62,45
9,9461,585.930496520313,75,66
79,1157,804.429049111873,85,6
66,7510,3829.05878911415,66,0
91,3143,2633.48614918804,92,1
56,3515,1313.68975484054,78,22
88,3905,3145.20190620099,90,2
95,2037,1805.70754569462,97,2
7,2596,149.816646620817,68,61
59,8455,3488.13724439808,77,18
82,7915,5813.53418842004,82,0
51,6056,1902.411703652,77,26
65,9211,4564.36703132548,82,17
65,1603,794.341586278878,85,20
65,3328,1649.13836502564,85,20
9,7202,446.028055801638,65,56
95,2923,2591.10611490691,95,0
28,1753,226.778853210122,88,60
55,3511,1268.47256303177,92,37
75,1975,1263.78406134002,90,15
44,4376,1061.44089266311,53,9
61,2742,1205.16591892034,83,22
42,5421,1218.14277743288,61,19
13,7037,505.630957922591,62,49
65,1739,861.734259849638,80,15
74,7431,4649.16919621823,91,17
26,8620,1029.64524111198,87,61
45,5756,1450.006732275,88,43
3,1089,55.4323046302274,13,10
75,2351,1504.3829509926,88,13
7,2120,122.34641403549,62,55
74,6118,3827.6970989723,80,6
99,4934,4699.04761904762,99,0
10,5694,365.738576580256,87,77
96,9326,8426.98523346773,98,2
68,1054,567.847129115463,71,3
67,1955,1024.95715189241,82,15
18,7799,679.227944583775,84,66
68,3508,1889.95040696114,86,18
16,9787,788.762448767198,82,66
51,3058,960.629952075268,71,20
88,9633,7758.70165491272,91,3
10,5662,363.683143764912,58,48
59,1748,721.142980864322,81,22
96,1273,1150.28438796959,97,1
24,7069,779.798389958865,74,50
33,5215,823.373904587892,51,18
29,9085,1223.12770302569,90,61
12,9331,645.629089158887,78,66
55,3520,1271.72413041066,65,10
66,7942,4049.31889522565,72,6
4,4403,230.654763652983,68,64
19,7113,644.182296071691,85,66
44,2363,573.168379653319,60,16
23,8291,879.056093179127,74,51
94,5364,4679.75331530467,94,0
96,4082,3688.50029198105,98,2
27,1916,238.175416325391,47,20
32,3533,536.064848367293,81,49
29,1716,231.027753262749,71,42
91,3124,2617.56625200873,92,1
13,4810,345.613884838377,86,73
41,3979,860.292007492399,73,32
47,2557,694.204826801178,76,29
19,1045,94.6394628700854,63,44
4,6842,358.423777632003,74,70
43,2988,697.670147222366,69,26
94,2571,2243.03612484122,96,2
6,5536,308.892321169562,73,67
45,5552,1398.61663960924,87,42
97,4998,4604.16682184233,97,0
98,8517,7985.8936319615,98,0
2,8676,430.163824539467,78,76
31,2206,321.648477838188,74,43
71,6858,3993.75146962029,74,3
89,1039,848.189829935281,92,3
55,5601,2023.5587654631,87,32
42,4072,915.011508892583,58,16
89,4084,3333.98196867727,91,2
92,1409,1195.95618737724,92,0
19,6597,597.451231152108,76,57
92,4499,3818.74158056083,92,0
44,5210,1263.73561489369,75,31
19,8941,809.733433034864,82,63
61,6347,2789.63825214712,89,28
91,7147,5988.39500739641,97,6
50,4790,1451.5843856921,59,9
67,3868,2027.89476394876,74,7
70,3012,1710.26226959601,87,17
0,2415,156.086698182015,87,87
6,5931,330.932145385959,23,17
74,4220,2640.22258216134,82,8
96,7406,6692.0708384154,96,0
34,9537,1566.77722509938,88,54
39,1161,232.251854069209,75,36
72,2870,1712.95508680327,77,5
95,8938,7923.12913275331,95,0
51,6734,2115.39636928543,67,16
34,9670,1588.62700709982,48,14
87,5878,4668.86683678136,93,6
13,7477,537.246365267474,87,74
82,1838,1350.00326447455,83,1
49,9550,2790.87519898809,75,26
52,7611,2477.48186628639,71,19
69,1147,634.609545818198,83,14
37,1370,253.399683874614,85,48
85,2035,1569.47559335636,86,1
64,4647,2236.6742778799,78,14
16,6344,511.281186776245,81,65
17,8011,671.084977966843,79,62
66,6419,3272.80004891128,82,16
28,5985,774.256381324919,74,46
40,2194,456.324991383575,81,41
94,6508,5677.82150932192,98,4
2,4795,237.740380205941,64,62
54,5058,1765.71549096352,82,28
24,7953,877.314555855546,86,62
98,1304,1222.68466550168,98,0
96,9408,8501.08053575643,97,1
72,2942,1755.92817608892,75,3
80,4014,2844.31875451861,92,12
8,5775,345.109670797751,83,75
95,1729,1532.67960064114,97,2
13,6786,487.595805096305,60,47
56,7256,2711.8443417135,75,19
13,1448,104.043431444069,76,63
78,6748,4600.21433794912,89,11
69,8223,4549.60269857283,76,7
86,2132,1669.15893154154,86,0
14,6050,451.577000279948,69,55
96,5199,4697.82288535264,96,0
1,3425,165.88226865347,81,80
26,6133,732.577060758676,84,58
55,8883,3209.29700296531,69,14
39,9798,1960.03761082697,89,50
97,4021,3704.15261917327,99,2
24,8470,934.346069168424,63,39
64,8114,3905.3959739009,74,10
69,9311,5151.56885886071,85,16
33,4796,757.219797968078,82,49
57,5895,2278.08106440223,78,21
26,1028,122.792959148853,73,47
4,5426,284.245457093138,76,72
77,5736,3831.3587691253,95,18
50,1203,364.562842586137,87,37
60,2648,1127.87896500034,83,23
59,2378,981.051492274232,90,31
68,6094,3283.16926454424,90,22
92,8750,7426.98129137748,98,6
31,3235,471.683057935874,62,31
73,2678,1637.03514809671,86,13
42,5057,1136.3490177971,76,34
14,1588,118.529632470175,49,35
29,7026,945.921325421956,80,51
56,7457,2786.96571887507,68,12
50,2199,666.395420487876,87,37
39,5150,1030.23001589701,78,39
90,2536,2097.61240042329,97,7
49,9933,2902.80244518835,77,28
44,6146,1490.77141826039,74,30
3,1365,69.4812633794861,76,73
97,8317,7661.63574575083,97,0
38,5820,1119.59360591815,87,49
30,1731,242.526464230882,83,53
39,3968,793.7772238989,90,51
12,6258,433.002554919764,90,78
12,7647,529.11002516322,57,45
16,8972,723.079257212558,59,43
11,9652,643.310853125884,51,40
50,8978,2720.73582771266,87,37
59,1155,476.498937584835,62,3
92,4546,3858.6350800688,96,4
36,9339,1660.62973756543,84,48
32,7144,1083.96469763259,87,55
46,4997,1306.98568311963,72,26
75,7565,4840.77287293025,91,16
35,9779,1671.45653997499,74,39
94,2520,2198.54182598206,95,1
16,5233,421.742504791943,71,55
62,2748,1245.64275785099,88,26
69,9668,5349.08900520517,71,2
16,1215,97.9203407839119,91,75
28,7873,1018.49966418899,47,19
8,4603,275.071829382172,86,78
72,4256,2540.18705555216,77,5
86,8691,6804.24965948758,91,5
68,5526,2977.15676991655,73,5
37,6320,1168.96788473545,84,47
69,9489,5250.05229317252,69,0
19,7907,716.090175037096,67,48
44,4122,999.830749441803,92,48
95,8150,7224.60309151258,97,2
2,7917,392.53192702616,69,67
40,4027,837.56642675554,68,28
20,6600,621.630401042076,48,28
83,9150,6835.36616503582,83,0
38,5434,1045.33877226104,81,43
84,5708,4333.99588730621,85,1
15,2736,212.182084498635,86,71
50,1842,558.20844226406,67,17
14,2780,207.501497649299,88,74
63,3760,1756.77869934669,86,23
70,6631,3765.18894744061,71,1
13,2317,166.483860950212,79,66
43,7158,1671.32627637808,79,36
51,1549,486.597709537145,81,30
33,8580,1354.65927159427,80,47
18,9591,835.296219579817,62,44
86,6326,4952.67326497738,87,1
5,3805,205.55108723558,25,20
56,1988,742.991531329442,73,17
84,3024,2296.0763075007,86,2
55,7854,2837.53446597879,91,36
61,9222,4053.26043190495,89,28
38,1000,192.370035381126,86,48
29,1245,167.616289517554,68,39
90,2905,2402.82493029561,93,3
28,2081,269.210948961931,60,32
53,4706,1586.71753644834,81,28
70,6602,3748.72227884224,72,2
94,1131,986.726509994329,96,2
78,6308,4300.259638972,79,1
20,9987,940.639820485941,69,49
15,2195,170.226489574015,74,59
75,6144,3931.4882394294,82,7
20,8463,797.099709699862,71,51
49,1255,366.75899211833,85,36
44,8864,2150.04846265215,48,4
97,6850,6310.23263897959,99,2
23,3619,383.705705127881,71,48
57,1444,558.023588973167,73,16
7,3995,230.55373776971,78,71
26,5723,683.603215183744,81,55
73,5523,3376.15575912551,77,4
3,5211,265.250449428939,79,76
79,1597,1110.34848006194,81,2
21,1531,149.987003923339,41,20
56,3840,1435.1546681615,75,19
69,5831,3226.16239029286,85,16
29,4381,589.820854920807,86,57
31,8859,1291.69712836288,78,47
4,5913,309.75735123327,90,86
44,1154,279.913800304668,84,40
89,1287,1050.64515026632,90,1
3,6387,325.11123018665,69,66
60,2811,1197.30655990029,71,11
46,6570,1718.41023375945,49,3
20,7805,735.125042444455,47,27
16,2440,196.646610298556,88,72
49,3298,963.801717933269,64,15
51,4118,1293.61482754936,93,42
20,7804,735.030856020055,87,67
54,9338,3259.83615156532,70,16
31,9657,1408.05047619374,68,37
33,6699,1057.67627743706,70,37
27,9225,1146.74750292366,70,43
26,3418,408.274644329554,83,57
48,4457,1255.62317313179,65,17
82,4094,3007.02576972731,82,0
44,3891,943.799477457073,91,47
82,3285,2412.81867453693,90,8
1,1545,74.8286438159446,61,60
82,1413,1037.84255315698,83,1
19,6769,613.028252791969,71,52
77,7189,4801.88950335457,85,8
26,3876,462.982013288868,59,33
5,9198,496.888015871975,82,77
23,1943,206.007235441689,79,56
69,3091,1710.1814351561,90,21
66,3492,1780.43585773457,79,13
60,5382,2292.3884401933,81,21
29,5957,802.000190085197,57,28
78,1167,795.561667514319,81,3
3,9278,472.26898288269,66,63
96,9895,8941.13434325147,97,1
19,5973,540.939245667962,74,55
23,8508,902.063591939213,65,42
32,4481,679.905628512267,77,45
29,1830,246.375750857128,41,12
98,3847,3607.10729155288,99,1
3,3079,156.727333293361,88,85
76,3172,2074.4894979326,77,1
19,1536,139.10642580713,90,71
40,3573,743.140015594126,55,15
13,6293,452.172178230335,63,50
24,5511,607.931663186208,82,58
2,4639,230.005760954194,90,88
49,6100,1782.6532684636,61,12
63,8189,3826.1331832314,63,0
73,6811,4163.49753311676,77,4
90,1072,886.687891661581,97,7
61,4849,2131.23615639851,85,24
52,8683,2826.4321436033,76,24
79,6921,4811.97359455771,96,17
97,4495,4140.80229375376,97,0
13,8191,588.549549004397,90,77
44,6665,1616.65986051179,74,30
66,4929,2513.10662736933,80,14
73,2538,1551.45452048897,77,4
17,4039,338.348798652862,76,59
49,2107,615.74597322177,65,16
25,7385,847.675955703872,56,31
45,6421,1617.52835787661,59,14
30,9845,1379.36050858061,69,39
7,1592,91.8752316719343,78,71
23,8889,942.459246444248,87,64
39,8428,1685.97642213204,82,43
16,6112,492.583640223267,84,68
84,5388,4091.02484947545,96,12
74,3365,2105.29596895093,77,3
26,1002,119.68730064898,32,6
3,2624,133.566912166866,86,83
77,6818,4554.08021058165,85,8
6,7617,425.00592672481,87,81
29,9556,1286.53916677088,81,52
26,4863,580.877587880228,83,57
92,5408,4590.29883700222,93,1
63,5310,2480.98268444971,82,19
84,5454,4141.13762602805,84,0
23,1955,207.279539520588,77,54
2,2978,147.651898280145,80,78
13,9406,675.85118519538,88,75
94,7736,6749.17443087191,98,4
45,2947,742.385309245033,71,26
19,3676,332.913555512377,68,49
0,8586,554.931838753945,86,86
11,3807,253.73854308436,67,56
79,3265,2270.06123193627,84,5
72,2188,1305.90443551413,76,4
7,9341,539.074459200715,70,63
18,4537,395.134912755044,79,61
13,4636,333.111428297446,67,54
76,6306,4124.12697792023,76,0
98,3804,3566.78870212299,98,0
26,7288,870.539967195374,43,17
44,9966,2417.34916276977,56,12
3,2547,129.64745628392,16,13
47,7228,1962.34356203321,82,35
53,5862,1976.48495509141,83,30
9,1567,97.0460932298203,66,57
47,8889,2413.29163294316,75,28
11,2772,184.755251229274,80,69
14,9571,714.387350360229,70,56
7,2130,122.923519762073,57,50
72,1258,750.835365574393,87,15
37,9509,1758.8157620173,74,37
0,3423,221.235928727551,86,86
54,6460,2255.1447353943,89,35
33,2960,467.341660130424,59,26
3,4424,225.19055618377,49,46
62,5292,2398.81421926764,65,3
91,4320,3619.68188498006,93,2
0,2327,150.399066943912,0,0
59,4619,1905.58319714663,72,13
33,8751,1381.65772560856,71,38
97,9938,9154.90393666849,98,1
55,1120,404.639496039756,69,14
28,1255,162.354512708901,69,41
63,5677,2652.45549898701,81,18
35,5921,1012.03539965149,77,42
83,7632,5701.36771273807,84,1
3,1500,76.3530366807539,85,82
5,3617,195.395080822889,81,76
43,5554,1296.80722813689,84,41
22,5576,568.267426318803,80,58
64,1677,807.166508285903,64,0
72,2647,1579.85787971019,78,6
39,8749,1750.19075904523,54,15
92,3992,3388.40106459188,93,1
99,1329,1265.71428571429,99,0
57,4832,1867.29223124539,67,10
6,6401,357.156746352306,61,55
47,5759,1563.52193881423,70,23
2,9184,455.350918000284,84,82
54,7395,2581.54726288558,86,32
17,2773,232.295424279373,68,51
7,6461,372.868009944955,84,77
12,6073,420.202063922615,49,37
92,3369,2859.5999966458,94,2
37,4976,920.377245956262,73,36
11,2071,138.033234233703,83,72
21,6052,592.894413941244,89,68
81,6389,4610.81689679889,91,10
8,4417,263.956608816219,60,52
62,4853,2199.81961566626,89,27
9,5631,348.734238019859,84,75
63,9623,4496.13867654606,87,24
7,2757,159.108048818796,83,76
84,4654,3533.71003145114,84,0
22,5384,548.700111782719,79,57
7,2325,134.177081430432,63,56
54,4423,1544.04104715928,78,24
42,3939,885.125327487201,75,33
89,8539,6970.830565753,97,8
85,8742,6742.18950227091,92,7
95,6544,5800.95737801943,99,4
41,5718,1236.27788359928,90,49
95,2825,2504.23358693534,98,3
16,6547,527.6415400101,55,39
0,4444,287.225377524171,57,57
80,5109,3620.23530563916,83,3
35,6208,1061.09031600008,85,50
25,1290,148.070681497359,69,44
45,4142,1043.42041089003,91,46
88,2132,1717.17553496044,88,0
18,8787,765.274515842753,65,47
52,5746,1870.39952748411,77,25
10,4462,286.604413189516,86,76
47,4764,1293.38748333235,59,12
35,8792,1502.75548619083,91,56
75,9387,6006.65366268291,90,15
61,3320,1459.20891714644,85,24
13,2737,196.662204324873,89,76
36,6406,1139.09348954322,82,46
54,5849,2041.84853828502,66,12
83,3335,2491.36023610868,86,3
93,5703,4905.45937631328,94,1
5,8130,439.193256038177,71,66
29,2401,323.250370386865,84,55
9,8714,539.667936442026,82,73
83,7406,5532.53790363446,83,0
32,9170,1391.37125941921,79,47
84,8302,6303.57986272183,92,8
49,1824,533.042551094689,68,19
37,8442,1561.45994983175,63,26
45,4044,1018.73301343295,68,23
17,7055,591.000439340417,56,39
65,3442,1705.6292825776,76,11
56,8486,3171.54232135898,84,28
59,4007,1653.10064320557,61,2
32,3091,468.999843278602,79,47
60,1625,692.146268174305,75,15
65,5200,2576.77869535257,77,12
14,1766,131.815699585849,87,73
12,3484,241.064381805762,42,30
7,1556,89.7976510562373,77,70
72,8996,5369.2487668579,78,6
79,1635,1136.76879455308,91,12
91,8331,6980.45596846502,98,7
2,8295,411.273504443855,65,63
12,8234,569.725637137957,86,74
82,2130,1564.4760355445,83,1
46,9355,2446.8383161065,46,0
23,9734,1032.0506586667,61,38
55,3141,1134.79701523292,79,24
10,3313,212.801528663574,72,62
82,6657,4889.53848292005,85,3
10,8232,528.76009174722,19,9
51,7727,2427.33408753617,58,7
99,5781,5505.71428571429,99,0
63,2817,1316.18233937756,81,18
35,8593,1468.74179854843,80,45
35,1796,306.977804048991,66,31
23,8827,935.885675369938,88,65
95,9370,8306.07741932183,97,2
76,2143,1401.52301200175,95,19
9,4268,264.322096939932,80,71
86,7569,5925.82736999902,87,1
48,4031,1135.61072714702,65,17
95,6130,5433.96527005793,96,1
78,6448,4395.69977046472,83,5
58,5269,2104.36763937662,93,35
28,2139,276.714185405848,81,53
21,6422,629.142089611809,82,61
7,2081,120.095701701819,85,78
2,2613,129.554872466762,87,85
81,1025,739.722541746575,93,12
98,5647,5294.86219792023,99,1
97,8927,8223.5688712658,97,0
55,2129,769.176327739857,66,11
40,6660,1385.19801395379,73,33
2,1031,51.1179003112253,80,78
42,3129,703.111741484502,77,35
97,4672,4303.85502033761,97,0
96,4269,3857.47372524917,98,2
68,4216,2271.38851646185,68,0
40,2838,590.269063603731,89,49
6,2856,159.356298638054,73,67
44,6632,1608.6553930854,54,10
96,6342,5730.63911115723,99,3
53,9954,3356.18069651653,91,38
24,2245,247.651348911819,83,59
93,7989,6871.77186697647,93,0
58,4506,1799.6357151321,84,26
98,8972,8412.52056662658,99,1
94,1429,1246.71280528903,97,3
60,3280,1397.07062129952,76,16
12,1474,101.988776917822,66,54
80,8690,6157.73043765987,80,0
31,1064,155.137797107812,78,47
38,8927,1717.28730584731,83,45
75,4028,2577.47959446967,76,1
25,9620,1104.2170201586,80,55
31,5031,733.550993655451,81,50
52,7643,2487.89829247495,78,26
4,2858,149.71867238706,81,77
23,6356,673.897060456704,78,55
1,8163,395.3567763557,86,85
10,7739,497.093579935828,86,76
21,3535,346.312252690399,24,3
26,8551,1021.40330124693,63,37
32,5401,819.497946796419,85,53
43,9329,2178.23453930303,70,27
7,9770,563.832294871104,84,77
22,5812,592.318917102741,73,51
4,6696,350.775447971922,49,45
8,2071,123.761407484353,52,44
6,6984,389.686410955242,80,74
3,3764,191.595220044239,80,77
44,3237,785.165486643163,80,36
73,2180,1332.61262989202,84,11
32,5724,868.506988976616,72,40
8,6945,415.02799371262,86,78
29,5439,732.261043121267,69,40
51,9497,2983.35600224291,57,6
50,2133,646.394466530532,57,7
71,8827,5140.39723277024,94,23
14,3913,292.069554065362,85,71
70,9870,5604.34548503074,86,16
60,8673,3694.14435930815,75,15
75,3874,2478.93643221835,86,11
59,4502,1857.31447359907,77,18
65,6487,3214.53142245233,79,14
86,5400,4227.70085850108,92,6
30,2875,402.809696512875,57,27
7,4364,251.848939080604,86,79
81,6689,4827.32105535887,85,4
75,7183,4596.33463929385,86,11
88,7273,5857.88821096026,90,2
61,7316,3215.53386682028,70,9
22,2724,277.611274980707,70,48
84,4937,3748.58754303272,87,3
68,1913,1030.63715180065,84,16
33,9939,1569.22593244469,76,43
84,6047,4591.39333050818,88,4
33,5470,863.634757065344,66,33
86,1526,1194.71694630975,89,3
55,3538,1278.22726516844,77,22
17,9902,829.494876023927,35,18
56,8633,3226.48183599953,57,1
24,5473,603.739791801509,75,51
88,4296,3460.12481153379,91,3
50,4215,1277.33365045766,72,22
63,2352,1098.92114384665,89,26
38,1542,296.634594557697,84,46
92,2168,1840.19376453787,93,1
19,9354,847.136397786391,82,63
95,9428,8357.49177261112,96,1
59,2280,940.621279388246,78,19
11,2160,143.965130828006,32,21
87,4309,3422.61776109065,91,4
29,3419,460.305296273508,83,54
13,7979,573.316670920044,49,36
19,1415,128.148172211647,85,66
61,9334,4102.48675682073,67,6
36,6219,1105.84177512789,73,37
1,7224,349.878396716106,52,51
45,3640,916.960476977238,62,17
53,5638,1900.95908850313,86,33
83,8179,6109.99561353311,91,8
95,7130,6320.41963711469,97,2
12,2292,158.587704678188,84,72
33,2839,448.237490915633,92,59
1,4366,211.457513851401,90,89
78,9685,6602.41195362141,79,1
87,3703,2941.27490585256,88,1
91,8170,6845.5557871035,98,7
87,3414,2711.72361020271,88,1
37,7757,1434.76010789444,84,47
1,2147,103.98517687562,85,84
62,6082,2756.91384761636,71,9
5,5546,299.602189174383,72,67
48,8578,2416.58864238827,71,23
47,3630,985.515651657519,91,44
67,2896,1518.29969917157,70,3
27,9289,1154.70325795749,84,57
72,4163,2484.68014855819,72,0
64,4923,2369.5174241452,83,19
47,3971,1078.09439469201,90,43
30,1694,237.342478571412,78,48
37,2754,509.388853569844,84,47
76,6740,4407.96318287066,77,1
74,2080,1301.34193623118,75,1
62,3126,1416.98663065583,81,19
91,2516,2108.12954227079,91,0
34,7405,1216.52357679154,74,40
47,5780,1569.22326903043,80,33
58,3281,1310.38721290467,67,9
20,2176,204.949659495084,55,35
63,5973,2790.75509872281,63,0
81,3630,2619.70031857567,92,11
54,7182,2507.19032346778,84,30
84,8285,6290.67202633707,89,5
60,6850,2917.66273045784,84,24
16,7107,572.77354893108,71,55
0,2209,142.772470511002,57,57
12,8509,588.75339402561,72,60
50,7635,2313.7467191564,57,7
64,7601,3658.48099551649,84,20
17,7672,642.686799520861,77,60
36,2807,499.131349539154,75,39
76,2306,1508.12508897622,87,11
13,6917,497.008574101259,81,68
25,5752,660.234542614579,84,59
51,1722,540.943354307917,54,3
84,1578,1198.15093030294,95,11
25,5640,647.378793523336,59,34
2,1378,68.3224700570984,71,69
93,8402,7227.01554967284,93,0
75,3553,2273.53152908409,76,1
98,3984,3735.56419275973,99,1
78,6936,4728.37680023935,78,0
7,6644,383.429044741414,90,83
30,7905,1107.55153075975,58,28
35,1741,297.577036107624,64,29
7,4992,288.091178709985,59,52
25,1117,128.213140490349,39,14
42,3905,877.485251037705,81,39
1,1595,77.2502827743895,78,77
31,3611,526.50618924465,36,5
24,9980,1100.91780050778,90,66
75,3164,2024.61406079991,82,7
17,3412,285.82473409348,80,63
83,3316,2477.16657959112,86,3
10,8509,546.552432055041,81,71
59,5638,2325.97490052234,68,9
65,2480,1228.92522393738,88,23
63,9793,4575.56750071865,86,23
59,2294,946.397024086244,75,16
37,4361,806.624833122038,44,7
15,1257,97.4827778562808,67,52
71,2808,1635.23682220673,92,21
18,2871,250.040188344662,65,47
18,3100,269.984181075741,72,54
93,5113,4397.96840103276,93,0
41,1213,262.260418469032,73,32
8,1523,91.0133382900388,71,63
29,5168,695.775890945157,79,50
62,2933,1329.50153157823,81,19
0,5260,339.965230822939,33,33
31,4677,681.93559875304,80,49
31,5212,759.941915907814,77,46
0,8662,559.843883914124,83,83
47,8267,2244.4236617776,80,33
9,4844,299.994432421985,69,60
85,1185,913.920677212426,93,8
19,9397,851.030653196356,75,56
81,7239,5224.24534605215,86,5
10,2005,128.785712336392,70,60
89,3712,3030.29898818071,90,1
56,5952,2224.48973565032,74,18
91,8579,7188.25252112128,92,1
92,8854,7515.25626901214,93,1
90,8466,7002.51836829006,92,2
90,6980,5773.39690652783,92,2
67,8967,4701.17175499704,90,23
10,2400,154.157461150793,71,61
35,7081,1210.30614168759,83,48
37,6310,1167.11825200643,81,44
28,8316,1075.80886668305,73,45
39,4924,985.01992199551,76,37
62,3723,1687.60115992695,65,3
24,4428,488.463328722288,72,48
34,9704,1594.21266565632,73,39
40,5494,1142.68436766698,67,27
85,7978,6152.96131881918,86,1
14,5069,378.354349490753,73,59
32,5239,794.917560315949,83,51
27,4332,538.505168852607,63,36
4,6168,323.115735228616,32,28
28,1105,142.949590871184,84,56
67,1063,557.304067755309,74,7
98,9058,8493.15774548635,98,0
85,4123,3179.82696383699,89,4
69,1965,1087.19072147581,85,16
69,8740,4835.64728025375,89,20
44,3988,967.32776049828,81,37
85,1029,793.607069073068,89,4
76,2692,1760.56927125932,78,2
70,3351,1902.75194734934,86,16
26,4578,546.834792785458,58,32
36,9925,1764.83029717709,80,44
9,6946,430.173684476281,50,41
59,9964,4110.68001220372,71,12
62,1050,475.955202235642,72,10
44,5107,1238.75197413859,67,23
66,1935,986.581725291063,80,14
72,4774,2849.35455902397,85,13
7,3732,215.37585716059,56,49
64,2727,1312.54804299085,77,13
9,1931,119.589027458062,84,75
50,5386,1632.19906082205,88,38
72,3546,2116.4246473186,91,19
95,9308,8251.11724856431,96,1
84,4653,3532.95074695792,87,3
61,5971,2624.3784470727,66,5
5,1106,59.747569640618,66,61
71,6747,3929.11069780229,79,8
48,2347,661.19533034335,88,40
62,2840,1287.34549938021,75,13
82,1005,738.168270292121,84,2
26,3742,446.975927174134,78,52
73,8974,5485.71822965641,73,0
25,8472,972.445591973351,73,48
55,4203,1518.48196594205,83,28
68,7163,3859.09770953896,75,7
9,9079,562.272801808257,88,79
57,2517,972.676851416525,72,15
84,1976,1500.34615860495,87,3
34,7338,1205.51654375372,84,50
67,5356,2808.0156038546,78,11
65,2599,1287.89381331179,74,9
34,8297,1363.06497186217,82,48
87,3004,2386.06260253338,94,7
6,4369,243.777194940357,83,77
78,4712,3212.24213995499,87,9
74,2028,1268.8083878254,74,0
68,3535,1904.4967755438,85,17
87,2133,1694.2315350212,90,3
0,5171,334.212967411676,65,65
2,5815,288.312890698133,24,22
0,9726,628.612516156635,64,64
15,3082,239.01505278684,55,40
70,2252,1278.72198908705,81,11
41,4283,926.019268180434,77,36
5,1856,100.26355266997,90,85
57,2782,1075.08422750925,75,18
44,3011,730.34701275334,84,40
98,3256,3052.9610972956,98,0
20,3993,376.086392630456,88,68
59,4202,1733.54851578483,76,17
16,9374,755.477592187976,73,57
43,3899,910.380155294513,83,40
75,4855,3106.66917357255,83,8
63,2958,1382.06154060306,73,10
25,3901,447.770332186974,68,43
81,1654,1193.65959419399,85,4
54,3220,1124.08143157425,85,31
52,5290,1721.96545429707,82,30
15,1169,90.6582078870264,74,59
60,9916,4223.58301244087,66,6
27,7989,993.101983832751,69,42
28,1128,145.925012219634,91,63
91,6278,5260.26918377427,93,2
78,5506,3753.5240285637,88,10
90,7716,6382.16769781787,93,3
57,3941,1522.97158181666,69,12
8,1416,84.6190985020978,83,75
33,3748,591.75558857055,62,29
24,8646,953.761052423871,89,65
35,1267,216.559508758392,75,40
95,7613,6748.57709640311,96,1
46,5659,1480.1344768409,67,21
5,8526,460.585695077675,89,84
17,2427,203.310852768135,86,69
19,2804,253.941678361454,60,41
30,7757,1086.81558812187,79,49
88,6622,5333.55365502253,88,0
48,6508,1833.4295738707,55,7
12,1014,70.1605290330202,58,46
22,4321,440.366490158456,87,65
54,7956,2777.38877938034,84,30
31,5818,848.300473283128,74,43
65,2898,1436.05858829457,71,6
14,5814,433.961765227706,80,66
23,9099,964.724567824976,88,65
64,8791,4231.24673484876,80,16
28,9083,1175.03270034657,65,37
2,9077,450.045762487868,81,79
29,9310,1253.41980354091,90,61
54,3877,1353.43593484887,60,6
97,9201,8475.97817682499,97,0
73,3179,1943.29153689299,84,11
93,5841,5024.1606552772,94,1
68,7590,4089.14583490167,83,15
14,7706,575.182208951617,80,66
49,8436,2465.32179881293,64,15
4,1715,89.8416805961539,74,70
92,8310,7053.51023215393,92,0
98,8779,8231.55573499941,99,1
75,7438,4759.5067586061,96,21
98,1786,1674.62792376227,99,1
32,9577,1453.12568718187,59,27
27,4815,598.546257623569,65,38
8,3577,213.758838518364,84,76
57,5176,2000.2285987016,63,6
93,1794,1543.11662653095,96,3
9,3869,239.611572882052,65,56
56,6564,2453.21751088856,75,19
99,1540,1466.66666666667,99,0
2,4370,216.668500834195,76,74
74,5427,3395.37629227242,86,12
99,3758,3579.04761904762,99,0
21,5440,532.938799048309,79,58
51,7600,2387.43872981427,84,33
75,6233,3988.4385085227,79,4
22,6033,614.841711438548,64,42
13,6977,501.319766011925,63,50
40,8238,1713.40258843112,61,21
55,5238,1892.4122145145,85,30
44,4095,993.281639729302,88,44
20,8409,792.013642782245,81,61
44,6203,1504.59731654233,64,20
45,1731,436.060051002088,72,27
1,4896,237.126886810916,52,51
18,2689,234.189504165377,78,60
80,2456,1740.32059319823,87,7
70,5407,3070.18196935777,77,7
63,1688,788.681501196067,80,17
71,2016,1174.01618004586,85,14
36,3582,636.939256875401,86,50
85,4505,3474.44105556285,88,3
3,3961,201.622918861644,28,25
67,4351,2281.11947206336,69,2
48,8844,2491.52599128956,72,24
48,5983,1685.52691156552,72,24
43,6442,1504.14695060458,82,39
28,7672,992.497068926446,67,39
61,1880,826.299025372078,89,28
36,6496,1155.09698845969,62,26
24,1181,130.278950140249,91,67
64,7624,3669.55125770526,78,14
32,2378,360.815796608384,89,57
48,8329,2346.44052255209,77,29
26,5499,656.846772723293,73,47
97,1823,1679.35096362917,97,0
49,2516,735.271413681051,69,20
76,1498,979.692707409532,83,7
81,1418,1023.34298946014,82,1
95,4541,4025.38928080474,97,2
65,2306,1142.70224451597,92,27
38,1002,192.754775451889,62,24
96,1661,1500.88167196975,96,0
86,8849,6927.94905497705,92,6
68,5320,2866.17336517482,79,11
60,8950,3812.12867702156,86,26
55,6901,2493.22960908067,64,9
71,6649,3872.04046682784,86,15
58,6087,2431.06582290482,59,1
39,9665,1933.4316706106,63,24
46,3266,854.235589567484,74,28
79,3276,2277.70921771002,82,3
63,9455,4417.64430912845,69,6
4,4936,258.576405494236,59,55
99,5110,4866.66666666667,99,0
90,4202,3475.61802309884,91,1
91,6442,5397.68303311147,93,2
6,5707,318.433612159445,78,72
4,8827,462.409629517347,81,77
64,9354,4502.22750060008,83,19
25,4153,476.695767642272,68,43
0,5199,336.022668260163,81,81
45,4402,1108.91758781698,80,35
46,1123,293.725219560406,82,36
17,6429,538.560145218928,89,72
59,1175,484.750001439118,59,0
13,5398,387.863565562903,78,65
53,3484,1174.69696068551,90,37
86,9325,7300.61305657826,92,6
33,1756,277.247282158454,88,55
92,3092,2624.48298890733,92,0
59,7565,3120.96490288249,59,0
28,3173,410.478779940513,68,40
45,9175,2311.29460886433,78,33
9,4347,269.214656841116,63,54
55,4396,1588.21002195604,75,20
34,3161,519.301961679682,79,45
6,6920,386.115401461952,81,75
4,3129,163.91522949584,79,75
55,8896,3213.99371140149,87,32
85,2785,2147.90640171865,90,5
14,7880,588.169712761321,73,59
61,8916,3918.7670799029,89,28
61,7919,3480.56488400079,84,23
63,9557,4465.301603632,94,31
73,6830,4175.11204686353,73,0
58,3455,1379.88046954758,89,31
63,6417,2998.20449832652,88,25
93,8727,7506.56566317482,96,3
62,9267,4200.64462773114,81,19
47,6186,1679.44898654364,73,26
39,6725,1345.30036056454,70,31
81,3267,2357.73028671811,85,4
45,5828,1468.14441203938,59,14
19,1728,156.494729033022,54,35
1,6049,292.969881192653,84,83
11,3583,238.808825813307,62,51
18,7755,675.395911045926,83,65
26,2208,263.742075681584,80,54
56,8463,3162.9463428778,65,9
35,9324,1593.68655064187,50,15
90,6583,5445.02461829122,93,3
30,9051,1268.11497848279,66,36
33,2600,410.502809574021,85,52
43,5517,1288.16807303407,83,40
35,7280,1244.31982932999,60,25
61,7629,3353.10386412957,75,14
26,5296,632.59874674351,89,63
65,4173,2067.86490302044,67,2
61,1683,739.713436011281,83,22
32,3561,540.313310228115,68,36
62,6177,2799.97646115196,71,9
71,9988,5816.5047650288,74,3
62,5126,2323.56796824753,69,7
21,1419,139.014734531167,71,50
50,6701,2030.70291618429,63,13
93,7809,6716.94411180614,95,2
37,4427,818.832409133515,69,32
57,5537,2139.73449594489,75,18
59,2588,1067.6876627442,70,11
47,4343,1179.08938709328,70,23
67,7773,4075.18769394357,90,23
1,5695,275.824677366864,67,66
55,8194,2960.371455848,77,22
36,9283,1650.67200490629,68,32
42,5429,1219.94044247982,51,9
63,8228,3844.35508995334,84,21
82,9177,6740.46787708537,90,8
46,1262,330.081235160491,74,28
96,9574,8651.07834282866,98,2
43,2226,519.750250239955,75,32
30,9670,1354.84165748852,67,37
80,3317,2350.4248402437,82,2
63,9777,4568.09184667888,74,11
47,4619,1254.02115564906,79,32
57,9243,3571.89198952838,91,34
81,1059,764.259679716705,86,5
25,3846,441.457241115381,84,59
87,5329,4232.79880456071,87,0
90,6682,5526.91090679355,95,5
89,4307,3516.02848655559,96,7
38,2537,488.042779761917,83,45
57,1699,656.566535779371,62,5
57,5240,2024.96094613532,75,18
17,5208,436.276440550658,83,66
40,5747,1195.30525318204,58,18
5,1331,71.9023645494236,69,64
63,4022,1879.19253424798,63,0
74,6475,4051.05242168121,79,5
34,3513,577.129956147018,41,7
15,7176,556.512660220104,49,34
10,9629,618.492580592077,80,70
11,5950,396.57061501233,55,44
44,9963,2416.62148391283,71,27
58,7719,3082.86464383149,93,35
93,6198,5331.23570303169,98,5
52,3940,1282.52247446701,55,3
90,2001,1655.0955888198,93,3
87,3698,2937.30343014928,90,3
31,5848,852.674659291806,90,59
18,2242,195.259527087681,81,63
76,8126,5314.40783738976,92,16
13,6019,432.484401838294,79,66
36,8963,1593.77067542552,91,55
44,7307,1772.38313589793,75,31
49,6092,1780.31536253774,86,37
36,1705,303.177396139743,64,28
64,2773,1334.6885673684,74,10
85,5451,4204.03511517716,92,7
63,6174,2884.66800259746,67,4
28,1556,201.29372252992,72,44
31,1931,281.551772758632,79,48
31,7811,1138.8922304597,83,52
2,6857,339.976180828392,60,58
88,5661,4559.53597720968,89,1
1,3881,187.967615954486,89,88
20,4832,455.10880270232,67,47
32,6363,965.462957871804,81,49
94,8114,7078.95570476922,98,4
56,1064,397.657439303082,63,7
36,3206,570.080194735493,66,30
40,3776,785.361516620044,59,19
69,1983,1097.14972045116,95,26
11,2953,196.818995988472,83,72
78,1947,1327.29954297376,85,7
29,4408,593.455906982633,91,62
76,5350,3498.90252646262,87,11
12,1527,105.655944608897,78,66
42,6813,1530.93649560048,43,1
49,8473,2476.13461372001,74,25
93,6581,5660.67475986634,98,5
24,4611,508.650498811759,85,61
55,4458,1610.60970834396,73,18
78,9219,6284.73265879564,78,0
83,3651,2727.42315503232,90,7
53,4318,1455.89594610793,63,10
96,7068,6386.6536167864,96,0
5,5211,281.505050087939,39,34
72,1916,1143.56165376831,80,8
49,6977,2038.94620558533,88,39
25,1787,205.118068089752,83,58
1,8581,415.601678048298,86,85
30,4682,655.98434750375,85,55
54,8250,2880.02230139364,54,0
24,2056,226.802304393185,67,43
10,7123,457.526498240458,73,63
83,8209,6132.40665013978,87,4
86,2693,2108.37007628582,87,1
68,8166,4399.46836466496,88,20
33,1436,226.723859441652,85,52
39,7489,1498.1344833112,75,36
28,7363,952.522929940748,80,52
21,3960,387.948096366049,75,54
19,3657,331.192838005648,76,57
1,6739,326.388498819192,59,58
94,9713,8473.98283958879,99,5
32,2895,439.260610252848,71,39
26,1996,238.419014067229,76,50
89,10000,8163.52098109029,92,3
57,9096,3515.08487901657,77,20
94,9779,8531.56369693594,96,2
39,7698,1539.94381793693,70,31
5,5191,280.424623873823,71,66
38,8514,1637.83848123491,78,40
76,8588,5616.55605556279,88,12
34,2440,400.853143466759,66,32
73,3502,2140.738270588,82,9
74,2065,1291.95725880644,80,6
49,7501,2192.07904372876,78,29
37,7273,1345.23788381027,70,33
20,4443,418.470283610598,86,66
45,7373,1857.34879031681,75,30
67,6146,3222.19266267557,74,7
36,8990,1598.57172510046,72,36
11,2865,190.953749917702,71,60
43,5491,1282.09731539425,88,45
9,6484,401.561498725051,83,74
72,6802,4059.76324056997,86,14
24,1507,166.240794124771,72,48
3,3946,200.859388494837,8,5
81,5729,4134.50774796695,91,10
41,5211,1126.66037975443,87,46
96,4200,3795.12523917698,96,0
64,4808,2314.16611320132,76,12
78,4289,2923.87659980198,90,12
95,2464,2184.22356042785,95,0
22,4866,495.909127773906,78,56
88,9799,7892.40293952971,88,0
85,4095,3158.23221365813,90,5
20,6392,602.039624766811,65,45
32,7809,1184.86566682711,81,49
87,7169,5694.30186336944,94,7
44,5843,1417.27585370899,71,27
32,6462,980.484305165425,51,19
57,4547,1757.15599657963,65,8
13,2873,206.434239322382,85,72
98,9759,9150.44451735496,98,0
79,2218,1542.11204056191,91,12
8,3447,205.990135972268,84,76
7,3950,227.956762000088,14,7
92,9576,8128.08832528352,97,5
83,6816,5091.78751703652,95,12
58,1411,563.53439725952,86,28
43,1983,463.012015375486,78,35
72,2056,1227.12043849042,78,6
66,1340,683.214218031021,91,25
23,6522,691.49726688147,71,48
97,3098,2853.88331613996,97,0
81,6367,4594.93992517116,90,9
94,3760,3280.36399432244,94,0
11,7368,491.081057379974,59,48
77,3708,2476.75702857682,94,17
38,3023,581.534616957145,76,38
99,2768,2636.19047619048,99,0
64,4554,2191.91191337746,88,24
42,9429,2118.77296594994,79,37
8,9305,556.059824549449,63,55
34,8846,1453.25692914219,77,43
54,3918,1367.74877295276,63,9
24,9820,1083.2678157301,76,52
76,3342,2185.66957821272,82,6
69,4261,2357.51636855391,85,16
54,9341,3260.88343240219,82,28
98,9141,8570.98199950218,99,1
54,4835,1687.86761542282,75,21
83,1728,1290.87570854447,87,4
28,9745,1260.6730887237,75,47
47,7656,2078.54210167768,70,23
11,8963,597.388642412691,82,71
28,6057,783.570743807023,91,63
4,1977,103.566765328628,81,77
30,3042,426.207685840753,60,30
66,1694,863.705138316827,90,24
62,2732,1238.39010715026,75,13
81,7692,5551.16662547771,93,12
58,2570,1026.42338834654,73,15
99,7359,7008.57142857143,99,0
95,5809,5149.41341823271,96,1
13,3821,274.551071510902,75,62
27,4595,571.198349694766,76,49
31,5388,785.60380715873,76,45
77,5961,3981.64742377196,83,6
92,7964,6759.82617194632,98,6
2,8649,428.825140438203,59,57
54,7740,2701.98455912567,76,22
72,7632,4555.14746427963,90,18
76,7946,5196.68775238728,77,1
60,1480,630.385524244906,82,22
25,2589,297.174414260978,90,65
3,8302,422.588607015746,69,66
24,4115,453.935546000952,65,41
9,9359,579.613520445366,81,72
47,3178,862.801306051679,85,38
10,2615,167.967400378885,77,67
92,9316,7907.40088119687,93,1
72,9519,5681.40051264122,87,15
83,5400,4033.98658920147,95,12
21,3131,306.733709525782,58,37
51,2114,664.084930898338,75,24
54,3620,1263.7188764903,67,13
90,4574,3783.31195565305,94,4
51,1014,318.53458842522,74,23
91,4683,3923.83571003741,91,0
56,2383,890.618118288763,77,21
3,1573,80.068884465884,87,84
85,9100,7018.29380812918,87,2
1,3070,148.688632048511,75,74
23,6070,643.57381324295,69,46
0,5783,373.767857385752,74,74
21,9690,949.297235804801,70,49
1,6653,322.223279810666,41,40
8,1081,64.5997496333105,88,80
35,7571,1294.05843789249,89,54
85,9568,7379.23463254725,86,1
48,2939,827.97318955224,63,15
37,8812,1629.89636080518,85,48
24,2267,250.07822181875,54,30
36,8019,1425.91175345724,74,38
41,1676,362.364766161664,67,26
19,1733,156.947549429529,73,54
74,9116,5703.38129359782,78,4
23,9139,968.965581421305,79,56
26,3616,431.925428290131,81,55
4,4791,250.980461653745,88,84
1,1247,60.3956756236136,85,84
76,8705,5693.0741108144,87,11
15,4244,329.130397153584,85,70
23,1611,170.806822592157,63,40
21,9185,899.824056849029,88,67
41,5904,1276.49258915183,82,41
52,9826,3198.49386652609,63,11
18,4957,431.713414707241,68,50
65,6010,2978.16153059018,74,9
39,5872,1174.66226278587,82,43
70,4657,2644.31985043446,85,15
87,5295,4205.79276977837,92,5
33,1627,256.880027375743,82,49
85,1763,1359.6980201903,86,1
22,9175,935.052660773856,88,66
54,8950,3124.38782999674,64,10
97,8667,7984.05639153811,98,1
41,4129,892.723221647679,45,4
78,2292,1562.49129558082,82,4
59,9958,4108.20469304744,59,0
14,2472,184.512123089592,88,74
91,1975,1654.83141732306,97,6
47,8882,2411.39118953776,75,28
31,9622,1402.94725918361,79,48
33,1766,278.826139118354,84,51
2,6503,322.424544834043,64,62
84,6567,4986.22126698317,91,7
96,8886,8029.40068460157,97,1
23,6560,695.526229797983,87,64
84,9903,7519.19433636886,88,4
60,4607,1962.28791229478,78,18
41,1039,224.640210048907,55,14
31,3717,541.961646475315,81,50
98,8513,7982.1430655029,98,0
55,5986,2162.65359222676,76,21
23,2252,238.769065473332,66,43
19,6512,589.753284411479,86,67
7,6640,383.198202450781,73,66
7,2315,133.599975703849,63,56
85,5253,4051.32938176951,86,1
34,4767,783.142186436902,54,20
72,3300,1969.59992559261,85,13
75,1468,939.359494707416,90,15
77,2361,1577.02894942553,92,15
96,5787,5229.14041883742,98,2
56,9063,3387.18925977803,58,2
20,6824,642.728160107746,64,44
76,8197,5360.84187091852,88,12
34,6381,1048.29668379565,36,2
82,3302,2425.30510298964,84,2
26,8060,962.754134960855,87,61
54,9727,3395.63356674618,64,10
88,3372,2715.90802246088,90,2
0,9414,608.447278130636,88,88
65,1097,543.601197846494,87,22
26,6176,737.713342123851,29,3
97,6766,6232.85168399064,97,0
1,3928,190.243956575424,69,68
5,2799,151.205648665542,12,7
93,3150,2709.48571548077,93,0
94,9267,8084.87583387926,94,0
65,4430,2195.21723469459,69,4
7,3456,199.447739106913,27,20
45,3961,997.824299260121,84,39
42,8086,1816.98994619485,81,39
55,9069,3276.49606212906,70,15
66,1277,651.092952556428,78,12
96,8938,8076.38794946757,99,3
76,7836,5124.74770044132,79,3
56,5409,2021.54989585561,83,27
45,6112,1539.68748222112,92,47
49,4642,1356.56991347672,79,30
33,5120,808.374763468841,85,52
87,1554,1234.33464858085,92,5
62,5395,2445.50315815361,83,21
51,7350,2308.90456107038,82,31
40,2717,565.102553140006,64,24
65,8583,4253.17145042521,74,9
6,2756,153.776596304789,77,71
52,4795,1560.83636169271,66,14
84,4316,3277.0718727424,84,0
46,4561,1192.94810900713,85,39
6,7816,436.109534368008,29,23
67,8587,4501.94734695657,73,6
97,4956,4565.47634434786,98,1
11,9029,601.787576965769,71,60
42,6579,1478.35479297748,70,28
65,1117,553.511885136311,66,1
98,4051,3798.38618094118,98,0
45,6962,1753.81286832844,80,35
80,1216,861.657101518343,80,0
29,9907,1333.79484357463,64,35
94,9752,8508.00789165756,96,2
79,8058,5602.49721499004,94,15
39,5745,1149.25659054919,82,43
83,3902,2914.92882797484,86,3
41,7107,1536.59092667718,80,39
48,1990,560.621519975827,65,17
81,3161,2281.23215069358,88,7
95,2037,1805.70754569462,95,0
8,7545,450.883543925373,77,69
52,9020,2936.13013190162,78,26
82,3671,2696.33404999242,90,8
41,1804,390.039402240836,47,6
67,5896,3091.12397317526,76,9
75,8247,5277.17830575753,87,12
94,2253,1965.60108489587,95,1
91,3249,2722.30241766209,94,3
2,4254,210.917117288024,87,85
70,2646,1502.44155556143,86,16
86,1398,1094.50477781195,87,1
85,1510,1164.57402750275,87,2
22,3122,318.172687404466,52,30
25,5318,610.418514886011,90,65
58,2019,806.3614089773,76,18
89,9135,7457.37641622598,91,2
34,7787,1279.28009351461,80,46
57,7760,2998.7971263378,70,13
9,5003,309.841483362343,87,78
0,3928,253.87517617348,82,82
62,5196,2355.29831506323,77,15
68,2924,1575.31784206225,88,20
28,6196,801.552638043308,46,18
84,3225,2448.69249063815,85,1
19,9641,873.128288545926,71,52
73,3621,2213.48180405459,81,8
96,2507,2265.32832728969,96,0
30,6340,888.282948136219,64,34
36,6091,1083.08124333558,71,35
20,2013,189.597272317833,43,23
47,8512,2310.93918096661,85,38
86,5668,4437.52008629336,95,9
19,5905,534.780888275459,83,64
30,9780,1370.25350674641,46,16
2,7187,356.337875399395,83,81
65,5495,2722.96133287738,83,18
75,4417,2826.39706275385,77,2
73,2634,1610.13837941999,82,9
17,8514,713.2215082274,80,63
74,9212,5763.44322911618,94,20
33,1110,175.253122548909,89,56
35,6079,1039.04124210123,82,47
58,7391,2951.86586119427,73,15
89,7947,6487.55012367245,95,6
29,4474,602.341589800432,86,57
88,1634,1316.07168110945,92,4
65,4490,2224.94929656405,81,16
40,1188,247.089375462027,79,39
14,2833,211.457461453404,56,42
37,1284,237.492842405113,74,37
32,2557,387.975606361497,72,40
23,2107,223.395391186639,83,60
81,4801,3464.7882174881,81,0
11,5485,365.57812157019,53,42
87,2714,2155.71701174287,91,4
94,8106,7071.97620690896,96,2
14,6733,502.556684774362,69,55
56,1933,722.435930613587,62,6
74,2990,1870.67903333233,84,10
68,1242,669.132954802092,83,15
43,5605,1308.71525273807,84,41
68,7761,4181.27283592515,71,3
86,3798,2973.48293714576,86,0
70,3056,1735.24618057284,80,10
98,8353,7832.12040715914,98,0
19,4206,380.912517542181,85,66
13,8545,613.985581277325,86,73
69,2486,1375.44841404014,83,14
66,4795,2444.78520556623,82,16
69,5805,3211.77716955069,86,17
85,1423,1097.47605373273,91,6
65,2083,1032.1980812345,71,6
41,1406,303.98858068216,89,48
22,1205,122.805281333242,85,63
87,1823,1448.00004141756,87,0
15,5256,407.612951800009,70,55
15,7832,607.386727263637,85,70
55,1163,420.174762405568,88,33
25,1350,154.957689939096,70,45
60,8201,3493.10248941383,82,22
2,4235,209.975080327875,66,64
17,4253,356.275672362125,72,55
97,6349,5848.71051458123,97,0
2,2228,110.466228800592,80,78
13,4959,356.320011416531,87,74
5,6438,347.789198323959,77,72
63,1346,628.889396095916,93,30
51,4710,1479.5837391349,78,27
82,4705,3455.80269823326,96,14
39,5071,1014.42648749781,71,32
33,1893,298.877622509085,51,18
20,3417,321.835012175875,62,42
79,1476,1026.22063655067,91,12
36,8208,1459.51910118182,80,44
32,1092,165.690012572059,54,22
32,6411,972.746035347499,91,59
56,2437,910.799980809784,77,21
18,3848,335.128751219178,52,34
18,5605,488.148817719203,73,55
5,7625,411.912494131747,78,73
54,6398,2233.50093143231,87,33
62,7257,3289.53038345148,78,16
31,4354,634.840196059597,88,57
50,3874,1173.99538834472,81,31
87,6901,5481.43076567338,87,0
52,9855,3207.93375275948,83,31
61,1296,569.618902596922,86,25
23,3371,357.41142083064,88,65
2,4682,232.137739337689,22,20
61,1204,529.182992844671,76,15
44,1086,263.419746213925,85,41
49,4848,1416.77099106746,82,33
85,8245,6358.88268659616,91,6
58,2054,820.33993761237,75,17
89,8231,6719.39411953542,96,7
9,3648,225.924791386334,90,81
60,4845,2063.66071957201,82,22
91,2693,2256.43595283595,95,4
81,8735,6303.87941673788,89,8
7,2896,167.129818418293,80,73
75,9166,5865.23782594562,81,6
31,7082,1032.5995104488,43,12
92,5658,4802.49830247015,92,0
82,4978,3656.32004926784,82,0
64,2084,1003.06201745249,95,31
83,9687,7236.5237202953,83,0
34,2765,454.24546790393,54,20
50,4342,1315.8203345877,76,26
22,1407,143.391726834748,66,44
56,3224,1204.93194014392,70,14
83,2917,2179.09979272235,84,1
1,7305,353.801451828787,73,72
89,6385,5212.40814642615,94,5
4,2312,121.116014891142,69,65
3,9748,496.192934375993,57,54
11,3286,219.013620324457,83,72
86,3998,3130.06445042358,94,8
88,7296,5876.41308774454,90,2
0,2801,181.034717021873,59,59
12,6829,472.511097402855,84,72
10,3007,193.146452366848,67,57
23,1648,174.729760168761,81,58
7,5015,289.418521881125,70,63
95,8439,7480.78840359199,95,0
35,4049,692.067443538065,80,45
22,4105,418.35326130536,75,53
23,6740,714.610790981464,53,30
60,3562,1517.18461983808,91,31
53,2836,956.211418055142,87,34
64,5282,2542.30977743956,71,7
8,3117,186.269583355253,79,71
38,2975,572.300855258851,82,44
34,7839,1287.82286542456,76,42
40,5519,1147.88405991155,55,15
36,6885,1224.26766710975,89,53
58,8827,3525.38492176455,64,6
16,2070,166.82724726148,90,74
49,2411,704.586398404218,72,23
80,3316,2349.71624065364,95,15
26,6155,735.204925643184,88,62
11,7097,473.018765502942,86,75
60,3595,1531.24051328408,78,18
2,4537,224.948509904975,75,73
93,6995,6016.77859675809,94,1
59,6175,2547.51596500983,83,24
97,2946,2713.86063568378,98,1
20,2877,270.974342999705,57,37
51,1420,446.074078465298,84,33
2,2269,112.499045398807,66,64
51,1833,575.812525230205,56,5
16,6075,489.60170391956,80,64
24,7183,792.374004112962,88,64
97,2103,1937.28748025899,98,1
8,1034,61.7910648666449,89,81
10,7995,513.537042458579,86,76
46,5505,1439.85515020484,51,5
12,2184,151.114985609582,85,73
5,6032,325.856546177403,87,82
5,6395,345.466281963609,72,67
44,9948,2412.98308962811,74,30
33,3391,535.390395102117,42,9
62,6590,2987.18550736465,88,26
90,9568,7914.02028677052,98,8
40,6132,1275.38051374844,81,41
86,2619,2050.43491637303,86,0
37,4670,863.778484448502,67,30
73,3446,2106.50601954491,89,16
24,9936,1096.06405469391,83,59
33,3568,563.336163292349,83,50
63,8717,4072.82976654391,87,24
74,5547,3470.45371167037,80,6
19,9080,822.321840057775,58,39
27,2035,252.968148341425,59,32
59,9718,4009.19192679604,77,18
28,6443,833.506076002749,63,35
90,4945,4090.17875397996,90,0
82,8208,6028.74145528133,82,0
22,5722,583.146738413952,76,54
20,3613,340.295551358336,75,55
61,1366,600.385355669287,77,16
56,8167,3052.31983720702,87,31
0,5271,340.676184727701,76,76
16,4596,370.404844644329,85,69
74,3532,2209.77871094641,74,0
57,3001,1159.71522888399,84,27
33,9494,1498.96679772914,57,24
96,5302,4790.89381383722,96,0
6,9743,543.630398330029,84,78
61,8651,3802.29407898609,71,10
66,6964,3550.67448833435,81,15
37,3635,672.341496995782,72,35
87,8092,6427.43627819577,90,3
39,9464,1893.22269329113,91,52
77,4123,2753.95610270286,90,13
49,6755,1974.06931614288,77,28
37,4007,741.147834515021,81,44
75,1277,817.140377889217,79,4
31,6562,956.780286298364,71,40
43,6371,1487.5691124343,82,39
68,5059,2725.55846887583,92,24
42,5795,1302.18361837734,88,46
29,5293,712.604835675835,75,46
64,5094,2451.82241694001,91,27
76,1510,987.540713076364,83,7
90,7398,6119.13901353766,97,7
45,2854,718.957472882703,81,36
12,4830,334.196602790422,67,55
38,3715,714.654681440884,79,41
20,9480,892.887303314982,75,55
10,5849,375.694579279578,82,72
13,3424,246.025351701997,56,43
63,7081,3308.4441409771,73,10
55,9545,3448.46784794595,74,19
21,6619,648.44152773911,76,55
37,8239,1523.91240543281,86,49
83,5053,3774.76559911759,85,2
22,4516,460.239543984167,77,55
25,9510,1091.59083801541,86,61
51,4459,1400.73543371603,65,14
4,8011,419.662800732238,75,71
81,9030,6516.77517265519,89,8
98,3765,3530.2206791517,99,1
16,5936,478.399294562388,70,54
94,3063,2672.27524324724,96,2
15,3795,294.309579924094,67,52
82,6271,4606.02310746457,82,0
22,5415,551.859417775524,52,30
78,2462,1678.38288382198,79,1
38,1989,382.62400037306,91,53
57,7721,2983.72585212038,84,27
46,2432,636.099495966969,79,33
14,1028,76.7307696343449,59,45
75,9696,6204.37987784953,82,7
34,6712,1102.67471268397,59,25
73,7718,4717.93774197551,90,17
7,7301,421.344890977885,81,74
77,5236,3497.38398102163,90,13
77,4474,2988.40640395164,87,10
0,5104,329.882611809939,83,83
30,1178,165.046894779884,87,57
69,5479,3031.40863255266,76,7
42,4367,981.300407498504,76,34
24,5317,586.531056643271,87,63
32,3980,603.888507359701,79,47
91,8432,7065.08279031293,95,4
34,4157,682.928900570212,55,21
75,8383,5364.2034360574,97,22
81,3996,2883.83539201884,92,11
22,9020,919.256130809829,63,41
69,5981,3309.15404842078,76,7
5,4408,238.125937591179,80,75
58,4625,1847.16271249134,91,33
56,5606,2095.17632023785,59,3
92,2568,2179.71290928656,92,0
2,7638,378.698857979766,70,68
10,3537,227.189558370981,71,61
41,3623,783.321925897201,79,38
97,6011,5537.34429093523,99,2
53,9122,3075.65604918865,68,15
29,2468,332.270684762509,85,56
90,4869,4027.31655270544,94,4
20,8176,770.068205896972,86,66
9,8857,548.524089174549,80,71
62,3220,1459.59595352264,70,8
69,5006,2769.70827058927,75,6
87,8905,7073.19822754984,92,5
6,3720,207.564926797466,78,72
43,8703,2032.06937459045,44,1
83,9770,7298.52758824043,85,2
12,6078,420.548023138754,56,44
62,3891,1763.75399228465,85,23
63,2750,1284.87803808601,65,2
91,4954,4150.90371717389,94,3
13,6726,483.28461318564,78,65
89,4426,3613.17438623056,98,9
64,3937,1894.94009726989,72,8
77,1202,802.875390601223,87,10
28,6137,793.920035453806,68,40
58,8861,3538.96406386719,92,34
37,4097,757.794529076127,87,50
31,2611,380.699988955353,79,48
57,9631,3721.83184584527,76,19
3,9868,502.301177310453,43,40
9,7303,452.283100738595,69,60
27,6538,812.730100175056,78,51
5,4711,254.494394735037,78,73
15,1883,146.030286955749,90,75
17,5202,435.773817923295,82,65
2,8502,421.536749220211,31,29
25,3973,456.034742317059,77,52
2,7805,386.978867050547,24,22
55,1213,438.239025621628,76,21
39,7612,1522.73997689476,88,49
23,8929,946.700260040577,37,14
89,7080,5779.77285461192,90,1
52,3321,1081.02973038196,75,23
27,3721,462.552570013977,80,53
71,7152,4164.96216254365,83,12
79,5763,4006.84927401186,89,10
68,2188,1178.79460958694,77,9
88,5099,4106.88464013287,89,1
41,9138,1975.70956633967,50,9
68,1263,680.446797033045,80,12
39,5924,1185.06458527648,81,42
92,7973,6767.46535270316,92,0
37,6203,1147.32718180601,74,37
88,3481,2803.69982982987,92,4
19,4931,446.571475035781,38,19
44,9932,2409.1021357244,86,42
55,3073,1110.22961725908,73,18
38,4719,907.794196963535,77,39
95,6230,5522.61070676361,97,2
88,1943,1564.94937355916,95,7
36,2830,503.221132595585,54,18
29,2916,392.585622677259,75,46
94,5218,4552.37747935492,94,0
17,4629,387.773357010176,87,70
93,6037,5192.75087757378,93,0
35,7208,1232.01336947947,64,29
41,4824,1042.98784723381,77,36
49,1716,501.480821095661,80,31
55,3375,1219.33776708408,92,37
5,5466,295.280484317918,83,78
73,1817,1110.71428830908,86,13
78,6613,4508.18278258114,79,1
67,5484,2875.12277287875,75,8
70,8995,5107.50634628688,82,12
65,6329,3136.23699286277,83,18
58,6624,2645.53639082003,70,12
23,4387,465.133166177401,67,44
16,1342,108.155635664206,78,62
98,3104,2910.43957186902,98,0
29,1727,232.508700399049,78,49
17,3863,323.605201583562,46,29
12,9039,625.42507093636,20,8
8,9973,595.979003786315,77,69
7,4095,236.324795035535,90,83
70,3722,2113.41174217674,88,18
44,7754,1880.80728558266,90,46
41,9455,2044.24753225449,81,40
12,8571,593.043288305736,75,63
30,1222,171.211634483038,88,58
30,3454,483.932066697555,87,57
7,1517,87.5469387225655,85,78
70,9931,5638.98227070317,88,18
31,9779,1425.83883262903,91,60
51,9230,2899.48151002444,83,32
67,5706,2991.51176915503,73,6
70,1086,616.648348200951,74,4
11,5888,392.438282553378,89,78
5,5653,305.382469419903,25,20
80,4185,2965.48928441963,88,8
74,2867,1793.72467844942,82,8
86,3556,2784.0193060796,90,4
41,7938,1716.25985309743,92,51
57,4327,1672.13855227624,62,5
18,7381,642.823625974208,82,64
51,9082,2852.98928212805,73,22
32,8704,1320.66471559267,78,46
55,4257,1537.99137021539,91,36
40,6522,1356.49571276375,42,2
95,6132,5435.73817879204,97,2
57,3551,1372.25883964246,86,29
1,1778,86.1134813622975,64,63
93,6332,5446.49636521405,93,0
63,7731,3612.14258634289,77,14
50,7193,2179.80093659358,82,32
84,9483,7200.29484921598,84,0
13,5142,369.469146744062,48,35
94,8564,7471.55245940887,97,3
99,5639,5370.47619047619,99,0
18,6869,598.232690261053,52,34
30,9651,1352.17961079852,71,41
76,4405,2880.87208019959,92,16
62,4209,1907.90042496173,72,10
22,3398,346.300702050089,63,41
13,4786,343.889408074111,73,60
65,1483,734.877462539973,79,14
64,4910,2363.2603194298,73,9
22,6443,656.626081020813,76,54
35,6051,1034.25539660381,70,35
97,5480,5048.18611118367,97,0
19,3629,328.657043785206,58,39
1,2240,108.489425338328,35,34
46,2602,680.563687708081,60,14
50,1468,444.869703172443,78,28
15,1770,137.266918699775,86,71
69,7876,4357.6153294369,75,6
72,5921,3533.93974528298,81,9
42,3042,683.562134099027,82,40
15,8213,636.934013153249,81,66
81,3218,2322.36794081998,81,0
28,2986,386.287310716158,77,49
17,6784,568.29865067121,25,8
82,1046,768.282597736875,84,2
20,3968,373.731732020448,67,47
82,7418,5448.48978012633,96,14
74,8831,5525.07242252768,84,10
47,2668,724.340429372523,76,29
59,6095,2514.5117095927,87,28
19,7153,647.804859243752,84,65
78,4759,3244.28275552755,84,6
72,8194,4890.57630009267,90,18
43,5732,1338.36856890181,87,44
86,2589,2026.94768938135,94,8
16,6328,509.991700807074,63,47
20,6184,582.448848491545,75,55
72,6732,4017.98384820892,72,0
12,2123,146.894283172684,61,49
80,6723,4763.91504400314,82,2
63,5566,2600.59314908608,81,18
10,5664,363.811608315871,76,66
99,6277,5978.09523809524,99,0
70,8389,4763.40975419685,76,6
20,4402,414.608640210185,78,58
78,1882,1282.98805335214,80,2
92,4181,3548.82386048563,92,0
3,5882,299.405707837463,57,54
89,4609,3762.56682018451,96,7
7,9957,574.624171958197,76,69
64,2698,1298.58988631805,86,22
69,8822,4881.01605336368,75,6
82,5403,3968.4807605854,83,1
65,9573,4743.75047127118,83,18
6,3051,170.236718187921,65,59
19,5041,456.533523758948,63,44
67,2668,1398.76505434729,70,3
75,1250,799.863329962037,96,21
18,2036,177.318642796841,70,52
92,1367,1160.30667717863,97,5
30,6118,857.179034179398,66,36
58,6116,2442.6480323453,66,8
11,5710,380.574489364774,65,54
91,7598,6366.28309307373,92,1
4,1541,80.7265479875645,77,73
78,1156,788.062800039891,88,10
21,5275,516.774295033057,77,56
24,1740,191.943584457268,67,43
55,1884,680.66143798116,76,21
94,2886,2517.85385308898,96,2
55,3229,1166.59011849319,80,25
74,5796,3626.23935692112,81,7
10,6119,393.037293659043,75,65
85,2171,1674.36437993939,95,10
60,6244,2659.54541444945,86,26
46,4335,1133.83688939836,90,44
38,6578,1265.41009273705,86,48
59,2136,881.21361963741,75,16
84,4667,3543.58072986302,90,6
47,6258,1698.99640442776,77,30
48,7303,2057.39646250426,84,36
63,9124,4262.99171618064,70,7
94,5301,4624.78976965512,98,4
71,5346,3113.2393345859,76,5
47,8004,2173.02128811757,75,28
70,3253,1847.10596381003,82,12
36,1219,216.758501990819,79,43
85,4994,3851.57794261507,93,8
64,1135,546.293373228682,87,23
4,4689,245.637108055607,28,24
91,8292,6947.77828478117,93,2
4,5317,278.535402757872,84,80
31,3628,528.984894649568,82,51
22,7133,726.946117634868,77,55
20,5755,542.04287242381,85,65
83,4545,3395.27204591123,89,6
60,8068,3436.4529794648,78,18
88,2746,2211.70920215824,90,2
10,1902,122.169787962003,68,58
41,3746,809.915521504531,87,46
74,9867,6173.24080999668,75,1
16,5036,405.865708796527,56,40
69,2504,1385.40741301549,86,17
83,2234,1668.87519264372,94,11
83,1683,1257.25915363446,85,2
35,5495,939.222178869268,64,29
66,5100,2600.29291937179,70,4
60,9828,4186.1006299182,76,16
53,1649,555.991758946731,76,23
3,1274,64.849179154187,85,82
8,4502,269.036145096359,74,66
29,2148,289.188586251973,61,32
63,1285,600.388465069281,80,17
81,3826,2761.14970216819,87,6
67,4440,2327.77992552547,74,7
33,7420,1171.51186424586,91,58
47,4735,1285.51421779569,88,41
76,1958,1280.53292463809,84,8
76,6404,4188.21902419936,85,9
51,1879,590.262812279081,74,23
18,4864,423.613889274969,46,28
98,6340,5944.64783687166,98,0
73,2882,1761.73834832514,79,6
46,3510,918.054782419433,87,41
21,3519,344.744785634375,84,63
1,1582,76.6206566451938,67,66
41,6232,1347.40884410471,43,2
8,2985,178.381362308448,47,39
55,8878,3207.49057664371,79,24
97,3608,3323.69625714428,98,1
90,8287,6854.46134160403,91,1
6,1380,76.9998921990598,77,71
32,4122,625.434278225299,43,11
32,3735,566.714466077509,78,46
48,7745,2181.91641819738,82,34
99,1576,1500.95238095238,99,0
26,9503,1135.11818170385,54,28
49,1160,338.996359248815,55,6
59,8349,3444.40660597038,59,0
38,4755,914.719518237256,55,17
0,6222,402.141381403103,81,81
55,1633,589.978836636536,70,15
11,3266,217.680609853827,50,39
16,4504,362.990300321596,54,38
90,6198,5126.57794078216,92,2
35,3856,659.079294216542,82,47
98,1972,1849.02926408689,98,0
1,1463,70.8571559240952,22,21
74,3201,2002.69016244039,78,4
18,3531,307.5206914124,49,31
6,5725,319.437958579433,77,71
67,3605,1890.01050259444,73,6
1,3848,186.369334241913,26,25
97,4514,4158.30512881078,98,1
40,6505,1352.95992203744,71,31
74,6897,4315.07467989734,95,21
65,7895,3912.24380765549,72,7
67,4744,2487.15945195784,85,18
89,2081,1698.82871616489,94,5
87,6501,5163.71270941062,94,7
13,4538,326.069814843359,89,76
46,5795,1515.70583023379,86,40
9,3358,207.964761369328,76,67
85,8548,6592.56873317453,89,4
85,4766,3675.73497687293,97,12
62,4165,1887.95563553471,88,26
93,3784,3254.82347535849,95,2
6,1415,78.9527880157026,85,79
94,4020,3507.1976747809,94,0
58,6671,2664.30755784426,73,15
47,6047,1641.71161035069,88,41
19,8584,777.402056724223,73,54
25,2947,338.266897963346,89,64
7,4295,247.866909567185,70,63
27,7476,929.331634889679,78,51
31,7622,1111.33485860502,70,39
43,5950,1389.26953680491,69,26
82,3383,2484.79926208781,84,2
57,7597,2935.80692896756,58,1
72,2013,1201.45595461149,91,19
26,2976,355.4784498317,54,28
64,6366,3064.056047554,84,20
56,8465,3163.69381926747,71,15
3,5105,259.854834836833,77,74
42,1896,426.046616124837,73,31
93,4610,3965.31084075122,94,1
10,8193,526.255033003519,38,28
26,6882,822.043915235807,79,53
79,5549,3858.0611871407,81,2
82,9149,6719.90199492798,96,14
66,7261,3702.103311286,88,22
75,5127,3280.71943417229,80,5
69,9239,5111.73286295931,80,11
15,3911,303.305603974474,87,72
44,4251,1031.12094029042,71,27
14,8867,661.840208509471,52,38
48,5858,1650.31199196904,65,17
92,2554,2167.82973922035,93,1
60,8180,3484.1578299482,85,25
94,9307,8119.77332318057,98,4
6,4663,260.181519800156,53,47
42,5204,1169.38111303463,77,35
96,3730,3370.43265288812,98,2
96,9374,8470.35809334404,99,3
1,9121,441.755378799502,71,70
97,7404,6820.57846116859,97,0
55,5656,2043.42945500077,85,30
5,4858,262.43552740879,77,72
13,3720,267.293898461281,38,25
51,1987,624.189573176441,75,24
51,7214,2266.1819732737,72,21
17,9672,810.227675308364,76,59
26,4295,513.030894498371,58,32
68,3397,1830.14866945467,83,15
73,7217,4411.68135317922,87,14
56,9624,3596.85638707975,69,13
67,6455,3384.19356289795,78,11
44,4536,1100.25043170015,86,42
40,9065,1885.40840788154,76,36
69,8830,4885.4422751305,72,3
79,1850,1286.25215285822,88,9
45,3363,847.180792328146,76,31
23,6043,640.711129065428,73,50
28,4205,543.984642184007,41,13
15,2744,212.802499950385,83,68
90,8204,6785.80920073844,94,4
55,3993,1442.61206043459,78,23
73,8278,5060.26025240648,75,2
32,1616,245.196941681728,90,58
99,1658,1579.04761904762,99,0
47,2283,619.816042075514,71,24
49,6728,1966.17888364313,82,33
78,2677,1824.9516571858,78,0
9,4188,259.367605900758,48,39
14,7421,553.909573401239,86,72
31,2138,311.733656218516,72,41
26,1042,124.465236802632,62,36
58,8893,3551.74443290497,70,12
15,2248,174.336741941861,73,58
33,9853,1555.64776258955,64,31
42,2659,597.498919976763,67,25
70,1543,876.140332664887,84,14
81,8914,6433.06023134533,87,6
28,9171,1186.41692115803,88,60
12,5567,385.190991249333,87,75
94,5094,4444.19526252088,98,4
30,1666,233.419462396678,63,33
35,8163,1395.24488555229,72,37
79,8817,6130.2082333789,83,4
4,9479,496.565183889762,64,60
63,9328,4358.30630518775,79,16
82,5380,3951.58735738469,83,1
38,4811,925.492240218599,85,47
20,2438,229.626502687967,90,70
23,1271,134.758207023359,69,46
24,3945,435.182437174667,91,67
80,4920,3486.30998311698,89,9
9,9798,606.801290022833,87,78
63,8236,3848.09291697323,92,29
75,7592,4858.04992085743,78,3
62,3376,1530.30929785479,88,26
86,3353,2625.08907010262,96,10
56,8218,3071.38048514354,90,34
42,2517,565.590365393573,69,27
5,9110,492.134140529864,67,62
37,2037,376.7701868997,90,53
29,1062,142.978714431841,54,25
6,9037,504.237699857176,78,72
48,5529,1557.62632359113,76,28
24,6691,738.100300921596,58,34
40,4644,965.894831351559,60,20
86,2425,1898.55084849354,94,8
73,4295,2625.49139696616,95,22
62,8751,3966.74664263248,82,20
59,4607,1900.63255883406,82,23
12,4057,280.711307975309,82,70
88,1240,998.732487500443,92,4
27,5248,652.371912774349,70,43
48,1328,374.123305792914,90,42
79,1767,1228.5446238381,92,13
27,8353,1038.35034058768,80,53
31,1139,166.073262129509,91,60
40,5655,1176.17038572202,43,3
95,9933,8805.15122797479,95,0
36,4258,757.143315403533,77,41
92,8405,7134.14602903174,99,7
99,1497,1425.71428571429,99,0
6,5913,329.927798965971,82,76
74,8882,5556.98032577181,92,18
74,6394,4000.37516358759,82,8
11,2988,199.151764312074,58,47
25,5670,650.822297744205,73,48
45,5968,1503.41212269235,84,39
82,1953,1434.47028047812,92,10
60,8503,3621.735211253,88,28
73,9409,5751.62946543762,81,8
14,2281,170.255725229514,68,54
86,5621,4400.72343067307,87,1
30,5014,702.500110718454,58,28
56,2619,978.820332269521,56,0
63,3175,1483.45009851748,74,11
22,1494,152.258166233912,87,65
93,3723,3202.35406943966,94,1
76,1244,813.576587461588,84,8
1,8662,419.524733160979,80,79
81,9360,6754.92974707116,96,15
53,8077,2723.31439479245,87,34
97,3794,3495.03980033409,99,2
8,6843,408.932550176451,83,75
55,9891,3573.47254940109,67,12
30,7256,1016.62162013823,70,40
4,2485,130.178761680141,78,74
5,6551,353.893606433714,62,57
16,4216,339.779552876521,62,46
36,4382,779.192580577333,76,40
51,7653,2404.08797358797,75,24
53,6367,2146.7553239623,72,19
62,7621,3454.52818689317,88,26
28,6612,855.368954606577,87,59
2,4257,211.065859965942,56,54
21,7375,722.504346136265,77,56
65,5771,2859.72881747686,92,27
67,2501,1311.21116976108,84,17
42,1332,299.31123031555,77,35
59,7166,2956.35617898955,78,19
29,5243,705.873257783563,80,51
81,5991,4323.58804644266,88,7
48,9351,2634.35770517285,90,42
65,4989,2472.22094444499,80,15
32,1140,172.973090047754,53,21
9,9577,593.114508527115,88,79
96,7248,6549.30184132255,97,1
91,4918,4120.73970146573,99,8
87,5815,4618.82624291997,91,4
39,6291,1258.4809767006,78,39
39,9976,1995.64556089098,85,46
86,4445,3480.0241325995,87,1
87,5072,4028.66495341188,97,10
58,4783,1910.26578461537,86,28
98,2713,2543.82170054145,99,1
46,6863,1795.0455759956,61,15
39,7408,1481.93086558545,63,24
55,3769,1361.68416122664,92,37
80,3384,2397.90101277802,88,8
96,4177,3774.34241048624,97,1
3,3822,194.547537462561,77,74
78,1016,692.622668547171,95,17
30,4966,695.774940133196,83,53
89,9165,7481.86697916925,90,1
21,9713,951.550469697836,74,53
56,7776,2906.18820302703,81,25
73,1170,715.209530721863,90,17
34,8488,1394.44323022371,62,28
0,2550,164.812041558649,72,72
21,5309,520.105162527109,73,52
21,7986,782.361994338198,89,68
77,8412,5618.79183505615,87,10
99,3511,3343.80952380952,99,0
39,9387,1877.81925421849,92,53
88,5293,4263.13794866117,91,3
29,5084,684.466840086141,68,39
61,2898,1273.7311571959,71,10
9,8614,533.474822643058,76,67
81,1771,1278.09621603237,97,16
92,8749,7426.13249351561,98,6
56,2176,813.254311958182,92,36
57,3879,1499.01212024025,91,34
88,8373,6743.8605789042,88,0
27,6416,797.564442141811,83,56
40,8718,1813.23667952689,79,39
76,4579,2994.66816236866,94,18
95,9136,8098.64709743055,96,1
18,8585,747.681998237173,36,18
49,2422,707.801019052268,83,34
38,1607,309.13864685747,85,47
56,5828,2178.14619949094,71,15
81,4841,3493.65543862943,93,12
26,2760,329.67759460198,76,50
34,8071,1325.93677086894,87,53
97,1468,1352.32430861636,98,1
62,9042,4098.65422725207,77,15
71,6575,3828.94661894917,82,11
75,5625,3599.38498482917,88,13
57,3974,1535.72419846217,67,10
60,6681,2845.67951856771,83,23
9,4361,270.081692772972,80,71
72,1390,829.619362598098,74,2
65,9362,4639.19272036361,81,16
42,6509,1462.62522381675,60,18
35,5617,960.074791393754,72,37
26,6146,734.129890008613,72,46
39,1717,343.47668685343,82,43
39,4732,946.611346645563,91,52
98,4405,4130.31131252676,98,0
73,6181,3778.38470888191,93,20
64,8121,3908.76518413227,82,18
36,4374,777.770047340313,87,51
83,4009,2994.86152520531,94,11
24,4130,455.590232073859,58,34
41,3874,837.590157583703,63,22
11,9507,633.646527213819,31,20
88,1006,810.262001956005,88,0
60,7540,3211.55868432878,75,15
59,5026,2073.49234658128,77,18
35,6858,1172.19030076168,82,47
41,1693,366.040303765929,87,46
42,6200,1393.19041137869,77,35
65,2376,1177.38965003033,88,23
84,1028,780.544459031323,88,4
0,8132,525.58883213919,84,84
72,1033,616.544461556716,78,6
18,8834,769.367824394547,65,47
49,7954,2324.46296678024,76,27
27,6281,780.782771367318,74,47
35,2415,412.779174152736,70,35
14,3541,264.303166610132,61,47
47,8198,2225.69071963866,81,34
8,1886,112.705946168755,83,75
74,2761,1727.40629131457,74,0
82,7526,5527.81532559055,93,11
45,6814,1716.52985992387,86,41
10,8488,545.203554269971,66,56
90,1442,1192.72755576119,91,1
61,7764,3412.43916648341,76,15
5,5791,312.837410297304,80,75
35,6092,1041.26324179647,70,35
52,6274,2042.27055959543,64,12
88,9707,7818.30343239258,94,6
12,4874,337.241043892446,81,69
1,1806,87.4695991790266,90,89
30,2459,344.524884773969,78,48
57,3215,1242.41401561547,79,22
56,7067,2641.20782288992,89,33
69,8231,4554.02892033966,83,14
46,9825,2569.76872856722,86,40
2,3542,175.615521728768,60,58
33,3841,606.438958297621,63,30
37,5363,991.958032569018,65,28
55,8988,3247.23195571904,81,26
53,5194,1751.25603151566,84,31
91,5662,4744.12935943452,95,4
21,1752,171.637642634676,80,59
14,5244,391.41649412695,69,55
63,3119,1457.28530937828,78,15
31,9606,1400.61435997898,50,19
5,8258,446.10798380852,63,58
41,1810,391.336650807048,90,49
16,4019,323.902756881104,86,70
33,7632,1204.98363179574,86,53
69,5965,3300.30160488714,76,7
22,1853,188.844967892529,72,50
82,9804,7200.99673825269,85,3
4,6352,332.754726033102,81,77
5,3844,207.657918353106,46,41
34,3469,569.901456838601,86,52
44,2863,694.448189144076,87,43
51,2060,647.121550449657,81,30
67,9949,5216.00956735425,85,18
15,7354,570.31690402155,70,55
2,9554,473.695848276864,80,78
63,2137,998.467042687201,67,4
14,7791,581.526679203484,76,62
39,6077,1215.67141875847,78,39
82,2247,1650.41204313074,84,2
0,4526,292.525215723312,89,89
84,1758,1334.82213908275,88,4
54,4816,1681.23483678931,79,25
25,3656,419.648381049879,35,10
21,3314,324.661613979062,41,20
90,1553,1284.53945499108,96,6
45,8006,2016.80922491202,74,29
14,6132,457.697548052338,76,62
62,9615,4358.38978047209,83,21
6,6170,344.267633962463,76,70
36,4050,720.157451241031,56,20
30,3815,534.51095380752,78,48
29,4882,657.271265401365,78,49
10,4332,278.254217377181,62,52
6,5717,318.991582392772,67,61
89,5593,4565.8572847238,89,0
69,8397,4645.87302200123,83,14
0,7609,491.786205576376,85,85
88,4846,3903.11099550576,89,1
65,5541,2745.75591364396,82,17
58,4457,1780.06577504301,79,21
93,2793,2402.41066772628,93,0
24,3340,368.443432234065,62,38
25,6050,694.44001787521,82,57
69,1305,722.027425712945,73,4
71,5084,2960.66381912359,90,19
13,7185,516.265231302233,80,67
48,4382,1234.49422137391,66,18
81,4049,2922.0844600311,91,10
25,8159,936.518364602287,79,54
42,8350,1876.31289274388,78,36
26,6196,740.102310200677,49,23
83,2576,1924.36100995981,95,12
52,6307,2053.01249910239,91,39
47,5729,1555.37718136251,86,39
18,9562,832.770561111689,34,16
26,3402,406.363469868093,81,55
51,6358,1997.28097949462,82,31
72,7978,4761.6570322357,74,2
89,3879,3166.62978856492,89,0
58,9840,3929.96347911671,79,21
59,4055,1672.90319645585,75,16
58,8927,3565.32357500761,85,27
3,2868,145.987006133602,87,84
46,5314,1389.89832301335,72,26
45,1362,343.104442209615,62,17
38,4020,773.327542232128,44,6
3,7700,391.945588294537,70,67
48,8460,2383.3457582892,85,37
96,5483,4954.4456396208,96,0
59,4989,2058.22787845086,79,20
15,5486,425.449896037833,73,58
92,6341,5382.22724212853,94,2
70,4473,2539.84167725861,82,12
18,4622,402.537704816798,72,54
13,2141,153.837698012259,66,53
56,5847,2185.24722519278,70,14
6,1199,66.9006309758498,73,67
40,4659,969.014646698302,81,41
56,5839,2182.25731963411,83,27
51,4547,1428.37946111388,92,41
74,4138,2588.91967890607,76,2
64,2154,1036.75411976615,92,28
51,4771,1498.74607630841,76,25
79,8698,6047.47093273559,85,6
74,9954,6227.67193906019,84,10
2,9613,476.621120942589,80,78
35,5087,869.485573049675,81,46
32,4166,632.110432578019,57,25
1,2666,129.121789264277,73,72
28,4841,626.261510775929,73,45
91,5380,4507.84456972054,91,0
10,5022,322.574487458034,76,66
27,7668,953.198899991179,82,55
47,9418,2556.9108560084,89,42
92,7863,6674.09758789727,99,7
6,3835,213.98158448072,76,70
15,4652,360.771585192855,39,24
68,5529,2978.7730330924,80,12
33,7619,1202.93111774787,87,54
97,6812,6275.22696886554,97,0
30,9131,1279.32359612489,80,50
0,3130,202.298701991597,63,63
81,5078,3664.69372389181,91,10
84,1149,872.417882711079,90,6
4,3231,169.258583093979,76,72
5,7152,386.360414167902,82,77
54,1501,523.989512047498,79,25
79,1026,713.348491260832,84,5
81,6642,4793.4020705178,85,4
66,3736,1904.84202877902,91,25
49,4502,1315.65655977428,82,33
4,2032,106.447985406055,75,71
31,6928,1010.14535560425,79,48
85,1817,1401.34503839239,88,3
16,9287,748.466012230609,75,59
70,4391,2493.28075225633,88,18
34,2656,436.338503708079,81,47
71,6347,3696.17097953923,88,17
47,3753,1018.90915720955,85,38
39,8309,1662.1711072016,83,44
24,7810,861.539881960494,58,34
32,3747,568.535235446432,72,40
70,3181,1806.22320039339,80,10
19,6397,579.338415291805,66,47
78,9915,6759.20645535945,83,5
12,3370,233.176511677789,70,58
30,1367,191.527253959339,65,35
22,5022,511.807570834475,77,55
88,1768,1423.99922411354,96,8
98,3087,2894.49966442,98,0
98,1171,1097.97833075342,98,0
80,3468,2457.42337834343,90,10
61,1161,510.283600243076,88,27
55,1949,704.144980162039,89,34
29,5685,765.380406351241,44,15
93,8378,7206.37184898346,94,1
57,9151,3536.33924009242,68,11
69,9162,5069.13047845364,93,24
42,6566,1475.4335872762,85,43
39,3446,689.353909666232,91,52
19,5350,484.517824263117,72,53
8,4443,265.510349325438,65,57
38,2638,507.472153335411,71,33
60,4022,1713.11525575203,84,24
93,1700,1462.26213216423,99,6
17,7115,596.026665614042,66,49
92,9076,7703.68939434766,93,1
4,4950,259.309806968491,79,75
27,3259,405.121963363492,71,44
22,2411,245.712475763026,85,63
86,9541,7469.7210909183,87,1
36,3174,564.390061787415,72,36
31,3389,494.137212780426,63,32
98,6828,6402.21694482014,98,0
20,9612,905.319911335823,90,70
55,5698,2058.60343610226,59,4
93,9530,8197.26948207357,94,1
77,1285,858.315205426432,89,12
77,5351,3574.19818228548,80,3
21,3856,377.75956050189,86,65
99,7547,7187.61904761905,99,0
98,1714,1607.11772750757,98,0
5,9187,496.293781454211,57,52
86,6430,5034.09565188185,91,5
73,1993,1218.30136301596,87,14
53,5576,1880.05460757245,82,29
80,3651,2587.09710332522,89,9
3,5901,300.372846302086,81,78
79,8895,6184.43940522914,88,9
30,5583,782.221403697872,70,40
45,6303,1587.80271604053,88,43
38,5640,1084.96699954955,83,45
11,3991,266.002239414153,77,66
35,1359,232.284429678496,58,23
32,2758,418.473493290969,83,51
40,1792,372.713940090869,88,48
7,3066,176.940615770195,88,81
48,8731,2459.69170397435,78,30
3,4791,243.871599158328,58,55
91,3431,2874.79827485338,95,4
72,4835,2885.76231522432,86,14
46,6563,1716.57935527599,78,32
0,4236,273.781885506838,72,72
22,2030,206.883585980483,40,18
51,4070,1278.53626715054,92,41
58,7531,3007.77997573455,68,10
91,8141,6821.25699667192,93,2
45,5890,1483.76296961427,81,36
16,1503,121.131088228987,85,69
6,8508,474.721074514203,84,78
31,6812,993.231836370688,55,24
56,4652,1738.63008236648,81,25
54,4846,1691.70764515801,77,23
48,3873,1091.09906877708,64,16
51,5800,1821.99271485826,84,33
13,9257,665.145058617226,70,57
19,7951,720.074994526363,70,51
69,1795,993.133508930832,76,7
31,4701,685.434947559983,70,39
59,5078,2094.94511260242,66,7
60,4445,1893.28625355987,78,18
12,6727,465.453529393616,86,74
49,3877,1133.00765931695,86,37
78,3529,2405.7730288415,92,14
71,6590,3837.68185838404,77,6
35,2630,449.527630650805,61,26
7,3975,229.399526316545,86,79
86,5099,3992.04568101797,87,1
95,2615,2318.07816985342,95,0
98,4826,4525.05843229379,98,0
28,2701,349.417959224496,69,41
31,9777,1425.54722022845,70,39
36,7225,1284.72532968307,72,36
10,4748,304.974843976652,84,74
17,9552,800.175222761114,88,71
89,5516,4502.9981731694,92,3
29,4252,572.453383958747,75,46
87,4838,3842.79989049816,87,0
65,8011,3969.72579393643,70,5
15,2638,204.581995214693,80,65
86,6722,5262.70466126746,88,2
70,6586,3739.63722030521,80,10
76,6577,4301.36110589619,78,2
7,9258,534.28448167008,79,72
42,3065,688.73042110898,72,30
72,4354,2598.67820485764,93,21
11,2644,176.223984217244,78,67
58,6593,2633.15540831468,91,33
44,6072,1472.82200645576,60,16
43,8163,1905.98440822496,77,34
85,2019,1557.1357361113,85,0
87,6042,4799.13123984909,89,2
53,5037,1698.32049109441,88,35
23,9430,999.8189553346,72,49
37,3744,692.502493742011,65,28
81,2881,2079.16160270428,90,9
42,7083,1591.60769093472,92,50
76,3969,2595.7278743047,80,4
9,4536,280.919641921165,76,67
21,8858,867.78894889153,71,50
38,7337,1411.41894959132,54,16
27,7470,928.585782855257,80,53
37,1579,292.05700791096,85,48
46,6265,1638.63624269452,49,3
90,2337,1933.01268919134,94,4
32,3513,533.03023275242,85,53
27,5495,683.07615485805,52,25
99,1107,1054.28571428571,99,0
3,3186,162.173849909921,70,67
78,9109,6209.74398405136,90,12
79,8660,6021.05061824445,82,3
36,7227,1285.08096299233,84,48
96,6628,5989.06906792024,98,2
72,2617,1561.95242584117,86,14
6,5825,325.017660912698,89,83
92,3678,3121.87853596416,97,5
42,2347,527.389983146093,82,40
21,6535,640.212325694982,74,53
50,1947,590.028141741653,82,32
52,1152,374.991342788322,74,22
59,5889,2429.52575189359,85,26
39,6069,1214.07106145222,88,49
8,4890,292.222734233939,61,53
38,1683,323.758769546436,51,13
59,8903,3672.96107473402,92,33
58,7822,3124.00145667184,91,33
99,1849,1760.95238095238,99,0
20,2566,241.682365011207,31,11
48,8873,2499.69585263594,86,38
92,3973,3372.27390521631,96,4
71,5270,3068.98078811592,82,11
52,8682,2826.10663028491,93,41
70,2589,1470.07603452326,79,9
98,8570,8035.58863753787,99,1
13,8132,584.310210292242,76,63
92,9415,7991.43186952217,95,3
24,5624,620.396964935444,58,34
70,9776,5550.97076612569,77,7
68,9857,5310.50204145267,81,13
63,9198,4297.56661611459,89,26
8,7918,473.173744307634,89,81
29,1254,168.827973538163,81,52
23,6489,687.998430664498,60,37
94,6361,5549.57323613964,94,0
65,5030,2492.53785338912,74,9
78,3584,2443.26736621364,92,14
48,1551,436.946722353019,81,33
37,8641,1598.26764113908,74,37
65,6320,3131.77718358235,91,26
44,2359,572.198141177393,71,27
83,5534,4134.08921937795,88,5
76,8673,5672.14609570285,83,7
18,6810,593.094281653483,82,64
28,6840,884.864435799907,87,59
57,5112,1975.49625126789,75,18
40,2620,544.927747231069,87,47
86,8483,6641.40488567865,88,2
19,4804,435.069836964488,72,53
89,5112,4173.19192553336,96,7
66,4246,2164.8713207162,86,20
9,3006,186.165000796962,73,64
48,1624,457.512235397359,71,23
77,9335,6235.30929389552,79,2
51,3009,945.237255001465,83,32
51,5979,1878.22317967888,64,13
94,7405,6460.39770690363,94,0
7,5433,313.541541252273,73,66
45,5243,1320.77576395375,61,16
85,8309,6408.24211557641,87,2
31,3239,472.266282737032,83,52
0,5127,331.369151792625,74,74
5,5174,279.506261591824,82,77
68,5254,2830.61557530611,91,23
71,2443,1422.67932929169,78,7
48,8252,2324.74813208067,76,28
58,1796,717.298212245286,81,23
75,9531,6098.79791829454,76,1
19,6343,574.447955009523,66,47
12,7855,543.501928554609,80,68
29,1566,210.833019585936,67,38
5,5945,321.156692145998,67,62
60,9298,3960.35446245212,83,23
34,9616,1579.75566703949,72,38
46,1313,343.420492682825,79,33
99,8065,7680.95238095238,99,0
47,8216,2230.57757410969,65,18
75,7530,4818.37669969131,76,1
71,5710,3325.21447820529,79,8
43,5137,1199.44161522132,44,1
77,7191,4803.22540250698,88,11
15,2819,218.618894810545,51,36
21,6479,634.726190998896,83,62
27,5422,674.001621772584,48,21
15,8839,685.481522252717,85,70
74,4838,3026.8712920608,77,3
35,1256,214.679355170118,89,54
23,6675,707.719143887429,82,59
23,5352,567.447619188842,32,9
56,9597,3586.76545581924,87,31
21,1519,148.81140363132,82,61
1,1613,78.1220727994296,88,87
98,2711,2541.94641731215,98,0
88,3575,2879.41019581781,94,6
74,4760,2978.07096945213,88,14
23,6726,713.126436222749,91,68
82,6027,4426.80613437872,91,9
8,8139,486.380538635999,74,66
99,4640,4419.04761904762,99,0
39,3353,670.749755981101,68,29
1,1809,87.6148975165332,64,63
34,9048,1486.44231233083,65,31
22,3831,390.429072852822,80,58
5,5828,314.836198793419,48,43
7,3134,180.864934710956,74,67
28,8257,1068.17626409354,70,42
50,6311,1912.5154609818,73,23
12,1825,126.275113890791,89,77
6,8578,478.626866147489,59,53
28,3875,501.293814141029,83,55
71,6286,3660.64767250411,83,12
61,3478,1528.65319693834,67,6
86,4220,3303.86993016196,89,3
41,5577,1205.79254229332,72,31
76,2419,1582.02714233889,83,7
74,3736,2337.41032392293,82,8
86,8696,6808.16419731952,87,1
46,4078,1066.61749364856,66,20
65,3652,1809.69149912069,83,18
12,2454,169.796783281096,60,48
24,5639,622.051651008352,61,37
59,4755,1961.69043135575,79,20
52,3682,1198.5400383217,78,26
48,5665,1595.94015611209,73,25
13,8399,603.495014294705,75,62
37,6343,1173.22204001217,77,40
27,8903,1106.72011040969,90,63
56,6415,2397.53051985833,65,9
13,6957,499.882702041703,60,47
5,5626,303.923894030847,79,74
87,2961,2351.90791148513,96,9
63,1556,727.007355367939,83,20
38,7643,1470.28418041795,63,25
57,1478,571.162648547328,63,6
16,1569,126.450217851817,68,52
57,3836,1482.39507430822,90,33
38,2462,473.615027108333,77,39
41,2122,458.79357625003,71,30
48,2141,603.161142848365,62,14
80,5165,3659.91688268276,88,8
38,5507,1059.38178484386,90,52
48,5420,1526.91891370301,69,21
1,1412,68.3870841864814,82,81
75,2211,1414.79825803685,77,2
53,8336,2810.64117803514,87,34
42,5007,1125.11361125372,50,8
47,2607,707.779422554036,74,27
1,4596,222.597053060247,76,75
58,9896,3952.32912493282,79,21
52,1395,454.091079157734,80,28
65,4517,2238.3287244053,69,4
80,4059,2876.20573607151,84,4
49,5533,1616.9541859687,84,35
33,6117,965.786802370879,73,40
91,6486,5434.55016342145,94,3
88,7308,5886.07824084939,93,5
16,2892,233.074588927632,84,68
92,3597,3053.12590915255,92,0
32,6103,926.012954878457,79,47
45,5432,1368.38717333526,80,35
1,4669,226.132645939576,82,81
58,4637,1851.95535088051,82,24
98,2366,2218.46006025841,99,1
20,1427,134.404027619249,56,36
30,6891,965.482302146164,88,58
2,4303,213.346581027355,80,78
39,6390,1278.28539836542,68,29
45,4584,1154.76561166584,69,24
84,1042,791.174441936418,90,6
66,8656,4413.3599039377,72,6
37,4972,919.637392864657,76,39
13,8236,591.782942937396,87,74
60,8083,3442.84202194025,78,18
0,9739,629.452734407718,88,88
48,3073,865.723583359657,93,45
79,1085,754.369505865499,89,10
12,7764,537.205470820876,77,65
9,8454,523.56584056471,76,67
39,2958,591.732113985117,79,40
3,5560,283.015255963328,85,82
89,9542,7789.63172015635,89,0
17,7621,638.41450718828,43,26
9,6091,377.222561495109,83,74
26,5503,657.324566338658,80,54
25,4203,482.43494134372,76,51
23,1718,182.151533962338,90,67
21,4655,456.03494661211,70,49
47,8271,2245.50962943783,76,29
11,3255,216.947454094981,86,75
54,7982,2786.46521329989,80,26
68,4104,2211.04802456343,74,6
26,4941,590.194563379849,79,53
4,2497,130.807391515216,72,68
49,5265,1538.6343374526,93,44
97,1228,1131.23586579079,98,1
43,9576,2235.90673688132,77,34
89,3994,3260.51027984746,89,0
8,9904,591.855615511848,81,73
22,1111,113.225450258284,74,52
26,5384,643.110206281544,69,43
23,2767,293.37211552607,90,67
35,6728,1149.97030380936,80,45
58,2621,1046.7921015005,77,19
17,9233,773.452453073008,70,53
95,6880,6098.8060453505,98,3
83,3704,2767.01598637078,84,1
14,5177,386.415558751949,83,69
58,2194,876.254052152648,62,4
94,8054,7026.60947081726,94,0
54,6418,2240.48280367811,71,17
0,4959,320.510946701702,52,52
66,8037,4097.7557241159,87,21
50,5683,1722.2033536301,82,32
38,7457,1434.50335383706,67,29
45,6998,1762.88170821064,66,21
37,2939,543.607059056562,68,31
34,7140,1172.98829686584,85,51
29,3504,471.748978690369,87,58
10,6567,421.813353073857,79,69
6,8930,498.267418360582,82,76
35,4999,854.444344343489,80,45
36,2837,504.465849177976,87,51
38,5239,1007.82661536172,64,26
62,4964,2250.1348799026,85,23
40,8499,1767.68737546445,78,38
42,1760,395.486310326853,48,6
10,5921,380.319303114102,85,75
8,1680,100.395540595709,75,67
51,6085,1911.52166722629,73,22
39,7537,1507.73662714869,87,48
98,9875,9259.21094465419,99,1
84,4464,3389.44597773913,94,10
49,4310,1259.54681755379,84,35
52,7177,2336.20908610398,75,23
34,2792,458.681137934095,90,56
41,1713,370.3644656533,42,1
54,4168,1455.0221760253,73,19
17,9596,803.861122028439,66,49
35,6953,1188.42799084222,92,57
56,5313,1985.67102915157,72,16
5,7539,407.266661411048,75,70
61,5193,2282.43129721128,84,23
31,4396,640.964056471748,56,25
87,9506,7550.56960708465,90,3
75,8771,5612.48101367762,77,2
5,6248,337.525149289856,76,71
90,4310,3564.94851964684,90,0
92,4971,4219.37417136428,92,0
6,2200,122.753451331834,77,71
24,2497,275.450074936665,77,53
40,1250,259.984612228563,71,31
17,2495,209.00724254491,75,58
12,8857,612.832155468895,68,56
65,7618,3774.98078869151,68,3
75,7049,4510.58929032192,80,5
12,8269,572.147351650931,83,71
0,4808,310.751488554504,78,78
73,9927,6068.27778758627,93,20
77,3463,2313.10938240602,87,10
71,3492,2033.56374043658,83,12
8,8931,533.709864916833,78,70
75,6398,4094.02046807769,88,13
62,4500,2039.80800958132,72,10
95,8567,7594.25456257525,98,3
24,6655,734.129054346619,83,59
90,6393,5287.86911510493,91,1
38,9309,1790.7726593629,49,11
13,2302,165.406062972546,43,30
7,2381,137.408873499294,81,74
11,4100,273.267146479085,88,77
78,9312,6348.1321747158,78,0
76,4669,3053.5282048699,80,4
20,2390,225.105554316752,57,37
14,9564,713.864864574781,55,41
80,3995,2830.85536230739,83,3
77,6748,4507.32374024713,92,15
51,8184,2570.894548,76,25
25,6216,713.494074564017,30,5
88,1128,908.524391855242,94,6
32,2415,366.429835495899,70,38
7,9259,534.342192242739,76,69
47,6220,1688.67971165558,81,34
40,7324,1523.3018399696,68,28
16,7771,626.28721665167,66,50
22,3489,355.574793835421,82,60
61,4476,1967.29491359863,65,4
15,4106,318.42823061089,79,64
61,8836,3883.60541924877,67,6
16,4870,392.487291866379,66,50
79,2297,1597.03848384613,81,2
54,1467,512.120329229634,82,28
28,5882,760.931668329686,73,45
13,1283,92.1876536897377,88,75
85,4265,3289.34319688692,85,0
11,2075,138.299836327829,90,79
30,4115,576.543269965385,66,36
18,6095,530.823736663433,81,63
56,5026,1878.40816723429,72,16
93,4111,3536.09389725125,97,4
73,8224,5027.25058175778,81,8
49,9879,2887.02158018883,83,34
23,5780,612.826464669564,73,50
44,1192,289.131065825965,71,27
56,6235,2330.25764478826,66,10
27,5326,662.067989221834,67,40
70,7342,4168.90623617991,84,14
74,9781,6119.43532609481,77,3
26,6673,797.079198832976,80,54
90,4990,4127.39979420829,91,1
26,5047,602.856094187027,73,47
18,1524,132.727707083687,85,67
61,3599,1581.83520867772,83,22
79,4266,2966.02793734767,89,10
74,2686,1680.48290419085,82,8
57,3522,1361.05199471156,70,13
47,3633,986.33012740269,69,22
6,4721,263.41774715345,82,76
93,9150,7870.4108878251,98,5
21,9955,975.258408920206,87,66
57,4098,1583.64312161499,90,33
92,9147,7763.95404254055,92,0
31,2488,362.76582631977,82,51
76,6191,4048.91692361309,91,15
90,2266,1874.2861590533,97,7
36,5533,983.859550053487,73,37
88,9145,7365.65209531577,89,1
73,8426,5150.73120159181,82,9
59,1514,624.605533769213,77,18
78,9709,6618.77311902016,83,5
63,7279,3400.9553597193,81,18
69,1968,1088.85055463837,87,18
37,3765,696.386722472936,66,29
64,4949,2382.03163357599,95,31
4,2368,124.049620788159,82,78
97,2744,2527.77786297226,97,0
86,7904,6188.10140473936,94,8
50,1315,398.503855362236,80,30
21,2125,208.179218378246,73,52
94,5189,4527.07679961147,98,4
32,9022,1368.91510386915,74,42
96,6192,5595.09892404377,98,2
57,1244,480.735003242812,79,22
57,4075,1574.75493425599,69,12
11,9477,631.647011507874,81,70
37,9953,1840.93945518543,80,43
54,3993,1393.93079387452,76,22
84,6469,4911.8113866475,91,7
34,3552,583.537035079479,58,24
26,7307,872.809486868358,83,57
83,5839,4361.93475821247,89,6
26,8876,1060.22403249535,49,23
43,9703,2265.56005304505,78,35
76,6938,4537.45527637339,94,18
10,3082,197.96387302781,30,20
31,2721,396.738670987176,68,37
14,5182,386.788762884412,88,74
11,7526,501.611840097949,88,77
61,5392,2369.89592808843,77,16
75,9112,5830.68373009126,84,9
76,8857,5792.48218259428,79,3
20,7645,720.055214540405,72,52
25,1085,124.540069321422,39,14
83,6591,4923.70474248646,92,9
36,7817,1389.9927892225,86,50
92,4577,3884.94781378683,94,2
15,5477,424.751928654614,76,61
68,4146,2233.67570902534,71,3
27,7076,879.608165928219,89,62
57,5228,2020.32363099149,67,10
61,7537,3312.66795437732,85,24
99,9014,8584.7619047619,99,0
82,8471,6221.91384840255,83,1
89,5657,4618.10381900278,97,8
14,2714,202.57520310079,63,49
11,3517,234.409891260229,78,67
76,9172,5998.49233134862,81,5
88,6568,5290.06046605073,89,1
58,9201,3674.75548489358,74,16
40,7035,1463.19339762236,62,22
36,8643,1536.86934594475,77,41
53,1934,652.084937418422,92,39
81,8875,6404.91469073254,93,12
39,1292,258.457704959017,86,47
74,1054,659.430000378686,90,16
38,7887,1517.22246905094,83,45
26,8056,962.27634134549,88,62
31,1085,158.199727313887,74,43
70,8532,4844.60746487156,87,17
98,4792,4493.17861739574,98,0
96,1391,1256.90933516552,96,0
95,9042,8015.32038692721,95,0
17,3070,257.175244333817,82,65
37,6737,1246.09756953524,92,55
76,4193,2742.22398008556,95,19
23,2040,216.291693412787,64,41
43,8975,2095.5788391301,64,21
17,5300,443.983320836883,27,10
1,2577,124.811271918246,77,76
21,4253,416.652336829496,74,53
8,3225,192.723582393549,90,82
58,4818,1924.24431325044,71,13
48,5285,1488.88680053882,60,12
34,5299,870.54131443867,84,50
38,8468,1628.98945960738,74,36
9,8168,505.853535099663,77,68
46,1759,460.073607485978,86,40
42,1504,337.961028824765,44,2
30,4634,649.259176918492,69,39
2,3604,178.689537072411,82,80
78,6503,4433.19410783686,80,2
37,2301,425.600490945611,73,36
73,4955,3028.94292711695,81,8
3,5745,292.432130487288,65,62
51,7135,2241.36517595063,65,14
95,9319,8260.86824660194,97,2
38,3361,646.555688915965,55,17
63,7187,3357.9703489906,76,13
26,2758,329.438697794298,54,28
29,9330,1256.11243469782,89,60
81,2622,1892.24634581417,84,3
12,5061,350.17991857605,52,40
53,6869,2316.01418569138,91,38
29,8433,1135.34792731047,75,46
70,2226,1263.95876896438,77,7
57,9801,3787.52714371607,66,9
80,3426,2427.66219556073,86,6
5,7458,402.890935243878,66,61
66,9640,4915.06347896943,95,29
11,7478,498.412614968438,56,45
55,7198,2600.53133258407,79,24
51,6850,2151.8362235826,77,26
77,6132,4095.86680130341,92,15
65,6853,3395.89699985599,79,14
11,7768,517.741266792568,88,77
39,7957,1591.7553857267,89,50
13,6323,454.327774185667,84,71
54,5395,1883.3600383053,86,32
69,2422,1340.03863990556,75,6
89,2526,2062.10539982341,89,0
94,6646,5798.21784741142,94,0
66,6817,3475.72486889363,84,18
44,4084,990.613483920505,65,21
61,5493,2414.28752466427,76,15
75,1830,1170.99991506442,77,2
44,8626,2092.31927333454,83,39
55,3207,1158.64184267812,79,24
92,2332,1979.39661388483,93,1
52,6052,1970.00660291226,91,39
70,4044,2296.24854523448,84,14
23,1569,166.353758316011,78,55
88,6725,5416.5128858391,90,2
34,6577,1080.49636253314,62,28
34,1052,172.826847101242,60,26
16,1819,146.598436120112,55,39
59,6271,2587.12107151039,69,10
79,1827,1270.26090987674,84,5
40,2080,432.61439474833,84,44
50,4176,1265.51490493741,78,28
65,4634,2296.30624505073,82,17
77,2062,1377.31202613954,83,6
64,2906,1398.70356176436,69,5
10,7503,481.934762922666,80,70
58,3282,1310.7865994371,77,19
68,9886,5326.12591881923,74,6
14,1847,137.861606531746,79,65
79,6377,4433.745934474,80,1
54,5609,1958.06607133539,78,24
62,3183,1442.82419877719,86,24
83,5372,4013.0696217019,84,1
55,6972,2518.88086284748,84,29
76,8660,5663.64408956379,92,16
11,3951,263.336218472893,79,68
22,8682,884.809504178596,71,49
37,7269,1344.49803071866,73,36
95,2964,2627.45074395623,99,4
41,1368,295.772673096155,66,25
47,2532,687.417528924748,61,14
72,7263,4334.91038169064,77,5
72,6859,4093.78360292112,77,5
82,2815,2067.60565260928,84,2
71,9998,5822.32825798537,81,10
80,3707,2626.77868036883,87,7
28,3923,507.503389129099,85,57
84,3726,2829.09402174193,86,2
92,8695,7380.29740897454,93,1
52,5832,1898.39367286588,92,40
17,1047,87.7076484747578,71,54
33,9612,1517.59730985596,54,21
43,9225,2153.95150874375,82,39
4,6843,358.476163451592,83,79
68,1620,872.78211495925,85,17
32,8852,1343.12087114273,86,54
99,2054,1956.19047619048,99,0
73,9419,5757.7423674096,85,12
94,6533,5699.63244013524,95,1
59,8304,3425.84171229824,74,15
59,8510,3510.82766999736,73,14
81,6561,4734.94594770661,86,5
44,4526,1097.82483551033,74,30
62,1811,820.909401189284,93,31
15,2889,224.047530013361,85,70
81,3457,2494.84958713942,94,13
34,4600,755.706745879955,65,31
80,7913,5607.14855617981,85,5
3,3368,171.43801836052,63,60
58,7309,2919.11616553496,90,32
48,4520,1273.37149260841,57,9
28,5914,765.071384988399,50,22
3,2350,119.619757466514,76,73
12,9731,673.305826450019,84,72
75,5812,3719.04453899149,85,10
79,4278,2974.3711945554,92,13
8,5860,350.189207077891,90,82
6,8589,479.240633404148,80,74
20,6929,652.61773466978,78,58
61,1765,775.754138181765,85,24
54,3814,1331.44303727459,75,21
10,4770,306.387954037201,73,63
12,8004,553.811513195556,62,50
70,2212,1256.00934274448,77,7
43,3368,786.396605035117,90,47
67,3618,1896.82607444846,88,21
82,1270,932.809654996014,87,5
5,1627,87.8926725183412,49,44
16,9375,755.558185061049,46,30
84,7254,5507.84971382608,88,4
83,9653,7211.1245454744,85,2
95,8371,7420.50950663213,95,0
27,5279,656.225481618862,87,60
55,8805,3181.11675234826,91,36
90,1773,1466.50898499625,94,4
35,9633,1646.501774167,87,52
93,2175,1870.83537497482,94,1
20,8247,776.755442029394,82,62
84,1146,870.140029231416,85,1
21,2625,257.16256387901,89,68
77,7255,4845.97417538425,83,6
71,5037,2933.29340222768,74,3
77,5708,3812.6561809915,88,11
91,5113,4284.12811988497,92,1
12,2137,147.862968977874,76,64
95,3843,3406.64413259912,95,0
89,1711,1396.77843986455,90,1
38,6052,1164.22345412658,81,43
83,2289,1709.96209308929,90,7
28,9080,1174.64460190982,55,27
5,3434,185.509180963727,69,64
82,7784,5717.3152397551,95,13
6,8570,478.180489960828,89,83
55,4898,1769.57522464529,84,29
21,4878,477.881518705451,75,54
13,9021,648.187703768608,84,71
51,9713,3051.20952403763,75,24
96,9412,8504.69494074612,96,0
70,7933,4504.48558589148,90,20
49,6966,2035.73158493728,77,28
11,1089,72.5824201257861,80,69
9,7265,449.929717494987,77,68
67,6298,3301.88242589176,94,27
76,4903,3206.56431537312,84,8
94,1195,1042.56249287641,94,0
80,7981,5655.33332830419,83,3
8,9330,557.553805808314,55,47
90,7966,6588.95125464193,93,3
1,2373,114.930984967791,79,78
5,8308,448.80904934381,84,79
34,8170,1342.20089431288,83,49
0,5533,357.609814095688,84,84
48,7417,2089.51246917624,82,34
22,9238,941.473185856009,91,69
62,4327,1961.38872387964,80,18
85,8725,6729.07840394803,88,3
18,8789,765.448699185383,56,38
55,6569,2373.28290132603,84,29
28,6306,815.782914057634,65,37
22,5339,544.114022438324,85,63
5,4732,255.628842259859,79,74
42,3143,706.257655316647,69,27
42,6449,1449.1427359647,49,7
2,6152,305.021651517612,78,76
93,3393,2918.50318496072,93,0
26,9883,1180.50857516354,71,45
6,1632,91.0607420788881,83,77
34,3585,588.958409560791,82,48
28,2320,300.129457756694,91,63
31,2329,339.582640473772,77,46
88,9131,7354.37608336012,94,6
62,1491,675.856387174612,62,0
34,9944,1633.64084370223,90,56
94,9055,7899.91914058236,95,1
0,8798,568.633859463919,81,81
36,4399,782.215463705999,75,39
14,9757,728.270544087844,44,30
13,3768,270.742851989814,76,63
55,7399,2673.14967071264,88,33
93,7265,6249.02022951359,94,1
40,6790,1412.23641362556,70,30
61,6408,2816.44901839589,92,31
72,7805,4658.40224825766,91,19
17,8675,726.708548728294,79,62
57,8877,3430.45387764183,70,13
99,3188,3036.19047619048,99,0
41,3458,747.647590326393,87,46
11,3021,201.351231588613,90,79
71,3282,1911.27038834847,86,15
28,2065,267.141090632574,90,62
61,3289,1445.58377364296,76,15
16,3801,306.333510551152,78,62
66,6115,3117.80219646246,88,22
70,5407,3070.18196935777,81,11
88,4701,3786.32372882224,91,3
63,2328,1087.70766278699,95,32
93,9480,8154.26177230404,97,4
56,6428,2402.38911639117,72,16
99,8478,8074.28571428571,99,0
42,4581,1029.38794750416,54,12
93,4325,3720.16689506487,99,6
94,3512,3063.99956065436,94,0
50,2767,838.524842423807,93,43
79,1067,741.854620053906,89,10
92,6179,5244.72198850531,92,0
75,1241,794.10431398631,83,8
75,9544,6107.11649692614,80,5
92,6057,5141.16864935696,97,5
79,1826,1269.56563844277,88,9
81,9362,6756.37310812823,84,3
40,1045,217.347135823079,63,23
79,8525,5927.1889746575,86,7
84,7185,5455.45908379382,96,12
97,2185,2012.82603155772,97,0
65,7077,3506.89669750195,81,16
99,8330,7933.33333333333,99,0
45,5113,1288.02717549028,71,26
59,1245,513.628724929108,69,10
65,2234,1107.02377027262,71,6
91,7736,6481.91181995504,94,3
7,5196,299.864135532268,66,59
40,6585,1369.59893722007,74,34
6,3443,192.109151334321,66,60
45,3004,756.744305725171,78,33
54,1039,362.708263169454,75,21
69,8127,4496.48803737096,80,11
66,6850,3492.55029366604,94,28
77,2660,1776.74587271153,79,2
25,7029,806.813038949562,81,56
6,1737,96.9194295288166,63,57
99,6192,5897.14285714286,99,0
79,2423,1684.64268452729,90,11
87,8563,6801.54928944518,88,1
31,4729,689.517521168084,74,43
28,5164,668.046775799813,72,44
56,1667,623.021570787817,71,15
7,7007,404.377982616359,83,76
83,1148,857.59566748209,84,1
27,4441,552.054814144605,42,15
71,3334,1941.55255172267,82,11
14,2665,198.917802602655,46,32
32,2332,353.836180694177,81,49
83,3744,2796.89736851302,96,13
42,3590,806.702189814433,92,50
65,3523,1745.76756610137,86,21
27,9877,1227.79675733084,88,61
15,5661,439.021484044873,68,53
25,1881,215.907714648474,90,65
5,4954,267.621573236547,58,53
29,4556,613.381377543756,84,55
64,4399,2117.30797254006,90,26
70,6394,3630.61651786085,78,8
23,1089,115.461595160061,69,46
40,3544,737.108372590423,87,47
17,1168,97.8438714599017,67,50
10,5937,381.347019521774,73,63
46,5455,1426.77744675157,60,14
13,3134,225.187924133779,73,60
43,3831,894.5027891596,78,35
21,7852,769.234457743993,75,54
0,5098,329.494818770977,82,82
12,6864,474.932811915829,70,58
96,2727,2464.12060172277,98,2
57,4801,1855.31250045719,74,17
43,3950,922.288179895698,83,40
56,3629,1356.29590905158,83,27
51,4052,1272.88180700098,83,32
90,5741,4748.57759890777,90,0
41,2883,623.327936064485,81,40
4,2564,134.317241427719,52,48
62,4004,1814.97583785858,84,22
16,5761,464.295541774582,48,32
39,3559,711.958956616982,79,40
89,2910,2375.58460549727,92,3
87,9115,7240.0002070878,91,4
18,2783,242.376121268964,89,71
58,6579,2627.56399686065,72,14
77,3440,2297.74654215325,83,6
91,8063,6755.90162930422,92,1
94,9941,8672.89852860621,94,0
38,5692,1094.97024138937,88,50
39,5706,1141.45484868123,62,23
56,9959,3722.05868234905,91,35
38,8503,1635.72241084572,42,4
62,8448,3829.39956998734,63,1
53,5430,1830.82792667116,75,22
81,1219,879.728564282024,87,6
45,9523,2398.96006105886,84,39
15,3525,273.370558427518,82,67
63,9565,4469.03943065189,91,28
12,1568,108.492810181238,77,65
61,8771,3855.03656996729,79,18
97,3519,3241.70929292981,97,0
37,1619,299.455538827007,54,17
4,1672,87.5890903538013,77,73
55,6375,2303.19356004772,61,6
67,3146,1649.36838867187,71,4
6,4018,224.192439750596,77,71
11,6255,416.899024689433,86,75
16,7912,637.650811754988,88,72
63,1344,627.954939340945,83,20
70,7922,4498.23960814727,77,7
50,1196,362.44152928763,92,42
64,4116,1981.0956160434,73,9
54,3282,1145.72523553624,72,18
33,8020,1266.24328183986,82,49
86,8996,7043.03646723625,87,1
32,6443,977.601420331295,65,33
8,4235,253.080425251684,64,56
5,8628,466.095868769667,61,56
1,5082,246.135383736331,78,77
72,1458,870.205058034551,73,1
63,4099,1915.16911931438,79,16
71,9242,5382.07219046818,74,3
19,3673,332.641863274472,65,46
61,3838,1686.88066988193,83,22
41,8508,1839.49846688749,92,51
61,3219,1414.8173205706,84,23
6,9015,503.010165343858,89,83
95,6523,5782.34183631124,96,1
79,8779,6103.78791888776,97,18
39,5764,1153.05743915153,61,22
13,9318,669.528103726403,76,63
23,8931,946.912310720394,77,54
51,2441,766.807623615346,73,22
46,5105,1335.23352257869,85,39
11,6153,410.100671289221,75,64
87,1257,998.428991805744,95,8
8,4912,293.53743774174,87,79
49,1803,526.905548039322,71,22
86,1061,830.664927938824,92,6
23,5164,547.514855286095,59,36
13,2711,194.794021163584,80,67
11,3396,226.34517791292,58,47
54,8907,3109.37680466827,83,29
51,1768,555.393641356793,75,24
44,5918,1435.4678251326,83,39
24,6821,752.440913553461,66,42
70,9100,5167.12704293614,87,17
52,1947,633.774430910472,59,7
60,2188,931.948329086388,87,27
95,9772,8662.43207487865,95,0
63,5550,2593.11749504631,67,4
64,1397,672.39809903125,89,25
45,7866,1981.54151425905,78,33
87,4148,3294.73624344489,96,9
63,2725,1273.19732864886,91,28
96,9513,8595.95866673585,96,0
23,4149,439.899135279242,78,55
69,6502,3597.41174098511,91,22
68,3140,1691.68879072348,88,20
41,5773,1248.16932878955,87,46
21,4903,480.330685980489,68,47
14,5117,381.937109162396,75,61
18,1830,159.377758506002,87,69
91,7753,6496.15593848389,92,1
51,5266,1654.24373042131,66,15
46,4745,1241.07405771516,73,27
25,7083,813.011346547126,62,37
17,6025,504.716888309853,73,56
78,3921,2673.00539702112,79,1
45,8578,2160.90301415131,59,14
86,2602,2037.12548774441,89,3
65,7035,3486.08425419333,75,10
46,3425,895.822686548877,64,18
40,3994,830.702832992706,65,25
28,4183,541.138586981142,84,56
69,4021,2224.72971554924,84,15
92,4995,4239.7453200492,96,4
49,9923,2899.88006278103,82,33
66,1452,740.318689985852,85,19
47,7232,1963.42952969344,72,25
82,8020,5890.65624651026,87,5
39,7800,1560.34837359159,84,45
80,9464,6706.18652036974,85,5
93,3890,3345.99982006991,94,1
80,9475,6713.98111586044,82,2
48,9156,2579.42243060235,68,20
6,9900,552.390530993255,82,76
32,4430,672.167358694341,89,57
88,3372,2715.90802246088,88,0
29,6174,831.215238137654,91,62
64,6639,3195.45524657729,69,5
82,6517,4786.70907213309,83,1
93,9325,8020.93787201848,93,0
60,8988,3828.31425129271,84,24
10,3169,203.552080994526,79,69
54,3153,1100.69215955081,67,13
68,6459,3479.81461760605,71,3
84,2738,2078.92094243946,91,7
82,7068,5191.41625315892,89,7
96,4602,4158.37294064106,97,1
24,3408,375.944675764579,49,25
49,3383,988.641968395467,60,11
33,8792,1388.13103914415,70,37
69,1027,568.216219315858,86,17
34,1809,297.189892021052,74,40
44,8558,2075.8252192438,83,39
83,5299,3958.53609929233,83,0
95,3348,2967.84922090603,98,3
83,2598,1940.79577013804,85,2
30,6916,968.98499515932,82,52
42,6154,1382.85383735878,71,29
56,2722,1017.31536633739,85,29
17,1663,139.310238217309,75,58
76,8004,5234.61977977697,79,3
80,7276,5155.77061730877,88,8
4,3182,166.691677934088,71,67
95,2379,2108.87493922803,95,0
6,5386,300.522767669664,33,27
70,6001,3407.46476754503,75,5
65,7751,3840.8868591688,82,17
2,1297,64.3064177533067,78,76
69,9020,4990.56504209254,93,24
16,4191,337.764731049691,78,62
7,4166,240.42224569427,85,78
12,1204,83.306979246308,76,64
41,1659,358.689228557399,89,48
11,3178,211.815363783056,71,60
67,8837,4633.01603645688,78,11
59,4895,2019.44787833573,78,19
87,2408,1912.66269870186,87,0
39,2408,481.707549180582,78,39
28,4084,528.331338568249,64,36
90,7579,6268.85030867828,95,5
78,4007,2731.63290636665,88,10
22,1321,134.627200532127,58,36
60,1962,835.68675578953,73,13
98,2014,1888.41021190213,98,0
93,8757,7532.37028903655,95,2
51,7633,2397.80524008846,77,26
24,1336,147.377372893626,90,66
97,5733,5281.25017799562,97,0
73,8838,5402.58276283746,74,1
74,3320,2077.1419366767,86,12
19,8402,760.919394291347,47,28
61,1645,723.011647200569,68,7
88,5978,4814.85710506262,89,1
19,7604,688.649259008736,84,65
27,1218,151.407962987644,85,58
19,4775,432.443478664744,69,50
9,2997,185.607620555055,83,74
57,3141,1213.81723889523,82,25
89,9427,7695.75122887381,91,2
75,3927,2512.85063740874,78,3
96,3129,2827.36830318685,97,1
38,3695,710.807280733262,85,47
87,5776,4587.84873243435,95,8
90,4971,4111.68424388966,91,1
49,2929,855.965807103258,69,20
52,1775,577.786140146938,90,38
91,9296,7789.01916730895,93,2
91,4573,3831.66788426246,92,1
97,6385,5881.87378100506,99,2
42,5040,1132.52897957235,85,43
37,1973,364.932537434024,68,31
85,3612,2785.72277307281,85,0
13,2159,155.131055585459,85,72
88,4726,3806.45946445733,94,6
40,1920,399.336364383073,72,32
42,3604,809.848103646579,80,38
66,7099,3619.50577149419,89,23
60,5312,2262.57290864118,89,29
9,2214,137.11553950914,67,58
17,8722,730.645759309301,83,66
55,3180,1148.88714054145,56,1
46,1145,299.479409079844,65,19
17,3509,293.950466569174,56,39
60,3905,1663.28072444348,79,19
37,8149,1507.2657108717,75,38
37,3756,694.722053016825,46,9
48,3293,927.701841849447,89,41
80,2356,1669.46063419179,83,3
32,1542,233.968863906698,79,47
38,5510,1059.95889495001,74,36
6,3666,204.551887537502,73,67
67,8327,4365.63590987625,77,10
60,5425,2310.7036952896,82,22
0,9981,645.0937203125,80,80
82,6276,4609.69558642125,82,0
43,1026,239.561436094427,87,44
3,6511,331.423081218926,67,64
1,3192,154.597431107117,79,78
20,2283,215.027606905918,68,48
53,8845,2982.26022309511,83,30
60,6187,2635.26705304272,87,27
33,1881,296.982994157205,78,45
0,1646,106.384557021779,71,71
89,9190,7502.27578162197,98,9
23,1292,136.984739161432,54,31
9,2849,176.441812132583,90,81
76,6239,4080.30894628042,94,18
49,5496,1606.14137106163,68,19
86,1451,1135.99887883057,90,4
22,8103,825.801821280715,72,50
17,3145,263.458027175848,82,65
87,1807,1435.29131916705,87,0
76,4649,3040.44819542518,94,18
82,3130,2298.97182687994,84,2
29,7545,1015.79510394373,85,56
40,1206,250.833153878118,69,29
28,7306,945.149059642416,79,51
70,7209,4093.38668709084,81,11
35,1868,319.284263899507,82,47
1,8789,425.675696115429,45,44
81,5846,4218.94436980534,83,2
25,1077,123.62180152919,83,58
51,9468,2974.24603866862,54,3
55,3739,1350.84560329701,74,19
59,4425,1825.54787776008,89,30
64,7511,3615.16257825606,64,0
4,5769,302.213793212368,87,83
49,9273,2709.9252063054,82,33
21,3099,303.598775413734,75,54
71,4438,2584.46617412874,81,10
92,7810,6629.11130121807,95,3
9,5650,349.910929641662,60,51
4,2342,122.687589478829,83,79
38,7724,1485.86615328382,84,46
48,5890,1659.32701138574,77,29
5,6259,338.11938370762,71,66
15,8309,644.378998574254,38,23
0,2552,164.941305904969,89,89
4,5812,304.466383454721,56,52
88,9199,7409.14528428756,97,9
54,6986,2438.76797545891,66,12
13,7224,519.067506044166,69,56
36,3934,699.530719304251,87,51
20,1789,168.499513252163,77,57
32,3693,560.341773286276,74,42
78,8089,5514.3944546044,81,3
7,7561,436.34963986903,71,64
9,2962,183.440030725417,69,60
44,1305,316.540302770877,85,41
10,8362,537.110287559554,71,61
78,6816,4646.57097324559,85,7
6,2007,111.984625828633,71,65
86,6889,5393.45022485444,94,8
74,5889,3684.42435695454,84,10
97,5088,4687.07498790192,97,0
30,8997,1260.54916157438,76,46
66,8482,4324.64402786501,89,23
12,9735,673.582593822931,81,69
22,1234,125.760761132963,78,56
87,2349,1865.7992854031,91,4
77,4842,3234.21184799594,85,8
44,9365,2271.57083176188,74,30
39,4441,888.3983496308,76,37
78,5346,3644.44959257202,84,6
7,2274,131.233842224861,86,79
47,6582,1786.95978490628,64,17
97,4657,4290.03699266101,97,0
78,2210,1506.59064713509,82,4
48,6563,1848.92413849314,48,0
85,2771,2137.10902662922,88,3
69,4789,2649.64700516421,75,6
42,9106,2046.19223967973,53,11
86,7233,5662.77042769229,86,0
29,6297,847.774919752641,87,58
78,7736,5273.74898019775,85,7
96,9148,8266.14421142642,98,2
14,7153,533.905831901235,69,55
74,7616,4764.91355112341,83,9
39,3869,773.972802234083,58,19
92,8942,7589.95048085685,96,4
83,4603,3438.60005001747,88,5
5,6075,328.179462537752,81,76
23,3645,386.462363965495,82,59
20,5918,557.395259601062,76,56
76,4161,2721.29596497401,76,0
77,1770,1182.27074988699,78,1
55,5809,2098.70610044191,64,9
2,3051,151.271303442821,66,64
33,9782,1544.43787817426,80,47
90,9739,8055.46023963818,95,5
19,9587,868.237828263644,84,65
67,7871,4126.56662022769,95,28
12,2861,197.957863474823,39,27
81,8839,6378.93419170534,82,1
35,1999,341.675183905308,57,22
93,2877,2474.66362013911,95,2
16,6234,502.415970738195,73,57
35,9631,1646.15992806004,76,41
84,9254,7026.41870026834,93,9
79,3994,2776.91410730581,86,7
81,9859,7115.04833080925,87,6
64,3516,1692.30616764057,74,10
78,5819,3966.90089397243,88,10
76,1491,975.11470410388,77,1
37,3032,560.808643436372,75,38
90,5164,4271.32114975784,93,3
72,9930,5926.70523064684,72,0
22,5922,603.529357722373,75,53
8,5910,353.17716959562,89,81
83,3380,2524.9767910187,85,2
50,6806,2062.52261566188,70,20
96,6031,5449.61912320865,98,2
83,9721,7261.9228951162,84,1
27,2607,324.072708956313,89,62
98,7512,7043.56380923973,98,0
99,8694,8280,99,0
40,7537,1567.60321789335,87,47
14,7236,540.101020500117,67,53
40,4800,998.340910957684,74,34
60,6891,2935.12611322408,74,14
67,2056,1077.90890245053,77,10
23,5861,621.41451720213,72,49
87,5532,4394.04071811406,88,1
81,8463,6107.58231297684,88,7
6,7155,399.227701945125,44,38
91,4812,4031.92343299168,91,0
84,6421,4875.36573097288,89,5
3,7365,374.893410102502,81,78
53,6393,2155.5217191913,58,5
3,1737,88.4168164763131,70,67
25,6264,719.003681317407,76,51
13,3812,273.904392724302,77,64
76,3565,2331.51168352135,86,10
52,8872,2887.95416077951,57,5
68,4345,2340.88783302342,86,18
95,2904,2574.26348193283,95,0
59,5345,2205.0968150571,85,26
38,3607,693.878717619723,69,31
6,9863,550.326041129947,22,16
97,2541,2340.77388841564,97,0
52,2357,767.234891451455,72,20
40,2623,545.551710300418,70,30
36,9031,1605.86220794019,70,34
86,1710,1338.77193852534,90,4
30,7498,1050.52768850558,92,62
16,1572,126.691996471037,59,43
5,4082,220.514990301087,61,56
38,4861,935.110741987655,67,29
56,5089,1901.95367350882,83,27
22,2196,223.801160006473,73,51
23,9919,1051.66534654972,51,28
21,5371,526.179097369204,88,67
54,8218,2868.85130580036,65,11
15,6517,505.405937382165,84,69
32,1792,271.901559092609,81,49
53,2989,1007.79828228731,72,19
91,8374,7016.48520944978,91,0
63,5481,2560.87873699979,72,9
15,6379,494.703770839471,91,76
1,4494,217.65690958502,80,79
9,5447,337.338908629758,71,62
6,5146,287.131482069827,88,82
68,2781,1498.27596401338,88,20
72,8351,4984.28150867389,82,10
94,1084,945.721960065299,98,4
46,7358,1924.51484018296,73,27
19,1191,107.861818448107,63,44
96,5824,5262.57366499207,97,1
91,1389,1163.82827274012,96,5
82,9119,6697.86712118792,88,6
95,1624,1439.60189210018,98,3
51,4397,1381.25895986754,72,21
49,2577,753.097946365687,76,27
2,3555,176.26007333308,85,83
54,2981,1040.6480582369,76,22
24,4006,441.911493871158,72,48
22,2022,206.068281208146,49,27
95,2796,2478.5264102907,95,0
56,9153,3420.82569731307,86,30
5,5063,273.50989610348,53,48
9,1143,70.7872907221983,65,56
8,8304,496.240814944506,84,76
49,7361,2151.16569002632,84,35
24,4665,514.607368674226,45,21
61,8264,3632.19954557173,84,23
66,6337,3230.99141765864,93,27
75,5509,3525.15766780869,89,14
7,1715,98.9736321088991,67,60
59,2950,1217.03191850672,73,14
64,2266,1090.66148346801,69,5
83,7555,5643.84605211427,90,7
65,1827,905.341283924835,79,14
51,4565,1434.03392126344,90,39
87,2111,1676.75704192675,91,4
79,7631,5305.61631268168,79,0
42,5329,1197.46962939307,71,29
0,7813,504.971168901068,69,69
67,1975,1035.44264705243,89,22
57,1735,670.478481210835,91,34
5,5248,283.503838584053,87,82
43,9034,2109.35478915892,89,46
53,9215,3107.01277058467,88,35
38,1674,322.027439228005,66,28
3,7395,376.420470836117,74,71
38,7668,1475.09343130248,38,0
49,6247,1825.61228985116,84,35
73,2833,1731.78512866243,87,14
91,2969,2487.69340659857,91,0
4,8329,436.321491361729,66,62
55,5842,2110.62851416451,66,11
17,3926,328.882739170868,46,29
40,7226,1502.91904637088,82,42
19,3301,298.952025774308,70,51
82,6452,4738.96684569629,88,6
77,4015,2681.81754847247,90,13
51,9076,2851.1044620782,65,14
73,5862,3583.3831359757,74,1
75,2993,1915.1927572611,79,4
75,6477,4144.57183053129,80,5
43,7351,1716.38997731982,60,17
19,4142,375.116416466884,89,70
99,6658,6340.95238095238,99,0
67,1431,750.237178699762,86,19
42,9044,2032.26033556594,85,43
9,2015,124.791243049195,72,63
32,9430,1430.82126241256,48,16
14,9298,694.010404727762,65,51
21,3278,321.134813103007,64,43
42,8032,1804.855707128,80,38
8,4664,278.717143653802,85,77
73,5571,3405.49768859103,93,20
71,5813,3385.19645565803,71,0
12,5715,395.431384047052,27,15
29,1665,224.161543812633,60,31
92,6102,5179.36455314119,96,4
62,1041,471.87558621648,63,1
83,2188,1634.51160318015,87,4
96,1283,1159.32040044382,97,1
31,3714,541.524227874448,85,54
33,1531,241.723000560702,78,45
49,7650,2235.62254159779,93,44
32,6520,989.284690448556,83,51
52,4189,1363.57529074677,90,38
12,7238,500.810561283038,84,72
88,4734,3812.90289986056,88,0
98,3768,3533.03360399565,98,0
85,8402,6479.96753581333,89,4
33,6239,985.04885728166,79,46
61,5240,2303.08877284558,70,9
32,6012,912.205453830785,81,49
48,3104,874.456883419582,80,32
24,8740,964.130418480758,89,65
58,7499,2994.99960669677,82,24
85,2762,2130.16785692888,90,5
65,5232,2592.63579501628,80,15
43,3250,758.844704977473,73,30
13,5378,386.426501592681,43,30
61,5498,2416.48512845515,69,8
13,3384,243.151223761553,69,56
15,8187,634.91766293506,53,38
65,2680,1328.03209683555,80,15
69,6705,3709.72711831823,75,6
77,2261,1510.2339918048,86,9
85,2247,1732.97870185344,87,2
8,1683,100.574818346773,86,78
79,4146,2882.59536527038,84,5
44,4702,1140.51532845108,73,29
17,2666,223.331987424741,68,51
65,7763,3846.83327154269,79,14
96,8694,7855.90924509634,96,0
29,6439,866.892600966692,84,55
91,4425,3707.66026412888,91,0
3,2377,120.994112126768,90,87
57,6422,2481.73648780172,70,13
19,8122,735.561452086922,80,61
35,1275,217.926893186227,85,50
87,5526,4389.27494727012,92,5
78,9113,6212.47084495115,94,16
91,2720,2279.05896461708,95,4
83,5828,4353.71737812336,85,2
36,3492,620.935757958933,77,41
89,1456,1188.60865484675,94,5
76,3022,1976.3894270972,87,11
27,8756,1088.44673556635,70,43
75,4159,2661.30527144969,82,7
19,6867,621.903532563518,67,48
12,6759,467.667668376907,80,68
53,5985,2017.95674790551,85,32
0,3296,213.027642736199,70,70
92,9021,7657.00551194472,94,2
18,7776,677.224836143536,49,31
81,6248,4509.05994227571,88,7
62,9228,4182.9662916481,85,23
8,7150,427.27864003531,80,72
34,8620,1416.12872814896,57,23
6,1022,57.0245578459704,23,17
74,7864,4920.07355121251,76,2
93,9852,8474.23913298939,99,6
89,8339,6807.56014613119,90,1
49,1062,310.357011657105,75,26
32,8446,1281.51817416081,76,44
31,7918,1154.49349389065,78,47
66,4133,2107.25698740463,87,21
31,6670,972.527355929608,88,57
77,1105,738.084281709111,81,4
73,3753,2294.17211008475,88,15
37,3879,717.47253558367,85,48
62,5205,2359.3779310824,81,19
33,4421,698.012661971825,91,58
85,9381,7235.01255099558,93,8
30,5154,722.115191592125,87,57
33,7680,1212.56214520326,41,8
95,4236,3755.02069885243,98,3
14,7880,588.169712761321,75,61
40,8270,1720.05819450418,86,46
48,1522,428.776861006638,52,4
57,7214,2787.79928729393,82,25
25,3612,414.597908192605,87,62
86,5281,4134.53485810078,90,4
96,9554,8633.0063178802,97,1
90,5056,4181.99065320984,90,0
10,2795,179.529209965194,72,62
2,9965,494.073595151659,60,58
35,8888,1519.16409932485,88,53
78,4384,2988.63954617204,94,16
68,1935,1042.48974842355,75,7
73,9837,6013.26166983844,94,21
10,1214,77.9779824321094,66,56
93,5079,4368.72315838947,93,0
63,7712,3603.26524717066,84,21
39,3622,724.561770403683,76,37
0,6181,399.491462303533,85,85
19,4211,381.365337938689,90,71
93,4314,3710.70519891557,93,0
64,1483,713.791253302322,67,3
55,1566,565.772723927015,67,12
98,4530,4247.51651435782,98,0
59,9151,3775.27426652712,89,30
93,5707,4908.89999309485,98,5
97,8494,7824.68847233469,97,0
20,2408,226.800909955957,84,64
37,7924,1465.64897446894,50,13
19,5399,488.955464148891,74,55
89,5186,4233.60198079342,91,2
80,4380,3103.66620448219,90,10
83,1198,894.947395159881,86,3
81,1063,767.146401830838,90,9
62,7592,3441.38275749809,84,22
39,3296,659.347210174086,44,5
54,7387,2578.75451398725,71,17
45,1902,479.137040442502,87,42
56,1779,664.880248609194,84,28
84,2763,2097.90305476998,97,13
59,3354,1383.70340836324,75,16
33,6653,1050.41353542152,57,24
1,4139,200.463272980061,89,88
60,6943,2957.27479380566,83,23
10,1828,117.416599576521,78,68
34,1937,318.218253645538,71,37
65,5295,2623.8544599792,87,22
33,7027,1109.46278572179,82,49
50,8157,2471.93608227358,86,36
29,5083,684.332208528295,62,33
81,5993,4325.03140749973,81,0
94,5056,4411.04264768464,96,2
95,8361,7411.64496296156,96,1
49,5010,1464.113586066,88,39
25,5636,646.91965962722,69,44
11,1224,81.5802408025365,29,18
96,3282,2965.61929404258,96,0
36,7536,1340.0263092722,75,39
16,1679,135.315433889867,80,64
50,4026,1220.05819139799,73,23
35,4214,720.269747362165,77,42
86,5808,4547.12714558783,86,0
13,6667,479.045274473485,70,57
22,6707,683.53113850793,87,65
74,2596,1624.17483964238,88,14
2,9545,473.249620243109,80,78
55,2882,1041.22413177373,73,18
58,2003,799.971224458411,74,16
7,6757,389.950339451797,82,75
23,2793,296.128774363684,64,41
5,1588,85.7858414008149,52,47
5,7752,418.773200591384,88,83
50,4442,1346.12481028065,86,36
7,3764,217.222595485654,73,66
43,9521,2223.06474956631,72,29
60,1427,607.810907498298,94,34
10,4006,257.314495570865,79,69
33,3307,522.127996638956,69,36
95,3667,3250.62816399713,95,0
87,5579,4431.37258972494,95,8
9,1357,84.0405542519886,77,68
60,9469,4033.18954667231,70,10
80,1778,1259.89007113455,82,2
29,1475,198.581547822002,89,60
93,6127,5270.16475515895,97,4
62,5065,2295.91723745098,88,26
91,6034,5055.82418841891,99,8
82,5461,4011.08151648286,93,11
28,7024,908.667806587507,61,33
78,9275,6322.90871139273,92,14
39,4085,817.182449502773,70,31
91,3312,2775.08944515138,96,5
30,6076,851.294509917297,67,37
38,2272,437.064720385919,71,33
59,8371,3453.48277621009,77,18
5,7645,412.992920345863,71,66
56,9757,3646.56356699264,79,23
65,4828,2392.43991176196,82,17
82,1800,1322.0924244038,87,5
20,4252,400.480676550137,79,59
67,5822,3052.32764108317,69,2
33,3723,587.8084461708,69,36
39,6131,1226.47383057564,65,26
29,1940,261.185222220125,81,52
64,2596,1249.49568008957,78,14
15,4196,325.407904443082,44,29
1,4392,212.716766109792,69,68
66,6150,3135.64734394834,70,4
22,2470,251.725348459011,83,61
65,2108,1044.58644034677,88,23
16,1661,133.86476217455,52,36
98,7481,7014.49691918562,98,0
66,2219,1131.3823506051,78,12
92,1504,1276.59198425506,96,4
25,8131,933.304427329476,81,56
37,5514,1019.8874867771,81,44
30,3565,499.484023675965,79,49
90,2832,2342.44413170298,93,3
31,1611,234.893788666057,74,43
97,7862,7242.48890622737,98,1
98,8751,8205.30176978925,98,0
55,5284,1909.03133667328,58,3
59,3342,1378.75277005067,70,11
49,6853,2002.7086637346,90,41
87,5222,4147.80922451042,89,2
61,4044,1777.42194606632,87,26
73,3473,2123.01085486926,93,20
98,5553,5206.72388614327,98,0
40,9808,2039.9432613902,69,29
60,9722,4140.95139642498,78,18
43,7595,1773.36170286274,76,33
39,6219,1244.07776094437,84,45
67,3388,1776.24288010817,90,23
2,4821,239.029483414566,87,85
14,9485,707.968239281869,86,72
53,8416,2837.61470181667,83,30
8,7562,451.899451181401,88,80
42,8535,1917.88389695437,89,47
19,5187,469.755879336969,50,31
35,4446,759.923895769384,71,36
25,2110,242.193130201106,61,36
40,2391,497.298566270796,66,26
69,9830,5438.71999598333,82,13
94,3416,2980.24558633124,94,0
74,4680,2928.01935652016,79,5
13,2130,153.047312828637,24,11
84,2185,1659.03661768817,89,5
61,3241,1424.48677725048,91,30
94,8510,7424.44084885211,97,3
31,7095,1034.49499105256,86,55
76,2908,1901.8333732623,79,3
64,4216,2029.2271907772,76,12
50,6108,1850.99737532512,91,41
35,8142,1391.65550142922,72,37
38,9396,1807.50885244106,78,40
34,1733,284.704302306514,64,30
21,1714,167.914908376618,82,61
13,1681,120.785226697154,86,73
86,5845,4576.09472554423,86,0
24,5379,593.370425744622,65,41
28,7438,962.225390859607,79,51
9,4771,295.473459348738,57,48
42,9821,2206.85855325001,73,31
95,2573,2280.84708643704,95,0
54,1557,543.538754335746,69,15
64,8758,4215.36331518661,85,21
74,5891,3685.67564727784,89,15
56,1438,537.435524170894,56,0
59,8822,3639.54426612417,75,16
37,8582,1587.35480803791,79,42
86,6359,4978.50921466822,91,5
94,4440,3873.62131244458,98,4
5,3932,212.411793695217,88,83
72,4277,2552.72087326048,86,14
48,6830,1924.14320675121,85,37
92,5414,4595.39162417345,93,1
23,1119,118.642355357308,73,50
6,2974,165.940347391307,78,72
65,1391,689.288301006812,69,4
50,6223,1885.84752237201,81,31
59,4389,1810.69596282237,87,28
59,4702,1939.8251121419,71,12
49,2631,768.878811365201,81,32
37,7724,1428.6563198887,89,52
25,9947,1141.75121616607,55,30
46,6871,1797.13800854813,85,39
53,3732,1258.31488440825,83,30
58,5588,2231.77194322197,76,18
29,6504,875.643652226644,33,4
39,8102,1620.76186190244,57,18
26,2519,300.890529276228,27,1
27,7531,936.168611871879,71,44
24,9014,994.356017412535,75,51
90,9976,8251.4910515074,91,1
91,8818,7388.50806985051,92,1
70,3066,1740.92434215849,74,4
25,1081,124.080935425306,83,58
69,4564,2525.15951797232,80,11
88,4519,3639.73557339879,89,1
43,3614,843.83531193495,74,31
92,5125,4350.08904209253,92,0
74,5353,3349.07855031035,74,0
92,6668,5659.78414296058,95,3
8,6987,417.537882227512,85,77
67,8299,4350.95621665222,73,6
94,6482,5655.13814127608,97,3
74,6070,3797.66613121312,82,8
63,6206,2899.61931067701,73,10
33,2184,344.822360042177,55,22
17,4877,408.548425607826,72,55
20,6272,590.737253838773,70,50
91,2574,2156.72712313395,93,2
78,3513,2394.86558524233,89,11
28,8103,1048.25387767349,83,55
32,5179,785.81371347133,80,48
30,1457,204.136948806699,80,50
99,4385,4176.19047619048,99,0
87,2006,1593.35605215777,93,6
11,3914,260.870149102229,73,62
97,8066,7430.4140826291,98,1
73,7322,4475.86682388503,81,8
15,7889,611.807187357358,87,72
5,3538,191.12739727713,48,43
3,9167,466.618858168314,79,76
80,9233,6542.50001506485,91,11
37,9979,1845.74850028086,65,28
2,6044,299.666915112557,65,63
68,2386,1285.46797919307,80,12
84,3490,2649.90288134175,94,10
57,9374,3622.51601318177,73,16
83,4480,3346.71479993011,84,1
99,1032,982.857142857143,99,0
52,2486,809.226109524105,88,36
62,1663,753.822382207498,90,28
79,7298,5074.0909251672,87,8
53,9305,3137.35798483889,70,17
58,2313,923.781049511885,65,7
90,4085,3378.84331850518,92,2
30,6043,846.670955139932,70,40
62,6556,2971.77362462559,75,13
69,4199,2323.21314986104,73,4
95,9171,8129.67300027754,99,4
62,3039,1377.55034247059,66,4
69,5204,2879.25725931813,93,24
74,7466,4671.06677687597,85,11
48,1355,381.729728425752,83,35
78,2225,1516.81637550931,80,2
79,8178,5685.92978706733,80,1
1,4579,221.773695814376,86,85
12,5040,348.726889868266,62,50
60,2643,1125.74928417519,73,13
5,9601,518.658604086413,67,62
4,9699,508.090064199473,66,62
52,9801,3190.35603356627,77,25
96,2625,2371.95327448561,97,1
51,3616,1135.91821671163,91,40
7,4779,275.798826733778,89,82
61,7790,3423.866706196,70,9
3,2140,108.930332331209,44,41
28,7881,1019.53459335367,89,61
63,4099,1915.16911931438,77,14
95,6282,5568.70633385056,97,2
39,8378,1675.97418896799,80,41
89,9092,7422.27327600729,91,2
34,9530,1565.62723657304,65,31
85,5858,4517.93023384843,90,5
41,7788,1683.82863894215,64,23
97,5364,4941.32669715131,97,0
86,4506,3527.78149414924,89,3
39,8713,1742.98915116712,70,31
99,7997,7616.19047619048,99,0
40,6670,1387.27789085161,75,35
61,5182,2277.59656887133,76,15
78,7701,5249.88894732457,81,3
44,6597,1600.16580642105,82,38
81,2292,1654.09177139819,87,6
13,5685,408.485433535587,40,27
45,6043,1522.30553911359,82,37
59,1236,509.915746194681,74,15
37,6219,1150.28659417243,86,49
90,2701,2234.08954792717,94,4
66,4688,2390.23004039509,71,5
54,2843,992.473139740864,93,39
48,3703,1043.20677812587,56,8
25,5258,603.531506444273,81,56
66,9172,4676.44836401531,81,15
32,5271,799.772945299745,62,30
12,6910,478.115636704309,64,52
48,6425,1810.04686725864,64,16
29,5372,723.240728745623,74,45
93,4563,3924.88359356786,95,2
83,2305,1721.91464594618,95,12
3,2096,106.69064325524,71,68
8,2784,166.369752987175,77,69
16,4296,346.226982722375,70,54
66,5773,2943.42961245752,79,13
45,7285,1835.18051504923,69,24
48,8557,2410.67253589606,88,40
9,8100,501.642217716366,64,55
68,5760,3103.22529763289,69,1
90,5725,4735.34345127103,93,3
29,5129,690.525260189185,81,52
31,5506,802.808938792867,67,36
72,5429,3240.29030183099,83,11
92,2034,1726.45485104706,92,0
82,6661,4892.47646608539,96,14
89,3408,2782.12795035557,91,2
90,5208,4307.71505575887,97,7
15,9271,718.983956647239,68,53
11,8903,593.389611000802,78,67
87,9559,7592.66724953947,97,10
7,7151,412.688305079147,83,76
13,3627,260.611550999749,74,61
67,9239,4843.77448917338,78,11
92,8156,6922.79536142569,94,2
80,3456,2448.92018326266,81,1
54,8151,2845.46203377692,91,37
84,4793,3639.25057600888,89,5
86,8196,6416.71041412498,92,6
88,7517,6054.41299075873,89,1
45,8867,2233.70564542779,90,45
16,3844,309.799004093298,34,18
10,5505,353.598676514631,83,73
77,8516,5688.25859098171,81,4
60,8508,3623.86489207815,89,29
93,7801,6710.06287824302,96,3
28,1841,238.163074021583,62,34
28,2202,284.864252577689,60,32
9,4739,293.491662933069,83,74
67,2507,1314.35681830909,69,2
30,7639,1070.28287709978,76,46
86,4452,3485.50448556423,90,4
21,9090,890.517221203884,50,29
13,7973,572.885551728978,83,70
68,1466,789.813938598926,85,17
74,4468,2795.38258225045,77,3
4,4723,247.418225921653,86,82
50,5736,1738.26472574736,80,30
47,6797,1845.33054664357,65,18
10,4587,294.633447624453,79,69
73,5641,3448.2880023949,76,3
73,8152,4983.23768755951,88,15
83,4320,3227.18927136117,88,5
82,4255,3125.27959213231,84,2
68,5376,2896.34361112403,80,12
87,4997,3969.09281786261,94,7
53,2697,909.344920484738,81,28
23,6774,718.215652538344,87,64
61,7971,3503.41996342598,87,26
95,4131,3661.94299031147,96,1
21,6518,638.546891947956,65,44
7,7813,450.892704178909,68,61
95,2011,1782.65973215114,96,1
83,3152,2354.65291280797,88,5
19,4234,383.448311762623,68,49
92,3322,2819.70649713783,92,0
69,8240,4559.00841982733,84,15
14,5424,404.85184289561,69,55
93,8197,7050.68393961774,96,3
14,5687,424.482380263151,76,62
96,6768,6115.57324255947,97,1
94,5307,4630.02439305031,98,4
89,3912,3193.56940780252,98,9
89,4222,3446.63855821632,92,3
70,2284,1296.89210616112,76,6
38,1961,377.237639382389,64,26
83,7295,5449.61706818976,91,8
20,7601,715.911011866791,44,24
97,6951,6403.27402533534,99,2
31,1021,148.868130495372,82,51
33,3914,617.964614104891,80,47
27,1976,245.63393666961,83,56
23,3506,371.724841718251,72,49
31,3167,461.768236316202,89,58
26,7134,852.144913003814,90,64
31,7102,1035.51563445458,70,39
97,9996,9208.33364368466,97,0
26,9767,1166.65256031795,55,29
36,4490,798.396779277094,72,36
27,6246,776.431967833191,69,42
46,7969,2084.3243763819,82,36
57,3852,1488.57816116665,76,19
46,6153,1609.34218695919,73,27
9,5927,367.065854864802,53,44
26,7883,941.611767480946,54,28
95,7615,6750.35000513722,97,2
1,4747,229.91040271475,89,88
22,7161,729.799684338047,74,52
98,2423,2271.90563229338,98,0
26,6593,787.523326525672,82,56
93,5391,4637.09126735138,93,0
70,9495,5391.41442556909,76,6
58,8653,3455.89166512163,66,8
94,1420,1238.86087019624,97,3
98,3169,2971.38627682118,98,0
48,3403,958.690971094342,70,22
53,3835,1293.04329627696,89,36
69,5939,3285.91638414497,79,10
72,2470,1474.21570188295,86,14
73,4747,2901.79456609973,85,12
60,8298,3534.41829742178,72,12
72,1118,667.276580852283,86,14
28,3363,435.058347601621,86,58
67,3940,2065.64254652485,85,18
34,2889,474.61669322765,59,25
32,9979,1514.12146104082,78,46
5,4736,255.844927502682,58,53
8,1659,99.1405963382629,65,57
66,5996,3057.12869501045,86,20
87,2381,1891.21672990412,88,1
98,4066,3812.45080516091,98,0
83,8476,6331.86487593919,88,5
41,9184,1985.65513868062,83,42
76,3918,2562.37385022066,79,3
17,2612,218.808383778479,75,58
50,3394,1028.53390501858,87,37
54,6147,2145.87843474748,82,28
84,3110,2361.37477391772,88,4
35,8018,1370.46104279778,60,25
29,3015,405.914146903956,40,11
56,2920,1091.31552891447,91,35
70,9367,5318.73395727284,82,12
57,3578,1382.69279871606,67,10
31,1294,188.67322317435,65,34
4,5078,266.015191875959,36,32
38,3287,632.320306297762,91,53
31,2166,315.816229826616,55,24
75,7165,4584.8166073424,78,3
59,9528,3930.80682018036,71,12
54,8574,2993.12863177565,78,24
47,4303,1168.22971049099,63,16
89,5815,4747.087450504,90,1
0,1278,82.5999172988052,79,79
53,3363,1133.89950596595,61,8
77,7492,5004.27822494539,89,12
64,3353,1613.85170082447,84,20
81,8784,6339.24176263601,81,0
73,2203,1346.67230442758,94,21
20,4405,414.891199483386,78,58
66,1059,539.943176787202,73,7
26,6475,773.428414872399,58,32
34,1885,309.67548173559,58,24
91,4406,3691.74036694957,91,0
23,5672,601.375727959475,73,50
51,4678,1469.53136553568,83,32
72,7999,4774.19084994402,91,19
97,4771,4395.05400300315,97,0
15,4438,344.175471858532,45,30
12,2873,198.788165593557,39,27
77,7433,4964.86919994916,82,5
95,6237,5528.815887333,95,0
51,8418,2644.40252994428,86,35
50,3909,1184.60195483725,87,37
2,1450,71.8922943271355,64,62
25,9687,1111.90751291854,66,41
25,6741,773.755398429221,76,51
24,2371,261.550711924242,73,49
56,9554,3570.69471344139,86,30
55,1109,400.665358132222,80,25
86,7696,6025.25663093043,87,1
6,3938,219.728677883984,67,61
20,6183,582.354662067145,68,48
27,4938,613.836224329218,58,31
11,6111,407.301349300899,59,48
13,2285,164.184558597857,90,77
20,5356,504.462489088085,62,42
45,1568,394.998359313272,87,42
60,8929,3803.18401755592,70,10
40,5261,1094.22323594758,82,42
33,3577,564.757134556259,81,48
51,8779,2757.80586961046,89,38
74,8894,5564.48806771161,83,9
78,5226,3562.64376557826,84,6
37,3822,706.929629028303,92,55
31,6179,900.936511587564,83,52
19,1534,138.925297648527,87,68
83,4010,2995.60855975887,90,7
18,8294,722.338321884579,55,37
68,6042,3255.15403616283,81,13
46,6975,1824.33963173093,74,28
55,1011,365.259402228744,59,4
34,1936,318.053969570346,87,53
79,4045,2812.37295043866,83,4
31,9207,1342.43768606355,80,49
93,1299,1117.34029981255,94,1
89,3377,2756.82103531419,93,4
12,7301,505.169647406391,78,66
4,4830,253.023508617739,74,70
37,3737,691.207750831702,46,9
80,6897,4887.21137267435,84,4
29,3656,492.212975482874,87,58
9,4026,249.334761546431,82,73
57,8665,3348.52797676766,84,27
16,3439,277.158890498661,67,51
14,1587,118.454991643682,62,48
45,9399,2367.72294590908,63,18
44,6589,1598.2253294692,71,27
83,6381,4766.82748623973,85,2
67,6369,3339.10593370984,88,21
70,7400,4201.83957337664,80,10
92,8360,7095.95012524752,93,1
9,6959,430.978789270147,84,75
85,4329,3338.70262586716,91,6
30,1913,268.026069366654,82,52
80,1922,1361.92841210383,84,4
57,1473,569.230433904069,72,15
94,1267,1105.37797361876,95,1
83,5892,4401.52758955093,84,1
14,4819,359.694142867615,75,61
33,3948,623.332727768552,58,25
48,9966,2807.61510958749,59,11
72,9087,5423.56197692728,78,6
24,2209,243.680102336842,81,57
52,4946,1609.98887277,59,7
84,6297,4781.21445381346,87,3
24,4534,500.156443637501,75,51
31,3553,518.049429627871,72,41
88,7329,5902.99225878286,93,5
84,9544,7246.61120330247,86,2
8,6073,362.917927403418,67,59
72,5315,3172.2495771287,75,3
43,6732,1571.85924735642,79,36
10,1445,92.8156380678733,84,74
76,5964,3900.45881641552,85,9
69,4564,2525.15951797232,79,10
33,1135,179.200264948659,75,42
18,1588,138.301574047831,75,57
18,8076,703.352337537963,84,66
96,2391,2160.51058258861,97,1
18,5279,459.756932870592,78,60
34,5064,831.934556768716,81,47
50,4571,1385.21758392455,81,31
51,7438,2336.54858846823,76,25
44,7089,1719.50513895996,81,37
91,6361,5329.81399776809,94,3
87,1330,1056.4125370737,91,4
43,2111,492.898822217676,60,17
93,6388,5494.66500015593,95,2
47,2297,623.616928886314,86,39
3,7298,371.482974464095,73,70
22,9712,989.779993616969,87,65
54,6403,2235.24639949376,76,22
70,1384,785.857563453145,75,5
50,5783,1752.50782932305,76,26
45,5700,1435.89964801381,81,36
55,6233,2251.8910525141,63,8
66,6534,3331.43410493633,73,7
88,6862,5526.85671711939,89,1
51,2157,677.592807922287,84,33
30,8076,1131.50995096973,76,46
11,1136,75.7149947317659,71,60
69,3850,2130.1192252834,84,15
83,3358,2508.54203084047,98,15
41,5976,1292.05957194636,72,31
18,1797,156.503733352615,70,52
63,9632,4500.34373194344,88,25
44,6285,1524.48720529882,75,31
84,5182,3934.6122438719,84,0
28,2584,334.282120191076,80,52
78,8765,5975.23394666925,78,0
22,7541,768.526661024049,70,48
2,5098,252.763390675681,73,71
33,4096,646.699810775073,74,41
63,4796,2240.827298422,85,22
76,5110,3341.94241312597,91,15
31,7061,1029.53758024272,66,35
18,1774,154.500624912376,56,38
58,7991,3191.4977806526,67,9
60,1042,443.825483961616,73,13
74,4085,2555.76048533865,76,2
60,1581,673.40507691297,79,19
7,9440,544.787805893882,86,79
93,6844,5886.8953132541,96,3
65,1273,630.815245996889,76,11
82,5505,4043.39933130162,84,2
27,3766,468.146460272142,70,43
32,9413,1428.24183913992,79,47
2,9889,490.305447311064,74,72
9,6808,421.627187433706,83,74
90,9198,7607.98062267091,90,0
6,5091,284.062645786531,71,65
35,8038,1373.87950386737,85,50
14,1396,104.198593783605,47,33
79,5766,4008.9350883138,83,4
9,5052,312.876109123837,83,74
69,8989,4973.4134327461,82,13
64,3253,1565.72012609066,77,13
82,6458,4743.3738204443,91,9
13,5732,411.862533865609,67,54
92,2845,2414.82991702502,98,6
11,9814,654.108237937984,65,54
69,6012,3326.30565776722,82,13
60,6523,2778.38160449292,67,7
74,3391,2121.56274315382,79,5
13,7593,545.581336294761,73,60
79,1972,1371.07526780347,83,4
16,8252,665.052388599869,84,68
46,3563,931.917148079898,76,30
20,3775,355.553752111187,77,57
42,4196,942.875317120157,66,24
17,6313,528.842774423253,75,58
95,4823,4275.36941231475,97,2
91,9649,8084.79409911403,93,2
95,6257,5546.54497467414,95,0
11,3400,226.611780007046,71,60
97,7006,6453.9401268162,99,2
40,1836,381.865398441314,86,46
38,6667,1282.53102588597,85,47
85,8158,6291.78471282613,89,4
50,3689,1117.93210831277,76,26
61,1087,477.759064138005,86,25
38,6331,1217.89469399791,73,35
22,2654,270.477358222759,30,8
5,3225,174.218727026214,55,50
89,4475,3653.1756390379,90,1
50,4823,1461.58486267077,84,34
42,8698,1954.51132228578,90,48
88,4926,3967.54534953805,91,3
90,7093,5866.86307421231,93,3
89,1184,966.56088416109,90,1
17,1599,133.948930192109,30,13
34,7041,1156.72417342191,81,47
81,3349,2416.90809005783,84,3
56,1002,374.485671223391,64,8
72,1940,1157.88601686353,92,20
44,4446,1078.42006599181,82,38
86,5133,4018.6645382752,95,9
9,9076,562.087008394288,82,73
69,9291,5140.50330444366,82,13
12,3458,239.265393881838,69,57
1,5460,264.442974262173,85,84
98,1944,1822.77529887673,98,0
13,3690,265.138302505949,69,56
50,4361,1321.57818496936,90,40
61,4477,1967.73443435681,62,1
43,5000,1167.45339227304,80,37
66,5056,2577.85901967525,76,10
35,4692,801.970966925315,53,18
75,3777,2416.86703781329,87,12
45,6043,1522.30553911359,49,4
58,5148,2056.04186895252,79,21
22,2671,272.209880863975,83,61
29,4091,550.777703145634,74,45
12,5654,391.210681610154,81,69
26,1638,195.656485492045,81,55
18,9534,830.331994314876,60,42
12,3826,264.72799218968,64,52
86,8953,7009.37144188152,88,2
31,8766,1278.13715173597,58,27
57,7679,2967.495249117,64,7
98,6520,6113.42332750839,98,0
80,3572,2531.11773571013,82,2
27,2605,323.824091611505,80,53
66,3744,1908.92091963294,94,28
92,1095,929.433658749525,94,2
61,5906,2595.80959779122,75,14
38,6620,1273.48963422306,51,13
13,1289,92.6187728808043,79,66
56,7041,2631.49062982425,67,11
73,1623,992.123990052636,75,2
62,8150,3694.31895068617,73,11
69,4672,2584.91351182443,80,11
75,8936,5718.06297323261,77,2
44,1864,452.131129781543,51,7
72,5349,3192.54242484692,84,12
31,5197,757.754822903474,59,28
86,6024,4716.23517992787,88,2
68,8229,4433.40989135782,75,7
16,8808,709.862026028556,68,52
42,5013,1126.46186003893,74,32
36,3502,622.713924505207,71,35
99,5854,5575.23809523809,99,0
67,6588,3453.92210571211,86,19
86,3904,3056.47113918301,92,6
52,2480,807.27302961375,78,26
14,1468,109.572733291068,84,70
75,3546,2269.05229443631,75,0
80,9473,6712.56391668032,84,4
37,1331,246.186116231468,71,34
5,2113,114.147029521361,73,68
0,9203,594.809889593822,75,75
5,2403,129.813209626044,80,75
6,9017,503.121759390523,77,71
78,3324,2266.02140772716,79,1
10,5221,335.356710278454,52,42
26,1657,197.926005165029,55,29
46,6047,1581.61745563827,60,14
28,3628,469.340376181588,79,51
63,2355,1100.32282897911,79,16
0,5122,331.045990926823,68,68
20,5523,520.191621962937,57,37
69,2392,1323.44030827997,84,15
46,5560,1454.24062400343,91,45
23,9174,972.676468318093,30,7
12,2265,156.719524911036,88,76
48,3817,1075.32278479786,68,20
29,1301,175.155656756898,73,44
18,8930,777.728624840763,74,56
61,2045,898.819950471223,89,28
47,8924,2422.79384997016,79,32
86,2324,1819.47718428824,88,2
15,6898,534.953223271778,71,56
49,7078,2068.46226789924,82,33
8,5839,348.934262820444,9,1
97,7405,6821.4996630137,97,0
7,5322,307.135667687208,55,48
93,9084,7813.64071092931,95,2
43,4169,973.422638477257,75,32
53,5585,1883.08912899787,81,28
32,6984,1059.68777271361,53,21
69,4318,2389.05319864253,77,8
64,6055,2914.36685013187,94,30
92,1246,1057.60213589215,97,5
38,7785,1497.60072544207,86,48
18,3807,331.557992695273,50,32
99,3598,3426.66666666667,99,0
60,6440,2743.0289027954,78,18
40,1285,267.264181370963,66,26
79,5141,3574.39044207791,92,13
37,5324,984.744464925872,81,44
92,9759,8283.41833400604,93,1
29,2291,308.440899023869,81,52
52,6663,2168.89524045017,84,32
46,1293,338.189411301518,63,17
59,5775,2382.49468792418,59,0
63,3831,1789.95191414818,63,0
76,8898,5819.29620195595,79,3
71,5761,3354.91429228383,80,9
60,9585,4082.59814181583,75,15
17,6341,531.188346684278,80,63
92,5316,4512.20943371002,97,5
25,5287,606.860227191113,74,49
38,5460,1050.34039318095,85,47
78,6481,4418.19637288801,80,2
87,2607,2070.72743169258,87,0
16,3666,295.453472686273,67,51
65,2281,1130.31388540369,87,22
9,1253,77.5997159010625,68,59
26,7767,927.755752635355,73,47
34,1426,234.269091222786,60,26
1,3741,181.187026870841,70,69
82,6387,4691.22461925948,88,6
69,7514,4157.32879448818,72,3
55,7602,2746.49057936984,67,12
71,8564,4987.23936801228,74,3
61,9341,4105.56340212797,82,21
86,7904,6188.10140473936,97,11
82,4621,3394.10505176109,90,8
93,6265,5388.86603412287,94,1
23,2290,242.798028389845,88,65
54,4661,1627.12532688434,71,17
32,3781,573.694081991716,58,26
28,4130,534.282181265149,79,51
63,7847,3666.34107813124,91,28
33,2853,450.447890659493,89,56
7,2042,117.844989368147,63,56
12,3374,233.4532790507,84,72
47,5035,1366.96179231284,81,34
38,4989,959.734106516439,58,20
62,3496,1584.70417811029,76,14
97,6303,5806.33522970633,98,1
78,2596,1769.73272396502,80,2
60,5552,2364.79758824846,77,17
75,7353,4705.11605216869,81,6
28,7318,946.701453389433,84,56
45,8788,2213.80458013076,75,30
67,2167,1136.10340058867,69,2
38,3740,719.463932325412,85,47
48,5284,1488.60508118205,73,25
57,6206,2398.26481521293,86,29
66,1958,998.308536496073,74,8
65,7298,3616.40979205443,84,19
33,5685,897.580181703196,81,48
28,2155,278.784043735205,76,48
11,4461,297.32798547395,76,65
3,6122,311.622193706384,64,61
33,9636,1521.38656655972,74,41
44,5451,1322.19248306824,86,42
59,7818,3225.34086063917,83,24
21,3596,352.288220841493,89,68
50,8628,2614.67016278735,75,25
95,5537,4908.29783039327,95,0
84,5464,4148.73047096026,93,9
45,9433,2376.28796135338,68,23
87,9495,7541.83236053742,88,1
12,4909,339.66275840542,88,76
33,5651,892.212068039535,85,52
29,3722,501.098658300672,75,46
71,2187,1273.59790960332,81,10
73,4787,2926.24617398766,84,11
38,3629,698.110858398107,78,40
61,2174,955.51812827601,73,12
58,2535,1012.44485971147,80,22
94,2510,2189.81745365673,97,3
40,4652,967.558732869822,85,45
37,2220,410.618465840615,92,55
94,6951,6064.31120333385,95,1
73,8994,5497.94403360038,80,7
70,1018,578.036849418571,82,12
81,1139,821.994121999365,86,5
93,4608,3963.59053236044,93,0
74,2850,1783.08871070138,90,16
31,2049,298.756904392769,65,34
13,9209,661.696105088694,62,49
52,6093,1983.35264896636,75,23
85,5978,4610.4791631864,94,9
46,2902,759.029908427691,83,37
91,4595,3850.10144941745,91,0
32,3604,546.837733800091,72,40
18,6692,582.817464438341,49,31
73,7306,4466.08618072986,74,1
55,1360,491.347959476846,73,18
42,7166,1610.25846579672,72,30
64,5617,2703.5505527978,86,22
38,4580,881.054762045558,87,49
41,6296,1361.24616214429,89,48
17,5285,442.726764268477,76,59
50,5469,1657.3517756472,68,18
55,3378,1220.42162287705,62,7
53,6830,2302.86459284789,91,38
79,7159,4977.44819584434,79,0
18,4242,369.442869717191,70,52
95,7061,6259.25428578777,99,4
64,7621,3668.10731046325,91,27
44,6158,1493.68213368817,73,29
76,3454,2258.91763110315,88,12
44,4291,1040.82332504968,61,17
82,3951,2901.99287156634,91,9
83,9179,6857.03016708894,91,8
14,6624,494.420834686674,25,11
44,2365,573.653498891282,76,32
12,3776,261.268400028288,86,74
65,3911,1938.03489952383,84,19
51,4979,1564.08650470332,90,39
20,5166,486.567068452025,86,66
22,2831,288.515976310712,47,25
88,2177,1753.4198591036,92,4
89,3617,2952.74553886036,95,6
91,6400,5362.49168145194,97,6
64,4834,2326.68032263211,66,2
67,2952,1547.65908561963,67,0
62,8086,3665.30834788324,88,26
38,3699,711.576760874786,89,51
13,8770,630.152550942322,89,76
59,9588,3955.5600117432,62,3
59,6282,2591.65915663025,61,2
39,4917,983.619609352543,92,53
20,2417,227.64858777556,66,46
94,3913,3413.84689089992,95,1
56,5299,1980.4386944239,82,26
12,9146,632.828598161738,77,65
63,2214,1034.44362775361,94,31
93,1297,1115.61999142177,97,4
79,1479,1028.3064508526,86,7
49,5401,1578.37873819211,78,29
65,2160,1070.3542273003,82,17
84,9792,7434.91375762131,89,5
44,5284,1281.68502669832,55,11
89,9694,7913.71723906892,95,6
63,2198,1026.96797371384,87,24
93,9124,7848.04687874494,96,3
8,6425,383.953183528233,71,63
89,5584,4558.51011584082,91,2
61,5066,2226.61216092284,84,23
21,1303,127.65059837499,79,58
88,4401,3544.69490120117,94,6
54,1165,406.694058318012,82,28
90,3723,3079.42072822394,90,0
86,7747,6065.18491681628,90,4
68,8003,4311.65139877708,83,15
45,9631,2426.16658070544,79,34
97,5680,5232.42648020497,97,0
64,4908,2362.29768793513,81,17
0,3911,252.776429229755,79,79
40,7590,1578.62656545184,76,36
6,5800,323.622735329382,85,79
3,6726,342.367016476501,86,83
66,4979,2538.59969520631,77,11
31,2317,337.8329660703,50,19
77,9343,6240.65289050518,91,14
21,6476,634.432290925892,77,56
82,1245,914.447260212628,87,5
82,4324,3175.95980173446,92,10
62,6374,2889.27472290475,79,17
13,2211,158.867421908036,66,53
10,9510,610.848939810017,70,60
97,3648,3360.54433094854,98,1
89,1857,1515.96584618847,89,0
99,6978,6645.71428571429,99,0
32,6088,923.736993167302,75,43
38,4823,927.800680643172,79,41
50,6914,2095.25144941026,71,21
12,6128,424.007615300146,87,75
99,8786,8367.61904761905,99,0
77,4257,2843.46134591465,91,14
89,5866,4788.72140750756,89,0
60,7452,3174.07630180611,79,19
98,7879,7387.67828181574,99,1
75,5655,3618.58170474826,89,14
34,6063,996.054347884819,82,48
67,4647,2436.30480043172,72,5
73,5170,3160.37031951456,90,17
26,1745,208.437464703064,54,28
76,7108,4648.63535665351,81,5
19,2332,211.195432931138,88,69
85,5590,4311.23762499364,91,6
22,3664,373.40958573029,84,62
30,6593,923.730201429352,33,3
51,1517,476.545335937927,84,33
90,4875,4032.27935806922,94,4
86,9516,7450.14840175858,90,4
37,4655,861.004035354984,62,25
65,4235,2098.58803361887,70,5
86,1014,793.868272318537,91,5
68,9303,5012.03210831229,69,1
70,4115,2336.56349249255,75,5
71,4039,2352.10880516133,75,4
8,8266,493.969963431031,80,72
35,8779,1500.5334864956,83,48
68,4329,2332.26776275222,78,10
13,1119,80.4037291339177,55,42
3,7632,388.484250631676,72,69
91,8719,7305.55702665305,95,4
39,2020,404.090219827565,85,46
97,4194,3863.5205383767,97,0
14,2213,165.180149028021,82,68
52,6525,2123.97440251198,86,34
70,9758,5540.75007527153,76,6
13,7234,519.786038029277,84,71
38,8682,1670.15664717894,87,49
27,1966,244.390849945574,74,47
70,1001,568.383974722976,72,2
55,2997,1082.77193717067,86,31
97,4949,4559.02793143211,97,0
67,4099,2149.00223304705,85,18
20,5145,484.589153539618,82,62
31,3332,485.826259363936,77,46
12,5177,358.206172390479,90,78
44,1029,249.593847931979,86,42
56,5415,2023.79232502461,60,4
65,7673,3802.23517873851,76,11
76,1339,875.706632324008,91,15
68,7690,4143.02127409669,89,21
2,9700,480.934658602217,80,78
37,8109,1499.86717995565,78,41
72,8046,4802.24272767215,94,22
69,4536,2509.66774178844,75,6
70,3299,1873.22550710399,90,20
40,8461,1759.7838432527,75,35
58,2709,1081.93811635439,72,14
85,8736,6737.56205580401,88,3
35,4889,835.642808460755,76,41
96,6079,5492.99198308496,97,1
0,5755,371.958156537265,0,0
28,3985,515.524090155355,79,51
59,4694,1936.52468660019,87,28
46,5928,1550.49252141949,80,34
61,3264,1434.59575468854,85,24
84,3313,2515.50952604161,89,5
25,1703,195.476256271319,81,56
50,9202,2788.61785326486,86,36
5,5693,307.543321848136,63,58
71,5171,3011.32820784581,85,14
39,2145,429.095802737686,89,50
43,6789,1585.16821602833,45,2
56,3097,1157.46718940004,84,28
74,2680,1676.72903322095,88,14
27,8876,1103.36377625479,66,39
9,7721,478.170316418279,89,80
65,1694,839.435213447548,87,22
19,5489,497.106231286027,72,53
1,3154,152.756985498699,57,56
48,5402,1521.84796528112,66,18
86,1621,1269.09316511671,89,3
96,9381,8476.683302076,98,2
14,5386,402.015491488893,82,68
86,1443,1129.73561829946,96,10
78,2384,1625.20909627604,91,13
66,6673,3402.30483352313,82,16
94,2113,1843.45987234131,97,3
44,1433,347.58793400051,85,41
67,3190,1672.43647802393,82,15
23,8976,951.683451016264,87,64
97,4343,4000.77961329757,98,1
80,9540,6760.04008921463,80,0
22,6882,701.365930402799,82,60
4,3514,184.083770037834,87,83
39,2234,446.899777769693,65,26
41,8666,1873.65934579772,79,38
33,5772,911.316237254326,73,40
1,5110,247.49150155306,74,73
27,1631,202.747444690351,83,56
0,2016,130.298461091073,86,86
3,8581,436.790271838366,89,86
91,9451,7918.89201271911,92,1
93,7913,6806.40014812678,94,1
66,9550,4869.17595686287,84,18
57,3941,1522.97158181666,72,15
51,2140,672.252484447702,61,10
31,8031,1170.96959452334,78,47
42,1936,435.034941359538,81,39
71,2806,1634.07212361542,76,5
37,7060,1305.84070668232,79,42
17,1559,130.598112676359,80,63
20,3152,296.875609709791,74,54
89,8802,7185.53116755567,92,3
92,5919,5024.03454441867,98,6
47,3529,958.094968236745,89,42
75,2029,1298.33815719438,93,18
95,8493,7528.65693941305,96,1
50,5602,1697.65672831882,54,4
76,3204,2095.41751304415,81,5
64,8956,4310.66383315954,82,18
7,5168,298.248239497837,77,70
99,8847,8425.71428571428,99,0
5,3244,175.245131929624,76,71
10,5572,357.902238971758,68,58
83,3769,2815.57323235191,85,2
69,3058,1691.92327036796,89,20
21,3793,371.587658968794,28,7
19,2691,243.707937400383,80,61
29,9513,1280.75000978353,51,22
81,2528,1824.40837613204,83,2
18,5184,451.483224095691,59,41
48,7124,2006.96869764211,75,27
14,3280,244.821910895575,80,66
14,4721,352.379341871345,75,61
30,5539,776.056663994718,55,25
38,5648,1086.5059598326,79,41
76,4900,3204.60231395641,82,6
85,4202,3240.75500898448,97,12
23,8011,849.368998004823,81,58
85,2656,2048.41630268034,85,0
51,4237,1330.99709187146,93,42
88,8660,6975.01882399503,93,5
54,2949,1029.47706264362,69,15
99,7924,7546.66666666667,99,0
37,9136,1689.82446122516,84,47
57,5611,2168.33127266513,89,32
14,2636,196.753218634371,67,53
58,9570,3822.12911536046,93,35
38,5419,1042.45322173032,76,38
23,7748,821.484333608959,90,67
57,9582,3702.89614234134,91,34
17,4859,407.040557725738,61,44
35,1541,263.392425411746,47,12
16,6924,558.025053158688,88,72
39,5509,1102.04605001488,50,11
79,1572,1092.9666942125,87,8
76,1250,817.500590295004,83,7
39,2318,463.703529485295,85,46
98,2895,2714.47247440748,99,1
82,3300,2423.83611140697,97,15
12,3842,265.835061681325,76,64
8,3812,227.802262351693,48,40
64,4491,2161.58902129516,79,15
65,8429,4176.85915829362,84,19
59,8124,3351.5821376097,71,12
39,9084,1817.20572124436,70,31
2,1455,72.1401987903325,86,84
68,9333,5028.19474007079,71,3
66,2122,1081.92579900136,94,28
50,4444,1346.73089979451,90,40
61,7483,3288.93383343578,63,2
17,6064,507.983935387709,86,69
38,1869,359.539596127325,45,7
38,9600,1846.75233965881,64,26
86,6794,5319.07400604747,87,1
79,3568,2480.72847643143,91,12
45,7744,1950.80822354718,84,39
33,2828,446.500748259743,78,45
26,2215,264.578214508473,66,40
45,8413,2119.33749802459,75,30
8,7240,432.656972567223,69,61
10,6667,428.236580621807,53,43
90,5918,4894.98035713921,91,1
17,8413,704.760694000131,72,55
82,6705,4924.79428090415,86,4
65,6757,3348.32570086487,89,24
31,1786,260.409873716684,72,41
6,8061,449.779805084508,42,36
47,6027,1636.28177204955,61,14
37,6293,1163.97387636711,80,43
9,1301,80.5724105245669,74,65
55,6994,2526.82913866255,84,29
1,7937,384.410968263529,79,78
64,1793,862.999134977116,88,24
71,4086,2379.47922205724,74,3
14,5213,389.102628505681,59,45
56,7135,2666.62202013862,84,28
15,1516,117.5687281067,74,59
59,1985,818.918087537574,69,10
96,8351,7545.97401723022,97,1
13,4500,323.339393299937,68,55
18,4703,409.592130193293,82,64
72,5180,3091.67503471809,82,10
73,3645,2228.15276878734,92,19
77,7889,5269.45420669971,86,9
13,7569,543.856859530494,68,55
36,5639,1002.70811544399,89,53
90,7320,6054.62254380855,90,0
9,3776,233.851977049012,75,66
83,3572,2668.40742530141,86,3
63,1508,704.580393248619,86,23
74,1453,909.062419876879,80,6
28,5359,693.273174188845,76,48
9,8887,550.38202331424,55,46
27,6447,801.418010986324,39,12
43,8973,2095.11185777319,76,33
51,9798,3077.91114141055,82,31
55,3955,1428.88322039039,75,20
47,5697,1546.68944008068,85,38
25,6726,772.033646318787,49,24
84,2566,1948.32400960542,87,3
55,3167,1144.19043210527,69,14
70,5180,2941.28770136365,92,22
35,1341,229.207814715867,81,46
23,6927,734.437529544303,73,50
3,7426,377.998433594186,86,83
61,1831,804.762508221423,76,15
69,5127,2836.65487481247,80,11
1,9993,483.98876223478,71,70
48,6639,1870.3348096078,76,28
23,3332,353.276432574219,80,57
96,5344,4828.84506622899,97,1
50,4372,1324.91167729559,77,27
63,6150,2873.4545215378,92,29
34,2634,432.72425405387,77,43
73,4296,2626.10268716335,92,19
53,3458,1165.93056545652,89,36
67,8007,4197.86798731586,80,13
79,5502,3825.38342974376,87,8
61,3519,1546.67354802359,88,27
1,9357,453.185514683362,62,61
27,4919,611.474359553549,91,64
18,2813,244.988871408406,52,34
73,8912,5447.81823743013,90,17
47,1871,507.961373071961,86,39
34,8917,1464.92109848077,76,42
94,2309,2014.45756991769,94,0
16,6736,542.873593020931,79,63
2,4177,207.09938855479,59,57
97,1564,1440.75968574658,98,1
62,2664,1207.56634167214,94,32
20,4516,425.345892591821,21,1
94,1245,1086.18435450304,95,1
76,9857,6446.48265483028,79,3
62,2909,1318.62255552713,74,12
58,1940,774.809872915286,58,0
36,3916,696.330019520957,61,25
31,9296,1355.4144378893,67,36
63,4201,1962.82641381794,69,6
13,8425,605.363197455994,31,18
37,6640,1228.15613206382,87,50
11,8046,536.270112334321,67,56
37,1624,300.380355191513,64,27
30,7646,1071.26363114346,76,46
73,8223,5026.63929156058,81,8
28,7487,968.564331993261,88,60
80,5827,4129.00981130542,89,9
77,2381,1590.38794094968,91,14
18,9653,840.695903201331,74,56
29,7003,942.824799591511,62,33
94,6423,5603.66434455665,94,0
42,8223,1847.7749601237,77,35
33,8862,1399.18303786345,87,54
22,2440,248.667955562748,79,57
31,8488,1237.60302805555,66,35
17,2073,173.656117753747,65,48
73,2271,1388.24003783705,81,8
81,3912,2823.21422762205,81,0
44,8679,2105.17493314056,81,37
95,7878,6983.48750367315,97,2
39,2979,595.933051914018,64,25
35,3654,624.552837413704,86,51
65,9525,4719.96482177562,65,0
55,1921,694.028992761045,72,17
9,4315,267.232860425447,82,73
41,7389,1597.5616092891,87,46
25,1131,129.820109126754,52,27
24,5894,650.181314247779,78,54
73,5612,3430.56058667615,76,3
58,3488,1393.06022511779,81,23
64,8730,4201.88647426114,72,8
75,8192,5241.98431923921,82,7
31,8416,1227.10498163472,85,54
91,7449,6241.43758361493,95,4
3,4786,243.617089036059,74,71
16,8038,647.805513762209,68,52
90,8843,7314.34797198074,98,8
25,3386,388.656843062059,60,35
90,1392,1151.37084439638,92,2
52,6336,2062.45238533577,86,34
20,2716,255.810328671254,55,35
82,3285,2412.81867453693,82,0
54,6884,2403.16042700531,78,24
14,3525,263.108913386251,42,28
58,5035,2010.91119078787,83,25
31,7496,1092.96327736857,77,46
89,1538,1255.54952689169,97,8
23,5531,586.426155032415,72,49
66,5039,2569.19137661068,74,8
96,5196,4695.11208161037,96,0
99,2463,2345.71428571429,99,0
11,1762,117.438222462475,62,51
67,9070,4755.17205507117,79,12
95,9351,8289.23478634775,98,3
63,1061,495.729308512457,81,18
57,1704,658.49875042263,77,20
55,8152,2945.19747474651,64,9
70,9570,5434.00063746142,82,12
35,5399,922.813565735246,51,16
41,9059,1958.62912688456,89,48
82,3275,2405.47371662358,90,8
29,1793,241.394383216847,78,49
38,4221,811.993919343734,67,29
90,8261,6832.95585169433,93,3
4,3842,201.266318863221,7,3
96,6532,5902.32334816762,97,1
71,1390,809.46552096416,73,2
53,3664,1235.38738919395,63,10
67,1645,862.431976912026,81,14
14,1007,75.1633122780013,50,36
47,9695,2632.11411647924,82,35
22,6346,646.740510656228,74,52
78,1990,1356.61329764653,78,0
66,7126,3633.27202812616,67,1
57,8437,3260.41898903505,75,18
31,8651,1261.3694387027,51,20
25,7670,880.389245802125,79,54
80,5481,3883.83435314312,85,5
29,6031,811.962925365758,79,50
71,8887,5175.3381905097,91,20
98,6249,5859.32244993864,98,0
32,9517,1444.02184033726,51,19
93,4847,4169.16738505883,96,3
85,1263,974.077481282104,85,0
1,4811,233.01010058156,90,89
64,7868,3786.99230005574,72,8
75,5709,3653.13580060262,75,0
20,5756,542.137058848211,86,66
86,2772,2170.21977403056,96,10
29,8182,1101.55540629127,78,49
1,8664,419.621598719317,71,70
61,3622,1591.94418611578,75,14
31,7787,1135.39288165275,80,49
93,3491,3002.79829610901,94,1
5,4952,267.513530615136,84,79
8,3828,228.758410357366,77,69
5,5457,294.794292521566,78,73
27,1628,202.37451867314,58,31
53,7475,2520.33862833645,83,30
20,1256,118.298149046795,77,57
80,8126,5758.08026886353,84,4
72,4858,2899.48982985724,79,7
63,5604,2618.34782743055,88,25
78,6221,4240.95041440153,80,2
49,5159,1507.65708393503,67,18
76,2583,1689.2832197856,87,11
29,7916,1065.74341190438,86,57
95,8527,7558.79638789298,97,2
84,9170,6962.63880283777,84,0
55,7176,2592.58305676901,90,35
15,4379,339.599907901872,73,58
92,7251,6154.63329643179,93,1
81,2599,1875.6476936579,92,11
82,5667,4162.38764949796,82,0
64,3205,1542.61697021844,87,23
27,8703,1081.85837592896,77,50
47,4286,1163.61434793502,87,40
25,5003,574.261720566888,43,18
42,9974,2241.23889727275,84,42
15,1810,140.368995958527,65,50
83,1774,1325.23929800804,85,2
14,8306,619.966704847149,75,61
64,2723,1310.6227800015,91,27
16,3397,273.773989829587,54,38
74,7832,4900.05290603972,93,19
57,9131,3528.61038151938,70,13
54,4516,1576.50675310227,85,31
76,5102,3336.71040934809,77,1
9,5343,330.898070278832,74,65
70,2766,1570.57949458916,85,15
19,8854,801.854358135632,91,72
56,1192,445.495928241798,72,16
29,8793,1183.81528813482,71,42
65,7306,3620.37406697036,77,12
46,9519,2489.73318343322,75,29
82,5379,3950.85286159335,85,3
71,5406,3148.18029232536,87,16
76,2031,1328.27495911132,81,5
70,4693,2664.76123214278,76,6
99,6501,6191.42857142857,99,0
89,9387,7663.09714494945,91,2
83,2606,1946.77204656649,89,6
53,1442,486.197766162029,86,33
50,6838,2072.22004788363,64,14
71,9711,5655.19401013162,77,6
67,9779,5126.88285849404,87,20
39,6715,1343.29991393173,83,44
16,4683,377.416424601695,77,61
96,1427,1289.43898007275,97,1
7,3834,221.262335571731,78,71
67,4401,2307.33320996342,92,25
97,1795,1653.55731196618,98,1
69,9450,5228.47446205926,74,5
1,6297,304.981210426539,88,87
97,2405,2215.49043748115,98,1
12,1472,101.850393231367,51,39
62,5134,2327.19429359789,82,20
73,6526,3989.27982691528,88,15
71,9027,5256.86709190178,81,10
58,3203,1279.23506337508,89,31
32,7844,1190.17624415314,74,42
3,2614,133.057891922327,48,45
1,6805,329.585062244339,79,78
65,3418,1693.73645782982,94,29
72,4044,2413.65518154439,85,13
70,1116,633.682832957883,70,0
79,4949,3440.89832675425,93,14
43,3443,803.908405919212,83,40
96,3631,3280.97612939324,97,1
57,4550,1758.31532536559,88,31
13,8482,609.458829771126,70,57
31,6237,909.393271204343,67,36
48,5590,1574.81120435421,86,38
96,3224,2913.21042169204,99,3
87,9319,7402.03641578181,88,1
8,6261,374.152666470081,58,50
9,4083,252.864836411842,77,68
25,3839,440.653756797179,49,24
98,8720,8176.23487973515,98,0
11,2998,199.818269547389,72,61
17,9726,814.751278954627,78,61
36,1422,252.855282880184,70,34
73,3896,2381.58660828409,91,18
27,9689,1204.42672691895,27,0
6,6194,345.606762522447,74,68
0,2475,159.96462857163,82,82
40,6979,1451.54608699452,81,41
82,3888,2855.71963671221,83,1
92,5926,5029.97612945177,92,0
60,8507,3623.43895591312,87,27
61,7396,3250.69552747441,79,18
29,4281,576.357699136265,56,27
88,5540,4462.07901673585,97,9
0,9504,614.264173715059,85,85
83,1059,791.109592215621,89,6
10,6762,434.338646792359,67,57
2,4719,233.972232365347,67,65
60,5921,2521.96803314465,91,31
12,7429,514.026203339553,90,78
61,7111,3125.43211139407,94,33
50,6193,1876.75617966413,84,34
58,8728,3485.84565505393,93,35
82,7043,5173.05385837553,82,0
54,7095,2476.81917919853,90,36
47,9396,2550.93803387715,76,29
66,7168,3654.68620510922,73,7
78,9381,6395.17052523722,88,10
10,6614,424.832270021394,89,79
56,7527,2813.12739251344,89,33
3,2226,113.307906434239,79,76
89,2833,2312.72549394288,89,0
93,3727,3205.79468622122,95,2
67,1735,909.616705132136,80,13
47,6481,1759.5391014855,92,45
59,4250,1753.35106903511,83,24
98,4766,4468.79993541488,99,1
31,1794,261.576323318998,84,53
68,1014,546.296953437456,74,6
60,1990,847.61296841038,86,26
23,1537,162.960947438948,84,61
29,3618,487.096976284748,75,46
90,6838,5655.94384625176,91,1
95,1962,1739.22346816536,96,1
91,6129,5135.42367431546,94,3
46,5130,1341.77237430533,60,14
76,2925,1912.95138129031,86,10
49,5872,1716.02294957676,78,29
50,5554,1683.1105799862,58,8
59,3994,1647.73745170029,76,17
79,1704,1184.74252349752,82,3
40,4156,864.396838737528,85,45
20,7741,729.097111282835,80,60
12,3551,245.700235302026,68,56
95,5525,4897.66037798859,95,0
97,6778,6243.90610613192,97,0
37,1580,292.241971183861,91,54
77,5633,3762.55996277595,84,7
75,3651,2336.24081415312,77,2
67,9691,5080.74667978993,81,14
83,8591,6417.77384959811,92,9
95,9443,8370.78858811697,96,1
84,4421,3356.79674453062,85,1
16,5519,444.792066490872,84,68
24,4623,509.974247670085,70,46
99,5280,5028.57142857143,99,0
20,5224,492.029881067243,80,60
19,3626,328.385351547301,86,67
39,8153,1630.96413972977,90,51
72,2818,1681.91896676363,74,2
61,3278,1440.74904530302,75,14
0,1900,122.801129004484,81,81
26,4434,529.634222632312,74,48
39,9225,1845.41201876697,78,39
88,1651,1329.76398134132,91,3
84,2492,1892.13695710706,87,3
89,6915,5645.07475842393,95,6
30,4022,563.513251956447,80,50
0,7930,512.533133160818,73,73
75,5488,3511.71996386533,76,1
0,3095,200.036575930988,61,61
46,3664,958.3341090555,70,24
87,6635,5270.14825825864,91,4
79,5929,4122.26433205212,88,9
92,6461,5484.08298555313,92,0
32,3310,502.22888426146,90,58
10,2703,173.619840621081,71,61
30,5935,831.539321323101,53,23
8,2246,134.219276296407,77,69
30,9913,1388.88783357639,64,34
30,2554,357.835118223959,60,30
20,4312,406.131862014156,73,53
7,1471,84.892252380286,61,54
61,5236,2301.33068981287,64,3
5,9817,530.327207198867,74,69
86,9455,7402.39104020884,93,7
42,4470,1004.44534497786,73,31
83,9081,6783.82078084047,89,6
73,7461,4560.83616129558,89,16
55,6943,2508.40359018216,69,14
98,5023,4709.77383037955,98,0
73,6280,3838.90243840453,81,8
13,7369,529.486219828275,82,69
11,1884,125.569586333316,75,64
49,7294,2131.58572789729,84,35
47,7850,2131.21153319877,88,41
70,4049,2299.0876260273,84,14
65,2589,1282.93846966688,67,2
26,8925,1066.07700428358,54,28
3,6328,322.108010743874,83,80
92,9327,7916.73765767746,96,4
34,2898,476.095249904372,79,45
50,1265,383.351617515763,54,4
11,1231,82.0467944672569,29,18
13,8645,621.170901128435,67,54
91,5541,4642.74475108206,91,0
46,9537,2494.44115667639,82,36
2,2703,134.017152804308,73,71
81,4687,3382.51663723531,83,2
1,1955,94.6860832751921,80,79
13,3692,265.282008902971,77,64
1,5353,259.260666891101,57,56
51,9080,2852.3610087781,85,34
52,8166,2658.14175799431,73,21
22,7242,738.054645157958,79,57
2,3357,166.443056590479,79,77
71,9649,5619.08835380085,72,1
20,4526,426.287756835824,66,46
81,1203,868.181675825492,83,2
65,8995,4457.33160859545,83,18
89,5867,4789.53775960567,90,1
8,6325,377.977258492774,72,64
57,7692,2972.51900718948,82,25
38,7457,1434.50335383706,83,45
9,8501,526.476604050225,38,29
5,5762,311.270792286836,21,16
83,3904,2916.42289708195,83,0
62,1218,552.108034593345,69,7
32,2561,388.582529484471,81,49
33,6949,1097.14770143457,62,29
93,1760,1513.87138388767,97,4
74,3408,2132.19871090186,76,2
66,8925,4550.51260890064,78,12
41,3850,832.401163318858,75,34
21,3317,324.955514052067,63,42
0,4917,317.796395428971,77,77
76,8305,5431.47392192,76,0
35,5819,994.601248196592,67,32
95,5927,5254.01503354541,99,4
87,6577,5224.07914010054,89,2
69,2603,1440.18190737992,82,13
92,6349,5389.0176250235,93,1
33,3784,597.43947362619,58,25
86,7866,6158.35091721658,90,4
4,8669,454.132670022191,53,49
81,3337,2408.24792371543,85,4
90,2182,1804.80688396042,90,0
53,5738,1934.67599323004,77,24
20,7480,704.514454514353,64,44
96,5321,4808.06223753826,98,2
38,6593,1268.29564326777,70,32
84,5174,3928.53796792613,89,5
75,9156,5858.83891930593,82,7
86,1318,1031.87217250082,89,3
63,6426,3002.40955372389,84,21
78,5751,3920.54425867597,87,9
90,1262,1043.84339484787,92,2
86,8035,6290.66229593633,90,4
27,7812,971.099348817305,75,48
64,1528,735.450461932534,68,4
14,6650,496.36149617548,65,51
95,7129,6319.53318274763,96,1
61,7154,3144.33150399566,66,5
86,3440,2693.20202837847,86,0
31,4640,676.540769342336,87,56
50,2292,694.578582882315,50,0
73,8605,5260.15214689029,86,13
15,7126,552.635063646664,61,46
86,3689,2888.14601240935,89,3
23,5908,626.397708177817,60,37
12,3928,271.785560198918,82,70
5,2458,132.784381714863,67,62
57,1741,672.797138782745,79,22
50,1084,328.500516511531,77,27
0,1434,92.6825363118049,72,72
47,3109,844.068363912734,75,28
13,3585,257.593716662283,37,24
34,2424,398.224598263698,86,52
88,2494,2008.74098695654,92,4
13,6354,456.555223339511,76,63
56,7781,2908.0568940012,93,37
25,3871,444.326827966105,86,61
23,1215,128.820787988498,44,21
72,1101,657.130156993169,78,6
78,4060,2767.76381328889,85,7
71,1490,867.700450529927,82,11
45,9553,2406.51742762735,76,31
87,8871,7046.19219276751,87,0
53,1644,554.305913710385,74,21
43,8375,1955.48443205733,72,29
14,9063,676.469810502012,76,62
29,3898,524.793812481467,34,5
92,2379,2019.2901133928,94,2
96,4004,3618.01939468205,96,0
18,9483,825.890319077823,67,49
28,4200,543.337811456083,41,13
84,3555,2699.25637340112,95,11
37,6345,1173.59196655797,87,50
65,5924,2935.54557524396,89,24
14,6950,518.753744123246,82,68
62,5480,2484.03286500126,86,24
40,2035,423.254948708101,75,35
85,4722,3641.80036944901,98,13
50,5999,1817.96549681981,75,25
55,6850,2474.80406060029,64,9
40,3537,735.652458761943,74,34
77,4823,3221.520806048,78,1
6,7191,401.236394785101,69,63
14,3638,271.543326779909,74,60
72,4287,2558.68935788349,86,14
11,6439,429.162721019226,79,68
27,1016,126.297611162107,76,49
71,2242,1305.62712086449,96,25
7,9618,555.06028782705,64,57
44,2619,635.263642112587,91,47
88,3005,2420.31542333777,88,0
56,8621,3221.99697766153,76,20
45,2668,672.101800158042,85,40
14,2812,209.89000409706,43,29
95,5120,4538.64635933061,97,2
16,3857,310.84671144325,88,72
19,5860,530.70550470689,64,45
39,7674,1535.14274601818,75,36
92,2953,2506.50008610717,92,0
90,4599,3803.99031133546,90,0
78,5946,4053.47872754083,86,8
65,2188,1084.22918950604,79,14
68,5296,2853.24325976802,74,6
47,6444,1749.49390062839,49,2
29,5531,744.647146443046,77,48
58,2339,934.16509935508,87,29
90,9460,7824.68979022253,91,1
64,8844,4256.75646945768,84,20
1,1156,55.988292719244,76,75
13,8844,635.469687632143,68,55
32,1920,291.323099027796,70,38
94,2308,2013.58513268516,98,4
49,6724,1965.0099306802,79,30
96,8337,7533.3235997663,97,1
48,2963,834.734454114762,84,36
47,1713,465.065650492928,87,40
61,5571,2448.57014380205,74,13
68,1929,1039.25722207185,75,7
51,7894,2479.79491225708,69,18
17,3958,331.563393183468,49,32
98,7643,7166.39486075868,98,0
78,1616,1101.65180351597,81,3
86,5798,4539.29806992394,98,12
4,2719,142.437043464106,27,23
63,9996,4670.41486134828,83,20
95,7301,6472.0033338814,99,4
51,2635,827.750138560605,79,28
61,5511,2422.19889831145,72,11
11,2210,147.29765700458,85,74
31,7168,1045.13884367368,72,41
23,9007,954.970236553419,80,57
0,2936,189.760060398507,73,73
95,4346,3852.53067922867,97,2
22,3651,372.084715475242,55,33
82,4932,3622.53324286641,89,7
34,5244,861.505690303149,82,48
70,1018,578.036849418571,85,15
43,8415,1964.82405919552,82,39
27,5175,643.297379688883,87,60
24,9317,1027.78067608527,79,55
94,7312,6379.2610442781,98,4
81,7184,5184.55291698282,81,0
1,3775,182.833741362583,71,70
67,4722,2475.62540728181,86,19
17,3067,256.923933020136,75,58
18,6629,577.330689145512,75,57
20,3728,351.126990164373,73,53
24,1477,162.931421978957,82,58
68,3946,2125.92483063531,74,6
86,5761,4510.33048996754,88,2
53,5227,1762.38261007554,79,26
2,4239,210.173403898433,74,72
71,6197,3608.81858519058,71,0
0,4760,307.649144242811,73,73
80,4609,3265.93551060694,81,1
94,1490,1299.93147647352,96,2
46,6585,1722.33354479543,75,29
32,4234,642.428125668587,78,46
11,4915,327.587323157244,74,63
19,6909,625.707223894182,76,57
34,1788,293.739926442035,74,40
21,2330,228.262390033559,78,57
12,5588,386.644019957117,65,53
58,2860,1142.2454827514,77,19
99,3152,3001.90476190476,99,0
17,7252,607.503215605486,66,49
23,1960,207.809666220129,78,55
44,2580,625.803816972308,88,44
9,2027,125.534416705071,60,51
40,1275,265.184304473135,76,36
78,3269,2228.52707035502,91,13
0,3683,238.040293749217,61,61
86,9611,7524.52462056554,97,11
98,6754,6332.83146533614,98,0
85,6885,5309.99482076587,93,8
78,5048,3441.29845553752,85,7
81,4565,3294.47161275426,81,0
84,7770,5899.64051232819,87,3
33,2694,425.344064997082,62,29
14,8435,629.595371464688,89,75
98,5329,4996.692164462,98,0
60,2406,1024.802413063,94,34
60,5407,2303.03684431906,88,28
66,5488,2798.11912578675,85,19
81,2485,1793.37611340511,89,8
90,4381,3623.67504978487,93,3
7,6581,379.793278663945,85,78
31,7468,1088.88070376047,85,54
74,6118,3827.6970989723,81,7
98,7379,6918.85747449147,98,0
6,9845,549.321694709959,72,66
6,5447,303.926386092956,70,64
68,5055,2723.40345130803,80,12
51,5932,1863.45875595503,76,25
20,3947,371.753817108042,21,1
40,8704,1810.32485186993,76,36
87,9343,7421.09949915757,87,0
59,9306,3839.22001139782,80,21
84,4105,3116.86284467274,90,6
32,7080,1074.253927665,73,41
30,5289,741.029733863164,83,53
88,2580,2078.00791754124,91,3
58,8296,3313.31067304392,83,25
65,9994,4952.37043872184,93,28
5,3814,206.037279031932,87,82
19,7119,644.7256805475,82,63
6,3727,207.955505960794,68,62
35,5045,862.306804803541,90,55
0,5815,375.83608692688,79,79
24,6580,725.855623982081,81,57
42,4010,901.079604778796,81,39
30,4379,613.531708184306,57,27
0,8921,576.58361676263,80,80
65,4452,2206.11899071339,85,20
57,9276,3584.64460617389,82,25
69,1202,665.039820465103,91,22
89,7986,6519.3878554987,90,1
82,8497,6241.01073897727,88,6
78,9396,6405.39625361144,79,1
68,2813,1515.51610455578,83,15
56,8248,3082.59263098855,72,16
65,8547,4235.33221330354,66,1
30,5802,812.904994493114,84,54
93,1467,1261.84620463819,94,1
69,7000,3872.94404596982,81,12
94,1930,1683.80385878785,95,1
11,8213,547.400749764078,84,73
40,9090,1890.60810012611,62,22
71,7023,4089.83910340381,76,5
78,2317,1579.53417620452,91,13
74,4730,2959.30161460264,83,9
72,4518,2696.56135267497,89,17
99,3261,3105.71428571429,99,0
93,4643,3993.69592919912,96,3
93,9942,8551.65301057455,93,0
95,2533,2245.38891175477,95,0
70,7397,4200.13612490095,87,17
76,4515,2952.81213214555,88,12
3,3658,186.199605452132,36,33
15,5545,430.025459994492,90,75
19,1731,156.766421270926,86,67
94,5238,4569.82622400557,95,1
19,9779,885.626131489536,87,68
33,6959,1098.72655839447,85,52
54,1393,486.287401920163,87,33
2,7138,353.908411660064,88,86
25,7839,899.78765291302,82,57
63,2818,1316.64956775505,92,29
67,3095,1622.63037601381,70,3
74,5553,3474.20758264027,76,2
69,1890,1045.69489241185,88,19
34,2344,385.081872248395,65,31
67,4485,2351.37228963552,75,8
41,7750,1675.61273135614,88,47
94,1717,1497.97472825841,94,0
69,5357,2963.90875060862,76,7
63,5726,2675.34968948382,86,23
93,7378,6346.21765359274,95,2
63,6730,3144.44698047958,91,28
78,6773,4617.25721857282,97,19
72,8186,4885.80151239426,82,10
82,3848,2826.33980505879,94,12
53,2665,898.555510972127,81,28
65,2365,1171.93877202093,76,11
71,2507,1459.94968421378,82,11
84,3893,2955.89453210986,84,0
46,1601,418.74806457365,78,32
85,3274,2525.04328877087,85,0
37,7577,1401.46671877223,72,35
38,8873,1706.89932393673,69,31
68,8278,4459.80885656338,87,19
40,9974,2074.46921789415,79,39
82,7530,5530.75330875589,89,7
52,3551,1155.89779361227,72,20
77,3723,2486.77627221993,87,10
59,4078,1682.39191988828,89,30
49,3125,913.244502286679,68,19
74,2087,1305.72145236273,82,8
70,6750,3832.75907030978,81,11
5,7987,431.468208607247,73,68
31,3422,498.948817389973,69,38
46,1729,452.226985414017,86,40
10,5391,346.276197109969,88,78
43,9330,2178.46802998148,49,6
20,2648,249.405651812033,22,2
15,1889,146.495598544562,82,67
25,1062,121.900049418756,71,46
84,2283,1733.44649802384,90,6
37,7671,1418.85326642494,77,40
94,4512,3936.43679318693,98,4
40,6884,1431.78725646514,53,13
27,3175,394.680034881585,91,64
48,1093,307.919256951547,71,23
34,5176,850.334373190141,50,16
43,6307,1472.62570901321,57,14
78,7581,5168.08312033081,83,5
61,3667,1611.72262023373,71,10
59,2768,1141.94723743275,76,17
41,5927,1281.4653753223,86,45
48,6028,1698.20428262025,87,39
94,2223,1939.42796791989,97,3
19,5843,529.165915358764,68,49
27,8945,1111.94107465064,71,44
45,3856,971.373516270393,87,42
53,1162,391.790432926684,73,20
59,3418,1410.10681269694,87,28
72,6732,4017.98384820892,89,17
64,5017,2414.76110439498,87,23
97,8001,7370.53596269718,98,1
88,2816,2268.08926193649,94,6
79,6208,4316.24506213182,89,10
54,3642,1271.39893596069,80,26
37,8270,1529.64626689274,84,47
98,6644,6229.69088772481,99,1
69,8656,4789.17195170211,78,9
46,5448,1424.94656826811,81,35
98,8521,7989.64419842009,98,0
40,6214,1292.43550431063,83,43
77,4492,3000.42949632337,77,0
29,1884,253.645854980781,62,33
64,6875,3309.04576294907,95,31
66,6114,3117.29233510572,93,27
18,8663,754.475148599724,43,25
11,7971,531.271323069459,81,70
4,9113,477.391973919971,72,68
3,2092,106.487035157425,77,74
73,4653,2844.3332875631,82,9
53,6427,2166.98546679845,61,8
6,8069,450.226181271169,87,81
94,9676,8441.70266198508,97,3
31,3942,574.768041540407,83,52
68,8463,4559.47841907416,79,11
84,2883,2189.01719395652,88,4
74,8567,5359.90209985219,74,0
87,7174,5698.27333907272,87,0
43,8291,1935.87121506715,64,21
41,6211,1342.86847412297,43,2
53,9949,3354.49485128018,74,21
43,2562,598.203118200703,61,18
13,1393,100.091505525958,82,69
27,2062,256.324482496324,89,62
58,6986,2790.11431555989,86,28
35,7072,1208.76783420627,86,51
46,8829,2309.26087577811,57,11
42,2619,588.510594742061,64,22
62,4212,1909.26029696812,68,6
51,4745,1490.57852275904,81,30
30,4076,571.079068864862,71,41
71,4683,2727.14175156486,86,15
0,3711,239.849994597704,82,82
51,6550,2057.59522108993,68,17
98,6483,6078.73058776639,98,0
79,7765,5398.78268483466,80,1
48,8477,2388.13498735432,62,14
40,6243,1298.46714731434,50,10
50,6336,1920.09157990504,76,26
80,8938,6333.46313599585,83,3
17,2959,247.876725727611,54,37
38,9796,1884.45686659351,80,42
91,5843,4895.78732730058,94,3
73,4389,2682.95267550279,80,7
76,4568,2987.47415717406,87,11
39,9750,1950.43546698948,71,32
74,6896,4314.44903473569,86,12
65,7464,3698.66849655992,73,8
49,9116,2664.04380251052,74,25
77,1357,906.407574913361,79,2
13,6117,439.526015292381,73,60
50,4708,1426.73471562388,85,35
41,8094,1749.98831581892,71,30
66,5521,2814.94455055915,86,20
17,2178,182.452013732591,77,60
90,5948,4919.7943839581,95,5
25,3420,392.559481179044,41,16
75,8901,5695.66679999367,82,7
76,6854,4482.51923670556,83,7
26,5137,613.606450532744,67,41
9,6425,397.90756158366,90,81
63,2511,1173.2104558669,74,11
68,5707,3074.67131485953,68,0
81,1841,1328.6138530297,88,7
4,7772,407.142589850325,88,84
34,3711,609.658203034894,75,41
19,7140,646.627526212832,88,69
20,5981,563.329004338281,77,57
51,3207,1007.43631664663,71,20
51,7771,2441.15610123509,82,31
17,3332,279.12309906198,83,66
24,2859,315.383165496166,82,58
91,9831,8237.28995630532,98,7
82,6939,5096.66629607665,82,0
87,7978,6336.88663216088,89,2
23,7816,828.694056722718,87,64
99,4473,4260,99,0
13,4919,353.445883476087,44,31
58,6343,2533.30877520704,72,14
65,4599,2278.96254229355,68,3
13,1977,142.053773456439,40,27
99,4042,3849.52380952381,99,0
33,8460,1335.71298807547,80,47
82,6712,4929.9357514435,85,3
7,1740,100.416396425355,79,72
50,6996,2120.10111947848,80,30
80,1599,1133.05074451302,84,4
26,6337,756.9445351423,79,53
31,6171,899.770061985249,81,50
38,3639,700.034558751919,65,27
40,2514,522.881052114087,79,39
0,7508,485.258356087191,84,84
40,9107,1894.14389085242,71,31
18,6407,557.996338113636,89,71
72,2865,1709.97084449176,73,1
24,3786,417.642764801848,82,58
74,1236,773.297419798915,81,7
4,8956,469.167400244405,80,76
63,3507,1638.56991984278,75,12
45,3716,936.105805617422,72,27
14,1945,145.176407528016,67,53
28,5196,672.186492458526,84,56
73,1905,1164.50782566252,94,21
14,8237,614.816487819163,89,75
94,6495,5666.479825299,98,4
23,6965,738.466492460815,76,53
22,6408,653.059122641839,65,43
46,5190,1357.46561844925,82,36
23,3430,363.666915885226,88,65
5,3742,202.147744661114,32,27
10,8938,574.108078235745,89,79
69,2968,1642.1282754912,82,13
27,8141,1011.99690203811,59,32
56,8694,3249.27986588439,56,0
66,5941,3029.08632038977,77,11
60,4181,1780.83910599186,72,12
97,3203,2950.60950987615,99,2
54,2938,1025.63703290843,86,32
62,2816,1276.46652332911,70,8
12,1448,100.189788993899,76,64
14,4375,326.553615904921,77,63
89,3333,2720.90154299739,93,4
63,4893,2286.14845103813,81,18
50,9657,2926.50321766777,60,10
53,9986,3366.97010602914,80,27
6,1260,70.3042493991415,73,67
92,9347,7933.7136149149,92,0
61,1085,476.880022621652,88,27
53,7584,2557.09005448878,72,19
19,8820,798.775179439381,74,55
32,6197,940.275648268359,78,46
97,3292,3032.59647409063,97,0
98,1197,1122.35701273429,99,1
96,1689,1526.1825068976,97,1
38,5304,1020.33066766149,45,7
79,3356,2333.33093242822,90,11
98,4398,4123.74782122422,99,1
16,3751,302.303866897493,70,54
63,2429,1134.89772891306,77,14
65,2515,1246.26892669456,69,4
29,2880,387.738886594824,52,23
11,9390,625.848415960635,31,20
63,4240,1981.04832053988,80,17
12,1332,92.1635351794703,71,59
27,7119,884.953438841576,74,47
95,4164,3691.19598442434,97,2
43,7024,1640.03852546516,89,46
99,7396,7043.80952380952,99,0
50,1159,351.228873281241,78,28
52,7428,2417.91292902054,81,29
74,5681,3554.29016333142,83,9
99,9332,8887.61904761905,99,0
51,1413,443.875121740469,84,33
83,8784,6561.95151843439,91,8
36,3094,550.164729417222,80,44
86,1484,1161.83482852141,90,4
9,7477,463.059118748798,67,58
5,4856,262.327484787379,80,75
21,3154,308.986943418818,80,59
62,6636,3008.03687812926,71,9
35,2642,451.578707292558,72,37
0,3407,220.201813956987,78,78
53,2536,855.060703874414,92,39
0,5194,335.699507394362,88,88
49,1510,441.279743504923,65,16
31,7409,1080.2781379434,62,31
7,1678,96.8383409205438,72,65
78,3620,2467.80911431177,95,17
71,2087,1215.36298003756,74,3
23,6893,730.832667987423,77,54
76,5128,3353.71442162622,95,19
14,3943,294.308778860138,74,60
20,6313,594.598897239186,29,9
3,1538,78.2873136099997,82,79
2,4384,217.362633331146,76,74
65,3235,1603.05366912799,77,12
39,2966,593.332471291365,84,45
74,9159,5730.28403554875,76,2
1,6839,331.231776736081,81,80
56,2210,825.961410582528,61,5
10,1063,68.2789088347054,86,76
72,4769,2846.37031671247,80,8
83,1240,926.322846409226,93,10
86,3435,2689.28749054652,87,1
73,7109,4345.66201188182,84,11
60,2071,882.113797777838,80,20
80,2002,1418.61637930898,83,3
52,6914,2250.59908336672,88,36
4,4479,234.636085941792,83,79
53,3210,1082.31264173378,67,14
17,6346,531.607198873747,77,60
69,9107,5038.70020380674,77,8
79,6069,4219.60233280895,96,17
38,6272,1206.54486191042,85,47
33,9026,1425.07629200581,69,36
30,9818,1375.5776001264,68,38
18,7413,645.61055945628,79,61
42,9459,2125.51420987597,58,16
29,1558,209.755967123172,70,41
26,3578,427.386388944161,75,49
98,1015,951.706238868254,99,1
20,6040,568.8860033779,79,59
39,6057,1211.67052549285,74,35
70,8913,5060.9454212846,88,18
36,6212,1104.5970585455,81,45
84,3958,3005.24802416924,84,0
90,1016,840.36837493299,94,4
59,9465,3904.81596903936,84,25
75,8515,5448.6690037014,83,8
91,2318,1942.22745587588,92,1
40,2715,564.68657776044,73,33
91,2248,1883.57520311,93,2
31,9739,1420.00658461746,66,35
80,4332,3069.6534241591,82,2
48,2960,833.889296044447,83,35
76,4661,3048.29620109201,86,10
83,4368,3263.04692993185,91,8
79,1478,1027.61117941862,91,12
41,7706,1666.09957520393,75,34
27,7096,882.094339376292,90,63
70,2455,1393.98866927563,81,11
41,4517,976.611962262671,72,31
47,9150,2484.15102277308,79,32
21,9384,919.319428358334,73,52
78,6357,4333.66368499446,91,13
24,5643,622.492900627794,81,57
56,8625,3223.49193044086,64,8
52,3619,1178.03269926297,91,39
57,7164,2768.47714086134,81,24
53,2229,751.549806362803,58,5
6,2166,120.856352538524,82,76
17,7821,655.16859476703,66,49
25,2505,287.532602442546,86,61
79,2763,1921.03497207961,85,6
64,6832,3288.34918581353,73,9
27,9754,1212.50679062519,90,63
54,6923,2416.77507788463,91,37
94,9290,8104.94189022751,95,1
99,9029,8599.04761904762,99,0
20,1810,170.477428164569,76,56
5,4267,230.508932781661,49,44
37,2936,543.052169237859,54,17
54,9633,3362.81876719091,74,20
8,4897,292.641048986422,83,75
64,7526,3622.38231446613,93,29
88,7659,6168.78396916604,88,0
61,2763,1214.39585484205,77,16
68,4452,2398.53455296209,74,6
66,1054,537.393870003504,89,23
94,7416,6469.99451646149,98,4
5,8151,440.327703562999,85,80
93,9630,8283.28490161265,96,3
43,4658,1087.59958024156,86,43
49,2865,837.262559696427,90,41
57,6337,2448.88883886632,86,29
12,4466,309.010771855491,54,42
79,6398,4448.34663458752,89,10
81,5457,3938.21064420591,89,8
23,9603,1018.16133913872,90,67
78,6635,4523.18051753,87,9
86,8308,6504.39606156056,88,2
72,3835,2288.91385292353,73,1
2,7586,376.120651562517,67,65
94,7804,6808.50016268412,94,0
64,3080,1482.45250180118,64,0
3,1528,77.7782933654614,66,63
53,3184,1073.54624650479,77,24
53,5056,1704.72670299252,93,40
71,4655,2710.83597128645,81,10
92,3621,3073.49705783747,93,1
14,2440,182.12361664183,44,30
89,6599,5387.10749542148,91,2
61,4288,1884.66501106142,73,12
15,9972,773.347860606867,51,36
21,4486,439.478575832852,80,59
38,5953,1145.17882062384,81,43
5,3858,208.414216702987,61,56
17,6026,504.800658747746,88,71
30,2075,290.723520091901,77,47
53,3023,1019.26202989446,78,25
82,8109,5956.02637193912,84,2
71,8083,4707.12935680094,95,24
9,9654,597.88320615232,73,64
58,9692,3870.85427231699,92,34
14,3280,244.821910895575,85,71
23,5714,605.828792235621,67,44
35,8545,1460.53749198142,54,19
0,1344,86.865640727382,71,71
8,1543,92.2085232971306,76,68
85,2604,2008.31176663389,88,3
28,6533,845.149029105379,34,6
27,2468,306.793803492205,80,53
69,8812,4875.48327615515,79,10
71,5683,3309.49104722253,80,9
3,2081,105.927112888433,81,78
81,4682,3378.90823459265,83,2
19,4202,380.550261224975,88,69
17,2529,211.855437433298,83,66
98,2557,2397.54960865628,98,0
16,6078,489.843482538779,70,54
4,2347,122.949518576777,70,66
63,3744,1749.30304530692,67,4
75,2687,1719.38621408639,85,10
87,1595,1266.90074934778,87,0
80,9914,7025.05633589873,88,8
96,5203,4701.43729034233,98,2
66,4852,2473.84730290038,76,10
56,3151,1177.64905192106,70,14
32,8007,1214.90836141435,78,46
85,8482,6541.66682203864,89,4
1,9100,440.738290436956,30,29
81,2691,1942.04230228296,91,10
11,7668,511.07621443942,71,60
17,8662,725.619533035675,81,64
52,6243,2032.17964672526,81,29
6,4112,229.437359943865,57,51
90,2272,1879.24896441708,94,4
86,1152,901.909516480231,90,4
1,8800,426.208456686287,77,76
30,2633,368.903628145531,84,54
84,9897,7514.63862940953,92,8
64,9868,4749.62379473184,68,4
92,6322,5366.10008275297,97,5
75,1848,1182.51794701588,84,9
46,3162,827.033966384686,53,7
48,4843,1364.36684484569,86,38
6,6177,344.658213125792,86,80
24,8762,966.557291387689,87,63
56,6369,2380.33856289598,69,13
0,7954,514.084305316664,71,71
99,1713,1631.42857142857,99,0
70,7852,4458.49247704776,86,16
91,1864,1561.82570222288,98,7
23,1789,189.679333095822,88,65
57,7376,2850.40304173551,69,12
14,9539,711.998843912467,56,42
80,4593,3254.59791716591,97,17
23,7847,831.980842259873,68,45
81,4712,3400.55865044864,91,10
20,4950,466.222800781557,60,40
87,2742,2177.95727568127,88,1
35,5829,996.310478731386,85,50
87,5760,4575.14001018384,90,3
90,1048,866.836670206471,94,4
16,5163,416.101003676821,39,23
98,7862,7371.73837436671,98,0
92,2412,2047.30044283457,92,0
75,1931,1235.62887212535,96,21
7,7678,443.101776870045,68,61
23,2508,265.911552489838,84,61
28,3350,433.376587709019,80,52
32,7803,1183.95528214265,83,51
4,1746,91.4656410034313,73,69
81,9785,7061.64397169779,96,15
80,1016,719.937183505458,80,0
41,2067,446.902131059761,72,31
47,8468,2298.9935367041,87,40
95,1013,897.978273828497,97,2
78,4520,3081.35281676497,91,13
75,1007,644.369898617417,82,7
89,3050,2489.87389923254,93,4
92,9531,8089.89242149929,98,6
17,8867,742.792472803894,78,61
72,8633,5152.59277504272,74,2
31,1827,266.387927928545,61,30
10,9536,612.518978972484,61,51
73,4414,2698.23493043274,86,13
89,4557,3720.11651108284,92,3
22,4419,450.353973619583,64,42
58,9635,3848.08923996844,72,14
62,3116,1412.45372396787,70,8
43,7625,1780.36642321638,66,23
67,2747,1440.18276022938,83,16
4,5005,262.191027045918,88,84
83,4043,3020.26070002621,83,0
0,5070,327.68511792249,65,65
28,1112,143.855153890277,71,43
67,6503,3409.35875128201,86,19
73,7231,4420.23941594,77,4
64,8173,3933.79360299385,87,23
31,3385,493.553987979269,55,24
99,4811,4581.90476190476,99,0
91,3894,3262.74103243342,92,1
78,8003,5455.76694525887,91,13
85,2037,1571.01807551199,87,2
78,7793,5312.60674801979,86,8
72,8132,4853.57169543002,77,5
66,8012,4085.00919019742,80,14
82,3438,2525.19653061126,82,0
65,2521,1249.24213288151,66,1
51,4964,1559.37445457869,77,26
67,5578,2924.40460013087,84,17
97,7148,6584.75078882133,97,0
49,7585,2216.62705595023,65,16
6,3826,213.479411270727,76,70
32,9807,1488.02376675291,84,52
25,1525,175.044797894164,77,52
44,4444,1077.93494675385,89,45
64,3221,1550.31802217585,75,11
94,8096,7063.25183458363,94,0
99,3073,2926.66666666667,99,0
63,1506,703.645936493648,84,21
29,7751,1043.52920485989,82,53
91,6169,5168.93924732454,91,0
17,9971,835.275036238596,77,60
51,5801,1822.30685153323,61,10
88,9189,7401.09099003353,96,8
61,4023,1768.19201014461,71,10
56,4700,1756.5695157185,76,20
10,6351,407.939181570286,62,52
6,3056,170.515703304585,79,73
73,5063,3094.96226841435,92,19
45,6874,1731.64459306086,55,10
26,3256,388.924002907264,68,42
70,6425,3648.21881877634,90,20
71,3375,1965.42887284463,71,0
89,3095,2526.60974364744,90,1
1,2966,143.651623014946,70,69
83,4898,3658.97524331644,88,5
24,5849,645.217256029057,88,64
34,9184,1508.78494655685,84,50
48,5223,1471.42020041897,79,31
21,8720,854.269545533319,82,61
58,4214,1683.01484766238,88,30
51,4223,1326.5991784218,85,34
10,8550,549.1859553497,89,79
85,1682,1297.22749288717,87,2
48,6838,1926.39696160538,67,19
95,7837,6947.14287462382,95,0
44,2394,580.687727841746,76,32
21,5471,535.975766469357,85,64
39,2645,529.118134378173,86,47
83,4860,3630.58793028132,93,10
8,1850,110.554613155989,75,67
55,8367,3022.87380657557,76,21
76,9044,5914.78027090241,89,13
3,1600,81.4432391261375,69,66
60,2784,1185.80628344447,84,24
25,3697,424.354503485066,50,25
31,8169,1191.09085016326,85,54
1,2057,99.6262267504195,65,64
28,3878,501.681912577784,80,52
22,3155,321.535819590356,67,45
0,6843,442.277960935621,18,18
96,2859,2583.39596638261,96,0
47,8108,2201.25644728352,60,13
67,4001,2097.62330676293,85,18
52,4747,1545.21172240987,92,40
91,7746,6490.29071320731,95,4
2,7890,391.193242924896,85,83
24,4621,509.753622860364,79,55
87,7621,6053.32326694636,88,1
31,6633,967.132526518904,62,31
90,9713,8033.95474972848,92,2
0,6719,434.26357146375,73,73
20,2732,257.317311461659,83,63
38,6763,1300.99854928256,82,44
88,7814,6293.6255301036,88,0
63,9409,4396.1518037641,64,1
16,8690,700.352067005921,82,66
13,5661,406.760956771321,48,35
58,6623,2645.1370042876,79,21
99,3960,3771.42857142857,99,0
84,4579,3476.76369445956,94,10
20,8537,804.069505105485,90,70
97,3533,3254.6061187613,97,0
28,3981,515.006625573016,80,52
9,3111,192.667770285878,61,52
94,5903,5149.99698363972,95,1
10,6389,410.380008038507,86,76
64,8886,4276.97173084587,91,27
68,2255,1214.8911538476,82,14
97,4394,4047.760907398,97,0
85,6193,4776.29599491692,85,0
48,7183,2023.59013969164,72,24
90,9134,7555.04403212395,96,6
14,4251,317.298153419845,87,73
21,1031,101.003658422575,73,52
80,7469,5292.5303381912,85,5
42,9675,2174.05116614335,91,49
3,3090,157.287255562353,87,84
39,8451,1690.5774493875,73,34
26,6032,720.512771970705,79,53
11,7415,494.213631985954,82,71
50,5790,1754.62914262156,65,15
63,4017,1876.85639236055,81,18
34,7447,1223.42350794957,87,53
79,1816,1262.61292410299,85,6
83,3592,2683.34811637253,93,10
53,4886,1647.40796495678,92,39
46,1926,503.753137019894,87,41
62,8798,3988.05130406589,89,27
77,6148,4106.55399452273,89,12
46,3433,897.9151191014,77,31
85,1039,801.319479851232,86,1
64,4073,1960.39903890786,77,13
28,9594,1241.1388007404,81,53
17,8039,673.430550227868,82,65
54,4067,1419.76372118399,63,9
27,6461,803.158332399975,90,63
78,4482,3055.44763821695,78,0
52,3490,1136.04148119032,89,37
64,1158,557.363635417457,82,18
49,2878,841.06165682594,53,4
33,5085,802.848764109191,85,52
43,2325,542.865827406962,76,33
92,7012,5951.77060744445,94,2
56,9131,3412.60345702673,84,28
71,1415,824.024253355602,88,17
43,3237,755.809326157563,84,41
47,8365,2271.02986945321,77,30
7,5029,290.22646989834,19,12
67,6010,3150.8912955874,77,10
7,4087,235.863110454269,88,81
9,3969,245.804686681019,84,75
93,9824,8450.15481551844,95,2
95,6126,5430.4194525897,96,1
80,8002,5670.21391969554,81,1
46,3558,930.609377734571,76,30
44,8379,2032.40704744611,73,29
66,8025,4091.63738783503,76,10
98,3879,3637.11182322163,99,1
91,4190,3510.75627270057,96,5
52,8543,2780.86027902833,84,32
32,5771,875.638335671567,77,45
27,7998,994.220761884383,72,45
3,9186,467.585996632937,69,66
80,8482,6010.34172292647,88,8
27,5285,656.971333653284,82,55
42,4470,1004.44534497786,78,36
66,2276,1160.44444793926,72,6
56,4686,1751.33718099083,72,16
47,8473,2300.35099627938,66,19
87,3715,2950.80644754045,91,4
73,2241,1369.90133192111,85,12
51,3760,1181.15389790811,83,32
17,6874,575.837990081648,77,60
25,6616,759.407464175601,88,63
52,1233,401.357921578126,66,14
11,7402,493.347175180045,65,54
41,8694,1879.71317244004,89,48
0,3552,229.573479065224,45,45
49,9252,2703.78820325003,61,12
48,3873,1091.09906877708,66,18
6,5130,286.238729696505,69,63
69,2668,1476.14495923535,73,4
63,1498,699.908109473761,79,16
74,5953,3724.46564730011,86,12
38,3129,601.925840707544,85,47
78,5512,3757.61431991339,83,5
30,3705,519.099104549636,67,37
78,8491,5788.44397503349,80,2
57,4200,1623.06030033747,77,20
39,5826,1165.46020827495,60,21
12,2657,183.842727456346,47,35
10,3028,194.495330151917,79,69
9,2796,173.159461819131,79,70
22,7373,751.405260804975,72,50
3,6697,340.890857767339,65,62
0,1904,123.059657697125,79,79
52,3041,989.886001232021,61,9
89,8762,7152.87708363131,93,4
99,1371,1305.71428571429,99,0
24,7857,866.724564988938,79,55
66,6611,3370.69342940528,71,5
89,7340,5992.02440012027,90,1
46,8441,2207.77789698075,85,39
73,8930,5458.82146097969,73,0
35,7345,1255.42982780615,67,32
37,6591,1219.09293169166,90,53
28,1255,162.354512708901,77,49
88,6080,4897.01090645379,97,9
49,5605,1637.99533930139,73,24
37,4342,803.110530936915,83,46
92,5447,4623.40195361522,92,0
96,4318,3901.7501863729,98,2
54,3308,1154.80166945578,84,30
42,1040,233.696456102231,54,12
31,2412,351.684555097783,90,59
90,2609,2157.99319901592,90,0
52,5581,1816.68982994933,73,21
78,4237,2888.42740810469,78,0
41,6704,1449.45906464666,44,3
87,6211,4933.36711862011,90,3
44,9852,2389.69736620588,81,37
78,5592,3812.15153790923,85,7
26,6305,753.122186219379,79,53
30,1271,178.076912788822,83,53
69,4671,2584.36023410358,81,12
74,4746,2969.31193718904,76,2
14,9865,736.33175334904,90,76
48,2729,768.812124630167,82,34
2,7413,367.5431571359,76,74
21,9184,899.726090158028,66,45
72,8874,5296.43325445721,84,12
45,8321,2096.16157388121,87,42
80,5905,4184.28057933044,83,3
86,9744,7628.65132689529,89,3
67,6622,3471.74744748415,93,26
41,3823,826.563544770908,90,49
14,1612,120.321012305996,67,53
61,7126,3132.02492276672,80,19
35,9110,1557.10901719728,78,43
11,6441,429.296022066289,89,78
56,3541,1323.40694790621,91,35
31,6651,969.757038124112,69,38
19,4840,438.330143819343,37,18
64,7820,3763.88914418352,74,10
90,9607,7946.27852163508,92,2
48,5726,1613.12503687517,81,33
3,8267,420.807036159862,66,63
52,3016,981.748168272205,67,15
62,6449,2923.27152306443,88,26
46,1932,505.322461434286,73,27
68,2713,1461.64066536077,89,21
61,1477,649.172159826893,85,24
72,9982,5957.74135068648,80,8
11,3299,219.880077130366,79,68
45,1123,282.897421880615,46,1
29,1497,201.543442094601,82,53
81,5634,4065.9480977563,85,4
41,6683,1444.91869466492,91,50
10,4329,278.061520550743,81,71
29,4192,564.375490488022,83,54
45,2425,610.887130953243,60,15
2,4808,238.384931810253,88,86
19,9683,876.93197987659,85,66
46,2453,641.592131417342,90,44
84,5107,3877.66590688032,85,1
58,6490,2592.01859547433,86,28
14,5254,392.162902391876,44,30
15,2831,219.549517988171,74,59
13,2220,159.514100694636,84,71
8,7120,425.485862524673,81,73
85,8101,6247.8239713906,91,6
32,7598,1152.8504720902,75,43
10,1540,98.9177042384255,76,66
74,8507,5322.36339015321,92,18
41,9811,2121.21761384969,90,49
82,6253,4592.80218322053,87,5
71,2225,1295.72718283831,89,18
14,5247,391.640416606428,21,7
80,3806,2696.93003978521,87,7
98,8500,7969.95372451247,98,0
87,4621,3670.43784497561,88,1
17,1505,126.074509030096,70,53
68,4332,2333.88402592807,77,9
31,8154,1188.90375715892,46,15
99,1849,1760.95238095238,99,0
0,4812,311.010017247145,81,81
16,6617,533.283041125222,75,59
35,2580,440.981477976836,78,43
93,6714,5775.0752678533,95,2
23,4371,463.436760738869,68,45
76,5534,3619.23861335404,82,6
30,8995,1260.26894613333,63,33
97,5329,4909.08463257259,97,0
62,4854,2200.27290633505,65,3
70,6421,3645.94755414209,79,9
46,5761,1506.81299188557,71,25
92,5800,4923.02759885593,96,4
99,1088,1036.19047619048,99,0
3,5740,292.177620365018,73,70
42,1385,311.220761251529,68,26
70,4304,2443.88074646123,79,9
7,7497,432.656163218902,81,74
16,4144,333.976866015252,86,70
26,9485,1132.9681104347,64,38
47,9664,2623.69786711247,81,34
82,2884,2118.28586221142,93,11
24,8259,911.070151742858,77,53
10,1293,83.0523321949897,73,63
64,5938,2858.05290769332,86,22
65,4992,2473.70754753847,85,20
74,1068,668.18903264178,91,17
60,3342,1423.4786635314,70,10
22,2664,271.49648918818,83,61
26,4741,566.30488261159,71,45
36,9405,1672.36563677084,84,48
28,2035,263.260106265031,80,52
58,9949,3973.49661115164,83,25
28,7046,911.513861790372,81,53
96,2236,2020.45238923803,96,0
29,4564,614.45843000652,58,29
56,4674,1746.85232265282,78,22
34,9801,1610.14822094988,76,42
75,6417,4106.17839069311,84,9
37,1352,250.070344962393,77,40
72,2966,1770.25253918414,76,4
87,8798,6988.20864749955,91,4
58,4365,1743.32221405939,76,18
40,2626,546.175673369766,62,22
93,7477,6431.37291893642,96,3
52,3789,1233.36996338972,80,28
73,2050,1253.14490425626,78,5
51,4698,1475.81409903519,77,26
59,2444,1008.28000299337,86,27
41,3037,656.62398259724,83,42
71,4179,2433.6377065534,74,3
21,2757,270.094167091211,88,67
72,6281,3748.80519171126,83,11
0,6933,448.094856520044,60,60
45,4939,1244.19444939302,89,44
46,9483,2480.31723694686,74,28
33,2227,351.611444969748,53,20
95,1624,1439.60189210018,95,0
15,2627,203.728923968536,73,58
34,3240,532.280403619795,73,39
3,9524,484.790880898334,72,69
11,7218,481.083478850252,75,64
93,4618,3972.19207431435,93,0
65,9296,4606.48745230721,65,0
79,9476,6588.39210837002,83,4
53,4490,1513.88902223822,61,8
67,3709,1944.53507742657,85,18
65,2382,1180.36285621727,82,17
25,5738,658.627573978174,76,51
0,1111,71.8063443810427,63,63
19,4549,411.975996742601,69,50
96,5762,5206.55038765184,98,2
92,3071,2606.65823380803,94,2
75,9419,6027.13016392994,76,1
85,4231,3263.12100024116,93,8
66,2008,1023.80160433305,75,9
5,6024,325.424375691756,67,62
57,3785,1462.68648494698,80,23
59,4630,1910.12128226648,67,8
77,2951,1971.11919938786,83,6
26,4321,516.136552998245,68,42
67,6535,3426.13554353805,85,18
62,9824,4453.12753025043,68,6
76,3510,2295.54165754837,94,18
46,1108,289.801908524425,65,19
45,2959,745.408255872431,82,37
81,3876,2797.23372859485,81,0
57,9425,3642.22460254301,78,21
91,2495,2090.53386644103,93,2
56,7807,2917.77408706688,76,20
42,4070,914.562092630848,74,32
79,2640,1835.51658570039,88,9
86,3003,2351.07142186644,87,1
50,2907,880.951108393931,92,42
18,1947,169.567484049828,88,70
66,4838,2466.70924390603,87,21
82,7430,5457.30372962235,82,0
6,3606,201.204066137543,78,72
25,2945,338.037331015288,63,38
52,2755,896.789192171726,79,27
62,1261,571.599533351566,62,0
98,5909,5540.52430095814,98,0
21,9617,942.145667361689,22,1
65,9943,4927.09818613281,76,11
48,8844,2491.52599128956,64,16
90,1525,1261.37969662678,90,0
5,6255,337.903298464797,83,78
87,7687,6105.74674622972,91,4
67,3820,2002.7295755647,82,15
8,7910,472.695670304798,61,53
14,2356,175.853787216456,55,41
72,8085,4825.51981770188,74,2
39,7600,1520.33944093539,55,16
97,9824,9049.88692632634,99,2
45,2620,660.010013648452,64,19
54,5762,2011.47739401578,82,28
4,4686,245.479950596838,55,51
90,1520,1257.2440254903,97,7
8,5948,355.448021109094,79,71
43,1458,340.429409186817,67,24
32,1919,291.171368247052,52,20
55,4856,1754.4012435438,84,29
34,5460,896.991050544469,76,42
25,3628,416.434443777068,46,21
41,9211,1991.49275722857,85,44
30,5050,707.543988657398,71,41
16,1023,82.4465091538616,89,73
17,5209,436.360210988552,84,67
7,2370,136.774057200053,62,55
99,7360,7009.52380952381,99,0
68,6081,3276.16545744889,80,12
37,7727,1429.2112097074,79,42
70,4277,2428.54971017999,85,15
27,9409,1169.62029864593,85,58
36,5155,916.644854604324,83,47
39,9955,1991.44462296208,83,44
58,5690,2272.50936952989,76,18
38,3556,684.067845815285,79,41
75,1872,1197.87532295115,96,21
4,2516,131.802722087419,89,85
85,1174,905.437025356445,86,1
26,2650,316.538270179438,78,52
73,1361,831.965958386715,82,9
83,3554,2654.96080333741,90,7
92,5540,4702.34015476929,92,0
22,8947,911.816474762255,44,22
94,5157,4499.15880817043,95,1
92,1929,1637.33107555053,98,6
23,1002,106.237390588045,49,26
17,6893,577.429628401629,84,67
84,3067,2328.72554070921,95,11
39,9098,1820.00634653029,78,39
45,5430,1367.88334889736,62,17
66,6372,3248.83656514452,81,15
95,3355,2974.05440147543,95,0
3,8813,448.599541511656,73,70
31,5989,873.233333532597,39,8
65,5593,2771.52370059748,78,13
7,7691,443.852014314602,87,80
29,5599,753.802092376535,86,57
0,3530,228.151571255698,64,64
34,3516,577.622808372592,74,40
17,3970,332.568638438193,89,72
53,9039,3047.67101826531,60,7
3,4076,207.476651673835,83,80
44,7938,1925.43825547526,76,32
66,4499,2293.86624397131,85,19
29,5080,683.928313854759,85,56
60,4617,1966.54727394509,64,4
29,4909,660.906317463191,86,57
21,1698,166.347441320594,80,59
51,4489,1410.1595339653,88,37
28,4151,536.998870322429,84,56
80,5191,3678.34047202444,86,6
48,2420,681.76084338769,74,26
76,6504,4253.61907142296,82,6
6,8916,497.486260033925,80,74
4,2067,108.281489091691,74,70
46,2922,764.260989808998,57,11
11,4222,281.398510349926,83,72
34,8423,1383.76476533627,91,57
55,6165,2227.32365454026,80,25
30,7637,1070.00266165872,83,53
11,9414,627.448028525391,64,53
10,2904,186.530527992459,54,44
26,2120,253.23061614355,56,30
98,1718,1610.86829396617,99,1
29,6594,887.760492432733,69,40
83,9018,6736.75760396645,92,9
16,3172,255.640593388122,53,37
1,1645,79.6719217328343,57,56
88,3054,2459.78146518254,89,1
74,3873,2423.12371106893,87,13
79,8145,5662.98582974608,86,7
74,8603,5382.42532567157,82,8
45,1144,288.187578478561,83,38
74,1318,824.600323054182,77,3
86,2038,1595.56562030096,86,0
58,6224,2485.7817778478,72,14
1,5506,266.670882103943,51,50
63,4925,2301.09975911767,80,17
60,5212,2219.97929213814,87,27
60,8430,3590.64187120578,73,13
45,3910,984.976776093682,89,44
35,2807,479.781011116658,77,42
86,2719,2128.72567301193,93,7
23,3443,365.045245304033,59,36
82,1222,897.553857011913,96,14
57,9718,3755.45238063798,71,14
96,8684,7846.87323262211,96,0
84,1277,969.606297843384,88,4
90,7733,6396.22897968191,91,1
19,9771,884.901618855124,62,43
92,2208,1874.14567901274,95,3
90,8119,6715.50279141826,97,7
98,7773,7288.28827066299,98,0
93,1839,1581.82356532354,96,3
38,1923,369.927578037906,66,28
82,2417,1775.27632765777,87,5
1,4532,219.497355193438,81,80
15,3099,240.333435621809,69,54
82,4581,3364.72522010767,93,11
95,8249,7312.3620738512,95,0
95,4688,4155.69807276209,98,3
70,7566,4296.09705569834,75,5
80,1776,1258.47287195442,85,5
97,3505,3228.81246709831,97,0
13,4984,358.116341379308,69,56
71,3184,1854.20015737402,79,8
91,6918,5796.51835191946,91,0
36,7839,1393.90475562431,73,37
25,9098,1044.30004671548,79,54
3,4656,236.99982585706,82,79
88,3767,3034.0526454953,93,5
40,1274,264.976316783352,81,41
61,1332,585.441649891281,87,26
31,2910,424.296042841853,83,52
75,2772,1773.77692052381,83,8
94,1817,1585.21845151167,94,0
18,1949,169.741667392458,59,41
34,6246,1026.11833364483,78,44
59,8952,3693.17618117701,76,17
86,1505,1178.27588741558,95,9
49,8203,2397.23028872244,90,41
83,9505,7100.56343154814,90,7
66,2171,1106.9090054816,78,12
7,2586,149.239540894235,80,73
96,4653,4204.45660425964,96,0
17,9896,828.992253396565,66,49
12,6834,472.857056618994,29,17
23,7267,770.4861451131,39,16
62,4071,1845.3463126679,86,24
20,7662,721.65638375521,82,62
88,5154,4151.18325853007,95,7
25,9069,1040.97132596864,77,52
8,4494,268.558071093522,73,65
94,2905,2534.4301605071,97,3
59,3935,1623.39681333015,84,25
7,2656,153.279280980313,72,65
2,6572,325.845626426162,67,65
83,8882,6635.16090468286,92,9
4,6904,361.671698446558,62,58
99,7978,7598.09523809524,99,0
25,4926,565.423393066658,74,49
8,6797,406.18362466014,81,73
0,1033,66.7650348745429,85,85
31,1332,194.213858785343,47,16
57,2978,1150.82704152499,61,4
84,7673,5825.98991648574,84,0
20,7963,750.006497499705,73,53
93,1666,1433.01688952094,94,1
63,9686,4525.57406432767,78,15
63,5649,2639.37310441741,73,10
86,1149,899.560793781064,87,1
79,3847,2674.70920651113,80,1
30,5482,768.070523924724,77,47
15,2095,162.471296427135,90,75
77,7099,4741.77404149591,83,6
16,2940,236.943046835145,66,50
16,9597,773.449802883294,86,70
36,9296,1652.98362141645,82,46
11,2278,151.829892604721,87,76
16,1691,136.282548366745,69,53
2,7099,351.974756847128,82,80
39,2223,444.699286473602,49,10
3,4872,247.994663139089,90,87
86,5136,4021.01326097436,91,5
54,1275,445.094355669927,84,30
37,6599,1220.57263787487,58,21
89,1010,824.515619090119,89,0
2,9954,493.528205332625,67,65
92,4955,4205.79340557434,93,1
63,2699,1261.04939083423,76,13
46,2759,721.627676551344,88,42
15,1761,136.568951316556,82,67
4,5958,312.114713114802,80,76
3,9420,479.497070355135,79,76
1,7991,387.02633833865,81,80
42,4974,1117.6982429351,65,23
55,4954,1789.80719944728,75,20
64,8229,3960.74728484478,74,10
90,3216,2660.06367498474,94,4
48,7198,2027.81593004322,55,7
81,9013,6504.50660367013,89,8
58,1636,653.396367056396,84,26
69,3068,1697.45604757649,69,0
32,5939,901.129106836499,75,43
81,1364,984.372240919344,93,12
72,4873,2908.44255679175,82,10
85,5401,4165.47306128634,86,1
37,2725,504.02491865571,69,32
49,8312,2429.0842569622,86,37
74,4699,2939.9066145915,82,8
30,9419,1319.67461963644,82,52
11,8491,565.929595305831,61,50
72,9035,5392.52585688764,88,16
73,7629,4663.53291442487,88,15
71,4292,2499.44317696272,85,14
96,6358,5745.096731116,98,2
50,1174,355.774544635182,66,16
21,1363,133.528599835082,74,53
88,3596,2896.32421375129,90,2
54,3218,1123.38324434967,75,21
27,3236,402.262863898208,75,48
54,5319,1856.82892377125,79,25
4,6835,358.057076894876,73,69
94,1877,1637.56468546362,99,5
15,8166,633.289072374215,80,65
34,2262,371.610578082708,52,18
91,1079,904.082581919788,91,0
95,4933,4372.87939269099,96,1
12,5483,379.378876418195,87,75
54,9900,3456.02676167237,92,38
62,5778,2619.11348430242,88,26
67,3518,1844.39859864833,78,11
89,1287,1050.64515026632,93,4
70,1182,671.158699423134,88,18
34,6566,1078.68923770604,73,39
81,7351,5305.07356524787,81,0
74,5267,3295.27306640848,91,17
14,2358,176.003068869441,81,67
34,4725,776.242255278867,92,58
8,7243,432.836250318287,62,54
95,6146,5448.14853993084,97,2
39,5944,1189.0654785421,68,29
64,6897,3319.6347093905,79,15
11,1846,123.03686643912,83,72
94,6539,5704.86706353043,98,4
78,7102,4841.54152758072,89,11
50,2688,814.58430662638,65,15
74,7091,4436.44984125736,75,1
60,5567,2371.18663072391,82,22
27,5812,722.482004010007,85,58
41,4069,879.750735985567,85,44
13,4037,290.071362389299,80,67
0,5873,379.584752970175,0,0
65,3572,1770.04874996142,78,13
34,3562,585.179875831391,73,39
59,3588,1480.24085545835,89,30
30,6075,851.154402196771,83,53
76,8040,5258.16379677746,82,6
0,7347,474.85257620839,78,78
16,2966,239.038461535048,88,72
45,7904,1991.11417857915,66,21
67,2350,1232.04568130289,88,21
53,3814,1285.96274628431,63,10
26,8166,975.415665768033,82,56
87,9052,7189.95961322641,95,8
35,6288,1074.76416027843,73,38
77,5702,3808.64848353425,90,13
88,4167,3356.22441565673,88,0
72,5211,3110.17733704942,83,11
48,9971,2809.02370637134,71,23
60,2973,1266.30821863521,82,22
13,4647,333.901813481069,73,60
62,9464,4289.94288948392,71,9
35,8068,1379.00719547175,76,41
82,9885,7260.49089735087,82,0
56,8981,3356.54272780167,70,14
91,8417,7052.51445043453,91,0
33,5917,934.209663172877,67,34
4,5273,276.23042669593,82,78
52,9385,3054.94249311494,72,20
36,1507,267.969698523514,67,31
62,3064,1388.88260919048,89,27
96,3521,3181.5799921767,96,0
3,8579,436.688467789459,81,78
33,7969,1258.19111134437,60,27
88,5629,4533.76223559677,95,7
69,1217,673.338986277896,85,16
66,1702,867.784029170744,81,15
22,2414,246.018215052653,90,68
21,9583,938.814799867637,80,59
37,5616,1038.75374061302,89,52
59,3523,1453.42489793193,92,33
16,5958,480.172337769998,77,61
14,6460,482.179739141895,75,61
40,3000,623.963069348552,89,49
13,1934,138.964085920462,79,66
11,5103,340.117621581163,90,79
70,1013,575.197768625749,71,1
34,2131,350.089364232649,77,43
7,4872,281.165909990995,54,47
91,3385,2836.25536589294,95,4
83,1628,1216.17225318889,92,9
58,7265,2901.54315810802,65,7
76,6109,3995.28888488974,82,6
20,6943,653.936344611384,81,61
80,8699,6164.10783397045,82,2
64,5148,2477.81346729626,68,4
11,6514,434.161510284087,91,80
40,2350,488.771070989699,57,17
82,7080,5200.23020265495,89,7
56,9890,3696.27074690552,83,27
35,1598,273.135039460071,59,24
66,1542,786.206212092413,75,9
19,4415,399.840410116198,77,58
85,1643,1267.14909085233,85,0
8,4171,249.25583322899,50,42
4,4037,211.481553683191,25,21
16,8396,676.657762322407,69,53
69,5762,3187.98622755401,70,1
7,1813,104.629268229408,86,79
97,9230,8502.69303033308,97,0
10,9611,617.336399633446,84,74
86,6074,4755.38055824733,97,11
95,2923,2591.10611490691,97,2
79,5032,3498.60585577437,83,4
40,1602,333.196279032127,42,2
61,9933,4365.75969096854,74,13
84,7750,5884.45482246376,91,7
34,2503,411.20304020381,68,34
7,4069,234.82432014642,81,74
92,2580,2189.89848362902,97,5
49,8406,2456.55465159098,50,1
4,4624,242.232029782283,66,62
90,2989,2472.30420538849,96,6
21,4403,431.347340479725,70,49
61,5877,2583.0634958041,80,19
15,1232,95.5439795695608,88,73
36,4114,731.537717137185,61,25
1,5056,244.876131477939,82,81
62,6524,2957.26832322412,65,3
35,8194,1400.54350021015,63,28
35,8103,1384.98950234353,91,56
60,4888,2081.97597466831,72,12
1,3401,164.719881953416,77,76
7,3772,217.68428006692,90,83
38,8990,1729.40661807633,69,31
43,2487,580.691317316608,63,20
0,4602,297.437260883491,69,69
77,9230,6165.17458839375,84,7
69,5807,3212.88372499239,76,7
90,8607,7119.14429433883,94,4
86,2292,1794.42414216379,86,0
6,3590,200.311313764221,67,61
67,4428,2321.48862842945,82,15
78,5264,3588.54894412629,80,2
27,2709,336.752193541485,32,5
74,6683,4181.18661530433,90,16
21,3423,335.339983298228,30,9
48,6950,1957.94952956382,73,25
40,9261,1926.17399507898,61,21
31,5627,820.451489027872,84,53
93,9756,8391.66433023188,97,4
80,5896,4177.90318301986,86,6
14,4874,363.799388324705,46,32
30,7401,1036.93723961454,91,61
42,1448,325.377373496184,71,29
2,5173,256.481957623636,61,59
8,5742,343.137615536049,74,66
95,4294,3806.43505214172,95,0
51,2180,684.817951446725,65,14
99,9041,8610.47619047619,99,0
8,5486,327.839247445274,84,76
84,2856,2168.51651263955,90,6
34,4202,690.32168395382,68,34
98,6694,6276.57296845723,98,0
88,7002,5639.61683667589,90,2
34,5383,884.341176754739,78,44
6,3704,206.672174424143,46,40
47,6424,1744.06406232724,70,23
78,6675,4550.44912652792,87,9
9,5798,359.076738064134,38,29
62,2134,967.322287210343,79,17
47,9114,2474.37731383103,67,20
9,9643,597.201963634434,57,48
36,1224,217.647585263956,85,49
32,5829,884.438720954698,78,46
41,7621,1647.7218871826,69,28
72,2677,1597.76333357921,84,12
57,7091,2740.26680706976,84,27
29,7132,960.192270553571,79,50
64,3562,1714.44669201812,83,19
90,4217,3488.02503650829,93,3
53,4812,1622.45745545886,76,23
49,6490,1896.62618234897,66,17
69,4738,2621.42984140072,81,12
11,4691,312.657605886192,80,69
27,6010,747.09512114593,69,42
23,2675,283.617784254513,82,59
96,4645,4197.22779428025,97,1
12,3526,243.970439221331,81,69
38,2841,546.52327051778,87,49
11,2389,159.228100716715,80,69
29,3667,493.693922619174,71,42
51,2953,927.645601202834,82,31
95,4710,4175.20006883733,97,2
78,2423,1651.79599004901,92,14
57,2535,979.632824132257,84,27
0,8069,521.517005230093,71,71
63,10000,4672.28377485822,73,10
70,2095,1189.57485219244,88,18
61,1629,715.979315069742,90,29
55,6319,2282.96158524573,65,10
89,1272,1038.39986879468,95,6
31,1366,199.171269595179,68,37
74,8020,5017.67419642985,83,9
66,8228,4195.13924325316,74,8
0,2577,166.557110233976,75,75
82,6955,5108.41822873801,85,3
62,3937,1784.60536304926,76,14
41,4525,978.341627017619,80,39
98,6477,6073.1047380785,98,0
32,6314,958.028149615365,45,13
63,2028,947.539149541247,88,25
97,9968,9182.53999202168,97,0
51,4331,1360.52593931916,62,11
50,6917,2096.16058368105,67,17
93,4286,3686.62088144463,95,2
49,1904,556.421610353228,81,32
28,3981,515.006625573016,60,32
91,2825,2367.0373437659,96,5
33,6163,973.049544386419,72,39
64,5975,2875.86159034482,77,13
86,8878,6950.65337440234,91,5
81,4930,3557.88500566889,84,3
75,3235,2070.04629794175,83,8
36,1191,211.779635661251,83,47
84,4816,3656.71411935297,86,2
80,4305,3050.52123522736,95,15
52,1884,613.267091851736,57,5
85,5600,4318.9500357718,92,7
4,5682,297.656226908074,59,55
59,2960,1221.15745043386,78,19
60,3160,1345.95828149588,92,32
72,9014,5379.99203917932,84,12
45,6754,1701.41512678689,54,9
36,2651,471.391951417277,72,36
10,9949,639.046908745516,77,67
38,9134,1757.10790317121,86,48
54,1350,471.276376591687,90,36
27,1810,224.998697050604,87,60
91,2157,1807.32727451435,93,2
36,5246,932.826170175419,43,7
0,6227,402.464542268905,47,47
94,4306,3756.71472328522,96,2
12,9894,684.584096896156,82,70
10,7413,476.153858129512,85,75
22,7403,754.462653701238,59,37
80,1098,778.042349890741,82,2
87,5486,4357.50314164385,88,1
92,7454,6326.93926239174,92,0
20,1185,111.610912914373,75,55
47,1331,361.35573894109,87,40
94,9257,8076.15146155394,97,3
3,5344,272.020418681299,88,85
17,4224,353.846329663206,39,22
42,7970,1790.92380301422,79,37
97,7841,7223.14366748014,97,0
47,1616,438.730934732383,50,3
18,6149,535.526686914429,42,24
27,7356,914.414594201241,85,58
17,5845,489.638209488977,84,67
79,9171,6376.33432100691,92,13
46,7204,1884.23551354689,80,34
89,6739,5501.39678915674,90,1
22,5806,591.707438523489,67,45
54,5058,1765.71549096352,81,27
12,3489,241.410341021901,90,78
41,3376,729.918526588173,62,21
36,1431,254.455632771831,79,43
17,4189,350.914364336925,44,27
58,7935,3169.13213483649,77,19
75,3914,2504.53205877713,90,15
16,1258,101.385834326059,34,18
94,9299,8112.79382532031,95,1
76,1962,1283.14892652704,88,12
94,4946,4315.07455210606,96,2
8,1341,80.1371547255036,68,60
88,7446,5997.22750155508,91,3
73,9316,5694.77947709819,82,9
83,4907,3665.69855429844,86,3
27,9783,1216.1117421249,72,45
35,2238,382.525793686883,61,26
96,8429,7616.45491452922,98,2
59,6760,2788.85958274761,67,8
41,5395,1166.44266911824,72,31
33,8635,1363.34298487372,78,45
58,5877,2347.1946510944,76,18
50,1016,307.893473040328,83,33
71,3498,2037.05783621053,76,5
9,9201,569.828400642997,82,73
14,5272,393.506437268742,84,70
25,1211,139.002787049071,59,34
82,2738,2011.04947667645,89,7
35,7229,1235.60275360254,86,51
49,2604,760.988378865444,93,44
99,6914,6584.7619047619,99,0
42,2491,559.747953991018,77,35
29,5827,784.498087565292,79,50
94,7403,6458.65283243857,94,0
76,5285,3456.39249576728,81,5
35,6654,1137.32199785189,67,32
99,6684,6365.71428571429,99,0
68,6771,3647.90598789449,87,19
95,1457,1291.5640128017,98,3
8,8668,517.993182073576,70,62
94,4897,4272.32512771196,94,0
39,1496,299.266816268335,76,37
55,5950,2149.6473227112,58,3
10,3059,196.486530691781,77,67
45,6058,1526.08422239783,79,34
1,3241,156.970637286393,65,64
30,6822,955.814869429855,90,60
12,5285,365.678891459085,72,60
61,3569,1568.64958593242,66,5
47,6129,1663.97394738538,62,15
99,2256,2148.57142857143,99,0
74,5040,3153.25161471402,81,7
21,9265,907.661392129152,85,64
10,4257,273.436796716219,78,68
69,7332,4056.63224929296,85,16
53,4027,1357.77975335263,87,34
78,1768,1205.27251770807,79,1
45,3643,917.716213634088,77,32
67,6395,3352.73707741787,81,14
16,1811,145.953693135526,89,73
98,8054,7551.76556437923,98,0
24,2397,264.418834450615,35,11
64,4661,2243.41269834263,81,17
26,6885,822.402260447331,60,34
97,7973,7344.7423110342,97,0
58,8625,3444.70884221358,88,30
18,5944,517.672894294905,77,59
58,6205,2478.19343373162,78,20
29,5477,737.377042319393,66,37
70,5510,3128.66703368991,72,2
91,6024,5047.44529516664,93,2
82,6131,4503.19369667761,85,3
75,7328,4689.11878556945,86,11
96,4237,3828.55848533163,96,0
17,2826,236.735257487742,35,18
14,1562,116.588970981368,33,19
29,8300,1117.44193011703,69,40
80,5822,4125.46681335509,82,2
73,9737,5952.13265011862,76,3
60,7978,3398.11872461207,67,7
29,8582,1155.40802942944,89,60
1,4522,219.013027401749,71,70
35,3434,586.949765648238,80,45
17,5875,492.15132262579,36,19
42,9426,2118.09884155734,92,50
75,3792,2426.46539777284,81,6
75,2351,1504.3829509926,93,18
31,1882,274.407268944456,76,45
8,6286,375.646647728945,76,68
51,9965,3130.37196613147,70,19
58,7322,2924.30819045656,80,22
25,5691,653.232750698813,69,44
37,1440,266.347112977696,48,11
74,6409,4009.75984101233,83,9
79,8416,5851.40438835396,82,3
34,1268,208.312207342562,85,51
61,6391,2808.97716550689,68,7
45,2570,647.414402700962,87,42
36,2281,405.599789205134,55,19
23,5773,612.084287290206,86,63
9,3450,213.662426064378,73,64
27,5406,672.012683014126,81,54
72,9525,5684.98160341502,84,12
98,4824,4523.18314906449,98,0
56,4274,1597.35704471933,76,20
32,6631,1006.1268071111,65,33
10,6086,390.917628568219,85,75
15,2140,165.961133343231,78,63
71,6876,4004.23375694213,74,3
45,3162,796.546436319238,51,6
30,4802,672.797273966896,74,44
61,2236,982.768415282961,76,15
83,9528,7117.74522627992,85,2
93,8469,7284.64588076402,93,0
58,4935,1970.97253754481,70,12
61,2095,920.795988380055,68,7
67,2894,1517.25114965556,71,4
23,9931,1052.93765062862,80,57
0,1143,73.8745739221709,29,29
87,2733,2170.80861941535,98,11
26,1940,231.729903452117,85,59
27,9913,1232.27186953737,89,62
19,7738,700.784845635139,82,63
56,7985,2984.29948574728,72,16
3,1243,63.2712163961181,81,78
29,5932,798.634401139061,86,57
83,7355,5494.43914140311,87,4
15,6133,475.625995698146,84,69
55,3716,1342.53604221762,79,24
92,5180,4396.77292449547,92,0
85,9638,7433.2215079944,88,3
55,2240,809.278992079511,80,25
75,6095,3900.13359689489,85,10
28,2183,282.406295811579,70,42
71,9538,5554.44758198285,72,1
61,8636,3795.70126761344,92,31
94,5822,5079.32956780458,95,1
47,3314,899.724206499454,79,32
96,4834,4368.00843004321,97,1
50,9512,2882.56172791299,65,15
95,8462,7501.17685403429,99,4
81,3610,2605.26670800501,94,13
83,7293,5448.12299908265,88,5
91,2589,2169.29546301236,96,5
35,1983,338.940415049638,68,33
85,6778,5227.47202543951,87,2
84,1477,1121.46319648761,93,9
52,6363,2071.24124493237,89,37
86,4144,3244.36895511639,89,3
70,9302,5281.82590696615,75,5
67,7708,4041.10983467349,88,21
58,9891,3950.33219227067,64,6
37,6753,1249.05698190166,86,49
74,6789,4247.50500243918,84,10
25,9921,1138.76684584131,73,48
53,5658,1907.70246944852,60,7
47,1498,406.694888755637,70,23
90,2511,2076.93404474088,98,8
60,9997,4258.08384180833,85,25
57,4289,1657.45372098748,74,17
23,1526,161.794668699958,88,65
71,2873,1673.08952642448,82,11
78,1383,942.812156103088,96,18
43,7922,1849.7131547174,72,29
89,6525,5326.69744016141,92,3
28,5939,768.305538628019,77,49
76,4432,2898.53009294996,86,10
18,8391,730.78621400211,84,66
11,8737,582.325624094576,78,67
92,3866,3281.45253399604,92,0
28,2288,295.989741097981,78,50
23,3912,414.771129720992,84,61
23,1412,149.707779950419,77,54
45,6799,1712.75117663963,93,48
1,6946,336.414084107153,83,82
2,6162,305.517460444006,53,51
66,8946,4561.21969739217,88,22
53,9234,3113.41898248278,81,28
82,5701,4187.36050640337,82,0
83,9410,7029.59514896033,91,8
42,7283,1636.54931710822,81,39
17,6644,556.570789366085,76,59
65,3256,1613.4598907823,72,7
4,2406,126.040281932563,87,83
51,2704,849.425569133919,84,33
32,8154,1237.21278618367,83,51
4,5794,303.523438702108,76,72
43,3982,929.759881606246,70,27
55,8644,3122.94982479254,72,17
8,2865,171.210252265897,37,29
93,7830,6735.00734990935,93,0
39,6469,1294.08892676461,87,48
85,8238,6353.48399905144,97,12
95,5033,4461.52482939667,96,1
7,1718,99.1467638268738,68,61
50,6728,2038.88512462139,79,29
45,5607,1412.47181165148,69,24
7,6351,366.519846952547,53,46
44,5787,1403.69251504602,69,25
15,4842,375.506452171926,46,31
9,2565,158.853368943516,82,73
60,4122,1755.70887225507,69,9
73,6081,3717.2556891621,87,14
13,5939,426.736145957406,20,7
93,3772,3244.5016250138,95,2
83,6000,4482.20732133496,85,2
19,2768,250.681371506599,81,62
74,7057,4415.17790576128,85,11
62,4431,2008.53095343441,90,28
42,8644,1942.37708321893,60,18
36,7656,1361.36430782749,83,47
25,6328,726.349823655261,79,54
7,5877,339.165035512536,90,83
51,8635,2712.57018841398,83,32
81,2736,1974.51792606695,87,6
17,4551,381.239262854463,86,69
22,1671,170.296784321865,53,31
71,4594,2675.31266425133,78,7
33,4638,732.273858001657,81,48
96,6118,5528.23243173446,96,0
95,1570,1391.73335627911,97,2
56,4822,1802.16557548821,83,27
67,1610,844.082360381983,89,22
6,4914,274.186572656652,73,67
98,1286,1205.807116438,98,0
75,3360,2150.03263093796,84,9
83,3251,2428.60933360999,88,5
22,2404,244.999084087232,84,62
89,4370,3567.45866873646,90,1
62,4032,1827.66797658487,76,14
63,1683,786.345359308638,86,23
54,7245,2529.18322104205,67,13
90,1693,1400.33824681255,90,0
73,1652,1009.85140577138,83,10
48,3375,950.802829104733,71,23
46,2023,529.123881719235,78,32
7,3519,203.083505184382,70,63
94,2892,2523.08847648417,94,0
34,6974,1145.71714038409,64,30
79,5361,3727.35015755294,81,2
20,7821,736.63202523486,85,65
31,5308,773.939311135586,87,56
45,8985,2263.43128726387,87,42
96,6278,5672.80863132216,98,2
6,5893,328.811858499318,73,67
12,4061,280.98807534822,73,61
4,3360,176.016353821036,87,83
81,8748,6313.26126360882,85,4
9,5787,358.395495546248,70,61
73,2482,1517.22226944587,92,19
4,2852,149.404357469522,88,84
26,8765,1046.96525966897,83,57
97,1101,1014.24323146227,98,1
25,4910,563.586857482195,73,48
97,5303,4885.13338459982,98,1
31,8258,1204.06760198901,78,47
92,1651,1401.3652699502,96,4
59,8580,3539.70639348735,82,23
63,4421,2065.61665686482,77,14
45,6293,1585.28359385103,67,22
27,7246,900.74064023684,84,57
12,2240,154.98972883034,70,58
84,1702,1292.30220746236,93,9
36,4546,808.354511936229,82,46
72,1762,1051.64699057399,91,19
97,9105,8387.54279969476,99,2
88,3041,2449.3108826523,96,8
60,1663,708.331842445458,94,34
55,3556,1284.73039992622,56,1
63,1796,839.142165964536,81,18
14,7570,565.03105654863,65,51
52,7843,2553.00095615348,71,19
45,4987,1256.28623590261,71,26
73,5612,3430.56058667615,81,8
61,7447,3273.11108614142,85,24
22,2254,229.712119605915,65,43
21,9515,932.153064879534,52,31
64,4882,2349.78347850434,78,14
18,9079,790.705283866662,62,44
75,9461,6054.00557181666,85,10
79,3490,2426.49730458119,86,7
17,3451,289.091781171336,68,51
56,5192,1940.44870757669,58,2
26,3984,475.882440903728,63,37
78,4458,3039.0864728182,90,12
59,6242,2575.15702892168,75,16
32,6139,931.475262985228,77,45
43,9172,2141.57650278566,81,38
45,1153,290.454788449109,82,37
35,2911,497.557008678515,72,37
87,8078,6416.31614622657,87,0
88,4567,3678.39618581816,94,6
22,5883,599.554746957231,63,41
25,6872,788.792033527015,82,57
92,7399,6280.2553799888,94,2
53,1374,463.270270947731,74,21
6,2013,112.319407968629,74,68
32,4861,737.563325194851,67,35
6,1775,99.0397164154573,73,67
35,9721,1661.54300287319,81,46
19,3714,336.354990525835,74,55
60,6439,2742.60296663037,77,17
54,9009,3144.98435312186,78,24
59,9253,3817.35469218397,72,13
43,6641,1550.61159561705,92,49
54,2903,1013.41875647827,63,9
14,2689,200.709182438476,57,43
8,9612,574.405914408308,77,69
97,1095,1008.71602039163,99,2
52,4462,1452.44042666796,79,27
6,3579,199.697546507562,68,62
76,5310,3472.74250757318,78,2
6,2298,128.221559618434,88,82
56,1157,432.415091422618,75,19
14,9295,693.786482248284,89,75
0,1143,73.8745739221709,47,47
14,5083,379.399321061649,71,57
90,1630,1348.22879049289,98,8
15,7085,549.455434456443,63,48
5,4483,242.177535894114,73,68
67,2394,1255.11377065495,83,16
92,2363,2005.70934760286,97,5
45,4895,1233.11031175923,61,16
27,6470,804.277110451608,64,37
57,7569,2924.98652696531,85,28
93,1994,1715.1474656091,98,5
38,2593,498.81550174326,84,46
28,1868,241.655959952372,74,46
88,9237,7439.7516024529,89,1
76,6853,4481.86523623333,77,1
2,7866,390.00330150155,16,14
1,9124,441.900677137009,85,84
70,3990,2265.586472672,74,4
44,8425,2043.56478991926,92,48
51,7009,2201.78395490371,56,5
90,2025,1674.94681027491,93,3
0,6568,424.504113316552,77,77
32,6322,959.241995861315,63,31
85,2712,2091.60580303806,85,0
38,1245,239.500694049502,86,48
62,4385,1987.6795826698,78,16
43,5279,1232.59729156187,78,35
20,7524,708.658657187967,77,57
20,9895,931.974669441112,76,56
41,5745,1242.11550214723,92,51
40,5046,1049.50588264426,75,35
81,8918,6435.94695345947,87,6
63,4263,1991.79457322206,80,17
9,3053,189.075764282477,86,77
3,7763,395.152415835129,70,67
63,5611,2621.61842607295,92,29
8,6001,358.615261377888,84,76
80,9050,6412.82629008306,86,6
21,2732,267.644999816173,69,48
76,5435,3554.49256660268,80,4
54,5078,1772.69736320932,72,18
14,6811,508.378669240781,71,57
93,7789,6699.74102789833,97,4
39,2316,463.303440158733,75,36
79,7854,5460.66184245865,79,0
86,8238,6449.59253191332,93,7
71,1274,741.91300266787,87,16
87,7011,5568.80323114564,93,6
61,5868,2579.10780898051,86,25
4,3837,201.004389765273,90,86
60,1290,549.457652889141,68,8
0,7263,469.423473662928,64,64
98,8342,7821.806349398,98,0
75,1041,666.126181192384,84,9
66,1556,793.344271086767,87,21
37,5869,1085.54944865701,92,55
8,1940,115.932945687902,26,18
41,3354,725.161948512065,69,28
58,2745,1096.31603152189,66,8
10,5838,374.988024249304,73,63
3,4265,217.09713429561,79,76
36,9439,1678.41140302817,64,28
95,8294,7352.25252036876,97,2
46,9411,2461.48534397416,74,28
45,2609,657.238979240004,83,38
84,3669,2785.81480562833,97,13
1,1499,72.6007359741754,75,74
20,3394,319.668724414668,76,56
99,1983,1888.57142857143,99,0
42,3744,841.307241968033,55,13
69,4116,2277.29109903025,85,16
21,1564,153.219904726389,79,58
59,1298,535.494044142958,93,34
32,6391,969.711419732626,76,44
74,8888,5560.73419674171,88,14
66,9410,4797.79536691933,90,24
2,9215,456.887925672106,87,85
1,5874,284.494144838096,76,75
75,3723,2382.31294195893,81,6
98,8089,7584.58302089193,98,0
33,6527,1030.51993772678,79,46
17,9671,810.143904870471,83,66
81,2069,1493.15701353528,97,16
20,9629,906.921080550629,68,48
31,9296,1355.4144378893,85,54
56,2462,920.143435680627,89,33
12,7789,538.935266901572,47,35
41,3745,809.699313410162,65,24
9,2555,158.234057563619,52,43
86,2678,2096.62646278998,87,1
30,6034,845.409985655196,31,1
92,4987,4232.95493715423,98,6
39,5250,1050.23448222511,76,37
27,7821,972.218126868938,47,20
64,4880,2348.82084700966,70,6
18,5113,445.299715432343,69,51
69,2246,1242.66176103546,81,12
85,3120,2406.27216278715,91,6
36,1875,333.406227426403,68,32
14,6558,489.494540138165,74,60
29,7690,1035.31667983132,84,55
90,4365,3610.44090214813,90,0
63,6380,2980.91704835954,74,11
35,9452,1615.56470148723,68,33
97,2079,1915.17863597643,97,0
89,1915,1563.31426787879,93,4
16,4495,362.264964463937,87,71
80,2131,1510.02572642729,86,6
47,1977,536.73951606802,69,22
29,9474,1275.49937902756,82,53
68,6448,3473.8883192946,75,7
61,7521,3305.63562224649,73,12
75,8669,5547.21216595272,90,15
61,9953,4374.55010613207,79,18
88,4892,3940.16074907433,96,8
27,2430,302.070073940867,73,46
4,5097,267.010522448161,87,83
21,5673,555.765038051665,78,57
44,5632,1366.09577410389,76,32
94,8077,7046.67552716551,98,4
45,6869,1730.38503196611,79,34
5,1647,88.9730987324573,87,82
94,5634,4915.31136808846,99,5
77,6071,4055.12187715476,82,5
11,3353,223.479205401066,90,79
54,5570,1944.45142045607,76,22
91,9261,7759.69304092601,93,2
38,9932,1910.61919140535,45,7
5,9957,537.890190697679,72,67
94,5892,5140.40017408186,94,0
75,4102,2624.83150360342,80,5
95,3195,2832.22170274634,97,2
51,3790,1190.57799815738,80,29
25,7518,862.942157749723,65,40
79,2010,1397.49558229461,83,4
93,8351,7183.14768570791,94,1
82,1748,1283.89864325436,96,14
40,9567,1989.81822815253,79,39
31,5215,760.379334508682,80,49
78,7684,5238.29978850046,87,9
15,6670,517.271382896892,80,65
58,8271,3303.32600973316,62,4
86,5255,4114.17926137467,87,1
97,5542,5105.30062558027,99,2
26,5386,643.349103089227,76,50
84,2679,2034.12315733941,91,7
54,4564,1593.26324649219,84,30
69,7399,4093.7018565901,91,22
30,3904,546.980540934353,81,51
25,1018,116.849576561482,80,55
3,3997,203.455391741982,67,64
70,9770,5547.5638691743,85,15
42,2709,608.734326520139,47,5
26,7774,928.591891462244,79,53
3,3570,181.720227300194,81,78
16,6401,515.874980541416,54,38
14,7257,541.66847785646,77,63
87,7056,5604.5465124752,89,2
70,5233,2971.38195776756,75,5
16,6505,524.256639341026,81,65
79,6166,4287.04366190476,83,4
38,4028,774.866502515177,80,42
7,7282,420.248390097378,36,29
64,5331,2565.89424905912,88,24
70,4902,2783.43480928274,86,16
80,4951,3508.27657040898,84,4
54,3313,1156.54713751723,91,37
53,7501,2529.10502356545,63,10
8,1144,68.3645824056496,69,61
18,6619,576.459772432364,49,31
60,4539,1933.32425307272,60,0
47,3580,971.94105590466,78,31
66,9353,4768.73326958518,91,25
36,3166,562.967528550396,55,19
88,2201,1772.75016531329,90,2
50,6362,1927.9707435852,74,24
84,6663,5059.11257833239,87,3
92,5477,4648.86588947137,92,0
16,4909,395.630413916233,77,61
11,1923,128.168956751044,65,54
12,4915,340.077909464787,81,69
41,1184,255.990383732345,73,32
56,3795,1418.33644939398,73,17
9,3051,188.951902006498,80,71
79,4953,3443.67941249016,85,6
2,1374,68.1241464865408,90,88
5,3277,177.027835182916,79,74
48,2762,778.108863403636,85,37
40,6337,1318.01799015393,42,2
69,5501,3043.58074241143,73,4
85,2369,1827.07011334703,89,4
58,9418,3761.42236243101,69,11
22,4984,507.934873165875,57,35
59,1815,748.78404477617,74,15
61,5561,2444.17493622028,72,11
53,5479,1847.34920998735,68,15
71,5450,3173.8036613343,78,7
3,3288,167.365856404213,85,82
52,8094,2634.70479907004,58,6
68,6647,3581.10044329268,83,15
74,1476,923.45225859482,79,5
93,4135,3556.73759794063,98,5
58,1078,430.538681960144,93,35
22,1930,196.692276326272,80,58
85,5249,4048.24441745825,94,9
0,5996,387.534510268886,89,89
7,7903,456.086655718151,82,75
23,2171,230.181012940765,91,68
88,6264,5045.20992072805,90,2
28,6760,874.515144153125,84,56
30,9104,1275.54068767068,84,54
25,1225,140.609755685476,72,47
12,7491,518.316097619679,70,58
28,6734,871.15162436792,85,57
4,8729,457.275819197567,78,74
10,6130,393.743848689317,87,77
72,1846,1101.78226140726,79,7
20,9494,894.205913256586,68,48
65,6836,3387.47291565965,66,1
31,2061,300.50657879624,62,31
32,4901,743.632556424597,85,53
92,5060,4294.91718107086,94,2
46,1508,394.423536150571,60,14
37,6464,1195.60259603322,90,53
44,6127,1486.16278549974,51,7
69,7797,4313.90638948953,78,9
84,7911,6006.69962587237,84,0
10,3041,195.330349733151,80,70
56,6497,2428.1770518347,71,15
32,6031,915.088338664914,85,53
40,6134,1275.79648912801,44,4
18,9694,844.266661725236,90,72
16,8973,723.159850085631,79,63
7,2674,154.318071288161,75,68
30,6858,960.858747368799,75,45
78,7676,5232.84606670087,82,4
42,1278,287.176991248704,73,31
69,7473,4134.64440793321,92,23
3,4420,224.986948085955,76,73
54,6611,2307.85787085011,90,36
13,4796,344.607940059222,89,76
36,2437,433.33918732701,75,39
67,7445,3903.22557331917,83,16
94,1832,1598.30500999966,97,3
13,7921,569.149185406401,82,69
2,5400,267.73682025278,77,75
47,2949,800.629657503587,67,20
35,1427,243.907197315095,75,40
81,5362,3869.65099399525,94,13
72,8732,5211.6807728105,86,14
59,4154,1713.74596253455,85,26
63,4039,1887.13541666523,91,28
28,4184,541.267953126727,79,51
73,3532,2159.07697650395,79,6
99,1224,1165.71428571429,99,0
37,5813,1075.19150537455,45,8
79,7058,4907.22578101262,84,5
29,1477,198.850810937693,82,53
17,5934,497.093778461521,87,70
19,1920,173.883032258913,66,47
98,5088,4770.7205353317,99,1
64,1088,523.671533103794,88,24
10,2715,174.390627926835,58,48
24,3344,368.884681853507,75,51
11,7682,512.00932176886,85,74
62,5001,2266.90663464804,94,32
97,4328,3986.96158562097,98,1
59,4902,2022.33575068473,76,17
88,1804,1452.99468342806,99,11
3,6748,343.486861014485,72,69
84,6803,5165.41240738335,86,2
8,5769,344.751115295623,84,76
92,7280,6179.24843442607,93,1
73,9865,6030.37779535999,95,22
98,5010,4697.58448938912,98,0
52,8948,2912.69317297735,79,27
85,9090,7010.58139735101,87,2
79,3324,2311.08224654094,97,18
13,4811,345.685738036888,27,14
9,9672,598.997966636134,85,76
13,1473,105.839761406846,67,54
91,1451,1215.77741090418,96,5
88,7650,6161.53510433741,97,9
6,8988,501.503645713876,27,21
58,9554,3815.73893084157,87,29
92,4843,4110.7280450447,97,5
64,4083,1965.21219638124,73,9
97,3919,3610.19003097241,99,2
87,4222,3353.5140838535,89,2
72,1670,996.736932042319,76,4
85,4630,3570.8461902899,89,4
31,1858,270.907920137513,75,44
40,2524,524.960929011915,78,38
19,8384,759.289240863919,90,71
46,1575,411.947658777951,68,22
3,2422,123.284703227191,77,74
89,4757,3883.38693070465,91,2
35,2927,500.291777534185,58,23
41,2053,443.875217738602,79,38
25,2299,263.88720679258,80,55
23,4995,529.596572841604,51,28
69,5737,3174.15428453269,73,4
64,6200,2984.15763349588,75,11
90,9491,7850.33095126871,90,0
7,7483,431.848215201686,86,79
29,8933,1202.66370623318,78,49
31,1665,242.767323481679,90,59
73,1959,1197.51749631122,80,7
35,3375,576.865305492953,65,30
94,4421,3857.04500502646,97,3
87,8031,6378.9842746157,95,8
16,3843,309.718411220225,85,69
97,4688,4318.59424985931,99,2
60,3462,1474.59100333504,81,21
91,8113,6797.79609556556,92,1
8,9064,541.657845213993,85,77
21,7628,747.289918959651,53,32
34,5058,830.948852317568,45,11
17,8845,740.949523170232,64,47
74,5804,3631.24451821432,89,15
74,6234,3900.27193772365,85,11
50,3701,1121.56864539592,89,39
63,1757,820.920259242589,63,0
43,2666,622.486148759983,68,25
9,7975,493.900825467656,74,65
55,1047,378.265671744307,81,26
56,2750,1027.78003579274,79,23
65,3978,1971.23570194472,84,19
85,4274,3296.28436658726,86,1
57,1194,461.412856810223,76,19
65,8126,4026.71224585288,80,15
58,5678,2267.71673114072,77,19
59,1929,795.815108745582,82,23
48,3379,951.92970653182,79,31
92,2684,2278.17346126368,93,1
40,5040,1048.25795650557,72,32
20,6486,610.89314866044,71,51
23,3562,377.662260753112,68,45
26,9451,1128.9068647041,71,45
50,1615,489.417282441073,80,30
48,9962,2806.4882321604,80,32
98,9964,9342.66104835791,99,1
63,7999,3737.35979150909,80,17
67,2490,1305.44414742307,88,21
18,6044,526.38206142638,53,35
18,6699,583.427106137545,71,53
42,1776,399.081640420734,77,35
89,4991,4074.41332166216,89,0
8,2724,162.7841979659,75,67
3,7690,391.436568049999,77,74
38,1323,254.50555680923,63,25
87,6520,5178.8043170831,89,2
97,3631,3344.88389958173,98,1
46,9392,2456.51581666191,84,38
41,2161,467.225691930403,80,39
18,8603,749.249648320839,69,51
75,3370,2156.43153757765,79,4
1,4661,225.745183706225,70,69
0,7168,463.283417212704,85,85
17,5477,458.810688344077,75,58
58,2894,1155.82462485404,85,27
92,1992,1690.80534084845,95,3
98,8511,7980.26778227361,99,1
72,3061,1826.95314310272,83,11
51,1036,325.445595274682,82,31
21,4439,434.87414135578,69,48
52,7681,2500.26779857388,60,8
59,6463,2666.33128451151,91,32
70,3531,2004.95885589094,78,8
39,2176,435.297187299397,86,47
56,2728,1019.5577955064,65,9
31,8214,1197.65212917628,74,43
42,8058,1810.69811853056,76,34
95,1474,1306.63373704166,95,0
25,6914,793.612939436231,77,52
60,2457,1046.52515747955,81,21
93,3523,3030.32323036151,94,1
76,9339,6107.71041021203,76,0
67,6212,3256.79479670365,68,1
67,9447,4952.82363883763,85,18
11,6109,407.168048253836,57,46
35,5300,905.892183440786,70,35
83,4126,3082.26456797134,88,5
82,3808,2796.95997340537,86,4
66,3652,1862.0136748129,67,1
77,3534,2360.53380231674,77,0
70,7668,4354.01430387191,80,10
26,3767,449.962137270166,91,65
76,5141,3362.21642776529,82,6
4,2394,125.411652097488,86,82
17,8591,719.671831945219,74,57
89,3137,2560.89653176802,91,2
85,3864,2980.07552468254,90,5
67,2013,1055.36508785648,78,11
24,4859,536.007975217163,27,3
61,2251,989.361226655611,79,18
95,6716,5953.42752915319,95,0
51,1508,473.718105863147,66,15
72,1680,1002.70541666533,77,5
36,9965,1771.94296336219,72,36
6,6267,349.67994522573,87,81
94,4468,3898.04955495549,96,2
17,1785,149.530231640346,53,36
40,5127,1066.35288551668,70,30
75,5605,3586.58717154977,93,18
42,2300,516.828700995319,66,24
32,4864,738.018517537082,58,26
20,6513,613.436182119249,78,58
93,1693,1456.24105279649,95,2
14,3351,250.121409576547,77,63
80,9678,6857.82683264352,91,11
72,9888,5901.63759523021,88,16
90,5603,4634.43307554089,95,5
87,4567,3627.54590738014,92,5
20,3158,297.440728256193,78,58
58,7105,2837.64131291913,73,15
12,5355,370.522320485033,64,52
58,1424,568.726422181117,61,3
93,4845,4167.44707666804,94,1
74,4279,2677.13564669867,88,14
55,9503,3433.29386684446,84,29
92,9539,8096.68280439427,93,1
56,5142,1921.76179783501,69,13
64,5575,2683.33529140961,81,17
28,6598,853.55782856839,89,61
11,9743,649.376050767249,75,64
59,4800,1980.25532502789,85,26
88,3125,2516.9669543862,89,1
51,3152,990.158799522971,68,17
47,9590,2603.60746539824,49,2
91,2302,1928.82122667225,96,5
17,8683,727.378712231444,87,70
70,6983,3965.06023525528,79,9
36,8572,1524.2443634662,84,48
69,8416,4656.38529869743,79,10
5,1273,68.769128528487,86,81
75,5094,3259.60304226129,89,14
6,1675,93.4600140821921,79,73
25,4479,514.115180175713,78,53
96,7886,7125.79943717848,97,1
42,7054,1585.09115513956,77,35
9,8681,537.624208888367,62,53
94,6412,5594.0675349988,96,2
39,3848,769.771864305183,53,14
14,5522,412.16664389188,54,40
27,8291,1030.64320289865,87,60
92,3456,2933.44541062864,95,3
43,5483,1280.22938996661,65,22
16,6497,523.611896356441,43,27
70,1330,755.195490890667,75,5
83,5654,4223.73336580465,86,3
46,9329,2440.0379103108,91,45
89,1458,1190.24135904296,93,4
11,4030,268.601609831881,23,12
45,3248,818.21088714892,56,11
22,9338,951.66449551022,60,38
42,4154,933.43757562372,77,35
16,2581,208.010205401874,40,24
78,1415,964.627043301424,91,13
60,7344,3128.07519598283,72,12
56,8320,3109.50178101658,77,21
8,1276,76.2528034524554,70,62
94,2704,2359.07027676805,94,0
40,4915,1022.25949528271,87,47
21,3139,307.517443053795,81,60
44,6418,1556.74763462336,85,41
63,7334,3426.65292048102,81,18
30,7355,1030.49228447033,80,50
37,1749,323.50076430416,90,53
8,8716,520.861626090596,88,80
52,9513,3096.60819786919,62,10
58,3203,1279.23506337508,64,6
17,4985,417.595632900351,71,54
69,7008,3877.37026773664,74,5
17,6339,531.020805808491,47,30
76,2879,1882.86735956745,85,9
82,4735,3477.83757197333,85,3
74,3859,2414.36467880583,81,7
24,3594,396.462783068632,84,60
49,2233,652.567991553969,80,31
48,4241,1194.77179206909,85,37
25,4316,495.405473908993,53,28
76,9330,6101.82440596191,78,2
66,1183,603.165985022908,83,17
93,6275,5397.46757607678,97,4
86,2400,1878.97815933381,89,3
24,4699,518.357990439483,74,50
95,4661,4131.76380485155,98,3
60,3762,1602.37185284415,75,15
41,5726,1238.00754835423,61,20
18,6001,522.637119559846,74,56
91,5406,4529.62969217644,98,7
78,8451,5761.17536603557,85,7
40,5048,1049.92185802383,82,42
14,2933,218.921544102659,79,65
63,9419,4400.82408753896,80,17
39,3838,767.771417672373,80,41
31,3144,458.414693709548,55,24
84,7235,5493.42330845488,97,13
59,4912,2026.46128261187,80,21
93,2641,2271.66723002689,95,2
16,2361,190.279773325774,62,46
9,8260,511.551199794714,67,58
72,6550,3909.35742807017,82,10
49,4034,1178.88906311183,73,24
37,4752,878.945472826398,86,49
49,4125,1205.48274301842,53,4
2,4135,205.016991063935,72,70
98,9604,9005.11006708444,98,0
61,1074,472.045294281709,82,21
21,3272,320.547012956998,87,66
52,6579,2141.55212170519,79,27
99,4865,4633.33333333333,99,0
79,2870,1995.42901551519,85,6
83,5733,4282.74909553556,93,10
68,1264,680.985551424995,76,8
35,9051,1547.02455704199,46,11
51,2960,929.844557927663,55,4
45,8908,2244.03404640474,73,28
39,6340,1268.28316520137,65,26
5,4239,228.996336081898,76,71
78,7908,5391.00399888881,84,6
14,9146,682.664999100894,89,75
96,6099,5511.06400803342,98,2
76,7855,5137.1737094138,87,11
25,2434,279.382975786489,79,54
42,5420,1217.91806930201,57,15
97,9607,8849.98612593823,97,0
88,9489,7642.7198176546,91,3
91,7577,6348.68741724396,94,3
3,7174,365.171123431819,71,68
48,3842,1082.36576871715,72,24
7,9114,525.974159207292,58,51
42,2542,571.208068665262,65,23
18,4034,351.327802083722,73,55
6,3985,222.351137980618,68,62
65,2584,1280.46079784443,92,27
99,2086,1986.66666666667,99,0
98,9859,9244.20867881982,99,1
25,3140,360.420108450935,78,53
52,1117,363.59837664458,91,39
81,2449,1767.39561437791,82,1
31,1548,225.707998047831,87,56
59,4150,1712.09574976369,64,5
39,4990,998.222869772054,55,16
50,7869,2384.6591922779,84,34
62,3302,1496.7657883639,80,18
78,2681,1827.6785180856,90,12
54,8668,3025.94343133092,77,23
36,6600,1173.58992054094,71,35
61,8451,3714.38992735076,85,24
67,2067,1083.67592478855,69,2
95,9691,8590.62927114705,98,3
23,1295,137.302815181157,68,45
80,2356,1669.46063419179,84,4
75,9173,5869.71706059341,76,1
66,1623,827.504981988318,68,2
20,5423,510.772979522906,80,60
96,6514,5886.058525714,96,0
30,9007,1261.95023877964,82,52
57,6067,2344.54924813034,74,17
60,5116,2179.08942029523,87,27
38,8837,1699.97400266301,80,42
17,1934,162.012026886515,81,64
12,6097,421.862668160083,63,51
69,8625,4772.02034235567,89,20
86,3123,2445.02032983313,91,5
80,4109,2911.63571557473,89,9
88,9069,7304.4394589851,88,0
66,4325,2205.15036789863,87,21
2,1345,66.6863005999981,80,78
74,7211,4511.52726065532,75,1
78,6274,4277.08132132377,84,6
8,4399,262.880942309836,70,62
73,4208,2572.30914980992,86,13
54,4329,1511.22624760401,79,25
91,2680,2245.543391608,92,1
14,1174,87.6283303022577,81,67
39,1750,350.078160741702,80,41
4,5473,286.707590613848,79,75
65,8116,4021.75690220797,75,10
25,1840,211.201592213287,78,53
71,4086,2379.47922205724,80,9
23,4414,467.995850354923,63,40
24,1026,113.180527386872,84,60
41,3709,801.915822012895,67,26
99,5693,5421.90476190476,99,0
36,7698,1368.83260732184,84,48
72,9957,5942.82013912896,82,10
55,1442,520.973351151185,73,18
33,9027,1425.2341777018,82,49
90,1626,1344.9202535837,92,2
16,4413,355.656348871937,80,64
19,6486,587.39861834964,63,44
15,4457,345.648958556439,62,47
49,8665,2532.2443559405,91,42
23,1729,183.317812701328,85,62
47,6440,1748.40793296816,65,18
80,3972,2814.5575717359,92,12
47,3325,902.710617565082,76,29
99,6124,5832.38095238095,99,0
14,3013,224.892810222064,27,13
96,1751,1582.20578423783,99,3
28,8804,1138.93954572842,61,33
43,2487,580.691317316608,92,49
86,2698,2112.28461411776,92,6
18,1013,88.223863041847,60,42
24,3906,430.880253385108,64,40
94,5288,4613.4480856322,95,1
49,5383,1573.11844985894,81,32
10,5115,328.548089077627,77,67
57,9551,3690.91641155313,91,34
17,2589,216.881663706923,81,64
75,3947,2525.64845068813,89,14
0,4298,277.789080242774,58,58
4,4013,210.224294013041,80,76
27,4534,563.615520678144,76,49
30,5518,773.114401863668,52,22
45,2411,607.360359887945,87,42
71,1466,853.724067434143,75,4
61,7078,3110.92792637424,78,17
73,2236,1366.84488093512,95,22
76,2894,1892.67736665099,76,0
59,5655,2332.98830479848,66,7
19,6304,570.915955916764,63,44
35,5291,904.353875959472,52,17
6,1759,98.1469640421349,32,26
53,5257,1772.49768149361,67,14
20,3654,344.157194758749,81,61
27,4643,577.165165970142,77,50
71,5130,2987.45188672384,83,12
16,3866,311.572047300908,90,74
17,8351,699.566926850719,81,64
41,3200,691.865901979311,82,41
78,2778,1893.80489490555,90,12
21,3652,357.774355537578,80,59
77,4012,2679.81369974385,87,10
9,2953,182.88265048351,80,71
76,6652,4350.41114131389,79,3
16,6234,502.415970738195,91,75
55,9614,3473.39653118412,74,19
62,7296,3307.20871953452,87,25
12,1585,109.669071516111,88,76
42,3393,762.43468803353,72,30
39,9162,1832.80920498027,85,46
2,1265,62.7198291888458,69,67
66,5771,2942.40988974404,78,12
64,3592,1728.88616443826,91,27
54,2269,792.093406286325,68,14
4,5176,271.149002195739,88,84
8,1016,60.7153983602623,68,60
16,7863,633.701760974403,72,56
23,5853,620.566314482865,48,25
67,5431,2847.33621070469,81,14
36,6013,1069.21154427465,75,39
2,6189,306.85614454527,68,66
78,8524,5810.94057745678,84,6
58,2694,1075.94731836793,77,19
64,4397,2116.34534104539,91,27
45,2323,585.192084620364,68,23
1,3090,149.657287631889,65,64
83,9914,7406.10056395247,92,9
79,6892,4791.81072297237,85,6
49,7097,2074.01479447314,70,21
57,7029,2716.30734549335,71,14
12,9027,624.594768817626,85,73
84,5839,4433.46215591818,92,8
40,6737,1401.21306606707,82,42
11,1453,96.8432106912463,79,68
11,8360,557.198376723207,28,17
72,2006,1197.27801537538,86,14
44,2806,680.62229086213,63,19
94,6693,5839.22239734045,96,2
73,5804,3547.9283045382,77,4
92,8792,7462.6308015761,94,2
23,7604,806.216684662174,76,53
54,2512,876.923154072828,75,21
21,9176,898.942356630016,74,53
25,6122,702.704428005295,49,24
98,4070,3816.2013716195,99,1
85,3230,2491.10868134695,90,5
98,4081,3826.51542938063,98,0
87,4705,3737.15863679079,91,4
22,2098,213.813676545346,87,65
46,7982,2087.72457927975,69,23
91,9293,7786.50549933327,91,0
15,9989,774.666243441837,83,68
97,8156,7513.32224868869,99,2
83,8982,6709.86436003844,95,12
46,3657,956.503230572042,79,33
51,5538,1739.68890601466,68,17
28,8267,1069.46992554939,74,46
56,3444,1287.15434300734,89,33
12,9645,667.355327932426,85,73
31,2961,431.732159056607,80,49
25,1698,194.902338901175,85,60
49,1070,312.694917582959,70,21
2,1706,84.5850028428229,68,66
74,5433,3399.13016324232,87,13
83,1067,797.085868644068,83,0
91,4937,4136.65959864504,91,0
19,2175,196.9768724808,77,58
67,3368,1765.75738494815,82,15
44,8092,1962.79243679842,74,30
99,1177,1120.95238095238,99,0
90,9512,7867.70077004194,90,0
60,2137,910.22558466984,63,3
89,4898,3998.49257653802,94,5
93,5760,4954.48816545055,93,0
30,9225,1292.49372185436,78,48
40,4386,912.234007387583,61,21
52,1714,557.929827724987,78,26
54,6877,2400.71677171928,75,21
88,4412,3553.55462488061,93,5
25,1408,161.615131432776,81,56
56,5932,2217.01497175365,60,4
80,7149,5065.77846937059,80,0
94,3536,3084.93805423514,97,3
14,1320,98.5258909701705,48,34
67,6168,3233.72670735159,81,14
52,3874,1261.03859545309,93,41
98,2605,2442.55640615941,98,0
74,6712,4199.33032499216,91,17
72,2299,1372.15461482952,84,12
34,4809,790.042117594936,61,27
32,8951,1358.14221843635,71,39
70,3172,1801.11285496631,92,22
84,4351,3303.64683000514,85,1
15,3320,257.472412476414,81,66
8,9001,537.893012441654,49,41
7,5545,320.005125389997,71,64
81,3010,2172.25839088506,89,8
96,2654,2398.15771066088,96,0
69,4425,2448.25391477378,72,3
15,1947,150.993610569752,71,56
82,5989,4398.89529430797,89,7
3,8859,450.941034636533,89,86
10,2465,158.33255905696,57,47
71,6852,3990.25737384635,72,1
15,7065,547.904395827067,83,68
9,3314,205.239791297782,89,80
7,8868,511.777358333363,88,81
23,4229,448.381162471901,81,58
18,1528,133.076073768946,45,27
83,8191,6118.96002817578,84,1
67,5728,3003.04581383105,72,5
88,1350,1087.32972429484,89,1
75,7588,4855.49035820155,92,17
49,9119,2664.92051723271,77,28
3,5135,261.381895570448,79,76
1,3154,152.756985498699,82,81
77,6343,4236.80416188316,80,3
81,3925,2832.59607449298,92,11
41,5365,1159.95642628719,53,12
93,5638,4849.54935361289,98,5
78,9755,6650.13201936777,92,14
56,2211,826.335148777362,80,24
99,9310,8866.66666666667,99,0
72,5588,3335.18920733681,80,8
77,4685,3129.34376453139,89,12
37,3711,686.398705736272,90,53
87,9826,7804.74405209486,96,9
56,9287,3470.90661542079,67,11
99,5225,4976.19047619048,99,0
42,8376,1882.15530414643,78,36
27,2744,341.102997075612,77,50
28,1339,173.221268938023,67,39
34,4302,706.750091472949,67,33
69,9348,5172.04013453227,75,6
33,9037,1426.8130346617,86,53
98,5576,5228.28964328018,99,1
82,6074,4461.32743657149,87,5
75,1162,743.55295153271,97,22
55,5710,2062.93885927411,89,34
75,6165,3944.92594337277,85,10
26,1411,168.54169782007,80,54
28,3809,492.755648532434,91,63
61,2622,1152.42342793914,84,23
13,2203,158.292596319947,83,70
67,6654,3488.52423974019,92,25
51,3673,1153.82400718524,76,25
84,2293,1741.03934295605,88,4
43,1883,439.662947530025,62,19
84,8072,6128.94442928097,86,2
27,6269,779.291067298475,72,45
45,1552,390.967763810075,77,32
97,3645,3357.78072541322,99,2
34,1806,296.697039795478,87,53
4,6477,339.302953481801,90,86
28,9703,1255.23971060914,77,49
25,2519,289.139571078951,75,50
40,4057,843.806057449026,69,29
73,1087,664.472444354415,79,6
57,3895,1505.19520709867,83,26
3,3988,202.997273521898,63,60
83,8367,6250.43810960161,97,14
12,6602,456.804548990137,80,68
45,6056,1525.58039795993,48,3
80,9420,6675.0081384069,82,2
2,5476,271.504968093375,85,83
65,5751,2849.81813018704,77,12
17,6602,553.052430974547,57,40
87,2211,1756.18655599244,90,3
49,3636,1062.5782433006,59,10
68,7438,4007.25516732525,92,24
39,2090,418.093346257233,64,25
96,8837,7985.12422347784,97,1
32,5788,878.217758944209,67,35
10,5056,324.758384824337,80,70
50,2000,606.089513858914,88,38
77,6565,4385.08896780119,86,9
85,5984,4615.10660965329,91,6
69,1980,1095.48988728861,83,14
95,6432,5701.67448890907,98,3
85,9399,7248.89489039628,97,12
98,5861,5495.51750345501,98,0
26,1843,220.143408279511,81,55
15,5086,394.429123450314,68,53
83,2189,1635.25863773371,85,2
41,2892,625.273808913802,65,24
47,2158,585.879552693368,83,36
8,3973,237.423501658781,81,73
31,4698,684.997528959115,84,53
60,8180,3484.1578299482,85,25
94,8317,7256.06046297333,94,0
87,3500,2780.03299229921,97,10
32,9801,1487.11338206845,88,56
72,6269,3741.64301016365,90,18
20,8334,784.949660952222,80,60
7,3860,222.762810460846,42,35
74,4898,3064.41000175978,89,15
88,3625,2919.68166708799,89,1
45,5966,1502.90829825445,74,29
75,7777,4976.42969369181,84,9
29,5677,764.303353888478,82,53
58,9217,3681.14566941247,62,4
44,5753,1395.44548800065,78,34
81,2296,1656.97849351233,92,11
86,1747,1367.73951848174,91,5
11,4815,320.922270804096,79,68
11,2310,153.962709357728,58,47
63,4453,2080.56796494437,72,9
16,7947,640.47156231255,80,64
15,8480,657.640378855418,82,67
89,8480,6922.66579196456,92,3
26,2723,325.258003659852,62,36
86,4434,3471.41214936922,88,2
15,1128,87.4785786968057,85,70
94,7312,6379.2610442781,96,2
52,2274,740.217286024866,68,16
0,5180,334.794656970118,82,82
17,7228,605.492725096036,80,63
17,6092,510.329507648734,73,56
25,4813,552.452860501386,79,54
67,5210,2731.47148918642,93,26
92,4185,3552.21905193312,92,0
16,2540,204.705897605873,64,48
65,5025,2490.06018156667,73,8
93,4041,3475.8831035739,95,2
5,7867,424.985651322551,79,74
89,7516,6135.70236938746,97,8
61,4018,1765.99440635373,82,21
68,7250,3905.96934163862,86,18
97,7825,7208.40443795843,98,1
14,1721,128.456862393684,79,65
76,6862,4487.75124048345,80,4
37,3486,644.781969333507,75,38
53,2487,838.539420558229,89,36
27,2382,296.103257665492,82,55
80,1401,992.748025680262,85,5
65,2415,1196.71549024547,73,8
82,5068,3722.42467048803,90,8
73,6153,3761.26858336036,87,14
72,5398,3221.78799949966,73,1
12,3487,241.271957335445,82,70
13,5220,375.073696227927,74,61
41,9110,1969.65573969735,87,46
68,4497,2422.77850059984,73,5
34,9834,1615.56959543119,74,40
86,2702,2115.41624438332,88,2
89,4676,3817.26241075782,91,2
75,5932,3795.83141866784,88,13
29,3600,484.67360824353,89,60
36,6579,1169.85577079376,83,47
31,9161,1335.73060085025,36,5
39,9324,1865.21644043179,70,31
99,5321,5067.61904761905,99,0
86,8621,6749.44612984034,97,11
29,3687,496.386553776082,44,15
78,3096,2110.59033643902,92,14
7,6082,350.995702907478,81,74
50,2571,779.128070065634,91,41
74,8562,5356.77387404394,91,17
61,4471,1965.09730980775,63,2
98,7447,6982.61710428757,98,0
78,2486,1694.74404922074,80,2
59,2182,900.19106650226,79,20
78,5258,3584.4586527766,88,10
22,8971,914.262389079266,82,60
63,4260,1990.3928880896,73,10
3,8528,434.092464542313,56,53
95,1452,1287.13174096641,98,3
5,6348,342.927280360436,86,81
34,9995,1642.01933153699,86,52
21,4749,465.243815566254,78,57
32,6921,1050.12873352676,70,38
59,3983,1643.19936658043,85,26
11,9441,629.247592660741,71,60
2,5151,255.391177985569,64,62
77,4194,2801.38052261359,85,8
30,7884,1104.6092686287,60,30
27,9552,1187.39643879965,83,56
23,6909,732.529073425954,65,42
52,2709,881.815579525664,70,18
98,1207,1131.73342888077,98,0
86,9006,7050.86554290014,88,2
45,8061,2030.66439695426,80,35
80,8061,5712.02129550934,87,7
57,8327,3217.91026688335,81,24
42,6959,1563.74388270714,65,23
92,3096,2627.87818035482,99,7
18,8266,719.899755087766,61,43
98,3791,3554.59936113256,98,0
40,8115,1687.82010258783,87,47
35,5376,918.88233550522,69,34
20,8631,812.923028999115,51,31
1,5335,258.388876866061,83,82
6,6786,378.638600335377,72,66
36,4268,758.921481949807,71,35
2,6263,310.525130600586,36,34
59,3571,1473.22745118221,74,15
18,3452,300.640449378535,86,68
36,4087,726.736667462245,76,40
31,5971,870.60882192739,66,35
6,1385,77.2788773157231,59,53
43,1289,300.969484527989,78,35
63,7430,3471.50684471966,69,6
76,3591,2348.51569579949,78,2
67,1317,690.469856287622,83,16
38,5446,1047.64721268561,61,23
71,2132,1241.56869834215,79,8
24,6743,743.836545974342,79,55
2,3421,169.6162337194,50,48
83,4686,3500.60391796261,94,11
49,6660,1946.30668327337,79,30
36,8611,1531.17921299667,69,33
78,7720,5262.84153659858,84,6
73,6427,3928.76209739266,81,8
21,4213,412.733669189435,80,59
43,8959,2091.84298827483,68,25
86,1717,1344.25229149007,87,1
50,9612,2912.86620360594,85,35
43,4307,1005.64435210399,91,48
93,7948,6836.50554496545,95,2
52,1949,634.425457547257,85,33
94,5678,4953.69860631989,95,1
6,5291,295.222050453062,47,41
0,3280,211.993527965635,4,4
9,8655,536.013999300635,83,74
29,7945,1069.6477270819,73,44
85,3203,2470.28517224591,86,1
59,5937,2449.32830514387,87,28
32,9602,1456.91895670047,72,40
48,8440,2377.71137115376,80,32
56,3067,1146.25504355503,63,7
11,7732,515.341847945435,71,60
42,8362,1879.00939031429,89,47
49,5509,1609.94046819114,91,42
53,2282,769.419765868065,83,30
71,8197,4773.51717650591,81,10
1,5028,243.52001366121,80,79
50,2615,792.46203937053,83,33
34,9493,1559.54872579096,69,35
20,5894,555.134785415454,91,71
60,8338,3551.45574402299,88,28
67,5386,2823.74384659463,92,25
56,8523,3185.37063456782,64,8
20,1912,180.084443453401,72,52
87,8599,6830.14391450883,90,3
62,1263,572.506114689158,74,12
4,5908,309.495422135322,80,76
34,5281,867.584201085227,57,23
40,5572,1158.90740747004,82,42
79,7751,5389.04888475897,84,5
14,4750,354.543925839629,82,68
42,7363,1654.52596757762,86,44
45,4808,1211.19394871059,49,4
41,3025,654.029485464817,66,25
88,5927,4773.78020436704,90,2
38,9309,1790.7726593629,84,46
19,9652,874.124493418243,66,47
68,7842,4224.91194167311,73,5
12,9717,672.33714064483,66,54
37,2690,497.551204104169,80,43
87,3431,2725.22662759388,90,3
67,8218,4308.48996125412,77,10
49,5821,1701.11879929944,59,10
55,3573,1290.87224941968,78,23
98,3725,3492.71501456576,99,1
32,5816,882.466220805031,81,49
34,1911,313.946867690564,83,49
57,8092,3127.09617865019,70,13
19,1830,165.732265121776,78,59
29,4749,639.365268207923,80,51
39,4126,825.384280697293,52,13
77,2954,1973.12304811648,91,14
56,1381,516.132447065372,83,27
94,4613,4024.55295367271,94,0
73,4018,2456.16401234226,80,7
77,4012,2679.81369974385,79,2
69,6059,3352.30971064731,92,23
73,3930,2402.37047498882,74,1
16,6627,534.088969855954,60,44
97,2900,2671.48535080888,98,1
73,7518,4595.67970253587,88,15
90,7473,6181.17408058488,95,5
27,2675,332.525698679761,76,49
38,2998,576.725366072617,83,45
81,4597,3317.56538966732,83,2
79,6463,4493.53927779606,81,2
80,8454,5990.50093440466,88,8
89,8435,6885.92994754966,92,3
7,9584,553.09812835667,82,75
33,2050,323.665676779516,34,1
72,4414,2634.48911259569,88,16
88,8144,6559.41724048678,89,1
62,4118,1866.65097410131,87,25
0,1855,119.892681212272,80,80
2,7254,359.659795206235,42,40
67,2633,1380.41543781724,83,16
74,4284,2680.26387250692,88,14
64,6773,3259.95155672058,70,6
6,1034,57.6941221259622,90,84
73,3130,1913.33831723028,77,4
71,4943,2878.55256843586,86,15
61,1957,860.142123751679,86,25
39,5716,1143.45529531404,82,43
60,4344,1850.2667008918,74,14
22,1668,169.991045032239,87,65
4,7021,367.80083933854,67,63
50,2074,628.514825871694,89,39
7,1278,73.7541118572437,47,40
60,5765,2455.52199139992,62,2
34,2857,469.359602821529,48,14
49,3407,995.655686173029,67,18
59,1276,526.417873903247,81,22
26,9253,1105.25608074352,78,52
97,5334,4913.69064179812,98,1
92,4030,3420.655383343,97,5
57,1312,507.013122391133,68,11
24,5999,661.764116758131,88,64
86,2139,1674.63928450626,90,4
50,9304,2819.52841847167,60,10
54,2258,788.253376551133,85,31
24,4362,481.182710001495,55,31
94,1778,1551.1933994429,97,3
6,4018,224.192439750596,85,79
62,7181,3255.080292623,64,2
58,7169,2863.20205099468,75,17
43,2438,569.250274072332,85,42
7,4003,231.015422350976,63,56
98,6224,5835.88140957243,98,0
46,5624,1470.98008442362,73,27
5,3398,183.564413778318,82,77
86,5302,4150.97591699495,87,1
92,8905,7558.5449599676,95,3
34,7273,1194.83807886629,53,19
76,4132,2702.32995127916,89,13
22,2914,296.974763323708,45,23
77,6844,4571.44689956304,85,8
97,7085,6526.71507257962,98,1
93,8430,7251.09986714378,99,6
22,2025,206.374020497772,84,62
45,1585,399.280867035418,74,29
59,4595,1895.68192052149,85,26
78,2317,1579.53417620452,86,8
25,9779,1122.4675925292,79,54
65,1047,518.82447962195,91,26
79,5305,3688.41495725021,80,1
10,7054,453.094471232372,32,22
37,2639,488.118077186209,79,42
66,5795,2954.64656230579,72,6
33,4909,775.060881614949,81,48
76,4983,3258.884353152,76,0
6,9169,511.602906937086,79,73
84,9030,6856.33897378681,85,1
36,4673,830.93722707391,76,40
41,2219,479.765761403778,84,43
45,2711,682.934025572883,87,42
46,3662,957.811000917369,81,35
71,1835,1068.61095753182,74,3
5,8659,467.770529401547,77,72
61,8492,3732.410278436,77,16
16,9252,745.645261673048,51,35
2,1219,60.4391081274332,87,85
11,6348,423.097523377861,81,70
44,8242,1999.17637964564,86,42
17,2744,229.866081580454,63,46
84,4471,3394.76096919168,91,7
44,1004,243.529857457441,69,25
10,1980,127.179905449404,90,80
87,5879,4669.66113192201,88,1
3,4409,224.427025816963,79,76
17,7349,615.62894808118,83,66
10,9083,583.421758180272,86,76
24,4070,448.971487782229,62,38
91,2880,2413.12125665337,91,0
15,1889,146.495598544562,84,69
78,4295,2927.96689115167,84,6
74,9386,5872.30548724321,84,10
59,3567,1471.57723841135,81,22
59,3751,1547.48702587075,88,29
72,6501,3880.11185341743,75,3
5,9380,506.719894420431,90,85
97,6440,5932.53988248592,99,2
71,4000,2329.39718263068,77,6
57,6526,2521.9265523815,75,18
16,2057,165.779539911528,72,56
17,7566,633.807133104124,84,67
92,1966,1668.73659643979,93,1
1,3790,183.560233050117,65,64
86,1712,1340.33775365812,86,0
92,2054,1743.4308082845,93,1
60,2986,1271.8453887806,81,21
27,3934,489.030317235955,45,18
74,2740,1714.26774291992,76,2
41,7613,1645.99222242765,70,29
90,4499,3721.27688860583,96,6
7,2790,161.012497716518,79,72
53,1481,499.347359005523,87,34
88,2110,1699.45608760156,96,8
40,5322,1106.91048502433,76,36
1,8377,405.721391097844,67,66
66,5939,3028.06659767629,76,10
70,6725,3818.56366634567,70,0
20,8219,774.118222146185,79,59
24,6628,731.150619415385,90,66
43,6316,1474.7271251193,77,34
45,1164,293.225822857556,75,30
59,8702,3590.03788299847,72,13
71,5064,2949.01683321044,71,0
95,4402,3902.17212378385,99,4
39,5469,1094.04426348364,84,45
66,6530,3329.39465950938,91,25
3,5723,291.312285949303,81,78
44,2031,492.638586151456,67,23
64,3681,1771.72326595135,86,22
70,5446,3092.32679954178,78,8
50,9880,2994.08219846303,86,36
97,4068,3747.44910589328,97,0
20,5449,513.221826557314,68,48
21,5540,542.735468148462,72,51
10,7429,477.181574537184,79,69
31,9664,1409.07111959576,76,45
7,7216,416.439492301933,79,72
98,2440,2287.8455397424,98,0
37,8037,1486.54982430677,76,39
36,4068,723.358151024324,79,43
73,1416,865.586919232614,87,14
42,4889,1098.59805181135,70,28
16,5759,464.134356028435,81,65
68,7448,4012.64271124475,93,25
44,2741,664.855915628331,78,34
47,9674,2626.41278626304,72,25
90,4118,3406.13874800596,93,3
40,9452,1965.89964382751,66,26
43,7712,1800.68011224193,80,37
6,3407,190.100458494345,67,61
91,4449,3727.76960793433,94,3
67,6170,3234.7752568676,78,11
70,2737,1554.11282599079,85,15
68,1427,768.80251731287,78,10
41,1687,364.743055199718,80,39
83,6036,4509.10056526297,85,2
36,1332,236.851783963717,56,20
10,2896,186.016669788623,62,52
81,1349,973.547032991346,82,1
16,4923,396.758714139258,73,57
46,2882,753.798827046384,84,38
40,3711,771.842316784159,71,31
1,4993,241.824866390299,64,63
60,4373,1862.61884967768,77,17
13,2273,163.322320215724,87,74
58,5392,2153.49218286558,86,28
61,3500,1538.32265361823,76,15
64,5879,2829.65527860037,77,13
94,7213,6292.88975825738,98,4
9,1349,83.5451051480712,68,59
0,6062,391.800233697463,67,67
17,2262,189.488730515666,79,62
88,2838,2285.80870929537,90,2
59,2489,1026.8448966655,74,15
37,3130,578.935044180687,82,45
29,9185,1236.59085881023,68,39
42,3367,756.592276630974,60,18
59,8429,3477.41086138751,79,20
46,2479,648.392537213041,77,31
10,4146,266.307014137995,61,51
5,2881,155.635396143418,70,65
0,9211,595.326946979104,27,27
60,6683,2846.53139089777,73,13
59,1746,720.317874478894,82,23
45,9280,2337.74539185406,82,37
72,2286,1364.39558481961,75,3
26,2791,333.38049512106,82,56
79,9111,6334.61803496826,82,3
76,2018,1319.77295297225,85,9
26,1752,209.273603529953,53,27
15,3537,274.301181605143,71,56
24,9256,1021.05161938878,78,54
15,9800,760.008928394234,60,45
63,4674,2183.82543636873,69,6
27,8181,1016.96924893425,89,62
53,6408,2160.57925490033,70,17
72,3113,1857.98926314236,86,14
26,2427,289.901276122828,29,3
29,3227,434.456037167187,75,46
61,8931,3925.35989127555,93,32
30,5101,714.689482404235,91,61
95,7353,6518.09896096835,96,1
19,8764,793.703590998496,90,71
14,1176,87.7776119552428,88,74
19,9450,855.830549399337,85,66
90,7196,5952.05789962382,95,5
21,1528,149.693103850334,78,57
4,1264,66.2156759612469,77,73
3,3733,190.01725728617,60,57
71,9268,5397.21327215528,77,6
71,2287,1331.83283916909,80,9
71,3398,1978.82290664476,88,17
94,4344,3789.86733812146,98,4
84,2852,2165.47937466667,90,6
97,3929,3619.40204942347,97,0
48,7605,2142.47570824933,88,40
9,9747,603.64280198536,87,78
41,4337,937.694505276335,87,46
5,5790,312.783388986598,65,60
71,2038,1186.82786455033,71,0
99,4748,4521.90476190476,99,0
44,3009,729.861893515377,47,3
30,5262,737.246825408956,87,57
57,3565,1377.66904064359,77,20
65,5100,2527.22525890348,85,20
52,9988,3251.2270241057,86,34
22,3651,372.084715475242,75,53
64,5870,2825.32343687433,93,29
18,2414,210.239294553819,85,67
37,5135,949.786406347549,77,40
19,7906,715.999610957794,58,39
50,4104,1243.69568243849,56,6
81,6349,4581.94967565756,81,0
76,6295,4116.93297272564,88,12
80,8237,5836.73482336068,87,7
57,2073,801.096191095136,74,17
84,9844,7474.39655126881,88,4
76,9873,6456.94666238606,86,10
43,2669,623.186620795346,71,28
27,3527,438.436687567669,85,58
51,6305,1980.63173572092,92,41
82,6388,4691.95911505082,88,6
29,3504,471.748978690369,63,34
79,2654,1845.25038577607,90,11
99,2483,2364.7619047619,99,0
80,3743,2652.28826561115,94,14
89,5415,4420.54661126039,90,1
73,5296,3237.39288436153,79,6
32,2312,350.801565079304,76,44
81,5717,4125.84758162455,88,7
21,3312,324.465680597059,33,12
60,9978,4249.99105467275,83,23
12,4967,343.675885312634,78,66
13,3040,218.433723473735,78,65
25,2150,246.784469162265,90,65
5,7721,417.098539959504,69,64
60,9304,3962.9100794423,69,9
25,4935,566.456444332919,82,57
46,4443,1162.08472885742,47,1
78,8674,5913.19786119898,82,4
91,7495,6279.98049257536,99,8
25,2964,340.218217021838,76,51
4,7774,407.247361489504,74,70
14,2315,172.793513330261,49,35
99,9879,9408.57142857143,99,0
21,9662,946.554168456758,38,17
32,3456,524.381578250032,87,55
6,8695,485.155117877409,45,39
26,7292,871.017760810739,56,30
56,3804,1421.70009314748,87,31
5,4212,227.537760692842,72,67
40,1168,242.92962166637,74,34
27,2601,323.326856921891,75,48
30,9104,1275.54068767068,64,34
63,7176,3352.83083683826,84,21
30,2322,325.330127061877,85,55
20,4671,439.944788373869,53,33
65,6693,3316.61150153745,90,25
50,5959,1805.84370654263,83,33
17,3661,306.683573129024,76,59
28,4255,550.452949463246,73,45
62,5466,2477.68679563811,93,31
63,7921,3700.9159780652,74,11
50,3956,1198.84505841293,84,34
40,3348,696.342785392984,60,20
10,2865,184.025469248759,74,64
79,2746,1909.21535770199,92,13
79,1064,739.768805751974,82,3
13,1824,131.060234084241,80,67
46,8696,2274.47418459242,72,26
96,2890,2611.40760505273,98,2
65,3410,1689.7721829139,74,9
48,6600,1859.3477546937,78,30
74,9277,5804.11016462341,74,0
20,3638,342.650211968344,85,65
69,4579,2533.45868378512,90,21
66,7936,4046.25972708521,66,0
99,8045,7661.90476190476,99,0
65,3385,1677.38382380162,71,6
52,6138,1998.00074829403,73,21
7,9843,568.045166675157,76,69
27,7786,967.86732333481,83,56
13,4239,304.585708488541,69,56
83,5639,4212.52784750131,87,4
29,6600,888.568281779805,80,51
69,6707,3710.83367375994,74,5
50,4275,1295.51633587343,56,6
91,9186,7696.85134153399,91,0
77,5064,3382.49665391397,82,5
34,7202,1183.1739095277,72,38
87,6550,5202.6331713028,90,3
42,7165,1610.03375766585,65,23
13,2039,146.508671764127,61,48
65,3902,1933.57509024341,69,4
73,7694,4703.26677724275,85,12
1,6485,314.086572910292,71,70
66,1139,580.732085326367,68,2
66,2901,1479.10779590149,89,23
29,3265,439.572036365313,78,49
34,3763,618.200974944842,70,36
55,9179,3316.23744120439,70,15
88,3107,2502.46922472893,97,9
82,1382,1015.07318362558,84,2
29,3280,441.591509732994,57,28
64,6510,3133.36551517068,89,25
90,8954,7406.15987121063,91,1
45,8904,2243.02639752894,92,47
15,1040,80.6540087275513,74,59
88,1635,1316.87711053486,98,10
94,1774,1547.70365051277,97,3
22,2391,243.674213832184,52,30
55,4554,1645.29309371879,83,28
87,1191,946.005512522388,89,2
93,6114,5258.98275061887,97,4
8,1152,68.8426564084863,73,65
85,8003,6172.24234576459,88,3
89,6745,5506.2949017454,94,5
45,8306,2092.38289059696,83,38
60,6620,2819.69741250086,84,24
11,2791,186.021611176372,74,63
75,2274,1455.11136986694,84,9
16,5141,414.327960469211,64,48
68,5850,3151.7131929084,78,10
50,7153,2167.6791463164,63,13
52,6052,1970.00660291226,82,30
25,9037,1037.29825479971,61,36
17,3348,280.46342606828,65,48
29,5644,759.860512479579,63,34
63,9642,4505.01601571829,87,24
41,9248,1999.49245672021,88,47
48,4638,1306.61437670748,64,16
92,8772,7445.65484433866,94,2
21,5133,502.86302491084,69,48
92,3207,2722.09474302258,99,7
21,3554,348.173619819428,76,55
21,3479,340.826117994314,76,55
34,8373,1375.55056157671,80,46
60,5323,2267.25820645651,71,11
6,8019,447.436330104537,58,52
30,4733,663.129841250587,89,59
3,5989,304.852224454024,71,68
21,1194,116.972229055824,54,33
58,1052,420.154632116949,75,17
18,4110,357.946769103644,66,48
91,8709,7297.17813340078,95,4
35,9101,1555.57070971596,76,41
20,2849,268.337123116496,76,56
32,3275,496.918306935433,60,28
55,6592,2381.59246240542,67,12
52,8621,2806.25031786296,68,16
47,6471,1756.82418233493,79,32
8,4600,274.892551631109,79,71
30,3349,469.220756042302,54,24
21,8039,787.554228961279,78,57
54,6587,2299.47962415514,85,31
78,3945,2689.36656241987,88,10
81,8461,6106.13895191977,81,0
54,6476,2260.73023319094,82,28
88,2931,2360.7136458579,97,9
36,1417,251.966199607047,60,24
67,9854,5166.20346534413,70,3
16,2447,197.210760410068,60,44
20,7504,706.77492869996,86,66
32,1325,201.043284485328,80,48
93,3873,3331.37719874826,98,5
31,5015,731.218094450822,76,45
66,1164,593.478619244857,80,14
29,1369,184.310602690387,87,58
76,5179,3387.06844571026,85,9
85,1558,1201.59359923794,89,4
79,6597,4586.70564994903,79,0
20,9937,935.930499265926,54,34
86,5696,4459.44149815225,91,5
14,9004,672.066001738951,74,60
18,4078,355.159835621572,72,54
55,4365,1577.01017876208,65,10
2,4689,232.484805586164,51,49
20,9846,927.359534645497,76,56
91,1285,1076.68778291652,94,3
73,1626,993.957860644231,93,20
62,2429,1101.04303450512,93,31
54,1338,467.087253244206,83,29
23,3132,332.071364592573,81,58
77,8069,5389.68513041703,84,7
94,9941,8672.89852860621,97,3
36,2464,438.140237001951,48,12
36,6686,1188.8821528389,70,34
57,4895,1891.63813575045,63,6
99,1285,1223.80952380952,99,0
17,5007,419.438582534014,64,47
87,1472,1169.20244704698,88,1
14,9103,679.455443561714,52,38
61,6375,2801.94483337606,82,21
79,7045,4898.18725237092,80,1
75,4271,2732.97302581429,76,1
83,6602,4931.92212257557,91,8
81,7396,5337.54918903187,88,7
15,5130,397.841408434941,76,61
92,6586,5590.1827182871,95,3
0,1496,96.6897310477407,87,87
24,7338,809.472426866339,80,56
59,5054,2085.04383597728,75,16
24,5460,602.305730538323,86,62
39,5138,1027.82947993764,58,19
10,7672,492.790017478701,63,53
28,5471,707.762182494341,67,39
0,5427,350.758803740701,81,81
76,2314,1513.35709275411,79,3
52,1097,357.088110276727,93,41
48,3525,993.060732620498,80,32
80,5959,4222.54495719392,94,14
11,1667,111.106422726984,82,71
6,1161,64.780344089209,47,41
87,9133,7254.29751961962,88,1
53,5584,1882.7519599506,81,28
88,4944,3982.04307919532,90,2
67,4481,2349.27519060352,85,18
77,6125,4091.19115426996,82,5
35,3813,651.729602916928,77,42
48,9531,2685.06718939176,82,34
72,1978,1180.56625843096,86,14
14,9500,709.087851679258,78,64
28,6779,876.973100919236,60,32
17,6649,556.989641555554,57,40
1,2050,99.2871972962372,68,67
2,8630,427.883103478055,80,78
17,5160,432.255459531758,81,64
3,6447,328.16535165388,71,68
18,6173,537.616887025983,52,34
27,1800,223.755610326568,27,0
20,7676,722.974993696815,81,61
85,5935,4577.31579684029,88,3
17,4901,410.558916117276,66,49
31,6274,914.788100615047,49,18
34,5481,900.441016123486,75,41
2,4822,239.079064307205,89,87
19,7473,676.785364620237,68,49
1,5952,288.27190161327,62,61
54,7275,2539.65602941076,61,7
1,3210,155.469221132157,58,57
57,6052,2338.75260420056,87,30
52,9435,3071.21815903457,64,12
57,7506,2900.64062246024,57,0
34,4794,787.577856467066,74,40
24,2148,236.951045640351,75,51
3,4603,234.302018561007,55,52
60,2616,1114.24900771937,85,25
54,6341,2213.60259553177,70,16
24,8205,905.113281880391,81,57
46,2635,689.194971987238,78,32
59,2352,970.325109263665,80,21
81,3262,2354.12188407544,84,3
28,5772,746.70139231536,48,20
37,3697,683.809219915655,78,41
56,4131,1543.91248285811,82,26
54,2083,727.161994400359,80,26
89,3909,3191.12035150819,89,0
33,5535,873.897327304694,66,33
20,9684,912.101333892646,63,43
31,1946,283.738865762971,61,30
94,8336,7272.63677039145,95,1
12,3887,268.948694626577,65,53
28,3006,388.874633627854,61,33
50,1490,451.536687824891,81,31
63,5340,2494.99953577429,80,17
83,3720,2778.96853922768,85,2
55,1510,545.540749125028,88,33
7,5491,316.888754466452,62,55
41,3846,831.536330941384,73,32
76,2341,1531.01510550448,82,6
17,6259,524.319170776991,57,40
92,7293,6190.2828066304,93,1
65,6769,3354.27211323876,74,9
49,1706,498.558438688344,84,35
11,2012,134.100853345346,85,74
62,4247,1925.12547037597,88,26
79,1161,807.210134847783,79,0
38,3301,635.013486793098,50,12
62,3286,1489.51313766316,89,27
41,3787,818.780053373641,56,15
45,4531,1141.4142640615,82,37
79,8738,6075.28179009468,84,5
98,4055,3802.13674739977,99,1
37,6858,1268.47812555628,62,25
41,4542,982.017164621884,80,39
2,3600,178.491213501854,78,76
65,9844,4878.04028404821,89,24
93,1885,1621.39065831151,93,0
88,1870,1506.1530255047,92,4
30,6341,888.423055856745,62,32
31,8441,1230.75013664195,62,31
84,1703,1293.06149195559,87,3
35,5684,971.526635976873,53,18
40,2413,501.874295446019,74,34
31,9314,1358.03894949451,80,49
20,1899,178.860019936197,38,18
18,6151,535.700870257059,89,71
9,4610,285.502546132401,73,64
18,5854,509.834643876577,75,57
80,9913,7024.34773630866,80,0
63,9163,4281.21362290259,69,6
18,1442,125.586190035877,76,58
98,8107,7601.4605699556,99,1
37,3602,666.237708990044,68,31
0,4073,263.246841281717,69,69
19,1768,160.117292205082,32,13
38,8829,1698.43504237996,81,43
38,4237,815.071839909832,80,42
37,8184,1513.73942542324,68,31
34,7380,1212.41647491175,51,17
96,8889,8032.11148834384,97,1
74,8144,5095.2541964744,83,9
36,4894,870.234707746569,84,48
78,1824,1243.44857030516,89,11
52,6597,2147.41136143625,86,34
19,8781,795.243180346622,76,57
54,6696,2337.53082789477,82,28
62,7523,3410.10570135118,87,25
4,6115,320.339286790368,76,72
10,2836,182.162733259854,77,67
53,2606,878.662537183251,80,27
64,1033,497.199167000201,77,13
95,2003,1775.56809721469,96,1
34,5535,909.312356183816,91,57
75,2621,1677.1534302644,84,9
85,8137,6275.58865019199,87,2
26,2744,327.766420140519,39,13
92,5440,4617.46036858212,94,2
99,5704,5432.38095238095,99,0
47,2061,559.544836932822,62,15
41,1689,365.175471388455,76,35
34,4736,778.049380105971,54,20
89,1385,1130.647655881,95,6
65,9565,4739.78619635525,84,19
81,6082,4389.26097453919,91,10
57,8735,3375.57898177328,67,10
68,8344,4495.36664643209,87,19
45,3796,956.258783133406,73,28
50,9299,2818.01319468702,83,33
45,7736,1948.79292579558,69,24
10,6398,410.958098517822,88,78
37,7630,1411.26977223599,68,31
0,7652,494.565389022267,86,86
50,6327,1917.36417709267,91,41
64,9888,4759.2501096786,66,2
86,2506,1961.96636137106,88,2
52,9751,3174.08036764664,61,9
30,2562,358.955979988169,85,55
27,1218,151.407962987644,89,62
53,3972,1339.23545575283,87,34
29,7834,1054.70362416106,87,58
0,2889,186.722348259975,68,68
16,3528,284.331656202174,21,5
52,9497,3091.39998477491,58,6
69,2824,1562.4562836884,74,5
23,6285,666.36926132322,23,0
59,6186,2552.05405012969,76,17
0,4059,262.341990857473,80,80
38,5757,1107.47429368914,78,40
54,8880,3099.95127713643,90,36
99,3573,3402.85714285714,99,0
52,2445,795.880063470007,82,30
88,7965,6415.24537333954,88,0
12,1835,126.967032323069,86,74
26,1930,230.535419413704,85,59
15,7920,614.211297232891,79,64
29,3382,455.323928633227,86,57
39,8882,1776.7966992616,63,24
90,5173,4278.7653578035,92,2
11,1174,78.2477146259623,59,48
29,1343,180.810182186406,66,37
13,9634,692.23371445591,76,63
65,6061,3003.43378317922,79,14
21,1783,174.674610055723,55,34
69,5297,2930.71208735745,78,9
77,3600,2404.61847434643,88,11
77,4530,3025.81158021925,81,4
67,9199,4822.80349885333,76,9
67,4764,2497.64494711787,73,6
29,1622,218.372386825279,65,36
79,8448,5873.65307424123,95,16
41,4329,935.964840521386,73,32
57,5330,2059.74080971398,82,25
99,3446,3281.90476190476,99,0
73,8125,4966.73285223516,90,17
22,6028,614.332145955837,56,34
80,9348,6623.98896792226,86,6
68,9930,5349.83111206503,79,11
37,1299,240.26729149863,92,55
56,3078,1150.3661636982,88,32
40,1135,236.066027903536,72,32
26,3512,419.502794290636,77,51
42,9831,2209.10563455869,71,29
78,5848,3986.67063549592,78,0
82,6979,5126.04612773006,87,5
66,2050,1045.21578131611,75,9
69,5995,3316.89993651272,84,15
61,4709,2069.70325025379,68,7
8,6178,369.19264869065,69,61
38,2301,442.643451411972,82,44
14,6983,521.216891397501,66,52
60,3809,1622.39085260057,85,25
19,8860,802.397742611442,64,45
8,4930,294.613104248123,66,58
25,5633,646.575309205133,72,47
98,9223,8647.86861190336,98,0
79,8816,6129.51296194492,93,14
64,5774,2779.11712512988,83,19
47,1595,433.029604516182,58,11
7,7747,447.083806383464,70,63
97,2530,2330.64066811947,97,0
23,9281,984.021179688274,57,34
12,1181,81.7155668520679,73,61
49,1071,312.987155823691,64,15
46,6923,1810.73882013953,83,37
9,4406,272.868593982507,76,67
95,8012,7102.27238885875,96,1
89,1640,1338.81744089881,90,1
10,6442,413.78431863892,59,49
97,4415,4067.10614614524,99,2
46,2943,769.753625259371,57,11
2,2371,117.556296448026,78,76
14,8572,639.821164694168,82,68
71,4213,2453.43758260576,89,18
42,6693,1503.97151989638,69,27
30,1874,262.561868266132,78,48
46,7418,1940.20808432688,81,35
95,3384,2999.76157812007,95,0
21,5512,539.992400800419,88,67
47,3704,1005.60605337175,68,21
59,9171,3783.52533038141,76,17
29,1847,248.6644873405,85,56
82,2512,1845.05342783464,85,3
48,5461,1538.46940733065,69,21
94,3745,3267.27743583445,98,4
41,2230,482.144050441832,80,39
69,1995,1103.7890531014,83,14
12,2456,169.935166967552,80,68
64,2216,1066.59569610111,81,17
72,4660,2781.31383432168,86,14
49,6147,1796.38846577799,75,26
46,4443,1162.08472885742,68,22
73,8067,4931.27802079767,73,0
54,2892,1009.57872674308,79,25
90,7101,5873.48014803068,93,3
22,6632,675.887656267271,65,43
3,7088,360.793549328789,67,64
22,9636,982.034598279769,55,33
51,9150,2874.35057602639,52,1
15,7116,551.859544331976,88,73
42,6136,1378.80909100317,75,33
87,1481,1176.35110331289,98,11
67,1083,567.789562915334,89,22
90,6858,5672.48653079769,91,1
64,6288,3026.51341926163,86,22
20,3937,370.811952864038,89,69
62,7002,3173.94126290854,92,30
70,1569,890.903552787561,78,8
69,9662,5345.76933888006,74,5
59,8970,3700.60213864586,75,16
51,6017,1890.16037332796,91,40
65,3854,1909.78944074785,84,19
28,5900,763.260258950212,75,47
2,8566,424.709926349133,78,76
80,3616,2562.29611767297,83,3
54,8872,3097.15852823811,75,21
79,5253,3652.26084268338,83,4
82,1941,1425.6563309821,86,4
70,1935,1098.72426682214,89,19
56,8454,3159.5826991243,82,26
50,2250,681.850703091278,91,41
43,9325,2177.30057658921,73,30
42,9813,2205.06088820307,78,36
30,6557,918.686323490408,87,57
53,6463,2179.12355250013,86,33
89,6887,5622.21689967688,91,2
79,6240,4338.49374801909,89,10
59,4154,1713.74596253455,78,19
63,8092,3780.81203061527,74,11
36,3618,643.340656441988,77,41
5,7777,420.123733359029,60,55
76,5475,3580.65258549212,84,8
46,7680,2008.73525042201,67,21
82,4445,3264.83379248605,91,9
17,8850,741.368375359701,28,11
56,4671,1745.73110806832,79,23
15,4395,340.840738805373,88,73
81,1901,1371.9146847417,88,7
26,2728,325.855245679059,69,43
72,2709,1616.86248437284,86,14
0,5834,377.064098216925,89,89
86,4593,3595.89445242509,90,4
88,3274,2636.97593877133,88,0
51,4864,1527.96078708113,65,14
35,1017,173.828745388543,74,39
24,1663,183.449529283009,67,43
0,4568,295.239766996043,45,45
16,2906,234.202889150657,56,40
10,2428,155.955964864219,76,66
88,6601,5316.63963708905,95,7
44,2661,645.45114610981,92,48
2,4007,198.670636806091,67,65
95,2453,2174.47256239023,96,1
15,3542,274.688941262487,51,36
90,9980,8254.79958841658,91,1
3,7092,360.997157426605,77,74
93,5020,4317.97406086142,97,4
53,1419,478.44287807484,79,26
18,9586,834.860761223243,78,60
52,4144,1348.9271914191,87,35
96,8629,7797.17516401384,98,2
60,8270,3522.49208480093,66,6
4,5202,272.511033505068,4,0
69,9431,5217.96218536305,75,6
20,3969,373.825918444848,74,54
21,2830,277.245735534323,68,47
72,3585,2139.70173734833,86,14
44,8787,2131.37137199057,75,31
26,4321,516.136552998245,78,52
13,8204,589.483640585041,74,61
70,2438,1384.33579458003,79,9
91,8288,6944.42672748027,96,5
74,2939,1838.7711300882,85,11
35,1483,253.478888309941,50,15
20,2262,213.049691993512,50,30
13,1747,125.527537798887,76,63
69,5259,2909.68753396504,69,0
11,7233,482.083236703224,69,58
41,4004,865.697209851613,84,43
61,6123,2691.18560231555,68,7
37,7485,1384.45009766532,58,21
83,1719,1284.15239756247,97,14
30,9888,1385.38514056324,63,33
34,2979,489.402259994867,90,56
93,3145,2705.18494450382,96,3
98,3208,3007.95429979247,98,0
39,2631,526.317509092239,81,42
37,4979,920.932135774966,80,43
71,3971,2312.5090530566,76,5
77,3619,2417.30951629436,88,11
77,9635,6435.69416675772,90,13
62,7361,3336.67261300625,87,25
44,2652,643.268109538977,86,42
17,3094,259.185734843267,63,46
6,3858,215.264916017371,78,72
84,1623,1232.3187324979,88,4
75,6009,3845.1029997935,78,3
40,1189,247.29736315181,75,35
4,2083,109.119662205124,75,71
6,3722,207.676520844131,81,75
25,2753,315.998904001728,84,59
20,2770,260.896395588871,23,3
73,7532,4604.23776529665,87,14
78,6702,4568.85543760152,88,10
48,9917,2793.81086110567,60,12
34,4668,766.878062992963,70,36
95,1702,1508.7453327306,97,2
36,6067,1078.81364362453,84,48
57,1562,603.623854554077,60,3
29,3193,429.878564200442,79,50
16,8864,714.375226920654,84,68
5,1245,67.2565318287245,64,59
34,5042,828.320307114508,42,8
54,2603,908.690672791231,77,23
65,9017,4468.23336461425,83,18
40,2311,480.659551088168,51,11
8,9617,574.704710660081,54,46
92,5571,4728.65288848731,97,5
4,3583,187.698391589516,66,62
61,4371,1921.14523399008,62,1
90,3665,3031.44694304076,94,4
14,4586,342.30283029485,85,71
54,3042,1061.9427685866,92,38
59,3401,1403.0934084208,83,24
50,5669,1717.96072703309,84,34
12,2952,204.254321208556,12,0
9,5484,339.630360735376,82,73
34,9152,1503.52785615073,47,13
12,8743,604.944285340923,72,60
49,8288,2422.07053918464,83,34
81,3354,2420.5164927005,91,10
34,2780,456.709729031799,77,43
12,6403,443.035372187799,67,55
28,5937,768.046806336849,81,53
97,3243,2987.45758368041,97,0
7,3802,219.415597246667,36,29
96,8815,7965.24499603453,97,1
8,5380,321.504766907688,87,79
60,1239,527.734908472593,82,22
74,9928,6211.4051648573,91,17
59,5945,2452.62873068558,66,7
24,2110,232.759174255652,28,4
17,6682,559.754066006047,50,33
59,3219,1328.00872734683,75,16
28,3600,465.718124105214,71,43
89,7530,6147.13129876099,91,2
45,9430,2375.53222469653,71,26
48,3958,1115.04521410268,87,39
74,9471,5925.48532598343,91,17
78,7236,4932.89136772375,82,4
84,3484,2645.34717438242,92,8
25,1290,148.070681497359,86,61
31,3857,562.374514515817,49,18
27,1451,180.371883657694,67,40
6,3971,221.569979653961,65,59
84,4175,3170.01275919822,84,0
94,2151,1876.61248717754,95,1
69,6589,3645.54690269931,76,7
30,7885,1104.74937634922,84,54
55,2747,992.450621090365,92,37
14,6517,486.434266251971,74,60
13,9389,674.629680820691,66,53
62,9150,4147.60961948202,65,3
96,1630,1472.87003329964,97,1
88,8241,6637.54389475093,96,8
38,2106,405.131294512652,67,29
76,3636,2377.94571705011,82,6
41,5606,1212.06257703001,60,19
12,8092,559.900395399605,54,42
13,1591,114.318438831156,59,46
53,6496,2190.25013106001,74,21
25,6512,747.469982876589,61,36
8,5919,353.715002848811,59,51
24,9435,1040.7975398588,82,58
44,1593,386.397473037553,81,37
21,9857,965.657673202056,63,42
64,5298,2550.01082939697,76,12
41,9986,2159.05403036419,73,32
30,9193,1288.01027479752,76,46
62,1952,884.823385489499,81,19
61,9339,4104.68436061162,82,21
84,9219,6999.8437430056,89,5
88,9582,7717.62475421713,95,7
6,2747,153.274423094795,65,59
68,6235,3359.13363380921,71,3
38,4556,876.437881196411,84,46
21,9505,931.173397969518,82,61
26,5373,641.79627383929,58,32
29,6418,864.065338251938,82,53
23,2395,253.930689080209,57,34
25,6758,775.706717487713,63,38
12,3366,232.899744304878,43,31
89,2792,2279.25505792041,98,9
39,2259,451.900894351717,63,24
4,7381,386.659734390794,80,76
64,1666,801.872035065184,71,7
60,8027,3418.98959669855,84,24
73,3852,2354.68983960737,90,17
59,9138,3769.91107502184,70,11
68,9293,5006.64456439278,91,23
48,6612,1862.72838697496,56,8
8,6302,376.602795734619,52,44
8,5311,317.381378633221,80,72
59,5548,2288.84511317807,74,15
38,8024,1543.57716389816,60,22
42,9443,2121.91887978209,88,46
13,6035,433.634053014471,82,69
82,6197,4551.67041890575,94,12
41,1974,426.794778283487,82,41
30,9489,1329.48216007328,81,51
8,3352,200.313007188582,68,60
26,3635,434.194947963115,53,27
8,5344,319.353433894923,65,57
21,9363,917.262127847301,87,66
4,3954,207.133530657255,55,51
5,7623,411.804451510335,75,70
23,1070,113.447113701805,85,62
3,3269,166.39871793959,46,43
46,1471,384.746035595153,66,20
39,6996,1399.51246431369,71,32
6,4990,278.427146429934,86,80
27,9062,1126.48518932187,79,52
29,6104,821.791029088474,78,49
87,5834,4633.91785059245,91,4
62,6200,2810.40214653427,64,2
93,3637,3128.38080863605,97,4
59,6701,2764.51894437747,77,18
19,4650,421.122968752055,62,43
1,6542,316.847241322919,65,64
67,5815,3048.65771777716,79,12
6,4715,263.082965013454,81,75
0,2501,161.645065073796,69,69
34,5879,965.826078049621,39,5
46,7196,1882.14308099437,93,47
86,1209,946.535247764409,93,7
58,3074,1227.71420069154,72,14
56,1819,679.829776402543,69,13
38,6296,1211.16174275957,64,26
16,3335,268.77723169905,49,33
22,7675,782.183015960692,63,41
11,4288,285.797444903004,86,75
71,3292,1917.09388130505,77,6
58,8407,3357.64257814372,80,22
93,5897,5072.32929021908,98,5
60,6164,2625.47052124703,79,19
50,7395,2241.01597749333,80,30
64,9749,4692.34722079861,83,19
44,4544,1102.190908652,63,19
11,1102,73.4488769316954,79,68
43,3405,795.035760137937,91,48
91,7621,6385.55454755395,94,3
25,4355,499.882029396122,85,60
82,2703,1985.34212397971,82,0
48,7219,2033.73203653543,81,33
60,5991,2551.78356469678,71,11
90,3726,3081.90213090583,93,3
12,1011,69.9529535033367,21,9
75,3530,2258.81404381279,81,6
39,1215,243.054265886382,90,51
83,2595,1938.55466647737,94,11
89,8830,7208.38902630272,95,6
72,1280,763.966031745011,74,2
21,3461,339.062717556286,89,68
41,5796,1253.14211496003,73,32
28,6803,880.07788841327,70,42
50,6275,1901.60584973234,84,34
47,6223,1689.49418740075,57,10
4,5911,309.652579594091,72,68
35,1655,282.877653508396,71,36
55,9274,3350.5595413149,69,14
52,9598,3124.27682993257,70,18
77,7950,5310.19913084836,79,2
47,6125,1662.88797972515,54,7
17,4388,367.584681477782,82,65
25,5068,581.722646378771,83,58
85,9935,7662.28010810586,88,3
96,3499,3161.70076473339,97,1
78,2398,1634.75310942531,82,4
11,9475,631.513710460811,77,66
41,4251,919.100609160641,86,45
61,1179,518.194973890255,74,13
46,7810,2042.73727940051,59,13
94,1211,1056.52148859693,97,3
87,6073,4823.75438920946,89,2
15,2184,169.373418327858,53,38
39,4561,912.403709224516,72,33
72,7615,4545.00104042051,76,4
87,3018,2397.18273450257,91,4
71,6908,4022.86893440318,71,0
18,1913,166.606367225127,57,39
84,3243,2462.35961151613,92,8
86,5886,4608.19393576618,87,1
74,8722,5456.87709990787,81,7
21,3419,334.948116534222,69,48
87,5536,4397.21789867669,87,0
83,7143,5336.06781604927,87,4
37,9703,1794.69863696013,70,33
5,4697,253.738096385156,76,71
74,9543,5970.5317776222,90,16
59,3952,1630.41021760629,73,14
53,4905,1653.81417685489,73,20
17,2540,212.776912250129,66,49
74,2814,1760.56548488199,88,14
79,4077,2834.62163632594,82,3
71,4723,2750.43572339117,78,7
15,8741,677.881432968775,87,72
13,7027,504.91242593748,80,67
4,6494,340.193512414824,74,70
64,8782,4226.91489312272,88,24
66,4338,2211.77856553624,86,20
35,2945,503.368392496814,73,38
31,1465,213.606083423819,85,54
91,7792,6528.83362216774,95,4
31,2299,335.208454465093,69,38
88,1422,1145.3206429239,90,2
40,4552,946.759963891537,61,21
35,2026,346.290106349252,79,44
0,1664,107.547936138663,75,75
6,2473,137.986038701648,79,73
36,4084,726.203217498363,72,36
55,1209,436.793884564343,74,19
22,8033,818.667904522767,89,67
97,7320,6743.19750617965,99,2
94,6158,5372.46847793552,98,4
72,1070,638.627854661845,76,4
98,4229,3965.28638834862,99,1
65,9698,4805.69226683254,86,21
42,8729,1961.47727434267,92,50
54,6007,2097.00532902686,54,0
31,5705,831.824372650437,65,34
81,3101,2237.93131898159,97,16
90,6169,5102.59104819057,95,5
25,1672,191.917968576422,81,56
34,3085,506.816371965144,71,37
38,2754,529.787077439622,72,34
77,2279,1522.25708417653,86,9
66,8957,4566.82817231631,93,27
46,3581,936.625121323074,69,23
22,1897,193.329144140382,24,2
20,8631,812.923028999115,68,48
52,3524,1147.10893401567,58,6
53,4535,1529.06162936533,89,36
34,5863,963.19753284656,84,50
77,3308,2209.57719809388,94,17
4,2367,123.997234968569,55,51
51,8958,2814.03633443108,80,29
33,6414,1012.67885407991,87,54
6,2272,126.770837011785,50,44
78,1136,774.428495540931,79,1
10,9991,641.744664315655,57,47
42,7664,1722.16311496875,80,38
52,3522,1146.45790737888,67,15
5,5641,304.734213691434,68,63
82,8340,6125.6948997376,91,9
8,2430,145.214978361651,76,68
53,2593,874.279339568752,91,38
69,2992,1655.40694079167,70,1
66,3354,1710.07499050451,92,26
95,1774,1572.57004715869,95,0
63,7140,3336.01061524877,73,10
26,7081,845.814147600225,83,57
79,2693,1872.36597170119,93,14
42,6049,1359.25948361769,53,11
37,2785,515.122715029781,63,26
68,2907,1566.1590173991,70,2
59,5311,2191.07000650481,83,24
84,5842,4435.74000939785,84,0
49,1762,514.923780169321,62,13
25,8403,964.525532265353,69,44
57,6642,2566.75393210511,83,26
80,1271,900.630078971887,90,10
83,9947,7430.75270421981,83,0
81,1206,870.346717411092,98,17
96,8431,7618.26211702407,96,0
21,3706,363.064556851661,61,40
1,4831,233.978756164938,73,72
25,5680,651.970132484494,78,53
21,9077,889.243654220865,66,45
84,5560,4221.62178230949,89,5
44,2787,676.013658101481,50,6
74,2685,1679.8572590292,90,16
33,4353,687.276434644505,65,32
7,6114,352.842441232542,72,65
3,3855,196.227304269538,83,80
44,2807,680.864850481111,62,18
63,7553,3528.97593515041,84,21
75,4774,3054.83802979101,90,15
13,3742,268.874668828526,28,15
59,2388,985.177024201374,81,22
6,3030,169.064980697936,82,76
25,7953,912.872968952321,77,52
40,1655,344.219626590618,82,42
21,3166,310.162543710836,46,25
65,6617,3278.95088983614,75,10
94,2455,2141.83340586744,98,4
15,8861,687.187664745031,35,20
68,3997,2153.40130462477,88,20
67,6211,3256.27052194565,81,14
60,2040,868.909776661897,78,18
28,5842,755.757022506295,39,11
70,4986,2831.13136660216,78,8
61,3861,1696.98964732,86,25
42,4722,1061.07179395648,80,38
11,8354,556.798473582018,37,26
10,9154,587.982249739316,80,70
98,5348,5014.50735514032,98,0
16,4316,347.838840183838,78,62
78,6306,4298.89620852211,85,7
97,4439,4089.21499042779,98,1
58,5451,2177.05598827898,94,36
59,3920,1617.20851543944,62,3
58,3139,1253.67432529953,82,24
65,1864,923.676055410998,85,20
19,3925,355.464011258455,72,53
7,3115,179.768433830449,82,75
88,5244,4223.67190681639,91,3
85,4247,3275.46085748622,87,2
92,8129,6899.87781915515,96,4
83,3767,2814.0791632448,91,8
32,2642,400.872722724706,62,30
65,6184,3064.38451001159,85,20
49,7378,2156.13374011876,65,16
51,8725,2740.84248916178,66,15
98,6482,6077.79294615175,98,0
91,7676,6431.63846044142,94,3
7,5637,325.314498074556,71,64
1,2900,140.455059589799,86,85
14,7771,580.033862673633,57,43
84,8940,6788.00336939691,88,4
44,7899,1915.97843033498,83,39
93,6909,5942.80533595449,94,1
39,1815,363.081063854965,53,14
36,5802,1031.69223014826,80,44
70,8448,4796.91090755215,74,4
26,6272,749.180388892616,89,63
34,6074,997.861472711924,74,40
68,1128,607.714954119774,73,5
49,8438,2465.9062752944,72,23
22,5130,522.814185261023,74,52
76,8876,5804.90819156676,93,17
16,5996,483.234866946778,77,61
14,1139,85.0159013750184,78,64
68,6064,3267.00663278574,76,8
56,6502,2430.04574280887,63,7
26,6418,766.619855853445,76,50
93,2761,2374.88573347378,94,1
56,6498,2428.55079002953,89,33
25,6599,757.456145117109,69,44
22,9377,955.639106275362,90,68
98,1259,1180.49079284249,98,0
15,1274,98.8011606912504,71,56
9,4938,305.815959393014,69,60
88,1802,1451.38382457726,89,1
72,4399,2625.53638566117,73,1
80,1180,836.147516276024,86,6
50,8992,2724.97845430968,57,7
45,3899,982.205741685234,63,18
50,9418,2854.07552076162,53,3
55,6648,2401.82443720741,78,23
29,2669,359.331627889439,72,43
41,2935,634.570756971649,56,15
26,2841,339.352915313125,87,61
88,1841,1482.795572168,88,0
28,9912,1282.27723503636,64,36
47,8353,2267.77196647252,81,34
27,4344,539.996872921451,86,59
42,6629,1489.59019952086,88,46
55,9642,3483.51251858511,84,29
85,7740,5969.40594229888,91,6
50,2499,757.308847566713,75,25
53,8653,2917.52376601944,75,22
55,4140,1495.72099428981,65,10
66,8108,4133.95588044441,86,20
32,3411,517.553693116568,61,29
20,5952,560.597598030672,89,69
22,9541,972.352854108268,65,43
2,5295,262.530826525643,37,35
70,3270,1856.75883850563,85,15
83,7217,5391.3483730124,87,4
25,1935,222.106022246038,65,40
41,5490,1186.98243808325,84,43
72,8640,5156.77071427882,91,19
49,5142,1502.68903384259,84,35
15,6523,505.871248970978,74,59
59,7217,2977.39639181797,77,18
70,5924,3363.74292333557,91,21
98,1534,1438.34223687084,99,1
98,5013,4700.39741423306,98,0
6,1532,85.4810397456229,77,71
45,4125,1039.13790316789,76,31
43,4179,975.757545261803,69,26
32,1020,154.765396358516,91,59
37,4263,788.498432377722,70,33
66,5919,3017.8693705415,80,14
29,2828,380.738045586862,84,55
37,2993,553.595075793226,68,31
48,7015,1976.26128775399,84,36
41,5996,1296.38373383373,68,27
31,3482,507.697189407331,88,57
50,9372,2840.13546194287,67,17
31,7328,1068.46783571997,73,42
87,1214,964.274300757497,92,5
95,6988,6194.54311699263,96,1
95,4391,3892.42112574623,97,2
16,8645,696.725387717628,78,62
60,7564,3221.7811522895,82,22
47,8584,2330.48659885073,78,31
12,6756,467.460092847223,55,43
40,8288,1723.80197292027,76,36
39,6510,1302.29075795913,70,31
60,4533,1930.76863608254,77,17
56,5257,1964.74169024088,89,33
46,8814,2305.33756474213,67,21
75,4702,3008.7659019852,93,18
51,2901,911.310494104105,89,38
32,3661,555.486388302479,69,37
46,5425,1418.93082467961,80,34
52,4431,1442.34951379779,84,32
31,8014,1168.49088911842,73,42
72,2774,1655.65763442239,87,15
91,3913,3278.66092961273,93,2
33,7133,1126.19866949673,81,48
83,7425,5546.73156015202,97,14
32,2365,358.843296458717,88,56
3,9172,466.873368290583,75,72
32,5075,770.033712273991,80,48
12,9692,670.607344564134,75,63
60,7381,3143.83483408895,68,8
2,4575,226.832583825272,60,58
87,5058,4017.54482144269,88,1
29,6263,843.197446785897,74,45
67,8890,4660.80259863095,81,14
78,3018,2057.41654889307,84,6
60,6092,2594.80311736484,74,14
53,3070,1035.10897511611,87,34
4,4086,214.048458843081,81,77
57,7413,2864.70143009563,67,10
11,4104,273.533748573211,60,49
81,5114,3690.67422291901,82,1
90,2726,2254.76790360958,91,1
92,5684,4824.56704687881,92,0
11,4600,306.592408244827,76,65
39,2067,413.492319001771,79,40
75,6967,4458.11825587641,79,4
59,5455,2250.47766625565,68,9
31,6614,964.362208713408,71,40
90,6062,5014.08768586987,90,0
79,4104,2853.39396504333,90,11
26,1684,201.151112068744,65,39
78,6517,4442.73812098614,88,10
24,4499,496.295509467383,77,53
54,6725,2347.65454265118,77,23
63,4786,2236.15501464714,70,7
65,2609,1292.8491569567,78,13
81,4058,2928.5795847879,83,2
15,2261,175.344917050955,77,62
43,1990,464.646450124668,59,16
39,1663,332.674275036258,81,42
9,9323,577.383999477738,54,45
51,3851,1209.74033533089,85,34
25,3222,369.83235332131,63,38
6,8214,458.316749654404,72,66
31,4797,699.432342787756,89,58
97,3896,3589.00238853496,97,0
65,7965,3946.93121316985,90,25
20,8290,780.805458278608,22,2
7,1669,96.3189457666196,86,79
10,3610,231.878514480984,88,78
30,6857,960.718639648273,53,23
97,8277,7624.78767194657,97,0
77,4915,3282.97216705908,89,12
64,4518,2174.58454647329,80,16
79,1031,716.824848430719,93,14
44,3073,745.385709130194,76,32
48,5275,1486.0696069711,82,34
64,9158,4407.88961412182,85,21
90,7924,6554.21161709549,91,1
63,2284,1067.14961417762,76,13
26,2585,308.774123929753,88,62
84,1209,917.974952304347,90,6
37,8041,1487.28967739837,82,45
87,3369,2675.98032887315,88,1
93,4410,3793.28000167308,96,3
22,9949,1013.93339749745,63,41
74,3063,1916.35113013275,76,2
47,5932,1610.49004011912,54,7
78,9677,6596.95823182182,85,7
38,8870,1706.32221383059,82,44
30,8013,1122.68316457658,86,56
56,2865,1070.75992819862,70,14
3,5211,265.250449428939,86,83
52,1051,342.114497630666,90,38
54,7791,2719.78833335247,91,37
37,5121,947.196920526933,70,33
95,6417,5688.37767340322,96,1
74,9873,6176.99468096657,82,8
4,9341,489.335940786398,73,69
32,1553,235.637902494878,67,35
49,9387,2743.24036574882,88,39
37,9277,1715.90428270423,84,47
29,3066,412.780356354073,53,24
25,2121,243.455748415425,80,55
89,5336,4356.05479550978,92,3
11,7329,488.481686962247,38,27
91,1430,1198.18173507442,91,0
78,6818,4647.93440369548,79,1
26,3442,411.141406021745,73,47
28,5088,658.21494873537,54,26
39,1139,227.850871477028,88,49
91,3647,3055.78236910238,99,8
47,1177,319.545984022286,77,30
83,8113,6060.69133299843,89,6
62,8035,3642.19052377465,72,10
4,6060,317.45806671294,70,66
37,1765,326.460176670579,66,29
75,8224,5262.46082048623,91,16
64,4244,2042.70403170267,72,8
55,6452,2331.01252540045,82,27
5,9855,532.380017005687,23,18
69,2603,1440.18190737992,82,13
39,7853,1570.95074074548,78,39
94,5511,4808.00158848696,98,4
59,5207,2148.16447446254,93,34
69,6381,3530.46513676192,76,7
80,4517,3200.74434832102,92,12
85,3701,2854.36322899847,95,10
7,3907,225.475207375783,62,55
70,1612,915.319647605831,80,10
7,4347,250.867859345414,40,33
44,5282,1281.19990746036,82,38
78,4419,3012.49957904522,82,4
62,3091,1401.12145724797,94,32
72,3772,2251.31239979858,85,13
40,5356,1113.98206647695,75,35
31,3943,574.913847740696,79,48
17,5612,470.119697459733,80,63
23,9241,979.780166091945,78,55
2,7841,388.763779185565,82,80
26,3161,377.57640454234,64,38
99,8712,8297.14285714286,99,0
46,2881,753.537272977318,81,35
61,9007,3958.76346889697,77,16
79,5234,3639.05068543781,79,0
15,6115,474.230060931708,87,72
59,2812,1160.09957791217,89,30
77,2031,1356.60558927711,88,11
90,8797,7276.29979752512,95,5
57,5867,2267.26066239998,64,7
74,3324,2079.64451732329,78,4
8,4435,265.032275322602,72,64
0,3559,230.025904277346,80,80
56,4679,1748.72101362699,87,31
12,5747,397.645523030342,76,64
66,3385,1725.88069256344,94,28
91,1715,1436.98019276408,95,4
95,6855,6076.64468617408,97,2
39,4808,961.814741054917,79,40
22,3387,345.179657988125,73,51
4,6814,356.956974683494,79,75
35,7593,1297.81874506904,66,31
9,7726,478.479972108227,73,64
72,2716,1621.04042360894,91,19
2,6545,324.506942324898,83,81
47,9851,2674.46685522816,85,38
76,5392,3526.37054629653,76,0
73,5515,3371.26543754793,74,1
25,1075,123.392234581132,77,52
42,9642,2166.63579782473,72,30
46,3869,1011.9526932139,80,34
55,3586,1295.56895785586,55,0
18,9943,865.95248788261,64,46
47,8996,2442.34126785428,63,16
30,8062,1129.54844288237,85,55
38,3330,640.592217819151,75,37
46,5271,1378.65149804354,81,35
0,7734,499.865227221408,71,71
46,3079,805.324978652261,85,39
75,1628,1041.74200094256,86,11
23,7360,780.346501724566,89,66
53,9550,3219.96440141982,55,2
11,1501,100.042435820758,88,77
36,6224,1106.73085840103,74,38
2,4528,224.50228187122,35,33
95,2117,1876.62389505916,95,0
34,3075,505.173531213231,85,51
71,4842,2819.73528957443,71,0
66,3161,1611.67174865377,75,9
5,1131,61.098102408263,57,52
48,1274,358.910460527238,54,6
82,3749,2753.62472171658,88,6
24,8060,889.117983175619,90,66
38,1002,192.754775451889,75,37
1,3082,149.269825398538,78,77
90,4700,3887.53086829238,91,1
88,2810,2263.25668538407,97,9
0,5233,338.220162147612,56,56
33,5313,838.846702794913,88,55
83,9359,6991.49638672899,85,2
35,4761,813.764657615393,65,30
51,4790,1504.71467313294,71,20
31,9002,1312.54741500425,90,59
84,6454,4900.42211924918,87,3
30,4587,642.674114053759,81,51
13,4064,292.011398749099,86,73
30,7297,1022.36603667981,77,47
83,6712,5014.09592346671,85,2
78,5525,3766.47661783772,94,16
80,5529,3917.84713346622,87,7
96,8579,7751.99510164268,97,1
0,5194,335.699507394362,68,68
20,2492,234.712569605584,73,53
25,2726,312.899750202946,68,43
85,5326,4107.62998045011,91,6
21,8063,789.905429545316,64,43
11,3797,253.072037849045,56,45
88,3107,2502.46922472893,94,6
36,6002,1067.25556107374,59,23
5,1293,69.8495547426031,45,40
0,6690,432.389238442103,81,81
36,6601,1173.76773719557,76,40
21,2256,221.012854899446,82,61
26,9470,1131.17638437708,77,51
94,5547,4839.40932885813,95,1
77,8953,5980.15255578432,77,0
15,7798,604.749961593697,71,56
64,5187,2496.58478144244,81,17
75,4543,2907.02328641403,87,12
95,2425,2149.65184011264,98,3
7,2744,158.357811374239,70,63
70,6612,3754.40044042789,83,13
73,7722,4720.3829027643,78,5
81,5597,4039.24591820057,85,4
25,4021,461.544349070449,86,61
50,1240,375.775498592527,56,6
28,9777,1264.81280538241,87,59
22,7574,771.889793209939,80,58
13,5598,402.234205265122,76,63
92,1771,1503.2210133748,97,5
23,2234,236.860609354984,27,4
51,6095,1914.66303397605,89,38
37,9173,1696.66810232251,79,42
60,5718,2435.50299164349,72,12
70,7936,4506.18903436717,78,8
38,2091,402.245743981935,72,34
69,3949,2184.89371964783,95,26
9,2259,139.902440718675,87,78
91,1843,1544.23002639311,96,5
94,6305,5500.71675111781,96,2
59,4054,1672.49064326314,85,26
44,6083,1475.49016226455,76,32
4,4745,248.570713952624,82,78
15,4162,322.771138773143,70,55
49,6324,1848.11463438751,74,25
26,5352,639.287857358623,76,50
5,2273,122.79043923429,82,77
55,8919,3222.30327248087,89,34
44,2865,694.933308382039,74,30
47,5920,1607.23213713843,86,39
33,9994,1577.90964572414,85,52
21,9632,943.615167726712,87,66
15,5778,448.095060026723,82,67
4,4908,257.109602545728,78,74
66,4047,2063.40891072503,74,8
89,6986,5703.03575738967,89,0
51,9732,3057.17812086217,59,8
28,2660,344.11394725552,67,39
24,3374,372.194053999322,43,19
40,5083,1057.20142716623,77,37
28,4094,529.625000024097,81,53
41,8257,1785.23023520099,78,37
17,5859,490.81099561949,80,63
90,1373,1135.65529407775,90,0
28,9755,1261.96675017955,81,53
54,7932,2769.01053268538,75,21
99,3212,3059.04761904762,99,0
32,5635,855.002949490431,89,57
55,4921,1777.88478572468,78,23
67,5687,2981.550548753,81,14
59,6164,2542.97787988998,90,31
94,6525,5692.65294227498,97,3
5,7506,405.483958157756,65,60
90,9760,8072.8300584114,96,6
55,8962,3237.83853884669,75,20
73,6499,3972.77499159093,84,11
89,9971,8139.84677024513,89,0
43,5224,1219.75530424687,49,6
5,2270,122.628375302172,63,58
32,6025,914.177953980452,84,52
43,4084,953.575930808616,91,48
45,5457,1374.68497880901,90,45
93,5980,5143.72208843651,95,2
71,7168,4174.27975127417,84,13
51,7919,2487.64832913147,74,23
33,1560,246.301685744413,87,54
95,8564,7591.59519947408,96,1
88,1675,1349.094287551,91,3
2,2462,122.068157678212,87,85
59,8785,3624.27979799375,91,32
88,5139,4139.10181714901,97,9
69,7793,4311.69327860612,80,11
6,5235,292.097417146433,75,69
91,5179,4339.42881534994,92,1
7,3756,216.760910904388,69,62
80,8695,6161.27343561019,83,3
50,9460,2866.80340055266,72,22
54,6514,2273.99579045796,81,27
17,5478,458.894458781971,87,70
59,3730,1538.82340882375,70,11
77,4182,2793.3651276991,95,18
18,5897,513.579585743111,79,61
55,4446,1606.2742851721,63,8
65,2315,1147.16205379638,71,6
78,3017,2056.73483366812,85,7
79,5251,3650.87029981543,88,9
20,7000,659.304970802202,74,54
65,6128,3036.6345856001,79,14
51,6277,1971.8359088216,62,11
99,1651,1572.38095238095,99,0
0,8306,536.834830269074,61,61
49,4110,1201.09916940744,76,27
23,2734,289.873279309098,84,61
17,1671,139.980401720459,65,48
47,3918,1063.70532319398,69,22
95,8530,7561.45575099415,96,1
14,2050,153.013694309735,75,61
28,3883,502.328743305708,89,61
87,7875,6255.07423267322,89,2
7,3730,215.260436015273,55,48
60,4093,1743.35672346919,87,27
78,4077,2779.35297211301,79,1
32,3548,538.340810078447,49,17
18,8803,766.66798258379,76,58
19,4171,377.742774766628,89,70
81,2018,1456.35130658009,82,1
12,9401,650.472518184835,70,58
15,3285,254.758094875006,88,73
18,2991,260.491188902433,77,59
43,3134,731.759786276739,64,21
52,3146,1024.06489966325,54,2
72,3715,2217.29203744743,77,5
66,9470,4828.38704832371,78,12
57,8013,3096.5671872867,67,10
51,5453,1712.98728864174,70,19
98,6363,5966.21359400857,98,0
30,4134,579.205316655383,63,33
6,5422,302.531460509639,69,63
14,4096,305.728825313499,82,68
24,7279,802.96399497957,81,57
92,8964,7608.62403381803,93,1
58,3127,1248.88168691036,79,21
28,6388,826.390937995586,74,46
67,1350,707.770923301662,86,19
37,6756,1249.61187172036,76,39
67,1029,539.478725983267,82,15
72,6550,3909.35742807017,91,19
67,9107,4774.57022111721,83,16
53,8171,2755.00828523574,77,24
34,4502,739.606906511208,63,29
72,1868,1114.91292757788,80,8
69,4834,2674.54450260259,80,11
47,5289,1435.92073873736,82,35
5,7731,417.638753066562,67,62
95,5865,5199.05486278789,97,2
78,5098,3475.38421678492,83,5
52,3845,1251.5987092197,78,26
96,6410,5792.083995982,96,0
41,8401,1816.36420079006,47,6
11,9701,646.576728778927,74,63
98,8803,8254.05913375097,98,0
22,4785,487.654166953995,68,46
37,7704,1424.95705443068,84,47
55,9175,3314.7923001471,79,24
19,1005,91.0168996980247,87,68
18,8841,769.97746609375,68,50
36,1230,218.71448519172,62,26
9,9025,558.928520356815,62,53
38,8810,1694.78001170772,72,34
26,5832,696.623091202445,87,61
5,1315,71.0380235781307,73,68
31,6097,888.980403163841,89,58
70,3623,2057.19794247886,81,11
19,1527,138.291349093417,73,54
77,6070,4054.45392757856,95,18
66,3826,1950.72955088559,90,24
72,1125,671.454520088388,80,8
72,3414,2037.6406502949,77,5
8,5882,351.503910585692,63,55
99,1624,1546.66666666667,99,0
90,4043,3344.10368095874,91,1
73,8018,4901.32480113496,86,13
24,9977,1100.58686329319,80,56
7,9480,547.096228800212,88,81
96,4211,3805.06485289863,96,0
54,1783,622.433910713317,82,28
34,9822,1613.5981865289,77,43
17,5550,464.925930310321,68,51
67,3157,1655.13541100989,89,22
55,4216,1523.17867437822,86,31
54,1222,426.592394218549,83,29
85,2087,1609.58012940281,90,5
34,6247,1026.28261772002,71,37
63,8964,4188.23517578291,80,17
59,5407,2230.67511300537,86,27
65,2402,1190.27354350709,79,14
8,3128,186.926935109154,89,81
96,1895,1712.32436386675,97,1
78,4886,3330.86058909594,79,1
66,1711,872.3727813814,85,19
7,4573,263.910448766178,18,11
35,5920,1011.86447659801,71,36
43,9584,2237.77466230895,65,22
3,5744,292.381228462834,57,54
98,9949,9328.59642413819,99,1
27,6204,771.211003592237,91,64
54,4741,1655.05281586755,91,37
