"Age","Benefit","NetSinglePremium","Die","SurviveYears"
65,1000,495.534364490879,79,14
71,1000,582.349295657669,73,2
36,1000,177.816654627415,63,27
60,1000,425.936165030342,82,22
51,1000,314.136674975562,71,20
95,1000,886.454367056759,97,2
73,1000,611.290197198174,76,3
31,1000,145.806200289297,55,24
50,1000,303.044756929457,86,36
7,1000,57.7105726582502,30,23
85,1000,771.241077816393,97,12
3,1000,50.902024453836,20,17
46,1000,261.554069065366,66,20
83,1000,747.034553555827,88,5
65,1000,495.534364490879,89,24
28,1000,129.366145584782,60,32
95,1000,886.454367056759,95,0
81,1000,721.680528533244,89,8
14,1000,74.6408264925534,88,74
30,1000,140.107720526217,76,46
9,1000,61.9311379896748,91,82
7,1000,57.7105726582502,65,58
42,1000,224.70813086753,74,32
96,1000,903.601247423089,96,0
21,1000,97.9666910015274,87,66
32,1000,151.730780743644,63,31
77,1000,667.94957620734,94,17
25,1000,114.78347402896,54,29
34,1000,164.284075191295,60,26
23,1000,106.025339908229,69,46
58,1000,399.38653243056,69,11
19,1000,90.5640793015171,79,60
59,1000,412.553192714143,73,14
13,1000,71.8531985110972,76,63
81,1000,721.680528533244,88,7
37,1000,184.963272901178,98,61
67,1000,524.274758001231,80,13
75,1000,639.89066396963,78,3
7,1000,57.7105726582502,89,82
97,1000,921.201845106509,97,0
69,1000,553.277720852831,80,11
9,1000,61.9311379896748,84,75
92,1000,848.797861871712,92,0
42,1000,224.70813086753,77,35
68,1000,538.754391950154,89,21
58,1000,399.38653243056,82,24
16,1000,80.5928730731785,80,64
26,1000,119.448403841297,76,50
69,1000,553.277720852831,80,11
70,1000,567.816158564411,83,13
11,1000,66.650523531484,59,48
91,1000,837.889325226866,96,5
16,1000,80.5928730731785,83,67
33,1000,157.885695990008,95,62
26,1000,119.448403841297,87,61
40,1000,207.987689782851,75,35
32,1000,151.730780743644,74,42
91,1000,837.889325226866,93,2
32,1000,151.730780743644,63,31
78,1000,681.715224948003,80,2
29,1000,134.631557845425,86,57
63,1000,467.228377485822,76,13
77,1000,667.94957620734,82,5
78,1000,681.715224948003,80,2
65,1000,495.534364490879,86,21
23,1000,106.025339908229,70,47
4,1000,52.3858195895941,56,52
21,1000,97.9666910015274,83,62
82,1000,734.495791335444,85,3
19,1000,90.5640793015171,93,74
17,1000,83.7704378937515,71,54
52,1000,325.513318392641,61,9
70,1000,567.816158564411,73,3
4,1000,52.3858195895941,8,4
81,1000,721.680528533244,97,16
28,1000,129.366145584782,70,42
44,1000,242.559618981515,96,52
18,1000,87.0916713147551,81,63
36,1000,177.816654627415,88,52
49,1000,292.238240731737,84,35
33,1000,157.885695990008,83,50
54,1000,349.093612290139,77,23
10,1000,64.2322754794971,75,65
24,1000,110.312404860499,79,55
22,1000,101.91309654211,79,57
0,1000,64.6321731602545,73,73
99,1000,952.380952380952,99,0
95,1000,886.454367056759,96,1
56,1000,373.738194833723,56,0
81,1000,721.680528533244,84,3
77,1000,667.94957620734,77,0
13,1000,71.8531985110972,41,28
69,1000,553.277720852831,72,3
27,1000,124.308672403649,46,19
99,1000,952.380952380952,99,0
68,1000,538.754391950154,97,29
39,1000,200.044663280973,88,49
86,1000,782.90756638909,89,3
35,1000,170.923053479394,67,32
59,1000,412.553192714143,67,8
26,1000,119.448403841297,79,53
61,1000,439.520758176637,75,14
69,1000,553.277720852831,92,23
4,1000,52.3858195895941,79,75
98,1000,937.641614648526,99,1
62,1000,453.29066879585,68,6
61,1000,439.520758176637,86,25
10,1000,64.2322754794971,62,52
31,1000,145.806200289297,55,24
54,1000,349.093612290139,90,36
30,1000,140.107720526217,70,40
95,1000,886.454367056759,96,1
44,1000,242.559618981515,72,28
20,1000,94.1864244003146,83,63
31,1000,145.806200289297,72,41
39,1000,200.044663280973,84,45
65,1000,495.534364490879,86,21
6,1000,55.797023332652,73,67
35,1000,170.923053479394,85,50
71,1000,582.349295657669,83,12
46,1000,261.554069065366,71,25
10,1000,64.2322754794971,76,66
93,1000,860.154195390721,93,0
7,1000,57.7105726582502,99,92
88,1000,805.429425403583,98,10
35,1000,170.923053479394,79,44
55,1000,361.28526432121,89,34
30,1000,140.107720526217,81,51
70,1000,567.816158564411,85,15
63,1000,467.228377485822,90,27
99,1000,952.380952380952,99,0
22,1000,101.91309654211,61,39
50,1000,303.044756929457,94,44
68,1000,538.754391950154,72,4
60,1000,425.936165030342,77,17
98,1000,937.641614648526,98,0
23,1000,106.025339908229,72,49
15,1000,77.5519314687994,83,68
82,1000,734.495791335444,89,7
63,1000,467.228377485822,80,17
45,1000,251.912218949791,92,47
83,1000,747.034553555827,90,7
86,1000,782.90756638909,96,10
48,1000,281.719356771773,63,15
42,1000,224.70813086753,78,36
62,1000,453.29066879585,83,21
23,1000,106.025339908229,70,47
29,1000,134.631557845425,70,41
19,1000,90.5640793015171,95,76
82,1000,734.495791335444,94,12
36,1000,177.816654627415,82,46
34,1000,164.284075191295,91,57
13,1000,71.8531985110972,68,55
64,1000,481.315747338046,67,3
68,1000,538.754391950154,79,11
25,1000,114.78347402896,47,22
22,1000,101.91309654211,57,35
25,1000,114.78347402896,89,64
11,1000,66.650523531484,74,63
35,1000,170.923053479394,64,29
34,1000,164.284075191295,63,29
44,1000,242.559618981515,53,9
85,1000,771.241077816393,92,7
73,1000,611.290197198174,97,24
92,1000,848.797861871712,97,5
56,1000,373.738194833723,84,28
21,1000,97.9666910015274,95,74
28,1000,129.366145584782,68,40
61,1000,439.520758176637,92,31
56,1000,373.738194833723,89,33
71,1000,582.349295657669,95,24
84,1000,759.284493221131,89,5
2,1000,49.5808926394038,67,65
79,1000,695.271433977419,88,9
61,1000,439.520758176637,92,31
21,1000,97.9666910015274,81,60
20,1000,94.1864244003146,84,64
78,1000,681.715224948003,90,12
24,1000,110.312404860499,68,44
25,1000,114.78347402896,91,66
92,1000,848.797861871712,94,2
34,1000,164.284075191295,94,60
21,1000,97.9666910015274,59,38
42,1000,224.70813086753,75,33
88,1000,805.429425403583,94,6
90,1000,827.134227296251,91,1
49,1000,292.238240731737,70,21
72,1000,596.84846230079,73,1
18,1000,87.0916713147551,70,52
98,1000,937.641614648526,99,1
51,1000,314.136674975562,72,21
21,1000,97.9666910015274,79,58
57,1000,386.442928651778,75,18
4,1000,52.3858195895941,51,47
20,1000,94.1864244003146,77,57
11,1000,66.650523531484,67,56
59,1000,412.553192714143,95,36
76,1000,654.000472236003,87,11
77,1000,667.94957620734,85,8
67,1000,524.274758001231,82,15
87,1000,794.295140656917,94,7
71,1000,582.349295657669,89,18
8,1000,59.7592503545888,93,85
88,1000,805.429425403583,92,4
18,1000,87.0916713147551,79,61
69,1000,553.277720852831,85,16
71,1000,582.349295657669,78,7
0,1000,64.6321731602545,30,30
67,1000,524.274758001231,70,3
92,1000,848.797861871712,92,0
87,1000,794.295140656917,90,3
23,1000,106.025339908229,39,16
56,1000,373.738194833723,80,24
15,1000,77.5519314687994,84,69
2,1000,49.5808926394038,73,71
4,1000,52.3858195895941,74,70
2,1000,49.5808926394038,75,73
75,1000,639.89066396963,84,9
98,1000,937.641614648526,98,0
73,1000,611.290197198174,82,9
27,1000,124.308672403649,85,58
92,1000,848.797861871712,96,4
39,1000,200.044663280973,87,48
63,1000,467.228377485822,72,9
1,1000,48.4327791688962,55,54
32,1000,151.730780743644,73,41
19,1000,90.5640793015171,64,45
25,1000,114.78347402896,85,60
91,1000,837.889325226866,91,0
91,1000,837.889325226866,94,3
63,1000,467.228377485822,81,18
89,1000,816.352098109029,93,4
22,1000,101.91309654211,86,64
75,1000,639.89066396963,79,4
27,1000,124.308672403649,53,26
85,1000,771.241077816393,91,6
36,1000,177.816654627415,96,60
33,1000,157.885695990008,70,37
65,1000,495.534364490879,89,24
99,1000,952.380952380952,99,0
3,1000,50.902024453836,69,66
33,1000,157.885695990008,64,31
42,1000,224.70813086753,72,30
76,1000,654.000472236003,85,9
41,1000,216.208094368535,73,32
39,1000,200.044663280973,76,37
44,1000,242.559618981515,60,16
26,1000,119.448403841297,49,23
34,1000,164.284075191295,84,50
41,1000,216.208094368535,66,25
32,1000,151.730780743644,80,48
37,1000,184.963272901178,82,45
19,1000,90.5640793015171,69,50
14,1000,74.6408264925534,84,70
69,1000,553.277720852831,89,20
32,1000,151.730780743644,96,64
55,1000,361.28526432121,76,21
36,1000,177.816654627415,81,45
66,1000,509.861356739568,75,9
7,1000,57.7105726582502,42,35
26,1000,119.448403841297,93,67
10,1000,64.2322754794971,89,79
50,1000,303.044756929457,75,25
37,1000,184.963272901178,86,49
84,1000,759.284493221131,95,11
21,1000,97.9666910015274,30,9
18,1000,87.0916713147551,87,69
57,1000,386.442928651778,72,15
24,1000,110.312404860499,86,62
29,1000,134.631557845425,89,60
81,1000,721.680528533244,86,5
33,1000,157.885695990008,94,61
75,1000,639.89066396963,78,3
46,1000,261.554069065366,54,8
37,1000,184.963272901178,93,56
66,1000,509.861356739568,88,22
59,1000,412.553192714143,65,6
49,1000,292.238240731737,76,27
21,1000,97.9666910015274,90,69
61,1000,439.520758176637,70,9
29,1000,134.631557845425,79,50
59,1000,412.553192714143,85,26
50,1000,303.044756929457,87,37
95,1000,886.454367056759,97,2
36,1000,177.816654627415,82,46
51,1000,314.136674975562,52,1
0,1000,64.6321731602545,85,85
3,1000,50.902024453836,68,65
62,1000,453.29066879585,76,14
32,1000,151.730780743644,76,44
60,1000,425.936165030342,63,3
15,1000,77.5519314687994,81,66
15,1000,77.5519314687994,81,66
47,1000,271.491915057168,77,30
61,1000,439.520758176637,82,21
26,1000,119.448403841297,91,65
67,1000,524.274758001231,67,0
39,1000,200.044663280973,63,24
63,1000,467.228377485822,81,18
63,1000,467.228377485822,80,17
53,1000,337.169047269091,82,29
89,1000,816.352098109029,90,1
99,1000,952.380952380952,99,0
63,1000,467.228377485822,96,33
73,1000,611.290197198174,79,6
87,1000,794.295140656917,90,3
60,1000,425.936165030342,64,4
36,1000,177.816654627415,75,39
91,1000,837.889325226866,93,2
18,1000,87.0916713147551,87,69
35,1000,170.923053479394,82,47
38,1000,192.370035381126,57,19
94,1000,872.437232532563,99,5
40,1000,207.987689782851,65,25
98,1000,937.641614648526,98,0
6,1000,55.797023332652,61,55
86,1000,782.90756638909,94,8
53,1000,337.169047269091,93,40
26,1000,119.448403841297,91,65
90,1000,827.134227296251,91,1
82,1000,734.495791335444,95,13
33,1000,157.885695990008,72,39
41,1000,216.208094368535,78,37
39,1000,200.044663280973,69,30
1,1000,48.4327791688962,90,89
20,1000,94.1864244003146,55,35
33,1000,157.885695990008,77,44
58,1000,399.38653243056,72,14
38,1000,192.370035381126,67,29
89,1000,816.352098109029,96,7
56,1000,373.738194833723,58,2
22,1000,101.91309654211,49,27
47,1000,271.491915057168,77,30
79,1000,695.271433977419,84,5
44,1000,242.559618981515,81,37
91,1000,837.889325226866,99,8
64,1000,481.315747338046,86,22
97,1000,921.201845106509,99,2
62,1000,453.29066879585,86,24
8,1000,59.7592503545888,63,55
80,1000,708.599590064427,97,17
53,1000,337.169047269091,96,43
23,1000,106.025339908229,58,35
44,1000,242.559618981515,81,37
1,1000,48.4327791688962,62,61
18,1000,87.0916713147551,81,63
58,1000,399.38653243056,66,8
86,1000,782.90756638909,92,6
89,1000,816.352098109029,89,0
14,1000,74.6408264925534,66,52
72,1000,596.84846230079,81,9
15,1000,77.5519314687994,87,72
45,1000,251.912218949791,84,39
4,1000,52.3858195895941,13,9
56,1000,373.738194833723,70,14
80,1000,708.599590064427,81,1
87,1000,794.295140656917,89,2
74,1000,625.645161649607,75,1
72,1000,596.84846230079,85,13
7,1000,57.7105726582502,73,66
15,1000,77.5519314687994,60,45
9,1000,61.9311379896748,25,16
61,1000,439.520758176637,89,28
47,1000,271.491915057168,77,30
36,1000,177.816654627415,81,45
55,1000,361.28526432121,96,41
99,1000,952.380952380952,99,0
46,1000,261.554069065366,60,14
88,1000,805.429425403583,89,1
62,1000,453.29066879585,85,23
71,1000,582.349295657669,86,15
71,1000,582.349295657669,96,25
69,1000,553.277720852831,77,8
46,1000,261.554069065366,79,33
77,1000,667.94957620734,87,10
32,1000,151.730780743644,69,37
75,1000,639.89066396963,90,15
8,1000,59.7592503545888,81,73
39,1000,200.044663280973,76,37
5,1000,54.0213107058028,86,81
57,1000,386.442928651778,70,13
71,1000,582.349295657669,80,9
23,1000,106.025339908229,86,63
5,1000,54.0213107058028,95,90
4,1000,52.3858195895941,86,82
57,1000,386.442928651778,77,20
33,1000,157.885695990008,87,54
52,1000,325.513318392641,70,18
16,1000,80.5928730731785,67,51
21,1000,97.9666910015274,75,54
58,1000,399.38653243056,71,13
53,1000,337.169047269091,78,25
47,1000,271.491915057168,84,37
74,1000,625.645161649607,84,10
56,1000,373.738194833723,57,1
65,1000,495.534364490879,88,23
35,1000,170.923053479394,81,46
90,1000,827.134227296251,93,3
62,1000,453.29066879585,80,18
30,1000,140.107720526217,78,48
52,1000,325.513318392641,72,20
92,1000,848.797861871712,98,6
19,1000,90.5640793015171,82,63
15,1000,77.5519314687994,91,76
53,1000,337.169047269091,75,22
19,1000,90.5640793015171,84,65
85,1000,771.241077816393,87,2
32,1000,151.730780743644,76,44
85,1000,771.241077816393,86,1
91,1000,837.889325226866,97,6
93,1000,860.154195390721,98,5
93,1000,860.154195390721,99,6
97,1000,921.201845106509,97,0
65,1000,495.534364490879,78,13
21,1000,97.9666910015274,89,68
35,1000,170.923053479394,83,48
93,1000,860.154195390721,98,5
93,1000,860.154195390721,93,0
85,1000,771.241077816393,88,3
81,1000,721.680528533244,94,13
2,1000,49.5808926394038,62,60
91,1000,837.889325226866,92,1
24,1000,110.312404860499,94,70
91,1000,837.889325226866,91,0
51,1000,314.136674975562,57,6
43,1000,233.490678454607,63,20
14,1000,74.6408264925534,85,71
54,1000,349.093612290139,88,34
24,1000,110.312404860499,86,62
60,1000,425.936165030342,60,0
81,1000,721.680528533244,88,7
4,1000,52.3858195895941,68,64
95,1000,886.454367056759,96,1
84,1000,759.284493221131,89,5
89,1000,816.352098109029,89,0
34,1000,164.284075191295,75,41
83,1000,747.034553555827,86,3
61,1000,439.520758176637,69,8
54,1000,349.093612290139,71,17
47,1000,271.491915057168,86,39
59,1000,412.553192714143,82,23
83,1000,747.034553555827,86,3
99,1000,952.380952380952,99,0
4,1000,52.3858195895941,79,75
62,1000,453.29066879585,87,25
73,1000,611.290197198174,93,20
31,1000,145.806200289297,75,44
63,1000,467.228377485822,81,18
49,1000,292.238240731737,89,40
97,1000,921.201845106509,99,2
79,1000,695.271433977419,82,3
66,1000,509.861356739568,73,7
70,1000,567.816158564411,72,2
76,1000,654.000472236003,78,2
76,1000,654.000472236003,76,0
37,1000,184.963272901178,92,55
55,1000,361.28526432121,76,21
81,1000,721.680528533244,82,1
83,1000,747.034553555827,94,11
86,1000,782.90756638909,88,2
82,1000,734.495791335444,88,6
36,1000,177.816654627415,93,57
16,1000,80.5928730731785,83,67
62,1000,453.29066879585,90,28
1,1000,48.4327791688962,31,30
99,1000,952.380952380952,99,0
44,1000,242.559618981515,77,33
56,1000,373.738194833723,71,15
95,1000,886.454367056759,96,1
64,1000,481.315747338046,77,13
97,1000,921.201845106509,98,1
60,1000,425.936165030342,85,25
95,1000,886.454367056759,97,2
69,1000,553.277720852831,72,3
93,1000,860.154195390721,93,0
54,1000,349.093612290139,61,7
30,1000,140.107720526217,86,56
0,1000,64.6321731602545,89,89
81,1000,721.680528533244,82,1
75,1000,639.89066396963,78,3
40,1000,207.987689782851,47,7
65,1000,495.534364490879,84,19
95,1000,886.454367056759,95,0
48,1000,281.719356771773,74,26
19,1000,90.5640793015171,65,46
5,1000,54.0213107058028,82,77
69,1000,553.277720852831,75,6
1,1000,48.4327791688962,12,11
23,1000,106.025339908229,57,34
57,1000,386.442928651778,71,14
65,1000,495.534364490879,79,14
18,1000,87.0916713147551,86,68
96,1000,903.601247423089,96,0
98,1000,937.641614648526,98,0
59,1000,412.553192714143,89,30
97,1000,921.201845106509,98,1
32,1000,151.730780743644,59,27
28,1000,129.366145584782,88,60
27,1000,124.308672403649,74,47
41,1000,216.208094368535,54,13
63,1000,467.228377485822,68,5
19,1000,90.5640793015171,80,61
59,1000,412.553192714143,59,0
58,1000,399.38653243056,77,19
91,1000,837.889325226866,96,5
62,1000,453.29066879585,66,4
28,1000,129.366145584782,83,55
62,1000,453.29066879585,93,31
25,1000,114.78347402896,49,24
33,1000,157.885695990008,89,56
18,1000,87.0916713147551,91,73
98,1000,937.641614648526,99,1
67,1000,524.274758001231,76,9
91,1000,837.889325226866,93,2
51,1000,314.136674975562,80,29
51,1000,314.136674975562,70,19
89,1000,816.352098109029,95,6
19,1000,90.5640793015171,73,54
39,1000,200.044663280973,84,45
34,1000,164.284075191295,89,55
25,1000,114.78347402896,70,45
50,1000,303.044756929457,54,4
14,1000,74.6408264925534,83,69
54,1000,349.093612290139,76,22
65,1000,495.534364490879,87,22
42,1000,224.70813086753,78,36
15,1000,77.5519314687994,60,45
11,1000,66.650523531484,77,66
10,1000,64.2322754794971,88,78
65,1000,495.534364490879,74,9
39,1000,200.044663280973,64,25
37,1000,184.963272901178,81,44
17,1000,83.7704378937515,71,54
50,1000,303.044756929457,70,20
93,1000,860.154195390721,93,0
41,1000,216.208094368535,63,22
53,1000,337.169047269091,68,15
87,1000,794.295140656917,92,5
68,1000,538.754391950154,84,16
9,1000,61.9311379896748,29,20
33,1000,157.885695990008,55,22
77,1000,667.94957620734,86,9
7,1000,57.7105726582502,93,86
50,1000,303.044756929457,77,27
94,1000,872.437232532563,97,3
15,1000,77.5519314687994,74,59
68,1000,538.754391950154,85,17
45,1000,251.912218949791,70,25
16,1000,80.5928730731785,79,63
45,1000,251.912218949791,51,6
25,1000,114.78347402896,59,34
63,1000,467.228377485822,90,27
2,1000,49.5808926394038,75,73
41,1000,216.208094368535,77,36
53,1000,337.169047269091,65,12
65,1000,495.534364490879,77,12
90,1000,827.134227296251,97,7
76,1000,654.000472236003,86,10
9,1000,61.9311379896748,74,65
87,1000,794.295140656917,88,1
20,1000,94.1864244003146,37,17
5,1000,54.0213107058028,81,76
9,1000,61.9311379896748,76,67
44,1000,242.559618981515,84,40
73,1000,611.290197198174,78,5
26,1000,119.448403841297,67,41
92,1000,848.797861871712,92,0
36,1000,177.816654627415,57,21
77,1000,667.94957620734,83,6
46,1000,261.554069065366,83,37
50,1000,303.044756929457,60,10
54,1000,349.093612290139,68,14
64,1000,481.315747338046,86,22
63,1000,467.228377485822,71,8
35,1000,170.923053479394,75,40
21,1000,97.9666910015274,56,35
2,1000,49.5808926394038,63,61
51,1000,314.136674975562,75,24
25,1000,114.78347402896,90,65
72,1000,596.84846230079,82,10
7,1000,57.7105726582502,77,70
57,1000,386.442928651778,76,19
8,1000,59.7592503545888,67,59
74,1000,625.645161649607,88,14
84,1000,759.284493221131,91,7
45,1000,251.912218949791,45,0
36,1000,177.816654627415,90,54
29,1000,134.631557845425,61,32
88,1000,805.429425403583,91,3
87,1000,794.295140656917,90,3
81,1000,721.680528533244,85,4
58,1000,399.38653243056,70,12
32,1000,151.730780743644,84,52
33,1000,157.885695990008,88,55
55,1000,361.28526432121,70,15
73,1000,611.290197198174,73,0
30,1000,140.107720526217,37,7
15,1000,77.5519314687994,70,55
48,1000,281.719356771773,71,23
51,1000,314.136674975562,80,29
50,1000,303.044756929457,65,15
30,1000,140.107720526217,71,41
83,1000,747.034553555827,91,8
36,1000,177.816654627415,77,41
0,1000,64.6321731602545,79,79
38,1000,192.370035381126,77,39
54,1000,349.093612290139,81,27
37,1000,184.963272901178,87,50
52,1000,325.513318392641,88,36
29,1000,134.631557845425,82,53
22,1000,101.91309654211,78,56
29,1000,134.631557845425,51,22
91,1000,837.889325226866,91,0
24,1000,110.312404860499,80,56
38,1000,192.370035381126,88,50
99,1000,952.380952380952,99,0
52,1000,325.513318392641,78,26
71,1000,582.349295657669,79,8
85,1000,771.241077816393,85,0
94,1000,872.437232532563,95,1
93,1000,860.154195390721,95,2
37,1000,184.963272901178,83,46
15,1000,77.5519314687994,87,72
31,1000,145.806200289297,89,58
96,1000,903.601247423089,97,1
73,1000,611.290197198174,76,3
25,1000,114.78347402896,68,43
98,1000,937.641614648526,99,1
24,1000,110.312404860499,75,51
98,1000,937.641614648526,99,1
19,1000,90.5640793015171,75,56
89,1000,816.352098109029,89,0
74,1000,625.645161649607,89,15
76,1000,654.000472236003,89,13
18,1000,87.0916713147551,62,44
23,1000,106.025339908229,77,54
49,1000,292.238240731737,88,39
49,1000,292.238240731737,65,16
65,1000,495.534364490879,89,24
6,1000,55.797023332652,75,69
98,1000,937.641614648526,98,0
59,1000,412.553192714143,85,26
60,1000,425.936165030342,77,17
88,1000,805.429425403583,91,3
27,1000,124.308672403649,79,52
53,1000,337.169047269091,81,28
44,1000,242.559618981515,81,37
24,1000,110.312404860499,81,57
95,1000,886.454367056759,99,4
4,1000,52.3858195895941,67,63
61,1000,439.520758176637,85,24
15,1000,77.5519314687994,44,29
53,1000,337.169047269091,61,8
11,1000,66.650523531484,63,52
87,1000,794.295140656917,92,5
51,1000,314.136674975562,67,16
46,1000,261.554069065366,76,30
0,1000,64.6321731602545,90,90
33,1000,157.885695990008,63,30
85,1000,771.241077816393,95,10
34,1000,164.284075191295,83,49
67,1000,524.274758001231,68,1
48,1000,281.719356771773,95,47
17,1000,83.7704378937515,68,51
90,1000,827.134227296251,97,7
0,1000,64.6321731602545,48,48
34,1000,164.284075191295,85,51
65,1000,495.534364490879,86,21
33,1000,157.885695990008,96,63
49,1000,292.238240731737,75,26
80,1000,708.599590064427,81,1
94,1000,872.437232532563,94,0
32,1000,151.730780743644,75,43
76,1000,654.000472236003,88,12
4,1000,52.3858195895941,73,69
2,1000,49.5808926394038,85,83
42,1000,224.70813086753,76,34
1,1000,48.4327791688962,61,60
86,1000,782.90756638909,89,3
99,1000,952.380952380952,99,0
34,1000,164.284075191295,74,40
48,1000,281.719356771773,86,38
65,1000,495.534364490879,82,17
18,1000,87.0916713147551,78,60
81,1000,721.680528533244,84,3
7,1000,57.7105726582502,87,80
13,1000,71.8531985110972,78,65
66,1000,509.861356739568,88,22
43,1000,233.490678454607,98,55
92,1000,848.797861871712,96,4
28,1000,129.366145584782,98,70
61,1000,439.520758176637,72,11
81,1000,721.680528533244,87,6
68,1000,538.754391950154,81,13
40,1000,207.987689782851,89,49
42,1000,224.70813086753,77,35
28,1000,129.366145584782,79,51
62,1000,453.29066879585,94,32
17,1000,83.7704378937515,66,49
36,1000,177.816654627415,61,25
22,1000,101.91309654211,73,51
55,1000,361.28526432121,62,7
79,1000,695.271433977419,93,14
89,1000,816.352098109029,98,9
38,1000,192.370035381126,90,52
17,1000,83.7704378937515,77,60
24,1000,110.312404860499,74,50
87,1000,794.295140656917,92,5
62,1000,453.29066879585,78,16
53,1000,337.169047269091,87,34
41,1000,216.208094368535,56,15
0,1000,64.6321731602545,70,70
69,1000,553.277720852831,93,24
71,1000,582.349295657669,84,13
13,1000,71.8531985110972,62,49
54,1000,349.093612290139,56,2
74,1000,625.645161649607,87,13
47,1000,271.491915057168,84,37
75,1000,639.89066396963,82,7
85,1000,771.241077816393,85,0
10,1000,64.2322754794971,58,48
24,1000,110.312404860499,76,52
47,1000,271.491915057168,85,38
96,1000,903.601247423089,96,0
71,1000,582.349295657669,84,13
43,1000,233.490678454607,54,11
6,1000,55.797023332652,27,21
15,1000,77.5519314687994,52,37
48,1000,281.719356771773,87,39
55,1000,361.28526432121,97,42
68,1000,538.754391950154,98,30
46,1000,261.554069065366,68,22
19,1000,90.5640793015171,83,64
53,1000,337.169047269091,94,41
98,1000,937.641614648526,98,0
15,1000,77.5519314687994,51,36
54,1000,349.093612290139,73,19
11,1000,66.650523531484,70,59
73,1000,611.290197198174,86,13
63,1000,467.228377485822,86,23
3,1000,50.902024453836,75,72
19,1000,90.5640793015171,69,50
92,1000,848.797861871712,95,3
97,1000,921.201845106509,97,0
39,1000,200.044663280973,51,12
54,1000,349.093612290139,83,29
33,1000,157.885695990008,90,57
85,1000,771.241077816393,88,3
48,1000,281.719356771773,79,31
10,1000,64.2322754794971,59,49
5,1000,54.0213107058028,78,73
5,1000,54.0213107058028,70,65
78,1000,681.715224948003,86,8
32,1000,151.730780743644,78,46
74,1000,625.645161649607,83,9
62,1000,453.29066879585,81,19
72,1000,596.84846230079,76,4
31,1000,145.806200289297,61,30
24,1000,110.312404860499,86,62
29,1000,134.631557845425,93,64
68,1000,538.754391950154,83,15
96,1000,903.601247423089,98,2
81,1000,721.680528533244,89,8
40,1000,207.987689782851,83,43
77,1000,667.94957620734,83,6
72,1000,596.84846230079,85,13
92,1000,848.797861871712,92,0
13,1000,71.8531985110972,87,74
23,1000,106.025339908229,49,26
88,1000,805.429425403583,88,0
13,1000,71.8531985110972,72,59
72,1000,596.84846230079,79,7
25,1000,114.78347402896,85,60
83,1000,747.034553555827,86,3
6,1000,55.797023332652,80,74
94,1000,872.437232532563,95,1
62,1000,453.29066879585,73,11
27,1000,124.308672403649,86,59
0,1000,64.6321731602545,16,16
3,1000,50.902024453836,76,73
66,1000,509.861356739568,76,10
31,1000,145.806200289297,69,38
82,1000,734.495791335444,86,4
88,1000,805.429425403583,95,7
9,1000,61.9311379896748,79,70
75,1000,639.89066396963,76,1
18,1000,87.0916713147551,94,76
78,1000,681.715224948003,91,13
12,1000,69.1918432278306,77,65
82,1000,734.495791335444,95,13
68,1000,538.754391950154,71,3
62,1000,453.29066879585,81,19
75,1000,639.89066396963,77,2
50,1000,303.044756929457,84,34
88,1000,805.429425403583,89,1
85,1000,771.241077816393,99,14
79,1000,695.271433977419,79,0
3,1000,50.902024453836,82,79
97,1000,921.201845106509,99,2
46,1000,261.554069065366,69,23
95,1000,886.454367056759,97,2
33,1000,157.885695990008,92,59
72,1000,596.84846230079,86,14
66,1000,509.861356739568,82,16
27,1000,124.308672403649,86,59
12,1000,69.1918432278306,92,80
84,1000,759.284493221131,84,0
31,1000,145.806200289297,50,19
28,1000,129.366145584782,72,44
48,1000,281.719356771773,73,25
68,1000,538.754391950154,81,13
20,1000,94.1864244003146,98,78
51,1000,314.136674975562,70,19
2,1000,49.5808926394038,81,79
77,1000,667.94957620734,80,3
42,1000,224.70813086753,75,33
58,1000,399.38653243056,70,12
2,1000,49.5808926394038,76,74
61,1000,439.520758176637,87,26
49,1000,292.238240731737,85,36
75,1000,639.89066396963,81,6
11,1000,66.650523531484,61,50
90,1000,827.134227296251,98,8
31,1000,145.806200289297,69,38
30,1000,140.107720526217,69,39
49,1000,292.238240731737,78,29
50,1000,303.044756929457,70,20
33,1000,157.885695990008,86,53
56,1000,373.738194833723,86,30
94,1000,872.437232532563,97,3
71,1000,582.349295657669,78,7
27,1000,124.308672403649,52,25
5,1000,54.0213107058028,69,64
74,1000,625.645161649607,82,8
16,1000,80.5928730731785,88,72
43,1000,233.490678454607,83,40
15,1000,77.5519314687994,74,59
70,1000,567.816158564411,82,12
28,1000,129.366145584782,80,52
59,1000,412.553192714143,73,14
61,1000,439.520758176637,91,30
74,1000,625.645161649607,86,12
83,1000,747.034553555827,85,2
71,1000,582.349295657669,98,27
43,1000,233.490678454607,85,42
47,1000,271.491915057168,85,38
39,1000,200.044663280973,76,37
54,1000,349.093612290139,98,44
23,1000,106.025339908229,89,66
34,1000,164.284075191295,87,53
74,1000,625.645161649607,76,2
25,1000,114.78347402896,71,46
91,1000,837.889325226866,95,4
66,1000,509.861356739568,79,13
32,1000,151.730780743644,67,35
22,1000,101.91309654211,89,67
15,1000,77.5519314687994,72,57
45,1000,251.912218949791,84,39
58,1000,399.38653243056,76,18
22,1000,101.91309654211,70,48
51,1000,314.136674975562,90,39
22,1000,101.91309654211,86,64
32,1000,151.730780743644,69,37
42,1000,224.70813086753,81,39
71,1000,582.349295657669,77,6
51,1000,314.136674975562,87,36
32,1000,151.730780743644,75,43
66,1000,509.861356739568,66,0
85,1000,771.241077816393,87,2
77,1000,667.94957620734,96,19
44,1000,242.559618981515,84,40
6,1000,55.797023332652,81,75
52,1000,325.513318392641,88,36
96,1000,903.601247423089,96,0
76,1000,654.000472236003,93,17
99,1000,952.380952380952,99,0
35,1000,170.923053479394,94,59
19,1000,90.5640793015171,60,41
47,1000,271.491915057168,95,48
63,1000,467.228377485822,92,29
33,1000,157.885695990008,56,23
52,1000,325.513318392641,85,33
79,1000,695.271433977419,84,5
48,1000,281.719356771773,98,50
27,1000,124.308672403649,91,64
55,1000,361.28526432121,74,19
27,1000,124.308672403649,73,46
80,1000,708.599590064427,87,7
28,1000,129.366145584782,75,47
35,1000,170.923053479394,78,43
37,1000,184.963272901178,64,27
80,1000,708.599590064427,83,3
8,1000,59.7592503545888,87,79
35,1000,170.923053479394,81,46
48,1000,281.719356771773,89,41
69,1000,553.277720852831,90,21
14,1000,74.6408264925534,68,54
94,1000,872.437232532563,97,3
44,1000,242.559618981515,63,19
83,1000,747.034553555827,89,6
57,1000,386.442928651778,76,19
30,1000,140.107720526217,75,45
28,1000,129.366145584782,50,22
59,1000,412.553192714143,74,15
94,1000,872.437232532563,96,2
8,1000,59.7592503545888,86,78
76,1000,654.000472236003,82,6
75,1000,639.89066396963,81,6
45,1000,251.912218949791,84,39
87,1000,794.295140656917,90,3
66,1000,509.861356739568,79,13
4,1000,52.3858195895941,45,41
35,1000,170.923053479394,77,42
32,1000,151.730780743644,74,42
22,1000,101.91309654211,73,51
4,1000,52.3858195895941,31,27
11,1000,66.650523531484,79,68
35,1000,170.923053479394,77,42
44,1000,242.559618981515,82,38
43,1000,233.490678454607,76,33
81,1000,721.680528533244,94,13
40,1000,207.987689782851,42,2
84,1000,759.284493221131,85,1
32,1000,151.730780743644,69,37
26,1000,119.448403841297,86,60
77,1000,667.94957620734,83,6
47,1000,271.491915057168,74,27
40,1000,207.987689782851,82,42
0,1000,64.6321731602545,88,88
33,1000,157.885695990008,68,35
65,1000,495.534364490879,81,16
51,1000,314.136674975562,85,34
42,1000,224.70813086753,71,29
5,1000,54.0213107058028,80,75
8,1000,59.7592503545888,75,67
83,1000,747.034553555827,88,5
19,1000,90.5640793015171,81,62
67,1000,524.274758001231,75,8
54,1000,349.093612290139,76,22
40,1000,207.987689782851,71,31
63,1000,467.228377485822,82,19
50,1000,303.044756929457,73,23
25,1000,114.78347402896,79,54
57,1000,386.442928651778,87,30
59,1000,412.553192714143,93,34
87,1000,794.295140656917,92,5
50,1000,303.044756929457,71,21
93,1000,860.154195390721,93,0
93,1000,860.154195390721,93,0
92,1000,848.797861871712,92,0
50,1000,303.044756929457,75,25
83,1000,747.034553555827,93,10
91,1000,837.889325226866,93,2
43,1000,233.490678454607,72,29
91,1000,837.889325226866,91,0
46,1000,261.554069065366,81,35
21,1000,97.9666910015274,89,68
48,1000,281.719356771773,75,27
31,1000,145.806200289297,84,53
11,1000,66.650523531484,60,49
26,1000,119.448403841297,57,31
25,1000,114.78347402896,53,28
65,1000,495.534364490879,86,21
18,1000,87.0916713147551,89,71
71,1000,582.349295657669,84,13
24,1000,110.312404860499,43,19
80,1000,708.599590064427,84,4
37,1000,184.963272901178,62,25
37,1000,184.963272901178,74,37
30,1000,140.107720526217,69,39
98,1000,937.641614648526,99,1
52,1000,325.513318392641,86,34
82,1000,734.495791335444,90,8
28,1000,129.366145584782,63,35
30,1000,140.107720526217,84,54
20,1000,94.1864244003146,68,48
50,1000,303.044756929457,94,44
3,1000,50.902024453836,74,71
60,1000,425.936165030342,82,22
66,1000,509.861356739568,95,29
63,1000,467.228377485822,84,21
98,1000,937.641614648526,98,0
16,1000,80.5928730731785,82,66
32,1000,151.730780743644,70,38
11,1000,66.650523531484,56,45
97,1000,921.201845106509,97,0
48,1000,281.719356771773,67,19
54,1000,349.093612290139,81,27
37,1000,184.963272901178,70,33
32,1000,151.730780743644,65,33
16,1000,80.5928730731785,71,55
95,1000,886.454367056759,97,2
62,1000,453.29066879585,79,17
15,1000,77.5519314687994,88,73
82,1000,734.495791335444,85,3
81,1000,721.680528533244,81,0
81,1000,721.680528533244,81,0
96,1000,903.601247423089,97,1
88,1000,805.429425403583,94,6
10,1000,64.2322754794971,57,47
2,1000,49.5808926394038,67,65
38,1000,192.370035381126,43,5
83,1000,747.034553555827,85,2
35,1000,170.923053479394,88,53
80,1000,708.599590064427,82,2
64,1000,481.315747338046,87,23
61,1000,439.520758176637,84,23
81,1000,721.680528533244,82,1
75,1000,639.89066396963,75,0
7,1000,57.7105726582502,76,69
35,1000,170.923053479394,75,40
12,1000,69.1918432278306,62,50
57,1000,386.442928651778,86,29
83,1000,747.034553555827,84,1
93,1000,860.154195390721,93,0
84,1000,759.284493221131,95,11
5,1000,54.0213107058028,60,55
34,1000,164.284075191295,38,4
30,1000,140.107720526217,70,40
11,1000,66.650523531484,88,77
65,1000,495.534364490879,67,2
13,1000,71.8531985110972,62,49
30,1000,140.107720526217,86,56
10,1000,64.2322754794971,71,61
20,1000,94.1864244003146,85,65
26,1000,119.448403841297,83,57
82,1000,734.495791335444,85,3
80,1000,708.599590064427,85,5
5,1000,54.0213107058028,90,85
54,1000,349.093612290139,90,36
79,1000,695.271433977419,90,11
29,1000,134.631557845425,72,43
72,1000,596.84846230079,87,15
32,1000,151.730780743644,89,57
6,1000,55.797023332652,70,64
66,1000,509.861356739568,91,25
68,1000,538.754391950154,90,22
74,1000,625.645161649607,80,6
7,1000,57.7105726582502,86,79
43,1000,233.490678454607,71,28
32,1000,151.730780743644,56,24
76,1000,654.000472236003,81,5
58,1000,399.38653243056,75,17
8,1000,59.7592503545888,91,83
36,1000,177.816654627415,92,56
87,1000,794.295140656917,97,10
75,1000,639.89066396963,79,4
27,1000,124.308672403649,48,21
34,1000,164.284075191295,56,22
29,1000,134.631557845425,84,55
93,1000,860.154195390721,94,1
89,1000,816.352098109029,95,6
34,1000,164.284075191295,76,42
42,1000,224.70813086753,51,9
48,1000,281.719356771773,78,30
38,1000,192.370035381126,94,56
1,1000,48.4327791688962,86,85
8,1000,59.7592503545888,44,36
48,1000,281.719356771773,54,6
53,1000,337.169047269091,85,32
38,1000,192.370035381126,50,12
50,1000,303.044756929457,62,12
63,1000,467.228377485822,75,12
13,1000,71.8531985110972,79,66
52,1000,325.513318392641,84,32
71,1000,582.349295657669,92,21
65,1000,495.534364490879,66,1
68,1000,538.754391950154,83,15
83,1000,747.034553555827,84,1
12,1000,69.1918432278306,94,82
9,1000,61.9311379896748,85,76
41,1000,216.208094368535,87,46
27,1000,124.308672403649,88,61
78,1000,681.715224948003,79,1
94,1000,872.437232532563,94,0
33,1000,157.885695990008,86,53
5,1000,54.0213107058028,53,48
74,1000,625.645161649607,91,17
21,1000,97.9666910015274,83,62
70,1000,567.816158564411,79,9
20,1000,94.1864244003146,45,25
47,1000,271.491915057168,89,42
69,1000,553.277720852831,84,15
50,1000,303.044756929457,79,29
65,1000,495.534364490879,75,10
75,1000,639.89066396963,75,0
72,1000,596.84846230079,87,15
23,1000,106.025339908229,81,58
37,1000,184.963272901178,40,3
46,1000,261.554069065366,94,48
57,1000,386.442928651778,76,19
99,1000,952.380952380952,99,0
68,1000,538.754391950154,84,16
46,1000,261.554069065366,78,32
50,1000,303.044756929457,84,34
83,1000,747.034553555827,91,8
64,1000,481.315747338046,68,4
24,1000,110.312404860499,74,50
7,1000,57.7105726582502,88,81
2,1000,49.5808926394038,74,72
69,1000,553.277720852831,83,14
81,1000,721.680528533244,90,9
78,1000,681.715224948003,78,0
61,1000,439.520758176637,97,36
0,1000,64.6321731602545,66,66
93,1000,860.154195390721,98,5
31,1000,145.806200289297,86,55
98,1000,937.641614648526,98,0
34,1000,164.284075191295,82,48
52,1000,325.513318392641,86,34
61,1000,439.520758176637,69,8
10,1000,64.2322754794971,93,83
38,1000,192.370035381126,88,50
57,1000,386.442928651778,59,2
68,1000,538.754391950154,69,1
12,1000,69.1918432278306,71,59
70,1000,567.816158564411,95,25
20,1000,94.1864244003146,81,61
64,1000,481.315747338046,79,15
13,1000,71.8531985110972,64,51
12,1000,69.1918432278306,89,77
53,1000,337.169047269091,73,20
32,1000,151.730780743644,68,36
38,1000,192.370035381126,67,29
74,1000,625.645161649607,82,8
55,1000,361.28526432121,84,29
50,1000,303.044756929457,70,20
73,1000,611.290197198174,80,7
57,1000,386.442928651778,57,0
54,1000,349.093612290139,73,19
7,1000,57.7105726582502,87,80
30,1000,140.107720526217,86,56
74,1000,625.645161649607,95,21
87,1000,794.295140656917,94,7
32,1000,151.730780743644,95,63
64,1000,481.315747338046,82,18
42,1000,224.70813086753,83,41
55,1000,361.28526432121,63,8
11,1000,66.650523531484,81,70
68,1000,538.754391950154,71,3
53,1000,337.169047269091,98,45
29,1000,134.631557845425,68,39
78,1000,681.715224948003,90,12
43,1000,233.490678454607,85,42
98,1000,937.641614648526,99,1
50,1000,303.044756929457,75,25
43,1000,233.490678454607,65,22
27,1000,124.308672403649,79,52
76,1000,654.000472236003,78,2
83,1000,747.034553555827,84,1
95,1000,886.454367056759,96,1
83,1000,747.034553555827,89,6
38,1000,192.370035381126,92,54
28,1000,129.366145584782,61,33
13,1000,71.8531985110972,92,79
60,1000,425.936165030342,77,17
31,1000,145.806200289297,79,48
66,1000,509.861356739568,79,13
35,1000,170.923053479394,65,30
32,1000,151.730780743644,88,56
45,1000,251.912218949791,81,36
93,1000,860.154195390721,93,0
6,1000,55.797023332652,89,83
14,1000,74.6408264925534,87,73
9,1000,61.9311379896748,62,53
83,1000,747.034553555827,83,0
99,1000,952.380952380952,99,0
78,1000,681.715224948003,83,5
46,1000,261.554069065366,66,20
93,1000,860.154195390721,93,0
61,1000,439.520758176637,66,5
34,1000,164.284075191295,73,39
58,1000,399.38653243056,78,20
43,1000,233.490678454607,88,45
43,1000,233.490678454607,93,50
10,1000,64.2322754794971,77,67
13,1000,71.8531985110972,42,29
41,1000,216.208094368535,83,42
8,1000,59.7592503545888,71,63
42,1000,224.70813086753,63,21
51,1000,314.136674975562,86,35
69,1000,553.277720852831,78,9
46,1000,261.554069065366,82,36
80,1000,708.599590064427,91,11
46,1000,261.554069065366,90,44
80,1000,708.599590064427,85,5
84,1000,759.284493221131,86,2
6,1000,55.797023332652,83,77
84,1000,759.284493221131,87,3
22,1000,101.91309654211,82,60
42,1000,224.70813086753,85,43
80,1000,708.599590064427,94,14
70,1000,567.816158564411,85,15
97,1000,921.201845106509,99,2
67,1000,524.274758001231,78,11
33,1000,157.885695990008,84,51
4,1000,52.3858195895941,81,77
88,1000,805.429425403583,91,3
40,1000,207.987689782851,75,35
54,1000,349.093612290139,82,28
49,1000,292.238240731737,79,30
94,1000,872.437232532563,96,2
44,1000,242.559618981515,93,49
52,1000,325.513318392641,66,14
37,1000,184.963272901178,91,54
91,1000,837.889325226866,95,4
99,1000,952.380952380952,99,0
24,1000,110.312404860499,32,8
20,1000,94.1864244003146,66,46
36,1000,177.816654627415,71,35
81,1000,721.680528533244,94,13
76,1000,654.000472236003,88,12
10,1000,64.2322754794971,18,8
99,1000,952.380952380952,99,0
51,1000,314.136674975562,86,35
83,1000,747.034553555827,94,11
51,1000,314.136674975562,90,39
90,1000,827.134227296251,92,2
80,1000,708.599590064427,89,9
99,1000,952.380952380952,99,0
13,1000,71.8531985110972,77,64
98,1000,937.641614648526,98,0
27,1000,124.308672403649,65,38
89,1000,816.352098109029,89,0
10,1000,64.2322754794971,86,76
29,1000,134.631557845425,63,34
84,1000,759.284493221131,89,5
19,1000,90.5640793015171,79,60
34,1000,164.284075191295,52,18
3,1000,50.902024453836,88,85
61,1000,439.520758176637,67,6
9,1000,61.9311379896748,82,73
90,1000,827.134227296251,94,4
64,1000,481.315747338046,96,32
39,1000,200.044663280973,74,35
29,1000,134.631557845425,45,16
74,1000,625.645161649607,80,6
12,1000,69.1918432278306,79,67
29,1000,134.631557845425,83,54
24,1000,110.312404860499,41,17
53,1000,337.169047269091,88,35
15,1000,77.5519314687994,53,38
12,1000,69.1918432278306,54,42
82,1000,734.495791335444,93,11
68,1000,538.754391950154,89,21
27,1000,124.308672403649,82,55
43,1000,233.490678454607,72,29
66,1000,509.861356739568,75,9
68,1000,538.754391950154,86,18
75,1000,639.89066396963,95,20
16,1000,80.5928730731785,79,63
13,1000,71.8531985110972,64,51
92,1000,848.797861871712,93,1
41,1000,216.208094368535,85,44
44,1000,242.559618981515,80,36
23,1000,106.025339908229,82,59
54,1000,349.093612290139,91,37
1,1000,48.4327791688962,62,61
13,1000,71.8531985110972,55,42
99,1000,952.380952380952,99,0
9,1000,61.9311379896748,55,46
99,1000,952.380952380952,99,0
12,1000,69.1918432278306,82,70
2,1000,49.5808926394038,71,69
96,1000,903.601247423089,98,2
97,1000,921.201845106509,99,2
78,1000,681.715224948003,93,15
0,1000,64.6321731602545,40,40
12,1000,69.1918432278306,72,60
90,1000,827.134227296251,93,3
6,1000,55.797023332652,73,67
47,1000,271.491915057168,80,33
73,1000,611.290197198174,94,21
39,1000,200.044663280973,45,6
44,1000,242.559618981515,84,40
51,1000,314.136674975562,75,24
60,1000,425.936165030342,70,10
31,1000,145.806200289297,70,39
63,1000,467.228377485822,74,11
78,1000,681.715224948003,83,5
81,1000,721.680528533244,84,3
91,1000,837.889325226866,91,0
73,1000,611.290197198174,80,7
90,1000,827.134227296251,90,0
47,1000,271.491915057168,93,46
63,1000,467.228377485822,83,20
14,1000,74.6408264925534,33,19
7,1000,57.7105726582502,94,87
35,1000,170.923053479394,62,27
11,1000,66.650523531484,42,31
23,1000,106.025339908229,86,63
69,1000,553.277720852831,79,10
65,1000,495.534364490879,79,14
51,1000,314.136674975562,53,2
29,1000,134.631557845425,79,50
42,1000,224.70813086753,53,11
2,1000,49.5808926394038,81,79
34,1000,164.284075191295,78,44
55,1000,361.28526432121,71,16
62,1000,453.29066879585,88,26
29,1000,134.631557845425,69,40
75,1000,639.89066396963,78,3
57,1000,386.442928651778,89,32
55,1000,361.28526432121,64,9
64,1000,481.315747338046,83,19
16,1000,80.5928730731785,66,50
87,1000,794.295140656917,91,4
16,1000,80.5928730731785,79,63
28,1000,129.366145584782,64,36
36,1000,177.816654627415,96,60
99,1000,952.380952380952,99,0
3,1000,50.902024453836,74,71
66,1000,509.861356739568,67,1
12,1000,69.1918432278306,76,64
61,1000,439.520758176637,78,17
51,1000,314.136674975562,80,29
99,1000,952.380952380952,99,0
96,1000,903.601247423089,97,1
21,1000,97.9666910015274,68,47
2,1000,49.5808926394038,93,91
77,1000,667.94957620734,81,4
53,1000,337.169047269091,59,6
59,1000,412.553192714143,67,8
55,1000,361.28526432121,68,13
56,1000,373.738194833723,80,24
93,1000,860.154195390721,99,6
8,1000,59.7592503545888,96,88
45,1000,251.912218949791,71,26
12,1000,69.1918432278306,84,72
69,1000,553.277720852831,85,16
34,1000,164.284075191295,85,51
32,1000,151.730780743644,68,36
34,1000,164.284075191295,79,45
40,1000,207.987689782851,79,39
45,1000,251.912218949791,72,27
86,1000,782.90756638909,97,11
83,1000,747.034553555827,86,3
12,1000,69.1918432278306,58,46
9,1000,61.9311379896748,71,62
93,1000,860.154195390721,94,1
71,1000,582.349295657669,92,21
46,1000,261.554069065366,70,24
46,1000,261.554069065366,57,11
76,1000,654.000472236003,80,4
4,1000,52.3858195895941,43,39
11,1000,66.650523531484,83,72
57,1000,386.442928651778,84,27
4,1000,52.3858195895941,65,61
46,1000,261.554069065366,69,23
48,1000,281.719356771773,70,22
38,1000,192.370035381126,71,33
34,1000,164.284075191295,73,39
62,1000,453.29066879585,68,6
94,1000,872.437232532563,96,2
54,1000,349.093612290139,71,17
28,1000,129.366145584782,67,39
71,1000,582.349295657669,93,22
50,1000,303.044756929457,72,22
61,1000,439.520758176637,84,23
21,1000,97.9666910015274,62,41
88,1000,805.429425403583,88,0
16,1000,80.5928730731785,62,46
87,1000,794.295140656917,87,0
46,1000,261.554069065366,84,38
6,1000,55.797023332652,82,76
31,1000,145.806200289297,70,39
96,1000,903.601247423089,96,0
83,1000,747.034553555827,84,1
73,1000,611.290197198174,84,11
49,1000,292.238240731737,93,44
23,1000,106.025339908229,79,56
51,1000,314.136674975562,79,28
83,1000,747.034553555827,84,1
47,1000,271.491915057168,82,35
73,1000,611.290197198174,73,0
1,1000,48.4327791688962,30,29
42,1000,224.70813086753,56,14
84,1000,759.284493221131,98,14
81,1000,721.680528533244,89,8
84,1000,759.284493221131,84,0
63,1000,467.228377485822,89,26
24,1000,110.312404860499,86,62
56,1000,373.738194833723,56,0
67,1000,524.274758001231,78,11
93,1000,860.154195390721,93,0
52,1000,325.513318392641,67,15
3,1000,50.902024453836,88,85
76,1000,654.000472236003,92,16
73,1000,611.290197198174,73,0
49,1000,292.238240731737,74,25
47,1000,271.491915057168,85,38
38,1000,192.370035381126,88,50
50,1000,303.044756929457,56,6
4,1000,52.3858195895941,74,70
2,1000,49.5808926394038,76,74
94,1000,872.437232532563,95,1
25,1000,114.78347402896,76,51
34,1000,164.284075191295,76,42
37,1000,184.963272901178,81,44
72,1000,596.84846230079,98,26
7,1000,57.7105726582502,70,63
53,1000,337.169047269091,86,33
69,1000,553.277720852831,89,20
14,1000,74.6408264925534,84,70
40,1000,207.987689782851,81,41
41,1000,216.208094368535,90,49
63,1000,467.228377485822,68,5
52,1000,325.513318392641,91,39
35,1000,170.923053479394,50,15
18,1000,87.0916713147551,54,36
13,1000,71.8531985110972,91,78
54,1000,349.093612290139,81,27
84,1000,759.284493221131,90,6
4,1000,52.3858195895941,73,69
90,1000,827.134227296251,95,5
57,1000,386.442928651778,76,19
55,1000,361.28526432121,55,0
96,1000,903.601247423089,96,0
44,1000,242.559618981515,70,26
3,1000,50.902024453836,62,59
39,1000,200.044663280973,79,40
19,1000,90.5640793015171,71,52
27,1000,124.308672403649,75,48
72,1000,596.84846230079,77,5
18,1000,87.0916713147551,92,74
83,1000,747.034553555827,84,1
42,1000,224.70813086753,81,39
0,1000,64.6321731602545,83,83
12,1000,69.1918432278306,58,46
68,1000,538.754391950154,76,8
16,1000,80.5928730731785,83,67
46,1000,261.554069065366,85,39
56,1000,373.738194833723,65,9
30,1000,140.107720526217,68,38
62,1000,453.29066879585,83,21
5,1000,54.0213107058028,75,70
36,1000,177.816654627415,43,7
44,1000,242.559618981515,90,46
54,1000,349.093612290139,88,34
80,1000,708.599590064427,83,3
57,1000,386.442928651778,83,26
83,1000,747.034553555827,90,7
69,1000,553.277720852831,75,6
38,1000,192.370035381126,51,13
43,1000,233.490678454607,90,47
78,1000,681.715224948003,81,3
3,1000,50.902024453836,76,73
80,1000,708.599590064427,87,7
44,1000,242.559618981515,91,47
28,1000,129.366145584782,41,13
65,1000,495.534364490879,71,6
7,1000,57.7105726582502,57,50
12,1000,69.1918432278306,89,77
74,1000,625.645161649607,89,15
16,1000,80.5928730731785,96,80
83,1000,747.034553555827,87,4
52,1000,325.513318392641,80,28
58,1000,399.38653243056,60,2
84,1000,759.284493221131,91,7
72,1000,596.84846230079,84,12
12,1000,69.1918432278306,70,58
53,1000,337.169047269091,77,24
17,1000,83.7704378937515,85,68
78,1000,681.715224948003,79,1
43,1000,233.490678454607,91,48
93,1000,860.154195390721,98,5
49,1000,292.238240731737,93,44
27,1000,124.308672403649,69,42
82,1000,734.495791335444,86,4
53,1000,337.169047269091,73,20
99,1000,952.380952380952,99,0
11,1000,66.650523531484,75,64
79,1000,695.271433977419,88,9
15,1000,77.5519314687994,77,62
3,1000,50.902024453836,79,76
33,1000,157.885695990008,75,42
38,1000,192.370035381126,71,33
10,1000,64.2322754794971,82,72
95,1000,886.454367056759,95,0
87,1000,794.295140656917,91,4
3,1000,50.902024453836,71,68
40,1000,207.987689782851,64,24
74,1000,625.645161649607,80,6
29,1000,134.631557845425,68,39
43,1000,233.490678454607,54,11
75,1000,639.89066396963,84,9
27,1000,124.308672403649,85,58
26,1000,119.448403841297,76,50
41,1000,216.208094368535,77,36
68,1000,538.754391950154,73,5
47,1000,271.491915057168,68,21
73,1000,611.290197198174,75,2
14,1000,74.6408264925534,62,48
67,1000,524.274758001231,71,4
95,1000,886.454367056759,99,4
71,1000,582.349295657669,86,15
6,1000,55.797023332652,91,85
31,1000,145.806200289297,78,47
77,1000,667.94957620734,90,13
51,1000,314.136674975562,72,21
92,1000,848.797861871712,93,1
40,1000,207.987689782851,70,30
44,1000,242.559618981515,87,43
88,1000,805.429425403583,94,6
12,1000,69.1918432278306,81,69
76,1000,654.000472236003,81,5
6,1000,55.797023332652,96,90
34,1000,164.284075191295,63,29
27,1000,124.308672403649,38,11
88,1000,805.429425403583,94,6
78,1000,681.715224948003,86,8
6,1000,55.797023332652,85,79
15,1000,77.5519314687994,73,58
72,1000,596.84846230079,93,21
86,1000,782.90756638909,90,4
19,1000,90.5640793015171,78,59
45,1000,251.912218949791,90,45
97,1000,921.201845106509,97,0
49,1000,292.238240731737,84,35
40,1000,207.987689782851,93,53
51,1000,314.136674975562,96,45
27,1000,124.308672403649,69,42
85,1000,771.241077816393,93,8
82,1000,734.495791335444,89,7
4,1000,52.3858195895941,96,92
88,1000,805.429425403583,89,1
99,1000,952.380952380952,99,0
96,1000,903.601247423089,96,0
72,1000,596.84846230079,86,14
89,1000,816.352098109029,89,0
2,1000,49.5808926394038,49,47
36,1000,177.816654627415,55,19
3,1000,50.902024453836,48,45
93,1000,860.154195390721,95,2
22,1000,101.91309654211,88,66
99,1000,952.380952380952,99,0
62,1000,453.29066879585,66,4
12,1000,69.1918432278306,75,63
21,1000,97.9666910015274,66,45
81,1000,721.680528533244,82,1
49,1000,292.238240731737,71,22
27,1000,124.308672403649,77,50
50,1000,303.044756929457,67,17
47,1000,271.491915057168,87,40
45,1000,251.912218949791,94,49
59,1000,412.553192714143,81,22
76,1000,654.000472236003,84,8
56,1000,373.738194833723,76,20
21,1000,97.9666910015274,91,70
72,1000,596.84846230079,74,2
51,1000,314.136674975562,89,38
69,1000,553.277720852831,72,3
0,1000,64.6321731602545,41,41
77,1000,667.94957620734,99,22
84,1000,759.284493221131,86,2
41,1000,216.208094368535,89,48
71,1000,582.349295657669,80,9
38,1000,192.370035381126,91,53
65,1000,495.534364490879,81,16
63,1000,467.228377485822,82,19
41,1000,216.208094368535,72,31
20,1000,94.1864244003146,74,54
23,1000,106.025339908229,86,63
88,1000,805.429425403583,94,6
67,1000,524.274758001231,68,1
64,1000,481.315747338046,70,6
4,1000,52.3858195895941,87,83
11,1000,66.650523531484,80,69
51,1000,314.136674975562,75,24
38,1000,192.370035381126,69,31
50,1000,303.044756929457,56,6
89,1000,816.352098109029,92,3
40,1000,207.987689782851,76,36
6,1000,55.797023332652,59,53
50,1000,303.044756929457,60,10
49,1000,292.238240731737,59,10
32,1000,151.730780743644,93,61
50,1000,303.044756929457,96,46
64,1000,481.315747338046,82,18
61,1000,439.520758176637,73,12
69,1000,553.277720852831,88,19
52,1000,325.513318392641,81,29
85,1000,771.241077816393,91,6
53,1000,337.169047269091,84,31
15,1000,77.5519314687994,60,45
90,1000,827.134227296251,91,1
45,1000,251.912218949791,83,38
93,1000,860.154195390721,96,3
67,1000,524.274758001231,82,15
78,1000,681.715224948003,89,11
94,1000,872.437232532563,94,0
26,1000,119.448403841297,84,58
5,1000,54.0213107058028,92,87
86,1000,782.90756638909,86,0
84,1000,759.284493221131,86,2
86,1000,782.90756638909,87,1
98,1000,937.641614648526,98,0
82,1000,734.495791335444,87,5
24,1000,110.312404860499,78,54
83,1000,747.034553555827,84,1
12,1000,69.1918432278306,78,66
97,1000,921.201845106509,97,0
46,1000,261.554069065366,93,47
18,1000,87.0916713147551,81,63
73,1000,611.290197198174,83,10
94,1000,872.437232532563,98,4
95,1000,886.454367056759,95,0
55,1000,361.28526432121,84,29
56,1000,373.738194833723,70,14
97,1000,921.201845106509,97,0
6,1000,55.797023332652,77,71
0,1000,64.6321731602545,1,1
13,1000,71.8531985110972,82,69
14,1000,74.6408264925534,74,60
7,1000,57.7105726582502,81,74
44,1000,242.559618981515,69,25
29,1000,134.631557845425,76,47
68,1000,538.754391950154,79,11
88,1000,805.429425403583,90,2
47,1000,271.491915057168,81,34
88,1000,805.429425403583,93,5
16,1000,80.5928730731785,88,72
98,1000,937.641614648526,99,1
46,1000,261.554069065366,71,25
25,1000,114.78347402896,70,45
3,1000,50.902024453836,72,69
9,1000,61.9311379896748,74,65
84,1000,759.284493221131,86,2
82,1000,734.495791335444,84,2
24,1000,110.312404860499,75,51
90,1000,827.134227296251,95,5
58,1000,399.38653243056,83,25
16,1000,80.5928730731785,68,52
29,1000,134.631557845425,53,24
75,1000,639.89066396963,79,4
0,1000,64.6321731602545,77,77
13,1000,71.8531985110972,69,56
11,1000,66.650523531484,64,53
6,1000,55.797023332652,75,69
14,1000,74.6408264925534,89,75
43,1000,233.490678454607,82,39
89,1000,816.352098109029,95,6
94,1000,872.437232532563,95,1
4,1000,52.3858195895941,72,68
10,1000,64.2322754794971,66,56
96,1000,903.601247423089,97,1
87,1000,794.295140656917,88,1
84,1000,759.284493221131,94,10
52,1000,325.513318392641,71,19
12,1000,69.1918432278306,73,61
23,1000,106.025339908229,80,57
91,1000,837.889325226866,96,5
92,1000,848.797861871712,92,0
31,1000,145.806200289297,61,30
21,1000,97.9666910015274,46,25
32,1000,151.730780743644,77,45
69,1000,553.277720852831,70,1
29,1000,134.631557845425,91,62
93,1000,860.154195390721,98,5
7,1000,57.7105726582502,63,56
14,1000,74.6408264925534,70,56
29,1000,134.631557845425,88,59
89,1000,816.352098109029,98,9
60,1000,425.936165030342,85,25
62,1000,453.29066879585,75,13
95,1000,886.454367056759,96,1
94,1000,872.437232532563,98,4
16,1000,80.5928730731785,71,55
35,1000,170.923053479394,60,25
91,1000,837.889325226866,93,2
28,1000,129.366145584782,90,62
9,1000,61.9311379896748,49,40
71,1000,582.349295657669,74,3
46,1000,261.554069065366,58,12
4,1000,52.3858195895941,61,57
10,1000,64.2322754794971,52,42
81,1000,721.680528533244,85,4
99,1000,952.380952380952,99,0
12,1000,69.1918432278306,81,69
13,1000,71.8531985110972,78,65
19,1000,90.5640793015171,54,35
55,1000,361.28526432121,80,25
29,1000,134.631557845425,62,33
9,1000,61.9311379896748,73,64
10,1000,64.2322754794971,85,75
78,1000,681.715224948003,90,12
55,1000,361.28526432121,58,3
42,1000,224.70813086753,82,40
39,1000,200.044663280973,67,28
99,1000,952.380952380952,99,0
67,1000,524.274758001231,83,16
18,1000,87.0916713147551,48,30
46,1000,261.554069065366,93,47
77,1000,667.94957620734,79,2
60,1000,425.936165030342,93,33
92,1000,848.797861871712,93,1
19,1000,90.5640793015171,57,38
13,1000,71.8531985110972,59,46
5,1000,54.0213107058028,78,73
43,1000,233.490678454607,74,31
44,1000,242.559618981515,78,34
43,1000,233.490678454607,88,45
23,1000,106.025339908229,68,45
27,1000,124.308672403649,87,60
75,1000,639.89066396963,91,16
88,1000,805.429425403583,89,1
65,1000,495.534364490879,92,27
70,1000,567.816158564411,82,12
71,1000,582.349295657669,76,5
45,1000,251.912218949791,87,42
44,1000,242.559618981515,58,14
39,1000,200.044663280973,86,47
66,1000,509.861356739568,98,32
46,1000,261.554069065366,81,35
45,1000,251.912218949791,73,28
68,1000,538.754391950154,85,17
92,1000,848.797861871712,96,4
45,1000,251.912218949791,65,20
93,1000,860.154195390721,95,2
66,1000,509.861356739568,89,23
52,1000,325.513318392641,73,21
71,1000,582.349295657669,77,6
46,1000,261.554069065366,86,40
80,1000,708.599590064427,87,7
85,1000,771.241077816393,94,9
99,1000,952.380952380952,99,0
85,1000,771.241077816393,88,3
30,1000,140.107720526217,75,45
5,1000,54.0213107058028,44,39
32,1000,151.730780743644,77,45
56,1000,373.738194833723,82,26
65,1000,495.534364490879,89,24
64,1000,481.315747338046,75,11
54,1000,349.093612290139,80,26
52,1000,325.513318392641,92,40
52,1000,325.513318392641,85,33
58,1000,399.38653243056,61,3
25,1000,114.78347402896,78,53
63,1000,467.228377485822,65,2
1,1000,48.4327791688962,56,55
72,1000,596.84846230079,78,6
32,1000,151.730780743644,79,47
37,1000,184.963272901178,90,53
53,1000,337.169047269091,78,25
81,1000,721.680528533244,84,3
84,1000,759.284493221131,95,11
37,1000,184.963272901178,91,54
40,1000,207.987689782851,76,36
30,1000,140.107720526217,58,28
3,1000,50.902024453836,75,72
22,1000,101.91309654211,58,36
41,1000,216.208094368535,75,34
95,1000,886.454367056759,99,4
23,1000,106.025339908229,86,63
41,1000,216.208094368535,66,25
7,1000,57.7105726582502,84,77
17,1000,83.7704378937515,88,71
10,1000,64.2322754794971,56,46
61,1000,439.520758176637,87,26
82,1000,734.495791335444,84,2
89,1000,816.352098109029,92,3
13,1000,71.8531985110972,77,64
75,1000,639.89066396963,76,1
79,1000,695.271433977419,96,17
55,1000,361.28526432121,80,25
76,1000,654.000472236003,91,15
79,1000,695.271433977419,87,8
92,1000,848.797861871712,92,0
51,1000,314.136674975562,55,4
14,1000,74.6408264925534,92,78
13,1000,71.8531985110972,50,37
66,1000,509.861356739568,84,18
12,1000,69.1918432278306,73,61
59,1000,412.553192714143,87,28
5,1000,54.0213107058028,57,52
80,1000,708.599590064427,81,1
33,1000,157.885695990008,73,40
17,1000,83.7704378937515,71,54
88,1000,805.429425403583,97,9
25,1000,114.78347402896,72,47
20,1000,94.1864244003146,71,51
77,1000,667.94957620734,78,1
15,1000,77.5519314687994,86,71
60,1000,425.936165030342,80,20
80,1000,708.599590064427,80,0
47,1000,271.491915057168,79,32
76,1000,654.000472236003,98,22
55,1000,361.28526432121,90,35
42,1000,224.70813086753,75,33
96,1000,903.601247423089,98,2
11,1000,66.650523531484,90,79
31,1000,145.806200289297,79,48
86,1000,782.90756638909,87,1
90,1000,827.134227296251,91,1
51,1000,314.136674975562,81,30
52,1000,325.513318392641,82,30
91,1000,837.889325226866,95,4
90,1000,827.134227296251,97,7
27,1000,124.308672403649,81,54
0,1000,64.6321731602545,79,79
17,1000,83.7704378937515,77,60
45,1000,251.912218949791,90,45
8,1000,59.7592503545888,57,49
8,1000,59.7592503545888,82,74
73,1000,611.290197198174,74,1
91,1000,837.889325226866,93,2
11,1000,66.650523531484,69,58
39,1000,200.044663280973,78,39
54,1000,349.093612290139,76,22
15,1000,77.5519314687994,85,70
94,1000,872.437232532563,96,2
36,1000,177.816654627415,50,14
91,1000,837.889325226866,94,3
56,1000,373.738194833723,82,26
56,1000,373.738194833723,90,34
2,1000,49.5808926394038,29,27
99,1000,952.380952380952,99,0
28,1000,129.366145584782,80,52
3,1000,50.902024453836,89,86
56,1000,373.738194833723,67,11
36,1000,177.816654627415,68,32
33,1000,157.885695990008,49,16
24,1000,110.312404860499,61,37
43,1000,233.490678454607,83,40
71,1000,582.349295657669,71,0
86,1000,782.90756638909,91,5
63,1000,467.228377485822,78,15
6,1000,55.797023332652,47,41
11,1000,66.650523531484,85,74
27,1000,124.308672403649,52,25
95,1000,886.454367056759,95,0
36,1000,177.816654627415,74,38
96,1000,903.601247423089,97,1
42,1000,224.70813086753,64,22
26,1000,119.448403841297,77,51
53,1000,337.169047269091,85,32
84,1000,759.284493221131,95,11
25,1000,114.78347402896,52,27
76,1000,654.000472236003,88,12
7,1000,57.7105726582502,84,77
42,1000,224.70813086753,55,13
83,1000,747.034553555827,86,3
33,1000,157.885695990008,74,41
6,1000,55.797023332652,98,92
29,1000,134.631557845425,83,54
9,1000,61.9311379896748,69,60
59,1000,412.553192714143,75,16
36,1000,177.816654627415,84,48
74,1000,625.645161649607,80,6
41,1000,216.208094368535,77,36
5,1000,54.0213107058028,38,33
36,1000,177.816654627415,65,29
12,1000,69.1918432278306,69,57
7,1000,57.7105726582502,70,63
88,1000,805.429425403583,93,5
22,1000,101.91309654211,71,49
28,1000,129.366145584782,89,61
53,1000,337.169047269091,65,12
33,1000,157.885695990008,80,47
51,1000,314.136674975562,64,13
11,1000,66.650523531484,83,72
97,1000,921.201845106509,97,0
4,1000,52.3858195895941,68,64
64,1000,481.315747338046,96,32
52,1000,325.513318392641,77,25
31,1000,145.806200289297,62,31
77,1000,667.94957620734,85,8
91,1000,837.889325226866,96,5
84,1000,759.284493221131,94,10
7,1000,57.7105726582502,84,77
77,1000,667.94957620734,83,6
36,1000,177.816654627415,86,50
8,1000,59.7592503545888,80,72
12,1000,69.1918432278306,63,51
31,1000,145.806200289297,85,54
75,1000,639.89066396963,77,2
89,1000,816.352098109029,92,3
66,1000,509.861356739568,69,3
33,1000,157.885695990008,74,41
35,1000,170.923053479394,73,38
96,1000,903.601247423089,96,0
87,1000,794.295140656917,94,7
52,1000,325.513318392641,83,31
94,1000,872.437232532563,95,1
16,1000,80.5928730731785,92,76
50,1000,303.044756929457,71,21
53,1000,337.169047269091,82,29
79,1000,695.271433977419,80,1
82,1000,734.495791335444,94,12
69,1000,553.277720852831,86,17
96,1000,903.601247423089,97,1
81,1000,721.680528533244,84,3
17,1000,83.7704378937515,88,71
93,1000,860.154195390721,94,1
49,1000,292.238240731737,60,11
38,1000,192.370035381126,39,1
40,1000,207.987689782851,85,45
52,1000,325.513318392641,77,25
70,1000,567.816158564411,88,18
54,1000,349.093612290139,77,23
36,1000,177.816654627415,50,14
87,1000,794.295140656917,95,8
17,1000,83.7704378937515,63,46
29,1000,134.631557845425,70,41
11,1000,66.650523531484,81,70
63,1000,467.228377485822,72,9
63,1000,467.228377485822,91,28
47,1000,271.491915057168,53,6
44,1000,242.559618981515,94,50
72,1000,596.84846230079,74,2
5,1000,54.0213107058028,88,83
26,1000,119.448403841297,64,38
16,1000,80.5928730731785,76,60
89,1000,816.352098109029,94,5
95,1000,886.454367056759,96,1
93,1000,860.154195390721,93,0
82,1000,734.495791335444,91,9
42,1000,224.70813086753,89,47
67,1000,524.274758001231,87,20
87,1000,794.295140656917,87,0
0,1000,64.6321731602545,89,89
31,1000,145.806200289297,58,27
84,1000,759.284493221131,85,1
40,1000,207.987689782851,53,13
24,1000,110.312404860499,88,64
9,1000,61.9311379896748,81,72
69,1000,553.277720852831,87,18
96,1000,903.601247423089,96,0
89,1000,816.352098109029,96,7
24,1000,110.312404860499,75,51
58,1000,399.38653243056,82,24
94,1000,872.437232532563,95,1
37,1000,184.963272901178,86,49
56,1000,373.738194833723,96,40
85,1000,771.241077816393,86,1
64,1000,481.315747338046,82,18
71,1000,582.349295657669,83,12
23,1000,106.025339908229,91,68
47,1000,271.491915057168,65,18
64,1000,481.315747338046,85,21
86,1000,782.90756638909,89,3
58,1000,399.38653243056,64,6
55,1000,361.28526432121,61,6
75,1000,639.89066396963,83,8
76,1000,654.000472236003,88,12
43,1000,233.490678454607,98,55
1,1000,48.4327791688962,77,76
84,1000,759.284493221131,86,2
56,1000,373.738194833723,67,11
71,1000,582.349295657669,75,4
61,1000,439.520758176637,90,29
96,1000,903.601247423089,97,1
69,1000,553.277720852831,91,22
1,1000,48.4327791688962,66,65
21,1000,97.9666910015274,67,46
46,1000,261.554069065366,49,3
71,1000,582.349295657669,77,6
99,1000,952.380952380952,99,0
56,1000,373.738194833723,94,38
68,1000,538.754391950154,82,14
57,1000,386.442928651778,83,26
48,1000,281.719356771773,87,39
36,1000,177.816654627415,61,25
4,1000,52.3858195895941,50,46
44,1000,242.559618981515,71,27
84,1000,759.284493221131,92,8
9,1000,61.9311379896748,90,81
52,1000,325.513318392641,56,4
62,1000,453.29066879585,74,12
95,1000,886.454367056759,96,1
16,1000,80.5928730731785,73,57
58,1000,399.38653243056,85,27
68,1000,538.754391950154,76,8
27,1000,124.308672403649,61,34
95,1000,886.454367056759,99,4
27,1000,124.308672403649,35,8
10,1000,64.2322754794971,93,83
24,1000,110.312404860499,84,60
73,1000,611.290197198174,94,21
43,1000,233.490678454607,84,41
86,1000,782.90756638909,92,6
81,1000,721.680528533244,82,1
60,1000,425.936165030342,86,26
33,1000,157.885695990008,86,53
41,1000,216.208094368535,92,51
59,1000,412.553192714143,80,21
42,1000,224.70813086753,59,17
44,1000,242.559618981515,77,33
4,1000,52.3858195895941,78,74
24,1000,110.312404860499,80,56
98,1000,937.641614648526,98,0
89,1000,816.352098109029,91,2
20,1000,94.1864244003146,77,57
60,1000,425.936165030342,61,1
5,1000,54.0213107058028,71,66
67,1000,524.274758001231,82,15
34,1000,164.284075191295,91,57
8,1000,59.7592503545888,48,40
3,1000,50.902024453836,75,72
84,1000,759.284493221131,86,2
8,1000,59.7592503545888,76,68
21,1000,97.9666910015274,62,41
14,1000,74.6408264925534,77,63
56,1000,373.738194833723,75,19
79,1000,695.271433977419,85,6
45,1000,251.912218949791,86,41
52,1000,325.513318392641,70,18
88,1000,805.429425403583,88,0
79,1000,695.271433977419,84,5
99,1000,952.380952380952,99,0
99,1000,952.380952380952,99,0
78,1000,681.715224948003,81,3
2,1000,49.5808926394038,52,50
50,1000,303.044756929457,57,7
2,1000,49.5808926394038,95,93
45,1000,251.912218949791,79,34
12,1000,69.1918432278306,79,67
40,1000,207.987689782851,76,36
38,1000,192.370035381126,67,29
0,1000,64.6321731602545,84,84
16,1000,80.5928730731785,64,48
72,1000,596.84846230079,75,3
86,1000,782.90756638909,96,10
51,1000,314.136674975562,74,23
52,1000,325.513318392641,75,23
15,1000,77.5519314687994,91,76
26,1000,119.448403841297,80,54
41,1000,216.208094368535,63,22
98,1000,937.641614648526,98,0
17,1000,83.7704378937515,90,73
63,1000,467.228377485822,74,11
15,1000,77.5519314687994,81,66
16,1000,80.5928730731785,53,37
76,1000,654.000472236003,80,4
16,1000,80.5928730731785,72,56
16,1000,80.5928730731785,31,15
94,1000,872.437232532563,96,2
93,1000,860.154195390721,99,6
46,1000,261.554069065366,57,11
40,1000,207.987689782851,84,44
30,1000,140.107720526217,97,67
2,1000,49.5808926394038,71,69
89,1000,816.352098109029,93,4
30,1000,140.107720526217,52,22
99,1000,952.380952380952,99,0
40,1000,207.987689782851,71,31
99,1000,952.380952380952,99,0
38,1000,192.370035381126,78,40
3,1000,50.902024453836,82,79
47,1000,271.491915057168,85,38
68,1000,538.754391950154,74,6
68,1000,538.754391950154,70,2
57,1000,386.442928651778,75,18
26,1000,119.448403841297,70,44
14,1000,74.6408264925534,66,52
93,1000,860.154195390721,93,0
76,1000,654.000472236003,83,7
64,1000,481.315747338046,64,0
61,1000,439.520758176637,73,12
2,1000,49.5808926394038,85,83
82,1000,734.495791335444,83,1
72,1000,596.84846230079,80,8
94,1000,872.437232532563,94,0
31,1000,145.806200289297,71,40
13,1000,71.8531985110972,53,40
82,1000,734.495791335444,91,9
17,1000,83.7704378937515,87,70
57,1000,386.442928651778,67,10
17,1000,83.7704378937515,78,61
70,1000,567.816158564411,89,19
63,1000,467.228377485822,77,14
94,1000,872.437232532563,95,1
55,1000,361.28526432121,90,35
93,1000,860.154195390721,94,1
18,1000,87.0916713147551,66,48
74,1000,625.645161649607,82,8
20,1000,94.1864244003146,79,59
74,1000,625.645161649607,74,0
50,1000,303.044756929457,71,21
78,1000,681.715224948003,79,1
32,1000,151.730780743644,63,31
97,1000,921.201845106509,98,1
57,1000,386.442928651778,88,31
8,1000,59.7592503545888,70,62
33,1000,157.885695990008,72,39
48,1000,281.719356771773,64,16
32,1000,151.730780743644,83,51
15,1000,77.5519314687994,90,75
31,1000,145.806200289297,85,54
81,1000,721.680528533244,88,7
26,1000,119.448403841297,56,30
46,1000,261.554069065366,88,42
35,1000,170.923053479394,73,38
93,1000,860.154195390721,96,3
14,1000,74.6408264925534,65,51
94,1000,872.437232532563,94,0
79,1000,695.271433977419,88,9
39,1000,200.044663280973,73,34
92,1000,848.797861871712,97,5
48,1000,281.719356771773,71,23
73,1000,611.290197198174,89,16
32,1000,151.730780743644,69,37
42,1000,224.70813086753,59,17
87,1000,794.295140656917,94,7
14,1000,74.6408264925534,78,64
61,1000,439.520758176637,89,28
12,1000,69.1918432278306,60,48
11,1000,66.650523531484,57,46
15,1000,77.5519314687994,55,40
33,1000,157.885695990008,54,21
38,1000,192.370035381126,59,21
22,1000,101.91309654211,60,38
82,1000,734.495791335444,83,1
41,1000,216.208094368535,81,40
63,1000,467.228377485822,69,6
40,1000,207.987689782851,57,17
55,1000,361.28526432121,59,4
61,1000,439.520758176637,66,5
70,1000,567.816158564411,81,11
29,1000,134.631557845425,88,59
91,1000,837.889325226866,92,1
70,1000,567.816158564411,72,2
61,1000,439.520758176637,74,13
34,1000,164.284075191295,72,38
19,1000,90.5640793015171,77,58
96,1000,903.601247423089,98,2
79,1000,695.271433977419,92,13
53,1000,337.169047269091,77,24
71,1000,582.349295657669,95,24
49,1000,292.238240731737,69,20
15,1000,77.5519314687994,52,37
99,1000,952.380952380952,99,0
33,1000,157.885695990008,58,25
67,1000,524.274758001231,72,5
61,1000,439.520758176637,84,23
88,1000,805.429425403583,96,8
7,1000,57.7105726582502,86,79
24,1000,110.312404860499,79,55
19,1000,90.5640793015171,76,57
71,1000,582.349295657669,80,9
4,1000,52.3858195895941,90,86
50,1000,303.044756929457,88,38
94,1000,872.437232532563,98,4
46,1000,261.554069065366,90,44
44,1000,242.559618981515,58,14
90,1000,827.134227296251,92,2
16,1000,80.5928730731785,89,73
4,1000,52.3858195895941,74,70
67,1000,524.274758001231,70,3
28,1000,129.366145584782,86,58
88,1000,805.429425403583,88,0
57,1000,386.442928651778,71,14
30,1000,140.107720526217,43,13
83,1000,747.034553555827,91,8
61,1000,439.520758176637,79,18
98,1000,937.641614648526,98,0
49,1000,292.238240731737,74,25
67,1000,524.274758001231,89,22
92,1000,848.797861871712,97,5
7,1000,57.7105726582502,91,84
73,1000,611.290197198174,84,11
43,1000,233.490678454607,84,41
82,1000,734.495791335444,90,8
96,1000,903.601247423089,96,0
98,1000,937.641614648526,98,0
46,1000,261.554069065366,77,31
38,1000,192.370035381126,94,56
28,1000,129.366145584782,78,50
23,1000,106.025339908229,73,50
71,1000,582.349295657669,77,6
7,1000,57.7105726582502,65,58
89,1000,816.352098109029,98,9
46,1000,261.554069065366,77,31
81,1000,721.680528533244,94,13
61,1000,439.520758176637,75,14
97,1000,921.201845106509,98,1
25,1000,114.78347402896,88,63
16,1000,80.5928730731785,54,38
38,1000,192.370035381126,77,39
69,1000,553.277720852831,87,18
15,1000,77.5519314687994,67,52
52,1000,325.513318392641,89,37
10,1000,64.2322754794971,77,67
29,1000,134.631557845425,76,47
47,1000,271.491915057168,85,38
79,1000,695.271433977419,82,3
54,1000,349.093612290139,63,9
9,1000,61.9311379896748,53,44
53,1000,337.169047269091,72,19
24,1000,110.312404860499,90,66
37,1000,184.963272901178,95,58
57,1000,386.442928651778,78,21
14,1000,74.6408264925534,91,77
22,1000,101.91309654211,24,2
1,1000,48.4327791688962,90,89
0,1000,64.6321731602545,26,26
86,1000,782.90756638909,96,10
22,1000,101.91309654211,82,60
51,1000,314.136674975562,69,18
41,1000,216.208094368535,74,33
53,1000,337.169047269091,93,40
12,1000,69.1918432278306,90,78
28,1000,129.366145584782,87,59
23,1000,106.025339908229,84,61
58,1000,399.38653243056,68,10
32,1000,151.730780743644,89,57
68,1000,538.754391950154,96,28
45,1000,251.912218949791,62,17
57,1000,386.442928651778,93,36
61,1000,439.520758176637,86,25
71,1000,582.349295657669,77,6
97,1000,921.201845106509,98,1
7,1000,57.7105726582502,79,72
40,1000,207.987689782851,90,50
39,1000,200.044663280973,75,36
4,1000,52.3858195895941,88,84
30,1000,140.107720526217,55,25
92,1000,848.797861871712,92,0
56,1000,373.738194833723,88,32
42,1000,224.70813086753,58,16
54,1000,349.093612290139,81,27
91,1000,837.889325226866,96,5
81,1000,721.680528533244,81,0
69,1000,553.277720852831,76,7
53,1000,337.169047269091,83,30
61,1000,439.520758176637,94,33
66,1000,509.861356739568,66,0
59,1000,412.553192714143,74,15
16,1000,80.5928730731785,71,55
86,1000,782.90756638909,91,5
20,1000,94.1864244003146,76,56
44,1000,242.559618981515,88,44
71,1000,582.349295657669,91,20
92,1000,848.797861871712,94,2
40,1000,207.987689782851,86,46
2,1000,49.5808926394038,68,66
65,1000,495.534364490879,75,10
39,1000,200.044663280973,72,33
67,1000,524.274758001231,80,13
0,1000,64.6321731602545,69,69
25,1000,114.78347402896,62,37
17,1000,83.7704378937515,76,59
5,1000,54.0213107058028,67,62
52,1000,325.513318392641,90,38
16,1000,80.5928730731785,63,47
69,1000,553.277720852831,81,12
20,1000,94.1864244003146,71,51
22,1000,101.91309654211,80,58
77,1000,667.94957620734,92,15
20,1000,94.1864244003146,52,32
31,1000,145.806200289297,92,61
33,1000,157.885695990008,87,54
75,1000,639.89066396963,89,14
26,1000,119.448403841297,86,60
38,1000,192.370035381126,78,40
40,1000,207.987689782851,69,29
85,1000,771.241077816393,90,5
47,1000,271.491915057168,80,33
2,1000,49.5808926394038,83,81
25,1000,114.78347402896,77,52
65,1000,495.534364490879,67,2
11,1000,66.650523531484,56,45
61,1000,439.520758176637,75,14
30,1000,140.107720526217,55,25
60,1000,425.936165030342,81,21
46,1000,261.554069065366,92,46
44,1000,242.559618981515,83,39
53,1000,337.169047269091,96,43
65,1000,495.534364490879,75,10
29,1000,134.631557845425,80,51
84,1000,759.284493221131,97,13
98,1000,937.641614648526,99,1
40,1000,207.987689782851,85,45
22,1000,101.91309654211,64,42
98,1000,937.641614648526,99,1
33,1000,157.885695990008,94,61
99,1000,952.380952380952,99,0
51,1000,314.136674975562,74,23
50,1000,303.044756929457,75,25
93,1000,860.154195390721,96,3
20,1000,94.1864244003146,71,51
60,1000,425.936165030342,77,17
73,1000,611.290197198174,74,1
65,1000,495.534364490879,93,28
26,1000,119.448403841297,77,51
28,1000,129.366145584782,83,55
90,1000,827.134227296251,97,7
57,1000,386.442928651778,80,23
78,1000,681.715224948003,85,7
25,1000,114.78347402896,75,50
59,1000,412.553192714143,86,27
45,1000,251.912218949791,56,11
63,1000,467.228377485822,70,7
16,1000,80.5928730731785,78,62
18,1000,87.0916713147551,94,76
40,1000,207.987689782851,74,34
56,1000,373.738194833723,63,7
8,1000,59.7592503545888,69,61
33,1000,157.885695990008,93,60
58,1000,399.38653243056,73,15
45,1000,251.912218949791,69,24
62,1000,453.29066879585,70,8
52,1000,325.513318392641,80,28
33,1000,157.885695990008,40,7
10,1000,64.2322754794971,63,53
31,1000,145.806200289297,90,59
88,1000,805.429425403583,90,2
14,1000,74.6408264925534,53,39
72,1000,596.84846230079,81,9
65,1000,495.534364490879,82,17
23,1000,106.025339908229,91,68
39,1000,200.044663280973,75,36
87,1000,794.295140656917,89,2
43,1000,233.490678454607,72,29
1,1000,48.4327791688962,69,68
22,1000,101.91309654211,97,75
24,1000,110.312404860499,84,60
84,1000,759.284493221131,92,8
32,1000,151.730780743644,61,29
91,1000,837.889325226866,95,4
95,1000,886.454367056759,95,0
46,1000,261.554069065366,97,51
82,1000,734.495791335444,86,4
77,1000,667.94957620734,87,10
41,1000,216.208094368535,86,45
62,1000,453.29066879585,70,8
5,1000,54.0213107058028,84,79
91,1000,837.889325226866,94,3
50,1000,303.044756929457,70,20
35,1000,170.923053479394,61,26
45,1000,251.912218949791,74,29
10,1000,64.2322754794971,86,76
61,1000,439.520758176637,81,20
11,1000,66.650523531484,89,78
23,1000,106.025339908229,95,72
74,1000,625.645161649607,89,15
69,1000,553.277720852831,82,13
47,1000,271.491915057168,96,49
22,1000,101.91309654211,68,46
86,1000,782.90756638909,89,3
64,1000,481.315747338046,65,1
18,1000,87.0916713147551,66,48
48,1000,281.719356771773,89,41
69,1000,553.277720852831,82,13
72,1000,596.84846230079,73,1
62,1000,453.29066879585,75,13
17,1000,83.7704378937515,78,61
66,1000,509.861356739568,73,7
51,1000,314.136674975562,93,42
66,1000,509.861356739568,86,20
96,1000,903.601247423089,97,1
17,1000,83.7704378937515,72,55
9,1000,61.9311379896748,69,60
33,1000,157.885695990008,69,36
62,1000,453.29066879585,73,11
88,1000,805.429425403583,94,6
50,1000,303.044756929457,59,9
79,1000,695.271433977419,87,8
29,1000,134.631557845425,63,34
7,1000,57.7105726582502,71,64
96,1000,903.601247423089,97,1
0,1000,64.6321731602545,70,70
52,1000,325.513318392641,86,34
11,1000,66.650523531484,86,75
76,1000,654.000472236003,76,0
86,1000,782.90756638909,86,0
19,1000,90.5640793015171,76,57
41,1000,216.208094368535,81,40
10,1000,64.2322754794971,75,65
22,1000,101.91309654211,90,68
88,1000,805.429425403583,89,1
39,1000,200.044663280973,79,40
58,1000,399.38653243056,74,16
66,1000,509.861356739568,94,28
84,1000,759.284493221131,90,6
65,1000,495.534364490879,83,18
51,1000,314.136674975562,72,21
67,1000,524.274758001231,84,17
74,1000,625.645161649607,88,14
72,1000,596.84846230079,89,17
37,1000,184.963272901178,68,31
9,1000,61.9311379896748,72,63
77,1000,667.94957620734,90,13
72,1000,596.84846230079,77,5
4,1000,52.3858195895941,78,74
25,1000,114.78347402896,73,48
35,1000,170.923053479394,53,18
32,1000,151.730780743644,73,41
61,1000,439.520758176637,75,14
26,1000,119.448403841297,81,55
6,1000,55.797023332652,74,68
48,1000,281.719356771773,77,29
16,1000,80.5928730731785,78,62
18,1000,87.0916713147551,57,39
65,1000,495.534364490879,78,13
10,1000,64.2322754794971,73,63
33,1000,157.885695990008,74,41
72,1000,596.84846230079,78,6
50,1000,303.044756929457,74,24
62,1000,453.29066879585,82,20
73,1000,611.290197198174,83,10
8,1000,59.7592503545888,87,79
47,1000,271.491915057168,80,33
17,1000,83.7704378937515,73,56
3,1000,50.902024453836,45,42
28,1000,129.366145584782,84,56
21,1000,97.9666910015274,88,67
88,1000,805.429425403583,96,8
52,1000,325.513318392641,72,20
5,1000,54.0213107058028,82,77
54,1000,349.093612290139,59,5
0,1000,64.6321731602545,50,50
59,1000,412.553192714143,89,30
30,1000,140.107720526217,65,35
18,1000,87.0916713147551,85,67
53,1000,337.169047269091,54,1
97,1000,921.201845106509,97,0
63,1000,467.228377485822,73,10
63,1000,467.228377485822,74,11
6,1000,55.797023332652,68,62
58,1000,399.38653243056,86,28
40,1000,207.987689782851,64,24
15,1000,77.5519314687994,83,68
66,1000,509.861356739568,81,15
72,1000,596.84846230079,72,0
37,1000,184.963272901178,75,38
8,1000,59.7592503545888,76,68
4,1000,52.3858195895941,88,84
41,1000,216.208094368535,85,44
34,1000,164.284075191295,80,46
52,1000,325.513318392641,66,14
69,1000,553.277720852831,81,12
57,1000,386.442928651778,91,34
86,1000,782.90756638909,97,11
64,1000,481.315747338046,76,12
82,1000,734.495791335444,86,4
51,1000,314.136674975562,76,25
62,1000,453.29066879585,82,20
93,1000,860.154195390721,95,2
80,1000,708.599590064427,83,3
40,1000,207.987689782851,89,49
89,1000,816.352098109029,90,1
34,1000,164.284075191295,79,45
20,1000,94.1864244003146,88,68
47,1000,271.491915057168,80,33
12,1000,69.1918432278306,65,53
14,1000,74.6408264925534,79,65
58,1000,399.38653243056,84,26
52,1000,325.513318392641,72,20
39,1000,200.044663280973,97,58
35,1000,170.923053479394,92,57
41,1000,216.208094368535,50,9
21,1000,97.9666910015274,73,52
79,1000,695.271433977419,82,3
98,1000,937.641614648526,98,0
24,1000,110.312404860499,86,62
17,1000,83.7704378937515,52,35
48,1000,281.719356771773,74,26
41,1000,216.208094368535,58,17
58,1000,399.38653243056,86,28
44,1000,242.559618981515,91,47
32,1000,151.730780743644,80,48
6,1000,55.797023332652,39,33
53,1000,337.169047269091,94,41
10,1000,64.2322754794971,84,74
28,1000,129.366145584782,90,62
84,1000,759.284493221131,89,5
8,1000,59.7592503545888,72,64
12,1000,69.1918432278306,78,66
59,1000,412.553192714143,86,27
62,1000,453.29066879585,64,2
75,1000,639.89066396963,89,14
97,1000,921.201845106509,99,2
82,1000,734.495791335444,87,5
44,1000,242.559618981515,83,39
47,1000,271.491915057168,71,24
91,1000,837.889325226866,91,0
2,1000,49.5808926394038,62,60
34,1000,164.284075191295,81,47
47,1000,271.491915057168,67,20
66,1000,509.861356739568,89,23
10,1000,64.2322754794971,81,71
58,1000,399.38653243056,61,3
37,1000,184.963272901178,81,44
97,1000,921.201845106509,97,0
76,1000,654.000472236003,93,17
48,1000,281.719356771773,61,13
79,1000,695.271433977419,94,15
44,1000,242.559618981515,51,7
79,1000,695.271433977419,86,7
67,1000,524.274758001231,84,17
7,1000,57.7105726582502,64,57
74,1000,625.645161649607,80,6
21,1000,97.9666910015274,77,56
85,1000,771.241077816393,91,6
78,1000,681.715224948003,83,5
26,1000,119.448403841297,56,30
87,1000,794.295140656917,90,3
42,1000,224.70813086753,76,34
94,1000,872.437232532563,95,1
58,1000,399.38653243056,79,21
61,1000,439.520758176637,71,10
80,1000,708.599590064427,80,0
10,1000,64.2322754794971,71,61
30,1000,140.107720526217,95,65
88,1000,805.429425403583,89,1
5,1000,54.0213107058028,56,51
41,1000,216.208094368535,87,46
80,1000,708.599590064427,80,0
86,1000,782.90756638909,89,3
10,1000,64.2322754794971,77,67
68,1000,538.754391950154,82,14
17,1000,83.7704378937515,85,68
38,1000,192.370035381126,47,9
50,1000,303.044756929457,58,8
59,1000,412.553192714143,69,10
86,1000,782.90756638909,94,8
25,1000,114.78347402896,97,72
69,1000,553.277720852831,82,13
38,1000,192.370035381126,97,59
10,1000,64.2322754794971,78,68
81,1000,721.680528533244,90,9
64,1000,481.315747338046,86,22
66,1000,509.861356739568,90,24
69,1000,553.277720852831,78,9
6,1000,55.797023332652,79,73
15,1000,77.5519314687994,89,74
59,1000,412.553192714143,62,3
14,1000,74.6408264925534,80,66
63,1000,467.228377485822,87,24
2,1000,49.5808926394038,80,78
87,1000,794.295140656917,90,3
88,1000,805.429425403583,93,5
85,1000,771.241077816393,94,9
98,1000,937.641614648526,98,0
77,1000,667.94957620734,81,4
45,1000,251.912218949791,95,50
27,1000,124.308672403649,82,55
45,1000,251.912218949791,86,41
57,1000,386.442928651778,80,23
14,1000,74.6408264925534,68,54
74,1000,625.645161649607,81,7
68,1000,538.754391950154,77,9
73,1000,611.290197198174,79,6
29,1000,134.631557845425,63,34
18,1000,87.0916713147551,51,33
95,1000,886.454367056759,95,0
43,1000,233.490678454607,86,43
87,1000,794.295140656917,90,3
97,1000,921.201845106509,97,0
87,1000,794.295140656917,88,1
42,1000,224.70813086753,71,29
61,1000,439.520758176637,71,10
51,1000,314.136674975562,80,29
1,1000,48.4327791688962,86,85
93,1000,860.154195390721,95,2
17,1000,83.7704378937515,79,62
29,1000,134.631557845425,70,41
35,1000,170.923053479394,89,54
79,1000,695.271433977419,86,7
14,1000,74.6408264925534,90,76
11,1000,66.650523531484,60,49
42,1000,224.70813086753,88,46
89,1000,816.352098109029,92,3
58,1000,399.38653243056,83,25
14,1000,74.6408264925534,36,22
7,1000,57.7105726582502,92,85
59,1000,412.553192714143,89,30
61,1000,439.520758176637,76,15
77,1000,667.94957620734,81,4
31,1000,145.806200289297,85,54
68,1000,538.754391950154,81,13
86,1000,782.90756638909,92,6
63,1000,467.228377485822,90,27
25,1000,114.78347402896,70,45
92,1000,848.797861871712,92,0
94,1000,872.437232532563,95,1
85,1000,771.241077816393,93,8
15,1000,77.5519314687994,60,45
87,1000,794.295140656917,97,10
24,1000,110.312404860499,74,50
49,1000,292.238240731737,86,37
35,1000,170.923053479394,97,62
25,1000,114.78347402896,40,15
83,1000,747.034553555827,85,2
8,1000,59.7592503545888,90,82
20,1000,94.1864244003146,74,54
31,1000,145.806200289297,95,64
83,1000,747.034553555827,96,13
38,1000,192.370035381126,80,42
84,1000,759.284493221131,86,2
32,1000,151.730780743644,79,47
24,1000,110.312404860499,64,40
98,1000,937.641614648526,98,0
67,1000,524.274758001231,89,22
98,1000,937.641614648526,99,1
9,1000,61.9311379896748,99,90
42,1000,224.70813086753,89,47
44,1000,242.559618981515,83,39
52,1000,325.513318392641,75,23
46,1000,261.554069065366,83,37
16,1000,80.5928730731785,85,69
94,1000,872.437232532563,95,1
86,1000,782.90756638909,89,3
29,1000,134.631557845425,70,41
6,1000,55.797023332652,76,70
28,1000,129.366145584782,70,42
94,1000,872.437232532563,98,4
44,1000,242.559618981515,88,44
48,1000,281.719356771773,59,11
38,1000,192.370035381126,66,28
29,1000,134.631557845425,72,43
75,1000,639.89066396963,79,4
37,1000,184.963272901178,76,39
97,1000,921.201845106509,99,2
68,1000,538.754391950154,86,18
31,1000,145.806200289297,76,45
8,1000,59.7592503545888,59,51
77,1000,667.94957620734,86,9
40,1000,207.987689782851,80,40
9,1000,61.9311379896748,39,30
94,1000,872.437232532563,96,2
4,1000,52.3858195895941,76,72
4,1000,52.3858195895941,92,88
55,1000,361.28526432121,84,29
33,1000,157.885695990008,70,37
9,1000,61.9311379896748,13,4
47,1000,271.491915057168,72,25
96,1000,903.601247423089,99,3
94,1000,872.437232532563,97,3
50,1000,303.044756929457,75,25
0,1000,64.6321731602545,69,69
41,1000,216.208094368535,81,40
55,1000,361.28526432121,68,13
91,1000,837.889325226866,98,7
73,1000,611.290197198174,76,3
56,1000,373.738194833723,95,39
76,1000,654.000472236003,89,13
0,1000,64.6321731602545,74,74
98,1000,937.641614648526,98,0
28,1000,129.366145584782,64,36
38,1000,192.370035381126,68,30
73,1000,611.290197198174,85,12
5,1000,54.0213107058028,69,64
29,1000,134.631557845425,88,59
19,1000,90.5640793015171,79,60
59,1000,412.553192714143,66,7
94,1000,872.437232532563,98,4
96,1000,903.601247423089,98,2
14,1000,74.6408264925534,65,51
81,1000,721.680528533244,88,7
67,1000,524.274758001231,97,30
73,1000,611.290197198174,76,3
74,1000,625.645161649607,87,13
48,1000,281.719356771773,79,31
1,1000,48.4327791688962,77,76
96,1000,903.601247423089,98,2
40,1000,207.987689782851,79,39
79,1000,695.271433977419,93,14
2,1000,49.5808926394038,37,35
41,1000,216.208094368535,80,39
75,1000,639.89066396963,97,22
95,1000,886.454367056759,98,3
56,1000,373.738194833723,79,23
48,1000,281.719356771773,76,28
80,1000,708.599590064427,80,0
52,1000,325.513318392641,79,27
45,1000,251.912218949791,84,39
11,1000,66.650523531484,72,61
33,1000,157.885695990008,87,54
32,1000,151.730780743644,73,41
5,1000,54.0213107058028,70,65
5,1000,54.0213107058028,71,66
27,1000,124.308672403649,89,62
9,1000,61.9311379896748,80,71
10,1000,64.2322754794971,76,66
44,1000,242.559618981515,59,15
77,1000,667.94957620734,93,16
71,1000,582.349295657669,78,7
51,1000,314.136674975562,81,30
5,1000,54.0213107058028,79,74
54,1000,349.093612290139,92,38
37,1000,184.963272901178,62,25
42,1000,224.70813086753,63,21
30,1000,140.107720526217,69,39
91,1000,837.889325226866,92,1
12,1000,69.1918432278306,62,50
41,1000,216.208094368535,81,40
32,1000,151.730780743644,84,52
41,1000,216.208094368535,90,49
31,1000,145.806200289297,72,41
38,1000,192.370035381126,45,7
34,1000,164.284075191295,65,31
39,1000,200.044663280973,75,36
24,1000,110.312404860499,91,67
17,1000,83.7704378937515,46,29
26,1000,119.448403841297,72,46
2,1000,49.5808926394038,81,79
52,1000,325.513318392641,71,19
96,1000,903.601247423089,98,2
44,1000,242.559618981515,87,43
11,1000,66.650523531484,91,80
89,1000,816.352098109029,92,3
95,1000,886.454367056759,96,1
19,1000,90.5640793015171,86,67
41,1000,216.208094368535,83,42
44,1000,242.559618981515,79,35
16,1000,80.5928730731785,78,62
26,1000,119.448403841297,85,59
53,1000,337.169047269091,75,22
21,1000,97.9666910015274,96,75
4,1000,52.3858195895941,81,77
28,1000,129.366145584782,71,43
4,1000,52.3858195895941,89,85
78,1000,681.715224948003,87,9
75,1000,639.89066396963,75,0
8,1000,59.7592503545888,62,54
43,1000,233.490678454607,86,43
48,1000,281.719356771773,70,22
98,1000,937.641614648526,99,1
94,1000,872.437232532563,95,1
87,1000,794.295140656917,98,11
75,1000,639.89066396963,81,6
49,1000,292.238240731737,94,45
26,1000,119.448403841297,62,36
30,1000,140.107720526217,92,62
65,1000,495.534364490879,71,6
62,1000,453.29066879585,66,4
29,1000,134.631557845425,85,56
45,1000,251.912218949791,74,29
93,1000,860.154195390721,93,0
32,1000,151.730780743644,59,27
58,1000,399.38653243056,86,28
92,1000,848.797861871712,95,3
73,1000,611.290197198174,93,20
10,1000,64.2322754794971,81,71
93,1000,860.154195390721,96,3
46,1000,261.554069065366,57,11
28,1000,129.366145584782,79,51
18,1000,87.0916713147551,85,67
38,1000,192.370035381126,75,37
51,1000,314.136674975562,60,9
19,1000,90.5640793015171,63,44
90,1000,827.134227296251,95,5
18,1000,87.0916713147551,49,31
98,1000,937.641614648526,98,0
79,1000,695.271433977419,79,0
43,1000,233.490678454607,56,13
79,1000,695.271433977419,87,8
63,1000,467.228377485822,73,10
12,1000,69.1918432278306,89,77
46,1000,261.554069065366,81,35
78,1000,681.715224948003,88,10
29,1000,134.631557845425,59,30
39,1000,200.044663280973,88,49
37,1000,184.963272901178,66,29
83,1000,747.034553555827,90,7
73,1000,611.290197198174,79,6
84,1000,759.284493221131,95,11
85,1000,771.241077816393,87,2
38,1000,192.370035381126,81,43
57,1000,386.442928651778,78,21
85,1000,771.241077816393,90,5
41,1000,216.208094368535,80,39
19,1000,90.5640793015171,75,56
73,1000,611.290197198174,82,9
66,1000,509.861356739568,85,19
46,1000,261.554069065366,67,21
40,1000,207.987689782851,70,30
96,1000,903.601247423089,97,1
2,1000,49.5808926394038,39,37
61,1000,439.520758176637,84,23
24,1000,110.312404860499,88,64
27,1000,124.308672403649,79,52
34,1000,164.284075191295,83,49
4,1000,52.3858195895941,70,66
82,1000,734.495791335444,87,5
30,1000,140.107720526217,87,57
22,1000,101.91309654211,77,55
49,1000,292.238240731737,74,25
2,1000,49.5808926394038,76,74
94,1000,872.437232532563,95,1
34,1000,164.284075191295,70,36
28,1000,129.366145584782,77,49
95,1000,886.454367056759,98,3
53,1000,337.169047269091,77,24
97,1000,921.201845106509,97,0
32,1000,151.730780743644,56,24
23,1000,106.025339908229,74,51
95,1000,886.454367056759,98,3
82,1000,734.495791335444,94,12
8,1000,59.7592503545888,81,73
5,1000,54.0213107058028,84,79
51,1000,314.136674975562,58,7
30,1000,140.107720526217,85,55
60,1000,425.936165030342,96,36
23,1000,106.025339908229,50,27
76,1000,654.000472236003,79,3
25,1000,114.78347402896,75,50
14,1000,74.6408264925534,69,55
24,1000,110.312404860499,93,69
42,1000,224.70813086753,88,46
25,1000,114.78347402896,90,65
9,1000,61.9311379896748,88,79
55,1000,361.28526432121,76,21
27,1000,124.308672403649,78,51
14,1000,74.6408264925534,70,56
98,1000,937.641614648526,98,0
62,1000,453.29066879585,76,14
27,1000,124.308672403649,54,27
80,1000,708.599590064427,89,9
47,1000,271.491915057168,84,37
20,1000,94.1864244003146,69,49
71,1000,582.349295657669,80,9
13,1000,71.8531985110972,57,44
17,1000,83.7704378937515,48,31
55,1000,361.28526432121,77,22
8,1000,59.7592503545888,79,71
25,1000,114.78347402896,73,48
42,1000,224.70813086753,53,11
61,1000,439.520758176637,68,7
13,1000,71.8531985110972,71,58
43,1000,233.490678454607,76,33
83,1000,747.034553555827,85,2
86,1000,782.90756638909,88,2
94,1000,872.437232532563,94,0
12,1000,69.1918432278306,83,71
47,1000,271.491915057168,80,33
28,1000,129.366145584782,87,59
65,1000,495.534364490879,83,18
65,1000,495.534364490879,75,10
92,1000,848.797861871712,97,5
47,1000,271.491915057168,86,39
16,1000,80.5928730731785,59,43
70,1000,567.816158564411,87,17
54,1000,349.093612290139,84,30
65,1000,495.534364490879,75,10
60,1000,425.936165030342,68,8
87,1000,794.295140656917,90,3
61,1000,439.520758176637,72,11
95,1000,886.454367056759,96,1
92,1000,848.797861871712,94,2
0,1000,64.6321731602545,83,83
31,1000,145.806200289297,89,58
2,1000,49.5808926394038,85,83
69,1000,553.277720852831,87,18
11,1000,66.650523531484,79,68
44,1000,242.559618981515,76,32
67,1000,524.274758001231,83,16
91,1000,837.889325226866,94,3
80,1000,708.599590064427,90,10
15,1000,77.5519314687994,78,63
84,1000,759.284493221131,98,14
66,1000,509.861356739568,84,18
45,1000,251.912218949791,82,37
88,1000,805.429425403583,92,4
38,1000,192.370035381126,69,31
29,1000,134.631557845425,71,42
61,1000,439.520758176637,72,11
16,1000,80.5928730731785,87,71
25,1000,114.78347402896,72,47
93,1000,860.154195390721,93,0
19,1000,90.5640793015171,69,50
49,1000,292.238240731737,90,41
93,1000,860.154195390721,99,6
60,1000,425.936165030342,82,22
64,1000,481.315747338046,64,0
78,1000,681.715224948003,78,0
33,1000,157.885695990008,90,57
47,1000,271.491915057168,51,4
4,1000,52.3858195895941,39,35
19,1000,90.5640793015171,66,47
41,1000,216.208094368535,81,40
3,1000,50.902024453836,68,65
74,1000,625.645161649607,84,10
33,1000,157.885695990008,48,15
9,1000,61.9311379896748,81,72
55,1000,361.28526432121,82,27
87,1000,794.295140656917,88,1
14,1000,74.6408264925534,75,61
4,1000,52.3858195895941,87,83
77,1000,667.94957620734,79,2
6,1000,55.797023332652,57,51
7,1000,57.7105726582502,74,67
32,1000,151.730780743644,72,40
83,1000,747.034553555827,85,2
3,1000,50.902024453836,27,24
17,1000,83.7704378937515,92,75
83,1000,747.034553555827,87,4
41,1000,216.208094368535,77,36
88,1000,805.429425403583,93,5
62,1000,453.29066879585,83,21
13,1000,71.8531985110972,76,63
55,1000,361.28526432121,78,23
55,1000,361.28526432121,78,23
30,1000,140.107720526217,37,7
68,1000,538.754391950154,93,25
47,1000,271.491915057168,69,22
9,1000,61.9311379896748,70,61
16,1000,80.5928730731785,67,51
51,1000,314.136674975562,52,1
85,1000,771.241077816393,85,0
45,1000,251.912218949791,85,40
71,1000,582.349295657669,92,21
45,1000,251.912218949791,97,52
80,1000,708.599590064427,86,6
31,1000,145.806200289297,75,44
14,1000,74.6408264925534,61,47
30,1000,140.107720526217,78,48
86,1000,782.90756638909,88,2
44,1000,242.559618981515,85,41
11,1000,66.650523531484,74,63
96,1000,903.601247423089,98,2
90,1000,827.134227296251,96,6
72,1000,596.84846230079,86,14
84,1000,759.284493221131,91,7
88,1000,805.429425403583,91,3
69,1000,553.277720852831,75,6
94,1000,872.437232532563,94,0
0,1000,64.6321731602545,97,97
56,1000,373.738194833723,73,17
42,1000,224.70813086753,82,40
71,1000,582.349295657669,88,17
30,1000,140.107720526217,58,28
84,1000,759.284493221131,96,12
71,1000,582.349295657669,71,0
8,1000,59.7592503545888,81,73
32,1000,151.730780743644,91,59
46,1000,261.554069065366,77,31
40,1000,207.987689782851,91,51
41,1000,216.208094368535,74,33
32,1000,151.730780743644,94,62
81,1000,721.680528533244,87,6
49,1000,292.238240731737,89,40
22,1000,101.91309654211,90,68
93,1000,860.154195390721,94,1
54,1000,349.093612290139,85,31
55,1000,361.28526432121,72,17
35,1000,170.923053479394,62,27
43,1000,233.490678454607,76,33
80,1000,708.599590064427,82,2
53,1000,337.169047269091,66,13
8,1000,59.7592503545888,83,75
39,1000,200.044663280973,39,0
73,1000,611.290197198174,75,2
38,1000,192.370035381126,68,30
20,1000,94.1864244003146,82,62
16,1000,80.5928730731785,79,63
60,1000,425.936165030342,84,24
63,1000,467.228377485822,68,5
33,1000,157.885695990008,68,35
40,1000,207.987689782851,84,44
26,1000,119.448403841297,59,33
7,1000,57.7105726582502,93,86
63,1000,467.228377485822,78,15
42,1000,224.70813086753,68,26
68,1000,538.754391950154,78,10
11,1000,66.650523531484,90,79
16,1000,80.5928730731785,89,73
80,1000,708.599590064427,89,9
69,1000,553.277720852831,83,14
6,1000,55.797023332652,84,78
26,1000,119.448403841297,68,42
85,1000,771.241077816393,97,12
52,1000,325.513318392641,66,14
55,1000,361.28526432121,89,34
71,1000,582.349295657669,87,16
26,1000,119.448403841297,65,39
71,1000,582.349295657669,83,12
14,1000,74.6408264925534,81,67
16,1000,80.5928730731785,67,51
66,1000,509.861356739568,66,0
23,1000,106.025339908229,76,53
50,1000,303.044756929457,73,23
38,1000,192.370035381126,83,45
20,1000,94.1864244003146,85,65
20,1000,94.1864244003146,66,46
28,1000,129.366145584782,77,49
38,1000,192.370035381126,72,34
86,1000,782.90756638909,90,4
37,1000,184.963272901178,78,41
52,1000,325.513318392641,85,33
57,1000,386.442928651778,80,23
53,1000,337.169047269091,89,36
41,1000,216.208094368535,90,49
45,1000,251.912218949791,71,26
7,1000,57.7105726582502,74,67
50,1000,303.044756929457,75,25
30,1000,140.107720526217,63,33
62,1000,453.29066879585,78,16
1,1000,48.4327791688962,92,91
4,1000,52.3858195895941,84,80
10,1000,64.2322754794971,62,52
28,1000,129.366145584782,92,64
75,1000,639.89066396963,83,8
4,1000,52.3858195895941,59,55
95,1000,886.454367056759,95,0
59,1000,412.553192714143,64,5
57,1000,386.442928651778,70,13
51,1000,314.136674975562,55,4
88,1000,805.429425403583,90,2
9,1000,61.9311379896748,52,43
25,1000,114.78347402896,88,63
84,1000,759.284493221131,85,1
17,1000,83.7704378937515,63,46
55,1000,361.28526432121,84,29
49,1000,292.238240731737,54,5
69,1000,553.277720852831,88,19
58,1000,399.38653243056,61,3
5,1000,54.0213107058028,89,84
49,1000,292.238240731737,80,31
13,1000,71.8531985110972,80,67
80,1000,708.599590064427,92,12
80,1000,708.599590064427,82,2
74,1000,625.645161649607,77,3
63,1000,467.228377485822,89,26
25,1000,114.78347402896,53,28
8,1000,59.7592503545888,90,82
62,1000,453.29066879585,95,33
64,1000,481.315747338046,79,15
31,1000,145.806200289297,53,22
37,1000,184.963272901178,84,47
96,1000,903.601247423089,97,1
51,1000,314.136674975562,53,2
85,1000,771.241077816393,98,13
12,1000,69.1918432278306,72,60
11,1000,66.650523531484,63,52
96,1000,903.601247423089,96,0
37,1000,184.963272901178,81,44
90,1000,827.134227296251,95,5
84,1000,759.284493221131,97,13
23,1000,106.025339908229,77,54
76,1000,654.000472236003,80,4
54,1000,349.093612290139,82,28
96,1000,903.601247423089,98,2
4,1000,52.3858195895941,86,82
20,1000,94.1864244003146,72,52
56,1000,373.738194833723,58,2
63,1000,467.228377485822,76,13
2,1000,49.5808926394038,81,79
13,1000,71.8531985110972,67,54
92,1000,848.797861871712,97,5
52,1000,325.513318392641,71,19
72,1000,596.84846230079,78,6
22,1000,101.91309654211,79,57
6,1000,55.797023332652,75,69
33,1000,157.885695990008,83,50
64,1000,481.315747338046,73,9
1,1000,48.4327791688962,80,79
2,1000,49.5808926394038,76,74
48,1000,281.719356771773,61,13
0,1000,64.6321731602545,52,52
94,1000,872.437232532563,98,4
8,1000,59.7592503545888,81,73
1,1000,48.4327791688962,87,86
27,1000,124.308672403649,91,64
79,1000,695.271433977419,85,6
33,1000,157.885695990008,59,26
29,1000,134.631557845425,69,40
3,1000,50.902024453836,77,74
13,1000,71.8531985110972,45,32
23,1000,106.025339908229,75,52
14,1000,74.6408264925534,64,50
92,1000,848.797861871712,95,3
49,1000,292.238240731737,75,26
85,1000,771.241077816393,86,1
77,1000,667.94957620734,81,4
55,1000,361.28526432121,83,28
26,1000,119.448403841297,86,60
7,1000,57.7105726582502,67,60
55,1000,361.28526432121,79,24
92,1000,848.797861871712,97,5
65,1000,495.534364490879,70,5
8,1000,59.7592503545888,84,76
45,1000,251.912218949791,84,39
4,1000,52.3858195895941,89,85
24,1000,110.312404860499,80,56
24,1000,110.312404860499,78,54
93,1000,860.154195390721,98,5
98,1000,937.641614648526,99,1
35,1000,170.923053479394,67,32
67,1000,524.274758001231,83,16
58,1000,399.38653243056,81,23
69,1000,553.277720852831,86,17
67,1000,524.274758001231,83,16
28,1000,129.366145584782,43,15
98,1000,937.641614648526,98,0
30,1000,140.107720526217,72,42
94,1000,872.437232532563,94,0
56,1000,373.738194833723,82,26
68,1000,538.754391950154,85,17
70,1000,567.816158564411,83,13
35,1000,170.923053479394,61,26
32,1000,151.730780743644,78,46
31,1000,145.806200289297,92,61
92,1000,848.797861871712,95,3
45,1000,251.912218949791,62,17
43,1000,233.490678454607,93,50
0,1000,64.6321731602545,80,80
36,1000,177.816654627415,78,42
75,1000,639.89066396963,82,7
21,1000,97.9666910015274,88,67
33,1000,157.885695990008,82,49
12,1000,69.1918432278306,78,66
18,1000,87.0916713147551,99,81
40,1000,207.987689782851,61,21
86,1000,782.90756638909,96,10
74,1000,625.645161649607,77,3
62,1000,453.29066879585,70,8
94,1000,872.437232532563,99,5
19,1000,90.5640793015171,74,55
31,1000,145.806200289297,78,47
10,1000,64.2322754794971,57,47
69,1000,553.277720852831,78,9
74,1000,625.645161649607,88,14
32,1000,151.730780743644,77,45
89,1000,816.352098109029,89,0
49,1000,292.238240731737,93,44
78,1000,681.715224948003,80,2
65,1000,495.534364490879,77,12
64,1000,481.315747338046,84,20
85,1000,771.241077816393,93,8
29,1000,134.631557845425,80,51
82,1000,734.495791335444,89,7
92,1000,848.797861871712,93,1
37,1000,184.963272901178,63,26
11,1000,66.650523531484,86,75
58,1000,399.38653243056,65,7
80,1000,708.599590064427,80,0
48,1000,281.719356771773,82,34
58,1000,399.38653243056,92,34
45,1000,251.912218949791,94,49
50,1000,303.044756929457,87,37
72,1000,596.84846230079,84,12
52,1000,325.513318392641,78,26
99,1000,952.380952380952,99,0
26,1000,119.448403841297,88,62
58,1000,399.38653243056,86,28
73,1000,611.290197198174,86,13
64,1000,481.315747338046,85,21
77,1000,667.94957620734,87,10
8,1000,59.7592503545888,55,47
28,1000,129.366145584782,73,45
87,1000,794.295140656917,92,5
69,1000,553.277720852831,93,24
5,1000,54.0213107058028,60,55
43,1000,233.490678454607,74,31
34,1000,164.284075191295,66,32
41,1000,216.208094368535,86,45
4,1000,52.3858195895941,58,54
6,1000,55.797023332652,69,63
72,1000,596.84846230079,83,11
90,1000,827.134227296251,92,2
85,1000,771.241077816393,89,4
18,1000,87.0916713147551,57,39
7,1000,57.7105726582502,75,68
52,1000,325.513318392641,81,29
98,1000,937.641614648526,98,0
14,1000,74.6408264925534,59,45
64,1000,481.315747338046,75,11
53,1000,337.169047269091,61,8
98,1000,937.641614648526,98,0
95,1000,886.454367056759,95,0
2,1000,49.5808926394038,45,43
45,1000,251.912218949791,64,19
41,1000,216.208094368535,87,46
72,1000,596.84846230079,80,8
53,1000,337.169047269091,83,30
82,1000,734.495791335444,86,4
37,1000,184.963272901178,68,31
20,1000,94.1864244003146,77,57
27,1000,124.308672403649,70,43
75,1000,639.89066396963,80,5
36,1000,177.816654627415,82,46
30,1000,140.107720526217,37,7
94,1000,872.437232532563,97,3
58,1000,399.38653243056,80,22
52,1000,325.513318392641,86,34
69,1000,553.277720852831,80,11
41,1000,216.208094368535,60,19
72,1000,596.84846230079,81,9
56,1000,373.738194833723,59,3
44,1000,242.559618981515,67,23
56,1000,373.738194833723,86,30
51,1000,314.136674975562,87,36
72,1000,596.84846230079,88,16
51,1000,314.136674975562,54,3
86,1000,782.90756638909,93,7
3,1000,50.902024453836,96,93
39,1000,200.044663280973,76,37
95,1000,886.454367056759,98,3
98,1000,937.641614648526,98,0
55,1000,361.28526432121,78,23
75,1000,639.89066396963,78,3
56,1000,373.738194833723,86,30
21,1000,97.9666910015274,77,56
88,1000,805.429425403583,93,5
3,1000,50.902024453836,82,79
6,1000,55.797023332652,52,46
60,1000,425.936165030342,85,25
31,1000,145.806200289297,82,51
2,1000,49.5808926394038,66,64
33,1000,157.885695990008,82,49
34,1000,164.284075191295,86,52
42,1000,224.70813086753,78,36
8,1000,59.7592503545888,76,68
23,1000,106.025339908229,87,64
3,1000,50.902024453836,45,42
55,1000,361.28526432121,95,40
84,1000,759.284493221131,87,3
86,1000,782.90756638909,93,7
61,1000,439.520758176637,73,12
99,1000,952.380952380952,99,0
90,1000,827.134227296251,91,1
51,1000,314.136674975562,81,30
64,1000,481.315747338046,78,14
45,1000,251.912218949791,71,26
83,1000,747.034553555827,90,7
98,1000,937.641614648526,98,0
27,1000,124.308672403649,72,45
40,1000,207.987689782851,90,50
71,1000,582.349295657669,75,4
53,1000,337.169047269091,88,35
55,1000,361.28526432121,97,42
47,1000,271.491915057168,78,31
52,1000,325.513318392641,59,7
15,1000,77.5519314687994,76,61
18,1000,87.0916713147551,87,69
65,1000,495.534364490879,90,25
57,1000,386.442928651778,87,30
73,1000,611.290197198174,85,12
59,1000,412.553192714143,73,14
0,1000,64.6321731602545,61,61
67,1000,524.274758001231,81,14
66,1000,509.861356739568,98,32
68,1000,538.754391950154,79,11
48,1000,281.719356771773,78,30
93,1000,860.154195390721,94,1
60,1000,425.936165030342,82,22
46,1000,261.554069065366,78,32
51,1000,314.136674975562,61,10
13,1000,71.8531985110972,80,67
86,1000,782.90756638909,92,6
53,1000,337.169047269091,94,41
70,1000,567.816158564411,78,8
98,1000,937.641614648526,98,0
66,1000,509.861356739568,97,31
38,1000,192.370035381126,64,26
17,1000,83.7704378937515,60,43
93,1000,860.154195390721,96,3
49,1000,292.238240731737,77,28
79,1000,695.271433977419,81,2
75,1000,639.89066396963,87,12
77,1000,667.94957620734,78,1
35,1000,170.923053479394,86,51
86,1000,782.90756638909,90,4
84,1000,759.284493221131,94,10
46,1000,261.554069065366,86,40
79,1000,695.271433977419,85,6
79,1000,695.271433977419,87,8
50,1000,303.044756929457,87,37
46,1000,261.554069065366,86,40
84,1000,759.284493221131,90,6
59,1000,412.553192714143,73,14
88,1000,805.429425403583,88,0
69,1000,553.277720852831,70,1
53,1000,337.169047269091,73,20
10,1000,64.2322754794971,79,69
15,1000,77.5519314687994,96,81
22,1000,101.91309654211,79,57
58,1000,399.38653243056,85,27
51,1000,314.136674975562,75,24
5,1000,54.0213107058028,54,49
3,1000,50.902024453836,93,90
45,1000,251.912218949791,86,41
34,1000,164.284075191295,70,36
68,1000,538.754391950154,90,22
22,1000,101.91309654211,79,57
49,1000,292.238240731737,73,24
54,1000,349.093612290139,88,34
96,1000,903.601247423089,99,3
64,1000,481.315747338046,91,27
23,1000,106.025339908229,64,41
58,1000,399.38653243056,88,30
74,1000,625.645161649607,80,6
32,1000,151.730780743644,85,53
62,1000,453.29066879585,64,2
40,1000,207.987689782851,75,35
90,1000,827.134227296251,96,6
39,1000,200.044663280973,97,58
95,1000,886.454367056759,98,3
23,1000,106.025339908229,90,67
58,1000,399.38653243056,79,21
68,1000,538.754391950154,76,8
84,1000,759.284493221131,91,7
60,1000,425.936165030342,61,1
45,1000,251.912218949791,64,19
83,1000,747.034553555827,86,3
6,1000,55.797023332652,85,79
81,1000,721.680528533244,87,6
25,1000,114.78347402896,67,42
70,1000,567.816158564411,96,26
20,1000,94.1864244003146,69,49
85,1000,771.241077816393,91,6
88,1000,805.429425403583,96,8
47,1000,271.491915057168,85,38
8,1000,59.7592503545888,54,46
95,1000,886.454367056759,95,0
37,1000,184.963272901178,58,21
40,1000,207.987689782851,74,34
85,1000,771.241077816393,85,0
77,1000,667.94957620734,86,9
53,1000,337.169047269091,81,28
81,1000,721.680528533244,85,4
30,1000,140.107720526217,80,50
45,1000,251.912218949791,81,36
53,1000,337.169047269091,81,28
68,1000,538.754391950154,79,11
16,1000,80.5928730731785,82,66
11,1000,66.650523531484,64,53
90,1000,827.134227296251,91,1
55,1000,361.28526432121,60,5
72,1000,596.84846230079,85,13
81,1000,721.680528533244,91,10
86,1000,782.90756638909,98,12
29,1000,134.631557845425,62,33
84,1000,759.284493221131,88,4
27,1000,124.308672403649,78,51
80,1000,708.599590064427,88,8
46,1000,261.554069065366,61,15
54,1000,349.093612290139,86,32
37,1000,184.963272901178,88,51
37,1000,184.963272901178,68,31
89,1000,816.352098109029,93,4
32,1000,151.730780743644,72,40
72,1000,596.84846230079,76,4
3,1000,50.902024453836,69,66
10,1000,64.2322754794971,32,22
12,1000,69.1918432278306,67,55
26,1000,119.448403841297,78,52
44,1000,242.559618981515,72,28
22,1000,101.91309654211,51,29
8,1000,59.7592503545888,29,21
84,1000,759.284493221131,91,7
17,1000,83.7704378937515,71,54
42,1000,224.70813086753,79,37
56,1000,373.738194833723,93,37
71,1000,582.349295657669,74,3
42,1000,224.70813086753,71,29
85,1000,771.241077816393,90,5
88,1000,805.429425403583,91,3
27,1000,124.308672403649,47,20
90,1000,827.134227296251,94,4
74,1000,625.645161649607,88,14
58,1000,399.38653243056,68,10
95,1000,886.454367056759,96,1
6,1000,55.797023332652,75,69
32,1000,151.730780743644,79,47
77,1000,667.94957620734,79,2
23,1000,106.025339908229,60,37
69,1000,553.277720852831,87,18
72,1000,596.84846230079,80,8
90,1000,827.134227296251,91,1
99,1000,952.380952380952,99,0
70,1000,567.816158564411,84,14
6,1000,55.797023332652,89,83
45,1000,251.912218949791,91,46
33,1000,157.885695990008,82,49
13,1000,71.8531985110972,79,66
73,1000,611.290197198174,80,7
92,1000,848.797861871712,95,3
16,1000,80.5928730731785,75,59
18,1000,87.0916713147551,79,61
51,1000,314.136674975562,77,26
43,1000,233.490678454607,85,42
6,1000,55.797023332652,67,61
1,1000,48.4327791688962,73,72
10,1000,64.2322754794971,37,27
89,1000,816.352098109029,98,9
82,1000,734.495791335444,89,7
23,1000,106.025339908229,64,41
51,1000,314.136674975562,65,14
81,1000,721.680528533244,97,16
46,1000,261.554069065366,88,42
76,1000,654.000472236003,91,15
26,1000,119.448403841297,84,58
27,1000,124.308672403649,62,35
58,1000,399.38653243056,90,32
26,1000,119.448403841297,82,56
12,1000,69.1918432278306,67,55
36,1000,177.816654627415,86,50
64,1000,481.315747338046,85,21
4,1000,52.3858195895941,51,47
35,1000,170.923053479394,59,24
83,1000,747.034553555827,84,1
38,1000,192.370035381126,75,37
90,1000,827.134227296251,97,7
54,1000,349.093612290139,79,25
66,1000,509.861356739568,74,8
3,1000,50.902024453836,87,84
37,1000,184.963272901178,74,37
76,1000,654.000472236003,86,10
99,1000,952.380952380952,99,0
37,1000,184.963272901178,97,60
71,1000,582.349295657669,73,2
53,1000,337.169047269091,87,34
48,1000,281.719356771773,90,42
87,1000,794.295140656917,87,0
90,1000,827.134227296251,91,1
53,1000,337.169047269091,92,39
83,1000,747.034553555827,91,8
95,1000,886.454367056759,97,2
64,1000,481.315747338046,70,6
42,1000,224.70813086753,57,15
98,1000,937.641614648526,98,0
74,1000,625.645161649607,91,17
14,1000,74.6408264925534,88,74
5,1000,54.0213107058028,73,68
46,1000,261.554069065366,70,24
42,1000,224.70813086753,60,18
57,1000,386.442928651778,78,21
82,1000,734.495791335444,86,4
93,1000,860.154195390721,93,0
11,1000,66.650523531484,81,70
20,1000,94.1864244003146,53,33
89,1000,816.352098109029,97,8
65,1000,495.534364490879,86,21
95,1000,886.454367056759,95,0
83,1000,747.034553555827,85,2
99,1000,952.380952380952,99,0
27,1000,124.308672403649,83,56
86,1000,782.90756638909,91,5
39,1000,200.044663280973,78,39
74,1000,625.645161649607,83,9
1,1000,48.4327791688962,84,83
30,1000,140.107720526217,73,43
53,1000,337.169047269091,81,28
51,1000,314.136674975562,79,28
2,1000,49.5808926394038,35,33
63,1000,467.228377485822,63,0
57,1000,386.442928651778,71,14
69,1000,553.277720852831,76,7
84,1000,759.284493221131,92,8
9,1000,61.9311379896748,85,76
8,1000,59.7592503545888,79,71
69,1000,553.277720852831,83,14
66,1000,509.861356739568,74,8
79,1000,695.271433977419,93,14
72,1000,596.84846230079,85,13
97,1000,921.201845106509,97,0
85,1000,771.241077816393,87,2
84,1000,759.284493221131,87,3
95,1000,886.454367056759,98,3
47,1000,271.491915057168,67,20
31,1000,145.806200289297,86,55
97,1000,921.201845106509,98,1
38,1000,192.370035381126,90,52
76,1000,654.000472236003,86,10
93,1000,860.154195390721,98,5
9,1000,61.9311379896748,68,59
68,1000,538.754391950154,87,19
57,1000,386.442928651778,80,23
94,1000,872.437232532563,94,0
9,1000,61.9311379896748,80,71
12,1000,69.1918432278306,78,66
18,1000,87.0916713147551,73,55
25,1000,114.78347402896,91,66
67,1000,524.274758001231,93,26
59,1000,412.553192714143,79,20
21,1000,97.9666910015274,92,71
0,1000,64.6321731602545,73,73
39,1000,200.044663280973,79,40
19,1000,90.5640793015171,95,76
64,1000,481.315747338046,86,22
66,1000,509.861356739568,80,14
19,1000,90.5640793015171,58,39
46,1000,261.554069065366,84,38
55,1000,361.28526432121,73,18
72,1000,596.84846230079,79,7
83,1000,747.034553555827,86,3
6,1000,55.797023332652,53,47
38,1000,192.370035381126,64,26
9,1000,61.9311379896748,86,77
74,1000,625.645161649607,77,3
19,1000,90.5640793015171,83,64
64,1000,481.315747338046,79,15
59,1000,412.553192714143,83,24
18,1000,87.0916713147551,93,75
35,1000,170.923053479394,81,46
26,1000,119.448403841297,82,56
67,1000,524.274758001231,80,13
94,1000,872.437232532563,94,0
32,1000,151.730780743644,92,60
88,1000,805.429425403583,88,0
93,1000,860.154195390721,93,0
53,1000,337.169047269091,75,22
11,1000,66.650523531484,91,80
91,1000,837.889325226866,92,1
39,1000,200.044663280973,70,31
95,1000,886.454367056759,99,4
59,1000,412.553192714143,70,11
35,1000,170.923053479394,74,39
78,1000,681.715224948003,84,6
3,1000,50.902024453836,76,73
54,1000,349.093612290139,80,26
89,1000,816.352098109029,93,4
59,1000,412.553192714143,70,11
35,1000,170.923053479394,86,51
9,1000,61.9311379896748,86,77
30,1000,140.107720526217,84,54
2,1000,49.5808926394038,85,83
51,1000,314.136674975562,84,33
0,1000,64.6321731602545,64,64
72,1000,596.84846230079,88,16
46,1000,261.554069065366,97,51
99,1000,952.380952380952,99,0
47,1000,271.491915057168,83,36
84,1000,759.284493221131,95,11
93,1000,860.154195390721,95,2
66,1000,509.861356739568,73,7
21,1000,97.9666910015274,96,75
99,1000,952.380952380952,99,0
23,1000,106.025339908229,89,66
33,1000,157.885695990008,87,54
71,1000,582.349295657669,86,15
50,1000,303.044756929457,50,0
60,1000,425.936165030342,78,18
16,1000,80.5928730731785,83,67
33,1000,157.885695990008,82,49
80,1000,708.599590064427,88,8
28,1000,129.366145584782,76,48
3,1000,50.902024453836,74,71
88,1000,805.429425403583,96,8
60,1000,425.936165030342,62,2
21,1000,97.9666910015274,72,51
84,1000,759.284493221131,97,13
5,1000,54.0213107058028,87,82
31,1000,145.806200289297,80,49
48,1000,281.719356771773,87,39
71,1000,582.349295657669,82,11
41,1000,216.208094368535,75,34
46,1000,261.554069065366,65,19
85,1000,771.241077816393,89,4
42,1000,224.70813086753,62,20
52,1000,325.513318392641,78,26
16,1000,80.5928730731785,64,48
37,1000,184.963272901178,95,58
37,1000,184.963272901178,85,48
1,1000,48.4327791688962,86,85
71,1000,582.349295657669,93,22
68,1000,538.754391950154,86,18
2,1000,49.5808926394038,63,61
24,1000,110.312404860499,75,51
90,1000,827.134227296251,99,9
0,1000,64.6321731602545,85,85
45,1000,251.912218949791,57,12
8,1000,59.7592503545888,48,40
97,1000,921.201845106509,98,1
6,1000,55.797023332652,83,77
75,1000,639.89066396963,80,5
9,1000,61.9311379896748,78,69
87,1000,794.295140656917,91,4
64,1000,481.315747338046,65,1
42,1000,224.70813086753,85,43
81,1000,721.680528533244,81,0
62,1000,453.29066879585,75,13
37,1000,184.963272901178,85,48
11,1000,66.650523531484,72,61
21,1000,97.9666910015274,61,40
66,1000,509.861356739568,82,16
25,1000,114.78347402896,82,57
70,1000,567.816158564411,90,20
10,1000,64.2322754794971,80,70
25,1000,114.78347402896,71,46
10,1000,64.2322754794971,48,38
98,1000,937.641614648526,98,0
86,1000,782.90756638909,97,11
47,1000,271.491915057168,88,41
64,1000,481.315747338046,69,5
56,1000,373.738194833723,85,29
57,1000,386.442928651778,82,25
25,1000,114.78347402896,46,21
93,1000,860.154195390721,95,2
92,1000,848.797861871712,94,2
76,1000,654.000472236003,79,3
90,1000,827.134227296251,90,0
44,1000,242.559618981515,64,20
57,1000,386.442928651778,87,30
60,1000,425.936165030342,68,8
80,1000,708.599590064427,81,1
10,1000,64.2322754794971,87,77
65,1000,495.534364490879,67,2
86,1000,782.90756638909,92,6
14,1000,74.6408264925534,69,55
36,1000,177.816654627415,47,11
54,1000,349.093612290139,67,13
97,1000,921.201845106509,99,2
93,1000,860.154195390721,96,3
40,1000,207.987689782851,70,30
21,1000,97.9666910015274,74,53
28,1000,129.366145584782,61,33
7,1000,57.7105726582502,77,70
54,1000,349.093612290139,83,29
96,1000,903.601247423089,99,3
26,1000,119.448403841297,83,57
52,1000,325.513318392641,76,24
92,1000,848.797861871712,97,5
46,1000,261.554069065366,80,34
5,1000,54.0213107058028,86,81
76,1000,654.000472236003,98,22
45,1000,251.912218949791,77,32
52,1000,325.513318392641,52,0
47,1000,271.491915057168,76,29
51,1000,314.136674975562,84,33
56,1000,373.738194833723,63,7
76,1000,654.000472236003,95,19
41,1000,216.208094368535,65,24
30,1000,140.107720526217,87,57
80,1000,708.599590064427,81,1
40,1000,207.987689782851,86,46
13,1000,71.8531985110972,56,43
60,1000,425.936165030342,69,9
74,1000,625.645161649607,75,1
11,1000,66.650523531484,90,79
61,1000,439.520758176637,89,28
96,1000,903.601247423089,97,1
71,1000,582.349295657669,75,4
38,1000,192.370035381126,55,17
85,1000,771.241077816393,91,6
34,1000,164.284075191295,39,5
72,1000,596.84846230079,85,13
40,1000,207.987689782851,83,43
50,1000,303.044756929457,83,33
18,1000,87.0916713147551,70,52
4,1000,52.3858195895941,84,80
42,1000,224.70813086753,76,34
10,1000,64.2322754794971,83,73
78,1000,681.715224948003,90,12
88,1000,805.429425403583,96,8
73,1000,611.290197198174,79,6
18,1000,87.0916713147551,92,74
49,1000,292.238240731737,76,27
15,1000,77.5519314687994,78,63
74,1000,625.645161649607,94,20
27,1000,124.308672403649,72,45
76,1000,654.000472236003,96,20
38,1000,192.370035381126,87,49
95,1000,886.454367056759,97,2
34,1000,164.284075191295,84,50
90,1000,827.134227296251,90,0
9,1000,61.9311379896748,77,68
29,1000,134.631557845425,74,45
98,1000,937.641614648526,98,0
6,1000,55.797023332652,75,69
17,1000,83.7704378937515,90,73
96,1000,903.601247423089,97,1
54,1000,349.093612290139,83,29
43,1000,233.490678454607,74,31
80,1000,708.599590064427,81,1
51,1000,314.136674975562,67,16
40,1000,207.987689782851,63,23
7,1000,57.7105726582502,87,80
28,1000,129.366145584782,79,51
82,1000,734.495791335444,87,5
51,1000,314.136674975562,83,32
66,1000,509.861356739568,77,11
79,1000,695.271433977419,85,6
38,1000,192.370035381126,83,45
0,1000,64.6321731602545,69,69
16,1000,80.5928730731785,89,73
70,1000,567.816158564411,77,7
87,1000,794.295140656917,88,1
6,1000,55.797023332652,81,75
65,1000,495.534364490879,77,12
13,1000,71.8531985110972,81,68
80,1000,708.599590064427,84,4
98,1000,937.641614648526,99,1
43,1000,233.490678454607,65,22
94,1000,872.437232532563,94,0
77,1000,667.94957620734,78,1
97,1000,921.201845106509,98,1
85,1000,771.241077816393,91,6
65,1000,495.534364490879,77,12
58,1000,399.38653243056,78,20
38,1000,192.370035381126,82,44
80,1000,708.599590064427,88,8
3,1000,50.902024453836,68,65
0,1000,64.6321731602545,93,93
34,1000,164.284075191295,51,17
76,1000,654.000472236003,78,2
92,1000,848.797861871712,92,0
41,1000,216.208094368535,78,37
45,1000,251.912218949791,65,20
17,1000,83.7704378937515,87,70
13,1000,71.8531985110972,89,76
59,1000,412.553192714143,72,13
59,1000,412.553192714143,68,9
85,1000,771.241077816393,85,0
48,1000,281.719356771773,98,50
65,1000,495.534364490879,86,21
53,1000,337.169047269091,66,13
34,1000,164.284075191295,83,49
22,1000,101.91309654211,78,56
49,1000,292.238240731737,75,26
26,1000,119.448403841297,79,53
13,1000,71.8531985110972,90,77
32,1000,151.730780743644,42,10
7,1000,57.7105726582502,63,56
20,1000,94.1864244003146,67,47
66,1000,509.861356739568,73,7
53,1000,337.169047269091,78,25
9,1000,61.9311379896748,92,83
54,1000,349.093612290139,96,42
63,1000,467.228377485822,64,1
24,1000,110.312404860499,91,67
77,1000,667.94957620734,88,11
75,1000,639.89066396963,80,5
90,1000,827.134227296251,92,2
5,1000,54.0213107058028,77,72
13,1000,71.8531985110972,76,63
18,1000,87.0916713147551,72,54
16,1000,80.5928730731785,85,69
90,1000,827.134227296251,91,1
78,1000,681.715224948003,86,8
59,1000,412.553192714143,79,20
14,1000,74.6408264925534,85,71
33,1000,157.885695990008,70,37
30,1000,140.107720526217,86,56
66,1000,509.861356739568,87,21
3,1000,50.902024453836,93,90
71,1000,582.349295657669,75,4
86,1000,782.90756638909,92,6
64,1000,481.315747338046,78,14
79,1000,695.271433977419,79,0
28,1000,129.366145584782,77,49
69,1000,553.277720852831,70,1
39,1000,200.044663280973,65,26
4,1000,52.3858195895941,75,71
41,1000,216.208094368535,73,32
9,1000,61.9311379896748,52,43
27,1000,124.308672403649,60,33
96,1000,903.601247423089,96,0
71,1000,582.349295657669,80,9
90,1000,827.134227296251,94,4
15,1000,77.5519314687994,63,48
6,1000,55.797023332652,47,41
74,1000,625.645161649607,81,7
46,1000,261.554069065366,57,11
87,1000,794.295140656917,99,12
3,1000,50.902024453836,84,81
19,1000,90.5640793015171,73,54
2,1000,49.5808926394038,65,63
45,1000,251.912218949791,95,50
4,1000,52.3858195895941,68,64
79,1000,695.271433977419,83,4
53,1000,337.169047269091,82,29
81,1000,721.680528533244,83,2
4,1000,52.3858195895941,70,66
36,1000,177.816654627415,93,57
57,1000,386.442928651778,82,25
63,1000,467.228377485822,76,13
61,1000,439.520758176637,80,19
28,1000,129.366145584782,86,58
41,1000,216.208094368535,80,39
54,1000,349.093612290139,81,27
56,1000,373.738194833723,69,13
12,1000,69.1918432278306,68,56
42,1000,224.70813086753,92,50
86,1000,782.90756638909,98,12
52,1000,325.513318392641,59,7
57,1000,386.442928651778,83,26
46,1000,261.554069065366,73,27
77,1000,667.94957620734,83,6
71,1000,582.349295657669,72,1
57,1000,386.442928651778,90,33
42,1000,224.70813086753,89,47
45,1000,251.912218949791,83,38
97,1000,921.201845106509,97,0
7,1000,57.7105726582502,77,70
56,1000,373.738194833723,76,20
81,1000,721.680528533244,95,14
27,1000,124.308672403649,48,21
81,1000,721.680528533244,85,4
81,1000,721.680528533244,95,14
25,1000,114.78347402896,90,65
90,1000,827.134227296251,93,3
34,1000,164.284075191295,65,31
20,1000,94.1864244003146,71,51
3,1000,50.902024453836,92,89
85,1000,771.241077816393,85,0
26,1000,119.448403841297,72,46
48,1000,281.719356771773,51,3
35,1000,170.923053479394,77,42
17,1000,83.7704378937515,78,61
2,1000,49.5808926394038,52,50
29,1000,134.631557845425,94,65
83,1000,747.034553555827,83,0
11,1000,66.650523531484,73,62
39,1000,200.044663280973,78,39
25,1000,114.78347402896,85,60
44,1000,242.559618981515,73,29
19,1000,90.5640793015171,81,62
86,1000,782.90756638909,88,2
70,1000,567.816158564411,87,17
98,1000,937.641614648526,98,0
17,1000,83.7704378937515,26,9
88,1000,805.429425403583,89,1
81,1000,721.680528533244,82,1
83,1000,747.034553555827,85,2
33,1000,157.885695990008,83,50
31,1000,145.806200289297,75,44
71,1000,582.349295657669,83,12
71,1000,582.349295657669,74,3
39,1000,200.044663280973,88,49
83,1000,747.034553555827,86,3
48,1000,281.719356771773,86,38
25,1000,114.78347402896,55,30
7,1000,57.7105726582502,85,78
79,1000,695.271433977419,91,12
86,1000,782.90756638909,92,6
14,1000,74.6408264925534,76,62
35,1000,170.923053479394,95,60
81,1000,721.680528533244,84,3
11,1000,66.650523531484,71,60
35,1000,170.923053479394,91,56
10,1000,64.2322754794971,81,71
3,1000,50.902024453836,83,80
38,1000,192.370035381126,78,40
14,1000,74.6408264925534,74,60
70,1000,567.816158564411,75,5
19,1000,90.5640793015171,77,58
33,1000,157.885695990008,53,20
64,1000,481.315747338046,91,27
62,1000,453.29066879585,68,6
45,1000,251.912218949791,87,42
75,1000,639.89066396963,82,7
70,1000,567.816158564411,83,13
92,1000,848.797861871712,94,2
90,1000,827.134227296251,98,8
47,1000,271.491915057168,93,46
9,1000,61.9311379896748,51,42
12,1000,69.1918432278306,70,58
83,1000,747.034553555827,90,7
6,1000,55.797023332652,88,82
89,1000,816.352098109029,92,3
15,1000,77.5519314687994,69,54
49,1000,292.238240731737,70,21
34,1000,164.284075191295,78,44
75,1000,639.89066396963,83,8
66,1000,509.861356739568,85,19
49,1000,292.238240731737,84,35
79,1000,695.271433977419,91,12
8,1000,59.7592503545888,42,34
26,1000,119.448403841297,52,26
68,1000,538.754391950154,91,23
95,1000,886.454367056759,95,0
78,1000,681.715224948003,82,4
28,1000,129.366145584782,66,38
36,1000,177.816654627415,88,52
78,1000,681.715224948003,93,15
48,1000,281.719356771773,71,23
90,1000,827.134227296251,92,2
19,1000,90.5640793015171,74,55
86,1000,782.90756638909,97,11
50,1000,303.044756929457,88,38
58,1000,399.38653243056,63,5
25,1000,114.78347402896,91,66
37,1000,184.963272901178,59,22
19,1000,90.5640793015171,71,52
70,1000,567.816158564411,84,14
65,1000,495.534364490879,82,17
42,1000,224.70813086753,79,37
9,1000,61.9311379896748,84,75
51,1000,314.136674975562,96,45
98,1000,937.641614648526,98,0
64,1000,481.315747338046,69,5
48,1000,281.719356771773,50,2
97,1000,921.201845106509,97,0
43,1000,233.490678454607,61,18
10,1000,64.2322754794971,68,58
80,1000,708.599590064427,82,2
39,1000,200.044663280973,86,47
18,1000,87.0916713147551,76,58
53,1000,337.169047269091,74,21
44,1000,242.559618981515,80,36
74,1000,625.645161649607,79,5
34,1000,164.284075191295,52,18
84,1000,759.284493221131,84,0
53,1000,337.169047269091,91,38
62,1000,453.29066879585,83,21
26,1000,119.448403841297,74,48
28,1000,129.366145584782,54,26
1,1000,48.4327791688962,63,62
13,1000,71.8531985110972,23,10
33,1000,157.885695990008,61,28
58,1000,399.38653243056,69,11
82,1000,734.495791335444,97,15
31,1000,145.806200289297,96,65
75,1000,639.89066396963,82,7
21,1000,97.9666910015274,75,54
93,1000,860.154195390721,93,0
96,1000,903.601247423089,97,1
97,1000,921.201845106509,99,2
18,1000,87.0916713147551,47,29
14,1000,74.6408264925534,59,45
21,1000,97.9666910015274,84,63
4,1000,52.3858195895941,82,78
40,1000,207.987689782851,73,33
25,1000,114.78347402896,77,52
37,1000,184.963272901178,87,50
29,1000,134.631557845425,85,56
32,1000,151.730780743644,66,34
86,1000,782.90756638909,87,1
73,1000,611.290197198174,83,10
65,1000,495.534364490879,85,20
16,1000,80.5928730731785,94,78
14,1000,74.6408264925534,43,29
76,1000,654.000472236003,80,4
47,1000,271.491915057168,74,27
38,1000,192.370035381126,80,42
5,1000,54.0213107058028,88,83
60,1000,425.936165030342,71,11
96,1000,903.601247423089,96,0
36,1000,177.816654627415,40,4
35,1000,170.923053479394,83,48
13,1000,71.8531985110972,44,31
78,1000,681.715224948003,80,2
42,1000,224.70813086753,47,5
6,1000,55.797023332652,75,69
21,1000,97.9666910015274,55,34
96,1000,903.601247423089,97,1
7,1000,57.7105726582502,83,76
8,1000,59.7592503545888,90,82
60,1000,425.936165030342,64,4
21,1000,97.9666910015274,86,65
15,1000,77.5519314687994,89,74
48,1000,281.719356771773,85,37
75,1000,639.89066396963,84,9
71,1000,582.349295657669,79,8
24,1000,110.312404860499,83,59
85,1000,771.241077816393,85,0
53,1000,337.169047269091,86,33
2,1000,49.5808926394038,76,74
58,1000,399.38653243056,68,10
87,1000,794.295140656917,90,3
3,1000,50.902024453836,92,89
27,1000,124.308672403649,93,66
5,1000,54.0213107058028,90,85
59,1000,412.553192714143,84,25
15,1000,77.5519314687994,49,34
14,1000,74.6408264925534,89,75
2,1000,49.5808926394038,76,74
4,1000,52.3858195895941,95,91
22,1000,101.91309654211,85,63
41,1000,216.208094368535,58,17
18,1000,87.0916713147551,93,75
34,1000,164.284075191295,85,51
65,1000,495.534364490879,80,15
38,1000,192.370035381126,83,45
52,1000,325.513318392641,57,5
32,1000,151.730780743644,77,45
3,1000,50.902024453836,71,68
92,1000,848.797861871712,99,7
24,1000,110.312404860499,78,54
72,1000,596.84846230079,77,5
35,1000,170.923053479394,81,46
78,1000,681.715224948003,81,3
50,1000,303.044756929457,85,35
2,1000,49.5808926394038,77,75
84,1000,759.284493221131,86,2
67,1000,524.274758001231,77,10
66,1000,509.861356739568,95,29
55,1000,361.28526432121,75,20
91,1000,837.889325226866,94,3
1,1000,48.4327791688962,84,83
66,1000,509.861356739568,74,8
24,1000,110.312404860499,80,56
18,1000,87.0916713147551,70,52
74,1000,625.645161649607,96,22
93,1000,860.154195390721,93,0
41,1000,216.208094368535,84,43
97,1000,921.201845106509,97,0
57,1000,386.442928651778,82,25
37,1000,184.963272901178,69,32
41,1000,216.208094368535,71,30
97,1000,921.201845106509,99,2
80,1000,708.599590064427,91,11
81,1000,721.680528533244,93,12
42,1000,224.70813086753,88,46
26,1000,119.448403841297,49,23
72,1000,596.84846230079,75,3
14,1000,74.6408264925534,74,60
87,1000,794.295140656917,90,3
74,1000,625.645161649607,95,21
67,1000,524.274758001231,75,8
68,1000,538.754391950154,69,1
53,1000,337.169047269091,66,13
10,1000,64.2322754794971,84,74
24,1000,110.312404860499,76,52
12,1000,69.1918432278306,64,52
2,1000,49.5808926394038,83,81
63,1000,467.228377485822,79,16
19,1000,90.5640793015171,79,60
76,1000,654.000472236003,96,20
71,1000,582.349295657669,81,10
28,1000,129.366145584782,89,61
8,1000,59.7592503545888,61,53
70,1000,567.816158564411,81,11
1,1000,48.4327791688962,33,32
40,1000,207.987689782851,74,34
8,1000,59.7592503545888,84,76
33,1000,157.885695990008,60,27
71,1000,582.349295657669,74,3
24,1000,110.312404860499,82,58
65,1000,495.534364490879,71,6
59,1000,412.553192714143,83,24
54,1000,349.093612290139,73,19
68,1000,538.754391950154,78,10
2,1000,49.5808926394038,87,85
95,1000,886.454367056759,97,2
60,1000,425.936165030342,72,12
70,1000,567.816158564411,83,13
57,1000,386.442928651778,80,23
31,1000,145.806200289297,85,54
81,1000,721.680528533244,87,6
34,1000,164.284075191295,79,45
4,1000,52.3858195895941,87,83
26,1000,119.448403841297,75,49
31,1000,145.806200289297,82,51
78,1000,681.715224948003,89,11
84,1000,759.284493221131,94,10
30,1000,140.107720526217,95,65
60,1000,425.936165030342,67,7
90,1000,827.134227296251,93,3
48,1000,281.719356771773,84,36
77,1000,667.94957620734,77,0
51,1000,314.136674975562,86,35
32,1000,151.730780743644,56,24
59,1000,412.553192714143,76,17
85,1000,771.241077816393,87,2
74,1000,625.645161649607,75,1
87,1000,794.295140656917,90,3
34,1000,164.284075191295,76,42
98,1000,937.641614648526,98,0
37,1000,184.963272901178,77,40
74,1000,625.645161649607,87,13
2,1000,49.5808926394038,48,46
50,1000,303.044756929457,87,37
67,1000,524.274758001231,68,1
22,1000,101.91309654211,38,16
17,1000,83.7704378937515,83,66
73,1000,611.290197198174,80,7
96,1000,903.601247423089,99,3
84,1000,759.284493221131,84,0
14,1000,74.6408264925534,90,76
50,1000,303.044756929457,56,6
43,1000,233.490678454607,81,38
91,1000,837.889325226866,93,2
89,1000,816.352098109029,89,0
34,1000,164.284075191295,65,31
81,1000,721.680528533244,86,5
70,1000,567.816158564411,86,16
66,1000,509.861356739568,69,3
70,1000,567.816158564411,77,7
13,1000,71.8531985110972,97,84
51,1000,314.136674975562,92,41
59,1000,412.553192714143,65,6
90,1000,827.134227296251,91,1
23,1000,106.025339908229,67,44
78,1000,681.715224948003,88,10
66,1000,509.861356739568,92,26
52,1000,325.513318392641,76,24
94,1000,872.437232532563,95,1
26,1000,119.448403841297,72,46
21,1000,97.9666910015274,70,49
0,1000,64.6321731602545,75,75
1,1000,48.4327791688962,77,76
0,1000,64.6321731602545,74,74
12,1000,69.1918432278306,66,54
46,1000,261.554069065366,66,20
99,1000,952.380952380952,99,0
28,1000,129.366145584782,76,48
64,1000,481.315747338046,69,5
95,1000,886.454367056759,95,0
36,1000,177.816654627415,73,37
78,1000,681.715224948003,88,10
25,1000,114.78347402896,89,64
18,1000,87.0916713147551,96,78
82,1000,734.495791335444,89,7
72,1000,596.84846230079,86,14
12,1000,69.1918432278306,94,82
94,1000,872.437232532563,96,2
19,1000,90.5640793015171,67,48
73,1000,611.290197198174,73,0
16,1000,80.5928730731785,81,65
76,1000,654.000472236003,84,8
69,1000,553.277720852831,97,28
60,1000,425.936165030342,82,22
90,1000,827.134227296251,96,6
65,1000,495.534364490879,85,20
51,1000,314.136674975562,75,24
5,1000,54.0213107058028,66,61
81,1000,721.680528533244,89,8
51,1000,314.136674975562,92,41
5,1000,54.0213107058028,73,68
24,1000,110.312404860499,76,52
78,1000,681.715224948003,90,12
64,1000,481.315747338046,77,13
94,1000,872.437232532563,99,5
59,1000,412.553192714143,72,13
74,1000,625.645161649607,79,5
3,1000,50.902024453836,85,82
89,1000,816.352098109029,90,1
5,1000,54.0213107058028,67,62
40,1000,207.987689782851,76,36
9,1000,61.9311379896748,84,75
72,1000,596.84846230079,73,1
17,1000,83.7704378937515,80,63
98,1000,937.641614648526,98,0
50,1000,303.044756929457,86,36
81,1000,721.680528533244,84,3
4,1000,52.3858195895941,77,73
97,1000,921.201845106509,98,1
62,1000,453.29066879585,73,11
85,1000,771.241077816393,85,0
20,1000,94.1864244003146,91,71
42,1000,224.70813086753,71,29
43,1000,233.490678454607,44,1
82,1000,734.495791335444,88,6
84,1000,759.284493221131,97,13
15,1000,77.5519314687994,93,78
63,1000,467.228377485822,75,12
62,1000,453.29066879585,91,29
88,1000,805.429425403583,89,1
10,1000,64.2322754794971,77,67
30,1000,140.107720526217,82,52
31,1000,145.806200289297,54,23
60,1000,425.936165030342,77,17
98,1000,937.641614648526,99,1
51,1000,314.136674975562,74,23
98,1000,937.641614648526,98,0
88,1000,805.429425403583,96,8
39,1000,200.044663280973,69,30
57,1000,386.442928651778,64,7
70,1000,567.816158564411,92,22
14,1000,74.6408264925534,83,69
3,1000,50.902024453836,70,67
55,1000,361.28526432121,85,30
31,1000,145.806200289297,78,47
51,1000,314.136674975562,82,31
90,1000,827.134227296251,90,0
23,1000,106.025339908229,64,41
98,1000,937.641614648526,98,0
4,1000,52.3858195895941,98,94
53,1000,337.169047269091,86,33
4,1000,52.3858195895941,85,81
23,1000,106.025339908229,76,53
39,1000,200.044663280973,71,32
10,1000,64.2322754794971,74,64
64,1000,481.315747338046,86,22
66,1000,509.861356739568,89,23
88,1000,805.429425403583,88,0
52,1000,325.513318392641,99,47
22,1000,101.91309654211,93,71
20,1000,94.1864244003146,90,70
25,1000,114.78347402896,66,41
21,1000,97.9666910015274,73,52
59,1000,412.553192714143,89,30
64,1000,481.315747338046,89,25
59,1000,412.553192714143,87,28
67,1000,524.274758001231,83,16
28,1000,129.366145584782,91,63
22,1000,101.91309654211,80,58
37,1000,184.963272901178,90,53
81,1000,721.680528533244,86,5
41,1000,216.208094368535,84,43
47,1000,271.491915057168,81,34
34,1000,164.284075191295,86,52
59,1000,412.553192714143,80,21
47,1000,271.491915057168,70,23
85,1000,771.241077816393,97,12
21,1000,97.9666910015274,70,49
32,1000,151.730780743644,78,46
26,1000,119.448403841297,64,38
25,1000,114.78347402896,74,49
40,1000,207.987689782851,91,51
86,1000,782.90756638909,90,4
37,1000,184.963272901178,66,29
86,1000,782.90756638909,96,10
37,1000,184.963272901178,37,0
10,1000,64.2322754794971,72,62
30,1000,140.107720526217,53,23
61,1000,439.520758176637,84,23
84,1000,759.284493221131,91,7
3,1000,50.902024453836,74,71
16,1000,80.5928730731785,84,68
94,1000,872.437232532563,98,4
39,1000,200.044663280973,76,37
28,1000,129.366145584782,62,34
37,1000,184.963272901178,53,16
80,1000,708.599590064427,81,1
77,1000,667.94957620734,88,11
55,1000,361.28526432121,79,24
24,1000,110.312404860499,53,29
91,1000,837.889325226866,91,0
99,1000,952.380952380952,99,0
46,1000,261.554069065366,69,23
47,1000,271.491915057168,61,14
59,1000,412.553192714143,89,30
86,1000,782.90756638909,93,7
81,1000,721.680528533244,84,3
6,1000,55.797023332652,69,63
30,1000,140.107720526217,70,40
97,1000,921.201845106509,97,0
60,1000,425.936165030342,87,27
38,1000,192.370035381126,87,49
74,1000,625.645161649607,75,1
19,1000,90.5640793015171,70,51
68,1000,538.754391950154,79,11
48,1000,281.719356771773,74,26
82,1000,734.495791335444,89,7
22,1000,101.91309654211,73,51
45,1000,251.912218949791,84,39
91,1000,837.889325226866,92,1
17,1000,83.7704378937515,74,57
5,1000,54.0213107058028,67,62
5,1000,54.0213107058028,55,50
61,1000,439.520758176637,76,15
6,1000,55.797023332652,64,58
93,1000,860.154195390721,98,5
93,1000,860.154195390721,95,2
55,1000,361.28526432121,92,37
83,1000,747.034553555827,92,9
58,1000,399.38653243056,84,26
53,1000,337.169047269091,69,16
5,1000,54.0213107058028,74,69
88,1000,805.429425403583,90,2
97,1000,921.201845106509,97,0
2,1000,49.5808926394038,78,76
9,1000,61.9311379896748,60,51
39,1000,200.044663280973,80,41
69,1000,553.277720852831,78,9
27,1000,124.308672403649,85,58
59,1000,412.553192714143,81,22
9,1000,61.9311379896748,76,67
95,1000,886.454367056759,96,1
82,1000,734.495791335444,96,14
45,1000,251.912218949791,76,31
28,1000,129.366145584782,83,55
80,1000,708.599590064427,87,7
47,1000,271.491915057168,85,38
54,1000,349.093612290139,82,28
97,1000,921.201845106509,98,1
4,1000,52.3858195895941,80,76
41,1000,216.208094368535,71,30
22,1000,101.91309654211,69,47
12,1000,69.1918432278306,74,62
97,1000,921.201845106509,98,1
70,1000,567.816158564411,86,16
7,1000,57.7105726582502,82,75
10,1000,64.2322754794971,73,63
12,1000,69.1918432278306,91,79
6,1000,55.797023332652,85,79
54,1000,349.093612290139,72,18
43,1000,233.490678454607,70,27
92,1000,848.797861871712,98,6
53,1000,337.169047269091,76,23
20,1000,94.1864244003146,66,46
49,1000,292.238240731737,60,11
72,1000,596.84846230079,78,6
34,1000,164.284075191295,91,57
71,1000,582.349295657669,72,1
59,1000,412.553192714143,76,17
87,1000,794.295140656917,94,7
88,1000,805.429425403583,91,3
72,1000,596.84846230079,92,20
29,1000,134.631557845425,81,52
99,1000,952.380952380952,99,0
50,1000,303.044756929457,70,20
44,1000,242.559618981515,82,38
77,1000,667.94957620734,82,5
6,1000,55.797023332652,80,74
86,1000,782.90756638909,88,2
60,1000,425.936165030342,62,2
38,1000,192.370035381126,71,33
56,1000,373.738194833723,72,16
21,1000,97.9666910015274,79,58
23,1000,106.025339908229,67,44
85,1000,771.241077816393,87,2
40,1000,207.987689782851,80,40
5,1000,54.0213107058028,84,79
59,1000,412.553192714143,79,20
20,1000,94.1864244003146,69,49
24,1000,110.312404860499,88,64
62,1000,453.29066879585,71,9
4,1000,52.3858195895941,79,75
87,1000,794.295140656917,91,4
88,1000,805.429425403583,92,4
38,1000,192.370035381126,64,26
29,1000,134.631557845425,54,25
81,1000,721.680528533244,87,6
86,1000,782.90756638909,87,1
26,1000,119.448403841297,55,29
40,1000,207.987689782851,80,40
26,1000,119.448403841297,64,38
42,1000,224.70813086753,98,56
95,1000,886.454367056759,96,1
21,1000,97.9666910015274,61,40
80,1000,708.599590064427,93,13
72,1000,596.84846230079,88,16
4,1000,52.3858195895941,80,76
76,1000,654.000472236003,84,8
25,1000,114.78347402896,78,53
94,1000,872.437232532563,96,2
37,1000,184.963272901178,88,51
50,1000,303.044756929457,83,33
61,1000,439.520758176637,65,4
41,1000,216.208094368535,79,38
5,1000,54.0213107058028,63,58
4,1000,52.3858195895941,79,75
31,1000,145.806200289297,91,60
3,1000,50.902024453836,91,88
34,1000,164.284075191295,83,49
23,1000,106.025339908229,84,61
76,1000,654.000472236003,81,5
90,1000,827.134227296251,95,5
28,1000,129.366145584782,35,7
26,1000,119.448403841297,70,44
36,1000,177.816654627415,79,43
87,1000,794.295140656917,87,0
90,1000,827.134227296251,90,0
31,1000,145.806200289297,60,29
67,1000,524.274758001231,75,8
16,1000,80.5928730731785,91,75
89,1000,816.352098109029,89,0
52,1000,325.513318392641,59,7
4,1000,52.3858195895941,58,54
13,1000,71.8531985110972,67,54
95,1000,886.454367056759,96,1
46,1000,261.554069065366,68,22
33,1000,157.885695990008,95,62
56,1000,373.738194833723,82,26
87,1000,794.295140656917,96,9
3,1000,50.902024453836,61,58
48,1000,281.719356771773,77,29
75,1000,639.89066396963,85,10
91,1000,837.889325226866,95,4
46,1000,261.554069065366,61,15
60,1000,425.936165030342,89,29
53,1000,337.169047269091,59,6
27,1000,124.308672403649,68,41
55,1000,361.28526432121,76,21
99,1000,952.380952380952,99,0
23,1000,106.025339908229,84,61
82,1000,734.495791335444,84,2
6,1000,55.797023332652,49,43
9,1000,61.9311379896748,92,83
30,1000,140.107720526217,69,39
23,1000,106.025339908229,57,34
29,1000,134.631557845425,53,24
24,1000,110.312404860499,54,30
37,1000,184.963272901178,80,43
1,1000,48.4327791688962,83,82
97,1000,921.201845106509,98,1
26,1000,119.448403841297,87,61
22,1000,101.91309654211,73,51
85,1000,771.241077816393,88,3
85,1000,771.241077816393,91,6
24,1000,110.312404860499,86,62
16,1000,80.5928730731785,86,70
48,1000,281.719356771773,63,15
76,1000,654.000472236003,86,10
66,1000,509.861356739568,91,25
41,1000,216.208094368535,71,30
98,1000,937.641614648526,98,0
82,1000,734.495791335444,97,15
48,1000,281.719356771773,58,10
92,1000,848.797861871712,98,6
15,1000,77.5519314687994,75,60
22,1000,101.91309654211,93,71
49,1000,292.238240731737,76,27
23,1000,106.025339908229,61,38
33,1000,157.885695990008,77,44
18,1000,87.0916713147551,85,67
11,1000,66.650523531484,79,68
50,1000,303.044756929457,93,43
47,1000,271.491915057168,87,40
18,1000,87.0916713147551,49,31
67,1000,524.274758001231,68,1
96,1000,903.601247423089,97,1
71,1000,582.349295657669,86,15
15,1000,77.5519314687994,90,75
8,1000,59.7592503545888,76,68
28,1000,129.366145584782,39,11
24,1000,110.312404860499,81,57
33,1000,157.885695990008,83,50
74,1000,625.645161649607,85,11
54,1000,349.093612290139,55,1
61,1000,439.520758176637,90,29
1,1000,48.4327791688962,86,85
27,1000,124.308672403649,81,54
53,1000,337.169047269091,90,37
10,1000,64.2322754794971,90,80
82,1000,734.495791335444,97,15
11,1000,66.650523531484,39,28
3,1000,50.902024453836,56,53
47,1000,271.491915057168,49,2
0,1000,64.6321731602545,85,85
85,1000,771.241077816393,90,5
92,1000,848.797861871712,94,2
39,1000,200.044663280973,81,42
14,1000,74.6408264925534,91,77
34,1000,164.284075191295,63,29
47,1000,271.491915057168,94,47
47,1000,271.491915057168,68,21
64,1000,481.315747338046,86,22
99,1000,952.380952380952,99,0
6,1000,55.797023332652,83,77
34,1000,164.284075191295,66,32
24,1000,110.312404860499,66,42
5,1000,54.0213107058028,66,61
27,1000,124.308672403649,77,50
47,1000,271.491915057168,69,22
72,1000,596.84846230079,83,11
21,1000,97.9666910015274,80,59
71,1000,582.349295657669,94,23
11,1000,66.650523531484,75,64
88,1000,805.429425403583,92,4
61,1000,439.520758176637,88,27
82,1000,734.495791335444,94,12
63,1000,467.228377485822,89,26
87,1000,794.295140656917,96,9
39,1000,200.044663280973,62,23
94,1000,872.437232532563,95,1
92,1000,848.797861871712,92,0
0,1000,64.6321731602545,74,74
60,1000,425.936165030342,66,6
11,1000,66.650523531484,93,82
33,1000,157.885695990008,46,13
48,1000,281.719356771773,94,46
36,1000,177.816654627415,88,52
36,1000,177.816654627415,57,21
56,1000,373.738194833723,90,34
4,1000,52.3858195895941,52,48
79,1000,695.271433977419,89,10
61,1000,439.520758176637,79,18
27,1000,124.308672403649,88,61
69,1000,553.277720852831,84,15
34,1000,164.284075191295,80,46
74,1000,625.645161649607,80,6
94,1000,872.437232532563,95,1
48,1000,281.719356771773,60,12
93,1000,860.154195390721,94,1
98,1000,937.641614648526,98,0
38,1000,192.370035381126,86,48
7,1000,57.7105726582502,69,62
79,1000,695.271433977419,82,3
44,1000,242.559618981515,81,37
53,1000,337.169047269091,85,32
91,1000,837.889325226866,91,0
32,1000,151.730780743644,70,38
43,1000,233.490678454607,86,43
63,1000,467.228377485822,90,27
72,1000,596.84846230079,91,19
11,1000,66.650523531484,61,50
82,1000,734.495791335444,87,5
4,1000,52.3858195895941,81,77
11,1000,66.650523531484,58,47
98,1000,937.641614648526,99,1
98,1000,937.641614648526,99,1
7,1000,57.7105726582502,48,41
7,1000,57.7105726582502,71,64
12,1000,69.1918432278306,81,69
1,1000,48.4327791688962,70,69
32,1000,151.730780743644,58,26
35,1000,170.923053479394,84,49
97,1000,921.201845106509,98,1
39,1000,200.044663280973,88,49
86,1000,782.90756638909,86,0
34,1000,164.284075191295,92,58
76,1000,654.000472236003,82,6
77,1000,667.94957620734,83,6
4,1000,52.3858195895941,87,83
26,1000,119.448403841297,63,37
51,1000,314.136674975562,58,7
31,1000,145.806200289297,90,59
25,1000,114.78347402896,87,62
91,1000,837.889325226866,91,0
40,1000,207.987689782851,44,4
12,1000,69.1918432278306,45,33
40,1000,207.987689782851,77,37
87,1000,794.295140656917,89,2
18,1000,87.0916713147551,48,30
88,1000,805.429425403583,92,4
5,1000,54.0213107058028,91,86
7,1000,57.7105726582502,59,52
44,1000,242.559618981515,96,52
13,1000,71.8531985110972,95,82
49,1000,292.238240731737,83,34
98,1000,937.641614648526,99,1
16,1000,80.5928730731785,37,21
88,1000,805.429425403583,90,2
80,1000,708.599590064427,82,2
5,1000,54.0213107058028,78,73
89,1000,816.352098109029,90,1
88,1000,805.429425403583,88,0
81,1000,721.680528533244,97,16
89,1000,816.352098109029,89,0
77,1000,667.94957620734,88,11
61,1000,439.520758176637,71,10
41,1000,216.208094368535,85,44
80,1000,708.599590064427,86,6
63,1000,467.228377485822,71,8
41,1000,216.208094368535,74,33
8,1000,59.7592503545888,81,73
61,1000,439.520758176637,87,26
79,1000,695.271433977419,83,4
31,1000,145.806200289297,75,44
29,1000,134.631557845425,71,42
19,1000,90.5640793015171,86,67
49,1000,292.238240731737,78,29
21,1000,97.9666910015274,84,63
96,1000,903.601247423089,98,2
35,1000,170.923053479394,46,11
40,1000,207.987689782851,72,32
20,1000,94.1864244003146,40,20
72,1000,596.84846230079,82,10
30,1000,140.107720526217,76,46
98,1000,937.641614648526,99,1
6,1000,55.797023332652,81,75
69,1000,553.277720852831,97,28
3,1000,50.902024453836,78,75
48,1000,281.719356771773,91,43
99,1000,952.380952380952,99,0
13,1000,71.8531985110972,52,39
58,1000,399.38653243056,73,15
89,1000,816.352098109029,89,0
15,1000,77.5519314687994,54,39
7,1000,57.7105726582502,97,90
94,1000,872.437232532563,96,2
14,1000,74.6408264925534,66,52
50,1000,303.044756929457,76,26
78,1000,681.715224948003,79,1
86,1000,782.90756638909,88,2
30,1000,140.107720526217,33,3
14,1000,74.6408264925534,67,53
86,1000,782.90756638909,97,11
0,1000,64.6321731602545,94,94
88,1000,805.429425403583,92,4
29,1000,134.631557845425,60,31
79,1000,695.271433977419,81,2
46,1000,261.554069065366,89,43
87,1000,794.295140656917,93,6
13,1000,71.8531985110972,98,85
97,1000,921.201845106509,97,0
87,1000,794.295140656917,92,5
82,1000,734.495791335444,89,7
62,1000,453.29066879585,76,14
25,1000,114.78347402896,78,53
8,1000,59.7592503545888,80,72
69,1000,553.277720852831,80,11
17,1000,83.7704378937515,42,25
55,1000,361.28526432121,95,40
84,1000,759.284493221131,91,7
50,1000,303.044756929457,69,19
20,1000,94.1864244003146,86,66
30,1000,140.107720526217,49,19
62,1000,453.29066879585,78,16
58,1000,399.38653243056,71,13
28,1000,129.366145584782,40,12
34,1000,164.284075191295,66,32
53,1000,337.169047269091,71,18
93,1000,860.154195390721,95,2
53,1000,337.169047269091,59,6
14,1000,74.6408264925534,77,63
22,1000,101.91309654211,60,38
96,1000,903.601247423089,97,1
33,1000,157.885695990008,68,35
70,1000,567.816158564411,89,19
63,1000,467.228377485822,86,23
32,1000,151.730780743644,68,36
88,1000,805.429425403583,88,0
30,1000,140.107720526217,44,14
58,1000,399.38653243056,78,20
89,1000,816.352098109029,92,3
3,1000,50.902024453836,79,76
63,1000,467.228377485822,90,27
16,1000,80.5928730731785,67,51
96,1000,903.601247423089,98,2
61,1000,439.520758176637,91,30
85,1000,771.241077816393,85,0
13,1000,71.8531985110972,89,76
99,1000,952.380952380952,99,0
25,1000,114.78347402896,80,55
91,1000,837.889325226866,97,6
51,1000,314.136674975562,77,26
76,1000,654.000472236003,76,0
64,1000,481.315747338046,89,25
23,1000,106.025339908229,89,66
98,1000,937.641614648526,98,0
90,1000,827.134227296251,90,0
17,1000,83.7704378937515,71,54
82,1000,734.495791335444,84,2
26,1000,119.448403841297,86,60
32,1000,151.730780743644,78,46
57,1000,386.442928651778,85,28
49,1000,292.238240731737,79,30
8,1000,59.7592503545888,82,74
47,1000,271.491915057168,86,39
70,1000,567.816158564411,76,6
88,1000,805.429425403583,89,1
97,1000,921.201845106509,98,1
52,1000,325.513318392641,78,26
90,1000,827.134227296251,97,7
19,1000,90.5640793015171,65,46
53,1000,337.169047269091,71,18
56,1000,373.738194833723,73,17
53,1000,337.169047269091,83,30
35,1000,170.923053479394,92,57
56,1000,373.738194833723,91,35
95,1000,886.454367056759,97,2
49,1000,292.238240731737,75,26
76,1000,654.000472236003,81,5
36,1000,177.816654627415,45,9
80,1000,708.599590064427,86,6
36,1000,177.816654627415,76,40
49,1000,292.238240731737,79,30
92,1000,848.797861871712,92,0
50,1000,303.044756929457,60,10
92,1000,848.797861871712,95,3
96,1000,903.601247423089,96,0
30,1000,140.107720526217,81,51
17,1000,83.7704378937515,47,30
66,1000,509.861356739568,78,12
90,1000,827.134227296251,94,4
20,1000,94.1864244003146,73,53
78,1000,681.715224948003,89,11
20,1000,94.1864244003146,61,41
37,1000,184.963272901178,72,35
3,1000,50.902024453836,82,79
87,1000,794.295140656917,87,0
1,1000,48.4327791688962,75,74
40,1000,207.987689782851,85,45
0,1000,64.6321731602545,92,92
67,1000,524.274758001231,80,13
73,1000,611.290197198174,83,10
47,1000,271.491915057168,75,28
12,1000,69.1918432278306,89,77
80,1000,708.599590064427,82,2
22,1000,101.91309654211,83,61
46,1000,261.554069065366,75,29
64,1000,481.315747338046,79,15
10,1000,64.2322754794971,72,62
45,1000,251.912218949791,73,28
70,1000,567.816158564411,70,0
78,1000,681.715224948003,78,0
4,1000,52.3858195895941,79,75
72,1000,596.84846230079,86,14
23,1000,106.025339908229,85,62
25,1000,114.78347402896,82,57
54,1000,349.093612290139,84,30
69,1000,553.277720852831,77,8
38,1000,192.370035381126,87,49
23,1000,106.025339908229,51,28
97,1000,921.201845106509,97,0
6,1000,55.797023332652,88,82
53,1000,337.169047269091,69,16
0,1000,64.6321731602545,77,77
99,1000,952.380952380952,99,0
82,1000,734.495791335444,92,10
55,1000,361.28526432121,76,21
61,1000,439.520758176637,65,4
45,1000,251.912218949791,81,36
47,1000,271.491915057168,70,23
13,1000,71.8531985110972,98,85
63,1000,467.228377485822,87,24
31,1000,145.806200289297,91,60
82,1000,734.495791335444,83,1
12,1000,69.1918432278306,36,24
25,1000,114.78347402896,90,65
99,1000,952.380952380952,99,0
63,1000,467.228377485822,77,14
73,1000,611.290197198174,89,16
47,1000,271.491915057168,90,43
36,1000,177.816654627415,84,48
19,1000,90.5640793015171,70,51
69,1000,553.277720852831,79,10
30,1000,140.107720526217,70,40
67,1000,524.274758001231,72,5
88,1000,805.429425403583,89,1
64,1000,481.315747338046,71,7
6,1000,55.797023332652,56,50
69,1000,553.277720852831,93,24
68,1000,538.754391950154,73,5
79,1000,695.271433977419,81,2
11,1000,66.650523531484,96,85
97,1000,921.201845106509,97,0
90,1000,827.134227296251,97,7
94,1000,872.437232532563,98,4
95,1000,886.454367056759,97,2
98,1000,937.641614648526,98,0
28,1000,129.366145584782,89,61
87,1000,794.295140656917,88,1
85,1000,771.241077816393,96,11
78,1000,681.715224948003,80,2
56,1000,373.738194833723,77,21
71,1000,582.349295657669,78,7
3,1000,50.902024453836,54,51
41,1000,216.208094368535,83,42
30,1000,140.107720526217,90,60
13,1000,71.8531985110972,52,39
59,1000,412.553192714143,85,26
69,1000,553.277720852831,85,16
55,1000,361.28526432121,68,13
37,1000,184.963272901178,79,42
5,1000,54.0213107058028,97,92
19,1000,90.5640793015171,84,65
52,1000,325.513318392641,73,21
42,1000,224.70813086753,59,17
69,1000,553.277720852831,76,7
76,1000,654.000472236003,79,3
5,1000,54.0213107058028,86,81
10,1000,64.2322754794971,71,61
83,1000,747.034553555827,89,6
82,1000,734.495791335444,86,4
24,1000,110.312404860499,81,57
37,1000,184.963272901178,90,53
90,1000,827.134227296251,91,1
10,1000,64.2322754794971,69,59
24,1000,110.312404860499,93,69
76,1000,654.000472236003,83,7
93,1000,860.154195390721,99,6
5,1000,54.0213107058028,90,85
79,1000,695.271433977419,85,6
63,1000,467.228377485822,75,12
50,1000,303.044756929457,78,28
14,1000,74.6408264925534,30,16
30,1000,140.107720526217,76,46
12,1000,69.1918432278306,97,85
26,1000,119.448403841297,80,54
71,1000,582.349295657669,79,8
51,1000,314.136674975562,76,25
51,1000,314.136674975562,53,2
21,1000,97.9666910015274,22,1
99,1000,952.380952380952,99,0
81,1000,721.680528533244,84,3
88,1000,805.429425403583,98,10
1,1000,48.4327791688962,79,78
38,1000,192.370035381126,78,40
9,1000,61.9311379896748,70,61
32,1000,151.730780743644,46,14
33,1000,157.885695990008,88,55
36,1000,177.816654627415,77,41
37,1000,184.963272901178,66,29
72,1000,596.84846230079,74,2
99,1000,952.380952380952,99,0
67,1000,524.274758001231,76,9
54,1000,349.093612290139,76,22
24,1000,110.312404860499,85,61
68,1000,538.754391950154,68,0
75,1000,639.89066396963,77,2
66,1000,509.861356739568,75,9
97,1000,921.201845106509,97,0
66,1000,509.861356739568,86,20
14,1000,74.6408264925534,80,66
22,1000,101.91309654211,75,53
41,1000,216.208094368535,90,49
70,1000,567.816158564411,87,17
75,1000,639.89066396963,75,0
85,1000,771.241077816393,97,12
7,1000,57.7105726582502,95,88
89,1000,816.352098109029,97,8
75,1000,639.89066396963,75,0
75,1000,639.89066396963,88,13
62,1000,453.29066879585,81,19
93,1000,860.154195390721,93,0
56,1000,373.738194833723,89,33
18,1000,87.0916713147551,84,66
88,1000,805.429425403583,94,6
83,1000,747.034553555827,89,6
34,1000,164.284075191295,71,37
32,1000,151.730780743644,97,65
93,1000,860.154195390721,97,4
46,1000,261.554069065366,82,36
15,1000,77.5519314687994,69,54
47,1000,271.491915057168,60,13
80,1000,708.599590064427,83,3
31,1000,145.806200289297,66,35
71,1000,582.349295657669,98,27
50,1000,303.044756929457,60,10
46,1000,261.554069065366,78,32
19,1000,90.5640793015171,84,65
0,1000,64.6321731602545,87,87
74,1000,625.645161649607,81,7
22,1000,101.91309654211,91,69
65,1000,495.534364490879,80,15
72,1000,596.84846230079,85,13
21,1000,97.9666910015274,61,40
42,1000,224.70813086753,73,31
25,1000,114.78347402896,69,44
46,1000,261.554069065366,65,19
53,1000,337.169047269091,73,20
38,1000,192.370035381126,58,20
60,1000,425.936165030342,89,29
28,1000,129.366145584782,91,63
86,1000,782.90756638909,92,6
17,1000,83.7704378937515,59,42
30,1000,140.107720526217,60,30
51,1000,314.136674975562,72,21
83,1000,747.034553555827,86,3
81,1000,721.680528533244,84,3
34,1000,164.284075191295,57,23
12,1000,69.1918432278306,83,71
50,1000,303.044756929457,76,26
84,1000,759.284493221131,84,0
13,1000,71.8531985110972,83,70
81,1000,721.680528533244,86,5
80,1000,708.599590064427,86,6
40,1000,207.987689782851,62,22
93,1000,860.154195390721,94,1
54,1000,349.093612290139,66,12
28,1000,129.366145584782,61,33
1,1000,48.4327791688962,88,87
22,1000,101.91309654211,62,40
21,1000,97.9666910015274,60,39
17,1000,83.7704378937515,88,71
9,1000,61.9311379896748,78,69
59,1000,412.553192714143,83,24
10,1000,64.2322754794971,92,82
0,1000,64.6321731602545,78,78
64,1000,481.315747338046,95,31
80,1000,708.599590064427,87,7
50,1000,303.044756929457,84,34
3,1000,50.902024453836,77,74
76,1000,654.000472236003,80,4
37,1000,184.963272901178,77,40
84,1000,759.284493221131,84,0
27,1000,124.308672403649,84,57
40,1000,207.987689782851,60,20
37,1000,184.963272901178,80,43
39,1000,200.044663280973,86,47
17,1000,83.7704378937515,67,50
55,1000,361.28526432121,59,4
79,1000,695.271433977419,83,4
42,1000,224.70813086753,92,50
92,1000,848.797861871712,92,0
69,1000,553.277720852831,83,14
40,1000,207.987689782851,51,11
35,1000,170.923053479394,69,34
8,1000,59.7592503545888,78,70
92,1000,848.797861871712,95,3
21,1000,97.9666910015274,67,46
71,1000,582.349295657669,86,15
67,1000,524.274758001231,82,15
69,1000,553.277720852831,77,8
21,1000,97.9666910015274,82,61
28,1000,129.366145584782,76,48
71,1000,582.349295657669,85,14
86,1000,782.90756638909,89,3
40,1000,207.987689782851,65,25
42,1000,224.70813086753,70,28
49,1000,292.238240731737,82,33
10,1000,64.2322754794971,90,80
73,1000,611.290197198174,82,9
20,1000,94.1864244003146,65,45
37,1000,184.963272901178,87,50
1,1000,48.4327791688962,39,38
72,1000,596.84846230079,85,13
6,1000,55.797023332652,57,51
1,1000,48.4327791688962,71,70
31,1000,145.806200289297,79,48
48,1000,281.719356771773,61,13
31,1000,145.806200289297,68,37
16,1000,80.5928730731785,81,65
38,1000,192.370035381126,72,34
94,1000,872.437232532563,96,2
73,1000,611.290197198174,88,15
39,1000,200.044663280973,80,41
75,1000,639.89066396963,81,6
78,1000,681.715224948003,81,3
71,1000,582.349295657669,76,5
24,1000,110.312404860499,78,54
79,1000,695.271433977419,97,18
77,1000,667.94957620734,94,17
84,1000,759.284493221131,86,2
31,1000,145.806200289297,63,32
99,1000,952.380952380952,99,0
17,1000,83.7704378937515,84,67
21,1000,97.9666910015274,44,23
72,1000,596.84846230079,91,19
81,1000,721.680528533244,91,10
99,1000,952.380952380952,99,0
75,1000,639.89066396963,83,8
97,1000,921.201845106509,98,1
44,1000,242.559618981515,91,47
29,1000,134.631557845425,72,43
88,1000,805.429425403583,88,0
18,1000,87.0916713147551,73,55
33,1000,157.885695990008,85,52
99,1000,952.380952380952,99,0
62,1000,453.29066879585,89,27
85,1000,771.241077816393,89,4
88,1000,805.429425403583,92,4
1,1000,48.4327791688962,72,71
60,1000,425.936165030342,74,14
99,1000,952.380952380952,99,0
19,1000,90.5640793015171,80,61
73,1000,611.290197198174,79,6
41,1000,216.208094368535,77,36
37,1000,184.963272901178,89,52
98,1000,937.641614648526,98,0
3,1000,50.902024453836,58,55
37,1000,184.963272901178,85,48
61,1000,439.520758176637,78,17
48,1000,281.719356771773,94,46
78,1000,681.715224948003,79,1
56,1000,373.738194833723,79,23
55,1000,361.28526432121,75,20
90,1000,827.134227296251,97,7
86,1000,782.90756638909,94,8
72,1000,596.84846230079,79,7
12,1000,69.1918432278306,84,72
3,1000,50.902024453836,77,74
93,1000,860.154195390721,94,1
90,1000,827.134227296251,91,1
26,1000,119.448403841297,79,53
83,1000,747.034553555827,88,5
60,1000,425.936165030342,89,29
18,1000,87.0916713147551,83,65
23,1000,106.025339908229,67,44
13,1000,71.8531985110972,95,82
90,1000,827.134227296251,93,3
73,1000,611.290197198174,90,17
70,1000,567.816158564411,89,19
64,1000,481.315747338046,72,8
71,1000,582.349295657669,80,9
54,1000,349.093612290139,66,12
51,1000,314.136674975562,80,29
29,1000,134.631557845425,67,38
27,1000,124.308672403649,73,46
57,1000,386.442928651778,77,20
51,1000,314.136674975562,68,17
85,1000,771.241077816393,96,11
84,1000,759.284493221131,89,5
94,1000,872.437232532563,95,1
52,1000,325.513318392641,90,38
38,1000,192.370035381126,67,29
82,1000,734.495791335444,88,6
32,1000,151.730780743644,85,53
60,1000,425.936165030342,80,20
44,1000,242.559618981515,50,6
50,1000,303.044756929457,85,35
36,1000,177.816654627415,90,54
44,1000,242.559618981515,63,19
15,1000,77.5519314687994,93,78
60,1000,425.936165030342,71,11
70,1000,567.816158564411,89,19
31,1000,145.806200289297,86,55
20,1000,94.1864244003146,94,74
17,1000,83.7704378937515,64,47
32,1000,151.730780743644,81,49
44,1000,242.559618981515,82,38
31,1000,145.806200289297,92,61
22,1000,101.91309654211,82,60
81,1000,721.680528533244,94,13
38,1000,192.370035381126,84,46
93,1000,860.154195390721,93,0
19,1000,90.5640793015171,90,71
38,1000,192.370035381126,85,47
77,1000,667.94957620734,91,14
7,1000,57.7105726582502,74,67
71,1000,582.349295657669,75,4
19,1000,90.5640793015171,88,69
37,1000,184.963272901178,55,18
64,1000,481.315747338046,94,30
60,1000,425.936165030342,83,23
46,1000,261.554069065366,68,22
80,1000,708.599590064427,81,1
16,1000,80.5928730731785,94,78
3,1000,50.902024453836,62,59
11,1000,66.650523531484,94,83
6,1000,55.797023332652,77,71
66,1000,509.861356739568,83,17
50,1000,303.044756929457,79,29
49,1000,292.238240731737,73,24
40,1000,207.987689782851,80,40
61,1000,439.520758176637,64,3
72,1000,596.84846230079,91,19
87,1000,794.295140656917,87,0
82,1000,734.495791335444,86,4
24,1000,110.312404860499,64,40
83,1000,747.034553555827,90,7
44,1000,242.559618981515,97,53
83,1000,747.034553555827,89,6
59,1000,412.553192714143,83,24
98,1000,937.641614648526,99,1
40,1000,207.987689782851,96,56
48,1000,281.719356771773,58,10
91,1000,837.889325226866,92,1
31,1000,145.806200289297,79,48
40,1000,207.987689782851,67,27
94,1000,872.437232532563,97,3
63,1000,467.228377485822,83,20
68,1000,538.754391950154,75,7
30,1000,140.107720526217,72,42
67,1000,524.274758001231,80,13
39,1000,200.044663280973,72,33
88,1000,805.429425403583,89,1
66,1000,509.861356739568,82,16
13,1000,71.8531985110972,48,35
20,1000,94.1864244003146,71,51
67,1000,524.274758001231,90,23
44,1000,242.559618981515,45,1
11,1000,66.650523531484,53,42
50,1000,303.044756929457,79,29
99,1000,952.380952380952,99,0
71,1000,582.349295657669,90,19
10,1000,64.2322754794971,93,83
29,1000,134.631557845425,80,51
40,1000,207.987689782851,61,21
33,1000,157.885695990008,78,45
77,1000,667.94957620734,91,14
51,1000,314.136674975562,78,27
44,1000,242.559618981515,70,26
80,1000,708.599590064427,89,9
83,1000,747.034553555827,92,9
93,1000,860.154195390721,95,2
21,1000,97.9666910015274,87,66
18,1000,87.0916713147551,75,57
62,1000,453.29066879585,83,21
43,1000,233.490678454607,85,42
45,1000,251.912218949791,64,19
36,1000,177.816654627415,72,36
42,1000,224.70813086753,89,47
30,1000,140.107720526217,59,29
92,1000,848.797861871712,93,1
54,1000,349.093612290139,78,24
50,1000,303.044756929457,84,34
11,1000,66.650523531484,89,78
3,1000,50.902024453836,92,89
98,1000,937.641614648526,99,1
37,1000,184.963272901178,91,54
95,1000,886.454367056759,97,2
35,1000,170.923053479394,86,51
55,1000,361.28526432121,63,8
38,1000,192.370035381126,74,36
11,1000,66.650523531484,74,63
80,1000,708.599590064427,90,10
70,1000,567.816158564411,83,13
90,1000,827.134227296251,92,2
17,1000,83.7704378937515,93,76
22,1000,101.91309654211,98,76
21,1000,97.9666910015274,64,43
11,1000,66.650523531484,51,40
86,1000,782.90756638909,86,0
16,1000,80.5928730731785,75,59
92,1000,848.797861871712,93,1
35,1000,170.923053479394,82,47
7,1000,57.7105726582502,77,70
65,1000,495.534364490879,89,24
96,1000,903.601247423089,98,2
69,1000,553.277720852831,78,9
24,1000,110.312404860499,89,65
53,1000,337.169047269091,80,27
88,1000,805.429425403583,90,2
95,1000,886.454367056759,95,0
43,1000,233.490678454607,96,53
33,1000,157.885695990008,74,41
7,1000,57.7105726582502,93,86
8,1000,59.7592503545888,80,72
13,1000,71.8531985110972,67,54
7,1000,57.7105726582502,75,68
96,1000,903.601247423089,98,2
16,1000,80.5928730731785,87,71
14,1000,74.6408264925534,64,50
18,1000,87.0916713147551,76,58
97,1000,921.201845106509,97,0
92,1000,848.797861871712,95,3
41,1000,216.208094368535,97,56
23,1000,106.025339908229,69,46
18,1000,87.0916713147551,63,45
92,1000,848.797861871712,92,0
91,1000,837.889325226866,91,0
34,1000,164.284075191295,46,12
7,1000,57.7105726582502,27,20
34,1000,164.284075191295,79,45
92,1000,848.797861871712,96,4
12,1000,69.1918432278306,55,43
20,1000,94.1864244003146,86,66
62,1000,453.29066879585,84,22
72,1000,596.84846230079,92,20
2,1000,49.5808926394038,75,73
3,1000,50.902024453836,51,48
49,1000,292.238240731737,88,39
76,1000,654.000472236003,77,1
82,1000,734.495791335444,83,1
28,1000,129.366145584782,74,46
93,1000,860.154195390721,93,0
15,1000,77.5519314687994,92,77
23,1000,106.025339908229,86,63
56,1000,373.738194833723,69,13
1,1000,48.4327791688962,52,51
90,1000,827.134227296251,93,3
46,1000,261.554069065366,78,32
73,1000,611.290197198174,92,19
31,1000,145.806200289297,92,61
84,1000,759.284493221131,88,4
11,1000,66.650523531484,74,63
62,1000,453.29066879585,81,19
37,1000,184.963272901178,83,46
93,1000,860.154195390721,94,1
22,1000,101.91309654211,55,33
32,1000,151.730780743644,70,38
46,1000,261.554069065366,71,25
27,1000,124.308672403649,90,63
22,1000,101.91309654211,60,38
44,1000,242.559618981515,94,50
67,1000,524.274758001231,67,0
36,1000,177.816654627415,97,61
6,1000,55.797023332652,76,70
88,1000,805.429425403583,95,7
60,1000,425.936165030342,93,33
95,1000,886.454367056759,97,2
26,1000,119.448403841297,85,59
84,1000,759.284493221131,88,4
36,1000,177.816654627415,77,41
36,1000,177.816654627415,89,53
87,1000,794.295140656917,91,4
46,1000,261.554069065366,67,21
70,1000,567.816158564411,86,16
95,1000,886.454367056759,96,1
83,1000,747.034553555827,87,4
92,1000,848.797861871712,93,1
38,1000,192.370035381126,55,17
53,1000,337.169047269091,74,21
64,1000,481.315747338046,96,32
74,1000,625.645161649607,76,2
39,1000,200.044663280973,77,38
72,1000,596.84846230079,84,12
90,1000,827.134227296251,93,3
80,1000,708.599590064427,89,9
39,1000,200.044663280973,88,49
57,1000,386.442928651778,95,38
49,1000,292.238240731737,72,23
77,1000,667.94957620734,95,18
36,1000,177.816654627415,83,47
95,1000,886.454367056759,98,3
6,1000,55.797023332652,87,81
85,1000,771.241077816393,85,0
32,1000,151.730780743644,60,28
2,1000,49.5808926394038,87,85
87,1000,794.295140656917,88,1
68,1000,538.754391950154,78,10
84,1000,759.284493221131,87,3
34,1000,164.284075191295,88,54
33,1000,157.885695990008,89,56
88,1000,805.429425403583,90,2
0,1000,64.6321731602545,75,75
24,1000,110.312404860499,91,67
98,1000,937.641614648526,98,0
47,1000,271.491915057168,94,47
56,1000,373.738194833723,77,21
65,1000,495.534364490879,77,12
88,1000,805.429425403583,96,8
34,1000,164.284075191295,88,54
28,1000,129.366145584782,90,62
51,1000,314.136674975562,68,17
86,1000,782.90756638909,90,4
95,1000,886.454367056759,96,1
16,1000,80.5928730731785,86,70
5,1000,54.0213107058028,75,70
87,1000,794.295140656917,92,5
2,1000,49.5808926394038,62,60
21,1000,97.9666910015274,94,73
13,1000,71.8531985110972,85,72
23,1000,106.025339908229,47,24
57,1000,386.442928651778,82,25
72,1000,596.84846230079,93,21
33,1000,157.885695990008,79,46
47,1000,271.491915057168,77,30
30,1000,140.107720526217,41,11
91,1000,837.889325226866,92,1
87,1000,794.295140656917,88,1
10,1000,64.2322754794971,49,39
6,1000,55.797023332652,68,62
68,1000,538.754391950154,89,21
57,1000,386.442928651778,66,9
61,1000,439.520758176637,74,13
62,1000,453.29066879585,86,24
66,1000,509.861356739568,77,11
77,1000,667.94957620734,85,8
82,1000,734.495791335444,82,0
6,1000,55.797023332652,67,61
28,1000,129.366145584782,60,32
36,1000,177.816654627415,67,31
46,1000,261.554069065366,55,9
79,1000,695.271433977419,84,5
98,1000,937.641614648526,98,0
34,1000,164.284075191295,84,50
44,1000,242.559618981515,74,30
5,1000,54.0213107058028,87,82
17,1000,83.7704378937515,80,63
86,1000,782.90756638909,92,6
17,1000,83.7704378937515,72,55
11,1000,66.650523531484,72,61
53,1000,337.169047269091,77,24
18,1000,87.0916713147551,51,33
90,1000,827.134227296251,96,6
3,1000,50.902024453836,54,51
27,1000,124.308672403649,71,44
14,1000,74.6408264925534,84,70
23,1000,106.025339908229,87,64
64,1000,481.315747338046,77,13
85,1000,771.241077816393,85,0
27,1000,124.308672403649,88,61
80,1000,708.599590064427,91,11
87,1000,794.295140656917,94,7
32,1000,151.730780743644,45,13
10,1000,64.2322754794971,88,78
56,1000,373.738194833723,76,20
56,1000,373.738194833723,83,27
41,1000,216.208094368535,94,53
25,1000,114.78347402896,87,62
91,1000,837.889325226866,92,1
42,1000,224.70813086753,85,43
53,1000,337.169047269091,82,29
41,1000,216.208094368535,93,52
82,1000,734.495791335444,90,8
49,1000,292.238240731737,81,32
53,1000,337.169047269091,67,14
78,1000,681.715224948003,87,9
4,1000,52.3858195895941,94,90
25,1000,114.78347402896,79,54
75,1000,639.89066396963,79,4
90,1000,827.134227296251,94,4
60,1000,425.936165030342,79,19
15,1000,77.5519314687994,88,73
17,1000,83.7704378937515,79,62
16,1000,80.5928730731785,84,68
96,1000,903.601247423089,96,0
66,1000,509.861356739568,82,16
44,1000,242.559618981515,66,22
4,1000,52.3858195895941,74,70
46,1000,261.554069065366,78,32
92,1000,848.797861871712,93,1
4,1000,52.3858195895941,85,81
41,1000,216.208094368535,88,47
64,1000,481.315747338046,91,27
69,1000,553.277720852831,86,17
8,1000,59.7592503545888,86,78
85,1000,771.241077816393,95,10
71,1000,582.349295657669,75,4
41,1000,216.208094368535,80,39
97,1000,921.201845106509,97,0
75,1000,639.89066396963,83,8
94,1000,872.437232532563,96,2
72,1000,596.84846230079,75,3
57,1000,386.442928651778,72,15
57,1000,386.442928651778,72,15
82,1000,734.495791335444,85,3
14,1000,74.6408264925534,78,64
44,1000,242.559618981515,56,12
27,1000,124.308672403649,90,63
26,1000,119.448403841297,89,63
25,1000,114.78347402896,78,53
22,1000,101.91309654211,87,65
51,1000,314.136674975562,68,17
23,1000,106.025339908229,45,22
60,1000,425.936165030342,63,3
65,1000,495.534364490879,89,24
11,1000,66.650523531484,91,80
86,1000,782.90756638909,86,0
33,1000,157.885695990008,38,5
19,1000,90.5640793015171,83,64
94,1000,872.437232532563,94,0
60,1000,425.936165030342,85,25
13,1000,71.8531985110972,83,70
88,1000,805.429425403583,92,4
44,1000,242.559618981515,80,36
85,1000,771.241077816393,90,5
32,1000,151.730780743644,84,52
4,1000,52.3858195895941,82,78
82,1000,734.495791335444,95,13
16,1000,80.5928730731785,86,70
70,1000,567.816158564411,90,20
73,1000,611.290197198174,80,7
86,1000,782.90756638909,92,6
8,1000,59.7592503545888,81,73
49,1000,292.238240731737,63,14
72,1000,596.84846230079,82,10
18,1000,87.0916713147551,73,55
42,1000,224.70813086753,87,45
4,1000,52.3858195895941,29,25
52,1000,325.513318392641,92,40
99,1000,952.380952380952,99,0
43,1000,233.490678454607,54,11
74,1000,625.645161649607,79,5
97,1000,921.201845106509,98,1
81,1000,721.680528533244,98,17
6,1000,55.797023332652,75,69
88,1000,805.429425403583,91,3
22,1000,101.91309654211,82,60
86,1000,782.90756638909,92,6
53,1000,337.169047269091,75,22
9,1000,61.9311379896748,63,54
17,1000,83.7704378937515,78,61
86,1000,782.90756638909,87,1
92,1000,848.797861871712,96,4
66,1000,509.861356739568,68,2
55,1000,361.28526432121,88,33
87,1000,794.295140656917,94,7
43,1000,233.490678454607,82,39
3,1000,50.902024453836,80,77
14,1000,74.6408264925534,71,57
78,1000,681.715224948003,85,7
88,1000,805.429425403583,97,9
98,1000,937.641614648526,99,1
41,1000,216.208094368535,92,51
0,1000,64.6321731602545,86,86
67,1000,524.274758001231,96,29
76,1000,654.000472236003,77,1
92,1000,848.797861871712,96,4
21,1000,97.9666910015274,92,71
46,1000,261.554069065366,76,30
10,1000,64.2322754794971,74,64
17,1000,83.7704378937515,92,75
28,1000,129.366145584782,97,69
98,1000,937.641614648526,98,0
19,1000,90.5640793015171,93,74
31,1000,145.806200289297,81,50
19,1000,90.5640793015171,74,55
1,1000,48.4327791688962,90,89
92,1000,848.797861871712,94,2
50,1000,303.044756929457,88,38
88,1000,805.429425403583,89,1
84,1000,759.284493221131,89,5
21,1000,97.9666910015274,61,40
45,1000,251.912218949791,81,36
29,1000,134.631557845425,78,49
98,1000,937.641614648526,98,0
9,1000,61.9311379896748,93,84
11,1000,66.650523531484,70,59
20,1000,94.1864244003146,46,26
33,1000,157.885695990008,57,24
57,1000,386.442928651778,76,19
7,1000,57.7105726582502,96,89
83,1000,747.034553555827,83,0
27,1000,124.308672403649,63,36
69,1000,553.277720852831,94,25
9,1000,61.9311379896748,81,72
32,1000,151.730780743644,80,48
38,1000,192.370035381126,64,26
23,1000,106.025339908229,81,58
59,1000,412.553192714143,86,27
62,1000,453.29066879585,67,5
84,1000,759.284493221131,89,5
69,1000,553.277720852831,81,12
46,1000,261.554069065366,88,42
29,1000,134.631557845425,86,57
39,1000,200.044663280973,75,36
58,1000,399.38653243056,81,23
79,1000,695.271433977419,94,15
42,1000,224.70813086753,90,48
18,1000,87.0916713147551,83,65
74,1000,625.645161649607,95,21
49,1000,292.238240731737,55,6
32,1000,151.730780743644,73,41
63,1000,467.228377485822,85,22
11,1000,66.650523531484,68,57
87,1000,794.295140656917,93,6
15,1000,77.5519314687994,83,68
8,1000,59.7592503545888,87,79
24,1000,110.312404860499,62,38
67,1000,524.274758001231,79,12
18,1000,87.0916713147551,78,60
68,1000,538.754391950154,75,7
15,1000,77.5519314687994,80,65
92,1000,848.797861871712,93,1
56,1000,373.738194833723,88,32
20,1000,94.1864244003146,83,63
50,1000,303.044756929457,76,26
69,1000,553.277720852831,71,2
80,1000,708.599590064427,84,4
8,1000,59.7592503545888,69,61
22,1000,101.91309654211,85,63
82,1000,734.495791335444,83,1
9,1000,61.9311379896748,88,79
20,1000,94.1864244003146,84,64
77,1000,667.94957620734,86,9
92,1000,848.797861871712,96,4
40,1000,207.987689782851,93,53
89,1000,816.352098109029,95,6
65,1000,495.534364490879,75,10
30,1000,140.107720526217,61,31
86,1000,782.90756638909,88,2
81,1000,721.680528533244,97,16
55,1000,361.28526432121,91,36
82,1000,734.495791335444,97,15
0,1000,64.6321731602545,59,59
99,1000,952.380952380952,99,0
66,1000,509.861356739568,79,13
0,1000,64.6321731602545,89,89
11,1000,66.650523531484,94,83
12,1000,69.1918432278306,73,61
79,1000,695.271433977419,86,7
74,1000,625.645161649607,92,18
79,1000,695.271433977419,90,11
94,1000,872.437232532563,94,0
15,1000,77.5519314687994,51,36
79,1000,695.271433977419,89,10
85,1000,771.241077816393,87,2
40,1000,207.987689782851,83,43
55,1000,361.28526432121,59,4
80,1000,708.599590064427,84,4
54,1000,349.093612290139,80,26
92,1000,848.797861871712,95,3
93,1000,860.154195390721,96,3
36,1000,177.816654627415,83,47
6,1000,55.797023332652,65,59
55,1000,361.28526432121,57,2
2,1000,49.5808926394038,69,67
22,1000,101.91309654211,56,34
28,1000,129.366145584782,77,49
86,1000,782.90756638909,86,0
11,1000,66.650523531484,75,64
23,1000,106.025339908229,81,58
76,1000,654.000472236003,84,8
71,1000,582.349295657669,82,11
22,1000,101.91309654211,82,60
55,1000,361.28526432121,69,14
15,1000,77.5519314687994,68,53
67,1000,524.274758001231,79,12
69,1000,553.277720852831,99,30
85,1000,771.241077816393,88,3
33,1000,157.885695990008,64,31
9,1000,61.9311379896748,79,70
81,1000,721.680528533244,86,5
12,1000,69.1918432278306,81,69
23,1000,106.025339908229,60,37
49,1000,292.238240731737,81,32
97,1000,921.201845106509,97,0
12,1000,69.1918432278306,87,75
97,1000,921.201845106509,97,0
9,1000,61.9311379896748,64,55
53,1000,337.169047269091,84,31
78,1000,681.715224948003,90,12
81,1000,721.680528533244,90,9
75,1000,639.89066396963,80,5
11,1000,66.650523531484,81,70
72,1000,596.84846230079,77,5
33,1000,157.885695990008,71,38
33,1000,157.885695990008,87,54
40,1000,207.987689782851,87,47
64,1000,481.315747338046,86,22
6,1000,55.797023332652,76,70
94,1000,872.437232532563,95,1
9,1000,61.9311379896748,76,67
38,1000,192.370035381126,66,28
51,1000,314.136674975562,57,6
64,1000,481.315747338046,76,12
97,1000,921.201845106509,98,1
60,1000,425.936165030342,86,26
54,1000,349.093612290139,69,15
54,1000,349.093612290139,79,25
89,1000,816.352098109029,91,2
90,1000,827.134227296251,92,2
92,1000,848.797861871712,97,5
51,1000,314.136674975562,70,19
26,1000,119.448403841297,74,48
20,1000,94.1864244003146,85,65
20,1000,94.1864244003146,71,51
45,1000,251.912218949791,74,29
0,1000,64.6321731602545,84,84
26,1000,119.448403841297,70,44
86,1000,782.90756638909,88,2
56,1000,373.738194833723,65,9
47,1000,271.491915057168,71,24
97,1000,921.201845106509,98,1
1,1000,48.4327791688962,70,69
72,1000,596.84846230079,79,7
47,1000,271.491915057168,87,40
48,1000,281.719356771773,86,38
79,1000,695.271433977419,94,15
29,1000,134.631557845425,70,41
1,1000,48.4327791688962,71,70
65,1000,495.534364490879,84,19
72,1000,596.84846230079,95,23
34,1000,164.284075191295,91,57
76,1000,654.000472236003,87,11
53,1000,337.169047269091,78,25
95,1000,886.454367056759,95,0
57,1000,386.442928651778,90,33
92,1000,848.797861871712,92,0
51,1000,314.136674975562,69,18
20,1000,94.1864244003146,82,62
86,1000,782.90756638909,91,5
63,1000,467.228377485822,65,2
26,1000,119.448403841297,84,58
65,1000,495.534364490879,81,16
96,1000,903.601247423089,96,0
22,1000,101.91309654211,73,51
98,1000,937.641614648526,98,0
29,1000,134.631557845425,80,51
39,1000,200.044663280973,90,51
41,1000,216.208094368535,66,25
60,1000,425.936165030342,64,4
68,1000,538.754391950154,74,6
67,1000,524.274758001231,70,3
13,1000,71.8531985110972,83,70
51,1000,314.136674975562,68,17
37,1000,184.963272901178,87,50
32,1000,151.730780743644,83,51
28,1000,129.366145584782,65,37
29,1000,134.631557845425,90,61
42,1000,224.70813086753,74,32
75,1000,639.89066396963,88,13
70,1000,567.816158564411,71,1
26,1000,119.448403841297,97,71
61,1000,439.520758176637,70,9
35,1000,170.923053479394,54,19
85,1000,771.241077816393,98,13
42,1000,224.70813086753,87,45
77,1000,667.94957620734,80,3
40,1000,207.987689782851,44,4
0,1000,64.6321731602545,33,33
27,1000,124.308672403649,61,34
83,1000,747.034553555827,85,2
76,1000,654.000472236003,90,14
15,1000,77.5519314687994,31,16
62,1000,453.29066879585,63,1
10,1000,64.2322754794971,73,63
81,1000,721.680528533244,81,0
10,1000,64.2322754794971,83,73
9,1000,61.9311379896748,40,31
29,1000,134.631557845425,84,55
52,1000,325.513318392641,81,29
87,1000,794.295140656917,89,2
96,1000,903.601247423089,96,0
31,1000,145.806200289297,83,52
29,1000,134.631557845425,83,54
30,1000,140.107720526217,84,54
53,1000,337.169047269091,70,17
50,1000,303.044756929457,96,46
4,1000,52.3858195895941,68,64
65,1000,495.534364490879,76,11
12,1000,69.1918432278306,78,66
26,1000,119.448403841297,63,37
92,1000,848.797861871712,93,1
78,1000,681.715224948003,79,1
18,1000,87.0916713147551,47,29
40,1000,207.987689782851,96,56
92,1000,848.797861871712,92,0
7,1000,57.7105726582502,85,78
24,1000,110.312404860499,83,59
49,1000,292.238240731737,80,31
47,1000,271.491915057168,58,11
51,1000,314.136674975562,75,24
79,1000,695.271433977419,79,0
92,1000,848.797861871712,96,4
85,1000,771.241077816393,91,6
20,1000,94.1864244003146,97,77
79,1000,695.271433977419,86,7
21,1000,97.9666910015274,88,67
42,1000,224.70813086753,84,42
73,1000,611.290197198174,85,12
24,1000,110.312404860499,71,47
97,1000,921.201845106509,97,0
84,1000,759.284493221131,92,8
61,1000,439.520758176637,80,19
14,1000,74.6408264925534,58,44
90,1000,827.134227296251,97,7
84,1000,759.284493221131,90,6
42,1000,224.70813086753,59,17
71,1000,582.349295657669,78,7
3,1000,50.902024453836,87,84
85,1000,771.241077816393,88,3
38,1000,192.370035381126,92,54
86,1000,782.90756638909,87,1
69,1000,553.277720852831,89,20
27,1000,124.308672403649,64,37
86,1000,782.90756638909,93,7
33,1000,157.885695990008,56,23
90,1000,827.134227296251,97,7
14,1000,74.6408264925534,84,70
44,1000,242.559618981515,79,35
21,1000,97.9666910015274,82,61
40,1000,207.987689782851,52,12
15,1000,77.5519314687994,76,61
42,1000,224.70813086753,58,16
15,1000,77.5519314687994,64,49
4,1000,52.3858195895941,20,16
98,1000,937.641614648526,98,0
89,1000,816.352098109029,94,5
6,1000,55.797023332652,83,77
18,1000,87.0916713147551,81,63
35,1000,170.923053479394,48,13
91,1000,837.889325226866,98,7
0,1000,64.6321731602545,31,31
3,1000,50.902024453836,96,93
11,1000,66.650523531484,73,62
42,1000,224.70813086753,59,17
0,1000,64.6321731602545,58,58
85,1000,771.241077816393,98,13
75,1000,639.89066396963,86,11
27,1000,124.308672403649,61,34
30,1000,140.107720526217,85,55
40,1000,207.987689782851,78,38
37,1000,184.963272901178,70,33
56,1000,373.738194833723,90,34
11,1000,66.650523531484,70,59
79,1000,695.271433977419,82,3
78,1000,681.715224948003,87,9
66,1000,509.861356739568,75,9
24,1000,110.312404860499,76,52
81,1000,721.680528533244,90,9
95,1000,886.454367056759,95,0
58,1000,399.38653243056,67,9
62,1000,453.29066879585,88,26
45,1000,251.912218949791,63,18
16,1000,80.5928730731785,70,54
68,1000,538.754391950154,83,15
91,1000,837.889325226866,92,1
32,1000,151.730780743644,80,48
37,1000,184.963272901178,74,37
91,1000,837.889325226866,92,1
46,1000,261.554069065366,79,33
75,1000,639.89066396963,92,17
59,1000,412.553192714143,82,23
80,1000,708.599590064427,96,16
17,1000,83.7704378937515,88,71
70,1000,567.816158564411,81,11
2,1000,49.5808926394038,65,63
24,1000,110.312404860499,60,36
82,1000,734.495791335444,84,2
26,1000,119.448403841297,66,40
88,1000,805.429425403583,96,8
76,1000,654.000472236003,86,10
28,1000,129.366145584782,81,53
61,1000,439.520758176637,79,18
65,1000,495.534364490879,73,8
59,1000,412.553192714143,76,17
3,1000,50.902024453836,89,86
44,1000,242.559618981515,81,37
83,1000,747.034553555827,97,14
15,1000,77.5519314687994,72,57
25,1000,114.78347402896,68,43
75,1000,639.89066396963,76,1
87,1000,794.295140656917,87,0
73,1000,611.290197198174,85,12
56,1000,373.738194833723,59,3
65,1000,495.534364490879,99,34
30,1000,140.107720526217,81,51
2,1000,49.5808926394038,81,79
32,1000,151.730780743644,85,53
89,1000,816.352098109029,97,8
32,1000,151.730780743644,78,46
22,1000,101.91309654211,73,51
69,1000,553.277720852831,87,18
53,1000,337.169047269091,73,20
98,1000,937.641614648526,98,0
29,1000,134.631557845425,74,45
75,1000,639.89066396963,95,20
93,1000,860.154195390721,95,2
89,1000,816.352098109029,94,5
81,1000,721.680528533244,85,4
48,1000,281.719356771773,55,7
25,1000,114.78347402896,82,57
15,1000,77.5519314687994,85,70
66,1000,509.861356739568,85,19
4,1000,52.3858195895941,51,47
21,1000,97.9666910015274,72,51
30,1000,140.107720526217,69,39
60,1000,425.936165030342,96,36
66,1000,509.861356739568,83,17
14,1000,74.6408264925534,57,43
90,1000,827.134227296251,92,2
78,1000,681.715224948003,82,4
28,1000,129.366145584782,60,32
73,1000,611.290197198174,94,21
45,1000,251.912218949791,96,51
87,1000,794.295140656917,94,7
52,1000,325.513318392641,63,11
32,1000,151.730780743644,60,28
19,1000,90.5640793015171,77,58
95,1000,886.454367056759,99,4
35,1000,170.923053479394,67,32
86,1000,782.90756638909,89,3
9,1000,61.9311379896748,61,52
73,1000,611.290197198174,77,4
20,1000,94.1864244003146,68,48
9,1000,61.9311379896748,57,48
76,1000,654.000472236003,90,14
40,1000,207.987689782851,79,39
24,1000,110.312404860499,63,39
65,1000,495.534364490879,80,15
13,1000,71.8531985110972,94,81
28,1000,129.366145584782,67,39
68,1000,538.754391950154,73,5
57,1000,386.442928651778,84,27
52,1000,325.513318392641,78,26
38,1000,192.370035381126,54,16
27,1000,124.308672403649,73,46
20,1000,94.1864244003146,70,50
16,1000,80.5928730731785,95,79
74,1000,625.645161649607,91,17
60,1000,425.936165030342,75,15
37,1000,184.963272901178,80,43
27,1000,124.308672403649,74,47
38,1000,192.370035381126,77,39
26,1000,119.448403841297,80,54
72,1000,596.84846230079,93,21
82,1000,734.495791335444,82,0
43,1000,233.490678454607,91,48
46,1000,261.554069065366,85,39
89,1000,816.352098109029,89,0
56,1000,373.738194833723,72,16
60,1000,425.936165030342,76,16
56,1000,373.738194833723,67,11
98,1000,937.641614648526,98,0
25,1000,114.78347402896,85,60
35,1000,170.923053479394,72,37
52,1000,325.513318392641,60,8
91,1000,837.889325226866,92,1
17,1000,83.7704378937515,85,68
79,1000,695.271433977419,86,7
82,1000,734.495791335444,87,5
50,1000,303.044756929457,84,34
12,1000,69.1918432278306,67,55
99,1000,952.380952380952,99,0
35,1000,170.923053479394,74,39
23,1000,106.025339908229,87,64
41,1000,216.208094368535,80,39
68,1000,538.754391950154,79,11
87,1000,794.295140656917,94,7
59,1000,412.553192714143,86,27
82,1000,734.495791335444,86,4
26,1000,119.448403841297,87,61
19,1000,90.5640793015171,65,46
64,1000,481.315747338046,89,25
19,1000,90.5640793015171,63,44
32,1000,151.730780743644,74,42
21,1000,97.9666910015274,70,49
21,1000,97.9666910015274,47,26
5,1000,54.0213107058028,70,65
89,1000,816.352098109029,95,6
15,1000,77.5519314687994,89,74
7,1000,57.7105726582502,84,77
1,1000,48.4327791688962,74,73
4,1000,52.3858195895941,59,55
11,1000,66.650523531484,88,77
49,1000,292.238240731737,75,26
7,1000,57.7105726582502,90,83
81,1000,721.680528533244,83,2
7,1000,57.7105726582502,79,72
49,1000,292.238240731737,84,35
27,1000,124.308672403649,96,69
87,1000,794.295140656917,89,2
51,1000,314.136674975562,85,34
39,1000,200.044663280973,62,23
68,1000,538.754391950154,89,21
94,1000,872.437232532563,95,1
16,1000,80.5928730731785,98,82
29,1000,134.631557845425,87,58
86,1000,782.90756638909,87,1
14,1000,74.6408264925534,66,52
48,1000,281.719356771773,56,8
10,1000,64.2322754794971,58,48
32,1000,151.730780743644,69,37
17,1000,83.7704378937515,90,73
0,1000,64.6321731602545,81,81
26,1000,119.448403841297,89,63
72,1000,596.84846230079,82,10
30,1000,140.107720526217,72,42
78,1000,681.715224948003,90,12
51,1000,314.136674975562,81,30
62,1000,453.29066879585,88,26
21,1000,97.9666910015274,55,34
68,1000,538.754391950154,90,22
43,1000,233.490678454607,88,45
1,1000,48.4327791688962,87,86
88,1000,805.429425403583,99,11
98,1000,937.641614648526,99,1
8,1000,59.7592503545888,46,38
80,1000,708.599590064427,90,10
52,1000,325.513318392641,79,27
60,1000,425.936165030342,68,8
3,1000,50.902024453836,99,96
60,1000,425.936165030342,77,17
53,1000,337.169047269091,94,41
38,1000,192.370035381126,72,34
51,1000,314.136674975562,84,33
68,1000,538.754391950154,81,13
92,1000,848.797861871712,99,7
22,1000,101.91309654211,89,67
45,1000,251.912218949791,71,26
33,1000,157.885695990008,83,50
60,1000,425.936165030342,67,7
18,1000,87.0916713147551,76,58
76,1000,654.000472236003,87,11
36,1000,177.816654627415,87,51
13,1000,71.8531985110972,73,60
92,1000,848.797861871712,95,3
0,1000,64.6321731602545,80,80
15,1000,77.5519314687994,83,68
98,1000,937.641614648526,98,0
98,1000,937.641614648526,99,1
43,1000,233.490678454607,73,30
49,1000,292.238240731737,85,36
56,1000,373.738194833723,80,24
72,1000,596.84846230079,88,16
0,1000,64.6321731602545,77,77
90,1000,827.134227296251,93,3
29,1000,134.631557845425,92,63
68,1000,538.754391950154,89,21
32,1000,151.730780743644,73,41
17,1000,83.7704378937515,30,13
89,1000,816.352098109029,93,4
42,1000,224.70813086753,75,33
86,1000,782.90756638909,89,3
53,1000,337.169047269091,83,30
12,1000,69.1918432278306,68,56
3,1000,50.902024453836,20,17
22,1000,101.91309654211,75,53
47,1000,271.491915057168,65,18
65,1000,495.534364490879,74,9
58,1000,399.38653243056,80,22
48,1000,281.719356771773,83,35
45,1000,251.912218949791,85,40
57,1000,386.442928651778,57,0
26,1000,119.448403841297,86,60
4,1000,52.3858195895941,83,79
86,1000,782.90756638909,91,5
34,1000,164.284075191295,78,44
83,1000,747.034553555827,88,5
86,1000,782.90756638909,90,4
4,1000,52.3858195895941,46,42
66,1000,509.861356739568,83,17
87,1000,794.295140656917,88,1
61,1000,439.520758176637,69,8
35,1000,170.923053479394,82,47
43,1000,233.490678454607,98,55
97,1000,921.201845106509,97,0
28,1000,129.366145584782,61,33
41,1000,216.208094368535,83,42
25,1000,114.78347402896,81,56
85,1000,771.241077816393,86,1
67,1000,524.274758001231,89,22
22,1000,101.91309654211,73,51
7,1000,57.7105726582502,59,52
91,1000,837.889325226866,91,0
78,1000,681.715224948003,91,13
16,1000,80.5928730731785,72,56
8,1000,59.7592503545888,83,75
40,1000,207.987689782851,73,33
0,1000,64.6321731602545,96,96
49,1000,292.238240731737,87,38
26,1000,119.448403841297,88,62
57,1000,386.442928651778,86,29
97,1000,921.201845106509,97,0
40,1000,207.987689782851,82,42
6,1000,55.797023332652,95,89
55,1000,361.28526432121,98,43
21,1000,97.9666910015274,96,75
29,1000,134.631557845425,81,52
84,1000,759.284493221131,90,6
49,1000,292.238240731737,85,36
11,1000,66.650523531484,80,69
34,1000,164.284075191295,91,57
87,1000,794.295140656917,87,0
81,1000,721.680528533244,93,12
37,1000,184.963272901178,89,52
62,1000,453.29066879585,78,16
68,1000,538.754391950154,71,3
10,1000,64.2322754794971,69,59
75,1000,639.89066396963,78,3
77,1000,667.94957620734,79,2
87,1000,794.295140656917,87,0
43,1000,233.490678454607,86,43
10,1000,64.2322754794971,87,77
53,1000,337.169047269091,80,27
41,1000,216.208094368535,76,35
49,1000,292.238240731737,69,20
22,1000,101.91309654211,54,32
87,1000,794.295140656917,90,3
18,1000,87.0916713147551,91,73
95,1000,886.454367056759,95,0
18,1000,87.0916713147551,73,55
63,1000,467.228377485822,73,10
17,1000,83.7704378937515,68,51
99,1000,952.380952380952,99,0
26,1000,119.448403841297,70,44
21,1000,97.9666910015274,70,49
43,1000,233.490678454607,65,22
47,1000,271.491915057168,77,30
55,1000,361.28526432121,63,8
59,1000,412.553192714143,85,26
64,1000,481.315747338046,89,25
4,1000,52.3858195895941,37,33
49,1000,292.238240731737,90,41
39,1000,200.044663280973,80,41
10,1000,64.2322754794971,88,78
29,1000,134.631557845425,76,47
54,1000,349.093612290139,63,9
82,1000,734.495791335444,82,0
2,1000,49.5808926394038,26,24
17,1000,83.7704378937515,90,73
24,1000,110.312404860499,44,20
82,1000,734.495791335444,83,1
89,1000,816.352098109029,92,3
22,1000,101.91309654211,67,45
4,1000,52.3858195895941,53,49
39,1000,200.044663280973,71,32
8,1000,59.7592503545888,69,61
28,1000,129.366145584782,97,69
16,1000,80.5928730731785,88,72
48,1000,281.719356771773,92,44
99,1000,952.380952380952,99,0
20,1000,94.1864244003146,74,54
10,1000,64.2322754794971,77,67
46,1000,261.554069065366,87,41
1,1000,48.4327791688962,78,77
84,1000,759.284493221131,94,10
25,1000,114.78347402896,60,35
29,1000,134.631557845425,87,58
89,1000,816.352098109029,98,9
11,1000,66.650523531484,86,75
19,1000,90.5640793015171,61,42
15,1000,77.5519314687994,75,60
13,1000,71.8531985110972,88,75
36,1000,177.816654627415,87,51
92,1000,848.797861871712,97,5
32,1000,151.730780743644,89,57
60,1000,425.936165030342,80,20
63,1000,467.228377485822,73,10
33,1000,157.885695990008,47,14
10,1000,64.2322754794971,89,79
5,1000,54.0213107058028,72,67
86,1000,782.90756638909,86,0
11,1000,66.650523531484,59,48
49,1000,292.238240731737,70,21
84,1000,759.284493221131,84,0
3,1000,50.902024453836,68,65
51,1000,314.136674975562,58,7
1,1000,48.4327791688962,73,72
14,1000,74.6408264925534,75,61
64,1000,481.315747338046,69,5
1,1000,48.4327791688962,60,59
27,1000,124.308672403649,78,51
84,1000,759.284493221131,88,4
53,1000,337.169047269091,92,39
75,1000,639.89066396963,87,12
99,1000,952.380952380952,99,0
56,1000,373.738194833723,85,29
63,1000,467.228377485822,74,11
32,1000,151.730780743644,77,45
13,1000,71.8531985110972,82,69
82,1000,734.495791335444,94,12
30,1000,140.107720526217,78,48
78,1000,681.715224948003,91,13
91,1000,837.889325226866,94,3
14,1000,74.6408264925534,87,73
79,1000,695.271433977419,92,13
95,1000,886.454367056759,95,0
24,1000,110.312404860499,72,48
54,1000,349.093612290139,68,14
13,1000,71.8531985110972,80,67
78,1000,681.715224948003,79,1
76,1000,654.000472236003,82,6
63,1000,467.228377485822,94,31
67,1000,524.274758001231,87,20
17,1000,83.7704378937515,86,69
92,1000,848.797861871712,93,1
87,1000,794.295140656917,87,0
87,1000,794.295140656917,89,2
57,1000,386.442928651778,87,30
11,1000,66.650523531484,88,77
40,1000,207.987689782851,79,39
75,1000,639.89066396963,87,12
74,1000,625.645161649607,80,6
71,1000,582.349295657669,86,15
43,1000,233.490678454607,82,39
63,1000,467.228377485822,85,22
96,1000,903.601247423089,98,2
90,1000,827.134227296251,97,7
16,1000,80.5928730731785,92,76
80,1000,708.599590064427,95,15
18,1000,87.0916713147551,60,42
37,1000,184.963272901178,69,32
51,1000,314.136674975562,89,38
77,1000,667.94957620734,87,10
34,1000,164.284075191295,79,45
99,1000,952.380952380952,99,0
86,1000,782.90756638909,90,4
62,1000,453.29066879585,86,24
72,1000,596.84846230079,78,6
31,1000,145.806200289297,54,23
72,1000,596.84846230079,97,25
69,1000,553.277720852831,77,8
93,1000,860.154195390721,94,1
1,1000,48.4327791688962,70,69
59,1000,412.553192714143,67,8
45,1000,251.912218949791,81,36
45,1000,251.912218949791,91,46
97,1000,921.201845106509,97,0
36,1000,177.816654627415,87,51
9,1000,61.9311379896748,25,16
41,1000,216.208094368535,61,20
61,1000,439.520758176637,73,12
61,1000,439.520758176637,74,13
77,1000,667.94957620734,85,8
90,1000,827.134227296251,90,0
33,1000,157.885695990008,55,22
52,1000,325.513318392641,60,8
39,1000,200.044663280973,93,54
82,1000,734.495791335444,91,9
33,1000,157.885695990008,83,50
16,1000,80.5928730731785,73,57
3,1000,50.902024453836,72,69
35,1000,170.923053479394,87,52
59,1000,412.553192714143,90,31
2,1000,49.5808926394038,69,67
29,1000,134.631557845425,89,60
17,1000,83.7704378937515,56,39
60,1000,425.936165030342,91,31
70,1000,567.816158564411,85,15
8,1000,59.7592503545888,90,82
24,1000,110.312404860499,87,63
87,1000,794.295140656917,89,2
32,1000,151.730780743644,83,51
57,1000,386.442928651778,76,19
87,1000,794.295140656917,87,0
64,1000,481.315747338046,82,18
73,1000,611.290197198174,82,9
59,1000,412.553192714143,81,22
49,1000,292.238240731737,76,27
85,1000,771.241077816393,89,4
68,1000,538.754391950154,79,11
31,1000,145.806200289297,73,42
97,1000,921.201845106509,98,1
61,1000,439.520758176637,65,4
9,1000,61.9311379896748,83,74
2,1000,49.5808926394038,85,83
27,1000,124.308672403649,56,29
23,1000,106.025339908229,89,66
39,1000,200.044663280973,77,38
56,1000,373.738194833723,78,22
92,1000,848.797861871712,93,1
39,1000,200.044663280973,63,24
1,1000,48.4327791688962,68,67
47,1000,271.491915057168,82,35
87,1000,794.295140656917,96,9
86,1000,782.90756638909,86,0
89,1000,816.352098109029,89,0
9,1000,61.9311379896748,73,64
34,1000,164.284075191295,95,61
56,1000,373.738194833723,91,35
32,1000,151.730780743644,90,58
48,1000,281.719356771773,90,42
11,1000,66.650523531484,57,46
76,1000,654.000472236003,78,2
47,1000,271.491915057168,92,45
23,1000,106.025339908229,42,19
95,1000,886.454367056759,95,0
21,1000,97.9666910015274,66,45
66,1000,509.861356739568,77,11
53,1000,337.169047269091,86,33
97,1000,921.201845106509,98,1
45,1000,251.912218949791,89,44
48,1000,281.719356771773,86,38
62,1000,453.29066879585,80,18
76,1000,654.000472236003,81,5
0,1000,64.6321731602545,83,83
51,1000,314.136674975562,69,18
27,1000,124.308672403649,91,64
54,1000,349.093612290139,81,27
41,1000,216.208094368535,70,29
43,1000,233.490678454607,74,31
9,1000,61.9311379896748,71,62
60,1000,425.936165030342,77,17
7,1000,57.7105726582502,85,78
76,1000,654.000472236003,78,2
77,1000,667.94957620734,77,0
56,1000,373.738194833723,68,12
42,1000,224.70813086753,63,21
15,1000,77.5519314687994,65,50
9,1000,61.9311379896748,86,77
42,1000,224.70813086753,54,12
5,1000,54.0213107058028,91,86
77,1000,667.94957620734,77,0
32,1000,151.730780743644,85,53
84,1000,759.284493221131,85,1
14,1000,74.6408264925534,90,76
1,1000,48.4327791688962,74,73
29,1000,134.631557845425,79,50
46,1000,261.554069065366,83,37
77,1000,667.94957620734,82,5
68,1000,538.754391950154,96,28
0,1000,64.6321731602545,55,55
25,1000,114.78347402896,81,56
13,1000,71.8531985110972,70,57
50,1000,303.044756929457,91,41
84,1000,759.284493221131,89,5
43,1000,233.490678454607,80,37
24,1000,110.312404860499,80,56
3,1000,50.902024453836,18,15
80,1000,708.599590064427,84,4
65,1000,495.534364490879,77,12
57,1000,386.442928651778,81,24
15,1000,77.5519314687994,74,59
80,1000,708.599590064427,82,2
41,1000,216.208094368535,83,42
89,1000,816.352098109029,96,7
81,1000,721.680528533244,90,9
44,1000,242.559618981515,86,42
14,1000,74.6408264925534,66,52
50,1000,303.044756929457,82,32
93,1000,860.154195390721,98,5
25,1000,114.78347402896,70,45
49,1000,292.238240731737,86,37
82,1000,734.495791335444,83,1
97,1000,921.201845106509,97,0
74,1000,625.645161649607,79,5
1,1000,48.4327791688962,77,76
7,1000,57.7105726582502,71,64
65,1000,495.534364490879,79,14
98,1000,937.641614648526,98,0
63,1000,467.228377485822,81,18
90,1000,827.134227296251,93,3
56,1000,373.738194833723,84,28
57,1000,386.442928651778,77,20
87,1000,794.295140656917,88,1
15,1000,77.5519314687994,83,68
23,1000,106.025339908229,92,69
45,1000,251.912218949791,61,16
24,1000,110.312404860499,80,56
77,1000,667.94957620734,84,7
84,1000,759.284493221131,99,15
4,1000,52.3858195895941,84,80
71,1000,582.349295657669,82,11
25,1000,114.78347402896,56,31
54,1000,349.093612290139,69,15
57,1000,386.442928651778,89,32
0,1000,64.6321731602545,29,29
76,1000,654.000472236003,79,3
55,1000,361.28526432121,73,18
79,1000,695.271433977419,84,5
17,1000,83.7704378937515,86,69
7,1000,57.7105726582502,80,73
78,1000,681.715224948003,88,10
62,1000,453.29066879585,86,24
14,1000,74.6408264925534,64,50
23,1000,106.025339908229,75,52
62,1000,453.29066879585,89,27
93,1000,860.154195390721,94,1
76,1000,654.000472236003,89,13
86,1000,782.90756638909,88,2
88,1000,805.429425403583,91,3
38,1000,192.370035381126,78,40
16,1000,80.5928730731785,90,74
45,1000,251.912218949791,82,37
18,1000,87.0916713147551,74,56
46,1000,261.554069065366,96,50
80,1000,708.599590064427,81,1
6,1000,55.797023332652,76,70
77,1000,667.94957620734,81,4
7,1000,57.7105726582502,42,35
14,1000,74.6408264925534,72,58
13,1000,71.8531985110972,78,65
85,1000,771.241077816393,85,0
82,1000,734.495791335444,84,2
64,1000,481.315747338046,98,34
65,1000,495.534364490879,79,14
44,1000,242.559618981515,81,37
90,1000,827.134227296251,96,6
66,1000,509.861356739568,80,14
79,1000,695.271433977419,83,4
28,1000,129.366145584782,79,51
4,1000,52.3858195895941,70,66
1,1000,48.4327791688962,88,87
35,1000,170.923053479394,97,62
10,1000,64.2322754794971,90,80
37,1000,184.963272901178,74,37
0,1000,64.6321731602545,74,74
66,1000,509.861356739568,92,26
94,1000,872.437232532563,98,4
85,1000,771.241077816393,90,5
43,1000,233.490678454607,54,11
56,1000,373.738194833723,77,21
55,1000,361.28526432121,83,28
37,1000,184.963272901178,72,35
95,1000,886.454367056759,95,0
25,1000,114.78347402896,62,37
12,1000,69.1918432278306,82,70
36,1000,177.816654627415,64,28
50,1000,303.044756929457,83,33
53,1000,337.169047269091,85,32
56,1000,373.738194833723,83,27
26,1000,119.448403841297,75,49
1,1000,48.4327791688962,90,89
40,1000,207.987689782851,62,22
23,1000,106.025339908229,62,39
79,1000,695.271433977419,93,14
58,1000,399.38653243056,78,20
49,1000,292.238240731737,84,35
27,1000,124.308672403649,81,54
12,1000,69.1918432278306,67,55
35,1000,170.923053479394,89,54
85,1000,771.241077816393,87,2
39,1000,200.044663280973,97,58
62,1000,453.29066879585,82,20
67,1000,524.274758001231,87,20
54,1000,349.093612290139,91,37
97,1000,921.201845106509,99,2
66,1000,509.861356739568,74,8
8,1000,59.7592503545888,83,75
17,1000,83.7704378937515,49,32
98,1000,937.641614648526,98,0
68,1000,538.754391950154,77,9
26,1000,119.448403841297,80,54
55,1000,361.28526432121,93,38
4,1000,52.3858195895941,91,87
37,1000,184.963272901178,67,30
78,1000,681.715224948003,81,3
29,1000,134.631557845425,79,50
84,1000,759.284493221131,90,6
52,1000,325.513318392641,84,32
76,1000,654.000472236003,82,6
73,1000,611.290197198174,78,5
7,1000,57.7105726582502,80,73
53,1000,337.169047269091,82,29
56,1000,373.738194833723,64,8
72,1000,596.84846230079,87,15
51,1000,314.136674975562,77,26
27,1000,124.308672403649,51,24
73,1000,611.290197198174,79,6
26,1000,119.448403841297,84,58
85,1000,771.241077816393,93,8
91,1000,837.889325226866,98,7
56,1000,373.738194833723,83,27
10,1000,64.2322754794971,71,61
54,1000,349.093612290139,83,29
39,1000,200.044663280973,75,36
95,1000,886.454367056759,99,4
49,1000,292.238240731737,77,28
97,1000,921.201845106509,98,1
6,1000,55.797023332652,59,53
1,1000,48.4327791688962,76,75
90,1000,827.134227296251,93,3
63,1000,467.228377485822,68,5
27,1000,124.308672403649,56,29
54,1000,349.093612290139,74,20
6,1000,55.797023332652,72,66
74,1000,625.645161649607,80,6
23,1000,106.025339908229,68,45
21,1000,97.9666910015274,60,39
11,1000,66.650523531484,49,38
5,1000,54.0213107058028,91,86
37,1000,184.963272901178,53,16
47,1000,271.491915057168,77,30
95,1000,886.454367056759,96,1
82,1000,734.495791335444,85,3
51,1000,314.136674975562,80,29
41,1000,216.208094368535,83,42
2,1000,49.5808926394038,81,79
80,1000,708.599590064427,87,7
76,1000,654.000472236003,83,7
18,1000,87.0916713147551,72,54
56,1000,373.738194833723,97,41
94,1000,872.437232532563,96,2
3,1000,50.902024453836,86,83
24,1000,110.312404860499,64,40
42,1000,224.70813086753,92,50
45,1000,251.912218949791,57,12
99,1000,952.380952380952,99,0
54,1000,349.093612290139,79,25
73,1000,611.290197198174,75,2
51,1000,314.136674975562,68,17
3,1000,50.902024453836,22,19
71,1000,582.349295657669,74,3
78,1000,681.715224948003,85,7
69,1000,553.277720852831,88,19
58,1000,399.38653243056,85,27
56,1000,373.738194833723,83,27
32,1000,151.730780743644,68,36
74,1000,625.645161649607,76,2
0,1000,64.6321731602545,84,84
97,1000,921.201845106509,97,0
20,1000,94.1864244003146,92,72
60,1000,425.936165030342,68,8
33,1000,157.885695990008,91,58
34,1000,164.284075191295,63,29
99,1000,952.380952380952,99,0
22,1000,101.91309654211,35,13
84,1000,759.284493221131,87,3
62,1000,453.29066879585,74,12
83,1000,747.034553555827,83,0
63,1000,467.228377485822,79,16
48,1000,281.719356771773,95,47
77,1000,667.94957620734,85,8
65,1000,495.534364490879,67,2
97,1000,921.201845106509,97,0
67,1000,524.274758001231,91,24
52,1000,325.513318392641,84,32
71,1000,582.349295657669,85,14
23,1000,106.025339908229,78,55
90,1000,827.134227296251,91,1
50,1000,303.044756929457,92,42
62,1000,453.29066879585,86,24
21,1000,97.9666910015274,79,58
65,1000,495.534364490879,68,3
18,1000,87.0916713147551,71,53
66,1000,509.861356739568,69,3
28,1000,129.366145584782,84,56
51,1000,314.136674975562,98,47
92,1000,848.797861871712,97,5
93,1000,860.154195390721,97,4
11,1000,66.650523531484,76,65
4,1000,52.3858195895941,91,87
69,1000,553.277720852831,93,24
20,1000,94.1864244003146,61,41
43,1000,233.490678454607,47,4
22,1000,101.91309654211,69,47
96,1000,903.601247423089,97,1
90,1000,827.134227296251,91,1
10,1000,64.2322754794971,80,70
29,1000,134.631557845425,85,56
38,1000,192.370035381126,84,46
70,1000,567.816158564411,71,1
51,1000,314.136674975562,81,30
53,1000,337.169047269091,84,31
32,1000,151.730780743644,80,48
43,1000,233.490678454607,64,21
6,1000,55.797023332652,75,69
67,1000,524.274758001231,80,13
83,1000,747.034553555827,84,1
83,1000,747.034553555827,87,4
24,1000,110.312404860499,61,37
41,1000,216.208094368535,75,34
10,1000,64.2322754794971,65,55
17,1000,83.7704378937515,65,48
27,1000,124.308672403649,76,49
95,1000,886.454367056759,97,2
41,1000,216.208094368535,87,46
56,1000,373.738194833723,85,29
82,1000,734.495791335444,84,2
2,1000,49.5808926394038,79,77
73,1000,611.290197198174,78,5
14,1000,74.6408264925534,96,82
25,1000,114.78347402896,70,45
13,1000,71.8531985110972,81,68
43,1000,233.490678454607,73,30
90,1000,827.134227296251,95,5
69,1000,553.277720852831,85,16
26,1000,119.448403841297,51,25
64,1000,481.315747338046,94,30
60,1000,425.936165030342,77,17
6,1000,55.797023332652,77,71
37,1000,184.963272901178,45,8
20,1000,94.1864244003146,62,42
39,1000,200.044663280973,83,44
64,1000,481.315747338046,78,14
27,1000,124.308672403649,78,51
79,1000,695.271433977419,82,3
54,1000,349.093612290139,61,7
36,1000,177.816654627415,69,33
93,1000,860.154195390721,93,0
12,1000,69.1918432278306,76,64
36,1000,177.816654627415,89,53
5,1000,54.0213107058028,97,92
23,1000,106.025339908229,85,62
12,1000,69.1918432278306,78,66
91,1000,837.889325226866,94,3
77,1000,667.94957620734,78,1
27,1000,124.308672403649,59,32
97,1000,921.201845106509,97,0
29,1000,134.631557845425,90,61
74,1000,625.645161649607,82,8
78,1000,681.715224948003,88,10
35,1000,170.923053479394,88,53
96,1000,903.601247423089,96,0
99,1000,952.380952380952,99,0
64,1000,481.315747338046,86,22
56,1000,373.738194833723,78,22
54,1000,349.093612290139,68,14
18,1000,87.0916713147551,80,62
88,1000,805.429425403583,92,4
11,1000,66.650523531484,85,74
28,1000,129.366145584782,67,39
53,1000,337.169047269091,81,28
58,1000,399.38653243056,78,20
27,1000,124.308672403649,98,71
98,1000,937.641614648526,98,0
72,1000,596.84846230079,81,9
98,1000,937.641614648526,98,0
53,1000,337.169047269091,73,20
43,1000,233.490678454607,86,43
5,1000,54.0213107058028,86,81
51,1000,314.136674975562,77,26
22,1000,101.91309654211,66,44
73,1000,611.290197198174,81,8
59,1000,412.553192714143,79,20
60,1000,425.936165030342,86,26
75,1000,639.89066396963,83,8
31,1000,145.806200289297,80,49
10,1000,64.2322754794971,90,80
88,1000,805.429425403583,89,1
8,1000,59.7592503545888,79,71
5,1000,54.0213107058028,85,80
56,1000,373.738194833723,61,5
24,1000,110.312404860499,66,42
60,1000,425.936165030342,91,31
91,1000,837.889325226866,93,2
39,1000,200.044663280973,42,3
38,1000,192.370035381126,84,46
10,1000,64.2322754794971,56,46
69,1000,553.277720852831,77,8
8,1000,59.7592503545888,80,72
94,1000,872.437232532563,94,0
35,1000,170.923053479394,76,41
43,1000,233.490678454607,51,8
92,1000,848.797861871712,94,2
4,1000,52.3858195895941,87,83
11,1000,66.650523531484,74,63
31,1000,145.806200289297,79,48
57,1000,386.442928651778,75,18
5,1000,54.0213107058028,51,46
5,1000,54.0213107058028,77,72
24,1000,110.312404860499,56,32
63,1000,467.228377485822,76,13
3,1000,50.902024453836,74,71
83,1000,747.034553555827,88,5
80,1000,708.599590064427,81,1
42,1000,224.70813086753,87,45
4,1000,52.3858195895941,64,60
50,1000,303.044756929457,98,48
29,1000,134.631557845425,95,66
23,1000,106.025339908229,70,47
31,1000,145.806200289297,92,61
35,1000,170.923053479394,85,50
79,1000,695.271433977419,89,10
37,1000,184.963272901178,70,33
91,1000,837.889325226866,91,0
37,1000,184.963272901178,53,16
59,1000,412.553192714143,92,33
79,1000,695.271433977419,82,3
15,1000,77.5519314687994,84,69
38,1000,192.370035381126,51,13
54,1000,349.093612290139,72,18
68,1000,538.754391950154,81,13
19,1000,90.5640793015171,77,58
43,1000,233.490678454607,63,20
67,1000,524.274758001231,67,0
9,1000,61.9311379896748,66,57
33,1000,157.885695990008,90,57
34,1000,164.284075191295,79,45
78,1000,681.715224948003,78,0
63,1000,467.228377485822,86,23
99,1000,952.380952380952,99,0
98,1000,937.641614648526,98,0
97,1000,921.201845106509,97,0
54,1000,349.093612290139,89,35
11,1000,66.650523531484,70,59
76,1000,654.000472236003,81,5
96,1000,903.601247423089,99,3
42,1000,224.70813086753,80,38
69,1000,553.277720852831,92,23
44,1000,242.559618981515,53,9
15,1000,77.5519314687994,70,55
33,1000,157.885695990008,53,20
0,1000,64.6321731602545,56,56
53,1000,337.169047269091,95,42
47,1000,271.491915057168,87,40
30,1000,140.107720526217,68,38
30,1000,140.107720526217,98,68
82,1000,734.495791335444,83,1
65,1000,495.534364490879,94,29
29,1000,134.631557845425,80,51
79,1000,695.271433977419,80,1
86,1000,782.90756638909,86,0
17,1000,83.7704378937515,65,48
22,1000,101.91309654211,78,56
14,1000,74.6408264925534,71,57
67,1000,524.274758001231,96,29
44,1000,242.559618981515,92,48
90,1000,827.134227296251,97,7
75,1000,639.89066396963,91,16
39,1000,200.044663280973,73,34
92,1000,848.797861871712,92,0
8,1000,59.7592503545888,90,82
51,1000,314.136674975562,84,33
58,1000,399.38653243056,82,24
59,1000,412.553192714143,75,16
62,1000,453.29066879585,92,30
48,1000,281.719356771773,96,48
80,1000,708.599590064427,95,15
63,1000,467.228377485822,93,30
82,1000,734.495791335444,84,2
83,1000,747.034553555827,84,1
17,1000,83.7704378937515,54,37
95,1000,886.454367056759,95,0
48,1000,281.719356771773,68,20
22,1000,101.91309654211,52,30
95,1000,886.454367056759,97,2
20,1000,94.1864244003146,76,56
24,1000,110.312404860499,70,46
67,1000,524.274758001231,72,5
61,1000,439.520758176637,77,16
93,1000,860.154195390721,95,2
3,1000,50.902024453836,77,74
88,1000,805.429425403583,91,3
98,1000,937.641614648526,99,1
24,1000,110.312404860499,71,47
81,1000,721.680528533244,88,7
72,1000,596.84846230079,96,24
4,1000,52.3858195895941,73,69
73,1000,611.290197198174,89,16
36,1000,177.816654627415,78,42
26,1000,119.448403841297,86,60
74,1000,625.645161649607,88,14
34,1000,164.284075191295,74,40
26,1000,119.448403841297,71,45
6,1000,55.797023332652,93,87
39,1000,200.044663280973,80,41
2,1000,49.5808926394038,88,86
94,1000,872.437232532563,96,2
66,1000,509.861356739568,78,12
16,1000,80.5928730731785,96,80
30,1000,140.107720526217,81,51
83,1000,747.034553555827,83,0
74,1000,625.645161649607,95,21
20,1000,94.1864244003146,74,54
14,1000,74.6408264925534,23,9
1,1000,48.4327791688962,93,92
4,1000,52.3858195895941,65,61
66,1000,509.861356739568,79,13
1,1000,48.4327791688962,61,60
29,1000,134.631557845425,76,47
11,1000,66.650523531484,79,68
66,1000,509.861356739568,78,12
92,1000,848.797861871712,99,7
23,1000,106.025339908229,54,31
6,1000,55.797023332652,83,77
69,1000,553.277720852831,80,11
22,1000,101.91309654211,91,69
60,1000,425.936165030342,84,24
27,1000,124.308672403649,47,20
26,1000,119.448403841297,83,57
19,1000,90.5640793015171,65,46
49,1000,292.238240731737,94,45
13,1000,71.8531985110972,74,61
26,1000,119.448403841297,87,61
0,1000,64.6321731602545,82,82
64,1000,481.315747338046,90,26
76,1000,654.000472236003,87,11
54,1000,349.093612290139,71,17
4,1000,52.3858195895941,68,64
50,1000,303.044756929457,67,17
66,1000,509.861356739568,80,14
73,1000,611.290197198174,82,9
46,1000,261.554069065366,66,20
93,1000,860.154195390721,97,4
60,1000,425.936165030342,94,34
44,1000,242.559618981515,73,29
51,1000,314.136674975562,78,27
35,1000,170.923053479394,82,47
54,1000,349.093612290139,89,35
50,1000,303.044756929457,81,31
41,1000,216.208094368535,90,49
69,1000,553.277720852831,80,11
57,1000,386.442928651778,79,22
36,1000,177.816654627415,85,49
56,1000,373.738194833723,66,10
99,1000,952.380952380952,99,0
83,1000,747.034553555827,84,1
66,1000,509.861356739568,80,14
32,1000,151.730780743644,82,50
64,1000,481.315747338046,86,22
96,1000,903.601247423089,97,1
81,1000,721.680528533244,87,6
65,1000,495.534364490879,69,4
19,1000,90.5640793015171,62,43
29,1000,134.631557845425,82,53
63,1000,467.228377485822,77,14
75,1000,639.89066396963,82,7
85,1000,771.241077816393,87,2
29,1000,134.631557845425,91,62
71,1000,582.349295657669,73,2
36,1000,177.816654627415,88,52
69,1000,553.277720852831,78,9
87,1000,794.295140656917,91,4
18,1000,87.0916713147551,77,59
69,1000,553.277720852831,74,5
4,1000,52.3858195895941,72,68
57,1000,386.442928651778,98,41
5,1000,54.0213107058028,73,68
6,1000,55.797023332652,68,62
20,1000,94.1864244003146,86,66
73,1000,611.290197198174,96,23
15,1000,77.5519314687994,76,61
94,1000,872.437232532563,95,1
37,1000,184.963272901178,66,29
2,1000,49.5808926394038,89,87
46,1000,261.554069065366,57,11
83,1000,747.034553555827,85,2
89,1000,816.352098109029,91,2
43,1000,233.490678454607,84,41
62,1000,453.29066879585,73,11
8,1000,59.7592503545888,72,64
4,1000,52.3858195895941,75,71
99,1000,952.380952380952,99,0
9,1000,61.9311379896748,76,67
39,1000,200.044663280973,85,46
15,1000,77.5519314687994,96,81
46,1000,261.554069065366,78,32
9,1000,61.9311379896748,87,78
78,1000,681.715224948003,78,0
7,1000,57.7105726582502,88,81
83,1000,747.034553555827,86,3
76,1000,654.000472236003,80,4
6,1000,55.797023332652,88,82
9,1000,61.9311379896748,22,13
87,1000,794.295140656917,87,0
5,1000,54.0213107058028,76,71
93,1000,860.154195390721,95,2
16,1000,80.5928730731785,68,52
59,1000,412.553192714143,59,0
0,1000,64.6321731602545,72,72
86,1000,782.90756638909,96,10
71,1000,582.349295657669,92,21
85,1000,771.241077816393,99,14
18,1000,87.0916713147551,81,63
30,1000,140.107720526217,71,41
56,1000,373.738194833723,96,40
57,1000,386.442928651778,88,31
66,1000,509.861356739568,79,13
40,1000,207.987689782851,62,22
84,1000,759.284493221131,92,8
18,1000,87.0916713147551,78,60
47,1000,271.491915057168,67,20
44,1000,242.559618981515,85,41
38,1000,192.370035381126,78,40
70,1000,567.816158564411,84,14
8,1000,59.7592503545888,81,73
39,1000,200.044663280973,65,26
54,1000,349.093612290139,69,15
2,1000,49.5808926394038,72,70
73,1000,611.290197198174,83,10
1,1000,48.4327791688962,53,52
21,1000,97.9666910015274,50,29
79,1000,695.271433977419,87,8
41,1000,216.208094368535,66,25
76,1000,654.000472236003,89,13
89,1000,816.352098109029,92,3
71,1000,582.349295657669,89,18
43,1000,233.490678454607,56,13
93,1000,860.154195390721,96,3
17,1000,83.7704378937515,45,28
66,1000,509.861356739568,80,14
24,1000,110.312404860499,74,50
74,1000,625.645161649607,78,4
45,1000,251.912218949791,49,4
55,1000,361.28526432121,83,28
39,1000,200.044663280973,60,21
27,1000,124.308672403649,82,55
56,1000,373.738194833723,76,20
40,1000,207.987689782851,88,48
44,1000,242.559618981515,91,47
66,1000,509.861356739568,74,8
51,1000,314.136674975562,69,18
44,1000,242.559618981515,47,3
45,1000,251.912218949791,78,33
41,1000,216.208094368535,82,41
77,1000,667.94957620734,98,21
1,1000,48.4327791688962,86,85
48,1000,281.719356771773,90,42
67,1000,524.274758001231,82,15
7,1000,57.7105726582502,86,79
70,1000,567.816158564411,73,3
18,1000,87.0916713147551,80,62
55,1000,361.28526432121,86,31
34,1000,164.284075191295,68,34
4,1000,52.3858195895941,81,77
68,1000,538.754391950154,68,0
96,1000,903.601247423089,98,2
84,1000,759.284493221131,85,1
26,1000,119.448403841297,79,53
19,1000,90.5640793015171,77,58
99,1000,952.380952380952,99,0
48,1000,281.719356771773,77,29
51,1000,314.136674975562,92,41
11,1000,66.650523531484,79,68
20,1000,94.1864244003146,85,65
22,1000,101.91309654211,79,57
66,1000,509.861356739568,74,8
83,1000,747.034553555827,85,2
83,1000,747.034553555827,85,2
84,1000,759.284493221131,85,1
7,1000,57.7105726582502,68,61
75,1000,639.89066396963,84,9
42,1000,224.70813086753,73,31
82,1000,734.495791335444,96,14
64,1000,481.315747338046,73,9
16,1000,80.5928730731785,83,67
22,1000,101.91309654211,86,64
2,1000,49.5808926394038,53,51
68,1000,538.754391950154,86,18
28,1000,129.366145584782,93,65
47,1000,271.491915057168,78,31
15,1000,77.5519314687994,81,66
28,1000,129.366145584782,45,17
77,1000,667.94957620734,97,20
73,1000,611.290197198174,78,5
25,1000,114.78347402896,45,20
63,1000,467.228377485822,89,26
0,1000,64.6321731602545,36,36
54,1000,349.093612290139,96,42
36,1000,177.816654627415,65,29
35,1000,170.923053479394,69,34
75,1000,639.89066396963,91,16
6,1000,55.797023332652,51,45
4,1000,52.3858195895941,57,53
16,1000,80.5928730731785,75,59
89,1000,816.352098109029,96,7
29,1000,134.631557845425,76,47
34,1000,164.284075191295,80,46
64,1000,481.315747338046,74,10
96,1000,903.601247423089,99,3
98,1000,937.641614648526,98,0
55,1000,361.28526432121,64,9
34,1000,164.284075191295,70,36
63,1000,467.228377485822,69,6
21,1000,97.9666910015274,53,32
26,1000,119.448403841297,58,32
61,1000,439.520758176637,64,3
65,1000,495.534364490879,89,24
61,1000,439.520758176637,93,32
73,1000,611.290197198174,77,4
80,1000,708.599590064427,85,5
19,1000,90.5640793015171,75,56
55,1000,361.28526432121,93,38
10,1000,64.2322754794971,91,81
44,1000,242.559618981515,72,28
33,1000,157.885695990008,85,52
16,1000,80.5928730731785,18,2
77,1000,667.94957620734,82,5
71,1000,582.349295657669,84,13
45,1000,251.912218949791,67,22
57,1000,386.442928651778,68,11
62,1000,453.29066879585,93,31
35,1000,170.923053479394,82,47
66,1000,509.861356739568,73,7
88,1000,805.429425403583,97,9
54,1000,349.093612290139,72,18
37,1000,184.963272901178,79,42
15,1000,77.5519314687994,70,55
19,1000,90.5640793015171,82,63
49,1000,292.238240731737,63,14
24,1000,110.312404860499,87,63
46,1000,261.554069065366,59,13
95,1000,886.454367056759,97,2
38,1000,192.370035381126,83,45
94,1000,872.437232532563,94,0
83,1000,747.034553555827,91,8
77,1000,667.94957620734,82,5
84,1000,759.284493221131,86,2
21,1000,97.9666910015274,56,35
86,1000,782.90756638909,91,5
50,1000,303.044756929457,55,5
27,1000,124.308672403649,81,54
71,1000,582.349295657669,88,17
69,1000,553.277720852831,71,2
43,1000,233.490678454607,74,31
61,1000,439.520758176637,76,15
41,1000,216.208094368535,78,37
50,1000,303.044756929457,91,41
56,1000,373.738194833723,72,16
9,1000,61.9311379896748,84,75
19,1000,90.5640793015171,81,62
88,1000,805.429425403583,88,0
25,1000,114.78347402896,53,28
84,1000,759.284493221131,87,3
59,1000,412.553192714143,71,12
8,1000,59.7592503545888,86,78
50,1000,303.044756929457,55,5
7,1000,57.7105726582502,53,46
12,1000,69.1918432278306,94,82
88,1000,805.429425403583,94,6
80,1000,708.599590064427,84,4
29,1000,134.631557845425,97,68
6,1000,55.797023332652,75,69
62,1000,453.29066879585,73,11
0,1000,64.6321731602545,60,60
13,1000,71.8531985110972,69,56
78,1000,681.715224948003,84,6
55,1000,361.28526432121,75,20
63,1000,467.228377485822,89,26
80,1000,708.599590064427,89,9
5,1000,54.0213107058028,91,86
36,1000,177.816654627415,89,53
55,1000,361.28526432121,86,31
11,1000,66.650523531484,71,60
48,1000,281.719356771773,73,25
80,1000,708.599590064427,81,1
66,1000,509.861356739568,89,23
99,1000,952.380952380952,99,0
1,1000,48.4327791688962,72,71
81,1000,721.680528533244,95,14
15,1000,77.5519314687994,81,66
8,1000,59.7592503545888,65,57
30,1000,140.107720526217,70,40
62,1000,453.29066879585,77,15
4,1000,52.3858195895941,88,84
92,1000,848.797861871712,94,2
67,1000,524.274758001231,94,27
35,1000,170.923053479394,87,52
19,1000,90.5640793015171,94,75
98,1000,937.641614648526,98,0
79,1000,695.271433977419,94,15
71,1000,582.349295657669,88,17
20,1000,94.1864244003146,81,61
87,1000,794.295140656917,87,0
46,1000,261.554069065366,78,32
86,1000,782.90756638909,96,10
56,1000,373.738194833723,80,24
37,1000,184.963272901178,65,28
16,1000,80.5928730731785,50,34
10,1000,64.2322754794971,59,49
78,1000,681.715224948003,85,7
54,1000,349.093612290139,75,21
13,1000,71.8531985110972,54,41
55,1000,361.28526432121,88,33
47,1000,271.491915057168,64,17
93,1000,860.154195390721,97,4
10,1000,64.2322754794971,98,88
91,1000,837.889325226866,91,0
35,1000,170.923053479394,71,36
67,1000,524.274758001231,86,19
16,1000,80.5928730731785,76,60
91,1000,837.889325226866,93,2
15,1000,77.5519314687994,71,56
24,1000,110.312404860499,77,53
78,1000,681.715224948003,79,1
54,1000,349.093612290139,91,37
59,1000,412.553192714143,87,28
74,1000,625.645161649607,78,4
95,1000,886.454367056759,96,1
93,1000,860.154195390721,96,3
35,1000,170.923053479394,73,38
68,1000,538.754391950154,80,12
60,1000,425.936165030342,72,12
82,1000,734.495791335444,86,4
55,1000,361.28526432121,81,26
65,1000,495.534364490879,83,18
13,1000,71.8531985110972,81,68
34,1000,164.284075191295,67,33
35,1000,170.923053479394,71,36
77,1000,667.94957620734,83,6
41,1000,216.208094368535,66,25
76,1000,654.000472236003,78,2
53,1000,337.169047269091,75,22
35,1000,170.923053479394,85,50
55,1000,361.28526432121,79,24
13,1000,71.8531985110972,63,50
39,1000,200.044663280973,82,43
81,1000,721.680528533244,86,5
74,1000,625.645161649607,90,16
10,1000,64.2322754794971,86,76
48,1000,281.719356771773,89,41
24,1000,110.312404860499,89,65
60,1000,425.936165030342,66,6
8,1000,59.7592503545888,83,75
8,1000,59.7592503545888,74,66
49,1000,292.238240731737,72,23
18,1000,87.0916713147551,62,44
84,1000,759.284493221131,87,3
41,1000,216.208094368535,77,36
75,1000,639.89066396963,87,12
20,1000,94.1864244003146,81,61
99,1000,952.380952380952,99,0
7,1000,57.7105726582502,75,68
44,1000,242.559618981515,72,28
27,1000,124.308672403649,34,7
19,1000,90.5640793015171,86,67
6,1000,55.797023332652,42,36
38,1000,192.370035381126,93,55
41,1000,216.208094368535,88,47
9,1000,61.9311379896748,80,71
10,1000,64.2322754794971,47,37
34,1000,164.284075191295,82,48
13,1000,71.8531985110972,79,66
4,1000,52.3858195895941,78,74
82,1000,734.495791335444,89,7
79,1000,695.271433977419,84,5
28,1000,129.366145584782,82,54
44,1000,242.559618981515,70,26
73,1000,611.290197198174,85,12
12,1000,69.1918432278306,74,62
67,1000,524.274758001231,79,12
75,1000,639.89066396963,89,14
95,1000,886.454367056759,95,0
98,1000,937.641614648526,99,1
47,1000,271.491915057168,68,21
40,1000,207.987689782851,88,48
35,1000,170.923053479394,81,46
94,1000,872.437232532563,98,4
66,1000,509.861356739568,85,19
76,1000,654.000472236003,85,9
71,1000,582.349295657669,85,14
7,1000,57.7105726582502,79,72
33,1000,157.885695990008,79,46
78,1000,681.715224948003,84,6
95,1000,886.454367056759,97,2
4,1000,52.3858195895941,85,81
21,1000,97.9666910015274,70,49
59,1000,412.553192714143,88,29
10,1000,64.2322754794971,61,51
44,1000,242.559618981515,73,29
23,1000,106.025339908229,60,37
73,1000,611.290197198174,80,7
10,1000,64.2322754794971,67,57
45,1000,251.912218949791,77,32
57,1000,386.442928651778,77,20
29,1000,134.631557845425,84,55
21,1000,97.9666910015274,87,66
28,1000,129.366145584782,82,54
58,1000,399.38653243056,67,9
30,1000,140.107720526217,84,54
27,1000,124.308672403649,83,56
42,1000,224.70813086753,83,41
16,1000,80.5928730731785,74,58
17,1000,83.7704378937515,71,54
82,1000,734.495791335444,95,13
16,1000,80.5928730731785,54,38
89,1000,816.352098109029,96,7
37,1000,184.963272901178,87,50
16,1000,80.5928730731785,76,60
47,1000,271.491915057168,53,6
45,1000,251.912218949791,71,26
24,1000,110.312404860499,87,63
30,1000,140.107720526217,79,49
69,1000,553.277720852831,85,16
65,1000,495.534364490879,79,14
78,1000,681.715224948003,78,0
30,1000,140.107720526217,82,52
52,1000,325.513318392641,86,34
30,1000,140.107720526217,91,61
26,1000,119.448403841297,83,57
41,1000,216.208094368535,81,40
0,1000,64.6321731602545,72,72
45,1000,251.912218949791,85,40
23,1000,106.025339908229,29,6
22,1000,101.91309654211,66,44
30,1000,140.107720526217,72,42
99,1000,952.380952380952,99,0
74,1000,625.645161649607,75,1
89,1000,816.352098109029,95,6
39,1000,200.044663280973,64,25
94,1000,872.437232532563,96,2
22,1000,101.91309654211,61,39
94,1000,872.437232532563,97,3
76,1000,654.000472236003,84,8
78,1000,681.715224948003,85,7
37,1000,184.963272901178,72,35
48,1000,281.719356771773,80,32
68,1000,538.754391950154,80,12
48,1000,281.719356771773,69,21
21,1000,97.9666910015274,69,48
98,1000,937.641614648526,98,0
53,1000,337.169047269091,84,31
22,1000,101.91309654211,64,42
97,1000,921.201845106509,97,0
18,1000,87.0916713147551,74,56
9,1000,61.9311379896748,86,77
54,1000,349.093612290139,80,26
2,1000,49.5808926394038,83,81
56,1000,373.738194833723,78,22
99,1000,952.380952380952,99,0
12,1000,69.1918432278306,92,80
25,1000,114.78347402896,60,35
83,1000,747.034553555827,88,5
31,1000,145.806200289297,84,53
34,1000,164.284075191295,80,46
46,1000,261.554069065366,66,20
48,1000,281.719356771773,76,28
40,1000,207.987689782851,76,36
5,1000,54.0213107058028,86,81
90,1000,827.134227296251,93,3
67,1000,524.274758001231,90,23
37,1000,184.963272901178,65,28
65,1000,495.534364490879,84,19
86,1000,782.90756638909,86,0
27,1000,124.308672403649,75,48
64,1000,481.315747338046,64,0
67,1000,524.274758001231,88,21
11,1000,66.650523531484,92,81
70,1000,567.816158564411,89,19
46,1000,261.554069065366,55,9
87,1000,794.295140656917,88,1
73,1000,611.290197198174,77,4
43,1000,233.490678454607,81,38
71,1000,582.349295657669,86,15
59,1000,412.553192714143,90,31
91,1000,837.889325226866,93,2
82,1000,734.495791335444,86,4
31,1000,145.806200289297,42,11
34,1000,164.284075191295,85,51
92,1000,848.797861871712,95,3
63,1000,467.228377485822,67,4
94,1000,872.437232532563,95,1
51,1000,314.136674975562,81,30
1,1000,48.4327791688962,84,83
42,1000,224.70813086753,62,20
70,1000,567.816158564411,76,6
12,1000,69.1918432278306,78,66
14,1000,74.6408264925534,87,73
27,1000,124.308672403649,53,26
72,1000,596.84846230079,76,4
65,1000,495.534364490879,78,13
67,1000,524.274758001231,76,9
81,1000,721.680528533244,83,2
94,1000,872.437232532563,97,3
82,1000,734.495791335444,85,3
32,1000,151.730780743644,66,34
79,1000,695.271433977419,89,10
9,1000,61.9311379896748,52,43
78,1000,681.715224948003,83,5
79,1000,695.271433977419,83,4
39,1000,200.044663280973,72,33
22,1000,101.91309654211,86,64
95,1000,886.454367056759,95,0
99,1000,952.380952380952,99,0
15,1000,77.5519314687994,61,46
78,1000,681.715224948003,88,10
46,1000,261.554069065366,59,13
52,1000,325.513318392641,81,29
41,1000,216.208094368535,86,45
84,1000,759.284493221131,91,7
93,1000,860.154195390721,93,0
65,1000,495.534364490879,93,28
76,1000,654.000472236003,77,1
50,1000,303.044756929457,80,30
15,1000,77.5519314687994,63,48
57,1000,386.442928651778,78,21
6,1000,55.797023332652,84,78
39,1000,200.044663280973,82,43
41,1000,216.208094368535,75,34
84,1000,759.284493221131,85,1
55,1000,361.28526432121,80,25
1,1000,48.4327791688962,71,70
14,1000,74.6408264925534,56,42
42,1000,224.70813086753,64,22
34,1000,164.284075191295,78,44
30,1000,140.107720526217,48,18
89,1000,816.352098109029,89,0
41,1000,216.208094368535,73,32
34,1000,164.284075191295,74,40
21,1000,97.9666910015274,94,73
98,1000,937.641614648526,98,0
75,1000,639.89066396963,77,2
3,1000,50.902024453836,85,82
21,1000,97.9666910015274,88,67
8,1000,59.7592503545888,24,16
52,1000,325.513318392641,79,27
31,1000,145.806200289297,37,6
11,1000,66.650523531484,80,69
6,1000,55.797023332652,76,70
68,1000,538.754391950154,87,19
57,1000,386.442928651778,76,19
14,1000,74.6408264925534,55,41
68,1000,538.754391950154,75,7
72,1000,596.84846230079,81,9
18,1000,87.0916713147551,64,46
75,1000,639.89066396963,75,0
80,1000,708.599590064427,86,6
26,1000,119.448403841297,76,50
69,1000,553.277720852831,85,16
21,1000,97.9666910015274,79,58
55,1000,361.28526432121,83,28
27,1000,124.308672403649,59,32
36,1000,177.816654627415,83,47
4,1000,52.3858195895941,82,78
4,1000,52.3858195895941,82,78
8,1000,59.7592503545888,60,52
95,1000,886.454367056759,95,0
47,1000,271.491915057168,81,34
70,1000,567.816158564411,95,25
62,1000,453.29066879585,79,17
4,1000,52.3858195895941,85,81
91,1000,837.889325226866,93,2
12,1000,69.1918432278306,72,60
29,1000,134.631557845425,72,43
29,1000,134.631557845425,88,59
27,1000,124.308672403649,92,65
72,1000,596.84846230079,84,12
51,1000,314.136674975562,81,30
99,1000,952.380952380952,99,0
16,1000,80.5928730731785,75,59
92,1000,848.797861871712,96,4
96,1000,903.601247423089,97,1
62,1000,453.29066879585,83,21
91,1000,837.889325226866,94,3
87,1000,794.295140656917,90,3
76,1000,654.000472236003,90,14
87,1000,794.295140656917,87,0
31,1000,145.806200289297,87,56
97,1000,921.201845106509,97,0
92,1000,848.797861871712,94,2
41,1000,216.208094368535,82,41
59,1000,412.553192714143,71,12
4,1000,52.3858195895941,98,94
0,1000,64.6321731602545,82,82
23,1000,106.025339908229,43,20
35,1000,170.923053479394,84,49
94,1000,872.437232532563,97,3
99,1000,952.380952380952,99,0
71,1000,582.349295657669,76,5
58,1000,399.38653243056,75,17
17,1000,83.7704378937515,76,59
91,1000,837.889325226866,95,4
80,1000,708.599590064427,86,6
16,1000,80.5928730731785,90,74
62,1000,453.29066879585,78,16
21,1000,97.9666910015274,74,53
58,1000,399.38653243056,72,14
27,1000,124.308672403649,90,63
25,1000,114.78347402896,75,50
47,1000,271.491915057168,91,44
3,1000,50.902024453836,88,85
72,1000,596.84846230079,81,9
23,1000,106.025339908229,67,44
28,1000,129.366145584782,79,51
50,1000,303.044756929457,61,11
44,1000,242.559618981515,83,39
96,1000,903.601247423089,97,1
84,1000,759.284493221131,92,8
91,1000,837.889325226866,93,2
54,1000,349.093612290139,83,29
90,1000,827.134227296251,92,2
69,1000,553.277720852831,70,1
76,1000,654.000472236003,84,8
16,1000,80.5928730731785,56,40
94,1000,872.437232532563,97,3
79,1000,695.271433977419,84,5
71,1000,582.349295657669,77,6
36,1000,177.816654627415,78,42
70,1000,567.816158564411,87,17
60,1000,425.936165030342,87,27
77,1000,667.94957620734,77,0
84,1000,759.284493221131,87,3
14,1000,74.6408264925534,76,62
39,1000,200.044663280973,82,43
96,1000,903.601247423089,96,0
44,1000,242.559618981515,63,19
6,1000,55.797023332652,78,72
95,1000,886.454367056759,97,2
1,1000,48.4327791688962,41,40
74,1000,625.645161649607,85,11
58,1000,399.38653243056,87,29
14,1000,74.6408264925534,59,45
78,1000,681.715224948003,84,6
37,1000,184.963272901178,64,27
83,1000,747.034553555827,88,5
75,1000,639.89066396963,78,3
58,1000,399.38653243056,89,31
92,1000,848.797861871712,93,1
16,1000,80.5928730731785,70,54
52,1000,325.513318392641,60,8
90,1000,827.134227296251,95,5
66,1000,509.861356739568,69,3
48,1000,281.719356771773,66,18
30,1000,140.107720526217,67,37
5,1000,54.0213107058028,84,79
70,1000,567.816158564411,79,9
54,1000,349.093612290139,85,31
90,1000,827.134227296251,92,2
16,1000,80.5928730731785,86,70
22,1000,101.91309654211,63,41
41,1000,216.208094368535,74,33
18,1000,87.0916713147551,85,67
34,1000,164.284075191295,66,32
45,1000,251.912218949791,96,51
16,1000,80.5928730731785,86,70
97,1000,921.201845106509,97,0
48,1000,281.719356771773,72,24
94,1000,872.437232532563,95,1
81,1000,721.680528533244,82,1
91,1000,837.889325226866,91,0
58,1000,399.38653243056,79,21
83,1000,747.034553555827,88,5
54,1000,349.093612290139,73,19
62,1000,453.29066879585,82,20
84,1000,759.284493221131,88,4
67,1000,524.274758001231,77,10
68,1000,538.754391950154,85,17
30,1000,140.107720526217,53,23
84,1000,759.284493221131,97,13
8,1000,59.7592503545888,77,69
85,1000,771.241077816393,85,0
95,1000,886.454367056759,97,2
16,1000,80.5928730731785,91,75
57,1000,386.442928651778,72,15
0,1000,64.6321731602545,88,88
92,1000,848.797861871712,93,1
37,1000,184.963272901178,87,50
91,1000,837.889325226866,97,6
73,1000,611.290197198174,84,11
93,1000,860.154195390721,93,0
34,1000,164.284075191295,89,55
40,1000,207.987689782851,87,47
1,1000,48.4327791688962,71,70
7,1000,57.7105726582502,89,82
24,1000,110.312404860499,71,47
18,1000,87.0916713147551,80,62
0,1000,64.6321731602545,87,87
25,1000,114.78347402896,83,58
18,1000,87.0916713147551,74,56
28,1000,129.366145584782,78,50
70,1000,567.816158564411,73,3
88,1000,805.429425403583,88,0
69,1000,553.277720852831,76,7
27,1000,124.308672403649,54,27
1,1000,48.4327791688962,59,58
7,1000,57.7105726582502,76,69
62,1000,453.29066879585,65,3
19,1000,90.5640793015171,85,66
31,1000,145.806200289297,83,52
19,1000,90.5640793015171,87,68
77,1000,667.94957620734,79,2
69,1000,553.277720852831,74,5
49,1000,292.238240731737,72,23
35,1000,170.923053479394,87,52
4,1000,52.3858195895941,80,76
89,1000,816.352098109029,96,7
54,1000,349.093612290139,92,38
21,1000,97.9666910015274,86,65
53,1000,337.169047269091,83,30
49,1000,292.238240731737,96,47
15,1000,77.5519314687994,76,61
3,1000,50.902024453836,79,76
35,1000,170.923053479394,66,31
64,1000,481.315747338046,67,3
62,1000,453.29066879585,75,13
86,1000,782.90756638909,91,5
54,1000,349.093612290139,73,19
73,1000,611.290197198174,78,5
26,1000,119.448403841297,36,10
89,1000,816.352098109029,91,2
45,1000,251.912218949791,74,29
3,1000,50.902024453836,82,79
71,1000,582.349295657669,79,8
67,1000,524.274758001231,79,12
23,1000,106.025339908229,95,72
43,1000,233.490678454607,88,45
46,1000,261.554069065366,49,3
4,1000,52.3858195895941,77,73
85,1000,771.241077816393,94,9
4,1000,52.3858195895941,64,60
10,1000,64.2322754794971,81,71
86,1000,782.90756638909,88,2
1,1000,48.4327791688962,84,83
1,1000,48.4327791688962,68,67
23,1000,106.025339908229,67,44
61,1000,439.520758176637,74,13
27,1000,124.308672403649,81,54
49,1000,292.238240731737,75,26
6,1000,55.797023332652,86,80
38,1000,192.370035381126,66,28
86,1000,782.90756638909,87,1
31,1000,145.806200289297,58,27
45,1000,251.912218949791,79,34
74,1000,625.645161649607,93,19
20,1000,94.1864244003146,71,51
23,1000,106.025339908229,80,57
11,1000,66.650523531484,86,75
52,1000,325.513318392641,85,33
38,1000,192.370035381126,95,57
75,1000,639.89066396963,89,14
90,1000,827.134227296251,97,7
53,1000,337.169047269091,79,26
73,1000,611.290197198174,87,14
67,1000,524.274758001231,71,4
4,1000,52.3858195895941,83,79
19,1000,90.5640793015171,62,43
9,1000,61.9311379896748,15,6
37,1000,184.963272901178,83,46
53,1000,337.169047269091,53,0
75,1000,639.89066396963,91,16
16,1000,80.5928730731785,39,23
99,1000,952.380952380952,99,0
29,1000,134.631557845425,42,13
71,1000,582.349295657669,79,8
24,1000,110.312404860499,55,31
89,1000,816.352098109029,91,2
49,1000,292.238240731737,56,7
32,1000,151.730780743644,70,38
38,1000,192.370035381126,85,47
38,1000,192.370035381126,90,52
99,1000,952.380952380952,99,0
5,1000,54.0213107058028,75,70
48,1000,281.719356771773,72,24
23,1000,106.025339908229,87,64
42,1000,224.70813086753,74,32
69,1000,553.277720852831,82,13
31,1000,145.806200289297,65,34
74,1000,625.645161649607,84,10
97,1000,921.201845106509,98,1
85,1000,771.241077816393,90,5
40,1000,207.987689782851,58,18
98,1000,937.641614648526,99,1
48,1000,281.719356771773,85,37
67,1000,524.274758001231,93,26
39,1000,200.044663280973,99,60
96,1000,903.601247423089,96,0
11,1000,66.650523531484,90,79
7,1000,57.7105726582502,77,70
23,1000,106.025339908229,71,48
42,1000,224.70813086753,78,36
81,1000,721.680528533244,87,6
95,1000,886.454367056759,95,0
28,1000,129.366145584782,98,70
70,1000,567.816158564411,79,9
59,1000,412.553192714143,64,5
69,1000,553.277720852831,88,19
33,1000,157.885695990008,69,36
30,1000,140.107720526217,79,49
96,1000,903.601247423089,98,2
27,1000,124.308672403649,82,55
31,1000,145.806200289297,69,38
0,1000,64.6321731602545,58,58
29,1000,134.631557845425,78,49
16,1000,80.5928730731785,72,56
43,1000,233.490678454607,51,8
10,1000,64.2322754794971,81,71
85,1000,771.241077816393,87,2
27,1000,124.308672403649,82,55
99,1000,952.380952380952,99,0
79,1000,695.271433977419,93,14
7,1000,57.7105726582502,84,77
4,1000,52.3858195895941,70,66
49,1000,292.238240731737,75,26
46,1000,261.554069065366,84,38
42,1000,224.70813086753,84,42
48,1000,281.719356771773,71,23
17,1000,83.7704378937515,93,76
96,1000,903.601247423089,97,1
18,1000,87.0916713147551,63,45
73,1000,611.290197198174,73,0
5,1000,54.0213107058028,85,80
45,1000,251.912218949791,91,46
94,1000,872.437232532563,97,3
27,1000,124.308672403649,73,46
96,1000,903.601247423089,98,2
87,1000,794.295140656917,93,6
31,1000,145.806200289297,89,58
78,1000,681.715224948003,88,10
11,1000,66.650523531484,78,67
43,1000,233.490678454607,73,30
93,1000,860.154195390721,97,4
1,1000,48.4327791688962,55,54
66,1000,509.861356739568,70,4
15,1000,77.5519314687994,70,55
39,1000,200.044663280973,73,34
88,1000,805.429425403583,91,3
42,1000,224.70813086753,84,42
58,1000,399.38653243056,87,29
10,1000,64.2322754794971,90,80
75,1000,639.89066396963,81,6
59,1000,412.553192714143,81,22
23,1000,106.025339908229,76,53
82,1000,734.495791335444,86,4
50,1000,303.044756929457,84,34
48,1000,281.719356771773,67,19
83,1000,747.034553555827,93,10
72,1000,596.84846230079,96,24
51,1000,314.136674975562,75,24
91,1000,837.889325226866,94,3
16,1000,80.5928730731785,83,67
33,1000,157.885695990008,77,44
68,1000,538.754391950154,83,15
63,1000,467.228377485822,80,17
86,1000,782.90756638909,93,7
57,1000,386.442928651778,79,22
80,1000,708.599590064427,90,10
80,1000,708.599590064427,88,8
83,1000,747.034553555827,87,4
6,1000,55.797023332652,66,60
40,1000,207.987689782851,99,59
43,1000,233.490678454607,81,38
22,1000,101.91309654211,77,55
28,1000,129.366145584782,90,62
42,1000,224.70813086753,81,39
73,1000,611.290197198174,78,5
53,1000,337.169047269091,62,9
79,1000,695.271433977419,79,0
77,1000,667.94957620734,85,8
54,1000,349.093612290139,65,11
70,1000,567.816158564411,87,17
6,1000,55.797023332652,75,69
14,1000,74.6408264925534,83,69
84,1000,759.284493221131,99,15
93,1000,860.154195390721,97,4
21,1000,97.9666910015274,70,49
89,1000,816.352098109029,89,0
53,1000,337.169047269091,82,29
30,1000,140.107720526217,37,7
37,1000,184.963272901178,74,37
78,1000,681.715224948003,85,7
30,1000,140.107720526217,68,38
21,1000,97.9666910015274,75,54
36,1000,177.816654627415,86,50
31,1000,145.806200289297,39,8
82,1000,734.495791335444,88,6
80,1000,708.599590064427,90,10
93,1000,860.154195390721,93,0
36,1000,177.816654627415,71,35
96,1000,903.601247423089,98,2
95,1000,886.454367056759,96,1
93,1000,860.154195390721,93,0
47,1000,271.491915057168,52,5
30,1000,140.107720526217,53,23
40,1000,207.987689782851,79,39
68,1000,538.754391950154,84,16
15,1000,77.5519314687994,71,56
32,1000,151.730780743644,80,48
80,1000,708.599590064427,81,1
49,1000,292.238240731737,61,12
85,1000,771.241077816393,88,3
0,1000,64.6321731602545,82,82
49,1000,292.238240731737,63,14
3,1000,50.902024453836,93,90
31,1000,145.806200289297,81,50
49,1000,292.238240731737,81,32
44,1000,242.559618981515,59,15
86,1000,782.90756638909,88,2
95,1000,886.454367056759,97,2
49,1000,292.238240731737,79,30
84,1000,759.284493221131,86,2
69,1000,553.277720852831,74,5
54,1000,349.093612290139,69,15
1,1000,48.4327791688962,90,89
30,1000,140.107720526217,32,2
51,1000,314.136674975562,76,25
91,1000,837.889325226866,97,6
97,1000,921.201845106509,99,2
73,1000,611.290197198174,91,18
42,1000,224.70813086753,84,42
78,1000,681.715224948003,94,16
55,1000,361.28526432121,86,31
96,1000,903.601247423089,99,3
22,1000,101.91309654211,76,54
16,1000,80.5928730731785,49,33
63,1000,467.228377485822,66,3
24,1000,110.312404860499,75,51
73,1000,611.290197198174,87,14
37,1000,184.963272901178,85,48
25,1000,114.78347402896,95,70
51,1000,314.136674975562,80,29
47,1000,271.491915057168,73,26
68,1000,538.754391950154,78,10
13,1000,71.8531985110972,72,59
64,1000,481.315747338046,71,7
7,1000,57.7105726582502,90,83
28,1000,129.366145584782,79,51
64,1000,481.315747338046,74,10
96,1000,903.601247423089,96,0
86,1000,782.90756638909,87,1
31,1000,145.806200289297,88,57
44,1000,242.559618981515,79,35
13,1000,71.8531985110972,70,57
29,1000,134.631557845425,72,43
99,1000,952.380952380952,99,0
32,1000,151.730780743644,76,44
19,1000,90.5640793015171,48,29
54,1000,349.093612290139,58,4
99,1000,952.380952380952,99,0
28,1000,129.366145584782,64,36
52,1000,325.513318392641,87,35
2,1000,49.5808926394038,73,71
55,1000,361.28526432121,90,35
4,1000,52.3858195895941,76,72
83,1000,747.034553555827,85,2
60,1000,425.936165030342,87,27
72,1000,596.84846230079,73,1
64,1000,481.315747338046,77,13
92,1000,848.797861871712,99,7
69,1000,553.277720852831,81,12
6,1000,55.797023332652,77,71
62,1000,453.29066879585,78,16
43,1000,233.490678454607,82,39
7,1000,57.7105726582502,56,49
0,1000,64.6321731602545,61,61
93,1000,860.154195390721,94,1
84,1000,759.284493221131,95,11
69,1000,553.277720852831,77,8
97,1000,921.201845106509,98,1
27,1000,124.308672403649,81,54
91,1000,837.889325226866,93,2
0,1000,64.6321731602545,77,77
44,1000,242.559618981515,70,26
25,1000,114.78347402896,61,36
75,1000,639.89066396963,82,7
64,1000,481.315747338046,94,30
4,1000,52.3858195895941,54,50
1,1000,48.4327791688962,92,91
61,1000,439.520758176637,78,17
31,1000,145.806200289297,70,39
2,1000,49.5808926394038,75,73
12,1000,69.1918432278306,75,63
93,1000,860.154195390721,95,2
70,1000,567.816158564411,75,5
20,1000,94.1864244003146,56,36
90,1000,827.134227296251,98,8
12,1000,69.1918432278306,75,63
74,1000,625.645161649607,99,25
48,1000,281.719356771773,58,10
58,1000,399.38653243056,72,14
77,1000,667.94957620734,87,10
92,1000,848.797861871712,94,2
21,1000,97.9666910015274,69,48
93,1000,860.154195390721,97,4
82,1000,734.495791335444,94,12
69,1000,553.277720852831,77,8
0,1000,64.6321731602545,67,67
46,1000,261.554069065366,64,18
68,1000,538.754391950154,74,6
17,1000,83.7704378937515,83,66
22,1000,101.91309654211,44,22
95,1000,886.454367056759,97,2
38,1000,192.370035381126,62,24
45,1000,251.912218949791,82,37
49,1000,292.238240731737,83,34
70,1000,567.816158564411,84,14
92,1000,848.797861871712,93,1
99,1000,952.380952380952,99,0
33,1000,157.885695990008,85,52
88,1000,805.429425403583,97,9
56,1000,373.738194833723,94,38
68,1000,538.754391950154,89,21
51,1000,314.136674975562,88,37
48,1000,281.719356771773,71,23
10,1000,64.2322754794971,72,62
63,1000,467.228377485822,63,0
71,1000,582.349295657669,71,0
42,1000,224.70813086753,89,47
21,1000,97.9666910015274,58,37
69,1000,553.277720852831,78,9
25,1000,114.78347402896,83,58
6,1000,55.797023332652,66,60
51,1000,314.136674975562,81,30
50,1000,303.044756929457,61,11
65,1000,495.534364490879,80,15
15,1000,77.5519314687994,69,54
32,1000,151.730780743644,89,57
69,1000,553.277720852831,69,0
90,1000,827.134227296251,90,0
99,1000,952.380952380952,99,0
53,1000,337.169047269091,73,20
8,1000,59.7592503545888,66,58
80,1000,708.599590064427,89,9
53,1000,337.169047269091,88,35
56,1000,373.738194833723,76,20
51,1000,314.136674975562,94,43
68,1000,538.754391950154,95,27
28,1000,129.366145584782,84,56
4,1000,52.3858195895941,85,81
41,1000,216.208094368535,64,23
9,1000,61.9311379896748,84,75
74,1000,625.645161649607,95,21
31,1000,145.806200289297,65,34
14,1000,74.6408264925534,83,69
14,1000,74.6408264925534,70,56
30,1000,140.107720526217,76,46
93,1000,860.154195390721,98,5
23,1000,106.025339908229,76,53
58,1000,399.38653243056,86,28
86,1000,782.90756638909,95,9
29,1000,134.631557845425,79,50
69,1000,553.277720852831,83,14
36,1000,177.816654627415,45,9
42,1000,224.70813086753,70,28
57,1000,386.442928651778,57,0
67,1000,524.274758001231,78,11
73,1000,611.290197198174,85,12
54,1000,349.093612290139,90,36
24,1000,110.312404860499,57,33
61,1000,439.520758176637,91,30
72,1000,596.84846230079,91,19
4,1000,52.3858195895941,92,88
86,1000,782.90756638909,91,5
21,1000,97.9666910015274,79,58
82,1000,734.495791335444,91,9
76,1000,654.000472236003,79,3
55,1000,361.28526432121,79,24
81,1000,721.680528533244,86,5
44,1000,242.559618981515,72,28
72,1000,596.84846230079,86,14
55,1000,361.28526432121,80,25
44,1000,242.559618981515,65,21
61,1000,439.520758176637,83,22
6,1000,55.797023332652,83,77
58,1000,399.38653243056,74,16
41,1000,216.208094368535,80,39
7,1000,57.7105726582502,84,77
1,1000,48.4327791688962,78,77
45,1000,251.912218949791,66,21
26,1000,119.448403841297,84,58
73,1000,611.290197198174,82,9
68,1000,538.754391950154,85,17
17,1000,83.7704378937515,48,31
67,1000,524.274758001231,86,19
50,1000,303.044756929457,76,26
42,1000,224.70813086753,75,33
18,1000,87.0916713147551,61,43
0,1000,64.6321731602545,70,70
57,1000,386.442928651778,83,26
96,1000,903.601247423089,96,0
9,1000,61.9311379896748,74,65
5,1000,54.0213107058028,89,84
28,1000,129.366145584782,73,45
61,1000,439.520758176637,79,18
20,1000,94.1864244003146,60,40
73,1000,611.290197198174,76,3
82,1000,734.495791335444,83,1
73,1000,611.290197198174,78,5
21,1000,97.9666910015274,54,33
23,1000,106.025339908229,71,48
88,1000,805.429425403583,89,1
30,1000,140.107720526217,81,51
67,1000,524.274758001231,90,23
79,1000,695.271433977419,84,5
68,1000,538.754391950154,74,6
73,1000,611.290197198174,81,8
28,1000,129.366145584782,90,62
72,1000,596.84846230079,93,21
26,1000,119.448403841297,72,46
70,1000,567.816158564411,77,7
51,1000,314.136674975562,69,18
65,1000,495.534364490879,90,25
38,1000,192.370035381126,79,41
25,1000,114.78347402896,88,63
52,1000,325.513318392641,75,23
27,1000,124.308672403649,80,53
34,1000,164.284075191295,86,52
98,1000,937.641614648526,98,0
47,1000,271.491915057168,84,37
11,1000,66.650523531484,80,69
38,1000,192.370035381126,89,51
46,1000,261.554069065366,74,28
5,1000,54.0213107058028,32,27
49,1000,292.238240731737,59,10
23,1000,106.025339908229,59,36
28,1000,129.366145584782,98,70
64,1000,481.315747338046,87,23
1,1000,48.4327791688962,64,63
70,1000,567.816158564411,81,11
10,1000,64.2322754794971,85,75
24,1000,110.312404860499,97,73
17,1000,83.7704378937515,75,58
82,1000,734.495791335444,84,2
67,1000,524.274758001231,94,27
10,1000,64.2322754794971,82,72
80,1000,708.599590064427,83,3
66,1000,509.861356739568,70,4
50,1000,303.044756929457,62,12
61,1000,439.520758176637,99,38
59,1000,412.553192714143,98,39
90,1000,827.134227296251,92,2
91,1000,837.889325226866,93,2
16,1000,80.5928730731785,81,65
8,1000,59.7592503545888,48,40
93,1000,860.154195390721,97,4
46,1000,261.554069065366,53,7
69,1000,553.277720852831,80,11
59,1000,412.553192714143,77,18
56,1000,373.738194833723,68,12
38,1000,192.370035381126,73,35
56,1000,373.738194833723,73,17
88,1000,805.429425403583,98,10
0,1000,64.6321731602545,85,85
93,1000,860.154195390721,95,2
2,1000,49.5808926394038,59,57
1,1000,48.4327791688962,65,64
30,1000,140.107720526217,86,56
31,1000,145.806200289297,77,46
30,1000,140.107720526217,65,35
6,1000,55.797023332652,67,61
91,1000,837.889325226866,92,1
33,1000,157.885695990008,72,39
7,1000,57.7105726582502,63,56
26,1000,119.448403841297,53,27
14,1000,74.6408264925534,80,66
23,1000,106.025339908229,49,26
45,1000,251.912218949791,90,45
36,1000,177.816654627415,83,47
99,1000,952.380952380952,99,0
84,1000,759.284493221131,88,4
15,1000,77.5519314687994,73,58
73,1000,611.290197198174,84,11
58,1000,399.38653243056,86,28
54,1000,349.093612290139,81,27
57,1000,386.442928651778,78,21
20,1000,94.1864244003146,78,58
48,1000,281.719356771773,85,37
79,1000,695.271433977419,80,1
70,1000,567.816158564411,71,1
3,1000,50.902024453836,66,63
44,1000,242.559618981515,84,40
35,1000,170.923053479394,84,49
49,1000,292.238240731737,83,34
64,1000,481.315747338046,68,4
72,1000,596.84846230079,87,15
17,1000,83.7704378937515,34,17
58,1000,399.38653243056,95,37
55,1000,361.28526432121,78,23
53,1000,337.169047269091,69,16
18,1000,87.0916713147551,74,56
0,1000,64.6321731602545,75,75
61,1000,439.520758176637,65,4
2,1000,49.5808926394038,80,78
94,1000,872.437232532563,97,3
96,1000,903.601247423089,96,0
16,1000,80.5928730731785,77,61
23,1000,106.025339908229,84,61
38,1000,192.370035381126,87,49
21,1000,97.9666910015274,75,54
45,1000,251.912218949791,76,31
59,1000,412.553192714143,60,1
91,1000,837.889325226866,96,5
37,1000,184.963272901178,76,39
36,1000,177.816654627415,89,53
14,1000,74.6408264925534,91,77
39,1000,200.044663280973,81,42
67,1000,524.274758001231,80,13
98,1000,937.641614648526,98,0
5,1000,54.0213107058028,97,92
99,1000,952.380952380952,99,0
26,1000,119.448403841297,62,36
18,1000,87.0916713147551,65,47
66,1000,509.861356739568,81,15
62,1000,453.29066879585,71,9
69,1000,553.277720852831,81,12
71,1000,582.349295657669,76,5
14,1000,74.6408264925534,49,35
42,1000,224.70813086753,76,34
93,1000,860.154195390721,96,3
44,1000,242.559618981515,75,31
11,1000,66.650523531484,83,72
9,1000,61.9311379896748,91,82
15,1000,77.5519314687994,76,61
4,1000,52.3858195895941,92,88
70,1000,567.816158564411,75,5
24,1000,110.312404860499,26,2
35,1000,170.923053479394,78,43
68,1000,538.754391950154,92,24
70,1000,567.816158564411,78,8
84,1000,759.284493221131,97,13
28,1000,129.366145584782,94,66
10,1000,64.2322754794971,91,81
38,1000,192.370035381126,68,30
53,1000,337.169047269091,97,44
78,1000,681.715224948003,84,6
19,1000,90.5640793015171,80,61
63,1000,467.228377485822,81,18
55,1000,361.28526432121,57,2
88,1000,805.429425403583,90,2
50,1000,303.044756929457,87,37
89,1000,816.352098109029,90,1
87,1000,794.295140656917,87,0
71,1000,582.349295657669,88,17
69,1000,553.277720852831,74,5
43,1000,233.490678454607,53,10
59,1000,412.553192714143,67,8
2,1000,49.5808926394038,80,78
95,1000,886.454367056759,98,3
35,1000,170.923053479394,70,35
98,1000,937.641614648526,99,1
85,1000,771.241077816393,87,2
30,1000,140.107720526217,86,56
87,1000,794.295140656917,94,7
98,1000,937.641614648526,99,1
93,1000,860.154195390721,97,4
57,1000,386.442928651778,76,19
36,1000,177.816654627415,87,51
61,1000,439.520758176637,74,13
25,1000,114.78347402896,73,48
56,1000,373.738194833723,91,35
16,1000,80.5928730731785,58,42
9,1000,61.9311379896748,85,76
88,1000,805.429425403583,89,1
25,1000,114.78347402896,62,37
17,1000,83.7704378937515,93,76
75,1000,639.89066396963,90,15
6,1000,55.797023332652,93,87
58,1000,399.38653243056,77,19
70,1000,567.816158564411,84,14
36,1000,177.816654627415,77,41
74,1000,625.645161649607,79,5
68,1000,538.754391950154,95,27
33,1000,157.885695990008,87,54
99,1000,952.380952380952,99,0
41,1000,216.208094368535,91,50
41,1000,216.208094368535,74,33
91,1000,837.889325226866,91,0
82,1000,734.495791335444,92,10
95,1000,886.454367056759,97,2
18,1000,87.0916713147551,77,59
52,1000,325.513318392641,78,26
17,1000,83.7704378937515,89,72
30,1000,140.107720526217,77,47
1,1000,48.4327791688962,18,17
16,1000,80.5928730731785,70,54
43,1000,233.490678454607,72,29
19,1000,90.5640793015171,95,76
20,1000,94.1864244003146,74,54
38,1000,192.370035381126,61,23
77,1000,667.94957620734,80,3
59,1000,412.553192714143,74,15
24,1000,110.312404860499,92,68
1,1000,48.4327791688962,67,66
70,1000,567.816158564411,90,20
33,1000,157.885695990008,53,20
14,1000,74.6408264925534,43,29
13,1000,71.8531985110972,81,68
72,1000,596.84846230079,84,12
47,1000,271.491915057168,79,32
60,1000,425.936165030342,84,24
47,1000,271.491915057168,54,7
68,1000,538.754391950154,76,8
69,1000,553.277720852831,81,12
63,1000,467.228377485822,82,19
30,1000,140.107720526217,51,21
65,1000,495.534364490879,84,19
34,1000,164.284075191295,86,52
4,1000,52.3858195895941,84,80
61,1000,439.520758176637,67,6
59,1000,412.553192714143,86,27
22,1000,101.91309654211,86,64
66,1000,509.861356739568,76,10
63,1000,467.228377485822,91,28
27,1000,124.308672403649,67,40
66,1000,509.861356739568,69,3
65,1000,495.534364490879,74,9
64,1000,481.315747338046,72,8
97,1000,921.201845106509,98,1
13,1000,71.8531985110972,70,57
20,1000,94.1864244003146,69,49
7,1000,57.7105726582502,66,59
86,1000,782.90756638909,87,1
99,1000,952.380952380952,99,0
92,1000,848.797861871712,95,3
91,1000,837.889325226866,96,5
11,1000,66.650523531484,81,70
59,1000,412.553192714143,85,26
31,1000,145.806200289297,86,55
51,1000,314.136674975562,69,18
88,1000,805.429425403583,99,11
44,1000,242.559618981515,86,42
20,1000,94.1864244003146,80,60
28,1000,129.366145584782,96,68
84,1000,759.284493221131,84,0
35,1000,170.923053479394,54,19
78,1000,681.715224948003,78,0
33,1000,157.885695990008,77,44
8,1000,59.7592503545888,99,91
0,1000,64.6321731602545,89,89
77,1000,667.94957620734,91,14
43,1000,233.490678454607,92,49
59,1000,412.553192714143,70,11
61,1000,439.520758176637,85,24
18,1000,87.0916713147551,77,59
37,1000,184.963272901178,93,56
82,1000,734.495791335444,96,14
8,1000,59.7592503545888,95,87
54,1000,349.093612290139,85,31
66,1000,509.861356739568,71,5
9,1000,61.9311379896748,71,62
37,1000,184.963272901178,72,35
72,1000,596.84846230079,94,22
14,1000,74.6408264925534,67,53
91,1000,837.889325226866,93,2
99,1000,952.380952380952,99,0
56,1000,373.738194833723,79,23
84,1000,759.284493221131,84,0
25,1000,114.78347402896,80,55
27,1000,124.308672403649,75,48
50,1000,303.044756929457,84,34
85,1000,771.241077816393,89,4
92,1000,848.797861871712,93,1
31,1000,145.806200289297,86,55
76,1000,654.000472236003,78,2
87,1000,794.295140656917,87,0
24,1000,110.312404860499,89,65
86,1000,782.90756638909,96,10
15,1000,77.5519314687994,57,42
26,1000,119.448403841297,59,33
90,1000,827.134227296251,90,0
16,1000,80.5928730731785,87,71
85,1000,771.241077816393,90,5
7,1000,57.7105726582502,56,49
87,1000,794.295140656917,89,2
54,1000,349.093612290139,84,30
13,1000,71.8531985110972,51,38
38,1000,192.370035381126,70,32
82,1000,734.495791335444,84,2
50,1000,303.044756929457,85,35
52,1000,325.513318392641,78,26
23,1000,106.025339908229,53,30
21,1000,97.9666910015274,94,73
73,1000,611.290197198174,85,12
65,1000,495.534364490879,70,5
5,1000,54.0213107058028,76,71
45,1000,251.912218949791,70,25
62,1000,453.29066879585,92,30
20,1000,94.1864244003146,61,41
12,1000,69.1918432278306,64,52
8,1000,59.7592503545888,88,80
61,1000,439.520758176637,88,27
57,1000,386.442928651778,65,8
19,1000,90.5640793015171,76,57
16,1000,80.5928730731785,70,54
18,1000,87.0916713147551,63,45
97,1000,921.201845106509,98,1
44,1000,242.559618981515,77,33
35,1000,170.923053479394,86,51
85,1000,771.241077816393,85,0
52,1000,325.513318392641,73,21
50,1000,303.044756929457,79,29
91,1000,837.889325226866,91,0
77,1000,667.94957620734,83,6
94,1000,872.437232532563,97,3
86,1000,782.90756638909,86,0
35,1000,170.923053479394,76,41
63,1000,467.228377485822,93,30
90,1000,827.134227296251,92,2
40,1000,207.987689782851,74,34
74,1000,625.645161649607,97,23
0,1000,64.6321731602545,82,82
73,1000,611.290197198174,96,23
10,1000,64.2322754794971,86,76
33,1000,157.885695990008,88,55
4,1000,52.3858195895941,45,41
68,1000,538.754391950154,94,26
86,1000,782.90756638909,87,1
91,1000,837.889325226866,94,3
19,1000,90.5640793015171,81,62
51,1000,314.136674975562,67,16
86,1000,782.90756638909,95,9
33,1000,157.885695990008,75,42
4,1000,52.3858195895941,73,69
38,1000,192.370035381126,85,47
34,1000,164.284075191295,77,43
96,1000,903.601247423089,96,0
63,1000,467.228377485822,85,22
95,1000,886.454367056759,98,3
52,1000,325.513318392641,63,11
22,1000,101.91309654211,81,59
0,1000,64.6321731602545,94,94
44,1000,242.559618981515,69,25
53,1000,337.169047269091,61,8
64,1000,481.315747338046,89,25
26,1000,119.448403841297,64,38
95,1000,886.454367056759,97,2
43,1000,233.490678454607,72,29
28,1000,129.366145584782,70,42
55,1000,361.28526432121,58,3
92,1000,848.797861871712,96,4
64,1000,481.315747338046,73,9
18,1000,87.0916713147551,87,69
91,1000,837.889325226866,95,4
76,1000,654.000472236003,86,10
89,1000,816.352098109029,90,1
94,1000,872.437232532563,98,4
23,1000,106.025339908229,81,58
30,1000,140.107720526217,75,45
85,1000,771.241077816393,88,3
96,1000,903.601247423089,97,1
11,1000,66.650523531484,71,60
69,1000,553.277720852831,91,22
87,1000,794.295140656917,88,1
99,1000,952.380952380952,99,0
10,1000,64.2322754794971,81,71
41,1000,216.208094368535,77,36
73,1000,611.290197198174,86,13
67,1000,524.274758001231,73,6
13,1000,71.8531985110972,71,58
78,1000,681.715224948003,88,10
24,1000,110.312404860499,51,27
21,1000,97.9666910015274,88,67
20,1000,94.1864244003146,69,49
85,1000,771.241077816393,96,11
52,1000,325.513318392641,86,34
55,1000,361.28526432121,85,30
86,1000,782.90756638909,86,0
41,1000,216.208094368535,94,53
88,1000,805.429425403583,93,5
27,1000,124.308672403649,84,57
22,1000,101.91309654211,73,51
21,1000,97.9666910015274,81,60
35,1000,170.923053479394,79,44
30,1000,140.107720526217,66,36
11,1000,66.650523531484,64,53
47,1000,271.491915057168,88,41
41,1000,216.208094368535,73,32
82,1000,734.495791335444,84,2
81,1000,721.680528533244,85,4
40,1000,207.987689782851,72,32
16,1000,80.5928730731785,68,52
73,1000,611.290197198174,75,2
4,1000,52.3858195895941,70,66
31,1000,145.806200289297,68,37
81,1000,721.680528533244,97,16
45,1000,251.912218949791,77,32
7,1000,57.7105726582502,86,79
87,1000,794.295140656917,95,8
12,1000,69.1918432278306,60,48
77,1000,667.94957620734,84,7
32,1000,151.730780743644,93,61
13,1000,71.8531985110972,66,53
88,1000,805.429425403583,94,6
38,1000,192.370035381126,84,46
81,1000,721.680528533244,89,8
63,1000,467.228377485822,81,18
10,1000,64.2322754794971,98,88
23,1000,106.025339908229,80,57
53,1000,337.169047269091,84,31
66,1000,509.861356739568,75,9
49,1000,292.238240731737,73,24
17,1000,83.7704378937515,71,54
63,1000,467.228377485822,71,8
59,1000,412.553192714143,83,24
73,1000,611.290197198174,79,6
32,1000,151.730780743644,97,65
87,1000,794.295140656917,88,1
44,1000,242.559618981515,66,22
71,1000,582.349295657669,80,9
75,1000,639.89066396963,86,11
94,1000,872.437232532563,94,0
59,1000,412.553192714143,71,12
30,1000,140.107720526217,61,31
27,1000,124.308672403649,63,36
52,1000,325.513318392641,88,36
48,1000,281.719356771773,81,33
52,1000,325.513318392641,83,31
9,1000,61.9311379896748,89,80
10,1000,64.2322754794971,73,63
31,1000,145.806200289297,61,30
28,1000,129.366145584782,64,36
86,1000,782.90756638909,90,4
98,1000,937.641614648526,98,0
49,1000,292.238240731737,51,2
41,1000,216.208094368535,90,49
53,1000,337.169047269091,84,31
48,1000,281.719356771773,77,29
26,1000,119.448403841297,84,58
19,1000,90.5640793015171,77,58
82,1000,734.495791335444,90,8
93,1000,860.154195390721,94,1
19,1000,90.5640793015171,68,49
38,1000,192.370035381126,85,47
62,1000,453.29066879585,89,27
7,1000,57.7105726582502,89,82
57,1000,386.442928651778,88,31
10,1000,64.2322754794971,64,54
53,1000,337.169047269091,70,17
79,1000,695.271433977419,91,12
23,1000,106.025339908229,83,60
37,1000,184.963272901178,91,54
91,1000,837.889325226866,91,0
9,1000,61.9311379896748,61,52
57,1000,386.442928651778,79,22
15,1000,77.5519314687994,66,51
58,1000,399.38653243056,65,7
9,1000,61.9311379896748,75,66
76,1000,654.000472236003,93,17
86,1000,782.90756638909,92,6
84,1000,759.284493221131,97,13
88,1000,805.429425403583,95,7
16,1000,80.5928730731785,82,66
53,1000,337.169047269091,77,24
44,1000,242.559618981515,68,24
87,1000,794.295140656917,90,3
13,1000,71.8531985110972,70,57
3,1000,50.902024453836,92,89
17,1000,83.7704378937515,45,28
88,1000,805.429425403583,90,2
53,1000,337.169047269091,75,22
43,1000,233.490678454607,64,21
75,1000,639.89066396963,82,7
12,1000,69.1918432278306,84,72
73,1000,611.290197198174,84,11
61,1000,439.520758176637,83,22
88,1000,805.429425403583,88,0
92,1000,848.797861871712,93,1
29,1000,134.631557845425,72,43
61,1000,439.520758176637,90,29
17,1000,83.7704378937515,79,62
42,1000,224.70813086753,93,51
66,1000,509.861356739568,68,2
97,1000,921.201845106509,97,0
10,1000,64.2322754794971,36,26
16,1000,80.5928730731785,72,56
57,1000,386.442928651778,84,27
29,1000,134.631557845425,78,49
8,1000,59.7592503545888,77,69
30,1000,140.107720526217,81,51
9,1000,61.9311379896748,84,75
23,1000,106.025339908229,92,69
48,1000,281.719356771773,60,12
54,1000,349.093612290139,61,7
23,1000,106.025339908229,91,68
25,1000,114.78347402896,86,61
56,1000,373.738194833723,94,38
91,1000,837.889325226866,92,1
39,1000,200.044663280973,77,38
69,1000,553.277720852831,86,17
18,1000,87.0916713147551,86,68
27,1000,124.308672403649,84,57
54,1000,349.093612290139,57,3
19,1000,90.5640793015171,78,59
47,1000,271.491915057168,93,46
49,1000,292.238240731737,91,42
40,1000,207.987689782851,74,34
51,1000,314.136674975562,73,22
66,1000,509.861356739568,89,23
0,1000,64.6321731602545,77,77
83,1000,747.034553555827,83,0
47,1000,271.491915057168,89,42
24,1000,110.312404860499,89,65
90,1000,827.134227296251,94,4
99,1000,952.380952380952,99,0
78,1000,681.715224948003,84,6
99,1000,952.380952380952,99,0
47,1000,271.491915057168,89,42
6,1000,55.797023332652,61,55
82,1000,734.495791335444,93,11
74,1000,625.645161649607,81,7
87,1000,794.295140656917,96,9
16,1000,80.5928730731785,65,49
59,1000,412.553192714143,80,21
55,1000,361.28526432121,70,15
66,1000,509.861356739568,89,23
69,1000,553.277720852831,85,16
8,1000,59.7592503545888,86,78
67,1000,524.274758001231,77,10
89,1000,816.352098109029,90,1
78,1000,681.715224948003,91,13
67,1000,524.274758001231,83,16
88,1000,805.429425403583,97,9
71,1000,582.349295657669,82,11
55,1000,361.28526432121,96,41
40,1000,207.987689782851,87,47
57,1000,386.442928651778,90,33
17,1000,83.7704378937515,82,65
79,1000,695.271433977419,83,4
24,1000,110.312404860499,80,56
87,1000,794.295140656917,88,1
68,1000,538.754391950154,85,17
48,1000,281.719356771773,71,23
6,1000,55.797023332652,60,54
12,1000,69.1918432278306,15,3
29,1000,134.631557845425,73,44
64,1000,481.315747338046,73,9
33,1000,157.885695990008,88,55
40,1000,207.987689782851,81,41
51,1000,314.136674975562,93,42
27,1000,124.308672403649,89,62
34,1000,164.284075191295,68,34
95,1000,886.454367056759,96,1
1,1000,48.4327791688962,78,77
50,1000,303.044756929457,72,22
63,1000,467.228377485822,89,26
51,1000,314.136674975562,60,9
20,1000,94.1864244003146,81,61
14,1000,74.6408264925534,79,65
61,1000,439.520758176637,93,32
88,1000,805.429425403583,91,3
63,1000,467.228377485822,86,23
20,1000,94.1864244003146,86,66
42,1000,224.70813086753,85,43
78,1000,681.715224948003,89,11
98,1000,937.641614648526,98,0
59,1000,412.553192714143,87,28
91,1000,837.889325226866,91,0
55,1000,361.28526432121,92,37
32,1000,151.730780743644,67,35
75,1000,639.89066396963,79,4
56,1000,373.738194833723,75,19
6,1000,55.797023332652,88,82
39,1000,200.044663280973,75,36
34,1000,164.284075191295,69,35
30,1000,140.107720526217,79,49
53,1000,337.169047269091,95,42
35,1000,170.923053479394,82,47
82,1000,734.495791335444,82,0
31,1000,145.806200289297,82,51
44,1000,242.559618981515,57,13
95,1000,886.454367056759,96,1
20,1000,94.1864244003146,76,56
41,1000,216.208094368535,74,33
29,1000,134.631557845425,68,39
70,1000,567.816158564411,90,20
37,1000,184.963272901178,85,48
98,1000,937.641614648526,98,0
70,1000,567.816158564411,80,10
16,1000,80.5928730731785,73,57
3,1000,50.902024453836,78,75
14,1000,74.6408264925534,80,66
58,1000,399.38653243056,78,20
52,1000,325.513318392641,90,38
25,1000,114.78347402896,77,52
99,1000,952.380952380952,99,0
18,1000,87.0916713147551,36,18
73,1000,611.290197198174,89,16
42,1000,224.70813086753,86,44
1,1000,48.4327791688962,1,0
2,1000,49.5808926394038,74,72
64,1000,481.315747338046,70,6
45,1000,251.912218949791,71,26
50,1000,303.044756929457,88,38
28,1000,129.366145584782,69,41
41,1000,216.208094368535,55,14
97,1000,921.201845106509,98,1
40,1000,207.987689782851,68,28
84,1000,759.284493221131,86,2
29,1000,134.631557845425,88,59
5,1000,54.0213107058028,60,55
32,1000,151.730780743644,70,38
70,1000,567.816158564411,78,8
37,1000,184.963272901178,39,2
4,1000,52.3858195895941,82,78
89,1000,816.352098109029,93,4
95,1000,886.454367056759,98,3
52,1000,325.513318392641,89,37
12,1000,69.1918432278306,89,77
41,1000,216.208094368535,51,10
79,1000,695.271433977419,79,0
11,1000,66.650523531484,76,65
7,1000,57.7105726582502,74,67
57,1000,386.442928651778,77,20
95,1000,886.454367056759,97,2
11,1000,66.650523531484,73,62
85,1000,771.241077816393,90,5
4,1000,52.3858195895941,68,64
74,1000,625.645161649607,94,20
97,1000,921.201845106509,99,2
86,1000,782.90756638909,91,5
86,1000,782.90756638909,88,2
35,1000,170.923053479394,87,52
63,1000,467.228377485822,67,4
22,1000,101.91309654211,55,33
88,1000,805.429425403583,98,10
46,1000,261.554069065366,59,13
36,1000,177.816654627415,64,28
21,1000,97.9666910015274,82,61
49,1000,292.238240731737,97,48
35,1000,170.923053479394,83,48
12,1000,69.1918432278306,71,59
23,1000,106.025339908229,73,50
13,1000,71.8531985110972,79,66
44,1000,242.559618981515,93,49
80,1000,708.599590064427,94,14
86,1000,782.90756638909,88,2
22,1000,101.91309654211,82,60
6,1000,55.797023332652,63,57
51,1000,314.136674975562,74,23
76,1000,654.000472236003,88,12
71,1000,582.349295657669,85,14
95,1000,886.454367056759,95,0
43,1000,233.490678454607,80,37
85,1000,771.241077816393,89,4
66,1000,509.861356739568,80,14
14,1000,74.6408264925534,78,64
20,1000,94.1864244003146,76,56
40,1000,207.987689782851,91,51
5,1000,54.0213107058028,89,84
5,1000,54.0213107058028,74,69
30,1000,140.107720526217,79,49
23,1000,106.025339908229,88,65
33,1000,157.885695990008,64,31
58,1000,399.38653243056,60,2
6,1000,55.797023332652,49,43
95,1000,886.454367056759,95,0
3,1000,50.902024453836,67,64
55,1000,361.28526432121,79,24
14,1000,74.6408264925534,71,57
84,1000,759.284493221131,85,1
79,1000,695.271433977419,83,4
17,1000,83.7704378937515,72,55
44,1000,242.559618981515,76,32
76,1000,654.000472236003,81,5
5,1000,54.0213107058028,85,80
73,1000,611.290197198174,83,10
20,1000,94.1864244003146,80,60
21,1000,97.9666910015274,70,49
46,1000,261.554069065366,80,34
99,1000,952.380952380952,99,0
57,1000,386.442928651778,91,34
0,1000,64.6321731602545,60,60
87,1000,794.295140656917,89,2
18,1000,87.0916713147551,90,72
30,1000,140.107720526217,79,49
56,1000,373.738194833723,60,4
17,1000,83.7704378937515,72,55
69,1000,553.277720852831,89,20
9,1000,61.9311379896748,83,74
33,1000,157.885695990008,90,57
81,1000,721.680528533244,92,11
9,1000,61.9311379896748,70,61
3,1000,50.902024453836,76,73
30,1000,140.107720526217,89,59
61,1000,439.520758176637,65,4
88,1000,805.429425403583,93,5
99,1000,952.380952380952,99,0
41,1000,216.208094368535,88,47
62,1000,453.29066879585,90,28
27,1000,124.308672403649,76,49
6,1000,55.797023332652,46,40
82,1000,734.495791335444,83,1
93,1000,860.154195390721,93,0
29,1000,134.631557845425,86,57
77,1000,667.94957620734,86,9
44,1000,242.559618981515,81,37
32,1000,151.730780743644,90,58
64,1000,481.315747338046,87,23
11,1000,66.650523531484,87,76
90,1000,827.134227296251,94,4
89,1000,816.352098109029,91,2
13,1000,71.8531985110972,78,65
54,1000,349.093612290139,62,8
53,1000,337.169047269091,93,40
97,1000,921.201845106509,97,0
61,1000,439.520758176637,83,22
51,1000,314.136674975562,89,38
10,1000,64.2322754794971,78,68
10,1000,64.2322754794971,83,73
15,1000,77.5519314687994,81,66
16,1000,80.5928730731785,76,60
59,1000,412.553192714143,80,21
86,1000,782.90756638909,95,9
28,1000,129.366145584782,51,23
11,1000,66.650523531484,66,55
28,1000,129.366145584782,91,63
17,1000,83.7704378937515,79,62
72,1000,596.84846230079,88,16
2,1000,49.5808926394038,85,83
57,1000,386.442928651778,76,19
49,1000,292.238240731737,97,48
64,1000,481.315747338046,78,14
2,1000,49.5808926394038,74,72
24,1000,110.312404860499,60,36
32,1000,151.730780743644,90,58
21,1000,97.9666910015274,64,43
45,1000,251.912218949791,67,22
2,1000,49.5808926394038,98,96
89,1000,816.352098109029,89,0
74,1000,625.645161649607,91,17
66,1000,509.861356739568,70,4
66,1000,509.861356739568,81,15
58,1000,399.38653243056,83,25
26,1000,119.448403841297,77,51
14,1000,74.6408264925534,80,66
18,1000,87.0916713147551,79,61
87,1000,794.295140656917,96,9
83,1000,747.034553555827,90,7
92,1000,848.797861871712,97,5
50,1000,303.044756929457,88,38
75,1000,639.89066396963,85,10
75,1000,639.89066396963,86,11
13,1000,71.8531985110972,65,52
95,1000,886.454367056759,98,3
57,1000,386.442928651778,80,23
29,1000,134.631557845425,84,55
94,1000,872.437232532563,96,2
16,1000,80.5928730731785,57,41
93,1000,860.154195390721,98,5
96,1000,903.601247423089,97,1
66,1000,509.861356739568,83,17
67,1000,524.274758001231,68,1
41,1000,216.208094368535,91,50
75,1000,639.89066396963,78,3
50,1000,303.044756929457,93,43
64,1000,481.315747338046,69,5
45,1000,251.912218949791,63,18
62,1000,453.29066879585,83,21
63,1000,467.228377485822,83,20
29,1000,134.631557845425,84,55
35,1000,170.923053479394,96,61
55,1000,361.28526432121,74,19
65,1000,495.534364490879,72,7
69,1000,553.277720852831,89,20
66,1000,509.861356739568,67,1
21,1000,97.9666910015274,72,51
29,1000,134.631557845425,67,38
29,1000,134.631557845425,57,28
66,1000,509.861356739568,74,8
95,1000,886.454367056759,97,2
59,1000,412.553192714143,75,16
75,1000,639.89066396963,87,12
65,1000,495.534364490879,72,7
67,1000,524.274758001231,67,0
77,1000,667.94957620734,85,8
60,1000,425.936165030342,73,13
50,1000,303.044756929457,81,31
72,1000,596.84846230079,80,8
53,1000,337.169047269091,72,19
48,1000,281.719356771773,76,28
42,1000,224.70813086753,65,23
71,1000,582.349295657669,87,16
98,1000,937.641614648526,98,0
21,1000,97.9666910015274,77,56
62,1000,453.29066879585,81,19
92,1000,848.797861871712,94,2
19,1000,90.5640793015171,90,71
3,1000,50.902024453836,73,70
37,1000,184.963272901178,78,41
80,1000,708.599590064427,98,18
46,1000,261.554069065366,86,40
44,1000,242.559618981515,83,39
14,1000,74.6408264925534,85,71
88,1000,805.429425403583,91,3
2,1000,49.5808926394038,72,70
20,1000,94.1864244003146,78,58
68,1000,538.754391950154,80,12
19,1000,90.5640793015171,56,37
73,1000,611.290197198174,77,4
11,1000,66.650523531484,71,60
60,1000,425.936165030342,89,29
38,1000,192.370035381126,92,54
99,1000,952.380952380952,99,0
59,1000,412.553192714143,78,19
19,1000,90.5640793015171,81,62
95,1000,886.454367056759,95,0
26,1000,119.448403841297,82,56
25,1000,114.78347402896,74,49
80,1000,708.599590064427,96,16
40,1000,207.987689782851,85,45
63,1000,467.228377485822,81,18
25,1000,114.78347402896,93,68
26,1000,119.448403841297,87,61
24,1000,110.312404860499,77,53
64,1000,481.315747338046,64,0
97,1000,921.201845106509,99,2
7,1000,57.7105726582502,53,46
98,1000,937.641614648526,99,1
87,1000,794.295140656917,92,5
11,1000,66.650523531484,74,63
79,1000,695.271433977419,91,12
9,1000,61.9311379896748,84,75
43,1000,233.490678454607,91,48
99,1000,952.380952380952,99,0
6,1000,55.797023332652,74,68
67,1000,524.274758001231,76,9
23,1000,106.025339908229,87,64
9,1000,61.9311379896748,42,33
98,1000,937.641614648526,98,0
32,1000,151.730780743644,55,23
23,1000,106.025339908229,81,58
47,1000,271.491915057168,76,29
25,1000,114.78347402896,74,49
11,1000,66.650523531484,75,64
48,1000,281.719356771773,75,27
56,1000,373.738194833723,77,21
67,1000,524.274758001231,88,21
76,1000,654.000472236003,89,13
19,1000,90.5640793015171,65,46
34,1000,164.284075191295,87,53
59,1000,412.553192714143,75,16
80,1000,708.599590064427,80,0
33,1000,157.885695990008,76,43
33,1000,157.885695990008,80,47
55,1000,361.28526432121,76,21
90,1000,827.134227296251,93,3
59,1000,412.553192714143,84,25
18,1000,87.0916713147551,86,68
89,1000,816.352098109029,96,7
21,1000,97.9666910015274,93,72
88,1000,805.429425403583,95,7
25,1000,114.78347402896,89,64
66,1000,509.861356739568,79,13
13,1000,71.8531985110972,63,50
15,1000,77.5519314687994,77,62
36,1000,177.816654627415,44,8
62,1000,453.29066879585,71,9
46,1000,261.554069065366,63,17
62,1000,453.29066879585,67,5
96,1000,903.601247423089,96,0
93,1000,860.154195390721,97,4
88,1000,805.429425403583,96,8
91,1000,837.889325226866,93,2
2,1000,49.5808926394038,55,53
55,1000,361.28526432121,59,4
56,1000,373.738194833723,66,10
56,1000,373.738194833723,73,17
55,1000,361.28526432121,82,27
14,1000,74.6408264925534,99,85
69,1000,553.277720852831,85,16
10,1000,64.2322754794971,94,84
46,1000,261.554069065366,68,22
74,1000,625.645161649607,81,7
96,1000,903.601247423089,96,0
5,1000,54.0213107058028,83,78
88,1000,805.429425403583,97,9
51,1000,314.136674975562,67,16
70,1000,567.816158564411,78,8
70,1000,567.816158564411,70,0
22,1000,101.91309654211,76,54
79,1000,695.271433977419,89,10
71,1000,582.349295657669,84,13
4,1000,52.3858195895941,75,71
33,1000,157.885695990008,56,23
47,1000,271.491915057168,63,16
10,1000,64.2322754794971,77,67
91,1000,837.889325226866,97,6
33,1000,157.885695990008,74,41
92,1000,848.797861871712,97,5
3,1000,50.902024453836,48,45
65,1000,495.534364490879,92,27
84,1000,759.284493221131,84,0
21,1000,97.9666910015274,95,74
11,1000,66.650523531484,79,68
21,1000,97.9666910015274,52,31
42,1000,224.70813086753,64,22
39,1000,200.044663280973,68,29
23,1000,106.025339908229,77,54
55,1000,361.28526432121,64,9
51,1000,314.136674975562,67,16
38,1000,192.370035381126,79,41
90,1000,827.134227296251,96,6
44,1000,242.559618981515,66,22
48,1000,281.719356771773,58,10
40,1000,207.987689782851,61,21
80,1000,708.599590064427,89,9
46,1000,261.554069065366,77,31
47,1000,271.491915057168,52,5
82,1000,734.495791335444,92,10
41,1000,216.208094368535,74,33
99,1000,952.380952380952,99,0
26,1000,119.448403841297,73,47
2,1000,49.5808926394038,90,88
15,1000,77.5519314687994,78,63
20,1000,94.1864244003146,43,23
19,1000,90.5640793015171,88,69
13,1000,71.8531985110972,78,65
57,1000,386.442928651778,91,34
94,1000,872.437232532563,98,4
25,1000,114.78347402896,79,54
77,1000,667.94957620734,88,11
83,1000,747.034553555827,91,8
49,1000,292.238240731737,76,27
71,1000,582.349295657669,71,0
40,1000,207.987689782851,66,26
90,1000,827.134227296251,95,5
60,1000,425.936165030342,77,17
20,1000,94.1864244003146,73,53
50,1000,303.044756929457,81,31
74,1000,625.645161649607,80,6
4,1000,52.3858195895941,85,81
37,1000,184.963272901178,88,51
7,1000,57.7105726582502,51,44
71,1000,582.349295657669,78,7
50,1000,303.044756929457,79,29
93,1000,860.154195390721,93,0
45,1000,251.912218949791,76,31
80,1000,708.599590064427,93,13
16,1000,80.5928730731785,60,44
28,1000,129.366145584782,97,69
63,1000,467.228377485822,84,21
62,1000,453.29066879585,77,15
44,1000,242.559618981515,86,42
55,1000,361.28526432121,74,19
78,1000,681.715224948003,90,12
12,1000,69.1918432278306,62,50
61,1000,439.520758176637,70,9
99,1000,952.380952380952,99,0
22,1000,101.91309654211,86,64
83,1000,747.034553555827,93,10
26,1000,119.448403841297,76,50
1,1000,48.4327791688962,79,78
33,1000,157.885695990008,55,22
0,1000,64.6321731602545,0,0
52,1000,325.513318392641,83,31
88,1000,805.429425403583,92,4
60,1000,425.936165030342,61,1
9,1000,61.9311379896748,75,66
60,1000,425.936165030342,83,23
18,1000,87.0916713147551,88,70
90,1000,827.134227296251,93,3
73,1000,611.290197198174,82,9
41,1000,216.208094368535,76,35
66,1000,509.861356739568,87,21
71,1000,582.349295657669,79,8
7,1000,57.7105726582502,69,62
32,1000,151.730780743644,76,44
32,1000,151.730780743644,76,44
51,1000,314.136674975562,99,48
21,1000,97.9666910015274,84,63
31,1000,145.806200289297,78,47
91,1000,837.889325226866,93,2
22,1000,101.91309654211,75,53
15,1000,77.5519314687994,58,43
94,1000,872.437232532563,98,4
22,1000,101.91309654211,74,52
45,1000,251.912218949791,83,38
94,1000,872.437232532563,95,1
14,1000,74.6408264925534,90,76
80,1000,708.599590064427,92,12
33,1000,157.885695990008,79,46
50,1000,303.044756929457,78,28
43,1000,233.490678454607,64,21
69,1000,553.277720852831,69,0
47,1000,271.491915057168,86,39
14,1000,74.6408264925534,71,57
35,1000,170.923053479394,66,31
26,1000,119.448403841297,69,43
15,1000,77.5519314687994,84,69
94,1000,872.437232532563,98,4
0,1000,64.6321731602545,76,76
28,1000,129.366145584782,88,60
50,1000,303.044756929457,64,14
49,1000,292.238240731737,51,2
70,1000,567.816158564411,87,17
1,1000,48.4327791688962,82,81
62,1000,453.29066879585,90,28
11,1000,66.650523531484,69,58
37,1000,184.963272901178,88,51
42,1000,224.70813086753,74,32
94,1000,872.437232532563,94,0
63,1000,467.228377485822,85,22
59,1000,412.553192714143,93,34
58,1000,399.38653243056,91,33
79,1000,695.271433977419,97,18
19,1000,90.5640793015171,77,58
2,1000,49.5808926394038,78,76
44,1000,242.559618981515,88,44
83,1000,747.034553555827,83,0
24,1000,110.312404860499,89,65
63,1000,467.228377485822,82,19
1,1000,48.4327791688962,73,72
82,1000,734.495791335444,84,2
93,1000,860.154195390721,97,4
24,1000,110.312404860499,73,49
17,1000,83.7704378937515,77,60
43,1000,233.490678454607,91,48
97,1000,921.201845106509,98,1
97,1000,921.201845106509,98,1
14,1000,74.6408264925534,78,64
72,1000,596.84846230079,80,8
29,1000,134.631557845425,83,54
90,1000,827.134227296251,97,7
77,1000,667.94957620734,79,2
51,1000,314.136674975562,69,18
1,1000,48.4327791688962,96,95
36,1000,177.816654627415,76,40
42,1000,224.70813086753,68,26
23,1000,106.025339908229,92,69
56,1000,373.738194833723,81,25
5,1000,54.0213107058028,90,85
92,1000,848.797861871712,95,3
8,1000,59.7592503545888,81,73
36,1000,177.816654627415,83,47
94,1000,872.437232532563,97,3
22,1000,101.91309654211,78,56
13,1000,71.8531985110972,61,48
34,1000,164.284075191295,55,21
65,1000,495.534364490879,80,15
8,1000,59.7592503545888,87,79
11,1000,66.650523531484,52,41
16,1000,80.5928730731785,86,70
23,1000,106.025339908229,85,62
48,1000,281.719356771773,95,47
95,1000,886.454367056759,96,1
90,1000,827.134227296251,91,1
93,1000,860.154195390721,93,0
74,1000,625.645161649607,83,9
88,1000,805.429425403583,89,1
32,1000,151.730780743644,82,50
9,1000,61.9311379896748,68,59
40,1000,207.987689782851,85,45
40,1000,207.987689782851,93,53
95,1000,886.454367056759,97,2
35,1000,170.923053479394,99,64
1,1000,48.4327791688962,86,85
81,1000,721.680528533244,87,6
31,1000,145.806200289297,92,61
48,1000,281.719356771773,52,4
86,1000,782.90756638909,98,12
36,1000,177.816654627415,73,37
74,1000,625.645161649607,89,15
91,1000,837.889325226866,91,0
58,1000,399.38653243056,91,33
11,1000,66.650523531484,85,74
41,1000,216.208094368535,83,42
93,1000,860.154195390721,97,4
93,1000,860.154195390721,95,2
30,1000,140.107720526217,85,55
88,1000,805.429425403583,90,2
70,1000,567.816158564411,93,23
38,1000,192.370035381126,88,50
94,1000,872.437232532563,96,2
74,1000,625.645161649607,80,6
57,1000,386.442928651778,79,22
30,1000,140.107720526217,71,41
95,1000,886.454367056759,96,1
44,1000,242.559618981515,64,20
29,1000,134.631557845425,53,24
28,1000,129.366145584782,62,34
9,1000,61.9311379896748,68,59
4,1000,52.3858195895941,74,70
42,1000,224.70813086753,76,34
43,1000,233.490678454607,66,23
57,1000,386.442928651778,87,30
34,1000,164.284075191295,78,44
76,1000,654.000472236003,89,13
68,1000,538.754391950154,68,0
88,1000,805.429425403583,89,1
19,1000,90.5640793015171,84,65
59,1000,412.553192714143,71,12
20,1000,94.1864244003146,90,70
95,1000,886.454367056759,99,4
38,1000,192.370035381126,76,38
84,1000,759.284493221131,85,1
27,1000,124.308672403649,63,36
52,1000,325.513318392641,88,36
57,1000,386.442928651778,68,11
41,1000,216.208094368535,82,41
54,1000,349.093612290139,71,17
88,1000,805.429425403583,98,10
84,1000,759.284493221131,87,3
53,1000,337.169047269091,84,31
19,1000,90.5640793015171,63,44
95,1000,886.454367056759,97,2
13,1000,71.8531985110972,67,54
70,1000,567.816158564411,92,22
40,1000,207.987689782851,76,36
43,1000,233.490678454607,62,19
88,1000,805.429425403583,96,8
7,1000,57.7105726582502,93,86
65,1000,495.534364490879,78,13
20,1000,94.1864244003146,82,62
28,1000,129.366145584782,95,67
58,1000,399.38653243056,81,23
29,1000,134.631557845425,64,35
23,1000,106.025339908229,67,44
23,1000,106.025339908229,77,54
99,1000,952.380952380952,99,0
75,1000,639.89066396963,80,5
39,1000,200.044663280973,74,35
41,1000,216.208094368535,71,30
58,1000,399.38653243056,94,36
30,1000,140.107720526217,73,43
71,1000,582.349295657669,86,15
59,1000,412.553192714143,82,23
80,1000,708.599590064427,87,7
11,1000,66.650523531484,90,79
15,1000,77.5519314687994,65,50
85,1000,771.241077816393,90,5
56,1000,373.738194833723,70,14
24,1000,110.312404860499,76,52
54,1000,349.093612290139,74,20
63,1000,467.228377485822,74,11
52,1000,325.513318392641,85,33
94,1000,872.437232532563,94,0
22,1000,101.91309654211,83,61
72,1000,596.84846230079,86,14
41,1000,216.208094368535,93,52
47,1000,271.491915057168,65,18
46,1000,261.554069065366,62,16
22,1000,101.91309654211,72,50
67,1000,524.274758001231,87,20
70,1000,567.816158564411,70,0
6,1000,55.797023332652,56,50
3,1000,50.902024453836,55,52
12,1000,69.1918432278306,90,78
49,1000,292.238240731737,88,39
96,1000,903.601247423089,96,0
58,1000,399.38653243056,69,11
98,1000,937.641614648526,98,0
96,1000,903.601247423089,97,1
11,1000,66.650523531484,71,60
23,1000,106.025339908229,75,52
99,1000,952.380952380952,99,0
97,1000,921.201845106509,98,1
17,1000,83.7704378937515,56,39
81,1000,721.680528533244,90,9
14,1000,74.6408264925534,59,45
36,1000,177.816654627415,91,55
29,1000,134.631557845425,72,43
80,1000,708.599590064427,87,7
76,1000,654.000472236003,88,12
14,1000,74.6408264925534,66,52
92,1000,848.797861871712,93,1
80,1000,708.599590064427,87,7
50,1000,303.044756929457,90,40
43,1000,233.490678454607,82,39
9,1000,61.9311379896748,78,69
83,1000,747.034553555827,89,6
41,1000,216.208094368535,90,49
53,1000,337.169047269091,83,30
87,1000,794.295140656917,90,3
41,1000,216.208094368535,86,45
89,1000,816.352098109029,89,0
34,1000,164.284075191295,79,45
67,1000,524.274758001231,85,18
24,1000,110.312404860499,78,54
86,1000,782.90756638909,89,3
5,1000,54.0213107058028,85,80
41,1000,216.208094368535,52,11
3,1000,50.902024453836,37,34
91,1000,837.889325226866,94,3
54,1000,349.093612290139,69,15
17,1000,83.7704378937515,76,59
54,1000,349.093612290139,57,3
63,1000,467.228377485822,77,14
56,1000,373.738194833723,77,21
47,1000,271.491915057168,82,35
24,1000,110.312404860499,88,64
29,1000,134.631557845425,92,63
32,1000,151.730780743644,70,38
15,1000,77.5519314687994,78,63
49,1000,292.238240731737,86,37
6,1000,55.797023332652,67,61
76,1000,654.000472236003,82,6
5,1000,54.0213107058028,73,68
71,1000,582.349295657669,91,20
78,1000,681.715224948003,83,5
84,1000,759.284493221131,85,1
11,1000,66.650523531484,64,53
80,1000,708.599590064427,94,14
45,1000,251.912218949791,58,13
13,1000,71.8531985110972,89,76
87,1000,794.295140656917,96,9
64,1000,481.315747338046,75,11
51,1000,314.136674975562,67,16
17,1000,83.7704378937515,77,60
28,1000,129.366145584782,58,30
53,1000,337.169047269091,68,15
37,1000,184.963272901178,46,9
54,1000,349.093612290139,62,8
68,1000,538.754391950154,69,1
9,1000,61.9311379896748,87,78
6,1000,55.797023332652,85,79
99,1000,952.380952380952,99,0
16,1000,80.5928730731785,88,72
24,1000,110.312404860499,86,62
4,1000,52.3858195895941,65,61
43,1000,233.490678454607,69,26
2,1000,49.5808926394038,87,85
25,1000,114.78347402896,80,55
49,1000,292.238240731737,68,19
85,1000,771.241077816393,87,2
60,1000,425.936165030342,89,29
69,1000,553.277720852831,93,24
14,1000,74.6408264925534,83,69
7,1000,57.7105726582502,71,64
8,1000,59.7592503545888,68,60
33,1000,157.885695990008,75,42
29,1000,134.631557845425,57,28
43,1000,233.490678454607,97,54
69,1000,553.277720852831,85,16
76,1000,654.000472236003,79,3
50,1000,303.044756929457,95,45
86,1000,782.90756638909,90,4
86,1000,782.90756638909,94,8
97,1000,921.201845106509,98,1
6,1000,55.797023332652,65,59
4,1000,52.3858195895941,87,83
82,1000,734.495791335444,89,7
97,1000,921.201845106509,97,0
18,1000,87.0916713147551,64,46
62,1000,453.29066879585,92,30
79,1000,695.271433977419,84,5
85,1000,771.241077816393,85,0
24,1000,110.312404860499,83,59
75,1000,639.89066396963,85,10
20,1000,94.1864244003146,75,55
5,1000,54.0213107058028,81,76
20,1000,94.1864244003146,71,51
35,1000,170.923053479394,79,44
71,1000,582.349295657669,94,23
89,1000,816.352098109029,95,6
78,1000,681.715224948003,94,16
17,1000,83.7704378937515,84,67
71,1000,582.349295657669,79,8
30,1000,140.107720526217,86,56
52,1000,325.513318392641,79,27
25,1000,114.78347402896,80,55
55,1000,361.28526432121,82,27
93,1000,860.154195390721,98,5
81,1000,721.680528533244,88,7
21,1000,97.9666910015274,83,62
42,1000,224.70813086753,80,38
39,1000,200.044663280973,66,27
42,1000,224.70813086753,78,36
26,1000,119.448403841297,87,61
57,1000,386.442928651778,59,2
32,1000,151.730780743644,91,59
85,1000,771.241077816393,98,13
89,1000,816.352098109029,91,2
39,1000,200.044663280973,93,54
8,1000,59.7592503545888,90,82
18,1000,87.0916713147551,88,70
58,1000,399.38653243056,74,16
30,1000,140.107720526217,61,31
1,1000,48.4327791688962,75,74
64,1000,481.315747338046,72,8
76,1000,654.000472236003,82,6
37,1000,184.963272901178,83,46
62,1000,453.29066879585,75,13
54,1000,349.093612290139,87,33
54,1000,349.093612290139,85,31
71,1000,582.349295657669,75,4
49,1000,292.238240731737,91,42
38,1000,192.370035381126,86,48
26,1000,119.448403841297,79,53
86,1000,782.90756638909,89,3
80,1000,708.599590064427,80,0
50,1000,303.044756929457,77,27
87,1000,794.295140656917,91,4
68,1000,538.754391950154,95,27
20,1000,94.1864244003146,77,57
17,1000,83.7704378937515,49,32
77,1000,667.94957620734,81,4
8,1000,59.7592503545888,90,82
18,1000,87.0916713147551,83,65
71,1000,582.349295657669,74,3
4,1000,52.3858195895941,96,92
0,1000,64.6321731602545,72,72
45,1000,251.912218949791,94,49
61,1000,439.520758176637,90,29
32,1000,151.730780743644,92,60
53,1000,337.169047269091,98,45
78,1000,681.715224948003,90,12
26,1000,119.448403841297,83,57
64,1000,481.315747338046,90,26
38,1000,192.370035381126,83,45
45,1000,251.912218949791,74,29
30,1000,140.107720526217,80,50
31,1000,145.806200289297,61,30
69,1000,553.277720852831,77,8
74,1000,625.645161649607,77,3
34,1000,164.284075191295,91,57
82,1000,734.495791335444,95,13
43,1000,233.490678454607,50,7
73,1000,611.290197198174,93,20
1,1000,48.4327791688962,83,82
59,1000,412.553192714143,73,14
0,1000,64.6321731602545,78,78
19,1000,90.5640793015171,92,73
85,1000,771.241077816393,95,10
41,1000,216.208094368535,87,46
47,1000,271.491915057168,81,34
34,1000,164.284075191295,82,48
96,1000,903.601247423089,96,0
70,1000,567.816158564411,84,14
55,1000,361.28526432121,58,3
46,1000,261.554069065366,79,33
84,1000,759.284493221131,90,6
37,1000,184.963272901178,37,0
45,1000,251.912218949791,86,41
49,1000,292.238240731737,89,40
66,1000,509.861356739568,72,6
94,1000,872.437232532563,97,3
40,1000,207.987689782851,66,26
96,1000,903.601247423089,97,1
20,1000,94.1864244003146,80,60
69,1000,553.277720852831,79,10
30,1000,140.107720526217,43,13
34,1000,164.284075191295,76,42
2,1000,49.5808926394038,80,78
40,1000,207.987689782851,79,39
92,1000,848.797861871712,95,3
32,1000,151.730780743644,88,56
23,1000,106.025339908229,77,54
76,1000,654.000472236003,89,13
82,1000,734.495791335444,83,1
93,1000,860.154195390721,96,3
86,1000,782.90756638909,89,3
28,1000,129.366145584782,86,58
81,1000,721.680528533244,93,12
48,1000,281.719356771773,95,47
69,1000,553.277720852831,96,27
69,1000,553.277720852831,81,12
10,1000,64.2322754794971,56,46
47,1000,271.491915057168,73,26
94,1000,872.437232532563,95,1
54,1000,349.093612290139,93,39
35,1000,170.923053479394,70,35
24,1000,110.312404860499,41,17
15,1000,77.5519314687994,63,48
5,1000,54.0213107058028,90,85
12,1000,69.1918432278306,69,57
5,1000,54.0213107058028,89,84
24,1000,110.312404860499,26,2
34,1000,164.284075191295,63,29
39,1000,200.044663280973,87,48
12,1000,69.1918432278306,84,72
56,1000,373.738194833723,88,32
40,1000,207.987689782851,57,17
76,1000,654.000472236003,80,4
84,1000,759.284493221131,84,0
20,1000,94.1864244003146,76,56
13,1000,71.8531985110972,90,77
90,1000,827.134227296251,98,8
11,1000,66.650523531484,57,46
16,1000,80.5928730731785,87,71
52,1000,325.513318392641,59,7
20,1000,94.1864244003146,81,61
53,1000,337.169047269091,70,17
86,1000,782.90756638909,87,1
42,1000,224.70813086753,75,33
49,1000,292.238240731737,60,11
70,1000,567.816158564411,80,10
13,1000,71.8531985110972,84,71
65,1000,495.534364490879,83,18
86,1000,782.90756638909,88,2
32,1000,151.730780743644,61,29
86,1000,782.90756638909,87,1
56,1000,373.738194833723,85,29
32,1000,151.730780743644,73,41
85,1000,771.241077816393,92,7
49,1000,292.238240731737,76,27
19,1000,90.5640793015171,22,3
0,1000,64.6321731602545,80,80
31,1000,145.806200289297,74,43
15,1000,77.5519314687994,66,51
53,1000,337.169047269091,85,32
80,1000,708.599590064427,92,12
5,1000,54.0213107058028,67,62
1,1000,48.4327791688962,80,79
91,1000,837.889325226866,91,0
92,1000,848.797861871712,93,1
63,1000,467.228377485822,91,28
51,1000,314.136674975562,89,38
43,1000,233.490678454607,66,23
71,1000,582.349295657669,81,10
86,1000,782.90756638909,89,3
80,1000,708.599590064427,85,5
11,1000,66.650523531484,71,60
44,1000,242.559618981515,71,27
17,1000,83.7704378937515,54,37
89,1000,816.352098109029,93,4
75,1000,639.89066396963,89,14
89,1000,816.352098109029,91,2
73,1000,611.290197198174,82,9
59,1000,412.553192714143,79,20
73,1000,611.290197198174,78,5
14,1000,74.6408264925534,96,82
80,1000,708.599590064427,88,8
29,1000,134.631557845425,71,42
4,1000,52.3858195895941,64,60
46,1000,261.554069065366,92,46
59,1000,412.553192714143,79,20
87,1000,794.295140656917,92,5
65,1000,495.534364490879,81,16
16,1000,80.5928730731785,57,41
36,1000,177.816654627415,65,29
58,1000,399.38653243056,67,9
32,1000,151.730780743644,70,38
87,1000,794.295140656917,95,8
56,1000,373.738194833723,91,35
22,1000,101.91309654211,61,39
48,1000,281.719356771773,75,27
15,1000,77.5519314687994,87,72
68,1000,538.754391950154,93,25
87,1000,794.295140656917,94,7
49,1000,292.238240731737,52,3
31,1000,145.806200289297,64,33
4,1000,52.3858195895941,68,64
23,1000,106.025339908229,87,64
56,1000,373.738194833723,81,25
11,1000,66.650523531484,75,64
17,1000,83.7704378937515,93,76
81,1000,721.680528533244,91,10
79,1000,695.271433977419,82,3
95,1000,886.454367056759,97,2
91,1000,837.889325226866,95,4
71,1000,582.349295657669,74,3
80,1000,708.599590064427,87,7
84,1000,759.284493221131,97,13
68,1000,538.754391950154,91,23
33,1000,157.885695990008,76,43
31,1000,145.806200289297,72,41
66,1000,509.861356739568,85,19
94,1000,872.437232532563,95,1
65,1000,495.534364490879,84,19
75,1000,639.89066396963,77,2
20,1000,94.1864244003146,71,51
22,1000,101.91309654211,80,58
72,1000,596.84846230079,80,8
41,1000,216.208094368535,71,30
87,1000,794.295140656917,92,5
19,1000,90.5640793015171,95,76
33,1000,157.885695990008,42,9
79,1000,695.271433977419,85,6
86,1000,782.90756638909,89,3
60,1000,425.936165030342,86,26
91,1000,837.889325226866,96,5
64,1000,481.315747338046,77,13
98,1000,937.641614648526,98,0
0,1000,64.6321731602545,80,80
71,1000,582.349295657669,85,14
86,1000,782.90756638909,99,13
80,1000,708.599590064427,90,10
18,1000,87.0916713147551,48,30
12,1000,69.1918432278306,89,77
43,1000,233.490678454607,84,41
42,1000,224.70813086753,91,49
8,1000,59.7592503545888,84,76
26,1000,119.448403841297,88,62
48,1000,281.719356771773,78,30
31,1000,145.806200289297,80,49
25,1000,114.78347402896,88,63
77,1000,667.94957620734,83,6
86,1000,782.90756638909,89,3
21,1000,97.9666910015274,91,70
68,1000,538.754391950154,78,10
6,1000,55.797023332652,65,59
47,1000,271.491915057168,79,32
90,1000,827.134227296251,90,0
94,1000,872.437232532563,98,4
90,1000,827.134227296251,96,6
94,1000,872.437232532563,98,4
99,1000,952.380952380952,99,0
24,1000,110.312404860499,56,32
37,1000,184.963272901178,88,51
17,1000,83.7704378937515,94,77
67,1000,524.274758001231,69,2
99,1000,952.380952380952,99,0
42,1000,224.70813086753,60,18
35,1000,170.923053479394,73,38
23,1000,106.025339908229,84,61
68,1000,538.754391950154,94,26
45,1000,251.912218949791,61,16
64,1000,481.315747338046,95,31
27,1000,124.308672403649,91,64
91,1000,837.889325226866,97,6
69,1000,553.277720852831,81,12
39,1000,200.044663280973,97,58
85,1000,771.241077816393,88,3
5,1000,54.0213107058028,73,68
87,1000,794.295140656917,90,3
99,1000,952.380952380952,99,0
47,1000,271.491915057168,90,43
16,1000,80.5928730731785,78,62
6,1000,55.797023332652,49,43
28,1000,129.366145584782,91,63
33,1000,157.885695990008,83,50
58,1000,399.38653243056,67,9
63,1000,467.228377485822,95,32
10,1000,64.2322754794971,96,86
75,1000,639.89066396963,90,15
95,1000,886.454367056759,95,0
69,1000,553.277720852831,81,12
39,1000,200.044663280973,72,33
87,1000,794.295140656917,96,9
32,1000,151.730780743644,80,48
37,1000,184.963272901178,58,21
99,1000,952.380952380952,99,0
21,1000,97.9666910015274,70,49
46,1000,261.554069065366,99,53
52,1000,325.513318392641,83,31
40,1000,207.987689782851,83,43
1,1000,48.4327791688962,86,85
21,1000,97.9666910015274,63,42
49,1000,292.238240731737,86,37
2,1000,49.5808926394038,72,70
16,1000,80.5928730731785,94,78
73,1000,611.290197198174,80,7
43,1000,233.490678454607,50,7
90,1000,827.134227296251,90,0
52,1000,325.513318392641,79,27
91,1000,837.889325226866,98,7
87,1000,794.295140656917,94,7
57,1000,386.442928651778,87,30
40,1000,207.987689782851,75,35
23,1000,106.025339908229,87,64
43,1000,233.490678454607,71,28
37,1000,184.963272901178,57,20
24,1000,110.312404860499,91,67
3,1000,50.902024453836,73,70
44,1000,242.559618981515,64,20
9,1000,61.9311379896748,76,67
13,1000,71.8531985110972,74,61
44,1000,242.559618981515,76,32
96,1000,903.601247423089,96,0
7,1000,57.7105726582502,73,66
98,1000,937.641614648526,99,1
9,1000,61.9311379896748,42,33
58,1000,399.38653243056,68,10
50,1000,303.044756929457,86,36
29,1000,134.631557845425,79,50
57,1000,386.442928651778,78,21
26,1000,119.448403841297,85,59
53,1000,337.169047269091,59,6
26,1000,119.448403841297,81,55
87,1000,794.295140656917,94,7
78,1000,681.715224948003,86,8
75,1000,639.89066396963,78,3
28,1000,129.366145584782,62,34
46,1000,261.554069065366,82,36
58,1000,399.38653243056,79,21
67,1000,524.274758001231,73,6
13,1000,71.8531985110972,76,63
62,1000,453.29066879585,72,10
2,1000,49.5808926394038,94,92
6,1000,55.797023332652,70,64
5,1000,54.0213107058028,66,61
84,1000,759.284493221131,87,3
71,1000,582.349295657669,79,8
49,1000,292.238240731737,60,11
78,1000,681.715224948003,79,1
54,1000,349.093612290139,56,2
70,1000,567.816158564411,79,9
83,1000,747.034553555827,90,7
90,1000,827.134227296251,91,1
55,1000,361.28526432121,70,15
85,1000,771.241077816393,94,9
16,1000,80.5928730731785,84,68
40,1000,207.987689782851,80,40
16,1000,80.5928730731785,87,71
78,1000,681.715224948003,86,8
11,1000,66.650523531484,75,64
46,1000,261.554069065366,71,25
78,1000,681.715224948003,82,4
63,1000,467.228377485822,74,11
55,1000,361.28526432121,81,26
88,1000,805.429425403583,90,2
83,1000,747.034553555827,87,4
84,1000,759.284493221131,94,10
65,1000,495.534364490879,88,23
34,1000,164.284075191295,66,32
22,1000,101.91309654211,69,47
17,1000,83.7704378937515,48,31
26,1000,119.448403841297,81,55
6,1000,55.797023332652,78,72
72,1000,596.84846230079,92,20
52,1000,325.513318392641,92,40
7,1000,57.7105726582502,62,55
50,1000,303.044756929457,76,26
72,1000,596.84846230079,74,2
18,1000,87.0916713147551,92,74
91,1000,837.889325226866,93,2
88,1000,805.429425403583,89,1
51,1000,314.136674975562,84,33
55,1000,361.28526432121,92,37
97,1000,921.201845106509,97,0
56,1000,373.738194833723,84,28
76,1000,654.000472236003,83,7
17,1000,83.7704378937515,47,30
29,1000,134.631557845425,57,28
52,1000,325.513318392641,75,23
54,1000,349.093612290139,82,28
29,1000,134.631557845425,74,45
37,1000,184.963272901178,57,20
83,1000,747.034553555827,90,7
21,1000,97.9666910015274,72,51
95,1000,886.454367056759,96,1
74,1000,625.645161649607,85,11
1,1000,48.4327791688962,66,65
14,1000,74.6408264925534,65,51
27,1000,124.308672403649,67,40
82,1000,734.495791335444,89,7
92,1000,848.797861871712,94,2
84,1000,759.284493221131,90,6
50,1000,303.044756929457,86,36
76,1000,654.000472236003,84,8
67,1000,524.274758001231,92,25
27,1000,124.308672403649,75,48
22,1000,101.91309654211,68,46
5,1000,54.0213107058028,82,77
7,1000,57.7105726582502,45,38
7,1000,57.7105726582502,90,83
32,1000,151.730780743644,83,51
85,1000,771.241077816393,96,11
11,1000,66.650523531484,91,80
57,1000,386.442928651778,94,37
47,1000,271.491915057168,77,30
97,1000,921.201845106509,97,0
4,1000,52.3858195895941,36,32
99,1000,952.380952380952,99,0
57,1000,386.442928651778,82,25
30,1000,140.107720526217,42,12
73,1000,611.290197198174,85,12
65,1000,495.534364490879,69,4
35,1000,170.923053479394,78,43
63,1000,467.228377485822,67,4
15,1000,77.5519314687994,75,60
16,1000,80.5928730731785,73,57
12,1000,69.1918432278306,91,79
41,1000,216.208094368535,74,33
23,1000,106.025339908229,98,75
88,1000,805.429425403583,91,3
82,1000,734.495791335444,92,10
31,1000,145.806200289297,83,52
46,1000,261.554069065366,74,28
14,1000,74.6408264925534,66,52
16,1000,80.5928730731785,86,70
15,1000,77.5519314687994,36,21
75,1000,639.89066396963,86,11
61,1000,439.520758176637,87,26
23,1000,106.025339908229,35,12
71,1000,582.349295657669,88,17
92,1000,848.797861871712,95,3
63,1000,467.228377485822,70,7
38,1000,192.370035381126,88,50
19,1000,90.5640793015171,79,60
53,1000,337.169047269091,64,11
73,1000,611.290197198174,79,6
81,1000,721.680528533244,90,9
14,1000,74.6408264925534,63,49
34,1000,164.284075191295,65,31
57,1000,386.442928651778,65,8
32,1000,151.730780743644,49,17
4,1000,52.3858195895941,67,63
36,1000,177.816654627415,83,47
54,1000,349.093612290139,75,21
18,1000,87.0916713147551,77,59
9,1000,61.9311379896748,65,56
72,1000,596.84846230079,85,13
32,1000,151.730780743644,87,55
90,1000,827.134227296251,91,1
10,1000,64.2322754794971,65,55
16,1000,80.5928730731785,70,54
89,1000,816.352098109029,89,0
8,1000,59.7592503545888,79,71
43,1000,233.490678454607,75,32
83,1000,747.034553555827,86,3
28,1000,129.366145584782,93,65
47,1000,271.491915057168,98,51
23,1000,106.025339908229,83,60
89,1000,816.352098109029,92,3
18,1000,87.0916713147551,70,52
32,1000,151.730780743644,80,48
54,1000,349.093612290139,92,38
3,1000,50.902024453836,56,53
23,1000,106.025339908229,67,44
73,1000,611.290197198174,77,4
37,1000,184.963272901178,92,55
6,1000,55.797023332652,48,42
34,1000,164.284075191295,81,47
26,1000,119.448403841297,86,60
35,1000,170.923053479394,84,49
12,1000,69.1918432278306,62,50
82,1000,734.495791335444,89,7
7,1000,57.7105726582502,66,59
61,1000,439.520758176637,90,29
73,1000,611.290197198174,79,6
97,1000,921.201845106509,98,1
46,1000,261.554069065366,67,21
60,1000,425.936165030342,71,11
70,1000,567.816158564411,84,14
20,1000,94.1864244003146,97,77
86,1000,782.90756638909,90,4
81,1000,721.680528533244,88,7
91,1000,837.889325226866,92,1
22,1000,101.91309654211,52,30
6,1000,55.797023332652,86,80
51,1000,314.136674975562,93,42
78,1000,681.715224948003,79,1
73,1000,611.290197198174,92,19
21,1000,97.9666910015274,87,66
32,1000,151.730780743644,94,62
29,1000,134.631557845425,67,38
51,1000,314.136674975562,85,34
5,1000,54.0213107058028,85,80
24,1000,110.312404860499,78,54
89,1000,816.352098109029,91,2
65,1000,495.534364490879,77,12
85,1000,771.241077816393,86,1
23,1000,106.025339908229,91,68
49,1000,292.238240731737,85,36
62,1000,453.29066879585,73,11
97,1000,921.201845106509,98,1
30,1000,140.107720526217,98,68
16,1000,80.5928730731785,72,56
97,1000,921.201845106509,97,0
41,1000,216.208094368535,55,14
65,1000,495.534364490879,77,12
94,1000,872.437232532563,98,4
67,1000,524.274758001231,71,4
15,1000,77.5519314687994,89,74
0,1000,64.6321731602545,73,73
27,1000,124.308672403649,75,48
1,1000,48.4327791688962,29,28
86,1000,782.90756638909,87,1
5,1000,54.0213107058028,69,64
8,1000,59.7592503545888,81,73
31,1000,145.806200289297,88,57
58,1000,399.38653243056,69,11
17,1000,83.7704378937515,63,46
82,1000,734.495791335444,84,2
51,1000,314.136674975562,76,25
29,1000,134.631557845425,87,58
46,1000,261.554069065366,87,41
13,1000,71.8531985110972,60,47
85,1000,771.241077816393,89,4
65,1000,495.534364490879,74,9
66,1000,509.861356739568,78,12
92,1000,848.797861871712,93,1
66,1000,509.861356739568,71,5
19,1000,90.5640793015171,61,42
21,1000,97.9666910015274,70,49
85,1000,771.241077816393,87,2
67,1000,524.274758001231,79,12
12,1000,69.1918432278306,77,65
46,1000,261.554069065366,83,37
52,1000,325.513318392641,73,21
7,1000,57.7105726582502,76,69
41,1000,216.208094368535,85,44
62,1000,453.29066879585,92,30
43,1000,233.490678454607,75,32
40,1000,207.987689782851,46,6
21,1000,97.9666910015274,77,56
18,1000,87.0916713147551,83,65
23,1000,106.025339908229,86,63
97,1000,921.201845106509,97,0
25,1000,114.78347402896,58,33
70,1000,567.816158564411,89,19
3,1000,50.902024453836,78,75
33,1000,157.885695990008,94,61
6,1000,55.797023332652,90,84
51,1000,314.136674975562,79,28
96,1000,903.601247423089,99,3
73,1000,611.290197198174,80,7
20,1000,94.1864244003146,84,64
52,1000,325.513318392641,78,26
83,1000,747.034553555827,85,2
78,1000,681.715224948003,98,20
89,1000,816.352098109029,96,7
9,1000,61.9311379896748,77,68
98,1000,937.641614648526,98,0
46,1000,261.554069065366,77,31
75,1000,639.89066396963,77,2
82,1000,734.495791335444,96,14
56,1000,373.738194833723,78,22
93,1000,860.154195390721,93,0
62,1000,453.29066879585,62,0
40,1000,207.987689782851,84,44
9,1000,61.9311379896748,73,64
70,1000,567.816158564411,74,4
60,1000,425.936165030342,86,26
49,1000,292.238240731737,57,8
5,1000,54.0213107058028,48,43
75,1000,639.89066396963,93,18
80,1000,708.599590064427,83,3
98,1000,937.641614648526,98,0
18,1000,87.0916713147551,87,69
62,1000,453.29066879585,85,23
4,1000,52.3858195895941,67,63
75,1000,639.89066396963,77,2
20,1000,94.1864244003146,64,44
20,1000,94.1864244003146,86,66
35,1000,170.923053479394,85,50
86,1000,782.90756638909,90,4
84,1000,759.284493221131,87,3
95,1000,886.454367056759,97,2
68,1000,538.754391950154,78,10
82,1000,734.495791335444,82,0
94,1000,872.437232532563,94,0
6,1000,55.797023332652,74,68
38,1000,192.370035381126,77,39
40,1000,207.987689782851,64,24
78,1000,681.715224948003,84,6
64,1000,481.315747338046,85,21
41,1000,216.208094368535,83,42
82,1000,734.495791335444,98,16
33,1000,157.885695990008,91,58
57,1000,386.442928651778,73,16
90,1000,827.134227296251,95,5
1,1000,48.4327791688962,86,85
63,1000,467.228377485822,87,24
38,1000,192.370035381126,51,13
21,1000,97.9666910015274,37,16
8,1000,59.7592503545888,72,64
97,1000,921.201845106509,97,0
71,1000,582.349295657669,97,26
26,1000,119.448403841297,80,54
66,1000,509.861356739568,90,24
48,1000,281.719356771773,76,28
57,1000,386.442928651778,63,6
94,1000,872.437232532563,96,2
43,1000,233.490678454607,79,36
34,1000,164.284075191295,57,23
41,1000,216.208094368535,67,26
17,1000,83.7704378937515,71,54
73,1000,611.290197198174,90,17
95,1000,886.454367056759,99,4
74,1000,625.645161649607,76,2
47,1000,271.491915057168,72,25
48,1000,281.719356771773,95,47
28,1000,129.366145584782,97,69
97,1000,921.201845106509,98,1
56,1000,373.738194833723,88,32
8,1000,59.7592503545888,91,83
80,1000,708.599590064427,90,10
3,1000,50.902024453836,67,64
42,1000,224.70813086753,83,41
58,1000,399.38653243056,91,33
19,1000,90.5640793015171,95,76
92,1000,848.797861871712,96,4
36,1000,177.816654627415,83,47
0,1000,64.6321731602545,81,81
83,1000,747.034553555827,83,0
64,1000,481.315747338046,82,18
75,1000,639.89066396963,77,2
18,1000,87.0916713147551,83,65
88,1000,805.429425403583,97,9
28,1000,129.366145584782,55,27
54,1000,349.093612290139,93,39
52,1000,325.513318392641,81,29
51,1000,314.136674975562,93,42
4,1000,52.3858195895941,99,95
60,1000,425.936165030342,96,36
71,1000,582.349295657669,86,15
29,1000,134.631557845425,86,57
35,1000,170.923053479394,81,46
81,1000,721.680528533244,93,12
51,1000,314.136674975562,53,2
4,1000,52.3858195895941,70,66
67,1000,524.274758001231,92,25
7,1000,57.7105726582502,86,79
85,1000,771.241077816393,95,10
74,1000,625.645161649607,90,16
50,1000,303.044756929457,76,26
87,1000,794.295140656917,96,9
37,1000,184.963272901178,78,41
52,1000,325.513318392641,75,23
80,1000,708.599590064427,88,8
41,1000,216.208094368535,71,30
24,1000,110.312404860499,85,61
40,1000,207.987689782851,76,36
53,1000,337.169047269091,93,40
43,1000,233.490678454607,78,35
11,1000,66.650523531484,63,52
2,1000,49.5808926394038,76,74
91,1000,837.889325226866,91,0
17,1000,83.7704378937515,66,49
23,1000,106.025339908229,70,47
28,1000,129.366145584782,61,33
5,1000,54.0213107058028,94,89
75,1000,639.89066396963,78,3
37,1000,184.963272901178,91,54
38,1000,192.370035381126,57,19
21,1000,97.9666910015274,82,61
85,1000,771.241077816393,95,10
56,1000,373.738194833723,91,35
52,1000,325.513318392641,74,22
35,1000,170.923053479394,86,51
95,1000,886.454367056759,96,1
96,1000,903.601247423089,98,2
43,1000,233.490678454607,81,38
25,1000,114.78347402896,67,42
52,1000,325.513318392641,77,25
35,1000,170.923053479394,70,35
40,1000,207.987689782851,75,35
89,1000,816.352098109029,95,6
62,1000,453.29066879585,88,26
92,1000,848.797861871712,94,2
5,1000,54.0213107058028,78,73
2,1000,49.5808926394038,59,57
75,1000,639.89066396963,77,2
92,1000,848.797861871712,92,0
52,1000,325.513318392641,53,1
51,1000,314.136674975562,72,21
18,1000,87.0916713147551,45,27
47,1000,271.491915057168,86,39
58,1000,399.38653243056,68,10
77,1000,667.94957620734,94,17
15,1000,77.5519314687994,85,70
55,1000,361.28526432121,63,8
17,1000,83.7704378937515,78,61
86,1000,782.90756638909,90,4
41,1000,216.208094368535,72,31
7,1000,57.7105726582502,63,56
96,1000,903.601247423089,96,0
20,1000,94.1864244003146,77,57
2,1000,49.5808926394038,92,90
97,1000,921.201845106509,98,1
98,1000,937.641614648526,98,0
37,1000,184.963272901178,82,45
65,1000,495.534364490879,77,12
95,1000,886.454367056759,96,1
47,1000,271.491915057168,81,34
14,1000,74.6408264925534,73,59
56,1000,373.738194833723,65,9
53,1000,337.169047269091,82,29
33,1000,157.885695990008,81,48
41,1000,216.208094368535,49,8
82,1000,734.495791335444,82,0
16,1000,80.5928730731785,90,74
83,1000,747.034553555827,85,2
54,1000,349.093612290139,77,23
55,1000,361.28526432121,76,21
23,1000,106.025339908229,77,54
37,1000,184.963272901178,81,44
82,1000,734.495791335444,83,1
41,1000,216.208094368535,62,21
86,1000,782.90756638909,90,4
38,1000,192.370035381126,70,32
53,1000,337.169047269091,62,9
43,1000,233.490678454607,93,50
74,1000,625.645161649607,94,20
77,1000,667.94957620734,96,19
98,1000,937.641614648526,98,0
82,1000,734.495791335444,88,6
78,1000,681.715224948003,88,10
85,1000,771.241077816393,88,3
18,1000,87.0916713147551,52,34
54,1000,349.093612290139,93,39
12,1000,69.1918432278306,67,55
50,1000,303.044756929457,75,25
29,1000,134.631557845425,61,32
75,1000,639.89066396963,84,9
5,1000,54.0213107058028,67,62
46,1000,261.554069065366,66,20
3,1000,50.902024453836,80,77
51,1000,314.136674975562,93,42
54,1000,349.093612290139,63,9
22,1000,101.91309654211,88,66
81,1000,721.680528533244,85,4
37,1000,184.963272901178,55,18
60,1000,425.936165030342,74,14
35,1000,170.923053479394,69,34
96,1000,903.601247423089,97,1
69,1000,553.277720852831,69,0
78,1000,681.715224948003,89,11
52,1000,325.513318392641,63,11
90,1000,827.134227296251,90,0
80,1000,708.599590064427,82,2
36,1000,177.816654627415,59,23
14,1000,74.6408264925534,80,66
97,1000,921.201845106509,97,0
49,1000,292.238240731737,58,9
85,1000,771.241077816393,90,5
1,1000,48.4327791688962,72,71
44,1000,242.559618981515,77,33
56,1000,373.738194833723,74,18
82,1000,734.495791335444,87,5
61,1000,439.520758176637,84,23
34,1000,164.284075191295,60,26
5,1000,54.0213107058028,73,68
70,1000,567.816158564411,77,7
61,1000,439.520758176637,68,7
32,1000,151.730780743644,73,41
56,1000,373.738194833723,84,28
67,1000,524.274758001231,78,11
90,1000,827.134227296251,92,2
48,1000,281.719356771773,73,25
87,1000,794.295140656917,87,0
86,1000,782.90756638909,94,8
63,1000,467.228377485822,77,14
83,1000,747.034553555827,86,3
53,1000,337.169047269091,65,12
70,1000,567.816158564411,89,19
87,1000,794.295140656917,88,1
2,1000,49.5808926394038,62,60
69,1000,553.277720852831,97,28
86,1000,782.90756638909,91,5
16,1000,80.5928730731785,73,57
33,1000,157.885695990008,61,28
80,1000,708.599590064427,85,5
44,1000,242.559618981515,70,26
49,1000,292.238240731737,56,7
97,1000,921.201845106509,97,0
61,1000,439.520758176637,66,5
20,1000,94.1864244003146,76,56
63,1000,467.228377485822,84,21
31,1000,145.806200289297,70,39
25,1000,114.78347402896,77,52
57,1000,386.442928651778,82,25
74,1000,625.645161649607,90,16
20,1000,94.1864244003146,91,71
36,1000,177.816654627415,77,41
17,1000,83.7704378937515,91,74
42,1000,224.70813086753,62,20
34,1000,164.284075191295,70,36
90,1000,827.134227296251,92,2
41,1000,216.208094368535,83,42
72,1000,596.84846230079,73,1
77,1000,667.94957620734,95,18
85,1000,771.241077816393,86,1
97,1000,921.201845106509,97,0
89,1000,816.352098109029,90,1
42,1000,224.70813086753,84,42
31,1000,145.806200289297,80,49
63,1000,467.228377485822,79,16
24,1000,110.312404860499,78,54
22,1000,101.91309654211,89,67
90,1000,827.134227296251,90,0
17,1000,83.7704378937515,75,58
58,1000,399.38653243056,70,12
18,1000,87.0916713147551,91,73
90,1000,827.134227296251,91,1
18,1000,87.0916713147551,55,37
18,1000,87.0916713147551,81,63
35,1000,170.923053479394,60,25
49,1000,292.238240731737,85,36
42,1000,224.70813086753,69,27
15,1000,77.5519314687994,58,43
58,1000,399.38653243056,70,12
58,1000,399.38653243056,88,30
79,1000,695.271433977419,89,10
10,1000,64.2322754794971,70,60
46,1000,261.554069065366,84,38
44,1000,242.559618981515,71,27
72,1000,596.84846230079,74,2
85,1000,771.241077816393,88,3
34,1000,164.284075191295,52,18
94,1000,872.437232532563,97,3
21,1000,97.9666910015274,93,72
31,1000,145.806200289297,79,48
39,1000,200.044663280973,93,54
11,1000,66.650523531484,66,55
4,1000,52.3858195895941,86,82
29,1000,134.631557845425,90,61
85,1000,771.241077816393,98,13
44,1000,242.559618981515,89,45
95,1000,886.454367056759,95,0
70,1000,567.816158564411,85,15
75,1000,639.89066396963,77,2
7,1000,57.7105726582502,78,71
87,1000,794.295140656917,98,11
22,1000,101.91309654211,96,74
68,1000,538.754391950154,90,22
70,1000,567.816158564411,83,13
61,1000,439.520758176637,92,31
96,1000,903.601247423089,97,1
94,1000,872.437232532563,97,3
88,1000,805.429425403583,93,5
0,1000,64.6321731602545,78,78
31,1000,145.806200289297,45,14
11,1000,66.650523531484,76,65
83,1000,747.034553555827,90,7
33,1000,157.885695990008,81,48
93,1000,860.154195390721,94,1
46,1000,261.554069065366,86,40
31,1000,145.806200289297,77,46
5,1000,54.0213107058028,86,81
15,1000,77.5519314687994,85,70
21,1000,97.9666910015274,63,42
52,1000,325.513318392641,85,33
64,1000,481.315747338046,74,10
92,1000,848.797861871712,96,4
90,1000,827.134227296251,93,3
11,1000,66.650523531484,85,74
26,1000,119.448403841297,85,59
96,1000,903.601247423089,96,0
54,1000,349.093612290139,80,26
4,1000,52.3858195895941,75,71
59,1000,412.553192714143,71,12
30,1000,140.107720526217,57,27
53,1000,337.169047269091,73,20
47,1000,271.491915057168,66,19
27,1000,124.308672403649,82,55
88,1000,805.429425403583,90,2
78,1000,681.715224948003,97,19
60,1000,425.936165030342,78,18
57,1000,386.442928651778,72,15
90,1000,827.134227296251,92,2
59,1000,412.553192714143,89,30
4,1000,52.3858195895941,79,75
66,1000,509.861356739568,70,4
81,1000,721.680528533244,82,1
91,1000,837.889325226866,97,6
39,1000,200.044663280973,89,50
74,1000,625.645161649607,76,2
36,1000,177.816654627415,91,55
27,1000,124.308672403649,42,15
62,1000,453.29066879585,88,26
86,1000,782.90756638909,97,11
81,1000,721.680528533244,87,6
83,1000,747.034553555827,84,1
78,1000,681.715224948003,83,5
39,1000,200.044663280973,82,43
9,1000,61.9311379896748,56,47
50,1000,303.044756929457,63,13
75,1000,639.89066396963,76,1
78,1000,681.715224948003,86,8
38,1000,192.370035381126,71,33
52,1000,325.513318392641,89,37
39,1000,200.044663280973,82,43
82,1000,734.495791335444,83,1
92,1000,848.797861871712,92,0
4,1000,52.3858195895941,83,79
98,1000,937.641614648526,99,1
29,1000,134.631557845425,51,22
32,1000,151.730780743644,77,45
0,1000,64.6321731602545,66,66
99,1000,952.380952380952,99,0
25,1000,114.78347402896,99,74
75,1000,639.89066396963,93,18
44,1000,242.559618981515,76,32
50,1000,303.044756929457,72,22
60,1000,425.936165030342,90,30
79,1000,695.271433977419,95,16
82,1000,734.495791335444,98,16
75,1000,639.89066396963,92,17
95,1000,886.454367056759,95,0
36,1000,177.816654627415,62,26
58,1000,399.38653243056,81,23
59,1000,412.553192714143,89,30
6,1000,55.797023332652,86,80
77,1000,667.94957620734,80,3
63,1000,467.228377485822,76,13
28,1000,129.366145584782,61,33
34,1000,164.284075191295,69,35
94,1000,872.437232532563,96,2
57,1000,386.442928651778,82,25
98,1000,937.641614648526,98,0
75,1000,639.89066396963,86,11
66,1000,509.861356739568,71,5
21,1000,97.9666910015274,59,38
96,1000,903.601247423089,97,1
16,1000,80.5928730731785,74,58
85,1000,771.241077816393,86,1
10,1000,64.2322754794971,84,74
95,1000,886.454367056759,96,1
73,1000,611.290197198174,81,8
36,1000,177.816654627415,92,56
10,1000,64.2322754794971,98,88
44,1000,242.559618981515,51,7
33,1000,157.885695990008,42,9
61,1000,439.520758176637,85,24
59,1000,412.553192714143,75,16
28,1000,129.366145584782,51,23
46,1000,261.554069065366,73,27
43,1000,233.490678454607,88,45
83,1000,747.034553555827,89,6
21,1000,97.9666910015274,72,51
43,1000,233.490678454607,76,33
47,1000,271.491915057168,49,2
66,1000,509.861356739568,92,26
97,1000,921.201845106509,97,0
35,1000,170.923053479394,56,21
32,1000,151.730780743644,71,39
9,1000,61.9311379896748,89,80
24,1000,110.312404860499,78,54
55,1000,361.28526432121,87,32
33,1000,157.885695990008,80,47
85,1000,771.241077816393,90,5
51,1000,314.136674975562,76,25
12,1000,69.1918432278306,79,67
70,1000,567.816158564411,84,14
34,1000,164.284075191295,96,62
91,1000,837.889325226866,91,0
25,1000,114.78347402896,73,48
25,1000,114.78347402896,26,1
36,1000,177.816654627415,86,50
78,1000,681.715224948003,90,12
74,1000,625.645161649607,82,8
8,1000,59.7592503545888,64,56
17,1000,83.7704378937515,78,61
25,1000,114.78347402896,71,46
90,1000,827.134227296251,91,1
58,1000,399.38653243056,79,21
67,1000,524.274758001231,96,29
82,1000,734.495791335444,83,1
60,1000,425.936165030342,68,8
88,1000,805.429425403583,93,5
45,1000,251.912218949791,71,26
61,1000,439.520758176637,76,15
44,1000,242.559618981515,85,41
81,1000,721.680528533244,85,4
40,1000,207.987689782851,95,55
29,1000,134.631557845425,83,54
46,1000,261.554069065366,49,3
38,1000,192.370035381126,85,47
12,1000,69.1918432278306,57,45
3,1000,50.902024453836,43,40
8,1000,59.7592503545888,85,77
1,1000,48.4327791688962,90,89
50,1000,303.044756929457,78,28
87,1000,794.295140656917,88,1
68,1000,538.754391950154,82,14
53,1000,337.169047269091,85,32
8,1000,59.7592503545888,80,72
67,1000,524.274758001231,80,13
45,1000,251.912218949791,68,23
4,1000,52.3858195895941,39,35
2,1000,49.5808926394038,47,45
45,1000,251.912218949791,77,32
27,1000,124.308672403649,70,43
47,1000,271.491915057168,86,39
55,1000,361.28526432121,88,33
79,1000,695.271433977419,90,11
82,1000,734.495791335444,83,1
39,1000,200.044663280973,82,43
36,1000,177.816654627415,86,50
97,1000,921.201845106509,98,1
20,1000,94.1864244003146,93,73
18,1000,87.0916713147551,79,61
10,1000,64.2322754794971,65,55
21,1000,97.9666910015274,86,65
79,1000,695.271433977419,92,13
13,1000,71.8531985110972,72,59
32,1000,151.730780743644,90,58
38,1000,192.370035381126,75,37
19,1000,90.5640793015171,68,49
46,1000,261.554069065366,81,35
97,1000,921.201845106509,98,1
97,1000,921.201845106509,97,0
78,1000,681.715224948003,91,13
72,1000,596.84846230079,87,15
93,1000,860.154195390721,97,4
17,1000,83.7704378937515,85,68
8,1000,59.7592503545888,89,81
76,1000,654.000472236003,85,9
22,1000,101.91309654211,63,41
66,1000,509.861356739568,89,23
16,1000,80.5928730731785,74,58
20,1000,94.1864244003146,38,18
58,1000,399.38653243056,71,13
31,1000,145.806200289297,70,39
74,1000,625.645161649607,86,12
96,1000,903.601247423089,97,1
14,1000,74.6408264925534,81,67
91,1000,837.889325226866,96,5
69,1000,553.277720852831,78,9
29,1000,134.631557845425,96,67
81,1000,721.680528533244,81,0
4,1000,52.3858195895941,89,85
95,1000,886.454367056759,96,1
92,1000,848.797861871712,95,3
9,1000,61.9311379896748,65,56
85,1000,771.241077816393,94,9
16,1000,80.5928730731785,57,41
67,1000,524.274758001231,94,27
81,1000,721.680528533244,84,3
0,1000,64.6321731602545,79,79
54,1000,349.093612290139,91,37
43,1000,233.490678454607,64,21
32,1000,151.730780743644,47,15
3,1000,50.902024453836,90,87
19,1000,90.5640793015171,88,69
32,1000,151.730780743644,47,15
34,1000,164.284075191295,70,36
90,1000,827.134227296251,92,2
25,1000,114.78347402896,64,39
6,1000,55.797023332652,77,71
32,1000,151.730780743644,94,62
79,1000,695.271433977419,93,14
46,1000,261.554069065366,61,15
80,1000,708.599590064427,82,2
52,1000,325.513318392641,75,23
50,1000,303.044756929457,78,28
46,1000,261.554069065366,79,33
50,1000,303.044756929457,67,17
89,1000,816.352098109029,92,3
32,1000,151.730780743644,79,47
50,1000,303.044756929457,65,15
80,1000,708.599590064427,95,15
98,1000,937.641614648526,99,1
62,1000,453.29066879585,75,13
53,1000,337.169047269091,68,15
70,1000,567.816158564411,79,9
13,1000,71.8531985110972,86,73
9,1000,61.9311379896748,84,75
7,1000,57.7105726582502,73,66
89,1000,816.352098109029,89,0
2,1000,49.5808926394038,89,87
44,1000,242.559618981515,65,21
38,1000,192.370035381126,91,53
17,1000,83.7704378937515,81,64
24,1000,110.312404860499,88,64
43,1000,233.490678454607,74,31
11,1000,66.650523531484,80,69
91,1000,837.889325226866,91,0
54,1000,349.093612290139,82,28
71,1000,582.349295657669,92,21
50,1000,303.044756929457,82,32
97,1000,921.201845106509,97,0
15,1000,77.5519314687994,70,55
0,1000,64.6321731602545,50,50
60,1000,425.936165030342,70,10
41,1000,216.208094368535,75,34
77,1000,667.94957620734,92,15
11,1000,66.650523531484,85,74
71,1000,582.349295657669,93,22
95,1000,886.454367056759,99,4
36,1000,177.816654627415,76,40
29,1000,134.631557845425,78,49
75,1000,639.89066396963,79,4
40,1000,207.987689782851,50,10
61,1000,439.520758176637,88,27
34,1000,164.284075191295,68,34
64,1000,481.315747338046,64,0
58,1000,399.38653243056,86,28
18,1000,87.0916713147551,74,56
93,1000,860.154195390721,94,1
33,1000,157.885695990008,66,33
90,1000,827.134227296251,92,2
71,1000,582.349295657669,95,24
10,1000,64.2322754794971,76,66
47,1000,271.491915057168,54,7
2,1000,49.5808926394038,68,66
61,1000,439.520758176637,83,22
78,1000,681.715224948003,81,3
75,1000,639.89066396963,92,17
81,1000,721.680528533244,99,18
63,1000,467.228377485822,79,16
